0.0	0.23798	0.27444	0.57813	0.07048	0.14922	0.41412	0.23447	0.19802	0.0014	0.0014	0.0014	0.0014	0.0014	0.2949	0.40266	0.2949	0.07763	0.61696	0.03812	0.07165	0.0014	0.41395	0.73119	0.73119	1.73823	0.11815	0.76894	0.00423	0.0014	0.13858	0.0014	0.0014	0.0014	0.0014	0.0014	0.0014	0.0014	0.0014	0.0014	0.0014	0.41412	0.0014	0.0014	0.0014	0.39507	0.1606	0.2949	0.16137	0.23518	0.51348	0.05437	0.0	0.0	0.0	0.0	0.10938	0.14922	0.14922	0.0014	0.13935	0.0984	0.08948	0.24353	0.0	0.00423	0.64052	0.06636	0.0248	0.00423	0.0	0.0	0.05853	0.2949	0.0014	0.47095	0.44834	0.2907	0.0	0.0	0.0	0.0	1.12442	0.0014	0.0014	0.0014	0.0014	0.0014	0.14922	0.11762	0.96313	0.16685	0.33108	0.65958	
0.23798	0.0	0.55939	0.33508	0.10792	0.19692	0.11905	0.28839	0.28348	0.00098	0.00098	0.00098	0.00098	0.00098	0.39374	0.79551	0.39374	0.09714	0.25	0.0542	0.09597	0.00098	0.32967	0.17766	0.17766	0.83146	0.32274	0.17238	0.00098	0.00098	0.33559	0.00098	0.00098	0.00098	0.00098	0.00098	0.00098	0.00098	0.00098	0.00098	0.00098	0.11905	0.00098	0.00098	0.00098	0.2205	0.1448	0.39374	0.72568	0.01862	0.08334	0.11843	0.0	0.0	0.0	0.0	0.24271	0.19692	0.19692	0.00098	0.114	0.13299	0.23454	0.008	0.0	0.00098	0.30559	0.04965	0.07301	0.00098	0.0	0.0	0.08465	0.39374	0.00098	0.57909	0.2442	0.12522	0.0	0.0	0.0	0.0	2.46872	0.00098	0.00098	0.00098	0.00098	0.00098	0.19692	0.16401	0.32803	0.28882	0.70575	0.25481	
0.27444	0.55939	0.0	0.70941	0.35122	0.27676	0.16212	0.41522	0.1564	0.00049	0.00049	0.00049	0.00049	0.00049	0.4269	0.55752	0.4269	0.27525	0.18059	0.08788	0.19002	0.00049	0.47237	0.10448	0.10448	1.86189	0.12204	0.14438	0.05098	0.00049	0.40495	0.00049	0.00049	0.00049	0.00049	0.00049	0.00049	0.00049	0.00049	0.00049	0.00049	0.16212	0.00049	0.00049	0.00049	0.22517	0.75102	0.4269	0.4622	0.10704	0.32652	0.12576	0.0	0.0	0.0	0.0	0.34492	0.27676	0.27676	0.00049	0.64374	0.23333	0.60094	0.12529	0.0	0.05097	0.26607	0.24404	0.09513	0.05097	0.0	0.0	0.20085	0.4269	0.00049	0.55143	0.29093	0.27596	0.0	0.0	0.0	0.0	1.55741	0.00049	0.00049	0.00049	0.00049	0.00049	0.27676	0.45304	0.44226	0.77504	0.74275	0.194	
0.57813	0.33508	0.70941	0.0	0.22935	0.43433	0.09584	0.28951	0.22197	0.00549	0.00549	0.00549	0.00549	0.00549	0.50127	0.48163	0.50127	0.18853	0.36821	0.07129	0.21137	0.0463	0.48349	1.05516	1.05516	2.17419	0.12822	0.24066	0.00184	0.00549	0.3254	0.00549	0.00549	0.00549	0.00549	0.00549	0.00549	0.00549	0.00549	0.00549	0.00549	0.09584	0.00549	0.00549	0.00549	0.40839	0.5277	0.50127	0.33041	0.21003	0.49214	0.08938	0.0	0.0	0.0	0.0	0.14882	0.43433	0.43433	0.00549	0.35332	0.22059	0.10954	0.43863	0.0	0.23782	0.63793	0.23349	0.25825	0.23782	0.0	0.0	0.16567	0.50127	0.00549	0.39772	0.3598	0.52762	0.0	0.0	0.0	0.0	1.37502	0.00549	0.00549	0.00549	0.00549	0.00549	0.43433	0.31624	0.72458	0.52916	0.53006	0.64094	
0.07048	0.10792	0.35122	0.22935	0.0	0.03701	0.01537	0.0392	0.02651	0.00437	0.00437	0.00437	0.00437	0.00437	0.04502	0.09602	0.04502	0.03658	0.02735	0.23076	0.47589	0.00098	0.0971	0.08377	0.08377	1.64921	0.0308	0.04482	0.00118	0.00437	0.0603	0.00437	0.00437	0.00437	0.00437	0.00437	0.00437	0.00437	0.00437	0.00437	0.00437	0.01537	0.00437	0.00437	0.00437	0.06702	0.08582	0.04502	0.06108	0.02352	0.06643	0.02655	0.0	0.0	0.0	0.0	0.03634	0.03701	0.03701	0.00437	0.05504	0.02533	0.02771	0.04417	0.0	0.00514	0.10001	0.06282	0.0716	0.00514	0.0	0.0	0.03116	0.04502	0.00437	0.03033	0.04783	0.04608	0.0	0.0	0.0	0.0	0.08722	0.00437	0.00437	0.00437	0.00437	0.00437	0.03701	1.22587	0.07462	0.34063	0.08078	0.06161	
0.14922	0.19692	0.27676	0.43433	0.03701	0.0	0.05228	0.19432	0.48873	0.0119	0.0119	0.0119	0.0119	0.0119	0.64433	0.17927	0.64433	0.27985	0.0943	0.03038	0.12893	0.23256	0.14978	0.0	0.0	0.41138	0.17861	0.11071	0.00015	0.0119	0.35567	0.0119	0.0119	0.0119	0.0119	0.0119	0.0119	0.0119	0.0119	0.0119	0.0119	0.05228	0.0119	0.0119	0.0119	0.20787	0.49616	0.64433	0.27948	0.08778	0.2205	0.09084	0.0	0.0	0.0	0.0	0.13682	1.0234	1.0234	0.0119	0.26461	0.48479	0.14555	0.45822	0.0	0.0	0.2531	0.42799	0.0	0.0	0.0	0.0	0.27485	0.64433	0.0119	0.11559	0.33632	0.60401	0.0	0.0	0.0	0.0	0.98084	0.0119	0.0119	0.0119	0.0119	0.0119	1.0234	0.05614	0.4468	0.20836	0.1771	0.19317	
0.41412	0.11905	0.16212	0.09584	0.01537	0.05228	0.0	0.04346	0.04184	0.004	0.004	0.004	0.004	0.004	0.06027	0.11537	0.06027	0.03255	0.02912	0.01325	0.02542	0.00218	0.34912	0.09155	0.09155	1.42995	0.02493	0.2485	0.00103	0.004	0.07658	0.004	0.004	0.004	0.004	0.004	0.004	0.004	0.004	0.004	0.004	1.0073	0.004	0.004	0.004	0.09996	0.07249	0.06027	0.08018	0.30571	0.35607	0.03473	0.0	0.0	0.0	0.0	0.16192	0.05228	0.05228	0.004	0.08476	0.04047	0.03957	0.27931	0.0	0.00786	0.18364	0.07332	0.07927	0.00786	0.0	0.0	0.02893	0.06027	0.004	0.03948	0.35858	0.06626	0.0	0.0	0.0	0.0	0.15567	0.004	0.004	0.004	0.004	0.004	0.05228	0.02775	0.26747	0.0791	0.09404	0.07122	
0.23447	0.28839	0.41522	0.28951	0.0392	0.19432	0.04346	0.0	0.06374	0.00271	0.00271	0.00271	0.00271	0.00271	0.44566	0.17898	0.44566	0.39891	0.39423	0.02074	0.05608	0.01263	0.49558	0.60687	0.60687	0.67755	0.69552	0.20571	0.01056	0.00271	0.25105	0.00271	0.00271	0.00271	0.00271	0.00271	0.00271	0.00271	0.00271	0.00271	0.00271	0.04346	0.00271	0.00271	0.00271	0.18531	0.29284	0.44566	0.22756	0.08233	0.18951	0.16283	0.0	0.0	0.0	0.0	0.15538	0.19432	0.19432	0.00271	0.18467	0.23509	0.11044	0.21995	0.0	0.16095	0.33079	0.89657	0.0	0.16095	0.0	0.0	0.38563	0.44566	0.00271	0.30717	0.18852	0.27358	0.0	0.0	0.0	0.0	0.40164	0.00271	0.00271	0.00271	0.00271	0.00271	0.19432	0.06304	0.28543	0.23604	0.4892	0.24395	
0.19802	0.28348	0.1564	0.22197	0.02651	0.48873	0.04184	0.06374	0.0	0.01144	0.01144	0.01144	0.01144	0.01144	0.33461	0.12861	0.33461	0.04992	0.07175	0.02546	0.54789	0.0	0.14949	0.0	0.0	0.29384	0.21527	0.13698	0.02108	0.01144	0.24029	0.01144	0.01144	0.01144	0.01144	0.01144	0.01144	0.01144	0.01144	0.01144	0.01144	0.04184	0.01144	0.01144	0.01144	0.18875	0.28892	0.33461	0.18988	0.06759	0.15318	0.069	0.0	0.0	0.0	0.0	0.10128	0.48873	0.48873	0.01144	0.28262	0.17029	0.15418	0.32473	0.0	0.0	0.17959	0.3034	0.0	0.0	0.0	0.0	0.0462	0.33461	0.01144	0.08389	0.21992	0.31612	0.0	0.0	0.0	0.0	0.43034	0.01144	0.01144	0.01144	0.01144	0.01144	0.48873	0.04135	0.22766	0.12386	0.20098	0.30129	
0.0014	0.00098	0.00049	0.00549	0.00437	0.0119	0.004	0.00271	0.01144	0.0	0.0	0.0	0.0	0.0	0.00869	0.00728	0.00869	0.00616	0.00058	0.00263	0.00088	0.0	0.0007	0.0	0.0	0.00909	0.00787	0.001	0.0	0.0	0.01062	0.0	0.0	0.0	0.0	0.0	0.0	0.0	0.0	0.0	0.0	0.004	0.0	0.0	0.0	0.00704	0.00583	0.00869	0.00769	0.00493	0.00263	0.00053	0.0	0.0	0.0	0.0	0.00231	0.0119	0.0119	0.0	0.00518	0.0094	0.00312	0.0012	0.0	0.0	0.00142	0.00147	0.0	0.0	0.0	0.0	0.00596	0.00869	0.0	0.00093	0.00401	0.00711	0.0	0.0	0.0	0.0	0.02386	0.0	0.0	0.0	0.0	0.0	0.0119	0.00347	0.00566	0.00451	0.00236	0.00209	
0.0014	0.00098	0.00049	0.00549	0.00437	0.0119	0.004	0.00271	0.01144	0.0	0.0	0.0	0.0	0.0	0.00869	0.00728	0.00869	0.00616	0.00058	0.00263	0.00088	0.0	0.0007	0.0	0.0	0.00909	0.00787	0.001	0.0	0.0	0.01062	0.0	0.0	0.0	0.0	0.0	0.0	0.0	0.0	0.0	0.0	0.004	0.0	0.0	0.0	0.00704	0.00583	0.00869	0.00769	0.00493	0.00263	0.00053	0.0	0.0	0.0	0.0	0.00231	0.0119	0.0119	0.0	0.00518	0.0094	0.00312	0.0012	0.0	0.0	0.00142	0.00147	0.0	0.0	0.0	0.0	0.00596	0.00869	0.0	0.00093	0.00401	0.00711	0.0	0.0	0.0	0.0	0.02386	0.0	0.0	0.0	0.0	0.0	0.0119	0.00347	0.00566	0.00451	0.00236	0.00209	
0.0014	0.00098	0.00049	0.00549	0.00437	0.0119	0.004	0.00271	0.01144	0.0	0.0	0.0	0.0	0.0	0.00869	0.00728	0.00869	0.00616	0.00058	0.00263	0.00088	0.0	0.0007	0.0	0.0	0.00909	0.00787	0.001	0.0	0.0	0.01062	0.0	0.0	0.0	0.0	0.0	0.0	0.0	0.0	0.0	0.0	0.004	0.0	0.0	0.0	0.00704	0.00583	0.00869	0.00769	0.00493	0.00263	0.00053	0.0	0.0	0.0	0.0	0.00231	0.0119	0.0119	0.0	0.00518	0.0094	0.00312	0.0012	0.0	0.0	0.00142	0.00147	0.0	0.0	0.0	0.0	0.00596	0.00869	0.0	0.00093	0.00401	0.00711	0.0	0.0	0.0	0.0	0.02386	0.0	0.0	0.0	0.0	0.0	0.0119	0.00347	0.00566	0.00451	0.00236	0.00209	
0.0014	0.00098	0.00049	0.00549	0.00437	0.0119	0.004	0.00271	0.01144	0.0	0.0	0.0	0.0	0.0	0.00869	0.00728	0.00869	0.00616	0.00058	0.00263	0.00088	0.0	0.0007	0.0	0.0	0.00909	0.00787	0.001	0.0	0.0	0.01062	0.0	0.0	0.0	0.0	0.0	0.0	0.0	0.0	0.0	0.0	0.004	0.0	0.0	0.0	0.00704	0.00583	0.00869	0.00769	0.00493	0.00263	0.00053	0.0	0.0	0.0	0.0	0.00231	0.0119	0.0119	0.0	0.00518	0.0094	0.00312	0.0012	0.0	0.0	0.00142	0.00147	0.0	0.0	0.0	0.0	0.00596	0.00869	0.0	0.00093	0.00401	0.00711	0.0	0.0	0.0	0.0	0.02386	0.0	0.0	0.0	0.0	0.0	0.0119	0.00347	0.00566	0.00451	0.00236	0.00209	
0.0014	0.00098	0.00049	0.00549	0.00437	0.0119	0.004	0.00271	0.01144	0.0	0.0	0.0	0.0	0.0	0.00869	0.00728	0.00869	0.00616	0.00058	0.00263	0.00088	0.0	0.0007	0.0	0.0	0.00909	0.00787	0.001	0.0	0.0	0.01062	0.0	0.0	0.0	0.0	0.0	0.0	0.0	0.0	0.0	0.0	0.004	0.0	0.0	0.0	0.00704	0.00583	0.00869	0.00769	0.00493	0.00263	0.00053	0.0	0.0	0.0	0.0	0.00231	0.0119	0.0119	0.0	0.00518	0.0094	0.00312	0.0012	0.0	0.0	0.00142	0.00147	0.0	0.0	0.0	0.0	0.00596	0.00869	0.0	0.00093	0.00401	0.00711	0.0	0.0	0.0	0.0	0.02386	0.0	0.0	0.0	0.0	0.0	0.0119	0.00347	0.00566	0.00451	0.00236	0.00209	
0.2949	0.39374	0.4269	0.50127	0.04502	0.64433	0.06027	0.44566	0.33461	0.00869	0.00869	0.00869	0.00869	0.00869	0.0	0.27701	1.01713	0.20257	0.47158	0.03138	0.10493	0.09584	0.2682	0.0	0.0	0.70328	0.36446	0.24386	0.00143	0.00869	0.72847	0.00869	0.00869	0.00869	0.00869	0.00869	0.00869	0.00869	0.00869	0.00869	0.00869	0.06027	0.00869	0.00869	0.00869	0.27763	0.53878	1.01713	0.57241	0.11081	0.24441	0.11694	0.0	0.0	0.0	0.0	0.18807	0.64433	0.64433	0.00869	0.33713	0.33202	0.15799	0.34671	0.0	0.54679	0.39178	0.62796	0.0	0.54679	0.0	0.0	0.19149	1.01713	0.00869	0.35655	0.30624	0.50765	0.0	0.0	0.0	0.0	1.06783	0.00869	0.00869	0.00869	0.00869	0.00869	0.64433	0.07224	0.51386	0.52609	0.65382	0.37344	
0.40266	0.79551	0.55752	0.48163	0.09602	0.17927	0.11537	0.17898	0.12861	0.00728	0.00728	0.00728	0.00728	0.00728	0.27701	0.0	0.27701	0.10628	0.10311	0.05334	0.08998	0.00929	0.33631	1.29483	1.29483	1.38502	0.07874	0.03664	0.00114	0.00728	0.33936	0.00728	0.00728	0.00728	0.00728	0.00728	0.00728	0.00728	0.00728	0.00728	0.00728	0.11537	0.00728	0.00728	0.00728	0.43954	0.15729	0.27701	0.55582	0.26645	0.11974	0.02522	0.0	0.0	0.0	0.0	0.07911	0.17927	0.17927	0.00728	0.12712	0.12737	0.20661	0.25782	0.0	0.03242	0.59318	0.08307	0.12863	0.03242	0.0	0.0	0.08427	0.27701	0.00728	0.32978	0.23915	0.29506	0.0	0.0	0.0	0.0	1.03622	0.00728	0.00728	0.00728	0.00728	0.00728	0.17927	0.15294	0.47949	0.30867	1.09411	0.45622	
0.2949	0.39374	0.4269	0.50127	0.04502	0.64433	0.06027	0.44566	0.33461	0.00869	0.00869	0.00869	0.00869	0.00869	1.01713	0.27701	0.0	0.20257	0.47158	0.03138	0.10493	0.09584	0.2682	0.0	0.0	0.70328	0.36446	0.24386	0.00143	0.00869	0.72847	0.00869	0.00869	0.00869	0.00869	0.00869	0.00869	0.00869	0.00869	0.00869	0.00869	0.06027	0.00869	0.00869	0.00869	0.27763	0.53878	1.01713	0.57241	0.11081	0.24441	0.11694	0.0	0.0	0.0	0.0	0.18807	0.64433	0.64433	0.00869	0.33713	0.33202	0.15799	0.34671	0.0	0.54679	0.39178	0.62796	0.0	0.54679	0.0	0.0	0.19149	1.01713	0.00869	0.35655	0.30624	0.50765	0.0	0.0	0.0	0.0	1.06783	0.00869	0.00869	0.00869	0.00869	0.00869	0.64433	0.07224	0.51386	0.52609	0.65382	0.37344	
0.07763	0.09714	0.27525	0.18853	0.03658	0.27985	0.03255	0.39891	0.04992	0.00616	0.00616	0.00616	0.00616	0.00616	0.20257	0.10628	0.20257	0.0	0.0411	0.01896	0.02966	0.01107	0.13901	0.0	0.0	0.22825	1.03379	0.10322	0.03741	0.00616	0.16279	0.00616	0.00616	0.00616	0.00616	0.00616	0.00616	0.00616	0.00616	0.00616	0.00616	0.03255	0.00616	0.00616	0.00616	0.1269	0.22491	0.20257	0.13092	0.05403	0.10427	0.08707	0.0	0.0	0.0	0.0	0.0879	0.27985	0.27985	0.00616	0.10628	0.42672	0.08797	0.23804	0.0	0.0	0.16135	0.24619	0.0	0.0	0.0	0.0	1.02325	0.20257	0.00616	0.16348	0.13946	0.19023	0.0	0.0	0.0	0.0	0.58572	0.00616	0.00616	0.00616	0.00616	0.00616	0.27985	0.04514	0.19397	0.09807	0.10065	0.09803	
0.61696	0.25	0.18059	0.36821	0.02735	0.0943	0.02912	0.39423	0.07175	0.00058	0.00058	0.00058	0.00058	0.00058	0.47158	0.10311	0.47158	0.0411	0.0	0.01493	0.05626	0.02511	0.15457	0.0	0.0	0.25736	0.51364	0.51455	0.00392	0.00058	0.15884	0.00058	0.00058	0.00058	0.00058	0.00058	0.00058	0.00058	0.00058	0.00058	0.00058	0.02912	0.00058	0.00058	0.00058	0.12343	0.16716	0.47158	0.12777	0.05087	0.2064	0.08381	0.0	0.0	0.0	0.0	0.08483	0.0943	0.0943	0.00058	0.12309	0.06963	0.08529	0.14268	0.0	0.04704	0.56405	0.3349	0.0	0.04704	0.0	0.0	0.04709	0.47158	0.00058	0.73971	0.13882	0.13172	0.0	0.0	0.0	0.0	0.87283	0.00058	0.00058	0.00058	0.00058	0.00058	0.0943	0.0407	0.38051	0.16588	0.36986	1.07781	
0.03812	0.0542	0.08788	0.07129	0.23076	0.03038	0.01325	0.02074	0.02546	0.00263	0.00263	0.00263	0.00263	0.00263	0.03138	0.05334	0.03138	0.01896	0.01493	0.0	0.32321	0.00207	0.0472	0.06118	0.06118	0.21889	0.01625	0.02596	0.00072	0.00263	0.04041	0.00263	0.00263	0.00263	0.00263	0.00263	0.00263	0.00263	0.00263	0.00263	0.00263	0.01325	0.00263	0.00263	0.00263	0.04727	0.04816	0.03138	0.0393	0.01964	0.04093	0.01712	0.0	0.0	0.0	0.0	0.02481	0.03038	0.03038	0.00263	0.03849	0.02388	0.01985	0.02989	0.0	0.00632	0.07293	0.03511	0.05361	0.00632	0.0	0.0	0.01704	0.03138	0.00263	0.01814	0.0325	0.03293	0.0	0.0	0.0	0.0	0.07718	0.00263	0.00263	0.00263	0.00263	0.00263	0.03038	0.18986	0.03977	0.09303	0.04235	0.03437	
0.07165	0.09597	0.19002	0.21137	0.47589	0.12893	0.02542	0.05608	0.54789	0.00088	0.00088	0.00088	0.00088	0.00088	0.10493	0.08998	0.10493	0.02966	0.05626	0.32321	0.0	0.00088	0.09178	0.04992	0.04992	0.43964	0.18986	0.11364	0.00043	0.00088	0.06873	0.00088	0.00088	0.00088	0.00088	0.00088	0.00088	0.00088	0.00088	0.00088	0.00088	0.02542	0.00088	0.00088	0.00088	0.05922	0.19739	0.10493	0.07104	0.04426	0.08658	0.05271	0.0	0.0	0.0	0.0	0.07797	0.12893	0.12893	0.00088	0.23435	0.06429	0.11326	0.05046	0.0	0.00043	0.14943	0.06071	0.04142	0.00043	0.0	0.0	0.02506	0.10493	0.00088	0.06607	0.08072	0.1086	0.0	0.0	0.0	0.0	0.22773	0.00088	0.00088	0.00088	0.00088	0.00088	0.12893	0.3947	0.11093	0.2137	0.07569	0.06018	
0.0014	0.00098	0.00049	0.0463	0.00098	0.23256	0.00218	0.01263	0.0	0.0	0.0	0.0	0.0	0.0	0.09584	0.00929	0.09584	0.01107	0.02511	0.00207	0.00088	0.0	0.0007	0.0	0.0	0.00908	0.0	0.03113	0.0	0.0	0.03759	0.0	0.0	0.0	0.0	0.0	0.0	0.0	0.0	0.0	0.0	0.00218	0.0	0.0	0.0	0.08915	0.10747	0.09584	0.02398	0.00389	0.02699	0.01268	0.0	0.0	0.0	0.0	0.01372	0.23256	0.23256	0.0	0.18054	0.0964	0.10543	0.0012	0.0	0.0	0.00142	0.00147	0.0	0.0	0.0	0.0	0.01374	0.09584	0.0	0.01652	0.0471	0.08518	0.0	0.0	0.0	0.0	0.10804	0.0	0.0	0.0	0.0	0.0	0.23256	0.00183	0.04808	0.00489	0.00236	0.00209	
0.41395	0.32967	0.47237	0.48349	0.0971	0.14978	0.34912	0.49558	0.14949	0.0007	0.0007	0.0007	0.0007	0.0007	0.2682	0.33631	0.2682	0.13901	0.15457	0.0472	0.09178	0.0007	0.0	0.02366	0.02366	1.85094	0.07377	0.24424	0.01366	0.0007	0.23355	0.0007	0.0007	0.0007	0.0007	0.0007	0.0007	0.0007	0.0007	0.0007	0.0007	0.34912	0.0007	0.0007	0.0007	0.17573	0.29023	0.2682	0.51003	0.49596	0.79282	0.11923	0.0	0.0	0.0	0.0	0.15829	0.14978	0.14978	0.0007	0.19144	0.1266	0.27918	0.53026	0.0	0.01366	0.35648	0.42014	0.29566	0.01366	0.0	0.0	0.11583	0.2682	0.0007	0.47703	0.54266	0.54094	0.0	0.0	0.0	0.0	1.33587	0.0007	0.0007	0.0007	0.0007	0.0007	0.14978	0.16407	0.45129	0.28735	0.4781	0.15141	
0.73119	0.17766	0.10448	1.05516	0.08377	0.0	0.09155	0.60687	0.0	0.0	0.0	0.0	0.0	0.0	0.0	1.29483	0.0	0.0	0.0	0.06118	0.04992	0.0	0.02366	0.0	0.0	0.00907	0.0	0.01948	0.0	0.0	0.0	0.0	0.0	0.0	0.0	0.0	0.0	0.0	0.0	0.0	0.0	0.09155	0.0	0.0	0.0	1.41501	0.45721	0.0	0.90399	0.17563	0.05199	0.00028	0.0	0.0	0.0	0.0	0.03742	0.0	0.0	0.0	0.28159	0.0	0.11505	0.07482	0.0	0.0	0.61684	0.04716	0.0	0.0	0.0	0.0	0.0	0.0	0.0	0.59353	0.06929	0.47984	0.0	0.0	0.0	0.0	0.0	0.0	0.0	0.0	0.0	0.0	0.0	0.11118	1.213	0.63413	0.56528	0.0	
0.73119	0.17766	0.10448	1.05516	0.08377	0.0	0.09155	0.60687	0.0	0.0	0.0	0.0	0.0	0.0	0.0	1.29483	0.0	0.0	0.0	0.06118	0.04992	0.0	0.02366	0.0	0.0	0.00907	0.0	0.01948	0.0	0.0	0.0	0.0	0.0	0.0	0.0	0.0	0.0	0.0	0.0	0.0	0.0	0.09155	0.0	0.0	0.0	1.41501	0.45721	0.0	0.90399	0.17563	0.05199	0.00028	0.0	0.0	0.0	0.0	0.03742	0.0	0.0	0.0	0.28159	0.0	0.11505	0.07482	0.0	0.0	0.61684	0.04716	0.0	0.0	0.0	0.0	0.0	0.0	0.0	0.59353	0.06929	0.47984	0.0	0.0	0.0	0.0	0.0	0.0	0.0	0.0	0.0	0.0	0.0	0.11118	1.213	0.63413	0.56528	0.0	
1.73823	0.83146	1.86189	2.17419	1.64921	0.41138	1.42995	0.67755	0.29384	0.00909	0.00909	0.00909	0.00909	0.00909	0.70328	1.38502	0.70328	0.22825	0.25736	0.21889	0.43964	0.00908	1.85094	0.00907	0.00907	0.0	0.12187	1.05815	0.00909	0.00909	0.70346	0.00909	0.00909	0.00909	0.00909	0.00909	0.00909	0.00909	0.00909	0.00909	0.00909	1.42995	0.00909	0.00909	0.00909	0.41043	1.50781	0.70328	0.99396	1.13798	2.05399	0.38564	0.0	0.0	0.0	0.0	1.02624	0.41138	0.41138	0.00909	1.21675	0.29963	0.50954	1.05429	0.0	0.00908	0.77003	0.58218	0.00907	0.00908	0.0	0.0	0.19981	0.70328	0.00909	0.68327	1.86217	0.90958	0.0	0.0	0.0	0.0	1.00388	0.00909	0.00909	0.00909	0.00909	0.00909	0.41138	1.63392	2.09703	1.9026	0.83129	0.59316	
0.11815	0.32274	0.12204	0.12822	0.0308	0.17861	0.02493	0.69552	0.21527	0.00787	0.00787	0.00787	0.00787	0.00787	0.36446	0.07874	0.36446	1.03379	0.51364	0.01625	0.18986	0.0	0.07377	0.0	0.0	0.12187	0.0	0.04112	0.00787	0.00787	0.20021	0.00787	0.00787	0.00787	0.00787	0.00787	0.00787	0.00787	0.00787	0.00787	0.00787	0.02493	0.00787	0.00787	0.00787	0.10384	0.17117	0.36446	0.13964	0.0399	0.06649	0.04789	0.0	0.0	0.0	0.0	0.06821	0.17861	0.17861	0.00787	0.20867	0.29858	0.0591	0.12904	0.0	0.0	0.11407	0.28524	0.0	0.0	0.0	0.0	1.02103	0.36446	0.00787	0.17238	0.08436	0.11673	0.0	0.0	0.0	0.0	0.13641	0.00787	0.00787	0.00787	0.00787	0.00787	0.17861	0.03486	0.13258	0.15513	0.71037	0.21646	
0.76894	0.17238	0.14438	0.24066	0.04482	0.11071	0.2485	0.20571	0.13698	0.001	0.001	0.001	0.001	0.001	0.24386	0.03664	0.24386	0.10322	0.51455	0.02596	0.11364	0.03113	0.24424	0.01948	0.01948	1.05815	0.04112	0.0	0.001	0.001	0.12619	0.001	0.001	0.001	0.001	0.001	0.001	0.001	0.001	0.001	0.001	0.2485	0.001	0.001	0.001	0.04339	0.17277	0.24386	0.15558	0.03995	0.32043	0.06027	0.0	0.0	0.0	0.0	0.379	0.11071	0.11071	0.001	0.20384	0.07087	0.07227	0.03402	0.0	0.03113	0.3858	0.17099	0.10308	0.03113	0.0	0.0	0.04333	0.24386	0.001	0.355	0.24618	0.21651	0.0	0.0	0.0	0.0	0.57226	0.001	0.001	0.001	0.001	0.001	0.11071	0.07732	0.50523	0.20021	0.37661	0.3131	
0.00423	0.00098	0.05098	0.00184	0.00118	0.00015	0.00103	0.01056	0.02108	0.0	0.0	0.0	0.0	0.0	0.00143	0.00114	0.00143	0.03741	0.00392	0.00072	0.00043	0.0	0.01366	0.0	0.0	0.00909	0.00787	0.001	0.0	0.0	0.00075	0.0	0.0	0.0	0.0	0.0	0.0	0.0	0.0	0.0	0.0	0.00103	0.0	0.0	0.0	0.0044	0.00354	0.00143	0.00054	0.00102	0.00072	0.00045	0.0	0.0	0.0	0.0	8e-05	0.00015	0.00015	0.0	0.00806	0.00411	0.00503	0.0012	0.0	0.0	0.00142	0.00147	0.0	0.0	0.0	0.0	0.03659	0.00143	0.0	0.00172	0.00069	0.00018	0.0	0.0	0.0	0.0	0.00657	0.0	0.0	0.0	0.0	0.0	0.00015	0.00058	0.00191	0.00047	0.00077	0.00608	
0.0014	0.00098	0.00049	0.00549	0.00437	0.0119	0.004	0.00271	0.01144	0.0	0.0	0.0	0.0	0.0	0.00869	0.00728	0.00869	0.00616	0.00058	0.00263	0.00088	0.0	0.0007	0.0	0.0	0.00909	0.00787	0.001	0.0	0.0	0.01062	0.0	0.0	0.0	0.0	0.0	0.0	0.0	0.0	0.0	0.0	0.004	0.0	0.0	0.0	0.00704	0.00583	0.00869	0.00769	0.00493	0.00263	0.00053	0.0	0.0	0.0	0.0	0.00231	0.0119	0.0119	0.0	0.00518	0.0094	0.00312	0.0012	0.0	0.0	0.00142	0.00147	0.0	0.0	0.0	0.0	0.00596	0.00869	0.0	0.00093	0.00401	0.00711	0.0	0.0	0.0	0.0	0.02386	0.0	0.0	0.0	0.0	0.0	0.0119	0.00347	0.00566	0.00451	0.00236	0.00209	
0.13858	0.33559	0.40495	0.3254	0.0603	0.35567	0.07658	0.25105	0.24029	0.01062	0.01062	0.01062	0.01062	0.01062	0.72847	0.33936	0.72847	0.16279	0.15884	0.04041	0.06873	0.03759	0.23355	0.0	0.0	0.70346	0.20021	0.12619	0.00075	0.01062	0.0	0.01062	0.01062	0.01062	0.01062	0.01062	0.01062	0.01062	0.01062	0.01062	0.01062	0.07658	0.01062	0.01062	0.01062	0.30515	0.34669	0.72847	0.73836	0.13886	0.06488	0.1464	0.0	0.0	0.0	0.0	0.23566	0.35567	0.35567	0.01062	0.33022	0.23833	0.16155	0.14651	0.0	0.13999	0.23909	0.39328	0.0	0.13999	0.0	0.0	0.15245	0.72847	0.01062	0.16997	0.11763	0.29851	0.0	0.0	0.0	0.0	0.8026	0.01062	0.01062	0.01062	0.01062	0.01062	0.35567	0.09164	0.33357	0.65204	0.63418	0.16926	
0.0014	0.00098	0.00049	0.00549	0.00437	0.0119	0.004	0.00271	0.01144	0.0	0.0	0.0	0.0	0.0	0.00869	0.00728	0.00869	0.00616	0.00058	0.00263	0.00088	0.0	0.0007	0.0	0.0	0.00909	0.00787	0.001	0.0	0.0	0.01062	0.0	0.0	0.0	0.0	0.0	0.0	0.0	0.0	0.0	0.0	0.004	0.0	0.0	0.0	0.00704	0.00583	0.00869	0.00769	0.00493	0.00263	0.00053	0.0	0.0	0.0	0.0	0.00231	0.0119	0.0119	0.0	0.00518	0.0094	0.00312	0.0012	0.0	0.0	0.00142	0.00147	0.0	0.0	0.0	0.0	0.00596	0.00869	0.0	0.00093	0.00401	0.00711	0.0	0.0	0.0	0.0	0.02386	0.0	0.0	0.0	0.0	0.0	0.0119	0.00347	0.00566	0.00451	0.00236	0.00209	
0.0014	0.00098	0.00049	0.00549	0.00437	0.0119	0.004	0.00271	0.01144	0.0	0.0	0.0	0.0	0.0	0.00869	0.00728	0.00869	0.00616	0.00058	0.00263	0.00088	0.0	0.0007	0.0	0.0	0.00909	0.00787	0.001	0.0	0.0	0.01062	0.0	0.0	0.0	0.0	0.0	0.0	0.0	0.0	0.0	0.0	0.004	0.0	0.0	0.0	0.00704	0.00583	0.00869	0.00769	0.00493	0.00263	0.00053	0.0	0.0	0.0	0.0	0.00231	0.0119	0.0119	0.0	0.00518	0.0094	0.00312	0.0012	0.0	0.0	0.00142	0.00147	0.0	0.0	0.0	0.0	0.00596	0.00869	0.0	0.00093	0.00401	0.00711	0.0	0.0	0.0	0.0	0.02386	0.0	0.0	0.0	0.0	0.0	0.0119	0.00347	0.00566	0.00451	0.00236	0.00209	
0.0014	0.00098	0.00049	0.00549	0.00437	0.0119	0.004	0.00271	0.01144	0.0	0.0	0.0	0.0	0.0	0.00869	0.00728	0.00869	0.00616	0.00058	0.00263	0.00088	0.0	0.0007	0.0	0.0	0.00909	0.00787	0.001	0.0	0.0	0.01062	0.0	0.0	0.0	0.0	0.0	0.0	0.0	0.0	0.0	0.0	0.004	0.0	0.0	0.0	0.00704	0.00583	0.00869	0.00769	0.00493	0.00263	0.00053	0.0	0.0	0.0	0.0	0.00231	0.0119	0.0119	0.0	0.00518	0.0094	0.00312	0.0012	0.0	0.0	0.00142	0.00147	0.0	0.0	0.0	0.0	0.00596	0.00869	0.0	0.00093	0.00401	0.00711	0.0	0.0	0.0	0.0	0.02386	0.0	0.0	0.0	0.0	0.0	0.0119	0.00347	0.00566	0.00451	0.00236	0.00209	
0.0014	0.00098	0.00049	0.00549	0.00437	0.0119	0.004	0.00271	0.01144	0.0	0.0	0.0	0.0	0.0	0.00869	0.00728	0.00869	0.00616	0.00058	0.00263	0.00088	0.0	0.0007	0.0	0.0	0.00909	0.00787	0.001	0.0	0.0	0.01062	0.0	0.0	0.0	0.0	0.0	0.0	0.0	0.0	0.0	0.0	0.004	0.0	0.0	0.0	0.00704	0.00583	0.00869	0.00769	0.00493	0.00263	0.00053	0.0	0.0	0.0	0.0	0.00231	0.0119	0.0119	0.0	0.00518	0.0094	0.00312	0.0012	0.0	0.0	0.00142	0.00147	0.0	0.0	0.0	0.0	0.00596	0.00869	0.0	0.00093	0.00401	0.00711	0.0	0.0	0.0	0.0	0.02386	0.0	0.0	0.0	0.0	0.0	0.0119	0.00347	0.00566	0.00451	0.00236	0.00209	
0.0014	0.00098	0.00049	0.00549	0.00437	0.0119	0.004	0.00271	0.01144	0.0	0.0	0.0	0.0	0.0	0.00869	0.00728	0.00869	0.00616	0.00058	0.00263	0.00088	0.0	0.0007	0.0	0.0	0.00909	0.00787	0.001	0.0	0.0	0.01062	0.0	0.0	0.0	0.0	0.0	0.0	0.0	0.0	0.0	0.0	0.004	0.0	0.0	0.0	0.00704	0.00583	0.00869	0.00769	0.00493	0.00263	0.00053	0.0	0.0	0.0	0.0	0.00231	0.0119	0.0119	0.0	0.00518	0.0094	0.00312	0.0012	0.0	0.0	0.00142	0.00147	0.0	0.0	0.0	0.0	0.00596	0.00869	0.0	0.00093	0.00401	0.00711	0.0	0.0	0.0	0.0	0.02386	0.0	0.0	0.0	0.0	0.0	0.0119	0.00347	0.00566	0.00451	0.00236	0.00209	
0.0014	0.00098	0.00049	0.00549	0.00437	0.0119	0.004	0.00271	0.01144	0.0	0.0	0.0	0.0	0.0	0.00869	0.00728	0.00869	0.00616	0.00058	0.00263	0.00088	0.0	0.0007	0.0	0.0	0.00909	0.00787	0.001	0.0	0.0	0.01062	0.0	0.0	0.0	0.0	0.0	0.0	0.0	0.0	0.0	0.0	0.004	0.0	0.0	0.0	0.00704	0.00583	0.00869	0.00769	0.00493	0.00263	0.00053	0.0	0.0	0.0	0.0	0.00231	0.0119	0.0119	0.0	0.00518	0.0094	0.00312	0.0012	0.0	0.0	0.00142	0.00147	0.0	0.0	0.0	0.0	0.00596	0.00869	0.0	0.00093	0.00401	0.00711	0.0	0.0	0.0	0.0	0.02386	0.0	0.0	0.0	0.0	0.0	0.0119	0.00347	0.00566	0.00451	0.00236	0.00209	
0.0014	0.00098	0.00049	0.00549	0.00437	0.0119	0.004	0.00271	0.01144	0.0	0.0	0.0	0.0	0.0	0.00869	0.00728	0.00869	0.00616	0.00058	0.00263	0.00088	0.0	0.0007	0.0	0.0	0.00909	0.00787	0.001	0.0	0.0	0.01062	0.0	0.0	0.0	0.0	0.0	0.0	0.0	0.0	0.0	0.0	0.004	0.0	0.0	0.0	0.00704	0.00583	0.00869	0.00769	0.00493	0.00263	0.00053	0.0	0.0	0.0	0.0	0.00231	0.0119	0.0119	0.0	0.00518	0.0094	0.00312	0.0012	0.0	0.0	0.00142	0.00147	0.0	0.0	0.0	0.0	0.00596	0.00869	0.0	0.00093	0.00401	0.00711	0.0	0.0	0.0	0.0	0.02386	0.0	0.0	0.0	0.0	0.0	0.0119	0.00347	0.00566	0.00451	0.00236	0.00209	
0.0014	0.00098	0.00049	0.00549	0.00437	0.0119	0.004	0.00271	0.01144	0.0	0.0	0.0	0.0	0.0	0.00869	0.00728	0.00869	0.00616	0.00058	0.00263	0.00088	0.0	0.0007	0.0	0.0	0.00909	0.00787	0.001	0.0	0.0	0.01062	0.0	0.0	0.0	0.0	0.0	0.0	0.0	0.0	0.0	0.0	0.004	0.0	0.0	0.0	0.00704	0.00583	0.00869	0.00769	0.00493	0.00263	0.00053	0.0	0.0	0.0	0.0	0.00231	0.0119	0.0119	0.0	0.00518	0.0094	0.00312	0.0012	0.0	0.0	0.00142	0.00147	0.0	0.0	0.0	0.0	0.00596	0.00869	0.0	0.00093	0.00401	0.00711	0.0	0.0	0.0	0.0	0.02386	0.0	0.0	0.0	0.0	0.0	0.0119	0.00347	0.00566	0.00451	0.00236	0.00209	
0.0014	0.00098	0.00049	0.00549	0.00437	0.0119	0.004	0.00271	0.01144	0.0	0.0	0.0	0.0	0.0	0.00869	0.00728	0.00869	0.00616	0.00058	0.00263	0.00088	0.0	0.0007	0.0	0.0	0.00909	0.00787	0.001	0.0	0.0	0.01062	0.0	0.0	0.0	0.0	0.0	0.0	0.0	0.0	0.0	0.0	0.004	0.0	0.0	0.0	0.00704	0.00583	0.00869	0.00769	0.00493	0.00263	0.00053	0.0	0.0	0.0	0.0	0.00231	0.0119	0.0119	0.0	0.00518	0.0094	0.00312	0.0012	0.0	0.0	0.00142	0.00147	0.0	0.0	0.0	0.0	0.00596	0.00869	0.0	0.00093	0.00401	0.00711	0.0	0.0	0.0	0.0	0.02386	0.0	0.0	0.0	0.0	0.0	0.0119	0.00347	0.00566	0.00451	0.00236	0.00209	
0.0014	0.00098	0.00049	0.00549	0.00437	0.0119	0.004	0.00271	0.01144	0.0	0.0	0.0	0.0	0.0	0.00869	0.00728	0.00869	0.00616	0.00058	0.00263	0.00088	0.0	0.0007	0.0	0.0	0.00909	0.00787	0.001	0.0	0.0	0.01062	0.0	0.0	0.0	0.0	0.0	0.0	0.0	0.0	0.0	0.0	0.004	0.0	0.0	0.0	0.00704	0.00583	0.00869	0.00769	0.00493	0.00263	0.00053	0.0	0.0	0.0	0.0	0.00231	0.0119	0.0119	0.0	0.00518	0.0094	0.00312	0.0012	0.0	0.0	0.00142	0.00147	0.0	0.0	0.0	0.0	0.00596	0.00869	0.0	0.00093	0.00401	0.00711	0.0	0.0	0.0	0.0	0.02386	0.0	0.0	0.0	0.0	0.0	0.0119	0.00347	0.00566	0.00451	0.00236	0.00209	
0.41412	0.11905	0.16212	0.09584	0.01537	0.05228	1.0073	0.04346	0.04184	0.004	0.004	0.004	0.004	0.004	0.06027	0.11537	0.06027	0.03255	0.02912	0.01325	0.02542	0.00218	0.34912	0.09155	0.09155	1.42995	0.02493	0.2485	0.00103	0.004	0.07658	0.004	0.004	0.004	0.004	0.004	0.004	0.004	0.004	0.004	0.004	0.0	0.004	0.004	0.004	0.09996	0.07249	0.06027	0.08018	0.30571	0.35607	0.03473	0.0	0.0	0.0	0.0	0.16192	0.05228	0.05228	0.004	0.08476	0.04047	0.03957	0.27931	0.0	0.00786	0.18364	0.07332	0.07927	0.00786	0.0	0.0	0.02893	0.06027	0.004	0.03948	0.35858	0.06626	0.0	0.0	0.0	0.0	0.15567	0.004	0.004	0.004	0.004	0.004	0.05228	0.02775	0.26747	0.0791	0.09404	0.07122	
0.0014	0.00098	0.00049	0.00549	0.00437	0.0119	0.004	0.00271	0.01144	0.0	0.0	0.0	0.0	0.0	0.00869	0.00728	0.00869	0.00616	0.00058	0.00263	0.00088	0.0	0.0007	0.0	0.0	0.00909	0.00787	0.001	0.0	0.0	0.01062	0.0	0.0	0.0	0.0	0.0	0.0	0.0	0.0	0.0	0.0	0.004	0.0	0.0	0.0	0.00704	0.00583	0.00869	0.00769	0.00493	0.00263	0.00053	0.0	0.0	0.0	0.0	0.00231	0.0119	0.0119	0.0	0.00518	0.0094	0.00312	0.0012	0.0	0.0	0.00142	0.00147	0.0	0.0	0.0	0.0	0.00596	0.00869	0.0	0.00093	0.00401	0.00711	0.0	0.0	0.0	0.0	0.02386	0.0	0.0	0.0	0.0	0.0	0.0119	0.00347	0.00566	0.00451	0.00236	0.00209	
0.0014	0.00098	0.00049	0.00549	0.00437	0.0119	0.004	0.00271	0.01144	0.0	0.0	0.0	0.0	0.0	0.00869	0.00728	0.00869	0.00616	0.00058	0.00263	0.00088	0.0	0.0007	0.0	0.0	0.00909	0.00787	0.001	0.0	0.0	0.01062	0.0	0.0	0.0	0.0	0.0	0.0	0.0	0.0	0.0	0.0	0.004	0.0	0.0	0.0	0.00704	0.00583	0.00869	0.00769	0.00493	0.00263	0.00053	0.0	0.0	0.0	0.0	0.00231	0.0119	0.0119	0.0	0.00518	0.0094	0.00312	0.0012	0.0	0.0	0.00142	0.00147	0.0	0.0	0.0	0.0	0.00596	0.00869	0.0	0.00093	0.00401	0.00711	0.0	0.0	0.0	0.0	0.02386	0.0	0.0	0.0	0.0	0.0	0.0119	0.00347	0.00566	0.00451	0.00236	0.00209	
0.0014	0.00098	0.00049	0.00549	0.00437	0.0119	0.004	0.00271	0.01144	0.0	0.0	0.0	0.0	0.0	0.00869	0.00728	0.00869	0.00616	0.00058	0.00263	0.00088	0.0	0.0007	0.0	0.0	0.00909	0.00787	0.001	0.0	0.0	0.01062	0.0	0.0	0.0	0.0	0.0	0.0	0.0	0.0	0.0	0.0	0.004	0.0	0.0	0.0	0.00704	0.00583	0.00869	0.00769	0.00493	0.00263	0.00053	0.0	0.0	0.0	0.0	0.00231	0.0119	0.0119	0.0	0.00518	0.0094	0.00312	0.0012	0.0	0.0	0.00142	0.00147	0.0	0.0	0.0	0.0	0.00596	0.00869	0.0	0.00093	0.00401	0.00711	0.0	0.0	0.0	0.0	0.02386	0.0	0.0	0.0	0.0	0.0	0.0119	0.00347	0.00566	0.00451	0.00236	0.00209	
0.39507	0.2205	0.22517	0.40839	0.06702	0.20787	0.09996	0.18531	0.18875	0.00704	0.00704	0.00704	0.00704	0.00704	0.27763	0.43954	0.27763	0.1269	0.12343	0.04727	0.05922	0.08915	0.17573	1.41501	1.41501	0.41043	0.10384	0.04339	0.0044	0.00704	0.30515	0.00704	0.00704	0.00704	0.00704	0.00704	0.00704	0.00704	0.00704	0.00704	0.00704	0.09996	0.00704	0.00704	0.00704	0.0	0.18439	0.27763	0.28412	0.20146	0.11085	0.01829	0.0	0.0	0.0	0.0	0.05353	0.20787	0.20787	0.00704	0.204	0.18778	0.19359	0.26263	0.0	0.10874	0.49495	0.07837	0.18102	0.10874	0.0	0.0	0.09396	0.27763	0.00704	0.17125	0.10929	0.26291	0.0	0.0	0.0	0.0	0.56696	0.00704	0.00704	0.00704	0.00704	0.00704	0.20787	0.03238	0.37745	0.21816	0.46583	0.49337	
0.1606	0.1448	0.75102	0.5277	0.08582	0.49616	0.07249	0.29284	0.28892	0.00583	0.00583	0.00583	0.00583	0.00583	0.53878	0.15729	0.53878	0.22491	0.16716	0.04816	0.19739	0.10747	0.29023	0.45721	0.45721	1.50781	0.17117	0.17277	0.00354	0.00583	0.34669	0.00583	0.00583	0.00583	0.00583	0.00583	0.00583	0.00583	0.00583	0.00583	0.00583	0.07249	0.00583	0.00583	0.00583	0.18439	0.0	0.53878	0.31838	0.14517	0.30473	0.1557	0.0	0.0	0.0	0.0	0.27591	0.49616	0.49616	0.00583	0.63576	0.43122	0.20594	0.42583	0.0	0.40684	0.18799	0.24486	0.47286	0.40684	0.0	0.0	0.20545	0.53878	0.00583	0.22	0.31352	0.48566	0.0	0.0	0.0	0.0	0.90239	0.00583	0.00583	0.00583	0.00583	0.00583	0.49616	0.15084	0.34511	0.57754	0.33978	0.13677	
0.2949	0.39374	0.4269	0.50127	0.04502	0.64433	0.06027	0.44566	0.33461	0.00869	0.00869	0.00869	0.00869	0.00869	1.01713	0.27701	1.01713	0.20257	0.47158	0.03138	0.10493	0.09584	0.2682	0.0	0.0	0.70328	0.36446	0.24386	0.00143	0.00869	0.72847	0.00869	0.00869	0.00869	0.00869	0.00869	0.00869	0.00869	0.00869	0.00869	0.00869	0.06027	0.00869	0.00869	0.00869	0.27763	0.53878	0.0	0.57241	0.11081	0.24441	0.11694	0.0	0.0	0.0	0.0	0.18807	0.64433	0.64433	0.00869	0.33713	0.33202	0.15799	0.34671	0.0	0.54679	0.39178	0.62796	0.0	0.54679	0.0	0.0	0.19149	1.01713	0.00869	0.35655	0.30624	0.50765	0.0	0.0	0.0	0.0	1.06783	0.00869	0.00869	0.00869	0.00869	0.00869	0.64433	0.07224	0.51386	0.52609	0.65382	0.37344	
0.16137	0.72568	0.4622	0.33041	0.06108	0.27948	0.08018	0.22756	0.18988	0.00769	0.00769	0.00769	0.00769	0.00769	0.57241	0.55582	0.57241	0.13092	0.12777	0.0393	0.07104	0.02398	0.51003	0.90399	0.90399	0.99396	0.13964	0.15558	0.00054	0.00769	0.73836	0.00769	0.00769	0.00769	0.00769	0.00769	0.00769	0.00769	0.00769	0.00769	0.00769	0.08018	0.00769	0.00769	0.00769	0.28412	0.31838	0.57241	0.0	0.22372	0.1337	0.16573	0.0	0.0	0.0	0.0	0.28438	0.27948	0.27948	0.00769	0.30137	0.18833	0.22396	0.26218	0.0	0.08077	0.28647	0.30796	0.92046	0.08077	0.0	0.0	0.11983	0.57241	0.00769	0.3462	0.29578	0.3557	0.0	0.0	0.0	0.0	1.19113	0.00769	0.00769	0.00769	0.00769	0.00769	0.27948	0.10098	0.32645	0.54834	1.02428	0.15578	
0.23518	0.01862	0.10704	0.21003	0.02352	0.08778	0.30571	0.08233	0.06759	0.00493	0.00493	0.00493	0.00493	0.00493	0.11081	0.26645	0.11081	0.05403	0.05087	0.01964	0.04426	0.00389	0.49596	0.17563	0.17563	1.13798	0.0399	0.03995	0.00102	0.00493	0.13886	0.00493	0.00493	0.00493	0.00493	0.00493	0.00493	0.00493	0.00493	0.00493	0.00493	0.30571	0.00493	0.00493	0.00493	0.20146	0.14517	0.11081	0.22372	0.0	0.21994	0.06125	0.0	0.0	0.0	0.0	0.02176	0.08778	0.08778	0.00493	0.17026	0.06632	0.05242	1.01421	0.0	0.01355	0.12037	0.14542	0.14919	0.01355	0.0	0.0	0.04645	0.11081	0.00493	0.16826	0.24808	0.0839	0.0	0.0	0.0	0.0	0.53237	0.00493	0.00493	0.00493	0.00493	0.00493	0.08778	0.04593	0.20375	0.15982	0.24034	0.13931	
0.51348	0.08334	0.32652	0.49214	0.06643	0.2205	0.35607	0.18951	0.15318	0.00263	0.00263	0.00263	0.00263	0.00263	0.24441	0.11974	0.24441	0.10427	0.2064	0.04093	0.08658	0.02699	0.79282	0.05199	0.05199	2.05399	0.06649	0.32043	0.00072	0.00263	0.06488	0.00263	0.00263	0.00263	0.00263	0.00263	0.00263	0.00263	0.00263	0.00263	0.00263	0.35607	0.00263	0.00263	0.00263	0.11085	0.30473	0.24441	0.1337	0.21994	0.0	0.02425	0.0	0.0	0.0	0.0	0.09756	0.2205	0.2205	0.00263	0.13702	0.15181	0.05621	0.41181	0.0	0.07098	0.44805	0.09556	0.14109	0.07098	0.0	0.0	0.09717	0.24441	0.00263	0.21962	0.59069	0.54779	0.0	0.0	0.0	0.0	0.8419	0.00263	0.00263	0.00263	0.00263	0.00263	0.2205	0.12056	0.4679	0.12911	0.17362	0.25758	
0.05437	0.11843	0.12576	0.08938	0.02655	0.09084	0.03473	0.16283	0.069	0.00053	0.00053	0.00053	0.00053	0.00053	0.11694	0.02522	0.11694	0.08707	0.08381	0.01712	0.05271	0.01268	0.11923	0.00028	0.00028	0.38564	0.04789	0.06027	0.00045	0.00053	0.1464	0.00053	0.00053	0.00053	0.00053	0.00053	0.00053	0.00053	0.00053	0.00053	0.00053	0.03473	0.00053	0.00053	0.00053	0.01829	0.1557	0.11694	0.16573	0.06125	0.02425	0.0	0.0	0.0	0.0	0.0	0.38761	0.09084	0.09084	0.00053	0.18273	0.06773	0.07447	0.13636	0.0	0.02832	0.08991	0.02439	0.00416	0.02832	0.0	0.0	0.04634	0.11694	0.00053	0.1886	0.14173	0.0818	0.0	0.0	0.0	0.0	0.57905	0.00053	0.00053	0.00053	0.00053	0.00053	0.09084	0.04706	0.08216	0.17411	0.09341	0.03735	
0.0	0.0	0.0	0.0	0.0	0.0	0.0	0.0	0.0	0.0	0.0	0.0	0.0	0.0	0.0	0.0	0.0	0.0	0.0	0.0	0.0	0.0	0.0	0.0	0.0	0.0	0.0	0.0	0.0	0.0	0.0	0.0	0.0	0.0	0.0	0.0	0.0	0.0	0.0	0.0	0.0	0.0	0.0	0.0	0.0	0.0	0.0	0.0	0.0	0.0	0.0	0.0	0.0	0.0	0.0	0.0	0.0	0.0	0.0	0.0	0.0	0.0	0.0	0.0	0.0	0.0	0.0	0.0	0.0	0.0	0.0	0.0	0.0	0.0	0.0	0.0	0.0	0.0	0.0	0.0	0.0	0.0	0.0	0.0	0.0	0.0	0.0	0.0	0.0	0.0	0.0	0.0	0.0	0.0	
0.0	0.0	0.0	0.0	0.0	0.0	0.0	0.0	0.0	0.0	0.0	0.0	0.0	0.0	0.0	0.0	0.0	0.0	0.0	0.0	0.0	0.0	0.0	0.0	0.0	0.0	0.0	0.0	0.0	0.0	0.0	0.0	0.0	0.0	0.0	0.0	0.0	0.0	0.0	0.0	0.0	0.0	0.0	0.0	0.0	0.0	0.0	0.0	0.0	0.0	0.0	0.0	0.0	0.0	0.0	0.0	0.0	0.0	0.0	0.0	0.0	0.0	0.0	0.0	0.0	0.0	0.0	0.0	0.0	0.0	0.0	0.0	0.0	0.0	0.0	0.0	0.0	0.0	0.0	0.0	0.0	0.0	0.0	0.0	0.0	0.0	0.0	0.0	0.0	0.0	0.0	0.0	0.0	0.0	
0.0	0.0	0.0	0.0	0.0	0.0	0.0	0.0	0.0	0.0	0.0	0.0	0.0	0.0	0.0	0.0	0.0	0.0	0.0	0.0	0.0	0.0	0.0	0.0	0.0	0.0	0.0	0.0	0.0	0.0	0.0	0.0	0.0	0.0	0.0	0.0	0.0	0.0	0.0	0.0	0.0	0.0	0.0	0.0	0.0	0.0	0.0	0.0	0.0	0.0	0.0	0.0	0.0	0.0	0.0	0.0	0.0	0.0	0.0	0.0	0.0	0.0	0.0	0.0	0.0	0.0	0.0	0.0	0.0	0.0	0.0	0.0	0.0	0.0	0.0	0.0	0.0	0.0	0.0	0.0	0.0	0.0	0.0	0.0	0.0	0.0	0.0	0.0	0.0	0.0	0.0	0.0	0.0	0.0	
0.0	0.0	0.0	0.0	0.0	0.0	0.0	0.0	0.0	0.0	0.0	0.0	0.0	0.0	0.0	0.0	0.0	0.0	0.0	0.0	0.0	0.0	0.0	0.0	0.0	0.0	0.0	0.0	0.0	0.0	0.0	0.0	0.0	0.0	0.0	0.0	0.0	0.0	0.0	0.0	0.0	0.0	0.0	0.0	0.0	0.0	0.0	0.0	0.0	0.0	0.0	0.0	0.0	0.0	0.0	0.0	0.0	0.0	0.0	0.0	0.0	0.0	0.0	0.0	0.0	0.0	0.0	0.0	0.0	0.0	0.0	0.0	0.0	0.0	0.0	0.0	0.0	0.0	0.0	0.0	0.0	0.0	0.0	0.0	0.0	0.0	0.0	0.0	0.0	0.0	0.0	0.0	0.0	0.0	
0.10938	0.24271	0.34492	0.14882	0.03634	0.13682	0.16192	0.15538	0.10128	0.00231	0.00231	0.00231	0.00231	0.00231	0.18807	0.07911	0.18807	0.0879	0.08483	0.02481	0.07797	0.01372	0.15829	0.03742	0.03742	1.02624	0.06821	0.379	8e-05	0.00231	0.23566	0.00231	0.00231	0.00231	0.00231	0.00231	0.00231	0.00231	0.00231	0.00231	0.00231	0.16192	0.00231	0.00231	0.00231	0.05353	0.27591	0.18807	0.28438	0.02176	0.09756	0.38761	0.0	0.0	0.0	0.0	0.0	0.13682	0.13682	0.00231	0.32747	0.09996	0.04256	0.02191	0.0	0.036	0.01861	0.02109	0.05384	0.036	0.0	0.0	0.06745	0.18807	0.00231	0.15972	0.22353	0.0997	0.0	0.0	0.0	0.0	0.61077	0.00231	0.00231	0.00231	0.00231	0.00231	0.13682	0.06902	0.1424	0.31522	0.19182	0.01307	
0.14922	0.19692	0.27676	0.43433	0.03701	1.0234	0.05228	0.19432	0.48873	0.0119	0.0119	0.0119	0.0119	0.0119	0.64433	0.17927	0.64433	0.27985	0.0943	0.03038	0.12893	0.23256	0.14978	0.0	0.0	0.41138	0.17861	0.11071	0.00015	0.0119	0.35567	0.0119	0.0119	0.0119	0.0119	0.0119	0.0119	0.0119	0.0119	0.0119	0.0119	0.05228	0.0119	0.0119	0.0119	0.20787	0.49616	0.64433	0.27948	0.08778	0.2205	0.09084	0.0	0.0	0.0	0.0	0.13682	0.0	1.0234	0.0119	0.26461	0.48479	0.14555	0.45822	0.0	0.0	0.2531	0.42799	0.0	0.0	0.0	0.0	0.27485	0.64433	0.0119	0.11559	0.33632	0.60401	0.0	0.0	0.0	0.0	0.98084	0.0119	0.0119	0.0119	0.0119	0.0119	1.0234	0.05614	0.4468	0.20836	0.1771	0.19317	
0.14922	0.19692	0.27676	0.43433	0.03701	1.0234	0.05228	0.19432	0.48873	0.0119	0.0119	0.0119	0.0119	0.0119	0.64433	0.17927	0.64433	0.27985	0.0943	0.03038	0.12893	0.23256	0.14978	0.0	0.0	0.41138	0.17861	0.11071	0.00015	0.0119	0.35567	0.0119	0.0119	0.0119	0.0119	0.0119	0.0119	0.0119	0.0119	0.0119	0.0119	0.05228	0.0119	0.0119	0.0119	0.20787	0.49616	0.64433	0.27948	0.08778	0.2205	0.09084	0.0	0.0	0.0	0.0	0.13682	1.0234	0.0	0.0119	0.26461	0.48479	0.14555	0.45822	0.0	0.0	0.2531	0.42799	0.0	0.0	0.0	0.0	0.27485	0.64433	0.0119	0.11559	0.33632	0.60401	0.0	0.0	0.0	0.0	0.98084	0.0119	0.0119	0.0119	0.0119	0.0119	1.0234	0.05614	0.4468	0.20836	0.1771	0.19317	
0.0014	0.00098	0.00049	0.00549	0.00437	0.0119	0.004	0.00271	0.01144	0.0	0.0	0.0	0.0	0.0	0.00869	0.00728	0.00869	0.00616	0.00058	0.00263	0.00088	0.0	0.0007	0.0	0.0	0.00909	0.00787	0.001	0.0	0.0	0.01062	0.0	0.0	0.0	0.0	0.0	0.0	0.0	0.0	0.0	0.0	0.004	0.0	0.0	0.0	0.00704	0.00583	0.00869	0.00769	0.00493	0.00263	0.00053	0.0	0.0	0.0	0.0	0.00231	0.0119	0.0119	0.0	0.00518	0.0094	0.00312	0.0012	0.0	0.0	0.00142	0.00147	0.0	0.0	0.0	0.0	0.00596	0.00869	0.0	0.00093	0.00401	0.00711	0.0	0.0	0.0	0.0	0.02386	0.0	0.0	0.0	0.0	0.0	0.0119	0.00347	0.00566	0.00451	0.00236	0.00209	
0.13935	0.114	0.64374	0.35332	0.05504	0.26461	0.08476	0.18467	0.28262	0.00518	0.00518	0.00518	0.00518	0.00518	0.33713	0.12712	0.33713	0.10628	0.12309	0.03849	0.23435	0.18054	0.19144	0.28159	0.28159	1.21675	0.20867	0.20384	0.00806	0.00518	0.33022	0.00518	0.00518	0.00518	0.00518	0.00518	0.00518	0.00518	0.00518	0.00518	0.00518	0.08476	0.00518	0.00518	0.00518	0.204	0.63576	0.33713	0.30137	0.17026	0.13702	0.18273	0.0	0.0	0.0	0.0	0.32747	0.26461	0.26461	0.00518	0.0	0.28216	0.27255	0.29773	0.0	0.20046	0.10691	0.13604	0.30172	0.20046	0.0	0.0	0.09593	0.33713	0.00518	0.19509	0.14438	0.29718	0.0	0.0	0.0	0.0	0.59675	0.00518	0.00518	0.00518	0.00518	0.00518	0.26461	0.1095	0.19118	0.65442	0.32985	0.1091	
0.0984	0.13299	0.23333	0.22059	0.02533	0.48479	0.04047	0.23509	0.17029	0.0094	0.0094	0.0094	0.0094	0.0094	0.33202	0.12737	0.33202	0.42672	0.06963	0.02388	0.06429	0.0964	0.1266	0.0	0.0	0.29963	0.29858	0.07087	0.00411	0.0094	0.23833	0.0094	0.0094	0.0094	0.0094	0.0094	0.0094	0.0094	0.0094	0.0094	0.0094	0.04047	0.0094	0.0094	0.0094	0.18778	0.43122	0.33202	0.18833	0.06632	0.15181	0.06773	0.0	0.0	0.0	0.0	0.09996	0.48479	0.48479	0.0094	0.28216	0.0	0.15339	0.3313	0.0	0.0	0.18321	0.30954	0.0	0.0	0.0	0.0	0.42465	0.33202	0.0094	0.08289	0.21817	0.31368	0.0	0.0	0.0	0.0	0.42291	0.0094	0.0094	0.0094	0.0094	0.0094	0.48479	0.04089	0.22624	0.12437	0.12812	0.12219	
0.08948	0.23454	0.60094	0.10954	0.02771	0.14555	0.03957	0.11044	0.15418	0.00312	0.00312	0.00312	0.00312	0.00312	0.15799	0.20661	0.15799	0.08797	0.08529	0.01985	0.11326	0.10543	0.27918	0.11505	0.11505	0.50954	0.0591	0.07227	0.00503	0.00312	0.16155	0.00312	0.00312	0.00312	0.00312	0.00312	0.00312	0.00312	0.00312	0.00312	0.00312	0.03957	0.00312	0.00312	0.00312	0.19359	0.20594	0.15799	0.22396	0.05242	0.05621	0.07447	0.0	0.0	0.0	0.0	0.04256	0.14555	0.14555	0.00312	0.27255	0.15339	0.0	0.08347	0.0	0.11233	0.12266	0.21277	0.2541	0.11233	0.0	0.0	0.05301	0.15799	0.00312	0.42581	0.06987	0.12389	0.0	0.0	0.0	0.0	0.67833	0.00312	0.00312	0.00312	0.00312	0.00312	0.14555	0.05261	0.10301	0.18137	0.53313	0.08113	
0.24353	0.008	0.12529	0.43863	0.04417	0.45822	0.27931	0.21995	0.32473	0.0012	0.0012	0.0012	0.0012	0.0012	0.34671	0.25782	0.34671	0.23804	0.14268	0.02989	0.05046	0.0012	0.53026	0.07482	0.07482	1.05429	0.12904	0.03402	0.0012	0.0012	0.14651	0.0012	0.0012	0.0012	0.0012	0.0012	0.0012	0.0012	0.0012	0.0012	0.0012	0.27931	0.0012	0.0012	0.0012	0.26263	0.42583	0.34671	0.26218	1.01421	0.41181	0.13636	0.0	0.0	0.0	0.0	0.02191	0.45822	0.45822	0.0012	0.29773	0.3313	0.08347	0.0	0.0	0.0012	0.11549	0.13864	0.05802	0.0012	0.0	0.0	0.21794	0.34671	0.0012	0.22225	0.89486	0.27396	0.0	0.0	0.0	0.0	2.02681	0.0012	0.0012	0.0012	0.0012	0.0012	0.45822	0.08079	0.43413	0.16366	0.21978	0.1564	
0.0	0.0	0.0	0.0	0.0	0.0	0.0	0.0	0.0	0.0	0.0	0.0	0.0	0.0	0.0	0.0	0.0	0.0	0.0	0.0	0.0	0.0	0.0	0.0	0.0	0.0	0.0	0.0	0.0	0.0	0.0	0.0	0.0	0.0	0.0	0.0	0.0	0.0	0.0	0.0	0.0	0.0	0.0	0.0	0.0	0.0	0.0	0.0	0.0	0.0	0.0	0.0	0.0	0.0	0.0	0.0	0.0	0.0	0.0	0.0	0.0	0.0	0.0	0.0	0.0	0.0	0.0	0.0	0.0	0.0	0.0	0.0	0.0	0.0	0.0	0.0	0.0	0.0	0.0	0.0	0.0	0.0	0.0	0.0	0.0	0.0	0.0	0.0	0.0	0.0	0.0	0.0	0.0	0.0	
