0.0	0.09688	6e-05	0.01903	0.04458	0.00738	0.10742	0.00739	6e-05	0.1124	0.01903	6e-05	0.04437	0.0	6e-05	0.01953	0.17841	6e-05	0.0466	0.27025	0.15439	6e-05	6e-05	0.132	0.01903	0.01652	0.01903	0.03154	6e-05	0.08938	0.01591	6e-05	0.00764	6e-05	0.00861	0.02169	0.04403	0.01282	6e-05	0.03685	0.00286	0.02516	0.0	0.01014	0.04209	0.05309	0.00484	0.14026	0.06945	0.01764	0.15852	0.00865	0.0	0.03946	0.03323	0.01141	0.04412	0.00861	0.00036	0.01384	0.04977	0.03419	0.0	0.01764	0.25848	0.06026	6e-05	0.08254	0.0472	0.1199	0.03926	0.037	0.04529	0.04789	0.03695	0.04409	0.0	0.0	0.02256	0.01933	0.00409	0.02905	0.02765	0.0284	0.03116	6e-05	
0.09688	0.0	2e-05	0.03062	0.22576	0.06422	0.05332	0.04348	2e-05	0.18783	0.03062	2e-05	0.25504	0.0	2e-05	0.03262	0.10009	2e-05	0.13181	0.17818	0.2168	2e-05	2e-05	0.04933	0.03062	0.10941	0.03062	0.05462	2e-05	0.17446	0.02499	2e-05	0.34442	2e-05	0.0126	0.05925	0.10133	0.01959	2e-05	0.06661	0.24619	0.1186	0.0	0.14044	0.43341	0.24154	0.01671	0.12473	0.2829	0.02809	0.02851	0.01268	0.0	0.1192	0.13042	0.07032	0.25179	0.0126	0.17761	0.02187	0.02082	0.65124	0.0	0.02809	0.10097	0.01558	2e-05	0.04429	0.29582	0.123	0.16137	0.0692	0.19941	0.05579	0.04501	0.09925	0.0	0.0	0.13114	0.14054	0.10654	0.12901	0.11763	0.0484	0.06256	2e-05	
6e-05	2e-05	0.0	0.0001	6e-05	0.00016	0.0001	0.00025	0.0	5e-05	0.00011	0.0	7e-05	0.0	0.0	7e-05	7e-05	0.0	5e-05	2e-05	0.00019	0.0	0.0	4e-05	0.00011	4e-05	0.00011	8e-05	0.0	6e-05	0.00012	0.0	9e-05	0.0	0.00026	5e-05	4e-05	0.00015	0.0	0.00011	0.00012	6e-05	0.0	9e-05	4e-05	0.00028	0.00016	0.0001	9e-05	0.00011	7e-05	0.00023	0.0	6e-05	5e-05	4e-05	7e-05	0.00026	0.0002	0.00031	7e-05	6e-05	0.0	0.00011	0.00019	0.00011	0.0	9e-05	8e-05	3e-05	4e-05	4e-05	0.00062	7e-05	2e-05	2e-05	0.0	0.0	7e-05	0.00011	8e-05	4e-05	4e-05	0.0001	4e-05	0.0	
0.01903	0.03062	0.0001	0.0	0.25828	0.03356	0.21725	0.00542	0.0001	0.64886	0.99977	0.0001	0.02035	0.0	0.0001	0.01287	0.56037	0.0001	0.01357	0.01361	0.00718	0.0001	0.0001	0.01767	0.99977	0.02031	0.99977	0.32465	0.0001	0.01973	0.01094	0.0001	0.03324	0.0001	0.00624	0.71058	0.02685	0.00898	0.0001	0.02323	0.1175	0.02723	0.0	0.30715	0.02407	0.11259	0.07998	0.03844	0.03639	0.01201	0.01157	0.00623	0.0	0.03457	0.02072	0.02743	0.02056	0.00624	0.04734	0.00949	0.28943	0.02566	0.0	0.01201	0.01039	0.01829	0.0001	0.17996	0.03052	0.01713	0.03414	0.23149	0.02593	0.32926	0.02258	0.02647	0.0	0.0	0.01467	0.01305	0.0223	0.50288	0.01917	0.01851	0.27871	0.0001	
0.04458	0.22576	6e-05	0.25828	0.0	0.2245	0.10158	0.00873	2e-05	0.22824	0.25833	2e-05	0.49665	0.0	2e-05	0.02681	0.35954	2e-05	0.04296	0.08628	0.01222	2e-05	2e-05	0.03624	0.25833	0.03599	0.25833	0.11625	2e-05	0.37366	0.02048	2e-05	0.2266	2e-05	0.0103	0.23413	0.04026	0.01605	2e-05	0.05451	0.2459	0.2765	0.0	0.27817	0.38799	0.34035	0.01693	0.2242	0.20543	0.02303	0.02334	0.01032	0.0	0.24459	0.05005	0.04581	0.48792	0.0103	0.16548	0.01794	0.22914	0.32854	0.0	0.02303	0.14532	0.04763	2e-05	0.20728	0.18293	0.04103	0.15465	0.11301	0.05472	0.24283	0.05652	0.04528	0.0	0.0	0.03167	0.02556	0.0282	0.21407	0.04182	0.03965	0.12944	2e-05	
0.00738	0.06422	0.00016	0.03356	0.2245	0.0	3e-05	0.01172	5e-05	0.04153	0.03265	5e-05	0.31869	0.0	5e-05	0.06361	0.10322	5e-05	0.03682	0.03848	0.01626	5e-05	5e-05	0.05121	0.03265	0.06085	0.03265	0.05717	5e-05	0.17072	0.02681	5e-05	0.05155	5e-05	0.01376	0.03861	0.02164	0.02117	5e-05	0.00517	0.02906	0.1754	0.0	0.07567	0.26496	0.16676	0.00018	0.10369	0.03777	0.03003	0.06547	0.01387	0.0	0.12127	0.05722	0.10559	0.25535	0.01376	0.0933	0.05604	0.01566	0.15258	0.0	0.03003	0.10778	0.01002	5e-05	0.0008	0.02554	0.07689	0.03632	0.07086	0.02996	0.03119	0.04203	0.03305	0.0	0.0	0.0404	0.03322	0.06386	0.05405	0.0571	0.00505	0.06429	5e-05	
0.10742	0.05332	0.0001	0.21725	0.10158	3e-05	0.0	0.0093	5e-05	0.2999	0.21793	5e-05	0.02087	0.0	5e-05	0.02616	0.37088	5e-05	0.09203	0.08192	0.09742	5e-05	5e-05	0.03818	0.21793	0.04402	0.21793	0.05259	5e-05	0.06178	0.02067	5e-05	5e-05	5e-05	0.01087	0.19119	0.06233	0.01653	5e-05	0.0509	0.06141	0.01569	0.0	0.1101	0.03068	0.05116	0.00114	0.13616	0.00025	0.02316	0.02308	0.01092	0.0	0.03311	0.04626	0.0211	0.02149	0.01087	0.00526	0.01807	0.35491	0.02251	0.0	0.02316	0.15875	0.02638	5e-05	0.64534	0.05836	0.03795	0.04139	0.05611	0.03026	0.29326	0.05222	0.06318	0.0	0.0	0.0305	0.02551	0.02074	0.16882	0.07142	0.03833	0.0741	5e-05	
0.00739	0.04348	0.00025	0.00542	0.00873	0.01172	0.0093	0.0	0.00024	0.00564	0.00532	0.00024	0.00735	0.0	0.00024	0.00502	0.0061	0.00024	0.00523	0.00504	0.00342	0.00024	0.00024	0.00644	0.00532	0.00722	0.00532	0.00766	0.00024	0.00699	0.00469	0.00024	0.01162	0.00024	0.00307	0.29435	0.00915	0.00404	0.00024	0.00832	0.01343	0.00927	0.0	0.0168	0.00809	0.01298	0.01853	0.01237	0.0126	0.00504	0.00465	0.00309	0.0	0.01114	0.00732	0.00914	0.00739	0.00307	0.01596	0.00403	0.00716	0.05591	0.0	0.00504	0.00451	0.00701	0.00024	0.0103	0.01088	0.00606	0.01095	0.00794	0.0089	0.01246	0.00768	0.00876	0.0	0.0	0.00557	0.00537	0.00826	0.00658	0.00683	0.00708	0.00741	0.00024	
6e-05	2e-05	0.0	0.0001	2e-05	5e-05	5e-05	0.00024	0.0	4e-05	0.0001	0.0	3e-05	0.0	0.0	4e-05	4e-05	0.0	4e-05	1e-05	0.00018	0.0	0.0	3e-05	0.0001	3e-05	0.0001	6e-05	0.0	3e-05	0.00011	0.0	4e-05	0.0	0.00021	4e-05	2e-05	0.00014	0.0	4e-05	4e-05	2e-05	0.0	2e-05	1e-05	1e-05	4e-05	1e-05	4e-05	0.0001	5e-05	0.00022	0.0	0.0	3e-05	1e-05	3e-05	0.00021	5e-05	0.0002	3e-05	2e-05	0.0	0.0001	0.00013	7e-05	0.0	5e-05	5e-05	1e-05	0.0	2e-05	4e-05	2e-05	1e-05	1e-05	0.0	0.0	4e-05	0.0001	6e-05	3e-05	3e-05	7e-05	3e-05	0.0	
0.1124	0.18783	5e-05	0.64886	0.22824	0.04153	0.2999	0.00564	4e-05	0.0	0.64897	4e-05	0.02484	0.0	4e-05	0.01508	0.43533	4e-05	0.16007	0.21629	0.35787	4e-05	4e-05	0.02153	0.64897	0.09848	0.64897	0.25912	4e-05	0.02442	0.01223	4e-05	0.04117	4e-05	0.00656	0.51617	0.03392	0.00983	4e-05	0.02843	0.11283	0.03444	0.0	0.28829	0.03075	0.11657	0.08762	0.05009	0.0453	0.01357	0.01333	0.00653	0.0	0.04511	0.02566	0.07121	0.0252	0.00656	0.05944	0.01063	0.24037	0.03243	0.0	0.01357	0.01151	0.02159	4e-05	0.24559	0.03732	0.02124	0.04481	0.20161	0.0342	0.3348	0.02867	0.03417	0.0	0.0	0.01744	0.01488	0.0972	0.40196	0.11221	0.02189	0.23722	4e-05	
0.01903	0.03062	0.00011	0.99977	0.25833	0.03265	0.21793	0.00532	0.0001	0.64897	0.0	0.0001	0.01989	0.0	0.0001	0.01261	0.56032	0.0001	0.0133	0.01334	0.00705	0.0001	0.0001	0.01731	0.99976	0.01987	0.99976	0.32542	0.0001	0.01929	0.01072	0.0001	0.03239	0.0001	0.00611	0.71075	0.0262	0.00881	0.0001	0.02267	0.11806	0.02657	0.0	0.30513	0.0235	0.11113	0.0805	0.03732	0.03543	0.01178	0.01133	0.00611	0.0	0.0336	0.02025	0.02676	0.0201	0.00611	0.04587	0.00926	0.29004	0.02505	0.0	0.01178	0.01016	0.01788	0.0001	0.18061	0.02974	0.01676	0.03321	0.23195	0.02602	0.32801	0.02207	0.02584	0.0	0.0	0.01437	0.01279	0.02181	0.50274	0.01876	0.01811	0.27914	0.0001	
6e-05	2e-05	0.0	0.0001	2e-05	5e-05	5e-05	0.00024	0.0	4e-05	0.0001	0.0	3e-05	0.0	0.0	4e-05	4e-05	0.0	4e-05	1e-05	0.00018	0.0	0.0	3e-05	0.0001	3e-05	0.0001	6e-05	0.0	3e-05	0.00011	0.0	4e-05	0.0	0.00021	4e-05	2e-05	0.00014	0.0	4e-05	4e-05	2e-05	0.0	2e-05	1e-05	1e-05	4e-05	1e-05	4e-05	0.0001	5e-05	0.00022	0.0	0.0	3e-05	1e-05	3e-05	0.00021	5e-05	0.0002	3e-05	2e-05	0.0	0.0001	0.00013	7e-05	0.0	5e-05	5e-05	1e-05	0.0	2e-05	4e-05	2e-05	1e-05	1e-05	0.0	0.0	4e-05	0.0001	6e-05	3e-05	3e-05	7e-05	3e-05	0.0	
0.04437	0.25504	7e-05	0.02035	0.49665	0.31869	0.02087	0.00735	3e-05	0.02484	0.01989	3e-05	0.0	0.0	3e-05	0.02077	0.1514	3e-05	0.02215	0.02297	0.01013	3e-05	3e-05	0.03029	0.01989	0.03564	0.01989	0.03393	3e-05	0.4788	0.01645	3e-05	0.26238	3e-05	0.0086	0.0232	0.02299	0.01309	3e-05	0.04028	0.20833	0.4188	0.0	0.12722	0.46381	0.32392	0.01777	0.22028	0.22969	0.01835	0.01828	0.00862	0.0	0.25688	0.0366	0.05131	0.65176	0.0086	0.16483	0.01434	0.04369	0.39225	0.0	0.01835	0.19807	0.04966	3e-05	0.01539	0.21152	0.03015	0.15098	0.04106	0.03959	0.08123	0.04565	0.02648	0.0	0.0	0.02421	0.02022	0.03767	0.03183	0.03352	0.03036	0.03748	3e-05	
0.0	0.0	0.0	0.0	0.0	0.0	0.0	0.0	0.0	0.0	0.0	0.0	0.0	0.0	0.0	0.0	0.0	0.0	0.0	0.0	0.0	0.0	0.0	0.0	0.0	0.0	0.0	0.0	0.0	0.0	0.0	0.0	0.0	0.0	0.0	0.0	0.0	0.0	0.0	0.0	0.0	0.0	0.0	0.0	0.0	0.0	0.0	0.0	0.0	0.0	0.0	0.0	0.0	0.0	0.0	0.0	0.0	0.0	0.0	0.0	0.0	0.0	0.0	0.0	0.0	0.0	0.0	0.0	0.0	0.0	0.0	0.0	0.0	0.0	0.0	0.0	0.0	0.0	0.0	0.0	0.0	0.0	0.0	0.0	0.0	0.0	
6e-05	2e-05	0.0	0.0001	2e-05	5e-05	5e-05	0.00024	0.0	4e-05	0.0001	0.0	3e-05	0.0	0.0	4e-05	4e-05	0.0	4e-05	1e-05	0.00018	0.0	0.0	3e-05	0.0001	3e-05	0.0001	6e-05	0.0	3e-05	0.00011	0.0	4e-05	0.0	0.00021	4e-05	2e-05	0.00014	0.0	4e-05	4e-05	2e-05	0.0	2e-05	1e-05	1e-05	4e-05	1e-05	4e-05	0.0001	5e-05	0.00022	0.0	0.0	3e-05	1e-05	3e-05	0.00021	5e-05	0.0002	3e-05	2e-05	0.0	0.0001	0.00013	7e-05	0.0	5e-05	5e-05	1e-05	0.0	2e-05	4e-05	2e-05	1e-05	1e-05	0.0	0.0	4e-05	0.0001	6e-05	3e-05	3e-05	7e-05	3e-05	0.0	
0.01953	0.03262	7e-05	0.01287	0.02681	0.06361	0.02616	0.00502	4e-05	0.01508	0.01261	4e-05	0.02077	0.0	4e-05	0.0	0.01694	4e-05	0.0136	0.01382	0.00677	4e-05	4e-05	0.01803	0.01261	0.02089	0.01261	0.02052	4e-05	0.0203	0.0106	4e-05	0.03411	4e-05	0.22003	0.01422	0.02791	0.00859	4e-05	0.05719	0.04024	0.07253	0.0	0.05696	0.14412	0.04439	0.0573	0.02225	0.03743	0.01171	0.24742	0.00582	0.0	0.03652	0.02133	0.02878	0.02103	0.22003	0.04877	0.17217	0.02035	0.02669	0.0	0.01171	0.01	0.01829	4e-05	0.02959	0.03109	0.01766	0.0362	0.0237	0.02663	0.02134	0.02358	0.02787	0.0	0.0	0.1396	0.0128	0.02258	0.01879	0.0197	0.01854	0.0218	4e-05	
0.17841	0.10009	7e-05	0.56037	0.35954	0.10322	0.37088	0.0061	4e-05	0.43533	0.56032	4e-05	0.1514	0.0	4e-05	0.01694	0.0	4e-05	0.01805	0.01866	0.00837	4e-05	4e-05	0.02454	0.56032	0.02877	0.56032	0.2389	4e-05	0.1928	0.01352	4e-05	0.10379	4e-05	0.00713	0.46024	0.03932	0.01079	4e-05	0.03251	0.18792	0.1109	0.0	0.30318	0.12337	0.18435	0.09448	0.21664	0.09808	0.01505	0.01493	0.00714	0.0	0.10135	0.02948	0.04099	0.14912	0.00713	0.08847	0.01178	0.63422	0.12096	0.0	0.01505	0.44966	0.18778	4e-05	0.29886	0.10316	0.02435	0.10578	0.1925	0.11997	0.35131	0.03321	0.03989	0.0	0.0	0.0197	0.01656	0.03051	0.37051	0.02708	0.02469	0.22415	4e-05	
6e-05	2e-05	0.0	0.0001	2e-05	5e-05	5e-05	0.00024	0.0	4e-05	0.0001	0.0	3e-05	0.0	0.0	4e-05	4e-05	0.0	4e-05	1e-05	0.00018	0.0	0.0	3e-05	0.0001	3e-05	0.0001	6e-05	0.0	3e-05	0.00011	0.0	4e-05	0.0	0.00021	4e-05	2e-05	0.00014	0.0	4e-05	4e-05	2e-05	0.0	2e-05	1e-05	1e-05	4e-05	1e-05	4e-05	0.0001	5e-05	0.00022	0.0	0.0	3e-05	1e-05	3e-05	0.00021	5e-05	0.0002	3e-05	2e-05	0.0	0.0001	0.00013	7e-05	0.0	5e-05	5e-05	1e-05	0.0	2e-05	4e-05	2e-05	1e-05	1e-05	0.0	0.0	4e-05	0.0001	6e-05	3e-05	3e-05	7e-05	3e-05	0.0	
0.0466	0.13181	5e-05	0.01357	0.04296	0.03682	0.09203	0.00523	4e-05	0.16007	0.0133	4e-05	0.02215	0.0	4e-05	0.0136	0.01805	4e-05	0.0	0.40737	0.24652	4e-05	4e-05	0.04612	0.0133	0.35086	0.0133	0.02181	4e-05	0.0217	0.19123	4e-05	0.0365	4e-05	0.00607	0.01508	0.02993	0.00901	4e-05	0.02532	0.04313	0.0304	0.0	0.05947	0.02708	0.04809	0.0616	0.04375	0.04009	0.01234	0.01206	0.00604	0.0	0.0394	0.02279	0.17129	0.02244	0.00607	0.05236	0.00968	0.02171	0.02864	0.0	0.01234	0.01051	0.01941	4e-05	0.20992	0.03318	0.01887	0.03909	0.02538	0.03006	0.12393	0.0253	0.03	0.0	0.0	0.01567	0.01351	0.32439	0.02006	0.50754	0.01968	0.02332	4e-05	
0.27025	0.17818	2e-05	0.01361	0.08628	0.03848	0.08192	0.00504	1e-05	0.21629	0.01334	1e-05	0.02297	0.0	1e-05	0.01382	0.01866	1e-05	0.40737	0.0	0.32451	1e-05	1e-05	0.36052	0.01334	0.18184	0.01334	0.02238	1e-05	0.02265	0.01109	1e-05	0.03814	1e-05	0.00588	0.0154	0.03157	0.00888	1e-05	0.02631	0.04526	0.03209	0.0	0.06372	0.02873	0.05219	0.07087	0.04693	0.07683	0.01234	0.30745	0.00585	0.0	0.09173	0.02379	0.10842	0.02332	0.00588	0.05516	0.00967	0.02255	0.03022	0.0	0.01234	0.01043	0.01982	1e-05	0.12619	0.03444	0.21539	0.04207	0.02665	0.03194	0.08851	0.02675	0.03199	0.0	0.0	0.01604	0.01356	0.17307	0.02086	0.22142	0.0201	0.11493	1e-05	
0.15439	0.2168	0.00019	0.00718	0.01222	0.01626	0.09742	0.00342	0.00018	0.35787	0.00705	0.00018	0.01013	0.0	0.00018	0.00677	0.00837	0.00018	0.24652	0.32451	0.0	0.00018	0.00018	0.00885	0.00705	0.11663	0.00705	0.01043	0.00018	0.00968	0.00615	0.00018	0.01613	0.00018	0.00384	0.00738	0.01279	0.00522	0.00018	0.01148	0.01871	0.01296	0.0	0.0238	0.01136	0.01852	0.02597	0.01753	0.01752	0.00665	0.00621	0.00386	0.0	0.01578	0.01014	0.06219	0.01019	0.00384	0.02231	0.00528	0.00987	0.01224	0.0	0.00665	0.00588	0.00949	0.00018	0.08195	0.01502	0.0084	0.01553	0.01106	0.01251	0.04721	0.01075	0.01234	0.0	0.0	0.00757	0.00713	0.12065	0.00909	0.13837	0.00959	0.01029	0.00018	
6e-05	2e-05	0.0	0.0001	2e-05	5e-05	5e-05	0.00024	0.0	4e-05	0.0001	0.0	3e-05	0.0	0.0	4e-05	4e-05	0.0	4e-05	1e-05	0.00018	0.0	0.0	3e-05	0.0001	3e-05	0.0001	6e-05	0.0	3e-05	0.00011	0.0	4e-05	0.0	0.00021	4e-05	2e-05	0.00014	0.0	4e-05	4e-05	2e-05	0.0	2e-05	1e-05	1e-05	4e-05	1e-05	4e-05	0.0001	5e-05	0.00022	0.0	0.0	3e-05	1e-05	3e-05	0.00021	5e-05	0.0002	3e-05	2e-05	0.0	0.0001	0.00013	7e-05	0.0	5e-05	5e-05	1e-05	0.0	2e-05	4e-05	2e-05	1e-05	1e-05	0.0	0.0	4e-05	0.0001	6e-05	3e-05	3e-05	7e-05	3e-05	0.0	
6e-05	2e-05	0.0	0.0001	2e-05	5e-05	5e-05	0.00024	0.0	4e-05	0.0001	0.0	3e-05	0.0	0.0	4e-05	4e-05	0.0	4e-05	1e-05	0.00018	0.0	0.0	3e-05	0.0001	3e-05	0.0001	6e-05	0.0	3e-05	0.00011	0.0	4e-05	0.0	0.00021	4e-05	2e-05	0.00014	0.0	4e-05	4e-05	2e-05	0.0	2e-05	1e-05	1e-05	4e-05	1e-05	4e-05	0.0001	5e-05	0.00022	0.0	0.0	3e-05	1e-05	3e-05	0.00021	5e-05	0.0002	3e-05	2e-05	0.0	0.0001	0.00013	7e-05	0.0	5e-05	5e-05	1e-05	0.0	2e-05	4e-05	2e-05	1e-05	1e-05	0.0	0.0	4e-05	0.0001	6e-05	3e-05	3e-05	7e-05	3e-05	0.0	
0.132	0.04933	4e-05	0.01767	0.03624	0.05121	0.03818	0.00644	3e-05	0.02153	0.01731	3e-05	0.03029	0.0	3e-05	0.01803	0.02454	3e-05	0.04612	0.36052	0.00885	3e-05	3e-05	0.0	0.01731	0.02397	0.01731	0.11579	3e-05	0.02995	0.01434	3e-05	0.05075	3e-05	0.00753	0.02013	0.08518	0.01143	3e-05	0.08682	0.06052	0.04279	0.0	0.03848	0.03834	0.07499	0.09021	0.06351	0.08761	0.33927	0.2918	0.0075	0.0	0.18499	0.03152	0.02093	0.03078	0.00753	0.07421	0.0125	0.02975	0.04026	0.0	0.33927	0.01346	0.14002	3e-05	0.01281	0.0458	0.21326	0.07612	0.21634	0.19019	0.02411	0.11378	0.07843	0.0	0.0	0.02099	0.01759	0.2983	0.02751	0.33952	0.02631	0.35216	3e-05	
0.01903	0.03062	0.00011	0.99977	0.25833	0.03265	0.21793	0.00532	0.0001	0.64897	0.99976	0.0001	0.01989	0.0	0.0001	0.01261	0.56032	0.0001	0.0133	0.01334	0.00705	0.0001	0.0001	0.01731	0.0	0.01987	0.99976	0.32542	0.0001	0.01929	0.01072	0.0001	0.03239	0.0001	0.00611	0.71075	0.0262	0.00881	0.0001	0.02267	0.11806	0.02657	0.0	0.30513	0.0235	0.11113	0.0805	0.03732	0.03543	0.01178	0.01133	0.00611	0.0	0.0336	0.02025	0.02676	0.0201	0.00611	0.04587	0.00926	0.29004	0.02505	0.0	0.01178	0.01016	0.01788	0.0001	0.18061	0.02974	0.01676	0.03321	0.23195	0.02602	0.32801	0.02207	0.02584	0.0	0.0	0.01437	0.01279	0.02181	0.50274	0.01876	0.01811	0.27914	0.0001	
0.01652	0.10941	4e-05	0.02031	0.03599	0.06085	0.04402	0.00722	3e-05	0.09848	0.01987	3e-05	0.03564	0.0	3e-05	0.02089	0.02877	3e-05	0.35086	0.18184	0.11663	3e-05	3e-05	0.02397	0.01987	0.0	0.01987	0.03429	3e-05	0.03213	0.21588	3e-05	0.06029	3e-05	0.00847	0.02338	0.11446	0.01297	3e-05	0.04098	0.07228	0.02071	0.0	0.10625	0.04592	0.08784	0.10563	0.09257	0.01853	0.01831	0.01828	0.00844	0.0	0.10549	0.15143	0.27868	0.03625	0.00847	0.10014	0.0143	0.03503	0.04805	0.0	0.01831	0.01535	0.03016	3e-05	0.10196	0.11265	0.03076	0.10888	0.04202	0.05152	0.1666	0.14173	0.10584	0.0	0.0	0.02444	0.02021	0.15807	0.0324	0.28796	0.03061	0.03829	3e-05	
0.01903	0.03062	0.00011	0.99977	0.25833	0.03265	0.21793	0.00532	0.0001	0.64897	0.99976	0.0001	0.01989	0.0	0.0001	0.01261	0.56032	0.0001	0.0133	0.01334	0.00705	0.0001	0.0001	0.01731	0.99976	0.01987	0.0	0.32542	0.0001	0.01929	0.01072	0.0001	0.03239	0.0001	0.00611	0.71075	0.0262	0.00881	0.0001	0.02267	0.11806	0.02657	0.0	0.30513	0.0235	0.11113	0.0805	0.03732	0.03543	0.01178	0.01133	0.00611	0.0	0.0336	0.02025	0.02676	0.0201	0.00611	0.04587	0.00926	0.29004	0.02505	0.0	0.01178	0.01016	0.01788	0.0001	0.18061	0.02974	0.01676	0.03321	0.23195	0.02602	0.32801	0.02207	0.02584	0.0	0.0	0.01437	0.01279	0.02181	0.50274	0.01876	0.01811	0.27914	0.0001	
0.03154	0.05462	8e-05	0.32465	0.11625	0.05717	0.05259	0.00766	6e-05	0.25912	0.32542	6e-05	0.03393	0.0	6e-05	0.02052	0.2389	6e-05	0.02181	0.02238	0.01043	6e-05	6e-05	0.11579	0.32542	0.03429	0.32542	0.0	6e-05	0.03335	0.01662	6e-05	0.05666	6e-05	0.00891	0.27232	0.05143	0.01335	6e-05	0.04721	0.01425	0.04727	0.0	0.21269	0.04213	0.25665	0.0026	0.0694	0.06247	0.29043	0.01817	0.00891	0.0	0.06551	0.03513	0.04833	0.03442	0.00891	0.08259	0.01443	0.09838	0.04446	0.0	0.29043	0.01564	0.09371	6e-05	0.03783	0.0515	0.02896	0.05087	0.42564	0.16082	0.18859	0.0817	0.04961	0.0	0.0	0.02375	0.02025	0.05608	0.22504	0.19551	0.02986	0.48891	6e-05	
6e-05	2e-05	0.0	0.0001	2e-05	5e-05	5e-05	0.00024	0.0	4e-05	0.0001	0.0	3e-05	0.0	0.0	4e-05	4e-05	0.0	4e-05	1e-05	0.00018	0.0	0.0	3e-05	0.0001	3e-05	0.0001	6e-05	0.0	3e-05	0.00011	0.0	4e-05	0.0	0.00021	4e-05	2e-05	0.00014	0.0	4e-05	4e-05	2e-05	0.0	2e-05	1e-05	1e-05	4e-05	1e-05	4e-05	0.0001	5e-05	0.00022	0.0	0.0	3e-05	1e-05	3e-05	0.00021	5e-05	0.0002	3e-05	2e-05	0.0	0.0001	0.00013	7e-05	0.0	5e-05	5e-05	1e-05	0.0	2e-05	4e-05	2e-05	1e-05	1e-05	0.0	0.0	4e-05	0.0001	6e-05	3e-05	3e-05	7e-05	3e-05	0.0	
0.08938	0.17446	6e-05	0.01973	0.37366	0.17072	0.06178	0.00699	3e-05	0.02442	0.01929	3e-05	0.4788	0.0	3e-05	0.0203	0.1928	3e-05	0.0217	0.02265	0.00968	3e-05	3e-05	0.02995	0.01929	0.03213	0.01929	0.03335	3e-05	0.0	0.05425	3e-05	0.17315	3e-05	0.0082	0.02274	0.04756	0.01258	3e-05	0.0399	0.13225	0.43238	0.0	0.07766	0.35195	0.25975	0.04566	0.25191	0.27869	0.01777	0.01778	0.0082	0.0	0.19096	0.03636	0.0516	0.46838	0.0082	0.09879	0.01388	0.08322	0.28776	0.0	0.01777	0.25234	0.09502	3e-05	0.05516	0.22084	0.02998	0.12329	0.04096	0.0724	0.1127	0.06867	0.04815	0.0	0.0	0.02377	0.01962	0.03711	0.03155	0.03327	0.02976	0.03731	3e-05	
0.01591	0.02499	0.00012	0.01094	0.02048	0.02681	0.02067	0.00469	0.00011	0.01223	0.01072	0.00011	0.01645	0.0	0.00011	0.0106	0.01352	0.00011	0.19123	0.01109	0.00615	0.00011	0.00011	0.01434	0.01072	0.21588	0.01072	0.01662	0.00011	0.05425	0.0	0.00011	0.0266	0.00011	0.00537	0.01164	0.02138	0.00761	0.00011	0.01872	0.0311	0.01835	0.0	0.0409	0.01913	0.03229	0.04372	0.03008	0.0063	0.01004	0.00958	0.00537	0.0	0.02709	0.01667	0.01738	0.01661	0.00537	0.03738	0.00791	0.01608	0.02045	0.0	0.01004	0.00872	0.01498	0.00011	0.01476	0.02452	0.0138	0.02674	0.01833	0.02113	0.08294	0.01801	0.02095	0.0	0.0	0.01201	0.01087	0.02977	0.01482	0.05205	0.01516	0.01697	0.00011	
6e-05	2e-05	0.0	0.0001	2e-05	5e-05	5e-05	0.00024	0.0	4e-05	0.0001	0.0	3e-05	0.0	0.0	4e-05	4e-05	0.0	4e-05	1e-05	0.00018	0.0	0.0	3e-05	0.0001	3e-05	0.0001	6e-05	0.0	3e-05	0.00011	0.0	4e-05	0.0	0.00021	4e-05	2e-05	0.00014	0.0	4e-05	4e-05	2e-05	0.0	2e-05	1e-05	1e-05	4e-05	1e-05	4e-05	0.0001	5e-05	0.00022	0.0	0.0	3e-05	1e-05	3e-05	0.00021	5e-05	0.0002	3e-05	2e-05	0.0	0.0001	0.00013	7e-05	0.0	5e-05	5e-05	1e-05	0.0	2e-05	4e-05	2e-05	1e-05	1e-05	0.0	0.0	4e-05	0.0001	6e-05	3e-05	3e-05	7e-05	3e-05	0.0	
0.00764	0.34442	9e-05	0.03324	0.2266	0.05155	5e-05	0.01162	4e-05	0.04117	0.03239	4e-05	0.26238	0.0	4e-05	0.03411	0.10379	4e-05	0.0365	0.03814	0.01613	4e-05	4e-05	0.05075	0.03239	0.06029	0.03239	0.05666	4e-05	0.17315	0.0266	4e-05	0.0	4e-05	0.01365	0.03828	0.09552	0.09019	4e-05	0.06824	0.2162	0.11104	0.0	0.28089	0.41745	0.20805	0.00026	0.16271	0.25469	0.02979	0.03	0.01375	0.0	0.11004	0.12572	0.02439	0.25848	0.01365	0.14452	0.02318	0.01584	0.35066	0.0	0.02979	0.109	0.01038	4e-05	0.00069	0.27016	0.12618	0.28262	0.02029	0.15219	0.02169	0.01536	0.15473	0.0	0.0	0.13752	0.1503	0.06328	0.13295	0.05657	0.0026	0.06369	4e-05	
6e-05	2e-05	0.0	0.0001	2e-05	5e-05	5e-05	0.00024	0.0	4e-05	0.0001	0.0	3e-05	0.0	0.0	4e-05	4e-05	0.0	4e-05	1e-05	0.00018	0.0	0.0	3e-05	0.0001	3e-05	0.0001	6e-05	0.0	3e-05	0.00011	0.0	4e-05	0.0	0.00021	4e-05	2e-05	0.00014	0.0	4e-05	4e-05	2e-05	0.0	2e-05	1e-05	1e-05	4e-05	1e-05	4e-05	0.0001	5e-05	0.00022	0.0	0.0	3e-05	1e-05	3e-05	0.00021	5e-05	0.0002	3e-05	2e-05	0.0	0.0001	0.00013	7e-05	0.0	5e-05	5e-05	1e-05	0.0	2e-05	4e-05	2e-05	1e-05	1e-05	0.0	0.0	4e-05	0.0001	6e-05	3e-05	3e-05	7e-05	3e-05	0.0	
0.00861	0.0126	0.00026	0.00624	0.0103	0.01376	0.01087	0.00307	0.00021	0.00656	0.00611	0.00021	0.0086	0.0	0.00021	0.22003	0.00713	0.00021	0.00607	0.00588	0.00384	0.00021	0.00021	0.00753	0.00611	0.00847	0.00611	0.00891	0.00021	0.0082	0.00537	0.00021	0.01365	0.00021	0.0	0.00632	0.0108	0.00459	0.00021	0.00975	0.0158	0.01092	0.0	0.01992	0.00955	0.01544	0.02187	0.01467	0.01481	0.00578	0.00539	0.00349	0.0	0.01322	0.0086	0.01081	0.00865	0.99952	0.01881	0.51362	0.00838	0.01032	0.0	0.00578	0.00514	0.00813	0.00021	0.01207	0.01278	0.00711	0.01299	0.00934	0.03419	0.01475	0.00906	0.01036	0.0	0.0	0.3216	0.00618	0.00963	0.00771	0.00801	0.00822	0.00871	0.00021	
0.02169	0.05925	5e-05	0.71058	0.23413	0.03861	0.19119	0.29435	4e-05	0.51617	0.71075	4e-05	0.0232	0.0	4e-05	0.01422	0.46024	4e-05	0.01508	0.0154	0.00738	4e-05	4e-05	0.02013	0.71075	0.02338	0.71075	0.27232	4e-05	0.02274	0.01164	4e-05	0.03828	4e-05	0.00632	0.0	0.03141	0.0094	4e-05	0.02653	0.11306	0.03189	0.0	0.2902	0.02841	0.11417	0.08471	0.04598	0.04205	0.01289	0.01261	0.0063	0.0	0.04141	0.02388	0.03248	0.02351	0.00632	0.05499	0.01011	0.25043	0.06381	0.0	0.01289	0.01097	0.02031	4e-05	0.16218	0.03479	0.01977	0.04109	0.20765	0.03156	0.30255	0.02654	0.03149	0.0	0.0	0.01639	0.01411	0.02516	0.42229	0.02204	0.02059	0.24571	4e-05	
0.04403	0.10133	4e-05	0.02685	0.04026	0.02164	0.06233	0.00915	2e-05	0.03392	0.0262	2e-05	0.02299	0.0	2e-05	0.02791	0.03932	2e-05	0.02993	0.03157	0.01279	2e-05	2e-05	0.08518	0.0262	0.11446	0.0262	0.05143	2e-05	0.04756	0.02138	2e-05	0.09552	2e-05	0.0108	0.03141	0.0	0.01677	2e-05	0.05537	0.07762	0.03079	0.0	0.10253	0.23886	0.12721	0.07751	0.14642	0.08453	0.17187	0.02433	0.0108	0.0	0.15975	0.31293	0.24975	0.02393	0.0108	0.09797	0.01878	0.04835	0.24689	0.0	0.17187	0.02002	0.06357	2e-05	0.07221	0.23403	0.36772	0.36346	0.14964	0.26604	0.04528	0.10948	0.38989	0.0	0.0	0.34294	0.39319	0.04361	0.30931	0.14853	0.03594	0.1487	2e-05	
0.01282	0.01959	0.00015	0.00898	0.01605	0.02117	0.01653	0.00404	0.00014	0.00983	0.00881	0.00014	0.01309	0.0	0.00014	0.00859	0.01079	0.00014	0.00901	0.00888	0.00522	0.00014	0.00014	0.01143	0.00881	0.01297	0.00881	0.01335	0.00014	0.01258	0.00761	0.00014	0.09019	0.00014	0.00459	0.0094	0.01677	0.0	0.00014	0.01487	0.02446	0.017	0.0	0.04172	0.01495	0.02478	0.03415	0.05237	0.02287	0.00828	0.00782	0.00459	0.0	0.02096	0.18563	0.01696	0.01319	0.00459	0.02928	0.00655	0.01278	0.01605	0.0	0.00828	0.00725	0.01209	0.00014	0.01846	0.01946	0.01092	0.18091	0.1325	0.01648	0.02322	0.13319	0.21458	0.0	0.0	0.00967	0.00892	0.01451	0.01177	0.01226	0.2204	0.0134	0.00014	
6e-05	2e-05	0.0	0.0001	2e-05	5e-05	5e-05	0.00024	0.0	4e-05	0.0001	0.0	3e-05	0.0	0.0	4e-05	4e-05	0.0	4e-05	1e-05	0.00018	0.0	0.0	3e-05	0.0001	3e-05	0.0001	6e-05	0.0	3e-05	0.00011	0.0	4e-05	0.0	0.00021	4e-05	2e-05	0.00014	0.0	4e-05	4e-05	2e-05	0.0	2e-05	1e-05	1e-05	4e-05	1e-05	4e-05	0.0001	5e-05	0.00022	0.0	0.0	3e-05	1e-05	3e-05	0.00021	5e-05	0.0002	3e-05	2e-05	0.0	0.0001	0.00013	7e-05	0.0	5e-05	5e-05	1e-05	0.0	2e-05	4e-05	2e-05	1e-05	1e-05	0.0	0.0	4e-05	0.0001	6e-05	3e-05	3e-05	7e-05	3e-05	0.0	
0.03685	0.06661	0.00011	0.02323	0.05451	0.00517	0.0509	0.00832	4e-05	0.02843	0.02267	4e-05	0.04028	0.0	4e-05	0.05719	0.03251	4e-05	0.02532	0.02631	0.01148	4e-05	4e-05	0.08682	0.02267	0.04098	0.02267	0.04721	4e-05	0.0399	0.01872	4e-05	0.06824	4e-05	0.00975	0.02653	0.05537	0.01487	4e-05	0.0	0.08186	0.0724	0.0	0.02347	0.05155	0.04667	0.00697	0.03216	0.07558	0.20646	0.0205	0.09673	0.0	0.12101	0.03821	0.05777	0.07928	0.00975	0.00879	0.07317	0.03956	0.05406	0.0	0.20646	0.01757	0.06354	4e-05	0.05834	0.06177	0.08141	0.05016	0.15284	0.16338	0.0433	0.06694	0.04269	0.0	0.0	0.0277	0.02305	0.03634	0.03656	0.15757	0.00474	0.1545	4e-05	
0.00286	0.24619	0.00012	0.1175	0.2459	0.02906	0.06141	0.01343	4e-05	0.11283	0.11806	4e-05	0.20833	0.0	4e-05	0.04024	0.18792	4e-05	0.04313	0.04526	0.01871	4e-05	4e-05	0.06052	0.11806	0.07228	0.11806	0.01425	4e-05	0.13225	0.0311	4e-05	0.2162	4e-05	0.0158	0.11306	0.07762	0.02446	4e-05	0.08186	0.0	0.08563	0.0	0.21124	0.31125	0.26465	0.03954	0.08624	0.16676	0.0349	0.0354	0.016	0.0	0.09726	0.12072	0.0255	0.20611	0.0158	0.12179	0.02711	0.18955	0.24965	0.0	0.0349	0.08793	0.00465	4e-05	0.03827	0.17405	0.11162	0.08957	0.03469	0.13616	0.08313	0.04673	0.08041	0.0	0.0	0.11489	0.12041	0.07554	0.22033	0.06773	0.05979	0.04565	4e-05	
0.02516	0.1186	6e-05	0.02723	0.2765	0.1754	0.01569	0.00927	2e-05	0.03444	0.02657	2e-05	0.4188	0.0	2e-05	0.07253	0.1109	2e-05	0.0304	0.03209	0.01296	2e-05	2e-05	0.04279	0.02657	0.02071	0.02657	0.04727	2e-05	0.43238	0.01835	2e-05	0.11104	2e-05	0.01092	0.03189	0.03079	0.017	2e-05	0.0724	0.08563	0.0	0.0	0.06569	0.26257	0.21993	0.05485	0.16915	0.18359	0.02437	0.02469	0.01095	0.0	0.21334	0.05283	0.07713	0.31795	0.01092	0.06653	0.01898	0.10465	0.20638	0.0	0.02437	0.11899	0.0279	2e-05	0.01533	0.07555	0.04324	0.07753	0.05984	0.04164	0.11802	0.04708	0.03731	0.0	0.0	0.03344	0.02704	0.05293	0.04533	0.04796	0.04989	0.05417	2e-05	
0.0	0.0	0.0	0.0	0.0	0.0	0.0	0.0	0.0	0.0	0.0	0.0	0.0	0.0	0.0	0.0	0.0	0.0	0.0	0.0	0.0	0.0	0.0	0.0	0.0	0.0	0.0	0.0	0.0	0.0	0.0	0.0	0.0	0.0	0.0	0.0	0.0	0.0	0.0	0.0	0.0	0.0	0.0	0.0	0.0	0.0	0.0	0.0	0.0	0.0	0.0	0.0	0.0	0.0	0.0	0.0	0.0	0.0	0.0	0.0	0.0	0.0	0.0	0.0	0.0	0.0	0.0	0.0	0.0	0.0	0.0	0.0	0.0	0.0	0.0	0.0	0.0	0.0	0.0	0.0	0.0	0.0	0.0	0.0	0.0	0.0	
0.01014	0.14044	9e-05	0.30715	0.27817	0.07567	0.1101	0.0168	2e-05	0.28829	0.30513	2e-05	0.12722	0.0	2e-05	0.05696	0.30318	2e-05	0.05947	0.06372	0.0238	2e-05	2e-05	0.03848	0.30513	0.10625	0.30513	0.21269	2e-05	0.07766	0.0409	2e-05	0.28089	2e-05	0.01992	0.2902	0.10253	0.04172	2e-05	0.02347	0.21124	0.06569	0.0	0.0	0.20931	0.18677	0.04721	0.09142	0.08351	0.06157	0.04954	0.02032	0.0	0.05769	0.06167	0.05396	0.12786	0.01992	0.07848	0.03579	0.20892	0.13512	0.0	0.06157	0.05038	0.1112	2e-05	0.09679	0.08322	0.10088	0.23581	0.19249	0.13394	0.19616	0.09183	0.12246	0.0	0.0	0.07725	0.06903	0.01186	0.3118	0.09815	0.01644	0.22527	2e-05	
0.04209	0.43341	4e-05	0.02407	0.38799	0.26496	0.03068	0.00809	1e-05	0.03075	0.0235	1e-05	0.46381	0.0	1e-05	0.14412	0.12337	1e-05	0.02708	0.02873	0.01136	1e-05	1e-05	0.03834	0.0235	0.04592	0.0235	0.04213	1e-05	0.35195	0.01913	1e-05	0.41745	1e-05	0.00955	0.02841	0.23886	0.01495	1e-05	0.05155	0.31125	0.26257	0.0	0.20931	0.0	0.39747	0.06491	0.25197	0.35117	0.02154	0.14685	0.00956	0.0	0.23393	0.27804	0.13411	0.45622	0.00955	0.23573	0.01678	0.04486	0.67334	0.0	0.02154	0.13571	0.04497	1e-05	0.02947	0.38874	0.26846	0.26034	0.05389	0.2033	0.0741	0.0539	0.2166	0.0	0.0	0.30859	0.34773	0.04724	0.2819	0.04308	0.03731	0.04873	1e-05	
0.05309	0.24154	0.00028	0.11259	0.34035	0.16676	0.05116	0.01298	1e-05	0.11657	0.11113	1e-05	0.32392	0.0	1e-05	0.04439	0.18435	1e-05	0.04809	0.05219	0.01852	1e-05	1e-05	0.07499	0.11113	0.08784	0.11113	0.25665	1e-05	0.25975	0.03229	1e-05	0.20805	1e-05	0.01544	0.11417	0.12721	0.02478	1e-05	0.04667	0.26465	0.21993	0.0	0.18677	0.39747	0.0	0.0512	0.18894	0.18189	0.09966	0.03689	0.0455	0.0	0.2407	0.16106	0.11607	0.35404	0.01544	0.25755	0.0498	0.16266	0.35102	0.0	0.09966	0.0921	0.1127	1e-05	0.04304	0.1742	0.13264	0.22007	0.17028	0.24868	0.16926	0.08206	0.13168	0.0	0.0	0.12462	0.12135	0.05336	0.20867	0.12569	0.03538	0.17957	1e-05	
0.00484	0.01671	0.00016	0.07998	0.01693	0.00018	0.00114	0.01853	4e-05	0.08762	0.0805	4e-05	0.01777	0.0	4e-05	0.0573	0.09448	4e-05	0.0616	0.07087	0.02597	4e-05	4e-05	0.09021	0.0805	0.10563	0.0805	0.0026	4e-05	0.04566	0.04372	4e-05	0.00026	4e-05	0.02187	0.08471	0.07751	0.03415	4e-05	0.00697	0.03954	0.05485	0.0	0.04721	0.06491	0.0512	0.0	0.09767	0.01065	0.04925	0.06122	0.03339	0.0	0.0136	0.07067	0.0618	0.02419	0.02187	0.08235	0.04477	0.02028	0.06072	0.0	0.04925	0.04083	0.08496	4e-05	0.00554	0.06499	0.13716	0.18978	0.04541	0.03482	0.08865	0.06661	0.06918	0.0	0.0	0.08726	0.08204	0.11075	0.14474	0.09931	0.00049	0.12957	4e-05	
0.14026	0.12473	0.0001	0.03844	0.2242	0.10369	0.13616	0.01237	1e-05	0.05009	0.03732	1e-05	0.22028	0.0	1e-05	0.02225	0.21664	1e-05	0.04375	0.04693	0.01753	1e-05	1e-05	0.06351	0.03732	0.09257	0.03732	0.0694	1e-05	0.25191	0.03008	1e-05	0.16271	1e-05	0.01467	0.04598	0.14642	0.05237	1e-05	0.03216	0.08624	0.16915	0.0	0.09142	0.25197	0.18894	0.09767	0.0	0.09497	0.03405	0.03294	0.03423	0.0	0.14424	0.22188	0.10672	0.23484	0.01467	0.20357	0.04043	0.15375	0.24282	0.0	0.03405	0.22685	0.14102	1e-05	0.14042	0.17621	0.12084	0.28545	0.03836	0.1433	0.15937	0.02706	0.11843	0.0	0.0	0.09088	0.08828	0.07852	0.10103	0.07221	0.08253	0.08262	1e-05	
0.06945	0.2829	9e-05	0.03639	0.20543	0.03777	0.00025	0.0126	4e-05	0.0453	0.03543	4e-05	0.22969	0.0	4e-05	0.03743	0.09808	4e-05	0.04009	0.07683	0.01752	4e-05	4e-05	0.08761	0.03543	0.01853	0.03543	0.06247	4e-05	0.27869	0.0063	4e-05	0.25469	4e-05	0.01481	0.04205	0.08453	0.02287	4e-05	0.07558	0.16676	0.18359	0.0	0.08351	0.35117	0.18189	0.01065	0.09497	0.0	0.03256	0.0749	0.01494	0.0	0.07635	0.12566	0.02457	0.22682	0.01481	0.1058	0.02531	0.0142	0.28757	0.0	0.03256	0.09644	0.00683	4e-05	0.00228	0.20935	0.17232	0.10674	0.07797	0.1382	0.03289	0.04426	0.08521	0.0	0.0	0.12397	0.13244	0.06989	0.12351	0.0626	0.05547	0.02297	4e-05	
0.01764	0.02809	0.00011	0.01201	0.02303	0.03003	0.02316	0.00504	0.0001	0.01357	0.01178	0.0001	0.01835	0.0	0.0001	0.01171	0.01505	0.0001	0.01234	0.01234	0.00665	0.0001	0.0001	0.33927	0.01178	0.01831	0.01178	0.29043	0.0001	0.01777	0.01004	0.0001	0.02979	0.0001	0.00578	0.01289	0.17187	0.00828	0.0001	0.20646	0.0349	0.02437	0.0	0.06157	0.02154	0.09966	0.04925	0.03405	0.03256	0.0	0.01055	0.00578	0.0	0.1439	0.01865	0.0245	0.01854	0.00578	0.04204	0.00866	0.01794	0.02298	0.0	0.99974	0.00952	0.35444	0.0001	0.02602	0.0274	0.01544	0.11852	0.39093	0.31093	0.0337	0.21257	0.14243	0.0	0.0	0.01332	0.01194	0.24795	0.01654	0.45096	0.01679	0.41528	0.0001	
0.15852	0.02851	7e-05	0.01157	0.02334	0.06547	0.02308	0.00465	5e-05	0.01333	0.01133	5e-05	0.01828	0.0	5e-05	0.24742	0.01493	5e-05	0.01206	0.30745	0.00621	5e-05	5e-05	0.2918	0.01133	0.01828	0.01133	0.01817	5e-05	0.01778	0.00958	5e-05	0.03	5e-05	0.00539	0.01261	0.02433	0.00782	5e-05	0.0205	0.0354	0.02469	0.0	0.04954	0.14685	0.03689	0.06122	0.03294	0.0749	0.01055	0.0	0.00509	0.0	0.08727	0.01777	0.02496	0.01849	0.00539	0.03971	0.06444	0.01789	0.02326	0.0	0.01055	0.00911	0.01629	5e-05	0.02606	0.02744	0.25476	0.03129	0.02066	0.03409	0.03461	0.02046	0.0241	0.0	0.0	0.01308	0.0115	0.01995	0.01647	0.01724	0.01649	0.12762	5e-05	
0.00865	0.01268	0.00023	0.00623	0.01032	0.01387	0.01092	0.00309	0.00022	0.00653	0.00611	0.00022	0.00862	0.0	0.00022	0.00582	0.00714	0.00022	0.00604	0.00585	0.00386	0.00022	0.00022	0.0075	0.00611	0.00844	0.00611	0.00891	0.00022	0.0082	0.00537	0.00022	0.01375	0.00022	0.00349	0.0063	0.0108	0.00459	0.00022	0.09673	0.016	0.01095	0.0	0.02032	0.00956	0.0455	0.03339	0.03423	0.01494	0.00578	0.00509	0.0	0.0	0.05179	0.00812	0.04839	0.23421	0.00349	0.03855	0.1044	0.0084	0.01034	0.0	0.00578	0.00521	0.00817	0.00022	0.01214	0.01284	0.00709	0.01308	0.00932	0.02334	0.0149	0.00903	0.01035	0.0	0.0	0.00648	0.00618	0.00963	0.00768	0.00798	0.00824	0.00868	0.00022	
0.0	0.0	0.0	0.0	0.0	0.0	0.0	0.0	0.0	0.0	0.0	0.0	0.0	0.0	0.0	0.0	0.0	0.0	0.0	0.0	0.0	0.0	0.0	0.0	0.0	0.0	0.0	0.0	0.0	0.0	0.0	0.0	0.0	0.0	0.0	0.0	0.0	0.0	0.0	0.0	0.0	0.0	0.0	0.0	0.0	0.0	0.0	0.0	0.0	0.0	0.0	0.0	0.0	0.0	0.0	0.0	0.0	0.0	0.0	0.0	0.0	0.0	0.0	0.0	0.0	0.0	0.0	0.0	0.0	0.0	0.0	0.0	0.0	0.0	0.0	0.0	0.0	0.0	0.0	0.0	0.0	0.0	0.0	0.0	0.0	0.0	
0.03946	0.1192	6e-05	0.03457	0.24459	0.12127	0.03311	0.01114	0.0	0.04511	0.0336	0.0	0.25688	0.0	0.0	0.03652	0.10135	0.0	0.0394	0.09173	0.01578	0.0	0.0	0.18499	0.0336	0.10549	0.0336	0.06551	0.0	0.19096	0.02709	0.0	0.11004	0.0	0.01322	0.04141	0.15975	0.02096	0.0	0.12101	0.09726	0.21334	0.0	0.05769	0.23393	0.2407	0.0136	0.14424	0.07635	0.1439	0.08727	0.05179	0.0	0.0	0.05334	0.09794	0.29902	0.01322	0.18363	0.03653	0.13259	0.18589	0.0	0.1439	0.0903	0.13445	0.0	0.03766	0.24558	0.10189	0.25525	0.15762	0.13278	0.07754	0.17919	0.15529	0.0	0.0	0.04365	0.03425	0.0621	0.0611	0.14788	0.09275	0.17162	0.0	
0.03323	0.13042	5e-05	0.02072	0.05005	0.05722	0.04626	0.00732	3e-05	0.02566	0.02025	3e-05	0.0366	0.0	3e-05	0.02133	0.02948	3e-05	0.02279	0.02379	0.01014	3e-05	3e-05	0.03152	0.02025	0.15143	0.02025	0.03513	3e-05	0.03636	0.01667	3e-05	0.12572	3e-05	0.0086	0.02388	0.31293	0.18563	3e-05	0.03821	0.12072	0.05283	0.0	0.06167	0.27804	0.16106	0.07067	0.22188	0.12566	0.01865	0.01777	0.00812	0.0	0.05334	0.0	0.24338	0.03724	0.0086	0.08555	0.0447	0.03597	0.30056	0.0	0.01865	0.01565	0.03088	3e-05	0.05316	0.18062	0.32076	0.32461	0.05004	0.18171	0.07752	0.16281	0.49169	0.0	0.0	0.39501	0.47285	0.03914	0.3407	0.03506	0.0531	0.03936	3e-05	
0.01141	0.07032	4e-05	0.02743	0.04581	0.10559	0.0211	0.00914	1e-05	0.07121	0.02676	1e-05	0.05131	0.0	1e-05	0.02878	0.04099	1e-05	0.17129	0.10842	0.06219	1e-05	1e-05	0.02093	0.02676	0.27868	0.02676	0.04833	1e-05	0.0516	0.01738	1e-05	0.02439	1e-05	0.01081	0.03248	0.24975	0.01696	1e-05	0.05777	0.0255	0.07713	0.0	0.05396	0.13411	0.11607	0.0618	0.10672	0.02457	0.0245	0.02496	0.04839	0.0	0.09794	0.24338	0.0	0.07563	0.01081	0.07759	0.01907	0.05055	0.14121	0.0	0.0245	0.02029	0.04203	1e-05	0.04122	0.09466	0.26163	0.13013	0.06228	0.05951	0.04624	0.14083	0.18799	0.0	0.0	0.1365	0.14546	0.06661	0.13401	0.16245	0.09476	0.05622	1e-05	
0.04412	0.25179	7e-05	0.02056	0.48792	0.25535	0.02149	0.00739	3e-05	0.0252	0.0201	3e-05	0.65176	0.0	3e-05	0.02103	0.14912	3e-05	0.02244	0.02332	0.01019	3e-05	3e-05	0.03078	0.0201	0.03625	0.0201	0.03442	3e-05	0.46838	0.01661	3e-05	0.25848	3e-05	0.00865	0.02351	0.02393	0.01319	3e-05	0.07928	0.20611	0.31795	0.0	0.12786	0.45622	0.35404	0.02419	0.23484	0.22682	0.01854	0.01849	0.23421	0.0	0.29902	0.03724	0.07563	0.0	0.00865	0.19465	0.01448	0.04368	0.38581	0.0	0.01854	0.19268	0.04922	3e-05	0.0163	0.20815	0.03067	0.1506	0.04182	0.04032	0.06014	0.0461	0.02749	0.0	0.0	0.02454	0.02044	0.03824	0.03236	0.03409	0.03078	0.03815	3e-05	
0.00861	0.0126	0.00026	0.00624	0.0103	0.01376	0.01087	0.00307	0.00021	0.00656	0.00611	0.00021	0.0086	0.0	0.00021	0.22003	0.00713	0.00021	0.00607	0.00588	0.00384	0.00021	0.00021	0.00753	0.00611	0.00847	0.00611	0.00891	0.00021	0.0082	0.00537	0.00021	0.01365	0.00021	0.99952	0.00632	0.0108	0.00459	0.00021	0.00975	0.0158	0.01092	0.0	0.01992	0.00955	0.01544	0.02187	0.01467	0.01481	0.00578	0.00539	0.00349	0.0	0.01322	0.0086	0.01081	0.00865	0.0	0.01881	0.51362	0.00838	0.01032	0.0	0.00578	0.00514	0.00813	0.00021	0.01207	0.01278	0.00711	0.01299	0.00934	0.03419	0.01475	0.00906	0.01036	0.0	0.0	0.3216	0.00618	0.00963	0.00771	0.00801	0.00822	0.00871	0.00021	
0.00036	0.17761	0.0002	0.04734	0.16548	0.0933	0.00526	0.01596	5e-05	0.05944	0.04587	5e-05	0.16483	0.0	5e-05	0.04877	0.08847	5e-05	0.05236	0.05516	0.02231	5e-05	5e-05	0.07421	0.04587	0.10014	0.04587	0.08259	5e-05	0.09879	0.03738	5e-05	0.14452	5e-05	0.01881	0.05499	0.09797	0.02928	5e-05	0.00879	0.12179	0.06653	0.0	0.07848	0.23573	0.25755	0.08235	0.20357	0.1058	0.04204	0.03971	0.03855	0.0	0.18363	0.08555	0.07759	0.19465	0.01881	0.0	0.04586	0.01376	0.17786	0.0	0.04204	0.06984	0.00103	5e-05	0.01165	0.37621	0.12199	0.18155	0.10516	0.11195	0.02948	0.12564	0.08558	0.0	0.0	0.09608	0.09503	0.09289	0.10584	0.08343	0.00548	0.09472	5e-05	
0.01384	0.02187	0.00031	0.00949	0.01794	0.05604	0.01807	0.00403	0.0002	0.01063	0.00926	0.0002	0.01434	0.0	0.0002	0.17217	0.01178	0.0002	0.00968	0.00967	0.00528	0.0002	0.0002	0.0125	0.00926	0.0143	0.00926	0.01443	0.0002	0.01388	0.00791	0.0002	0.02318	0.0002	0.51362	0.01011	0.01878	0.00655	0.0002	0.07317	0.02711	0.01898	0.0	0.03579	0.01678	0.0498	0.04477	0.04043	0.02531	0.00866	0.06444	0.1044	0.0	0.03653	0.0447	0.01907	0.01448	0.51362	0.04586	0.0	0.01402	0.01791	0.0	0.00866	0.00751	0.01299	0.0002	0.02028	0.02146	0.01207	0.02351	0.01604	0.14908	0.02618	0.01579	0.0184	0.0	0.0	0.25229	0.00939	0.01576	0.01294	0.01351	0.01315	0.01484	0.0002	
0.04977	0.02082	7e-05	0.28943	0.22914	0.01566	0.35491	0.00716	3e-05	0.24037	0.29004	3e-05	0.04369	0.0	3e-05	0.02035	0.63422	3e-05	0.02171	0.02255	0.00987	3e-05	3e-05	0.02975	0.29004	0.03503	0.29004	0.09838	3e-05	0.08322	0.01608	3e-05	0.01584	3e-05	0.00838	0.25043	0.04835	0.01278	3e-05	0.03956	0.18955	0.10465	0.0	0.20892	0.04486	0.16266	0.02028	0.15375	0.0142	0.01794	0.01789	0.0084	0.0	0.13259	0.03597	0.05055	0.04368	0.00838	0.01376	0.01402	0.0	0.03783	0.0	0.01794	0.20338	0.05508	3e-05	0.28975	0.05074	0.02965	0.04689	0.08942	0.04326	0.23652	0.04075	0.04925	0.0	0.0	0.02374	0.01978	0.03696	0.21412	0.03295	0.10061	0.11044	3e-05	
0.03419	0.65124	6e-05	0.02566	0.32854	0.15258	0.02251	0.05591	2e-05	0.03243	0.02505	2e-05	0.39225	0.0	2e-05	0.02669	0.12096	2e-05	0.02864	0.03022	0.01224	2e-05	2e-05	0.04026	0.02505	0.04805	0.02505	0.04446	2e-05	0.28776	0.02045	2e-05	0.35066	2e-05	0.01032	0.06381	0.24689	0.01605	2e-05	0.05406	0.24965	0.20638	0.0	0.13512	0.67334	0.35102	0.06072	0.24282	0.28757	0.02298	0.02326	0.01034	0.0	0.18589	0.30056	0.14121	0.38581	0.01032	0.17786	0.01791	0.03783	0.0	0.0	0.02298	0.13429	0.03725	2e-05	0.02131	0.32302	0.28988	0.21405	0.05619	0.2054	0.0584	0.0502	0.22201	0.0	0.0	0.33904	0.38824	0.04977	0.30562	0.04509	0.03945	0.0509	2e-05	
0.0	0.0	0.0	0.0	0.0	0.0	0.0	0.0	0.0	0.0	0.0	0.0	0.0	0.0	0.0	0.0	0.0	0.0	0.0	0.0	0.0	0.0	0.0	0.0	0.0	0.0	0.0	0.0	0.0	0.0	0.0	0.0	0.0	0.0	0.0	0.0	0.0	0.0	0.0	0.0	0.0	0.0	0.0	0.0	0.0	0.0	0.0	0.0	0.0	0.0	0.0	0.0	0.0	0.0	0.0	0.0	0.0	0.0	0.0	0.0	0.0	0.0	0.0	0.0	0.0	0.0	0.0	0.0	0.0	0.0	0.0	0.0	0.0	0.0	0.0	0.0	0.0	0.0	0.0	0.0	0.0	0.0	0.0	0.0	0.0	0.0	
0.01764	0.02809	0.00011	0.01201	0.02303	0.03003	0.02316	0.00504	0.0001	0.01357	0.01178	0.0001	0.01835	0.0	0.0001	0.01171	0.01505	0.0001	0.01234	0.01234	0.00665	0.0001	0.0001	0.33927	0.01178	0.01831	0.01178	0.29043	0.0001	0.01777	0.01004	0.0001	0.02979	0.0001	0.00578	0.01289	0.17187	0.00828	0.0001	0.20646	0.0349	0.02437	0.0	0.06157	0.02154	0.09966	0.04925	0.03405	0.03256	0.99974	0.01055	0.00578	0.0	0.1439	0.01865	0.0245	0.01854	0.00578	0.04204	0.00866	0.01794	0.02298	0.0	0.0	0.00952	0.35444	0.0001	0.02602	0.0274	0.01544	0.11852	0.39093	0.31093	0.0337	0.21257	0.14243	0.0	0.0	0.01332	0.01194	0.24795	0.01654	0.45096	0.01679	0.41528	0.0001	
0.25848	0.10097	0.00019	0.01039	0.14532	0.10778	0.15875	0.00451	0.00013	0.01151	0.01016	0.00013	0.19807	0.0	0.00013	0.01	0.44966	0.00013	0.01051	0.01043	0.00588	0.00013	0.00013	0.01346	0.01016	0.01535	0.01016	0.01564	0.00013	0.25234	0.00872	0.00013	0.109	0.00013	0.00514	0.01097	0.02002	0.00725	0.00013	0.01757	0.08793	0.11899	0.0	0.05038	0.13571	0.0921	0.04083	0.22685	0.09644	0.00952	0.00911	0.00521	0.0	0.0903	0.01565	0.02029	0.19268	0.00514	0.06984	0.00751	0.20338	0.13429	0.0	0.00952	0.0	0.27847	0.00013	0.13268	0.10945	0.01294	0.09446	0.01716	0.12758	0.07691	0.01683	0.01954	0.0	0.0	0.01132	0.0103	0.01705	0.0139	0.0145	0.01429	0.0159	0.00013	
0.06026	0.01558	0.00011	0.01829	0.04763	0.01002	0.02638	0.00701	7e-05	0.02159	0.01788	7e-05	0.04966	0.0	7e-05	0.01829	0.18778	7e-05	0.01941	0.01982	0.00949	7e-05	7e-05	0.14002	0.01788	0.03016	0.01788	0.09371	7e-05	0.09502	0.01498	7e-05	0.01038	7e-05	0.00813	0.02031	0.06357	0.01209	7e-05	0.06354	0.00465	0.0279	0.0	0.1112	0.04497	0.1127	0.08496	0.14102	0.00683	0.35444	0.01629	0.00817	0.0	0.13445	0.03088	0.04203	0.04922	0.00813	0.00103	0.01299	0.05508	0.03725	0.0	0.35444	0.27847	0.0	7e-05	0.01774	0.04572	0.02547	0.24725	0.2063	0.30168	0.0143	0.09575	0.05869	0.0	0.0	0.0211	0.01816	0.07563	0.02707	0.22403	0.02654	0.21348	7e-05	
6e-05	2e-05	0.0	0.0001	2e-05	5e-05	5e-05	0.00024	0.0	4e-05	0.0001	0.0	3e-05	0.0	0.0	4e-05	4e-05	0.0	4e-05	1e-05	0.00018	0.0	0.0	3e-05	0.0001	3e-05	0.0001	6e-05	0.0	3e-05	0.00011	0.0	4e-05	0.0	0.00021	4e-05	2e-05	0.00014	0.0	4e-05	4e-05	2e-05	0.0	2e-05	1e-05	1e-05	4e-05	1e-05	4e-05	0.0001	5e-05	0.00022	0.0	0.0	3e-05	1e-05	3e-05	0.00021	5e-05	0.0002	3e-05	2e-05	0.0	0.0001	0.00013	7e-05	0.0	5e-05	5e-05	1e-05	0.0	2e-05	4e-05	2e-05	1e-05	1e-05	0.0	0.0	4e-05	0.0001	6e-05	3e-05	3e-05	7e-05	3e-05	0.0	
