0.0	0.05126	0.02711	2e-05	0.01309	0.03827	0.02162	0.09478	0.06835	0.13508	0.07999	0.0	0.0	0.24312	0.04272	0.05761	0.05897	0.06232	0.09078	2e-05	2e-05	0.04031	0.02711	0.0	0.0	0.09549	0.13465	0.04992	0.14489	0.07174	0.10685	0.03235	0.0	0.08757	0.08496	0.01706	0.18625	0.0	0.09439	0.07728	0.05047	2e-05	0.0494	0.0766	0.07894	0.05761	0.0	0.07157	0.02334	0.07611	0.14022	0.0	0.06462	0.11961	0.1771	0.13214	0.0202	0.10118	2e-05	0.02067	0.02067	2e-05	0.11445	0.07682	0.04609	0.02025	2e-05	0.01754	0.07014	2e-05	2e-05	0.0	0.0	0.06973	0.06237	0.03827	0.03881	2e-05	2e-05	0.00065	2e-05	2e-05	0.09361	2e-05	2e-05	2e-05	2e-05	2e-05	2e-05	0.01613	0.01613	0.02964	2e-05	0.10763	0.05047	0.04775	2e-05	0.03827	2e-05	0.06916	2e-05	0.13298	0.07284	0.05767	0.03666	2e-05	0.01355	2e-05	2e-05	2e-05	2e-05	2e-05	0.05047	2e-05	0.02763	2e-05	0.06457	0.08592	2e-05	0.03827	2e-05	2e-05	0.07714	0.04234	0.02654	0.05133	0.03341	0.02067	0.05998	2e-05	0.04377	2e-05	0.12851	2e-05	0.05269	2e-05	0.15166	0.17972	
0.05126	0.0	0.35627	0.00012	0.01354	0.0091	0.0054	0.02321	0.0206	0.02708	0.0389	0.0	0.0	0.06297	0.01696	0.19123	0.01225	0.02042	0.01652	0.00012	0.00012	0.00946	0.35627	0.0	0.0	0.02412	0.01811	0.0195	0.01388	0.03521	0.0219	0.01481	0.0	0.0155	0.01437	0.02256	0.01239	0.0	0.01095	0.09105	0.01107	0.00012	0.01876	0.04438	0.17907	0.19123	0.0	0.01624	0.02368	0.02253	0.03238	0.0	0.02444	0.02605	0.00854	0.02593	0.00583	0.04974	0.00012	0.00522	0.00522	0.00012	0.01819	0.01352	0.00894	0.02498	0.00012	0.00522	0.02632	0.00012	0.00012	0.0	0.0	0.00991	0.01887	0.0091	0.00837	0.00012	0.00012	0.00016	0.00012	0.00012	0.00762	0.00012	0.00012	0.00012	0.00012	0.00012	0.00012	0.00429	0.00429	0.02178	0.00012	0.01848	0.01107	0.00969	0.00012	0.0091	0.00012	0.02064	0.00012	0.0212	0.01341	0.01603	0.15625	0.00012	0.00373	0.00012	0.00012	0.00012	0.00012	0.00012	0.01107	0.00012	0.01993	0.00012	0.0842	0.01592	0.00012	0.0091	0.00012	0.00012	0.02043	0.01146	0.02018	0.01056	0.0075	0.00522	0.01807	0.00012	0.2596	0.00012	0.05866	0.00012	0.00358	0.00012	0.02248	0.03853	
0.02711	0.35627	0.0	0.00019	0.00822	0.00582	0.00372	0.01285	0.01196	0.01566	0.13057	0.0	0.0	0.03314	0.0097	0.00685	0.00738	0.01148	0.00981	0.00019	0.00019	0.00604	0.99957	0.0	0.0	0.01345	0.01013	0.01101	0.00811	0.01915	0.01225	0.00862	0.0	0.00901	0.00835	0.01299	0.00734	0.0	0.0066	0.19829	0.0069	0.00019	0.01099	0.01099	0.32533	0.00685	0.0	0.00969	0.01313	0.0126	0.03596	0.0	0.01358	0.01444	0.00556	0.01429	0.00399	0.02743	0.00019	0.00361	0.00361	0.00019	0.01095	0.00792	0.00557	0.01428	0.00019	0.00363	0.01472	0.00019	0.00019	0.0	0.0	0.00627	0.01052	0.00582	0.00542	0.00019	0.00019	0.00022	0.00019	0.00019	0.005	0.00019	0.00019	0.00019	0.00019	0.00019	0.00019	0.00305	0.00305	0.01214	0.00019	0.01085	0.0069	0.00615	0.00019	0.00582	0.00019	0.01198	0.00019	0.01191	0.00786	0.00934	0.01003	0.00019	0.0027	0.00019	0.00019	0.00019	0.00019	0.00019	0.0069	0.00019	0.01119	0.00019	0.00737	0.00949	0.00019	0.00582	0.00019	0.00019	0.01187	0.00712	0.01174	0.00641	0.00494	0.00361	0.01024	0.00019	0.5715	0.00019	0.03165	0.00019	0.0247	0.00019	0.01228	0.02042	
2e-05	0.00012	0.00019	0.0	8e-05	0.00012	0.00022	2e-05	6e-05	4e-05	6e-05	0.0	0.0	2e-05	4e-05	7e-05	8e-05	3e-05	9e-05	0.0	0.0	0.00016	0.00019	0.0	0.0	3e-05	2e-05	4e-05	4e-05	2e-05	1e-05	4e-05	0.0	3e-05	6e-05	5e-05	7e-05	0.0	7e-05	6e-05	0.00011	0.0	7e-05	1e-05	4e-05	7e-05	0.0	7e-05	2e-05	2e-05	1e-05	0.0	3e-05	3e-05	0.00016	2e-05	0.00024	6e-05	0.0	0.00023	0.00024	0.0	0.0001	4e-05	6e-05	5e-05	0.0	0.00025	3e-05	0.0	0.0	0.0	0.0	0.00012	1e-05	0.00012	0.00014	0.0	0.0	0.0	0.0	0.0	0.00016	0.0	0.0	0.0	0.0	0.0	0.0	0.00029	0.00029	2e-05	0.0	8e-05	0.00011	0.00011	0.0	0.00012	0.0	6e-05	0.0	3e-05	4e-05	4e-05	3e-05	0.0	0.00033	0.0	0.0	0.0	0.0	0.0	0.00011	0.0	2e-05	0.0	0.0001	9e-05	0.0	0.00012	0.0	0.0	5e-05	0.00011	6e-05	5e-05	0.00016	0.00024	3e-05	0.0	7e-05	0.0	3e-05	0.0	2e-05	0.0	0.0	2e-05	
0.01309	0.01354	0.00822	8e-05	0.0	0.3709	0.00682	0.0337	0.0289	0.04183	0.02548	0.0	0.0	0.04684	0.08666	0.01562	0.01687	0.28748	0.0228	8e-05	8e-05	0.01248	0.00822	0.0	0.0	0.03933	0.0261	0.0279	0.01936	0.11558	0.1881	0.06794	0.0	0.02171	0.02013	0.04215	0.01712	0.0	0.01496	0.0194	0.0148	8e-05	0.02614	0.12488	0.02001	0.01562	0.0	0.0224	0.06663	0.11906	0.0593	0.0	0.0354	0.03794	0.01123	0.03787	0.00745	0.07283	8e-05	0.00657	0.00657	8e-05	0.04146	0.01882	0.23671	0.03545	8e-05	0.03822	0.03798	8e-05	8e-05	0.0	0.0	0.01313	0.02723	0.3709	0.01093	8e-05	8e-05	0.0002	8e-05	8e-05	0.00988	8e-05	8e-05	8e-05	8e-05	8e-05	8e-05	0.00533	0.00533	0.0668	8e-05	0.02573	0.0148	0.01282	8e-05	0.3709	8e-05	0.02895	8e-05	0.03045	0.17962	0.02249	0.08981	8e-05	0.00459	8e-05	8e-05	8e-05	8e-05	8e-05	0.0148	8e-05	0.11508	8e-05	0.01608	0.02192	8e-05	0.3709	8e-05	8e-05	0.02598	0.01537	0.02827	0.29243	0.00972	0.00657	0.02578	8e-05	0.01144	8e-05	0.00364	8e-05	0.06761	8e-05	0.03297	0.11867	
0.03827	0.0091	0.00582	0.00012	0.3709	0.0	0.00492	0.02004	0.01801	0.02459	0.01606	0.0	0.0	0.08271	0.20884	0.01006	0.01087	0.14674	0.01453	0.00012	0.00012	0.00847	0.00582	0.0	0.0	0.11861	0.01569	0.01692	0.01215	0.06448	0.33575	0.01297	0.0	0.01356	0.01257	0.15192	0.01089	0.0	0.00967	0.01216	0.00985	0.00012	0.01644	0.01717	0.01255	0.01006	0.0	0.01432	0.02045	0.23075	0.06223	0.0	0.02112	0.02254	0.00774	0.02238	0.00535	0.04286	0.00012	0.00476	0.00476	0.00012	0.16009	0.01184	0.00796	0.02175	0.00012	0.00484	0.02278	0.00012	0.00012	0.0	0.0	0.00885	0.01632	0.99969	0.00752	0.00012	0.00012	0.00022	0.00012	0.00012	0.00687	0.00012	0.00012	0.00012	0.00012	0.00012	0.00012	0.00394	0.00394	0.01883	0.00012	0.01621	0.00985	0.00867	0.00012	0.99969	0.00012	0.01804	0.00012	0.01837	0.01176	0.01407	0.229	0.00012	0.00343	0.00012	0.00012	0.00012	0.00012	0.00012	0.00985	0.00012	0.22586	0.00012	0.01061	0.01402	0.00012	0.99969	0.00012	0.00012	0.01787	0.01019	0.01766	0.65977	0.00677	0.00476	0.0157	0.00012	0.00763	0.00012	0.03895	0.00012	0.03909	0.00012	0.01934	0.06377	
0.02162	0.0054	0.00372	0.00022	0.00682	0.00492	0.0	0.01037	0.00979	0.01263	0.00883	0.0	0.0	0.0264	0.0079	0.00566	0.00614	0.0093	0.00809	0.00022	0.00022	0.0051	0.00372	0.0	0.0	0.01088	0.00821	0.00893	0.00664	0.03196	0.00996	0.00707	0.0	0.26115	0.00684	0.01061	0.00605	0.0	0.00547	0.00664	0.00578	0.00022	0.00902	0.00886	0.00686	0.00566	0.0	0.00801	0.05623	0.01021	0.02849	0.0	0.01097	0.09228	0.00476	0.0685	0.21053	0.02213	0.00022	0.00314	0.00314	0.00022	0.00915	0.00649	0.00466	0.01163	0.00022	0.00322	0.05002	0.00022	0.00022	0.0	0.0	0.00528	0.0085	0.00492	0.0046	0.00022	0.00022	0.0003	0.00022	0.00022	0.00427	0.00022	0.00022	0.00022	0.00022	0.00022	0.00022	0.00268	0.00268	0.00981	0.00022	0.00891	0.00578	0.00518	0.00022	0.00492	0.00022	0.00981	0.00022	0.12413	0.00645	0.00768	0.00822	0.00022	0.00239	0.00022	0.00022	0.00022	0.00022	0.00022	0.00578	0.00022	0.00906	0.00022	0.00615	0.00784	0.00022	0.00492	0.00022	0.00022	0.00972	0.00595	0.00962	0.00532	0.00421	0.00314	0.09035	0.00022	0.00448	0.00022	0.01983	0.00022	0.02452	0.00022	0.09143	0.01629	
0.09478	0.02321	0.01285	2e-05	0.0337	0.02004	0.01037	0.0	0.0358	0.11489	0.06156	0.0	0.0	0.1327	0.0594	0.02919	0.03779	0.13821	0.07323	2e-05	2e-05	0.02103	0.01285	0.0	0.0	0.07884	0.09001	0.05015	0.03828	0.14284	0.199	0.04038	0.0	0.04349	0.15902	0.03357	0.03288	0.0	0.02768	0.03852	0.17846	2e-05	0.05934	0.06659	0.03962	0.02919	0.0	0.04268	0.07845	0.03287	0.06608	0.0	0.08897	0.07855	0.01851	0.22309	0.01146	0.05089	2e-05	0.07023	0.07023	2e-05	0.10242	0.16069	0.05224	0.17697	2e-05	0.01009	0.15169	2e-05	2e-05	0.0	0.0	0.01208	0.30881	0.02004	0.13934	2e-05	2e-05	0.00419	2e-05	2e-05	0.01594	2e-05	2e-05	2e-05	2e-05	2e-05	2e-05	0.04588	0.04588	0.24462	2e-05	0.06071	0.17846	0.14379	2e-05	0.02004	2e-05	0.24157	2e-05	0.0586	0.16094	0.0636	0.0572	2e-05	0.04531	2e-05	2e-05	2e-05	2e-05	2e-05	0.17846	2e-05	0.32487	2e-05	0.07803	0.07818	2e-05	0.02004	2e-05	2e-05	0.05775	0.02705	0.01988	0.06972	0.11774	0.07023	0.14202	2e-05	0.06662	2e-05	0.23511	2e-05	0.15379	2e-05	0.13625	0.10475	
0.06835	0.0206	0.01196	6e-05	0.0289	0.01801	0.00979	0.0358	0.0	0.02718	0.04135	0.0	0.0	0.05822	0.0491	0.02475	0.03364	0.14058	0.03658	6e-05	6e-05	0.01884	0.01196	0.0	0.0	0.04729	0.04456	0.43252	0.10997	0.04974	0.05518	0.03382	0.0	0.01963	0.03291	0.27805	0.02746	0.0	0.09091	0.0319	0.02273	6e-05	0.04252	0.02622	0.03254	0.02475	0.0	0.12878	0.02421	0.05602	0.00823	0.0	0.01278	0.0427	0.02202	0.05513	0.01074	0.00531	6e-05	0.0094	0.00941	6e-05	0.04064	0.03051	0.01833	0.06558	6e-05	0.00952	0.00744	6e-05	6e-05	0.0	0.0	0.06224	0.05988	0.01801	0.01631	6e-05	6e-05	0.0002	6e-05	6e-05	0.1363	6e-05	6e-05	6e-05	6e-05	6e-05	6e-05	0.00752	0.00752	0.04985	6e-05	0.04179	0.02273	0.193	6e-05	0.01801	6e-05	0.01605	6e-05	0.05182	0.03022	0.29597	0.04698	6e-05	0.00642	6e-05	6e-05	6e-05	6e-05	6e-05	0.02273	6e-05	0.04031	6e-05	0.0249	0.03502	6e-05	0.01801	6e-05	6e-05	0.00218	0.02369	0.0177	0.0225	0.01434	0.00941	0.04335	6e-05	0.0175	6e-05	0.0114	6e-05	0.00912	6e-05	0.06066	0.08834	
0.13508	0.02708	0.01566	4e-05	0.04183	0.02459	0.01263	0.11489	0.02718	0.0	0.06857	0.0	0.0	0.02116	0.13698	0.20574	0.21299	0.1654	0.1588	4e-05	4e-05	0.13332	0.01566	0.0	0.0	0.11252	0.14529	0.17388	0.14382	0.13634	0.08518	0.05968	0.0	0.04037	0.21451	0.01772	0.21337	0.0	0.11877	0.12924	0.09234	4e-05	0.09144	0.18208	0.06861	0.20574	0.0	0.0341	0.07469	0.05927	0.14411	0.0	0.05579	0.2949	0.15567	0.08436	0.01427	0.21668	4e-05	0.0121	0.01208	4e-05	0.06846	0.0966	0.02559	0.06597	4e-05	0.01273	0.0502	4e-05	4e-05	0.0	0.0	0.02745	0.14789	0.02459	0.022	4e-05	4e-05	0.00043	4e-05	4e-05	0.01947	4e-05	4e-05	4e-05	4e-05	4e-05	4e-05	0.00952	0.00952	0.1082	4e-05	0.09586	0.09234	0.13891	4e-05	0.02459	4e-05	0.15675	4e-05	0.06465	0.09629	0.17804	0.13093	4e-05	0.00804	4e-05	4e-05	4e-05	4e-05	4e-05	0.09234	4e-05	0.15491	4e-05	0.02301	0.15098	4e-05	0.02459	4e-05	4e-05	0.03546	0.06726	0.0418	0.03233	0.01909	0.01208	0.11413	4e-05	0.02433	4e-05	0.07797	4e-05	0.04181	4e-05	0.14504	0.13727	
0.07999	0.0389	0.13057	6e-05	0.02548	0.01606	0.00883	0.06156	0.04135	0.06857	0.0	0.0	0.0	0.03044	0.03471	0.02177	0.02364	0.04295	0.09353	6e-05	6e-05	0.01677	0.13057	0.0	0.0	0.05172	0.09667	0.04075	0.05422	0.01696	0.16591	0.02952	0.0	0.03096	0.21681	0.04583	0.1346	0.0	0.02077	0.03846	0.29225	6e-05	0.06657	0.04309	0.10012	0.02177	0.0	0.03147	0.05104	0.0482	0.06333	0.0	0.01148	0.05826	0.17356	0.09694	0.00973	0.03654	6e-05	0.00849	0.00849	6e-05	0.14241	0.22573	0.01626	0.02833	6e-05	0.00869	0.02311	6e-05	6e-05	0.0	0.0	0.01772	0.0721	0.01606	0.01456	6e-05	6e-05	0.00027	6e-05	6e-05	0.01307	6e-05	6e-05	6e-05	6e-05	6e-05	6e-05	0.00681	0.00681	0.05956	6e-05	0.06931	0.29225	0.01728	6e-05	0.01606	6e-05	0.23216	6e-05	0.19776	0.22695	0.03217	0.03541	6e-05	0.00582	6e-05	6e-05	6e-05	6e-05	6e-05	0.29225	6e-05	0.076	6e-05	0.02203	0.10289	6e-05	0.01606	6e-05	6e-05	0.00777	0.02098	0.04038	0.01985	0.01284	0.00849	0.19342	6e-05	0.11315	6e-05	0.02468	6e-05	0.10388	6e-05	0.10363	0.1181	
0.0	0.0	0.0	0.0	0.0	0.0	0.0	0.0	0.0	0.0	0.0	0.0	0.0	0.0	0.0	0.0	0.0	0.0	0.0	0.0	0.0	0.0	0.0	0.0	0.0	0.0	0.0	0.0	0.0	0.0	0.0	0.0	0.0	0.0	0.0	0.0	0.0	0.0	0.0	0.0	0.0	0.0	0.0	0.0	0.0	0.0	0.0	0.0	0.0	0.0	0.0	0.0	0.0	0.0	0.0	0.0	0.0	0.0	0.0	0.0	0.0	0.0	0.0	0.0	0.0	0.0	0.0	0.0	0.0	0.0	0.0	0.0	0.0	0.0	0.0	0.0	0.0	0.0	0.0	0.0	0.0	0.0	0.0	0.0	0.0	0.0	0.0	0.0	0.0	0.0	0.0	0.0	0.0	0.0	0.0	0.0	0.0	0.0	0.0	0.0	0.0	0.0	0.0	0.0	0.0	0.0	0.0	0.0	0.0	0.0	0.0	0.0	0.0	0.0	0.0	0.0	0.0	0.0	0.0	0.0	0.0	0.0	0.0	0.0	0.0	0.0	0.0	0.0	0.0	0.0	0.0	0.0	0.0	0.0	0.0	0.0	0.0	0.0	
0.0	0.0	0.0	0.0	0.0	0.0	0.0	0.0	0.0	0.0	0.0	0.0	0.0	0.0	0.0	0.0	0.0	0.0	0.0	0.0	0.0	0.0	0.0	0.0	0.0	0.0	0.0	0.0	0.0	0.0	0.0	0.0	0.0	0.0	0.0	0.0	0.0	0.0	0.0	0.0	0.0	0.0	0.0	0.0	0.0	0.0	0.0	0.0	0.0	0.0	0.0	0.0	0.0	0.0	0.0	0.0	0.0	0.0	0.0	0.0	0.0	0.0	0.0	0.0	0.0	0.0	0.0	0.0	0.0	0.0	0.0	0.0	0.0	0.0	0.0	0.0	0.0	0.0	0.0	0.0	0.0	0.0	0.0	0.0	0.0	0.0	0.0	0.0	0.0	0.0	0.0	0.0	0.0	0.0	0.0	0.0	0.0	0.0	0.0	0.0	0.0	0.0	0.0	0.0	0.0	0.0	0.0	0.0	0.0	0.0	0.0	0.0	0.0	0.0	0.0	0.0	0.0	0.0	0.0	0.0	0.0	0.0	0.0	0.0	0.0	0.0	0.0	0.0	0.0	0.0	0.0	0.0	0.0	0.0	0.0	0.0	0.0	0.0	
0.24312	0.06297	0.03314	2e-05	0.04684	0.08271	0.0264	0.1327	0.05822	0.02116	0.03044	0.0	0.0	0.0	0.115	0.10633	0.10206	0.13573	0.05058	2e-05	2e-05	0.08746	0.03314	0.0	0.0	0.14182	0.17173	0.16013	0.04219	0.08698	0.12141	0.06084	0.0	0.05571	0.11896	0.07219	0.11583	0.0	0.09809	0.13123	0.05291	2e-05	0.05607	0.0819	0.07164	0.10633	0.0	0.09433	0.04807	0.2157	0.11258	0.0	0.13228	0.02714	0.04476	0.15718	0.02148	0.03001	2e-05	0.02523	0.02524	2e-05	0.1046	0.08023	0.04432	0.08743	2e-05	0.02038	0.05159	2e-05	2e-05	0.0	0.0	0.01432	0.10982	0.08271	0.04754	2e-05	2e-05	0.00083	2e-05	2e-05	0.03146	2e-05	2e-05	2e-05	2e-05	2e-05	2e-05	0.01969	0.01969	0.1739	2e-05	0.05523	0.05291	0.04388	2e-05	0.08271	2e-05	0.04616	2e-05	0.07644	0.07922	0.09281	0.08295	2e-05	0.01653	2e-05	2e-05	2e-05	2e-05	2e-05	0.05291	2e-05	0.12058	2e-05	0.07959	0.04628	2e-05	0.08271	2e-05	2e-05	0.04507	0.04681	0.00404	0.0968	0.04087	0.02524	0.08691	2e-05	0.05361	2e-05	0.10886	2e-05	0.06755	2e-05	0.05226	0.09236	
0.04272	0.01696	0.0097	4e-05	0.08666	0.20884	0.0079	0.0594	0.0491	0.13698	0.03471	0.0	0.0	0.115	0.0	0.02069	0.04031	0.27707	0.03061	4e-05	4e-05	0.01546	0.0097	0.0	0.0	0.03813	0.22388	0.06046	0.02653	0.14378	0.14983	0.17079	0.0	0.02996	0.02781	0.27063	0.02305	0.0	0.30034	0.02665	0.01877	4e-05	0.03572	0.12881	0.02743	0.02069	0.0	0.02992	0.10926	0.19277	0.13817	0.0	0.05235	0.1163	0.01372	0.05686	0.00872	0.03771	4e-05	0.00758	0.00758	4e-05	0.12825	0.0257	0.01515	0.12066	4e-05	0.00773	0.09745	4e-05	4e-05	0.0	0.0	0.01638	0.06369	0.20884	0.01333	4e-05	4e-05	0.00022	4e-05	4e-05	0.0119	4e-05	4e-05	4e-05	4e-05	4e-05	4e-05	0.00604	0.00604	0.0569	4e-05	0.03509	0.01877	0.23212	4e-05	0.20884	4e-05	0.04898	4e-05	0.04424	0.02545	0.17884	0.82686	4e-05	0.00513	4e-05	4e-05	4e-05	4e-05	4e-05	0.01877	4e-05	0.21885	4e-05	0.02061	0.15982	4e-05	0.20884	4e-05	4e-05	0.03959	0.23467	0.05096	0.18305	0.01168	0.00758	0.03694	4e-05	0.01445	4e-05	0.03105	4e-05	0.09918	4e-05	0.08096	0.08059	
0.05761	0.19123	0.00685	7e-05	0.01562	0.01006	0.00566	0.02919	0.02475	0.20574	0.02177	0.0	0.0	0.10633	0.02069	0.0	0.46759	0.13948	0.21693	7e-05	7e-05	0.61715	0.00685	0.0	0.0	0.2808	0.02259	0.30083	0.01659	0.04504	0.08029	0.01776	0.0	0.01861	0.36597	0.02728	0.41462	0.0	0.01273	0.37592	0.0125	7e-05	0.17976	0.34739	0.24856	0.99981	0.0	0.01908	0.02975	0.08373	0.07689	0.0	0.03062	0.03278	0.00945	0.03279	0.00623	0.06867	7e-05	0.00545	0.00545	7e-05	0.02144	0.01612	0.0101	0.03043	7e-05	0.00558	0.03277	7e-05	7e-05	0.0	0.0	0.01105	0.02358	0.01006	0.00916	7e-05	7e-05	0.00023	7e-05	7e-05	0.00826	7e-05	7e-05	7e-05	7e-05	7e-05	7e-05	0.00441	0.00441	0.02722	7e-05	0.18361	0.0125	0.01079	7e-05	0.01006	7e-05	0.02479	7e-05	0.0263	0.01598	0.01928	0.21246	7e-05	0.00379	7e-05	7e-05	7e-05	7e-05	7e-05	0.0125	7e-05	0.02474	7e-05	0.1581	0.01867	7e-05	0.01006	7e-05	7e-05	0.02452	0.01299	0.0242	0.0122	0.00813	0.00545	0.02224	7e-05	0.00966	7e-05	0.05944	7e-05	0.05918	7e-05	0.02868	0.07786	
0.05897	0.01225	0.00738	8e-05	0.01687	0.01087	0.00614	0.03779	0.03364	0.21299	0.02364	0.0	0.0	0.10206	0.04031	0.46759	0.0	0.27524	0.22153	8e-05	8e-05	0.6522	0.00738	0.0	0.0	0.34506	0.0245	0.3828	0.01787	0.07289	0.08356	0.0192	0.0	0.02002	0.3783	0.03335	0.43001	0.0	0.01374	0.38867	0.01357	8e-05	0.2952	0.17435	0.25416	0.46759	0.0	0.02067	0.03238	0.08747	0.08159	0.0	0.03322	0.03631	0.01036	0.03603	0.00685	0.07715	8e-05	0.00591	0.00588	8e-05	0.02387	0.01736	0.01085	0.03379	8e-05	0.00612	0.03439	8e-05	8e-05	0.0	0.0	0.01187	0.0352	0.01087	0.00988	8e-05	8e-05	0.00027	8e-05	8e-05	0.00889	8e-05	8e-05	8e-05	8e-05	8e-05	8e-05	0.00476	0.00476	0.03572	8e-05	0.18668	0.01357	0.17741	8e-05	0.01087	8e-05	0.03294	8e-05	0.0286	0.01723	0.04709	0.04213	8e-05	0.00409	8e-05	8e-05	8e-05	8e-05	8e-05	0.01357	8e-05	0.03736	8e-05	0.01462	0.02034	8e-05	0.01087	8e-05	8e-05	0.02658	0.01413	0.03417	0.0131	0.00874	0.00588	0.02397	8e-05	0.01034	8e-05	0.05464	8e-05	0.06272	8e-05	0.04478	0.07928	
0.06232	0.02042	0.01148	3e-05	0.28748	0.14674	0.0093	0.13821	0.14058	0.1654	0.04295	0.0	0.0	0.13573	0.27707	0.13948	0.27524	0.0	0.04103	3e-05	3e-05	0.15536	0.01148	0.0	0.0	0.13627	0.04838	0.24727	0.03283	0.15998	0.1674	0.03608	0.0	0.03719	0.13297	0.12422	0.13646	0.0	0.02404	0.13357	0.02267	3e-05	0.03153	0.1498	0.06648	0.13948	0.0	0.03683	0.06215	0.12002	0.139	0.0	0.06682	0.07266	0.01643	0.07323	0.0103	0.04032	3e-05	0.00892	0.00892	3e-05	0.03684	0.03177	0.10827	0.12532	3e-05	0.01569	0.11668	3e-05	3e-05	0.0	0.0	0.0197	0.14104	0.14674	0.01592	3e-05	3e-05	0.00024	3e-05	3e-05	0.01416	3e-05	3e-05	3e-05	3e-05	3e-05	3e-05	0.00707	0.00707	0.13985	3e-05	0.03247	0.02267	0.35176	3e-05	0.14674	3e-05	0.14044	3e-05	0.05601	0.10362	0.18681	0.29038	3e-05	0.00599	3e-05	3e-05	3e-05	3e-05	3e-05	0.02267	3e-05	0.18354	3e-05	0.02499	0.03597	3e-05	0.14674	3e-05	3e-05	0.01522	0.02369	0.14279	0.13433	0.0139	0.00892	0.04648	3e-05	0.01743	3e-05	0.04969	3e-05	0.13856	3e-05	0.15544	0.21052	
0.09078	0.01652	0.00981	9e-05	0.0228	0.01453	0.00809	0.07323	0.03658	0.1588	0.09353	0.0	0.0	0.05058	0.03061	0.21693	0.22153	0.04103	0.0	9e-05	9e-05	0.27221	0.00981	0.0	0.0	0.16129	0.1139	0.16619	0.02439	0.02119	0.30091	0.02618	0.0	0.02743	0.80887	0.04045	0.20481	0.0	0.01857	0.19133	0.35592	9e-05	0.62834	0.08145	0.09645	0.21693	0.0	0.02807	0.04457	0.0396	0.09145	0.0	0.04587	0.04857	0.01373	0.09596	0.00896	0.12322	9e-05	0.00778	0.00779	9e-05	0.17895	0.2647	0.01464	0.04222	9e-05	0.00807	0.0334	9e-05	9e-05	0.0	0.0	0.01599	0.08654	0.01453	0.01321	9e-05	9e-05	0.00037	9e-05	9e-05	0.01188	9e-05	9e-05	9e-05	9e-05	9e-05	9e-05	0.00628	0.00628	0.0725	9e-05	0.65484	0.35592	0.01561	9e-05	0.01453	9e-05	0.06958	9e-05	0.0646	0.26637	0.02856	0.03134	9e-05	0.00538	9e-05	9e-05	9e-05	9e-05	9e-05	0.35592	9e-05	0.09153	9e-05	0.01979	0.13133	9e-05	0.01453	9e-05	9e-05	0.03624	0.01887	0.03574	0.01778	0.01168	0.00779	0.21995	9e-05	0.014	9e-05	0.00737	9e-05	0.08952	9e-05	0.08067	0.08497	
2e-05	0.00012	0.00019	0.0	8e-05	0.00012	0.00022	2e-05	6e-05	4e-05	6e-05	0.0	0.0	2e-05	4e-05	7e-05	8e-05	3e-05	9e-05	0.0	0.0	0.00016	0.00019	0.0	0.0	3e-05	2e-05	4e-05	4e-05	2e-05	1e-05	4e-05	0.0	3e-05	6e-05	5e-05	7e-05	0.0	7e-05	6e-05	0.00011	0.0	7e-05	1e-05	4e-05	7e-05	0.0	7e-05	2e-05	2e-05	1e-05	0.0	3e-05	3e-05	0.00016	2e-05	0.00024	6e-05	0.0	0.00023	0.00024	0.0	0.0001	4e-05	6e-05	5e-05	0.0	0.00025	3e-05	0.0	0.0	0.0	0.0	0.00012	1e-05	0.00012	0.00014	0.0	0.0	0.0	0.0	0.0	0.00016	0.0	0.0	0.0	0.0	0.0	0.0	0.00029	0.00029	2e-05	0.0	8e-05	0.00011	0.00011	0.0	0.00012	0.0	6e-05	0.0	3e-05	4e-05	4e-05	3e-05	0.0	0.00033	0.0	0.0	0.0	0.0	0.0	0.00011	0.0	2e-05	0.0	0.0001	9e-05	0.0	0.00012	0.0	0.0	5e-05	0.00011	6e-05	5e-05	0.00016	0.00024	3e-05	0.0	7e-05	0.0	3e-05	0.0	2e-05	0.0	0.0	2e-05	
2e-05	0.00012	0.00019	0.0	8e-05	0.00012	0.00022	2e-05	6e-05	4e-05	6e-05	0.0	0.0	2e-05	4e-05	7e-05	8e-05	3e-05	9e-05	0.0	0.0	0.00016	0.00019	0.0	0.0	3e-05	2e-05	4e-05	4e-05	2e-05	1e-05	4e-05	0.0	3e-05	6e-05	5e-05	7e-05	0.0	7e-05	6e-05	0.00011	0.0	7e-05	1e-05	4e-05	7e-05	0.0	7e-05	2e-05	2e-05	1e-05	0.0	3e-05	3e-05	0.00016	2e-05	0.00024	6e-05	0.0	0.00023	0.00024	0.0	0.0001	4e-05	6e-05	5e-05	0.0	0.00025	3e-05	0.0	0.0	0.0	0.0	0.00012	1e-05	0.00012	0.00014	0.0	0.0	0.0	0.0	0.0	0.00016	0.0	0.0	0.0	0.0	0.0	0.0	0.00029	0.00029	2e-05	0.0	8e-05	0.00011	0.00011	0.0	0.00012	0.0	6e-05	0.0	3e-05	4e-05	4e-05	3e-05	0.0	0.00033	0.0	0.0	0.0	0.0	0.0	0.00011	0.0	2e-05	0.0	0.0001	9e-05	0.0	0.00012	0.0	0.0	5e-05	0.00011	6e-05	5e-05	0.00016	0.00024	3e-05	0.0	7e-05	0.0	3e-05	0.0	2e-05	0.0	0.0	2e-05	
0.04031	0.00946	0.00604	0.00016	0.01248	0.00847	0.0051	0.02103	0.01884	0.13332	0.01677	0.0	0.0	0.08746	0.01546	0.61715	0.6522	0.15536	0.27221	0.00016	0.00016	0.0	0.00604	0.0	0.0	0.32161	0.0165	0.35507	0.01271	0.03179	0.08343	0.01358	0.0	0.01418	0.46321	0.02059	0.55022	0.0	0.01009	0.48049	0.01025	0.00016	0.21744	0.18846	0.30857	0.61715	0.0	0.015	0.02146	0.0862	0.04482	0.0	0.02216	0.02375	0.00816	0.02355	0.00563	0.05688	0.00016	0.00493	0.00493	0.00016	0.01717	0.01238	0.00828	0.02276	0.00016	0.00517	0.02389	0.00016	0.00016	0.0	0.0	0.0092	0.01712	0.00847	0.0078	0.00016	0.00016	0.0004	0.00016	0.00016	0.00713	0.00016	0.00016	0.00016	0.00016	0.00016	0.00016	0.00408	0.00408	0.01976	0.00016	0.22303	0.01025	0.00901	0.00016	0.00847	0.00016	0.01887	0.00016	0.01926	0.01229	0.0148	0.01601	0.00016	0.00355	0.00016	0.00016	0.00016	0.00016	0.00016	0.01025	0.00016	0.01811	0.00016	0.01105	0.01463	0.00016	0.00847	0.00016	0.00016	0.01868	0.01061	0.01846	0.00974	0.00702	0.00493	0.01645	0.00016	0.00794	0.00016	0.04094	0.00016	0.0411	0.00016	0.02032	0.06738	
0.02711	0.35627	0.99957	0.00019	0.00822	0.00582	0.00372	0.01285	0.01196	0.01566	0.13057	0.0	0.0	0.03314	0.0097	0.00685	0.00738	0.01148	0.00981	0.00019	0.00019	0.00604	0.0	0.0	0.0	0.01345	0.01013	0.01101	0.00811	0.01915	0.01225	0.00862	0.0	0.00901	0.00835	0.01299	0.00734	0.0	0.0066	0.19829	0.0069	0.00019	0.01099	0.01099	0.32533	0.00685	0.0	0.00969	0.01313	0.0126	0.03596	0.0	0.01358	0.01444	0.00556	0.01429	0.00399	0.02743	0.00019	0.00361	0.00361	0.00019	0.01095	0.00792	0.00557	0.01428	0.00019	0.00363	0.01472	0.00019	0.00019	0.0	0.0	0.00627	0.01052	0.00582	0.00542	0.00019	0.00019	0.00022	0.00019	0.00019	0.005	0.00019	0.00019	0.00019	0.00019	0.00019	0.00019	0.00305	0.00305	0.01214	0.00019	0.01085	0.0069	0.00615	0.00019	0.00582	0.00019	0.01198	0.00019	0.01191	0.00786	0.00934	0.01003	0.00019	0.0027	0.00019	0.00019	0.00019	0.00019	0.00019	0.0069	0.00019	0.01119	0.00019	0.00737	0.00949	0.00019	0.00582	0.00019	0.00019	0.01187	0.00712	0.01174	0.00641	0.00494	0.00361	0.01024	0.00019	0.5715	0.00019	0.03165	0.00019	0.0247	0.00019	0.01228	0.02042	
0.0	0.0	0.0	0.0	0.0	0.0	0.0	0.0	0.0	0.0	0.0	0.0	0.0	0.0	0.0	0.0	0.0	0.0	0.0	0.0	0.0	0.0	0.0	0.0	0.0	0.0	0.0	0.0	0.0	0.0	0.0	0.0	0.0	0.0	0.0	0.0	0.0	0.0	0.0	0.0	0.0	0.0	0.0	0.0	0.0	0.0	0.0	0.0	0.0	0.0	0.0	0.0	0.0	0.0	0.0	0.0	0.0	0.0	0.0	0.0	0.0	0.0	0.0	0.0	0.0	0.0	0.0	0.0	0.0	0.0	0.0	0.0	0.0	0.0	0.0	0.0	0.0	0.0	0.0	0.0	0.0	0.0	0.0	0.0	0.0	0.0	0.0	0.0	0.0	0.0	0.0	0.0	0.0	0.0	0.0	0.0	0.0	0.0	0.0	0.0	0.0	0.0	0.0	0.0	0.0	0.0	0.0	0.0	0.0	0.0	0.0	0.0	0.0	0.0	0.0	0.0	0.0	0.0	0.0	0.0	0.0	0.0	0.0	0.0	0.0	0.0	0.0	0.0	0.0	0.0	0.0	0.0	0.0	0.0	0.0	0.0	0.0	0.0	
0.0	0.0	0.0	0.0	0.0	0.0	0.0	0.0	0.0	0.0	0.0	0.0	0.0	0.0	0.0	0.0	0.0	0.0	0.0	0.0	0.0	0.0	0.0	0.0	0.0	0.0	0.0	0.0	0.0	0.0	0.0	0.0	0.0	0.0	0.0	0.0	0.0	0.0	0.0	0.0	0.0	0.0	0.0	0.0	0.0	0.0	0.0	0.0	0.0	0.0	0.0	0.0	0.0	0.0	0.0	0.0	0.0	0.0	0.0	0.0	0.0	0.0	0.0	0.0	0.0	0.0	0.0	0.0	0.0	0.0	0.0	0.0	0.0	0.0	0.0	0.0	0.0	0.0	0.0	0.0	0.0	0.0	0.0	0.0	0.0	0.0	0.0	0.0	0.0	0.0	0.0	0.0	0.0	0.0	0.0	0.0	0.0	0.0	0.0	0.0	0.0	0.0	0.0	0.0	0.0	0.0	0.0	0.0	0.0	0.0	0.0	0.0	0.0	0.0	0.0	0.0	0.0	0.0	0.0	0.0	0.0	0.0	0.0	0.0	0.0	0.0	0.0	0.0	0.0	0.0	0.0	0.0	0.0	0.0	0.0	0.0	0.0	0.0	
0.09549	0.02412	0.01345	3e-05	0.03933	0.11861	0.01088	0.07884	0.04729	0.11252	0.05172	0.0	0.0	0.14182	0.03813	0.2808	0.34506	0.13627	0.16129	3e-05	3e-05	0.32161	0.01345	0.0	0.0	0.0	0.05563	0.27164	0.09194	0.04585	0.18894	0.04259	0.0	0.02175	0.26079	0.17061	0.27216	0.0	0.02862	0.26295	0.02688	3e-05	0.11609	0.17189	0.18354	0.2808	0.0	0.09297	0.02927	0.13003	0.11214	0.0	0.08225	0.0327	0.02176	0.07769	0.04067	0.05718	3e-05	0.01043	0.01043	3e-05	0.03697	0.03808	0.02162	0.01567	3e-05	0.01073	0.10694	3e-05	3e-05	0.0	0.0	0.04359	0.0801	0.11861	0.01874	3e-05	3e-05	0.00028	3e-05	3e-05	0.09168	3e-05	3e-05	3e-05	3e-05	3e-05	3e-05	0.00824	0.00824	0.05713	3e-05	0.14809	0.02688	0.02264	3e-05	0.11861	3e-05	0.06036	3e-05	0.02565	0.03768	0.06015	0.03475	3e-05	0.00698	3e-05	3e-05	3e-05	3e-05	3e-05	0.02688	3e-05	0.07148	3e-05	0.02964	0.04312	3e-05	0.11861	3e-05	3e-05	0.01181	0.00873	0.05858	0.11186	0.01633	0.01043	0.0564	3e-05	0.02059	3e-05	0.0681	3e-05	0.03985	3e-05	0.07996	0.08101	
0.13465	0.01811	0.01013	2e-05	0.0261	0.01569	0.00821	0.09001	0.04456	0.14529	0.09667	0.0	0.0	0.17173	0.22388	0.02259	0.0245	0.04838	0.1139	2e-05	2e-05	0.0165	0.01013	0.0	0.0	0.05563	0.0	0.04563	0.04175	0.05944	0.13277	0.24172	0.0	0.11549	0.20993	0.04991	0.02536	0.0	0.25491	0.02954	0.25494	2e-05	0.0933	0.14576	0.036	0.02259	0.0	0.02619	0.09563	0.22633	0.13584	0.0	0.10441	0.14444	0.01457	0.1117	0.04087	0.07046	2e-05	0.00787	0.00786	2e-05	0.42988	0.21525	0.01623	0.14587	2e-05	0.00804	0.26012	2e-05	2e-05	0.0	0.0	0.01746	0.12498	0.01569	0.0141	2e-05	2e-05	0.00021	2e-05	2e-05	0.01252	2e-05	2e-05	2e-05	2e-05	2e-05	2e-05	0.00622	0.00622	0.08755	2e-05	0.0954	0.25494	0.01701	2e-05	0.01569	2e-05	0.08124	2e-05	0.09568	0.21599	0.08511	0.08585	2e-05	0.00527	2e-05	2e-05	2e-05	2e-05	2e-05	0.25494	2e-05	0.10061	2e-05	0.0222	0.40367	2e-05	0.01569	2e-05	2e-05	0.0441	0.19756	0.07793	0.0203	0.01229	0.00786	0.27712	2e-05	0.01547	2e-05	0.15443	2e-05	0.06109	2e-05	0.17278	0.18464	
0.04992	0.0195	0.01101	4e-05	0.0279	0.01692	0.00893	0.05015	0.43252	0.17388	0.04075	0.0	0.0	0.16013	0.06046	0.30083	0.3828	0.24727	0.16619	4e-05	4e-05	0.35507	0.01101	0.0	0.0	0.27164	0.04563	0.0	0.1069	0.07947	0.09727	0.03356	0.0	0.02982	0.27158	0.36127	0.28862	0.0	0.02288	0.27504	0.02164	4e-05	0.14754	0.16377	0.19007	0.30083	0.0	0.13972	0.04641	0.1016	0.07443	0.0	0.06291	0.03217	0.02158	0.0596	0.00988	0.06267	4e-05	0.00857	0.00857	4e-05	0.03953	0.03015	0.01745	0.09462	4e-05	0.00875	0.02574	4e-05	4e-05	0.0	0.0	0.06429	0.05122	0.01692	0.01524	4e-05	4e-05	0.00024	4e-05	4e-05	0.12218	4e-05	4e-05	4e-05	4e-05	4e-05	4e-05	0.0068	0.0068	0.07666	4e-05	0.14946	0.02164	0.17631	4e-05	0.01692	4e-05	0.03281	4e-05	0.05285	0.02984	0.29456	0.05914	4e-05	0.00577	4e-05	4e-05	4e-05	4e-05	4e-05	0.02164	4e-05	0.05334	4e-05	0.02383	0.03419	4e-05	0.01692	4e-05	4e-05	0.01606	0.0226	0.03418	0.02173	0.01331	0.00857	0.04392	4e-05	0.01664	4e-05	0.04728	4e-05	0.04733	4e-05	0.07242	0.11963	
0.14489	0.01388	0.00811	4e-05	0.01936	0.01215	0.00664	0.03828	0.10997	0.14382	0.05422	0.0	0.0	0.04219	0.02653	0.01659	0.01787	0.03283	0.02439	4e-05	4e-05	0.01271	0.00811	0.0	0.0	0.09194	0.04175	0.1069	0.0	0.06	0.03532	0.1327	0.0	0.19366	0.02193	0.10176	0.18575	0.0	0.01582	0.02106	0.01529	4e-05	0.02826	0.03302	0.05101	0.01659	0.0	0.20508	0.12394	0.03526	0.08845	0.0	0.13298	0.12007	0.50822	0.08549	0.0073	0.03467	4e-05	0.00638	0.00639	4e-05	0.02669	0.02036	0.01234	0.03908	4e-05	0.00648	0.02066	4e-05	4e-05	0.0	0.0	0.01342	0.03075	0.01215	0.01101	4e-05	4e-05	0.00018	4e-05	4e-05	0.00988	4e-05	4e-05	4e-05	4e-05	4e-05	4e-05	0.00512	0.00512	0.13431	4e-05	0.02778	0.01529	0.01309	4e-05	0.01215	4e-05	0.0446	4e-05	0.04388	0.02017	0.14578	0.02689	4e-05	0.00436	4e-05	4e-05	4e-05	4e-05	4e-05	0.01529	4e-05	0.03212	4e-05	0.01672	0.02337	4e-05	0.01215	4e-05	4e-05	0.0453	0.01592	0.02641	0.0151	0.0097	0.00639	0.02869	4e-05	0.01179	4e-05	0.07712	4e-05	0.0339	4e-05	0.06432	0.09919	
0.07174	0.03521	0.01915	2e-05	0.11558	0.06448	0.03196	0.14284	0.04974	0.13634	0.01696	0.0	0.0	0.08698	0.14378	0.04504	0.07289	0.15998	0.02119	2e-05	2e-05	0.03179	0.01915	0.0	0.0	0.04585	0.05944	0.07947	0.06	0.0	0.13373	0.02464	0.0	0.0766	0.09566	0.07448	0.05108	0.0	0.0426	0.06043	0.08543	2e-05	0.01639	0.07554	0.06218	0.04504	0.0	0.01156	0.02231	0.08571	0.07815	0.0	0.10086	0.09364	0.02833	0.08687	0.03727	0.05762	2e-05	0.01471	0.07154	2e-05	0.16552	0.13078	0.05562	0.07298	2e-05	0.03414	0.04673	2e-05	2e-05	0.0	0.0	0.01923	0.149	0.06448	0.02703	2e-05	2e-05	0.00032	2e-05	2e-05	0.05035	2e-05	2e-05	2e-05	2e-05	2e-05	2e-05	0.01156	0.01156	0.14211	2e-05	0.03423	0.08543	0.19053	2e-05	0.06448	2e-05	0.06544	2e-05	0.03577	0.12906	0.12292	0.14234	2e-05	0.00974	2e-05	2e-05	2e-05	2e-05	2e-05	0.08543	2e-05	0.14684	2e-05	0.0411	0.02339	2e-05	0.06448	2e-05	2e-05	0.07069	0.0413	0.10109	0.06932	0.04641	0.07154	0.07158	2e-05	0.0301	2e-05	0.06812	2e-05	0.19384	2e-05	0.08874	0.08456	
0.10685	0.0219	0.01225	1e-05	0.1881	0.33575	0.00996	0.199	0.05518	0.08518	0.16591	0.0	0.0	0.12141	0.14983	0.08029	0.08356	0.1674	0.30091	1e-05	1e-05	0.08343	0.01225	0.0	0.0	0.18894	0.13277	0.09727	0.03532	0.13373	0.0	0.03758	0.0	0.04058	0.36548	0.12281	0.15263	0.0	0.02603	0.08338	0.29014	1e-05	0.18639	0.06296	0.04017	0.08029	0.0	0.04054	0.07401	0.18282	0.15707	0.0	0.0853	0.07953	0.0663	0.23726	0.01122	0.14952	1e-05	0.18811	0.08648	1e-05	0.30811	0.24226	0.01961	0.07704	1e-05	0.00992	0.09326	1e-05	1e-05	0.0	0.0	0.02112	0.11009	0.33575	0.12094	1e-05	1e-05	0.05106	1e-05	1e-05	0.01513	1e-05	1e-05	1e-05	1e-05	1e-05	1e-05	0.00752	0.00752	0.10165	1e-05	0.19444	0.29014	0.02065	1e-05	0.33575	1e-05	0.12707	1e-05	0.16075	0.24314	0.06265	0.15518	1e-05	0.00637	1e-05	1e-05	1e-05	1e-05	1e-05	0.29014	1e-05	0.26209	1e-05	0.10974	0.13828	1e-05	0.33575	1e-05	1e-05	0.04092	0.01921	0.05356	0.29436	0.04459	0.08648	0.27813	1e-05	0.01862	1e-05	0.12202	1e-05	0.2192	1e-05	0.11309	0.16942	
0.03235	0.01481	0.00862	4e-05	0.06794	0.01297	0.00707	0.04038	0.03382	0.05968	0.02952	0.0	0.0	0.06084	0.17079	0.01776	0.0192	0.03608	0.02618	4e-05	4e-05	0.01358	0.00862	0.0	0.0	0.04259	0.24172	0.03356	0.1327	0.02464	0.03758	0.0	0.0	0.11193	0.02356	0.03752	0.0197	0.0	0.20854	0.0226	0.01634	4e-05	0.03037	0.23552	0.12362	0.01776	0.0	0.12035	0.2147	0.13842	0.15912	0.0	0.13626	0.04547	0.01209	0.04527	0.00779	0.0218	4e-05	0.00679	0.00679	4e-05	0.03745	0.02184	0.18775	0.03241	4e-05	0.02903	0.07227	4e-05	4e-05	0.0	0.0	0.01432	0.03315	0.01297	0.01174	4e-05	4e-05	0.0002	4e-05	4e-05	0.01052	4e-05	4e-05	4e-05	4e-05	4e-05	4e-05	0.00543	0.00543	0.06902	4e-05	0.02985	0.01634	0.01397	4e-05	0.01297	4e-05	0.0339	4e-05	0.03682	0.15506	0.03862	0.03918	4e-05	0.00464	4e-05	4e-05	4e-05	4e-05	4e-05	0.01634	4e-05	0.03462	4e-05	0.01787	0.07378	4e-05	0.01297	4e-05	4e-05	0.03055	0.13758	0.09614	0.01615	0.01033	0.00679	0.03087	4e-05	0.01258	4e-05	0.02255	4e-05	0.03188	4e-05	0.04106	0.12169	
0.0	0.0	0.0	0.0	0.0	0.0	0.0	0.0	0.0	0.0	0.0	0.0	0.0	0.0	0.0	0.0	0.0	0.0	0.0	0.0	0.0	0.0	0.0	0.0	0.0	0.0	0.0	0.0	0.0	0.0	0.0	0.0	0.0	0.0	0.0	0.0	0.0	0.0	0.0	0.0	0.0	0.0	0.0	0.0	0.0	0.0	0.0	0.0	0.0	0.0	0.0	0.0	0.0	0.0	0.0	0.0	0.0	0.0	0.0	0.0	0.0	0.0	0.0	0.0	0.0	0.0	0.0	0.0	0.0	0.0	0.0	0.0	0.0	0.0	0.0	0.0	0.0	0.0	0.0	0.0	0.0	0.0	0.0	0.0	0.0	0.0	0.0	0.0	0.0	0.0	0.0	0.0	0.0	0.0	0.0	0.0	0.0	0.0	0.0	0.0	0.0	0.0	0.0	0.0	0.0	0.0	0.0	0.0	0.0	0.0	0.0	0.0	0.0	0.0	0.0	0.0	0.0	0.0	0.0	0.0	0.0	0.0	0.0	0.0	0.0	0.0	0.0	0.0	0.0	0.0	0.0	0.0	0.0	0.0	0.0	0.0	0.0	0.0	
0.08757	0.0155	0.00901	3e-05	0.02171	0.01356	0.26115	0.04349	0.01963	0.04037	0.03096	0.0	0.0	0.05571	0.02996	0.01861	0.02002	0.03719	0.02743	3e-05	3e-05	0.01418	0.00901	0.0	0.0	0.02175	0.11549	0.02982	0.19366	0.0766	0.04058	0.11193	0.0	0.0	0.02471	0.01609	0.02064	0.0	0.01774	0.02372	0.0171	3e-05	0.03183	0.03751	0.03439	0.01861	0.0	0.17529	0.09835	0.08735	0.08046	0.0	0.05244	0.08123	0.02542	0.08603	0.06446	0.02635	3e-05	0.00708	0.00708	3e-05	0.02995	0.02292	0.0138	0.04421	3e-05	0.00712	0.03882	3e-05	3e-05	0.0	0.0	0.01499	0.03486	0.01356	0.01227	3e-05	3e-05	0.00014	3e-05	3e-05	0.01099	3e-05	3e-05	3e-05	3e-05	3e-05	3e-05	0.00566	0.00566	0.05938	3e-05	0.03129	0.0171	0.01461	3e-05	0.01356	3e-05	0.03556	3e-05	0.1145	0.0227	0.0447	0.03033	3e-05	0.00483	3e-05	3e-05	3e-05	3e-05	3e-05	0.0171	3e-05	0.03639	3e-05	0.01872	0.02627	3e-05	0.01356	3e-05	3e-05	0.03515	0.01781	0.07968	0.01693	0.0108	0.00708	0.09548	3e-05	0.01318	3e-05	0.13638	3e-05	0.11396	3e-05	0.09015	0.07182	
0.08496	0.01437	0.00835	6e-05	0.02013	0.01257	0.00684	0.15902	0.03291	0.21451	0.21681	0.0	0.0	0.11896	0.02781	0.36597	0.3783	0.13297	0.80887	6e-05	6e-05	0.46321	0.00835	0.0	0.0	0.26079	0.20993	0.27158	0.02193	0.09566	0.36548	0.02356	0.0	0.02471	0.0	0.03651	0.34421	0.0	0.01647	0.31968	0.54691	6e-05	0.53171	0.1643	0.21575	0.36597	0.0	0.02492	0.0411	0.08823	0.12384	0.0	0.04221	0.10285	0.01178	0.18372	0.00757	0.11225	6e-05	0.00657	0.00657	6e-05	0.33778	0.40411	0.0128	0.14603	6e-05	0.00677	0.12328	6e-05	6e-05	0.0	0.0	0.0139	0.17647	0.01257	0.01138	6e-05	6e-05	0.00028	6e-05	6e-05	0.01019	6e-05	6e-05	6e-05	6e-05	6e-05	6e-05	0.00526	0.00526	0.16209	6e-05	0.5522	0.54691	0.01355	6e-05	0.01257	6e-05	0.18419	6e-05	0.15823	0.40675	0.02561	0.02824	6e-05	0.00448	6e-05	6e-05	6e-05	6e-05	6e-05	0.54691	6e-05	0.18678	6e-05	0.01736	0.26711	6e-05	0.01257	6e-05	6e-05	0.03259	0.01652	0.03213	0.0157	0.01001	0.00657	0.33239	6e-05	0.01223	6e-05	0.08545	6e-05	0.08274	6e-05	0.15751	0.14801	
0.01706	0.02256	0.01299	5e-05	0.04215	0.15192	0.01061	0.03357	0.27805	0.01772	0.04583	0.0	0.0	0.07219	0.27063	0.02728	0.03335	0.12422	0.04045	5e-05	5e-05	0.02059	0.01299	0.0	0.0	0.17061	0.04991	0.36127	0.10176	0.07448	0.12281	0.03752	0.0	0.01609	0.03651	0.0	0.03034	0.0	0.02598	0.035	0.02493	5e-05	0.04715	0.0564	0.03606	0.02728	0.0	0.10552	0.01745	0.07391	0.06027	0.0	0.06867	0.02028	0.02175	0.0623	0.01168	0.00119	5e-05	0.01019	0.01019	5e-05	0.03614	0.03379	0.02009	0.04856	5e-05	0.01037	0.00611	5e-05	5e-05	0.0	0.0	0.0515	0.03442	0.15192	0.01779	5e-05	5e-05	0.00023	5e-05	5e-05	0.11831	5e-05	5e-05	5e-05	5e-05	5e-05	5e-05	0.00813	0.00813	0.03658	5e-05	0.04633	0.02493	0.16659	5e-05	0.15192	5e-05	0.01034	5e-05	0.05799	0.03346	0.25431	0.28544	5e-05	0.00692	5e-05	5e-05	5e-05	5e-05	5e-05	0.02493	5e-05	0.07802	5e-05	0.02735	0.03869	5e-05	0.15192	5e-05	5e-05	0.00064	0.02599	0.01168	0.1356	0.01562	0.01019	0.04838	5e-05	0.01918	5e-05	0.00807	5e-05	0.03689	5e-05	0.05878	0.04304	
0.18625	0.01239	0.00734	7e-05	0.01712	0.01089	0.00605	0.03288	0.02746	0.21337	0.1346	0.0	0.0	0.11583	0.02305	0.41462	0.43001	0.13646	0.20481	7e-05	7e-05	0.55022	0.00734	0.0	0.0	0.27216	0.02536	0.28862	0.18575	0.05108	0.15263	0.0197	0.0	0.02064	0.34421	0.03034	0.0	0.0	0.01397	0.35266	0.01361	7e-05	0.1716	0.16817	0.235	0.41462	0.0	0.02104	0.0335	0.08479	0.08199	0.0	0.0881	0.09902	0.45795	0.10146	0.00669	0.09013	7e-05	0.00581	0.00582	7e-05	0.02371	0.01783	0.011	0.03392	7e-05	0.00601	0.03679	7e-05	7e-05	0.0	0.0	0.012	0.02649	0.01089	0.0099	7e-05	7e-05	0.00028	7e-05	7e-05	0.0089	7e-05	7e-05	7e-05	7e-05	7e-05	7e-05	0.00468	0.00468	0.03058	7e-05	0.17505	0.01361	0.01171	7e-05	0.01089	7e-05	0.11767	7e-05	0.10163	0.01768	0.02141	0.02349	7e-05	0.00401	7e-05	7e-05	7e-05	7e-05	7e-05	0.01361	7e-05	0.02773	7e-05	0.01485	0.02057	7e-05	0.01089	7e-05	7e-05	0.11893	0.01416	0.02683	0.01336	0.00875	0.00582	0.02486	7e-05	0.01051	7e-05	0.06557	7e-05	0.06628	7e-05	0.11139	0.11425	
0.0	0.0	0.0	0.0	0.0	0.0	0.0	0.0	0.0	0.0	0.0	0.0	0.0	0.0	0.0	0.0	0.0	0.0	0.0	0.0	0.0	0.0	0.0	0.0	0.0	0.0	0.0	0.0	0.0	0.0	0.0	0.0	0.0	0.0	0.0	0.0	0.0	0.0	0.0	0.0	0.0	0.0	0.0	0.0	0.0	0.0	0.0	0.0	0.0	0.0	0.0	0.0	0.0	0.0	0.0	0.0	0.0	0.0	0.0	0.0	0.0	0.0	0.0	0.0	0.0	0.0	0.0	0.0	0.0	0.0	0.0	0.0	0.0	0.0	0.0	0.0	0.0	0.0	0.0	0.0	0.0	0.0	0.0	0.0	0.0	0.0	0.0	0.0	0.0	0.0	0.0	0.0	0.0	0.0	0.0	0.0	0.0	0.0	0.0	0.0	0.0	0.0	0.0	0.0	0.0	0.0	0.0	0.0	0.0	0.0	0.0	0.0	0.0	0.0	0.0	0.0	0.0	0.0	0.0	0.0	0.0	0.0	0.0	0.0	0.0	0.0	0.0	0.0	0.0	0.0	0.0	0.0	0.0	0.0	0.0	0.0	0.0	0.0	
0.09439	0.01095	0.0066	7e-05	0.01496	0.00967	0.00547	0.02768	0.09091	0.11877	0.02077	0.0	0.0	0.09809	0.30034	0.01273	0.01374	0.02404	0.01857	7e-05	7e-05	0.01009	0.0066	0.0	0.0	0.02862	0.25491	0.02288	0.01582	0.0426	0.02603	0.20854	0.0	0.01774	0.01647	0.02598	0.01397	0.0	0.0	0.14728	0.01199	7e-05	0.02132	0.24246	0.01635	0.01273	0.0	0.01823	0.10337	0.12908	0.09422	0.0	0.06874	0.18406	0.00908	0.03107	0.006	0.06446	7e-05	0.00527	0.00527	7e-05	0.1123	0.01538	0.00968	0.10998	7e-05	0.00538	0.09109	7e-05	7e-05	0.0	0.0	0.01062	0.12569	0.00967	0.00882	7e-05	7e-05	0.00022	7e-05	7e-05	0.00796	7e-05	7e-05	7e-05	7e-05	7e-05	7e-05	0.00427	0.00427	0.02583	7e-05	0.02098	0.01199	0.01037	7e-05	0.00967	7e-05	0.02363	7e-05	0.02498	0.01525	0.0953	0.09011	7e-05	0.00367	7e-05	7e-05	7e-05	7e-05	7e-05	0.01199	7e-05	0.0235	7e-05	0.01304	0.19983	7e-05	0.00967	7e-05	7e-05	0.02337	0.33243	0.02307	0.01167	0.00783	0.00527	0.02114	7e-05	0.00927	7e-05	0.05468	7e-05	0.06915	7e-05	0.02715	0.07935	
0.07728	0.09105	0.19829	6e-05	0.0194	0.01216	0.00664	0.03852	0.0319	0.12924	0.03846	0.0	0.0	0.13123	0.02665	0.37592	0.38867	0.13357	0.19133	6e-05	6e-05	0.48049	0.19829	0.0	0.0	0.26295	0.02954	0.27504	0.02106	0.06043	0.08338	0.0226	0.0	0.02372	0.31968	0.035	0.35266	0.0	0.14728	0.0	0.0153	6e-05	0.16268	0.18406	0.39531	0.37592	0.0	0.02392	0.03923	0.08727	0.11168	0.0	0.03083	0.03691	0.01131	0.04345	0.00729	0.08392	6e-05	0.00638	0.00638	6e-05	0.02674	0.02043	0.01236	0.03925	6e-05	0.00647	0.04295	6e-05	6e-05	0.0	0.0	0.01343	0.0748	0.01216	0.01102	6e-05	6e-05	0.0002	6e-05	6e-05	0.00987	6e-05	6e-05	6e-05	6e-05	6e-05	6e-05	0.00511	0.00511	0.03573	6e-05	0.16566	0.0153	0.0131	6e-05	0.01216	6e-05	0.03163	6e-05	0.03433	0.02024	0.0245	0.027	6e-05	0.00436	6e-05	6e-05	6e-05	6e-05	6e-05	0.0153	6e-05	0.0323	6e-05	0.01675	0.02343	6e-05	0.01216	6e-05	6e-05	0.03128	0.01594	0.03084	0.01513	0.0097	0.00638	0.02884	6e-05	0.16761	6e-05	0.03529	6e-05	0.03662	6e-05	0.03824	0.09188	
0.05047	0.01107	0.0069	0.00011	0.0148	0.00985	0.00578	0.17846	0.02273	0.09234	0.29225	0.0	0.0	0.05291	0.01877	0.0125	0.01357	0.02267	0.35592	0.00011	0.00011	0.01025	0.0069	0.0	0.0	0.02688	0.25494	0.02164	0.01529	0.08543	0.29014	0.01634	0.0	0.0171	0.54691	0.02493	0.01361	0.0	0.01199	0.0153	0.0	0.00011	0.27987	0.02219	0.01579	0.0125	0.0	0.01788	0.02638	0.02514	0.08414	0.0	0.0272	0.10185	0.00937	0.20582	0.00634	0.07044	0.00011	0.00558	0.00558	0.00011	0.51557	0.59204	0.00973	0.17281	0.00011	0.00574	0.13434	0.00011	0.00011	0.0	0.0	0.01075	0.20782	0.00985	0.00904	0.00011	0.00011	0.00029	0.00011	0.00011	0.00821	0.00011	0.00011	0.00011	0.00011	0.00011	0.00011	0.00457	0.00457	0.18647	0.00011	0.28751	0.99976	0.01051	0.00011	0.00985	0.00011	0.23628	0.00011	0.18527	0.59835	0.01777	0.01931	0.00011	0.00396	0.00011	0.00011	0.00011	0.00011	0.00011	0.99976	0.00011	0.2235	0.00011	0.01302	0.38282	0.00011	0.00985	0.00011	0.00011	0.02254	0.01248	0.02226	0.01155	0.00809	0.00558	0.43289	0.00011	0.00932	0.00011	0.0658	0.00011	0.05104	0.00011	0.17162	0.09919	
2e-05	0.00012	0.00019	0.0	8e-05	0.00012	0.00022	2e-05	6e-05	4e-05	6e-05	0.0	0.0	2e-05	4e-05	7e-05	8e-05	3e-05	9e-05	0.0	0.0	0.00016	0.00019	0.0	0.0	3e-05	2e-05	4e-05	4e-05	2e-05	1e-05	4e-05	0.0	3e-05	6e-05	5e-05	7e-05	0.0	7e-05	6e-05	0.00011	0.0	7e-05	1e-05	4e-05	7e-05	0.0	7e-05	2e-05	2e-05	1e-05	0.0	3e-05	3e-05	0.00016	2e-05	0.00024	6e-05	0.0	0.00023	0.00024	0.0	0.0001	4e-05	6e-05	5e-05	0.0	0.00025	3e-05	0.0	0.0	0.0	0.0	0.00012	1e-05	0.00012	0.00014	0.0	0.0	0.0	0.0	0.0	0.00016	0.0	0.0	0.0	0.0	0.0	0.0	0.00029	0.00029	2e-05	0.0	8e-05	0.00011	0.00011	0.0	0.00012	0.0	6e-05	0.0	3e-05	4e-05	4e-05	3e-05	0.0	0.00033	0.0	0.0	0.0	0.0	0.0	0.00011	0.0	2e-05	0.0	0.0001	9e-05	0.0	0.00012	0.0	0.0	5e-05	0.00011	6e-05	5e-05	0.00016	0.00024	3e-05	0.0	7e-05	0.0	3e-05	0.0	2e-05	0.0	0.0	2e-05	
0.0494	0.01876	0.01099	7e-05	0.02614	0.01644	0.00902	0.05934	0.04252	0.09144	0.06657	0.0	0.0	0.05607	0.03572	0.17976	0.2952	0.03153	0.62834	7e-05	7e-05	0.21744	0.01099	0.0	0.0	0.11609	0.0933	0.14754	0.02826	0.01639	0.18639	0.03037	0.0	0.03183	0.53171	0.04715	0.1716	0.0	0.02132	0.16268	0.27987	7e-05	0.0	0.07207	0.07626	0.17976	0.0	0.03235	0.05265	0.04338	0.06643	0.0	0.05414	0.05083	0.01547	0.0817	0.00999	0.05478	7e-05	0.00867	0.00868	7e-05	0.13547	0.21797	0.01667	0.02568	7e-05	0.00895	0.02119	7e-05	7e-05	0.0	0.0	0.01815	0.06927	0.01644	0.01491	7e-05	7e-05	0.00034	7e-05	7e-05	0.01337	7e-05	7e-05	7e-05	7e-05	7e-05	7e-05	0.00696	0.00696	0.05706	7e-05	0.41484	0.27987	0.0177	7e-05	0.01644	7e-05	0.04728	7e-05	0.04823	0.21911	0.03314	0.03649	7e-05	0.00595	7e-05	7e-05	7e-05	7e-05	7e-05	0.27987	7e-05	0.07296	7e-05	0.02259	0.09729	7e-05	0.01644	7e-05	7e-05	0.04212	0.02151	0.04152	0.02036	0.01314	0.00868	0.18813	7e-05	0.01592	7e-05	0.00544	7e-05	0.0388	7e-05	0.06871	0.04423	
