0.0	0.2536	0.16065	0.0	0.0	0.06054	0.11716	0.04501	0.20444	0.31273	0.23668	2e-05	0.12122	2e-05	0.02458	0.0639	0.0	0.0	0.04136	0.28376	0.14441	0.04872	2e-05	2e-05	0.02458	0.12036	0.12122	0.05237	2e-05	2e-05	0.00825	0.11801	0.0853	0.10597	0.17827	2e-05	0.13049	0.14353	0.06071	0.05048	0.0	0.15306	0.17267	0.06489	0.11665	2e-05	0.15098	0.10201	0.12122	0.11801	0.20338	0.0	0.0	0.0	0.0	0.12499	0.0	0.10846	0.0	0.0	0.0	0.17237	0.0	0.02227	2e-05	0.12122	0.0615	0.0348	0.12839	0.25991	0.0	0.0	0.0	0.0	0.0	0.0	0.0	0.09775	0.13237	0.19858	2e-05	0.02867	0.09592	2e-05	0.05376	0.11098	0.12349	0.06977	0.06977	0.06035	0.05841	0.07378	0.09954	0.11599	0.13532	0.0	0.13021	0.03098	0.03732	0.15127	0.10566	0.3226	2e-05	0.0	0.0	0.02458	2e-05	2e-05	0.12122	0.11098	0.1415	0.02542	0.10146	0.13682	0.44946	
0.2536	0.0	0.25202	0.0	0.0	0.04018	0.16242	0.03533	0.17104	0.21358	0.10353	1e-05	0.08519	1e-05	0.03053	0.04352	0.0	0.0	0.12692	0.20761	0.16993	0.06176	1e-05	1e-05	0.03053	0.08821	0.08519	0.04208	1e-05	1e-05	0.01018	0.10926	0.05426	0.15773	0.1028	1e-05	0.20008	0.18385	0.18223	0.08219	0.0	0.2128	0.20994	0.13838	0.07321	1e-05	0.25158	0.16021	0.08519	0.10926	0.26167	0.0	0.0	0.0	0.0	0.09625	0.0	0.30374	0.0	0.0	0.0	0.15985	0.0	0.17447	1e-05	0.08519	0.1637	0.16362	0.19766	0.29356	0.0	0.0	0.0	0.0	0.0	0.0	0.0	0.38538	0.1173	0.27216	1e-05	0.01781	0.27716	1e-05	0.03179	0.07845	0.12407	0.12304	0.12304	0.03551	0.11861	0.12388	0.08014	0.09293	0.17386	0.0	0.13517	0.2369	0.08197	0.21977	0.09139	0.21962	1e-05	0.0	0.0	0.03053	1e-05	1e-05	0.08519	0.07845	0.19501	0.0327	0.22879	0.26545	0.1645	
0.16065	0.25202	0.0	0.0	0.0	0.13315	0.17826	0.0523	0.24328	0.18848	0.17189	2e-05	0.20453	2e-05	0.07303	0.18069	0.0	0.0	0.20461	0.06552	0.18846	0.1272	2e-05	2e-05	0.07303	0.2	0.20453	0.01225	2e-05	2e-05	0.00879	0.02923	0.16453	0.09462	0.16537	2e-05	0.21076	0.21044	0.29822	0.11972	0.0	0.18065	0.059	0.15522	0.15602	2e-05	0.12449	0.1788	0.20453	0.02923	0.2044	0.0	0.0	0.0	0.0	0.07721	0.0	0.17681	0.0	0.0	0.0	0.16939	0.0	0.06551	2e-05	0.20453	0.18244	0.26367	0.35734	0.21244	0.0	0.0	0.0	0.0	0.0	0.0	0.0	0.26129	0.04993	0.18547	2e-05	0.00891	0.36008	2e-05	0.06193	0.03778	0.48602	0.36158	0.36158	0.13621	0.3928	0.3467	0.08229	0.09433	0.19176	0.0	0.12193	0.11351	0.08626	0.23963	0.2833	0.14119	2e-05	0.0	0.0	0.07303	2e-05	2e-05	0.20453	0.03778	0.17992	0.02779	0.41834	0.16144	0.14071	
0.0	0.0	0.0	0.0	0.0	0.0	0.0	0.0	0.0	0.0	0.0	0.0	0.0	0.0	0.0	0.0	0.0	0.0	0.0	0.0	0.0	0.0	0.0	0.0	0.0	0.0	0.0	0.0	0.0	0.0	0.0	0.0	0.0	0.0	0.0	0.0	0.0	0.0	0.0	0.0	0.0	0.0	0.0	0.0	0.0	0.0	0.0	0.0	0.0	0.0	0.0	0.0	0.0	0.0	0.0	0.0	0.0	0.0	0.0	0.0	0.0	0.0	0.0	0.0	0.0	0.0	0.0	0.0	0.0	0.0	0.0	0.0	0.0	0.0	0.0	0.0	0.0	0.0	0.0	0.0	0.0	0.0	0.0	0.0	0.0	0.0	0.0	0.0	0.0	0.0	0.0	0.0	0.0	0.0	0.0	0.0	0.0	0.0	0.0	0.0	0.0	0.0	0.0	0.0	0.0	0.0	0.0	0.0	0.0	0.0	0.0	0.0	0.0	0.0	0.0	
0.0	0.0	0.0	0.0	0.0	0.0	0.0	0.0	0.0	0.0	0.0	0.0	0.0	0.0	0.0	0.0	0.0	0.0	0.0	0.0	0.0	0.0	0.0	0.0	0.0	0.0	0.0	0.0	0.0	0.0	0.0	0.0	0.0	0.0	0.0	0.0	0.0	0.0	0.0	0.0	0.0	0.0	0.0	0.0	0.0	0.0	0.0	0.0	0.0	0.0	0.0	0.0	0.0	0.0	0.0	0.0	0.0	0.0	0.0	0.0	0.0	0.0	0.0	0.0	0.0	0.0	0.0	0.0	0.0	0.0	0.0	0.0	0.0	0.0	0.0	0.0	0.0	0.0	0.0	0.0	0.0	0.0	0.0	0.0	0.0	0.0	0.0	0.0	0.0	0.0	0.0	0.0	0.0	0.0	0.0	0.0	0.0	0.0	0.0	0.0	0.0	0.0	0.0	0.0	0.0	0.0	0.0	0.0	0.0	0.0	0.0	0.0	0.0	0.0	0.0	
0.06054	0.04018	0.13315	0.0	0.0	0.0	0.06747	0.0115	0.20018	0.07608	0.03715	6e-05	0.31793	6e-05	0.01429	0.11668	0.0	0.0	0.02924	0.05969	0.05568	0.01996	6e-05	6e-05	0.01429	0.28165	0.31793	0.00724	6e-05	6e-05	0.00534	0.01562	0.21449	0.03887	0.16099	6e-05	0.05878	0.0807	0.07651	0.0748	0.0	0.06249	0.04682	0.07874	0.19142	6e-05	0.06332	0.10776	0.31793	0.01562	0.06449	0.0	0.0	0.0	0.0	0.01419	0.0	0.09056	0.0	0.0	0.0	0.06075	0.0	0.01309	6e-05	0.31793	0.13816	0.02577	0.04615	0.0845	0.0	0.0	0.0	0.0	0.0	0.0	0.0	0.02532	0.07208	0.09042	6e-05	0.00515	0.04952	6e-05	0.03627	0.01941	0.19776	0.12905	0.12905	0.67584	0.03806	0.12117	0.16743	0.02698	0.05794	0.0	0.04156	0.04276	0.02815	0.09892	0.07877	0.08514	6e-05	0.0	0.0	0.01429	6e-05	6e-05	0.31793	0.01941	0.07525	0.17858	0.17698	0.07494	0.03773	
0.11716	0.16242	0.17826	0.0	0.0	0.06747	0.0	0.00036	0.10484	0.13005	0.04064	7e-05	0.05821	7e-05	0.05353	0.0182	0.0	0.0	0.08681	0.04035	0.19909	0.11535	7e-05	7e-05	0.05353	0.06646	0.05821	0.02555	7e-05	7e-05	0.01851	0.04256	0.01999	0.02994	0.01483	7e-05	0.20824	0.06807	0.16115	0.06575	0.0	0.10506	0.06951	0.07732	0.01333	7e-05	0.07238	0.01455	0.05821	0.04256	0.07761	0.0	0.0	0.0	0.0	0.03837	0.0	0.0913	0.0	0.0	0.0	0.12451	0.0	0.04861	7e-05	0.05821	0.00209	0.14477	0.15308	0.14721	0.0	0.0	0.0	0.0	0.0	0.0	0.0	0.26088	0.00888	0.28388	7e-05	0.01376	0.18865	7e-05	0.08605	0.05415	0.0687	0.13797	0.13797	0.09018	0.11691	0.14477	0.05521	0.08386	0.1992	0.0	0.03214	0.13429	0.0261	0.13603	0.06048	0.10425	7e-05	0.0	0.0	0.05353	7e-05	7e-05	0.05821	0.05415	0.68027	0.04098	0.08349	0.10901	0.04256	
0.04501	0.03533	0.0523	0.0	0.0	0.0115	0.00036	0.0	0.10464	0.03514	0.04763	5e-05	0.02862	5e-05	0.13149	0.01628	0.0	0.0	0.04079	0.03094	0.02583	0.0027	5e-05	5e-05	0.13149	0.03157	0.02862	0.00983	5e-05	5e-05	0.00723	0.02145	0.03333	0.01431	0.04578	5e-05	0.01932	0.01411	0.11495	0.11242	0.0	0.10302	0.11087	0.05539	0.03524	5e-05	0.06808	0.07435	0.02862	0.02145	0.08883	0.0	0.0	0.0	0.0	0.01947	0.0	0.03869	0.0	0.0	0.0	0.01454	0.0	0.01794	5e-05	0.02862	0.04178	0.1088	0.15024	0.04092	0.0	0.0	0.0	0.0	0.0	0.0	0.0	5e-05	0.05417	0.02091	5e-05	0.01973	0.04558	5e-05	0.34051	0.19167	0.0175	0.114	0.114	0.01017	0.05342	0.10968	0.02976	0.30927	0.119	0.0	0.09933	0.01741	0.04062	0.1077	0.05296	0.03981	5e-05	0.0	0.0	0.13149	5e-05	5e-05	0.02862	0.19167	0.00189	0.12416	0.0799	0.04558	0.05078	
0.20444	0.17104	0.24328	0.0	0.0	0.20018	0.10484	0.10464	0.0	0.1769	0.18462	5e-05	0.40752	5e-05	0.29434	0.49011	0.0	0.0	0.02928	0.23506	0.18859	0.03843	5e-05	5e-05	0.29434	0.36807	0.40752	0.0067	5e-05	5e-05	0.00489	0.31827	0.31003	0.23106	0.24398	5e-05	0.11309	0.23564	0.12568	0.14366	0.0	0.1466	0.25412	0.08832	0.28745	5e-05	0.22786	0.22512	0.40752	0.31827	0.21925	0.0	0.0	0.0	0.0	0.01359	0.0	0.20132	0.0	0.0	0.0	0.16226	0.0	0.01248	5e-05	0.40752	0.23397	0.21508	0.04915	0.16395	0.0	0.0	0.0	0.0	0.0	0.0	0.0	0.11526	0.18085	0.133	5e-05	0.11123	0.09905	5e-05	0.02939	0.01896	0.33853	0.04498	0.04498	0.22963	0.0389	0.04681	0.16797	0.2307	0.1321	0.0	0.21636	0.04402	0.15426	0.1425	0.07015	0.35492	5e-05	0.0	0.0	0.29434	5e-05	5e-05	0.40752	0.01896	0.11057	0.01423	0.20066	0.14173	0.21935	
0.31273	0.21358	0.18848	0.0	0.0	0.07608	0.13005	0.03514	0.1769	0.0	0.19998	1e-05	0.13475	1e-05	0.0663	0.13455	0.0	0.0	0.06295	0.25579	0.11295	0.08544	1e-05	1e-05	0.0663	0.13406	0.13475	0.01251	1e-05	1e-05	0.00898	0.02974	0.09934	0.03752	0.1002	1e-05	0.14131	0.11721	0.12808	0.03412	0.0	0.16029	0.08359	0.09082	0.09201	1e-05	0.14987	0.15691	0.13475	0.02974	0.11456	0.0	0.0	0.0	0.0	0.18416	0.0	0.11795	0.0	0.0	0.0	0.11414	0.0	0.02431	1e-05	0.13475	0.07653	0.13869	0.20473	0.31347	0.0	0.0	0.0	0.0	0.0	0.0	0.0	0.21006	0.07421	0.18586	1e-05	0.01448	0.13261	1e-05	0.06753	0.12298	0.1617	0.13642	0.13642	0.07544	0.125	0.14001	0.16982	0.1689	0.1478	0.0	0.13031	0.06041	0.12328	0.20407	0.13325	0.31376	1e-05	0.0	0.0	0.0663	1e-05	1e-05	0.13475	0.12298	0.10309	0.02757	0.1389	0.10501	0.16988	
0.23668	0.10353	0.17189	0.0	0.0	0.03715	0.04064	0.04763	0.18462	0.19998	0.0	1e-05	0.05856	1e-05	0.13845	0.11657	0.0	0.0	0.01903	0.17136	0.05619	0.02421	1e-05	1e-05	0.13845	0.06582	0.05856	0.01725	1e-05	1e-05	0.01304	0.04407	0.03404	0.0568	0.03986	1e-05	0.12065	0.07244	0.07397	0.08223	0.0	0.08112	0.16322	0.12278	0.07541	1e-05	0.04857	0.08277	0.05856	0.04407	0.13705	0.0	0.0	0.0	0.0	0.10032	0.0	0.08323	0.0	0.0	0.0	0.07403	0.0	0.03584	1e-05	0.05856	0.02369	0.13521	0.11756	0.11396	0.0	0.0	0.0	0.0	0.0	0.0	0.0	0.09086	0.15163	0.1246	1e-05	0.00263	0.0445	1e-05	0.0216	0.0541	0.13228	0.10837	0.10837	0.0235	0.08803	0.11598	0.0546	0.16812	0.06373	0.0	0.07242	0.02482	0.11943	0.1315	0.1074	0.13943	1e-05	0.0	0.0	0.13845	1e-05	1e-05	0.05856	0.0541	0.04331	0.03812	0.12006	0.09321	0.12017	
2e-05	1e-05	2e-05	0.0	0.0	6e-05	7e-05	5e-05	5e-05	1e-05	1e-05	0.0	9e-05	0.0	0.00013	3e-05	0.0	0.0	7e-05	5e-05	3e-05	5e-05	0.0	0.0	0.00013	5e-05	9e-05	0.00022	0.0	0.0	0.00029	0.00019	7e-05	6e-05	3e-05	0.0	1e-05	4e-05	1e-05	7e-05	0.0	0.0	6e-05	0.0	7e-05	0.0	4e-05	2e-05	9e-05	0.00019	2e-05	0.0	0.0	0.0	0.0	0.00011	0.0	1e-05	0.0	0.0	0.0	0.0	0.0	0.00011	0.0	9e-05	6e-05	1e-05	3e-05	4e-05	0.0	0.0	0.0	0.0	0.0	0.0	0.0	3e-05	2e-05	1e-05	0.0	0.0	7e-05	0.0	0.00011	0.0001	3e-05	5e-05	5e-05	0.0001	6e-05	5e-05	0.0001	5e-05	1e-05	0.0	3e-05	4e-05	5e-05	2e-05	2e-05	6e-05	0.0	0.0	0.0	0.00013	0.0	0.0	9e-05	0.0001	8e-05	0.00019	1e-05	0.0	2e-05	
0.12122	0.08519	0.20453	0.0	0.0	0.31793	0.05821	0.02862	0.40752	0.13475	0.05856	9e-05	0.0	9e-05	0.01007	0.32432	0.0	0.0	0.01886	0.10051	0.09339	0.02348	9e-05	9e-05	0.01007	0.77355	0.99984	0.00549	9e-05	9e-05	0.00416	0.0109	0.65059	0.0232	0.3869	9e-05	0.06943	0.0425	0.08207	0.09626	0.0	0.04452	0.04251	0.04219	0.5788	9e-05	0.15138	0.2031	0.99984	0.0109	0.14958	0.0	0.0	0.0	0.0	0.01	0.0	0.1528	0.0	0.0	0.0	0.08106	0.0	0.00932	9e-05	0.99984	0.4225	0.04643	0.02693	0.21339	0.0	0.0	0.0	0.0	0.0	0.0	0.0	0.11917	0.03976	0.06018	9e-05	0.00419	0.03092	9e-05	0.01884	0.01316	0.36028	0.02526	0.02526	0.4106	0.02373	0.02544	0.11824	0.01684	0.05133	0.0	0.08579	0.0263	0.01751	0.14016	0.03595	0.21934	9e-05	0.0	0.0	0.01007	9e-05	9e-05	0.99984	0.01316	0.06513	0.01052	0.112	0.04048	0.08651	
2e-05	1e-05	2e-05	0.0	0.0	6e-05	7e-05	5e-05	5e-05	1e-05	1e-05	0.0	9e-05	0.0	0.00013	3e-05	0.0	0.0	7e-05	5e-05	3e-05	5e-05	0.0	0.0	0.00013	5e-05	9e-05	0.00022	0.0	0.0	0.00029	0.00019	7e-05	6e-05	3e-05	0.0	1e-05	4e-05	1e-05	7e-05	0.0	0.0	6e-05	0.0	7e-05	0.0	4e-05	2e-05	9e-05	0.00019	2e-05	0.0	0.0	0.0	0.0	0.00011	0.0	1e-05	0.0	0.0	0.0	0.0	0.0	0.00011	0.0	9e-05	6e-05	1e-05	3e-05	4e-05	0.0	0.0	0.0	0.0	0.0	0.0	0.0	3e-05	2e-05	1e-05	0.0	0.0	7e-05	0.0	0.00011	0.0001	3e-05	5e-05	5e-05	0.0001	6e-05	5e-05	0.0001	5e-05	1e-05	0.0	3e-05	4e-05	5e-05	2e-05	2e-05	6e-05	0.0	0.0	0.0	0.00013	0.0	0.0	9e-05	0.0001	8e-05	0.00019	1e-05	0.0	2e-05	
0.02458	0.03053	0.07303	0.0	0.0	0.01429	0.05353	0.13149	0.29434	0.0663	0.13845	0.00013	0.01007	0.00013	0.0	0.19192	0.0	0.0	0.01327	0.02546	0.05165	0.01628	0.00013	0.00013	0.99979	0.01042	0.01007	0.00431	0.00013	0.00013	0.00333	0.00807	0.01133	0.01573	0.01357	0.00013	0.03552	0.02803	0.03591	0.03678	0.0	0.06419	0.02764	0.02725	0.01184	0.00013	0.02224	0.07626	0.01007	0.00807	0.02287	0.0	0.0	0.0	0.0	0.00744	0.0	0.03106	0.0	0.0	0.0	0.05081	0.0	0.00698	0.00013	0.01007	0.01353	0.20875	0.01806	0.01755	0.0	0.0	0.0	0.0	0.0	0.0	0.0	0.02838	0.06311	0.05136	0.00013	0.0026	0.02098	0.00013	0.0133	0.00956	0.09033	0.01707	0.01707	0.01374	0.01645	0.01703	0.02861	0.43709	0.03281	0.0	0.05402	0.01811	0.26319	0.02391	0.02366	0.01715	0.00013	0.0	0.0	0.99979	0.00013	0.00013	0.01007	0.00956	0.04773	0.0077	0.06837	0.06408	0.0547	
0.0639	0.04352	0.18069	0.0	0.0	0.11668	0.0182	0.01628	0.49011	0.13455	0.11657	3e-05	0.32432	3e-05	0.19192	0.0	0.0	0.0	0.02876	0.06218	0.0945	0.03714	3e-05	3e-05	0.19192	0.28754	0.32432	0.00708	3e-05	3e-05	0.00521	0.01535	0.22089	0.03843	0.16604	3e-05	0.05771	0.07493	0.06266	0.0228	0.0	0.03782	0.07444	0.08759	0.19774	3e-05	0.06728	0.15643	0.32432	0.01535	0.0684	0.0	0.0	0.0	0.0	0.01394	0.0	0.10748	0.0	0.0	0.0	0.14705	0.0	0.01286	3e-05	0.32432	0.14423	0.1397	0.04567	0.08898	0.0	0.0	0.0	0.0	0.0	0.0	0.0	0.03009	0.02405	0.05159	3e-05	0.00428	0.04807	3e-05	0.02886	0.0191	0.27192	0.04216	0.04216	0.13997	0.03757	0.04334	0.02979	0.14633	0.10401	0.0	0.14681	0.04222	0.06792	0.07573	0.08598	0.0897	3e-05	0.0	0.0	0.19192	3e-05	3e-05	0.32432	0.0191	0.0177	0.01451	0.20616	0.06709	0.1462	
0.0	0.0	0.0	0.0	0.0	0.0	0.0	0.0	0.0	0.0	0.0	0.0	0.0	0.0	0.0	0.0	0.0	0.0	0.0	0.0	0.0	0.0	0.0	0.0	0.0	0.0	0.0	0.0	0.0	0.0	0.0	0.0	0.0	0.0	0.0	0.0	0.0	0.0	0.0	0.0	0.0	0.0	0.0	0.0	0.0	0.0	0.0	0.0	0.0	0.0	0.0	0.0	0.0	0.0	0.0	0.0	0.0	0.0	0.0	0.0	0.0	0.0	0.0	0.0	0.0	0.0	0.0	0.0	0.0	0.0	0.0	0.0	0.0	0.0	0.0	0.0	0.0	0.0	0.0	0.0	0.0	0.0	0.0	0.0	0.0	0.0	0.0	0.0	0.0	0.0	0.0	0.0	0.0	0.0	0.0	0.0	0.0	0.0	0.0	0.0	0.0	0.0	0.0	0.0	0.0	0.0	0.0	0.0	0.0	0.0	0.0	0.0	0.0	0.0	0.0	
0.0	0.0	0.0	0.0	0.0	0.0	0.0	0.0	0.0	0.0	0.0	0.0	0.0	0.0	0.0	0.0	0.0	0.0	0.0	0.0	0.0	0.0	0.0	0.0	0.0	0.0	0.0	0.0	0.0	0.0	0.0	0.0	0.0	0.0	0.0	0.0	0.0	0.0	0.0	0.0	0.0	0.0	0.0	0.0	0.0	0.0	0.0	0.0	0.0	0.0	0.0	0.0	0.0	0.0	0.0	0.0	0.0	0.0	0.0	0.0	0.0	0.0	0.0	0.0	0.0	0.0	0.0	0.0	0.0	0.0	0.0	0.0	0.0	0.0	0.0	0.0	0.0	0.0	0.0	0.0	0.0	0.0	0.0	0.0	0.0	0.0	0.0	0.0	0.0	0.0	0.0	0.0	0.0	0.0	0.0	0.0	0.0	0.0	0.0	0.0	0.0	0.0	0.0	0.0	0.0	0.0	0.0	0.0	0.0	0.0	0.0	0.0	0.0	0.0	0.0	
0.04136	0.12692	0.20461	0.0	0.0	0.02924	0.08681	0.04079	0.02928	0.06295	0.01903	7e-05	0.01886	7e-05	0.01327	0.02876	0.0	0.0	0.0	0.05776	0.24273	0.46937	7e-05	7e-05	0.01327	0.02029	0.01886	0.00697	7e-05	7e-05	0.00521	0.01453	0.02167	0.03324	0.02816	7e-05	0.09112	0.14206	0.13507	0.01733	0.0	0.08359	0.02906	0.11524	0.0228	7e-05	0.02155	0.01702	0.01886	0.01453	0.01875	0.0	0.0	0.0	0.0	0.01321	0.0	0.11008	0.0	0.0	0.0	0.18681	0.0	0.01225	7e-05	0.01886	0.02665	0.11192	0.31693	0.25189	0.0	0.0	0.0	0.0	0.0	0.0	0.0	0.17281	0.01399	0.13641	7e-05	0.00413	1.00857	7e-05	0.02612	0.01776	0.22032	0.34453	0.34453	0.02713	0.45926	0.37213	0.06238	0.02359	0.18448	0.0	0.02195	0.37251	0.14694	0.10357	0.23395	0.03688	7e-05	0.0	0.0	0.01327	7e-05	7e-05	0.01886	0.01776	0.09795	0.01377	0.1896	0.10023	0.11017	
0.28376	0.20761	0.06552	0.0	0.0	0.05969	0.04035	0.03094	0.23506	0.25579	0.17136	5e-05	0.10051	5e-05	0.02546	0.06218	0.0	0.0	0.05776	0.0	0.10626	0.07719	5e-05	5e-05	0.02546	0.10037	0.10051	0.01216	5e-05	5e-05	0.00881	0.16802	0.06594	0.125	0.07647	5e-05	0.11914	0.1405	0.07418	0.02061	0.0	0.07371	0.25485	0.10954	0.06139	5e-05	0.24922	0.1728	0.10051	0.16802	0.15618	0.0	0.0	0.0	0.0	0.08993	0.0	0.14489	0.0	0.0	0.0	0.07061	0.0	0.13165	5e-05	0.10051	0.1675	0.11982	0.1228	0.15217	0.0	0.0	0.0	0.0	0.0	0.0	0.0	0.08176	0.13475	0.09061	5e-05	0.04645	0.1036	5e-05	0.05217	0.13394	0.09055	0.03748	0.03748	0.0548	0.02174	0.04327	0.16592	0.13022	0.1194	0.0	0.21858	0.03178	0.03166	0.08122	0.11036	0.23732	5e-05	0.0	0.0	0.02546	5e-05	5e-05	0.10051	0.13394	0.05474	0.02656	0.09503	0.12945	0.16747	
0.14441	0.16993	0.18846	0.0	0.0	0.05568	0.19909	0.02583	0.18859	0.11295	0.05619	3e-05	0.09339	3e-05	0.05165	0.0945	0.0	0.0	0.24273	0.10626	0.0	0.21497	3e-05	3e-05	0.05165	0.10315	0.09339	0.02406	3e-05	3e-05	0.01731	0.06409	0.06854	0.05957	0.10226	3e-05	0.13079	0.14908	0.11283	0.02396	0.0	0.15982	0.17942	0.14638	0.06764	3e-05	0.10255	0.06123	0.09339	0.06409	0.1517	0.0	0.0	0.0	0.0	0.04397	0.0	0.22239	0.0	0.0	0.0	0.10987	0.0	0.04012	3e-05	0.09339	0.06717	0.16925	0.23967	0.3453	0.0	0.0	0.0	0.0	0.0	0.0	0.0	0.22859	0.08297	0.28443	3e-05	0.0055	0.28269	3e-05	0.1051	0.0635	0.17253	0.2257	0.2257	0.06737	0.21446	0.22106	0.11312	0.09329	0.28136	0.0	0.10518	0.21448	0.11046	0.31422	0.13332	0.11694	3e-05	0.0	0.0	0.05165	3e-05	3e-05	0.09339	0.0635	0.21395	0.04856	0.18983	0.10552	0.16059	
0.04872	0.06176	0.1272	0.0	0.0	0.01996	0.11535	0.0027	0.03843	0.08544	0.02421	5e-05	0.02348	5e-05	0.01628	0.03714	0.0	0.0	0.46937	0.07719	0.21497	0.0	5e-05	5e-05	0.01628	0.02566	0.02348	0.00831	5e-05	5e-05	0.00615	0.01778	0.0272	0.04344	0.03651	5e-05	0.07642	0.05348	0.09323	0.02163	0.0	0.08984	0.04064	0.05112	0.0287	5e-05	0.02251	0.02123	0.02348	0.01778	0.00371	0.0	0.0	0.0	0.0	0.01617	0.0	0.05666	0.0	0.0	0.0	0.13161	0.0	0.01494	5e-05	0.02348	0.03381	0.16694	0.1646	0.18777	0.0	0.0	0.0	0.0	0.0	0.0	0.0	0.05728	0.02246	0.08305	5e-05	0.00534	0.46292	5e-05	0.02498	0.02203	0.10568	0.46199	0.46199	0.02197	0.21202	0.40852	0.0012	0.03029	0.15548	0.0	0.03479	0.16639	0.11472	0.08043	0.12779	0.04836	5e-05	0.0	0.0	0.01628	5e-05	5e-05	0.02348	0.02203	0.13053	0.16801	0.16	0.03663	0.09687	
2e-05	1e-05	2e-05	0.0	0.0	6e-05	7e-05	5e-05	5e-05	1e-05	1e-05	0.0	9e-05	0.0	0.00013	3e-05	0.0	0.0	7e-05	5e-05	3e-05	5e-05	0.0	0.0	0.00013	5e-05	9e-05	0.00022	0.0	0.0	0.00029	0.00019	7e-05	6e-05	3e-05	0.0	1e-05	4e-05	1e-05	7e-05	0.0	0.0	6e-05	0.0	7e-05	0.0	4e-05	2e-05	9e-05	0.00019	2e-05	0.0	0.0	0.0	0.0	0.00011	0.0	1e-05	0.0	0.0	0.0	0.0	0.0	0.00011	0.0	9e-05	6e-05	1e-05	3e-05	4e-05	0.0	0.0	0.0	0.0	0.0	0.0	0.0	3e-05	2e-05	1e-05	0.0	0.0	7e-05	0.0	0.00011	0.0001	3e-05	5e-05	5e-05	0.0001	6e-05	5e-05	0.0001	5e-05	1e-05	0.0	3e-05	4e-05	5e-05	2e-05	2e-05	6e-05	0.0	0.0	0.0	0.00013	0.0	0.0	9e-05	0.0001	8e-05	0.00019	1e-05	0.0	2e-05	
2e-05	1e-05	2e-05	0.0	0.0	6e-05	7e-05	5e-05	5e-05	1e-05	1e-05	0.0	9e-05	0.0	0.00013	3e-05	0.0	0.0	7e-05	5e-05	3e-05	5e-05	0.0	0.0	0.00013	5e-05	9e-05	0.00022	0.0	0.0	0.00029	0.00019	7e-05	6e-05	3e-05	0.0	1e-05	4e-05	1e-05	7e-05	0.0	0.0	6e-05	0.0	7e-05	0.0	4e-05	2e-05	9e-05	0.00019	2e-05	0.0	0.0	0.0	0.0	0.00011	0.0	1e-05	0.0	0.0	0.0	0.0	0.0	0.00011	0.0	9e-05	6e-05	1e-05	3e-05	4e-05	0.0	0.0	0.0	0.0	0.0	0.0	0.0	3e-05	2e-05	1e-05	0.0	0.0	7e-05	0.0	0.00011	0.0001	3e-05	5e-05	5e-05	0.0001	6e-05	5e-05	0.0001	5e-05	1e-05	0.0	3e-05	4e-05	5e-05	2e-05	2e-05	6e-05	0.0	0.0	0.0	0.00013	0.0	0.0	9e-05	0.0001	8e-05	0.00019	1e-05	0.0	2e-05	
0.02458	0.03053	0.07303	0.0	0.0	0.01429	0.05353	0.13149	0.29434	0.0663	0.13845	0.00013	0.01007	0.00013	0.99979	0.19192	0.0	0.0	0.01327	0.02546	0.05165	0.01628	0.00013	0.00013	0.0	0.01042	0.01007	0.00431	0.00013	0.00013	0.00333	0.00807	0.01133	0.01573	0.01357	0.00013	0.03552	0.02803	0.03591	0.03678	0.0	0.06419	0.02764	0.02725	0.01184	0.00013	0.02224	0.07626	0.01007	0.00807	0.02287	0.0	0.0	0.0	0.0	0.00744	0.0	0.03106	0.0	0.0	0.0	0.05081	0.0	0.00698	0.00013	0.01007	0.01353	0.20875	0.01806	0.01755	0.0	0.0	0.0	0.0	0.0	0.0	0.0	0.02838	0.06311	0.05136	0.00013	0.0026	0.02098	0.00013	0.0133	0.00956	0.09033	0.01707	0.01707	0.01374	0.01645	0.01703	0.02861	0.43709	0.03281	0.0	0.05402	0.01811	0.26319	0.02391	0.02366	0.01715	0.00013	0.0	0.0	0.99979	0.00013	0.00013	0.01007	0.00956	0.04773	0.0077	0.06837	0.06408	0.0547	
0.12036	0.08821	0.2	0.0	0.0	0.28165	0.06646	0.03157	0.36807	0.13406	0.06582	5e-05	0.77355	5e-05	0.01042	0.28754	0.0	0.0	0.02029	0.10037	0.10315	0.02566	5e-05	5e-05	0.01042	0.0	0.77355	0.00548	5e-05	5e-05	0.23045	0.01134	0.87688	0.02585	0.3433	5e-05	0.07517	0.04834	0.09494	0.09656	0.0	0.05152	0.04782	0.04884	0.47922	5e-05	0.1456	0.19476	0.77355	0.01134	0.14438	0.0	0.0	0.0	0.0	0.01035	0.0	0.1633	0.0	0.0	0.0	0.08843	0.0	0.0096	5e-05	0.77355	0.36125	0.05341	0.03027	0.19804	0.0	0.0	0.0	0.0	0.0	0.0	0.0	0.11506	0.04558	0.07083	5e-05	0.00374	0.0332	5e-05	0.02032	0.01387	0.33351	0.02822	0.02822	0.35203	0.02594	0.02866	0.11429	0.01843	0.05996	0.0	0.08856	0.0289	0.01918	0.13769	0.04102	0.20275	5e-05	0.0	0.0	0.01042	5e-05	5e-05	0.77355	0.01387	0.07141	0.01083	0.11536	0.04675	0.08892	
0.12122	0.08519	0.20453	0.0	0.0	0.31793	0.05821	0.02862	0.40752	0.13475	0.05856	9e-05	0.99984	9e-05	0.01007	0.32432	0.0	0.0	0.01886	0.10051	0.09339	0.02348	9e-05	9e-05	0.01007	0.77355	0.0	0.00549	9e-05	9e-05	0.00416	0.0109	0.65059	0.0232	0.3869	9e-05	0.06943	0.0425	0.08207	0.09626	0.0	0.04452	0.04251	0.04219	0.5788	9e-05	0.15138	0.2031	0.99984	0.0109	0.14958	0.0	0.0	0.0	0.0	0.01	0.0	0.1528	0.0	0.0	0.0	0.08106	0.0	0.00932	9e-05	0.99984	0.4225	0.04643	0.02693	0.21339	0.0	0.0	0.0	0.0	0.0	0.0	0.0	0.11917	0.03976	0.06018	9e-05	0.00419	0.03092	9e-05	0.01884	0.01316	0.36028	0.02526	0.02526	0.4106	0.02373	0.02544	0.11824	0.01684	0.05133	0.0	0.08579	0.0263	0.01751	0.14016	0.03595	0.21934	9e-05	0.0	0.0	0.01007	9e-05	9e-05	0.99984	0.01316	0.06513	0.01052	0.112	0.04048	0.08651	
0.05237	0.04208	0.01225	0.0	0.0	0.00724	0.02555	0.00983	0.0067	0.01251	0.01725	0.00022	0.00549	0.00022	0.00431	0.00708	0.0	0.0	0.00697	0.01216	0.02406	0.00831	0.00022	0.00022	0.00431	0.00548	0.00549	0.0	0.00022	0.00022	0.00222	0.0046	0.00606	0.00777	0.00679	0.00022	0.01633	0.01337	0.01647	0.01783	0.0	0.02883	0.01331	0.01265	0.13939	0.00022	0.04205	0.01181	0.00549	0.0046	0.01089	0.0	0.0	0.0	0.0	0.00427	0.0	0.01429	0.0	0.0	0.0	0.02292	0.0	0.00405	0.00022	0.00549	0.00706	0.01415	0.00878	0.00855	0.0	0.0	0.0	0.0	0.0	0.0	0.0	0.01387	0.02884	0.02324	0.00022	0.00218	0.01091	0.00022	0.00698	0.00526	0.01033	0.00839	0.00839	0.00718	0.00839	0.00827	0.01401	0.00596	0.01504	0.0	0.02451	0.00914	0.00617	0.01121	0.01123	0.00839	0.00022	0.0	0.0	0.00431	0.00022	0.00022	0.00549	0.00526	0.02287	0.00446	0.01507	0.01223	0.01367	
2e-05	1e-05	2e-05	0.0	0.0	6e-05	7e-05	5e-05	5e-05	1e-05	1e-05	0.0	9e-05	0.0	0.00013	3e-05	0.0	0.0	7e-05	5e-05	3e-05	5e-05	0.0	0.0	0.00013	5e-05	9e-05	0.00022	0.0	0.0	0.00029	0.00019	7e-05	6e-05	3e-05	0.0	1e-05	4e-05	1e-05	7e-05	0.0	0.0	6e-05	0.0	7e-05	0.0	4e-05	2e-05	9e-05	0.00019	2e-05	0.0	0.0	0.0	0.0	0.00011	0.0	1e-05	0.0	0.0	0.0	0.0	0.0	0.00011	0.0	9e-05	6e-05	1e-05	3e-05	4e-05	0.0	0.0	0.0	0.0	0.0	0.0	0.0	3e-05	2e-05	1e-05	0.0	0.0	7e-05	0.0	0.00011	0.0001	3e-05	5e-05	5e-05	0.0001	6e-05	5e-05	0.0001	5e-05	1e-05	0.0	3e-05	4e-05	5e-05	2e-05	2e-05	6e-05	0.0	0.0	0.0	0.00013	0.0	0.0	9e-05	0.0001	8e-05	0.00019	1e-05	0.0	2e-05	
2e-05	1e-05	2e-05	0.0	0.0	6e-05	7e-05	5e-05	5e-05	1e-05	1e-05	0.0	9e-05	0.0	0.00013	3e-05	0.0	0.0	7e-05	5e-05	3e-05	5e-05	0.0	0.0	0.00013	5e-05	9e-05	0.00022	0.0	0.0	0.00029	0.00019	7e-05	6e-05	3e-05	0.0	1e-05	4e-05	1e-05	7e-05	0.0	0.0	6e-05	0.0	7e-05	0.0	4e-05	2e-05	9e-05	0.00019	2e-05	0.0	0.0	0.0	0.0	0.00011	0.0	1e-05	0.0	0.0	0.0	0.0	0.0	0.00011	0.0	9e-05	6e-05	1e-05	3e-05	4e-05	0.0	0.0	0.0	0.0	0.0	0.0	0.0	3e-05	2e-05	1e-05	0.0	0.0	7e-05	0.0	0.00011	0.0001	3e-05	5e-05	5e-05	0.0001	6e-05	5e-05	0.0001	5e-05	1e-05	0.0	3e-05	4e-05	5e-05	2e-05	2e-05	6e-05	0.0	0.0	0.0	0.00013	0.0	0.0	9e-05	0.0001	8e-05	0.00019	1e-05	0.0	2e-05	
0.00825	0.01018	0.00879	0.0	0.0	0.00534	0.01851	0.00723	0.00489	0.00898	0.01304	0.00029	0.00416	0.00029	0.00333	0.00521	0.0	0.0	0.00521	0.00881	0.01731	0.00615	0.00029	0.00029	0.00333	0.23045	0.00416	0.00222	0.00029	0.00029	0.0	0.00356	0.10749	0.00569	0.00498	0.00029	0.01168	0.00967	0.01956	0.01298	0.0	0.00955	0.00967	0.00907	0.00472	0.00029	0.00769	0.00852	0.00416	0.00356	0.00787	0.0	0.0	0.0	0.0	0.0033	0.0	0.01932	0.0	0.0	0.0	0.01353	0.0	0.00315	0.00029	0.00416	0.00527	0.01018	0.00639	0.00623	0.0	0.0	0.0	0.0	0.0	0.0	0.0	0.01011	0.00883	0.01657	0.00029	0.00209	0.00814	0.00029	0.00522	0.00401	0.00749	0.00613	0.00613	0.00536	0.00621	0.00601	0.01023	0.00441	0.01075	0.0	0.00965	0.00674	0.00456	0.00806	0.00811	0.00612	0.00029	0.0	0.0	0.00333	0.00029	0.00029	0.00416	0.00401	0.01658	0.00347	0.01077	0.00878	0.00982	
0.11801	0.10926	0.02923	0.0	0.0	0.01562	0.04256	0.02145	0.31827	0.02974	0.04407	0.00019	0.0109	0.00019	0.00807	0.01535	0.0	0.0	0.01453	0.16802	0.06409	0.01778	0.00019	0.00019	0.00807	0.01134	0.0109	0.0046	0.00019	0.00019	0.00356	0.0	0.0123	0.35731	0.01487	0.00019	0.03942	0.2706	0.03987	0.06951	0.0	0.07172	0.32962	0.03023	0.01286	0.00019	0.13682	0.02749	0.0109	0.99994	0.12534	0.0	0.0	0.0	0.0	0.00802	0.0	0.06796	0.0	0.0	0.0	0.0564	0.0	0.00751	0.00019	0.0109	0.01473	0.03342	0.01986	0.01929	0.0	0.0	0.0	0.0	0.0	0.0	0.0	0.03119	0.14698	0.06257	0.00019	0.0	0.13876	0.00019	0.01447	0.01035	0.02367	0.01874	0.01874	0.01495	0.01796	0.01873	0.08479	0.01276	0.07792	0.0	0.11385	0.0198	0.01325	0.02644	0.02612	0.2607	0.00019	0.0	0.0	0.00807	0.00019	0.00019	0.0109	0.01035	0.04747	0.00854	0.0365	0.07147	0.12141	
0.0853	0.05426	0.16453	0.0	0.0	0.21449	0.01999	0.03333	0.31003	0.09934	0.03404	7e-05	0.65059	7e-05	0.01133	0.22089	0.0	0.0	0.02167	0.06594	0.06854	0.0272	7e-05	7e-05	0.01133	0.87688	0.65059	0.00606	7e-05	7e-05	0.10749	0.0123	0.0	0.02712	0.27742	7e-05	0.04392	0.05035	0.06388	0.04644	0.0	0.05327	0.05028	0.05045	0.38433	7e-05	0.10314	0.15189	0.65059	0.0123	0.10262	0.0	0.0	0.0	0.0	0.01125	0.0	0.13064	0.0	0.0	0.0	0.05815	0.0	0.01046	7e-05	0.65059	0.27941	0.05537	0.03164	0.14742	0.0	0.0	0.0	0.0	0.0	0.0	0.0	0.06434	0.04727	0.04002	7e-05	0.0043	0.03566	7e-05	0.02167	0.01495	0.28141	0.02959	0.02959	0.27126	0.02749	0.02992	0.06366	0.0195	0.06176	0.0	0.05579	0.03056	0.02029	0.10136	0.04262	0.15087	7e-05	0.0	0.0	0.01133	7e-05	7e-05	0.65059	0.01495	0.02495	0.0118	0.0843	0.04833	0.05415	
0.10597	0.15773	0.09462	0.0	0.0	0.03887	0.02994	0.01431	0.23106	0.03752	0.0568	6e-05	0.0232	6e-05	0.01573	0.03843	0.0	0.0	0.03324	0.125	0.05957	0.04344	6e-05	6e-05	0.01573	0.02585	0.0232	0.00777	6e-05	6e-05	0.00569	0.35731	0.02712	0.0	0.14836	6e-05	0.06831	0.18413	0.10289	0.11888	0.0	0.08961	0.30327	0.03898	0.02872	6e-05	0.14506	0.08256	0.0232	0.35731	0.13918	0.0	0.0	0.0	0.0	0.01562	0.0	0.09851	0.0	0.0	0.0	0.06532	0.0	0.01436	6e-05	0.0232	0.0342	0.05013	0.05491	0.0531	0.0	0.0	0.0	0.0	0.0	0.0	0.0	0.08602	0.16864	0.08073	6e-05	0.13323	0.11334	6e-05	0.03335	0.02167	0.06801	0.05036	0.05036	0.03481	0.04396	0.0522	0.11041	0.03113	0.12464	0.0	0.1586	0.04967	0.03465	0.06255	0.04606	0.20353	6e-05	0.0	0.0	0.01573	6e-05	6e-05	0.0232	0.02167	0.0461	0.02125	0.12541	0.11423	0.10166	
0.17827	0.1028	0.16537	0.0	0.0	0.16099	0.01483	0.04578	0.24398	0.1002	0.03986	3e-05	0.3869	3e-05	0.01357	0.16604	0.0	0.0	0.02816	0.07647	0.10226	0.03651	3e-05	3e-05	0.01357	0.3433	0.3869	0.00679	3e-05	3e-05	0.00498	0.01487	0.27742	0.14836	0.0	3e-05	0.10631	0.01416	0.08099	0.06157	0.0	0.08305	0.07411	0.06574	0.25259	3e-05	0.09999	0.14478	0.3869	0.01487	0.10078	0.0	0.0	0.0	0.0	0.01348	0.0	0.13522	0.0	0.0	0.0	0.11764	0.0	0.01241	3e-05	0.3869	0.19466	0.08475	0.04538	0.1256	0.0	0.0	0.0	0.0	0.0	0.0	0.0	0.06813	0.0403	0.07934	3e-05	0.00431	0.04719	3e-05	0.02825	0.01857	0.23937	0.0418	0.0418	0.19001	0.03694	0.04311	0.0678	0.02621	0.12064	0.0	0.11932	0.04159	0.07822	0.105	0.06629	0.12694	3e-05	0.0	0.0	0.01357	3e-05	3e-05	0.3869	0.01857	0.01976	0.03738	0.10465	0.07461	0.08782	
2e-05	1e-05	2e-05	0.0	0.0	6e-05	7e-05	5e-05	5e-05	1e-05	1e-05	0.0	9e-05	0.0	0.00013	3e-05	0.0	0.0	7e-05	5e-05	3e-05	5e-05	0.0	0.0	0.00013	5e-05	9e-05	0.00022	0.0	0.0	0.00029	0.00019	7e-05	6e-05	3e-05	0.0	1e-05	4e-05	1e-05	7e-05	0.0	0.0	6e-05	0.0	7e-05	0.0	4e-05	2e-05	9e-05	0.00019	2e-05	0.0	0.0	0.0	0.0	0.00011	0.0	1e-05	0.0	0.0	0.0	0.0	0.0	0.00011	0.0	9e-05	6e-05	1e-05	3e-05	4e-05	0.0	0.0	0.0	0.0	0.0	0.0	0.0	3e-05	2e-05	1e-05	0.0	0.0	7e-05	0.0	0.00011	0.0001	3e-05	5e-05	5e-05	0.0001	6e-05	5e-05	0.0001	5e-05	1e-05	0.0	3e-05	4e-05	5e-05	2e-05	2e-05	6e-05	0.0	0.0	0.0	0.00013	0.0	0.0	9e-05	0.0001	8e-05	0.00019	1e-05	0.0	2e-05	
0.13049	0.20008	0.21076	0.0	0.0	0.05878	0.20824	0.01932	0.11309	0.14131	0.12065	1e-05	0.06943	1e-05	0.03552	0.05771	0.0	0.0	0.09112	0.11914	0.13079	0.07642	1e-05	1e-05	0.03552	0.07517	0.06943	0.01633	1e-05	1e-05	0.01168	0.03942	0.04392	0.06831	0.10631	1e-05	0.0	0.08343	0.27454	0.05053	0.0	0.17044	0.0923	0.25466	0.03938	1e-05	0.07578	0.11596	0.06943	0.03942	0.05723	0.0	0.0	0.0	0.0	0.04371	0.0	0.19837	0.0	0.0	0.0	0.1175	0.0	0.03207	1e-05	0.06943	0.03167	0.1019	0.1828	0.19986	0.0	0.0	0.0	0.0	0.0	0.0	0.0	0.32282	0.11981	0.19013	1e-05	0.00352	0.15016	1e-05	0.06917	0.06401	0.12048	0.17131	0.17131	0.07185	0.11908	0.18195	0.02608	0.08577	0.19968	0.0	0.16268	0.13817	0.08963	0.21294	0.13891	0.14146	1e-05	0.0	0.0	0.03552	1e-05	1e-05	0.06943	0.06401	0.21608	0.09611	0.13715	0.11544	0.11627	
0.14353	0.18385	0.21044	0.0	0.0	0.0807	0.06807	0.01411	0.23564	0.11721	0.07244	4e-05	0.0425	4e-05	0.02803	0.07493	0.0	0.0	0.14206	0.1405	0.14908	0.05348	4e-05	4e-05	0.02803	0.04834	0.0425	0.01337	4e-05	4e-05	0.00967	0.2706	0.05035	0.18413	0.01416	4e-05	0.08343	0.0	0.1168	0.04108	0.0	0.23222	0.28425	0.11085	0.05359	4e-05	0.15001	0.09963	0.0425	0.2706	0.15699	0.0	0.0	0.0	0.0	0.06182	0.0	0.14613	0.0	0.0	0.0	0.1261	0.0	0.02546	4e-05	0.0425	0.06487	0.16699	0.32138	0.0885	0.0	0.0	0.0	0.0	0.0	0.0	0.0	0.16391	0.16145	0.28791	4e-05	0.1116	0.45494	4e-05	0.02287	0.08975	0.10459	0.20003	0.20003	0.06612	0.21706	0.19189	0.04819	0.09616	0.20919	0.0	0.15515	0.25805	0.07903	0.06141	0.22836	0.1521	4e-05	0.0	0.0	0.02803	4e-05	4e-05	0.0425	0.08975	0.0872	0.02958	0.18853	0.22219	0.15566	
0.06071	0.18223	0.29822	0.0	0.0	0.07651	0.16115	0.11495	0.12568	0.12808	0.07397	1e-05	0.08207	1e-05	0.03591	0.06266	0.0	0.0	0.13507	0.07418	0.11283	0.09323	1e-05	1e-05	0.03591	0.09494	0.08207	0.01647	1e-05	1e-05	0.01956	0.03987	0.06388	0.10289	0.08099	1e-05	0.27454	0.1168	0.0	0.16167	0.0	0.1454	0.11156	0.1443	0.05219	1e-05	0.09213	0.06032	0.08207	0.03987	0.12215	0.0	0.0	0.0	0.0	0.0511	0.0	0.17131	0.0	0.0	0.0	0.10992	0.0	0.03241	1e-05	0.08207	0.04468	0.10954	0.24517	0.15277	0.0	0.0	0.0	0.0	0.0	0.0	0.0	0.28068	0.07688	0.10081	1e-05	0.00895	0.18338	1e-05	0.16241	0.09119	0.24427	0.22254	0.22254	0.06611	0.19283	0.24331	0.01716	0.11146	0.1284	0.0	0.14859	0.10066	0.09142	0.26439	0.20056	0.10257	1e-05	0.0	0.0	0.03591	1e-05	1e-05	0.08207	0.09119	0.18716	0.05936	0.20271	0.11469	0.05527	
0.05048	0.08219	0.11972	0.0	0.0	0.0748	0.06575	0.11242	0.14366	0.03412	0.08223	7e-05	0.09626	7e-05	0.03678	0.0228	0.0	0.0	0.01733	0.02061	0.02396	0.02163	7e-05	7e-05	0.03678	0.09656	0.09626	0.01783	7e-05	7e-05	0.01298	0.06951	0.04644	0.11888	0.06157	7e-05	0.05053	0.04108	0.16167	0.0	0.0	0.09538	0.08295	0.05769	0.03646	7e-05	0.00076	0.01502	0.09626	0.06951	0.2344	0.0	0.0	0.0	0.0	0.06238	0.0	0.04483	0.0	0.0	0.0	0.00511	0.0	0.03353	7e-05	0.09626	0.01582	0.04144	0.06719	0.00464	0.0	0.0	0.0	0.0	0.0	0.0	0.0	0.04678	0.08409	0.04701	7e-05	4e-05	0.04099	7e-05	0.06242	0.05153	0.08615	0.09438	0.09438	0.10672	0.04805	0.11011	0.00673	0.07594	0.03726	0.0	0.10062	0.0006	0.07953	0.19326	0.08605	0.02742	7e-05	0.0	0.0	0.03678	7e-05	7e-05	0.09626	0.05153	0.09029	0.0801	0.0535	0.11539	0.06025	
0.0	0.0	0.0	0.0	0.0	0.0	0.0	0.0	0.0	0.0	0.0	0.0	0.0	0.0	0.0	0.0	0.0	0.0	0.0	0.0	0.0	0.0	0.0	0.0	0.0	0.0	0.0	0.0	0.0	0.0	0.0	0.0	0.0	0.0	0.0	0.0	0.0	0.0	0.0	0.0	0.0	0.0	0.0	0.0	0.0	0.0	0.0	0.0	0.0	0.0	0.0	0.0	0.0	0.0	0.0	0.0	0.0	0.0	0.0	0.0	0.0	0.0	0.0	0.0	0.0	0.0	0.0	0.0	0.0	0.0	0.0	0.0	0.0	0.0	0.0	0.0	0.0	0.0	0.0	0.0	0.0	0.0	0.0	0.0	0.0	0.0	0.0	0.0	0.0	0.0	0.0	0.0	0.0	0.0	0.0	0.0	0.0	0.0	0.0	0.0	0.0	0.0	0.0	0.0	0.0	0.0	0.0	0.0	0.0	0.0	0.0	0.0	0.0	0.0	0.0	
0.15306	0.2128	0.18065	0.0	0.0	0.06249	0.10506	0.10302	0.1466	0.16029	0.08112	0.0	0.04452	0.0	0.06419	0.03782	0.0	0.0	0.08359	0.07371	0.15982	0.08984	0.0	0.0	0.06419	0.05152	0.04452	0.02883	0.0	0.0	0.00955	0.07172	0.05327	0.08961	0.08305	0.0	0.17044	0.23222	0.1454	0.09538	0.0	0.0	0.17294	0.1853	0.024	0.0	0.16357	0.20091	0.04452	0.07172	0.20114	0.0	0.0	0.0	0.0	0.12086	0.0	0.13036	0.0	0.0	0.0	0.13346	0.0	0.02598	0.0	0.04452	0.06981	0.24028	0.40079	0.2237	0.0	0.0	0.0	0.0	0.0	0.0	0.0	0.19701	0.18028	0.39657	0.0	0.03605	0.34547	0.0	0.16646	0.15858	0.20272	0.24339	0.24339	0.05111	0.20618	0.23485	0.04045	0.19996	0.33057	0.0	0.21039	0.24958	0.09245	0.19311	0.23652	0.11019	0.0	0.0	0.0	0.06419	0.0	0.0	0.04452	0.15858	0.1232	0.04547	0.21188	0.49191	0.12897	
0.17267	0.20994	0.059	0.0	0.0	0.04682	0.06951	0.11087	0.25412	0.08359	0.16322	6e-05	0.04251	6e-05	0.02764	0.07444	0.0	0.0	0.02906	0.25485	0.17942	0.04064	6e-05	6e-05	0.02764	0.04782	0.04251	0.01331	6e-05	6e-05	0.00967	0.32962	0.05028	0.30327	0.07411	6e-05	0.0923	0.28425	0.11156	0.08295	0.0	0.17294	0.0	0.16132	0.05351	6e-05	0.27627	0.06761	0.04251	0.32962	0.15119	0.0	0.0	0.0	0.0	0.02769	0.0	0.53354	0.0	0.0	0.0	0.21994	0.0	0.05778	6e-05	0.04251	0.03921	0.13015	0.18785	0.10613	0.0	0.0	0.0	0.0	0.0	0.0	0.0	0.09541	0.22812	0.20614	6e-05	0.24298	0.21549	6e-05	0.20403	0.20674	0.05693	0.05874	0.05874	0.03942	0.01983	0.0761	0.10798	0.18587	0.1847	0.0	0.36773	0.19279	0.06118	0.15517	0.08287	0.2244	6e-05	0.0	0.0	0.02764	6e-05	6e-05	0.04251	0.20674	0.08202	0.0612	0.27023	0.15191	0.22232	
0.06489	0.13838	0.15522	0.0	0.0	0.07874	0.07732	0.05539	0.08832	0.09082	0.12278	0.0	0.04219	0.0	0.02725	0.08759	0.0	0.0	0.11524	0.10954	0.14638	0.05112	0.0	0.0	0.02725	0.04884	0.04219	0.01265	0.0	0.0	0.00907	0.03023	0.05045	0.03898	0.06574	0.0	0.25466	0.11085	0.1443	0.05769	0.0	0.1853	0.16132	0.0	0.05388	0.0	0.06865	0.1701	0.04219	0.03023	0.07149	0.0	0.0	0.0	0.0	0.06609	0.0	0.14494	0.0	0.0	0.0	0.08796	0.0	0.10882	0.0	0.04219	0.0678	0.15558	0.25534	0.09421	0.0	0.0	0.0	0.0	0.0	0.0	0.0	0.1146	0.07021	0.1402	0.0	0.00898	0.19959	0.0	0.04816	0.09869	0.08358	0.14664	0.14664	0.06736	0.14727	0.16001	0.04463	0.10843	0.17691	0.0	0.18945	0.17205	0.07596	0.09997	0.20584	0.06732	0.0	0.0	0.0	0.02725	0.0	0.0	0.04219	0.09869	0.0871	0.03031	0.18592	0.22429	0.07773	
0.11665	0.07321	0.15602	0.0	0.0	0.19142	0.01333	0.03524	0.28745	0.09201	0.07541	7e-05	0.5788	7e-05	0.01184	0.19774	0.0	0.0	0.0228	0.06139	0.06764	0.0287	7e-05	7e-05	0.01184	0.47922	0.5788	0.13939	7e-05	7e-05	0.00472	0.01286	0.38433	0.02872	0.25259	7e-05	0.03938	0.05359	0.05219	0.03646	0.0	0.024	0.05351	0.05388	0.0	7e-05	0.20235	0.14073	0.5788	0.01286	0.09245	0.0	0.0	0.0	0.0	0.01175	0.0	0.11489	0.0	0.0	0.0	0.10624	0.0	0.01092	7e-05	0.5788	0.24811	0.05907	0.03357	0.13265	0.0	0.0	0.0	0.0	0.0	0.0	0.0	0.05286	0.01464	0.03747	7e-05	0.00437	0.0376	7e-05	0.02281	0.01567	0.26348	0.03135	0.03135	0.24075	0.02901	0.03175	0.05225	0.02058	0.06614	0.0	0.1121	0.03229	0.02142	0.09309	0.04537	0.13552	7e-05	0.0	0.0	0.01184	7e-05	7e-05	0.5788	0.01567	0.01761	0.01231	0.0791	0.05159	0.04771	
2e-05	1e-05	2e-05	0.0	0.0	6e-05	7e-05	5e-05	5e-05	1e-05	1e-05	0.0	9e-05	0.0	0.00013	3e-05	0.0	0.0	7e-05	5e-05	3e-05	5e-05	0.0	0.0	0.00013	5e-05	9e-05	0.00022	0.0	0.0	0.00029	0.00019	7e-05	6e-05	3e-05	0.0	1e-05	4e-05	1e-05	7e-05	0.0	0.0	6e-05	0.0	7e-05	0.0	4e-05	2e-05	9e-05	0.00019	2e-05	0.0	0.0	0.0	0.0	0.00011	0.0	1e-05	0.0	0.0	0.0	0.0	0.0	0.00011	0.0	9e-05	6e-05	1e-05	3e-05	4e-05	0.0	0.0	0.0	0.0	0.0	0.0	0.0	3e-05	2e-05	1e-05	0.0	0.0	7e-05	0.0	0.00011	0.0001	3e-05	5e-05	5e-05	0.0001	6e-05	5e-05	0.0001	5e-05	1e-05	0.0	3e-05	4e-05	5e-05	2e-05	2e-05	6e-05	0.0	0.0	0.0	0.00013	0.0	0.0	9e-05	0.0001	8e-05	0.00019	1e-05	0.0	2e-05	
0.15098	0.25158	0.12449	0.0	0.0	0.06332	0.07238	0.06808	0.22786	0.14987	0.04857	4e-05	0.15138	4e-05	0.02224	0.06728	0.0	0.0	0.02155	0.24922	0.10255	0.02251	4e-05	4e-05	0.02224	0.1456	0.15138	0.04205	4e-05	4e-05	0.00769	0.13682	0.10314	0.14506	0.09999	4e-05	0.07578	0.15001	0.09213	0.00076	0.0	0.16357	0.27627	0.06865	0.20235	4e-05	0.0	0.2195	0.15138	0.13682	0.12232	0.0	0.0	0.0	0.0	0.02208	0.0	0.24207	0.0	0.0	0.0	0.15423	0.0	0.08401	4e-05	0.15138	0.2624	0.06521	0.13805	0.19377	0.0	0.0	0.0	0.0	0.0	0.0	0.0	0.05821	0.11763	0.15046	4e-05	0.2687	0.15278	4e-05	0.09679	0.18642	0.13503	0.03645	0.03645	0.0673	0.02274	0.04143	0.23448	0.17267	0.14052	0.0	0.27113	0.04556	0.09083	0.14942	0.06778	0.33612	4e-05	0.0	0.0	0.02224	4e-05	4e-05	0.15138	0.18642	0.08646	0.02339	0.0836	0.1991	0.14684	
0.10201	0.16021	0.1788	0.0	0.0	0.10776	0.01455	0.07435	0.22512	0.15691	0.08277	2e-05	0.2031	2e-05	0.07626	0.15643	0.0	0.0	0.01702	0.1728	0.06123	0.02123	2e-05	2e-05	0.07626	0.19476	0.2031	0.01181	2e-05	2e-05	0.00852	0.02749	0.15189	0.08256	0.14478	2e-05	0.11596	0.09963	0.06032	0.01502	0.0	0.20091	0.06761	0.1701	0.14073	2e-05	0.2195	0.0	0.2031	0.02749	0.19126	0.0	0.0	0.0	0.0	0.07566	0.0	0.14425	0.0	0.0	0.0	0.08274	0.0	0.10665	2e-05	0.2031	0.43076	0.22157	0.15344	0.16421	0.0	0.0	0.0	0.0	0.0	0.0	0.0	0.12012	0.12708	0.17331	2e-05	0.00915	0.06732	2e-05	0.04319	0.11178	0.22613	0.05847	0.05847	0.11384	0.04858	0.06181	0.12146	0.18555	0.14018	0.0	0.17454	0.07147	0.08191	0.17954	0.07383	0.16346	2e-05	0.0	0.0	0.07626	2e-05	2e-05	0.2031	0.11178	0.02326	0.02617	0.21158	0.22878	0.19735	
0.12122	0.08519	0.20453	0.0	0.0	0.31793	0.05821	0.02862	0.40752	0.13475	0.05856	9e-05	0.99984	9e-05	0.01007	0.32432	0.0	0.0	0.01886	0.10051	0.09339	0.02348	9e-05	9e-05	0.01007	0.77355	0.99984	0.00549	9e-05	9e-05	0.00416	0.0109	0.65059	0.0232	0.3869	9e-05	0.06943	0.0425	0.08207	0.09626	0.0	0.04452	0.04251	0.04219	0.5788	9e-05	0.15138	0.2031	0.0	0.0109	0.14958	0.0	0.0	0.0	0.0	0.01	0.0	0.1528	0.0	0.0	0.0	0.08106	0.0	0.00932	9e-05	0.99984	0.4225	0.04643	0.02693	0.21339	0.0	0.0	0.0	0.0	0.0	0.0	0.0	0.11917	0.03976	0.06018	9e-05	0.00419	0.03092	9e-05	0.01884	0.01316	0.36028	0.02526	0.02526	0.4106	0.02373	0.02544	0.11824	0.01684	0.05133	0.0	0.08579	0.0263	0.01751	0.14016	0.03595	0.21934	9e-05	0.0	0.0	0.01007	9e-05	9e-05	0.99984	0.01316	0.06513	0.01052	0.112	0.04048	0.08651	
0.11801	0.10926	0.02923	0.0	0.0	0.01562	0.04256	0.02145	0.31827	0.02974	0.04407	0.00019	0.0109	0.00019	0.00807	0.01535	0.0	0.0	0.01453	0.16802	0.06409	0.01778	0.00019	0.00019	0.00807	0.01134	0.0109	0.0046	0.00019	0.00019	0.00356	0.99994	0.0123	0.35731	0.01487	0.00019	0.03942	0.2706	0.03987	0.06951	0.0	0.07172	0.32962	0.03023	0.01286	0.00019	0.13682	0.02749	0.0109	0.0	0.12534	0.0	0.0	0.0	0.0	0.00802	0.0	0.06796	0.0	0.0	0.0	0.0564	0.0	0.00751	0.00019	0.0109	0.01473	0.03342	0.01986	0.01929	0.0	0.0	0.0	0.0	0.0	0.0	0.0	0.03119	0.14698	0.06257	0.00019	0.0	0.13876	0.00019	0.01447	0.01035	0.02367	0.01874	0.01874	0.01495	0.01796	0.01873	0.08479	0.01276	0.07792	0.0	0.11385	0.0198	0.01325	0.02644	0.02612	0.2607	0.00019	0.0	0.0	0.00807	0.00019	0.00019	0.0109	0.01035	0.04747	0.00854	0.0365	0.07147	0.12141	
0.20338	0.26167	0.2044	0.0	0.0	0.06449	0.07761	0.08883	0.21925	0.11456	0.13705	2e-05	0.14958	2e-05	0.02287	0.0684	0.0	0.0	0.01875	0.15618	0.1517	0.00371	2e-05	2e-05	0.02287	0.14438	0.14958	0.01089	2e-05	2e-05	0.00787	0.12534	0.10262	0.13918	0.10078	2e-05	0.05723	0.15699	0.12215	0.2344	0.0	0.20114	0.15119	0.07149	0.09245	2e-05	0.12232	0.19126	0.14958	0.12534	0.0	0.0	0.0	0.0	0.0	0.11077	0.0	0.10904	0.0	0.0	0.0	0.05384	0.0	0.08289	2e-05	0.14958	0.25976	0.07045	0.08606	0.0744	0.0	0.0	0.0	0.0	0.0	0.0	0.0	0.06213	0.16199	0.20589	2e-05	0.01119	0.15388	2e-05	0.0514	0.03223	0.14664	0.08288	0.08288	0.06798	0.08101	0.0829	0.04259	0.04881	0.12756	0.0	0.08166	0.00114	0.05116	0.15612	0.08991	0.10521	2e-05	0.0	0.0	0.02287	2e-05	2e-05	0.14958	0.03223	0.09231	0.02402	0.14275	0.20027	0.20778	
0.0	0.0	0.0	0.0	0.0	0.0	0.0	0.0	0.0	0.0	0.0	0.0	0.0	0.0	0.0	0.0	0.0	0.0	0.0	0.0	0.0	0.0	0.0	0.0	0.0	0.0	0.0	0.0	0.0	0.0	0.0	0.0	0.0	0.0	0.0	0.0	0.0	0.0	0.0	0.0	0.0	0.0	0.0	0.0	0.0	0.0	0.0	0.0	0.0	0.0	0.0	0.0	0.0	0.0	0.0	0.0	0.0	0.0	0.0	0.0	0.0	0.0	0.0	0.0	0.0	0.0	0.0	0.0	0.0	0.0	0.0	0.0	0.0	0.0	0.0	0.0	0.0	0.0	0.0	0.0	0.0	0.0	0.0	0.0	0.0	0.0	0.0	0.0	0.0	0.0	0.0	0.0	0.0	0.0	0.0	0.0	0.0	0.0	0.0	0.0	0.0	0.0	0.0	0.0	0.0	0.0	0.0	0.0	0.0	0.0	0.0	0.0	0.0	0.0	0.0	
0.0	0.0	0.0	0.0	0.0	0.0	0.0	0.0	0.0	0.0	0.0	0.0	0.0	0.0	0.0	0.0	0.0	0.0	0.0	0.0	0.0	0.0	0.0	0.0	0.0	0.0	0.0	0.0	0.0	0.0	0.0	0.0	0.0	0.0	0.0	0.0	0.0	0.0	0.0	0.0	0.0	0.0	0.0	0.0	0.0	0.0	0.0	0.0	0.0	0.0	0.0	0.0	0.0	0.0	0.0	0.0	0.0	0.0	0.0	0.0	0.0	0.0	0.0	0.0	0.0	0.0	0.0	0.0	0.0	0.0	0.0	0.0	0.0	0.0	0.0	0.0	0.0	0.0	0.0	0.0	0.0	0.0	0.0	0.0	0.0	0.0	0.0	0.0	0.0	0.0	0.0	0.0	0.0	0.0	0.0	0.0	0.0	0.0	0.0	0.0	0.0	0.0	0.0	0.0	0.0	0.0	0.0	0.0	0.0	0.0	0.0	0.0	0.0	0.0	0.0	
0.0	0.0	0.0	0.0	0.0	0.0	0.0	0.0	0.0	0.0	0.0	0.0	0.0	0.0	0.0	0.0	0.0	0.0	0.0	0.0	0.0	0.0	0.0	0.0	0.0	0.0	0.0	0.0	0.0	0.0	0.0	0.0	0.0	0.0	0.0	0.0	0.0	0.0	0.0	0.0	0.0	0.0	0.0	0.0	0.0	0.0	0.0	0.0	0.0	0.0	0.0	0.0	0.0	0.0	0.0	0.0	0.0	0.0	0.0	0.0	0.0	0.0	0.0	0.0	0.0	0.0	0.0	0.0	0.0	0.0	0.0	0.0	0.0	0.0	0.0	0.0	0.0	0.0	0.0	0.0	0.0	0.0	0.0	0.0	0.0	0.0	0.0	0.0	0.0	0.0	0.0	0.0	0.0	0.0	0.0	0.0	0.0	0.0	0.0	0.0	0.0	0.0	0.0	0.0	0.0	0.0	0.0	0.0	0.0	0.0	0.0	0.0	0.0	0.0	0.0	
0.0	0.0	0.0	0.0	0.0	0.0	0.0	0.0	0.0	0.0	0.0	0.0	0.0	0.0	0.0	0.0	0.0	0.0	0.0	0.0	0.0	0.0	0.0	0.0	0.0	0.0	0.0	0.0	0.0	0.0	0.0	0.0	0.0	0.0	0.0	0.0	0.0	0.0	0.0	0.0	0.0	0.0	0.0	0.0	0.0	0.0	0.0	0.0	0.0	0.0	0.0	0.0	0.0	0.0	0.0	0.0	0.0	0.0	0.0	0.0	0.0	0.0	0.0	0.0	0.0	0.0	0.0	0.0	0.0	0.0	0.0	0.0	0.0	0.0	0.0	0.0	0.0	0.0	0.0	0.0	0.0	0.0	0.0	0.0	0.0	0.0	0.0	0.0	0.0	0.0	0.0	0.0	0.0	0.0	0.0	0.0	0.0	0.0	0.0	0.0	0.0	0.0	0.0	0.0	0.0	0.0	0.0	0.0	0.0	0.0	0.0	0.0	0.0	0.0	0.0	
0.12499	0.09625	0.07721	0.0	0.0	0.01419	0.03837	0.01947	0.01359	0.18416	0.10032	0.00011	0.01	0.00011	0.00744	0.01394	0.0	0.0	0.01321	0.08993	0.04397	0.01617	0.00011	0.00011	0.00744	0.01035	0.01	0.00427	0.00011	0.00011	0.0033	0.00802	0.01125	0.01562	0.01348	0.00011	0.04371	0.06182	0.0511	0.06238	0.0	0.12086	0.02769	0.06609	0.01175	0.00011	0.02208	0.07566	0.01	0.00802	0.11077	0.0	0.0	0.0	0.0	0.0	0.0	0.03082	0.0	0.0	0.0	0.05041	0.0	0.00693	0.00011	0.01	0.01344	0.04873	0.12001	0.01742	0.0	0.0	0.0	0.0	0.0	0.0	0.0	0.07666	0.06262	0.16967	0.00011	0.00312	0.1267	0.00011	0.01321	0.0095	0.08962	0.13052	0.13052	0.01364	0.17402	0.11542	0.02841	0.0116	0.0691	0.0	0.02874	0.01798	0.01204	0.08458	0.0911	0.01703	0.00011	0.0	0.0	0.00744	0.00011	0.00011	0.01	0.0095	0.04277	0.00773	0.07127	0.06358	0.02911	
