0.0	0.0	0.0	0.0	0.0	0.0	0.0	0.0	0.0	0.0	0.0	0.0	0.0	0.0	0.0	0.0	0.0	0.0	0.0	0.0	0.0	0.0	0.0	0.0	0.0	0.0	0.0	0.0	0.0	0.0	0.0	0.0	0.0	0.0	0.0	0.0	0.0	0.0	0.0	0.0	0.0	0.0	0.0	0.0	0.0	0.0	0.0	0.0	0.0	0.0	0.0	0.0	0.0	0.0	0.0	0.0	0.0	0.0	0.0	0.0	0.0	0.0	0.0	0.0	0.0	0.0	0.0	0.0	0.0	0.0	0.0	0.0	0.0	0.0	0.0	0.0	0.0	0.0	0.0	0.0	0.0	0.0	0.0	0.0	0.0	0.0	0.0	0.0	0.0	0.0	0.0	0.0	0.0	0.0	0.0	0.0	0.0	0.0	0.0	0.0	0.0	0.0	0.0	0.0	0.0	0.0	0.0	0.0	0.0	0.0	0.0	0.0	0.0	0.0	0.0	0.0	0.0	0.0	0.0	0.0	0.0	0.0	0.0	0.0	0.0	0.0	0.0	0.0	0.0	0.0	0.0	0.0	0.0	0.0	0.0	0.0	0.0	0.0	0.0	0.0	0.0	0.0	
0.0	0.0	0.0	0.0	0.0	0.0	0.0	0.0	0.0	0.0	0.0	0.0	0.0	0.0	0.0	0.0	0.0	0.0	0.0	0.0	0.0	0.0	0.0	0.0	0.0	0.0	0.0	0.0	0.0	0.0	0.0	0.0	0.0	0.0	0.0	0.0	0.0	0.0	0.0	0.0	0.0	0.0	0.0	0.0	0.0	0.0	0.0	0.0	0.0	0.0	0.0	0.0	0.0	0.0	0.0	0.0	0.0	0.0	0.0	0.0	0.0	0.0	0.0	0.0	0.0	0.0	0.0	0.0	0.0	0.0	0.0	0.0	0.0	0.0	0.0	0.0	0.0	0.0	0.0	0.0	0.0	0.0	0.0	0.0	0.0	0.0	0.0	0.0	0.0	0.0	0.0	0.0	0.0	0.0	0.0	0.0	0.0	0.0	0.0	0.0	0.0	0.0	0.0	0.0	0.0	0.0	0.0	0.0	0.0	0.0	0.0	0.0	0.0	0.0	0.0	0.0	0.0	0.0	0.0	0.0	0.0	0.0	0.0	0.0	0.0	0.0	0.0	0.0	0.0	0.0	0.0	0.0	0.0	0.0	0.0	0.0	0.0	0.0	0.0	0.0	0.0	0.0	
0.0	0.0	0.0	0.00019	0.0	0.00018	0.00018	9e-05	0.0001	4e-05	0.00021	0.0	0.0	0.0	0.0	0.00019	0.0	0.0	0.00013	0.00011	6e-05	6e-05	0.00015	0.00011	7e-05	4e-05	0.0	4e-05	3e-05	4e-05	7e-05	4e-05	6e-05	2e-05	7e-05	0.0	0.0	0.0	6e-05	4e-05	0.00015	0.00019	7e-05	7e-05	0.0	0.0	0.0	5e-05	0.0	0.0	0.0	9e-05	9e-05	2e-05	2e-05	0.00018	0.00018	0.0	0.00019	0.0	4e-05	0.0004	0.0001	0.00023	8e-05	8e-05	9e-05	0.00016	3e-05	5e-05	0.0	0.0	0.0	0.0	0.00013	0.00013	0.00017	0.00023	9e-05	0.0	0.0	0.0	0.0	0.0	0.0	0.00017	4e-05	4e-05	0.0004	0.0	5e-05	0.00012	4e-05	4e-05	7e-05	0.00012	0.0	3e-05	7e-05	9e-05	0.00013	0.0	0.00011	0.00012	5e-05	0.00011	0.0001	4e-05	4e-05	0.0	4e-05	0.00011	7e-05	4e-05	4e-05	0.00023	7e-05	0.00013	0.00013	0.00017	0.0	6e-05	0.0	0.0	0.0	0.0	0.00025	8e-05	0.0	0.0	0.0	0.00018	0.0	0.0	0.0	7e-05	0.0	0.0	0.0	7e-05	6e-05	2e-05	
0.0	0.0	0.00019	0.0	0.00019	0.00708	0.00788	0.00983	0.06011	0.00753	0.00515	0.00019	0.00019	0.00019	0.00019	0.99971	0.00019	0.00019	0.00633	0.00722	0.01687	0.01508	0.35783	0.01387	0.01158	0.01532	0.0	0.00848	0.00998	0.01252	0.01506	0.01927	0.0276	0.02561	0.03039	0.00019	0.00019	0.00019	0.01254	0.02629	0.01028	0.99971	0.01546	0.03026	0.00019	0.00019	0.00019	0.42259	0.00019	0.00019	0.00019	0.01216	0.01689	0.01518	0.01496	0.00788	0.00708	0.00019	0.99971	0.00019	0.01522	0.00798	0.0167	0.40316	0.01438	0.02272	0.01018	0.03215	0.02737	0.01079	0.00019	0.00019	0.00019	0.00019	0.00633	0.00633	0.01013	0.00401	0.00881	0.00019	0.00019	0.00019	0.00019	0.00019	0.00019	0.00651	0.29189	0.03195	0.00798	0.00019	0.01656	0.01846	0.0145	0.06746	0.0113	0.0124	0.0	0.02896	0.14884	0.01772	0.01308	0.0	0.01601	0.01555	0.0158	0.07702	0.02548	0.01593	0.01246	0.0	0.01125	0.00894	0.00939	0.07493	0.02652	0.00993	0.02002	0.00633	0.00633	0.00651	0.00019	0.01171	0.00019	0.00019	0.00019	0.00019	0.00415	0.07404	0.00019	0.0	0.00019	0.00708	0.00019	0.00019	0.00019	0.01968	0.00019	0.00019	0.00019	0.02713	0.00804	0.01489	
0.0	0.0	0.0	0.00019	0.0	0.00018	0.00018	9e-05	0.0001	4e-05	0.00021	0.0	0.0	0.0	0.0	0.00019	0.0	0.0	0.00013	0.00011	6e-05	6e-05	0.00015	0.00011	7e-05	4e-05	0.0	4e-05	3e-05	4e-05	7e-05	4e-05	6e-05	2e-05	7e-05	0.0	0.0	0.0	6e-05	4e-05	0.00015	0.00019	7e-05	7e-05	0.0	0.0	0.0	5e-05	0.0	0.0	0.0	9e-05	9e-05	2e-05	2e-05	0.00018	0.00018	0.0	0.00019	0.0	4e-05	0.0004	0.0001	0.00023	8e-05	8e-05	9e-05	0.00016	3e-05	5e-05	0.0	0.0	0.0	0.0	0.00013	0.00013	0.00017	0.00023	9e-05	0.0	0.0	0.0	0.0	0.0	0.0	0.00017	4e-05	4e-05	0.0004	0.0	5e-05	0.00012	4e-05	4e-05	7e-05	0.00012	0.0	3e-05	7e-05	9e-05	0.00013	0.0	0.00011	0.00012	5e-05	0.00011	0.0001	4e-05	4e-05	0.0	4e-05	0.00011	7e-05	4e-05	4e-05	0.00023	7e-05	0.00013	0.00013	0.00017	0.0	6e-05	0.0	0.0	0.0	0.0	0.00025	8e-05	0.0	0.0	0.0	0.00018	0.0	0.0	0.0	7e-05	0.0	0.0	0.0	7e-05	6e-05	2e-05	
0.0	0.0	0.00018	0.00708	0.00018	0.0	0.01038	0.01411	0.02516	0.01025	0.00654	0.00018	0.00018	0.00018	0.00018	0.00708	0.00018	0.00018	0.00819	0.00947	0.12986	0.02085	0.0109	0.01907	0.016	0.02209	0.0	0.0115	0.01377	0.19854	0.17099	0.07843	0.07987	0.03675	0.05376	0.00018	0.00018	0.00018	0.01756	0.079	0.01414	0.00708	0.1652	0.04451	0.00018	0.00018	0.00018	0.01177	0.00018	0.00018	0.00018	0.01659	0.1258	0.02145	0.02117	0.01038	0.99985	0.00018	0.00708	0.00018	0.17875	0.01044	0.02372	0.01243	0.02029	0.10994	0.01372	0.0585	0.05314	0.01494	0.00018	0.00018	0.00018	0.00018	0.00819	0.00819	0.01362	0.00498	0.01174	0.00018	0.00018	0.00018	0.00018	0.00018	0.00018	0.00844	0.01783	0.04538	0.01044	0.00018	0.14567	0.02631	0.23897	0.03041	0.01547	0.01742	0.0	0.09689	0.01603	0.11679	0.07928	0.0	0.12197	0.16252	0.0219	0.02761	0.03652	0.14013	0.01749	0.0	0.01584	0.01225	0.01305	0.02722	0.03749	0.47532	0.10897	0.00819	0.00819	0.00844	0.00018	0.01594	0.00018	0.00018	0.00018	0.00018	0.00518	0.08947	0.00018	0.0	0.00018	0.99985	0.00018	0.00018	0.00018	0.07833	0.00018	0.00018	0.00018	0.03903	0.01086	0.02135	
0.0	0.0	0.00018	0.00788	0.00018	0.01038	0.0	0.48317	0.10648	0.01173	0.00727	0.00018	0.00018	0.00018	0.00018	0.00788	0.00018	0.00018	0.00917	0.01065	0.16995	0.20348	0.01232	0.02193	0.01845	0.12486	0.0	0.01314	0.01586	0.02033	0.02399	0.03262	0.01757	0.00665	0.21224	0.00018	0.00018	0.00018	0.02036	0.09506	0.01627	0.00788	0.02555	0.05259	0.00018	0.00018	0.00018	0.01347	0.00018	0.00018	0.00018	0.01901	0.02807	0.01195	0.17283	0.99992	0.01038	0.00018	0.00788	0.00018	0.02631	0.01176	0.16134	0.01423	0.06793	0.0389	0.01563	0.06985	0.02968	0.01724	0.00018	0.00018	0.00018	0.00018	0.00917	0.00917	0.0155	0.00549	0.01331	0.00018	0.00018	0.00018	0.00018	0.00018	0.00018	0.00945	0.02065	0.00901	0.01176	0.00018	0.02659	0.03274	0.02386	0.03534	0.01768	0.02017	0.0	0.11574	0.01848	0.0287	0.02175	0.0	0.02639	0.19398	0.0027	0.03203	0.01316	0.02628	0.17725	0.0	0.01828	0.01388	0.01492	0.03181	0.04372	0.01564	0.03253	0.00917	0.00917	0.00945	0.00018	0.01825	0.00018	0.00018	0.00018	0.00018	0.00571	0.03589	0.00018	0.0	0.00018	0.01038	0.00018	0.00018	0.00018	0.03329	0.00018	0.00018	0.00018	0.0676	0.01238	0.07771	
0.0	0.0	9e-05	0.00983	9e-05	0.01411	0.48317	0.0	0.24653	0.05274	0.00902	9e-05	9e-05	9e-05	9e-05	0.00983	9e-05	9e-05	0.01194	0.28596	0.15062	0.08742	0.01576	0.02982	0.0248	0.05548	0.0	0.01766	0.0218	0.0291	0.03463	0.03581	0.06525	0.04325	0.15218	9e-05	9e-05	9e-05	0.04025	0.06468	0.06423	0.00983	0.05962	0.06999	9e-05	9e-05	9e-05	0.01788	9e-05	9e-05	9e-05	0.03529	0.03648	0.14051	0.08496	0.48317	0.01411	9e-05	0.00983	9e-05	0.14768	0.22339	0.10206	0.14817	0.12824	0.05094	0.16615	0.17583	0.04838	0.02327	9e-05	9e-05	9e-05	9e-05	0.01194	0.01194	0.05811	0.0069	0.60911	9e-05	9e-05	9e-05	9e-05	9e-05	9e-05	0.01189	0.02889	0.0692	0.22339	9e-05	0.0909	0.12837	0.03443	0.04198	0.09679	0.13759	0.0	0.11749	0.03606	0.02996	0.10524	0.0	0.03026	0.08386	0.02741	0.04647	0.14225	0.039	0.09781	0.0	0.01933	0.01397	0.01491	0.03522	0.0418	0.13677	0.03096	0.01194	0.01194	0.01189	9e-05	0.13594	9e-05	9e-05	9e-05	9e-05	0.00701	0.04076	9e-05	0.0	9e-05	0.01411	9e-05	9e-05	9e-05	0.03626	9e-05	9e-05	9e-05	0.09018	0.01637	0.08642	
0.0	0.0	0.0001	0.06011	0.0001	0.02516	0.10648	0.24653	0.0	0.10898	0.01583	0.0001	0.0001	0.0001	0.0001	0.06011	0.0001	0.0001	0.02145	0.02614	0.05376	0.02611	0.02048	0.06914	0.05939	0.12946	0.0	0.03763	0.10026	0.04749	0.02326	0.12864	0.11693	0.0759	0.20358	0.0001	0.0001	0.0001	0.16593	0.08729	0.19351	0.06011	0.1504	0.07646	0.0001	0.0001	0.0001	0.15109	0.0001	0.0001	0.0001	0.15767	0.12801	0.05945	0.05756	0.10648	0.02516	0.0001	0.06011	0.0001	0.06354	0.2721	0.20196	0.30108	0.20839	0.14524	0.04379	0.26619	0.12238	0.05116	0.0001	0.0001	0.0001	0.0001	0.02145	0.02145	0.18546	0.01116	0.14295	0.0001	0.0001	0.0001	0.0001	0.0001	0.0001	0.02226	0.06151	0.06152	0.2721	0.0001	0.08968	0.18557	0.08261	0.02866	0.05133	0.21145	0.0	0.2858	0.15827	0.14734	0.23941	0.0	0.1079	0.02601	0.03338	0.03953	0.21482	0.09771	0.1816	0.0	0.17686	0.10427	0.10396	0.13914	0.05237	0.24547	0.14091	0.02145	0.02145	0.02226	0.0001	0.0271	0.0001	0.0001	0.0001	0.0001	0.01168	0.11837	0.0001	0.0	0.0001	0.02516	0.0001	0.0001	0.0001	0.10418	0.0001	0.0001	0.0001	0.15569	0.09385	0.09852	
0.0	0.0	4e-05	0.00753	4e-05	0.01025	0.01173	0.05274	0.10898	0.0	0.00687	4e-05	4e-05	4e-05	4e-05	0.00753	4e-05	4e-05	0.00893	0.01056	0.03207	0.02605	0.01243	0.1183	0.02001	0.25016	0.0	0.01377	0.01715	0.02257	0.02599	0.06705	0.05536	0.04984	0.07944	4e-05	4e-05	4e-05	0.0226	0.07689	0.27235	0.00753	0.029	0.0584	4e-05	4e-05	4e-05	0.01424	4e-05	4e-05	4e-05	0.02015	0.03207	0.09209	0.0279	0.01173	0.01025	4e-05	0.00753	4e-05	0.0285	0.01175	0.05738	0.01509	0.06994	0.0533	0.01623	0.11978	0.07667	0.01878	4e-05	4e-05	4e-05	4e-05	0.00893	0.00893	0.01606	0.00503	0.11125	4e-05	4e-05	4e-05	4e-05	4e-05	4e-05	0.00923	0.02278	0.06104	0.01175	4e-05	0.02904	0.04813	0.13283	0.03926	0.1667	0.02211	0.0	0.06177	0.02005	0.10058	0.15406	0.0	0.02986	0.02694	0.02751	0.08169	0.06192	0.23207	0.02235	0.0	0.01949	0.01356	0.0152	0.03576	0.05801	0.01683	0.08065	0.00893	0.00893	0.00923	4e-05	0.01928	4e-05	4e-05	4e-05	4e-05	0.00525	0.04161	4e-05	0.0	4e-05	0.01025	4e-05	4e-05	4e-05	0.03882	4e-05	4e-05	4e-05	0.06101	0.01289	0.0281	
0.0	0.0	0.00021	0.00515	0.00021	0.00654	0.00727	0.00902	0.01583	0.00687	0.0	0.00021	0.00021	0.00021	0.00021	0.00515	0.00021	0.00021	0.00586	0.00667	0.01522	0.01371	0.00758	0.01262	0.13308	0.0139	0.0	0.00775	0.00908	0.01134	0.01369	0.01734	0.02479	0.03783	0.04547	0.00021	0.00021	0.00021	0.01137	0.02357	0.00936	0.00515	0.01396	0.02717	0.00021	0.00021	0.00021	0.00789	0.00021	0.00021	0.00021	0.15072	0.01524	0.01372	0.01352	0.00727	0.00654	0.00021	0.00515	0.00021	0.08561	0.00737	0.01507	0.00835	0.013	0.04059	0.20807	0.02892	0.02455	0.15296	0.00021	0.00021	0.00021	0.00021	0.00586	0.00586	0.00928	0.00376	0.00809	0.00021	0.00021	0.00021	0.00021	0.00021	0.00021	0.00603	0.01158	0.03791	0.00737	0.00021	0.08967	0.01666	0.01311	0.0196	0.01033	0.01125	0.0	0.02627	0.01055	0.01609	0.01183	0.0	0.01446	0.01414	0.09653	0.06926	0.03829	0.01442	0.01129	0.0	0.01023	0.00823	0.00859	0.06709	0.02397	0.00905	0.01814	0.00586	0.00586	0.00603	0.00021	0.01069	0.00021	0.00021	0.00021	0.00021	0.00389	0.06602	0.00021	0.0	0.00021	0.00654	0.00021	0.00021	0.00021	0.08085	0.00021	0.00021	0.00021	0.02442	0.00735	0.01344	
0.0	0.0	0.0	0.00019	0.0	0.00018	0.00018	9e-05	0.0001	4e-05	0.00021	0.0	0.0	0.0	0.0	0.00019	0.0	0.0	0.00013	0.00011	6e-05	6e-05	0.00015	0.00011	7e-05	4e-05	0.0	4e-05	3e-05	4e-05	7e-05	4e-05	6e-05	2e-05	7e-05	0.0	0.0	0.0	6e-05	4e-05	0.00015	0.00019	7e-05	7e-05	0.0	0.0	0.0	5e-05	0.0	0.0	0.0	9e-05	9e-05	2e-05	2e-05	0.00018	0.00018	0.0	0.00019	0.0	4e-05	0.0004	0.0001	0.00023	8e-05	8e-05	9e-05	0.00016	3e-05	5e-05	0.0	0.0	0.0	0.0	0.00013	0.00013	0.00017	0.00023	9e-05	0.0	0.0	0.0	0.0	0.0	0.0	0.00017	4e-05	4e-05	0.0004	0.0	5e-05	0.00012	4e-05	4e-05	7e-05	0.00012	0.0	3e-05	7e-05	9e-05	0.00013	0.0	0.00011	0.00012	5e-05	0.00011	0.0001	4e-05	4e-05	0.0	4e-05	0.00011	7e-05	4e-05	4e-05	0.00023	7e-05	0.00013	0.00013	0.00017	0.0	6e-05	0.0	0.0	0.0	0.0	0.00025	8e-05	0.0	0.0	0.0	0.00018	0.0	0.0	0.0	7e-05	0.0	0.0	0.0	7e-05	6e-05	2e-05	
0.0	0.0	0.0	0.00019	0.0	0.00018	0.00018	9e-05	0.0001	4e-05	0.00021	0.0	0.0	0.0	0.0	0.00019	0.0	0.0	0.00013	0.00011	6e-05	6e-05	0.00015	0.00011	7e-05	4e-05	0.0	4e-05	3e-05	4e-05	7e-05	4e-05	6e-05	2e-05	7e-05	0.0	0.0	0.0	6e-05	4e-05	0.00015	0.00019	7e-05	7e-05	0.0	0.0	0.0	5e-05	0.0	0.0	0.0	9e-05	9e-05	2e-05	2e-05	0.00018	0.00018	0.0	0.00019	0.0	4e-05	0.0004	0.0001	0.00023	8e-05	8e-05	9e-05	0.00016	3e-05	5e-05	0.0	0.0	0.0	0.0	0.00013	0.00013	0.00017	0.00023	9e-05	0.0	0.0	0.0	0.0	0.0	0.0	0.00017	4e-05	4e-05	0.0004	0.0	5e-05	0.00012	4e-05	4e-05	7e-05	0.00012	0.0	3e-05	7e-05	9e-05	0.00013	0.0	0.00011	0.00012	5e-05	0.00011	0.0001	4e-05	4e-05	0.0	4e-05	0.00011	7e-05	4e-05	4e-05	0.00023	7e-05	0.00013	0.00013	0.00017	0.0	6e-05	0.0	0.0	0.0	0.0	0.00025	8e-05	0.0	0.0	0.0	0.00018	0.0	0.0	0.0	7e-05	0.0	0.0	0.0	7e-05	6e-05	2e-05	
0.0	0.0	0.0	0.00019	0.0	0.00018	0.00018	9e-05	0.0001	4e-05	0.00021	0.0	0.0	0.0	0.0	0.00019	0.0	0.0	0.00013	0.00011	6e-05	6e-05	0.00015	0.00011	7e-05	4e-05	0.0	4e-05	3e-05	4e-05	7e-05	4e-05	6e-05	2e-05	7e-05	0.0	0.0	0.0	6e-05	4e-05	0.00015	0.00019	7e-05	7e-05	0.0	0.0	0.0	5e-05	0.0	0.0	0.0	9e-05	9e-05	2e-05	2e-05	0.00018	0.00018	0.0	0.00019	0.0	4e-05	0.0004	0.0001	0.00023	8e-05	8e-05	9e-05	0.00016	3e-05	5e-05	0.0	0.0	0.0	0.0	0.00013	0.00013	0.00017	0.00023	9e-05	0.0	0.0	0.0	0.0	0.0	0.0	0.00017	4e-05	4e-05	0.0004	0.0	5e-05	0.00012	4e-05	4e-05	7e-05	0.00012	0.0	3e-05	7e-05	9e-05	0.00013	0.0	0.00011	0.00012	5e-05	0.00011	0.0001	4e-05	4e-05	0.0	4e-05	0.00011	7e-05	4e-05	4e-05	0.00023	7e-05	0.00013	0.00013	0.00017	0.0	6e-05	0.0	0.0	0.0	0.0	0.00025	8e-05	0.0	0.0	0.0	0.00018	0.0	0.0	0.0	7e-05	0.0	0.0	0.0	7e-05	6e-05	2e-05	
0.0	0.0	0.0	0.00019	0.0	0.00018	0.00018	9e-05	0.0001	4e-05	0.00021	0.0	0.0	0.0	0.0	0.00019	0.0	0.0	0.00013	0.00011	6e-05	6e-05	0.00015	0.00011	7e-05	4e-05	0.0	4e-05	3e-05	4e-05	7e-05	4e-05	6e-05	2e-05	7e-05	0.0	0.0	0.0	6e-05	4e-05	0.00015	0.00019	7e-05	7e-05	0.0	0.0	0.0	5e-05	0.0	0.0	0.0	9e-05	9e-05	2e-05	2e-05	0.00018	0.00018	0.0	0.00019	0.0	4e-05	0.0004	0.0001	0.00023	8e-05	8e-05	9e-05	0.00016	3e-05	5e-05	0.0	0.0	0.0	0.0	0.00013	0.00013	0.00017	0.00023	9e-05	0.0	0.0	0.0	0.0	0.0	0.0	0.00017	4e-05	4e-05	0.0004	0.0	5e-05	0.00012	4e-05	4e-05	7e-05	0.00012	0.0	3e-05	7e-05	9e-05	0.00013	0.0	0.00011	0.00012	5e-05	0.00011	0.0001	4e-05	4e-05	0.0	4e-05	0.00011	7e-05	4e-05	4e-05	0.00023	7e-05	0.00013	0.00013	0.00017	0.0	6e-05	0.0	0.0	0.0	0.0	0.00025	8e-05	0.0	0.0	0.0	0.00018	0.0	0.0	0.0	7e-05	0.0	0.0	0.0	7e-05	6e-05	2e-05	
0.0	0.0	0.00019	0.99971	0.00019	0.00708	0.00788	0.00983	0.06011	0.00753	0.00515	0.00019	0.00019	0.00019	0.00019	0.0	0.00019	0.00019	0.00633	0.00722	0.01687	0.01508	0.35783	0.01387	0.01158	0.01532	0.0	0.00848	0.00998	0.01252	0.01506	0.01927	0.0276	0.02561	0.03039	0.00019	0.00019	0.00019	0.01254	0.02629	0.01028	0.99971	0.01546	0.03026	0.00019	0.00019	0.00019	0.42259	0.00019	0.00019	0.00019	0.01216	0.01689	0.01518	0.01496	0.00788	0.00708	0.00019	0.99971	0.00019	0.01522	0.00798	0.0167	0.40316	0.01438	0.02272	0.01018	0.03215	0.02737	0.01079	0.00019	0.00019	0.00019	0.00019	0.00633	0.00633	0.01013	0.00401	0.00881	0.00019	0.00019	0.00019	0.00019	0.00019	0.00019	0.00651	0.29189	0.03195	0.00798	0.00019	0.01656	0.01846	0.0145	0.06746	0.0113	0.0124	0.0	0.02896	0.14884	0.01772	0.01308	0.0	0.01601	0.01555	0.0158	0.07702	0.02548	0.01593	0.01246	0.0	0.01125	0.00894	0.00939	0.07493	0.02652	0.00993	0.02002	0.00633	0.00633	0.00651	0.00019	0.01171	0.00019	0.00019	0.00019	0.00019	0.00415	0.07404	0.00019	0.0	0.00019	0.00708	0.00019	0.00019	0.00019	0.01968	0.00019	0.00019	0.00019	0.02713	0.00804	0.01489	
0.0	0.0	0.0	0.00019	0.0	0.00018	0.00018	9e-05	0.0001	4e-05	0.00021	0.0	0.0	0.0	0.0	0.00019	0.0	0.0	0.00013	0.00011	6e-05	6e-05	0.00015	0.00011	7e-05	4e-05	0.0	4e-05	3e-05	4e-05	7e-05	4e-05	6e-05	2e-05	7e-05	0.0	0.0	0.0	6e-05	4e-05	0.00015	0.00019	7e-05	7e-05	0.0	0.0	0.0	5e-05	0.0	0.0	0.0	9e-05	9e-05	2e-05	2e-05	0.00018	0.00018	0.0	0.00019	0.0	4e-05	0.0004	0.0001	0.00023	8e-05	8e-05	9e-05	0.00016	3e-05	5e-05	0.0	0.0	0.0	0.0	0.00013	0.00013	0.00017	0.00023	9e-05	0.0	0.0	0.0	0.0	0.0	0.0	0.00017	4e-05	4e-05	0.0004	0.0	5e-05	0.00012	4e-05	4e-05	7e-05	0.00012	0.0	3e-05	7e-05	9e-05	0.00013	0.0	0.00011	0.00012	5e-05	0.00011	0.0001	4e-05	4e-05	0.0	4e-05	0.00011	7e-05	4e-05	4e-05	0.00023	7e-05	0.00013	0.00013	0.00017	0.0	6e-05	0.0	0.0	0.0	0.0	0.00025	8e-05	0.0	0.0	0.0	0.00018	0.0	0.0	0.0	7e-05	0.0	0.0	0.0	7e-05	6e-05	2e-05	
0.0	0.0	0.0	0.00019	0.0	0.00018	0.00018	9e-05	0.0001	4e-05	0.00021	0.0	0.0	0.0	0.0	0.00019	0.0	0.0	0.00013	0.00011	6e-05	6e-05	0.00015	0.00011	7e-05	4e-05	0.0	4e-05	3e-05	4e-05	7e-05	4e-05	6e-05	2e-05	7e-05	0.0	0.0	0.0	6e-05	4e-05	0.00015	0.00019	7e-05	7e-05	0.0	0.0	0.0	5e-05	0.0	0.0	0.0	9e-05	9e-05	2e-05	2e-05	0.00018	0.00018	0.0	0.00019	0.0	4e-05	0.0004	0.0001	0.00023	8e-05	8e-05	9e-05	0.00016	3e-05	5e-05	0.0	0.0	0.0	0.0	0.00013	0.00013	0.00017	0.00023	9e-05	0.0	0.0	0.0	0.0	0.0	0.0	0.00017	4e-05	4e-05	0.0004	0.0	5e-05	0.00012	4e-05	4e-05	7e-05	0.00012	0.0	3e-05	7e-05	9e-05	0.00013	0.0	0.00011	0.00012	5e-05	0.00011	0.0001	4e-05	4e-05	0.0	4e-05	0.00011	7e-05	4e-05	4e-05	0.00023	7e-05	0.00013	0.00013	0.00017	0.0	6e-05	0.0	0.0	0.0	0.0	0.00025	8e-05	0.0	0.0	0.0	0.00018	0.0	0.0	0.0	7e-05	0.0	0.0	0.0	7e-05	6e-05	2e-05	
0.0	0.0	0.00013	0.00633	0.00013	0.00819	0.00917	0.01194	0.02145	0.00893	0.00586	0.00013	0.00013	0.00013	0.00013	0.00633	0.00013	0.00013	0.0	0.00838	0.02052	0.01806	0.00962	0.01655	0.01386	0.01872	0.0	0.01004	0.01193	0.0151	0.01802	0.06587	0.06703	0.05179	0.04526	0.00013	0.00013	0.00013	0.01512	0.12338	0.01227	0.00633	0.01876	0.03773	0.00013	0.00013	0.00013	0.01025	0.00013	0.00013	0.00013	0.01445	0.02054	0.19751	0.01815	0.00917	0.00819	0.00013	0.00633	0.00013	0.01847	0.00925	0.0203	0.01083	0.01741	0.05633	0.01201	0.05009	0.08372	0.01293	0.00013	0.00013	0.00013	0.00013	0.99968	0.99968	0.01193	0.00449	0.01032	0.00013	0.00013	0.00013	0.00013	0.00013	0.00013	0.0075	0.15106	0.05126	0.00925	0.00013	0.01988	0.02248	0.13146	0.08266	0.01344	0.01497	0.0	0.03574	0.01388	0.02136	0.01592	0.0	0.18804	0.01863	0.13261	0.02379	0.05239	0.07848	0.01504	0.0	0.01359	0.01061	0.01125	0.09291	0.06354	0.01183	0.0924	0.99968	0.99968	0.0075	0.00013	0.0139	0.00013	0.00013	0.00013	0.00013	0.00466	0.0925	0.00013	0.0	0.00013	0.00819	0.00013	0.00013	0.00013	0.06581	0.00013	0.00013	0.00013	0.0332	0.00949	0.01818	
0.0	0.0	0.00011	0.00722	0.00011	0.00947	0.01065	0.28596	0.02614	0.01056	0.00667	0.00011	0.00011	0.00011	0.00011	0.00722	0.00011	0.00011	0.00838	0.0	0.03525	0.01117	0.0112	0.0197	0.01654	0.02239	0.0	0.01185	0.01423	0.01815	0.02151	0.05124	0.03582	0.00481	0.01612	0.00011	0.00011	0.00011	0.02587	0.01599	0.0146	0.00722	0.02271	0.06132	0.00011	0.00011	0.00011	0.01213	0.00011	0.00011	0.00011	0.01712	0.02492	0.03117	0.02195	0.01065	0.00947	0.00011	0.00722	0.00011	0.03808	0.01071	0.02462	0.01281	0.02598	0.03427	0.08463	0.06462	0.02902	0.06661	0.00011	0.00011	0.00011	0.00011	0.00838	0.00838	0.01402	0.00505	0.11651	0.00011	0.00011	0.00011	0.00011	0.00011	0.00011	0.10792	0.01845	0.00241	0.01071	0.00011	0.02562	0.02284	0.01961	0.00178	0.03553	0.02732	0.0	0.0156	0.01657	0.02554	0.01922	0.0	0.02347	0.02225	0.02265	0.00333	0.06435	0.01253	0.01806	0.0	0.0162	0.01233	0.05709	0.00967	0.00016	0.01406	0.00303	0.00838	0.00838	0.10792	0.00011	0.06115	0.00011	0.00011	0.00011	0.00011	0.00525	0.03174	0.00011	0.0	0.00011	0.00947	0.00011	0.00011	0.00011	0.02942	0.00011	0.00011	0.00011	0.04057	0.01118	0.02202	
0.0	0.0	6e-05	0.01687	6e-05	0.12986	0.16995	0.15062	0.05376	0.03207	0.01522	6e-05	6e-05	6e-05	6e-05	0.01687	6e-05	6e-05	0.02052	0.03525	0.0	0.30576	0.03005	0.06425	0.05507	0.36505	0.0	0.16246	0.2732	0.4311	0.30084	0.09681	0.14511	0.10553	0.1693	6e-05	6e-05	6e-05	0.16201	0.10722	0.04763	0.01687	0.25985	0.09713	6e-05	6e-05	6e-05	0.13017	6e-05	6e-05	6e-05	0.05331	0.17712	0.10318	0.21058	0.16995	0.12986	6e-05	0.01687	6e-05	0.06523	0.02793	0.17242	0.03954	0.06247	0.11008	0.02295	0.20968	0.0915	0.07297	6e-05	6e-05	6e-05	6e-05	0.02052	0.02052	0.04061	0.01077	0.02599	6e-05	6e-05	6e-05	6e-05	6e-05	6e-05	0.02127	0.07119	0.04697	0.02793	6e-05	0.10476	0.27915	0.09844	0.01287	0.09063	0.11947	0.0	0.82653	0.05519	0.05564	0.16259	0.0	0.14499	0.42644	0.01239	0.04207	0.06143	0.06633	0.41984	0.0	0.27135	0.17384	0.04049	0.16837	0.05961	0.12531	0.04207	0.02052	0.02052	0.02127	6e-05	0.13738	6e-05	6e-05	6e-05	6e-05	0.01127	0.06342	6e-05	0.0	6e-05	0.12986	6e-05	6e-05	6e-05	0.14265	6e-05	6e-05	6e-05	0.17231	0.13086	0.14531	
0.0	0.0	6e-05	0.01508	6e-05	0.02085	0.20348	0.08742	0.02611	0.02605	0.01371	6e-05	6e-05	6e-05	6e-05	0.01508	6e-05	6e-05	0.01806	0.01117	0.30576	0.0	0.02559	0.05071	0.04309	0.25472	0.0	0.18066	0.16468	0.15502	0.01912	0.17579	0.02208	0.1157	0.19759	6e-05	6e-05	6e-05	0.17552	0.11802	0.03754	0.01508	0.06496	0.17039	6e-05	6e-05	6e-05	0.03004	6e-05	6e-05	6e-05	0.04289	0.06133	0.06945	0.12376	0.20348	0.02085	6e-05	0.01508	6e-05	0.03282	0.02398	0.07984	0.03185	0.12946	0.03724	0.03403	0.31701	0.03871	0.12067	6e-05	6e-05	6e-05	6e-05	0.01806	0.01806	0.0336	0.00992	0.02809	6e-05	6e-05	6e-05	6e-05	6e-05	6e-05	0.14901	0.04149	0.01164	0.02398	6e-05	0.01178	0.08065	0.02488	0.05208	0.06852	0.04862	0.0	0.06713	0.04317	0.01282	0.14186	0.0	0.06683	0.21104	0.00905	0.00032	0.11209	0.13268	0.21311	0.0	0.16455	0.20418	0.06443	0.01527	0.00738	0.03585	0.00044	0.01806	0.01806	0.14901	6e-05	0.04091	6e-05	6e-05	6e-05	6e-05	0.01036	0.03554	6e-05	0.0	6e-05	0.02085	6e-05	6e-05	6e-05	0.08819	6e-05	6e-05	6e-05	0.05376	0.02697	0.09193	
0.0	0.0	0.00015	0.35783	0.00015	0.0109	0.01232	0.01576	0.02048	0.01243	0.00758	0.00015	0.00015	0.00015	0.00015	0.35783	0.00015	0.00015	0.00962	0.0112	0.03005	0.02559	0.0	0.02331	0.03955	0.02633	0.0	0.01391	0.01687	0.02169	0.02553	0.01534	0.05076	0.00639	0.03094	0.00015	0.00015	0.00015	0.02172	0.04891	0.01729	0.35783	0.02734	0.05576	0.00015	0.00015	0.00015	0.21445	0.00015	0.00015	0.00015	0.03869	0.02678	0.02674	0.02805	0.01232	0.0109	0.00015	0.35783	0.00015	0.02998	0.01237	0.0296	0.20798	0.02527	0.04187	0.06142	0.05904	0.05087	0.01835	0.00015	0.00015	0.00015	0.00015	0.00962	0.00962	0.06307	0.0057	0.01404	0.00015	0.00015	0.00015	0.00015	0.00015	0.00015	0.00991	0.16834	0.05685	0.01237	0.00015	0.02833	0.0329	0.02542	0.00909	0.01851	0.02134	0.0	0.05037	0.05229	0.03027	0.02303	0.0	0.02823	0.02642	0.01742	0.14231	0.04603	0.02786	0.02153	0.0	0.01909	0.0141	0.01535	0.14321	0.0013	0.01662	0.03472	0.00962	0.00962	0.00991	0.00015	0.04266	0.00015	0.00015	0.00015	0.00015	0.00593	0.0348	0.00015	0.0	0.00015	0.0109	0.00015	0.00015	0.00015	0.10777	0.00015	0.00015	0.00015	0.04934	0.0131	0.02644	
0.0	0.0	0.00011	0.01387	0.00011	0.01907	0.02193	0.02982	0.06914	0.1183	0.01262	0.00011	0.00011	0.00011	0.00011	0.01387	0.00011	0.00011	0.01655	0.0197	0.06425	0.05071	0.02331	0.0	0.01369	0.06197	0.0	0.02617	0.03304	0.04415	0.05056	0.07776	0.06104	0.03882	0.07402	0.00011	0.00011	0.00011	0.0442	0.05671	0.10086	0.01387	0.05767	0.03437	0.00011	0.00011	0.00011	0.02714	0.00011	0.00011	0.00011	0.03867	0.06423	0.0157	0.02495	0.02193	0.01907	0.00011	0.01387	0.00011	0.00645	0.02188	0.06335	0.02876	0.02375	0.04872	0.03082	0.14557	0.03455	0.03633	0.00011	0.00011	0.00011	0.00011	0.01655	0.01655	0.03044	0.00918	0.02554	0.00011	0.00011	0.00011	0.00011	0.00011	0.00011	0.01711	0.04447	0.00051	0.02188	0.00011	0.01319	0.07069	0.02126	0.07842	0.01828	0.00197	0.0	0.13896	0.04859	0.01356	0.14198	0.0	0.05935	0.0525	0.05372	0.0005	0.01966	0.12002	0.04376	0.0	0.03798	0.02564	0.00804	0.07239	0.03468	0.03228	0.00063	0.01655	0.01655	0.01711	0.00011	0.03692	0.00011	0.00011	0.00011	0.00011	0.08791	0.01008	0.00011	0.0	0.00011	0.01907	0.00011	0.00011	0.00011	0.07931	0.00011	0.00011	0.00011	0.17251	0.07743	0.03151	
0.0	0.0	7e-05	0.01158	7e-05	0.016	0.01845	0.0248	0.05939	0.02001	0.13308	7e-05	7e-05	7e-05	7e-05	0.01158	7e-05	7e-05	0.01386	0.01654	0.05507	0.04309	0.03955	0.01369	0.0	0.11197	0.0	0.17233	0.02816	0.03776	0.04296	0.02658	0.06029	0.02456	0.08787	7e-05	7e-05	7e-05	0.0378	0.09801	0.02878	0.01158	0.04943	0.10976	7e-05	7e-05	7e-05	0.02305	7e-05	7e-05	7e-05	0.08881	0.02725	0.04788	0.04741	0.01845	0.016	7e-05	0.01158	7e-05	0.0712	0.01842	0.02911	0.02445	0.02464	0.05121	0.13573	0.06635	0.10174	0.02925	7e-05	7e-05	7e-05	7e-05	0.01386	0.01386	0.02249	0.23289	0.02153	7e-05	7e-05	7e-05	7e-05	7e-05	7e-05	0.01434	0.03797	0.01792	0.01842	7e-05	0.01714	0.09994	0.04524	0.06662	0.02958	0.01161	0.0	0.11531	0.08029	0.05175	0.04145	0.0	0.05082	0.04462	0.0477	0.02914	0.02039	0.04941	0.03736	0.0	0.03222	0.02147	0.06327	0.04281	0.01622	0.0275	0.06069	0.01386	0.01386	0.01434	7e-05	0.01435	7e-05	7e-05	7e-05	7e-05	0.00796	0.04027	7e-05	0.0	7e-05	0.016	7e-05	7e-05	7e-05	0.10194	7e-05	7e-05	7e-05	0.01915	0.0207	0.06886	
0.0	0.0	4e-05	0.01532	4e-05	0.02209	0.12486	0.05548	0.12946	0.25016	0.0139	4e-05	4e-05	4e-05	4e-05	0.01532	4e-05	4e-05	0.01872	0.02239	0.36505	0.25472	0.02633	0.06197	0.11197	0.0	0.0	0.59243	0.62751	0.38688	0.237	0.22694	0.14388	0.31276	0.15202	4e-05	4e-05	4e-05	0.33514	0.13782	0.18713	0.01532	0.05557	0.08446	4e-05	4e-05	4e-05	0.09975	4e-05	4e-05	4e-05	0.04659	0.32756	0.24728	0.35962	0.12486	0.02209	4e-05	0.01532	4e-05	0.06178	0.02597	0.18472	0.03424	0.05457	0.11977	0.03575	0.12602	0.12761	0.04714	4e-05	4e-05	4e-05	4e-05	0.01872	0.01872	0.03626	0.12634	0.02975	4e-05	4e-05	4e-05	4e-05	4e-05	4e-05	0.01904	0.18292	0.07117	0.02597	4e-05	0.15332	0.23399	0.07317	0.15172	0.55421	0.06929	0.0	0.33511	0.04702	0.18767	0.40146	0.0	0.05462	0.23868	0.04715	0.05124	0.08696	0.3083	0.72183	0.0	0.63228	0.52079	0.03503	0.14245	0.08471	0.03924	0.05842	0.01872	0.01872	0.01904	4e-05	0.03467	4e-05	4e-05	4e-05	4e-05	0.01046	0.14476	4e-05	0.0	4e-05	0.02209	4e-05	4e-05	4e-05	0.19111	4e-05	4e-05	4e-05	0.15741	0.10129	0.34745	
0.0	0.0	0.0	0.0	0.0	0.0	0.0	0.0	0.0	0.0	0.0	0.0	0.0	0.0	0.0	0.0	0.0	0.0	0.0	0.0	0.0	0.0	0.0	0.0	0.0	0.0	0.0	0.0	0.0	0.0	0.0	0.0	0.0	0.0	0.0	0.0	0.0	0.0	0.0	0.0	0.0	0.0	0.0	0.0	0.0	0.0	0.0	0.0	0.0	0.0	0.0	0.0	0.0	0.0	0.0	0.0	0.0	0.0	0.0	0.0	0.0	0.0	0.0	0.0	0.0	0.0	0.0	0.0	0.0	0.0	0.0	0.0	0.0	0.0	0.0	0.0	0.0	0.0	0.0	0.0	0.0	0.0	0.0	0.0	0.0	0.0	0.0	0.0	0.0	0.0	0.0	0.0	0.0	0.0	0.0	0.0	0.0	0.0	0.0	0.0	0.0	0.0	0.0	0.0	0.0	0.0	0.0	0.0	0.0	0.0	0.0	0.0	0.0	0.0	0.0	0.0	0.0	0.0	0.0	0.0	0.0	0.0	0.0	0.0	0.0	0.0	0.0	0.0	0.0	0.0	0.0	0.0	0.0	0.0	0.0	0.0	0.0	0.0	0.0	0.0	0.0	0.0	
0.0	0.0	4e-05	0.00848	4e-05	0.0115	0.01314	0.01766	0.03763	0.01377	0.00775	4e-05	4e-05	4e-05	4e-05	0.00848	4e-05	4e-05	0.01004	0.01185	0.16246	0.18066	0.01391	0.02617	0.17233	0.59243	0.0	0.0	0.4336	0.36006	0.18137	0.19064	0.11342	0.28372	0.07621	4e-05	4e-05	4e-05	0.35993	0.08507	0.01947	0.00848	0.03198	0.06383	4e-05	4e-05	4e-05	0.01583	4e-05	4e-05	4e-05	0.02242	0.16969	0.15007	0.23268	0.01314	0.0115	4e-05	0.00848	4e-05	0.03144	0.01315	0.16374	0.01677	0.0294	0.10707	0.0181	0.08307	0.07336	0.0208	4e-05	4e-05	4e-05	4e-05	0.01004	0.01004	0.01791	0.31244	0.01515	4e-05	4e-05	4e-05	4e-05	4e-05	4e-05	0.01037	0.19718	0.0888	0.01315	4e-05	0.15724	0.17752	0.02955	0.11142	0.32576	0.02452	0.0	0.16375	0.02222	0.16562	0.31076	0.0	0.03294	0.17329	0.03052	0.03922	0.07928	0.15601	0.37085	0.0	0.43465	0.69289	0.0171	0.03964	0.05433	0.01866	0.03987	0.01004	0.01004	0.01037	4e-05	0.02145	4e-05	4e-05	4e-05	4e-05	0.00594	0.10921	4e-05	0.0	4e-05	0.0115	4e-05	4e-05	4e-05	0.17183	4e-05	4e-05	4e-05	0.0875	0.01436	0.2887	
0.0	0.0	3e-05	0.00998	3e-05	0.01377	0.01586	0.0218	0.10026	0.01715	0.00908	3e-05	3e-05	3e-05	3e-05	0.00998	3e-05	3e-05	0.01193	0.01423	0.2732	0.16468	0.01687	0.03304	0.02816	0.62751	0.0	0.4336	0.0	0.5703	0.38541	0.19057	0.16081	0.31098	0.09602	3e-05	3e-05	3e-05	0.32065	0.14482	0.02461	0.00998	0.15641	0.08192	3e-05	3e-05	3e-05	0.36587	3e-05	3e-05	3e-05	0.02804	0.43441	0.14418	0.21787	0.01586	0.01377	3e-05	0.00998	3e-05	0.0412	0.01585	0.15967	0.02095	0.03837	0.21478	0.02234	0.14044	0.2377	0.21239	3e-05	3e-05	3e-05	3e-05	0.01193	0.01193	0.02207	0.00657	0.01849	3e-05	3e-05	3e-05	3e-05	3e-05	3e-05	0.01234	0.18002	0.09188	0.01585	3e-05	0.14681	0.23663	0.03849	0.20052	0.2743	0.23467	0.0	0.68701	0.02821	0.15422	0.28436	0.0	0.1202	0.15906	0.13608	0.11059	0.09073	0.14839	0.60845	0.0	1.00092	0.53127	0.02123	0.27322	0.09345	0.02353	0.05151	0.01193	0.01193	0.01234	3e-05	0.19913	3e-05	3e-05	3e-05	3e-05	0.00687	0.11586	3e-05	0.0	3e-05	0.01377	3e-05	3e-05	3e-05	0.23015	3e-05	3e-05	3e-05	0.08905	0.39164	0.21065	
0.0	0.0	4e-05	0.01252	4e-05	0.19854	0.02033	0.0291	0.04749	0.02257	0.01134	4e-05	4e-05	4e-05	4e-05	0.01252	4e-05	4e-05	0.0151	0.01815	0.4311	0.15502	0.02169	0.04415	0.03776	0.38688	0.0	0.36006	0.5703	0.0	0.78921	0.1671	0.14256	0.21556	0.08571	4e-05	4e-05	4e-05	0.29142	0.13852	0.03286	0.01252	0.38781	0.05273	4e-05	4e-05	4e-05	0.17963	4e-05	4e-05	4e-05	0.03712	0.40684	0.14393	0.21017	0.02033	0.19854	4e-05	0.01252	4e-05	0.07966	0.02027	0.1623	0.02766	0.05296	0.22836	0.02919	0.20886	0.2086	0.09396	4e-05	4e-05	4e-05	4e-05	0.0151	0.0151	0.0288	0.00812	0.02391	4e-05	4e-05	4e-05	4e-05	4e-05	4e-05	0.01563	0.16864	0.11694	0.02027	4e-05	0.16031	0.14167	0.10375	0.09961	0.23594	0.11779	0.0	0.67055	0.03783	0.17202	0.30033	0.0	0.23348	0.18463	0.04199	0.03361	0.112	0.18289	0.3694	0.0	0.56922	0.42196	0.0281	0.16997	0.03326	0.16174	0.03071	0.0151	0.0151	0.01563	4e-05	0.06989	4e-05	4e-05	4e-05	4e-05	0.00849	0.12683	4e-05	0.0	4e-05	0.19854	4e-05	4e-05	4e-05	0.30571	4e-05	4e-05	4e-05	0.1136	0.18648	0.20479	
0.0	0.0	7e-05	0.01506	7e-05	0.17099	0.02399	0.03463	0.02326	0.02599	0.01369	7e-05	7e-05	7e-05	7e-05	0.01506	7e-05	7e-05	0.01802	0.02151	0.30084	0.01912	0.02553	0.05056	0.04296	0.237	0.0	0.18137	0.38541	0.78921	0.0	0.07334	0.12597	0.1083	0.0667	7e-05	7e-05	7e-05	0.15541	0.12347	0.03744	0.01506	0.2567	0.02964	7e-05	7e-05	7e-05	0.15173	7e-05	7e-05	7e-05	0.04277	0.41	0.0322	0.09337	0.02399	0.17099	7e-05	0.01506	7e-05	0.05571	0.02393	0.05603	0.03177	0.05903	0.13719	0.03394	0.20888	0.19481	0.06294	7e-05	7e-05	7e-05	7e-05	0.01802	0.01802	0.03351	0.00991	0.02802	7e-05	7e-05	7e-05	7e-05	7e-05	7e-05	0.01864	0.04174	0.0032	0.02393	7e-05	0.13412	0.12219	0.07983	0.07382	0.06902	0.08965	0.0	0.58813	0.04304	0.05054	0.19134	0.0	0.11509	0.15984	0.00729	0.00071	0.01362	0.16064	0.22134	0.0	0.37968	0.20523	0.03275	0.1481	0.00218	0.13779	0.00013	0.01802	0.01802	0.01864	7e-05	0.0328	7e-05	7e-05	7e-05	7e-05	0.01035	0.10613	7e-05	0.0	7e-05	0.17099	7e-05	7e-05	7e-05	0.20008	7e-05	7e-05	7e-05	0.01754	0.15772	0.08812	
0.0	0.0	4e-05	0.01927	4e-05	0.07843	0.03262	0.03581	0.12864	0.06705	0.01734	4e-05	4e-05	4e-05	4e-05	0.01927	4e-05	4e-05	0.06587	0.05124	0.09681	0.17579	0.01534	0.07776	0.02658	0.22694	0.0	0.19064	0.19057	0.1671	0.07334	0.0	0.29627	0.21006	0.25187	4e-05	4e-05	4e-05	0.35101	0.16722	0.06293	0.01927	0.07838	0.19243	4e-05	4e-05	4e-05	0.04411	4e-05	4e-05	4e-05	0.07954	0.29322	0.10651	0.11836	0.03262	0.07843	4e-05	0.01927	4e-05	0.04112	0.09311	0.16493	0.09707	0.12557	0.22318	0.01505	0.38971	0.15479	0.20167	4e-05	4e-05	4e-05	4e-05	0.06587	0.06587	0.14588	0.01217	0.03903	4e-05	4e-05	4e-05	4e-05	4e-05	4e-05	0.20459	0.10528	0.06054	0.09311	4e-05	0.05979	0.15097	0.1945	0.08162	0.12586	0.07142	0.0	0.1439	0.03875	0.0908	0.27106	0.0	0.12047	0.06855	0.03351	0.07714	0.11738	0.24407	0.20031	0.0	0.20531	0.22317	0.16827	0.12448	0.13015	0.17164	0.21964	0.06587	0.06587	0.20459	4e-05	0.01844	4e-05	4e-05	4e-05	4e-05	0.01275	0.14808	4e-05	0.0	4e-05	0.07843	4e-05	4e-05	4e-05	0.27789	4e-05	4e-05	4e-05	0.14203	0.03865	0.17562	
0.0	0.0	6e-05	0.0276	6e-05	0.07987	0.01757	0.06525	0.11693	0.05536	0.02479	6e-05	6e-05	6e-05	6e-05	0.0276	6e-05	6e-05	0.06703	0.03582	0.14511	0.02208	0.05076	0.06104	0.06029	0.14388	0.0	0.11342	0.16081	0.14256	0.12597	0.29627	0.0	0.11512	0.32299	6e-05	6e-05	6e-05	0.22366	0.19554	0.07688	0.0276	0.0951	0.15547	6e-05	6e-05	6e-05	0.08974	6e-05	6e-05	6e-05	0.04525	0.22569	0.07394	0.07454	0.01757	0.07987	6e-05	0.0276	6e-05	0.06152	0.09489	0.09511	0.10672	0.03638	0.23162	0.02566	0.36307	0.16324	0.08531	6e-05	6e-05	6e-05	6e-05	0.06703	0.06703	0.05114	0.03021	0.02086	6e-05	6e-05	6e-05	6e-05	6e-05	6e-05	0.06976	0.04029	0.03598	0.09489	6e-05	0.02691	0.25064	0.12924	0.04194	0.05064	0.10883	0.0	0.29299	0.06345	0.0217	0.18973	0.0	0.16932	0.02285	0.00841	0.00545	0.08689	0.15148	0.14641	0.0	0.17304	0.09815	0.07334	0.14308	0.05306	0.17595	0.37272	0.06703	0.06703	0.06976	6e-05	0.06756	6e-05	6e-05	6e-05	6e-05	0.01817	0.08109	6e-05	0.0	6e-05	0.07987	6e-05	6e-05	6e-05	0.19983	6e-05	6e-05	6e-05	0.1071	0.08407	0.07297	
0.0	0.0	2e-05	0.02561	2e-05	0.03675	0.00665	0.04325	0.0759	0.04984	0.03783	2e-05	2e-05	2e-05	2e-05	0.02561	2e-05	2e-05	0.05179	0.00481	0.10553	0.1157	0.00639	0.03882	0.02456	0.31276	0.0	0.28372	0.31098	0.21556	0.1083	0.21006	0.11512	0.0	0.10474	2e-05	2e-05	2e-05	0.35304	0.20869	0.04797	0.02561	0.02019	0.08088	2e-05	2e-05	2e-05	0.07578	2e-05	2e-05	2e-05	0.14836	0.18369	0.15018	0.16184	0.00665	0.03675	2e-05	0.02561	2e-05	0.02197	0.07185	0.15803	0.08203	0.03152	0.08003	0.02246	0.22471	0.14897	0.14536	2e-05	2e-05	2e-05	2e-05	0.05179	0.05179	0.10858	0.01622	0.05161	2e-05	2e-05	2e-05	2e-05	2e-05	2e-05	0.05379	0.14689	0.05217	0.07185	2e-05	0.10216	0.10638	0.06373	0.11655	0.20619	0.05182	0.0	0.18534	0.02369	0.10127	0.29684	0.0	0.05708	0.11916	0.23502	0.06752	0.12396	0.12073	0.25281	0.0	0.35031	0.32844	0.03805	0.24575	0.14507	0.08822	0.04784	0.05179	0.05179	0.05379	2e-05	0.0389	2e-05	2e-05	2e-05	2e-05	0.02771	0.07428	2e-05	0.0	2e-05	0.03675	2e-05	2e-05	2e-05	0.2608	2e-05	2e-05	2e-05	0.09404	0.08588	0.22969	
0.0	0.0	7e-05	0.03039	7e-05	0.05376	0.21224	0.15218	0.20358	0.07944	0.04547	7e-05	7e-05	7e-05	7e-05	0.03039	7e-05	7e-05	0.04526	0.01612	0.1693	0.19759	0.03094	0.07402	0.08787	0.15202	0.0	0.07621	0.09602	0.08571	0.0667	0.25187	0.32299	0.10474	0.0	7e-05	7e-05	7e-05	0.18576	0.24609	0.08045	0.03039	0.03824	0.28085	7e-05	7e-05	7e-05	0.07363	7e-05	7e-05	7e-05	0.07013	0.11782	0.04159	0.16622	0.21224	0.05376	7e-05	0.03039	7e-05	0.08575	0.06361	0.21229	0.08292	0.06478	0.16476	0.0602	0.39958	0.20087	0.06952	7e-05	7e-05	7e-05	7e-05	0.04526	0.04526	0.05049	0.01891	0.03327	7e-05	7e-05	7e-05	7e-05	7e-05	7e-05	0.04708	0.09089	0.00682	0.06361	7e-05	0.03577	0.07725	0.09542	0.05407	0.05353	0.0884	0.0	0.22524	0.0479	0.08955	0.16719	0.0	0.08851	0.20259	0.01025	0.04294	0.13298	0.26501	0.17229	0.0	0.1147	0.08791	0.05636	0.07198	0.04474	0.11505	0.20384	0.04526	0.04526	0.04708	7e-05	0.05293	7e-05	7e-05	7e-05	7e-05	0.0328	0.15265	7e-05	0.0	7e-05	0.05376	7e-05	7e-05	7e-05	0.18368	7e-05	7e-05	7e-05	0.07197	0.07186	0.11352	
0.0	0.0	0.0	0.00019	0.0	0.00018	0.00018	9e-05	0.0001	4e-05	0.00021	0.0	0.0	0.0	0.0	0.00019	0.0	0.0	0.00013	0.00011	6e-05	6e-05	0.00015	0.00011	7e-05	4e-05	0.0	4e-05	3e-05	4e-05	7e-05	4e-05	6e-05	2e-05	7e-05	0.0	0.0	0.0	6e-05	4e-05	0.00015	0.00019	7e-05	7e-05	0.0	0.0	0.0	5e-05	0.0	0.0	0.0	9e-05	9e-05	2e-05	2e-05	0.00018	0.00018	0.0	0.00019	0.0	4e-05	0.0004	0.0001	0.00023	8e-05	8e-05	9e-05	0.00016	3e-05	5e-05	0.0	0.0	0.0	0.0	0.00013	0.00013	0.00017	0.00023	9e-05	0.0	0.0	0.0	0.0	0.0	0.0	0.00017	4e-05	4e-05	0.0004	0.0	5e-05	0.00012	4e-05	4e-05	7e-05	0.00012	0.0	3e-05	7e-05	9e-05	0.00013	0.0	0.00011	0.00012	5e-05	0.00011	0.0001	4e-05	4e-05	0.0	4e-05	0.00011	7e-05	4e-05	4e-05	0.00023	7e-05	0.00013	0.00013	0.00017	0.0	6e-05	0.0	0.0	0.0	0.0	0.00025	8e-05	0.0	0.0	0.0	0.00018	0.0	0.0	0.0	7e-05	0.0	0.0	0.0	7e-05	6e-05	2e-05	
0.0	0.0	0.0	0.00019	0.0	0.00018	0.00018	9e-05	0.0001	4e-05	0.00021	0.0	0.0	0.0	0.0	0.00019	0.0	0.0	0.00013	0.00011	6e-05	6e-05	0.00015	0.00011	7e-05	4e-05	0.0	4e-05	3e-05	4e-05	7e-05	4e-05	6e-05	2e-05	7e-05	0.0	0.0	0.0	6e-05	4e-05	0.00015	0.00019	7e-05	7e-05	0.0	0.0	0.0	5e-05	0.0	0.0	0.0	9e-05	9e-05	2e-05	2e-05	0.00018	0.00018	0.0	0.00019	0.0	4e-05	0.0004	0.0001	0.00023	8e-05	8e-05	9e-05	0.00016	3e-05	5e-05	0.0	0.0	0.0	0.0	0.00013	0.00013	0.00017	0.00023	9e-05	0.0	0.0	0.0	0.0	0.0	0.0	0.00017	4e-05	4e-05	0.0004	0.0	5e-05	0.00012	4e-05	4e-05	7e-05	0.00012	0.0	3e-05	7e-05	9e-05	0.00013	0.0	0.00011	0.00012	5e-05	0.00011	0.0001	4e-05	4e-05	0.0	4e-05	0.00011	7e-05	4e-05	4e-05	0.00023	7e-05	0.00013	0.00013	0.00017	0.0	6e-05	0.0	0.0	0.0	0.0	0.00025	8e-05	0.0	0.0	0.0	0.00018	0.0	0.0	0.0	7e-05	0.0	0.0	0.0	7e-05	6e-05	2e-05	
0.0	0.0	0.0	0.00019	0.0	0.00018	0.00018	9e-05	0.0001	4e-05	0.00021	0.0	0.0	0.0	0.0	0.00019	0.0	0.0	0.00013	0.00011	6e-05	6e-05	0.00015	0.00011	7e-05	4e-05	0.0	4e-05	3e-05	4e-05	7e-05	4e-05	6e-05	2e-05	7e-05	0.0	0.0	0.0	6e-05	4e-05	0.00015	0.00019	7e-05	7e-05	0.0	0.0	0.0	5e-05	0.0	0.0	0.0	9e-05	9e-05	2e-05	2e-05	0.00018	0.00018	0.0	0.00019	0.0	4e-05	0.0004	0.0001	0.00023	8e-05	8e-05	9e-05	0.00016	3e-05	5e-05	0.0	0.0	0.0	0.0	0.00013	0.00013	0.00017	0.00023	9e-05	0.0	0.0	0.0	0.0	0.0	0.0	0.00017	4e-05	4e-05	0.0004	0.0	5e-05	0.00012	4e-05	4e-05	7e-05	0.00012	0.0	3e-05	7e-05	9e-05	0.00013	0.0	0.00011	0.00012	5e-05	0.00011	0.0001	4e-05	4e-05	0.0	4e-05	0.00011	7e-05	4e-05	4e-05	0.00023	7e-05	0.00013	0.00013	0.00017	0.0	6e-05	0.0	0.0	0.0	0.0	0.00025	8e-05	0.0	0.0	0.0	0.00018	0.0	0.0	0.0	7e-05	0.0	0.0	0.0	7e-05	6e-05	2e-05	
0.0	0.0	6e-05	0.01254	6e-05	0.01756	0.02036	0.04025	0.16593	0.0226	0.01137	6e-05	6e-05	6e-05	6e-05	0.01254	6e-05	6e-05	0.01512	0.02587	0.16201	0.17552	0.02172	0.0442	0.0378	0.33514	0.0	0.35993	0.32065	0.29142	0.15541	0.35101	0.22366	0.35304	0.18576	6e-05	6e-05	6e-05	0.0	0.23384	0.1333	0.01254	0.08019	0.17963	6e-05	6e-05	6e-05	0.02605	6e-05	6e-05	6e-05	0.08562	0.18649	0.14395	0.21017	0.02036	0.01756	6e-05	0.01254	6e-05	0.0572	0.24115	0.30591	0.20397	0.19193	0.13316	0.02922	0.54657	0.12567	0.13876	6e-05	6e-05	6e-05	6e-05	0.01512	0.01512	0.12465	0.00815	0.02394	6e-05	6e-05	6e-05	6e-05	6e-05	6e-05	0.17086	0.16863	0.11703	0.24115	6e-05	0.14248	0.20252	0.04722	0.08812	0.23593	0.12307	0.0	0.11307	0.08846	0.20288	0.45872	0.0	0.05995	0.15104	0.05254	0.02606	0.25506	0.16438	0.29697	0.0	0.41813	0.61243	0.28774	0.12082	0.14521	0.19597	0.19179	0.01512	0.01512	0.17086	6e-05	0.03539	6e-05	6e-05	6e-05	6e-05	0.00851	0.14385	6e-05	0.0	6e-05	0.01756	6e-05	6e-05	6e-05	0.16137	6e-05	6e-05	6e-05	0.17055	0.02323	0.23543	
0.0	0.0	4e-05	0.02629	4e-05	0.079	0.09506	0.06468	0.08729	0.07689	0.02357	4e-05	4e-05	4e-05	4e-05	0.02629	4e-05	4e-05	0.12338	0.01599	0.10722	0.11802	0.04891	0.05671	0.09801	0.13782	0.0	0.08507	0.14482	0.13852	0.12347	0.16722	0.19554	0.20869	0.24609	4e-05	4e-05	4e-05	0.23384	0.0	0.09021	0.02629	0.08762	0.20244	4e-05	4e-05	4e-05	0.08243	4e-05	4e-05	4e-05	0.03809	0.17469	0.0948	0.07821	0.09506	0.079	4e-05	0.02629	4e-05	0.14713	0.07529	0.16569	0.08974	0.05323	0.13939	0.06929	0.43886	0.19023	0.08619	4e-05	4e-05	4e-05	4e-05	0.12338	0.12338	0.04074	0.0164	0.05478	4e-05	4e-05	4e-05	4e-05	4e-05	4e-05	0.05543	0.08954	0.03746	0.07529	4e-05	0.01451	0.11749	0.18686	0.13818	0.06571	0.08688	0.0	0.18939	0.04883	0.10109	0.18071	0.0	0.17445	0.14732	0.02855	0.02456	0.09311	0.18417	0.13865	0.0	0.21341	0.10969	0.05777	0.13359	0.15276	0.13639	0.13856	0.12338	0.12338	0.05543	4e-05	0.03472	4e-05	4e-05	4e-05	4e-05	0.0172	0.1075	4e-05	0.0	4e-05	0.079	4e-05	4e-05	4e-05	0.16518	4e-05	4e-05	4e-05	0.063	0.07639	0.11403	
0.0	0.0	0.00015	0.01028	0.00015	0.01414	0.01627	0.06423	0.19351	0.27235	0.00936	0.00015	0.00015	0.00015	0.00015	0.01028	0.00015	0.00015	0.01227	0.0146	0.04763	0.03754	0.01729	0.10086	0.02878	0.18713	0.0	0.01947	0.02461	0.03286	0.03744	0.06293	0.07688	0.04797	0.08045	0.00015	0.00015	0.00015	0.1333	0.09021	0.0	0.01028	0.10616	0.04992	0.00015	0.00015	0.00015	0.02021	0.00015	0.00015	0.00015	0.14	0.09333	0.0985	0.04112	0.01627	0.01414	0.00015	0.01028	0.00015	0.02412	0.38091	0.10714	0.29679	0.12831	0.10643	0.02286	0.39977	0.11934	0.02705	0.00015	0.00015	0.00015	0.00015	0.01227	0.01227	0.20078	0.00681	0.01894	0.00015	0.00015	0.00015	0.00015	0.00015	0.00015	0.01268	0.03307	0.038	0.38091	0.00015	0.04206	0.1542	0.10913	0.05766	0.15467	0.17264	0.0	0.05408	0.29896	0.19099	0.39064	0.0	0.08295	0.03886	0.03974	0.09129	0.23806	0.22816	0.03261	0.0	0.06265	0.07763	0.17031	0.06464	0.04733	0.27802	0.12576	0.01227	0.01227	0.01268	0.00015	0.02738	0.00015	0.00015	0.00015	0.00015	0.00711	0.09316	0.00015	0.0	0.00015	0.01414	0.00015	0.00015	0.00015	0.06286	0.00015	0.00015	0.00015	0.19154	0.01818	0.05699	
