0.0	0.34429	0.40098	1e-05	0.06978	0.23075	1e-05	0.02671	0.12693	0.05009	0.29678	0.12264	1e-05	0.02756	1e-05	1e-05	1e-05	0.18488	0.17482	0.06926	0.06312	0.23361	0.14372	0.18995	0.13194	0.16779	0.04341	0.22029	0.0	0.03928	0.14237	0.02281	1e-05	1e-05	1e-05	1e-05	1e-05	1e-05	1e-05	1e-05	1e-05	1e-05	0.04502	0.18888	1e-05	1e-05	1e-05	1e-05	0.18124	0.00991	0.29743	1e-05	1e-05	0.29743	0.13082	0.19436	0.20074	0.34822	1e-05	1e-05	1e-05	0.29743	1e-05	0.28423	0.294	0.13007	0.08691	0.24662	0.14547	0.31988	0.14388	0.17149	0.03222	0.09112	0.2543	0.10401	0.1697	0.0	0.19889	0.25938	1e-05	1e-05	1e-05	1e-05	1e-05	0.1124	0.06541	0.03999	0.01715	0.07275	0.29743	0.26619	0.30832	0.10197	0.27143	0.21469	0.1455	
0.34429	0.0	0.61284	0.0	0.05621	0.2947	0.0	0.02127	0.36069	0.11232	0.1808	0.05415	0.0	0.02195	0.0	0.0	0.0	0.34387	0.13515	0.12417	0.12258	0.15866	0.101	0.35089	0.17344	0.16471	0.03467	0.37623	0.0	0.07056	0.08738	0.03527	0.0	0.0	0.0	0.0	0.0	0.0	0.0	0.0	0.0	0.0	0.03597	0.17283	0.0	0.0	0.0	0.0	0.12688	0.03238	0.17465	0.0	0.0	0.17465	0.27791	0.36075	0.22222	0.14568	0.0	0.0	0.0	0.17465	0.0	0.18828	0.21675	0.25703	0.11339	0.09897	0.1419	0.19443	0.06162	0.19692	0.05586	0.16673	0.04359	0.15071	0.08678	0.0	0.26412	0.34757	0.0	0.0	0.0	0.0	0.0	0.37523	0.08059	0.08675	0.02127	0.05826	0.17465	0.2282	0.30178	0.33642	0.27051	0.20218	0.07926	
0.40098	0.61284	0.0	2e-05	0.06568	0.4693	2e-05	0.0259	0.24769	0.05786	0.33597	0.13085	2e-05	0.02671	2e-05	2e-05	2e-05	0.38849	0.14005	0.07403	0.0721	0.16659	0.17615	0.29211	0.25147	0.16535	0.04168	0.22306	0.0	0.04526	0.10095	0.02661	2e-05	2e-05	2e-05	2e-05	2e-05	2e-05	2e-05	2e-05	2e-05	2e-05	0.04319	0.21567	2e-05	2e-05	2e-05	2e-05	0.06895	0.00682	0.34798	2e-05	2e-05	0.34798	0.32693	0.22233	0.21685	0.20324	2e-05	2e-05	2e-05	0.34798	2e-05	0.32747	0.27077	0.17115	0.11697	0.13269	0.21566	0.25876	0.12773	0.18209	0.03448	0.0924	0.15696	0.10395	0.04605	0.0	0.22801	0.48457	2e-05	2e-05	2e-05	2e-05	2e-05	0.25656	0.02096	0.04633	0.02591	0.06884	0.34798	0.26361	0.3712	0.13841	0.29823	0.24427	0.09257	
1e-05	0.0	2e-05	0.0	0.0001	3e-05	0.0	0.00025	5e-05	0.00016	5e-05	0.00014	0.0	0.00034	0.0	0.0	0.0	2e-05	6e-05	0.0001	0.0001	4e-05	0.00019	1e-05	1e-05	4e-05	0.00021	1e-05	0.0	0.00017	0.00012	0.00023	0.0	0.0	0.0	0.0	0.0	0.0	0.0	0.0	0.0	0.0	0.00028	7e-05	0.0	0.0	0.0	0.0	4e-05	0.00014	0.0001	0.0	0.0	0.0001	6e-05	6e-05	8e-05	1e-05	0.0	0.0	0.0	0.0001	0.0	4e-05	1e-05	4e-05	3e-05	3e-05	9e-05	3e-05	6e-05	1e-05	0.00045	6e-05	0.0	7e-05	2e-05	0.0	6e-05	3e-05	0.0	0.0	0.0	0.0	0.0	8e-05	0.00015	0.00013	0.00028	0.00017	0.0001	1e-05	6e-05	6e-05	4e-05	6e-05	7e-05	
0.06978	0.05621	0.06568	0.0001	0.0	0.25193	0.0001	0.00548	0.22216	0.0128	0.01536	0.0264	0.0001	0.00565	0.0001	0.0001	0.0001	0.03901	0.02787	0.0146	0.01435	0.11001	0.01387	0.03797	0.06035	0.02519	0.57418	0.03757	0.0	0.01011	0.01883	0.00693	0.0001	0.0001	0.0001	0.0001	0.0001	0.0001	0.0001	0.0001	0.0001	0.0001	0.00834	0.02262	0.0001	0.0001	0.0001	0.0001	0.01873	0.01093	0.014	0.0001	0.0001	0.014	0.08814	0.03173	0.02496	0.09555	0.0001	0.0001	0.0001	0.014	0.0001	0.0156	0.02481	0.02603	0.05754	0.10149	0.02263	0.08805	0.09335	0.04383	0.01049	0.02317	0.00316	0.01835	0.2129	0.0	0.03267	0.09275	0.0001	0.0001	0.0001	0.0001	0.0001	0.03694	0.01562	0.01077	0.00549	0.83671	0.014	0.10943	0.02391	0.02117	0.04141	0.04427	0.01759	
0.23075	0.2947	0.4693	3e-05	0.25193	0.0	3e-05	0.03721	0.30555	0.04258	0.06945	0.01874	3e-05	0.03837	3e-05	3e-05	3e-05	0.21254	0.06726	0.06845	0.06548	0.1383	0.05168	0.20757	0.21671	0.11061	0.24034	0.05878	0.0	0.03346	0.07063	0.02017	3e-05	3e-05	3e-05	3e-05	3e-05	3e-05	3e-05	3e-05	3e-05	3e-05	0.0621	0.08761	3e-05	3e-05	3e-05	3e-05	0.05485	0.00548	0.04771	3e-05	3e-05	0.04771	0.11211	0.13714	0.11972	0.12675	3e-05	3e-05	3e-05	0.04771	3e-05	0.05816	0.09395	0.12201	0.06451	0.07292	0.08764	0.09317	0.14295	0.11517	0.0326	0.07388	0.01185	0.11368	0.10563	0.0	0.14325	0.25165	3e-05	3e-05	3e-05	3e-05	3e-05	0.16513	0.05464	0.03444	0.03721	0.19169	0.04771	0.11477	0.10696	0.09092	0.21157	0.14573	0.07881	
1e-05	0.0	2e-05	0.0	0.0001	3e-05	0.0	0.00025	5e-05	0.00016	5e-05	0.00014	0.0	0.00034	0.0	0.0	0.0	2e-05	6e-05	0.0001	0.0001	4e-05	0.00019	1e-05	1e-05	4e-05	0.00021	1e-05	0.0	0.00017	0.00012	0.00023	0.0	0.0	0.0	0.0	0.0	0.0	0.0	0.0	0.0	0.0	0.00028	7e-05	0.0	0.0	0.0	0.0	4e-05	0.00014	0.0001	0.0	0.0	0.0001	6e-05	6e-05	8e-05	1e-05	0.0	0.0	0.0	0.0001	0.0	4e-05	1e-05	4e-05	3e-05	3e-05	9e-05	3e-05	6e-05	1e-05	0.00045	6e-05	0.0	7e-05	2e-05	0.0	6e-05	3e-05	0.0	0.0	0.0	0.0	0.0	8e-05	0.00015	0.00013	0.00028	0.00017	0.0001	1e-05	6e-05	6e-05	4e-05	6e-05	7e-05	
0.02671	0.02127	0.0259	0.00025	0.00548	0.03721	0.00025	0.0	0.01548	0.00661	0.28889	0.01192	0.00025	0.00357	0.00025	0.00025	0.00025	0.01546	0.01165	0.00691	0.00683	0.01219	0.00785	0.01499	0.02383	0.01069	0.00465	0.01471	0.0	0.00521	0.00913	0.00414	0.00025	0.00025	0.00025	0.00025	0.00025	0.00025	0.00025	0.00025	0.00025	0.00025	0.00479	0.01041	0.00025	0.00025	0.00025	0.00025	0.0081	0.00584	0.00706	0.00025	0.00025	0.00706	0.03496	0.01407	0.01044	0.0616	0.00025	0.00025	0.00025	0.00706	0.00025	0.00726	0.03543	0.01081	0.04809	0.01405	0.01043	0.01463	0.016	0.0177	0.00642	0.00965	0.00332	0.00818	0.0104	0.0	0.01449	0.0331	0.00025	0.00025	0.00025	0.00025	0.00025	0.01601	0.00772	0.00576	0.00347	0.00624	0.00706	0.04109	0.01053	0.00955	0.01622	0.01708	0.00805	
0.12693	0.36069	0.24769	5e-05	0.22216	0.30555	5e-05	0.01548	0.0	0.04302	0.05745	0.0099	5e-05	0.01596	5e-05	5e-05	5e-05	0.16547	0.05099	0.05396	0.05264	0.14521	0.07484	0.22676	0.08062	0.09977	0.23974	0.05377	0.0	0.08367	0.21304	0.04891	5e-05	5e-05	5e-05	5e-05	5e-05	5e-05	5e-05	5e-05	5e-05	5e-05	0.02531	0.08857	5e-05	5e-05	5e-05	5e-05	0.05634	0.00959	0.0482	5e-05	5e-05	0.0482	0.17319	0.12056	0.11797	0.10345	5e-05	5e-05	5e-05	0.0482	5e-05	0.07249	0.10914	0.2	0.09076	0.10048	0.01422	0.11993	0.08423	0.08492	0.05487	0.05721	0.00085	0.07386	0.10431	0.0	0.11949	0.17089	5e-05	5e-05	5e-05	5e-05	5e-05	0.78511	0.05521	0.03479	0.01549	0.16346	0.0482	0.15103	0.07957	0.07038	0.04285	0.08864	0.01839	
0.05009	0.11232	0.05786	0.00016	0.0128	0.04258	0.00016	0.00661	0.04302	0.0	0.01791	0.03069	0.00016	0.0068	0.00016	0.00016	0.00016	0.17541	0.26946	0.68046	0.69992	0.17257	0.01666	0.1036	0.05719	0.20406	0.00964	0.11515	0.0	0.0119	0.02209	0.00831	0.00016	0.00016	0.00016	0.00016	0.00016	0.00016	0.00016	0.00016	0.00016	0.00016	0.00994	0.27313	0.00016	0.00016	0.00016	0.00016	0.43496	0.01293	0.01647	0.00016	0.00016	0.01647	0.04803	0.17676	0.176	0.03075	0.00016	0.00016	0.00016	0.01647	0.00016	0.01817	0.02864	0.35364	0.07173	0.04013	0.02637	0.04065	0.04203	0.12322	0.01266	0.35052	0.00401	0.51338	0.02868	0.0	0.17594	0.05931	0.00016	0.00016	0.00016	0.00016	0.00016	0.04286	0.55645	0.01275	0.00662	0.01405	0.01647	0.0452	0.48952	0.54898	0.11823	0.14909	0.02045	
0.29678	0.1808	0.33597	5e-05	0.01536	0.06945	5e-05	0.28889	0.05745	0.01791	0.0	0.21314	5e-05	0.00741	5e-05	5e-05	5e-05	0.06162	0.19467	0.02109	0.02069	0.1857	0.27714	0.11982	0.07616	0.03822	0.01089	0.189	0.0	0.01413	0.02734	0.00924	5e-05	5e-05	5e-05	5e-05	5e-05	5e-05	5e-05	5e-05	5e-05	5e-05	0.01125	0.26704	5e-05	5e-05	5e-05	5e-05	0.02812	0.01509	0.71795	5e-05	5e-05	0.71795	0.14308	0.18054	0.1869	0.26778	5e-05	5e-05	5e-05	0.71795	5e-05	0.55115	0.44935	0.04008	0.10798	0.11811	0.26696	0.36961	0.18362	0.13981	0.01509	0.03546	0.70622	0.02719	0.03832	0.0	0.18	0.141	5e-05	5e-05	5e-05	5e-05	5e-05	0.05579	0.0222	0.01487	0.0072	0.01653	0.71795	0.35616	0.4476	0.03191	0.13206	0.14382	0.02576	
0.12264	0.05415	0.13085	0.00014	0.0264	0.01874	0.00014	0.01192	0.0099	0.03069	0.21314	0.0	0.00014	0.01227	0.00014	0.00014	0.00014	0.03344	0.06102	0.03686	0.03609	0.05989	0.04113	0.02353	0.01763	0.06973	0.01827	0.15837	0.0	0.08739	0.00196	0.01542	0.00014	0.00014	0.00014	0.00014	0.00014	0.00014	0.00014	0.00014	0.00014	0.00014	0.11829	0.05418	0.00014	0.00014	0.00014	0.00014	0.05053	0.02336	0.24453	0.00014	0.00014	0.24453	0.11437	0.03864	0.2287	0.0829	0.00014	0.00014	0.00014	0.24453	0.00014	0.2108	0.24458	0.02726	0.08154	0.07633	0.05415	0.22	0.04232	0.07513	0.18351	0.1041	0.03973	0.04841	0.02128	0.0	0.01859	0.07526	0.00014	0.00014	0.00014	0.00014	0.00014	0.00013	0.03848	0.02527	0.01193	0.02823	0.24453	0.17303	0.22731	0.04685	0.17107	0.06625	0.04552	
1e-05	0.0	2e-05	0.0	0.0001	3e-05	0.0	0.00025	5e-05	0.00016	5e-05	0.00014	0.0	0.00034	0.0	0.0	0.0	2e-05	6e-05	0.0001	0.0001	4e-05	0.00019	1e-05	1e-05	4e-05	0.00021	1e-05	0.0	0.00017	0.00012	0.00023	0.0	0.0	0.0	0.0	0.0	0.0	0.0	0.0	0.0	0.0	0.00028	7e-05	0.0	0.0	0.0	0.0	4e-05	0.00014	0.0001	0.0	0.0	0.0001	6e-05	6e-05	8e-05	1e-05	0.0	0.0	0.0	0.0001	0.0	4e-05	1e-05	4e-05	3e-05	3e-05	9e-05	3e-05	6e-05	1e-05	0.00045	6e-05	0.0	7e-05	2e-05	0.0	6e-05	3e-05	0.0	0.0	0.0	0.0	0.0	8e-05	0.00015	0.00013	0.00028	0.00017	0.0001	1e-05	6e-05	6e-05	4e-05	6e-05	7e-05	
0.02756	0.02195	0.02671	0.00034	0.00565	0.03837	0.00034	0.00357	0.01596	0.0068	0.00741	0.01227	0.00034	0.0	0.00034	0.00034	0.00034	0.01595	0.01201	0.00712	0.00704	0.01256	0.00869	0.01546	0.02458	0.01102	0.00479	0.01518	0.0	0.00537	0.00952	0.00427	0.00034	0.00034	0.00034	0.00034	0.00034	0.00034	0.00034	0.00034	0.00034	0.00034	0.00494	0.01072	0.00034	0.00034	0.00034	0.00034	0.00835	0.00601	0.00727	0.00034	0.00034	0.00727	0.0361	0.01456	0.01076	0.01131	0.00034	0.00034	0.00034	0.00727	0.00034	0.00748	0.01087	0.01119	0.04967	0.03527	0.01074	0.03457	0.04971	0.02944	0.15881	0.00995	0.00486	0.1233	0.01079	0.0	0.01502	0.03597	0.00034	0.00034	0.00034	0.00034	0.00034	0.01649	0.00795	0.00594	0.00358	0.00643	0.00727	0.01644	0.01103	0.01004	0.01673	0.03624	0.0083	
1e-05	0.0	2e-05	0.0	0.0001	3e-05	0.0	0.00025	5e-05	0.00016	5e-05	0.00014	0.0	0.00034	0.0	0.0	0.0	2e-05	6e-05	0.0001	0.0001	4e-05	0.00019	1e-05	1e-05	4e-05	0.00021	1e-05	0.0	0.00017	0.00012	0.00023	0.0	0.0	0.0	0.0	0.0	0.0	0.0	0.0	0.0	0.0	0.00028	7e-05	0.0	0.0	0.0	0.0	4e-05	0.00014	0.0001	0.0	0.0	0.0001	6e-05	6e-05	8e-05	1e-05	0.0	0.0	0.0	0.0001	0.0	4e-05	1e-05	4e-05	3e-05	3e-05	9e-05	3e-05	6e-05	1e-05	0.00045	6e-05	0.0	7e-05	2e-05	0.0	6e-05	3e-05	0.0	0.0	0.0	0.0	0.0	8e-05	0.00015	0.00013	0.00028	0.00017	0.0001	1e-05	6e-05	6e-05	4e-05	6e-05	7e-05	
1e-05	0.0	2e-05	0.0	0.0001	3e-05	0.0	0.00025	5e-05	0.00016	5e-05	0.00014	0.0	0.00034	0.0	0.0	0.0	2e-05	6e-05	0.0001	0.0001	4e-05	0.00019	1e-05	1e-05	4e-05	0.00021	1e-05	0.0	0.00017	0.00012	0.00023	0.0	0.0	0.0	0.0	0.0	0.0	0.0	0.0	0.0	0.0	0.00028	7e-05	0.0	0.0	0.0	0.0	4e-05	0.00014	0.0001	0.0	0.0	0.0001	6e-05	6e-05	8e-05	1e-05	0.0	0.0	0.0	0.0001	0.0	4e-05	1e-05	4e-05	3e-05	3e-05	9e-05	3e-05	6e-05	1e-05	0.00045	6e-05	0.0	7e-05	2e-05	0.0	6e-05	3e-05	0.0	0.0	0.0	0.0	0.0	8e-05	0.00015	0.00013	0.00028	0.00017	0.0001	1e-05	6e-05	6e-05	4e-05	6e-05	7e-05	
1e-05	0.0	2e-05	0.0	0.0001	3e-05	0.0	0.00025	5e-05	0.00016	5e-05	0.00014	0.0	0.00034	0.0	0.0	0.0	2e-05	6e-05	0.0001	0.0001	4e-05	0.00019	1e-05	1e-05	4e-05	0.00021	1e-05	0.0	0.00017	0.00012	0.00023	0.0	0.0	0.0	0.0	0.0	0.0	0.0	0.0	0.0	0.0	0.00028	7e-05	0.0	0.0	0.0	0.0	4e-05	0.00014	0.0001	0.0	0.0	0.0001	6e-05	6e-05	8e-05	1e-05	0.0	0.0	0.0	0.0001	0.0	4e-05	1e-05	4e-05	3e-05	3e-05	9e-05	3e-05	6e-05	1e-05	0.00045	6e-05	0.0	7e-05	2e-05	0.0	6e-05	3e-05	0.0	0.0	0.0	0.0	0.0	8e-05	0.00015	0.00013	0.00028	0.00017	0.0001	1e-05	6e-05	6e-05	4e-05	6e-05	7e-05	
0.18488	0.34387	0.38849	2e-05	0.03901	0.21254	2e-05	0.01546	0.16547	0.17541	0.06162	0.03344	2e-05	0.01595	2e-05	2e-05	2e-05	0.0	0.20246	0.17222	0.17203	0.08327	0.10718	0.18752	0.15524	0.26919	0.02481	0.16738	0.0	0.05448	0.1759	0.04378	2e-05	2e-05	2e-05	2e-05	2e-05	2e-05	2e-05	2e-05	2e-05	2e-05	0.02571	0.09124	2e-05	2e-05	2e-05	2e-05	0.1637	0.01648	0.05047	2e-05	2e-05	0.05047	0.22147	0.04001	0.11966	0.09108	2e-05	2e-05	2e-05	0.05047	2e-05	0.06318	0.1092	0.30173	0.12019	0.10682	0.01624	0.06322	0.05163	0.21154	0.0518	0.21066	0.00297	0.18013	0.04424	0.0	0.10739	0.28568	2e-05	2e-05	2e-05	2e-05	2e-05	0.17397	0.12176	0.07883	0.01547	0.04066	0.05047	0.10138	0.20222	0.30281	0.19719	0.20313	0.14551	
0.17482	0.13515	0.14005	6e-05	0.02787	0.06726	6e-05	0.01165	0.05099	0.26946	0.19467	0.06102	6e-05	0.01201	6e-05	6e-05	6e-05	0.20246	0.0	0.24319	0.24489	0.23491	0.2562	0.18806	0.14568	0.1272	0.01835	0.14159	0.0	0.02529	0.0494	0.01531	6e-05	6e-05	6e-05	6e-05	6e-05	6e-05	6e-05	6e-05	6e-05	6e-05	0.01899	0.29182	6e-05	6e-05	6e-05	6e-05	0.2166	0.02645	0.21154	6e-05	6e-05	0.21154	0.02399	0.11874	0.23105	0.10859	6e-05	6e-05	6e-05	0.21154	6e-05	0.19351	0.16513	0.24898	0.09141	0.06642	0.25609	0.2759	0.07327	0.40212	0.02007	0.21148	0.03782	0.21132	0.07236	0.0	0.18422	0.04333	6e-05	6e-05	6e-05	6e-05	6e-05	0.03938	0.44345	0.02601	0.01166	0.02931	0.21154	0.20853	0.41894	0.24042	0.18341	0.26652	0.08054	
0.06926	0.12417	0.07403	0.0001	0.0146	0.06845	0.0001	0.00691	0.05396	0.68046	0.02109	0.03686	0.0001	0.00712	0.0001	0.0001	0.0001	0.17222	0.24319	0.0	0.52977	0.16128	0.01829	0.10698	0.07166	0.18406	0.01041	0.11803	0.0	0.01345	0.02568	0.00885	0.0001	0.0001	0.0001	0.0001	0.0001	0.0001	0.0001	0.0001	0.0001	0.0001	0.01075	0.2288	0.0001	0.0001	0.0001	0.0001	0.36823	0.16362	0.01876	0.0001	0.0001	0.01876	0.06042	0.1583	0.16182	0.14955	0.0001	0.0001	0.0001	0.01876	0.0001	0.02146	0.03573	0.31449	0.08458	0.11229	0.03133	0.05101	0.05094	0.12392	0.01356	0.31078	0.00381	0.42027	0.15845	0.0	0.15784	0.08382	0.0001	0.0001	0.0001	0.0001	0.0001	0.05252	0.42032	0.01417	0.00691	0.01574	0.01876	0.05772	0.40692	0.44326	0.12223	0.15302	0.02437	
0.06312	0.12258	0.0721	0.0001	0.01435	0.06548	0.0001	0.00683	0.05264	0.69992	0.02069	0.03609	0.0001	0.00704	0.0001	0.0001	0.0001	0.17203	0.24489	0.52977	0.0	0.21724	0.01802	0.10633	0.06991	0.18535	0.01028	0.11741	0.0	0.01323	0.0252	0.00874	0.0001	0.0001	0.0001	0.0001	0.0001	0.0001	0.0001	0.0001	0.0001	0.0001	0.01061	0.23182	0.0001	0.0001	0.0001	0.0001	0.37295	0.01416	0.01844	0.0001	0.0001	0.01844	0.0686	0.15939	0.16268	0.0379	0.0001	0.0001	0.0001	0.01844	0.0001	0.02104	0.03488	0.31715	0.10567	0.04996	0.0307	0.04975	0.04982	0.12341	0.01339	0.31354	0.00379	0.42676	0.03502	0.0	0.15889	0.08093	0.0001	0.0001	0.0001	0.0001	0.0001	0.05134	0.42935	0.01395	0.30656	0.01549	0.01844	0.15497	0.41256	0.45044	0.12147	0.15219	0.02388	
0.23361	0.15866	0.16659	4e-05	0.11001	0.1383	4e-05	0.01219	0.14521	0.17257	0.1857	0.05989	4e-05	0.01256	4e-05	4e-05	4e-05	0.08327	0.23491	0.16128	0.21724	0.0	0.04904	0.25108	0.10726	0.09385	0.11303	0.18649	0.0	0.02666	0.05259	0.01604	4e-05	4e-05	4e-05	4e-05	4e-05	4e-05	4e-05	4e-05	4e-05	4e-05	0.01993	0.5743	4e-05	4e-05	4e-05	4e-05	0.19325	0.02784	0.19974	4e-05	4e-05	0.19974	0.03565	0.32229	0.43008	0.18837	4e-05	4e-05	4e-05	0.19974	4e-05	0.1848	0.17673	0.14768	0.02286	0.11812	0.0731	0.23838	0.03363	0.2937	0.02751	0.15633	0.06669	0.15891	0.10603	0.0	0.32216	0.05507	4e-05	4e-05	4e-05	4e-05	4e-05	0.06325	0.10335	0.02738	0.06739	0.05864	0.19974	0.19593	0.49797	0.1636	0.13682	0.24172	0.05755	
0.14372	0.101	0.17615	0.00019	0.01387	0.05168	0.00019	0.00785	0.07484	0.01666	0.27714	0.04113	0.00019	0.00869	0.00019	0.00019	0.00019	0.10718	0.2562	0.01829	0.01802	0.04904	0.0	0.31846	0.26793	0.19968	0.0109	0.09805	0.0	0.01411	0.15547	0.01021	0.00019	0.00019	0.00019	0.00019	0.00019	0.00019	0.00019	0.00019	0.00019	0.00019	0.01238	0.05859	0.00019	0.00019	0.00019	0.00019	0.02321	0.01535	0.43803	0.00019	0.00019	0.43803	0.0388	0.14357	0.04499	0.0613	0.00019	0.00019	0.00019	0.43803	0.00019	0.26818	0.27427	0.03465	0.12295	0.07535	0.46763	0.29659	0.15413	0.21685	0.01833	0.03788	0.00121	0.0236	0.07935	0.0	0.4052	0.05565	0.00019	0.00019	0.00019	0.00019	0.00019	0.08889	0.02013	0.30541	0.00768	0.01555	0.43803	0.16964	0.20862	0.15186	0.14396	0.15387	0.04271	
0.18995	0.35089	0.29211	1e-05	0.03797	0.20757	1e-05	0.01499	0.22676	0.1036	0.11982	0.02353	1e-05	0.01546	1e-05	1e-05	1e-05	0.18752	0.18806	0.10698	0.10633	0.25108	0.31846	0.0	0.43159	0.15949	0.02409	0.20488	0.0	0.06916	0.11287	0.01992	1e-05	1e-05	1e-05	1e-05	1e-05	1e-05	1e-05	1e-05	1e-05	1e-05	0.02496	0.26337	1e-05	1e-05	1e-05	1e-05	0.1205	0.03545	0.1186	1e-05	1e-05	0.1186	0.08528	0.51633	0.23717	0.10328	1e-05	1e-05	1e-05	0.1186	1e-05	0.15939	0.20994	0.25644	0.10504	0.09575	0.17025	0.21372	0.09724	0.41323	0.03122	0.13138	0.01421	0.11919	0.15292	0.0	0.67477	0.11804	1e-05	1e-05	1e-05	1e-05	1e-05	0.23243	0.05983	0.08108	0.01499	0.03953	0.1186	0.13714	0.24389	0.1936	0.31719	0.25668	0.04198	
0.13194	0.17344	0.25147	1e-05	0.06035	0.21671	1e-05	0.02383	0.08062	0.05719	0.07616	0.01763	1e-05	0.02458	1e-05	1e-05	1e-05	0.15524	0.14568	0.07166	0.06991	0.10726	0.26793	0.43159	0.0	0.23072	0.03832	0.07638	0.0	0.04723	0.05405	0.03167	1e-05	1e-05	1e-05	1e-05	1e-05	1e-05	1e-05	1e-05	1e-05	1e-05	0.03972	0.12391	1e-05	1e-05	1e-05	1e-05	0.13727	0.05657	0.06449	1e-05	1e-05	0.06449	0.12667	0.17795	0.14128	0.03788	1e-05	1e-05	1e-05	0.06449	1e-05	0.08046	0.11181	0.18709	0.08726	0.08753	0.15756	0.11448	0.05997	0.26213	0.03967	0.08886	0.01873	0.05483	0.14166	0.0	0.24934	0.10164	1e-05	1e-05	1e-05	1e-05	1e-05	0.06595	0.01967	0.04577	0.02384	0.06319	0.06449	0.10409	0.11796	0.09893	0.30176	0.23389	0.09432	
0.16779	0.16471	0.16535	4e-05	0.02519	0.11061	4e-05	0.01069	0.09977	0.20406	0.03822	0.06973	4e-05	0.01102	4e-05	4e-05	4e-05	0.26919	0.1272	0.18406	0.18535	0.09385	0.19968	0.15949	0.23072	0.0	0.01676	0.0787	0.0	0.07178	0.04852	0.01401	4e-05	4e-05	4e-05	4e-05	4e-05	4e-05	4e-05	4e-05	4e-05	4e-05	0.01734	0.05917	4e-05	4e-05	4e-05	4e-05	0.24728	0.02403	0.03242	4e-05	4e-05	0.03242	0.1282	0.04019	0.0625	0.05856	4e-05	4e-05	4e-05	0.03242	4e-05	0.07953	0.06412	0.27335	0.18078	0.1016	0.06675	0.05489	0.10198	0.06361	0.02351	0.15607	0.00725	0.17383	0.07065	0.0	0.04897	0.17728	4e-05	4e-05	4e-05	4e-05	4e-05	0.1072	0.12072	0.02363	0.0107	0.02658	0.03242	0.12797	0.17714	0.17809	0.21375	0.35074	0.03667	
0.04341	0.03467	0.04168	0.00021	0.57418	0.24034	0.00021	0.00465	0.23974	0.00964	0.01089	0.01827	0.00021	0.00479	0.00021	0.00021	0.00021	0.02481	0.01835	0.01041	0.01028	0.11303	0.0109	0.02409	0.03832	0.01676	0.0	0.0237	0.0	0.0076	0.01361	0.0057	0.00021	0.00021	0.00021	0.00021	0.00021	0.00021	0.00021	0.00021	0.00021	0.00021	0.00669	0.01586	0.00021	0.00021	0.00021	0.00021	0.01261	0.0084	0.01039	0.00021	0.00021	0.01039	0.05618	0.02171	0.01643	0.09683	0.00021	0.00021	0.00021	0.01039	0.00021	0.01102	0.01637	0.01706	0.03635	0.02243	0.01588	0.08635	0.09677	0.0282	0.00859	0.01521	0.00326	0.0126	0.12245	0.0	0.02236	0.05701	0.00021	0.00021	0.00021	0.00021	0.00021	0.02492	0.01145	0.0083	0.00466	0.41111	0.01039	0.06725	0.01624	0.0146	0.02612	0.02764	0.01229	
0.22029	0.37623	0.22306	1e-05	0.03757	0.05878	1e-05	0.01471	0.05377	0.11515	0.189	0.15837	1e-05	0.01518	1e-05	1e-05	1e-05	0.16738	0.14159	0.11803	0.11741	0.18649	0.09805	0.20488	0.07638	0.0787	0.0237	0.0	0.0	0.05886	0.0503	0.04876	1e-05	1e-05	1e-05	1e-05	1e-05	1e-05	1e-05	1e-05	1e-05	1e-05	0.06202	0.18084	1e-05	1e-05	1e-05	1e-05	0.13112	0.02345	0.19332	1e-05	1e-05	0.19332	0.21785	0.20378	0.29384	0.12094	1e-05	1e-05	1e-05	0.19332	1e-05	0.18909	0.37239	0.13713	0.1475	0.09497	0.10868	0.23205	0.11252	0.25254	0.06864	0.22034	0.04595	0.13005	0.06371	0.0	0.1762	0.11472	1e-05	1e-05	1e-05	1e-05	1e-05	0.03601	0.0725	0.1469	0.01472	0.03904	0.19332	0.18447	0.35593	0.31518	0.18569	0.11078	0.0966	
0.0	0.0	0.0	0.0	0.0	0.0	0.0	0.0	0.0	0.0	0.0	0.0	0.0	0.0	0.0	0.0	0.0	0.0	0.0	0.0	0.0	0.0	0.0	0.0	0.0	0.0	0.0	0.0	0.0	0.0	0.0	0.0	0.0	0.0	0.0	0.0	0.0	0.0	0.0	0.0	0.0	0.0	0.0	0.0	0.0	0.0	0.0	0.0	0.0	0.0	0.0	0.0	0.0	0.0	0.0	0.0	0.0	0.0	0.0	0.0	0.0	0.0	0.0	0.0	0.0	0.0	0.0	0.0	0.0	0.0	0.0	0.0	0.0	0.0	0.0	0.0	0.0	0.0	0.0	0.0	0.0	0.0	0.0	0.0	0.0	0.0	0.0	0.0	0.0	0.0	0.0	0.0	0.0	0.0	0.0	0.0	0.0	
0.03928	0.07056	0.04526	0.00017	0.01011	0.03346	0.00017	0.00521	0.08367	0.0119	0.01413	0.08739	0.00017	0.00537	0.00017	0.00017	0.00017	0.05448	0.02529	0.01345	0.01323	0.02666	0.01411	0.06916	0.04723	0.07178	0.0076	0.05886	0.0	0.0	0.14243	0.00655	0.00017	0.00017	0.00017	0.00017	0.00017	0.00017	0.00017	0.00017	0.00017	0.00017	0.00784	0.02075	0.00017	0.00017	0.00017	0.00017	0.01708	0.25958	0.01298	0.00017	0.00017	0.01298	0.05951	0.06905	0.18262	0.02425	0.00017	0.00017	0.00017	0.01298	0.00017	0.23757	0.04695	0.04681	0.05585	0.05004	0.02077	0.03218	0.03329	0.04	0.54037	0.02103	0.00485	0.01679	0.0955	0.0	0.03005	0.04637	0.00017	0.00017	0.00017	0.00017	0.00017	0.10059	0.01445	0.01005	0.00522	0.01107	0.01298	0.05097	0.0587	0.06204	0.03727	0.0861	0.01614	
0.14237	0.08738	0.10095	0.00012	0.01883	0.07063	0.00012	0.00913	0.21304	0.02209	0.02734	0.00196	0.00012	0.00952	0.00012	0.00012	0.00012	0.1759	0.0494	0.02568	0.0252	0.05259	0.15547	0.11287	0.05405	0.04852	0.01361	0.0503	0.0	0.14243	0.0	0.17608	0.00012	0.00012	0.00012	0.00012	0.00012	0.00012	0.00012	0.00012	0.00012	0.00012	0.01428	0.04079	0.00012	0.00012	0.00012	0.00012	0.08515	0.05999	0.02454	0.00012	0.00012	0.02454	0.06353	0.05007	0.10604	0.04776	0.00012	0.00012	0.00012	0.02454	0.00012	0.02783	0.0474	0.03457	0.11794	0.13691	0.0393	0.04631	0.06989	0.07693	0.17661	0.04291	0.02261	0.03311	0.07777	0.0	0.05407	0.10538	0.00012	0.00012	0.00012	0.00012	0.00012	0.26158	0.02728	0.01851	0.0091	0.02044	0.02454	0.05495	0.04944	0.04942	0.03541	0.04087	0.05183	
0.02281	0.03527	0.02661	0.00023	0.00693	0.02017	0.00023	0.00414	0.04891	0.00831	0.00924	0.01542	0.00023	0.00427	0.00023	0.00023	0.00023	0.04378	0.01531	0.00885	0.00874	0.01604	0.01021	0.01992	0.03167	0.01401	0.0057	0.04876	0.0	0.00655	0.17608	0.0	0.00023	0.00023	0.00023	0.00023	0.00023	0.00023	0.00023	0.00023	0.00023	0.00023	0.00587	0.01342	0.00023	0.00023	0.00023	0.00023	0.01057	0.00728	0.00892	0.00023	0.00023	0.00892	0.02268	0.01834	0.01371	0.01447	0.00023	0.00023	0.00023	0.00892	0.00023	0.00934	0.0138	0.01426	0.0323	0.0186	0.01344	0.01938	0.02095	0.0236	0.00827	0.01268	0.00456	0.01062	0.01373	0.0	0.01891	0.02691	0.00023	0.00023	0.00023	0.00023	0.00023	0.06016	0.0098	0.00719	0.00415	0.00782	0.00892	0.03876	0.05904	0.06621	0.02158	0.02278	0.01039	
1e-05	0.0	2e-05	0.0	0.0001	3e-05	0.0	0.00025	5e-05	0.00016	5e-05	0.00014	0.0	0.00034	0.0	0.0	0.0	2e-05	6e-05	0.0001	0.0001	4e-05	0.00019	1e-05	1e-05	4e-05	0.00021	1e-05	0.0	0.00017	0.00012	0.00023	0.0	0.0	0.0	0.0	0.0	0.0	0.0	0.0	0.0	0.0	0.00028	7e-05	0.0	0.0	0.0	0.0	4e-05	0.00014	0.0001	0.0	0.0	0.0001	6e-05	6e-05	8e-05	1e-05	0.0	0.0	0.0	0.0001	0.0	4e-05	1e-05	4e-05	3e-05	3e-05	9e-05	3e-05	6e-05	1e-05	0.00045	6e-05	0.0	7e-05	2e-05	0.0	6e-05	3e-05	0.0	0.0	0.0	0.0	0.0	8e-05	0.00015	0.00013	0.00028	0.00017	0.0001	1e-05	6e-05	6e-05	4e-05	6e-05	7e-05	
1e-05	0.0	2e-05	0.0	0.0001	3e-05	0.0	0.00025	5e-05	0.00016	5e-05	0.00014	0.0	0.00034	0.0	0.0	0.0	2e-05	6e-05	0.0001	0.0001	4e-05	0.00019	1e-05	1e-05	4e-05	0.00021	1e-05	0.0	0.00017	0.00012	0.00023	0.0	0.0	0.0	0.0	0.0	0.0	0.0	0.0	0.0	0.0	0.00028	7e-05	0.0	0.0	0.0	0.0	4e-05	0.00014	0.0001	0.0	0.0	0.0001	6e-05	6e-05	8e-05	1e-05	0.0	0.0	0.0	0.0001	0.0	4e-05	1e-05	4e-05	3e-05	3e-05	9e-05	3e-05	6e-05	1e-05	0.00045	6e-05	0.0	7e-05	2e-05	0.0	6e-05	3e-05	0.0	0.0	0.0	0.0	0.0	8e-05	0.00015	0.00013	0.00028	0.00017	0.0001	1e-05	6e-05	6e-05	4e-05	6e-05	7e-05	
1e-05	0.0	2e-05	0.0	0.0001	3e-05	0.0	0.00025	5e-05	0.00016	5e-05	0.00014	0.0	0.00034	0.0	0.0	0.0	2e-05	6e-05	0.0001	0.0001	4e-05	0.00019	1e-05	1e-05	4e-05	0.00021	1e-05	0.0	0.00017	0.00012	0.00023	0.0	0.0	0.0	0.0	0.0	0.0	0.0	0.0	0.0	0.0	0.00028	7e-05	0.0	0.0	0.0	0.0	4e-05	0.00014	0.0001	0.0	0.0	0.0001	6e-05	6e-05	8e-05	1e-05	0.0	0.0	0.0	0.0001	0.0	4e-05	1e-05	4e-05	3e-05	3e-05	9e-05	3e-05	6e-05	1e-05	0.00045	6e-05	0.0	7e-05	2e-05	0.0	6e-05	3e-05	0.0	0.0	0.0	0.0	0.0	8e-05	0.00015	0.00013	0.00028	0.00017	0.0001	1e-05	6e-05	6e-05	4e-05	6e-05	7e-05	
1e-05	0.0	2e-05	0.0	0.0001	3e-05	0.0	0.00025	5e-05	0.00016	5e-05	0.00014	0.0	0.00034	0.0	0.0	0.0	2e-05	6e-05	0.0001	0.0001	4e-05	0.00019	1e-05	1e-05	4e-05	0.00021	1e-05	0.0	0.00017	0.00012	0.00023	0.0	0.0	0.0	0.0	0.0	0.0	0.0	0.0	0.0	0.0	0.00028	7e-05	0.0	0.0	0.0	0.0	4e-05	0.00014	0.0001	0.0	0.0	0.0001	6e-05	6e-05	8e-05	1e-05	0.0	0.0	0.0	0.0001	0.0	4e-05	1e-05	4e-05	3e-05	3e-05	9e-05	3e-05	6e-05	1e-05	0.00045	6e-05	0.0	7e-05	2e-05	0.0	6e-05	3e-05	0.0	0.0	0.0	0.0	0.0	8e-05	0.00015	0.00013	0.00028	0.00017	0.0001	1e-05	6e-05	6e-05	4e-05	6e-05	7e-05	
1e-05	0.0	2e-05	0.0	0.0001	3e-05	0.0	0.00025	5e-05	0.00016	5e-05	0.00014	0.0	0.00034	0.0	0.0	0.0	2e-05	6e-05	0.0001	0.0001	4e-05	0.00019	1e-05	1e-05	4e-05	0.00021	1e-05	0.0	0.00017	0.00012	0.00023	0.0	0.0	0.0	0.0	0.0	0.0	0.0	0.0	0.0	0.0	0.00028	7e-05	0.0	0.0	0.0	0.0	4e-05	0.00014	0.0001	0.0	0.0	0.0001	6e-05	6e-05	8e-05	1e-05	0.0	0.0	0.0	0.0001	0.0	4e-05	1e-05	4e-05	3e-05	3e-05	9e-05	3e-05	6e-05	1e-05	0.00045	6e-05	0.0	7e-05	2e-05	0.0	6e-05	3e-05	0.0	0.0	0.0	0.0	0.0	8e-05	0.00015	0.00013	0.00028	0.00017	0.0001	1e-05	6e-05	6e-05	4e-05	6e-05	7e-05	
1e-05	0.0	2e-05	0.0	0.0001	3e-05	0.0	0.00025	5e-05	0.00016	5e-05	0.00014	0.0	0.00034	0.0	0.0	0.0	2e-05	6e-05	0.0001	0.0001	4e-05	0.00019	1e-05	1e-05	4e-05	0.00021	1e-05	0.0	0.00017	0.00012	0.00023	0.0	0.0	0.0	0.0	0.0	0.0	0.0	0.0	0.0	0.0	0.00028	7e-05	0.0	0.0	0.0	0.0	4e-05	0.00014	0.0001	0.0	0.0	0.0001	6e-05	6e-05	8e-05	1e-05	0.0	0.0	0.0	0.0001	0.0	4e-05	1e-05	4e-05	3e-05	3e-05	9e-05	3e-05	6e-05	1e-05	0.00045	6e-05	0.0	7e-05	2e-05	0.0	6e-05	3e-05	0.0	0.0	0.0	0.0	0.0	8e-05	0.00015	0.00013	0.00028	0.00017	0.0001	1e-05	6e-05	6e-05	4e-05	6e-05	7e-05	
1e-05	0.0	2e-05	0.0	0.0001	3e-05	0.0	0.00025	5e-05	0.00016	5e-05	0.00014	0.0	0.00034	0.0	0.0	0.0	2e-05	6e-05	0.0001	0.0001	4e-05	0.00019	1e-05	1e-05	4e-05	0.00021	1e-05	0.0	0.00017	0.00012	0.00023	0.0	0.0	0.0	0.0	0.0	0.0	0.0	0.0	0.0	0.0	0.00028	7e-05	0.0	0.0	0.0	0.0	4e-05	0.00014	0.0001	0.0	0.0	0.0001	6e-05	6e-05	8e-05	1e-05	0.0	0.0	0.0	0.0001	0.0	4e-05	1e-05	4e-05	3e-05	3e-05	9e-05	3e-05	6e-05	1e-05	0.00045	6e-05	0.0	7e-05	2e-05	0.0	6e-05	3e-05	0.0	0.0	0.0	0.0	0.0	8e-05	0.00015	0.00013	0.00028	0.00017	0.0001	1e-05	6e-05	6e-05	4e-05	6e-05	7e-05	
1e-05	0.0	2e-05	0.0	0.0001	3e-05	0.0	0.00025	5e-05	0.00016	5e-05	0.00014	0.0	0.00034	0.0	0.0	0.0	2e-05	6e-05	0.0001	0.0001	4e-05	0.00019	1e-05	1e-05	4e-05	0.00021	1e-05	0.0	0.00017	0.00012	0.00023	0.0	0.0	0.0	0.0	0.0	0.0	0.0	0.0	0.0	0.0	0.00028	7e-05	0.0	0.0	0.0	0.0	4e-05	0.00014	0.0001	0.0	0.0	0.0001	6e-05	6e-05	8e-05	1e-05	0.0	0.0	0.0	0.0001	0.0	4e-05	1e-05	4e-05	3e-05	3e-05	9e-05	3e-05	6e-05	1e-05	0.00045	6e-05	0.0	7e-05	2e-05	0.0	6e-05	3e-05	0.0	0.0	0.0	0.0	0.0	8e-05	0.00015	0.00013	0.00028	0.00017	0.0001	1e-05	6e-05	6e-05	4e-05	6e-05	7e-05	
1e-05	0.0	2e-05	0.0	0.0001	3e-05	0.0	0.00025	5e-05	0.00016	5e-05	0.00014	0.0	0.00034	0.0	0.0	0.0	2e-05	6e-05	0.0001	0.0001	4e-05	0.00019	1e-05	1e-05	4e-05	0.00021	1e-05	0.0	0.00017	0.00012	0.00023	0.0	0.0	0.0	0.0	0.0	0.0	0.0	0.0	0.0	0.0	0.00028	7e-05	0.0	0.0	0.0	0.0	4e-05	0.00014	0.0001	0.0	0.0	0.0001	6e-05	6e-05	8e-05	1e-05	0.0	0.0	0.0	0.0001	0.0	4e-05	1e-05	4e-05	3e-05	3e-05	9e-05	3e-05	6e-05	1e-05	0.00045	6e-05	0.0	7e-05	2e-05	0.0	6e-05	3e-05	0.0	0.0	0.0	0.0	0.0	8e-05	0.00015	0.00013	0.00028	0.00017	0.0001	1e-05	6e-05	6e-05	4e-05	6e-05	7e-05	
1e-05	0.0	2e-05	0.0	0.0001	3e-05	0.0	0.00025	5e-05	0.00016	5e-05	0.00014	0.0	0.00034	0.0	0.0	0.0	2e-05	6e-05	0.0001	0.0001	4e-05	0.00019	1e-05	1e-05	4e-05	0.00021	1e-05	0.0	0.00017	0.00012	0.00023	0.0	0.0	0.0	0.0	0.0	0.0	0.0	0.0	0.0	0.0	0.00028	7e-05	0.0	0.0	0.0	0.0	4e-05	0.00014	0.0001	0.0	0.0	0.0001	6e-05	6e-05	8e-05	1e-05	0.0	0.0	0.0	0.0001	0.0	4e-05	1e-05	4e-05	3e-05	3e-05	9e-05	3e-05	6e-05	1e-05	0.00045	6e-05	0.0	7e-05	2e-05	0.0	6e-05	3e-05	0.0	0.0	0.0	0.0	0.0	8e-05	0.00015	0.00013	0.00028	0.00017	0.0001	1e-05	6e-05	6e-05	4e-05	6e-05	7e-05	
0.04502	0.03597	0.04319	0.00028	0.00834	0.0621	0.00028	0.00479	0.02531	0.00994	0.01125	0.11829	0.00028	0.00494	0.00028	0.00028	0.00028	0.02571	0.01899	0.01075	0.01061	0.01993	0.01238	0.02496	0.03972	0.01734	0.00669	0.06202	0.0	0.00784	0.01428	0.00587	0.00028	0.00028	0.00028	0.00028	0.00028	0.00028	0.00028	0.00028	0.00028	0.00028	0.0	0.01637	0.00028	0.00028	0.00028	0.00028	0.01304	0.00866	0.01072	0.00028	0.00028	0.01072	0.24713	0.02257	0.23923	0.10762	0.00028	0.00028	0.00028	0.01072	0.00028	0.01138	0.01719	0.01774	0.03768	0.05776	0.01639	0.05781	0.0831	0.04924	0.26533	0.23063	0.00552	0.01303	0.13871	0.0	0.02329	0.05917	0.00028	0.00028	0.00028	0.00028	0.00028	0.02576	0.01181	0.00855	0.00481	0.00932	0.01072	0.07011	0.01717	0.0155	0.17101	0.02866	0.01269	
0.18888	0.17283	0.21567	7e-05	0.02262	0.08761	7e-05	0.01041	0.08857	0.27313	0.26704	0.05418	7e-05	0.01072	7e-05	7e-05	7e-05	0.09124	0.29182	0.2288	0.23182	0.5743	0.05859	0.26337	0.12391	0.05917	0.01586	0.18084	0.0	0.02075	0.04079	0.01342	7e-05	7e-05	7e-05	7e-05	7e-05	7e-05	7e-05	7e-05	7e-05	7e-05	0.01637	0.0	7e-05	7e-05	7e-05	7e-05	0.18349	0.02213	0.31614	7e-05	7e-05	0.31614	0.01936	0.45496	0.58745	0.0997	7e-05	7e-05	7e-05	0.31614	7e-05	0.26328	0.19827	0.17117	0.02806	0.03462	0.08168	0.21071	0.03504	0.32853	0.02212	0.16757	0.08059	0.20137	0.05851	0.0	0.45353	0.05915	7e-05	7e-05	7e-05	7e-05	7e-05	0.08537	0.14604	0.02179	0.01042	0.02429	0.31614	0.1959	0.77958	0.2062	0.1252	0.17268	0.03845	
1e-05	0.0	2e-05	0.0	0.0001	3e-05	0.0	0.00025	5e-05	0.00016	5e-05	0.00014	0.0	0.00034	0.0	0.0	0.0	2e-05	6e-05	0.0001	0.0001	4e-05	0.00019	1e-05	1e-05	4e-05	0.00021	1e-05	0.0	0.00017	0.00012	0.00023	0.0	0.0	0.0	0.0	0.0	0.0	0.0	0.0	0.0	0.0	0.00028	7e-05	0.0	0.0	0.0	0.0	4e-05	0.00014	0.0001	0.0	0.0	0.0001	6e-05	6e-05	8e-05	1e-05	0.0	0.0	0.0	0.0001	0.0	4e-05	1e-05	4e-05	3e-05	3e-05	9e-05	3e-05	6e-05	1e-05	0.00045	6e-05	0.0	7e-05	2e-05	0.0	6e-05	3e-05	0.0	0.0	0.0	0.0	0.0	8e-05	0.00015	0.00013	0.00028	0.00017	0.0001	1e-05	6e-05	6e-05	4e-05	6e-05	7e-05	
1e-05	0.0	2e-05	0.0	0.0001	3e-05	0.0	0.00025	5e-05	0.00016	5e-05	0.00014	0.0	0.00034	0.0	0.0	0.0	2e-05	6e-05	0.0001	0.0001	4e-05	0.00019	1e-05	1e-05	4e-05	0.00021	1e-05	0.0	0.00017	0.00012	0.00023	0.0	0.0	0.0	0.0	0.0	0.0	0.0	0.0	0.0	0.0	0.00028	7e-05	0.0	0.0	0.0	0.0	4e-05	0.00014	0.0001	0.0	0.0	0.0001	6e-05	6e-05	8e-05	1e-05	0.0	0.0	0.0	0.0001	0.0	4e-05	1e-05	4e-05	3e-05	3e-05	9e-05	3e-05	6e-05	1e-05	0.00045	6e-05	0.0	7e-05	2e-05	0.0	6e-05	3e-05	0.0	0.0	0.0	0.0	0.0	8e-05	0.00015	0.00013	0.00028	0.00017	0.0001	1e-05	6e-05	6e-05	4e-05	6e-05	7e-05	
1e-05	0.0	2e-05	0.0	0.0001	3e-05	0.0	0.00025	5e-05	0.00016	5e-05	0.00014	0.0	0.00034	0.0	0.0	0.0	2e-05	6e-05	0.0001	0.0001	4e-05	0.00019	1e-05	1e-05	4e-05	0.00021	1e-05	0.0	0.00017	0.00012	0.00023	0.0	0.0	0.0	0.0	0.0	0.0	0.0	0.0	0.0	0.0	0.00028	7e-05	0.0	0.0	0.0	0.0	4e-05	0.00014	0.0001	0.0	0.0	0.0001	6e-05	6e-05	8e-05	1e-05	0.0	0.0	0.0	0.0001	0.0	4e-05	1e-05	4e-05	3e-05	3e-05	9e-05	3e-05	6e-05	1e-05	0.00045	6e-05	0.0	7e-05	2e-05	0.0	6e-05	3e-05	0.0	0.0	0.0	0.0	0.0	8e-05	0.00015	0.00013	0.00028	0.00017	0.0001	1e-05	6e-05	6e-05	4e-05	6e-05	7e-05	
1e-05	0.0	2e-05	0.0	0.0001	3e-05	0.0	0.00025	5e-05	0.00016	5e-05	0.00014	0.0	0.00034	0.0	0.0	0.0	2e-05	6e-05	0.0001	0.0001	4e-05	0.00019	1e-05	1e-05	4e-05	0.00021	1e-05	0.0	0.00017	0.00012	0.00023	0.0	0.0	0.0	0.0	0.0	0.0	0.0	0.0	0.0	0.0	0.00028	7e-05	0.0	0.0	0.0	0.0	4e-05	0.00014	0.0001	0.0	0.0	0.0001	6e-05	6e-05	8e-05	1e-05	0.0	0.0	0.0	0.0001	0.0	4e-05	1e-05	4e-05	3e-05	3e-05	9e-05	3e-05	6e-05	1e-05	0.00045	6e-05	0.0	7e-05	2e-05	0.0	6e-05	3e-05	0.0	0.0	0.0	0.0	0.0	8e-05	0.00015	0.00013	0.00028	0.00017	0.0001	1e-05	6e-05	6e-05	4e-05	6e-05	7e-05	
0.18124	0.12688	0.06895	4e-05	0.01873	0.05485	4e-05	0.0081	0.05634	0.43496	0.02812	0.05053	4e-05	0.00835	4e-05	4e-05	4e-05	0.1637	0.2166	0.36823	0.37295	0.19325	0.02321	0.1205	0.13727	0.24728	0.01261	0.13112	0.0	0.01708	0.08515	0.01057	4e-05	4e-05	4e-05	4e-05	4e-05	4e-05	4e-05	4e-05	4e-05	4e-05	0.01304	0.18349	4e-05	4e-05	4e-05	4e-05	0.0	0.01795	0.02406	4e-05	4e-05	0.02406	0.08906	0.14222	0.14849	0.08242	4e-05	4e-05	4e-05	0.02406	4e-05	0.02871	0.0476	0.30744	0.14706	0.16283	0.04231	0.09731	0.07155	0.12586	0.0168	0.3144	0.03821	0.41155	0.09437	0.0	0.14246	0.08716	4e-05	4e-05	4e-05	4e-05	4e-05	0.05393	0.29566	0.01766	0.0081	0.01982	0.02406	0.08735	0.32257	0.33821	0.15932	0.25287	0.08494	
0.00991	0.03238	0.00682	0.00014	0.01093	0.00548	0.00014	0.00584	0.00959	0.01293	0.01509	0.02336	0.00014	0.00601	0.00014	0.00014	0.00014	0.01648	0.02645	0.16362	0.01416	0.02784	0.01535	0.03545	0.05657	0.02403	0.0084	0.02345	0.0	0.25958	0.05999	0.00728	0.00014	0.00014	0.00014	0.00014	0.00014	0.00014	0.00014	0.00014	0.00014	0.00014	0.00866	0.02213	0.00014	0.00014	0.00014	0.00014	0.01795	0.0	0.01406	0.00014	0.00014	0.01406	0.03244	0.03319	0.13081	0.10124	0.00014	0.00014	0.00014	0.01406	0.00014	0.0153	0.02382	0.02473	0.01184	0.05781	0.02215	0.03366	0.0353	0.04169	0.37264	0.02194	0.00526	0.01776	0.20231	0.0	0.03184	0.01861	0.00014	0.00014	0.00014	0.00014	0.00014	0.00857	0.01559	0.011	0.00585	0.01207	0.01406	0.02661	0.02432	0.02442	0.03856	0.02715	0.01716	
0.29743	0.17465	0.34798	0.0001	0.014	0.04771	0.0001	0.00706	0.0482	0.01647	0.71795	0.24453	0.0001	0.00727	0.0001	0.0001	0.0001	0.05047	0.21154	0.01876	0.01844	0.19974	0.43803	0.1186	0.06449	0.03242	0.01039	0.19332	0.0	0.01298	0.02454	0.00892	0.0001	0.0001	0.0001	0.0001	0.0001	0.0001	0.0001	0.0001	0.0001	0.0001	0.01072	0.31614	0.0001	0.0001	0.0001	0.0001	0.02406	0.01406	0.0	0.0001	0.0001	0.99977	0.11689	0.20178	0.2037	0.22928	0.0001	0.0001	0.0001	0.99977	0.0001	0.69863	0.41429	0.03363	0.07507	0.11912	0.31603	0.41344	0.20482	0.14177	0.0146	0.02978	0.0	0.02358	0.03224	0.0	0.20092	0.12339	0.0001	0.0001	0.0001	0.0001	0.0001	0.04778	0.02009	0.01386	0.00707	0.0153	0.99977	0.34971	0.53238	0.02779	0.13004	0.14043	0.02261	
1e-05	0.0	2e-05	0.0	0.0001	3e-05	0.0	0.00025	5e-05	0.00016	5e-05	0.00014	0.0	0.00034	0.0	0.0	0.0	2e-05	6e-05	0.0001	0.0001	4e-05	0.00019	1e-05	1e-05	4e-05	0.00021	1e-05	0.0	0.00017	0.00012	0.00023	0.0	0.0	0.0	0.0	0.0	0.0	0.0	0.0	0.0	0.0	0.00028	7e-05	0.0	0.0	0.0	0.0	4e-05	0.00014	0.0001	0.0	0.0	0.0001	6e-05	6e-05	8e-05	1e-05	0.0	0.0	0.0	0.0001	0.0	4e-05	1e-05	4e-05	3e-05	3e-05	9e-05	3e-05	6e-05	1e-05	0.00045	6e-05	0.0	7e-05	2e-05	0.0	6e-05	3e-05	0.0	0.0	0.0	0.0	0.0	8e-05	0.00015	0.00013	0.00028	0.00017	0.0001	1e-05	6e-05	6e-05	4e-05	6e-05	7e-05	
1e-05	0.0	2e-05	0.0	0.0001	3e-05	0.0	0.00025	5e-05	0.00016	5e-05	0.00014	0.0	0.00034	0.0	0.0	0.0	2e-05	6e-05	0.0001	0.0001	4e-05	0.00019	1e-05	1e-05	4e-05	0.00021	1e-05	0.0	0.00017	0.00012	0.00023	0.0	0.0	0.0	0.0	0.0	0.0	0.0	0.0	0.0	0.0	0.00028	7e-05	0.0	0.0	0.0	0.0	4e-05	0.00014	0.0001	0.0	0.0	0.0001	6e-05	6e-05	8e-05	1e-05	0.0	0.0	0.0	0.0001	0.0	4e-05	1e-05	4e-05	3e-05	3e-05	9e-05	3e-05	6e-05	1e-05	0.00045	6e-05	0.0	7e-05	2e-05	0.0	6e-05	3e-05	0.0	0.0	0.0	0.0	0.0	8e-05	0.00015	0.00013	0.00028	0.00017	0.0001	1e-05	6e-05	6e-05	4e-05	6e-05	7e-05	
0.29743	0.17465	0.34798	0.0001	0.014	0.04771	0.0001	0.00706	0.0482	0.01647	0.71795	0.24453	0.0001	0.00727	0.0001	0.0001	0.0001	0.05047	0.21154	0.01876	0.01844	0.19974	0.43803	0.1186	0.06449	0.03242	0.01039	0.19332	0.0	0.01298	0.02454	0.00892	0.0001	0.0001	0.0001	0.0001	0.0001	0.0001	0.0001	0.0001	0.0001	0.0001	0.01072	0.31614	0.0001	0.0001	0.0001	0.0001	0.02406	0.01406	0.99977	0.0001	0.0001	0.0	0.11689	0.20178	0.2037	0.22928	0.0001	0.0001	0.0001	0.99977	0.0001	0.69863	0.41429	0.03363	0.07507	0.11912	0.31603	0.41344	0.20482	0.14177	0.0146	0.02978	0.0	0.02358	0.03224	0.0	0.20092	0.12339	0.0001	0.0001	0.0001	0.0001	0.0001	0.04778	0.02009	0.01386	0.00707	0.0153	0.99977	0.34971	0.53238	0.02779	0.13004	0.14043	0.02261	
0.13082	0.27791	0.32693	6e-05	0.08814	0.11211	6e-05	0.03496	0.17319	0.04803	0.14308	0.11437	6e-05	0.0361	6e-05	6e-05	6e-05	0.22147	0.02399	0.06042	0.0686	0.03565	0.0388	0.08528	0.12667	0.1282	0.05618	0.21785	0.0	0.05951	0.06353	0.02268	6e-05	6e-05	6e-05	6e-05	6e-05	6e-05	6e-05	6e-05	6e-05	6e-05	0.24713	0.01936	6e-05	6e-05	6e-05	6e-05	0.08906	0.03244	0.11689	6e-05	6e-05	0.11689	0.0	0.01252	0.19681	0.20717	6e-05	6e-05	6e-05	0.11689	6e-05	0.11616	0.10577	0.14253	0.12429	0.06779	0.01948	0.13642	0.07948	0.08468	0.14695	0.24206	0.01015	0.04292	0.19898	0.0	0.01501	0.35177	6e-05	6e-05	6e-05	6e-05	6e-05	0.16446	0.01103	0.0388	0.03495	0.09308	0.11689	0.18864	0.12974	0.0935	0.19889	0.08134	0.07682	
0.19436	0.36075	0.22233	6e-05	0.03173	0.13714	6e-05	0.01407	0.12056	0.17676	0.18054	0.03864	6e-05	0.01456	6e-05	6e-05	6e-05	0.04001	0.11874	0.1583	0.15939	0.32229	0.14357	0.51633	0.17795	0.04019	0.02171	0.20378	0.0	0.06905	0.05007	0.01834	6e-05	6e-05	6e-05	6e-05	6e-05	6e-05	6e-05	6e-05	6e-05	6e-05	0.02257	0.45496	6e-05	6e-05	6e-05	6e-05	0.14222	0.03319	0.20178	6e-05	6e-05	0.20178	0.01252	0.0	0.41059	0.07903	6e-05	6e-05	6e-05	0.20178	6e-05	0.1791	0.2023	0.14834	0.05072	0.0887	0.03635	0.18407	0.12188	0.32002	0.08188	0.15054	0.02932	0.15098	0.08218	0.0	1.00133	0.0753	6e-05	6e-05	6e-05	6e-05	6e-05	0.11318	0.0838	0.13961	0.01406	0.03388	0.20178	0.12136	0.37557	0.2974	0.19962	0.08545	0.03408	
0.20074	0.22222	0.21685	8e-05	0.02496	0.11972	8e-05	0.01044	0.11797	0.176	0.1869	0.2287	8e-05	0.01076	8e-05	8e-05	8e-05	0.11966	0.23105	0.16182	0.16268	0.43008	0.04499	0.23717	0.14128	0.0625	0.01643	0.29384	0.0	0.18262	0.10604	0.01371	8e-05	8e-05	8e-05	8e-05	8e-05	8e-05	8e-05	8e-05	8e-05	8e-05	0.23923	0.58745	8e-05	8e-05	8e-05	8e-05	0.14849	0.13081	0.2037	8e-05	8e-05	0.2037	0.19681	0.41059	0.0	0.15575	8e-05	8e-05	8e-05	0.2037	8e-05	0.1857	0.16864	0.15375	0.07308	0.08673	0.06893	0.23581	0.07933	0.33652	0.33883	0.29857	0.03788	0.15584	0.18887	0.0	0.32057	0.12096	8e-05	8e-05	8e-05	8e-05	8e-05	0.11409	0.10334	0.02329	0.01045	0.02623	0.2037	0.25027	0.64234	0.20985	0.24182	0.19501	0.04506	
0.34822	0.14568	0.20324	1e-05	0.09555	0.12675	1e-05	0.0616	0.10345	0.03075	0.26778	0.0829	1e-05	0.01131	1e-05	1e-05	1e-05	0.09108	0.10859	0.14955	0.0379	0.18837	0.0613	0.10328	0.03788	0.05856	0.09683	0.12094	0.0	0.02425	0.04776	0.01447	1e-05	1e-05	1e-05	1e-05	1e-05	1e-05	1e-05	1e-05	1e-05	1e-05	0.10762	0.0997	1e-05	1e-05	1e-05	1e-05	0.08242	0.10124	0.22928	1e-05	1e-05	0.22928	0.20717	0.07903	0.15575	0.0	1e-05	1e-05	1e-05	0.22928	1e-05	0.21113	0.19773	0.06628	0.10605	0.18843	0.09969	0.28619	0.23673	0.09318	0.02346	0.12272	0.08197	0.0533	0.32582	0.0	0.07959	0.18372	1e-05	1e-05	1e-05	1e-05	1e-05	0.05663	0.03951	0.02483	0.01097	0.04799	0.22928	0.23742	0.20955	0.06434	0.14438	0.12143	0.05263	
1e-05	0.0	2e-05	0.0	0.0001	3e-05	0.0	0.00025	5e-05	0.00016	5e-05	0.00014	0.0	0.00034	0.0	0.0	0.0	2e-05	6e-05	0.0001	0.0001	4e-05	0.00019	1e-05	1e-05	4e-05	0.00021	1e-05	0.0	0.00017	0.00012	0.00023	0.0	0.0	0.0	0.0	0.0	0.0	0.0	0.0	0.0	0.0	0.00028	7e-05	0.0	0.0	0.0	0.0	4e-05	0.00014	0.0001	0.0	0.0	0.0001	6e-05	6e-05	8e-05	1e-05	0.0	0.0	0.0	0.0001	0.0	4e-05	1e-05	4e-05	3e-05	3e-05	9e-05	3e-05	6e-05	1e-05	0.00045	6e-05	0.0	7e-05	2e-05	0.0	6e-05	3e-05	0.0	0.0	0.0	0.0	0.0	8e-05	0.00015	0.00013	0.00028	0.00017	0.0001	1e-05	6e-05	6e-05	4e-05	6e-05	7e-05	
1e-05	0.0	2e-05	0.0	0.0001	3e-05	0.0	0.00025	5e-05	0.00016	5e-05	0.00014	0.0	0.00034	0.0	0.0	0.0	2e-05	6e-05	0.0001	0.0001	4e-05	0.00019	1e-05	1e-05	4e-05	0.00021	1e-05	0.0	0.00017	0.00012	0.00023	0.0	0.0	0.0	0.0	0.0	0.0	0.0	0.0	0.0	0.0	0.00028	7e-05	0.0	0.0	0.0	0.0	4e-05	0.00014	0.0001	0.0	0.0	0.0001	6e-05	6e-05	8e-05	1e-05	0.0	0.0	0.0	0.0001	0.0	4e-05	1e-05	4e-05	3e-05	3e-05	9e-05	3e-05	6e-05	1e-05	0.00045	6e-05	0.0	7e-05	2e-05	0.0	6e-05	3e-05	0.0	0.0	0.0	0.0	0.0	8e-05	0.00015	0.00013	0.00028	0.00017	0.0001	1e-05	6e-05	6e-05	4e-05	6e-05	7e-05	
1e-05	0.0	2e-05	0.0	0.0001	3e-05	0.0	0.00025	5e-05	0.00016	5e-05	0.00014	0.0	0.00034	0.0	0.0	0.0	2e-05	6e-05	0.0001	0.0001	4e-05	0.00019	1e-05	1e-05	4e-05	0.00021	1e-05	0.0	0.00017	0.00012	0.00023	0.0	0.0	0.0	0.0	0.0	0.0	0.0	0.0	0.0	0.0	0.00028	7e-05	0.0	0.0	0.0	0.0	4e-05	0.00014	0.0001	0.0	0.0	0.0001	6e-05	6e-05	8e-05	1e-05	0.0	0.0	0.0	0.0001	0.0	4e-05	1e-05	4e-05	3e-05	3e-05	9e-05	3e-05	6e-05	1e-05	0.00045	6e-05	0.0	7e-05	2e-05	0.0	6e-05	3e-05	0.0	0.0	0.0	0.0	0.0	8e-05	0.00015	0.00013	0.00028	0.00017	0.0001	1e-05	6e-05	6e-05	4e-05	6e-05	7e-05	
