0.0	0.04742	0.08742	0.04681	0.01905	1e-05	1e-05	0.0011	0.00028	0.01493	0.00166	0.0418	0.01125	1e-05	0.00382	0.02609	0.07138	0.02549	0.00402	0.0	0.01549	6e-05	0.00276	0.00369	0.00033	0.00136	0.01143	0.00536	0.00703	0.0359	0.00066	0.00056	0.01483	0.02818	0.00991	0.00065	0.11569	0.00054	0.00022	0.00013	0.00068	0.01637	0.00041	0.0193	0.00513	0.00585	0.00135	
0.04742	0.0	0.70799	0.01686	0.05619	2e-05	2e-05	0.0515	0.06872	0.03033	0.00321	0.05449	0.00238	2e-05	0.02711	0.04135	0.01405	0.00722	0.02988	0.0	0.01123	5e-05	0.01802	0.24078	0.0131	0.02	0.014	0.01991	0.00207	0.0351	0.04264	4e-05	0.0044	0.01511	0.31479	0.01345	0.00031	0.00486	0.02042	0.02123	0.00705	0.04472	0.02055	0.04105	5e-05	0.05179	0.00501	
0.08742	0.70799	0.0	0.04016	0.05203	1e-05	1e-05	1e-05	0.00091	0.08304	0.04293	0.09545	0.04759	1e-05	0.0195	0.00045	0.00496	0.00486	0.00295	0.0	0.00531	8e-05	0.08137	0.05446	0.00533	0.00218	0.00107	0.00465	0.02066	0.02533	0.00723	0.00487	0.00226	0.00459	0.09739	0.03776	0.00151	0.01827	0.01013	0.00225	0.0076	0.00012	0.01325	0.00247	0.00523	0.00029	0.01519	
0.04681	0.01686	0.04016	0.0	0.18433	1e-05	1e-05	0.00408	0.01674	0.11829	0.01867	0.0118	0.0758	1e-05	0.00234	0.01337	0.03156	0.00731	0.0426	6e-05	0.00484	9e-05	0.00315	0.00433	0.00676	0.00937	0.00025	6e-05	0.01431	0.00155	0.02121	0.00326	0.0014	0.00104	0.00812	0.01416	0.00461	0.01191	0.0	0.01712	0.00226	0.00353	0.01662	0.00314	0.01297	0.0	0.0046	
0.01905	0.05619	0.05203	0.18433	0.0	2e-05	2e-05	0.03603	0.00043	0.01425	0.0346	0.03637	0.00851	2e-05	0.00907	0.04403	0.05496	0.06569	0.04233	0.0	0.0	6e-05	0.09233	0.00047	0.09229	0.17075	0.01902	0.0077	0.00033	0.00241	0.00698	0.00563	0.01476	0.00079	0.12845	0.00145	0.01458	0.01427	0.00745	0.00891	0.00127	0.00176	0.0177	0.00196	0.00264	0.00345	0.18278	
1e-05	2e-05	1e-05	1e-05	2e-05	0.0	0.0	0.0	2e-05	0.0	0.0	0.0	0.0	0.0	0.0	0.0	0.0	2e-05	0.0	0.0	0.0	6e-05	1e-05	0.0	3e-05	0.0	3e-05	0.0	0.0	0.0	0.0	0.0	0.0	1e-05	0.0	0.0	1e-05	0.0	0.0	0.0	5e-05	0.0	1e-05	1e-05	0.0	0.0	7e-05	
1e-05	2e-05	1e-05	1e-05	2e-05	0.0	0.0	0.0	2e-05	0.0	0.0	0.0	0.0	0.0	0.0	0.0	0.0	2e-05	0.0	0.0	0.0	6e-05	1e-05	0.0	3e-05	0.0	3e-05	0.0	0.0	0.0	0.0	0.0	0.0	1e-05	0.0	0.0	1e-05	0.0	0.0	0.0	5e-05	0.0	1e-05	1e-05	0.0	0.0	7e-05	
0.0011	0.0515	1e-05	0.00408	0.03603	0.0	0.0	0.0	0.01571	0.07026	0.00541	0.00475	0.06884	0.0	0.09288	0.00056	0.01033	0.01239	0.0	0.0	0.0	9e-05	0.01697	0.06191	0.00471	0.0021	0.01088	0.0017	0.01433	0.0001	0.01022	0.01417	0.03485	0.02496	0.00882	0.01835	0.03028	0.00034	0.00111	0.01034	0.00248	0.00518	0.00854	0.0028	0.00216	0.01078	0.03299	
0.00028	0.06872	0.00091	0.01674	0.00043	2e-05	2e-05	0.01571	0.0	0.04505	2e-05	0.00157	0.0024	2e-05	0.03332	0.01999	0.24732	0.0	0.00561	2e-05	2e-05	0.0002	0.00108	0.23451	0.01659	0.04453	0.00031	0.04264	0.00141	0.0013	0.00378	0.0344	0.00054	0.0078	0.00564	0.00834	0.06272	0.01982	0.00968	0.0152	0.00532	0.01651	0.04107	0.08416	0.00074	0.01408	0.08225	
0.01493	0.03033	0.08304	0.11829	0.01425	0.0	0.0	0.07026	0.04505	0.0	0.0	0.06699	0.01658	0.0	0.01291	0.04019	0.0	0.02066	0.00255	0.0	0.0	0.00019	0.00519	0.00347	0.29137	0.00065	0.00064	0.00638	0.01985	0.00762	0.02173	5e-05	0.00014	0.00251	0.00129	0.01049	0.00353	0.00989	0.01757	0.01777	0.04115	1e-05	0.00013	0.02443	3e-05	0.0011	0.0105	
0.00166	0.00321	0.04293	0.01867	0.0346	0.0	0.0	0.00541	2e-05	0.0	0.0	0.6184	0.0038	0.0	0.0186	0.0	0.07519	0.00916	0.0	0.0	0.0	7e-05	0.00349	0.00118	0.01805	0.01563	0.00099	0.00012	0.00011	0.0009	0.00082	0.00022	0.01626	0.00118	0.00587	0.00129	0.00017	0.00227	0.00589	0.00338	0.00993	0.00318	0.0006	0.0142	0.00011	0.00015	0.01405	
0.0418	0.05449	0.09545	0.0118	0.03637	0.0	0.0	0.00475	0.00157	0.06699	0.6184	0.0	0.82402	0.0	0.00858	0.00216	0.01661	0.03162	0.00117	0.0	0.0	7e-05	0.16037	0.01649	0.00513	0.1182	0.02718	0.01924	0.00995	0.01292	0.00125	0.00082	0.00579	0.0027	0.0978	0.03298	0.02094	0.04654	0.01258	0.01983	0.01873	0.00787	0.11397	5e-05	0.00281	0.00487	0.23422	
0.01125	0.00238	0.04759	0.0758	0.00851	0.0	0.0	0.06884	0.0024	0.01658	0.0038	0.82402	0.0	0.0	0.05532	0.17523	0.10715	0.0005	0.01473	0.0	0.0	0.00016	0.00336	0.00028	0.18239	0.01245	0.00145	0.00591	0.00049	1e-05	0.0084	0.00264	0.01528	0.00296	0.00105	0.00137	0.00135	0.0019	0.00756	0.00091	0.04462	0.00865	0.00143	0.00021	0.00225	0.0001	0.00029	
1e-05	2e-05	1e-05	1e-05	2e-05	0.0	0.0	0.0	2e-05	0.0	0.0	0.0	0.0	0.0	0.0	0.0	0.0	2e-05	0.0	0.0	0.0	6e-05	1e-05	0.0	3e-05	0.0	3e-05	0.0	0.0	0.0	0.0	0.0	0.0	1e-05	0.0	0.0	1e-05	0.0	0.0	0.0	5e-05	0.0	1e-05	1e-05	0.0	0.0	7e-05	
0.00382	0.02711	0.0195	0.00234	0.00907	0.0	0.0	0.09288	0.03332	0.01291	0.0186	0.00858	0.05532	0.0	0.0	0.07658	0.04087	0.02133	0.01409	0.0	0.01212	6e-05	0.00882	0.15439	0.00616	0.02417	0.97732	0.1849	0.00101	0.00472	0.05051	0.00035	0.00485	0.06207	0.04729	0.0208	0.01105	0.02145	0.05094	0.01172	0.00078	0.01081	0.00092	0.0003	0.00099	0.00132	0.00085	
0.02609	0.04135	0.00045	0.01337	0.04403	0.0	0.0	0.00056	0.01999	0.04019	0.0	0.00216	0.17523	0.0	0.07658	0.0	0.14212	0.05666	0.0	0.0	0.00162	0.0	0.02103	0.00608	3e-05	0.01836	0.00091	0.00543	0.00071	1e-05	0.0014	0.00183	0.00386	0.00327	0.00542	0.00052	0.00122	0.0004	0.02092	0.0107	0.00288	0.00848	7e-05	0.00187	0.00072	0.00784	7e-05	
0.07138	0.01405	0.00496	0.03156	0.05496	0.0	0.0	0.01033	0.24732	0.0	0.07519	0.01661	0.10715	0.0	0.04087	0.14212	0.0	0.0	0.00932	1e-05	0.00035	0.0151	0.00274	0.00781	0.00031	0.01526	0.00024	0.00033	0.0067	0.00086	0.00012	0.01087	0.00041	0.01345	0.0126	0.00105	0.00087	0.00301	0.00139	0.05125	0.00124	0.01481	0.01019	0.00028	0.0	0.00027	0.03942	
0.02549	0.00722	0.00486	0.00731	0.06569	2e-05	2e-05	0.01239	0.0	0.02066	0.00916	0.03162	0.0005	2e-05	0.02133	0.05666	0.0	0.0	0.02591	1e-05	0.00032	0.09242	0.00095	0.00327	0.00299	0.03676	0.00369	0.00151	0.00018	0.00074	0.0086	0.00041	0.00432	0.01412	0.01532	0.00128	0.03446	0.01105	0.00514	0.00284	0.02256	0.02921	0.02575	0.04976	0.00067	0.00801	0.11812	
0.00402	0.02988	0.00295	0.0426	0.04233	0.0	0.0	0.0	0.00561	0.00255	0.0	0.00117	0.01473	0.0	0.01409	0.0	0.00932	0.02591	0.0	0.0	0.00013	0.00072	0.0022	0.00216	0.16675	0.00496	0.00116	0.0066	0.00753	0.01065	0.00061	0.00268	0.00391	0.04428	0.02208	0.0	0.02982	0.01053	0.01588	0.02869	0.01806	0.00311	0.004	0.01379	0.00129	0.00075	0.04026	
0.0	0.0	0.0	6e-05	0.0	0.0	0.0	0.0	2e-05	0.0	0.0	0.0	0.0	0.0	0.0	0.0	1e-05	1e-05	0.0	0.0	0.0	0.0	0.0	1e-05	0.0	2e-05	0.0	1e-05	0.0	1e-05	0.0	0.0	0.0	0.0	0.0	0.0	1e-05	3e-05	0.0	1e-05	0.0	3e-05	0.0	0.0	0.0	2e-05	6e-05	
0.01549	0.01123	0.00531	0.00484	0.0	0.0	0.0	0.0	2e-05	0.0	0.0	0.0	0.0	0.0	0.01212	0.00162	0.00035	0.00032	0.00013	0.0	0.0	1e-05	0.0	0.01107	0.0716	0.00548	0.00104	0.00021	0.00445	7e-05	0.00499	0.00301	0.00557	0.00249	0.0043	0.00089	0.00068	0.00075	0.00114	0.00062	0.0007	0.00035	0.00111	0.00018	0.00527	0.00038	1e-05	
6e-05	5e-05	8e-05	9e-05	6e-05	6e-05	6e-05	9e-05	0.0002	0.00019	7e-05	7e-05	0.00016	6e-05	6e-05	0.0	0.0151	0.09242	0.00072	0.0	1e-05	0.0	4e-05	2e-05	0.00014	1e-05	0.0	2e-05	0.00112	0.00139	0.00044	9e-05	0.00013	2e-05	0.00015	0.00156	3e-05	0.0	3e-05	0.00596	0.0	5e-05	0.0013	1e-05	0.00041	0.00172	0.00284	
0.00276	0.01802	0.08137	0.00315	0.09233	1e-05	1e-05	0.01697	0.00108	0.00519	0.00349	0.16037	0.00336	1e-05	0.00882	0.02103	0.00274	0.00095	0.0022	0.0	0.0	4e-05	0.0	0.01036	0.00946	0.00286	0.00568	4e-05	0.0006	0.00902	0.01631	0.00336	0.03273	0.00118	0.02468	0.00049	0.00812	0.00651	0.00021	0.0016	0.0002	0.0	0.00029	0.00787	0.16897	0.00082	0.00779	
0.00369	0.24078	0.05446	0.00433	0.00047	0.0	0.0	0.06191	0.23451	0.00347	0.00118	0.01649	0.00028	0.0	0.15439	0.00608	0.00781	0.00327	0.00216	1e-05	0.01107	2e-05	0.01036	0.0	0.00167	0.11912	0.04952	0.015	0.00054	0.00606	0.00351	0.00201	0.02055	0.0	0.00084	0.00349	0.09096	0.0894	0.00614	0.04538	0.00013	0.0253	0.14703	0.02135	0.00178	0.00331	0.36006	
0.00033	0.0131	0.00533	0.00676	0.09229	3e-05	3e-05	0.00471	0.01659	0.29137	0.01805	0.00513	0.18239	3e-05	0.00616	3e-05	0.00031	0.00299	0.16675	0.0	0.0716	0.00014	0.00946	0.00167	0.0	0.00012	0.06988	0.04715	0.13809	0.03127	0.04048	0.00683	0.04208	0.00019	0.00389	0.00015	0.0165	0.02744	0.00469	0.00181	0.1253	0.01123	0.00205	0.06009	0.00636	0.00559	0.0	
0.00136	0.02	0.00218	0.00937	0.17075	0.0	0.0	0.0021	0.04453	0.00065	0.01563	0.1182	0.01245	0.0	0.02417	0.01836	0.01526	0.03676	0.00496	2e-05	0.00548	1e-05	0.00286	0.11912	0.00012	0.0	0.02372	0.01756	0.01795	0.02251	0.04134	0.02102	0.00337	0.00518	0.01063	0.04538	0.04944	0.01075	0.00072	0.00228	0.00262	0.00717	0.01769	0.06398	0.00643	0.01867	0.18154	
0.01143	0.014	0.00107	0.00025	0.01902	3e-05	3e-05	0.01088	0.00031	0.00064	0.00099	0.02718	0.00145	3e-05	0.97732	0.00091	0.00024	0.00369	0.00116	0.0	0.00104	0.0	0.00568	0.04952	0.06988	0.02372	0.0	0.01912	0.0066	0.00502	0.03405	0.02364	0.00677	0.00536	0.02963	7e-05	0.00739	0.02132	0.05636	0.18014	0.00049	0.00849	0.01139	0.01166	0.00495	0.0005	0.02823	
0.00536	0.01991	0.00465	6e-05	0.0077	0.0	0.0	0.0017	0.04264	0.00638	0.00012	0.01924	0.00591	0.0	0.1849	0.00543	0.00033	0.00151	0.0066	1e-05	0.00021	2e-05	4e-05	0.015	0.04715	0.01756	0.01912	0.0	0.00072	0.00026	0.00996	0.00052	0.01717	0.0183	1e-05	0.00474	0.03974	0.01986	0.0032	0.00782	2e-05	0.00639	0.02601	0.04501	0.11415	0.0012	0.00351	
0.00703	0.00207	0.02066	0.01431	0.00033	0.0	0.0	0.01433	0.00141	0.01985	0.00011	0.00995	0.00049	0.0	0.00101	0.00071	0.0067	0.00018	0.00753	0.0	0.00445	0.00112	0.0006	0.00054	0.13809	0.01795	0.0066	0.00072	0.0	0.00022	0.0336	0.00114	0.00015	0.00425	0.00699	0.00402	0.01704	0.00627	0.01536	0.00016	0.00983	0.00329	0.04759	0.02335	0.00051	0.01686	0.00483	
0.0359	0.0351	0.02533	0.00155	0.00241	0.0	0.0	0.0001	0.0013	0.00762	0.0009	0.01292	1e-05	0.0	0.00472	1e-05	0.00086	0.00074	0.01065	1e-05	7e-05	0.00139	0.00902	0.00606	0.03127	0.02251	0.00502	0.00026	0.00022	0.0	0.01576	0.00568	0.00076	3e-05	0.03279	0.0067	0.00331	0.01518	0.00024	0.00011	0.00208	0.00826	0.0353	0.06325	0.00073	0.06182	0.0002	
0.00066	0.04264	0.00723	0.02121	0.00698	0.0	0.0	0.01022	0.00378	0.02173	0.00082	0.00125	0.0084	0.0	0.05051	0.0014	0.00012	0.0086	0.00061	0.0	0.00499	0.00044	0.01631	0.00351	0.04048	0.04134	0.03405	0.00996	0.0336	0.01576	0.0	0.00538	0.01315	0.00047	0.02507	0.00254	0.00367	0.0376	0.05014	0.00599	0.00073	0.04015	0.00069	0.00129	0.00123	0.00315	0.00395	
0.00056	4e-05	0.00487	0.00326	0.00563	0.0	0.0	0.01417	0.0344	5e-05	0.00022	0.00082	0.00264	0.0	0.00035	0.00183	0.01087	0.00041	0.00268	0.0	0.00301	9e-05	0.00336	0.00201	0.00683	0.02102	0.02364	0.00052	0.00114	0.00568	0.00538	0.0	0.0	7e-05	0.02251	3e-05	0.01126	9e-05	0.01235	0.00076	0.00141	0.02089	0.02789	0.00051	0.01439	0.00767	0.01019	
0.01483	0.0044	0.00226	0.0014	0.01476	0.0	0.0	0.03485	0.00054	0.00014	0.01626	0.00579	0.01528	0.0	0.00485	0.00386	0.00041	0.00432	0.00391	0.0	0.00557	0.00013	0.03273	0.02055	0.04208	0.00337	0.00677	0.01717	0.00015	0.00076	0.01315	0.0	0.0	0.04792	0.03271	0.00577	3e-05	0.00104	0.00074	0.00028	0.00281	0.00629	0.00028	2e-05	0.00126	0.00077	0.00117	
0.02818	0.01511	0.00459	0.00104	0.00079	1e-05	1e-05	0.02496	0.0078	0.00251	0.00118	0.0027	0.00296	1e-05	0.06207	0.00327	0.01345	0.01412	0.04428	0.0	0.00249	2e-05	0.00118	0.0	0.00019	0.00518	0.00536	0.0183	0.00425	3e-05	0.00047	7e-05	0.04792	0.0	0.03558	0.00538	0.00278	0.06357	0.00623	0.01545	0.00155	0.06155	0.00297	0.00317	0.01333	0.00867	0.00422	
0.00991	0.31479	0.09739	0.00812	0.12845	0.0	0.0	0.00882	0.00564	0.00129	0.00587	0.0978	0.00105	0.0	0.04729	0.00542	0.0126	0.01532	0.02208	0.0	0.0043	0.00015	0.02468	0.00084	0.00389	0.01063	0.02963	1e-05	0.00699	0.03279	0.02507	0.02251	0.03271	0.03558	0.0	0.00377	0.00568	0.03917	0.00247	0.02156	0.00705	0.05113	0.00662	0.04708	0.00106	0.00419	0.12319	
0.00065	0.01345	0.03776	0.01416	0.00145	0.0	0.0	0.01835	0.00834	0.01049	0.00129	0.03298	0.00137	0.0	0.0208	0.00052	0.00105	0.00128	0.0	0.0	0.00089	0.00156	0.00049	0.00349	0.00015	0.04538	7e-05	0.00474	0.00402	0.0067	0.00254	3e-05	0.00577	0.00538	0.00377	0.0	0.0159	4e-05	0.00241	0.01622	0.02123	0.02477	4e-05	0.00403	4e-05	0.00177	0.01245	
0.11569	0.00031	0.00151	0.00461	0.01458	1e-05	1e-05	0.03028	0.06272	0.00353	0.00017	0.02094	0.00135	1e-05	0.01105	0.00122	0.00087	0.03446	0.02982	1e-05	0.00068	3e-05	0.00812	0.09096	0.0165	0.04944	0.00739	0.03974	0.01704	0.00331	0.00367	0.01126	3e-05	0.00278	0.00568	0.0159	0.0	0.11022	0.00721	0.01158	0.0026	0.01099	0.00257	0.00025	0.0122	0.0	0.10292	
0.00054	0.00486	0.01827	0.01191	0.01427	0.0	0.0	0.00034	0.01982	0.00989	0.00227	0.04654	0.0019	0.0	0.02145	0.0004	0.00301	0.01105	0.01053	3e-05	0.00075	0.0	0.00651	0.0894	0.02744	0.01075	0.02132	0.01986	0.00627	0.01518	0.0376	9e-05	0.00104	0.06357	0.03917	4e-05	0.11022	0.0	0.19551	0.22778	0.08265	0.09291	0.01842	0.00203	0.00668	0.00089	0.08893	
0.00022	0.02042	0.01013	0.0	0.00745	0.0	0.0	0.00111	0.00968	0.01757	0.00589	0.01258	0.00756	0.0	0.05094	0.02092	0.00139	0.00514	0.01588	0.0	0.00114	3e-05	0.00021	0.00614	0.00469	0.00072	0.05636	0.0032	0.01536	0.00024	0.05014	0.01235	0.00074	0.00623	0.00247	0.00241	0.00721	0.19551	0.0	0.73039	0.0413	0.02086	0.03187	0.00029	0.0	0.00043	0.03388	
0.00013	0.02123	0.00225	0.01712	0.00891	0.0	0.0	0.01034	0.0152	0.01777	0.00338	0.01983	0.00091	0.0	0.01172	0.0107	0.05125	0.00284	0.02869	1e-05	0.00062	0.00596	0.0016	0.04538	0.00181	0.00228	0.18014	0.00782	0.00016	0.00011	0.00599	0.00076	0.00028	0.01545	0.02156	0.01622	0.01158	0.22778	0.73039	0.0	0.29518	0.03201	0.01257	0.01074	0.00552	0.0005	0.03516	
0.00068	0.00705	0.0076	0.00226	0.00127	5e-05	5e-05	0.00248	0.00532	0.04115	0.00993	0.01873	0.04462	5e-05	0.00078	0.00288	0.00124	0.02256	0.01806	0.0	0.0007	0.0	0.0002	0.00013	0.1253	0.00262	0.00049	2e-05	0.00983	0.00208	0.00073	0.00141	0.00281	0.00155	0.00705	0.02123	0.0026	0.08265	0.0413	0.29518	0.0	0.00093	0.10763	0.00021	0.02254	0.04312	0.09381	
0.01637	0.04472	0.00012	0.00353	0.00176	0.0	0.0	0.00518	0.01651	1e-05	0.00318	0.00787	0.00865	0.0	0.01081	0.00848	0.01481	0.02921	0.00311	3e-05	0.00035	5e-05	0.0	0.0253	0.01123	0.00717	0.00849	0.00639	0.00329	0.00826	0.04015	0.02089	0.00629	0.06155	0.05113	0.02477	0.01099	0.09291	0.02086	0.03201	0.00093	0.0	0.01188	0.0322	0.06791	0.07015	0.03493	
0.00041	0.02055	0.01325	0.01662	0.0177	1e-05	1e-05	0.00854	0.04107	0.00013	0.0006	0.11397	0.00143	1e-05	0.00092	7e-05	0.01019	0.02575	0.004	0.0	0.00111	0.0013	0.00029	0.14703	0.00205	0.01769	0.01139	0.02601	0.04759	0.0353	0.00069	0.02789	0.00028	0.00297	0.00662	4e-05	0.00257	0.01842	0.03187	0.01257	0.10763	0.01188	0.0	0.01948	0.04294	0.00034	0.05331	
0.0193	0.04105	0.00247	0.00314	0.00196	1e-05	1e-05	0.0028	0.08416	0.02443	0.0142	5e-05	0.00021	1e-05	0.0003	0.00187	0.00028	0.04976	0.01379	0.0	0.00018	1e-05	0.00787	0.02135	0.06009	0.06398	0.01166	0.04501	0.02335	0.06325	0.00129	0.00051	2e-05	0.00317	0.04708	0.00403	0.00025	0.00203	0.00029	0.01074	0.00021	0.0322	0.01948	0.0	0.00011	0.04243	0.07074	
0.00513	5e-05	0.00523	0.01297	0.00264	0.0	0.0	0.00216	0.00074	3e-05	0.00011	0.00281	0.00225	0.0	0.00099	0.00072	0.0	0.00067	0.00129	0.0	0.00527	0.00041	0.16897	0.00178	0.00636	0.00643	0.00495	0.11415	0.00051	0.00073	0.00123	0.01439	0.00126	0.01333	0.00106	4e-05	0.0122	0.00668	0.0	0.00552	0.02254	0.06791	0.04294	0.00011	0.0	0.05384	0.01774	
0.00585	0.05179	0.00029	0.0	0.00345	0.0	0.0	0.01078	0.01408	0.0011	0.00015	0.00487	0.0001	0.0	0.00132	0.00784	0.00027	0.00801	0.00075	2e-05	0.00038	0.00172	0.00082	0.00331	0.00559	0.01867	0.0005	0.0012	0.01686	0.06182	0.00315	0.00767	0.00077	0.00867	0.00419	0.00177	0.0	0.00089	0.00043	0.0005	0.04312	0.07015	0.00034	0.04243	0.05384	0.0	0.00228	
0.00135	0.00501	0.01519	0.0046	0.18278	7e-05	7e-05	0.03299	0.08225	0.0105	0.01405	0.23422	0.00029	7e-05	0.00085	7e-05	0.03942	0.11812	0.04026	6e-05	1e-05	0.00284	0.00779	0.36006	0.0	0.18154	0.02823	0.00351	0.00483	0.0002	0.00395	0.01019	0.00117	0.00422	0.12319	0.01245	0.10292	0.08893	0.03388	0.03516	0.09381	0.03493	0.05331	0.07074	0.01774	0.00228	0.0	
