0.0	0.37101	0.00049	0.29433	0.77479	0.44586	0.00049	0.09027	0.00049	0.07345	0.00049	0.00049	0.00049	0.00049	0.17878	0.35104	0.30208	0.00049	0.00049	0.00049	0.00049	0.00049	0.3016	0.06336	0.00049	0.07113	0.00049	0.00049	0.00049	0.03946	0.14213	0.29493	0.68662	0.55232	0.36607	0.15034	0.40337	0.28291	0.32587	0.21939	0.11262	0.13714	0.8805	0.23813	0.2872	0.00049	0.00049	0.00049	0.00049	0.00049	0.00049	0.00049	0.00049	0.00049	0.00049	0.00049	0.08727	0.00049	0.00049	0.00049	0.00049	0.00049	0.00049	0.00049	0.07345	0.00049	0.04526	0.44586	0.29433	0.00049	0.26053	0.22292	
0.37101	0.0	0.00349	0.3164	1.47676	1.02596	0.00349	0.13944	0.00349	0.55776	0.00349	0.00349	0.00349	0.00349	0.55675	0.19194	0.52072	0.00349	0.00349	0.00349	0.00349	0.00349	0.76166	0.04567	0.00349	0.30014	0.00349	0.00349	0.00349	0.28647	0.29008	0.57164	0.71354	0.5847	0.40046	0.1392	0.36081	0.37327	0.28316	0.23768	0.1641	0.33211	0.69146	0.35964	0.24138	0.00349	0.00349	0.00349	0.00349	0.00349	0.00349	0.00349	0.00349	0.00349	0.00349	0.00349	0.07231	0.00349	0.00349	0.00349	0.00349	0.00349	0.00349	0.00349	0.55776	0.00349	0.47693	1.02596	0.3164	0.00349	0.71085	0.21484	
0.00049	0.00349	0.0	0.00036	0.00038	0.0007	0.0	0.00364	0.0	0.00486	0.0	0.0	0.0	0.0	0.00359	0.00107	0.0027	0.0	0.0	0.0	0.0	0.0	0.0003	0.00013	0.0	0.00266	0.0	0.0	0.0	0.00288	0.00127	0.00019	0.00024	0.00051	0.00117	6e-05	0.00141	0.00119	0.00092	0.00052	0.0011	0.00162	0.01004	0.00252	0.0006	0.0	0.0	0.0	0.0	0.0	0.0	0.0	0.0	0.0	0.0	0.0	0.00206	0.0	0.0	0.0	0.0	0.0	0.0	0.0	0.00486	0.0	0.0	0.0007	0.00036	0.0	0.00352	0.00029	
0.29433	0.3164	0.00036	0.0	0.57956	1.05532	0.00036	0.0388	0.00036	0.09183	0.00036	0.00036	0.00036	0.00036	0.18241	0.0691	0.15893	0.00036	0.00036	0.00036	0.00036	0.00036	0.2517	0.04054	0.00036	0.13135	0.00036	0.00036	0.00036	0.06173	0.02454	0.26791	0.16933	0.29419	0.05624	0.12515	0.2955	0.15496	0.15225	0.08999	0.09716	0.06498	0.22122	0.16038	0.12548	0.00036	0.00036	0.00036	0.00036	0.00036	0.00036	0.00036	0.00036	0.00036	0.00036	0.00036	0.02349	0.00036	0.00036	0.00036	0.00036	0.00036	0.00036	0.00036	0.09183	0.00036	0.05561	1.05532	0.99989	0.00036	0.31859	0.33723	
0.77479	1.47676	0.00038	0.57956	0.0	0.5494	0.00038	0.19654	0.00038	0.7205	0.00038	0.00038	0.00038	0.00038	0.89654	0.28983	0.71186	0.00038	0.00038	0.00038	0.00038	0.00038	0.32156	0.09046	0.00038	0.62332	0.00038	0.00038	0.00038	0.29349	0.53192	0.22795	0.42447	0.23698	0.47278	0.27002	0.67615	0.51029	0.48111	0.44938	0.31375	0.74035	0.0	0.61009	0.54784	0.00038	0.00038	0.00038	0.00038	0.00038	0.00038	0.00038	0.00038	0.00038	0.00038	0.00038	0.10369	0.00038	0.00038	0.00038	0.00038	0.00038	0.00038	0.00038	0.7205	0.00038	0.00037	0.5494	0.57956	0.00038	0.79616	0.54915	
0.44586	1.02596	0.0007	1.05532	0.5494	0.0	0.0007	0.3579	0.0007	1.31197	0.0007	0.0007	0.0007	0.0007	1.6325	0.21647	0.90168	0.0007	0.0007	0.0007	0.0007	0.0007	0.41974	0.05969	0.0007	1.13501	0.0007	0.0007	0.0007	0.32797	0.08112	0.23809	0.15103	0.26357	0.19934	0.19276	0.70532	0.23685	0.4454	0.17594	0.37039	0.28954	0.0	0.63375	0.51955	0.0007	0.0007	0.0007	0.0007	0.0007	0.0007	0.0007	0.0007	0.0007	0.0007	0.0007	0.18882	0.0007	0.0007	0.0007	0.0007	0.0007	0.0007	0.0007	1.31197	0.0007	0.0007	1.00041	1.05532	0.0007	1.04167	0.99995	
0.00049	0.00349	0.0	0.00036	0.00038	0.0007	0.0	0.00364	0.0	0.00486	0.0	0.0	0.0	0.0	0.00359	0.00107	0.0027	0.0	0.0	0.0	0.0	0.0	0.0003	0.00013	0.0	0.00266	0.0	0.0	0.0	0.00288	0.00127	0.00019	0.00024	0.00051	0.00117	6e-05	0.00141	0.00119	0.00092	0.00052	0.0011	0.00162	0.01004	0.00252	0.0006	0.0	0.0	0.0	0.0	0.0	0.0	0.0	0.0	0.0	0.0	0.0	0.00206	0.0	0.0	0.0	0.0	0.0	0.0	0.0	0.00486	0.0	0.0	0.0007	0.00036	0.0	0.00352	0.00029	
0.09027	0.13944	0.00364	0.0388	0.19654	0.3579	0.00364	0.0	0.00364	0.13668	0.00364	0.00364	0.00364	0.00364	0.2416	0.02964	0.08797	0.00364	0.00364	0.00364	0.00364	0.00364	0.32852	0.05914	0.00364	0.20276	0.00364	0.00364	0.00364	0.0903	0.03533	0.27934	0.14574	0.28271	0.05422	0.10284	0.09027	0.13548	0.08384	0.06171	0.21994	0.06497	0.04449	0.11334	0.06464	0.00364	0.00364	0.00364	0.00364	0.00364	0.00364	0.00364	0.00364	0.00364	0.00364	0.00364	0.03362	0.00364	0.00364	0.00364	0.00364	0.00364	0.00364	0.00364	0.13668	0.00364	0.0	0.3579	0.0388	0.00364	0.14022	0.04522	
0.00049	0.00349	0.0	0.00036	0.00038	0.0007	0.0	0.00364	0.0	0.00486	0.0	0.0	0.0	0.0	0.00359	0.00107	0.0027	0.0	0.0	0.0	0.0	0.0	0.0003	0.00013	0.0	0.00266	0.0	0.0	0.0	0.00288	0.00127	0.00019	0.00024	0.00051	0.00117	6e-05	0.00141	0.00119	0.00092	0.00052	0.0011	0.00162	0.01004	0.00252	0.0006	0.0	0.0	0.0	0.0	0.0	0.0	0.0	0.0	0.0	0.0	0.0	0.00206	0.0	0.0	0.0	0.0	0.0	0.0	0.0	0.00486	0.0	0.0	0.0007	0.00036	0.0	0.00352	0.00029	
0.07345	0.55776	0.00486	0.09183	0.7205	1.31197	0.00486	0.13668	0.00486	0.0	0.00486	0.00486	0.00486	0.00486	0.6527	0.15515	0.52475	0.00486	0.00486	0.00486	0.00486	0.00486	1.21748	0.00335	0.00486	0.42483	0.00486	0.00486	0.00486	0.39583	0.11057	0.4073	0.25482	0.43729	0.28182	0.02665	0.16622	0.07208	0.19145	0.06862	0.13783	0.10237	0.38714	0.21821	0.18236	0.00486	0.00486	0.00486	0.00486	0.00486	0.00486	0.00486	0.00486	0.00486	0.00486	0.00486	0.07627	0.00486	0.00486	0.00486	0.00486	0.00486	0.00486	0.00486	1.00926	0.00486	0.31226	1.31197	0.09183	0.00486	0.56162	0.1594	
0.00049	0.00349	0.0	0.00036	0.00038	0.0007	0.0	0.00364	0.0	0.00486	0.0	0.0	0.0	0.0	0.00359	0.00107	0.0027	0.0	0.0	0.0	0.0	0.0	0.0003	0.00013	0.0	0.00266	0.0	0.0	0.0	0.00288	0.00127	0.00019	0.00024	0.00051	0.00117	6e-05	0.00141	0.00119	0.00092	0.00052	0.0011	0.00162	0.01004	0.00252	0.0006	0.0	0.0	0.0	0.0	0.0	0.0	0.0	0.0	0.0	0.0	0.0	0.00206	0.0	0.0	0.0	0.0	0.0	0.0	0.0	0.00486	0.0	0.0	0.0007	0.00036	0.0	0.00352	0.00029	
0.00049	0.00349	0.0	0.00036	0.00038	0.0007	0.0	0.00364	0.0	0.00486	0.0	0.0	0.0	0.0	0.00359	0.00107	0.0027	0.0	0.0	0.0	0.0	0.0	0.0003	0.00013	0.0	0.00266	0.0	0.0	0.0	0.00288	0.00127	0.00019	0.00024	0.00051	0.00117	6e-05	0.00141	0.00119	0.00092	0.00052	0.0011	0.00162	0.01004	0.00252	0.0006	0.0	0.0	0.0	0.0	0.0	0.0	0.0	0.0	0.0	0.0	0.0	0.00206	0.0	0.0	0.0	0.0	0.0	0.0	0.0	0.00486	0.0	0.0	0.0007	0.00036	0.0	0.00352	0.00029	
0.00049	0.00349	0.0	0.00036	0.00038	0.0007	0.0	0.00364	0.0	0.00486	0.0	0.0	0.0	0.0	0.00359	0.00107	0.0027	0.0	0.0	0.0	0.0	0.0	0.0003	0.00013	0.0	0.00266	0.0	0.0	0.0	0.00288	0.00127	0.00019	0.00024	0.00051	0.00117	6e-05	0.00141	0.00119	0.00092	0.00052	0.0011	0.00162	0.01004	0.00252	0.0006	0.0	0.0	0.0	0.0	0.0	0.0	0.0	0.0	0.0	0.0	0.0	0.00206	0.0	0.0	0.0	0.0	0.0	0.0	0.0	0.00486	0.0	0.0	0.0007	0.00036	0.0	0.00352	0.00029	
0.00049	0.00349	0.0	0.00036	0.00038	0.0007	0.0	0.00364	0.0	0.00486	0.0	0.0	0.0	0.0	0.00359	0.00107	0.0027	0.0	0.0	0.0	0.0	0.0	0.0003	0.00013	0.0	0.00266	0.0	0.0	0.0	0.00288	0.00127	0.00019	0.00024	0.00051	0.00117	6e-05	0.00141	0.00119	0.00092	0.00052	0.0011	0.00162	0.01004	0.00252	0.0006	0.0	0.0	0.0	0.0	0.0	0.0	0.0	0.0	0.0	0.0	0.0	0.00206	0.0	0.0	0.0	0.0	0.0	0.0	0.0	0.00486	0.0	0.0	0.0007	0.00036	0.0	0.00352	0.00029	
0.17878	0.55675	0.00359	0.18241	0.89654	1.6325	0.00359	0.2416	0.00359	0.6527	0.00359	0.00359	0.00359	0.00359	0.0	0.16694	0.41915	0.00359	0.00359	0.00359	0.00359	0.00359	1.21732	0.07707	0.00359	0.42212	0.00359	0.00359	0.00359	0.28388	0.07941	0.5814	0.36159	0.61602	0.2294	0.11648	0.27586	0.27497	0.19929	0.14936	0.22387	0.12595	0.37509	0.45787	0.24635	0.00359	0.00359	0.00359	0.00359	0.00359	0.00359	0.00359	0.00359	0.00359	0.00359	0.00359	0.11641	0.00359	0.00359	0.00359	0.00359	0.00359	0.00359	0.00359	0.6527	0.00359	0.63279	1.6325	0.18241	0.00359	0.55997	0.12847	
0.35104	0.19194	0.00107	0.0691	0.28983	0.21647	0.00107	0.02964	0.00107	0.15515	0.00107	0.00107	0.00107	0.00107	0.16694	0.0	0.3457	0.00107	0.00107	0.00107	0.00107	0.00107	0.74286	0.02971	0.00107	0.07544	0.00107	0.00107	0.00107	0.116	0.1283	0.32775	0.50106	0.67471	0.45235	0.34559	0.11389	0.29057	0.37476	0.29844	0.09327	0.11088	0.12038	0.26961	0.21941	0.00107	0.00107	0.00107	0.00107	0.00107	0.00107	0.00107	0.00107	0.00107	0.00107	0.00107	0.05666	0.00107	0.00107	0.00107	0.00107	0.00107	0.00107	0.00107	0.15515	0.00107	0.0358	0.21647	0.0691	0.00107	0.18729	0.12277	
0.30208	0.52072	0.0027	0.15893	0.71186	0.90168	0.0027	0.08797	0.0027	0.52475	0.0027	0.0027	0.0027	0.0027	0.41915	0.3457	0.0	0.0027	0.0027	0.0027	0.0027	0.0027	2.21643	0.0669	0.0027	0.31599	0.0027	0.0027	0.0027	0.48281	0.09594	1.05328	0.65101	0.50187	0.41709	0.25645	0.30032	0.28196	0.55822	0.31226	0.20928	0.32875	0.35018	0.28046	0.27895	0.0027	0.0027	0.0027	0.0027	0.0027	0.0027	0.0027	0.0027	0.0027	0.0027	0.0027	0.09238	0.0027	0.0027	0.0027	0.0027	0.0027	0.0027	0.0027	0.52475	0.0027	0.35871	0.90168	0.15893	0.0027	0.52031	0.11234	
0.00049	0.00349	0.0	0.00036	0.00038	0.0007	0.0	0.00364	0.0	0.00486	0.0	0.0	0.0	0.0	0.00359	0.00107	0.0027	0.0	0.0	0.0	0.0	0.0	0.0003	0.00013	0.0	0.00266	0.0	0.0	0.0	0.00288	0.00127	0.00019	0.00024	0.00051	0.00117	6e-05	0.00141	0.00119	0.00092	0.00052	0.0011	0.00162	0.01004	0.00252	0.0006	0.0	0.0	0.0	0.0	0.0	0.0	0.0	0.0	0.0	0.0	0.0	0.00206	0.0	0.0	0.0	0.0	0.0	0.0	0.0	0.00486	0.0	0.0	0.0007	0.00036	0.0	0.00352	0.00029	
0.00049	0.00349	0.0	0.00036	0.00038	0.0007	0.0	0.00364	0.0	0.00486	0.0	0.0	0.0	0.0	0.00359	0.00107	0.0027	0.0	0.0	0.0	0.0	0.0	0.0003	0.00013	0.0	0.00266	0.0	0.0	0.0	0.00288	0.00127	0.00019	0.00024	0.00051	0.00117	6e-05	0.00141	0.00119	0.00092	0.00052	0.0011	0.00162	0.01004	0.00252	0.0006	0.0	0.0	0.0	0.0	0.0	0.0	0.0	0.0	0.0	0.0	0.0	0.00206	0.0	0.0	0.0	0.0	0.0	0.0	0.0	0.00486	0.0	0.0	0.0007	0.00036	0.0	0.00352	0.00029	
0.00049	0.00349	0.0	0.00036	0.00038	0.0007	0.0	0.00364	0.0	0.00486	0.0	0.0	0.0	0.0	0.00359	0.00107	0.0027	0.0	0.0	0.0	0.0	0.0	0.0003	0.00013	0.0	0.00266	0.0	0.0	0.0	0.00288	0.00127	0.00019	0.00024	0.00051	0.00117	6e-05	0.00141	0.00119	0.00092	0.00052	0.0011	0.00162	0.01004	0.00252	0.0006	0.0	0.0	0.0	0.0	0.0	0.0	0.0	0.0	0.0	0.0	0.0	0.00206	0.0	0.0	0.0	0.0	0.0	0.0	0.0	0.00486	0.0	0.0	0.0007	0.00036	0.0	0.00352	0.00029	
0.00049	0.00349	0.0	0.00036	0.00038	0.0007	0.0	0.00364	0.0	0.00486	0.0	0.0	0.0	0.0	0.00359	0.00107	0.0027	0.0	0.0	0.0	0.0	0.0	0.0003	0.00013	0.0	0.00266	0.0	0.0	0.0	0.00288	0.00127	0.00019	0.00024	0.00051	0.00117	6e-05	0.00141	0.00119	0.00092	0.00052	0.0011	0.00162	0.01004	0.00252	0.0006	0.0	0.0	0.0	0.0	0.0	0.0	0.0	0.0	0.0	0.0	0.0	0.00206	0.0	0.0	0.0	0.0	0.0	0.0	0.0	0.00486	0.0	0.0	0.0007	0.00036	0.0	0.00352	0.00029	
0.00049	0.00349	0.0	0.00036	0.00038	0.0007	0.0	0.00364	0.0	0.00486	0.0	0.0	0.0	0.0	0.00359	0.00107	0.0027	0.0	0.0	0.0	0.0	0.0	0.0003	0.00013	0.0	0.00266	0.0	0.0	0.0	0.00288	0.00127	0.00019	0.00024	0.00051	0.00117	6e-05	0.00141	0.00119	0.00092	0.00052	0.0011	0.00162	0.01004	0.00252	0.0006	0.0	0.0	0.0	0.0	0.0	0.0	0.0	0.0	0.0	0.0	0.0	0.00206	0.0	0.0	0.0	0.0	0.0	0.0	0.0	0.00486	0.0	0.0	0.0007	0.00036	0.0	0.00352	0.00029	
0.3016	0.76166	0.0003	0.2517	0.32156	0.41974	0.0003	0.32852	0.0003	1.21748	0.0003	0.0003	0.0003	0.0003	1.21732	0.74286	2.21643	0.0003	0.0003	0.0003	0.0003	0.0003	0.0	0.08474	0.0003	0.89505	0.0003	0.0003	0.0003	1.4928	0.14968	1.0964	0.45945	0.13982	0.60838	0.60009	0.57952	0.48398	0.87674	0.48419	0.29535	0.2893	1.0412	0.39191	0.59111	0.0003	0.0003	0.0003	0.0003	0.0003	0.0003	0.0003	0.0003	0.0003	0.0003	0.0003	0.17314	0.0003	0.0003	0.0003	0.0003	0.0003	0.0003	0.0003	1.21748	0.0003	0.00029	0.41974	0.2517	0.0003	0.76286	0.43511	
0.06336	0.04567	0.00013	0.04054	0.09046	0.05969	0.00013	0.05914	0.00013	0.00335	0.00013	0.00013	0.00013	0.00013	0.07707	0.02971	0.0669	0.00013	0.00013	0.00013	0.00013	0.00013	0.08474	0.0	0.00013	0.14265	0.00013	0.00013	0.00013	0.01486	0.0365	0.11967	0.36673	0.11098	0.09653	0.24074	0.1057	0.07946	0.09663	0.08216	0.17103	0.07717	0.03451	0.21685	0.2315	0.00013	0.00013	0.00013	0.00013	0.00013	0.00013	0.00013	0.00013	0.00013	0.00013	0.00013	0.03449	0.00013	0.00013	0.00013	0.00013	0.00013	0.00013	0.00013	0.00335	0.00013	0.00837	0.05969	0.04054	0.00013	0.19462	0.06631	
0.00049	0.00349	0.0	0.00036	0.00038	0.0007	0.0	0.00364	0.0	0.00486	0.0	0.0	0.0	0.0	0.00359	0.00107	0.0027	0.0	0.0	0.0	0.0	0.0	0.0003	0.00013	0.0	0.00266	0.0	0.0	0.0	0.00288	0.00127	0.00019	0.00024	0.00051	0.00117	6e-05	0.00141	0.00119	0.00092	0.00052	0.0011	0.00162	0.01004	0.00252	0.0006	0.0	0.0	0.0	0.0	0.0	0.0	0.0	0.0	0.0	0.0	0.0	0.00206	0.0	0.0	0.0	0.0	0.0	0.0	0.0	0.00486	0.0	0.0	0.0007	0.00036	0.0	0.00352	0.00029	
0.07113	0.30014	0.00266	0.13135	0.62332	1.13501	0.00266	0.20276	0.00266	0.42483	0.00266	0.00266	0.00266	0.00266	0.42212	0.07544	0.31599	0.00266	0.00266	0.00266	0.00266	0.00266	0.89505	0.14265	0.00266	0.0	0.00266	0.00266	0.00266	0.23858	0.07602	0.31119	0.19587	0.33862	0.16618	0.16995	0.07234	0.1686	0.19374	0.16407	0.08501	0.00326	0.05846	0.18818	0.37589	0.00266	0.00266	0.00266	0.00266	0.00266	0.00266	0.00266	0.00266	0.00266	0.00266	0.00266	0.10708	0.00266	0.00266	0.00266	0.00266	0.00266	0.00266	0.00266	0.42483	0.00266	0.1353	1.13501	0.13135	0.00266	0.30188	0.24255	
0.00049	0.00349	0.0	0.00036	0.00038	0.0007	0.0	0.00364	0.0	0.00486	0.0	0.0	0.0	0.0	0.00359	0.00107	0.0027	0.0	0.0	0.0	0.0	0.0	0.0003	0.00013	0.0	0.00266	0.0	0.0	0.0	0.00288	0.00127	0.00019	0.00024	0.00051	0.00117	6e-05	0.00141	0.00119	0.00092	0.00052	0.0011	0.00162	0.01004	0.00252	0.0006	0.0	0.0	0.0	0.0	0.0	0.0	0.0	0.0	0.0	0.0	0.0	0.00206	0.0	0.0	0.0	0.0	0.0	0.0	0.0	0.00486	0.0	0.0	0.0007	0.00036	0.0	0.00352	0.00029	
0.00049	0.00349	0.0	0.00036	0.00038	0.0007	0.0	0.00364	0.0	0.00486	0.0	0.0	0.0	0.0	0.00359	0.00107	0.0027	0.0	0.0	0.0	0.0	0.0	0.0003	0.00013	0.0	0.00266	0.0	0.0	0.0	0.00288	0.00127	0.00019	0.00024	0.00051	0.00117	6e-05	0.00141	0.00119	0.00092	0.00052	0.0011	0.00162	0.01004	0.00252	0.0006	0.0	0.0	0.0	0.0	0.0	0.0	0.0	0.0	0.0	0.0	0.0	0.00206	0.0	0.0	0.0	0.0	0.0	0.0	0.0	0.00486	0.0	0.0	0.0007	0.00036	0.0	0.00352	0.00029	
0.00049	0.00349	0.0	0.00036	0.00038	0.0007	0.0	0.00364	0.0	0.00486	0.0	0.0	0.0	0.0	0.00359	0.00107	0.0027	0.0	0.0	0.0	0.0	0.0	0.0003	0.00013	0.0	0.00266	0.0	0.0	0.0	0.00288	0.00127	0.00019	0.00024	0.00051	0.00117	6e-05	0.00141	0.00119	0.00092	0.00052	0.0011	0.00162	0.01004	0.00252	0.0006	0.0	0.0	0.0	0.0	0.0	0.0	0.0	0.0	0.0	0.0	0.0	0.00206	0.0	0.0	0.0	0.0	0.0	0.0	0.0	0.00486	0.0	0.0	0.0007	0.00036	0.0	0.00352	0.00029	
0.03946	0.28647	0.00288	0.06173	0.29349	0.32797	0.00288	0.0903	0.00288	0.39583	0.00288	0.00288	0.00288	0.00288	0.28388	0.116	0.48281	0.00288	0.00288	0.00288	0.00288	0.00288	1.4928	0.01486	0.00288	0.23858	0.00288	0.00288	0.00288	0.0	0.17196	1.12893	0.29914	0.08073	0.25595	0.11892	0.12522	0.0422	0.27506	0.03896	0.05104	0.07092	0.22433	0.04832	0.14869	0.00288	0.00288	0.00288	0.00288	0.00288	0.00288	0.00288	0.00288	0.00288	0.00288	0.00288	0.05192	0.00288	0.00288	0.00288	0.00288	0.00288	0.00288	0.00288	0.39583	0.00288	0.12951	0.32797	0.06173	0.00288	0.28517	0.10329	
0.14213	0.29008	0.00127	0.02454	0.53192	0.08112	0.00127	0.03533	0.00127	0.11057	0.00127	0.00127	0.00127	0.00127	0.07941	0.1283	0.09594	0.00127	0.00127	0.00127	0.00127	0.00127	0.14968	0.0365	0.00127	0.07602	0.00127	0.00127	0.00127	0.17196	0.0	0.14489	0.14043	0.13536	0.35382	0.10792	0.09362	0.1378	0.13384	0.1364	0.08537	0.18105	0.20134	0.18395	0.11321	0.00127	0.00127	0.00127	0.00127	0.00127	0.00127	0.00127	0.00127	0.00127	0.00127	0.00127	0.0218	0.00127	0.00127	0.00127	0.00127	0.00127	0.00127	0.00127	0.11057	0.00127	0.04315	0.08112	0.02454	0.00127	0.09777	0.03785	
0.29493	0.57164	0.00019	0.26791	0.22795	0.23809	0.00019	0.27934	0.00019	0.4073	0.00019	0.00019	0.00019	0.00019	0.5814	0.32775	1.05328	0.00019	0.00019	0.00019	0.00019	0.00019	1.0964	0.11967	0.00019	0.31119	0.00019	0.00019	0.00019	1.12893	0.14489	0.0	0.24401	0.01475	0.29232	0.30404	0.46159	0.32983	0.55668	0.26892	0.09113	0.3382	0.85663	0.44542	0.32404	0.00019	0.00019	0.00019	0.00019	0.00019	0.00019	0.00019	0.00019	0.00019	0.00019	0.00019	0.14721	0.00019	0.00019	0.00019	0.00019	0.00019	0.00019	0.00019	0.4073	0.00019	0.00019	0.23809	0.26791	0.00019	0.5711	0.23784	
0.68662	0.71354	0.00024	0.16933	0.42447	0.15103	0.00024	0.14574	0.00024	0.25482	0.00024	0.00024	0.00024	0.00024	0.36159	0.50106	0.65101	0.00024	0.00024	0.00024	0.00024	0.00024	0.45945	0.36673	0.00024	0.19587	0.00024	0.00024	0.00024	0.29914	0.14043	0.24401	0.0	0.23954	0.68401	0.48125	0.62098	0.72152	0.69234	0.66061	0.30335	0.26686	2.13741	0.67924	0.49796	0.00024	0.00024	0.00024	0.00024	0.00024	0.00024	0.00024	0.00024	0.00024	0.00024	0.00024	0.07687	0.00024	0.00024	0.00024	0.00024	0.00024	0.00024	0.00024	0.25482	0.00024	0.00024	0.15103	0.16933	0.00024	0.70439	0.15088	
0.55232	0.5847	0.00051	0.29419	0.23698	0.26357	0.00051	0.28271	0.00051	0.43729	0.00051	0.00051	0.00051	0.00051	0.61602	0.67471	0.50187	0.00051	0.00051	0.00051	0.00051	0.00051	0.13982	0.11098	0.00051	0.33862	0.00051	0.00051	0.00051	0.08073	0.13536	0.01475	0.23954	0.0	0.28785	0.64469	0.48414	0.608	0.55133	0.26444	0.09927	0.32822	0.0	0.46135	0.32538	0.00051	0.00051	0.00051	0.00051	0.00051	0.00051	0.00051	0.00051	0.00051	0.00051	0.00051	0.14913	0.00051	0.00051	0.00051	0.00051	0.00051	0.00051	0.00051	0.43729	0.00051	0.0005	0.26357	0.29419	0.00051	0.58521	0.26331	
0.36607	0.40046	0.00117	0.05624	0.47278	0.19934	0.00117	0.05422	0.00117	0.28182	0.00117	0.00117	0.00117	0.00117	0.2294	0.45235	0.41709	0.00117	0.00117	0.00117	0.00117	0.00117	0.60838	0.09653	0.00117	0.16618	0.00117	0.00117	0.00117	0.25595	0.35382	0.29232	0.68401	0.28785	0.0	0.25214	0.24425	0.43114	0.27852	0.4235	0.24227	0.22499	0.41396	0.44272	0.45555	0.00117	0.00117	0.00117	0.00117	0.00117	0.00117	0.00117	0.00117	0.00117	0.00117	0.00117	0.0474	0.00117	0.00117	0.00117	0.00117	0.00117	0.00117	0.00117	0.28182	0.00117	0.05108	0.19934	0.05624	0.00117	0.39482	0.10157	
0.15034	0.1392	6e-05	0.12515	0.27002	0.19276	6e-05	0.10284	6e-05	0.02665	6e-05	6e-05	6e-05	6e-05	0.11648	0.34559	0.25645	6e-05	6e-05	6e-05	6e-05	6e-05	0.60009	0.24074	6e-05	0.16995	6e-05	6e-05	6e-05	0.11892	0.10792	0.30404	0.48125	0.64469	0.25214	0.0	0.14436	0.41259	0.55543	0.33412	0.18047	0.11948	0.13477	0.18205	0.2585	6e-05	6e-05	6e-05	6e-05	6e-05	6e-05	6e-05	6e-05	6e-05	6e-05	6e-05	0.15201	6e-05	6e-05	6e-05	6e-05	6e-05	6e-05	6e-05	0.02665	6e-05	0.00578	0.19276	0.12515	6e-05	0.13461	0.25481	
0.40337	0.36081	0.00141	0.2955	0.67615	0.70532	0.00141	0.09027	0.00141	0.16622	0.00141	0.00141	0.00141	0.00141	0.27586	0.11389	0.30032	0.00141	0.00141	0.00141	0.00141	0.00141	0.57952	0.1057	0.00141	0.07234	0.00141	0.00141	0.00141	0.12522	0.09362	0.46159	0.62098	0.48414	0.24425	0.14436	0.0	0.28717	0.23359	0.27978	0.3121	0.13211	0.48878	0.45702	0.10733	0.00141	0.00141	0.00141	0.00141	0.00141	0.00141	0.00141	0.00141	0.00141	0.00141	0.00141	0.08965	0.00141	0.00141	0.00141	0.00141	0.00141	0.00141	0.00141	0.16622	0.00141	0.20554	0.70532	0.2955	0.00141	0.36695	0.22174	
0.28291	0.37327	0.00119	0.15496	0.51029	0.23685	0.00119	0.13548	0.00119	0.07208	0.00119	0.00119	0.00119	0.00119	0.27497	0.29057	0.28196	0.00119	0.00119	0.00119	0.00119	0.00119	0.48398	0.07946	0.00119	0.1686	0.00119	0.00119	0.00119	0.0422	0.1378	0.32983	0.72152	0.608	0.43114	0.41259	0.28717	0.0	0.22126	0.50528	0.09683	0.21338	0.44008	0.56239	0.17019	0.00119	0.00119	0.00119	0.00119	0.00119	0.00119	0.00119	0.00119	0.00119	0.00119	0.00119	0.06909	0.00119	0.00119	0.00119	0.00119	0.00119	0.00119	0.00119	0.07208	0.00119	0.09659	0.23685	0.15496	0.00119	0.36866	0.08899	
0.32587	0.28316	0.00092	0.15225	0.48111	0.4454	0.00092	0.08384	0.00092	0.19145	0.00092	0.00092	0.00092	0.00092	0.19929	0.37476	0.55822	0.00092	0.00092	0.00092	0.00092	0.00092	0.87674	0.09663	0.00092	0.19374	0.00092	0.00092	0.00092	0.27506	0.13384	0.55668	0.69234	0.55133	0.27852	0.55543	0.23359	0.22126	0.0	0.36571	0.2366	0.24907	0.15955	0.19469	0.12847	0.00092	0.00092	0.00092	0.00092	0.00092	0.00092	0.00092	0.00092	0.00092	0.00092	0.00092	0.11974	0.00092	0.00092	0.00092	0.00092	0.00092	0.00092	0.00092	0.19145	0.00092	0.04683	0.4454	0.15225	0.00092	0.27897	0.1075	
0.21939	0.23768	0.00052	0.08999	0.44938	0.17594	0.00052	0.06171	0.00052	0.06862	0.00052	0.00052	0.00052	0.00052	0.14936	0.29844	0.31226	0.00052	0.00052	0.00052	0.00052	0.00052	0.48419	0.08216	0.00052	0.16407	0.00052	0.00052	0.00052	0.03896	0.1364	0.26892	0.66061	0.26444	0.4235	0.33412	0.27978	0.50528	0.36571	0.0	0.25714	0.20998	0.1667	0.50016	0.1707	0.00052	0.00052	0.00052	0.00052	0.00052	0.00052	0.00052	0.00052	0.00052	0.00052	0.00052	0.03332	0.00052	0.00052	0.00052	0.00052	0.00052	0.00052	0.00052	0.06862	0.00052	0.02268	0.17594	0.08999	0.00052	0.23354	0.06792	
0.11262	0.1641	0.0011	0.09716	0.31375	0.37039	0.0011	0.21994	0.0011	0.13783	0.0011	0.0011	0.0011	0.0011	0.22387	0.09327	0.20928	0.0011	0.0011	0.0011	0.0011	0.0011	0.29535	0.17103	0.0011	0.08501	0.0011	0.0011	0.0011	0.05104	0.08537	0.09113	0.30335	0.09927	0.24227	0.18047	0.3121	0.09683	0.2366	0.25714	0.0	0.2773	0.11323	0.22119	0.08407	0.0011	0.0011	0.0011	0.0011	0.0011	0.0011	0.0011	0.0011	0.0011	0.0011	0.0011	0.07918	0.0011	0.0011	0.0011	0.0011	0.0011	0.0011	0.0011	0.13783	0.0011	0.15185	0.37039	0.09716	0.0011	0.31201	0.21869	
0.13714	0.33211	0.00162	0.06498	0.74035	0.28954	0.00162	0.06497	0.00162	0.10237	0.00162	0.00162	0.00162	0.00162	0.12595	0.11088	0.32875	0.00162	0.00162	0.00162	0.00162	0.00162	0.2893	0.07717	0.00162	0.00326	0.00162	0.00162	0.00162	0.07092	0.18105	0.3382	0.26686	0.32822	0.22499	0.11948	0.13211	0.21338	0.24907	0.20998	0.2773	0.0	0.14025	0.18169	0.10154	0.00162	0.00162	0.00162	0.00162	0.00162	0.00162	0.00162	0.00162	0.00162	0.00162	0.00162	0.16516	0.00162	0.00162	0.00162	0.00162	0.00162	0.00162	0.00162	0.10237	0.00162	0.45176	0.28954	0.06498	0.00162	0.17898	0.06051	
0.8805	0.69146	0.01004	0.22122	0.0	0.0	0.01004	0.04449	0.01004	0.38714	0.01004	0.01004	0.01004	0.01004	0.37509	0.12038	0.35018	0.01004	0.01004	0.01004	0.01004	0.01004	1.0412	0.03451	0.01004	0.05846	0.01004	0.01004	0.01004	0.22433	0.20134	0.85663	2.13741	0.0	0.41396	0.13477	0.48878	0.44008	0.15955	0.1667	0.11323	0.14025	0.0	0.22101	0.15548	0.01004	0.01004	0.01004	0.01004	0.01004	0.01004	0.01004	0.01004	0.01004	0.01004	0.01004	0.1618	0.01004	0.01004	0.01004	0.01004	0.01004	0.01004	0.01004	0.38714	0.01004	0.0	0.0	0.22122	0.01004	0.50789	0.13947	
0.23813	0.35964	0.00252	0.16038	0.61009	0.63375	0.00252	0.11334	0.00252	0.21821	0.00252	0.00252	0.00252	0.00252	0.45787	0.26961	0.28046	0.00252	0.00252	0.00252	0.00252	0.00252	0.39191	0.21685	0.00252	0.18818	0.00252	0.00252	0.00252	0.04832	0.18395	0.44542	0.67924	0.46135	0.44272	0.18205	0.45702	0.56239	0.19469	0.50016	0.22119	0.18169	0.22101	0.0	0.156	0.00252	0.00252	0.00252	0.00252	0.00252	0.00252	0.00252	0.00252	0.00252	0.00252	0.00252	0.06098	0.00252	0.00252	0.00252	0.00252	0.00252	0.00252	0.00252	0.21821	0.00252	0.28099	0.63375	0.16038	0.00252	0.36849	0.08773	
0.2872	0.24138	0.0006	0.12548	0.54784	0.51955	0.0006	0.06464	0.0006	0.18236	0.0006	0.0006	0.0006	0.0006	0.24635	0.21941	0.27895	0.0006	0.0006	0.0006	0.0006	0.0006	0.59111	0.2315	0.0006	0.37589	0.0006	0.0006	0.0006	0.14869	0.11321	0.32404	0.49796	0.32538	0.45555	0.2585	0.10733	0.17019	0.12847	0.1707	0.08407	0.10154	0.15548	0.156	0.0	0.0006	0.0006	0.0006	0.0006	0.0006	0.0006	0.0006	0.0006	0.0006	0.0006	0.0006	0.09979	0.0006	0.0006	0.0006	0.0006	0.0006	0.0006	0.0006	0.18236	0.0006	0.02015	0.51955	0.12548	0.0006	0.23427	0.25185	
0.00049	0.00349	0.0	0.00036	0.00038	0.0007	0.0	0.00364	0.0	0.00486	0.0	0.0	0.0	0.0	0.00359	0.00107	0.0027	0.0	0.0	0.0	0.0	0.0	0.0003	0.00013	0.0	0.00266	0.0	0.0	0.0	0.00288	0.00127	0.00019	0.00024	0.00051	0.00117	6e-05	0.00141	0.00119	0.00092	0.00052	0.0011	0.00162	0.01004	0.00252	0.0006	0.0	0.0	0.0	0.0	0.0	0.0	0.0	0.0	0.0	0.0	0.0	0.00206	0.0	0.0	0.0	0.0	0.0	0.0	0.0	0.00486	0.0	0.0	0.0007	0.00036	0.0	0.00352	0.00029	
0.00049	0.00349	0.0	0.00036	0.00038	0.0007	0.0	0.00364	0.0	0.00486	0.0	0.0	0.0	0.0	0.00359	0.00107	0.0027	0.0	0.0	0.0	0.0	0.0	0.0003	0.00013	0.0	0.00266	0.0	0.0	0.0	0.00288	0.00127	0.00019	0.00024	0.00051	0.00117	6e-05	0.00141	0.00119	0.00092	0.00052	0.0011	0.00162	0.01004	0.00252	0.0006	0.0	0.0	0.0	0.0	0.0	0.0	0.0	0.0	0.0	0.0	0.0	0.00206	0.0	0.0	0.0	0.0	0.0	0.0	0.0	0.00486	0.0	0.0	0.0007	0.00036	0.0	0.00352	0.00029	
0.00049	0.00349	0.0	0.00036	0.00038	0.0007	0.0	0.00364	0.0	0.00486	0.0	0.0	0.0	0.0	0.00359	0.00107	0.0027	0.0	0.0	0.0	0.0	0.0	0.0003	0.00013	0.0	0.00266	0.0	0.0	0.0	0.00288	0.00127	0.00019	0.00024	0.00051	0.00117	6e-05	0.00141	0.00119	0.00092	0.00052	0.0011	0.00162	0.01004	0.00252	0.0006	0.0	0.0	0.0	0.0	0.0	0.0	0.0	0.0	0.0	0.0	0.0	0.00206	0.0	0.0	0.0	0.0	0.0	0.0	0.0	0.00486	0.0	0.0	0.0007	0.00036	0.0	0.00352	0.00029	
0.00049	0.00349	0.0	0.00036	0.00038	0.0007	0.0	0.00364	0.0	0.00486	0.0	0.0	0.0	0.0	0.00359	0.00107	0.0027	0.0	0.0	0.0	0.0	0.0	0.0003	0.00013	0.0	0.00266	0.0	0.0	0.0	0.00288	0.00127	0.00019	0.00024	0.00051	0.00117	6e-05	0.00141	0.00119	0.00092	0.00052	0.0011	0.00162	0.01004	0.00252	0.0006	0.0	0.0	0.0	0.0	0.0	0.0	0.0	0.0	0.0	0.0	0.0	0.00206	0.0	0.0	0.0	0.0	0.0	0.0	0.0	0.00486	0.0	0.0	0.0007	0.00036	0.0	0.00352	0.00029	
0.00049	0.00349	0.0	0.00036	0.00038	0.0007	0.0	0.00364	0.0	0.00486	0.0	0.0	0.0	0.0	0.00359	0.00107	0.0027	0.0	0.0	0.0	0.0	0.0	0.0003	0.00013	0.0	0.00266	0.0	0.0	0.0	0.00288	0.00127	0.00019	0.00024	0.00051	0.00117	6e-05	0.00141	0.00119	0.00092	0.00052	0.0011	0.00162	0.01004	0.00252	0.0006	0.0	0.0	0.0	0.0	0.0	0.0	0.0	0.0	0.0	0.0	0.0	0.00206	0.0	0.0	0.0	0.0	0.0	0.0	0.0	0.00486	0.0	0.0	0.0007	0.00036	0.0	0.00352	0.00029	
0.00049	0.00349	0.0	0.00036	0.00038	0.0007	0.0	0.00364	0.0	0.00486	0.0	0.0	0.0	0.0	0.00359	0.00107	0.0027	0.0	0.0	0.0	0.0	0.0	0.0003	0.00013	0.0	0.00266	0.0	0.0	0.0	0.00288	0.00127	0.00019	0.00024	0.00051	0.00117	6e-05	0.00141	0.00119	0.00092	0.00052	0.0011	0.00162	0.01004	0.00252	0.0006	0.0	0.0	0.0	0.0	0.0	0.0	0.0	0.0	0.0	0.0	0.0	0.00206	0.0	0.0	0.0	0.0	0.0	0.0	0.0	0.00486	0.0	0.0	0.0007	0.00036	0.0	0.00352	0.00029	
0.00049	0.00349	0.0	0.00036	0.00038	0.0007	0.0	0.00364	0.0	0.00486	0.0	0.0	0.0	0.0	0.00359	0.00107	0.0027	0.0	0.0	0.0	0.0	0.0	0.0003	0.00013	0.0	0.00266	0.0	0.0	0.0	0.00288	0.00127	0.00019	0.00024	0.00051	0.00117	6e-05	0.00141	0.00119	0.00092	0.00052	0.0011	0.00162	0.01004	0.00252	0.0006	0.0	0.0	0.0	0.0	0.0	0.0	0.0	0.0	0.0	0.0	0.0	0.00206	0.0	0.0	0.0	0.0	0.0	0.0	0.0	0.00486	0.0	0.0	0.0007	0.00036	0.0	0.00352	0.00029	
0.00049	0.00349	0.0	0.00036	0.00038	0.0007	0.0	0.00364	0.0	0.00486	0.0	0.0	0.0	0.0	0.00359	0.00107	0.0027	0.0	0.0	0.0	0.0	0.0	0.0003	0.00013	0.0	0.00266	0.0	0.0	0.0	0.00288	0.00127	0.00019	0.00024	0.00051	0.00117	6e-05	0.00141	0.00119	0.00092	0.00052	0.0011	0.00162	0.01004	0.00252	0.0006	0.0	0.0	0.0	0.0	0.0	0.0	0.0	0.0	0.0	0.0	0.0	0.00206	0.0	0.0	0.0	0.0	0.0	0.0	0.0	0.00486	0.0	0.0	0.0007	0.00036	0.0	0.00352	0.00029	
0.00049	0.00349	0.0	0.00036	0.00038	0.0007	0.0	0.00364	0.0	0.00486	0.0	0.0	0.0	0.0	0.00359	0.00107	0.0027	0.0	0.0	0.0	0.0	0.0	0.0003	0.00013	0.0	0.00266	0.0	0.0	0.0	0.00288	0.00127	0.00019	0.00024	0.00051	0.00117	6e-05	0.00141	0.00119	0.00092	0.00052	0.0011	0.00162	0.01004	0.00252	0.0006	0.0	0.0	0.0	0.0	0.0	0.0	0.0	0.0	0.0	0.0	0.0	0.00206	0.0	0.0	0.0	0.0	0.0	0.0	0.0	0.00486	0.0	0.0	0.0007	0.00036	0.0	0.00352	0.00029	
0.00049	0.00349	0.0	0.00036	0.00038	0.0007	0.0	0.00364	0.0	0.00486	0.0	0.0	0.0	0.0	0.00359	0.00107	0.0027	0.0	0.0	0.0	0.0	0.0	0.0003	0.00013	0.0	0.00266	0.0	0.0	0.0	0.00288	0.00127	0.00019	0.00024	0.00051	0.00117	6e-05	0.00141	0.00119	0.00092	0.00052	0.0011	0.00162	0.01004	0.00252	0.0006	0.0	0.0	0.0	0.0	0.0	0.0	0.0	0.0	0.0	0.0	0.0	0.00206	0.0	0.0	0.0	0.0	0.0	0.0	0.0	0.00486	0.0	0.0	0.0007	0.00036	0.0	0.00352	0.00029	
0.00049	0.00349	0.0	0.00036	0.00038	0.0007	0.0	0.00364	0.0	0.00486	0.0	0.0	0.0	0.0	0.00359	0.00107	0.0027	0.0	0.0	0.0	0.0	0.0	0.0003	0.00013	0.0	0.00266	0.0	0.0	0.0	0.00288	0.00127	0.00019	0.00024	0.00051	0.00117	6e-05	0.00141	0.00119	0.00092	0.00052	0.0011	0.00162	0.01004	0.00252	0.0006	0.0	0.0	0.0	0.0	0.0	0.0	0.0	0.0	0.0	0.0	0.0	0.00206	0.0	0.0	0.0	0.0	0.0	0.0	0.0	0.00486	0.0	0.0	0.0007	0.00036	0.0	0.00352	0.00029	
0.08727	0.07231	0.00206	0.02349	0.10369	0.18882	0.00206	0.03362	0.00206	0.07627	0.00206	0.00206	0.00206	0.00206	0.11641	0.05666	0.09238	0.00206	0.00206	0.00206	0.00206	0.00206	0.17314	0.03449	0.00206	0.10708	0.00206	0.00206	0.00206	0.05192	0.0218	0.14721	0.07687	0.14913	0.0474	0.15201	0.08965	0.06909	0.11974	0.03332	0.07918	0.16516	0.1618	0.06098	0.09979	0.00206	0.00206	0.00206	0.00206	0.00206	0.00206	0.00206	0.00206	0.00206	0.00206	0.00206	0.0	0.00206	0.00206	0.00206	0.00206	0.00206	0.00206	0.00206	0.07627	0.00206	0.0	0.18882	0.02349	0.00206	0.07273	0.03575	
0.00049	0.00349	0.0	0.00036	0.00038	0.0007	0.0	0.00364	0.0	0.00486	0.0	0.0	0.0	0.0	0.00359	0.00107	0.0027	0.0	0.0	0.0	0.0	0.0	0.0003	0.00013	0.0	0.00266	0.0	0.0	0.0	0.00288	0.00127	0.00019	0.00024	0.00051	0.00117	6e-05	0.00141	0.00119	0.00092	0.00052	0.0011	0.00162	0.01004	0.00252	0.0006	0.0	0.0	0.0	0.0	0.0	0.0	0.0	0.0	0.0	0.0	0.0	0.00206	0.0	0.0	0.0	0.0	0.0	0.0	0.0	0.00486	0.0	0.0	0.0007	0.00036	0.0	0.00352	0.00029	
0.00049	0.00349	0.0	0.00036	0.00038	0.0007	0.0	0.00364	0.0	0.00486	0.0	0.0	0.0	0.0	0.00359	0.00107	0.0027	0.0	0.0	0.0	0.0	0.0	0.0003	0.00013	0.0	0.00266	0.0	0.0	0.0	0.00288	0.00127	0.00019	0.00024	0.00051	0.00117	6e-05	0.00141	0.00119	0.00092	0.00052	0.0011	0.00162	0.01004	0.00252	0.0006	0.0	0.0	0.0	0.0	0.0	0.0	0.0	0.0	0.0	0.0	0.0	0.00206	0.0	0.0	0.0	0.0	0.0	0.0	0.0	0.00486	0.0	0.0	0.0007	0.00036	0.0	0.00352	0.00029	
0.00049	0.00349	0.0	0.00036	0.00038	0.0007	0.0	0.00364	0.0	0.00486	0.0	0.0	0.0	0.0	0.00359	0.00107	0.0027	0.0	0.0	0.0	0.0	0.0	0.0003	0.00013	0.0	0.00266	0.0	0.0	0.0	0.00288	0.00127	0.00019	0.00024	0.00051	0.00117	6e-05	0.00141	0.00119	0.00092	0.00052	0.0011	0.00162	0.01004	0.00252	0.0006	0.0	0.0	0.0	0.0	0.0	0.0	0.0	0.0	0.0	0.0	0.0	0.00206	0.0	0.0	0.0	0.0	0.0	0.0	0.0	0.00486	0.0	0.0	0.0007	0.00036	0.0	0.00352	0.00029	
0.00049	0.00349	0.0	0.00036	0.00038	0.0007	0.0	0.00364	0.0	0.00486	0.0	0.0	0.0	0.0	0.00359	0.00107	0.0027	0.0	0.0	0.0	0.0	0.0	0.0003	0.00013	0.0	0.00266	0.0	0.0	0.0	0.00288	0.00127	0.00019	0.00024	0.00051	0.00117	6e-05	0.00141	0.00119	0.00092	0.00052	0.0011	0.00162	0.01004	0.00252	0.0006	0.0	0.0	0.0	0.0	0.0	0.0	0.0	0.0	0.0	0.0	0.0	0.00206	0.0	0.0	0.0	0.0	0.0	0.0	0.0	0.00486	0.0	0.0	0.0007	0.00036	0.0	0.00352	0.00029	
0.00049	0.00349	0.0	0.00036	0.00038	0.0007	0.0	0.00364	0.0	0.00486	0.0	0.0	0.0	0.0	0.00359	0.00107	0.0027	0.0	0.0	0.0	0.0	0.0	0.0003	0.00013	0.0	0.00266	0.0	0.0	0.0	0.00288	0.00127	0.00019	0.00024	0.00051	0.00117	6e-05	0.00141	0.00119	0.00092	0.00052	0.0011	0.00162	0.01004	0.00252	0.0006	0.0	0.0	0.0	0.0	0.0	0.0	0.0	0.0	0.0	0.0	0.0	0.00206	0.0	0.0	0.0	0.0	0.0	0.0	0.0	0.00486	0.0	0.0	0.0007	0.00036	0.0	0.00352	0.00029	
0.00049	0.00349	0.0	0.00036	0.00038	0.0007	0.0	0.00364	0.0	0.00486	0.0	0.0	0.0	0.0	0.00359	0.00107	0.0027	0.0	0.0	0.0	0.0	0.0	0.0003	0.00013	0.0	0.00266	0.0	0.0	0.0	0.00288	0.00127	0.00019	0.00024	0.00051	0.00117	6e-05	0.00141	0.00119	0.00092	0.00052	0.0011	0.00162	0.01004	0.00252	0.0006	0.0	0.0	0.0	0.0	0.0	0.0	0.0	0.0	0.0	0.0	0.0	0.00206	0.0	0.0	0.0	0.0	0.0	0.0	0.0	0.00486	0.0	0.0	0.0007	0.00036	0.0	0.00352	0.00029	
0.00049	0.00349	0.0	0.00036	0.00038	0.0007	0.0	0.00364	0.0	0.00486	0.0	0.0	0.0	0.0	0.00359	0.00107	0.0027	0.0	0.0	0.0	0.0	0.0	0.0003	0.00013	0.0	0.00266	0.0	0.0	0.0	0.00288	0.00127	0.00019	0.00024	0.00051	0.00117	6e-05	0.00141	0.00119	0.00092	0.00052	0.0011	0.00162	0.01004	0.00252	0.0006	0.0	0.0	0.0	0.0	0.0	0.0	0.0	0.0	0.0	0.0	0.0	0.00206	0.0	0.0	0.0	0.0	0.0	0.0	0.0	0.00486	0.0	0.0	0.0007	0.00036	0.0	0.00352	0.00029	
0.07345	0.55776	0.00486	0.09183	0.7205	1.31197	0.00486	0.13668	0.00486	1.00926	0.00486	0.00486	0.00486	0.00486	0.6527	0.15515	0.52475	0.00486	0.00486	0.00486	0.00486	0.00486	1.21748	0.00335	0.00486	0.42483	0.00486	0.00486	0.00486	0.39583	0.11057	0.4073	0.25482	0.43729	0.28182	0.02665	0.16622	0.07208	0.19145	0.06862	0.13783	0.10237	0.38714	0.21821	0.18236	0.00486	0.00486	0.00486	0.00486	0.00486	0.00486	0.00486	0.00486	0.00486	0.00486	0.00486	0.07627	0.00486	0.00486	0.00486	0.00486	0.00486	0.00486	0.00486	0.0	0.00486	0.31226	1.31197	0.09183	0.00486	0.56162	0.1594	
0.00049	0.00349	0.0	0.00036	0.00038	0.0007	0.0	0.00364	0.0	0.00486	0.0	0.0	0.0	0.0	0.00359	0.00107	0.0027	0.0	0.0	0.0	0.0	0.0	0.0003	0.00013	0.0	0.00266	0.0	0.0	0.0	0.00288	0.00127	0.00019	0.00024	0.00051	0.00117	6e-05	0.00141	0.00119	0.00092	0.00052	0.0011	0.00162	0.01004	0.00252	0.0006	0.0	0.0	0.0	0.0	0.0	0.0	0.0	0.0	0.0	0.0	0.0	0.00206	0.0	0.0	0.0	0.0	0.0	0.0	0.0	0.00486	0.0	0.0	0.0007	0.00036	0.0	0.00352	0.00029	
0.04526	0.47693	0.0	0.05561	0.00037	0.0007	0.0	0.0	0.0	0.31226	0.0	0.0	0.0	0.0	0.63279	0.0358	0.35871	0.0	0.0	0.0	0.0	0.0	0.00029	0.00837	0.0	0.1353	0.0	0.0	0.0	0.12951	0.04315	0.00019	0.00024	0.0005	0.05108	0.00578	0.20554	0.09659	0.04683	0.02268	0.15185	0.45176	0.0	0.28099	0.02015	0.0	0.0	0.0	0.0	0.0	0.0	0.0	0.0	0.0	0.0	0.0	0.0	0.0	0.0	0.0	0.0	0.0	0.0	0.0	0.31226	0.0	0.0	0.0007	0.05561	0.0	0.48423	0.00024	
0.44586	1.02596	0.0007	1.05532	0.5494	1.00041	0.0007	0.3579	0.0007	1.31197	0.0007	0.0007	0.0007	0.0007	1.6325	0.21647	0.90168	0.0007	0.0007	0.0007	0.0007	0.0007	0.41974	0.05969	0.0007	1.13501	0.0007	0.0007	0.0007	0.32797	0.08112	0.23809	0.15103	0.26357	0.19934	0.19276	0.70532	0.23685	0.4454	0.17594	0.37039	0.28954	0.0	0.63375	0.51955	0.0007	0.0007	0.0007	0.0007	0.0007	0.0007	0.0007	0.0007	0.0007	0.0007	0.0007	0.18882	0.0007	0.0007	0.0007	0.0007	0.0007	0.0007	0.0007	1.31197	0.0007	0.0007	0.0	1.05532	0.0007	1.04167	0.99995	
0.29433	0.3164	0.00036	0.99989	0.57956	1.05532	0.00036	0.0388	0.00036	0.09183	0.00036	0.00036	0.00036	0.00036	0.18241	0.0691	0.15893	0.00036	0.00036	0.00036	0.00036	0.00036	0.2517	0.04054	0.00036	0.13135	0.00036	0.00036	0.00036	0.06173	0.02454	0.26791	0.16933	0.29419	0.05624	0.12515	0.2955	0.15496	0.15225	0.08999	0.09716	0.06498	0.22122	0.16038	0.12548	0.00036	0.00036	0.00036	0.00036	0.00036	0.00036	0.00036	0.00036	0.00036	0.00036	0.00036	0.02349	0.00036	0.00036	0.00036	0.00036	0.00036	0.00036	0.00036	0.09183	0.00036	0.05561	1.05532	0.0	0.00036	0.31859	0.33723	
0.00049	0.00349	0.0	0.00036	0.00038	0.0007	0.0	0.00364	0.0	0.00486	0.0	0.0	0.0	0.0	0.00359	0.00107	0.0027	0.0	0.0	0.0	0.0	0.0	0.0003	0.00013	0.0	0.00266	0.0	0.0	0.0	0.00288	0.00127	0.00019	0.00024	0.00051	0.00117	6e-05	0.00141	0.00119	0.00092	0.00052	0.0011	0.00162	0.01004	0.00252	0.0006	0.0	0.0	0.0	0.0	0.0	0.0	0.0	0.0	0.0	0.0	0.0	0.00206	0.0	0.0	0.0	0.0	0.0	0.0	0.0	0.00486	0.0	0.0	0.0007	0.00036	0.0	0.00352	0.00029	
0.26053	0.71085	0.00352	0.31859	0.79616	1.04167	0.00352	0.14022	0.00352	0.56162	0.00352	0.00352	0.00352	0.00352	0.55997	0.18729	0.52031	0.00352	0.00352	0.00352	0.00352	0.00352	0.76286	0.19462	0.00352	0.30188	0.00352	0.00352	0.00352	0.28517	0.09777	0.5711	0.70439	0.58521	0.39482	0.13461	0.36695	0.36866	0.27897	0.23354	0.31201	0.17898	0.50789	0.36849	0.23427	0.00352	0.00352	0.00352	0.00352	0.00352	0.00352	0.00352	0.00352	0.00352	0.00352	0.00352	0.07273	0.00352	0.00352	0.00352	0.00352	0.00352	0.00352	0.00352	0.56162	0.00352	0.48423	1.04167	0.31859	0.00352	0.0	0.2161	
0.22292	0.21484	0.00029	0.33723	0.54915	0.99995	0.00029	0.04522	0.00029	0.1594	0.00029	0.00029	0.00029	0.00029	0.12847	0.12277	0.11234	0.00029	0.00029	0.00029	0.00029	0.00029	0.43511	0.06631	0.00029	0.24255	0.00029	0.00029	0.00029	0.10329	0.03785	0.23784	0.15088	0.26331	0.10157	0.25481	0.22174	0.08899	0.1075	0.06792	0.21869	0.06051	0.13947	0.08773	0.25185	0.00029	0.00029	0.00029	0.00029	0.00029	0.00029	0.00029	0.00029	0.00029	0.00029	0.00029	0.03575	0.00029	0.00029	0.00029	0.00029	0.00029	0.00029	0.00029	0.1594	0.00029	0.00024	0.99995	0.33723	0.00029	0.2161	0.0	
