0.0	0.14346	0.03739	0.02977	0.0	0.09829	0.02718	0.04062	0.04116	0.1177	0.04782	0.0	0.0851	0.01769	0.03149	0.01065	0.03369	0.08953	0.18618	0.14783	1e-05	0.01769	0.08103	0.03139	0.08661	0.0441	0.04799	0.17485	0.03658	0.02521	0.05484	0.15527	0.07771	0.0	0.10495	0.15998	0.07397	1e-05	0.07138	0.0591	0.04068	0.06831	0.21722	0.04608	0.22742	0.33912	0.18133	0.00051	0.00051	0.06867	0.04401	0.04642	0.02641	0.04261	0.06053	1e-05	0.02209	0.26843	0.06029	0.17538	1e-05	0.02007	1e-05	0.18106	0.10106	1e-05	0.18847	1e-05	0.0356	0.03014	1e-05	0.09793	0.12533	0.0	0.0	0.0	0.0	0.0	0.0	0.0	0.0	0.08486	0.03149	0.06908	0.20532	0.20532	0.0441	0.0422	1e-05	0.07045	0.04489	1e-05	0.06359	0.02667	0.15527	0.02007	0.02094	0.03149	0.03149	1e-05	0.02094	0.22498	0.21004	0.2421	0.22498	0.05332	0.02245	0.15616	0.08761	0.13776	0.24777	0.02704	0.02939	0.20532	0.13187	0.28638	0.0	0.13879	0.14193	0.16312	0.14757	0.05633	0.20245	0.03403	1e-05	0.184	0.15527	0.03587	0.02007	0.03603	0.10106	1e-05	0.02007	0.03149	0.03149	0.1486	0.07249	0.03149	0.03149	0.06575	0.10536	0.04787	0.06784	0.07804	0.09527	0.11412	0.03681	
0.14346	0.0	0.03116	0.02124	0.0	0.12994	0.04252	0.03673	0.03775	0.03458	0.0423	0.0	0.03947	0.0169	0.0293	0.01036	0.03124	0.06479	0.01528	0.10316	3e-05	0.0169	0.05822	0.0292	0.13532	0.03959	0.04285	0.03877	0.03376	0.10611	0.15137	0.02402	0.01524	0.0	0.04611	0.12591	0.08955	3e-05	0.01528	0.05211	0.03719	0.06087	0.16215	0.03594	0.06674	0.13698	0.02809	0.00051	0.00051	0.01825	0.03958	0.04159	0.02477	0.03901	0.02197	3e-05	0.0209	0.05578	0.00931	0.02272	3e-05	0.01908	3e-05	0.141	0.12182	3e-05	0.13251	3e-05	0.02955	0.02774	3e-05	0.01533	0.02006	0.0	0.0	0.0	0.0	0.0	0.0	0.0	0.0	0.05308	0.0293	0.01039	0.14925	0.14925	0.03959	0.00734	3e-05	0.12355	0.23115	3e-05	0.0569	0.05392	0.02402	0.01908	0.01987	0.0293	0.0293	3e-05	0.01987	0.12823	0.19909	0.17242	0.12823	0.03042	0.02123	0.16356	0.1377	0.05051	0.08099	0.04555	0.05185	0.14925	0.0675	0.13567	0.0	0.07504	0.11515	0.06247	0.02844	0.04242	0.11672	0.09937	3e-05	0.04232	0.02402	0.03261	0.01908	0.03274	0.12182	3e-05	0.01908	0.0293	0.0293	0.01494	0.02033	0.0293	0.0293	0.02549	0.11237	0.04269	0.02295	0.03137	0.0808	0.07959	0.09023	
0.03739	0.03116	0.0	0.06543	0.0	0.07998	0.11258	0.0266	0.00327	0.05688	0.11246	0.0	0.13754	0.02977	0.11497	0.01821	0.11361	0.09291	0.02683	0.11152	5e-05	0.02977	0.39053	0.04894	0.05099	0.11466	0.06816	0.01527	0.00748	0.04116	0.04965	0.11382	0.0084	0.0	0.03688	0.02332	0.07355	5e-05	0.02683	0.02103	0.07657	0.04931	0.12568	0.20777	0.15518	0.18659	0.04959	0.00143	0.00143	0.02716	0.05926	0.1163	0.11794	0.03691	0.02452	5e-05	0.07468	0.04115	0.01636	0.03981	5e-05	0.08477	5e-05	0.05556	0.03621	5e-05	0.07258	5e-05	0.09707	0.04874	5e-05	0.04772	0.01795	0.0	0.0	0.0	0.0	0.0	0.0	0.0	0.0	0.0698	0.11497	0.19048	0.09409	0.09409	0.11466	0.03822	5e-05	0.0213	0.11501	5e-05	0.06281	0.01501	0.11382	0.08477	0.07527	0.11497	0.11497	5e-05	0.07527	0.21343	0.19817	0.169	0.21343	0.00535	0.03735	0.18036	0.10273	0.28407	0.15561	0.05904	0.02086	0.09409	0.02426	0.24305	0.0	0.02996	0.02432	0.07457	0.11165	0.20369	0.27399	0.07123	5e-05	0.05843	0.11382	0.05749	0.08477	0.05768	0.03621	5e-05	0.08477	0.11497	0.11497	0.0223	0.17482	0.11497	0.11497	0.26186	0.11627	0.1166	0.02384	0.05519	0.05017	0.08526	0.2016	
0.02977	0.02124	0.06543	0.0	0.0	0.15251	0.02046	0.02414	0.02692	0.0422	0.09284	0.0	0.03885	0.01312	0.0215	0.00837	0.02453	0.14764	0.01196	0.02407	7e-05	0.01312	0.0504	0.38419	0.04889	0.02715	0.0613	0.06336	0.02438	0.01718	0.12031	0.02133	0.02771	0.0	0.03131	0.1503	0.01366	7e-05	0.01196	0.03462	0.15921	0.04119	0.09495	0.06658	0.05145	0.0538	0.0207	0.00056	0.00056	0.10178	0.02738	0.16344	0.01868	0.01009	0.1083	7e-05	0.01592	0.05155	0.00758	0.01669	7e-05	0.2206	7e-05	0.04783	0.24186	7e-05	0.03464	7e-05	0.04248	0.01993	7e-05	0.02584	0.02328	0.0	0.0	0.0	0.0	0.0	0.0	0.0	0.0	0.09171	0.0215	0.03163	0.01828	0.01828	0.02715	0.0275	7e-05	0.00047	0.02752	7e-05	0.03879	0.01866	0.02133	0.2206	0.01517	0.0215	0.0215	7e-05	0.01517	0.03431	0.03571	0.06749	0.03431	0.038	0.0161	0.03884	0.03245	0.04692	0.04576	0.03096	0.02026	0.01828	0.01537	0.12759	0.0	0.02361	0.04554	0.03942	0.02433	0.05998	0.1428	0.21741	7e-05	0.08818	0.02133	0.02289	0.2206	0.02297	0.24186	7e-05	0.2206	0.0215	0.0215	0.05945	0.03561	0.0215	0.0215	0.04374	0.1678	0.02895	0.02047	0.02213	0.05039	0.01883	0.09257	
0.0	0.0	0.0	0.0	0.0	0.0	0.0	0.0	0.0	0.0	0.0	0.0	0.0	0.0	0.0	0.0	0.0	0.0	0.0	0.0	0.0	0.0	0.0	0.0	0.0	0.0	0.0	0.0	0.0	0.0	0.0	0.0	0.0	0.0	0.0	0.0	0.0	0.0	0.0	0.0	0.0	0.0	0.0	0.0	0.0	0.0	0.0	0.0	0.0	0.0	0.0	0.0	0.0	0.0	0.0	0.0	0.0	0.0	0.0	0.0	0.0	0.0	0.0	0.0	0.0	0.0	0.0	0.0	0.0	0.0	0.0	0.0	0.0	0.0	0.0	0.0	0.0	0.0	0.0	0.0	0.0	0.0	0.0	0.0	0.0	0.0	0.0	0.0	0.0	0.0	0.0	0.0	0.0	0.0	0.0	0.0	0.0	0.0	0.0	0.0	0.0	0.0	0.0	0.0	0.0	0.0	0.0	0.0	0.0	0.0	0.0	0.0	0.0	0.0	0.0	0.0	0.0	0.0	0.0	0.0	0.0	0.0	0.0	0.0	0.0	0.0	0.0	0.0	0.0	0.0	0.0	0.0	0.0	0.0	0.0	0.0	0.0	0.0	0.0	0.0	0.0	0.0	0.0	0.0	0.0	0.0	0.0	
0.09829	0.12994	0.07998	0.15251	0.0	0.0	0.13389	0.04096	0.04194	0.2184	0.1377	0.0	0.04172	0.01855	0.15848	0.01131	0.15737	0.10208	0.01674	0.03814	3e-05	0.01855	0.02136	0.03473	0.08318	0.1446	0.03557	0.11195	0.03743	0.02592	0.20987	0.03214	0.10749	0.0	0.06775	0.1983	0.02079	3e-05	0.07465	0.0231	0.1193	0.11674	0.10312	0.02948	0.04361	0.05013	0.01858	0.00085	0.00085	0.06487	0.04552	0.14994	0.03716	0.07675	0.41913	3e-05	0.02315	0.08838	0.01016	0.02511	3e-05	0.09565	3e-05	0.08112	0.29938	3e-05	0.05904	3e-05	0.14313	0.03076	3e-05	0.04001	0.10361	0.0	0.0	0.0	0.0	0.0	0.0	0.0	0.0	0.09574	0.15848	0.05046	0.02696	0.02696	0.1446	0.07826	3e-05	0.16048	0.14434	3e-05	0.13327	0.03547	0.03214	0.09565	0.02184	0.15848	0.15848	3e-05	0.02184	0.0554	0.05994	0.21179	0.0554	0.06229	0.02336	0.04013	0.05586	0.04961	0.08098	0.05099	0.03031	0.02696	0.03804	0.10003	0.0	0.03608	0.02399	0.09076	0.03867	0.01841	0.10884	0.16228	3e-05	0.2523	0.03214	0.0363	0.09565	0.03645	0.29938	3e-05	0.09565	0.15848	0.15848	0.04861	0.06048	0.15848	0.15848	0.03398	0.40014	0.14362	0.21133	0.07846	0.05416	0.07917	0.04032	
0.02718	0.04252	0.11258	0.02046	0.0	0.13389	0.0	0.03309	0.04116	0.03638	0.03717	0.0	0.03656	0.01629	0.02731	0.01023	0.02908	0.01325	0.01481	0.03108	6e-05	0.01629	0.06682	0.02722	0.01536	0.11038	0.11008	8e-05	0.03117	0.02182	0.07487	0.0271	0.01033	0.0	0.04097	0.13182	0.01699	6e-05	0.01481	0.12349	0.03336	0.00807	0.0263	0.00034	0.07131	0.02993	0.02625	0.00059	0.00059	0.02486	0.14214	0.14065	0.02354	0.03567	0.07752	6e-05	0.01994	0.06842	0.00924	0.02118	6e-05	0.01826	6e-05	0.00397	0.16455	6e-05	0.04444	6e-05	0.37267	0.14924	6e-05	0.03313	0.05472	0.0	0.0	0.0	0.0	0.0	0.0	0.0	0.0	0.04479	0.02731	0.04097	0.02305	0.02305	0.11038	0.00211	6e-05	0.00941	0.0359	6e-05	0.00216	0.02355	0.0271	0.01826	0.01897	0.02731	0.02731	6e-05	0.01897	0.04462	0.04701	0.05677	0.04462	0.00037	0.17045	0.05217	0.04303	0.06152	0.06128	0.0405	0.02567	0.02305	0.03163	0.04669	0.0	0.03014	0.06084	0.053	0.03145	0.00213	0.05144	0.12647	6e-05	0.05163	0.0271	0.14232	0.01826	0.28734	0.16455	6e-05	0.01826	0.02731	0.02731	0.07947	0.04704	0.02731	0.02731	0.05823	0.13103	0.13494	0.1093	0.14378	0.04034	0.03304	0.10018	
0.04062	0.03673	0.0266	0.02414	0.0	0.04096	0.03309	0.0	0.11084	0.15109	0.29943	0.0	0.03557	0.01033	0.01702	0.00656	0.02495	0.02613	0.00941	0.01914	4e-05	0.01033	0.04002	0.04902	0.03882	0.02163	0.0232	0.05021	0.12999	0.01361	0.01639	0.01688	0.03004	0.0	0.02494	0.07384	0.01067	4e-05	0.00941	0.02761	0.02043	0.03271	0.09852	0.02917	0.04111	0.04299	0.01638	0.00038	0.00038	0.11666	0.02158	0.02253	0.31022	0.0314	0.04146	4e-05	0.31148	0.04092	0.00594	0.01322	4e-05	0.01153	4e-05	0.03798	0.01236	4e-05	0.08926	4e-05	0.02847	0.01582	4e-05	0.02048	0.04968	0.0	0.0	0.0	0.0	0.0	0.0	0.0	0.0	0.08381	0.01702	0.0856	0.01444	0.01444	0.02163	0.02182	4e-05	0.02309	0.02193	4e-05	0.03081	0.01475	0.01688	0.01153	0.31236	0.01702	0.01702	4e-05	0.31236	0.02725	0.02845	0.03628	0.02725	0.08859	0.01271	0.03108	0.17982	0.06948	0.17899	0.0883	0.17563	0.01444	0.03836	0.02796	0.0	0.0187	0.10269	0.03155	0.01935	0.04756	0.0309	0.03019	4e-05	0.01892	0.01688	0.01821	0.01153	0.01827	0.01236	4e-05	0.01153	0.01702	0.01702	0.04714	0.07395	0.01702	0.01702	0.18189	0.02285	0.02308	0.03865	0.0176	0.06581	0.07715	0.07663	
0.04116	0.03775	0.00327	0.02692	0.0	0.04194	0.04116	0.11084	0.0	0.03762	0.0234	0.0	0.03642	0.01135	0.01829	0.00734	0.01935	0.02712	0.01037	0.02021	9e-05	0.01135	0.0416	0.01822	0.04039	0.02265	0.02421	0.01252	0.10735	0.0146	0.01763	0.01814	0.0315	0.0	0.02604	0.03885	0.01174	9e-05	0.01037	0.06999	0.02144	0.04233	0.03861	0.17619	0.03597	0.03757	0.01762	0.00044	0.00044	0.06191	0.23929	0.23301	0.30283	0.02336	0.04251	9e-05	0.30478	0.04251	0.00667	0.01419	9e-05	0.0126	9e-05	0.03954	0.01347	9e-05	0.59279	9e-05	0.06492	0.265	9e-05	0.02182	0.05043	0.0	0.0	0.0	0.0	0.0	0.0	0.0	0.0	0.01392	0.01829	0.06203	0.01563	0.01563	0.02265	0.02318	9e-05	0.0005	0.02294	9e-05	0.03229	0.01594	0.01814	0.0126	0.30598	0.01829	0.01829	9e-05	0.30598	0.02868	0.02959	0.03713	0.02868	0.03165	0.33374	0.03173	0.16622	0.05165	0.16524	0.06726	0.15542	0.01563	0.02091	0.02864	0.0	0.02	0.02791	0.03218	0.02041	0.04923	0.0319	0.02384	9e-05	0.02022	0.01814	0.24089	0.0126	0.24031	0.01347	9e-05	0.0126	0.01829	0.01829	0.04881	0.05385	0.01829	0.01829	0.03597	0.02384	0.21091	0.17574	0.24614	0.15643	0.01592	0.07448	
0.1177	0.03458	0.05688	0.0422	0.0	0.2184	0.03638	0.15109	0.03762	0.0	0.30925	0.0	0.13082	0.01633	0.20133	0.00986	0.20085	0.14645	0.01471	0.2256	1e-05	0.01633	0.12707	0.0288	0.09054	0.18226	0.04362	0.08384	0.03349	0.02314	0.07356	0.24428	0.09394	0.0	0.15458	0.28379	0.10686	1e-05	0.01471	0.05353	0.03762	0.07233	0.1807	0.08376	0.20393	0.20254	0.02765	0.00064	0.00064	0.12318	0.0564	0.05747	0.05069	0.12066	0.21308	1e-05	0.02039	0.17583	0.00884	0.06966	1e-05	0.0185	1e-05	0.09164	0.12628	1e-05	0.05405	1e-05	0.04922	0.0276	1e-05	0.17056	0.29037	0.0	0.0	0.0	0.0	0.0	0.0	0.0	0.0	0.11203	0.20133	0.13157	0.02393	0.02393	0.18226	0.12221	1e-05	0.08353	0.1818	1e-05	0.07706	0.02451	0.24428	0.0185	0.0193	0.20133	0.20133	1e-05	0.0193	0.12033	0.11622	0.13274	0.12033	0.17466	0.02067	0.1147	0.05132	0.12985	0.10003	0.09708	0.02698	0.02393	0.03405	0.19646	0.0	0.02424	0.0947	0.15492	0.22472	0.08855	0.11604	0.04812	1e-05	0.05981	0.24428	0.03276	0.0185	0.0329	0.12628	1e-05	0.0185	0.20133	0.20133	0.05764	0.12524	0.20133	0.20133	0.17972	0.42255	0.18037	0.23709	0.03144	0.1054	0.12631	0.06657	
0.04782	0.0423	0.11246	0.09284	0.0	0.1377	0.03717	0.29943	0.0234	0.30925	0.0	0.0	0.04119	0.01086	0.51196	0.00676	0.75561	0.02959	0.00985	0.02116	4e-05	0.01086	0.15156	0.12359	0.04397	0.39436	0.02607	0.05751	0.02105	0.01474	0.01769	0.01825	0.03357	0.0	0.25458	0.21519	0.01138	4e-05	0.00985	0.03133	0.02279	0.18824	0.14988	0.06051	0.04839	0.05088	0.01767	0.00058	0.00058	0.17791	0.13449	0.1318	0.17735	0.6363	0.13492	4e-05	0.01336	0.04646	0.0061	0.0143	4e-05	0.0122	4e-05	0.04297	0.01313	4e-05	0.03147	4e-05	0.03236	0.0173	4e-05	0.0224	0.12758	0.0	0.0	0.0	0.0	0.0	0.0	0.0	0.0	0.08727	0.51196	0.02779	0.01547	0.01547	0.39436	0.31922	4e-05	0.08682	0.39069	4e-05	0.202	0.01582	0.01825	0.0122	0.01268	0.51196	0.51196	4e-05	0.01268	0.03029	0.03216	0.04203	0.03029	0.08277	0.01352	0.03609	0.02967	0.04235	0.04206	0.02768	0.01728	0.01547	0.11081	0.0323	0.0	0.02034	0.07468	0.21536	0.02142	0.12927	0.03532	0.10064	4e-05	0.02059	0.01825	0.02014	0.0122	0.02022	0.01313	4e-05	0.0122	0.51196	0.51196	0.13022	0.03227	0.51196	0.51196	0.33091	0.38047	0.37813	0.14714	0.01942	0.18193	0.09639	0.1172	
0.0	0.0	0.0	0.0	0.0	0.0	0.0	0.0	0.0	0.0	0.0	0.0	0.0	0.0	0.0	0.0	0.0	0.0	0.0	0.0	0.0	0.0	0.0	0.0	0.0	0.0	0.0	0.0	0.0	0.0	0.0	0.0	0.0	0.0	0.0	0.0	0.0	0.0	0.0	0.0	0.0	0.0	0.0	0.0	0.0	0.0	0.0	0.0	0.0	0.0	0.0	0.0	0.0	0.0	0.0	0.0	0.0	0.0	0.0	0.0	0.0	0.0	0.0	0.0	0.0	0.0	0.0	0.0	0.0	0.0	0.0	0.0	0.0	0.0	0.0	0.0	0.0	0.0	0.0	0.0	0.0	0.0	0.0	0.0	0.0	0.0	0.0	0.0	0.0	0.0	0.0	0.0	0.0	0.0	0.0	0.0	0.0	0.0	0.0	0.0	0.0	0.0	0.0	0.0	0.0	0.0	0.0	0.0	0.0	0.0	0.0	0.0	0.0	0.0	0.0	0.0	0.0	0.0	0.0	0.0	0.0	0.0	0.0	0.0	0.0	0.0	0.0	0.0	0.0	0.0	0.0	0.0	0.0	0.0	0.0	0.0	0.0	0.0	0.0	0.0	0.0	0.0	0.0	0.0	0.0	0.0	0.0	
0.0851	0.03947	0.13754	0.03885	0.0	0.04172	0.03656	0.03557	0.03642	0.13082	0.04119	0.0	0.0	0.13095	0.02818	0.00986	0.03012	0.34806	0.01459	0.28068	3e-05	0.13095	0.06428	0.06676	0.05983	0.12222	0.29852	0.05635	0.05107	0.12275	0.02703	0.23809	0.02595	0.0	0.04477	0.04557	0.10901	3e-05	0.01459	0.12602	0.12449	0.05906	0.18473	0.05566	0.16097	0.18325	0.027	0.01448	0.01448	0.11278	0.12396	0.12757	0.02394	0.03765	0.1022	3e-05	0.02008	0.06313	0.00885	0.02186	3e-05	0.13662	3e-05	0.0673	0.01972	3e-05	0.05112	3e-05	0.1268	0.02676	3e-05	0.15565	0.18637	0.0	0.0	0.0	0.0	0.0	0.0	0.0	0.0	0.196	0.02818	0.1124	0.02346	0.02346	0.12222	0.0373	3e-05	0.01637	0.04644	3e-05	0.03687	0.02265	0.23809	0.13662	0.01902	0.02818	0.02818	3e-05	0.01902	0.09993	0.13939	0.09866	0.09993	0.08708	0.02034	0.10165	0.03548	0.19234	0.0776	0.03373	0.02144	0.02346	0.03305	0.38653	0.0	0.03136	0.0387	0.12066	0.21551	0.03406	0.28502	0.03858	3e-05	0.03177	0.23809	0.12037	0.13662	0.1217	0.01972	3e-05	0.13662	0.02818	0.02818	0.08935	0.1944	0.02818	0.02818	0.0321	0.041	0.04148	0.04372	0.03033	0.0635	0.02886	0.02136	
0.01769	0.0169	0.02977	0.01312	0.0	0.01855	0.01629	0.01033	0.01135	0.01633	0.01086	0.0	0.13095	0.0	0.00948	0.00442	0.01008	0.01259	0.0059	0.0099	0.00021	0.99967	0.01918	0.00943	0.01868	0.01082	0.20519	0.02342	0.29218	0.61949	0.00918	0.0094	0.01502	0.0	0.0123	0.09322	0.00676	0.00021	0.0059	0.01323	0.01029	0.01615	0.01674	0.02446	0.0179	0.01849	0.00917	0.0	0.0	0.08201	0.45742	0.01156	0.00883	0.01164	0.01885	0.00021	0.00753	0.01956	0.00407	0.00735	0.00021	0.00694	0.00021	0.01834	0.00733	0.00021	0.01313	0.00021	0.01358	0.00847	0.00021	0.01097	0.10384	0.0	0.0	0.0	0.0	0.0	0.0	0.0	0.0	0.03418	0.00948	0.01295	0.0083	0.0083	0.01082	0.01156	0.00021	0.03358	0.01093	0.00021	0.01536	0.00844	0.0094	0.00694	0.00715	0.00948	0.00948	0.00021	0.00715	0.01385	0.01378	0.01645	0.01385	0.01508	0.0075	0.01401	0.01215	0.01652	0.01676	0.01218	0.00902	0.0083	0.01059	0.01278	0.0	0.0102	0.0168	0.23307	0.00997	0.02231	0.01452	0.01182	0.00021	0.01029	0.0094	0.45575	0.00694	0.00943	0.00733	0.00021	0.00694	0.00948	0.00948	0.02214	0.3198	0.00948	0.00948	0.01632	0.01127	0.01136	0.0176	0.00916	0.10449	0.03221	0.03203	
0.03149	0.0293	0.11497	0.0215	0.0	0.15848	0.02731	0.01702	0.01829	0.20133	0.51196	0.0	0.02818	0.00948	0.0	0.00627	1.00027	0.02133	0.00871	0.01618	0.00016	0.00948	0.18972	0.01484	0.03169	0.61448	0.01915	0.04036	0.0167	0.01189	0.01439	0.01478	0.02498	0.0	0.36495	0.1789	0.01006	0.00016	0.00871	0.02247	0.01705	0.25589	0.02964	0.04228	0.03187	0.03311	0.01438	0.00086	0.00086	0.02473	0.20377	0.19456	0.38997	0.50981	0.15527	0.00016	0.01143	0.03329	0.00572	0.01157	0.00016	0.01047	0.00016	0.03105	0.01115	0.00016	0.0224	0.00016	0.02312	0.0136	0.00016	0.01761	0.13364	0.0	0.0	0.0	0.0	0.0	0.0	0.0	0.0	0.06109	0.99985	0.0212	0.01284	0.01284	0.61448	0.51823	0.00016	0.05905	0.60448	0.00016	0.28131	0.01308	0.01478	0.01047	0.01083	0.99985	0.99985	0.00016	0.01083	0.02284	0.02328	0.02872	0.02284	0.02509	0.01144	0.02452	0.02087	0.02887	0.02908	0.02038	0.0141	0.01284	0.01692	0.02222	0.0	0.01622	0.02904	0.26625	0.01633	0.14984	0.02491	0.01915	0.00016	0.01639	0.01478	0.01539	0.01047	0.01543	0.01115	0.00016	0.01047	0.99985	0.99985	0.15157	0.02307	0.99985	0.99985	0.20298	0.5772	0.57107	0.17348	0.01492	0.21386	0.07681	0.09126	
0.01065	0.01036	0.01821	0.00837	0.0	0.01131	0.01023	0.00656	0.00734	0.00986	0.00676	0.0	0.00986	0.00442	0.00627	0.0	0.00662	0.00784	0.00412	0.00633	0.00026	0.00442	0.01193	0.00622	0.01164	0.00683	0.00718	0.01443	0.00683	0.00496	0.00607	0.0062	0.00949	0.0	0.00773	0.01059	0.00461	0.00026	0.00412	0.00822	0.00651	0.01015	0.01011	0.01505	0.01078	0.01109	0.00606	0.00055	0.00055	0.00903	0.00707	0.00726	0.00587	0.00752	0.01151	0.00026	0.12472	0.01216	0.00298	0.00483	0.00026	0.00474	0.00026	0.01144	0.00498	0.00026	0.00813	0.00026	0.00842	0.35433	0.00026	0.00712	0.01302	0.0	0.0	0.0	0.0	0.0	0.0	0.0	0.0	0.02021	0.00627	0.00828	0.00555	0.00555	0.00683	0.00747	0.00026	0.02958	0.00689	0.00026	0.00969	0.00563	0.0062	0.00474	0.00487	0.00627	0.00627	0.00026	0.00487	0.0088	0.00859	0.01003	0.0088	0.08844	0.00508	0.08786	0.09005	0.01006	0.01027	0.00765	0.00597	0.00555	0.00689	0.00781	0.0	0.00667	0.05809	0.00863	0.29877	0.01378	0.00896	0.00762	0.00026	0.00672	0.0062	0.00602	0.00474	0.00602	0.00498	0.00026	0.00474	0.00627	0.00627	0.01368	0.00842	0.00627	0.00627	0.01006	0.00708	0.00713	0.01075	0.00587	0.01088	0.02465	0.03005	
0.03369	0.03124	0.11361	0.02453	0.0	0.15737	0.02908	0.02495	0.01935	0.20085	0.75561	0.0	0.03012	0.01008	1.00027	0.00662	0.0	0.02263	0.00917	0.01709	0.00017	0.01008	0.18817	0.02488	0.03384	0.61465	0.02037	0.04334	0.01772	0.01261	0.0152	0.01561	0.02656	0.0	0.36347	0.17779	0.01064	0.00017	0.00917	0.02388	0.01807	0.25422	0.06409	0.04549	0.03412	0.03548	0.01518	0.00092	0.00092	0.07402	0.20593	0.19661	0.39355	1.01384	0.15409	0.00017	0.01208	0.03556	0.00602	0.0122	0.00017	0.01107	0.00017	0.03312	0.01176	0.00017	0.02376	0.00017	0.02456	0.01437	0.00017	0.01863	0.13307	0.0	0.0	0.0	0.0	0.0	0.0	0.0	0.0	0.06065	1.00027	0.02246	0.01355	0.01355	0.61465	0.5165	0.00017	0.06436	0.60466	0.00017	0.27963	0.01383	0.01561	0.01107	0.01142	1.00027	1.00027	0.00017	0.01142	0.02423	0.02471	0.03063	0.02423	0.02667	0.01206	0.0261	0.02214	0.0308	0.031	0.02159	0.01489	0.01355	0.02389	0.0236	0.0	0.01714	0.03097	0.26592	0.01726	0.14844	0.02649	0.02386	0.00017	0.01732	0.01561	0.01631	0.01107	0.01631	0.01176	0.00017	0.01107	1.00027	1.00027	0.15013	0.02454	1.00027	1.00027	0.20157	0.5775	0.5714	0.17232	0.01576	0.21368	0.07635	0.09011	
0.08953	0.06479	0.09291	0.14764	0.0	0.10208	0.01325	0.02613	0.02712	0.14645	0.02959	0.0	0.34806	0.01259	0.02133	0.00784	0.02263	0.0	0.01142	0.30339	3e-05	0.01259	0.07912	0.21977	0.22894	0.02801	0.16576	0.05976	0.0244	0.01707	0.0205	0.35282	0.02236	0.0	0.03244	0.05074	0.15427	3e-05	0.01142	0.03629	0.27078	0.04262	0.20849	0.0567	0.20407	0.19699	0.02048	0.00043	0.00043	0.13411	0.02787	0.28314	0.01806	0.02799	0.10094	3e-05	0.01541	0.07679	0.00707	0.01656	3e-05	0.36912	3e-05	0.23548	0.01521	3e-05	0.03644	3e-05	0.03749	0.02003	3e-05	0.22642	0.13395	0.0	0.0	0.0	0.0	0.0	0.0	0.0	0.0	0.23707	0.02133	0.15948	0.01793	0.01793	0.02801	0.01913	3e-05	0.04381	0.02843	3e-05	0.04	0.01833	0.35282	0.36912	0.0147	0.02133	0.02133	3e-05	0.0147	0.13984	0.12715	0.11448	0.13984	0.32606	0.01567	0.10864	0.03434	0.23367	0.09162	0.03465	0.02002	0.01793	0.02477	0.49107	0.0	0.02357	0.04838	0.04248	0.3009	0.06356	0.36667	0.01827	3e-05	0.02386	0.35282	0.02332	0.36912	0.0234	0.01521	3e-05	0.36912	0.02133	0.02133	0.06267	0.13707	0.02133	0.02133	0.02266	0.02972	0.03004	0.05186	0.02248	0.05442	0.04218	0.04807	
0.18618	0.01528	0.02683	0.01196	0.0	0.01674	0.01481	0.00941	0.01037	0.01471	0.00985	0.0	0.01459	0.0059	0.00871	0.00412	0.00917	0.01142	0.0	0.00903	0.00018	0.0059	0.01739	0.00865	0.01695	0.00984	0.01039	0.06866	0.00958	0.00691	0.00843	0.00862	0.01366	0.0	0.15587	0.0833	0.00611	0.00018	0.00547	0.01199	0.00936	0.01467	0.01509	0.02213	0.1869	0.06607	0.33408	0.00042	0.00042	0.01314	0.01005	0.01037	0.00791	0.01064	0.01702	0.00018	0.00687	0.08875	0.0038	0.58065	0.00018	0.00641	0.00018	0.09788	0.00677	0.00018	0.0119	0.00018	0.01231	0.00775	0.00018	0.01004	0.0626	0.0	0.0	0.0	0.0	0.0	0.0	0.0	0.0	0.02978	0.00871	0.01181	0.00764	0.00764	0.00984	0.01056	0.00018	0.03031	0.00994	0.00018	0.01397	0.00776	0.00862	0.00641	0.0066	0.00871	0.00871	0.00018	0.0066	0.01262	0.0125	0.01485	0.01262	0.01372	0.00692	0.01264	0.011	0.01491	0.08774	0.01107	0.00828	0.00764	0.00969	0.01155	0.0	0.00934	0.25824	0.13276	0.00909	0.0202	0.01315	0.0108	0.00018	0.00943	0.00862	0.00858	0.00641	0.00859	0.00677	0.00018	0.00641	0.00871	0.00871	0.07414	0.01229	0.00871	0.00871	0.01477	0.01024	0.01032	0.01589	0.00836	0.01617	0.02892	0.02879	
0.14783	0.10316	0.11152	0.02407	0.0	0.03814	0.03108	0.01914	0.02021	0.2256	0.02116	0.0	0.28068	0.0099	0.01618	0.00633	0.01709	0.30339	0.00903	0.0	5e-05	0.0099	0.169	0.01611	0.17548	0.02035	0.0218	0.13005	0.01832	0.01293	0.01559	0.71946	0.03541	0.0	0.02343	0.03531	0.24998	5e-05	0.00903	0.02587	0.01924	0.03074	0.30557	0.1235	0.29247	0.27615	0.01557	0.00034	0.00034	0.25406	0.02031	0.02118	0.01385	0.02081	0.03863	5e-05	0.01195	0.16444	0.00573	0.01256	5e-05	0.01103	5e-05	0.1804	0.01181	5e-05	0.02588	5e-05	0.02666	0.01498	5e-05	0.45573	0.20012	0.0	0.0	0.0	0.0	0.0	0.0	0.0	0.0	0.07707	0.01618	0.32325	0.01376	0.01376	0.02035	0.02064	5e-05	0.10403	0.11636	5e-05	0.02898	0.12523	0.71946	0.01103	0.01144	0.01618	0.01618	5e-05	0.01144	0.28533	0.45681	0.1965	0.28533	0.24577	0.01214	0.19277	0.07708	0.21068	0.17153	0.05204	0.11683	0.01376	0.01857	0.34927	0.0	0.01774	0.06398	0.02937	0.5567	0.13798	0.22138	0.02124	5e-05	0.01794	0.71946	0.01719	0.01103	0.01724	0.01181	5e-05	0.01103	0.01618	0.01618	0.04407	0.25232	0.01618	0.01618	0.02834	0.02147	0.02168	0.06302	0.01662	0.0374	0.07478	0.10939	
1e-05	3e-05	5e-05	7e-05	0.0	3e-05	6e-05	4e-05	9e-05	1e-05	4e-05	0.0	3e-05	0.00021	0.00016	0.00026	0.00017	3e-05	0.00018	5e-05	0.0	0.00021	6e-05	0.0001	6e-05	8e-05	5e-05	6e-05	0.0001	9e-05	0.00011	0.00011	7e-05	0.0	5e-05	4e-05	0.00018	0.0	0.00018	3e-05	4e-05	7e-05	1e-05	5e-05	1e-05	1e-05	0.00011	0.0	0.0	3e-05	7e-05	4e-05	0.00015	0.00012	3e-05	0.0	0.00015	6e-05	0.00028	7e-05	0.0	0.00015	0.0	6e-05	0.00014	0.0	3e-05	0.0	3e-05	5e-05	0.0	9e-05	2e-05	0.0	0.0	0.0	0.0	0.0	0.0	0.0	0.0	0.0	0.00016	8e-05	0.00012	0.00012	8e-05	0.00011	0.0	5e-05	7e-05	0.0	9e-05	0.00012	0.00011	0.00015	0.00015	0.00016	0.00016	0.0	0.00015	7e-05	4e-05	2e-05	7e-05	7e-05	0.00014	1e-05	1e-05	2e-05	3e-05	4e-05	0.00011	0.00012	9e-05	1e-05	0.0	0.0001	3e-05	3e-05	5e-05	5e-05	3e-05	8e-05	0.0	0.0001	0.00011	6e-05	0.00015	4e-05	0.00014	0.0	0.00015	0.00016	0.00016	5e-05	4e-05	0.00016	0.00016	3e-05	7e-05	7e-05	3e-05	5e-05	3e-05	2e-05	3e-05	
0.01769	0.0169	0.02977	0.01312	0.0	0.01855	0.01629	0.01033	0.01135	0.01633	0.01086	0.0	0.13095	0.99967	0.00948	0.00442	0.01008	0.01259	0.0059	0.0099	0.00021	0.0	0.01918	0.00943	0.01868	0.01082	0.20519	0.02342	0.29218	0.61949	0.00918	0.0094	0.01502	0.0	0.0123	0.09322	0.00676	0.00021	0.0059	0.01323	0.01029	0.01615	0.01674	0.02446	0.0179	0.01849	0.00917	0.0	0.0	0.08201	0.45742	0.01156	0.00883	0.01164	0.01885	0.00021	0.00753	0.01956	0.00407	0.00735	0.00021	0.00694	0.00021	0.01834	0.00733	0.00021	0.01313	0.00021	0.01358	0.00847	0.00021	0.01097	0.10384	0.0	0.0	0.0	0.0	0.0	0.0	0.0	0.0	0.03418	0.00948	0.01295	0.0083	0.0083	0.01082	0.01156	0.00021	0.03358	0.01093	0.00021	0.01536	0.00844	0.0094	0.00694	0.00715	0.00948	0.00948	0.00021	0.00715	0.01385	0.01378	0.01645	0.01385	0.01508	0.0075	0.01401	0.01215	0.01652	0.01676	0.01218	0.00902	0.0083	0.01059	0.01278	0.0	0.0102	0.0168	0.23307	0.00997	0.02231	0.01452	0.01182	0.00021	0.01029	0.0094	0.45575	0.00694	0.00943	0.00733	0.00021	0.00694	0.00948	0.00948	0.02214	0.3198	0.00948	0.00948	0.01632	0.01127	0.01136	0.0176	0.00916	0.10449	0.03221	0.03203	
0.08103	0.05822	0.39053	0.0504	0.0	0.02136	0.06682	0.04002	0.0416	0.12707	0.15156	0.0	0.06428	0.01918	0.18972	0.01193	0.18817	0.07912	0.01739	0.169	6e-05	0.01918	0.0	0.03249	0.13556	0.1629	0.04632	0.07188	0.03736	0.02603	0.03133	0.18797	5e-05	0.0	0.06864	0.02657	0.09418	6e-05	0.01739	0.05593	0.04041	0.02244	0.1358	0.06345	0.14729	0.23963	0.0313	0.00089	0.00089	0.04909	0.04528	0.04622	0.04051	0.0827	0.01755	6e-05	0.02372	0.11916	0.01075	0.02525	6e-05	0.02155	6e-05	0.14309	0.0232	6e-05	0.13147	6e-05	0.05782	0.03058	6e-05	0.09845	0.06649	0.0	0.0	0.0	0.0	0.0	0.0	0.0	0.0	0.03755	0.18972	0.05416	0.15351	0.15351	0.1629	0.08466	6e-05	0.02345	0.16221	6e-05	0.02829	0.02799	0.18797	0.02155	0.02242	0.18972	0.18972	6e-05	0.02242	0.38339	0.33585	0.28131	0.38339	0.02937	0.0239	0.10344	0.05284	0.08705	0.17081	0.01021	0.03059	0.15351	0.05852	0.27565	0.0	0.06709	0.07521	0.08452	0.16813	0.58036	0.30884	0.04395	6e-05	0.03653	0.18797	0.03565	0.02155	0.03579	0.0232	6e-05	0.02155	0.18972	0.18972	0.08578	0.05504	0.18972	0.18972	0.48325	0.16036	0.15995	0.02572	0.03436	0.06459	0.18444	0.29832	
0.03139	0.0292	0.04894	0.38419	0.0	0.03473	0.02722	0.04902	0.01822	0.0288	0.12359	0.0	0.06676	0.00943	0.01484	0.00622	0.02488	0.21977	0.00865	0.01611	0.0001	0.00943	0.03249	0.0	0.03159	0.01791	0.11714	0.04024	0.01663	0.01184	0.01433	0.01472	0.02489	0.0	0.02052	0.03	0.00983	0.0001	0.00865	0.02239	0.25303	0.02694	0.10021	0.04215	0.03177	0.03301	0.01432	0.00054	0.00054	0.1307	0.01818	0.26417	0.01316	0.03455	0.03247	0.0001	0.01129	0.03318	0.00567	0.01152	0.0001	0.42501	0.0001	0.03095	0.01109	0.0001	0.02232	0.0001	0.02304	0.01354	0.0001	0.01754	0.0384	0.0	0.0	0.0	0.0	0.0	0.0	0.0	0.0	0.14839	0.01484	0.02112	0.01278	0.01278	0.01791	0.01858	0.0001	0.05888	0.01813	0.0001	0.02549	0.01302	0.01472	0.42501	0.01077	0.01484	0.01484	0.0001	0.01077	0.02276	0.0232	0.02862	0.02276	0.02501	0.01138	0.02444	0.0208	0.07502	0.02899	0.02031	0.01404	0.01278	0.0446	0.17798	0.0	0.01615	0.02895	0.02477	0.01626	0.03822	0.20316	0.0328	0.0001	0.01632	0.01472	0.01532	0.42501	0.01536	0.01109	0.0001	0.42501	0.01484	0.01484	0.03791	0.02299	0.01484	0.01484	0.02795	0.01879	0.01896	0.03057	0.01486	0.03146	0.05846	0.05666	
0.08661	0.13532	0.05099	0.04889	0.0	0.08318	0.01536	0.03882	0.04039	0.09054	0.04397	0.0	0.05983	0.01868	0.03169	0.01164	0.03384	0.22894	0.01695	0.17548	6e-05	0.01868	0.13556	0.03159	0.0	0.09892	0.09981	0.07902	0.03629	0.02531	0.03046	0.19625	2e-05	0.0	0.04834	0.07638	0.09782	6e-05	0.01695	0.10336	0.0392	0.06393	0.14287	0.07016	0.11252	0.24734	0.03043	0.00066	0.00066	0.05176	0.0421	0.04411	0.02733	0.04169	0.12055	6e-05	0.023	0.12856	0.01049	0.02455	6e-05	0.02099	6e-05	0.31262	0.02259	6e-05	0.13416	6e-05	0.1042	0.02971	6e-05	0.10393	0.04382	0.0	0.0	0.0	0.0	0.0	0.0	0.0	0.0	0.02598	0.03169	0.05806	0.16005	0.16005	0.09892	0.00033	6e-05	0.02772	0.04226	6e-05	0.00019	0.02723	0.19625	0.02099	0.02182	0.03169	0.03169	6e-05	0.02182	0.40479	0.35288	0.29287	0.40479	0.1021	0.02326	0.10747	0.05114	0.09413	0.18026	0.01056	0.02975	0.16005	0.06218	0.28797	0.0	0.07104	0.07272	0.06354	0.17452	0.25764	0.32329	0.00015	6e-05	0.03549	0.19625	0.0346	0.02099	0.09788	0.02259	6e-05	0.02099	0.03169	0.03169	3e-05	0.05777	0.03169	0.03169	0.06379	0.0442	0.04469	0.07812	0.03335	0.0821	0.09005	0.08546	
0.0441	0.03959	0.11466	0.02715	0.0	0.1446	0.11038	0.02163	0.02265	0.18226	0.39436	0.0	0.12222	0.01082	0.61448	0.00683	0.61465	0.02801	0.00984	0.02035	8e-05	0.01082	0.1629	0.01791	0.09892	0.0	0.2539	0.05405	0.02045	0.01439	0.0173	0.01783	0.03206	0.0	0.28386	0.15931	0.01137	8e-05	0.00984	0.23928	0.0218	0.2069	0.04119	0.0568	0.08824	0.04676	0.01728	0.00068	0.00068	0.03248	0.15176	0.14777	0.21698	0.36254	0.36524	8e-05	0.01324	0.04391	0.00618	0.01397	8e-05	0.01209	8e-05	0.04071	0.01298	8e-05	0.02968	8e-05	0.23712	0.01677	8e-05	0.02171	0.20395	0.0	0.0	0.0	0.0	0.0	0.0	0.0	0.0	0.14919	0.61448	0.02671	0.01521	0.01521	0.99986	0.36735	8e-05	0.08091	0.44433	8e-05	0.43221	0.01554	0.01783	0.01209	0.01256	0.61448	0.61448	8e-05	0.01256	0.02903	0.03048	0.03918	0.02903	0.03222	0.01335	0.03359	0.02789	0.03945	0.03935	0.02636	0.01691	0.01521	0.02075	0.03016	0.0	0.01979	0.0391	0.23062	0.02059	0.2147	0.03323	0.02385	8e-05	0.02002	0.01783	0.01937	0.01209	0.28043	0.01298	8e-05	0.01209	0.61448	0.61448	0.13725	0.03047	0.61448	0.61448	0.1745	0.43056	0.42742	0.15553	0.01871	0.19213	0.09225	0.13981	
0.04799	0.04285	0.06816	0.0613	0.0	0.03557	0.11008	0.0232	0.02421	0.04362	0.02607	0.0	0.29852	0.20519	0.01915	0.00718	0.02037	0.16576	0.01039	0.0218	5e-05	0.20519	0.04632	0.11714	0.09981	0.2539	0.0	0.05849	0.06923	0.17596	0.01842	0.019	0.03446	0.0	0.02867	0.03086	0.01196	5e-05	0.01039	0.23482	0.1783	0.03763	0.04476	0.06151	0.09066	0.05095	0.0184	0.02963	0.02963	0.0381	0.15907	0.1836	0.0165	0.02497	0.20468	5e-05	0.01401	0.0474	0.00649	0.01488	5e-05	0.24007	5e-05	0.0439	0.01377	5e-05	0.03202	5e-05	0.23295	0.01791	5e-05	0.0232	0.09544	0.0	0.0	0.0	0.0	0.0	0.0	0.0	0.0	0.23329	0.01915	0.02863	0.01617	0.01617	0.2539	0.02476	5e-05	0.08801	0.02517	5e-05	0.11592	0.01652	0.019	0.24007	0.01331	0.01915	0.01915	5e-05	0.01331	0.03115	0.03283	0.04247	0.03115	0.03463	0.01417	0.03641	0.03012	0.06704	0.0426	0.02834	0.018	0.01617	0.02216	0.14424	0.0	0.02112	0.04229	0.12335	0.02206	0.09169	0.16022	0.02553	5e-05	0.02137	0.019	0.15818	0.24007	0.27122	0.01377	5e-05	0.24007	0.01915	0.01915	0.05483	0.14218	0.01915	0.01915	0.04051	0.02627	0.02654	0.04521	0.02002	0.04698	0.09242	0.11074	
0.17485	0.03877	0.01527	0.06336	0.0	0.11195	8e-05	0.05021	0.01252	0.08384	0.05751	0.0	0.05635	0.02342	0.04036	0.01443	0.04334	0.05976	0.06866	0.13005	6e-05	0.02342	0.07188	0.04024	0.07902	0.05405	0.05849	0.0	0.04647	0.03219	0.03875	0.13842	0.00246	0.0	0.00966	0.02696	0.07058	6e-05	0.02119	0.01971	0.02002	5e-05	0.09657	0.1334	0.1939	0.46787	0.00764	0.00078	0.00078	0.2155	0.09825	0.09938	0.03502	0.05365	0.11318	6e-05	0.02907	0.28831	0.04102	0.07043	6e-05	0.02639	6e-05	0.21946	0.02846	6e-05	0.09873	6e-05	0.03703	0.09488	6e-05	0.1779	0.02987	0.0	0.0	0.0	0.0	0.0	0.0	0.0	0.0	0.06617	0.04036	0.03112	0.11398	0.11398	0.05405	0.05316	6e-05	0.01673	0.05492	6e-05	0.07834	0.03451	0.13842	0.02639	0.02747	0.04036	0.04036	6e-05	0.02747	0.26577	0.24077	0.21677	0.26577	0.01322	0.09764	0.08046	0.0788	0.04735	0.30285	0.00977	0.03781	0.11398	0.03646	0.20563	0.0	0.04319	0.11412	0.05305	0.12978	0.04053	0.22776	0.05496	6e-05	0.04541	0.13842	0.09614	0.02639	0.09618	0.02846	6e-05	0.02639	0.04036	0.04036	0.04597	0.03958	0.04036	0.04036	0.03738	0.05758	0.10139	0.12916	0.0957	0.04707	0.06066	0.01455	
0.03658	0.03376	0.00748	0.02438	0.0	0.03743	0.03117	0.12999	0.10735	0.03349	0.02105	0.0	0.05107	0.29218	0.0167	0.00683	0.01772	0.0244	0.00958	0.01832	0.0001	0.29218	0.03736	0.01663	0.03629	0.02045	0.06923	0.04647	0.0	0.23057	0.01611	0.01657	0.02844	0.0	0.02348	0.02121	0.01095	0.0001	0.00958	0.02573	0.01938	0.03084	0.03436	0.01219	0.03702	0.03854	0.0161	0.05354	0.05354	0.03206	0.19432	0.02158	0.3573	0.02122	0.03796	0.0001	0.35922	0.03817	0.00621	0.01296	0.0001	0.0116	0.0001	0.03554	0.01238	0.0001	0.08207	0.0001	0.02649	0.01532	0.0001	0.01984	0.04742	0.0	0.0	0.0	0.0	0.0	0.0	0.0	0.0	0.07403	0.0167	0.07784	0.01432	0.01432	0.02045	0.02105	0.0001	0.00271	0.02071	0.0001	0.02914	0.0146	0.01657	0.0116	0.36038	0.0167	0.0167	0.0001	0.36038	0.02594	0.02662	0.03316	0.02594	0.02857	0.01271	0.02833	0.18286	0.05931	0.17916	0.08131	0.18555	0.01432	0.01904	0.02561	0.0	0.01823	0.03565	0.1303	0.01849	0.04409	0.02861	0.02164	0.0001	0.01843	0.01657	0.1947	0.0116	0.01747	0.01238	0.0001	0.0116	0.0167	0.0167	0.04372	0.34166	0.0167	0.0167	0.03223	0.0215	0.0217	0.03539	0.01688	0.25953	0.0687	0.06614	
0.02521	0.10611	0.04116	0.01718	0.0	0.02592	0.02182	0.01361	0.0146	0.02314	0.01474	0.0	0.12275	0.61949	0.01189	0.00496	0.01261	0.01707	0.00691	0.01293	9e-05	0.61949	0.02603	0.01184	0.02531	0.01439	0.17596	0.03219	0.23057	0.0	0.13181	0.01179	0.01996	0.0	0.01648	0.08972	0.00789	9e-05	0.00691	0.01798	0.01364	0.0216	0.02373	0.0337	0.02551	0.02651	0.01147	0.38798	0.38798	0.07663	0.3623	0.01515	0.01057	0.01501	0.02628	9e-05	0.00905	0.02658	0.00452	0.00923	9e-05	0.00833	9e-05	0.0248	0.00887	9e-05	0.01793	9e-05	0.0185	0.01086	9e-05	0.01406	0.10377	0.0	0.0	0.0	0.0	0.0	0.0	0.0	0.0	0.04995	0.01189	0.01693	0.01023	0.01023	0.01439	0.0149	9e-05	0.05152	0.12498	9e-05	0.02044	0.01042	0.01179	0.00833	0.00861	0.01189	0.01189	9e-05	0.00861	0.01825	0.01862	0.02299	0.01825	0.02005	0.0091	0.07914	0.07647	0.02311	0.02327	0.0163	0.01125	0.01023	0.0135	0.01781	0.0	0.01294	0.05773	0.21191	0.01305	0.03059	0.01994	0.01529	9e-05	0.01308	0.01179	0.3605	0.00833	0.01233	0.00887	9e-05	0.00833	0.01189	0.01189	0.03034	0.27499	0.01189	0.01189	0.02243	0.0151	0.01523	0.02453	0.01193	0.10134	0.04882	0.16114	
0.05484	0.15137	0.04965	0.12031	0.0	0.20987	0.07487	0.01639	0.01763	0.07356	0.01769	0.0	0.02703	0.00918	0.01439	0.00607	0.0152	0.0205	0.00843	0.01559	0.00011	0.00918	0.03133	0.01433	0.03046	0.0173	0.01842	0.03875	0.01611	0.13181	0.0	0.01427	0.08951	0.0	0.01981	0.21535	0.00949	0.00011	0.00843	0.0216	0.01641	0.02601	0.05996	0.04059	0.03053	0.0317	0.01389	0.00041	0.00041	0.02364	0.01747	0.01813	0.01265	0.01813	0.04584	0.00011	0.01093	0.03199	0.00554	0.01117	0.00011	0.01013	0.00011	0.02985	0.50669	0.00011	0.02152	0.00011	0.09741	0.01312	0.00011	0.01699	0.04362	0.0	0.0	0.0	0.0	0.0	0.0	0.0	0.0	0.01563	0.01439	0.02042	0.01241	0.01241	0.0173	0.01799	0.00011	0.08383	0.05227	0.00011	0.02462	0.01264	0.01427	0.01013	0.01047	0.01439	0.01439	0.00011	0.01047	0.02199	0.02238	0.11128	0.02199	0.02415	0.01106	0.03101	0.02073	0.02769	0.02791	0.01961	0.01362	0.01241	0.01632	0.02132	0.0	0.01565	0.00564	0.02383	0.01573	0.03682	0.02392	0.15097	0.00011	0.20518	0.01427	0.01482	0.01013	0.01486	0.50669	0.00011	0.01013	0.01439	0.01439	0.03652	0.02217	0.01439	0.01439	0.02693	0.27777	0.0183	0.05446	0.01438	0.03026	0.07333	0.10796	
0.15527	0.02402	0.11382	0.02133	0.0	0.03214	0.0271	0.01688	0.01814	0.24428	0.01825	0.0	0.23809	0.0094	0.01478	0.0062	0.01561	0.35282	0.00862	0.71946	0.00011	0.0094	0.18797	0.01472	0.19625	0.01783	0.019	0.13842	0.01657	0.01179	0.01427	0.0	0.03508	0.0	0.02043	0.02985	0.33077	0.00011	0.00862	0.02229	0.01691	0.02682	0.33521	0.13008	0.31752	0.29655	0.01426	0.00042	0.00042	0.29259	0.018	0.01869	0.01297	0.01865	0.0326	0.00011	0.0112	0.18215	0.00565	0.01147	0.00011	0.01038	0.00011	0.20255	0.01105	0.00011	0.02221	0.00011	0.02293	0.01349	0.00011	0.5821	0.21164	0.0	0.0	0.0	0.0	0.0	0.0	0.0	0.0	0.06238	0.01478	0.39232	0.01273	0.01273	0.01783	0.0185	0.00011	0.08685	0.01805	0.00011	0.02537	0.01297	0.99974	0.01038	0.01073	0.01478	0.01478	0.00011	0.01073	0.34051	0.2821	0.21477	0.34051	0.2876	0.01134	0.13397	0.0207	0.23065	0.18752	0.05522	0.01399	0.01273	0.01678	0.39621	0.0	0.01609	0.0288	0.02464	0.70718	0.14851	0.24924	0.019	0.00011	0.01625	0.99974	0.01526	0.01038	0.0153	0.01105	0.00011	0.01038	0.01478	0.01478	0.03772	0.2888	0.01478	0.01478	0.02495	0.01871	0.01887	0.03041	0.0148	0.0313	0.05921	0.09031	
0.07771	0.01524	0.0084	0.02771	0.0	0.10749	0.01033	0.03004	0.0315	0.09394	0.03357	0.0	0.02595	0.01502	0.02498	0.00949	0.02656	0.02236	0.01366	0.03541	7e-05	0.01502	5e-05	0.02489	2e-05	0.03206	0.03446	0.00246	0.02844	0.01996	0.08951	0.03508	0.0	0.0	0.08164	0.13726	0.02355	7e-05	0.01366	0.02127	0.06239	0.00334	0.1438	0.01503	0.0546	0.05632	0.02402	0.00056	0.00056	0.01244	0.03229	0.03374	0.02155	0.03248	0.01062	7e-05	0.01832	0.01073	0.00858	0.08	7e-05	0.0168	7e-05	6e-05	0.18928	7e-05	0.04128	7e-05	0.03139	0.02327	7e-05	0.01963	0.01401	0.0	0.0	0.0	0.0	0.0	0.0	0.0	0.0	0.02071	0.02498	0.00873	0.02113	0.02113	0.03206	0.0322	7e-05	0.0344	0.03252	7e-05	0.00504	0.06611	0.03508	0.0168	0.01744	0.02498	0.02498	7e-05	0.01744	0.0057	0.00962	0.26456	0.0057	0.00286	0.01855	0.10301	0.03875	0.02632	0.01056	0.07179	0.0235	0.02113	0.02885	0.04128	0.0	0.00414	0.05462	0.02303	0.03553	0.00153	0.01389	0.0404	7e-05	0.06338	0.03508	0.02688	0.0168	0.02697	0.18928	7e-05	0.0168	0.02498	0.02498	0.07131	0.01543	0.02498	0.02498	0.00662	0.14292	0.03428	0.01551	0.02596	0.03079	0.0341	0.00828	
0.0	0.0	0.0	0.0	0.0	0.0	0.0	0.0	0.0	0.0	0.0	0.0	0.0	0.0	0.0	0.0	0.0	0.0	0.0	0.0	0.0	0.0	0.0	0.0	0.0	0.0	0.0	0.0	0.0	0.0	0.0	0.0	0.0	0.0	0.0	0.0	0.0	0.0	0.0	0.0	0.0	0.0	0.0	0.0	0.0	0.0	0.0	0.0	0.0	0.0	0.0	0.0	0.0	0.0	0.0	0.0	0.0	0.0	0.0	0.0	0.0	0.0	0.0	0.0	0.0	0.0	0.0	0.0	0.0	0.0	0.0	0.0	0.0	0.0	0.0	0.0	0.0	0.0	0.0	0.0	0.0	0.0	0.0	0.0	0.0	0.0	0.0	0.0	0.0	0.0	0.0	0.0	0.0	0.0	0.0	0.0	0.0	0.0	0.0	0.0	0.0	0.0	0.0	0.0	0.0	0.0	0.0	0.0	0.0	0.0	0.0	0.0	0.0	0.0	0.0	0.0	0.0	0.0	0.0	0.0	0.0	0.0	0.0	0.0	0.0	0.0	0.0	0.0	0.0	0.0	0.0	0.0	0.0	0.0	0.0	0.0	0.0	0.0	0.0	0.0	0.0	0.0	0.0	0.0	0.0	0.0	0.0	
0.10495	0.04611	0.03688	0.03131	0.0	0.06775	0.04097	0.02494	0.02604	0.15458	0.25458	0.0	0.04477	0.0123	0.36495	0.00773	0.36347	0.03244	0.15587	0.02343	5e-05	0.0123	0.06864	0.02052	0.04834	0.28386	0.02867	0.00966	0.02348	0.01648	0.01981	0.02043	0.08164	0.0	0.0	0.25658	0.0129	5e-05	0.01118	0.03433	0.02514	0.09723	0.04816	0.06632	0.10561	0.02787	0.05194	0.00066	0.00066	0.03767	0.06535	0.06455	0.08079	0.19956	0.06422	5e-05	0.01509	0.04093	0.00698	0.36861	5e-05	0.01378	5e-05	0.00972	0.01481	5e-05	0.03442	5e-05	0.03544	0.01925	5e-05	0.02494	0.19721	0.0	0.0	0.0	0.0	0.0	0.0	0.0	0.0	0.10603	0.36495	0.0308	0.01739	0.01739	0.28386	0.20272	5e-05	0.09457	0.28135	5e-05	0.10808	0.01776	0.02043	0.01378	0.01432	0.36495	0.36495	5e-05	0.01432	0.03351	0.03531	0.04569	0.03351	0.03726	0.01524	0.03914	0.03237	0.04602	0.01782	0.1699	0.01936	0.01739	0.02383	0.03509	0.0	0.10462	0.11646	0.41259	0.02371	0.05152	0.03859	0.02745	5e-05	0.02298	0.02043	0.0223	0.01378	0.02238	0.01481	5e-05	0.01378	0.36495	0.36495	0.20698	0.03534	0.36495	0.36495	0.08422	0.27437	0.27278	0.07562	0.02152	0.11265	0.04069	0.03277	
0.15998	0.12591	0.02332	0.1503	0.0	0.1983	0.13182	0.07384	0.03885	0.28379	0.21519	0.0	0.04557	0.09322	0.1789	0.01059	0.17779	0.05074	0.0833	0.03531	4e-05	0.09322	0.02657	0.03	0.07638	0.15931	0.03086	0.02696	0.02121	0.08972	0.21535	0.02985	0.13726	0.0	0.25658	0.0	0.01827	4e-05	0.01564	0.05392	0.03837	0.03836	0.1294	0.10813	0.11165	0.04556	0.02261	0.00642	0.00642	0.05253	0.15337	0.04662	0.03939	0.09007	0.10239	4e-05	0.02157	0.01744	0.00951	0.08114	4e-05	0.01954	4e-05	0.01496	0.31037	4e-05	0.0543	4e-05	0.1417	0.02854	4e-05	0.03708	0.19916	0.0	0.0	0.0	0.0	0.0	0.0	0.0	0.0	0.06221	0.1789	0.04665	0.02508	0.02508	0.15931	0.09173	4e-05	0.14762	0.15883	4e-05	0.0434	0.02567	0.02985	0.01954	0.02036	0.1789	0.1789	4e-05	0.02036	0.05115	0.05518	0.16688	0.05115	0.01163	0.02176	0.06372	0.05135	0.07513	0.02476	0.04704	0.02817	0.02508	0.03528	0.05652	0.0	0.03348	0.06503	0.20509	0.03578	0.0217	0.06138	0.16406	4e-05	0.1885	0.02985	0.09093	0.01954	0.03374	0.31037	4e-05	0.01954	0.1789	0.1789	0.06172	0.10089	0.1789	0.1789	0.08624	0.43121	0.15733	0.12525	0.03231	0.06557	0.0623	0.03789	
0.07397	0.08955	0.07355	0.01366	0.0	0.02079	0.01699	0.01067	0.01174	0.10686	0.01138	0.0	0.10901	0.00676	0.01006	0.00461	0.01064	0.15427	0.00611	0.24998	0.00018	0.00676	0.09418	0.00983	0.09782	0.01137	0.01196	0.07058	0.01095	0.00789	0.00949	0.33077	0.02355	0.0	0.0129	0.01827	0.0	0.00018	0.00611	0.02425	0.04994	0.02189	0.14336	0.08517	0.12019	0.1128	0.00948	0.00046	0.00046	0.1347	0.01164	0.01193	0.00899	0.0123	0.01991	0.00018	0.00773	0.09126	0.00422	0.00757	0.00018	0.00724	0.00018	0.10068	0.00759	0.00018	0.01357	0.00018	0.01408	0.00875	0.00018	0.24468	0.09687	0.0	0.0	0.0	0.0	0.0	0.0	0.0	0.0	0.03756	0.01006	0.18031	0.00858	0.00858	0.01137	0.01219	0.00018	0.04555	0.01145	0.00018	0.02209	0.07343	0.33077	0.00724	0.00739	0.01006	0.01006	0.00018	0.00739	0.16006	0.1319	0.13033	0.16006	0.13823	0.00776	0.02429	0.01256	0.10588	0.09051	0.01259	0.00932	0.00858	0.01098	0.14665	0.0	0.01055	0.01749	0.0149	0.2463	0.07565	0.11637	0.01227	0.00018	0.01065	0.33077	0.0098	0.00724	0.00974	0.00759	0.00018	0.00724	0.01006	0.01006	0.02346	0.13237	0.01006	0.01006	0.01713	0.01181	0.01189	0.0185	0.00944	0.0243	0.04642	0.05677	
1e-05	3e-05	5e-05	7e-05	0.0	3e-05	6e-05	4e-05	9e-05	1e-05	4e-05	0.0	3e-05	0.00021	0.00016	0.00026	0.00017	3e-05	0.00018	5e-05	0.0	0.00021	6e-05	0.0001	6e-05	8e-05	5e-05	6e-05	0.0001	9e-05	0.00011	0.00011	7e-05	0.0	5e-05	4e-05	0.00018	0.0	0.00018	3e-05	4e-05	7e-05	1e-05	5e-05	1e-05	1e-05	0.00011	0.0	0.0	3e-05	7e-05	4e-05	0.00015	0.00012	3e-05	0.0	0.00015	6e-05	0.00028	7e-05	0.0	0.00015	0.0	6e-05	0.00014	0.0	3e-05	0.0	3e-05	5e-05	0.0	9e-05	2e-05	0.0	0.0	0.0	0.0	0.0	0.0	0.0	0.0	0.0	0.00016	8e-05	0.00012	0.00012	8e-05	0.00011	0.0	5e-05	7e-05	0.0	9e-05	0.00012	0.00011	0.00015	0.00015	0.00016	0.00016	0.0	0.00015	7e-05	4e-05	2e-05	7e-05	7e-05	0.00014	1e-05	1e-05	2e-05	3e-05	4e-05	0.00011	0.00012	9e-05	1e-05	0.0	0.0001	3e-05	3e-05	5e-05	5e-05	3e-05	8e-05	0.0	0.0001	0.00011	6e-05	0.00015	4e-05	0.00014	0.0	0.00015	0.00016	0.00016	5e-05	4e-05	0.00016	0.00016	3e-05	7e-05	7e-05	3e-05	5e-05	3e-05	2e-05	3e-05	
