0.0	0.0882	0.00135	0.15633	0.0	0.0	0.00376	0.00093	0.00025	3e-05	0.00731	0.0	0.0	0.0	0.0	0.0	0.0	0.01793	0.00121	0.0596	0.01514	0.0	0.00601	0.0	0.0	0.0	0.0	0.0	0.0	0.00025	0.00025	0.00025	0.00025	0.0	3e-05	0.00025	0.0	0.00028	0.0	0.00031	0.00025	0.0	0.0	0.00025	0.03076	0.00731	0.0	0.0	0.0	0.0	0.0	0.0	0.0	0.02018	0.0	0.01034	0.0	0.01392	0.0016	1e-05	0.03449	0.00516	0.0	0.004	0.00821	5e-05	4e-05	0.0	0.00025	0.00025	0.0	0.0	0.0	0.0	0.00295	0.00124	0.0	0.00034	0.00016	0.0	0.00025	0.0	0.0	0.0	0.0	0.0	0.0	0.0	0.01787	0.0	0.0	0.02532	0.12001	0.12002	0.1194	
0.0882	0.0	0.0	0.37028	0.02742	0.00046	0.00019	0.0	0.16449	0.00288	0.12925	0.00046	0.00046	0.0	0.00046	0.00046	0.0	0.00744	0.0	0.01745	0.0	0.02032	0.00046	0.00046	0.00046	0.00046	0.00046	0.00046	0.00046	0.00046	0.00046	0.00046	0.00046	0.02876	0.0104	0.00046	0.0	0.0138	0.0	0.01745	0.00046	0.00046	0.0	0.00046	0.06347	0.00111	0.00046	0.00046	0.00046	0.00046	0.00046	0.0	0.00046	0.00819	0.0	0.0104	0.0	0.02298	0.1168	0.0	0.05267	0.06347	0.00046	0.05267	0.01747	0.0	0.01392	0.00046	0.00046	0.00046	0.0	0.00046	0.0	0.00046	0.0	0.0075	0.0	0.05516	0.00818	0.00046	0.00046	0.00046	0.00046	0.0	0.0	0.0	0.00046	0.00546	0.0082	0.14751	0.00046	0.0	0.10262	0.36933	0.00744	
0.00135	0.0	0.0	0.37027	0.00383	0.00046	0.01731	0.09779	0.36265	0.06469	0.0091	0.00046	0.00046	0.00024	0.00046	0.00046	0.00024	0.02394	0.40783	0.01745	0.07673	0.04412	0.00046	0.00046	0.00046	0.00046	0.00046	0.00046	0.00046	0.00046	0.00046	0.00046	0.00046	0.0167	0.03524	0.00046	0.00024	0.0138	0.00024	0.01745	0.00046	0.00046	0.00024	0.00046	0.08322	0.00766	0.00046	0.00046	0.00046	0.00046	0.00046	0.00024	0.00046	0.00818	0.18236	0.03525	0.03661	0.00054	0.1846	0.00201	0.01973	0.08322	0.00046	0.01973	0.03366	0.15922	0.00403	0.00046	0.00046	0.00046	0.00024	0.00046	0.0	0.00046	0.0	0.00136	0.0	0.05516	0.00818	0.00046	0.00046	0.00046	0.00046	0.00024	0.0	0.0	0.00046	0.01494	0.02119	0.37153	0.00046	0.3219	0.55153	0.36932	0.02394	
0.15633	0.37028	0.37027	0.0	0.0	0.00024	0.00067	0.03724	0.10873	0.03057	0.00066	0.00024	0.00024	0.0	0.00024	0.00024	0.0	0.01528	0.16373	0.03676	0.05163	0.02332	0.00024	0.00024	0.00024	0.00024	0.00024	0.00024	0.00024	0.00024	0.00024	0.00024	0.00024	0.0466	0.02411	0.00024	0.0	0.02719	0.0	0.03677	0.00024	0.00024	0.0	0.00024	0.07618	0.24668	0.00024	0.00024	0.00024	0.00024	0.00024	0.0	0.00024	0.04308	0.00021	0.02411	0.01207	0.05871	0.23533	0.09647	0.01406	0.07618	0.00024	0.01406	0.02881	0.0	0.03509	0.00024	0.00024	0.00024	0.0	0.00024	0.0	0.00024	0.02396	0.00042	0.0	5e-05	0.04308	0.00024	0.00024	0.00024	0.00024	0.0	0.0	0.0	0.00024	0.02838	0.01333	0.12318	0.00024	0.1227	0.02278	0.0934	0.01528	
0.0	0.02742	0.00383	0.0	0.0	0.00892	0.01832	4e-05	0.01598	0.05541	0.14542	0.0	0.0	0.0	0.0	0.0	0.0	0.04158	0.06994	0.103	0.05163	0.0	0.00353	0.0	0.0	0.01842	0.0	0.0	0.0	0.00024	0.00024	0.00024	0.00024	0.0	0.01199	0.00024	0.0	0.00749	0.0	0.00964	0.00024	0.0	0.0	0.00024	0.1066	0.14542	0.0	0.0	0.01982	0.0	0.0	0.0	0.00538	0.03055	0.0369	0.03843	0.07625	0.36681	0.02413	0.00913	0.00093	0.00162	0.0233	0.10993	0.00133	0.04098	0.01116	0.0	0.00024	0.00024	0.0	0.0	0.0	0.0	0.0049	0.00214	0.0	0.01148	0.00147	0.00533	0.00024	0.0	0.0	0.0	0.0	0.0	0.0	0.0	0.02872	0.07666	0.0587	0.00016	0.00627	0.00627	0.02728	
0.0	0.00046	0.00046	0.00024	0.00892	0.0	0.0758	0.00369	0.0199	0.01151	0.04115	0.0	0.0	0.0	0.0	0.0	0.0	0.00913	0.03472	0.00028	0.00167	0.0	0.0	0.0	0.0	0.0	0.0	0.0	0.0	0.0	0.0	0.0	0.0	0.0	0.0	0.0	0.0	0.00025	0.0	0.00028	0.0	0.0	0.0	0.0	0.00255	0.03691	0.0	0.0	0.0	0.0	0.0	0.0	0.0	0.01313	0.02399	0.0	0.01163	0.01687	0.00932	0.01119	0.0244	0.00255	0.0	0.0244	0.00628	0.04319	0.00605	0.0	0.0	0.0	0.0	0.0	0.0	0.0	0.01818	0.02179	0.0	0.01222	0.01313	0.0	0.0	0.0	0.0	0.0	0.0	0.0	0.0	0.11695	0.00495	0.06075	0.0	0.0031	0.0267	7e-05	0.00913	
0.00376	0.00019	0.01731	0.00067	0.01832	0.0758	0.0	0.1164	0.00707	0.00349	0.0251	0.00376	0.00376	0.00376	0.00376	0.00376	0.00376	0.02466	0.00512	0.0028	0.00118	0.00376	0.00485	0.00376	0.00376	0.02137	0.00376	0.00376	0.00376	0.00043	0.00043	0.00043	0.00043	0.00376	0.00454	0.00043	0.00376	0.0032	0.00376	0.00331	0.00043	0.00376	0.00376	0.00043	0.06961	0.0251	0.00376	0.00376	0.02352	0.00376	0.00376	0.00376	0.003	0.00258	0.00799	0.03316	0.01308	0.06555	0.02288	0.00206	3e-05	0.04722	0.02894	0.10013	0.04136	0.00946	0.02249	0.00376	0.00043	0.00043	0.00376	0.00376	0.0	0.00376	0.00063	0.1825	0.0	0.04232	0.04655	0.00294	0.00043	0.00376	0.00376	0.00376	0.0	0.0	0.00376	0.00376	0.17578	6e-05	0.01003	0.01249	0.00419	0.00419	0.01653	
0.00093	0.0	0.09779	0.03724	4e-05	0.00369	0.1164	0.0	0.00313	0.09643	0.02975	0.00065	0.00065	0.00034	0.00065	0.00065	0.00034	0.14457	0.69705	0.10484	0.0001	0.04064	0.31947	0.00065	0.00065	0.09626	0.00065	0.00065	0.00065	0.0	0.0	0.0	0.0	0.01833	0.06446	0.0	0.00034	0.02856	0.00034	0.03715	0.0	0.00065	0.00034	0.0	0.0491	0.03284	0.00065	0.00065	0.00214	0.00065	0.00065	0.00034	0.0164	0.0	0.01317	0.03119	0.05912	0.31537	9e-05	0.23442	0.02033	0.02291	0.03519	0.04575	0.0	0.01707	0.28652	0.00065	0.0	0.0	0.00034	0.00065	0.0	0.00065	0.00181	0.00805	0.0	0.00028	0.00115	0.00922	0.0	0.00065	0.00065	0.00034	0.0	0.0	0.00065	0.01304	0.01558	0.05608	0.02145	0.04807	0.14079	0.06199	0.01159	
0.00025	0.16449	0.36265	0.10873	0.01598	0.0199	0.00707	0.00313	0.0	0.02673	0.00049	0.00025	0.00025	0.00025	0.00025	0.00025	0.00025	0.01614	0.07659	0.00136	0.00066	0.00025	0.00472	0.00025	0.00025	0.02191	0.00025	0.00025	0.00025	0.00031	0.00031	0.00031	0.00031	0.00025	0.0125	0.00031	0.00025	0.00817	0.00025	0.01029	0.00031	0.00025	0.00025	0.00031	0.07744	0.00049	0.00025	0.00025	0.02891	0.00025	0.00025	0.00025	0.0141	0.08898	0.30349	0.00401	0.11925	0.00257	0.27157	0.0135	0.02721	0.26918	0.01461	0.10415	0.00545	0.27396	0.05606	0.00025	0.00031	0.00031	0.00025	0.00025	0.0	0.00025	0.0	0.01468	0.0	0.00907	0.03038	0.00773	0.00031	0.00025	0.00025	0.00025	0.0	0.0	0.00025	0.00025	0.01356	0.0	2e-05	0.17703	0.0	0.0	0.09573	
3e-05	0.00288	0.06469	0.03057	0.05541	0.01151	0.00349	0.09643	0.02673	0.0	0.07478	3e-05	3e-05	3e-05	3e-05	3e-05	3e-05	0.00946	0.0696	0.01463	0.02089	3e-05	0.00512	3e-05	3e-05	0.02485	3e-05	3e-05	3e-05	1e-05	1e-05	1e-05	1e-05	3e-05	0.0	1e-05	3e-05	0.05907	3e-05	0.08073	1e-05	3e-05	3e-05	1e-05	0.20595	0.07478	3e-05	3e-05	0.16568	3e-05	3e-05	3e-05	0.01933	1e-05	0.01856	1.21219	0.0	0.00211	0.25825	0.00699	0.03585	0.30688	0.03897	0.07645	0.03332	0.0	0.04224	3e-05	1e-05	1e-05	3e-05	3e-05	0.0	3e-05	0.06611	0.00839	0.0	0.07352	0.10058	0.0841	1e-05	3e-05	3e-05	3e-05	0.0	0.0	3e-05	3e-05	0.00262	0.00409	0.0082	0.00066	0.01363	0.01363	0.00249	
0.00731	0.12925	0.0091	0.00066	0.14542	0.04115	0.0251	0.02975	0.00049	0.07478	0.0	8e-05	8e-05	0.0	8e-05	8e-05	0.0	0.01488	0.01706	0.00899	0.0	0.04406	0.01025	8e-05	8e-05	0.05111	8e-05	8e-05	8e-05	0.0	0.0	0.0	0.0	0.00437	0.00385	0.0	0.0	0.01124	0.0	0.01563	0.0	8e-05	0.0	0.0	0.0223	0.0	8e-05	8e-05	0.07036	8e-05	8e-05	0.0	0.02296	0.00829	0.01749	0.04716	0.00047	0.08466	0.00801	0.05621	0.28766	0.0001	0.0	0.01622	0.07709	0.02015	0.01637	8e-05	0.0	0.0	0.0	8e-05	0.0	8e-05	0.00159	0.00525	0.0	0.14386	0.05443	0.01513	0.0	8e-05	8e-05	0.0	0.0	0.0	8e-05	0.06579	0.08561	0.06703	0.04264	0.14885	0.13243	0.10411	0.00281	
0.0	0.00046	0.00046	0.00024	0.0	0.0	0.00376	0.00065	0.00025	3e-05	8e-05	0.0	0.0	0.0	0.0	0.0	0.0	0.00028	1e-05	0.00031	4e-05	0.0	0.0	0.0	0.0	0.0	0.0	0.0	0.0	0.0	0.0	0.0	0.0	0.0	3e-05	0.0	0.0	0.00028	0.0	0.00031	0.0	0.0	0.0	0.0	0.0	8e-05	0.0	0.0	0.0	0.0	0.0	0.0	0.0	0.00016	0.0	3e-05	0.0	8e-05	2e-05	1e-05	0.00026	0.0	0.0	0.00026	1e-05	5e-05	4e-05	0.0	0.0	0.0	0.0	0.0	0.0	0.0	0.00025	0.00124	0.0	0.00034	0.00016	0.0	0.0	0.0	0.0	0.0	0.0	0.0	0.0	0.0	0.00013	0.00046	0.0	7e-05	7e-05	7e-05	0.00028	
0.0	0.00046	0.00046	0.00024	0.0	0.0	0.00376	0.00065	0.00025	3e-05	8e-05	0.0	0.0	0.0	0.0	0.0	0.0	0.00028	1e-05	0.00031	4e-05	0.0	0.0	0.0	0.0	0.0	0.0	0.0	0.0	0.0	0.0	0.0	0.0	0.0	3e-05	0.0	0.0	0.00028	0.0	0.00031	0.0	0.0	0.0	0.0	0.0	8e-05	0.0	0.0	0.0	0.0	0.0	0.0	0.0	0.00016	0.0	3e-05	0.0	8e-05	2e-05	1e-05	0.00026	0.0	0.0	0.00026	1e-05	5e-05	4e-05	0.0	0.0	0.0	0.0	0.0	0.0	0.0	0.00025	0.00124	0.0	0.00034	0.00016	0.0	0.0	0.0	0.0	0.0	0.0	0.0	0.0	0.0	0.00013	0.00046	0.0	7e-05	7e-05	7e-05	0.00028	
0.0	0.0	0.00024	0.0	0.0	0.0	0.00376	0.00034	0.00025	3e-05	0.0	0.0	0.0	0.0	0.0	0.0	0.0	8e-05	3e-05	1e-05	0.0	0.0	8e-05	0.0	0.0	8e-05	0.0	0.0	0.0	0.0	0.0	0.0	0.0	0.0	3e-05	0.0	0.0	0.00028	0.0	0.00031	0.0	0.0	0.0	0.0	3e-05	0.0	0.0	0.0	0.00016	0.0	0.0	0.0	0.00124	0.00031	0.0	0.00028	0.0	0.00041	5e-05	1e-05	0.00033	5e-05	0.00048	0.00034	0.0001	5e-05	4e-05	0.0	0.0	0.0	0.0	0.0	0.0	0.0	0.0	0.00124	0.0	0.00034	0.00016	0.00028	0.0	0.0	0.0	0.0	0.0	0.0	0.0	0.0	0.0	0.0	0.00017	0.0	0.0	0.0	0.00025	
0.0	0.00046	0.00046	0.00024	0.0	0.0	0.00376	0.00065	0.00025	3e-05	8e-05	0.0	0.0	0.0	0.0	0.0	0.0	0.00028	1e-05	0.00031	4e-05	0.0	0.0	0.0	0.0	0.0	0.0	0.0	0.0	0.0	0.0	0.0	0.0	0.0	3e-05	0.0	0.0	0.00028	0.0	0.00031	0.0	0.0	0.0	0.0	0.0	8e-05	0.0	0.0	0.0	0.0	0.0	0.0	0.0	0.00016	0.0	3e-05	0.0	8e-05	2e-05	1e-05	0.00026	0.0	0.0	0.00026	1e-05	5e-05	4e-05	0.0	0.0	0.0	0.0	0.0	0.0	0.0	0.00025	0.00124	0.0	0.00034	0.00016	0.0	0.0	0.0	0.0	0.0	0.0	0.0	0.0	0.0	0.00013	0.00046	0.0	7e-05	7e-05	7e-05	0.00028	
0.0	0.00046	0.00046	0.00024	0.0	0.0	0.00376	0.00065	0.00025	3e-05	8e-05	0.0	0.0	0.0	0.0	0.0	0.0	0.00028	1e-05	0.00031	4e-05	0.0	0.0	0.0	0.0	0.0	0.0	0.0	0.0	0.0	0.0	0.0	0.0	0.0	3e-05	0.0	0.0	0.00028	0.0	0.00031	0.0	0.0	0.0	0.0	0.0	8e-05	0.0	0.0	0.0	0.0	0.0	0.0	0.0	0.00016	0.0	3e-05	0.0	8e-05	2e-05	1e-05	0.00026	0.0	0.0	0.00026	1e-05	5e-05	4e-05	0.0	0.0	0.0	0.0	0.0	0.0	0.0	0.00025	0.00124	0.0	0.00034	0.00016	0.0	0.0	0.0	0.0	0.0	0.0	0.0	0.0	0.0	0.00013	0.00046	0.0	7e-05	7e-05	7e-05	0.00028	
0.0	0.0	0.00024	0.0	0.0	0.0	0.00376	0.00034	0.00025	3e-05	0.0	0.0	0.0	0.0	0.0	0.0	0.0	8e-05	3e-05	1e-05	0.0	0.0	8e-05	0.0	0.0	8e-05	0.0	0.0	0.0	0.0	0.0	0.0	0.0	0.0	3e-05	0.0	0.0	0.00028	0.0	0.00031	0.0	0.0	0.0	0.0	3e-05	0.0	0.0	0.0	0.00016	0.0	0.0	0.0	0.00124	0.00031	0.0	0.00028	0.0	0.00041	5e-05	1e-05	0.00033	5e-05	0.00048	0.00034	0.0001	5e-05	4e-05	0.0	0.0	0.0	0.0	0.0	0.0	0.0	0.0	0.00124	0.0	0.00034	0.00016	0.00028	0.0	0.0	0.0	0.0	0.0	0.0	0.0	0.0	0.0	0.0	0.00017	0.0	0.0	0.0	0.00025	
0.01793	0.00744	0.02394	0.01528	0.04158	0.00913	0.02466	0.14457	0.01614	0.00946	0.01488	0.00028	0.00028	8e-05	0.00028	0.00028	8e-05	0.0	0.04078	0.0225	0.00948	0.00135	0.0	0.00028	0.00028	0.01109	0.00028	0.00028	0.00028	0.0	0.0	0.0	0.0	0.03135	0.00654	0.0	8e-05	0.0	8e-05	0.00408	0.0	0.00028	8e-05	0.0	0.0	0.27182	0.00028	0.00028	0.0	0.00028	0.00028	8e-05	0.00196	0.08296	0.01953	0.08527	0.02239	0.32234	0.03182	0.0	0.08091	0.0	0.0	0.05017	0.16193	0.02009	0.00461	0.00028	0.0	0.0	8e-05	0.00028	0.0	0.00028	0.00024	0.00483	0.0	0.19344	0.21366	0.0	0.0	0.00028	0.00028	8e-05	0.0	0.0	0.00028	0.00404	0.0	0.05069	0.0	0.00318	0.00655	0.02486	0.0	
0.00121	0.0	0.40783	0.16373	0.06994	0.03472	0.00512	0.69705	0.07659	0.0696	0.01706	1e-05	1e-05	3e-05	1e-05	1e-05	3e-05	0.04078	0.0	0.00886	0.00518	0.00347	0.0993	1e-05	1e-05	0.11433	1e-05	1e-05	1e-05	0.0	0.0	0.0	0.0	0.01642	0.07252	0.0	3e-05	0.03322	3e-05	0.04706	0.0	1e-05	3e-05	0.0	0.0057	0.1278	1e-05	1e-05	0.04088	1e-05	1e-05	3e-05	0.01009	0.01238	0.00254	0.00987	0.07827	0.08832	0.01973	0.04746	0.0	0.05975	0.04908	0.19691	4e-05	0.00115	0.0011	1e-05	0.0	0.0	3e-05	1e-05	0.0	1e-05	0.04861	0.0581	0.0	0.07406	0.17124	0.00998	0.0	1e-05	1e-05	3e-05	0.0	0.0	1e-05	0.01517	0.0	0.00096	0.19562	0.06248	0.01832	0.00054	0.01622	
0.0596	0.01745	0.01745	0.03676	0.103	0.00028	0.0028	0.10484	0.00136	0.01463	0.00899	0.00031	0.00031	1e-05	0.00031	0.00031	1e-05	0.0225	0.00886	0.0	0.30433	0.00633	0.00031	0.00031	0.00031	0.00031	0.00031	0.00031	0.00031	0.00031	0.00031	0.00031	0.00031	0.04602	0.03502	0.00031	1e-05	0.00408	1e-05	0.0	0.00031	0.00031	1e-05	0.00031	0.01141	0.03321	0.00031	0.00031	0.00031	0.00031	0.00031	1e-05	0.00031	0.02165	0.0	0.03502	0.03068	0.00148	0.00141	0.57572	0.02858	0.01141	0.00031	0.02858	0.04874	0.00235	0.07986	0.00031	0.00031	0.00031	1e-05	0.00031	0.0	0.00031	0.03802	0.03307	0.0	0.05293	0.02165	0.00031	0.00031	0.00031	0.00031	1e-05	0.0	0.0	0.00031	0.11144	0.03387	0.00051	0.00028	0.0688	0.00245	0.03549	0.0225	
0.01514	0.0	0.07673	0.05163	0.05163	0.00167	0.00118	0.0001	0.00066	0.02089	0.0	4e-05	4e-05	0.0	4e-05	4e-05	0.0	0.00948	0.00518	0.30433	0.0	0.0	0.0	4e-05	4e-05	0.00201	4e-05	4e-05	4e-05	0.0	0.0	0.0	0.0	0.04324	0.01224	0.0	0.0	0.08585	0.0	0.0419	0.0	4e-05	0.0	0.0	0.04147	0.00252	4e-05	4e-05	0.07409	4e-05	4e-05	0.0	0.01798	0.18753	0.05983	0.0	0.01304	0.05069	0.07512	0.00548	0.00289	0.07512	0.00136	0.00779	0.04291	0.0672	0.0	4e-05	0.0	0.0	0.0	4e-05	0.0	4e-05	0.05983	0.01798	0.0	0.51182	0.65032	0.01778	0.0	4e-05	4e-05	0.0	0.0	0.0	4e-05	0.08704	0.04498	0.0	0.0	0.00269	0.00068	0.01642	0.05038	
0.0	0.02032	0.04412	0.02332	0.0	0.0	0.00376	0.04064	0.00025	3e-05	0.04406	0.0	0.0	0.0	0.0	0.0	0.0	0.00135	0.00347	0.00633	0.0	0.0	0.00295	0.0	0.0	0.03068	0.0	0.0	0.0	4e-05	4e-05	4e-05	4e-05	0.0	3e-05	4e-05	0.0	0.00028	0.0	0.00031	4e-05	0.0	0.0	4e-05	3e-05	0.04406	0.0	0.0	0.03428	0.0	0.0	0.0	0.02998	0.03976	0.0	0.02928	0.0	0.01927	0.02594	1e-05	0.02466	0.00923	0.02502	0.04706	0.00837	5e-05	4e-05	0.0	4e-05	4e-05	0.0	0.0	0.0	0.0	0.00775	0.00124	0.0	0.00034	0.00016	0.0153	4e-05	0.0	0.0	0.0	0.0	0.0	0.0	0.0	0.01451	0.0	0.00669	0.00076	0.0	0.0	0.02342	
0.00601	0.00046	0.00046	0.00024	0.00353	0.0	0.00485	0.31947	0.00472	0.00512	0.01025	0.0	0.0	8e-05	0.0	0.0	8e-05	0.0	0.0993	0.00031	0.0	0.00295	0.0	0.0	0.0	0.0	0.0	0.0	0.0	0.0	0.0	0.0	0.0	0.02054	0.0	0.0	8e-05	0.00028	8e-05	0.00031	0.0	0.0	8e-05	0.0	0.0	0.01859	0.0	0.0	0.0	0.0	0.0	8e-05	0.0	0.00016	0.0	0.0	0.08339	0.21439	0.05105	0.0	0.11653	0.0	0.0	0.11653	0.43509	0.0	0.03814	0.0	0.0	0.0	8e-05	0.0	0.0	0.0	0.0	0.0	0.0	0.00034	0.00016	0.0	0.0	0.0	0.0	8e-05	0.0	0.0	0.0	0.01049	0.0	0.01078	0.0	0.00065	0.02092	7e-05	0.0	
0.0	0.00046	0.00046	0.00024	0.0	0.0	0.00376	0.00065	0.00025	3e-05	8e-05	0.0	0.0	0.0	0.0	0.0	0.0	0.00028	1e-05	0.00031	4e-05	0.0	0.0	0.0	0.0	0.0	0.0	0.0	0.0	0.0	0.0	0.0	0.0	0.0	3e-05	0.0	0.0	0.00028	0.0	0.00031	0.0	0.0	0.0	0.0	0.0	8e-05	0.0	0.0	0.0	0.0	0.0	0.0	0.0	0.00016	0.0	3e-05	0.0	8e-05	2e-05	1e-05	0.00026	0.0	0.0	0.00026	1e-05	5e-05	4e-05	0.0	0.0	0.0	0.0	0.0	0.0	0.0	0.00025	0.00124	0.0	0.00034	0.00016	0.0	0.0	0.0	0.0	0.0	0.0	0.0	0.0	0.0	0.00013	0.00046	0.0	7e-05	7e-05	7e-05	0.00028	
0.0	0.00046	0.00046	0.00024	0.0	0.0	0.00376	0.00065	0.00025	3e-05	8e-05	0.0	0.0	0.0	0.0	0.0	0.0	0.00028	1e-05	0.00031	4e-05	0.0	0.0	0.0	0.0	0.0	0.0	0.0	0.0	0.0	0.0	0.0	0.0	0.0	3e-05	0.0	0.0	0.00028	0.0	0.00031	0.0	0.0	0.0	0.0	0.0	8e-05	0.0	0.0	0.0	0.0	0.0	0.0	0.0	0.00016	0.0	3e-05	0.0	8e-05	2e-05	1e-05	0.00026	0.0	0.0	0.00026	1e-05	5e-05	4e-05	0.0	0.0	0.0	0.0	0.0	0.0	0.0	0.00025	0.00124	0.0	0.00034	0.00016	0.0	0.0	0.0	0.0	0.0	0.0	0.0	0.0	0.0	0.00013	0.00046	0.0	7e-05	7e-05	7e-05	0.00028	
0.0	0.00046	0.00046	0.00024	0.01842	0.0	0.02137	0.09626	0.02191	0.02485	0.05111	0.0	0.0	8e-05	0.0	0.0	8e-05	0.01109	0.11433	0.00031	0.00201	0.03068	0.0	0.0	0.0	0.0	0.0	0.0	0.0	0.0	0.0	0.0	0.0	0.00545	0.01513	0.0	8e-05	0.00028	8e-05	0.00031	0.0	0.0	8e-05	0.0	0.03688	0.05869	0.0	0.0	0.0	0.0	0.0	8e-05	0.0	0.00016	0.02696	0.01514	0.00025	0.0	0.0004	0.02573	0.19471	0.03688	0.0	0.19471	0.0	0.02996	0.04251	0.0	0.0	0.0	8e-05	0.0	0.0	0.0	0.02071	0.02405	0.0	0.00034	0.00016	0.0	0.0	0.0	0.0	8e-05	0.0	0.0	0.0	0.0	0.01261	0.03844	0.0	0.00613	0.00103	7e-05	0.01109	
0.0	0.00046	0.00046	0.00024	0.0	0.0	0.00376	0.00065	0.00025	3e-05	8e-05	0.0	0.0	0.0	0.0	0.0	0.0	0.00028	1e-05	0.00031	4e-05	0.0	0.0	0.0	0.0	0.0	0.0	0.0	0.0	0.0	0.0	0.0	0.0	0.0	3e-05	0.0	0.0	0.00028	0.0	0.00031	0.0	0.0	0.0	0.0	0.0	8e-05	0.0	0.0	0.0	0.0	0.0	0.0	0.0	0.00016	0.0	3e-05	0.0	8e-05	2e-05	1e-05	0.00026	0.0	0.0	0.00026	1e-05	5e-05	4e-05	0.0	0.0	0.0	0.0	0.0	0.0	0.0	0.00025	0.00124	0.0	0.00034	0.00016	0.0	0.0	0.0	0.0	0.0	0.0	0.0	0.0	0.0	0.00013	0.00046	0.0	7e-05	7e-05	7e-05	0.00028	
0.0	0.00046	0.00046	0.00024	0.0	0.0	0.00376	0.00065	0.00025	3e-05	8e-05	0.0	0.0	0.0	0.0	0.0	0.0	0.00028	1e-05	0.00031	4e-05	0.0	0.0	0.0	0.0	0.0	0.0	0.0	0.0	0.0	0.0	0.0	0.0	0.0	3e-05	0.0	0.0	0.00028	0.0	0.00031	0.0	0.0	0.0	0.0	0.0	8e-05	0.0	0.0	0.0	0.0	0.0	0.0	0.0	0.00016	0.0	3e-05	0.0	8e-05	2e-05	1e-05	0.00026	0.0	0.0	0.00026	1e-05	5e-05	4e-05	0.0	0.0	0.0	0.0	0.0	0.0	0.0	0.00025	0.00124	0.0	0.00034	0.00016	0.0	0.0	0.0	0.0	0.0	0.0	0.0	0.0	0.0	0.00013	0.00046	0.0	7e-05	7e-05	7e-05	0.00028	
0.0	0.00046	0.00046	0.00024	0.0	0.0	0.00376	0.00065	0.00025	3e-05	8e-05	0.0	0.0	0.0	0.0	0.0	0.0	0.00028	1e-05	0.00031	4e-05	0.0	0.0	0.0	0.0	0.0	0.0	0.0	0.0	0.0	0.0	0.0	0.0	0.0	3e-05	0.0	0.0	0.00028	0.0	0.00031	0.0	0.0	0.0	0.0	0.0	8e-05	0.0	0.0	0.0	0.0	0.0	0.0	0.0	0.00016	0.0	3e-05	0.0	8e-05	2e-05	1e-05	0.00026	0.0	0.0	0.00026	1e-05	5e-05	4e-05	0.0	0.0	0.0	0.0	0.0	0.0	0.0	0.00025	0.00124	0.0	0.00034	0.00016	0.0	0.0	0.0	0.0	0.0	0.0	0.0	0.0	0.0	0.00013	0.00046	0.0	7e-05	7e-05	7e-05	0.00028	
0.00025	0.00046	0.00046	0.00024	0.00024	0.0	0.00043	0.0	0.00031	1e-05	0.0	0.0	0.0	0.0	0.0	0.0	0.0	0.0	0.0	0.00031	0.0	4e-05	0.0	0.0	0.0	0.0	0.0	0.0	0.0	0.0	0.0	0.0	0.0	0.00027	0.0	0.0	0.0	0.00028	0.0	0.00031	0.0	0.0	0.0	0.0	0.0	0.00048	0.0	0.0	0.0	0.0	0.0	0.0	0.0	0.00016	0.0	0.0	0.0	0.0	0.0	0.0	0.0	0.0	0.0	0.0	0.0	0.0	2e-05	0.0	0.0	0.0	0.0	0.0	0.0	0.0	0.0	0.0	0.0	0.00034	0.00016	0.0	0.0	0.0	0.0	0.0	0.0	0.0	0.0	5e-05	0.0	0.0	0.0	0.00046	1e-05	7e-05	0.0	
0.00025	0.00046	0.00046	0.00024	0.00024	0.0	0.00043	0.0	0.00031	1e-05	0.0	0.0	0.0	0.0	0.0	0.0	0.0	0.0	0.0	0.00031	0.0	4e-05	0.0	0.0	0.0	0.0	0.0	0.0	0.0	0.0	0.0	0.0	0.0	0.00027	0.0	0.0	0.0	0.00028	0.0	0.00031	0.0	0.0	0.0	0.0	0.0	0.00048	0.0	0.0	0.0	0.0	0.0	0.0	0.0	0.00016	0.0	0.0	0.0	0.0	0.0	0.0	0.0	0.0	0.0	0.0	0.0	0.0	2e-05	0.0	0.0	0.0	0.0	0.0	0.0	0.0	0.0	0.0	0.0	0.00034	0.00016	0.0	0.0	0.0	0.0	0.0	0.0	0.0	0.0	5e-05	0.0	0.0	0.0	0.00046	1e-05	7e-05	0.0	
0.00025	0.00046	0.00046	0.00024	0.00024	0.0	0.00043	0.0	0.00031	1e-05	0.0	0.0	0.0	0.0	0.0	0.0	0.0	0.0	0.0	0.00031	0.0	4e-05	0.0	0.0	0.0	0.0	0.0	0.0	0.0	0.0	0.0	0.0	0.0	0.00027	0.0	0.0	0.0	0.00028	0.0	0.00031	0.0	0.0	0.0	0.0	0.0	0.00048	0.0	0.0	0.0	0.0	0.0	0.0	0.0	0.00016	0.0	0.0	0.0	0.0	0.0	0.0	0.0	0.0	0.0	0.0	0.0	0.0	2e-05	0.0	0.0	0.0	0.0	0.0	0.0	0.0	0.0	0.0	0.0	0.00034	0.00016	0.0	0.0	0.0	0.0	0.0	0.0	0.0	0.0	5e-05	0.0	0.0	0.0	0.00046	1e-05	7e-05	0.0	
0.00025	0.00046	0.00046	0.00024	0.00024	0.0	0.00043	0.0	0.00031	1e-05	0.0	0.0	0.0	0.0	0.0	0.0	0.0	0.0	0.0	0.00031	0.0	4e-05	0.0	0.0	0.0	0.0	0.0	0.0	0.0	0.0	0.0	0.0	0.0	0.00027	0.0	0.0	0.0	0.00028	0.0	0.00031	0.0	0.0	0.0	0.0	0.0	0.00048	0.0	0.0	0.0	0.0	0.0	0.0	0.0	0.00016	0.0	0.0	0.0	0.0	0.0	0.0	0.0	0.0	0.0	0.0	0.0	0.0	2e-05	0.0	0.0	0.0	0.0	0.0	0.0	0.0	0.0	0.0	0.0	0.00034	0.00016	0.0	0.0	0.0	0.0	0.0	0.0	0.0	0.0	5e-05	0.0	0.0	0.0	0.00046	1e-05	7e-05	0.0	
0.0	0.02876	0.0167	0.0466	0.0	0.0	0.00376	0.01833	0.00025	3e-05	0.00437	0.0	0.0	0.0	0.0	0.0	0.0	0.03135	0.01642	0.04602	0.04324	0.0	0.02054	0.0	0.0	0.00545	0.0	0.0	0.0	0.00027	0.00027	0.00027	0.00027	0.0	3e-05	0.00027	0.0	0.00028	0.0	0.00031	0.00027	0.0	0.0	0.00027	0.01084	0.00437	0.0	0.0	0.0009	0.0	0.0	0.0	0.06182	0.00366	0.0	0.12115	0.0	0.00437	0.00823	1e-05	0.05476	0.00142	0.00233	0.03234	0.01986	5e-05	4e-05	0.0	0.00027	0.00027	0.0	0.0	0.0	0.0	0.0171	0.00124	0.0	0.00034	0.00016	0.0	0.00027	0.0	0.0	0.0	0.0	0.0	0.0	0.0	0.0811	0.0	0.08324	0.01736	0.00014	0.00014	9e-05	
3e-05	0.0104	0.03524	0.02411	0.01199	0.0	0.00454	0.06446	0.0125	0.0	0.00385	3e-05	3e-05	3e-05	3e-05	3e-05	3e-05	0.00654	0.07252	0.03502	0.01224	3e-05	0.0	3e-05	3e-05	0.01513	3e-05	3e-05	3e-05	0.0	0.0	0.0	0.0	3e-05	0.0	0.0	3e-05	0.00553	3e-05	0.00735	0.0	3e-05	3e-05	0.0	0.12241	0.00385	3e-05	3e-05	0.01655	3e-05	3e-05	3e-05	0.00348	0.00247	0.03104	0.0	0.10339	0.00473	0.12705	0.013	0.08188	0.09135	0.02022	0.00128	0.04089	0.23445	0.04807	3e-05	0.0	0.0	3e-05	3e-05	0.0	3e-05	0.02697	0.01119	0.0	0.06062	0.02521	0.00344	0.0	3e-05	3e-05	3e-05	0.0	0.0	3e-05	3e-05	0.13941	0.00773	0.0	0.00437	0.01275	0.01275	0.00122	
0.00025	0.00046	0.00046	0.00024	0.00024	0.0	0.00043	0.0	0.00031	1e-05	0.0	0.0	0.0	0.0	0.0	0.0	0.0	0.0	0.0	0.00031	0.0	4e-05	0.0	0.0	0.0	0.0	0.0	0.0	0.0	0.0	0.0	0.0	0.0	0.00027	0.0	0.0	0.0	0.00028	0.0	0.00031	0.0	0.0	0.0	0.0	0.0	0.00048	0.0	0.0	0.0	0.0	0.0	0.0	0.0	0.00016	0.0	0.0	0.0	0.0	0.0	0.0	0.0	0.0	0.0	0.0	0.0	0.0	2e-05	0.0	0.0	0.0	0.0	0.0	0.0	0.0	0.0	0.0	0.0	0.00034	0.00016	0.0	0.0	0.0	0.0	0.0	0.0	0.0	0.0	5e-05	0.0	0.0	0.0	0.00046	1e-05	7e-05	0.0	
0.0	0.0	0.00024	0.0	0.0	0.0	0.00376	0.00034	0.00025	3e-05	0.0	0.0	0.0	0.0	0.0	0.0	0.0	8e-05	3e-05	1e-05	0.0	0.0	8e-05	0.0	0.0	8e-05	0.0	0.0	0.0	0.0	0.0	0.0	0.0	0.0	3e-05	0.0	0.0	0.00028	0.0	0.00031	0.0	0.0	0.0	0.0	3e-05	0.0	0.0	0.0	0.00016	0.0	0.0	0.0	0.00124	0.00031	0.0	0.00028	0.0	0.00041	5e-05	1e-05	0.00033	5e-05	0.00048	0.00034	0.0001	5e-05	4e-05	0.0	0.0	0.0	0.0	0.0	0.0	0.0	0.0	0.00124	0.0	0.00034	0.00016	0.00028	0.0	0.0	0.0	0.0	0.0	0.0	0.0	0.0	0.0	0.0	0.00017	0.0	0.0	0.0	0.00025	
0.00028	0.0138	0.0138	0.02719	0.00749	0.00025	0.0032	0.02856	0.00817	0.05907	0.01124	0.00028	0.00028	0.00028	0.00028	0.00028	0.00028	0.0	0.03322	0.00408	0.08585	0.00028	0.00028	0.00028	0.00028	0.00028	0.00028	0.00028	0.00028	0.00028	0.00028	0.00028	0.00028	0.00028	0.00553	0.00028	0.00028	0.0	0.00028	0.00408	0.00028	0.00028	0.00028	0.00028	0.07584	0.01124	0.00028	0.00028	0.00028	0.00028	0.00028	0.00028	0.00028	0.21366	0.0192	0.00553	0.0395	0.01124	0.04013	0.0	0.10719	0.07584	0.00028	0.10719	0.0125	0.02179	0.08585	0.00028	0.00028	0.00028	0.00028	0.00028	0.0	0.00028	0.00817	0.00777	0.0	0.19343	0.21367	0.00028	0.00028	0.00028	0.00028	0.00028	0.0	0.0	0.00028	0.00028	0.0	0.0138	0.00025	0.16359	0.16359	0.1636	0.0	
0.0	0.0	0.00024	0.0	0.0	0.0	0.00376	0.00034	0.00025	3e-05	0.0	0.0	0.0	0.0	0.0	0.0	0.0	8e-05	3e-05	1e-05	0.0	0.0	8e-05	0.0	0.0	8e-05	0.0	0.0	0.0	0.0	0.0	0.0	0.0	0.0	3e-05	0.0	0.0	0.00028	0.0	0.00031	0.0	0.0	0.0	0.0	3e-05	0.0	0.0	0.0	0.00016	0.0	0.0	0.0	0.00124	0.00031	0.0	0.00028	0.0	0.00041	5e-05	1e-05	0.00033	5e-05	0.00048	0.00034	0.0001	5e-05	4e-05	0.0	0.0	0.0	0.0	0.0	0.0	0.0	0.0	0.00124	0.0	0.00034	0.00016	0.00028	0.0	0.0	0.0	0.0	0.0	0.0	0.0	0.0	0.0	0.0	0.00017	0.0	0.0	0.0	0.00025	
0.00031	0.01745	0.01745	0.03677	0.00964	0.00028	0.00331	0.03715	0.01029	0.08073	0.01563	0.00031	0.00031	0.00031	0.00031	0.00031	0.00031	0.00408	0.04706	0.0	0.0419	0.00031	0.00031	0.00031	0.00031	0.00031	0.00031	0.00031	0.00031	0.00031	0.00031	0.00031	0.00031	0.00031	0.00735	0.00031	0.00031	0.00408	0.00031	0.0	0.00031	0.00031	0.00031	0.00031	0.11217	0.01563	0.00031	0.00031	0.00031	0.00031	0.00031	0.00031	0.00031	0.02165	0.22338	0.00735	0.05647	0.01563	0.05719	0.32957	0.03248	0.11217	0.00031	0.03248	0.01629	0.02991	0.0419	0.00031	0.00031	0.00031	0.00031	0.00031	0.0	0.00031	0.01029	0.00919	0.0	0.05293	0.02165	0.00031	0.00031	0.00031	0.00031	0.00031	0.0	0.0	0.00031	0.00031	0.00884	0.01745	0.00028	0.03549	0.03549	0.03549	0.00408	
0.00025	0.00046	0.00046	0.00024	0.00024	0.0	0.00043	0.0	0.00031	1e-05	0.0	0.0	0.0	0.0	0.0	0.0	0.0	0.0	0.0	0.00031	0.0	4e-05	0.0	0.0	0.0	0.0	0.0	0.0	0.0	0.0	0.0	0.0	0.0	0.00027	0.0	0.0	0.0	0.00028	0.0	0.00031	0.0	0.0	0.0	0.0	0.0	0.00048	0.0	0.0	0.0	0.0	0.0	0.0	0.0	0.00016	0.0	0.0	0.0	0.0	0.0	0.0	0.0	0.0	0.0	0.0	0.0	0.0	2e-05	0.0	0.0	0.0	0.0	0.0	0.0	0.0	0.0	0.0	0.0	0.00034	0.00016	0.0	0.0	0.0	0.0	0.0	0.0	0.0	0.0	5e-05	0.0	0.0	0.0	0.00046	1e-05	7e-05	0.0	
0.0	0.00046	0.00046	0.00024	0.0	0.0	0.00376	0.00065	0.00025	3e-05	8e-05	0.0	0.0	0.0	0.0	0.0	0.0	0.00028	1e-05	0.00031	4e-05	0.0	0.0	0.0	0.0	0.0	0.0	0.0	0.0	0.0	0.0	0.0	0.0	0.0	3e-05	0.0	0.0	0.00028	0.0	0.00031	0.0	0.0	0.0	0.0	0.0	8e-05	0.0	0.0	0.0	0.0	0.0	0.0	0.0	0.00016	0.0	3e-05	0.0	8e-05	2e-05	1e-05	0.00026	0.0	0.0	0.00026	1e-05	5e-05	4e-05	0.0	0.0	0.0	0.0	0.0	0.0	0.0	0.00025	0.00124	0.0	0.00034	0.00016	0.0	0.0	0.0	0.0	0.0	0.0	0.0	0.0	0.0	0.00013	0.00046	0.0	7e-05	7e-05	7e-05	0.00028	
0.0	0.0	0.00024	0.0	0.0	0.0	0.00376	0.00034	0.00025	3e-05	0.0	0.0	0.0	0.0	0.0	0.0	0.0	8e-05	3e-05	1e-05	0.0	0.0	8e-05	0.0	0.0	8e-05	0.0	0.0	0.0	0.0	0.0	0.0	0.0	0.0	3e-05	0.0	0.0	0.00028	0.0	0.00031	0.0	0.0	0.0	0.0	3e-05	0.0	0.0	0.0	0.00016	0.0	0.0	0.0	0.00124	0.00031	0.0	0.00028	0.0	0.00041	5e-05	1e-05	0.00033	5e-05	0.00048	0.00034	0.0001	5e-05	4e-05	0.0	0.0	0.0	0.0	0.0	0.0	0.0	0.0	0.00124	0.0	0.00034	0.00016	0.00028	0.0	0.0	0.0	0.0	0.0	0.0	0.0	0.0	0.0	0.0	0.00017	0.0	0.0	0.0	0.00025	
0.00025	0.00046	0.00046	0.00024	0.00024	0.0	0.00043	0.0	0.00031	1e-05	0.0	0.0	0.0	0.0	0.0	0.0	0.0	0.0	0.0	0.00031	0.0	4e-05	0.0	0.0	0.0	0.0	0.0	0.0	0.0	0.0	0.0	0.0	0.0	0.00027	0.0	0.0	0.0	0.00028	0.0	0.00031	0.0	0.0	0.0	0.0	0.0	0.00048	0.0	0.0	0.0	0.0	0.0	0.0	0.0	0.00016	0.0	0.0	0.0	0.0	0.0	0.0	0.0	0.0	0.0	0.0	0.0	0.0	2e-05	0.0	0.0	0.0	0.0	0.0	0.0	0.0	0.0	0.0	0.0	0.00034	0.00016	0.0	0.0	0.0	0.0	0.0	0.0	0.0	0.0	5e-05	0.0	0.0	0.0	0.00046	1e-05	7e-05	0.0	
0.03076	0.06347	0.08322	0.07618	0.1066	0.00255	0.06961	0.0491	0.07744	0.20595	0.0223	0.0	0.0	3e-05	0.0	0.0	3e-05	0.0	0.0057	0.01141	0.04147	3e-05	0.0	0.0	0.0	0.03688	0.0	0.0	0.0	0.0	0.0	0.0	0.0	0.01084	0.12241	0.0	3e-05	0.07584	3e-05	0.11217	0.0	0.0	3e-05	0.0	0.0	0.04485	0.0	0.0	0.15915	0.0	0.0	3e-05	0.02915	0.03501	0.01806	0.3011	0.24147	0.01126	0.0	0.0044	0.01557	0.0	0.16243	0.00707	0.16242	0.18339	0.17638	0.0	0.0	0.0	3e-05	0.0	0.0	0.0	0.00726	0.04431	0.0	0.38806	0.51848	0.01866	0.0	0.0	0.0	3e-05	0.0	0.0	0.0	0.09417	0.0	0.00763	0.27139	6e-05	0.05298	0.00578	0.0	
0.00731	0.00111	0.00766	0.24668	0.14542	0.03691	0.0251	0.03284	0.00049	0.07478	0.0	8e-05	8e-05	0.0	8e-05	8e-05	0.0	0.27182	0.1278	0.03321	0.00252	0.04406	0.01859	8e-05	8e-05	0.05869	8e-05	8e-05	8e-05	0.00048	0.00048	0.00048	0.00048	0.00437	0.00385	0.00048	0.0	0.01124	0.0	0.01563	0.00048	8e-05	0.0	0.00048	0.04485	0.0	8e-05	8e-05	0.00103	8e-05	8e-05	0.0	0.02048	0.23805	0.01749	0.00246	0.00047	0.09595	0.0096	0.05621	0.06365	0.00069	0.07396	0.01875	0.08323	0.02015	0.01637	8e-05	0.00048	0.00048	0.0	8e-05	0.0	8e-05	0.00239	0.00525	0.0	0.14386	0.05443	0.01787	0.00048	8e-05	8e-05	0.0	0.0	0.0	8e-05	0.06579	0.00021	0.0	0.003	0.11968	0.09218	0.06893	7e-05	
0.0	0.00046	0.00046	0.00024	0.0	0.0	0.00376	0.00065	0.00025	3e-05	8e-05	0.0	0.0	0.0	0.0	0.0	0.0	0.00028	1e-05	0.00031	4e-05	0.0	0.0	0.0	0.0	0.0	0.0	0.0	0.0	0.0	0.0	0.0	0.0	0.0	3e-05	0.0	0.0	0.00028	0.0	0.00031	0.0	0.0	0.0	0.0	0.0	8e-05	0.0	0.0	0.0	0.0	0.0	0.0	0.0	0.00016	0.0	3e-05	0.0	8e-05	2e-05	1e-05	0.00026	0.0	0.0	0.00026	1e-05	5e-05	4e-05	0.0	0.0	0.0	0.0	0.0	0.0	0.0	0.00025	0.00124	0.0	0.00034	0.00016	0.0	0.0	0.0	0.0	0.0	0.0	0.0	0.0	0.0	0.00013	0.00046	0.0	7e-05	7e-05	7e-05	0.00028	
0.0	0.00046	0.00046	0.00024	0.0	0.0	0.00376	0.00065	0.00025	3e-05	8e-05	0.0	0.0	0.0	0.0	0.0	0.0	0.00028	1e-05	0.00031	4e-05	0.0	0.0	0.0	0.0	0.0	0.0	0.0	0.0	0.0	0.0	0.0	0.0	0.0	3e-05	0.0	0.0	0.00028	0.0	0.00031	0.0	0.0	0.0	0.0	0.0	8e-05	0.0	0.0	0.0	0.0	0.0	0.0	0.0	0.00016	0.0	3e-05	0.0	8e-05	2e-05	1e-05	0.00026	0.0	0.0	0.00026	1e-05	5e-05	4e-05	0.0	0.0	0.0	0.0	0.0	0.0	0.0	0.00025	0.00124	0.0	0.00034	0.00016	0.0	0.0	0.0	0.0	0.0	0.0	0.0	0.0	0.0	0.00013	0.00046	0.0	7e-05	7e-05	7e-05	0.00028	
0.0	0.00046	0.00046	0.00024	0.01982	0.0	0.02352	0.00214	0.02891	0.16568	0.07036	0.0	0.0	0.00016	0.0	0.0	0.00016	0.0	0.04088	0.00031	0.07409	0.03428	0.0	0.0	0.0	0.0	0.0	0.0	0.0	0.0	0.0	0.0	0.0	0.0009	0.01655	0.0	0.00016	0.00028	0.00016	0.00031	0.0	0.0	0.00016	0.0	0.15915	0.00103	0.0	0.0	0.0	0.0	0.0	0.00016	0.0	0.00016	0.02934	0.01655	0.04547	0.0214	0.06062	0.0	0.00521	0.15915	0.0	0.00521	0.01615	0.03248	0.04608	0.0	0.0	0.0	0.00016	0.0	0.0	0.0	0.02236	0.0	0.0	0.00034	0.00016	0.0	0.0	0.0	0.0	0.00016	0.0	0.0	0.0	0.16114	0.0	0.00788	0.0	0.05111	0.04838	7e-05	0.0	
0.0	0.00046	0.00046	0.00024	0.0	0.0	0.00376	0.00065	0.00025	3e-05	8e-05	0.0	0.0	0.0	0.0	0.0	0.0	0.00028	1e-05	0.00031	4e-05	0.0	0.0	0.0	0.0	0.0	0.0	0.0	0.0	0.0	0.0	0.0	0.0	0.0	3e-05	0.0	0.0	0.00028	0.0	0.00031	0.0	0.0	0.0	0.0	0.0	8e-05	0.0	0.0	0.0	0.0	0.0	0.0	0.0	0.00016	0.0	3e-05	0.0	8e-05	2e-05	1e-05	0.00026	0.0	0.0	0.00026	1e-05	5e-05	4e-05	0.0	0.0	0.0	0.0	0.0	0.0	0.0	0.00025	0.00124	0.0	0.00034	0.00016	0.0	0.0	0.0	0.0	0.0	0.0	0.0	0.0	0.0	0.00013	0.00046	0.0	7e-05	7e-05	7e-05	0.00028	
0.0	0.00046	0.00046	0.00024	0.0	0.0	0.00376	0.00065	0.00025	3e-05	8e-05	0.0	0.0	0.0	0.0	0.0	0.0	0.00028	1e-05	0.00031	4e-05	0.0	0.0	0.0	0.0	0.0	0.0	0.0	0.0	0.0	0.0	0.0	0.0	0.0	3e-05	0.0	0.0	0.00028	0.0	0.00031	0.0	0.0	0.0	0.0	0.0	8e-05	0.0	0.0	0.0	0.0	0.0	0.0	0.0	0.00016	0.0	3e-05	0.0	8e-05	2e-05	1e-05	0.00026	0.0	0.0	0.00026	1e-05	5e-05	4e-05	0.0	0.0	0.0	0.0	0.0	0.0	0.0	0.00025	0.00124	0.0	0.00034	0.00016	0.0	0.0	0.0	0.0	0.0	0.0	0.0	0.0	0.0	0.00013	0.00046	0.0	7e-05	7e-05	7e-05	0.00028	
0.0	0.0	0.00024	0.0	0.0	0.0	0.00376	0.00034	0.00025	3e-05	0.0	0.0	0.0	0.0	0.0	0.0	0.0	8e-05	3e-05	1e-05	0.0	0.0	8e-05	0.0	0.0	8e-05	0.0	0.0	0.0	0.0	0.0	0.0	0.0	0.0	3e-05	0.0	0.0	0.00028	0.0	0.00031	0.0	0.0	0.0	0.0	3e-05	0.0	0.0	0.0	0.00016	0.0	0.0	0.0	0.00124	0.00031	0.0	0.00028	0.0	0.00041	5e-05	1e-05	0.00033	5e-05	0.00048	0.00034	0.0001	5e-05	4e-05	0.0	0.0	0.0	0.0	0.0	0.0	0.0	0.0	0.00124	0.0	0.00034	0.00016	0.00028	0.0	0.0	0.0	0.0	0.0	0.0	0.0	0.0	0.0	0.0	0.00017	0.0	0.0	0.0	0.00025	
0.0	0.00046	0.00046	0.00024	0.00538	0.0	0.003	0.0164	0.0141	0.01933	0.02296	0.0	0.0	0.00124	0.0	0.0	0.00124	0.00196	0.01009	0.00031	0.01798	0.02998	0.0	0.0	0.0	0.0	0.0	0.0	0.0	0.0	0.0	0.0	0.0	0.06182	0.00348	0.0	0.00124	0.00028	0.00124	0.00031	0.0	0.0	0.00124	0.0	0.02915	0.02048	0.0	0.0	0.0	0.0	0.0	0.00124	0.0	0.00016	0.00688	0.00348	0.01122	0.00436	0.01611	0.00634	0.00585	0.02915	0.0	0.00585	0.00351	0.00833	0.0111	0.0	0.0	0.0	0.00124	0.0	0.0	0.0	0.0064	0.0	0.0	0.00034	0.00016	0.0	0.0	0.0	0.0	0.00124	0.0	0.0	0.0	0.12402	0.00255	1e-05	0.0	0.00199	0.01173	7e-05	0.00196	
0.02018	0.00819	0.00818	0.04308	0.03055	0.01313	0.00258	0.0	0.08898	1e-05	0.00829	0.00016	0.00016	0.00031	0.00016	0.00016	0.00031	0.08296	0.01238	0.02165	0.18753	0.03976	0.00016	0.00016	0.00016	0.00016	0.00016	0.00016	0.00016	0.00016	0.00016	0.00016	0.00016	0.00366	0.00247	0.00016	0.00031	0.21366	0.00031	0.02165	0.00016	0.00016	0.00031	0.00016	0.03501	0.23805	0.00016	0.00016	0.00016	0.00016	0.00016	0.00031	0.00016	0.0	0.13159	0.00248	0.01443	0.00509	0.02316	0.0	0.04888	0.03501	0.00016	0.04888	0.07195	0.0079	0.24006	0.00016	0.00016	0.00016	0.00031	0.00016	0.0	0.00016	0.00255	0.12262	0.0	0.0	0.0	0.00016	0.00016	0.00016	0.00016	0.00031	0.0	0.0	0.00016	0.01916	0.3665	0.01325	0.01313	0.02056	0.04662	0.08774	0.08296	
0.0	0.0	0.18236	0.00021	0.0369	0.02399	0.00799	0.01317	0.30349	0.01856	0.01749	0.0	0.0	0.0	0.0	0.0	0.0	0.01953	0.00254	0.0	0.05983	0.0	0.0	0.0	0.0	0.02696	0.0	0.0	0.0	0.0	0.0	0.0	0.0	0.0	0.03104	0.0	0.0	0.0192	0.0	0.22338	0.0	0.0	0.0	0.0	0.01806	0.01749	0.0	0.0	0.02934	0.0	0.0	0.0	0.00688	0.13159	0.0	0.00055	0.00692	0.03968	0.02298	0.21358	0.00134	0.00766	0.02244	0.27975	0.00293	0.05533	0.22194	0.0	0.0	0.0	0.0	0.0	0.0	0.0	0.0	0.02766	0.0	0.01525	0.0916	0.0068	0.0	0.0	0.0	0.0	0.0	0.0	0.0	0.0	0.00196	0.02889	0.00192	0.11003	0.00824	0.00824	0.12979	
0.01034	0.0104	0.03525	0.02411	0.03843	0.0	0.03316	0.03119	0.00401	1.21219	0.04716	3e-05	3e-05	0.00028	3e-05	3e-05	0.00028	0.08527	0.00987	0.03502	0.0	0.02928	0.0	3e-05	3e-05	0.01514	3e-05	3e-05	3e-05	0.0	0.0	0.0	0.0	0.12115	0.0	0.0	0.00028	0.00553	0.00028	0.00735	0.0	3e-05	0.00028	0.0	0.3011	0.00246	3e-05	3e-05	0.01655	3e-05	3e-05	0.00028	0.00348	0.00248	0.00055	0.0	0.0	0.0	0.15419	0.13348	0.23337	0.20052	0.02022	8e-05	0.02836	0.0	0.09917	3e-05	0.0	0.0	0.00028	3e-05	0.0	3e-05	0.00763	4e-05	0.0	0.06062	0.02521	0.00344	0.0	3e-05	3e-05	0.00028	0.0	0.0	3e-05	0.08619	0.5878	0.07016	0.0	0.07989	0.0041	0.01275	0.14442	
0.0	0.0	0.03661	0.01207	0.07625	0.01163	0.01308	0.05912	0.11925	0.0	0.00047	0.0	0.0	0.0	0.0	0.0	0.0	0.02239	0.07827	0.03068	0.01304	0.0	0.08339	0.0	0.0	0.00025	0.0	0.0	0.0	0.0	0.0	0.0	0.0	0.0	0.10339	0.0	0.0	0.0395	0.0	0.05647	0.0	0.0	0.0	0.0	0.24147	0.00047	0.0	0.0	0.04547	0.0	0.0	0.0	0.01122	0.01443	0.00692	0.0	0.0	0.00536	0.33896	0.06181	0.01456	0.51223	0.05455	0.00011	0.0	0.78046	0.03633	0.0	0.0	0.0	0.0	0.0	0.0	0.0	0.04711	0.05209	0.0	0.10979	0.21314	0.0111	0.0	0.0	0.0	0.0	0.0	0.0	0.0	0.0	0.12024	0.01033	0.02721	0.07443	0.0	0.0	0.12074	
0.01392	0.02298	0.00054	0.05871	0.36681	0.01687	0.06555	0.31537	0.00257	0.00211	0.08466	8e-05	8e-05	0.00041	8e-05	8e-05	0.00041	0.32234	0.08832	0.00148	0.05069	0.01927	0.21439	8e-05	8e-05	0.0	8e-05	8e-05	8e-05	0.0	0.0	0.0	0.0	0.00437	0.00473	0.0	0.00041	0.01124	0.00041	0.01563	0.0	8e-05	0.00041	0.0	0.01126	0.09595	8e-05	8e-05	0.0214	8e-05	8e-05	0.00041	0.00436	0.00509	0.03968	0.0	0.00536	0.0	0.00928	0.3204	0.10585	0.00021	0.02617	0.17949	0.05801	0.03895	0.03921	8e-05	0.0	0.0	0.00041	8e-05	0.0	8e-05	0.11117	0.04669	0.0	0.14386	0.05443	0.00431	0.0	8e-05	8e-05	0.00041	0.0	0.0	8e-05	0.00132	0.0133	0.00157	0.1122	0.18521	0.80799	0.02944	0.01107	
0.0016	0.1168	0.1846	0.23533	0.02413	0.00932	0.02288	9e-05	0.27157	0.25825	0.00801	2e-05	2e-05	5e-05	2e-05	2e-05	5e-05	0.03182	0.01973	0.00141	0.07512	0.02594	0.05105	2e-05	2e-05	0.0004	2e-05	2e-05	2e-05	0.0	0.0	0.0	0.0	0.00823	0.12705	0.0	5e-05	0.04013	5e-05	0.05719	0.0	2e-05	5e-05	0.0	0.0	0.0096	2e-05	2e-05	0.06062	2e-05	2e-05	5e-05	0.01611	0.02316	0.02298	0.15419	0.33896	0.00928	0.0	0.14095	0.14043	0.0	0.05666	0.0236	0.40587	0.94515	0.89799	2e-05	0.0	0.0	5e-05	2e-05	0.0	2e-05	0.0574	0.04044	0.0	0.11034	0.21415	0.00967	0.0	2e-05	2e-05	5e-05	0.0	0.0	2e-05	0.0094	0.0	0.08237	0.02776	0.0015	0.01316	4e-05	0.0	
1e-05	0.0	0.00201	0.09647	0.00913	0.01119	0.00206	0.23442	0.0135	0.00699	0.05621	1e-05	1e-05	1e-05	1e-05	1e-05	1e-05	0.0	0.04746	0.57572	0.00548	1e-05	0.0	1e-05	1e-05	0.02573	1e-05	1e-05	1e-05	0.0	0.0	0.0	0.0	1e-05	0.013	0.0	1e-05	0.0	1e-05	0.32957	0.0	1e-05	1e-05	0.0	0.0044	0.05621	1e-05	1e-05	0.0	1e-05	1e-05	1e-05	0.00634	0.0	0.21358	0.13348	0.06181	0.3204	0.14095	0.0	0.00747	0.00081	0.0	0.0319	0.31025	0.04965	0.07504	1e-05	0.0	0.0	1e-05	1e-05	0.0	1e-05	0.00058	0.00886	0.0	0.0	0.0	0.0	0.0	1e-05	1e-05	1e-05	0.0	0.0	1e-05	1e-05	0.0	0.04991	0.0	0.0	0.15419	0.15418	0.0	
0.03449	0.05267	0.01973	0.01406	0.00093	0.0244	3e-05	0.02033	0.02721	0.03585	0.28766	0.00026	0.00026	0.00033	0.00026	0.00026	0.00033	0.08091	0.0	0.02858	0.00289	0.02466	0.11653	0.00026	0.00026	0.19471	0.00026	0.00026	0.00026	0.0	0.0	0.0	0.0	0.05476	0.08188	0.0	0.00033	0.10719	0.00033	0.03248	0.0	0.00026	0.00033	0.0	0.01557	0.06365	0.00026	0.00026	0.00521	0.00026	0.00026	0.00033	0.00585	0.04888	0.00134	0.23337	0.01456	0.10585	0.14043	0.00747	0.0	0.08249	0.0028	0.0	0.00033	0.09817	0.0053	0.00026	0.0	0.0	0.00033	0.00026	0.0	0.00026	0.01494	0.06358	0.0	0.00072	0.00861	0.03032	0.0	0.00026	0.00026	0.00033	0.0	0.0	0.00026	0.06454	0.0	0.01025	0.02283	0.0608	0.00173	0.00028	0.0	
0.00516	0.06347	0.08322	0.07618	0.00162	0.00255	0.04722	0.02291	0.26918	0.30688	0.0001	0.0	0.0	5e-05	0.0	0.0	5e-05	0.0	0.05975	0.01141	0.07512	0.00923	0.0	0.0	0.0	0.03688	0.0	0.0	0.0	0.0	0.0	0.0	0.0	0.00142	0.09135	0.0	5e-05	0.07584	5e-05	0.11217	0.0	0.0	5e-05	0.0	0.0	0.00069	0.0	0.0	0.15915	0.0	0.0	5e-05	0.02915	0.03501	0.00766	0.20052	0.51223	0.00021	0.0	0.00081	0.08249	0.0	0.16243	0.00198	0.2079	0.47945	0.37946	0.0	0.0	0.0	5e-05	0.0	0.0	0.0	0.03215	0.0628	0.0	0.38806	0.51847	0.01866	0.0	0.0	0.0	5e-05	0.0	0.0	0.0	0.03415	0.0	0.11174	0.2714	0.00271	0.00348	0.00577	0.0	
0.0	0.00046	0.00046	0.00024	0.0233	0.0	0.02894	0.03519	0.01461	0.03897	0.0	0.0	0.0	0.00048	0.0	0.0	0.00048	0.0	0.04908	0.00031	0.00136	0.02502	0.0	0.0	0.0	0.0	0.0	0.0	0.0	0.0	0.0	0.0	0.0	0.00233	0.02022	0.0	0.00048	0.00028	0.00048	0.00031	0.0	0.0	0.00048	0.0	0.16243	0.07396	0.0	0.0	0.0	0.0	0.0	0.00048	0.0	0.00016	0.02244	0.02022	0.05455	0.02617	0.05666	0.0	0.0028	0.16243	0.0	0.0028	0.01968	0.03892	0.00064	0.0	0.0	0.0	0.00048	0.0	0.0	0.0	0.02659	0.02996	0.0	0.00034	0.00016	0.0	0.0	0.0	0.0	0.00048	0.0	0.0	0.0	0.00021	0.0	0.04245	0.0	0.04783	0.00264	7e-05	0.0	
0.004	0.05267	0.01973	0.01406	0.10993	0.0244	0.10013	0.04575	0.10415	0.07645	0.01622	0.00026	0.00026	0.00034	0.00026	0.00026	0.00034	0.05017	0.19691	0.02858	0.00779	0.04706	0.11653	0.00026	0.00026	0.19471	0.00026	0.00026	0.00026	0.0	0.0	0.0	0.0	0.03234	0.00128	0.0	0.00034	0.10719	0.00034	0.03248	0.0	0.00026	0.00034	0.0	0.00707	0.01875	0.00026	0.00026	0.00521	0.00026	0.00026	0.00034	0.00585	0.04888	0.27975	8e-05	0.00011	0.17949	0.0236	0.0319	0.0	0.00198	0.0028	0.0	0.00407	0.05709	0.04617	0.00026	0.0	0.0	0.00034	0.00026	0.0	0.00026	0.13492	0.04611	0.0	0.00072	0.00861	0.03032	0.0	0.00026	0.00026	0.00034	0.0	0.0	0.00026	0.01962	0.0	0.00029	0.02283	0.03813	0.04743	0.00028	0.0	
0.00821	0.01747	0.03366	0.02881	0.00133	0.00628	0.04136	0.0	0.00545	0.03332	0.07709	1e-05	1e-05	0.0001	1e-05	1e-05	0.0001	0.16193	4e-05	0.04874	0.04291	0.00837	0.43509	1e-05	1e-05	0.0	1e-05	1e-05	1e-05	0.0	0.0	0.0	0.0	0.01986	0.04089	0.0	0.0001	0.0125	0.0001	0.01629	0.0	1e-05	0.0001	0.0	0.16242	0.08323	1e-05	1e-05	0.01615	1e-05	1e-05	0.0001	0.00351	0.07195	0.00293	0.02836	0.0	0.05801	0.40587	0.31025	0.00033	0.2079	0.01968	0.00407	0.0	0.1391	0.11278	1e-05	0.0	0.0	0.0001	1e-05	0.0	1e-05	0.07419	0.03899	0.0	4e-05	0.006	0.00347	0.0	1e-05	1e-05	0.0001	0.0	0.0	1e-05	0.04603	0.0085	0.03315	0.06561	0.02586	0.08924	0.01712	0.01342	
5e-05	0.0	0.15922	0.0	0.04098	0.04319	0.00946	0.01707	0.27396	0.0	0.02015	5e-05	5e-05	5e-05	5e-05	5e-05	5e-05	0.02009	0.00115	0.00235	0.0672	5e-05	0.0	5e-05	5e-05	0.02996	5e-05	5e-05	5e-05	0.0	0.0	0.0	0.0	5e-05	0.23445	0.0	5e-05	0.02179	5e-05	0.02991	0.0	5e-05	5e-05	0.0	0.18339	0.02015	5e-05	5e-05	0.03248	5e-05	5e-05	5e-05	0.00833	0.0079	0.05533	0.0	0.78046	0.03895	0.94515	0.04965	0.09817	0.47945	0.03892	0.05709	0.1391	0.0	0.24109	5e-05	0.0	0.0	5e-05	5e-05	0.0	5e-05	0.17376	0.03075	0.0	0.0195	0.09952	0.00824	0.0	5e-05	5e-05	5e-05	0.0	0.0	5e-05	5e-05	0.12832	0.02511	0.00129	0.10845	0.00635	0.00635	0.12941	
4e-05	0.01392	0.00403	0.03509	0.01116	0.00605	0.02249	0.28652	0.05606	0.04224	0.01637	4e-05	4e-05	4e-05	4e-05	4e-05	4e-05	0.00461	0.0011	0.07986	0.0	4e-05	0.03814	4e-05	4e-05	0.04251	4e-05	4e-05	4e-05	2e-05	2e-05	2e-05	2e-05	4e-05	0.04807	2e-05	4e-05	0.08585	4e-05	0.0419	2e-05	4e-05	4e-05	2e-05	0.17638	0.01637	4e-05	4e-05	0.04608	4e-05	4e-05	4e-05	0.0111	0.24006	0.22194	0.09917	0.03633	0.03921	0.89799	0.07504	0.0053	0.37946	0.00064	0.04617	0.11278	0.24109	0.0	4e-05	2e-05	2e-05	4e-05	4e-05	0.0	4e-05	0.15707	0.10996	0.0	0.51181	0.65033	0.01098	2e-05	4e-05	4e-05	4e-05	0.0	0.0	4e-05	4e-05	0.13319	4e-05	0.01253	7e-05	0.04502	0.04502	0.11639	
0.0	0.00046	0.00046	0.00024	0.0	0.0	0.00376	0.00065	0.00025	3e-05	8e-05	0.0	0.0	0.0	0.0	0.0	0.0	0.00028	1e-05	0.00031	4e-05	0.0	0.0	0.0	0.0	0.0	0.0	0.0	0.0	0.0	0.0	0.0	0.0	0.0	3e-05	0.0	0.0	0.00028	0.0	0.00031	0.0	0.0	0.0	0.0	0.0	8e-05	0.0	0.0	0.0	0.0	0.0	0.0	0.0	0.00016	0.0	3e-05	0.0	8e-05	2e-05	1e-05	0.00026	0.0	0.0	0.00026	1e-05	5e-05	4e-05	0.0	0.0	0.0	0.0	0.0	0.0	0.0	0.00025	0.00124	0.0	0.00034	0.00016	0.0	0.0	0.0	0.0	0.0	0.0	0.0	0.0	0.0	0.00013	0.00046	0.0	7e-05	7e-05	7e-05	0.00028	
0.00025	0.00046	0.00046	0.00024	0.00024	0.0	0.00043	0.0	0.00031	1e-05	0.0	0.0	0.0	0.0	0.0	0.0	0.0	0.0	0.0	0.00031	0.0	4e-05	0.0	0.0	0.0	0.0	0.0	0.0	0.0	0.0	0.0	0.0	0.0	0.00027	0.0	0.0	0.0	0.00028	0.0	0.00031	0.0	0.0	0.0	0.0	0.0	0.00048	0.0	0.0	0.0	0.0	0.0	0.0	0.0	0.00016	0.0	0.0	0.0	0.0	0.0	0.0	0.0	0.0	0.0	0.0	0.0	0.0	2e-05	0.0	0.0	0.0	0.0	0.0	0.0	0.0	0.0	0.0	0.0	0.00034	0.00016	0.0	0.0	0.0	0.0	0.0	0.0	0.0	0.0	5e-05	0.0	0.0	0.0	0.00046	1e-05	7e-05	0.0	
0.00025	0.00046	0.00046	0.00024	0.00024	0.0	0.00043	0.0	0.00031	1e-05	0.0	0.0	0.0	0.0	0.0	0.0	0.0	0.0	0.0	0.00031	0.0	4e-05	0.0	0.0	0.0	0.0	0.0	0.0	0.0	0.0	0.0	0.0	0.0	0.00027	0.0	0.0	0.0	0.00028	0.0	0.00031	0.0	0.0	0.0	0.0	0.0	0.00048	0.0	0.0	0.0	0.0	0.0	0.0	0.0	0.00016	0.0	0.0	0.0	0.0	0.0	0.0	0.0	0.0	0.0	0.0	0.0	0.0	2e-05	0.0	0.0	0.0	0.0	0.0	0.0	0.0	0.0	0.0	0.0	0.00034	0.00016	0.0	0.0	0.0	0.0	0.0	0.0	0.0	0.0	5e-05	0.0	0.0	0.0	0.00046	1e-05	7e-05	0.0	
0.0	0.0	0.00024	0.0	0.0	0.0	0.00376	0.00034	0.00025	3e-05	0.0	0.0	0.0	0.0	0.0	0.0	0.0	8e-05	3e-05	1e-05	0.0	0.0	8e-05	0.0	0.0	8e-05	0.0	0.0	0.0	0.0	0.0	0.0	0.0	0.0	3e-05	0.0	0.0	0.00028	0.0	0.00031	0.0	0.0	0.0	0.0	3e-05	0.0	0.0	0.0	0.00016	0.0	0.0	0.0	0.00124	0.00031	0.0	0.00028	0.0	0.00041	5e-05	1e-05	0.00033	5e-05	0.00048	0.00034	0.0001	5e-05	4e-05	0.0	0.0	0.0	0.0	0.0	0.0	0.0	0.0	0.00124	0.0	0.00034	0.00016	0.00028	0.0	0.0	0.0	0.0	0.0	0.0	0.0	0.0	0.0	0.0	0.00017	0.0	0.0	0.0	0.00025	
