0.0	0.10582	0.01718	0.01156	0.05752	0.03417	0.1449	0.03459	0.0	0.0	0.04837	0.03151	0.0	0.06736	0.04031	0.02927	0.0893	0.03802	0.06553	0.08525	0.0	0.04464	0.13628	0.04834	0.01709	0.0	0.0	0.0	0.0	0.11524	0.08953	0.0	0.04747	0.0526	0.1663	0.06618	0.07014	0.08055	0.04519	0.09007	0.0	0.05098	0.10695	0.06788	0.03398	0.03228	0.06944	0.02515	0.00772	0.06944	0.02673	0.07189	0.0	0.0	0.0	0.0	0.0	0.0	0.0	0.0	0.10865	0.01762	0.04796	0.11123	0.03483	0.02296	0.04158	0.04044	0.01418	0.0	0.0	0.0	0.0	0.0	0.09113	0.00925	0.03458	0.05572	0.0	0.04344	0.05408	0.125	0.05037	0.05774	3e-05	0.03005	0.04869	0.0707	0.01891	0.06287	0.00631	0.09894	0.03304	0.0	0.0	0.01091	0.0167	0.00502	0.01229	0.03208	0.05022	0.08546	0.11053	0.0	0.0	0.0	0.0	0.0	0.0	0.0	0.0	0.0	0.03687	0.0679	0.03457	0.02133	0.06235	0.0	0.03161	0.06247	0.0	0.08433	0.0509	0.0	0.0	0.0	0.0	0.0	0.0423	0.04625	0.05442	0.04124	0.0	0.03891	0.05609	0.09193	0.05948	0.0	0.05072	0.06309	0.01078	0.04903	0.01035	0.09684	0.02577	0.0	0.0	0.0	0.0	0.0	0.0	0.0	0.0	0.0	0.0	0.03668	0.06681	0.04984	0.02113	0.00758	0.00977	0.08139	0.04955	0.0	0.0	0.0	0.0	0.08315	0.09872	0.00737	3e-05	0.04624	0.09612	0.0	0.13946	3e-05	0.02313	0.04833	0.08614	0.0549	0.02762	
0.10582	0.0	0.05891	0.01142	0.0327	0.13107	0.27089	0.09352	0.0	0.0	0.10522	0.31319	0.0	0.14742	0.10352	0.04842	0.11242	0.07174	0.22532	0.19442	0.0	0.02963	0.1504	0.08179	0.0815	0.0	0.0	0.0	0.0	0.23214	0.1483	0.0	0.00821	0.06636	0.10751	0.21586	0.23584	0.15498	0.12771	0.29892	0.0	0.18973	0.04902	0.06648	0.08147	0.0151	0.0785	0.1241	0.01267	0.1426	0.09292	0.16014	0.0	0.0	0.0	0.0	0.0	0.0	0.0	0.0	0.18652	0.01396	0.12692	0.01273	0.0198	0.00522	0.01047	0.07446	0.16491	0.0	0.0	0.0	0.0	0.0	0.12082	0.00439	0.04287	0.06934	0.0	0.06784	0.01123	0.09035	0.07935	0.01547	1e-05	0.0126	0.02708	0.0622	0.01208	0.13844	0.00308	0.32688	0.00519	0.0	0.0	0.01097	0.00729	0.01015	0.00624	0.12861	0.06969	0.13755	0.07021	0.0	0.0	0.0	0.0	0.0	0.0	0.0	0.0	0.0	0.03218	0.01162	0.00711	0.01746	0.10583	0.0	0.05665	0.03	0.0	0.03503	0.06224	0.0	0.0	0.0	0.0	0.0	0.07599	0.07671	0.01975	0.0464	0.0	0.0217	0.00628	0.05893	0.03382	0.0	0.01498	0.11234	0.00853	0.0763	0.00486	0.26956	0.01057	0.0	0.0	0.0	0.0	0.0	0.0	0.0	0.0	0.0	0.0	0.04374	0.13212	0.01087	0.01095	0.01437	0.01272	0.09641	0.00835	0.0	0.0	0.0	0.0	0.01474	0.00987	0.00356	1e-05	0.00846	0.06889	0.0	0.06426	1e-05	0.01663	0.00957	0.03163	0.0389	0.02548	
0.01718	0.05891	0.0	0.0514	0.03131	0.08781	0.04896	0.08547	0.0	0.0	0.03211	0.05844	0.0	0.07364	0.02174	0.05615	0.03667	0.04348	0.01334	0.02747	0.0	0.04688	0.03519	0.05965	0.03144	0.0	0.0	0.0	0.0	0.0342	0.07617	0.0	0.01105	0.02629	0.02565	0.04244	0.02648	0.01311	0.05264	0.08524	0.0	0.03813	0.01948	0.0795	0.01472	0.08521	0.01855	0.12224	0.01744	0.0261	0.06771	0.01317	0.0	0.0	0.0	0.0	0.0	0.0	0.0	0.0	0.02471	0.01954	0.01949	0.01593	0.02993	0.00691	0.0239	0.03728	0.06584	0.0	0.0	0.0	0.0	0.0	0.03444	0.00577	0.02958	0.03633	0.0	0.02523	0.01566	0.04545	0.04007	0.08497	1e-05	0.01752	0.01333	0.02619	0.12427	0.03209	0.00401	0.00722	0.0069	0.0	0.0	0.06125	0.00985	0.11112	0.03758	0.00875	0.01457	0.01596	0.02084	0.0	0.0	0.0	0.0	0.0	0.0	0.0	0.0	0.0	0.03216	0.01601	0.00948	0.02401	0.04085	0.0	0.05322	0.03327	0.0	0.01784	0.03157	0.0	0.0	0.0	0.0	0.0	0.05189	0.03003	0.02861	0.03724	0.0	0.01287	0.00832	0.00876	0.02408	0.0	0.02117	0.01737	0.01152	0.01101	0.15738	0.01044	0.07011	0.0	0.0	0.0	0.0	0.0	0.0	0.0	0.0	0.0	0.0	0.0181	0.08023	0.03814	0.12461	0.02226	0.01765	0.01862	0.13348	0.0	0.0	0.0	0.0	0.02064	0.01336	0.00465	1e-05	0.01154	0.06179	0.0	0.01924	1e-05	0.08253	0.01313	0.03589	0.05133	0.05006	
0.01156	0.01142	0.0514	0.0	0.03718	0.0834	0.02033	0.0371	0.0	0.0	0.00518	0.01342	0.0	0.01133	0.00606	0.02812	0.01013	0.00668	0.0109	0.01476	0.0	0.01359	0.00564	0.00724	0.01531	0.0	0.0	0.0	0.0	0.02134	0.06464	0.0	0.00843	0.01569	0.01592	0.02584	0.01619	0.00953	0.01898	0.01363	0.0	0.01227	0.02098	0.00719	0.03476	0.01402	0.02643	0.01165	0.01249	0.0669	0.01071	0.02652	0.0	0.0	0.0	0.0	0.0	0.0	0.0	0.0	0.01993	0.03953	0.01335	0.0185	0.00708	0.05111	0.01031	0.0158	0.00656	0.0	0.0	0.0	0.0	0.0	0.01424	0.00476	0.02815	0.03338	0.0	0.01507	0.01074	0.01593	0.01767	0.008	4e-05	0.01723	0.02495	0.03203	0.01194	0.01957	0.00343	0.00581	0.00547	0.0	0.0	0.01072	0.00743	0.02338	0.06532	0.00463	0.00153	0.02806	0.01239	0.0	0.0	0.0	0.0	0.0	0.0	0.0	0.0	0.0	0.01838	0.01136	0.00743	0.02521	0.02289	0.0	0.03138	0.02092	0.0	0.03868	0.03558	0.0	0.0	0.0	0.0	0.0	0.02121	0.00455	0.01169	0.02859	0.0	0.01211	0.00667	0.01634	0.00569	0.0	0.014	0.08927	0.00873	0.02196	0.00523	0.00779	0.01284	0.0	0.0	0.0	0.0	0.0	0.0	0.0	0.0	0.0	0.0	0.00739	0.01278	0.01066	0.01448	0.01396	0.01231	0.01591	0.00837	0.0	0.0	0.0	0.0	0.01398	0.00999	0.00392	4e-05	0.00847	0.02088	0.0	0.01064	4e-05	0.0111	0.02735	0.00888	0.01157	0.01092	
0.05752	0.0327	0.03131	0.03718	0.0	0.05155	0.06688	0.11447	0.0	0.0	0.06205	0.0731	0.0	0.01382	0.02619	0.03086	0.03102	0.03046	0.03043	0.05949	0.0	0.06771	0.01763	0.05691	0.02743	0.0	0.0	0.0	0.0	0.03081	0.02458	0.0	0.05574	0.02082	0.02351	0.05664	0.09508	0.06156	0.04484	0.06155	0.0	0.01548	0.05614	0.02192	0.01625	0.02067	0.0254	0.0145	0.0151	0.02826	0.03111	0.01347	0.0	0.0	0.0	0.0	0.0	0.0	0.0	0.0	0.02057	0.01684	0.03439	0.01893	0.01623	0.00889	0.01248	0.10738	0.00741	0.0	0.0	0.0	0.0	0.0	0.08461	0.00506	0.05909	0.03052	0.0	0.01722	0.10299	0.05921	0.07289	0.01889	4e-05	0.01513	0.01552	0.03146	0.01436	0.06271	0.00353	0.00632	0.00604	0.0	0.0	0.07514	0.04795	0.02004	0.04484	0.01176	0.03621	0.01379	0.03854	0.0	0.0	0.0	0.0	0.0	0.0	0.0	0.0	0.0	0.05798	0.01386	0.00828	0.02128	0.05837	0.0	0.02591	0.07991	0.0	0.02795	0.04487	0.0	0.0	0.0	0.0	0.0	0.04623	0.05692	0.02444	0.04657	0.0	0.02661	0.0073	0.00845	0.03106	0.0	0.03825	0.01501	0.01002	0.03577	0.00562	0.00908	0.01261	0.0	0.0	0.0	0.0	0.0	0.0	0.0	0.0	0.0	0.0	0.00868	0.01667	0.02189	0.01309	0.0172	0.01524	0.02043	0.00987	0.0	0.0	0.0	0.0	0.03467	0.01162	0.09341	4e-05	0.01002	0.02888	0.0	0.02674	4e-05	0.02028	0.01138	0.0551	0.03992	0.06667	
0.03417	0.13107	0.08781	0.0834	0.05155	0.0	0.16185	0.09687	0.0	0.0	0.00714	0.14682	0.0	0.05363	0.00689	0.05385	0.23947	0.04478	0.14457	0.15075	0.0	0.03962	0.07761	0.03397	0.04316	0.0	0.0	0.0	0.0	0.08848	0.06967	0.0	0.01103	0.03471	0.06375	0.03297	0.03689	0.07283	0.06428	0.04616	0.0	0.11564	0.01653	0.05132	0.03231	0.02195	0.01132	0.07442	0.01809	0.17107	0.03423	0.10634	0.0	0.0	0.0	0.0	0.0	0.0	0.0	0.0	0.10847	0.02007	0.01927	0.01823	0.01893	0.00733	0.00802	0.03659	0.00891	0.0	0.0	0.0	0.0	0.0	0.06647	0.0061	0.02671	0.03172	0.0	0.02384	0.01612	0.054	0.02982	0.02242	2e-05	0.07445	0.03958	0.02791	0.01982	0.02843	0.06696	0.00761	0.00726	0.0	0.0	0.00671	0.01028	0.01436	0.00875	0.06724	0.01038	0.06741	0.03487	0.0	0.0	0.0	0.0	0.0	0.0	0.0	0.0	0.0	0.0482	0.01657	0.00997	0.02355	0.03966	0.0	0.03537	0.02685	0.0	0.0568	0.03465	0.0	0.0	0.0	0.0	0.0	0.02039	0.04458	0.02895	0.03676	0.0	0.00712	0.00862	0.02458	0.02657	0.0	0.02168	0.17372	0.01203	0.00423	0.02135	0.01088	0.0085	0.0	0.0	0.0	0.0	0.0	0.0	0.0	0.0	0.0	0.0	0.01039	0.02004	0.01547	0.02542	0.02055	0.01819	0.00437	0.02317	0.0	0.0	0.0	0.0	0.02121	0.01395	0.00493	2e-05	0.01199	0.03466	0.0	0.05281	2e-05	0.00945	0.01859	0.0174	0.02076	0.03835	
0.1449	0.27089	0.04896	0.02033	0.06688	0.16185	0.0	0.08654	0.0	0.0	0.12057	0.20892	0.0	0.07524	0.05788	0.09182	0.12607	0.18119	0.13881	0.15773	0.0	0.04135	0.17892	0.08391	0.06268	0.0	0.0	0.0	0.0	0.14098	0.09656	0.0	0.01164	0.06825	0.12595	0.20296	0.11919	0.09028	0.06846	0.13174	0.0	0.12456	0.09109	0.05435	0.06121	0.04761	0.10773	0.0806	0.02089	0.12118	0.02276	0.12343	0.0	0.0	0.0	0.0	0.0	0.0	0.0	0.0	0.13707	0.07349	0.09466	0.068	0.06885	0.00805	0.01757	0.09181	0.05562	0.0	0.0	0.0	0.0	0.0	0.10816	0.06845	0.0604	0.08702	0.0	0.07518	0.11569	0.1123	0.14112	0.02829	7e-05	0.02168	0.03337	0.07552	0.01854	0.09954	0.00452	0.08913	0.008	0.0	0.0	0.0194	0.01168	0.01651	0.00977	0.09772	0.02371	0.087	0.16492	0.0	0.0	0.0	0.0	0.0	0.0	0.0	0.0	0.0	0.05055	0.08175	0.12361	0.06606	0.12767	0.0	0.03616	0.1221	0.0	0.06067	0.04966	0.0	0.0	0.0	0.0	0.0	0.04911	0.03862	0.08252	0.05638	0.0	0.05725	0.15334	0.05056	0.06859	0.0	0.13228	0.07192	0.0136	0.04938	0.00734	0.08463	0.01777	0.0	0.0	0.0	0.0	0.0	0.0	0.0	0.0	0.0	0.0	0.05105	0.13571	0.01823	0.01855	0.01687	0.0201	0.02314	0.01361	0.0	0.0	0.0	0.0	0.0884	0.0912	0.00526	7e-05	0.01385	0.09307	0.0	0.09753	7e-05	0.0303	0.01592	0.04976	0.05067	0.06182	
0.03459	0.09352	0.08547	0.0371	0.11447	0.09687	0.08654	0.0	0.0	0.0	0.05271	0.02049	0.0	0.09854	0.08036	0.04563	0.1115	0.20533	0.03326	0.06453	0.0	0.08689	0.03876	0.061	0.0913	0.0	0.0	0.0	0.0	0.07461	0.06864	0.0	0.01245	0.04881	0.02085	0.03959	0.07181	0.01642	0.11447	0.07106	0.0	0.02287	0.0428	0.03326	0.01499	0.02595	0.15658	0.02185	0.07101	0.0634	0.02069	0.01135	0.0	0.0	0.0	0.0	0.0	0.0	0.0	0.0	0.02919	0.01521	0.24561	0.08664	0.02424	0.00855	0.01818	0.02318	0.0105	0.0	0.0	0.0	0.0	0.0	0.13115	0.00702	0.08442	0.05245	0.0	0.03349	0.13149	0.06114	0.14776	0.02846	4e-05	0.02224	0.09612	0.06427	0.02084	0.14328	0.00485	0.08394	0.00848	0.0	0.0	0.01777	0.01223	0.01723	0.01031	0.03082	0.04649	0.02022	0.04938	0.0	0.0	0.0	0.0	0.0	0.0	0.0	0.0	0.0	0.07733	0.01709	0.01167	0.02961	0.16493	0.0	0.14245	0.04961	0.0	0.02915	0.08008	0.0	0.0	0.0	0.0	0.0	0.02556	0.01345	0.04229	0.02344	0.0	0.03733	0.01005	0.00566	0.04058	0.0	0.07009	0.0221	0.02508	0.1055	0.00782	0.07867	0.01835	0.0	0.0	0.0	0.0	0.0	0.0	0.0	0.0	0.0	0.0	0.01245	0.03583	0.01939	0.03056	0.00876	0.02236	0.04467	0.07422	0.0	0.0	0.0	0.0	0.13037	0.02186	0.00564	4e-05	0.01442	0.15506	0.0	0.06577	4e-05	0.07061	0.01649	0.04051	0.02961	0.09336	
0.0	0.0	0.0	0.0	0.0	0.0	0.0	0.0	0.0	0.0	0.0	0.0	0.0	0.0	0.0	0.0	0.0	0.0	0.0	0.0	0.0	0.0	0.0	0.0	0.0	0.0	0.0	0.0	0.0	0.0	0.0	0.0	0.0	0.0	0.0	0.0	0.0	0.0	0.0	0.0	0.0	0.0	0.0	0.0	0.0	0.0	0.0	0.0	0.0	0.0	0.0	0.0	0.0	0.0	0.0	0.0	0.0	0.0	0.0	0.0	0.0	0.0	0.0	0.0	0.0	0.0	0.0	0.0	0.0	0.0	0.0	0.0	0.0	0.0	0.0	0.0	0.0	0.0	0.0	0.0	0.0	0.0	0.0	0.0	0.0	0.0	0.0	0.0	0.0	0.0	0.0	0.0	0.0	0.0	0.0	0.0	0.0	0.0	0.0	0.0	0.0	0.0	0.0	0.0	0.0	0.0	0.0	0.0	0.0	0.0	0.0	0.0	0.0	0.0	0.0	0.0	0.0	0.0	0.0	0.0	0.0	0.0	0.0	0.0	0.0	0.0	0.0	0.0	0.0	0.0	0.0	0.0	0.0	0.0	0.0	0.0	0.0	0.0	0.0	0.0	0.0	0.0	0.0	0.0	0.0	0.0	0.0	0.0	0.0	0.0	0.0	0.0	0.0	0.0	0.0	0.0	0.0	0.0	0.0	0.0	0.0	0.0	0.0	0.0	0.0	0.0	0.0	0.0	0.0	0.0	0.0	0.0	0.0	0.0	0.0	0.0	0.0	0.0	0.0	0.0	0.0	
0.0	0.0	0.0	0.0	0.0	0.0	0.0	0.0	0.0	0.0	0.0	0.0	0.0	0.0	0.0	0.0	0.0	0.0	0.0	0.0	0.0	0.0	0.0	0.0	0.0	0.0	0.0	0.0	0.0	0.0	0.0	0.0	0.0	0.0	0.0	0.0	0.0	0.0	0.0	0.0	0.0	0.0	0.0	0.0	0.0	0.0	0.0	0.0	0.0	0.0	0.0	0.0	0.0	0.0	0.0	0.0	0.0	0.0	0.0	0.0	0.0	0.0	0.0	0.0	0.0	0.0	0.0	0.0	0.0	0.0	0.0	0.0	0.0	0.0	0.0	0.0	0.0	0.0	0.0	0.0	0.0	0.0	0.0	0.0	0.0	0.0	0.0	0.0	0.0	0.0	0.0	0.0	0.0	0.0	0.0	0.0	0.0	0.0	0.0	0.0	0.0	0.0	0.0	0.0	0.0	0.0	0.0	0.0	0.0	0.0	0.0	0.0	0.0	0.0	0.0	0.0	0.0	0.0	0.0	0.0	0.0	0.0	0.0	0.0	0.0	0.0	0.0	0.0	0.0	0.0	0.0	0.0	0.0	0.0	0.0	0.0	0.0	0.0	0.0	0.0	0.0	0.0	0.0	0.0	0.0	0.0	0.0	0.0	0.0	0.0	0.0	0.0	0.0	0.0	0.0	0.0	0.0	0.0	0.0	0.0	0.0	0.0	0.0	0.0	0.0	0.0	0.0	0.0	0.0	0.0	0.0	0.0	0.0	0.0	0.0	0.0	0.0	0.0	0.0	0.0	0.0	
0.04837	0.10522	0.03211	0.00518	0.06205	0.00714	0.12057	0.05271	0.0	0.0	0.0	0.04277	0.0	0.12069	0.0909	0.06395	0.04779	0.11317	0.0194	0.02317	0.0	0.0205	0.05317	0.06389	0.02449	0.0	0.0	0.0	0.0	0.05464	0.05483	0.0	0.01448	0.05203	0.02683	0.06505	0.05254	0.01984	0.06042	0.14005	0.0	0.01983	0.03029	0.06519	0.03474	0.07007	0.05295	0.01899	0.0083	0.02393	0.10936	0.02828	0.0	0.0	0.0	0.0	0.0	0.0	0.0	0.0	0.0291	0.06881	0.05127	0.02754	0.03928	0.01009	0.04318	0.0818	0.01252	0.0	0.0	0.0	0.0	0.0	0.06592	0.00827	0.01678	0.05281	0.0	0.04079	0.02446	0.03864	0.13424	0.06327	2e-05	0.00937	0.03441	0.02703	0.00532	0.12372	0.00567	0.13174	0.01006	0.0	0.0	0.02617	0.0382	0.01189	0.01229	0.00845	0.03269	0.02467	0.01628	0.0	0.0	0.0	0.0	0.0	0.0	0.0	0.0	0.0	0.02759	0.02202	0.04862	0.04861	0.12316	0.0	0.03363	0.04032	0.0	0.01613	0.08038	0.0	0.0	0.0	0.0	0.0	0.12244	0.04903	0.06353	0.04613	0.0	0.02572	0.07307	0.00853	0.05314	0.0	0.07723	0.02591	0.01823	0.02358	0.00923	0.12344	0.02229	0.0	0.0	0.0	0.0	0.0	0.0	0.0	0.0	0.0	0.0	0.01497	0.07855	0.07597	0.02326	0.00679	0.02729	0.0329	0.01708	0.0	0.0	0.0	0.0	0.01866	0.02454	0.00661	2e-05	0.01739	0.04874	0.0	0.01656	2e-05	0.02103	0.01997	0.01931	0.05702	0.07757	
0.03151	0.31319	0.05844	0.01342	0.0731	0.14682	0.20892	0.02049	0.0	0.0	0.04277	0.0	0.0	0.06819	0.02185	0.03922	0.12826	0.06989	0.22026	0.18412	0.0	0.03543	0.12148	0.07004	0.09274	0.0	0.0	0.0	0.0	0.20659	0.1053	0.0	0.00942	0.06958	0.10882	0.08935	0.16482	0.1519	0.13535	0.15774	0.0	0.1873	0.05198	0.06805	0.08227	0.01752	0.03314	0.12288	0.01461	0.14445	0.07527	0.16061	0.0	0.0	0.0	0.0	0.0	0.0	0.0	0.0	0.19792	0.01614	0.01573	0.01469	0.0263	0.00598	0.01207	0.063	0.00727	0.0	0.0	0.0	0.0	0.0	0.10332	0.00502	0.03198	0.017	0.0	0.01904	0.01297	0.04695	0.04944	0.01795	2e-05	0.01455	0.03145	0.0222	0.01379	0.11584	0.00352	0.00624	0.00594	0.0	0.0	0.02031	0.00837	0.01167	0.00716	0.07367	0.01808	0.13583	0.0726	0.0	0.0	0.0	0.0	0.0	0.0	0.0	0.0	0.0	0.03857	0.01338	0.00814	0.02024	0.05774	0.0	0.03312	0.03068	0.0	0.0323	0.03275	0.0	0.0	0.0	0.0	0.0	0.04649	0.03189	0.01992	0.04251	0.0	0.01296	0.00718	0.01975	0.02074	0.0	0.01734	0.11144	0.0098	0.02738	0.00556	0.00885	0.01219	0.0	0.0	0.0	0.0	0.0	0.0	0.0	0.0	0.0	0.0	0.00844	0.01588	0.01253	0.01263	0.01658	0.01469	0.01953	0.0096	0.0	0.0	0.0	0.0	0.01702	0.01133	0.00406	2e-05	0.00974	0.02741	0.0	0.06669	2e-05	0.01929	0.01102	0.02394	0.03555	0.04439	
0.0	0.0	0.0	0.0	0.0	0.0	0.0	0.0	0.0	0.0	0.0	0.0	0.0	0.0	0.0	0.0	0.0	0.0	0.0	0.0	0.0	0.0	0.0	0.0	0.0	0.0	0.0	0.0	0.0	0.0	0.0	0.0	0.0	0.0	0.0	0.0	0.0	0.0	0.0	0.0	0.0	0.0	0.0	0.0	0.0	0.0	0.0	0.0	0.0	0.0	0.0	0.0	0.0	0.0	0.0	0.0	0.0	0.0	0.0	0.0	0.0	0.0	0.0	0.0	0.0	0.0	0.0	0.0	0.0	0.0	0.0	0.0	0.0	0.0	0.0	0.0	0.0	0.0	0.0	0.0	0.0	0.0	0.0	0.0	0.0	0.0	0.0	0.0	0.0	0.0	0.0	0.0	0.0	0.0	0.0	0.0	0.0	0.0	0.0	0.0	0.0	0.0	0.0	0.0	0.0	0.0	0.0	0.0	0.0	0.0	0.0	0.0	0.0	0.0	0.0	0.0	0.0	0.0	0.0	0.0	0.0	0.0	0.0	0.0	0.0	0.0	0.0	0.0	0.0	0.0	0.0	0.0	0.0	0.0	0.0	0.0	0.0	0.0	0.0	0.0	0.0	0.0	0.0	0.0	0.0	0.0	0.0	0.0	0.0	0.0	0.0	0.0	0.0	0.0	0.0	0.0	0.0	0.0	0.0	0.0	0.0	0.0	0.0	0.0	0.0	0.0	0.0	0.0	0.0	0.0	0.0	0.0	0.0	0.0	0.0	0.0	0.0	0.0	0.0	0.0	0.0	
0.06736	0.14742	0.07364	0.01133	0.01382	0.05363	0.07524	0.09854	0.0	0.0	0.12069	0.06819	0.0	0.0	0.1186	0.07865	0.03284	0.06379	0.00937	0.01397	0.0	0.02722	0.06099	0.04272	0.01988	0.0	0.0	0.0	0.0	0.0768	0.04887	0.0	0.00816	0.01975	0.0171	0.05313	0.05512	0.03764	0.15277	0.13114	0.0	0.02874	0.02126	0.01654	0.01448	0.01402	0.01457	0.01149	0.01226	0.02079	0.01052	0.01809	0.0	0.0	0.0	0.0	0.0	0.0	0.0	0.0	0.06504	0.01319	0.09493	0.01211	0.01284	0.00534	0.01011	0.03399	0.00634	0.0	0.0	0.0	0.0	0.0	0.08437	0.00451	0.02283	0.03462	0.0	0.07552	0.01066	0.0381	0.03562	0.01432	2e-05	0.02374	0.02509	0.01748	0.01204	0.05384	0.00322	0.25213	0.00525	0.0	0.0	0.07662	0.00721	0.00993	0.00623	0.01635	0.01751	0.05861	0.01956	0.0	0.0	0.0	0.0	0.0	0.0	0.0	0.0	0.0	0.02848	0.01122	0.00718	0.01656	0.12952	0.0	0.01667	0.02089	0.0	0.01673	0.04285	0.0	0.0	0.0	0.0	0.0	0.05519	0.02862	0.01794	0.02859	0.0	0.03827	0.00642	0.01622	0.01001	0.0	0.01402	0.01193	0.00845	0.06909	0.00497	0.20184	0.09988	0.0	0.0	0.0	0.0	0.0	0.0	0.0	0.0	0.0	0.0	0.00721	0.07806	0.01046	0.01051	0.01376	0.01214	0.03725	0.00817	0.0	0.0	0.0	0.0	0.01394	0.00976	0.0037	2e-05	0.06478	0.02577	0.0	0.01987	2e-05	0.0209	0.00925	0.03824	0.02383	0.01579	
0.04031	0.10352	0.02174	0.00606	0.02619	0.00689	0.05788	0.08036	0.0	0.0	0.0909	0.02185	0.0	0.1186	0.0	0.16375	0.0211	0.09095	0.01742	0.024	0.0	0.05185	0.01879	0.03416	0.08852	0.0	0.0	0.0	0.0	0.06685	0.02915	0.0	0.01418	0.04066	0.03716	0.05332	0.07605	0.01708	0.073	0.1077	0.0	0.02394	0.03108	0.05384	0.03006	0.02542	0.02272	0.02228	0.00742	0.01948	0.04632	0.01633	0.0	0.0	0.0	0.0	0.0	0.0	0.0	0.0	0.02407	0.02605	0.06239	0.02171	0.02094	0.01526	0.01893	0.07366	0.01086	0.0	0.0	0.0	0.0	0.0	0.03987	0.00722	0.01977	0.05475	0.0	0.03209	0.06979	0.06764	0.04816	0.0166	2e-05	0.04311	0.02126	0.0311	0.01699	0.09608	0.00497	0.13258	0.00875	0.0	0.0	0.02223	0.01269	0.0163	0.01066	0.03229	0.04126	0.02112	0.02189	0.0	0.0	0.0	0.0	0.0	0.0	0.0	0.0	0.0	0.02954	0.021	0.01208	0.02372	0.09666	0.0	0.06088	0.04949	0.0	0.03118	0.0437	0.0	0.0	0.0	0.0	0.0	0.03463	0.0683	0.04193	0.06843	0.0	0.02412	0.0106	0.01055	0.05363	0.0	0.07645	0.02307	0.01481	0.06182	0.00805	0.12217	0.01387	0.0	0.0	0.0	0.0	0.0	0.0	0.0	0.0	0.0	0.0	0.01293	0.06924	0.01965	0.01995	0.02634	0.02336	0.04369	0.01474	0.0	0.0	0.0	0.0	0.07216	0.01728	0.00579	2e-05	0.01499	0.05606	0.0	0.03257	2e-05	0.02907	0.02613	0.03074	0.03869	0.04115	
0.02927	0.04842	0.05615	0.02812	0.03086	0.05385	0.09182	0.04563	0.0	0.0	0.06395	0.03922	0.0	0.07865	0.16375	0.0	0.04075	0.13973	0.02365	0.06126	0.0	0.03534	0.03888	0.02137	0.02493	0.0	0.0	0.0	0.0	0.02595	0.05824	0.0	0.02079	0.07836	0.0698	0.01292	0.01566	0.02507	0.06578	0.09415	0.0	0.01535	0.01933	0.04149	0.04466	0.06508	0.04918	0.0329	0.00253	0.0296	0.02575	0.02555	0.0	0.0	0.0	0.0	0.0	0.0	0.0	0.0	0.06541	0.02924	0.02975	0.01047	0.03989	0.00505	0.02791	0.05627	0.01588	0.0	0.0	0.0	0.0	0.0	0.05059	0.01053	0.0329	0.00902	0.0	0.04591	0.05688	0.0262	0.03121	0.06678	2e-05	0.02589	0.04238	0.0269	0.00499	0.0234	0.00724	0.05516	0.01278	0.0	0.0	0.06269	0.01857	0.0041	0.01558	0.00802	0.00998	0.0311	0.01638	0.0	0.0	0.0	0.0	0.0	0.0	0.0	0.0	0.0	0.00858	0.0362	0.03147	0.04462	0.04369	0.0	0.02281	0.08421	0.0	0.0209	0.02073	0.0	0.0	0.0	0.0	0.0	0.02876	0.01349	0.02444	0.05195	0.0	0.03547	0.04967	0.02508	0.02844	0.0	0.07299	0.02591	0.00748	0.01612	0.01174	0.05635	0.00757	0.0	0.0	0.0	0.0	0.0	0.0	0.0	0.0	0.0	0.0	0.01893	0.0292	0.00841	0.02935	0.00153	0.00492	0.01514	0.0216	0.0	0.0	0.0	0.0	0.05368	0.02508	0.00843	2e-05	0.05128	0.11223	0.0	0.01186	2e-05	0.06492	0.0398	0.0591	0.01982	0.06151	
0.0893	0.11242	0.03667	0.01013	0.03102	0.23947	0.12607	0.1115	0.0	0.0	0.04779	0.12826	0.0	0.03284	0.0211	0.04075	0.0	0.04657	0.12558	0.13753	0.0	0.08609	0.12205	0.0956	0.05546	0.0	0.0	0.0	0.0	0.06533	0.09709	0.0	0.01508	0.06549	0.13806	0.08588	0.06687	0.08489	0.09095	0.11416	0.0	0.12762	0.09001	0.09341	0.06648	0.06957	0.05138	0.13179	0.10708	0.23545	0.15302	0.11126	0.0	0.0	0.0	0.0	0.0	0.0	0.0	0.0	0.20747	0.02285	0.01938	0.09474	0.04565	0.00812	0.01793	0.03263	0.01017	0.0	0.0	0.0	0.0	0.0	0.11118	0.0067	0.06152	0.07205	0.0	0.03958	0.14469	0.07733	0.06225	0.07012	2e-05	0.01336	0.06379	0.07277	0.01751	0.12629	0.00459	0.00848	0.00816	0.0	0.0	0.05283	0.027	0.02346	0.00998	0.05326	0.0261	0.08214	0.09904	0.0	0.0	0.0	0.0	0.0	0.0	0.0	0.0	0.0	0.09815	0.02001	0.01127	0.02212	0.08282	0.0	0.05622	0.03811	0.0	0.04967	0.08459	0.0	0.0	0.0	0.0	0.0	0.07324	0.07353	0.03887	0.04676	0.0	0.012	0.00983	0.01298	0.06352	0.0	0.04611	0.10202	0.03111	0.02945	0.00748	0.01271	0.01817	0.0	0.0	0.0	0.0	0.0	0.0	0.0	0.0	0.0	0.0	0.01219	0.02526	0.10521	0.10849	0.08878	0.02225	0.07318	0.15799	0.0	0.0	0.0	0.0	0.0875	0.1071	0.04954	2e-05	0.01416	0.12881	0.0	0.09695	2e-05	0.03503	0.01628	0.11753	0.10154	0.05596	
0.03802	0.07174	0.04348	0.00668	0.03046	0.04478	0.18119	0.20533	0.0	0.0	0.11317	0.06989	0.0	0.06379	0.09095	0.13973	0.04657	0.0	0.02748	0.02332	0.0	0.036	0.11839	0.07371	0.03873	0.0	0.0	0.0	0.0	0.05589	0.06347	0.0	0.02413	0.09563	0.06583	0.05387	0.07927	0.02963	0.05303	0.03978	0.0	0.04291	0.04896	0.05588	0.02837	0.02753	0.06235	0.03076	0.05394	0.05079	0.05013	0.02198	0.0	0.0	0.0	0.0	0.0	0.0	0.0	0.0	0.04588	0.05994	0.07168	0.0377	0.02134	0.03337	0.02084	0.07912	0.02854	0.0	0.0	0.0	0.0	0.0	0.07224	0.01191	0.03265	0.05735	0.0	0.08688	0.0683	0.03425	0.05657	0.02508	3e-05	0.04518	0.04162	0.12261	0.0067	0.05481	0.00811	0.03657	0.01463	0.0	0.0	0.04105	0.03071	0.03091	0.01797	0.04608	0.07896	0.03743	0.0709	0.0	0.0	0.0	0.0	0.0	0.0	0.0	0.0	0.0	0.02526	0.08171	0.11035	0.05654	0.12177	0.0	0.07753	0.11194	0.0	0.06528	0.05614	0.0	0.0	0.0	0.0	0.0	0.04454	0.03192	0.06852	0.07017	0.0	0.03866	0.13436	0.05258	0.09286	0.0	0.12696	0.03949	0.00644	0.03368	0.03204	0.04197	0.03228	0.0	0.0	0.0	0.0	0.0	0.0	0.0	0.0	0.0	0.0	0.01521	0.02153	0.00954	0.03452	0.00674	0.04147	0.01466	0.06266	0.0	0.0	0.0	0.0	0.14072	0.10943	0.00947	3e-05	0.02587	0.12458	0.0	0.10548	3e-05	0.01476	0.01342	0.05718	0.03533	0.07985	
0.06553	0.22532	0.01334	0.0109	0.03043	0.14457	0.13881	0.03326	0.0	0.0	0.0194	0.22026	0.0	0.00937	0.01742	0.02365	0.12558	0.02748	0.0	0.31877	0.0	0.02065	0.16966	0.05785	0.12604	0.0	0.0	0.0	0.0	0.11412	0.28528	0.0	0.00699	0.18744	0.33672	0.11514	0.18216	0.28785	0.09074	0.16113	0.0	0.30957	0.14061	0.15478	0.14025	0.01452	0.06633	0.21994	0.03289	0.20177	0.00883	0.24949	0.0	0.0	0.0	0.0	0.0	0.0	0.0	0.0	0.3017	0.05702	0.01107	0.01017	0.01069	0.00461	0.0085	0.01848	0.00547	0.0	0.0	0.0	0.0	0.0	0.09252	0.00391	0.07165	0.02808	0.0	0.01249	0.00894	0.06205	0.01623	0.01213	3e-05	0.0109	0.02088	0.01449	0.00987	0.09864	0.00282	0.0048	0.00454	0.0	0.0	0.00889	0.00615	0.0084	0.0737	0.13888	0.0382	0.24126	0.12206	0.0	0.0	0.0	0.0	0.0	0.0	0.0	0.0	0.0	0.02318	0.00955	0.00627	0.01355	0.02275	0.0	0.04286	0.01707	0.0	0.04743	0.02553	0.0	0.0	0.0	0.0	0.0	0.05493	0.02484	0.01475	0.01871	0.0	0.01658	0.00565	0.01363	0.05666	0.0	0.01175	0.20378	0.00719	0.01832	0.0043	0.00643	0.00852	0.0	0.0	0.0	0.0	0.0	0.0	0.0	0.0	0.0	0.0	0.00616	0.04246	0.10139	0.00884	0.11528	0.12492	0.01319	0.00695	0.0	0.0	0.0	0.0	0.01176	0.00843	0.00322	3e-05	0.007	0.08471	0.0	0.13749	3e-05	0.03467	0.00779	0.02308	0.05698	0.04455	
0.08525	0.19442	0.02747	0.01476	0.05949	0.15075	0.15773	0.06453	0.0	0.0	0.02317	0.18412	0.0	0.01397	0.024	0.06126	0.13753	0.02332	0.31877	0.0	0.0	0.02182	0.14493	0.04657	0.11875	0.0	0.0	0.0	0.0	0.11195	0.24862	0.0	0.01011	0.10192	0.30075	0.09878	0.1303	0.21635	0.09825	0.15692	0.0	0.24642	0.08286	0.13401	0.12288	0.01995	0.07289	0.17632	0.01527	0.18425	0.01312	0.21344	0.0	0.0	0.0	0.0	0.0	0.0	0.0	0.0	0.24216	0.01682	0.01645	0.01532	0.01633	0.00633	0.01259	0.04379	0.00762	0.0	0.0	0.0	0.0	0.0	0.09328	0.00525	0.1169	0.04715	0.0	0.0197	0.01354	0.06857	0.02668	0.09888	4e-05	0.01486	0.01297	0.02521	0.03398	0.0929	0.00369	0.00653	0.00623	0.0	0.0	0.01256	0.00875	0.01215	0.00746	0.11905	0.03191	0.19132	0.11332	0.0	0.0	0.0	0.0	0.0	0.0	0.0	0.0	0.0	0.03937	0.01403	0.00858	0.02001	0.02319	0.0	0.05332	0.02506	0.0	0.04744	0.04369	0.0	0.0	0.0	0.0	0.0	0.03111	0.03804	0.02391	0.03047	0.0	0.09899	0.00797	0.02194	0.05096	0.0	0.01815	0.24641	0.06391	0.01018	0.00581	0.00923	0.01266	0.0	0.0	0.0	0.0	0.0	0.0	0.0	0.0	0.0	0.0	0.00884	0.01645	0.01301	0.01316	0.01727	0.03619	0.03345	0.01002	0.0	0.0	0.0	0.0	0.01783	0.01192	0.00426	4e-05	0.12425	0.04454	0.0	0.12533	4e-05	0.03467	0.11943	0.02032	0.06284	0.03739	
0.0	0.0	0.0	0.0	0.0	0.0	0.0	0.0	0.0	0.0	0.0	0.0	0.0	0.0	0.0	0.0	0.0	0.0	0.0	0.0	0.0	0.0	0.0	0.0	0.0	0.0	0.0	0.0	0.0	0.0	0.0	0.0	0.0	0.0	0.0	0.0	0.0	0.0	0.0	0.0	0.0	0.0	0.0	0.0	0.0	0.0	0.0	0.0	0.0	0.0	0.0	0.0	0.0	0.0	0.0	0.0	0.0	0.0	0.0	0.0	0.0	0.0	0.0	0.0	0.0	0.0	0.0	0.0	0.0	0.0	0.0	0.0	0.0	0.0	0.0	0.0	0.0	0.0	0.0	0.0	0.0	0.0	0.0	0.0	0.0	0.0	0.0	0.0	0.0	0.0	0.0	0.0	0.0	0.0	0.0	0.0	0.0	0.0	0.0	0.0	0.0	0.0	0.0	0.0	0.0	0.0	0.0	0.0	0.0	0.0	0.0	0.0	0.0	0.0	0.0	0.0	0.0	0.0	0.0	0.0	0.0	0.0	0.0	0.0	0.0	0.0	0.0	0.0	0.0	0.0	0.0	0.0	0.0	0.0	0.0	0.0	0.0	0.0	0.0	0.0	0.0	0.0	0.0	0.0	0.0	0.0	0.0	0.0	0.0	0.0	0.0	0.0	0.0	0.0	0.0	0.0	0.0	0.0	0.0	0.0	0.0	0.0	0.0	0.0	0.0	0.0	0.0	0.0	0.0	0.0	0.0	0.0	0.0	0.0	0.0	0.0	0.0	0.0	0.0	0.0	0.0	
0.04464	0.02963	0.04688	0.01359	0.06771	0.03962	0.04135	0.08689	0.0	0.0	0.0205	0.03543	0.0	0.02722	0.05185	0.03534	0.08609	0.036	0.02065	0.02182	0.0	0.0	0.02309	0.07718	0.08595	0.0	0.0	0.0	0.0	0.09312	0.03893	0.0	0.00837	0.05064	0.0338	0.01881	0.0594	0.02165	0.04714	0.03798	0.0	0.0314	0.04103	0.04352	0.04618	0.03817	0.02869	0.04018	0.0591	0.10023	0.02346	0.01578	0.0	0.0	0.0	0.0	0.0	0.0	0.0	0.0	0.02865	0.05073	0.02228	0.10592	0.05533	0.0106	0.04377	0.03891	0.0134	0.0	0.0	0.0	0.0	0.0	0.08815	0.05395	0.06808	0.13387	0.0	0.03726	0.14028	0.04821	0.09355	0.02503	1e-05	0.02701	0.02636	0.06467	0.01485	0.06433	0.00588	0.01103	0.01066	0.0	0.0	0.02273	0.04146	0.00371	0.0131	0.00765	0.01102	0.02739	0.06221	0.0	0.0	0.0	0.0	0.0	0.0	0.0	0.0	0.0	0.18303	0.04856	0.00691	0.08265	0.06787	0.0	0.06433	0.17683	0.0	0.05121	0.04981	0.0	0.0	0.0	0.0	0.0	0.07041	0.08171	0.09444	0.05317	0.0	0.03028	0.01293	0.04981	0.02545	0.0	0.06867	0.05088	0.02297	0.03618	0.02714	0.0164	0.02824	0.0	0.0	0.0	0.0	0.0	0.0	0.0	0.0	0.0	0.0	0.03079	0.05646	0.02244	0.04579	0.01526	0.03458	0.02728	0.07556	0.0	0.0	0.0	0.0	0.09923	0.02213	0.00687	1e-05	0.01891	0.0532	0.0	0.05282	1e-05	0.03419	0.01524	0.04245	0.08197	0.07734	
0.13628	0.1504	0.03519	0.00564	0.01763	0.07761	0.17892	0.03876	0.0	0.0	0.05317	0.12148	0.0	0.06099	0.01879	0.03888	0.12205	0.11839	0.16966	0.14493	0.0	0.02309	0.0	0.1603	0.10906	0.0	0.0	0.0	0.0	0.11216	0.17272	0.0	0.01005	0.07375	0.24018	0.12883	0.12287	0.13686	0.07689	0.14071	0.0	0.14367	0.17741	0.09526	0.09361	0.04611	0.1284	0.13134	0.04194	0.13823	0.01367	0.12544	0.0	0.0	0.0	0.0	0.0	0.0	0.0	0.0	0.14703	0.12204	0.00954	0.05876	0.02236	0.00232	0.02263	0.09949	0.02721	0.0	0.0	0.0	0.0	0.0	0.16872	0.02033	0.05685	0.05544	0.0	0.11445	0.06331	0.13059	0.03517	0.0395	4e-05	0.02898	0.06086	0.1207	0.00568	0.09666	0.01101	0.02602	0.02004	0.0	0.0	0.04907	0.02988	0.0232	0.00788	0.14856	0.02365	0.11723	0.225	0.0	0.0	0.0	0.0	0.0	0.0	0.0	0.0	0.0	0.01988	0.14124	0.13886	0.08754	0.10405	0.0	0.10036	0.09868	0.0	0.09881	0.0598	0.0	0.0	0.0	0.0	0.0	0.05942	0.03315	0.1204	0.07499	0.0	0.06759	0.16279	0.12944	0.1259	0.0	0.14648	0.13407	0.00386	0.01315	0.01821	0.03572	0.04769	0.0	0.0	0.0	0.0	0.0	0.0	0.0	0.0	0.0	0.0	0.02021	0.06959	0.01296	0.03932	0.01363	0.02013	0.03958	0.04385	0.0	0.0	0.0	0.0	0.148	0.16605	0.01288	4e-05	0.02322	0.08947	0.0	0.26996	4e-05	0.03536	0.04365	0.05682	0.07701	0.07947	
0.04834	0.08179	0.05965	0.00724	0.05691	0.03397	0.08391	0.061	0.0	0.0	0.06389	0.07004	0.0	0.04272	0.03416	0.02137	0.0956	0.07371	0.05785	0.04657	0.0	0.07718	0.1603	0.0	0.08054	0.0	0.0	0.0	0.0	0.0524	0.0873	0.0	0.03623	0.01418	0.09103	0.02988	0.02761	0.03927	0.04958	0.0457	0.0	0.05378	0.08029	0.05745	0.07499	0.03913	0.06116	0.1387	0.04528	0.07043	0.03408	0.04926	0.0	0.0	0.0	0.0	0.0	0.0	0.0	0.0	0.06478	0.06961	0.02771	0.04206	0.0169	0.0109	0.03293	0.10962	0.03638	0.0	0.0	0.0	0.0	0.0	0.0945	0.01279	0.09439	0.07232	0.0	0.07003	0.06918	0.10318	0.03569	0.05041	2e-05	0.0375	0.04318	0.09215	0.03154	0.12164	0.00863	0.0164	0.0306	0.0	0.0	0.03483	0.04576	0.01866	0.01269	0.05016	0.04547	0.04521	0.18144	0.0	0.0	0.0	0.0	0.0	0.0	0.0	0.0	0.0	0.04151	0.08351	0.07014	0.04682	0.07283	0.0	0.08733	0.12262	0.0	0.08222	0.03945	0.0	0.0	0.0	0.0	0.0	0.09945	0.06148	0.05815	0.13282	0.0	0.03703	0.08612	0.04215	0.10667	0.0	0.12103	0.04174	0.01795	0.01119	0.06417	0.02558	0.07247	0.0	0.0	0.0	0.0	0.0	0.0	0.0	0.0	0.0	0.0	0.04572	0.07592	0.03896	0.09777	0.02303	0.02881	0.05468	0.08623	0.0	0.0	0.0	0.0	0.10214	0.08912	0.02423	2e-05	0.02078	0.06502	0.0	0.11261	2e-05	0.03253	0.03013	0.06348	0.07101	0.04989	
0.01709	0.0815	0.03144	0.01531	0.02743	0.04316	0.06268	0.0913	0.0	0.0	0.02449	0.09274	0.0	0.01988	0.08852	0.02493	0.05546	0.03873	0.12604	0.11875	0.0	0.08595	0.10906	0.08054	0.0	0.0	0.0	0.0	0.0	0.23972	0.08419	0.0	0.00681	0.03334	0.07966	0.07865	0.07251	0.08153	0.08384	0.06227	0.0	0.11847	0.04292	0.0382	0.06188	0.02679	0.02738	0.13284	0.02648	0.11297	0.02902	0.12841	0.0	0.0	0.0	0.0	0.0	0.0	0.0	0.0	0.11798	0.0845	0.07738	0.02584	0.01888	0.02694	0.02376	0.07798	0.01024	0.0	0.0	0.0	0.0	0.0	0.04941	0.00682	0.05992	0.03939	0.0	0.04024	0.07361	0.04194	0.04605	0.02579	1e-05	0.05458	0.13049	0.03884	0.01497	0.13686	0.00469	0.00859	0.00825	0.0	0.0	0.01879	0.01197	0.00659	0.01007	0.04116	0.01798	0.0783	0.05886	0.0	0.0	0.0	0.0	0.0	0.0	0.0	0.0	0.0	0.058	0.02547	0.01135	0.05668	0.02163	0.0	0.07212	0.0316	0.0	0.03862	0.04605	0.0	0.0	0.0	0.0	0.0	0.04243	0.03296	0.081	0.06312	0.0	0.01565	0.00993	0.01436	0.08404	0.0	0.13125	0.06198	0.03392	0.07312	0.0076	0.01274	0.0259	0.0	0.0	0.0	0.0	0.0	0.0	0.0	0.0	0.0	0.0	0.03643	0.02478	0.02779	0.01882	0.02483	0.02206	0.01368	0.0139	0.0	0.0	0.0	0.0	0.08251	0.01625	0.00546	1e-05	0.01415	0.04782	0.0	0.03659	1e-05	0.01659	0.0267	0.02353	0.0397	0.03437	
0.0	0.0	0.0	0.0	0.0	0.0	0.0	0.0	0.0	0.0	0.0	0.0	0.0	0.0	0.0	0.0	0.0	0.0	0.0	0.0	0.0	0.0	0.0	0.0	0.0	0.0	0.0	0.0	0.0	0.0	0.0	0.0	0.0	0.0	0.0	0.0	0.0	0.0	0.0	0.0	0.0	0.0	0.0	0.0	0.0	0.0	0.0	0.0	0.0	0.0	0.0	0.0	0.0	0.0	0.0	0.0	0.0	0.0	0.0	0.0	0.0	0.0	0.0	0.0	0.0	0.0	0.0	0.0	0.0	0.0	0.0	0.0	0.0	0.0	0.0	0.0	0.0	0.0	0.0	0.0	0.0	0.0	0.0	0.0	0.0	0.0	0.0	0.0	0.0	0.0	0.0	0.0	0.0	0.0	0.0	0.0	0.0	0.0	0.0	0.0	0.0	0.0	0.0	0.0	0.0	0.0	0.0	0.0	0.0	0.0	0.0	0.0	0.0	0.0	0.0	0.0	0.0	0.0	0.0	0.0	0.0	0.0	0.0	0.0	0.0	0.0	0.0	0.0	0.0	0.0	0.0	0.0	0.0	0.0	0.0	0.0	0.0	0.0	0.0	0.0	0.0	0.0	0.0	0.0	0.0	0.0	0.0	0.0	0.0	0.0	0.0	0.0	0.0	0.0	0.0	0.0	0.0	0.0	0.0	0.0	0.0	0.0	0.0	0.0	0.0	0.0	0.0	0.0	0.0	0.0	0.0	0.0	0.0	0.0	0.0	0.0	0.0	0.0	0.0	0.0	0.0	
0.0	0.0	0.0	0.0	0.0	0.0	0.0	0.0	0.0	0.0	0.0	0.0	0.0	0.0	0.0	0.0	0.0	0.0	0.0	0.0	0.0	0.0	0.0	0.0	0.0	0.0	0.0	0.0	0.0	0.0	0.0	0.0	0.0	0.0	0.0	0.0	0.0	0.0	0.0	0.0	0.0	0.0	0.0	0.0	0.0	0.0	0.0	0.0	0.0	0.0	0.0	0.0	0.0	0.0	0.0	0.0	0.0	0.0	0.0	0.0	0.0	0.0	0.0	0.0	0.0	0.0	0.0	0.0	0.0	0.0	0.0	0.0	0.0	0.0	0.0	0.0	0.0	0.0	0.0	0.0	0.0	0.0	0.0	0.0	0.0	0.0	0.0	0.0	0.0	0.0	0.0	0.0	0.0	0.0	0.0	0.0	0.0	0.0	0.0	0.0	0.0	0.0	0.0	0.0	0.0	0.0	0.0	0.0	0.0	0.0	0.0	0.0	0.0	0.0	0.0	0.0	0.0	0.0	0.0	0.0	0.0	0.0	0.0	0.0	0.0	0.0	0.0	0.0	0.0	0.0	0.0	0.0	0.0	0.0	0.0	0.0	0.0	0.0	0.0	0.0	0.0	0.0	0.0	0.0	0.0	0.0	0.0	0.0	0.0	0.0	0.0	0.0	0.0	0.0	0.0	0.0	0.0	0.0	0.0	0.0	0.0	0.0	0.0	0.0	0.0	0.0	0.0	0.0	0.0	0.0	0.0	0.0	0.0	0.0	0.0	0.0	0.0	0.0	0.0	0.0	0.0	
0.0	0.0	0.0	0.0	0.0	0.0	0.0	0.0	0.0	0.0	0.0	0.0	0.0	0.0	0.0	0.0	0.0	0.0	0.0	0.0	0.0	0.0	0.0	0.0	0.0	0.0	0.0	0.0	0.0	0.0	0.0	0.0	0.0	0.0	0.0	0.0	0.0	0.0	0.0	0.0	0.0	0.0	0.0	0.0	0.0	0.0	0.0	0.0	0.0	0.0	0.0	0.0	0.0	0.0	0.0	0.0	0.0	0.0	0.0	0.0	0.0	0.0	0.0	0.0	0.0	0.0	0.0	0.0	0.0	0.0	0.0	0.0	0.0	0.0	0.0	0.0	0.0	0.0	0.0	0.0	0.0	0.0	0.0	0.0	0.0	0.0	0.0	0.0	0.0	0.0	0.0	0.0	0.0	0.0	0.0	0.0	0.0	0.0	0.0	0.0	0.0	0.0	0.0	0.0	0.0	0.0	0.0	0.0	0.0	0.0	0.0	0.0	0.0	0.0	0.0	0.0	0.0	0.0	0.0	0.0	0.0	0.0	0.0	0.0	0.0	0.0	0.0	0.0	0.0	0.0	0.0	0.0	0.0	0.0	0.0	0.0	0.0	0.0	0.0	0.0	0.0	0.0	0.0	0.0	0.0	0.0	0.0	0.0	0.0	0.0	0.0	0.0	0.0	0.0	0.0	0.0	0.0	0.0	0.0	0.0	0.0	0.0	0.0	0.0	0.0	0.0	0.0	0.0	0.0	0.0	0.0	0.0	0.0	0.0	0.0	0.0	0.0	0.0	0.0	0.0	0.0	
0.0	0.0	0.0	0.0	0.0	0.0	0.0	0.0	0.0	0.0	0.0	0.0	0.0	0.0	0.0	0.0	0.0	0.0	0.0	0.0	0.0	0.0	0.0	0.0	0.0	0.0	0.0	0.0	0.0	0.0	0.0	0.0	0.0	0.0	0.0	0.0	0.0	0.0	0.0	0.0	0.0	0.0	0.0	0.0	0.0	0.0	0.0	0.0	0.0	0.0	0.0	0.0	0.0	0.0	0.0	0.0	0.0	0.0	0.0	0.0	0.0	0.0	0.0	0.0	0.0	0.0	0.0	0.0	0.0	0.0	0.0	0.0	0.0	0.0	0.0	0.0	0.0	0.0	0.0	0.0	0.0	0.0	0.0	0.0	0.0	0.0	0.0	0.0	0.0	0.0	0.0	0.0	0.0	0.0	0.0	0.0	0.0	0.0	0.0	0.0	0.0	0.0	0.0	0.0	0.0	0.0	0.0	0.0	0.0	0.0	0.0	0.0	0.0	0.0	0.0	0.0	0.0	0.0	0.0	0.0	0.0	0.0	0.0	0.0	0.0	0.0	0.0	0.0	0.0	0.0	0.0	0.0	0.0	0.0	0.0	0.0	0.0	0.0	0.0	0.0	0.0	0.0	0.0	0.0	0.0	0.0	0.0	0.0	0.0	0.0	0.0	0.0	0.0	0.0	0.0	0.0	0.0	0.0	0.0	0.0	0.0	0.0	0.0	0.0	0.0	0.0	0.0	0.0	0.0	0.0	0.0	0.0	0.0	0.0	0.0	0.0	0.0	0.0	0.0	0.0	0.0	
0.11524	0.23214	0.0342	0.02134	0.03081	0.08848	0.14098	0.07461	0.0	0.0	0.05464	0.20659	0.0	0.0768	0.06685	0.02595	0.06533	0.05589	0.11412	0.11195	0.0	0.09312	0.11216	0.0524	0.23972	0.0	0.0	0.0	0.0	0.0	0.1261	0.0	0.01182	0.07164	0.10192	0.09777	0.10489	0.09886	0.11089	0.12531	0.0	0.10728	0.04131	0.03747	0.06541	0.03525	0.02827	0.12259	0.02546	0.12091	0.06531	0.10357	0.0	0.0	0.0	0.0	0.0	0.0	0.0	0.0	0.14222	0.07337	0.08891	0.03123	0.02246	0.00895	0.01412	0.0564	0.01088	0.0	0.0	0.0	0.0	0.0	0.07288	0.00709	0.07849	0.07407	0.0	0.04615	0.03756	0.08292	0.06826	0.02742	0.0	0.01592	0.0666	0.04575	0.01262	0.13961	0.00483	0.09276	0.00869	0.0	0.0	0.03628	0.01279	0.01099	0.01065	0.04403	0.05394	0.07241	0.06348	0.0	0.0	0.0	0.0	0.0	0.0	0.0	0.0	0.0	0.07341	0.0303	0.01204	0.06158	0.06212	0.0	0.05737	0.05976	0.0	0.07457	0.07593	0.0	0.0	0.0	0.0	0.0	0.05593	0.08098	0.04536	0.06139	0.0	0.01957	0.01049	0.02328	0.01741	0.0	0.04529	0.05918	0.03568	0.05449	0.00793	0.08937	0.01968	0.0	0.0	0.0	0.0	0.0	0.0	0.0	0.0	0.0	0.0	0.03472	0.05569	0.03365	0.02059	0.02724	0.02419	0.02459	0.01498	0.0	0.0	0.0	0.0	0.07719	0.01749	0.00564	0.0	0.01525	0.04546	0.0	0.04663	0.0	0.02811	0.01613	0.03876	0.05766	0.05825	
0.08953	0.1483	0.07617	0.06464	0.02458	0.06967	0.09656	0.06864	0.0	0.0	0.05483	0.1053	0.0	0.04887	0.02915	0.05824	0.09709	0.06347	0.28528	0.24862	0.0	0.03893	0.17272	0.0873	0.08419	0.0	0.0	0.0	0.0	0.1261	0.0	0.0	0.01232	0.07871	0.34529	0.09103	0.08202	0.11411	0.14422	0.08469	0.0	0.14928	0.06359	0.17909	0.07269	0.04025	0.05573	0.09803	0.01027	0.13434	0.00803	0.17152	0.0	0.0	0.0	0.0	0.0	0.0	0.0	0.0	0.15305	0.02427	0.02144	0.02037	0.02191	0.00764	0.01639	0.0278	0.05268	0.0	0.0	0.0	0.0	0.0	0.07044	0.00629	0.04315	0.04057	0.0	0.0285	0.01807	0.06463	0.03875	0.07842	1e-05	0.06672	0.01522	0.02745	0.0188	0.06795	0.00433	0.00793	0.00762	0.0	0.0	0.0258	0.01102	0.00619	0.00926	0.0794	0.07511	0.10723	0.16234	0.0	0.0	0.0	0.0	0.0	0.0	0.0	0.0	0.0	0.04698	0.02165	0.03115	0.0278	0.06053	0.0	0.07328	0.05276	0.0	0.05673	0.06401	0.0	0.0	0.0	0.0	0.0	0.02912	0.05199	0.03992	0.03068	0.0	0.06923	0.05105	0.05254	0.10053	0.0	0.05377	0.12522	0.03346	0.01421	0.00701	0.01171	0.01731	0.0	0.0	0.0	0.0	0.0	0.0	0.0	0.0	0.0	0.0	0.01586	0.02261	0.017	0.01727	0.02278	0.02067	0.02759	0.01279	0.0	0.0	0.0	0.0	0.02409	0.02067	0.00504	1e-05	0.078	0.04186	0.0	0.18523	1e-05	0.05684	0.07723	0.03348	0.08478	0.03211	
0.0	0.0	0.0	0.0	0.0	0.0	0.0	0.0	0.0	0.0	0.0	0.0	0.0	0.0	0.0	0.0	0.0	0.0	0.0	0.0	0.0	0.0	0.0	0.0	0.0	0.0	0.0	0.0	0.0	0.0	0.0	0.0	0.0	0.0	0.0	0.0	0.0	0.0	0.0	0.0	0.0	0.0	0.0	0.0	0.0	0.0	0.0	0.0	0.0	0.0	0.0	0.0	0.0	0.0	0.0	0.0	0.0	0.0	0.0	0.0	0.0	0.0	0.0	0.0	0.0	0.0	0.0	0.0	0.0	0.0	0.0	0.0	0.0	0.0	0.0	0.0	0.0	0.0	0.0	0.0	0.0	0.0	0.0	0.0	0.0	0.0	0.0	0.0	0.0	0.0	0.0	0.0	0.0	0.0	0.0	0.0	0.0	0.0	0.0	0.0	0.0	0.0	0.0	0.0	0.0	0.0	0.0	0.0	0.0	0.0	0.0	0.0	0.0	0.0	0.0	0.0	0.0	0.0	0.0	0.0	0.0	0.0	0.0	0.0	0.0	0.0	0.0	0.0	0.0	0.0	0.0	0.0	0.0	0.0	0.0	0.0	0.0	0.0	0.0	0.0	0.0	0.0	0.0	0.0	0.0	0.0	0.0	0.0	0.0	0.0	0.0	0.0	0.0	0.0	0.0	0.0	0.0	0.0	0.0	0.0	0.0	0.0	0.0	0.0	0.0	0.0	0.0	0.0	0.0	0.0	0.0	0.0	0.0	0.0	0.0	0.0	0.0	0.0	0.0	0.0	0.0	
0.04747	0.00821	0.01105	0.00843	0.05574	0.01103	0.01164	0.01245	0.0	0.0	0.01448	0.00942	0.0	0.00816	0.01418	0.02079	0.01508	0.02413	0.00699	0.01011	0.0	0.00837	0.01005	0.03623	0.00681	0.0	0.0	0.0	0.0	0.01182	0.01232	0.0	0.0	0.00533	0.00808	0.00404	0.01116	0.0809	0.01282	0.00947	0.0	0.00869	0.01415	0.01134	0.01007	0.00971	0.01773	0.00832	0.00902	0.01392	0.00774	0.01241	0.0	0.0	0.0	0.0	0.0	0.0	0.0	0.0	0.00898	0.01055	0.0096	0.00867	0.00919	0.00721	0.00746	0.0242	0.00492	0.0	0.0	0.0	0.0	0.0	0.01394	0.00373	0.01666	0.01439	0.0	0.01037	0.0076	0.01745	0.01318	0.0099	6e-05	0.01223	0.01708	0.01174	0.00865	0.01313	0.00275	0.00448	0.00417	0.0	0.0	0.13288	0.1046	0.00751	0.0049	0.01738	0.00632	0.00795	0.01934	0.0	0.0	0.0	0.0	0.0	0.0	0.0	0.0	0.0	0.0152	0.00814	0.0056	0.01083	0.01495	0.0	0.01295	0.00741	0.0	0.00736	0.01172	0.0	0.0	0.0	0.0	0.0	0.01591	0.00771	0.012	0.02876	0.0	0.01366	0.00733	0.01152	0.00348	0.0	0.00972	0.00863	0.00651	8e-05	0.00407	0.00576	0.00749	0.0	0.0	0.0	0.0	0.0	0.0	0.0	0.0	0.0	0.0	0.0892	0.0089	0.01436	0.00765	0.00999	0.00881	0.01114	0.00614	0.0	0.0	0.0	0.0	0.00979	0.00734	0.25365	6e-05	0.0062	0.01399	0.0	0.00785	6e-05	0.01069	0.00685	0.01819	0.00634	0.02307	
0.0526	0.06636	0.02629	0.01569	0.02082	0.03471	0.06825	0.04881	0.0	0.0	0.05203	0.06958	0.0	0.01975	0.04066	0.07836	0.06549	0.09563	0.18744	0.10192	0.0	0.05064	0.07375	0.01418	0.03334	0.0	0.0	0.0	0.0	0.07164	0.07871	0.0	0.00533	0.0	0.08575	0.04367	0.07923	0.1838	0.04233	0.05169	0.0	0.10682	0.05921	0.02474	0.07697	0.04966	0.03311	0.05494	0.01356	0.10573	0.02149	0.07422	0.0	0.0	0.0	0.0	0.0	0.0	0.0	0.0	0.10279	0.01322	0.02696	0.02014	0.01444	0.00924	0.01074	0.04433	0.0116	0.0	0.0	0.0	0.0	0.0	0.04681	0.00765	0.02702	0.06722	0.0	0.05243	0.01792	0.0451	0.05076	0.02732	2e-05	0.03159	0.05908	0.04244	0.00988	0.03696	0.00524	0.00968	0.00931	0.0	0.0	0.02163	0.01362	0.02057	0.08512	0.01749	0.07347	0.0885	0.04871	0.0	0.0	0.0	0.0	0.0	0.0	0.0	0.0	0.0	0.04304	0.01087	0.00504	0.01789	0.04711	0.0	0.02864	0.06025	0.0	0.07137	0.04484	0.0	0.0	0.0	0.0	0.0	0.03408	0.04605	0.04252	0.06438	0.0	0.00836	0.01115	0.03487	0.02634	0.0	0.03154	0.04767	0.01589	0.0261	0.00854	0.01578	0.05829	0.0	0.0	0.0	0.0	0.0	0.0	0.0	0.0	0.0	0.0	0.03742	0.02843	0.03429	0.02168	0.02175	0.01514	0.03512	0.01588	0.0	0.0	0.0	0.0	0.03029	0.01853	0.00611	2e-05	0.03364	0.05529	0.0	0.04946	2e-05	0.03145	0.01314	0.04462	0.02294	0.04917	
0.1663	0.10751	0.02565	0.01592	0.02351	0.06375	0.12595	0.02085	0.0	0.0	0.02683	0.10882	0.0	0.0171	0.03716	0.0698	0.13806	0.06583	0.33672	0.30075	0.0	0.0338	0.24018	0.09103	0.07966	0.0	0.0	0.0	0.0	0.10192	0.34529	0.0	0.00808	0.08575	0.0	0.12081	0.08079	0.14596	0.10611	0.08359	0.0	0.14778	0.14346	0.14569	0.07161	0.03894	0.06763	0.0972	0.06001	0.11585	0.01606	0.16935	0.0	0.0	0.0	0.0	0.0	0.0	0.0	0.0	0.16959	0.0563	0.02013	0.03478	0.0205	0.00717	0.01535	0.07555	0.00885	0.0	0.0	0.0	0.0	0.0	0.09078	0.0059	0.0628	0.05572	0.0	0.04637	0.08571	0.08406	0.03611	0.13972	3e-05	0.02615	0.09243	0.1031	0.01759	0.0837	0.00407	0.00743	0.00714	0.0	0.0	0.01613	0.01032	0.01453	0.01763	0.08033	0.11259	0.10635	0.16223	0.0	0.0	0.0	0.0	0.0	0.0	0.0	0.0	0.0	0.0371	0.0491	0.09106	0.03407	0.09341	0.0	0.07878	0.07693	0.0	0.07487	0.06039	0.0	0.0	0.0	0.0	0.0	0.0564	0.05148	0.05941	0.03622	0.0	0.13071	0.1225	0.08973	0.11247	0.0	0.09828	0.20831	0.11553	0.03673	0.00658	0.01097	0.01551	0.0	0.0	0.0	0.0	0.0	0.0	0.0	0.0	0.0	0.0	0.0105	0.02269	0.04066	0.04703	0.08691	0.108	0.02145	0.09321	0.0	0.0	0.0	0.0	0.13151	0.24498	0.00474	3e-05	0.16177	0.18511	0.0	0.25239	3e-05	0.07828	0.15751	0.08204	0.11963	0.0834	
0.06618	0.21586	0.04244	0.02584	0.05664	0.03297	0.20296	0.03959	0.0	0.0	0.06505	0.08935	0.0	0.05313	0.05332	0.01292	0.08588	0.05387	0.11514	0.09878	0.0	0.01881	0.12883	0.02988	0.07865	0.0	0.0	0.0	0.0	0.09777	0.09103	0.0	0.00404	0.04367	0.12081	0.0	0.17736	0.07811	0.10561	0.20929	0.0	0.09796	0.0481	0.06154	0.06246	0.02457	0.11472	0.07985	0.00828	0.09097	0.04127	0.12359	0.0	0.0	0.0	0.0	0.0	0.0	0.0	0.0	0.10199	0.01635	0.03012	0.01591	0.01346	0.01052	0.02359	0.02108	0.03651	0.0	0.0	0.0	0.0	0.0	0.10672	0.00897	0.0256	0.05412	0.0	0.01953	0.05674	0.05766	0.02704	0.02184	4e-05	0.03021	0.01546	0.04443	0.02791	0.09026	0.00614	0.10111	0.03607	0.0	0.0	0.0105	0.01608	0.02285	0.02278	0.02998	0.01228	0.10123	0.04604	0.0	0.0	0.0	0.0	0.0	0.0	0.0	0.0	0.0	0.03536	0.03349	0.03899	0.01248	0.08025	0.0	0.04583	0.04708	0.0	0.05182	0.03908	0.0	0.0	0.0	0.0	0.0	0.03451	0.03355	0.04109	0.03741	0.0	0.01766	0.06242	0.009	0.01532	0.0	0.06951	0.0648	0.01876	0.01082	0.01003	0.09799	0.02469	0.0	0.0	0.0	0.0	0.0	0.0	0.0	0.0	0.0	0.0	0.04947	0.05521	0.02534	0.04484	0.01403	0.01085	0.0335	0.05344	0.0	0.0	0.0	0.0	0.05443	0.1099	0.00716	4e-05	0.01915	0.03835	0.0	0.0638	4e-05	0.04266	0.02207	0.04327	0.04902	0.03219	
0.07014	0.23584	0.02648	0.01619	0.09508	0.03689	0.11919	0.07181	0.0	0.0	0.05254	0.16482	0.0	0.05512	0.07605	0.01566	0.06687	0.07927	0.18216	0.1303	0.0	0.0594	0.12287	0.02761	0.07251	0.0	0.0	0.0	0.0	0.10489	0.08202	0.0	0.01116	0.07923	0.08079	0.17736	0.0	0.09422	0.17496	0.24282	0.0	0.13189	0.06134	0.04302	0.05236	0.024	0.1094	0.0963	0.0177	0.099	0.0153	0.12195	0.0	0.0	0.0	0.0	0.0	0.0	0.0	0.0	0.13066	0.03231	0.07649	0.01802	0.01557	0.00696	0.01632	0.09561	0.00857	0.0	0.0	0.0	0.0	0.0	0.13641	0.0058	0.01914	0.04869	0.0	0.02399	0.09806	0.05616	0.08112	0.02253	1e-05	0.01783	0.02123	0.03448	0.01182	0.14514	0.00402	0.14094	0.00695	0.0	0.0	0.01537	0.00996	0.014	0.00845	0.04168	0.02748	0.08763	0.07419	0.0	0.0	0.0	0.0	0.0	0.0	0.0	0.0	0.0	0.05263	0.01623	0.00953	0.0253	0.12565	0.0	0.06081	0.02925	0.0	0.03898	0.04297	0.0	0.0	0.0	0.0	0.0	0.02487	0.02894	0.02325	0.03967	0.0	0.01699	0.00835	0.02429	0.017	0.0	0.03909	0.06842	0.01165	0.01726	0.02911	0.1258	0.01667	0.0	0.0	0.0	0.0	0.0	0.0	0.0	0.0	0.0	0.0	0.01009	0.0906	0.01522	0.0319	0.01081	0.01215	0.03192	0.03002	0.0	0.0	0.0	0.0	0.03539	0.01348	0.00467	1e-05	0.0117	0.03638	0.0	0.04623	1e-05	0.02372	0.01334	0.04301	0.02121	0.08859	
