0.0	0.0	0.0	0.0	0.0	0.00034	0.0001	0.00012	0.0	0.0	0.0	0.0	0.0	0.00012	0.0	0.0	0.00016	8e-05	0.00011	0.0	0.00012	7e-05	0.00012	8e-05	0.0	0.0	0.0	0.0	0.00011	0.0	7e-05	6e-05	9e-05	0.00019	0.0	0.0	3e-05	0.00022	5e-05	0.00016	0.0	0.00016	2e-05	0.0	0.0	0.0	0.0	0.0	0.0	0.0	0.0	0.0	0.0	0.0	0.0	0.0	6e-05	0.00011	0.0001	0.00018	0.00011	0.0	0.0	0.0	0.0	0.0	0.0	0.0	7e-05	0.0	0.0	0.00034	0.0	0.0	0.0	0.0	0.0	0.0	0.0	0.0	0.0001	0.0	0.0	0.0	0.0	0.0	0.0	0.0	0.0	0.0	0.0	
0.0	0.0	0.0	0.0	0.0	0.00034	0.0001	0.00012	0.0	0.0	0.0	0.0	0.0	0.00012	0.0	0.0	0.00016	8e-05	0.00011	0.0	0.00012	7e-05	0.00012	8e-05	0.0	0.0	0.0	0.0	0.00011	0.0	7e-05	6e-05	9e-05	0.00019	0.0	0.0	3e-05	0.00022	5e-05	0.00016	0.0	0.00016	2e-05	0.0	0.0	0.0	0.0	0.0	0.0	0.0	0.0	0.0	0.0	0.0	0.0	0.0	6e-05	0.00011	0.0001	0.00018	0.00011	0.0	0.0	0.0	0.0	0.0	0.0	0.0	7e-05	0.0	0.0	0.00034	0.0	0.0	0.0	0.0	0.0	0.0	0.0	0.0	0.0001	0.0	0.0	0.0	0.0	0.0	0.0	0.0	0.0	0.0	0.0	
0.0	0.0	0.0	0.0	0.0	0.00034	0.0001	0.00012	0.0	0.0	0.0	0.0	0.0	0.00012	0.0	0.0	0.00016	8e-05	0.00011	0.0	0.00012	7e-05	0.00012	8e-05	0.0	0.0	0.0	0.0	0.00011	0.0	7e-05	6e-05	9e-05	0.00019	0.0	0.0	3e-05	0.00022	5e-05	0.00016	0.0	0.00016	2e-05	0.0	0.0	0.0	0.0	0.0	0.0	0.0	0.0	0.0	0.0	0.0	0.0	0.0	6e-05	0.00011	0.0001	0.00018	0.00011	0.0	0.0	0.0	0.0	0.0	0.0	0.0	7e-05	0.0	0.0	0.00034	0.0	0.0	0.0	0.0	0.0	0.0	0.0	0.0	0.0001	0.0	0.0	0.0	0.0	0.0	0.0	0.0	0.0	0.0	0.0	
0.0	0.0	0.0	0.0	0.0	0.00034	0.0001	0.00012	0.0	0.0	0.0	0.0	0.0	0.00012	0.0	0.0	0.00016	8e-05	0.00011	0.0	0.00012	7e-05	0.00012	8e-05	0.0	0.0	0.0	0.0	0.00011	0.0	7e-05	6e-05	9e-05	0.00019	0.0	0.0	3e-05	0.00022	5e-05	0.00016	0.0	0.00016	2e-05	0.0	0.0	0.0	0.0	0.0	0.0	0.0	0.0	0.0	0.0	0.0	0.0	0.0	6e-05	0.00011	0.0001	0.00018	0.00011	0.0	0.0	0.0	0.0	0.0	0.0	0.0	7e-05	0.0	0.0	0.00034	0.0	0.0	0.0	0.0	0.0	0.0	0.0	0.0	0.0001	0.0	0.0	0.0	0.0	0.0	0.0	0.0	0.0	0.0	0.0	
0.0	0.0	0.0	0.0	0.0	0.00034	0.0001	0.00012	0.0	0.0	0.0	0.0	0.0	0.00012	0.0	0.0	0.00016	8e-05	0.00011	0.0	0.00012	7e-05	0.00012	8e-05	0.0	0.0	0.0	0.0	0.00011	0.0	7e-05	6e-05	9e-05	0.00019	0.0	0.0	3e-05	0.00022	5e-05	0.00016	0.0	0.00016	2e-05	0.0	0.0	0.0	0.0	0.0	0.0	0.0	0.0	0.0	0.0	0.0	0.0	0.0	6e-05	0.00011	0.0001	0.00018	0.00011	0.0	0.0	0.0	0.0	0.0	0.0	0.0	7e-05	0.0	0.0	0.00034	0.0	0.0	0.0	0.0	0.0	0.0	0.0	0.0	0.0001	0.0	0.0	0.0	0.0	0.0	0.0	0.0	0.0	0.0	0.0	
0.00034	0.00034	0.00034	0.00034	0.00034	0.0	0.01653	0.01535	0.00034	0.00034	0.00034	0.00034	0.00034	0.02975	0.00034	0.00034	0.51022	0.02975	0.02424	0.0	0.01626	0.02063	0.01776	0.0205	0.00034	0.00034	0.00034	0.00034	0.01939	0.00034	0.02557	0.02232	0.03589	0.01595	0.0	0.0	0.02812	0.01461	0.02786	0.01169	0.00099	0.15057	0.06547	0.0	0.0	0.0	0.0	0.0	0.0	0.0	0.0	0.0	0.0	0.0	0.0	0.0	0.09267	0.22867	0.01752	0.01431	0.01572	0.00034	0.00034	0.00034	0.00034	0.00034	0.00034	0.0	0.02535	0.00034	0.00034	0.99986	0.00034	0.00034	0.00034	0.00034	0.00034	0.00034	0.00034	0.00034	0.01653	0.00536	0.00034	0.00034	0.00034	0.00034	0.00034	0.00034	0.00034	0.00034	0.00034	
0.0001	0.0001	0.0001	0.0001	0.0001	0.01653	0.0	0.02844	0.0001	0.0001	0.0001	0.0001	0.0001	0.24674	0.0001	0.0001	0.02514	0.44759	0.35219	0.0	0.03124	0.56186	0.03543	0.04178	0.0001	0.0001	0.0001	0.0001	0.03843	0.0001	0.38188	0.42855	0.33062	0.02966	0.0	0.0	0.05931	0.02626	0.26545	0.02018	0.00039	0.06021	0.47834	0.0	0.0	0.0	0.0	0.0	0.0	0.0	0.0	0.0	0.0	0.0	0.0	0.0	0.67686	0.33239	0.99988	0.02579	0.02925	0.0001	0.0001	0.0001	0.0001	0.0001	0.0001	0.0	0.32337	0.0001	0.0001	0.01653	0.0001	0.0001	0.0001	0.0001	0.0001	0.0001	0.0001	0.0001	0.99973	0.0	0.0001	0.0001	0.0001	0.0001	0.0001	0.0001	0.0001	0.0001	0.0001	
0.00012	0.00012	0.00012	0.00012	0.00012	0.01535	0.02844	0.0	0.00012	0.00012	0.00012	0.00012	0.00012	0.05448	0.00012	0.00012	0.02303	0.0571	0.04357	0.0	0.16674	0.03818	0.03223	0.09252	0.00012	0.00012	0.00012	0.00012	0.62268	0.00012	0.04959	0.04259	0.0818	0.02724	0.0	0.0	0.05632	0.02414	0.07475	0.38065	0.00032	0.04128	0.05922	0.0	0.0	0.0	0.0	0.0	0.0	0.0	0.0	0.0	0.0	0.0	0.0	0.0	0.04903	0.04586	0.02999	0.02371	0.02686	0.00012	0.00012	0.00012	0.00012	0.00012	0.00012	0.0	0.04579	0.00012	0.00012	0.01535	0.00012	0.00012	0.00012	0.00012	0.00012	0.00012	0.00012	0.00012	0.02844	0.00447	0.00012	0.00012	0.00012	0.00012	0.00012	0.00012	0.00012	0.00012	0.00012	
0.0	0.0	0.0	0.0	0.0	0.00034	0.0001	0.00012	0.0	0.0	0.0	0.0	0.0	0.00012	0.0	0.0	0.00016	8e-05	0.00011	0.0	0.00012	7e-05	0.00012	8e-05	0.0	0.0	0.0	0.0	0.00011	0.0	7e-05	6e-05	9e-05	0.00019	0.0	0.0	3e-05	0.00022	5e-05	0.00016	0.0	0.00016	2e-05	0.0	0.0	0.0	0.0	0.0	0.0	0.0	0.0	0.0	0.0	0.0	0.0	0.0	6e-05	0.00011	0.0001	0.00018	0.00011	0.0	0.0	0.0	0.0	0.0	0.0	0.0	7e-05	0.0	0.0	0.00034	0.0	0.0	0.0	0.0	0.0	0.0	0.0	0.0	0.0001	0.0	0.0	0.0	0.0	0.0	0.0	0.0	0.0	0.0	0.0	
0.0	0.0	0.0	0.0	0.0	0.00034	0.0001	0.00012	0.0	0.0	0.0	0.0	0.0	0.00012	0.0	0.0	0.00016	8e-05	0.00011	0.0	0.00012	7e-05	0.00012	8e-05	0.0	0.0	0.0	0.0	0.00011	0.0	7e-05	6e-05	9e-05	0.00019	0.0	0.0	3e-05	0.00022	5e-05	0.00016	0.0	0.00016	2e-05	0.0	0.0	0.0	0.0	0.0	0.0	0.0	0.0	0.0	0.0	0.0	0.0	0.0	6e-05	0.00011	0.0001	0.00018	0.00011	0.0	0.0	0.0	0.0	0.0	0.0	0.0	7e-05	0.0	0.0	0.00034	0.0	0.0	0.0	0.0	0.0	0.0	0.0	0.0	0.0001	0.0	0.0	0.0	0.0	0.0	0.0	0.0	0.0	0.0	0.0	
0.0	0.0	0.0	0.0	0.0	0.00034	0.0001	0.00012	0.0	0.0	0.0	0.0	0.0	0.00012	0.0	0.0	0.00016	8e-05	0.00011	0.0	0.00012	7e-05	0.00012	8e-05	0.0	0.0	0.0	0.0	0.00011	0.0	7e-05	6e-05	9e-05	0.00019	0.0	0.0	3e-05	0.00022	5e-05	0.00016	0.0	0.00016	2e-05	0.0	0.0	0.0	0.0	0.0	0.0	0.0	0.0	0.0	0.0	0.0	0.0	0.0	6e-05	0.00011	0.0001	0.00018	0.00011	0.0	0.0	0.0	0.0	0.0	0.0	0.0	7e-05	0.0	0.0	0.00034	0.0	0.0	0.0	0.0	0.0	0.0	0.0	0.0	0.0001	0.0	0.0	0.0	0.0	0.0	0.0	0.0	0.0	0.0	0.0	
0.0	0.0	0.0	0.0	0.0	0.00034	0.0001	0.00012	0.0	0.0	0.0	0.0	0.0	0.00012	0.0	0.0	0.00016	8e-05	0.00011	0.0	0.00012	7e-05	0.00012	8e-05	0.0	0.0	0.0	0.0	0.00011	0.0	7e-05	6e-05	9e-05	0.00019	0.0	0.0	3e-05	0.00022	5e-05	0.00016	0.0	0.00016	2e-05	0.0	0.0	0.0	0.0	0.0	0.0	0.0	0.0	0.0	0.0	0.0	0.0	0.0	6e-05	0.00011	0.0001	0.00018	0.00011	0.0	0.0	0.0	0.0	0.0	0.0	0.0	7e-05	0.0	0.0	0.00034	0.0	0.0	0.0	0.0	0.0	0.0	0.0	0.0	0.0001	0.0	0.0	0.0	0.0	0.0	0.0	0.0	0.0	0.0	0.0	
0.0	0.0	0.0	0.0	0.0	0.00034	0.0001	0.00012	0.0	0.0	0.0	0.0	0.0	0.00012	0.0	0.0	0.00016	8e-05	0.00011	0.0	0.00012	7e-05	0.00012	8e-05	0.0	0.0	0.0	0.0	0.00011	0.0	7e-05	6e-05	9e-05	0.00019	0.0	0.0	3e-05	0.00022	5e-05	0.00016	0.0	0.00016	2e-05	0.0	0.0	0.0	0.0	0.0	0.0	0.0	0.0	0.0	0.0	0.0	0.0	0.0	6e-05	0.00011	0.0001	0.00018	0.00011	0.0	0.0	0.0	0.0	0.0	0.0	0.0	7e-05	0.0	0.0	0.00034	0.0	0.0	0.0	0.0	0.0	0.0	0.0	0.0	0.0001	0.0	0.0	0.0	0.0	0.0	0.0	0.0	0.0	0.0	0.0	
0.00012	0.00012	0.00012	0.00012	0.00012	0.02975	0.24674	0.05448	0.00012	0.00012	0.00012	0.00012	0.00012	0.0	0.00012	0.00012	0.10152	0.19179	0.51658	0.0	0.14166	0.20238	0.14237	0.08776	0.00012	0.00012	0.00012	0.00012	0.07977	0.00012	0.17767	0.18334	0.23393	0.05629	0.0	0.0	0.13289	0.04994	0.06831	0.03725	0.00038	0.13544	0.35306	0.0	0.0	0.0	0.0	0.0	0.0	0.0	0.0	0.0	0.0	0.0	0.0	0.0	0.21117	0.09303	0.24412	0.04892	0.05623	0.00012	0.00012	0.00012	0.00012	0.00012	0.00012	0.0	0.04757	0.00012	0.00012	0.02975	0.00012	0.00012	0.00012	0.00012	0.00012	0.00012	0.00012	0.00012	0.24674	0.08004	0.00012	0.00012	0.00012	0.00012	0.00012	0.00012	0.00012	0.00012	0.00012	
0.0	0.0	0.0	0.0	0.0	0.00034	0.0001	0.00012	0.0	0.0	0.0	0.0	0.0	0.00012	0.0	0.0	0.00016	8e-05	0.00011	0.0	0.00012	7e-05	0.00012	8e-05	0.0	0.0	0.0	0.0	0.00011	0.0	7e-05	6e-05	9e-05	0.00019	0.0	0.0	3e-05	0.00022	5e-05	0.00016	0.0	0.00016	2e-05	0.0	0.0	0.0	0.0	0.0	0.0	0.0	0.0	0.0	0.0	0.0	0.0	0.0	6e-05	0.00011	0.0001	0.00018	0.00011	0.0	0.0	0.0	0.0	0.0	0.0	0.0	7e-05	0.0	0.0	0.00034	0.0	0.0	0.0	0.0	0.0	0.0	0.0	0.0	0.0001	0.0	0.0	0.0	0.0	0.0	0.0	0.0	0.0	0.0	0.0	
0.0	0.0	0.0	0.0	0.0	0.00034	0.0001	0.00012	0.0	0.0	0.0	0.0	0.0	0.00012	0.0	0.0	0.00016	8e-05	0.00011	0.0	0.00012	7e-05	0.00012	8e-05	0.0	0.0	0.0	0.0	0.00011	0.0	7e-05	6e-05	9e-05	0.00019	0.0	0.0	3e-05	0.00022	5e-05	0.00016	0.0	0.00016	2e-05	0.0	0.0	0.0	0.0	0.0	0.0	0.0	0.0	0.0	0.0	0.0	0.0	0.0	6e-05	0.00011	0.0001	0.00018	0.00011	0.0	0.0	0.0	0.0	0.0	0.0	0.0	7e-05	0.0	0.0	0.00034	0.0	0.0	0.0	0.0	0.0	0.0	0.0	0.0	0.0001	0.0	0.0	0.0	0.0	0.0	0.0	0.0	0.0	0.0	0.0	
0.00016	0.00016	0.00016	0.00016	0.00016	0.51022	0.02514	0.02303	0.00016	0.00016	0.00016	0.00016	0.00016	0.10152	0.00016	0.00016	0.0	0.05226	0.03898	0.0	0.02553	0.03466	0.0291	0.03439	0.00016	0.00016	0.00016	0.00016	0.0315	0.00016	0.12459	0.03911	0.12103	0.02404	0.0	0.0	0.04879	0.02123	0.04794	0.01625	0.00052	0.11739	0.08168	0.0	0.0	0.0	0.0	0.0	0.0	0.0	0.0	0.0	0.0	0.0	0.0	0.0	0.09297	0.2001	0.02655	0.02084	0.0237	0.00016	0.00016	0.00016	0.00016	0.00016	0.00016	0.0	0.04101	0.00016	0.00016	0.51022	0.00016	0.00016	0.00016	0.00016	0.00016	0.00016	0.00016	0.00016	0.02514	0.00434	0.00016	0.00016	0.00016	0.00016	0.00016	0.00016	0.00016	0.00016	0.00016	
8e-05	8e-05	8e-05	8e-05	8e-05	0.02975	0.44759	0.0571	8e-05	8e-05	8e-05	8e-05	8e-05	0.19179	8e-05	8e-05	0.05226	0.0	0.3565	0.0	0.13841	0.52077	0.33513	0.16415	8e-05	8e-05	8e-05	8e-05	0.08914	8e-05	0.42469	0.44663	0.44961	0.06902	0.0	0.0	0.13411	0.01724	0.20407	0.03781	0.00034	0.20505	0.46279	0.0	0.0	0.0	0.0	0.0	0.0	0.0	0.0	0.0	0.0	0.0	0.0	0.0	0.42774	0.26371	0.45	0.1574	0.05908	8e-05	8e-05	8e-05	8e-05	8e-05	8e-05	0.0	0.23108	8e-05	8e-05	0.02975	8e-05	8e-05	8e-05	8e-05	8e-05	8e-05	8e-05	8e-05	0.44759	0.26383	8e-05	8e-05	8e-05	8e-05	8e-05	8e-05	8e-05	8e-05	8e-05	
0.00011	0.00011	0.00011	0.00011	0.00011	0.02424	0.35219	0.04357	0.00011	0.00011	0.00011	0.00011	0.00011	0.51658	0.00011	0.00011	0.03898	0.3565	0.0	0.0	0.17921	0.25939	0.17038	0.06812	0.00011	0.00011	0.00011	0.00011	0.06203	0.00011	0.21152	0.22169	0.27412	0.08907	0.0	0.0	0.10042	0.03994	0.09666	0.03006	0.00036	0.10009	0.62175	0.0	0.0	0.0	0.0	0.0	0.0	0.0	0.0	0.0	0.0	0.0	0.0	0.0	0.2799	0.12966	0.34954	0.03917	0.04491	0.00011	0.00011	0.00011	0.00011	0.00011	0.00011	0.0	0.08908	0.00011	0.00011	0.02424	0.00011	0.00011	0.00011	0.00011	0.00011	0.00011	0.00011	0.00011	0.35219	0.15706	0.00011	0.00011	0.00011	0.00011	0.00011	0.00011	0.00011	0.00011	0.00011	
0.0	0.0	0.0	0.0	0.0	0.0	0.0	0.0	0.0	0.0	0.0	0.0	0.0	0.0	0.0	0.0	0.0	0.0	0.0	0.0	0.0	0.0	0.0	0.0	0.0	0.0	0.0	0.0	0.0	0.0	0.0	0.0	0.0	0.0	0.0	0.0	0.0	0.0	0.0	0.0	0.0	0.0	0.0	0.0	0.0	0.0	0.0	0.0	0.0	0.0	0.0	0.0	0.0	0.0	0.0	0.0	0.0	0.0	0.0	0.0	0.0	0.0	0.0	0.0	0.0	0.0	0.0	0.0	0.0	0.0	0.0	0.0	0.0	0.0	0.0	0.0	0.0	0.0	0.0	0.0	0.0	0.0	0.0	0.0	0.0	0.0	0.0	0.0	0.0	0.0	0.0	
0.00012	0.00012	0.00012	0.00012	0.00012	0.01626	0.03124	0.16674	0.00012	0.00012	0.00012	0.00012	0.00012	0.14166	0.00012	0.00012	0.02553	0.13841	0.17921	0.0	0.0	0.04412	0.38577	0.04393	0.00012	0.00012	0.00012	0.00012	0.13802	0.00012	0.05979	0.05048	0.12275	0.34194	0.0	0.0	0.0584	0.02626	0.16399	0.0197	0.00015	0.06148	0.32864	0.0	0.0	0.0	0.0	0.0	0.0	0.0	0.0	0.0	0.0	0.0	0.0	0.0	0.11174	0.04929	0.03302	0.02547	0.02947	0.00012	0.00012	0.00012	0.00012	0.00012	0.00012	0.0	0.05234	0.00012	0.00012	0.01626	0.00012	0.00012	0.00012	0.00012	0.00012	0.00012	0.00012	0.00012	0.03124	0.00389	0.00012	0.00012	0.00012	0.00012	0.00012	0.00012	0.00012	0.00012	0.00012	
7e-05	7e-05	7e-05	7e-05	7e-05	0.02063	0.56186	0.03818	7e-05	7e-05	7e-05	7e-05	7e-05	0.20238	7e-05	7e-05	0.03466	0.52077	0.25939	0.0	0.04412	0.0	0.35077	0.3349	7e-05	7e-05	7e-05	7e-05	0.0561	7e-05	0.67957	0.76264	0.40074	0.04002	0.0	0.0	0.24772	0.03462	0.22775	0.02569	0.00026	0.50805	0.38743	0.0	0.0	0.0	0.0	0.0	0.0	0.0	0.0	0.0	0.0	0.0	0.0	0.0	0.46618	0.26747	0.56224	0.46347	0.03942	7e-05	7e-05	7e-05	7e-05	7e-05	7e-05	0.0	0.24389	7e-05	7e-05	0.02063	7e-05	7e-05	7e-05	7e-05	7e-05	7e-05	7e-05	7e-05	0.56186	0.41751	7e-05	7e-05	7e-05	7e-05	7e-05	7e-05	7e-05	7e-05	7e-05	
0.00012	0.00012	0.00012	0.00012	0.00012	0.01776	0.03543	0.03223	0.00012	0.00012	0.00012	0.00012	0.00012	0.14237	0.00012	0.00012	0.0291	0.33513	0.17038	0.0	0.38577	0.35077	0.0	0.35166	0.00012	0.00012	0.00012	0.00012	0.04607	0.00012	0.28076	0.29695	0.26219	0.29503	0.0	0.0	0.24644	0.02919	0.07307	0.02182	0.00013	0.5581	0.31318	0.0	0.0	0.0	0.0	0.0	0.0	0.0	0.0	0.0	0.0	0.0	0.0	0.0	0.06554	0.06283	0.03735	0.52803	0.03324	0.00012	0.00012	0.00012	0.00012	0.00012	0.00012	0.0	0.06003	0.00012	0.00012	0.01776	0.00012	0.00012	0.00012	0.00012	0.00012	0.00012	0.00012	0.00012	0.03543	0.00387	0.00012	0.00012	0.00012	0.00012	0.00012	0.00012	0.00012	0.00012	0.00012	
8e-05	8e-05	8e-05	8e-05	8e-05	0.0205	0.04178	0.09252	8e-05	8e-05	8e-05	8e-05	8e-05	0.08776	8e-05	8e-05	0.03439	0.16415	0.06812	0.0	0.04393	0.3349	0.35166	0.0	8e-05	8e-05	8e-05	8e-05	0.32007	8e-05	0.28225	0.29221	0.16302	0.03972	0.0	0.0	0.23876	0.08299	0.08996	0.20555	0.00048	1.35964	0.08016	0.0	0.0	0.0	0.0	0.0	0.0	0.0	0.0	0.0	0.0	0.0	0.0	0.0	0.06488	0.07678	0.04437	0.466	0.06353	8e-05	8e-05	8e-05	8e-05	8e-05	8e-05	0.0	0.07211	8e-05	8e-05	0.0205	8e-05	8e-05	8e-05	8e-05	8e-05	8e-05	8e-05	8e-05	0.04178	0.00589	8e-05	8e-05	8e-05	8e-05	8e-05	8e-05	8e-05	8e-05	8e-05	
0.0	0.0	0.0	0.0	0.0	0.00034	0.0001	0.00012	0.0	0.0	0.0	0.0	0.0	0.00012	0.0	0.0	0.00016	8e-05	0.00011	0.0	0.00012	7e-05	0.00012	8e-05	0.0	0.0	0.0	0.0	0.00011	0.0	7e-05	6e-05	9e-05	0.00019	0.0	0.0	3e-05	0.00022	5e-05	0.00016	0.0	0.00016	2e-05	0.0	0.0	0.0	0.0	0.0	0.0	0.0	0.0	0.0	0.0	0.0	0.0	0.0	6e-05	0.00011	0.0001	0.00018	0.00011	0.0	0.0	0.0	0.0	0.0	0.0	0.0	7e-05	0.0	0.0	0.00034	0.0	0.0	0.0	0.0	0.0	0.0	0.0	0.0	0.0001	0.0	0.0	0.0	0.0	0.0	0.0	0.0	0.0	0.0	0.0	
0.0	0.0	0.0	0.0	0.0	0.00034	0.0001	0.00012	0.0	0.0	0.0	0.0	0.0	0.00012	0.0	0.0	0.00016	8e-05	0.00011	0.0	0.00012	7e-05	0.00012	8e-05	0.0	0.0	0.0	0.0	0.00011	0.0	7e-05	6e-05	9e-05	0.00019	0.0	0.0	3e-05	0.00022	5e-05	0.00016	0.0	0.00016	2e-05	0.0	0.0	0.0	0.0	0.0	0.0	0.0	0.0	0.0	0.0	0.0	0.0	0.0	6e-05	0.00011	0.0001	0.00018	0.00011	0.0	0.0	0.0	0.0	0.0	0.0	0.0	7e-05	0.0	0.0	0.00034	0.0	0.0	0.0	0.0	0.0	0.0	0.0	0.0	0.0001	0.0	0.0	0.0	0.0	0.0	0.0	0.0	0.0	0.0	0.0	
0.0	0.0	0.0	0.0	0.0	0.00034	0.0001	0.00012	0.0	0.0	0.0	0.0	0.0	0.00012	0.0	0.0	0.00016	8e-05	0.00011	0.0	0.00012	7e-05	0.00012	8e-05	0.0	0.0	0.0	0.0	0.00011	0.0	7e-05	6e-05	9e-05	0.00019	0.0	0.0	3e-05	0.00022	5e-05	0.00016	0.0	0.00016	2e-05	0.0	0.0	0.0	0.0	0.0	0.0	0.0	0.0	0.0	0.0	0.0	0.0	0.0	6e-05	0.00011	0.0001	0.00018	0.00011	0.0	0.0	0.0	0.0	0.0	0.0	0.0	7e-05	0.0	0.0	0.00034	0.0	0.0	0.0	0.0	0.0	0.0	0.0	0.0	0.0001	0.0	0.0	0.0	0.0	0.0	0.0	0.0	0.0	0.0	0.0	
0.0	0.0	0.0	0.0	0.0	0.00034	0.0001	0.00012	0.0	0.0	0.0	0.0	0.0	0.00012	0.0	0.0	0.00016	8e-05	0.00011	0.0	0.00012	7e-05	0.00012	8e-05	0.0	0.0	0.0	0.0	0.00011	0.0	7e-05	6e-05	9e-05	0.00019	0.0	0.0	3e-05	0.00022	5e-05	0.00016	0.0	0.00016	2e-05	0.0	0.0	0.0	0.0	0.0	0.0	0.0	0.0	0.0	0.0	0.0	0.0	0.0	6e-05	0.00011	0.0001	0.00018	0.00011	0.0	0.0	0.0	0.0	0.0	0.0	0.0	7e-05	0.0	0.0	0.00034	0.0	0.0	0.0	0.0	0.0	0.0	0.0	0.0	0.0001	0.0	0.0	0.0	0.0	0.0	0.0	0.0	0.0	0.0	0.0	
0.00011	0.00011	0.00011	0.00011	0.00011	0.01939	0.03843	0.62268	0.00011	0.00011	0.00011	0.00011	0.00011	0.07977	0.00011	0.00011	0.0315	0.08914	0.06203	0.0	0.13802	0.0561	0.04607	0.32007	0.00011	0.00011	0.00011	0.00011	0.0	0.00011	0.07815	0.06528	0.11099	0.03644	0.0	0.0	0.095	0.22962	0.08362	0.25372	0.00062	0.14688	0.11744	0.0	0.0	0.0	0.0	0.0	0.0	0.0	0.0	0.0	0.0	0.0	0.0	0.0	0.19853	0.061	0.04095	0.03134	0.18892	0.00011	0.00011	0.00011	0.00011	0.00011	0.00011	0.0	0.06581	0.00011	0.00011	0.01939	0.00011	0.00011	0.00011	0.00011	0.00011	0.00011	0.00011	0.00011	0.03843	0.00635	0.00011	0.00011	0.00011	0.00011	0.00011	0.00011	0.00011	0.00011	0.00011	
0.0	0.0	0.0	0.0	0.0	0.00034	0.0001	0.00012	0.0	0.0	0.0	0.0	0.0	0.00012	0.0	0.0	0.00016	8e-05	0.00011	0.0	0.00012	7e-05	0.00012	8e-05	0.0	0.0	0.0	0.0	0.00011	0.0	7e-05	6e-05	9e-05	0.00019	0.0	0.0	3e-05	0.00022	5e-05	0.00016	0.0	0.00016	2e-05	0.0	0.0	0.0	0.0	0.0	0.0	0.0	0.0	0.0	0.0	0.0	0.0	0.0	6e-05	0.00011	0.0001	0.00018	0.00011	0.0	0.0	0.0	0.0	0.0	0.0	0.0	7e-05	0.0	0.0	0.00034	0.0	0.0	0.0	0.0	0.0	0.0	0.0	0.0	0.0001	0.0	0.0	0.0	0.0	0.0	0.0	0.0	0.0	0.0	0.0	
7e-05	7e-05	7e-05	7e-05	7e-05	0.02557	0.38188	0.04959	7e-05	7e-05	7e-05	7e-05	7e-05	0.17767	7e-05	7e-05	0.12459	0.42469	0.21152	0.0	0.05979	0.67957	0.28076	0.28225	7e-05	7e-05	7e-05	7e-05	0.07815	7e-05	0.0	0.74445	0.36532	0.05218	0.0	0.0	0.21462	0.04471	0.2127	0.03243	0.00024	0.37567	0.34781	0.0	0.0	0.0	0.0	0.0	0.0	0.0	0.0	0.0	0.0	0.0	0.0	0.0	0.36593	0.23403	0.3828	0.31555	0.0681	7e-05	7e-05	7e-05	7e-05	7e-05	7e-05	0.0	0.24545	7e-05	7e-05	0.02557	7e-05	7e-05	7e-05	7e-05	7e-05	7e-05	7e-05	7e-05	0.38188	0.20118	7e-05	7e-05	7e-05	7e-05	7e-05	7e-05	7e-05	7e-05	7e-05	
6e-05	6e-05	6e-05	6e-05	6e-05	0.02232	0.42855	0.04259	6e-05	6e-05	6e-05	6e-05	6e-05	0.18334	6e-05	6e-05	0.03911	0.44663	0.22169	0.0	0.05048	0.76264	0.29695	0.29221	6e-05	6e-05	6e-05	6e-05	0.06528	6e-05	0.74445	0.0	0.37331	0.04475	0.0	0.0	0.29452	0.03839	0.21072	0.02807	0.00022	0.39964	0.34827	0.0	0.0	0.0	0.0	0.0	0.0	0.0	0.0	0.0	0.0	0.0	0.0	0.0	0.38666	0.23864	0.42893	0.35358	0.15094	6e-05	6e-05	6e-05	6e-05	6e-05	6e-05	0.0	0.36792	6e-05	6e-05	0.02232	6e-05	6e-05	6e-05	6e-05	6e-05	6e-05	6e-05	6e-05	0.42855	0.24418	6e-05	6e-05	6e-05	6e-05	6e-05	6e-05	6e-05	6e-05	6e-05	
9e-05	9e-05	9e-05	9e-05	9e-05	0.03589	0.33062	0.0818	9e-05	9e-05	9e-05	9e-05	9e-05	0.23393	9e-05	9e-05	0.12103	0.44961	0.27412	0.0	0.12275	0.40074	0.26219	0.16302	9e-05	9e-05	9e-05	9e-05	0.11099	9e-05	0.36532	0.37331	0.0	0.16335	0.0	0.0	0.12453	0.0654	0.24118	0.13015	0.0004	0.16152	0.42915	0.0	0.0	0.0	0.0	0.0	0.0	0.0	0.0	0.0	0.0	0.0	0.0	0.0	0.36986	0.24781	0.3332	0.12148	0.07455	9e-05	9e-05	9e-05	9e-05	9e-05	9e-05	0.0	0.2071	9e-05	9e-05	0.03589	9e-05	9e-05	9e-05	9e-05	9e-05	9e-05	9e-05	9e-05	0.33062	0.16086	9e-05	9e-05	9e-05	9e-05	9e-05	9e-05	9e-05	9e-05	9e-05	
0.00019	0.00019	0.00019	0.00019	0.00019	0.01595	0.02966	0.02724	0.00019	0.00019	0.00019	0.00019	0.00019	0.05629	0.00019	0.00019	0.02404	0.06902	0.08907	0.0	0.34194	0.04002	0.29503	0.03972	0.00019	0.00019	0.00019	0.00019	0.03644	0.00019	0.05218	0.04475	0.16335	0.0	0.0	0.0	0.05609	0.02504	0.0552	0.01925	0.0002	0.05604	0.46204	0.0	0.0	0.0	0.0	0.0	0.0	0.0	0.0	0.0	0.0	0.0	0.0	0.0	0.05107	0.04807	0.03121	0.02462	0.02801	0.00019	0.00019	0.00019	0.00019	0.00019	0.00019	0.0	0.04792	0.00019	0.00019	0.01595	0.00019	0.00019	0.00019	0.00019	0.00019	0.00019	0.00019	0.00019	0.02966	0.00395	0.00019	0.00019	0.00019	0.00019	0.00019	0.00019	0.00019	0.00019	0.00019	
0.0	0.0	0.0	0.0	0.0	0.0	0.0	0.0	0.0	0.0	0.0	0.0	0.0	0.0	0.0	0.0	0.0	0.0	0.0	0.0	0.0	0.0	0.0	0.0	0.0	0.0	0.0	0.0	0.0	0.0	0.0	0.0	0.0	0.0	0.0	0.0	0.0	0.0	0.0	0.0	0.0	0.0	0.0	0.0	0.0	0.0	0.0	0.0	0.0	0.0	0.0	0.0	0.0	0.0	0.0	0.0	0.0	0.0	0.0	0.0	0.0	0.0	0.0	0.0	0.0	0.0	0.0	0.0	0.0	0.0	0.0	0.0	0.0	0.0	0.0	0.0	0.0	0.0	0.0	0.0	0.0	0.0	0.0	0.0	0.0	0.0	0.0	0.0	0.0	0.0	0.0	
0.0	0.0	0.0	0.0	0.0	0.0	0.0	0.0	0.0	0.0	0.0	0.0	0.0	0.0	0.0	0.0	0.0	0.0	0.0	0.0	0.0	0.0	0.0	0.0	0.0	0.0	0.0	0.0	0.0	0.0	0.0	0.0	0.0	0.0	0.0	0.0	0.0	0.0	0.0	0.0	0.0	0.0	0.0	0.0	0.0	0.0	0.0	0.0	0.0	0.0	0.0	0.0	0.0	0.0	0.0	0.0	0.0	0.0	0.0	0.0	0.0	0.0	0.0	0.0	0.0	0.0	0.0	0.0	0.0	0.0	0.0	0.0	0.0	0.0	0.0	0.0	0.0	0.0	0.0	0.0	0.0	0.0	0.0	0.0	0.0	0.0	0.0	0.0	0.0	0.0	0.0	
3e-05	3e-05	3e-05	3e-05	3e-05	0.02812	0.05931	0.05632	3e-05	3e-05	3e-05	3e-05	3e-05	0.13289	3e-05	3e-05	0.04879	0.13411	0.10042	0.0	0.0584	0.24772	0.24644	0.23876	3e-05	3e-05	3e-05	3e-05	0.095	3e-05	0.21462	0.29452	0.12453	0.05609	0.0	0.0	0.0	0.04448	0.02777	0.13649	3e-05	0.504	0.15466	0.0	0.0	0.0	0.0	0.0	0.0	0.0	0.0	0.0	0.0	0.0	0.0	0.0	0.14076	0.04999	0.06094	0.42677	0.04254	3e-05	3e-05	3e-05	3e-05	3e-05	3e-05	0.0	0.03475	3e-05	3e-05	0.02812	3e-05	3e-05	3e-05	3e-05	3e-05	3e-05	3e-05	3e-05	0.05931	0.0089	3e-05	3e-05	3e-05	3e-05	3e-05	3e-05	3e-05	3e-05	3e-05	
0.00022	0.00022	0.00022	0.00022	0.00022	0.01461	0.02626	0.02414	0.00022	0.00022	0.00022	0.00022	0.00022	0.04994	0.00022	0.00022	0.02123	0.01724	0.03994	0.0	0.02626	0.03462	0.02919	0.08299	0.00022	0.00022	0.00022	0.00022	0.22962	0.00022	0.04471	0.03839	0.0654	0.02504	0.0	0.0	0.04448	0.0	0.05428	0.01615	0.00022	0.26034	0.03789	0.0	0.0	0.0	0.0	0.0	0.0	0.0	0.0	0.0	0.0	0.0	0.0	0.0	0.04025	0.04223	0.02795	0.02214	0.12325	0.00022	0.00022	0.00022	0.00022	0.00022	0.00022	0.0	0.03896	0.00022	0.00022	0.01461	0.00022	0.00022	0.00022	0.00022	0.00022	0.00022	0.00022	0.00022	0.02626	0.00647	0.00022	0.00022	0.00022	0.00022	0.00022	0.00022	0.00022	0.00022	0.00022	
5e-05	5e-05	5e-05	5e-05	5e-05	0.02786	0.26545	0.07475	5e-05	5e-05	5e-05	5e-05	5e-05	0.06831	5e-05	5e-05	0.04794	0.20407	0.09666	0.0	0.16399	0.22775	0.07307	0.08996	5e-05	5e-05	5e-05	5e-05	0.08362	5e-05	0.2127	0.21072	0.24118	0.0552	0.0	0.0	0.02777	0.05428	0.0	0.0322	5e-05	0.08408	0.25695	0.0	0.0	0.0	0.0	0.0	0.0	0.0	0.0	0.0	0.0	0.0	0.0	0.0	0.54635	0.48786	0.32714	0.0435	0.05449	5e-05	5e-05	5e-05	5e-05	5e-05	5e-05	0.0	0.1202	5e-05	5e-05	0.02786	5e-05	5e-05	5e-05	5e-05	5e-05	5e-05	5e-05	5e-05	0.26545	0.08482	5e-05	5e-05	5e-05	5e-05	5e-05	5e-05	5e-05	5e-05	5e-05	
0.00016	0.00016	0.00016	0.00016	0.00016	0.01169	0.02018	0.38065	0.00016	0.00016	0.00016	0.00016	0.00016	0.03725	0.00016	0.00016	0.01625	0.03781	0.03006	0.0	0.0197	0.02569	0.02182	0.20555	0.00016	0.00016	0.00016	0.00016	0.25372	0.00016	0.03243	0.02807	0.13015	0.01925	0.0	0.0	0.13649	0.01615	0.0322	0.0	0.00016	0.18691	0.03991	0.0	0.0	0.0	0.0	0.0	0.0	0.0	0.0	0.0	0.0	0.0	0.0	0.0	0.03417	0.03122	0.02136	0.01707	0.01924	0.00016	0.00016	0.00016	0.00016	0.00016	0.00016	0.0	0.03045	0.00016	0.00016	0.01169	0.00016	0.00016	0.00016	0.00016	0.00016	0.00016	0.00016	0.00016	0.02018	0.00448	0.00016	0.00016	0.00016	0.00016	0.00016	0.00016	0.00016	0.00016	0.00016	
0.0	0.0	0.0	0.0	0.0	0.00099	0.00039	0.00032	0.0	0.0	0.0	0.0	0.0	0.00038	0.0	0.0	0.00052	0.00034	0.00036	0.0	0.00015	0.00026	0.00013	0.00048	0.0	0.0	0.0	0.0	0.00062	0.0	0.00024	0.00022	0.0004	0.0002	0.0	0.0	3e-05	0.00022	5e-05	0.00016	0.0	0.00069	0.00069	0.0	0.0	0.0	0.0	0.0	0.0	0.0	0.0	0.0	0.0	0.0	0.0	0.0	0.00092	0.00089	0.00047	0.00025	0.00056	0.0	0.0	0.0	0.0	0.0	0.0	0.0	0.00525	0.0	0.0	0.00099	0.0	0.0	0.0	0.0	0.0	0.0	0.0	0.0	0.00039	0.0	0.0	0.0	0.0	0.0	0.0	0.0	0.0	0.0	0.0	
0.00016	0.00016	0.00016	0.00016	0.00016	0.15057	0.06021	0.04128	0.00016	0.00016	0.00016	0.00016	0.00016	0.13544	0.00016	0.00016	0.11739	0.20505	0.10009	0.0	0.06148	0.50805	0.5581	1.35964	0.00016	0.00016	0.00016	0.00016	0.14688	0.00016	0.37567	0.39964	0.16152	0.05604	0.0	0.0	0.504	0.26034	0.08408	0.18691	0.00069	0.0	0.06898	0.0	0.0	0.0	0.0	0.0	0.0	0.0	0.0	0.0	0.0	0.0	0.0	0.0	0.05521	0.16507	0.05788	1.01792	0.03199	0.00016	0.00016	0.00016	0.00016	0.00016	0.00016	0.0	0.10854	0.00016	0.00016	0.15057	0.00016	0.00016	0.00016	0.00016	0.00016	0.00016	0.00016	0.00016	0.06021	0.01133	0.00016	0.00016	0.00016	0.00016	0.00016	0.00016	0.00016	0.00016	0.00016	
2e-05	2e-05	2e-05	2e-05	2e-05	0.06547	0.47834	0.05922	2e-05	2e-05	2e-05	2e-05	2e-05	0.35306	2e-05	2e-05	0.08168	0.46279	0.62175	0.0	0.32864	0.38743	0.31318	0.08016	2e-05	2e-05	2e-05	2e-05	0.11744	2e-05	0.34781	0.34827	0.42915	0.46204	0.0	0.0	0.15466	0.03789	0.25695	0.03991	0.00069	0.06898	0.0	0.0	0.0	0.0	0.0	0.0	0.0	0.0	0.0	0.0	0.0	0.0	0.0	0.0	0.40323	0.36214	0.47727	0.04827	0.04056	2e-05	2e-05	2e-05	2e-05	2e-05	2e-05	0.0	0.22537	2e-05	2e-05	0.06547	2e-05	2e-05	2e-05	2e-05	2e-05	2e-05	2e-05	2e-05	0.47834	0.30891	2e-05	2e-05	2e-05	2e-05	2e-05	2e-05	2e-05	2e-05	2e-05	
0.0	0.0	0.0	0.0	0.0	0.0	0.0	0.0	0.0	0.0	0.0	0.0	0.0	0.0	0.0	0.0	0.0	0.0	0.0	0.0	0.0	0.0	0.0	0.0	0.0	0.0	0.0	0.0	0.0	0.0	0.0	0.0	0.0	0.0	0.0	0.0	0.0	0.0	0.0	0.0	0.0	0.0	0.0	0.0	0.0	0.0	0.0	0.0	0.0	0.0	0.0	0.0	0.0	0.0	0.0	0.0	0.0	0.0	0.0	0.0	0.0	0.0	0.0	0.0	0.0	0.0	0.0	0.0	0.0	0.0	0.0	0.0	0.0	0.0	0.0	0.0	0.0	0.0	0.0	0.0	0.0	0.0	0.0	0.0	0.0	0.0	0.0	0.0	0.0	0.0	0.0	
0.0	0.0	0.0	0.0	0.0	0.0	0.0	0.0	0.0	0.0	0.0	0.0	0.0	0.0	0.0	0.0	0.0	0.0	0.0	0.0	0.0	0.0	0.0	0.0	0.0	0.0	0.0	0.0	0.0	0.0	0.0	0.0	0.0	0.0	0.0	0.0	0.0	0.0	0.0	0.0	0.0	0.0	0.0	0.0	0.0	0.0	0.0	0.0	0.0	0.0	0.0	0.0	0.0	0.0	0.0	0.0	0.0	0.0	0.0	0.0	0.0	0.0	0.0	0.0	0.0	0.0	0.0	0.0	0.0	0.0	0.0	0.0	0.0	0.0	0.0	0.0	0.0	0.0	0.0	0.0	0.0	0.0	0.0	0.0	0.0	0.0	0.0	0.0	0.0	0.0	0.0	
0.0	0.0	0.0	0.0	0.0	0.0	0.0	0.0	0.0	0.0	0.0	0.0	0.0	0.0	0.0	0.0	0.0	0.0	0.0	0.0	0.0	0.0	0.0	0.0	0.0	0.0	0.0	0.0	0.0	0.0	0.0	0.0	0.0	0.0	0.0	0.0	0.0	0.0	0.0	0.0	0.0	0.0	0.0	0.0	0.0	0.0	0.0	0.0	0.0	0.0	0.0	0.0	0.0	0.0	0.0	0.0	0.0	0.0	0.0	0.0	0.0	0.0	0.0	0.0	0.0	0.0	0.0	0.0	0.0	0.0	0.0	0.0	0.0	0.0	0.0	0.0	0.0	0.0	0.0	0.0	0.0	0.0	0.0	0.0	0.0	0.0	0.0	0.0	0.0	0.0	0.0	
0.0	0.0	0.0	0.0	0.0	0.0	0.0	0.0	0.0	0.0	0.0	0.0	0.0	0.0	0.0	0.0	0.0	0.0	0.0	0.0	0.0	0.0	0.0	0.0	0.0	0.0	0.0	0.0	0.0	0.0	0.0	0.0	0.0	0.0	0.0	0.0	0.0	0.0	0.0	0.0	0.0	0.0	0.0	0.0	0.0	0.0	0.0	0.0	0.0	0.0	0.0	0.0	0.0	0.0	0.0	0.0	0.0	0.0	0.0	0.0	0.0	0.0	0.0	0.0	0.0	0.0	0.0	0.0	0.0	0.0	0.0	0.0	0.0	0.0	0.0	0.0	0.0	0.0	0.0	0.0	0.0	0.0	0.0	0.0	0.0	0.0	0.0	0.0	0.0	0.0	0.0	
0.0	0.0	0.0	0.0	0.0	0.0	0.0	0.0	0.0	0.0	0.0	0.0	0.0	0.0	0.0	0.0	0.0	0.0	0.0	0.0	0.0	0.0	0.0	0.0	0.0	0.0	0.0	0.0	0.0	0.0	0.0	0.0	0.0	0.0	0.0	0.0	0.0	0.0	0.0	0.0	0.0	0.0	0.0	0.0	0.0	0.0	0.0	0.0	0.0	0.0	0.0	0.0	0.0	0.0	0.0	0.0	0.0	0.0	0.0	0.0	0.0	0.0	0.0	0.0	0.0	0.0	0.0	0.0	0.0	0.0	0.0	0.0	0.0	0.0	0.0	0.0	0.0	0.0	0.0	0.0	0.0	0.0	0.0	0.0	0.0	0.0	0.0	0.0	0.0	0.0	0.0	
0.0	0.0	0.0	0.0	0.0	0.0	0.0	0.0	0.0	0.0	0.0	0.0	0.0	0.0	0.0	0.0	0.0	0.0	0.0	0.0	0.0	0.0	0.0	0.0	0.0	0.0	0.0	0.0	0.0	0.0	0.0	0.0	0.0	0.0	0.0	0.0	0.0	0.0	0.0	0.0	0.0	0.0	0.0	0.0	0.0	0.0	0.0	0.0	0.0	0.0	0.0	0.0	0.0	0.0	0.0	0.0	0.0	0.0	0.0	0.0	0.0	0.0	0.0	0.0	0.0	0.0	0.0	0.0	0.0	0.0	0.0	0.0	0.0	0.0	0.0	0.0	0.0	0.0	0.0	0.0	0.0	0.0	0.0	0.0	0.0	0.0	0.0	0.0	0.0	0.0	0.0	
0.0	0.0	0.0	0.0	0.0	0.0	0.0	0.0	0.0	0.0	0.0	0.0	0.0	0.0	0.0	0.0	0.0	0.0	0.0	0.0	0.0	0.0	0.0	0.0	0.0	0.0	0.0	0.0	0.0	0.0	0.0	0.0	0.0	0.0	0.0	0.0	0.0	0.0	0.0	0.0	0.0	0.0	0.0	0.0	0.0	0.0	0.0	0.0	0.0	0.0	0.0	0.0	0.0	0.0	0.0	0.0	0.0	0.0	0.0	0.0	0.0	0.0	0.0	0.0	0.0	0.0	0.0	0.0	0.0	0.0	0.0	0.0	0.0	0.0	0.0	0.0	0.0	0.0	0.0	0.0	0.0	0.0	0.0	0.0	0.0	0.0	0.0	0.0	0.0	0.0	0.0	
0.0	0.0	0.0	0.0	0.0	0.0	0.0	0.0	0.0	0.0	0.0	0.0	0.0	0.0	0.0	0.0	0.0	0.0	0.0	0.0	0.0	0.0	0.0	0.0	0.0	0.0	0.0	0.0	0.0	0.0	0.0	0.0	0.0	0.0	0.0	0.0	0.0	0.0	0.0	0.0	0.0	0.0	0.0	0.0	0.0	0.0	0.0	0.0	0.0	0.0	0.0	0.0	0.0	0.0	0.0	0.0	0.0	0.0	0.0	0.0	0.0	0.0	0.0	0.0	0.0	0.0	0.0	0.0	0.0	0.0	0.0	0.0	0.0	0.0	0.0	0.0	0.0	0.0	0.0	0.0	0.0	0.0	0.0	0.0	0.0	0.0	0.0	0.0	0.0	0.0	0.0	
0.0	0.0	0.0	0.0	0.0	0.0	0.0	0.0	0.0	0.0	0.0	0.0	0.0	0.0	0.0	0.0	0.0	0.0	0.0	0.0	0.0	0.0	0.0	0.0	0.0	0.0	0.0	0.0	0.0	0.0	0.0	0.0	0.0	0.0	0.0	0.0	0.0	0.0	0.0	0.0	0.0	0.0	0.0	0.0	0.0	0.0	0.0	0.0	0.0	0.0	0.0	0.0	0.0	0.0	0.0	0.0	0.0	0.0	0.0	0.0	0.0	0.0	0.0	0.0	0.0	0.0	0.0	0.0	0.0	0.0	0.0	0.0	0.0	0.0	0.0	0.0	0.0	0.0	0.0	0.0	0.0	0.0	0.0	0.0	0.0	0.0	0.0	0.0	0.0	0.0	0.0	
0.0	0.0	0.0	0.0	0.0	0.0	0.0	0.0	0.0	0.0	0.0	0.0	0.0	0.0	0.0	0.0	0.0	0.0	0.0	0.0	0.0	0.0	0.0	0.0	0.0	0.0	0.0	0.0	0.0	0.0	0.0	0.0	0.0	0.0	0.0	0.0	0.0	0.0	0.0	0.0	0.0	0.0	0.0	0.0	0.0	0.0	0.0	0.0	0.0	0.0	0.0	0.0	0.0	0.0	0.0	0.0	0.0	0.0	0.0	0.0	0.0	0.0	0.0	0.0	0.0	0.0	0.0	0.0	0.0	0.0	0.0	0.0	0.0	0.0	0.0	0.0	0.0	0.0	0.0	0.0	0.0	0.0	0.0	0.0	0.0	0.0	0.0	0.0	0.0	0.0	0.0	
0.0	0.0	0.0	0.0	0.0	0.0	0.0	0.0	0.0	0.0	0.0	0.0	0.0	0.0	0.0	0.0	0.0	0.0	0.0	0.0	0.0	0.0	0.0	0.0	0.0	0.0	0.0	0.0	0.0	0.0	0.0	0.0	0.0	0.0	0.0	0.0	0.0	0.0	0.0	0.0	0.0	0.0	0.0	0.0	0.0	0.0	0.0	0.0	0.0	0.0	0.0	0.0	0.0	0.0	0.0	0.0	0.0	0.0	0.0	0.0	0.0	0.0	0.0	0.0	0.0	0.0	0.0	0.0	0.0	0.0	0.0	0.0	0.0	0.0	0.0	0.0	0.0	0.0	0.0	0.0	0.0	0.0	0.0	0.0	0.0	0.0	0.0	0.0	0.0	0.0	0.0	
0.0	0.0	0.0	0.0	0.0	0.0	0.0	0.0	0.0	0.0	0.0	0.0	0.0	0.0	0.0	0.0	0.0	0.0	0.0	0.0	0.0	0.0	0.0	0.0	0.0	0.0	0.0	0.0	0.0	0.0	0.0	0.0	0.0	0.0	0.0	0.0	0.0	0.0	0.0	0.0	0.0	0.0	0.0	0.0	0.0	0.0	0.0	0.0	0.0	0.0	0.0	0.0	0.0	0.0	0.0	0.0	0.0	0.0	0.0	0.0	0.0	0.0	0.0	0.0	0.0	0.0	0.0	0.0	0.0	0.0	0.0	0.0	0.0	0.0	0.0	0.0	0.0	0.0	0.0	0.0	0.0	0.0	0.0	0.0	0.0	0.0	0.0	0.0	0.0	0.0	0.0	
0.0	0.0	0.0	0.0	0.0	0.0	0.0	0.0	0.0	0.0	0.0	0.0	0.0	0.0	0.0	0.0	0.0	0.0	0.0	0.0	0.0	0.0	0.0	0.0	0.0	0.0	0.0	0.0	0.0	0.0	0.0	0.0	0.0	0.0	0.0	0.0	0.0	0.0	0.0	0.0	0.0	0.0	0.0	0.0	0.0	0.0	0.0	0.0	0.0	0.0	0.0	0.0	0.0	0.0	0.0	0.0	0.0	0.0	0.0	0.0	0.0	0.0	0.0	0.0	0.0	0.0	0.0	0.0	0.0	0.0	0.0	0.0	0.0	0.0	0.0	0.0	0.0	0.0	0.0	0.0	0.0	0.0	0.0	0.0	0.0	0.0	0.0	0.0	0.0	0.0	0.0	
6e-05	6e-05	6e-05	6e-05	6e-05	0.09267	0.67686	0.04903	6e-05	6e-05	6e-05	6e-05	6e-05	0.21117	6e-05	6e-05	0.09297	0.42774	0.2799	0.0	0.11174	0.46618	0.06554	0.06488	6e-05	6e-05	6e-05	6e-05	0.19853	6e-05	0.36593	0.38666	0.36986	0.05107	0.0	0.0	0.14076	0.04025	0.54635	0.03417	0.00092	0.05521	0.40323	0.0	0.0	0.0	0.0	0.0	0.0	0.0	0.0	0.0	0.0	0.0	0.0	0.0	0.0	0.92907	0.67534	0.04018	0.03852	6e-05	6e-05	6e-05	6e-05	6e-05	6e-05	0.0	0.26185	6e-05	6e-05	0.09267	6e-05	6e-05	6e-05	6e-05	6e-05	6e-05	6e-05	6e-05	0.67686	0.69864	6e-05	6e-05	6e-05	6e-05	6e-05	6e-05	6e-05	6e-05	6e-05	
0.00011	0.00011	0.00011	0.00011	0.00011	0.22867	0.33239	0.04586	0.00011	0.00011	0.00011	0.00011	0.00011	0.09303	0.00011	0.00011	0.2001	0.26371	0.12966	0.0	0.04929	0.26747	0.06283	0.07678	0.00011	0.00011	0.00011	0.00011	0.061	0.00011	0.23403	0.23864	0.24781	0.04807	0.0	0.0	0.04999	0.04223	0.48786	0.03122	0.00089	0.16507	0.36214	0.0	0.0	0.0	0.0	0.0	0.0	0.0	0.0	0.0	0.0	0.0	0.0	0.0	0.92907	0.0	0.33231	0.03841	0.04745	0.00011	0.00011	0.00011	0.00011	0.00011	0.00011	0.0	0.11965	0.00011	0.00011	0.22867	0.00011	0.00011	0.00011	0.00011	0.00011	0.00011	0.00011	0.00011	0.33239	0.13373	0.00011	0.00011	0.00011	0.00011	0.00011	0.00011	0.00011	0.00011	0.00011	
0.0001	0.0001	0.0001	0.0001	0.0001	0.01752	0.99988	0.02999	0.0001	0.0001	0.0001	0.0001	0.0001	0.24412	0.0001	0.0001	0.02655	0.45	0.34954	0.0	0.03302	0.56224	0.03735	0.04437	0.0001	0.0001	0.0001	0.0001	0.04095	0.0001	0.3828	0.42893	0.3332	0.03121	0.0	0.0	0.06094	0.02795	0.32714	0.02136	0.00047	0.05788	0.47727	0.0	0.0	0.0	0.0	0.0	0.0	0.0	0.0	0.0	0.0	0.0	0.0	0.0	0.67534	0.33231	0.0	0.0257	0.03094	0.0001	0.0001	0.0001	0.0001	0.0001	0.0001	0.0	0.32088	0.0001	0.0001	0.01752	0.0001	0.0001	0.0001	0.0001	0.0001	0.0001	0.0001	0.0001	0.99988	0.0	0.0001	0.0001	0.0001	0.0001	0.0001	0.0001	0.0001	0.0001	0.0001	
0.00018	0.00018	0.00018	0.00018	0.00018	0.01431	0.02579	0.02371	0.00018	0.00018	0.00018	0.00018	0.00018	0.04892	0.00018	0.00018	0.02084	0.1574	0.03917	0.0	0.02547	0.46347	0.52803	0.466	0.00018	0.00018	0.00018	0.00018	0.03134	0.00018	0.31555	0.35358	0.12148	0.02462	0.0	0.0	0.42677	0.02214	0.0435	0.01707	0.00025	1.01792	0.04827	0.0	0.0	0.0	0.0	0.0	0.0	0.0	0.0	0.0	0.0	0.0	0.0	0.0	0.04018	0.03841	0.0257	0.0	0.02446	0.00018	0.00018	0.00018	0.00018	0.00018	0.00018	0.0	0.04129	0.00018	0.00018	0.01431	0.00018	0.00018	0.00018	0.00018	0.00018	0.00018	0.00018	0.00018	0.02579	0.00399	0.00018	0.00018	0.00018	0.00018	0.00018	0.00018	0.00018	0.00018	0.00018	
0.00011	0.00011	0.00011	0.00011	0.00011	0.01572	0.02925	0.02686	0.00011	0.00011	0.00011	0.00011	0.00011	0.05623	0.00011	0.00011	0.0237	0.05908	0.04491	0.0	0.02947	0.03942	0.03324	0.06353	0.00011	0.00011	0.00011	0.00011	0.18892	0.00011	0.0681	0.15094	0.07455	0.02801	0.0	0.0	0.04254	0.12325	0.05449	0.01924	0.00056	0.03199	0.04056	0.0	0.0	0.0	0.0	0.0	0.0	0.0	0.0	0.0	0.0	0.0	0.0	0.0	0.03852	0.04745	0.03094	0.02446	0.0	0.00011	0.00011	0.00011	0.00011	0.00011	0.00011	0.0	0.02497	0.00011	0.00011	0.01572	0.00011	0.00011	0.00011	0.00011	0.00011	0.00011	0.00011	0.00011	0.02925	0.00544	0.00011	0.00011	0.00011	0.00011	0.00011	0.00011	0.00011	0.00011	0.00011	
0.0	0.0	0.0	0.0	0.0	0.00034	0.0001	0.00012	0.0	0.0	0.0	0.0	0.0	0.00012	0.0	0.0	0.00016	8e-05	0.00011	0.0	0.00012	7e-05	0.00012	8e-05	0.0	0.0	0.0	0.0	0.00011	0.0	7e-05	6e-05	9e-05	0.00019	0.0	0.0	3e-05	0.00022	5e-05	0.00016	0.0	0.00016	2e-05	0.0	0.0	0.0	0.0	0.0	0.0	0.0	0.0	0.0	0.0	0.0	0.0	0.0	6e-05	0.00011	0.0001	0.00018	0.00011	0.0	0.0	0.0	0.0	0.0	0.0	0.0	7e-05	0.0	0.0	0.00034	0.0	0.0	0.0	0.0	0.0	0.0	0.0	0.0	0.0001	0.0	0.0	0.0	0.0	0.0	0.0	0.0	0.0	0.0	0.0	
0.0	0.0	0.0	0.0	0.0	0.00034	0.0001	0.00012	0.0	0.0	0.0	0.0	0.0	0.00012	0.0	0.0	0.00016	8e-05	0.00011	0.0	0.00012	7e-05	0.00012	8e-05	0.0	0.0	0.0	0.0	0.00011	0.0	7e-05	6e-05	9e-05	0.00019	0.0	0.0	3e-05	0.00022	5e-05	0.00016	0.0	0.00016	2e-05	0.0	0.0	0.0	0.0	0.0	0.0	0.0	0.0	0.0	0.0	0.0	0.0	0.0	6e-05	0.00011	0.0001	0.00018	0.00011	0.0	0.0	0.0	0.0	0.0	0.0	0.0	7e-05	0.0	0.0	0.00034	0.0	0.0	0.0	0.0	0.0	0.0	0.0	0.0	0.0001	0.0	0.0	0.0	0.0	0.0	0.0	0.0	0.0	0.0	0.0	
0.0	0.0	0.0	0.0	0.0	0.00034	0.0001	0.00012	0.0	0.0	0.0	0.0	0.0	0.00012	0.0	0.0	0.00016	8e-05	0.00011	0.0	0.00012	7e-05	0.00012	8e-05	0.0	0.0	0.0	0.0	0.00011	0.0	7e-05	6e-05	9e-05	0.00019	0.0	0.0	3e-05	0.00022	5e-05	0.00016	0.0	0.00016	2e-05	0.0	0.0	0.0	0.0	0.0	0.0	0.0	0.0	0.0	0.0	0.0	0.0	0.0	6e-05	0.00011	0.0001	0.00018	0.00011	0.0	0.0	0.0	0.0	0.0	0.0	0.0	7e-05	0.0	0.0	0.00034	0.0	0.0	0.0	0.0	0.0	0.0	0.0	0.0	0.0001	0.0	0.0	0.0	0.0	0.0	0.0	0.0	0.0	0.0	0.0	
0.0	0.0	0.0	0.0	0.0	0.00034	0.0001	0.00012	0.0	0.0	0.0	0.0	0.0	0.00012	0.0	0.0	0.00016	8e-05	0.00011	0.0	0.00012	7e-05	0.00012	8e-05	0.0	0.0	0.0	0.0	0.00011	0.0	7e-05	6e-05	9e-05	0.00019	0.0	0.0	3e-05	0.00022	5e-05	0.00016	0.0	0.00016	2e-05	0.0	0.0	0.0	0.0	0.0	0.0	0.0	0.0	0.0	0.0	0.0	0.0	0.0	6e-05	0.00011	0.0001	0.00018	0.00011	0.0	0.0	0.0	0.0	0.0	0.0	0.0	7e-05	0.0	0.0	0.00034	0.0	0.0	0.0	0.0	0.0	0.0	0.0	0.0	0.0001	0.0	0.0	0.0	0.0	0.0	0.0	0.0	0.0	0.0	0.0	
0.0	0.0	0.0	0.0	0.0	0.00034	0.0001	0.00012	0.0	0.0	0.0	0.0	0.0	0.00012	0.0	0.0	0.00016	8e-05	0.00011	0.0	0.00012	7e-05	0.00012	8e-05	0.0	0.0	0.0	0.0	0.00011	0.0	7e-05	6e-05	9e-05	0.00019	0.0	0.0	3e-05	0.00022	5e-05	0.00016	0.0	0.00016	2e-05	0.0	0.0	0.0	0.0	0.0	0.0	0.0	0.0	0.0	0.0	0.0	0.0	0.0	6e-05	0.00011	0.0001	0.00018	0.00011	0.0	0.0	0.0	0.0	0.0	0.0	0.0	7e-05	0.0	0.0	0.00034	0.0	0.0	0.0	0.0	0.0	0.0	0.0	0.0	0.0001	0.0	0.0	0.0	0.0	0.0	0.0	0.0	0.0	0.0	0.0	
0.0	0.0	0.0	0.0	0.0	0.00034	0.0001	0.00012	0.0	0.0	0.0	0.0	0.0	0.00012	0.0	0.0	0.00016	8e-05	0.00011	0.0	0.00012	7e-05	0.00012	8e-05	0.0	0.0	0.0	0.0	0.00011	0.0	7e-05	6e-05	9e-05	0.00019	0.0	0.0	3e-05	0.00022	5e-05	0.00016	0.0	0.00016	2e-05	0.0	0.0	0.0	0.0	0.0	0.0	0.0	0.0	0.0	0.0	0.0	0.0	0.0	6e-05	0.00011	0.0001	0.00018	0.00011	0.0	0.0	0.0	0.0	0.0	0.0	0.0	7e-05	0.0	0.0	0.00034	0.0	0.0	0.0	0.0	0.0	0.0	0.0	0.0	0.0001	0.0	0.0	0.0	0.0	0.0	0.0	0.0	0.0	0.0	0.0	
0.0	0.0	0.0	0.0	0.0	0.0	0.0	0.0	0.0	0.0	0.0	0.0	0.0	0.0	0.0	0.0	0.0	0.0	0.0	0.0	0.0	0.0	0.0	0.0	0.0	0.0	0.0	0.0	0.0	0.0	0.0	0.0	0.0	0.0	0.0	0.0	0.0	0.0	0.0	0.0	0.0	0.0	0.0	0.0	0.0	0.0	0.0	0.0	0.0	0.0	0.0	0.0	0.0	0.0	0.0	0.0	0.0	0.0	0.0	0.0	0.0	0.0	0.0	0.0	0.0	0.0	0.0	0.0	0.0	0.0	0.0	0.0	0.0	0.0	0.0	0.0	0.0	0.0	0.0	0.0	0.0	0.0	0.0	0.0	0.0	0.0	0.0	0.0	0.0	0.0	0.0	
7e-05	7e-05	7e-05	7e-05	7e-05	0.02535	0.32337	0.04579	7e-05	7e-05	7e-05	7e-05	7e-05	0.04757	7e-05	7e-05	0.04101	0.23108	0.08908	0.0	0.05234	0.24389	0.06003	0.07211	7e-05	7e-05	7e-05	7e-05	0.06581	7e-05	0.24545	0.36792	0.2071	0.04792	0.0	0.0	0.03475	0.03896	0.1202	0.03045	0.00525	0.10854	0.22537	0.0	0.0	0.0	0.0	0.0	0.0	0.0	0.0	0.0	0.0	0.0	0.0	0.0	0.26185	0.11965	0.32088	0.04129	0.02497	7e-05	7e-05	7e-05	7e-05	7e-05	7e-05	0.0	0.0	7e-05	7e-05	0.02535	7e-05	7e-05	7e-05	7e-05	7e-05	7e-05	7e-05	7e-05	0.32337	0.1271	7e-05	7e-05	7e-05	7e-05	7e-05	7e-05	7e-05	7e-05	7e-05	
0.0	0.0	0.0	0.0	0.0	0.00034	0.0001	0.00012	0.0	0.0	0.0	0.0	0.0	0.00012	0.0	0.0	0.00016	8e-05	0.00011	0.0	0.00012	7e-05	0.00012	8e-05	0.0	0.0	0.0	0.0	0.00011	0.0	7e-05	6e-05	9e-05	0.00019	0.0	0.0	3e-05	0.00022	5e-05	0.00016	0.0	0.00016	2e-05	0.0	0.0	0.0	0.0	0.0	0.0	0.0	0.0	0.0	0.0	0.0	0.0	0.0	6e-05	0.00011	0.0001	0.00018	0.00011	0.0	0.0	0.0	0.0	0.0	0.0	0.0	7e-05	0.0	0.0	0.00034	0.0	0.0	0.0	0.0	0.0	0.0	0.0	0.0	0.0001	0.0	0.0	0.0	0.0	0.0	0.0	0.0	0.0	0.0	0.0	
0.0	0.0	0.0	0.0	0.0	0.00034	0.0001	0.00012	0.0	0.0	0.0	0.0	0.0	0.00012	0.0	0.0	0.00016	8e-05	0.00011	0.0	0.00012	7e-05	0.00012	8e-05	0.0	0.0	0.0	0.0	0.00011	0.0	7e-05	6e-05	9e-05	0.00019	0.0	0.0	3e-05	0.00022	5e-05	0.00016	0.0	0.00016	2e-05	0.0	0.0	0.0	0.0	0.0	0.0	0.0	0.0	0.0	0.0	0.0	0.0	0.0	6e-05	0.00011	0.0001	0.00018	0.00011	0.0	0.0	0.0	0.0	0.0	0.0	0.0	7e-05	0.0	0.0	0.00034	0.0	0.0	0.0	0.0	0.0	0.0	0.0	0.0	0.0001	0.0	0.0	0.0	0.0	0.0	0.0	0.0	0.0	0.0	0.0	
0.00034	0.00034	0.00034	0.00034	0.00034	0.99986	0.01653	0.01535	0.00034	0.00034	0.00034	0.00034	0.00034	0.02975	0.00034	0.00034	0.51022	0.02975	0.02424	0.0	0.01626	0.02063	0.01776	0.0205	0.00034	0.00034	0.00034	0.00034	0.01939	0.00034	0.02557	0.02232	0.03589	0.01595	0.0	0.0	0.02812	0.01461	0.02786	0.01169	0.00099	0.15057	0.06547	0.0	0.0	0.0	0.0	0.0	0.0	0.0	0.0	0.0	0.0	0.0	0.0	0.0	0.09267	0.22867	0.01752	0.01431	0.01572	0.00034	0.00034	0.00034	0.00034	0.00034	0.00034	0.0	0.02535	0.00034	0.00034	0.0	0.00034	0.00034	0.00034	0.00034	0.00034	0.00034	0.00034	0.00034	0.01653	0.00536	0.00034	0.00034	0.00034	0.00034	0.00034	0.00034	0.00034	0.00034	0.00034	
0.0	0.0	0.0	0.0	0.0	0.00034	0.0001	0.00012	0.0	0.0	0.0	0.0	0.0	0.00012	0.0	0.0	0.00016	8e-05	0.00011	0.0	0.00012	7e-05	0.00012	8e-05	0.0	0.0	0.0	0.0	0.00011	0.0	7e-05	6e-05	9e-05	0.00019	0.0	0.0	3e-05	0.00022	5e-05	0.00016	0.0	0.00016	2e-05	0.0	0.0	0.0	0.0	0.0	0.0	0.0	0.0	0.0	0.0	0.0	0.0	0.0	6e-05	0.00011	0.0001	0.00018	0.00011	0.0	0.0	0.0	0.0	0.0	0.0	0.0	7e-05	0.0	0.0	0.00034	0.0	0.0	0.0	0.0	0.0	0.0	0.0	0.0	0.0001	0.0	0.0	0.0	0.0	0.0	0.0	0.0	0.0	0.0	0.0	
0.0	0.0	0.0	0.0	0.0	0.00034	0.0001	0.00012	0.0	0.0	0.0	0.0	0.0	0.00012	0.0	0.0	0.00016	8e-05	0.00011	0.0	0.00012	7e-05	0.00012	8e-05	0.0	0.0	0.0	0.0	0.00011	0.0	7e-05	6e-05	9e-05	0.00019	0.0	0.0	3e-05	0.00022	5e-05	0.00016	0.0	0.00016	2e-05	0.0	0.0	0.0	0.0	0.0	0.0	0.0	0.0	0.0	0.0	0.0	0.0	0.0	6e-05	0.00011	0.0001	0.00018	0.00011	0.0	0.0	0.0	0.0	0.0	0.0	0.0	7e-05	0.0	0.0	0.00034	0.0	0.0	0.0	0.0	0.0	0.0	0.0	0.0	0.0001	0.0	0.0	0.0	0.0	0.0	0.0	0.0	0.0	0.0	0.0	
0.0	0.0	0.0	0.0	0.0	0.00034	0.0001	0.00012	0.0	0.0	0.0	0.0	0.0	0.00012	0.0	0.0	0.00016	8e-05	0.00011	0.0	0.00012	7e-05	0.00012	8e-05	0.0	0.0	0.0	0.0	0.00011	0.0	7e-05	6e-05	9e-05	0.00019	0.0	0.0	3e-05	0.00022	5e-05	0.00016	0.0	0.00016	2e-05	0.0	0.0	0.0	0.0	0.0	0.0	0.0	0.0	0.0	0.0	0.0	0.0	0.0	6e-05	0.00011	0.0001	0.00018	0.00011	0.0	0.0	0.0	0.0	0.0	0.0	0.0	7e-05	0.0	0.0	0.00034	0.0	0.0	0.0	0.0	0.0	0.0	0.0	0.0	0.0001	0.0	0.0	0.0	0.0	0.0	0.0	0.0	0.0	0.0	0.0	
0.0	0.0	0.0	0.0	0.0	0.00034	0.0001	0.00012	0.0	0.0	0.0	0.0	0.0	0.00012	0.0	0.0	0.00016	8e-05	0.00011	0.0	0.00012	7e-05	0.00012	8e-05	0.0	0.0	0.0	0.0	0.00011	0.0	7e-05	6e-05	9e-05	0.00019	0.0	0.0	3e-05	0.00022	5e-05	0.00016	0.0	0.00016	2e-05	0.0	0.0	0.0	0.0	0.0	0.0	0.0	0.0	0.0	0.0	0.0	0.0	0.0	6e-05	0.00011	0.0001	0.00018	0.00011	0.0	0.0	0.0	0.0	0.0	0.0	0.0	7e-05	0.0	0.0	0.00034	0.0	0.0	0.0	0.0	0.0	0.0	0.0	0.0	0.0001	0.0	0.0	0.0	0.0	0.0	0.0	0.0	0.0	0.0	0.0	
0.0	0.0	0.0	0.0	0.0	0.00034	0.0001	0.00012	0.0	0.0	0.0	0.0	0.0	0.00012	0.0	0.0	0.00016	8e-05	0.00011	0.0	0.00012	7e-05	0.00012	8e-05	0.0	0.0	0.0	0.0	0.00011	0.0	7e-05	6e-05	9e-05	0.00019	0.0	0.0	3e-05	0.00022	5e-05	0.00016	0.0	0.00016	2e-05	0.0	0.0	0.0	0.0	0.0	0.0	0.0	0.0	0.0	0.0	0.0	0.0	0.0	6e-05	0.00011	0.0001	0.00018	0.00011	0.0	0.0	0.0	0.0	0.0	0.0	0.0	7e-05	0.0	0.0	0.00034	0.0	0.0	0.0	0.0	0.0	0.0	0.0	0.0	0.0001	0.0	0.0	0.0	0.0	0.0	0.0	0.0	0.0	0.0	0.0	
0.0	0.0	0.0	0.0	0.0	0.00034	0.0001	0.00012	0.0	0.0	0.0	0.0	0.0	0.00012	0.0	0.0	0.00016	8e-05	0.00011	0.0	0.00012	7e-05	0.00012	8e-05	0.0	0.0	0.0	0.0	0.00011	0.0	7e-05	6e-05	9e-05	0.00019	0.0	0.0	3e-05	0.00022	5e-05	0.00016	0.0	0.00016	2e-05	0.0	0.0	0.0	0.0	0.0	0.0	0.0	0.0	0.0	0.0	0.0	0.0	0.0	6e-05	0.00011	0.0001	0.00018	0.00011	0.0	0.0	0.0	0.0	0.0	0.0	0.0	7e-05	0.0	0.0	0.00034	0.0	0.0	0.0	0.0	0.0	0.0	0.0	0.0	0.0001	0.0	0.0	0.0	0.0	0.0	0.0	0.0	0.0	0.0	0.0	
0.0	0.0	0.0	0.0	0.0	0.00034	0.0001	0.00012	0.0	0.0	0.0	0.0	0.0	0.00012	0.0	0.0	0.00016	8e-05	0.00011	0.0	0.00012	7e-05	0.00012	8e-05	0.0	0.0	0.0	0.0	0.00011	0.0	7e-05	6e-05	9e-05	0.00019	0.0	0.0	3e-05	0.00022	5e-05	0.00016	0.0	0.00016	2e-05	0.0	0.0	0.0	0.0	0.0	0.0	0.0	0.0	0.0	0.0	0.0	0.0	0.0	6e-05	0.00011	0.0001	0.00018	0.00011	0.0	0.0	0.0	0.0	0.0	0.0	0.0	7e-05	0.0	0.0	0.00034	0.0	0.0	0.0	0.0	0.0	0.0	0.0	0.0	0.0001	0.0	0.0	0.0	0.0	0.0	0.0	0.0	0.0	0.0	0.0	
0.0	0.0	0.0	0.0	0.0	0.00034	0.0001	0.00012	0.0	0.0	0.0	0.0	0.0	0.00012	0.0	0.0	0.00016	8e-05	0.00011	0.0	0.00012	7e-05	0.00012	8e-05	0.0	0.0	0.0	0.0	0.00011	0.0	7e-05	6e-05	9e-05	0.00019	0.0	0.0	3e-05	0.00022	5e-05	0.00016	0.0	0.00016	2e-05	0.0	0.0	0.0	0.0	0.0	0.0	0.0	0.0	0.0	0.0	0.0	0.0	0.0	6e-05	0.00011	0.0001	0.00018	0.00011	0.0	0.0	0.0	0.0	0.0	0.0	0.0	7e-05	0.0	0.0	0.00034	0.0	0.0	0.0	0.0	0.0	0.0	0.0	0.0	0.0001	0.0	0.0	0.0	0.0	0.0	0.0	0.0	0.0	0.0	0.0	
