0.0	0.00014	0.0004	0.00023	0.00027	0.00027	0.00018	0.0	0.0	0.0	0.0	0.0	0.0	0.0	0.0	0.0004	0.0004	0.00015	0.0	0.0	0.0	0.0	0.0	0.0002	0.0	0.0	0.0	0.00038	0.0	0.0	0.0	0.0	0.00134	0.0	0.00073	0.0	0.00015	0.0	0.0	0.0	0.0	0.00162	0.0	0.0	0.00146	0.0	0.0	0.0	0.0	0.0	0.0	0.00035	0.00044	0.00126	0.00016	0.0004	0.0	0.0015	0.00023	0.0	0.0	0.0	0.0	0.00019	0.0	0.0	0.00154	0.0	0.0	0.00015	0.0	0.0004	0.0	0.0	0.0	0.0	0.0	0.0	0.0	0.00162	0.0	0.0	0.0	0.00113	0.0	0.0	0.0004	0.0	0.0004	0.00015	0.0	0.00042	0.0	0.00015	0.0	0.0	0.0	0.0	0.00043	0.00043	0.0004	
0.00014	0.0	0.0375	0.34573	0.43406	0.03732	0.50638	0.00014	0.00014	0.00014	0.00014	0.00014	0.00014	0.00014	0.00014	0.0375	0.03894	0.45965	0.00014	0.00014	0.00014	0.00014	0.00014	0.06321	0.00014	0.00014	0.0	0.07789	0.00014	0.00014	0.00014	0.00014	0.06053	0.29153	0.02862	0.00014	0.45965	0.00014	0.00014	0.00014	0.00014	0.04525	0.00014	0.00014	0.03195	0.00014	0.00014	0.00014	0.0	0.00014	0.00014	0.04312	0.02295	0.02538	0.31043	0.03894	0.00014	0.04162	0.06073	0.00968	0.02311	0.02311	0.02311	0.07753	0.02311	0.02311	0.05312	0.00143	0.00143	0.45965	0.00014	0.0375	0.00014	0.29153	0.00014	0.00014	0.00014	0.00014	0.00014	0.04525	0.00014	0.00014	0.00014	0.05882	0.00014	0.00014	0.03894	0.00014	0.0375	0.45965	0.29153	0.02559	0.00014	0.45965	0.00014	0.00014	0.00014	0.00014	0.05633	0.05633	0.03894	
0.0004	0.0375	0.0	0.05746	0.06295	0.02379	0.04721	0.0004	0.0004	0.0004	0.0004	0.0004	0.0004	0.0004	0.0004	1.00001	0.02538	0.02838	0.0004	0.0004	0.0004	0.0004	0.0004	0.32046	0.0004	0.0004	0.0	0.2368	0.0004	0.0004	0.0004	0.0004	0.05626	0.00343	0.0788	0.0004	0.02838	0.0004	0.0004	0.0004	0.0004	0.02943	0.0004	0.0004	0.02143	0.0004	0.0004	0.0004	0.0	0.0004	0.0004	0.13228	0.01567	0.01735	0.48259	0.02538	0.0004	0.02603	0.03693	0.00523	0.01342	0.01342	0.01342	1.01275	0.01342	0.01342	0.0328	0.00056	0.00056	0.02838	0.0004	1.00001	0.0004	0.00343	0.0004	0.0004	0.0004	0.0004	0.0004	0.02943	0.0004	0.0004	0.0004	0.04744	0.0004	0.0004	0.02538	0.0004	1.00001	0.02838	0.00343	0.01731	0.0004	0.02838	0.0004	0.0004	0.0004	0.0004	0.03556	0.03556	0.02538	
0.00023	0.34573	0.05746	0.0	0.40632	0.09423	0.63265	0.00023	0.00023	0.00023	0.00023	0.00023	0.00023	0.00023	0.00023	0.05746	0.41659	0.21137	0.00023	0.00023	0.00023	0.00023	0.00023	0.10526	0.00023	0.00023	0.0	0.1344	0.00023	0.00023	0.00023	0.00023	0.11557	0.06221	0.10949	0.00023	0.21137	0.00023	0.00023	0.00023	0.00023	0.07067	0.00023	0.00023	0.04743	0.00023	0.00023	0.00023	0.0	0.00023	0.00023	0.05329	0.03295	0.03661	0.20029	0.41659	0.00023	0.06495	0.44856	0.01259	0.03283	0.03283	0.03283	0.13913	0.03283	0.03283	0.09015	0.00135	0.00135	0.21137	0.00023	0.05746	0.00023	0.06221	0.00023	0.00023	0.00023	0.00023	0.00023	0.07067	0.00023	0.00023	0.00023	0.18144	0.00023	0.00023	0.41659	0.00023	0.05746	0.21137	0.06221	0.03723	0.00023	0.21137	0.00023	0.00023	0.00023	0.00023	0.25075	0.25075	0.41659	
0.00027	0.43406	0.06295	0.40632	0.0	0.22695	0.28967	0.00027	0.00027	0.00027	0.00027	0.00027	0.00027	0.00027	0.00027	0.06295	0.19592	0.22488	0.00027	0.00027	0.00027	0.00027	0.00027	0.1196	0.00027	0.00027	0.0	0.15559	0.00027	0.00027	0.00027	0.00027	0.26711	0.07215	0.22346	0.00027	0.22488	0.00027	0.00027	0.00027	0.00027	0.07816	0.00027	0.00027	0.05139	0.00027	0.00027	0.00027	0.0	0.00027	0.00027	0.04696	0.03522	0.03923	0.22922	0.19592	0.00027	0.07327	0.20766	0.01392	0.03743	0.03743	0.03743	0.16983	0.03743	0.03743	0.104	0.00138	0.00138	0.22488	0.00027	0.06295	0.00027	0.07215	0.00027	0.00027	0.00027	0.00027	0.00027	0.07816	0.00027	0.00027	0.00027	0.14119	0.00027	0.00027	0.19592	0.00027	0.06295	0.22488	0.07215	0.23054	0.00027	0.22488	0.00027	0.00027	0.00027	0.00027	0.11137	0.11137	0.19592	
0.00027	0.03732	0.02379	0.09423	0.22695	0.0	0.10843	0.00027	0.00027	0.00027	0.00027	0.00027	0.00027	0.00027	0.00027	0.02379	0.02468	0.02781	0.00027	0.00027	0.00027	0.00027	0.00027	0.03935	0.00027	0.00027	0.0	0.04809	0.00027	0.00027	0.00027	0.00027	0.16945	0.00285	0.11259	0.00027	0.02781	0.00027	0.00027	0.00027	0.00027	0.02877	0.00027	0.00027	0.02053	0.00027	0.00027	0.00027	0.0	0.00027	0.00027	0.07568	0.01476	0.01639	0.04033	0.02468	0.00027	0.02453	0.03581	0.00437	0.01128	0.01128	0.01128	0.04424	0.01128	0.01128	0.03281	0.0004	0.0004	0.02781	0.00027	0.02379	0.00027	0.00285	0.00027	0.00027	0.00027	0.00027	0.00027	0.02877	0.00027	0.00027	0.00027	0.13007	0.00027	0.00027	0.02468	0.00027	0.02379	0.02781	0.00285	0.5487	0.00027	0.02781	0.00027	0.00027	0.00027	0.00027	0.03527	0.03527	0.02468	
0.00018	0.50638	0.04721	0.63265	0.28967	0.10843	0.0	0.00018	0.00018	0.00018	0.00018	0.00018	0.00018	0.00018	0.00018	0.04721	0.0491	0.30413	0.00018	0.00018	0.00018	0.00018	0.00018	0.0814	0.00018	0.00018	0.0	0.10128	0.00018	0.00018	0.00018	0.00018	0.07083	0.1223	0.02356	0.00018	0.30413	0.00018	0.00018	0.00018	0.00018	0.05718	0.00018	0.00018	0.03982	0.00018	0.00018	0.00018	0.0	0.00018	0.00018	0.01193	0.0284	0.0314	0.23222	0.0491	0.00018	0.05288	0.07888	0.01153	0.02866	0.02866	0.02866	0.10282	0.02866	0.02866	0.06858	0.00149	0.00149	0.30413	0.00018	0.04721	0.00018	0.1223	0.00018	0.00018	0.00018	0.00018	0.00018	0.05718	0.00018	0.00018	0.00018	0.17193	0.00018	0.00018	0.0491	0.00018	0.04721	0.30413	0.1223	0.03177	0.00018	0.30413	0.00018	0.00018	0.00018	0.00018	0.07212	0.07212	0.0491	
0.0	0.00014	0.0004	0.00023	0.00027	0.00027	0.00018	0.0	0.0	0.0	0.0	0.0	0.0	0.0	0.0	0.0004	0.0004	0.00015	0.0	0.0	0.0	0.0	0.0	0.0002	0.0	0.0	0.0	0.00038	0.0	0.0	0.0	0.0	0.00134	0.0	0.00073	0.0	0.00015	0.0	0.0	0.0	0.0	0.00162	0.0	0.0	0.00146	0.0	0.0	0.0	0.0	0.0	0.0	0.00035	0.00044	0.00126	0.00016	0.0004	0.0	0.0015	0.00023	0.0	0.0	0.0	0.0	0.00019	0.0	0.0	0.00154	0.0	0.0	0.00015	0.0	0.0004	0.0	0.0	0.0	0.0	0.0	0.0	0.0	0.00162	0.0	0.0	0.0	0.00113	0.0	0.0	0.0004	0.0	0.0004	0.00015	0.0	0.00042	0.0	0.00015	0.0	0.0	0.0	0.0	0.00043	0.00043	0.0004	
0.0	0.00014	0.0004	0.00023	0.00027	0.00027	0.00018	0.0	0.0	0.0	0.0	0.0	0.0	0.0	0.0	0.0004	0.0004	0.00015	0.0	0.0	0.0	0.0	0.0	0.0002	0.0	0.0	0.0	0.00038	0.0	0.0	0.0	0.0	0.00134	0.0	0.00073	0.0	0.00015	0.0	0.0	0.0	0.0	0.00162	0.0	0.0	0.00146	0.0	0.0	0.0	0.0	0.0	0.0	0.00035	0.00044	0.00126	0.00016	0.0004	0.0	0.0015	0.00023	0.0	0.0	0.0	0.0	0.00019	0.0	0.0	0.00154	0.0	0.0	0.00015	0.0	0.0004	0.0	0.0	0.0	0.0	0.0	0.0	0.0	0.00162	0.0	0.0	0.0	0.00113	0.0	0.0	0.0004	0.0	0.0004	0.00015	0.0	0.00042	0.0	0.00015	0.0	0.0	0.0	0.0	0.00043	0.00043	0.0004	
0.0	0.00014	0.0004	0.00023	0.00027	0.00027	0.00018	0.0	0.0	0.0	0.0	0.0	0.0	0.0	0.0	0.0004	0.0004	0.00015	0.0	0.0	0.0	0.0	0.0	0.0002	0.0	0.0	0.0	0.00038	0.0	0.0	0.0	0.0	0.00134	0.0	0.00073	0.0	0.00015	0.0	0.0	0.0	0.0	0.00162	0.0	0.0	0.00146	0.0	0.0	0.0	0.0	0.0	0.0	0.00035	0.00044	0.00126	0.00016	0.0004	0.0	0.0015	0.00023	0.0	0.0	0.0	0.0	0.00019	0.0	0.0	0.00154	0.0	0.0	0.00015	0.0	0.0004	0.0	0.0	0.0	0.0	0.0	0.0	0.0	0.00162	0.0	0.0	0.0	0.00113	0.0	0.0	0.0004	0.0	0.0004	0.00015	0.0	0.00042	0.0	0.00015	0.0	0.0	0.0	0.0	0.00043	0.00043	0.0004	
0.0	0.00014	0.0004	0.00023	0.00027	0.00027	0.00018	0.0	0.0	0.0	0.0	0.0	0.0	0.0	0.0	0.0004	0.0004	0.00015	0.0	0.0	0.0	0.0	0.0	0.0002	0.0	0.0	0.0	0.00038	0.0	0.0	0.0	0.0	0.00134	0.0	0.00073	0.0	0.00015	0.0	0.0	0.0	0.0	0.00162	0.0	0.0	0.00146	0.0	0.0	0.0	0.0	0.0	0.0	0.00035	0.00044	0.00126	0.00016	0.0004	0.0	0.0015	0.00023	0.0	0.0	0.0	0.0	0.00019	0.0	0.0	0.00154	0.0	0.0	0.00015	0.0	0.0004	0.0	0.0	0.0	0.0	0.0	0.0	0.0	0.00162	0.0	0.0	0.0	0.00113	0.0	0.0	0.0004	0.0	0.0004	0.00015	0.0	0.00042	0.0	0.00015	0.0	0.0	0.0	0.0	0.00043	0.00043	0.0004	
0.0	0.00014	0.0004	0.00023	0.00027	0.00027	0.00018	0.0	0.0	0.0	0.0	0.0	0.0	0.0	0.0	0.0004	0.0004	0.00015	0.0	0.0	0.0	0.0	0.0	0.0002	0.0	0.0	0.0	0.00038	0.0	0.0	0.0	0.0	0.00134	0.0	0.00073	0.0	0.00015	0.0	0.0	0.0	0.0	0.00162	0.0	0.0	0.00146	0.0	0.0	0.0	0.0	0.0	0.0	0.00035	0.00044	0.00126	0.00016	0.0004	0.0	0.0015	0.00023	0.0	0.0	0.0	0.0	0.00019	0.0	0.0	0.00154	0.0	0.0	0.00015	0.0	0.0004	0.0	0.0	0.0	0.0	0.0	0.0	0.0	0.00162	0.0	0.0	0.0	0.00113	0.0	0.0	0.0004	0.0	0.0004	0.00015	0.0	0.00042	0.0	0.00015	0.0	0.0	0.0	0.0	0.00043	0.00043	0.0004	
0.0	0.00014	0.0004	0.00023	0.00027	0.00027	0.00018	0.0	0.0	0.0	0.0	0.0	0.0	0.0	0.0	0.0004	0.0004	0.00015	0.0	0.0	0.0	0.0	0.0	0.0002	0.0	0.0	0.0	0.00038	0.0	0.0	0.0	0.0	0.00134	0.0	0.00073	0.0	0.00015	0.0	0.0	0.0	0.0	0.00162	0.0	0.0	0.00146	0.0	0.0	0.0	0.0	0.0	0.0	0.00035	0.00044	0.00126	0.00016	0.0004	0.0	0.0015	0.00023	0.0	0.0	0.0	0.0	0.00019	0.0	0.0	0.00154	0.0	0.0	0.00015	0.0	0.0004	0.0	0.0	0.0	0.0	0.0	0.0	0.0	0.00162	0.0	0.0	0.0	0.00113	0.0	0.0	0.0004	0.0	0.0004	0.00015	0.0	0.00042	0.0	0.00015	0.0	0.0	0.0	0.0	0.00043	0.00043	0.0004	
0.0	0.00014	0.0004	0.00023	0.00027	0.00027	0.00018	0.0	0.0	0.0	0.0	0.0	0.0	0.0	0.0	0.0004	0.0004	0.00015	0.0	0.0	0.0	0.0	0.0	0.0002	0.0	0.0	0.0	0.00038	0.0	0.0	0.0	0.0	0.00134	0.0	0.00073	0.0	0.00015	0.0	0.0	0.0	0.0	0.00162	0.0	0.0	0.00146	0.0	0.0	0.0	0.0	0.0	0.0	0.00035	0.00044	0.00126	0.00016	0.0004	0.0	0.0015	0.00023	0.0	0.0	0.0	0.0	0.00019	0.0	0.0	0.00154	0.0	0.0	0.00015	0.0	0.0004	0.0	0.0	0.0	0.0	0.0	0.0	0.0	0.00162	0.0	0.0	0.0	0.00113	0.0	0.0	0.0004	0.0	0.0004	0.00015	0.0	0.00042	0.0	0.00015	0.0	0.0	0.0	0.0	0.00043	0.00043	0.0004	
0.0	0.00014	0.0004	0.00023	0.00027	0.00027	0.00018	0.0	0.0	0.0	0.0	0.0	0.0	0.0	0.0	0.0004	0.0004	0.00015	0.0	0.0	0.0	0.0	0.0	0.0002	0.0	0.0	0.0	0.00038	0.0	0.0	0.0	0.0	0.00134	0.0	0.00073	0.0	0.00015	0.0	0.0	0.0	0.0	0.00162	0.0	0.0	0.00146	0.0	0.0	0.0	0.0	0.0	0.0	0.00035	0.00044	0.00126	0.00016	0.0004	0.0	0.0015	0.00023	0.0	0.0	0.0	0.0	0.00019	0.0	0.0	0.00154	0.0	0.0	0.00015	0.0	0.0004	0.0	0.0	0.0	0.0	0.0	0.0	0.0	0.00162	0.0	0.0	0.0	0.00113	0.0	0.0	0.0004	0.0	0.0004	0.00015	0.0	0.00042	0.0	0.00015	0.0	0.0	0.0	0.0	0.00043	0.00043	0.0004	
0.0004	0.0375	1.00001	0.05746	0.06295	0.02379	0.04721	0.0004	0.0004	0.0004	0.0004	0.0004	0.0004	0.0004	0.0004	0.0	0.02538	0.02838	0.0004	0.0004	0.0004	0.0004	0.0004	0.32046	0.0004	0.0004	0.0	0.2368	0.0004	0.0004	0.0004	0.0004	0.05626	0.00343	0.0788	0.0004	0.02838	0.0004	0.0004	0.0004	0.0004	0.02943	0.0004	0.0004	0.02143	0.0004	0.0004	0.0004	0.0	0.0004	0.0004	0.13228	0.01567	0.01735	0.48259	0.02538	0.0004	0.02603	0.03693	0.00523	0.01342	0.01342	0.01342	1.01275	0.01342	0.01342	0.0328	0.00056	0.00056	0.02838	0.0004	1.00001	0.0004	0.00343	0.0004	0.0004	0.0004	0.0004	0.0004	0.02943	0.0004	0.0004	0.0004	0.04744	0.0004	0.0004	0.02538	0.0004	1.00001	0.02838	0.00343	0.01731	0.0004	0.02838	0.0004	0.0004	0.0004	0.0004	0.03556	0.03556	0.02538	
0.0004	0.03894	0.02538	0.41659	0.19592	0.02468	0.0491	0.0004	0.0004	0.0004	0.0004	0.0004	0.0004	0.0004	0.0004	0.02538	0.0	0.02941	0.0004	0.0004	0.0004	0.0004	0.0004	0.04098	0.0004	0.0004	0.0	0.04975	0.0004	0.0004	0.0004	0.0004	0.0587	0.00351	0.11264	0.0004	0.02941	0.0004	0.0004	0.0004	0.0004	0.03047	0.0004	0.0004	0.02213	0.0004	0.0004	0.0004	0.0	0.0004	0.0004	0.07753	0.01616	0.01789	0.04097	1.00004	0.0004	0.02691	1.00477	0.00535	0.01376	0.01376	0.01376	0.04757	0.01376	0.01376	0.03406	0.00056	0.00056	0.02941	0.0004	0.02538	0.0004	0.00351	0.0004	0.0004	0.0004	0.0004	0.0004	0.03047	0.0004	0.0004	0.0004	0.04951	0.0004	0.0004	1.00004	0.0004	0.02538	0.02941	0.00351	0.01786	0.0004	0.02941	0.0004	0.0004	0.0004	0.0004	0.4127	0.4127	1.00004	
0.00015	0.45965	0.02838	0.21137	0.22488	0.02781	0.30413	0.00015	0.00015	0.00015	0.00015	0.00015	0.00015	0.00015	0.00015	0.02838	0.02941	0.0	0.00015	0.00015	0.00015	0.00015	0.00015	0.04649	0.00015	0.00015	0.0	0.05669	0.00015	0.00015	0.00015	0.00015	0.06771	0.0	0.09587	0.00015	0.9996	0.00015	0.00015	0.00015	0.00015	0.03413	0.00015	0.00015	0.02454	0.00015	0.00015	0.00015	0.0	0.00015	0.00015	0.16189	0.01779	0.0197	0.54572	0.02941	0.00015	0.03181	0.04494	0.00846	0.01915	0.01915	0.01915	0.05652	0.01915	0.01915	0.03913	0.00151	0.00151	0.9996	0.00015	0.02838	0.00015	0.0	0.00015	0.00015	0.00015	0.00015	0.00015	0.03413	0.00015	0.00015	0.00015	0.05718	0.00015	0.00015	0.02941	0.00015	0.02838	0.9996	0.0	0.01974	0.00015	0.9996	0.00015	0.00015	0.00015	0.00015	0.04173	0.04173	0.02941	
0.0	0.00014	0.0004	0.00023	0.00027	0.00027	0.00018	0.0	0.0	0.0	0.0	0.0	0.0	0.0	0.0	0.0004	0.0004	0.00015	0.0	0.0	0.0	0.0	0.0	0.0002	0.0	0.0	0.0	0.00038	0.0	0.0	0.0	0.0	0.00134	0.0	0.00073	0.0	0.00015	0.0	0.0	0.0	0.0	0.00162	0.0	0.0	0.00146	0.0	0.0	0.0	0.0	0.0	0.0	0.00035	0.00044	0.00126	0.00016	0.0004	0.0	0.0015	0.00023	0.0	0.0	0.0	0.0	0.00019	0.0	0.0	0.00154	0.0	0.0	0.00015	0.0	0.0004	0.0	0.0	0.0	0.0	0.0	0.0	0.0	0.00162	0.0	0.0	0.0	0.00113	0.0	0.0	0.0004	0.0	0.0004	0.00015	0.0	0.00042	0.0	0.00015	0.0	0.0	0.0	0.0	0.00043	0.00043	0.0004	
0.0	0.00014	0.0004	0.00023	0.00027	0.00027	0.00018	0.0	0.0	0.0	0.0	0.0	0.0	0.0	0.0	0.0004	0.0004	0.00015	0.0	0.0	0.0	0.0	0.0	0.0002	0.0	0.0	0.0	0.00038	0.0	0.0	0.0	0.0	0.00134	0.0	0.00073	0.0	0.00015	0.0	0.0	0.0	0.0	0.00162	0.0	0.0	0.00146	0.0	0.0	0.0	0.0	0.0	0.0	0.00035	0.00044	0.00126	0.00016	0.0004	0.0	0.0015	0.00023	0.0	0.0	0.0	0.0	0.00019	0.0	0.0	0.00154	0.0	0.0	0.00015	0.0	0.0004	0.0	0.0	0.0	0.0	0.0	0.0	0.0	0.00162	0.0	0.0	0.0	0.00113	0.0	0.0	0.0004	0.0	0.0004	0.00015	0.0	0.00042	0.0	0.00015	0.0	0.0	0.0	0.0	0.00043	0.00043	0.0004	
0.0	0.00014	0.0004	0.00023	0.00027	0.00027	0.00018	0.0	0.0	0.0	0.0	0.0	0.0	0.0	0.0	0.0004	0.0004	0.00015	0.0	0.0	0.0	0.0	0.0	0.0002	0.0	0.0	0.0	0.00038	0.0	0.0	0.0	0.0	0.00134	0.0	0.00073	0.0	0.00015	0.0	0.0	0.0	0.0	0.00162	0.0	0.0	0.00146	0.0	0.0	0.0	0.0	0.0	0.0	0.00035	0.00044	0.00126	0.00016	0.0004	0.0	0.0015	0.00023	0.0	0.0	0.0	0.0	0.00019	0.0	0.0	0.00154	0.0	0.0	0.00015	0.0	0.0004	0.0	0.0	0.0	0.0	0.0	0.0	0.0	0.00162	0.0	0.0	0.0	0.00113	0.0	0.0	0.0004	0.0	0.0004	0.00015	0.0	0.00042	0.0	0.00015	0.0	0.0	0.0	0.0	0.00043	0.00043	0.0004	
0.0	0.00014	0.0004	0.00023	0.00027	0.00027	0.00018	0.0	0.0	0.0	0.0	0.0	0.0	0.0	0.0	0.0004	0.0004	0.00015	0.0	0.0	0.0	0.0	0.0	0.0002	0.0	0.0	0.0	0.00038	0.0	0.0	0.0	0.0	0.00134	0.0	0.00073	0.0	0.00015	0.0	0.0	0.0	0.0	0.00162	0.0	0.0	0.00146	0.0	0.0	0.0	0.0	0.0	0.0	0.00035	0.00044	0.00126	0.00016	0.0004	0.0	0.0015	0.00023	0.0	0.0	0.0	0.0	0.00019	0.0	0.0	0.00154	0.0	0.0	0.00015	0.0	0.0004	0.0	0.0	0.0	0.0	0.0	0.0	0.0	0.00162	0.0	0.0	0.0	0.00113	0.0	0.0	0.0004	0.0	0.0004	0.00015	0.0	0.00042	0.0	0.00015	0.0	0.0	0.0	0.0	0.00043	0.00043	0.0004	
0.0	0.00014	0.0004	0.00023	0.00027	0.00027	0.00018	0.0	0.0	0.0	0.0	0.0	0.0	0.0	0.0	0.0004	0.0004	0.00015	0.0	0.0	0.0	0.0	0.0	0.0002	0.0	0.0	0.0	0.00038	0.0	0.0	0.0	0.0	0.00134	0.0	0.00073	0.0	0.00015	0.0	0.0	0.0	0.0	0.00162	0.0	0.0	0.00146	0.0	0.0	0.0	0.0	0.0	0.0	0.00035	0.00044	0.00126	0.00016	0.0004	0.0	0.0015	0.00023	0.0	0.0	0.0	0.0	0.00019	0.0	0.0	0.00154	0.0	0.0	0.00015	0.0	0.0004	0.0	0.0	0.0	0.0	0.0	0.0	0.0	0.00162	0.0	0.0	0.0	0.00113	0.0	0.0	0.0004	0.0	0.0004	0.00015	0.0	0.00042	0.0	0.00015	0.0	0.0	0.0	0.0	0.00043	0.00043	0.0004	
0.0002	0.06321	0.32046	0.10526	0.1196	0.03935	0.0814	0.0002	0.0002	0.0002	0.0002	0.0002	0.0002	0.0002	0.0002	0.32046	0.04098	0.04649	0.0002	0.0002	0.0002	0.0002	0.0002	0.0	0.0002	0.0002	0.0	0.04723	0.0002	0.0002	0.0002	0.0002	0.04026	0.00954	0.20771	0.0002	0.04649	0.0002	0.0002	0.0002	0.0002	0.04763	0.0002	0.0002	0.2506	0.0002	0.0002	0.0002	0.0	0.0002	0.0002	0.00969	0.02406	0.02661	0.22521	0.04098	0.0002	0.04467	0.053	0.03673	0.02059	0.02059	0.02059	1.01992	0.02059	0.02059	0.19689	0.00276	0.00276	0.04649	0.0002	0.32046	0.0002	0.00954	0.0002	0.0002	0.0002	0.0002	0.0002	0.04763	0.0002	0.0002	0.0002	0.16159	0.0002	0.0002	0.04098	0.0002	0.32046	0.04649	0.00954	0.02685	0.0002	0.04649	0.0002	0.0002	0.0002	0.0002	0.05946	0.05946	0.04098	
0.0	0.00014	0.0004	0.00023	0.00027	0.00027	0.00018	0.0	0.0	0.0	0.0	0.0	0.0	0.0	0.0	0.0004	0.0004	0.00015	0.0	0.0	0.0	0.0	0.0	0.0002	0.0	0.0	0.0	0.00038	0.0	0.0	0.0	0.0	0.00134	0.0	0.00073	0.0	0.00015	0.0	0.0	0.0	0.0	0.00162	0.0	0.0	0.00146	0.0	0.0	0.0	0.0	0.0	0.0	0.00035	0.00044	0.00126	0.00016	0.0004	0.0	0.0015	0.00023	0.0	0.0	0.0	0.0	0.00019	0.0	0.0	0.00154	0.0	0.0	0.00015	0.0	0.0004	0.0	0.0	0.0	0.0	0.0	0.0	0.0	0.00162	0.0	0.0	0.0	0.00113	0.0	0.0	0.0004	0.0	0.0004	0.00015	0.0	0.00042	0.0	0.00015	0.0	0.0	0.0	0.0	0.00043	0.00043	0.0004	
0.0	0.00014	0.0004	0.00023	0.00027	0.00027	0.00018	0.0	0.0	0.0	0.0	0.0	0.0	0.0	0.0	0.0004	0.0004	0.00015	0.0	0.0	0.0	0.0	0.0	0.0002	0.0	0.0	0.0	0.00038	0.0	0.0	0.0	0.0	0.00134	0.0	0.00073	0.0	0.00015	0.0	0.0	0.0	0.0	0.00162	0.0	0.0	0.00146	0.0	0.0	0.0	0.0	0.0	0.0	0.00035	0.00044	0.00126	0.00016	0.0004	0.0	0.0015	0.00023	0.0	0.0	0.0	0.0	0.00019	0.0	0.0	0.00154	0.0	0.0	0.00015	0.0	0.0004	0.0	0.0	0.0	0.0	0.0	0.0	0.0	0.00162	0.0	0.0	0.0	0.00113	0.0	0.0	0.0004	0.0	0.0004	0.00015	0.0	0.00042	0.0	0.00015	0.0	0.0	0.0	0.0	0.00043	0.00043	0.0004	
0.0	0.0	0.0	0.0	0.0	0.0	0.0	0.0	0.0	0.0	0.0	0.0	0.0	0.0	0.0	0.0	0.0	0.0	0.0	0.0	0.0	0.0	0.0	0.0	0.0	0.0	0.0	0.0	0.0	0.0	0.0	0.0	0.0	0.0	0.0	0.0	0.0	0.0	0.0	0.0	0.0	0.0	0.0	0.0	0.0	0.0	0.0	0.0	0.0	0.0	0.0	0.0	0.0	0.0	0.0	0.0	0.0	0.0	0.0	0.0	0.0	0.0	0.0	0.0	0.0	0.0	0.0	0.0	0.0	0.0	0.0	0.0	0.0	0.0	0.0	0.0	0.0	0.0	0.0	0.0	0.0	0.0	0.0	0.0	0.0	0.0	0.0	0.0	0.0	0.0	0.0	0.0	0.0	0.0	0.0	0.0	0.0	0.0	0.0	0.0	0.0	
0.00038	0.07789	0.2368	0.1344	0.15559	0.04809	0.10128	0.00038	0.00038	0.00038	0.00038	0.00038	0.00038	0.00038	0.00038	0.2368	0.04975	0.05669	0.00038	0.00038	0.00038	0.00038	0.00038	0.04723	0.00038	0.00038	0.0	0.0	0.00038	0.00038	0.00038	0.00038	0.08074	0.01295	0.19404	0.00038	0.05669	0.00038	0.00038	0.00038	0.00038	0.30423	0.00038	0.00038	0.04036	0.00038	0.00038	0.00038	0.0	0.00038	0.00038	0.00106	0.02882	0.14214	0.18864	0.04975	0.00038	0.20751	0.05379	0.00304	0.06549	0.06549	0.06549	1.06483	0.06549	0.06549	0.17025	0.01371	0.01371	0.05669	0.00038	0.2368	0.00038	0.01295	0.00038	0.00038	0.00038	0.00038	0.00038	0.30423	0.00038	0.00038	0.00038	0.20272	0.00038	0.00038	0.04975	0.00038	0.2368	0.05669	0.01295	0.03223	0.00038	0.05669	0.00038	0.00038	0.00038	0.00038	0.07305	0.07305	0.04975	
0.0	0.00014	0.0004	0.00023	0.00027	0.00027	0.00018	0.0	0.0	0.0	0.0	0.0	0.0	0.0	0.0	0.0004	0.0004	0.00015	0.0	0.0	0.0	0.0	0.0	0.0002	0.0	0.0	0.0	0.00038	0.0	0.0	0.0	0.0	0.00134	0.0	0.00073	0.0	0.00015	0.0	0.0	0.0	0.0	0.00162	0.0	0.0	0.00146	0.0	0.0	0.0	0.0	0.0	0.0	0.00035	0.00044	0.00126	0.00016	0.0004	0.0	0.0015	0.00023	0.0	0.0	0.0	0.0	0.00019	0.0	0.0	0.00154	0.0	0.0	0.00015	0.0	0.0004	0.0	0.0	0.0	0.0	0.0	0.0	0.0	0.00162	0.0	0.0	0.0	0.00113	0.0	0.0	0.0004	0.0	0.0004	0.00015	0.0	0.00042	0.0	0.00015	0.0	0.0	0.0	0.0	0.00043	0.00043	0.0004	
0.0	0.00014	0.0004	0.00023	0.00027	0.00027	0.00018	0.0	0.0	0.0	0.0	0.0	0.0	0.0	0.0	0.0004	0.0004	0.00015	0.0	0.0	0.0	0.0	0.0	0.0002	0.0	0.0	0.0	0.00038	0.0	0.0	0.0	0.0	0.00134	0.0	0.00073	0.0	0.00015	0.0	0.0	0.0	0.0	0.00162	0.0	0.0	0.00146	0.0	0.0	0.0	0.0	0.0	0.0	0.00035	0.00044	0.00126	0.00016	0.0004	0.0	0.0015	0.00023	0.0	0.0	0.0	0.0	0.00019	0.0	0.0	0.00154	0.0	0.0	0.00015	0.0	0.0004	0.0	0.0	0.0	0.0	0.0	0.0	0.0	0.00162	0.0	0.0	0.0	0.00113	0.0	0.0	0.0004	0.0	0.0004	0.00015	0.0	0.00042	0.0	0.00015	0.0	0.0	0.0	0.0	0.00043	0.00043	0.0004	
0.0	0.00014	0.0004	0.00023	0.00027	0.00027	0.00018	0.0	0.0	0.0	0.0	0.0	0.0	0.0	0.0	0.0004	0.0004	0.00015	0.0	0.0	0.0	0.0	0.0	0.0002	0.0	0.0	0.0	0.00038	0.0	0.0	0.0	0.0	0.00134	0.0	0.00073	0.0	0.00015	0.0	0.0	0.0	0.0	0.00162	0.0	0.0	0.00146	0.0	0.0	0.0	0.0	0.0	0.0	0.00035	0.00044	0.00126	0.00016	0.0004	0.0	0.0015	0.00023	0.0	0.0	0.0	0.0	0.00019	0.0	0.0	0.00154	0.0	0.0	0.00015	0.0	0.0004	0.0	0.0	0.0	0.0	0.0	0.0	0.0	0.00162	0.0	0.0	0.0	0.00113	0.0	0.0	0.0004	0.0	0.0004	0.00015	0.0	0.00042	0.0	0.00015	0.0	0.0	0.0	0.0	0.00043	0.00043	0.0004	
0.0	0.00014	0.0004	0.00023	0.00027	0.00027	0.00018	0.0	0.0	0.0	0.0	0.0	0.0	0.0	0.0	0.0004	0.0004	0.00015	0.0	0.0	0.0	0.0	0.0	0.0002	0.0	0.0	0.0	0.00038	0.0	0.0	0.0	0.0	0.00134	0.0	0.00073	0.0	0.00015	0.0	0.0	0.0	0.0	0.00162	0.0	0.0	0.00146	0.0	0.0	0.0	0.0	0.0	0.0	0.00035	0.00044	0.00126	0.00016	0.0004	0.0	0.0015	0.00023	0.0	0.0	0.0	0.0	0.00019	0.0	0.0	0.00154	0.0	0.0	0.00015	0.0	0.0004	0.0	0.0	0.0	0.0	0.0	0.0	0.0	0.00162	0.0	0.0	0.0	0.00113	0.0	0.0	0.0004	0.0	0.0004	0.00015	0.0	0.00042	0.0	0.00015	0.0	0.0	0.0	0.0	0.00043	0.00043	0.0004	
0.00134	0.06053	0.05626	0.11557	0.26711	0.16945	0.07083	0.00134	0.00134	0.00134	0.00134	0.00134	0.00134	0.00134	0.00134	0.05626	0.0587	0.06771	0.00134	0.00134	0.00134	0.00134	0.00134	0.04026	0.00134	0.00134	0.0	0.08074	0.00134	0.00134	0.00134	0.00134	0.0	0.01645	0.23961	0.00134	0.06771	0.00134	0.00134	0.00134	0.00134	0.23595	0.00134	0.00134	0.14408	0.00134	0.00134	0.00134	0.0	0.00134	0.00134	0.23073	0.03274	0.10735	0.11278	0.0587	0.00134	0.50375	0.10638	0.08924	0.54963	0.54963	0.54963	0.33937	0.54963	0.54963	0.4898	0.00558	0.00558	0.06771	0.00134	0.05626	0.00134	0.01645	0.00134	0.00134	0.00134	0.00134	0.00134	0.23595	0.00134	0.00134	0.00134	0.43655	0.00134	0.00134	0.0587	0.00134	0.05626	0.06771	0.01645	0.17601	0.00134	0.06771	0.00134	0.00134	0.00134	0.00134	0.08924	0.08924	0.0587	
0.0	0.29153	0.00343	0.06221	0.07215	0.00285	0.1223	0.0	0.0	0.0	0.0	0.0	0.0	0.0	0.0	0.00343	0.00351	0.0	0.0	0.0	0.0	0.0	0.0	0.00954	0.0	0.0	0.0	0.01295	0.0	0.0	0.0	0.0	0.01645	0.0	0.0153	0.0	0.0	0.0	0.0	0.0	0.0	0.01312	0.0	0.0	0.01079	0.0	0.0	0.0	0.0	0.0	0.0	0.04461	0.00276	0.00934	0.39363	0.00351	0.0	0.01404	0.00805	0.0	0.0	0.0	0.0	0.01136	0.0	0.0	0.01362	0.0	0.0	0.0	0.0	0.00343	0.0	0.0	0.0	0.0	0.0	0.0	0.0	0.01312	0.0	0.0	0.0	0.01335	0.0	0.0	0.00351	0.0	0.00343	0.0	0.0	0.00287	0.0	0.0	0.0	0.0	0.0	0.0	0.00453	0.00453	0.00351	
0.00073	0.02862	0.0788	0.10949	0.22346	0.11259	0.02356	0.00073	0.00073	0.00073	0.00073	0.00073	0.00073	0.00073	0.00073	0.0788	0.11264	0.09587	0.00073	0.00073	0.00073	0.00073	0.00073	0.20771	0.00073	0.00073	0.0	0.19404	0.00073	0.00073	0.00073	0.00073	0.23961	0.0153	0.0	0.00073	0.09587	0.00073	0.00073	0.00073	0.00073	0.09748	0.00073	0.00073	0.34752	0.00073	0.00073	0.00073	0.0	0.00073	0.00073	0.13082	0.04468	0.04963	0.16761	0.11264	0.00073	0.17758	0.22867	0.14291	0.15943	0.15943	0.15943	0.2606	0.15943	0.15943	0.34696	0.00338	0.00338	0.09587	0.00073	0.0788	0.00073	0.0153	0.00073	0.00073	0.00073	0.00073	0.00073	0.09748	0.00073	0.00073	0.00073	0.34618	0.00073	0.00073	0.11264	0.00073	0.0788	0.09587	0.0153	0.06778	0.00073	0.09587	0.00073	0.00073	0.00073	0.00073	0.03379	0.03379	0.11264	
0.0	0.00014	0.0004	0.00023	0.00027	0.00027	0.00018	0.0	0.0	0.0	0.0	0.0	0.0	0.0	0.0	0.0004	0.0004	0.00015	0.0	0.0	0.0	0.0	0.0	0.0002	0.0	0.0	0.0	0.00038	0.0	0.0	0.0	0.0	0.00134	0.0	0.00073	0.0	0.00015	0.0	0.0	0.0	0.0	0.00162	0.0	0.0	0.00146	0.0	0.0	0.0	0.0	0.0	0.0	0.00035	0.00044	0.00126	0.00016	0.0004	0.0	0.0015	0.00023	0.0	0.0	0.0	0.0	0.00019	0.0	0.0	0.00154	0.0	0.0	0.00015	0.0	0.0004	0.0	0.0	0.0	0.0	0.0	0.0	0.0	0.00162	0.0	0.0	0.0	0.00113	0.0	0.0	0.0004	0.0	0.0004	0.00015	0.0	0.00042	0.0	0.00015	0.0	0.0	0.0	0.0	0.00043	0.00043	0.0004	
0.00015	0.45965	0.02838	0.21137	0.22488	0.02781	0.30413	0.00015	0.00015	0.00015	0.00015	0.00015	0.00015	0.00015	0.00015	0.02838	0.02941	0.9996	0.00015	0.00015	0.00015	0.00015	0.00015	0.04649	0.00015	0.00015	0.0	0.05669	0.00015	0.00015	0.00015	0.00015	0.06771	0.0	0.09587	0.00015	0.0	0.00015	0.00015	0.00015	0.00015	0.03413	0.00015	0.00015	0.02454	0.00015	0.00015	0.00015	0.0	0.00015	0.00015	0.16189	0.01779	0.0197	0.54572	0.02941	0.00015	0.03181	0.04494	0.00846	0.01915	0.01915	0.01915	0.05652	0.01915	0.01915	0.03913	0.00151	0.00151	0.9996	0.00015	0.02838	0.00015	0.0	0.00015	0.00015	0.00015	0.00015	0.00015	0.03413	0.00015	0.00015	0.00015	0.05718	0.00015	0.00015	0.02941	0.00015	0.02838	0.9996	0.0	0.01974	0.00015	0.9996	0.00015	0.00015	0.00015	0.00015	0.04173	0.04173	0.02941	
0.0	0.00014	0.0004	0.00023	0.00027	0.00027	0.00018	0.0	0.0	0.0	0.0	0.0	0.0	0.0	0.0	0.0004	0.0004	0.00015	0.0	0.0	0.0	0.0	0.0	0.0002	0.0	0.0	0.0	0.00038	0.0	0.0	0.0	0.0	0.00134	0.0	0.00073	0.0	0.00015	0.0	0.0	0.0	0.0	0.00162	0.0	0.0	0.00146	0.0	0.0	0.0	0.0	0.0	0.0	0.00035	0.00044	0.00126	0.00016	0.0004	0.0	0.0015	0.00023	0.0	0.0	0.0	0.0	0.00019	0.0	0.0	0.00154	0.0	0.0	0.00015	0.0	0.0004	0.0	0.0	0.0	0.0	0.0	0.0	0.0	0.00162	0.0	0.0	0.0	0.00113	0.0	0.0	0.0004	0.0	0.0004	0.00015	0.0	0.00042	0.0	0.00015	0.0	0.0	0.0	0.0	0.00043	0.00043	0.0004	
0.0	0.00014	0.0004	0.00023	0.00027	0.00027	0.00018	0.0	0.0	0.0	0.0	0.0	0.0	0.0	0.0	0.0004	0.0004	0.00015	0.0	0.0	0.0	0.0	0.0	0.0002	0.0	0.0	0.0	0.00038	0.0	0.0	0.0	0.0	0.00134	0.0	0.00073	0.0	0.00015	0.0	0.0	0.0	0.0	0.00162	0.0	0.0	0.00146	0.0	0.0	0.0	0.0	0.0	0.0	0.00035	0.00044	0.00126	0.00016	0.0004	0.0	0.0015	0.00023	0.0	0.0	0.0	0.0	0.00019	0.0	0.0	0.00154	0.0	0.0	0.00015	0.0	0.0004	0.0	0.0	0.0	0.0	0.0	0.0	0.0	0.00162	0.0	0.0	0.0	0.00113	0.0	0.0	0.0004	0.0	0.0004	0.00015	0.0	0.00042	0.0	0.00015	0.0	0.0	0.0	0.0	0.00043	0.00043	0.0004	
0.0	0.00014	0.0004	0.00023	0.00027	0.00027	0.00018	0.0	0.0	0.0	0.0	0.0	0.0	0.0	0.0	0.0004	0.0004	0.00015	0.0	0.0	0.0	0.0	0.0	0.0002	0.0	0.0	0.0	0.00038	0.0	0.0	0.0	0.0	0.00134	0.0	0.00073	0.0	0.00015	0.0	0.0	0.0	0.0	0.00162	0.0	0.0	0.00146	0.0	0.0	0.0	0.0	0.0	0.0	0.00035	0.00044	0.00126	0.00016	0.0004	0.0	0.0015	0.00023	0.0	0.0	0.0	0.0	0.00019	0.0	0.0	0.00154	0.0	0.0	0.00015	0.0	0.0004	0.0	0.0	0.0	0.0	0.0	0.0	0.0	0.00162	0.0	0.0	0.0	0.00113	0.0	0.0	0.0004	0.0	0.0004	0.00015	0.0	0.00042	0.0	0.00015	0.0	0.0	0.0	0.0	0.00043	0.00043	0.0004	
0.0	0.00014	0.0004	0.00023	0.00027	0.00027	0.00018	0.0	0.0	0.0	0.0	0.0	0.0	0.0	0.0	0.0004	0.0004	0.00015	0.0	0.0	0.0	0.0	0.0	0.0002	0.0	0.0	0.0	0.00038	0.0	0.0	0.0	0.0	0.00134	0.0	0.00073	0.0	0.00015	0.0	0.0	0.0	0.0	0.00162	0.0	0.0	0.00146	0.0	0.0	0.0	0.0	0.0	0.0	0.00035	0.00044	0.00126	0.00016	0.0004	0.0	0.0015	0.00023	0.0	0.0	0.0	0.0	0.00019	0.0	0.0	0.00154	0.0	0.0	0.00015	0.0	0.0004	0.0	0.0	0.0	0.0	0.0	0.0	0.0	0.00162	0.0	0.0	0.0	0.00113	0.0	0.0	0.0004	0.0	0.0004	0.00015	0.0	0.00042	0.0	0.00015	0.0	0.0	0.0	0.0	0.00043	0.00043	0.0004	
0.00162	0.04525	0.02943	0.07067	0.07816	0.02877	0.05718	0.00162	0.00162	0.00162	0.00162	0.00162	0.00162	0.00162	0.00162	0.02943	0.03047	0.03413	0.00162	0.00162	0.00162	0.00162	0.00162	0.04763	0.00162	0.00162	0.0	0.30423	0.00162	0.00162	0.00162	0.00162	0.23595	0.01312	0.09748	0.00162	0.03413	0.00162	0.00162	0.00162	0.00162	0.0	0.00162	0.00162	0.0256	0.00162	0.00162	0.00162	0.0	0.00162	0.00162	0.09087	0.01888	0.30891	0.04799	0.03047	0.00162	1.03419	0.03756	0.03382	0.0	0.0	0.0	0.33582	0.0	0.0	0.48693	0.05546	0.05546	0.03413	0.00162	0.02943	0.00162	0.01312	0.00162	0.00162	0.00162	0.00162	0.00162	1.00256	0.00162	0.00162	0.00162	0.40096	0.00162	0.00162	0.03047	0.00162	0.02943	0.03413	0.01312	0.02082	0.00162	0.03413	0.00162	0.00162	0.00162	0.00162	0.04283	0.04283	0.03047	
0.0	0.00014	0.0004	0.00023	0.00027	0.00027	0.00018	0.0	0.0	0.0	0.0	0.0	0.0	0.0	0.0	0.0004	0.0004	0.00015	0.0	0.0	0.0	0.0	0.0	0.0002	0.0	0.0	0.0	0.00038	0.0	0.0	0.0	0.0	0.00134	0.0	0.00073	0.0	0.00015	0.0	0.0	0.0	0.0	0.00162	0.0	0.0	0.00146	0.0	0.0	0.0	0.0	0.0	0.0	0.00035	0.00044	0.00126	0.00016	0.0004	0.0	0.0015	0.00023	0.0	0.0	0.0	0.0	0.00019	0.0	0.0	0.00154	0.0	0.0	0.00015	0.0	0.0004	0.0	0.0	0.0	0.0	0.0	0.0	0.0	0.00162	0.0	0.0	0.0	0.00113	0.0	0.0	0.0004	0.0	0.0004	0.00015	0.0	0.00042	0.0	0.00015	0.0	0.0	0.0	0.0	0.00043	0.00043	0.0004	
0.0	0.00014	0.0004	0.00023	0.00027	0.00027	0.00018	0.0	0.0	0.0	0.0	0.0	0.0	0.0	0.0	0.0004	0.0004	0.00015	0.0	0.0	0.0	0.0	0.0	0.0002	0.0	0.0	0.0	0.00038	0.0	0.0	0.0	0.0	0.00134	0.0	0.00073	0.0	0.00015	0.0	0.0	0.0	0.0	0.00162	0.0	0.0	0.00146	0.0	0.0	0.0	0.0	0.0	0.0	0.00035	0.00044	0.00126	0.00016	0.0004	0.0	0.0015	0.00023	0.0	0.0	0.0	0.0	0.00019	0.0	0.0	0.00154	0.0	0.0	0.00015	0.0	0.0004	0.0	0.0	0.0	0.0	0.0	0.0	0.0	0.00162	0.0	0.0	0.0	0.00113	0.0	0.0	0.0004	0.0	0.0004	0.00015	0.0	0.00042	0.0	0.00015	0.0	0.0	0.0	0.0	0.00043	0.00043	0.0004	
0.00146	0.03195	0.02143	0.04743	0.05139	0.02053	0.03982	0.00146	0.00146	0.00146	0.00146	0.00146	0.00146	0.00146	0.00146	0.02143	0.02213	0.02454	0.00146	0.00146	0.00146	0.00146	0.00146	0.2506	0.00146	0.00146	0.0	0.04036	0.00146	0.00146	0.00146	0.00146	0.14408	0.01079	0.34752	0.00146	0.02454	0.00146	0.00146	0.00146	0.00146	0.0256	0.00146	0.00146	0.0	0.00146	0.00146	0.00146	0.0	0.00146	0.00146	0.06178	0.0142	0.01568	0.03292	0.02213	0.00146	0.31494	0.22235	0.0	0.0	0.0	0.0	0.21538	0.0	0.0	0.5599	0.00484	0.00484	0.02454	0.00146	0.02143	0.00146	0.01079	0.00146	0.00146	0.00146	0.00146	0.00146	0.0256	0.00146	0.00146	0.00146	0.30687	0.00146	0.00146	0.02213	0.00146	0.02143	0.02454	0.01079	0.01554	0.00146	0.02454	0.00146	0.00146	0.00146	0.00146	0.03042	0.03042	0.02213	
0.0	0.00014	0.0004	0.00023	0.00027	0.00027	0.00018	0.0	0.0	0.0	0.0	0.0	0.0	0.0	0.0	0.0004	0.0004	0.00015	0.0	0.0	0.0	0.0	0.0	0.0002	0.0	0.0	0.0	0.00038	0.0	0.0	0.0	0.0	0.00134	0.0	0.00073	0.0	0.00015	0.0	0.0	0.0	0.0	0.00162	0.0	0.0	0.00146	0.0	0.0	0.0	0.0	0.0	0.0	0.00035	0.00044	0.00126	0.00016	0.0004	0.0	0.0015	0.00023	0.0	0.0	0.0	0.0	0.00019	0.0	0.0	0.00154	0.0	0.0	0.00015	0.0	0.0004	0.0	0.0	0.0	0.0	0.0	0.0	0.0	0.00162	0.0	0.0	0.0	0.00113	0.0	0.0	0.0004	0.0	0.0004	0.00015	0.0	0.00042	0.0	0.00015	0.0	0.0	0.0	0.0	0.00043	0.00043	0.0004	
0.0	0.00014	0.0004	0.00023	0.00027	0.00027	0.00018	0.0	0.0	0.0	0.0	0.0	0.0	0.0	0.0	0.0004	0.0004	0.00015	0.0	0.0	0.0	0.0	0.0	0.0002	0.0	0.0	0.0	0.00038	0.0	0.0	0.0	0.0	0.00134	0.0	0.00073	0.0	0.00015	0.0	0.0	0.0	0.0	0.00162	0.0	0.0	0.00146	0.0	0.0	0.0	0.0	0.0	0.0	0.00035	0.00044	0.00126	0.00016	0.0004	0.0	0.0015	0.00023	0.0	0.0	0.0	0.0	0.00019	0.0	0.0	0.00154	0.0	0.0	0.00015	0.0	0.0004	0.0	0.0	0.0	0.0	0.0	0.0	0.0	0.00162	0.0	0.0	0.0	0.00113	0.0	0.0	0.0004	0.0	0.0004	0.00015	0.0	0.00042	0.0	0.00015	0.0	0.0	0.0	0.0	0.00043	0.00043	0.0004	
0.0	0.00014	0.0004	0.00023	0.00027	0.00027	0.00018	0.0	0.0	0.0	0.0	0.0	0.0	0.0	0.0	0.0004	0.0004	0.00015	0.0	0.0	0.0	0.0	0.0	0.0002	0.0	0.0	0.0	0.00038	0.0	0.0	0.0	0.0	0.00134	0.0	0.00073	0.0	0.00015	0.0	0.0	0.0	0.0	0.00162	0.0	0.0	0.00146	0.0	0.0	0.0	0.0	0.0	0.0	0.00035	0.00044	0.00126	0.00016	0.0004	0.0	0.0015	0.00023	0.0	0.0	0.0	0.0	0.00019	0.0	0.0	0.00154	0.0	0.0	0.00015	0.0	0.0004	0.0	0.0	0.0	0.0	0.0	0.0	0.0	0.00162	0.0	0.0	0.0	0.00113	0.0	0.0	0.0004	0.0	0.0004	0.00015	0.0	0.00042	0.0	0.00015	0.0	0.0	0.0	0.0	0.00043	0.00043	0.0004	
0.0	0.0	0.0	0.0	0.0	0.0	0.0	0.0	0.0	0.0	0.0	0.0	0.0	0.0	0.0	0.0	0.0	0.0	0.0	0.0	0.0	0.0	0.0	0.0	0.0	0.0	0.0	0.0	0.0	0.0	0.0	0.0	0.0	0.0	0.0	0.0	0.0	0.0	0.0	0.0	0.0	0.0	0.0	0.0	0.0	0.0	0.0	0.0	0.0	0.0	0.0	0.0	0.0	0.0	0.0	0.0	0.0	0.0	0.0	0.0	0.0	0.0	0.0	0.0	0.0	0.0	0.0	0.0	0.0	0.0	0.0	0.0	0.0	0.0	0.0	0.0	0.0	0.0	0.0	0.0	0.0	0.0	0.0	0.0	0.0	0.0	0.0	0.0	0.0	0.0	0.0	0.0	0.0	0.0	0.0	0.0	0.0	0.0	0.0	0.0	0.0	
0.0	0.00014	0.0004	0.00023	0.00027	0.00027	0.00018	0.0	0.0	0.0	0.0	0.0	0.0	0.0	0.0	0.0004	0.0004	0.00015	0.0	0.0	0.0	0.0	0.0	0.0002	0.0	0.0	0.0	0.00038	0.0	0.0	0.0	0.0	0.00134	0.0	0.00073	0.0	0.00015	0.0	0.0	0.0	0.0	0.00162	0.0	0.0	0.00146	0.0	0.0	0.0	0.0	0.0	0.0	0.00035	0.00044	0.00126	0.00016	0.0004	0.0	0.0015	0.00023	0.0	0.0	0.0	0.0	0.00019	0.0	0.0	0.00154	0.0	0.0	0.00015	0.0	0.0004	0.0	0.0	0.0	0.0	0.0	0.0	0.0	0.00162	0.0	0.0	0.0	0.00113	0.0	0.0	0.0004	0.0	0.0004	0.00015	0.0	0.00042	0.0	0.00015	0.0	0.0	0.0	0.0	0.00043	0.00043	0.0004	
0.0	0.00014	0.0004	0.00023	0.00027	0.00027	0.00018	0.0	0.0	0.0	0.0	0.0	0.0	0.0	0.0	0.0004	0.0004	0.00015	0.0	0.0	0.0	0.0	0.0	0.0002	0.0	0.0	0.0	0.00038	0.0	0.0	0.0	0.0	0.00134	0.0	0.00073	0.0	0.00015	0.0	0.0	0.0	0.0	0.00162	0.0	0.0	0.00146	0.0	0.0	0.0	0.0	0.0	0.0	0.00035	0.00044	0.00126	0.00016	0.0004	0.0	0.0015	0.00023	0.0	0.0	0.0	0.0	0.00019	0.0	0.0	0.00154	0.0	0.0	0.00015	0.0	0.0004	0.0	0.0	0.0	0.0	0.0	0.0	0.0	0.00162	0.0	0.0	0.0	0.00113	0.0	0.0	0.0004	0.0	0.0004	0.00015	0.0	0.00042	0.0	0.00015	0.0	0.0	0.0	0.0	0.00043	0.00043	0.0004	
0.00035	0.04312	0.13228	0.05329	0.04696	0.07568	0.01193	0.00035	0.00035	0.00035	0.00035	0.00035	0.00035	0.00035	0.00035	0.13228	0.07753	0.16189	0.00035	0.00035	0.00035	0.00035	0.00035	0.00969	0.00035	0.00035	0.0	0.00106	0.00035	0.00035	0.00035	0.00035	0.23073	0.04461	0.13082	0.00035	0.16189	0.00035	0.00035	0.00035	0.00035	0.09087	0.00035	0.00035	0.06178	0.00035	0.00035	0.00035	0.0	0.00035	0.00035	0.0	0.07471	0.04814	0.28861	0.07753	0.00035	0.08938	0.13848	0.01886	0.0511	0.0511	0.0511	0.14311	0.0511	0.0511	0.11475	0.00196	0.00196	0.16189	0.00035	0.13228	0.00035	0.04461	0.00035	0.00035	0.00035	0.00035	0.00035	0.09087	0.00035	0.00035	0.00035	0.19217	0.00035	0.00035	0.07753	0.00035	0.13228	0.16189	0.04461	0.04892	0.00035	0.16189	0.00035	0.00035	0.00035	0.00035	0.00238	0.00238	0.07753	
0.00044	0.02295	0.01567	0.03295	0.03522	0.01476	0.0284	0.00044	0.00044	0.00044	0.00044	0.00044	0.00044	0.00044	0.00044	0.01567	0.01616	0.01779	0.00044	0.00044	0.00044	0.00044	0.00044	0.02406	0.00044	0.00044	0.0	0.02882	0.00044	0.00044	0.00044	0.00044	0.03274	0.00276	0.04468	0.00044	0.01779	0.00044	0.00044	0.00044	0.00044	0.01888	0.00044	0.00044	0.0142	0.00044	0.00044	0.00044	0.0	0.00044	0.00044	0.07471	0.0	0.01173	0.02315	0.01616	0.00044	0.01714	0.02297	0.00411	0.01025	0.01025	0.01025	0.02818	0.01025	0.01025	0.02025	0.00056	0.00056	0.01779	0.00044	0.01567	0.00044	0.00276	0.00044	0.00044	0.00044	0.00044	0.00044	0.01888	0.00044	0.00044	0.00044	0.02743	0.00044	0.00044	0.01616	0.00044	0.01567	0.01779	0.00276	0.01147	0.00044	0.01779	0.00044	0.00044	0.00044	0.00044	0.19485	0.19485	0.01616	
0.00126	0.02538	0.01735	0.03661	0.03923	0.01639	0.0314	0.00126	0.00126	0.00126	0.00126	0.00126	0.00126	0.00126	0.00126	0.01735	0.01789	0.0197	0.00126	0.00126	0.00126	0.00126	0.00126	0.02661	0.00126	0.00126	0.0	0.14214	0.00126	0.00126	0.00126	0.00126	0.10735	0.00934	0.04963	0.00126	0.0197	0.00126	0.00126	0.00126	0.00126	0.30891	0.00126	0.00126	0.01568	0.00126	0.00126	0.00126	0.0	0.00126	0.00126	0.04814	0.01173	0.0	0.0257	0.01789	0.00126	1.01217	0.02821	0.0118	0.0	0.0	0.0	0.16197	0.0	0.0	0.11908	0.0	0.0	0.0197	0.00126	0.01735	0.00126	0.00934	0.00126	0.00126	0.00126	0.00126	0.00126	0.30891	0.00126	0.00126	0.00126	0.14055	0.00126	0.00126	0.01789	0.00126	0.01735	0.0197	0.00934	0.01278	0.00126	0.0197	0.00126	0.00126	0.00126	0.00126	0.02426	0.02426	0.01789	
0.00016	0.31043	0.48259	0.20029	0.22922	0.04033	0.23222	0.00016	0.00016	0.00016	0.00016	0.00016	0.00016	0.00016	0.00016	0.48259	0.04097	0.54572	0.00016	0.00016	0.00016	0.00016	0.00016	0.22521	0.00016	0.00016	0.0	0.18864	0.00016	0.00016	0.00016	0.00016	0.11278	0.39363	0.16761	0.00016	0.54572	0.00016	0.00016	0.00016	0.00016	0.04799	0.00016	0.00016	0.03292	0.00016	0.00016	0.00016	0.0	0.00016	0.00016	0.28861	0.02315	0.0257	0.0	0.04097	0.00016	0.04237	0.06447	0.00852	0.02079	0.02079	0.02079	0.51434	0.02079	0.02079	0.05851	0.00113	0.00113	0.54572	0.00016	0.48259	0.00016	0.39363	0.00016	0.00016	0.00016	0.00016	0.00016	0.04799	0.00016	0.00016	0.00016	0.09648	0.00016	0.00016	0.04097	0.00016	0.48259	0.54572	0.39363	0.02603	0.00016	0.54572	0.00016	0.00016	0.00016	0.00016	0.06106	0.06106	0.04097	
0.0004	0.03894	0.02538	0.41659	0.19592	0.02468	0.0491	0.0004	0.0004	0.0004	0.0004	0.0004	0.0004	0.0004	0.0004	0.02538	1.00004	0.02941	0.0004	0.0004	0.0004	0.0004	0.0004	0.04098	0.0004	0.0004	0.0	0.04975	0.0004	0.0004	0.0004	0.0004	0.0587	0.00351	0.11264	0.0004	0.02941	0.0004	0.0004	0.0004	0.0004	0.03047	0.0004	0.0004	0.02213	0.0004	0.0004	0.0004	0.0	0.0004	0.0004	0.07753	0.01616	0.01789	0.04097	0.0	0.0004	0.02691	1.00477	0.00535	0.01376	0.01376	0.01376	0.04757	0.01376	0.01376	0.03406	0.00056	0.00056	0.02941	0.0004	0.02538	0.0004	0.00351	0.0004	0.0004	0.0004	0.0004	0.0004	0.03047	0.0004	0.0004	0.0004	0.04951	0.0004	0.0004	1.00004	0.0004	0.02538	0.02941	0.00351	0.01786	0.0004	0.02941	0.0004	0.0004	0.0004	0.0004	0.4127	0.4127	1.00004	
0.0	0.00014	0.0004	0.00023	0.00027	0.00027	0.00018	0.0	0.0	0.0	0.0	0.0	0.0	0.0	0.0	0.0004	0.0004	0.00015	0.0	0.0	0.0	0.0	0.0	0.0002	0.0	0.0	0.0	0.00038	0.0	0.0	0.0	0.0	0.00134	0.0	0.00073	0.0	0.00015	0.0	0.0	0.0	0.0	0.00162	0.0	0.0	0.00146	0.0	0.0	0.0	0.0	0.0	0.0	0.00035	0.00044	0.00126	0.00016	0.0004	0.0	0.0015	0.00023	0.0	0.0	0.0	0.0	0.00019	0.0	0.0	0.00154	0.0	0.0	0.00015	0.0	0.0004	0.0	0.0	0.0	0.0	0.0	0.0	0.0	0.00162	0.0	0.0	0.0	0.00113	0.0	0.0	0.0004	0.0	0.0004	0.00015	0.0	0.00042	0.0	0.00015	0.0	0.0	0.0	0.0	0.00043	0.00043	0.0004	
0.0015	0.04162	0.02603	0.06495	0.07327	0.02453	0.05288	0.0015	0.0015	0.0015	0.0015	0.0015	0.0015	0.0015	0.0015	0.02603	0.02691	0.03181	0.0015	0.0015	0.0015	0.0015	0.0015	0.04467	0.0015	0.0015	0.0	0.20751	0.0015	0.0015	0.0015	0.0015	0.50375	0.01404	0.17758	0.0015	0.03181	0.0015	0.0015	0.0015	0.0015	1.03419	0.0015	0.0015	0.31494	0.0015	0.0015	0.0015	0.0	0.0015	0.0015	0.08938	0.01714	1.01217	0.04237	0.02691	0.0015	0.0	0.02384	0.0015	0.0	0.0	0.0	0.1974	0.0	0.0	0.0	0.0	0.0	0.03181	0.0015	0.02603	0.0015	0.01404	0.0015	0.0015	0.0015	0.0015	0.0015	1.03419	0.0015	0.0015	0.0015	0.59159	0.0015	0.0015	0.02691	0.0015	0.02603	0.03181	0.01404	0.01877	0.0015	0.03181	0.0015	0.0015	0.0015	0.0015	0.03772	0.03772	0.02691	
0.00023	0.06073	0.03693	0.44856	0.20766	0.03581	0.07888	0.00023	0.00023	0.00023	0.00023	0.00023	0.00023	0.00023	0.00023	0.03693	1.00477	0.04494	0.00023	0.00023	0.00023	0.00023	0.00023	0.053	0.00023	0.00023	0.0	0.05379	0.00023	0.00023	0.00023	0.00023	0.10638	0.00805	0.22867	0.00023	0.04494	0.00023	0.00023	0.00023	0.00023	0.03756	0.00023	0.00023	0.22235	0.00023	0.00023	0.00023	0.0	0.00023	0.00023	0.13848	0.02297	0.02821	0.06447	1.00477	0.00023	0.02384	0.0	0.00023	0.00164	0.00164	0.00164	0.04118	0.00164	0.00164	0.41875	0.00164	0.00164	0.04494	0.00023	0.03693	0.00023	0.00805	0.00023	0.00023	0.00023	0.00023	0.00023	0.03756	0.00023	0.00023	0.00023	0.14714	0.00023	0.00023	1.00477	0.00023	0.03693	0.04494	0.00805	0.02549	0.00023	0.04494	0.00023	0.00023	0.00023	0.00023	0.40158	0.40158	1.00477	
0.0	0.00968	0.00523	0.01259	0.01392	0.00437	0.01153	0.0	0.0	0.0	0.0	0.0	0.0	0.0	0.0	0.00523	0.00535	0.00846	0.0	0.0	0.0	0.0	0.0	0.03673	0.0	0.0	0.0	0.00304	0.0	0.0	0.0	0.0	0.08924	0.0	0.14291	0.0	0.00846	0.0	0.0	0.0	0.0	0.03382	0.0	0.0	0.0	0.0	0.0	0.0	0.0	0.0	0.0	0.01886	0.00411	0.0118	0.00852	0.00535	0.0	0.0015	0.00023	0.0	0.0	0.0	0.0	0.00019	0.0	0.0	0.0	0.0	0.0	0.00846	0.0	0.00523	0.0	0.0	0.0	0.0	0.0	0.0	0.0	0.03382	0.0	0.0	0.0	0.15886	0.0	0.0	0.00535	0.0	0.00523	0.00846	0.0	0.0043	0.0	0.00846	0.0	0.0	0.0	0.0	0.00698	0.00698	0.00535	
0.0	0.02311	0.01342	0.03283	0.03743	0.01128	0.02866	0.0	0.0	0.0	0.0	0.0	0.0	0.0	0.0	0.01342	0.01376	0.01915	0.0	0.0	0.0	0.0	0.0	0.02059	0.0	0.0	0.0	0.06549	0.0	0.0	0.0	0.0	0.54963	0.0	0.15943	0.0	0.01915	0.0	0.0	0.0	0.0	0.0	0.0	0.0	0.0	0.0	0.0	0.0	0.0	0.0	0.0	0.0511	0.01025	0.0	0.02079	0.01376	0.0	0.0	0.00164	0.0	0.0	0.0	0.0	0.00019	0.0	0.0	0.0	0.0	0.0	0.01915	0.0	0.01342	0.0	0.0	0.0	0.0	0.0	0.0	0.0	0.0	0.0	0.0	0.0	0.59206	0.0	0.0	0.01376	0.0	0.01342	0.01915	0.0	0.01078	0.0	0.01915	0.0	0.0	0.0	0.0	0.01839	0.01839	0.01376	
0.0	0.02311	0.01342	0.03283	0.03743	0.01128	0.02866	0.0	0.0	0.0	0.0	0.0	0.0	0.0	0.0	0.01342	0.01376	0.01915	0.0	0.0	0.0	0.0	0.0	0.02059	0.0	0.0	0.0	0.06549	0.0	0.0	0.0	0.0	0.54963	0.0	0.15943	0.0	0.01915	0.0	0.0	0.0	0.0	0.0	0.0	0.0	0.0	0.0	0.0	0.0	0.0	0.0	0.0	0.0511	0.01025	0.0	0.02079	0.01376	0.0	0.0	0.00164	0.0	0.0	0.0	0.0	0.00019	0.0	0.0	0.0	0.0	0.0	0.01915	0.0	0.01342	0.0	0.0	0.0	0.0	0.0	0.0	0.0	0.0	0.0	0.0	0.0	0.59206	0.0	0.0	0.01376	0.0	0.01342	0.01915	0.0	0.01078	0.0	0.01915	0.0	0.0	0.0	0.0	0.01839	0.01839	0.01376	
0.0	0.02311	0.01342	0.03283	0.03743	0.01128	0.02866	0.0	0.0	0.0	0.0	0.0	0.0	0.0	0.0	0.01342	0.01376	0.01915	0.0	0.0	0.0	0.0	0.0	0.02059	0.0	0.0	0.0	0.06549	0.0	0.0	0.0	0.0	0.54963	0.0	0.15943	0.0	0.01915	0.0	0.0	0.0	0.0	0.0	0.0	0.0	0.0	0.0	0.0	0.0	0.0	0.0	0.0	0.0511	0.01025	0.0	0.02079	0.01376	0.0	0.0	0.00164	0.0	0.0	0.0	0.0	0.00019	0.0	0.0	0.0	0.0	0.0	0.01915	0.0	0.01342	0.0	0.0	0.0	0.0	0.0	0.0	0.0	0.0	0.0	0.0	0.0	0.59206	0.0	0.0	0.01376	0.0	0.01342	0.01915	0.0	0.01078	0.0	0.01915	0.0	0.0	0.0	0.0	0.01839	0.01839	0.01376	
0.00019	0.07753	1.01275	0.13913	0.16983	0.04424	0.10282	0.00019	0.00019	0.00019	0.00019	0.00019	0.00019	0.00019	0.00019	1.01275	0.04757	0.05652	0.00019	0.00019	0.00019	0.00019	0.00019	1.01992	0.00019	0.00019	0.0	1.06483	0.00019	0.00019	0.00019	0.00019	0.33937	0.01136	0.2606	0.00019	0.05652	0.00019	0.00019	0.00019	0.00019	0.33582	0.00019	0.00019	0.21538	0.00019	0.00019	0.00019	0.0	0.00019	0.00019	0.14311	0.02818	0.16197	0.51434	0.04757	0.00019	0.1974	0.04118	0.00019	0.00019	0.00019	0.00019	0.0	0.00019	0.00019	0.42853	0.00019	0.00019	0.05652	0.00019	1.01275	0.00019	0.01136	0.00019	0.00019	0.00019	0.00019	0.00019	0.33582	0.00019	0.00019	0.00019	0.345	0.00019	0.00019	0.04757	0.00019	1.01275	0.05652	0.01136	0.03132	0.00019	0.05652	0.00019	0.00019	0.00019	0.00019	0.07024	0.07024	0.04757	
