0.0	0.09367	0.07167	0.08109	0.19225	0.08936	0.0	0.27829	0.15254	0.08276	0.07838	0.02373	0.0631	0.07382	0.27847	0.1935	0.18644	0.14376	0.06817	0.16487	0.12226	0.0	0.26249	0.16036	0.04812	0.15155	0.02534	0.15974	0.0	0.2261	0.0058	0.14383	0.21043	0.07753	0.21257	0.16527	0.14773	0.23431	0.15481	0.15289	0.14348	0.24445	0.07947	0.0	0.18272	0.18659	0.14183	0.11583	0.13638	0.11642	0.17319	0.20488	0.17729	0.08666	0.12226	0.1563	0.06299	0.07525	0.1091	0.07838	0.15909	0.18354	0.0	0.07932	0.0	0.0244	0.11304	0.03185	0.20801	0.0159	0.1835	0.10234	0.06278	0.08094	0.0116	0.15172	0.0	0.09611	0.14141	0.05666	0.0	0.0	0.04384	0.0387	0.1128	0.04002	0.03074	0.10751	5e-05	0.03598	0.05785	0.01659	0.26732	0.01659	0.08575	0.21961	0.05122	0.00283	0.1162	0.12289	0.0	0.0	0.0	0.0	0.23805	0.11131	0.09378	0.11356	0.0	0.0	0.11006	0.07424	0.11661	0.00161	0.04209	0.0	0.14492	0.11866	0.18337	0.0	0.0	0.0	0.0	0.0	0.0	0.0	0.25094	0.04895	0.0	0.07476	0.00626	0.06686	0.07058	0.0975	0.0	0.11194	0.02046	0.04409	0.02569	0.12368	0.11723	0.07805	0.11172	0.1154	0.09176	0.11269	0.0	0.05554	0.13619	5e-05	0.02624	5e-05	0.12226	0.07438	0.00743	5e-05	0.14317	0.02135	0.0	5e-05	5e-05	0.05601	0.12226	5e-05	0.07295	0.06867	0.02636	0.09676	0.01088	0.0105	0.06817	0.04615	0.03059	0.04592	0.05834	0.07921	0.09891	0.0	0.07665	0.06823	0.09344	0.03219	0.15272	0.0961	0.07235	0.0172	0.07207	0.01946	0.00027	0.00027	0.05055	0.00027	0.02624	0.10783	0.07664	0.03263	0.04875	0.01504	5e-05	0.06441	0.08422	0.02268	5e-05	0.02533	0.02799	0.02419	0.03787	0.01078	0.11665	5e-05	0.0384	0.02075	0.08257	0.07433	0.11278	
0.09367	0.0	0.10088	0.03642	0.34325	0.18884	0.0	0.13346	0.14387	0.05316	0.05358	0.01405	0.17208	0.13947	0.15485	0.07444	0.09923	0.09904	0.01536	0.11356	0.01813	0.0	0.03554	0.02557	0.13128	0.09707	0.28316	0.10291	0.0	0.05055	0.05155	0.03838	0.07577	0.16825	0.06479	0.19766	0.09759	0.15458	0.32552	0.10922	0.16917	0.09696	0.07486	0.0	0.13973	0.09799	0.08869	0.07951	0.04082	0.12018	0.10294	0.06878	0.08643	0.08668	0.01813	0.04885	0.03004	0.01503	0.05545	0.05025	0.27727	0.03138	0.0	0.02721	0.0	0.22585	0.03013	0.01552	0.10085	0.00183	0.16213	0.12525	0.12986	0.02211	0.00986	0.03051	0.0	0.07569	0.16097	0.01425	0.0	0.0	0.03181	0.04916	0.17951	0.16725	0.25695	0.17333	0.00019	0.0332	0.11019	0.18712	0.07361	0.18712	0.16739	0.15659	0.12772	0.00568	0.1211	0.07864	0.0	0.0	0.0	0.0	0.09614	0.13956	0.12299	0.01788	0.0	0.0	0.04964	0.0142	0.0967	0.12446	0.05967	0.0	0.20503	0.11741	0.11146	0.0	0.0	0.0	0.0	0.0	0.0	0.0	0.12579	0.07059	0.0	0.0575	0.03099	0.15258	0.02823	0.10725	0.0	0.08731	0.01465	0.03821	0.02157	0.06229	0.02141	0.09348	0.22423	0.17237	0.08911	0.0886	0.0	0.01955	0.09281	0.00019	0.01941	0.00019	0.01813	0.07629	0.00586	0.00019	0.02844	0.01599	0.0	0.00019	0.00019	0.06558	0.01813	0.00019	0.01219	0.0335	0.02795	0.02599	0.00844	0.00815	0.01536	0.0513	0.02589	0.18782	0.18794	0.01749	0.09336	0.0	0.02619	0.01636	0.07058	0.02565	0.10367	0.04835	0.11773	0.01309	0.02189	0.0153	0.00041	0.00041	0.05814	0.00041	0.01941	0.10273	0.01851	0.02598	0.02369	0.01151	0.00019	0.07028	0.16596	0.01704	0.00019	0.01891	0.04554	0.01812	0.04256	0.00836	0.07637	0.00019	0.0278	0.01565	0.10109	0.17523	0.10123	
0.07167	0.10088	0.0	0.01784	0.0943	0.16148	0.0	0.02181	0.01859	0.03546	0.02281	0.02395	0.2211	0.02054	0.06479	0.22812	0.0132	0.01288	0.00845	0.02539	0.00987	0.0	0.01625	0.11805	0.10408	0.01511	0.1157	0.05979	0.0	0.0178	0.02477	0.01721	0.22905	0.04511	0.03017	0.09383	0.0252	0.06765	0.11186	0.03009	0.02425	0.0336	0.03811	0.0	0.02975	0.0678	0.08587	0.18207	0.05227	0.084	0.02697	0.0167	0.02752	0.04243	0.00987	0.02223	0.01488	0.01439	0.09355	0.0591	0.06059	0.01509	0.0	0.01391	0.0	0.01296	0.01536	0.00826	0.02627	0.00086	0.05659	0.14824	0.01727	0.01116	0.00517	0.01427	0.0	0.0363	0.08718	0.00759	0.0	0.0	0.03124	0.12505	0.02738	0.01382	0.22103	0.0179	5e-05	0.39012	0.01889	0.00734	0.06043	0.00734	0.0583	0.06036	0.03143	0.05574	0.03323	0.03307	0.0	0.0	0.0	0.0	0.05385	0.02006	0.1164	0.0796	0.0	0.0	0.05539	0.00765	0.02719	0.06159	0.05673	0.0	0.05059	0.06038	0.05636	0.0	0.0	0.0	0.0	0.0	0.0	0.0	0.06048	0.0281	0.0	0.04528	0.06299	0.06245	0.01346	0.03391	0.0	0.03262	0.00789	0.12696	0.03662	0.05737	0.01093	0.04599	0.10775	0.02631	0.02418	0.02324	0.0	0.08477	0.04131	5e-05	0.00995	5e-05	0.00987	0.21511	0.00357	5e-05	0.01421	0.00851	0.0	5e-05	5e-05	0.01085	0.00987	5e-05	0.00694	0.02905	0.00979	0.05955	0.005	0.00485	0.00845	0.02998	0.01117	0.04245	0.01781	0.00945	0.07502	0.0	0.013	0.00871	0.06641	0.01304	0.02209	0.08586	0.0176	0.00738	0.01094	0.09993	6e-05	6e-05	0.02877	6e-05	0.00995	0.00771	0.00957	0.09415	0.01824	0.01744	5e-05	0.0935	0.08699	0.00926	5e-05	0.06636	0.65268	0.06597	0.3435	0.00495	0.03885	5e-05	0.04471	0.07887	0.04057	0.01745	0.02637	
0.08109	0.03642	0.01784	0.0	0.05581	0.07466	0.0	0.19198	0.25917	0.31953	0.03258	0.00705	0.01596	0.06245	0.04572	0.22391	0.46977	0.13734	0.0118	0.08045	0.27764	0.0	0.18906	0.10112	0.02938	0.33111	0.02172	0.05353	0.0	0.25509	0.01335	0.18865	0.22309	0.05739	0.14808	0.27566	0.20372	0.15108	0.10795	0.13993	0.16292	0.06078	0.04776	0.0	0.07413	0.0691	0.04273	0.03099	0.0345	0.03458	0.10107	0.19934	0.16297	0.03525	0.27764	0.03934	0.10153	0.11199	0.11344	0.0222	0.12935	0.19959	0.0	0.12538	0.0	0.01812	0.10659	0.03768	0.03651	0.04493	0.07502	0.0458	0.02443	0.01583	0.00734	0.02034	0.0	0.04718	0.05738	0.01072	0.0	0.0	0.01804	0.01886	0.10637	0.01945	0.0159	0.02534	0.00012	0.01877	0.06367	0.01012	0.05685	0.01012	0.02853	0.01006	0.03853	0.00197	0.0125	0.05106	0.0	0.0	0.0	0.0	0.02166	0.02894	0.03399	0.03237	0.0	0.0	0.01486	0.01105	0.05415	0.00498	0.03909	0.0	0.07144	0.07113	0.06092	0.0	0.0	0.0	0.0	0.0	0.0	0.0	0.02753	0.03455	0.0	0.04713	0.0003	0.02929	0.019	0.02825	0.0	0.0479	0.01135	0.01857	0.12796	0.01431	0.01582	0.04001	0.0253	0.03913	0.03466	0.03315	0.0	0.02998	0.04377	0.00012	0.01396	0.00012	0.27764	0.03764	0.00496	0.00012	0.01999	0.0119	0.0	0.00012	0.00012	0.08928	0.27764	0.00012	0.00966	0.28672	0.01375	0.09475	0.00694	0.00673	0.0118	0.04289	0.11866	0.0253	0.02517	0.01321	0.01761	0.0	0.01856	0.01231	0.01099	0.01833	0.03158	0.02475	0.02477	0.01027	0.01548	0.07575	0.00029	0.00029	0.04122	0.00029	0.01396	0.18584	0.01342	0.00901	0.01669	0.15359	0.00012	0.05302	0.12206	0.01293	0.00012	0.05956	0.01534	0.01363	0.01868	0.00687	0.03757	0.00012	0.03715	0.012	0.03966	0.04041	0.03797	
0.19225	0.34325	0.0943	0.05581	0.0	0.32904	0.0	0.13878	0.17407	0.05681	0.04218	0.07708	0.11127	0.13122	0.37857	0.09447	0.13208	0.31359	0.01271	0.17637	0.01497	0.0	0.02843	0.03711	0.04335	0.08849	0.22031	0.16184	0.0	0.06783	0.06565	0.03055	0.0955	0.17216	0.12303	0.23144	0.17189	0.22547	0.32228	0.27805	0.18954	0.25736	0.19795	0.0	0.26162	0.10578	0.06921	0.09228	0.15715	0.09124	0.23391	0.32862	0.14087	0.13528	0.01497	0.03895	0.02438	0.02324	0.03539	0.05997	0.16587	0.15941	0.0	0.02284	0.0	0.20913	0.02541	0.01278	0.28695	0.00202	0.32854	0.16459	0.10761	0.17267	0.00752	0.02527	0.0	0.17545	0.18809	0.01139	0.0	0.0	0.02576	0.02256	0.24204	0.14459	0.14938	0.6037	0.00019	0.02151	0.09061	0.16891	0.12446	0.16891	0.38871	0.25435	0.09371	0.00202	0.12344	0.13616	0.0	0.0	0.0	0.0	0.21079	0.48818	0.2078	0.07841	0.0	0.0	0.08445	0.01173	0.19305	0.0554	0.10871	0.0	0.13058	0.16846	0.13061	0.0	0.0	0.0	0.0	0.0	0.0	0.0	0.22971	0.05462	0.0	0.04799	0.11169	0.17485	0.02278	0.15174	0.0	0.14421	0.01209	0.02104	0.0155	0.13256	0.18636	0.11203	0.22248	0.29669	0.26474	0.25886	0.0	0.03309	0.33782	0.00019	0.01588	0.00019	0.01497	0.09434	0.00494	0.00019	0.09675	0.01316	0.0	0.00019	0.00019	0.09755	0.01497	0.00019	0.01015	0.02709	0.05713	0.04326	0.00708	0.00685	0.01271	0.08771	0.01825	0.17387	0.17408	0.18602	0.14024	0.0	0.02199	0.0133	0.16223	0.02092	0.33036	0.03202	0.0993	0.01088	0.01782	0.05082	0.00037	0.00037	0.0469	0.00037	0.01588	0.15173	0.01516	0.03349	0.06054	0.00957	0.00019	0.07742	0.16749	0.02443	0.00019	0.01554	0.01703	0.01493	0.02218	0.00701	0.23183	0.00019	0.02247	0.01295	0.19699	0.14271	0.17037	
0.08936	0.18884	0.16148	0.07466	0.32904	0.0	0.0	0.14303	0.15984	0.03594	0.01876	0.04075	0.01006	0.01677	0.08334	0.16624	0.24036	0.24257	0.00779	0.03535	0.00904	0.0	0.01371	0.04635	0.01546	0.13633	0.04451	0.04631	0.0	0.0857	0.00047	0.01446	0.16599	0.03047	0.02409	0.10079	0.05474	0.12326	0.42042	0.06228	0.15919	0.05588	0.03097	0.0	0.07427	0.05634	0.03433	0.12723	0.02105	0.02152	0.05612	0.01412	0.02237	0.02238	0.00904	0.01876	0.01299	0.01267	0.01538	0.02487	0.11067	0.01283	0.0	0.01224	0.0	0.01166	0.01339	0.00758	0.02137	0.0007	0.08565	0.02566	0.01495	0.00981	0.00495	0.01198	0.0	0.02861	0.11254	0.00705	0.0	0.0	0.01356	0.01147	0.13177	0.01188	0.00999	0.01504	0.00013	0.01177	0.01634	0.00696	0.05652	0.00696	0.01675	0.12293	0.01384	0.0007	0.03799	0.02746	0.0	0.0	0.0	0.0	0.08182	0.01634	0.44594	0.02201	0.0	0.0	0.06737	0.00707	0.02976	0.07055	0.08843	0.0	0.07632	0.05667	0.06738	0.0	0.0	0.0	0.0	0.0	0.0	0.0	0.08502	0.02267	0.0	0.03547	0.11866	0.03855	0.01154	0.01748	0.0	0.02578	0.00728	0.0115	0.00855	0.06317	0.0098	0.02264	0.0585	0.05934	0.01997	0.01913	0.0	0.02025	0.02432	0.00013	0.00882	0.00013	0.00904	0.15517	0.00355	0.00013	0.01245	0.0077	0.0	0.00013	0.00013	0.19107	0.00904	0.00013	0.00654	0.01411	0.00862	0.05073	0.00484	0.00471	0.00779	0.02479	0.00978	0.01502	0.01495	0.00861	0.20043	0.0	0.01119	0.00799	0.15412	0.01152	0.0179	0.01429	0.01522	0.0069	0.00961	0.01782	9e-05	9e-05	0.02385	9e-05	0.00882	0.4103	0.00853	0.02737	0.01031	0.00606	0.00013	0.10156	0.2686	0.00847	0.00013	0.00906	0.00974	0.00887	0.01142	0.00479	0.02139	0.00013	0.01154	0.00792	0.02217	0.02243	0.02095	
0.0	0.0	0.0	0.0	0.0	0.0	0.0	0.0	0.0	0.0	0.0	0.0	0.0	0.0	0.0	0.0	0.0	0.0	0.0	0.0	0.0	0.0	0.0	0.0	0.0	0.0	0.0	0.0	0.0	0.0	0.0	0.0	0.0	0.0	0.0	0.0	0.0	0.0	0.0	0.0	0.0	0.0	0.0	0.0	0.0	0.0	0.0	0.0	0.0	0.0	0.0	0.0	0.0	0.0	0.0	0.0	0.0	0.0	0.0	0.0	0.0	0.0	0.0	0.0	0.0	0.0	0.0	0.0	0.0	0.0	0.0	0.0	0.0	0.0	0.0	0.0	0.0	0.0	0.0	0.0	0.0	0.0	0.0	0.0	0.0	0.0	0.0	0.0	0.0	0.0	0.0	0.0	0.0	0.0	0.0	0.0	0.0	0.0	0.0	0.0	0.0	0.0	0.0	0.0	0.0	0.0	0.0	0.0	0.0	0.0	0.0	0.0	0.0	0.0	0.0	0.0	0.0	0.0	0.0	0.0	0.0	0.0	0.0	0.0	0.0	0.0	0.0	0.0	0.0	0.0	0.0	0.0	0.0	0.0	0.0	0.0	0.0	0.0	0.0	0.0	0.0	0.0	0.0	0.0	0.0	0.0	0.0	0.0	0.0	0.0	0.0	0.0	0.0	0.0	0.0	0.0	0.0	0.0	0.0	0.0	0.0	0.0	0.0	0.0	0.0	0.0	0.0	0.0	0.0	0.0	0.0	0.0	0.0	0.0	0.0	0.0	0.0	0.0	0.0	0.0	0.0	0.0	0.0	0.0	0.0	0.0	0.0	0.0	0.0	0.0	0.0	0.0	0.0	0.0	0.0	0.0	0.0	0.0	0.0	0.0	0.0	0.0	0.0	0.0	0.0	0.0	0.0	0.0	0.0	0.0	0.0	0.0	0.0	0.0	0.0	
0.27829	0.13346	0.02181	0.19198	0.13878	0.14303	0.0	0.0	0.31692	0.11915	0.03678	0.09066	0.11501	0.0766	0.18985	0.16841	0.38366	0.18468	0.16247	0.20926	0.18638	0.0	0.15754	0.09369	0.18068	0.30338	0.04748	0.09865	0.0	0.25701	0.07039	0.2384	0.1687	0.12375	0.21537	0.30508	0.2495	0.26378	0.16377	0.20223	0.34967	0.11928	0.04645	0.0	0.13354	0.14234	0.1893	0.04161	0.14707	0.35928	0.36717	0.18123	0.23016	0.17252	0.18638	0.21251	0.09392	0.09973	0.11312	0.05802	0.23737	0.16102	0.0	0.10741	0.0	0.06072	0.41998	0.03484	0.05472	0.02946	0.14886	0.02522	0.07904	0.01879	0.00772	0.02619	0.0	0.12095	0.18771	0.12332	0.0	0.0	0.02666	0.02335	0.24249	0.0672	0.019	0.04796	0.00014	0.02223	0.11289	0.01089	0.11406	0.01089	0.04335	0.07906	0.02976	0.00205	0.26235	0.04863	0.0	0.0	0.0	0.0	0.11754	0.03929	0.14064	0.04758	0.0	0.0	0.1272	0.01209	0.04924	0.13003	0.09365	0.0	0.12619	0.08771	0.12772	0.0	0.0	0.0	0.0	0.0	0.0	0.0	0.17196	0.05688	0.0	0.03264	0.07751	0.12452	0.11062	0.19552	0.0	0.10713	0.02797	0.03396	0.01601	0.08975	0.01804	0.17885	0.14697	0.11506	0.03998	0.03992	0.0	0.03812	0.10652	0.00014	0.01639	0.00014	0.18638	0.02373	0.00505	0.00014	0.04802	0.01357	0.0	0.00014	0.00014	0.15078	0.18638	0.00014	0.01044	0.08377	0.01636	0.06567	0.00726	0.00702	0.16247	0.03707	0.01886	0.06257	0.19115	0.01488	0.20118	0.0	0.14521	0.16249	0.18876	0.08544	0.18884	0.12966	0.24472	0.01119	0.14916	0.08646	0.00033	0.00033	0.14911	0.00033	0.01639	0.21878	0.01565	0.03321	0.0199	0.00985	0.00014	0.12025	0.09999	0.0145	0.00014	0.01603	0.01759	0.0154	0.02295	0.00719	0.04173	0.00014	0.02325	0.01334	0.04299	0.05444	0.0685	
0.15254	0.14387	0.01859	0.25917	0.17407	0.15984	0.0	0.31692	0.0	0.1457	0.03642	0.09011	0.14286	0.10349	0.16114	0.23329	0.50496	0.20265	0.01141	0.17242	0.2689	0.0	0.2087	0.14196	0.06747	0.39351	0.06297	0.10945	0.0	0.32764	0.0583	0.20948	0.23368	0.08046	0.19445	0.4113	0.32574	0.26116	0.20084	0.14339	0.37107	0.16493	0.09608	0.0	0.21037	0.1363	0.06557	0.05184	0.059	0.0807	0.21052	0.25668	0.21553	0.10838	0.2689	0.09124	0.14228	0.15046	0.25393	0.07401	0.21465	0.21678	0.0	0.18489	0.0	0.08131	0.14737	0.05807	0.07427	0.06419	0.11237	0.04254	0.05789	0.01613	0.00684	0.02205	0.0	0.06247	0.10542	0.01027	0.0	0.0	0.02273	0.01984	0.25884	0.02048	0.01629	0.10603	0.00018	0.01907	0.17902	0.00957	0.09143	0.00957	0.05173	0.0847	0.02512	0.00193	0.19326	0.05535	0.0	0.0	0.0	0.0	0.09142	0.05339	0.12248	0.03594	0.0	0.0	0.06788	0.01058	0.0463	0.06099	0.08374	0.0	0.16942	0.09386	0.09363	0.0	0.0	0.0	0.0	0.0	0.0	0.0	0.07451	0.04666	0.0	0.05522	0.08477	0.12345	0.02002	0.07079	0.0	0.05197	0.02512	0.0187	0.01381	0.10995	0.01561	0.17006	0.11596	0.12411	0.04582	0.04548	0.0	0.03211	0.06012	0.00018	0.01411	0.00018	0.2689	0.02016	0.00451	0.00018	0.02045	0.05685	0.0	0.00018	0.00018	0.16736	0.2689	0.00018	0.00916	0.1278	0.10561	0.04387	0.00642	0.00622	0.01141	0.11778	0.01615	0.07457	0.07456	0.01292	0.09157	0.0	0.01938	0.01194	0.0854	0.01856	0.0518	0.02769	0.05511	0.0098	0.0158	0.15314	0.00036	0.00036	0.04083	0.00036	0.01411	0.25304	0.01349	0.02811	0.05827	0.00866	0.00018	0.125	0.10221	0.06555	0.00018	0.01391	0.01521	0.01336	0.01954	0.00636	0.04483	0.00018	0.01978	0.01162	0.04707	0.04758	0.04495	
0.08276	0.05316	0.03546	0.31953	0.05681	0.03594	0.0	0.11915	0.1457	0.0	0.02992	0.0451	0.02308	0.05089	0.04377	0.11288	0.20129	0.08084	0.01568	0.11034	0.11893	0.0	0.11244	0.05014	0.0355	0.15293	0.03178	0.09468	0.0	0.12814	0.03276	0.17515	0.11288	0.12766	0.12832	0.13603	0.40272	0.13888	0.11752	0.13379	0.14207	0.07053	0.12425	0.0	0.15802	0.11134	0.07942	0.1506	0.05564	0.07903	0.06157	0.11363	0.10476	0.03999	0.11893	0.02928	0.05029	0.05431	0.08904	0.14834	0.11313	0.1122	0.0	0.05944	0.0	0.02518	0.05234	0.14332	0.05899	0.01046	0.09726	0.03598	0.03644	0.02269	0.00897	0.10889	0.0	0.08163	0.12408	0.01386	0.0	0.0	0.20154	0.08695	0.07974	0.03728	0.02304	0.04047	6e-05	0.08016	0.03666	0.01293	0.03097	0.01293	0.04658	0.03668	0.03667	0.0129	0.02985	0.13303	0.0	0.0	0.0	0.0	0.07592	0.0791	0.02258	0.05383	0.0	0.0	0.06817	0.01487	0.05665	0.02104	0.06747	0.0	0.1749	0.15685	0.1229	0.0	0.0	0.0	0.0	0.0	0.0	0.0	0.07306	0.11853	0.0	0.10406	0.03358	0.05803	0.0396	0.07578	0.0	0.13308	0.04281	0.02614	0.06663	0.04063	0.02137	0.06768	0.08701	0.0446	0.14859	0.05573	0.0	0.04399	0.07992	6e-05	0.11293	6e-05	0.11893	0.11278	0.00591	6e-05	0.02908	0.01631	0.0	6e-05	6e-05	0.04662	0.11893	6e-05	0.01243	0.18731	0.01982	0.04272	0.00856	0.00828	0.01568	0.07169	0.06822	0.09403	0.04041	0.01787	0.02787	0.0	0.02764	0.0163	0.03059	0.02623	0.11652	0.04134	0.03724	0.01334	0.02225	0.08081	0.00013	0.00013	0.06825	0.00013	0.11293	0.08005	0.07078	0.01131	0.04664	0.07428	6e-05	0.14418	0.07344	0.03392	6e-05	0.10588	0.04503	0.03255	0.07514	0.06963	0.06517	6e-05	0.10887	0.14757	0.04799	0.1935	0.07298	
0.07838	0.05358	0.02281	0.03258	0.04218	0.01876	0.0	0.03678	0.03642	0.02992	0.0	0.00759	0.02003	0.04047	0.0749	0.0217	0.02385	0.02336	0.01408	0.02972	0.01653	0.0	0.13182	0.0266	0.03552	0.02792	0.02744	0.03981	0.0	0.11818	0.03701	0.07004	0.06841	0.08747	0.08822	0.0412	0.02586	0.02331	0.2594	0.17773	0.05951	0.09144	0.09961	0.0	0.06439	0.13693	0.27936	0.24336	0.04398	0.05778	0.02792	0.03107	0.02032	0.07132	0.01653	0.07842	0.02653	0.02534	0.03711	0.01816	0.10777	0.02782	0.0	0.02449	0.0	0.02207	0.02331	0.11056	0.13396	0.00112	0.15017	0.02968	0.01711	0.01965	0.06855	0.28431	0.0	0.06938	0.04456	0.10985	0.0	0.0	0.02798	0.08905	0.02323	0.04801	0.01998	0.03368	6e-05	0.02349	0.03407	0.01178	0.18604	0.01178	0.03839	0.09126	0.0287	0.0071	0.0313	0.07504	0.0	0.0	0.0	0.0	0.04835	0.13479	0.02941	0.01382	0.0	0.0	0.12372	0.30199	0.02646	0.02672	0.14468	0.0	0.13174	0.1242	0.03788	0.0	0.0	0.0	0.0	0.0	0.0	0.0	0.09202	0.1345	0.0	0.13485	0.01565	0.05268	0.27733	0.07447	0.0	0.08037	0.01296	0.02265	0.06552	0.13195	0.07184	0.08403	0.05464	0.0354	0.0973	0.19059	0.0	0.0916	0.09865	6e-05	0.17212	6e-05	0.01653	0.04098	0.00552	6e-05	0.02492	0.01447	0.0	6e-05	6e-05	0.01905	0.01653	6e-05	0.01129	0.02937	0.01724	0.02925	0.06885	0.00765	0.01408	0.0931	0.01983	0.03373	0.03354	0.01593	0.04322	0.0	0.0235	0.01453	0.01799	0.02287	0.09326	0.03375	0.0318	0.01209	0.01928	0.02318	5e-05	5e-05	0.05579	5e-05	0.17212	0.01266	0.01658	0.03457	0.02077	0.01042	6e-05	0.0364	0.03462	0.01555	6e-05	0.01693	0.01854	0.01648	0.02397	0.00783	0.09257	6e-05	0.02427	0.01434	0.14631	0.11698	0.02314	
0.02373	0.01405	0.02395	0.00705	0.07708	0.04075	0.0	0.09066	0.09011	0.0451	0.00759	0.0	0.02115	0.01995	0.09146	0.02284	0.10055	0.26933	0.01522	0.17021	0.01779	0.0	0.0314	0.02807	0.03543	0.04919	0.02895	0.13663	0.0	0.02668	0.00151	0.03351	0.02432	0.01979	0.04765	0.05193	0.02599	0.05525	0.03311	0.18628	0.09881	0.19671	0.07655	0.0	0.20095	0.06599	0.04242	0.08793	0.13021	0.05372	0.13118	0.13546	0.07332	0.04822	0.01779	0.04328	0.028	0.02681	0.0596	0.0454	0.02279	0.1353	0.0	0.02599	0.0	0.02357	0.02898	0.01487	0.02674	0.00134	0.04739	0.03234	0.03271	0.15059	0.00901	0.02773	0.0	0.08155	0.0187	0.01355	0.0	0.0	0.02947	0.0933	0.13921	0.02621	0.0211	0.04222	6e-05	0.02492	0.03565	0.01284	0.00887	0.01284	0.02903	0.06169	0.09638	0.00134	0.00925	0.1021	0.0	0.0	0.0	0.0	0.10182	0.11825	0.01371	0.02358	0.0	0.0	0.03224	0.01636	0.10909	0.01772	0.13821	0.0	0.05975	0.05796	0.0709	0.0	0.0	0.0	0.0	0.0	0.0	0.0	0.0823	0.09857	0.0	0.05729	0.02075	0.10343	0.0401	0.09112	0.0	0.03349	0.01415	0.0242	0.01781	0.00547	0.16545	0.04572	0.05029	0.1197	0.01531	0.0742	0.0	0.041	0.04395	6e-05	0.01843	6e-05	0.01779	0.02588	0.00612	6e-05	0.05515	0.10399	0.0	6e-05	6e-05	0.0554	0.01779	6e-05	0.01231	0.03087	0.02468	0.01085	0.0087	0.00843	0.01522	0.01233	0.02094	0.03473	0.03455	0.16743	0.01142	0.0	0.02472	0.01574	0.06177	0.02043	0.03224	0.08706	0.03334	0.01314	0.02043	0.00518	6e-05	6e-05	0.00387	6e-05	0.01843	0.11847	0.01766	0.0361	0.02202	0.01142	6e-05	0.20972	0.01844	0.01676	6e-05	0.01824	0.0199	0.01772	0.02513	0.00862	0.12717	6e-05	0.02543	0.0155	0.04984	0.09573	0.10038	
0.0631	0.17208	0.2211	0.01596	0.11127	0.01006	0.0	0.11501	0.14286	0.02308	0.02003	0.02115	0.0	0.01801	0.09138	0.01105	0.0119	0.0116	0.00791	0.08302	0.00917	0.0	0.01446	0.01348	0.32383	0.0135	0.17251	0.05025	0.0	0.01576	0.06574	0.01552	0.01194	0.14984	0.04924	0.26009	0.05688	0.0567	0.0565	0.04832	0.05121	0.04717	0.05817	0.0	0.05256	0.0552	0.04969	0.01497	0.10538	0.24902	0.05359	0.06604	0.05558	0.18169	0.00917	0.0197	0.01343	0.01305	0.1475	0.02702	0.06875	0.01363	0.0	0.01279	0.0	0.23019	0.01415	0.00834	0.09551	0.00248	0.07834	0.26848	0.15597	0.01034	0.00531	0.01284	0.0	0.05842	0.09084	0.00739	0.0	0.0	0.01404	0.21154	0.22031	0.01242	0.34238	0.13345	0.00056	0.20566	0.1379	0.007	0.05313	0.007	0.26358	0.0717	0.07354	0.22621	0.32717	0.0923	0.0	0.0	0.0	0.0	0.05067	0.05228	0.01507	0.02004	0.0	0.0	0.0411	0.00776	0.11063	0.05844	0.03368	0.0	0.12856	0.07009	0.07787	0.0	0.0	0.0	0.0	0.0	0.0	0.0	0.06696	0.02461	0.0	0.05526	0.03229	0.11892	0.01209	0.0591	0.0	0.04732	0.00792	0.23571	0.09609	0.07246	0.01075	0.21176	0.16576	0.09402	0.09736	0.09402	0.0	0.01874	0.15366	0.00056	0.00912	0.00056	0.00917	0.01221	0.00367	0.00056	0.01285	0.00791	0.0	0.00056	0.00056	0.00991	0.00917	0.00056	0.00662	0.01463	0.00895	0.05398	0.00492	0.0048	0.00791	0.08103	0.01016	0.15601	0.15646	0.00877	0.0194	0.0	0.01198	0.00834	0.02331	0.01185	0.09456	0.14306	0.14694	0.00699	0.0101	0.02937	0.00082	0.00082	0.08642	0.00082	0.00912	0.00765	0.0088	0.01675	0.01088	0.00644	0.00056	0.15795	0.01585	0.00861	0.00056	0.00948	0.28097	0.00903	0.20205	0.00488	0.16616	0.00056	0.01205	0.00804	0.0535	0.05064	0.02283	
0.07382	0.13947	0.02054	0.06245	0.13122	0.01677	0.0	0.0766	0.10349	0.05089	0.04047	0.01995	0.01801	0.0	0.19952	0.16183	0.15763	0.02105	0.01258	0.13145	0.18142	0.0	0.14946	0.08239	0.16766	0.1764	0.11633	0.23198	0.0	0.14686	0.03793	0.14994	0.1618	0.09109	0.16628	0.20918	0.19716	0.17152	0.07337	0.07024	0.06803	0.09098	0.19836	0.0	0.0743	0.10774	0.11014	0.03463	0.0402	0.1105	0.10813	0.21967	0.20985	0.10931	0.18142	0.04572	0.15907	0.19385	0.17948	0.19221	0.2278	0.18166	0.0	0.12445	0.0	0.14664	0.11123	0.02856	0.10306	0.06329	0.08565	0.07125	0.11418	0.01742	0.00835	0.02315	0.0	0.07557	0.13611	0.01171	0.0	0.0	0.02509	0.02193	0.06214	0.19144	0.20128	0.1823	0.00036	0.02103	0.17394	0.23635	0.07969	0.23635	0.17979	0.02885	0.22688	0.00237	0.0497	0.09622	0.0	0.0	0.0	0.0	0.08806	0.13773	0.02674	0.01652	0.0	0.0	0.03991	0.01174	0.08961	0.04599	0.04765	0.0	0.14877	0.14268	0.09421	0.0	0.0	0.0	0.0	0.0	0.0	0.0	0.06961	0.10909	0.0	0.10845	0.033	0.10595	0.02214	0.08344	0.0	0.06722	0.01209	0.02068	0.0153	0.07629	0.01731	0.09496	0.10387	0.08815	0.09123	0.08293	0.0	0.01362	0.10247	0.00036	0.01557	0.00036	0.18142	0.02229	0.00504	0.00036	0.02256	0.10636	0.0	0.00036	0.00036	0.0171	0.18142	0.00036	0.01011	0.07184	0.01551	0.05178	0.00712	0.0069	0.01258	0.08622	0.01783	0.12119	0.12125	0.01424	0.0202	0.0	0.02147	0.01319	0.0238	0.03923	0.09193	0.09261	0.10644	0.01081	0.01746	0.03351	0.00058	0.00058	0.0647	0.00058	0.01557	0.0117	0.01489	0.03108	0.01886	0.0096	0.00036	0.04793	0.01919	0.01389	0.00036	0.01536	0.01679	0.01472	0.02159	0.00706	0.08673	0.00036	0.02186	0.01281	0.08673	0.17233	0.09573	
0.27847	0.15485	0.06479	0.04572	0.37857	0.08334	0.0	0.18985	0.16114	0.04377	0.0749	0.09146	0.09138	0.19952	0.0	0.15306	0.17549	0.23445	0.08757	0.2353	0.1056	0.0	0.10905	0.11188	0.06145	0.17832	0.08652	0.23283	0.0	0.1113	0.0237	0.13812	0.15268	0.1046	0.15372	0.27992	0.23374	0.17858	0.12953	0.31338	0.12721	0.20616	0.10894	0.0	0.20971	0.08656	0.19156	0.08589	0.12971	0.12853	0.43933	0.26087	0.12446	0.07411	0.1056	0.02828	0.04231	0.06599	0.10642	0.09542	0.30922	0.20943	0.0	0.05036	0.0	0.0976	0.04429	0.02493	0.18517	0.00977	0.24137	0.10282	0.04422	0.1274	0.01132	0.04153	0.0	0.09813	0.19864	0.01759	0.0	0.0	0.04366	0.03836	0.23077	0.05985	0.05194	0.22572	0.00011	0.03619	0.11284	0.04095	0.07448	0.04095	0.1818	0.17686	0.08468	0.00333	0.0752	0.08505	0.0	0.0	0.0	0.0	0.13188	0.17666	0.0842	0.05694	0.0	0.0	0.04976	0.01961	0.14798	0.05718	0.11362	0.0	0.14572	0.21027	0.08106	0.0	0.0	0.0	0.0	0.0	0.0	0.0	0.18304	0.10115	0.0	0.06847	0.07916	0.11649	0.03862	0.24938	0.0	0.07852	0.02184	0.03512	0.02607	0.06445	0.13373	0.04371	0.20638	0.24583	0.14773	0.19069	0.0	0.02507	0.17897	0.00011	0.02638	0.00011	0.1056	0.06718	0.00783	0.00011	0.06645	0.06852	0.0	0.00011	0.00011	0.05805	0.1056	0.00011	0.0166	0.03689	0.02632	0.02124	0.01134	0.01095	0.08757	0.04297	0.03054	0.10314	0.11659	0.13153	0.10347	0.0	0.0907	0.08757	0.19649	0.16078	0.27064	0.14463	0.10317	0.01769	0.08781	0.03252	0.00039	0.00039	0.04216	0.00039	0.02638	0.0917	0.02525	0.01963	0.03259	0.01567	0.00011	0.0511	0.1	0.02312	0.00011	0.02588	0.02855	0.02462	0.03757	0.01127	0.14163	0.00011	0.03803	0.02124	0.12788	0.11159	0.17008	
0.1935	0.07444	0.22812	0.22391	0.09447	0.16624	0.0	0.16841	0.23329	0.11288	0.0217	0.02284	0.01105	0.16183	0.15306	0.0	0.43563	0.0124	0.0083	0.13709	0.63663	0.0	0.36858	0.57849	0.10693	0.38931	0.11799	0.14122	0.0	0.34505	0.05842	0.36872	1.00091	0.03701	0.25491	0.36725	0.31855	0.32734	0.20683	0.06515	0.07247	0.06182	0.07748	0.0	0.07217	0.06147	0.10985	0.34905	0.08055	0.07799	0.17394	0.40098	0.29355	0.12902	0.63663	0.16599	0.2914	0.31195	0.22872	0.10632	0.23972	0.3998	0.0	0.34005	0.0	0.01271	0.30408	0.18392	0.07731	0.4088	0.10607	0.03014	0.01671	0.01093	0.00537	0.01376	0.0	0.07707	0.07512	0.00764	0.0	0.0	0.01501	0.01285	0.03074	0.01329	0.01099	0.01711	0.00034	0.0129	0.21547	0.00727	0.05713	0.00727	0.01918	0.05938	0.01604	0.00194	0.02625	0.03312	0.0	0.0	0.0	0.0	0.05554	0.01928	0.11892	0.07995	0.0	0.0	0.05307	0.00792	0.03532	0.059	0.05492	0.0	0.16652	0.08264	0.07409	0.0	0.0	0.0	0.0	0.0	0.0	0.0	0.05812	0.02672	0.0	0.04271	0.06191	0.05822	0.01294	0.032	0.0	0.03115	0.00811	0.01286	0.0096	0.05874	0.01111	0.02661	0.07774	0.025	0.02315	0.0221	0.0	0.08541	0.02875	0.00034	0.00966	0.00034	0.63663	0.2201	0.00368	0.00034	0.0137	0.00832	0.0	0.00034	0.00034	0.01052	0.63663	0.00034	0.00688	0.25533	0.0095	0.06047	0.00504	0.0049	0.0083	0.0285	0.01081	0.01711	0.01703	0.00923	0.07503	0.0	0.01271	0.00868	0.06594	0.01261	0.02096	0.01655	0.01691	0.00729	0.01069	0.09246	0.00052	0.00052	0.02743	0.00052	0.00966	0.00786	0.00931	0.09532	0.01151	0.00659	0.00034	0.0169	0.08761	0.00906	0.00034	0.00991	0.01069	0.00952	0.01275	0.00499	0.02493	0.00034	0.01289	0.00844	0.02615	0.02659	0.02492	
0.18644	0.09923	0.0132	0.46977	0.13208	0.24036	0.0	0.38366	0.50496	0.20129	0.02385	0.10055	0.0119	0.15763	0.17549	0.43563	0.0	0.28597	0.00882	0.19392	0.57411	0.0	0.34894	0.27234	0.1025	0.70769	0.0161	0.14535	0.0	0.54661	0.06374	0.34927	0.43601	0.04127	0.24907	0.60503	0.45127	0.33972	0.26701	0.17324	0.32568	0.15399	0.07907	0.0	0.21173	0.12034	0.06475	0.08711	0.08068	0.07842	0.279	0.37751	0.28401	0.12693	0.57411	0.1598	0.27307	0.29141	0.22114	0.10582	0.25461	0.37613	0.0	0.31642	0.0	0.01357	0.28448	0.16468	0.0779	0.31481	0.1208	0.0333	0.01806	0.01175	0.0056	0.015	0.0	0.07903	0.09097	0.00807	0.0	0.0	0.01624	0.01394	0.17498	0.01441	0.01184	0.01868	0.00031	0.01389	0.20478	0.00766	0.10796	0.00766	0.02099	0.07513	0.01738	0.00183	0.09362	0.03694	0.0	0.0	0.0	0.0	0.06646	0.0212	0.1645	0.02368	0.0	0.0	0.06164	0.00833	0.03916	0.06694	0.0668	0.0	0.17779	0.09086	0.08348	0.0	0.0	0.0	0.0	0.0	0.0	0.0	0.06979	0.02953	0.0	0.0477	0.07613	0.06245	0.01404	0.06404	0.0	0.0346	0.00855	0.01378	0.01026	0.06736	0.0118	0.02916	0.06978	0.10377	0.02538	0.02429	0.0	0.022	0.03187	0.00031	0.01039	0.00031	0.57411	0.01418	0.00383	0.00031	0.01478	0.00889	0.0	0.00031	0.00031	0.2448	0.57411	0.00031	0.00727	0.24073	0.01023	0.06748	0.00528	0.00513	0.00882	0.03129	0.01166	0.01868	0.01859	0.00985	0.09973	0.0	0.01373	0.00922	0.08527	0.01357	0.02314	0.01819	0.01831	0.00772	0.0115	0.15011	0.00047	0.00047	0.03007	0.00047	0.01039	0.4335	0.00999	0.01956	0.01238	0.00693	0.00031	0.1526	0.11977	0.00965	0.00031	0.01056	0.01142	0.01016	0.01381	0.00523	0.02748	0.00031	0.01397	0.00898	0.02888	0.02943	0.02768	
0.14376	0.09904	0.01288	0.13734	0.31359	0.24257	0.0	0.18468	0.20265	0.08084	0.02336	0.26933	0.0116	0.02105	0.23445	0.0124	0.28597	0.0	0.00855	0.17221	0.00999	0.0	0.01659	0.01518	0.01849	0.18905	0.01575	0.20027	0.0	0.13864	0.06678	0.01757	0.01312	0.06371	0.0698	0.29772	0.20246	0.13279	0.15706	0.36122	0.2062	0.32509	0.21732	0.0	0.3687	0.10912	0.04987	0.0169	0.29157	0.02704	0.30908	0.36791	0.12709	0.08089	0.00999	0.0227	0.01514	0.01462	0.01932	0.03159	0.07353	0.36681	0.0	0.01412	0.0	0.01313	0.0156	0.00832	0.13377	0.0008	0.13879	0.09479	0.01757	0.46693	0.00519	0.01457	0.0	0.20799	0.09752	0.00765	0.0	0.0	0.01587	0.01361	0.24184	0.01408	0.01154	0.19492	5e-05	0.01356	0.01923	0.0074	0.11212	0.0074	0.16273	0.27124	0.01663	0.00081	0.09318	0.12787	0.0	0.0	0.0	0.0	0.22701	0.2725	0.1652	0.15147	0.0	0.0	0.09032	0.0077	0.24887	0.06588	0.12147	0.0	0.0599	0.08819	0.1486	0.0	0.0	0.0	0.0	0.0	0.0	0.0	0.11591	0.02883	0.0	0.04665	0.07556	0.05103	0.01371	0.12239	0.0	0.13103	0.00795	0.01317	0.00975	0.06623	0.56788	0.02814	0.11476	0.3373	0.13579	0.13159	0.0	0.02155	0.12815	5e-05	0.0101	5e-05	0.00999	0.01385	0.00359	5e-05	0.27962	0.00862	0.0	5e-05	5e-05	0.24687	0.00999	5e-05	0.00701	0.01658	0.00995	0.06616	0.00503	0.00488	0.00855	0.03069	0.01136	0.01829	0.0182	0.56734	0.09977	0.0	0.01322	0.0088	0.20868	0.01325	0.13468	0.0178	0.01792	0.00745	0.01111	0.07133	5e-05	5e-05	0.02942	5e-05	0.0101	0.43898	0.00971	0.01915	0.01194	0.0065	5e-05	0.15315	0.12006	0.00937	5e-05	0.01012	0.01097	0.00987	0.01349	0.00498	0.26476	5e-05	0.01364	0.0087	0.18995	0.02872	0.21303	
0.06817	0.01536	0.00845	0.0118	0.01271	0.00779	0.0	0.16247	0.01141	0.01568	0.01408	0.01522	0.00791	0.01258	0.08757	0.0083	0.00882	0.00855	0.0	0.01824	0.00727	0.0	0.01047	0.01015	0.01208	0.00985	0.01063	0.03626	0.0	0.01129	0.03606	0.27182	0.00877	0.08843	0.0179	0.01366	0.0166	0.02472	0.01607	0.01773	0.01471	0.01953	0.02344	0.0	0.01799	0.05025	0.08973	0.01044	0.14432	0.14957	0.15701	0.01091	0.01677	0.01685	0.00727	0.0143	0.0101	0.00994	0.0115	0.06751	0.08931	0.00988	0.0	0.00961	0.0	0.00939	0.01048	0.00624	0.01604	0.00092	0.02266	0.01908	0.01165	0.00769	0.00415	0.00913	0.0	0.021	0.07753	0.00576	0.0	0.0	0.01052	0.00882	0.01908	0.00919	0.00784	0.01147	0.00011	0.0092	0.01276	0.00575	0.03954	0.00575	0.01271	0.01786	0.01071	0.00092	0.1238	0.0201	0.0	0.0	0.0	0.0	0.09305	0.01227	0.1428	0.08434	0.0	0.0	0.12893	0.00584	0.02201	0.05169	0.02227	0.0	0.02201	0.05136	0.05556	0.0	0.0	0.0	0.0	0.0	0.0	0.0	0.06721	0.01686	0.0	0.02588	0.08596	0.02805	0.00887	0.2132	0.0	0.05142	0.28662	0.17671	0.0068	0.05948	0.00793	0.1369	0.05937	0.01557	0.01511	0.01438	0.0	0.01363	0.09656	0.00011	0.00692	0.00011	0.00727	0.00899	0.00299	0.00011	0.0097	0.00611	0.0	0.00011	0.00011	0.00749	0.00727	0.00011	0.00533	0.01092	0.00673	0.0363	0.00401	0.00392	0.99972	0.01866	0.00761	0.01148	0.25897	0.00687	0.31567	0.0	0.53536	0.99976	0.28789	0.38481	0.26113	0.31497	0.2389	0.0056	0.63356	0.08002	0.00014	0.00014	0.1153	0.00014	0.00692	0.00585	0.00671	0.01231	0.00808	0.00501	0.00011	0.01113	0.01119	0.00678	0.00011	0.00726	0.00776	0.00707	0.00881	0.00396	0.01601	0.00011	0.00889	0.00636	0.01649	0.01665	0.11041	
0.16487	0.11356	0.02539	0.08045	0.17637	0.03535	0.0	0.20926	0.17242	0.11034	0.02972	0.17021	0.08302	0.13145	0.2353	0.13709	0.19392	0.17221	0.01824	0.0	0.14126	0.0	0.13972	0.08295	0.17642	0.15513	0.11796	0.18266	0.0	0.13669	0.01411	0.14217	0.13849	0.14507	0.23276	0.22133	0.24207	0.26129	0.08263	0.29047	0.2351	0.16505	0.08731	0.0	0.24111	0.09722	0.21364	0.09521	0.14036	0.19783	0.19887	0.27988	0.22753	0.23429	0.14126	0.06517	0.08307	0.08637	0.114	0.05335	0.1793	0.21996	0.0	0.09132	0.0	0.17473	0.15285	0.03448	0.14449	0.02145	0.3034	0.2212	0.34383	0.09786	0.01054	0.03926	0.0	0.26329	0.22833	0.08282	0.0	0.0	0.02	0.07346	0.17533	0.13065	0.08299	0.15083	0.00018	0.01791	0.21687	0.07932	0.04638	0.07932	0.12216	0.05761	0.05447	0.00283	0.08794	0.18915	0.0	0.0	0.0	0.0	0.13933	0.15427	0.05165	0.04871	0.0	0.0	0.08478	0.01786	0.12501	0.01213	0.08507	0.0	0.22431	0.09333	0.16784	0.0	0.0	0.0	0.0	0.0	0.0	0.0	0.09279	0.11647	0.0	0.16248	0.03324	0.18515	0.09976	0.14565	0.0	0.08862	0.01744	0.03138	0.02291	0.08776	0.09975	0.09486	0.16594	0.27924	0.09887	0.10004	0.0	0.03888	0.17279	0.00018	0.02338	0.00018	0.14126	0.03474	0.0068	0.00018	0.11358	0.0191	0.0	0.00018	0.00018	0.04493	0.14126	0.00018	0.01438	0.07462	0.02346	0.0716	0.00986	0.00953	0.01824	0.07654	0.02717	0.15585	0.16597	0.09842	0.0302	0.0	0.03342	0.01919	0.07656	0.03101	0.15825	0.05092	0.10167	0.01547	0.02651	0.06648	0.00042	0.00042	0.0776	0.00042	0.02338	0.069	0.02225	0.04915	0.0282	0.01418	0.00018	0.13634	0.03605	0.0203	0.00018	0.01875	0.01814	0.01825	0.05916	0.00978	0.14114	0.00018	0.02413	0.01989	0.28035	0.1413	0.11956	
0.12226	0.01813	0.00987	0.27764	0.01497	0.00904	0.0	0.18638	0.2689	0.11893	0.01653	0.01779	0.00917	0.18142	0.1056	0.63663	0.57411	0.00999	0.00727	0.14126	0.0	0.0	0.45866	0.37795	0.13253	0.49323	0.01229	0.13482	0.0	0.42056	0.0425	0.45844	0.63687	0.02688	0.28384	0.4536	0.37515	0.31274	0.08534	0.06268	0.07532	0.05687	0.07854	0.0	0.07318	0.04329	0.04891	0.1026	0.08507	0.08121	0.19329	0.51204	0.33825	0.14105	1.00068	0.19535	0.37923	0.41138	0.26237	0.11238	0.21118	0.51088	0.0	0.45655	0.0	0.01092	0.39911	0.31398	0.07975	0.0	0.07291	0.02255	0.01364	0.00912	0.00511	0.01082	0.0	0.0743	0.03898	0.0069	0.0	0.0	0.01222	0.01031	0.02254	0.0107	0.0091	0.01339	0.00056	0.01068	0.26527	0.00661	0.04162	0.00661	0.01485	0.02105	0.01296	0.00273	0.02011	0.02394	0.0	0.0	0.0	0.0	0.02948	0.01469	0.01318	0.01665	0.0	0.0	0.03245	0.0073	0.02617	0.03982	0.02653	0.0	0.13948	0.06292	0.05155	0.0	0.0	0.0	0.0	0.0	0.0	0.0	0.03057	0.01999	0.0	0.03081	0.02662	0.04875	0.01037	0.02335	0.0	0.02293	0.00742	0.01094	0.00823	0.03845	0.00982	0.02061	0.03241	0.01849	0.01785	0.01686	0.0	0.0159	0.02122	0.00056	0.00808	0.00056	1.00068	0.0105	0.00359	0.00056	0.01127	0.00713	0.0	0.00056	0.00056	0.00873	1.00068	0.00056	0.0062	0.32415	0.00787	0.04389	0.00472	0.00461	0.00727	0.02184	0.00888	0.01338	0.01332	0.00798	0.01599	0.0	0.01039	0.00767	0.01905	0.01047	0.01571	0.01262	0.01369	0.00651	0.00889	0.09542	0.00085	0.00085	0.02114	0.00085	0.00808	0.00715	0.00783	0.01434	0.00958	0.00609	0.00056	0.01307	0.01315	0.00786	0.00056	0.00862	0.00919	0.0082	0.01029	0.00467	0.01879	0.00056	0.01038	0.00738	0.01959	0.01977	0.01824	
0.0	0.0	0.0	0.0	0.0	0.0	0.0	0.0	0.0	0.0	0.0	0.0	0.0	0.0	0.0	0.0	0.0	0.0	0.0	0.0	0.0	0.0	0.0	0.0	0.0	0.0	0.0	0.0	0.0	0.0	0.0	0.0	0.0	0.0	0.0	0.0	0.0	0.0	0.0	0.0	0.0	0.0	0.0	0.0	0.0	0.0	0.0	0.0	0.0	0.0	0.0	0.0	0.0	0.0	0.0	0.0	0.0	0.0	0.0	0.0	0.0	0.0	0.0	0.0	0.0	0.0	0.0	0.0	0.0	0.0	0.0	0.0	0.0	0.0	0.0	0.0	0.0	0.0	0.0	0.0	0.0	0.0	0.0	0.0	0.0	0.0	0.0	0.0	0.0	0.0	0.0	0.0	0.0	0.0	0.0	0.0	0.0	0.0	0.0	0.0	0.0	0.0	0.0	0.0	0.0	0.0	0.0	0.0	0.0	0.0	0.0	0.0	0.0	0.0	0.0	0.0	0.0	0.0	0.0	0.0	0.0	0.0	0.0	0.0	0.0	0.0	0.0	0.0	0.0	0.0	0.0	0.0	0.0	0.0	0.0	0.0	0.0	0.0	0.0	0.0	0.0	0.0	0.0	0.0	0.0	0.0	0.0	0.0	0.0	0.0	0.0	0.0	0.0	0.0	0.0	0.0	0.0	0.0	0.0	0.0	0.0	0.0	0.0	0.0	0.0	0.0	0.0	0.0	0.0	0.0	0.0	0.0	0.0	0.0	0.0	0.0	0.0	0.0	0.0	0.0	0.0	0.0	0.0	0.0	0.0	0.0	0.0	0.0	0.0	0.0	0.0	0.0	0.0	0.0	0.0	0.0	0.0	0.0	0.0	0.0	0.0	0.0	0.0	0.0	0.0	0.0	0.0	0.0	0.0	0.0	0.0	0.0	0.0	0.0	0.0	
0.26249	0.03554	0.01625	0.18906	0.02843	0.01371	0.0	0.15754	0.2087	0.11244	0.13182	0.0314	0.01446	0.14946	0.10905	0.36858	0.34894	0.01659	0.01047	0.13972	0.45866	0.0	0.0	0.23563	0.09558	0.32122	0.01966	0.15212	0.0	0.35954	0.08587	0.36818	0.46147	0.08397	0.43265	0.31237	0.28314	0.24336	0.11036	0.09341	0.12836	0.16111	0.19095	0.0	0.17799	0.12147	0.08097	0.08379	0.0988	0.08179	0.16374	0.33041	0.26554	0.12416	0.45866	0.46314	0.23619	0.25029	0.20556	0.10683	0.20357	0.32807	0.0	0.26962	0.0	0.01632	0.24548	0.13158	0.47422	0.1985	0.08998	0.04303	0.02224	0.01435	0.00654	0.38487	0.0	0.07761	0.0485	0.00956	0.0	0.0	0.01993	0.01723	0.02908	0.01779	0.01441	0.02342	0.00029	0.01691	0.18315	0.00894	0.17927	0.00894	0.02647	0.12569	0.02178	0.00227	0.03628	0.11843	0.0	0.0	0.0	0.0	0.1018	0.02721	0.02128	0.13558	0.0	0.0	0.0903	0.20227	0.05108	0.07733	0.05473	0.0	0.15311	0.08238	0.0857	0.0	0.0	0.0	0.0	0.0	0.0	0.0	0.10801	0.03112	0.0	0.09226	0.04948	0.07592	0.01737	0.04662	0.0	0.10987	0.0102	0.08495	0.01248	0.09511	0.17369	0.10922	0.087	0.03532	0.10428	0.13168	0.0	0.02749	0.14158	0.00029	0.01259	0.00029	0.45866	0.01752	0.00437	0.00029	0.01806	0.01065	0.0	0.00029	0.00029	0.01377	0.45866	0.00029	0.20229	0.21118	0.01245	0.15198	0.0061	0.00592	0.01047	0.1386	0.01425	0.02343	0.02331	0.01176	0.02944	0.0	0.01699	0.011	0.03584	0.0165	0.02975	0.06695	0.02254	0.00908	0.01404	0.09585	0.00052	0.00052	0.03815	0.00052	0.01259	0.02641	0.17108	0.04511	0.09774	0.00817	0.00029	0.02333	0.0238	0.0115	0.00029	0.01269	0.01378	0.01214	0.01703	0.00605	0.14717	0.00029	0.01723	0.01065	0.03733	0.13494	0.03611	
0.16036	0.02557	0.11805	0.10112	0.03711	0.04635	0.0	0.09369	0.14196	0.05014	0.0266	0.02807	0.01348	0.08239	0.11188	0.57849	0.27234	0.01518	0.01015	0.08295	0.37795	0.0	0.23563	0.0	0.0357	0.24704	0.02107	0.06934	0.0	0.23695	0.00844	0.23502	0.57653	0.04553	0.17066	0.233	0.20713	0.18598	0.09543	0.03047	0.02985	0.03106	0.02489	0.0	0.02814	0.02161	0.0478	0.1968	0.03478	0.03438	0.09222	0.25188	0.19409	0.0515	0.37795	0.06383	0.28395	0.31261	0.13954	0.03514	0.14716	0.2523	0.0	0.3539	0.0	0.01548	0.15244	0.05676	0.03609	0.09207	0.07716	0.03702	0.02047	0.01337	0.00647	0.01682	0.0	0.02469	0.01864	0.0093	0.0	0.0	0.01843	0.01573	0.03768	0.01624	0.01342	0.02093	0.00016	0.01583	0.09581	0.00882	0.01955	0.00882	0.02346	0.00732	0.01962	0.00198	0.03222	0.04062	0.0	0.0	0.0	0.0	0.01777	0.02358	0.02039	0.01141	0.0	0.0	0.00978	0.00906	0.03728	0.00615	0.01634	0.0	0.09026	0.0417	0.06258	0.0	0.0	0.0	0.0	0.0	0.0	0.0	0.02469	0.03278	0.0	0.05262	0.00037	0.02632	0.01584	0.03927	0.0	0.03829	0.00986	0.01575	0.01171	0.03142	0.01357	0.03268	0.03876	0.03057	0.02837	0.02708	0.0	0.00645	0.03522	0.00016	0.01182	0.00016	0.37795	0.11494	0.0044	0.00016	0.01682	0.01016	0.0	0.00016	0.00016	0.07516	0.37795	0.00016	0.00838	0.12166	0.0288	0.02918	0.0061	0.00592	0.01015	0.03505	0.01323	0.02088	0.02078	0.01131	0.01122	0.0	0.01554	0.0106	0.00726	0.01547	0.02562	0.02024	0.02072	0.02859	0.01307	0.0232	0.00035	0.00035	0.03374	0.00035	0.01182	0.00956	0.01138	0.01049	0.01408	0.00799	0.00016	0.02069	0.0678	0.01108	0.00016	0.01212	0.01309	0.01165	0.01561	0.00604	0.03052	0.00016	0.01578	0.01032	0.03208	0.03258	0.03049	
0.04812	0.13128	0.10408	0.02938	0.04335	0.01546	0.0	0.18068	0.06747	0.0355	0.03552	0.03543	0.32383	0.16766	0.06145	0.10693	0.1025	0.01849	0.01208	0.17642	0.13253	0.0	0.09558	0.0357	0.0	0.2204	0.06626	0.04043	0.0	0.09346	0.01973	0.09722	0.10858	0.10886	0.10078	0.18333	0.10182	0.12045	0.02752	0.04977	0.07755	0.03613	0.03748	0.0	0.03056	0.07412	0.10263	0.02078	0.12252	0.23624	0.04456	0.10492	0.1036	0.57975	0.13253	0.06651	0.0363	0.20636	0.12498	0.07012	0.1204	0.15845	0.0	0.10153	0.0	0.31412	0.44153	0.01003	0.04497	0.07433	0.10759	0.29288	0.47051	0.05092	0.05946	0.04622	0.0	0.08857	0.16728	0.39854	0.0	0.0	0.02223	0.10155	0.0511	0.18652	0.32474	0.07379	0.0003	0.08153	0.31646	0.08609	0.03057	0.08609	0.12723	0.06335	0.04182	0.03521	0.08596	0.1115	0.0	0.0	0.0	0.0	0.13314	0.06499	0.02397	0.07357	0.0	0.0	0.07998	0.01171	0.03114	0.07241	0.10018	0.0	0.26302	0.08961	0.08959	0.0	0.0	0.0	0.0	0.0	0.0	0.0	0.07547	0.04279	0.0	0.02954	0.0721	0.16099	0.17939	0.04159	0.0	0.04068	0.01166	0.09711	0.0312	0.14011	0.01666	0.08495	0.13643	0.09971	0.03673	0.0364	0.0	0.07487	0.04883	0.0003	0.01403	0.0003	0.13253	0.01943	0.0051	0.0003	0.07785	0.01191	0.0	0.0003	0.0003	0.01533	0.13253	0.0003	0.01024	0.03178	0.01361	0.07643	0.007	0.00677	0.01208	0.03665	0.01583	0.12011	0.1204	0.01355	0.06921	0.0	0.01897	0.01268	0.06672	0.01866	0.04202	0.07205	0.0483	0.01029	0.01572	0.04023	0.00051	0.00051	0.03686	0.00051	0.01403	0.0113	0.01395	0.02758	0.01731	0.00945	0.0003	0.07748	0.07482	0.01296	0.0003	0.01441	0.12205	0.0137	0.09104	0.00707	0.05954	0.0003	0.01912	0.01212	0.04642	0.07033	0.08283	
0.15155	0.09707	0.01511	0.33111	0.08849	0.13633	0.0	0.30338	0.39351	0.15293	0.02792	0.04919	0.0135	0.1764	0.17832	0.38931	0.70769	0.18905	0.00985	0.15513	0.49323	0.0	0.32122	0.24704	0.2204	0.0	0.01833	0.15432	0.0	0.41042	0.0361	0.32202	0.3901	0.04698	0.24181	0.44844	0.3436	0.36893	0.18047	0.11973	0.23502	0.10817	0.08406	0.0	0.13987	0.09518	0.06722	0.08458	0.08209	0.08029	0.21032	0.34509	0.27114	0.12476	0.49323	0.15135	0.24765	0.34329	0.21042	0.09773	0.25792	0.38249	0.0	0.3237	0.0	0.0194	0.29073	0.14112	0.0799	0.33786	0.12361	0.03687	0.02322	0.01735	0.01319	0.01943	0.0	0.08205	0.09349	0.01496	0.0	0.0	0.01855	0.016	0.13427	0.01652	0.01345	0.02164	0.00028	0.01578	0.18987	0.00845	0.0837	0.00845	0.02442	0.10611	0.02016	0.00215	0.04981	0.04436	0.0	0.0	0.0	0.0	0.08815	0.02411	0.0878	0.02316	0.0	0.0	0.07844	0.00936	0.04659	0.08231	0.0837	0.0	0.19767	0.10535	0.10005	0.0	0.0	0.0	0.0	0.0	0.0	0.0	0.09313	0.03493	0.0	0.05739	0.10369	0.07076	0.01613	0.03613	0.0	0.04146	0.0096	0.01568	0.01166	0.0844	0.01341	0.03429	0.092	0.16082	0.02969	0.02842	0.0	0.0196	0.03782	0.00028	0.01176	0.00028	0.49323	0.01627	0.00416	0.00028	0.01683	0.00999	0.0	0.00028	0.00028	0.14661	0.49323	0.00028	0.00805	0.22038	0.01162	0.08106	0.00579	0.00562	0.00985	0.03658	0.01328	0.02165	0.02154	0.01104	0.1499	0.0	0.01579	0.01033	0.12377	0.0154	0.02727	0.02127	0.02096	0.00856	0.01309	0.10289	0.0005	0.0005	0.03513	0.0005	0.01176	0.25977	0.01129	0.02251	0.01412	0.00771	0.00028	0.09438	0.188	0.0108	0.00028	0.0119	0.0129	0.01139	0.01583	0.00573	0.03233	0.00028	0.01601	0.01002	0.03416	0.03491	0.03301	
