0.0	0.08465	0.16437	0.079	0.05262	0.03442	0.10644	0.04178	0.08189	0.0426	0.0344	0.0	0.0359	0.0	0.0	0.0	0.0	0.08357	0.0363	0.0	0.0	0.0	0.05853	0.06415	0.09579	0.15705	0.0	0.06369	0.049	0.0	0.0	0.0	0.0	0.05766	0.1023	0.10953	0.0	0.0	0.0	0.0	0.0	0.0	0.0	0.0	0.06369	0.00094	0.0	0.09626	0.06369	0.09325	0.0	0.0	0.111	0.03109	0.0	0.0	0.0	0.06609	0.04203	0.09325	0.01524	0.06184	0.06939	0.07387	0.02633	0.02947	0.0	0.11766	0.0	0.05408	0.0	0.14983	0.13659	0.0	0.06939	0.08071	0.0	0.08763	0.06528	0.0	0.09539	0.07356	0.0	0.05262	0.0	0.05262	0.02946	0.10506	0.0	0.06369	0.0	0.0	0.0	0.06369	0.06939	0.0	0.06218	0.177	0.0	0.06369	0.0	0.05262	0.03961	0.03568	0.0	0.10831	0.08839	0.05486	0.05084	0.0426	0.0	0.05861	0.0	0.0	0.0	0.0	0.0	0.0	0.08194	0.12697	0.0551	0.10875	0.0	0.0	0.0	0.0	0.0	0.0	0.11169	0.0	0.03361	0.06369	0.0426	0.06478	0.06934	0.0	0.0	0.0	0.08532	0.03209	0.05262	0.0	0.04425	0.06218	0.01915	0.03378	0.16282	0.0	0.02016	0.08893	0.03922	
0.08465	0.0	0.14257	0.09319	0.11693	0.05503	0.12006	0.17877	0.071	0.09234	0.02359	1e-05	0.01745	1e-05	1e-05	1e-05	1e-05	0.19832	0.05596	0.0	1e-05	1e-05	0.08707	0.07519	0.03699	0.1069	1e-05	0.04297	0.04265	0.0	0.0	0.0	0.0	0.0844	0.32323	0.03604	0.0	0.0	0.0	0.0	0.0	1e-05	1e-05	1e-05	0.04297	0.00033	1e-05	0.07082	0.04297	0.06169	1e-05	1e-05	0.04212	0.02291	1e-05	1e-05	1e-05	0.04815	0.06385	0.06169	0.01056	0.11007	0.03273	0.03723	0.0812	0.01223	1e-05	0.07537	1e-05	0.12416	1e-05	0.19323	0.10231	1e-05	0.03273	0.18059	0.0	0.04279	0.21969	0.0	0.18901	0.1178	0.0	0.11693	1e-05	0.11693	0.01223	0.06176	0.0	0.04297	1e-05	1e-05	1e-05	0.04297	0.03273	1e-05	0.02495	0.02106	1e-05	0.04297	1e-05	0.11693	0.05851	0.05659	0.0	0.15432	0.12153	0.12438	0.15739	0.09234	0.0	0.05142	1e-05	1e-05	1e-05	1e-05	0.0	1e-05	0.05345	0.07474	0.11685	0.04258	0.0	0.0	0.0	0.0	0.0	0.0	0.14554	1e-05	0.04834	0.04297	0.09234	0.09538	0.18185	1e-05	1e-05	1e-05	0.02517	0.17588	0.11693	0.0	0.03016	0.02495	0.12065	0.07598	0.16757	1e-05	0.21864	0.1159	0.11278	
0.16437	0.14257	0.0	0.14868	0.20848	0.05687	0.03586	0.08912	0.13786	0.0307	0.02506	2e-05	0.01869	2e-05	2e-05	2e-05	2e-05	0.05178	0.07259	0.0	2e-05	2e-05	0.03405	0.15643	0.11313	0.09127	2e-05	0.13473	0.01826	0.0	0.0	0.0	0.0	0.03984	0.30515	0.11103	0.0	0.0	0.0	0.0	0.0	2e-05	2e-05	2e-05	0.13473	0.00042	2e-05	0.14036	0.13473	0.13265	2e-05	2e-05	0.07594	0.03248	2e-05	2e-05	2e-05	0.1714	0.21437	0.13265	0.01144	0.20241	0.03443	0.03925	0.09226	0.01325	2e-05	0.08472	2e-05	0.02741	2e-05	0.08463	0.04351	2e-05	0.03443	0.08545	0.0	0.04213	0.10703	0.0	0.08577	0.1979	0.0	0.20848	2e-05	0.20848	0.01321	0.13271	0.0	0.13473	2e-05	2e-05	2e-05	0.13473	0.03443	2e-05	0.075	0.16871	2e-05	0.13473	2e-05	0.20848	0.0205	0.107	0.0	0.11378	0.0852	0.10954	0.04877	0.0307	0.0	0.03184	2e-05	2e-05	2e-05	2e-05	0.0	2e-05	0.13137	0.15961	0.20894	0.04817	0.0	0.0	0.0	0.0	0.0	0.0	0.09115	2e-05	0.12701	0.13473	0.0307	0.04011	0.03924	2e-05	2e-05	2e-05	0.01172	0.0697	0.20848	0.0	0.03155	0.075	0.02933	0.14283	0.33473	2e-05	0.04224	0.06418	0.09719	
0.079	0.09319	0.14868	0.0	0.01257	0.01758	0.03645	0.07062	0.01993	0.01068	0.00902	6e-05	0.00703	6e-05	6e-05	6e-05	6e-05	0.01545	0.01781	0.0	6e-05	6e-05	0.0928	0.02064	0.41727	0.02742	6e-05	0.01452	0.02171	0.0	0.0	0.0	0.0	0.01347	0.06676	0.06355	0.0	0.0	0.0	0.0	0.0	6e-05	6e-05	6e-05	0.01452	0.00023	6e-05	0.11215	0.01452	0.0179	6e-05	6e-05	0.01348	0.01119	6e-05	6e-05	6e-05	0.01578	0.01969	0.0179	0.00458	0.02681	0.01173	0.0129	0.44003	0.00522	6e-05	0.02651	6e-05	0.00972	6e-05	0.02829	0.03094	6e-05	0.01173	0.02622	0.0	0.0142	0.03009	0.0	0.28293	0.01432	0.0	0.01257	6e-05	0.01257	0.0052	0.01792	0.0	0.01452	6e-05	6e-05	6e-05	0.01452	0.01173	6e-05	0.56567	0.0575	6e-05	0.01452	6e-05	0.01257	0.00761	0.02057	0.0	0.06726	0.09634	0.06413	0.01865	0.01068	0.0	0.02917	6e-05	6e-05	6e-05	6e-05	0.0	6e-05	0.01628	0.29056	0.01292	0.02144	0.0	0.0	0.0	0.0	0.0	0.0	0.02367	6e-05	0.08265	0.01452	0.01068	0.01276	0.01591	6e-05	6e-05	6e-05	0.01496	0.01751	0.01257	0.0	0.01056	0.56567	0.01232	0.01553	0.02498	6e-05	0.0858	0.07181	0.106	
0.05262	0.11693	0.20848	0.01257	0.0	0.01702	0.13502	0.06378	0.01873	0.01072	0.00916	0.00012	0.00727	0.00012	0.00012	0.00012	0.00012	0.01475	0.01723	0.0	0.00012	0.00012	0.03329	0.29359	0.01194	0.02541	0.00012	0.01425	0.02074	0.0	0.0	0.0	0.0	0.01302	0.56634	0.02429	0.0	0.0	0.0	0.0	0.0	0.00012	0.00012	0.00012	0.01425	0.0002	0.00012	0.02491	0.01425	0.01692	0.00012	0.00012	0.01302	0.01119	0.00012	0.00012	0.00012	0.0154	0.01892	0.01692	0.00487	0.02467	0.01169	0.01276	0.0075	0.00551	0.00012	0.02473	0.00012	0.00982	0.00012	0.02565	0.0286	0.00012	0.01169	0.02387	0.0	0.01372	0.1521	0.0	0.01468	0.70222	0.0	0.99972	0.00012	0.99972	0.00549	0.01694	0.0	0.01425	0.00012	0.00012	0.00012	0.01425	0.01169	0.00012	0.00956	0.05318	0.00012	0.01425	0.00012	0.99972	0.00783	0.32448	0.0	0.14899	0.11803	0.07359	0.01799	0.01072	0.0	0.02743	0.00012	0.00012	0.00012	0.00012	0.0	0.00012	0.01555	0.27947	0.99973	0.0205	0.0	0.0	0.0	0.0	0.0	0.0	0.02193	0.00012	0.11558	0.01425	0.01072	0.01241	0.01552	0.00012	0.00012	0.00012	0.01464	0.01664	0.99972	0.0	0.01045	0.00956	0.01224	0.55421	0.3434	0.00012	0.12131	0.03884	0.04276	
0.03442	0.05503	0.05687	0.01758	0.01702	0.0	0.04991	0.01012	0.02709	0.01445	0.2586	9e-05	0.00951	9e-05	9e-05	9e-05	9e-05	0.02096	0.02417	0.0	9e-05	9e-05	0.02881	0.15754	0.01661	0.05398	9e-05	0.01968	0.03361	0.0	0.0	0.0	0.0	0.19652	0.02626	0.08349	0.0	0.0	0.0	0.0	0.0	9e-05	9e-05	9e-05	0.01968	0.00019	9e-05	0.20701	0.01968	0.16615	9e-05	9e-05	0.01827	0.01514	9e-05	9e-05	9e-05	0.02134	0.02674	0.16615	0.00619	0.03658	0.38397	0.38145	0.00982	0.00705	9e-05	0.05603	9e-05	0.01315	9e-05	0.03711	0.03946	9e-05	0.38397	0.03577	0.0	0.31414	0.04111	0.0	0.02072	0.01941	0.0	0.01702	9e-05	0.01702	0.00703	0.02433	0.0	0.01968	9e-05	9e-05	9e-05	0.01968	0.38397	9e-05	0.01277	0.01008	9e-05	0.01968	9e-05	0.01702	0.01029	0.10462	0.0	0.0553	0.05877	0.07091	0.02531	0.01445	0.0	0.04791	9e-05	9e-05	9e-05	9e-05	0.0	9e-05	0.02208	0.04604	0.01747	0.02915	0.0	0.0	0.0	0.0	0.0	0.0	0.13785	9e-05	0.05632	0.01968	0.01445	0.01728	0.02157	9e-05	9e-05	9e-05	0.02027	0.02376	0.01702	0.0	0.22095	0.01277	0.01668	0.02106	0.03406	9e-05	0.04264	0.1252	0.02002	
0.10644	0.12006	0.03586	0.03645	0.13502	0.04991	0.0	0.06557	0.08028	0.10943	0.02334	5e-05	0.0177	5e-05	5e-05	5e-05	5e-05	0.1888	0.07516	0.0	5e-05	5e-05	0.11416	0.04387	0.03409	0.01223	5e-05	0.16384	0.00416	0.0	0.0	0.0	0.0	0.03819	0.20905	0.08339	0.0	0.0	0.0	0.0	0.0	5e-05	5e-05	5e-05	0.16384	0.0003	5e-05	0.03804	0.16384	0.14649	5e-05	5e-05	0.03812	0.02975	5e-05	5e-05	5e-05	0.16168	0.05311	0.14649	0.01108	0.06615	0.03141	0.03517	0.01834	0.01273	5e-05	0.00684	5e-05	0.09726	5e-05	0.07439	0.01317	5e-05	0.03141	0.13282	0.0	0.04035	0.08334	0.0	0.04447	0.12609	0.0	0.13502	5e-05	0.13502	0.01272	0.14648	0.0	0.16384	5e-05	5e-05	5e-05	0.16384	0.03141	5e-05	0.02457	0.03083	5e-05	0.16384	5e-05	0.13502	0.01932	0.02038	0.0	0.04386	0.05303	0.03787	0.00583	0.10943	0.0	0.10081	5e-05	5e-05	5e-05	5e-05	0.0	5e-05	0.15003	0.04178	0.13429	0.29073	0.0	0.0	0.0	0.0	0.0	0.0	0.17515	5e-05	0.05316	0.16384	0.10943	0.10406	0.04446	5e-05	5e-05	5e-05	0.04144	0.05135	0.13502	0.0	0.02858	0.02457	0.03315	0.0605	0.1523	5e-05	0.0361	0.02737	0.04326	
0.04178	0.17877	0.08912	0.07062	0.06378	0.01012	0.06557	0.0	0.10344	0.26805	0.03528	2e-05	0.02623	2e-05	2e-05	2e-05	2e-05	0.26782	0.08276	0.0	2e-05	2e-05	0.0495	0.03665	0.05769	0.16897	2e-05	0.06368	0.1728	0.0	0.0	0.0	0.0	0.06001	0.13074	0.05838	0.0	0.0	0.0	0.0	0.0	2e-05	2e-05	2e-05	0.06368	0.00054	2e-05	0.05154	0.06368	0.08986	2e-05	2e-05	0.06169	0.00415	2e-05	2e-05	2e-05	0.07271	0.09439	0.08986	0.016	0.08315	0.05845	0.05808	0.0325	0.01849	2e-05	0.16845	2e-05	0.04623	2e-05	0.11165	0.03422	2e-05	0.05845	0.27756	0.0	0.072	0.11928	0.0	0.08284	0.07185	0.0	0.06378	2e-05	0.06378	0.01848	0.08995	0.0	0.06368	2e-05	2e-05	2e-05	0.06368	0.05845	2e-05	0.0446	0.06544	2e-05	0.06368	2e-05	0.06378	0.0288	0.12206	0.0	0.13364	0.10063	0.0618	0.10681	0.26805	0.0	0.07661	2e-05	2e-05	2e-05	2e-05	0.0	2e-05	0.07815	0.04661	0.06332	0.17283	0.0	0.0	0.0	0.0	0.0	0.0	0.16332	2e-05	0.02788	0.06368	0.26805	0.25731	0.01854	2e-05	2e-05	2e-05	0.06611	0.09282	0.06378	0.0	0.04458	0.0446	0.06206	0.02298	0.12954	2e-05	0.23406	0.26456	0.09243	
0.08189	0.071	0.13786	0.01993	0.01873	0.02709	0.08028	0.10344	0.0	0.01566	0.01303	3e-05	0.00995	3e-05	3e-05	3e-05	3e-05	0.02424	0.25141	0.0	3e-05	3e-05	0.05874	0.12567	0.01869	0.04531	3e-05	0.41068	0.12298	0.0	0.0	0.0	0.0	0.0207	0.03089	0.23102	0.0	0.0	0.0	0.0	0.0	3e-05	3e-05	3e-05	0.41068	0.00022	3e-05	0.12671	0.41068	0.31853	3e-05	3e-05	0.29125	0.01648	3e-05	3e-05	3e-05	0.6903	0.5642	0.31853	0.00628	0.37044	0.01737	0.01934	0.0103	0.00721	3e-05	0.04332	3e-05	0.01413	3e-05	0.13575	0.09372	3e-05	0.01737	0.14959	0.0	0.02183	0.05054	0.0	0.0238	0.07953	0.0	0.01873	3e-05	0.01873	0.09197	0.45929	0.0	0.41068	3e-05	3e-05	3e-05	0.41068	0.01737	3e-05	0.01369	0.10475	3e-05	0.41068	3e-05	0.01873	0.01084	0.03219	0.0	0.06622	0.07582	0.07803	0.0289	0.01566	0.0	0.10994	3e-05	3e-05	3e-05	3e-05	0.0	3e-05	0.34349	0.03439	0.01926	0.17995	0.0	0.0	0.0	0.0	0.0	0.0	0.039	3e-05	0.06925	0.41068	0.01566	0.01948	0.02426	3e-05	3e-05	3e-05	0.02267	0.02766	0.01873	0.0	0.01579	0.01369	0.0183	0.01313	0.34876	3e-05	0.06396	0.07433	0.07104	
0.0426	0.09234	0.0307	0.01068	0.01072	0.01445	0.10943	0.26805	0.01566	0.0	0.00798	0.00014	0.0064	0.00014	0.00014	0.00014	0.00014	0.52671	0.01462	0.0	0.00014	0.00014	0.02768	0.01616	0.01017	0.02108	0.00014	0.01218	0.23294	0.0	0.0	0.0	0.0	0.01106	0.01531	0.0202	0.0	0.0	0.0	0.0	0.0	0.00014	0.00014	0.00014	0.01218	0.00021	0.00014	0.02063	0.01218	0.0142	0.00014	0.00014	0.01104	0.00966	0.00014	0.00014	0.00014	0.01315	0.016	0.0142	0.00435	0.0204	0.01008	0.01098	0.00659	0.00491	0.00014	0.02059	0.00014	0.00853	0.00014	0.02106	0.0237	0.00014	0.01008	0.2695	0.0	0.01166	0.12118	0.0	0.01243	0.01171	0.0	0.01072	0.00014	0.01072	0.00488	0.01421	0.0	0.01218	0.00014	0.00014	0.00014	0.01218	0.01008	0.00014	0.00831	0.07794	0.00014	0.01218	0.00014	0.01072	0.00686	0.01665	0.0	0.02829	0.03197	0.03798	0.01524	0.99967	0.0	0.14884	0.00014	0.00014	0.00014	0.00014	0.0	0.00014	0.01311	0.01656	0.01098	0.23764	0.0	0.0	0.0	0.0	0.0	0.0	0.20304	0.00014	0.03157	0.01218	0.99967	0.66838	0.01323	0.00014	0.00014	0.00014	0.0125	0.014	0.01072	0.0	0.00897	0.00831	0.01054	0.01293	0.01888	0.00014	0.02764	0.07453	0.10544	
0.0344	0.02359	0.02506	0.00902	0.00916	0.2586	0.02334	0.03528	0.01303	0.00798	0.0	0.00016	0.0056	0.00016	0.00016	0.00016	0.00016	0.01043	0.01233	0.0	0.00016	0.00016	0.0229	0.35165	0.00862	0.01741	0.00016	0.01036	0.18533	0.0	0.0	0.0	0.0	0.55657	0.01278	0.01672	0.0	0.0	0.0	0.0	0.0	0.00016	0.00016	0.00016	0.01036	0.00023	0.00016	0.017	0.01036	0.39397	0.00016	0.00016	0.00931	0.0083	0.00016	0.00016	0.00016	0.01117	0.01345	0.39397	0.00388	0.01679	0.00865	0.00941	0.00576	0.00436	0.00016	0.01705	0.00016	0.00737	0.00016	0.10339	0.01954	0.00016	0.00865	0.0161	0.0	0.00985	0.01876	0.0	0.01047	0.00987	0.0	0.00916	0.00016	0.00916	0.00433	0.01186	0.0	0.01036	0.00016	0.00016	0.00016	0.01036	0.00865	0.00016	0.00719	0.03604	0.00016	0.01036	0.00016	0.00916	0.00599	0.01398	0.0	0.0231	0.02604	0.03095	0.01284	0.00798	0.0	0.01905	0.00016	0.00016	0.00016	0.00016	0.0	0.00016	0.01099	0.16933	0.00939	0.01449	0.0	0.0	0.0	0.0	0.0	0.0	0.01504	0.00016	0.02605	0.01036	0.00798	0.00895	0.01121	0.00016	0.00016	0.00016	0.01062	0.01171	0.00916	0.0	0.7026	0.00719	0.00903	0.01097	0.01551	0.00016	0.02258	0.02597	0.05237	
0.0	1e-05	2e-05	6e-05	0.00012	9e-05	5e-05	2e-05	3e-05	0.00014	0.00016	0.0	0.00021	0.0	0.0	0.0	0.0	5e-05	8e-05	0.0	0.0	0.0	5e-05	3e-05	5e-05	3e-05	0.0	0.0001	7e-05	0.0	0.0	0.0	0.0	5e-05	4e-05	3e-05	0.0	0.0	0.0	0.0	0.0	0.0	0.0	0.0	0.0001	0.0	0.0	2e-05	0.0001	4e-05	0.0	0.0	6e-05	0.00013	0.0	0.0	0.0	0.0001	7e-05	4e-05	0.00031	3e-05	0.00013	0.00013	0.00021	0.00036	0.0	3e-05	0.0	0.00015	0.0	2e-05	3e-05	0.0	0.00013	2e-05	0.0	5e-05	4e-05	0.0	6e-05	5e-05	0.0	0.00012	0.0	0.00012	0.00027	5e-05	0.0	0.0001	0.0	0.0	0.0	0.0001	0.00013	0.0	0.00015	5e-05	0.0	0.0001	0.0	0.00012	0.00019	8e-05	0.0	3e-05	2e-05	3e-05	9e-05	0.00014	0.0	6e-05	0.0	0.0	0.0	0.0	0.0	0.0	4e-05	3e-05	0.00012	7e-05	0.0	0.0	0.0	0.0	0.0	0.0	3e-05	0.0	5e-05	0.0001	0.00014	8e-05	0.00013	0.0	0.0	0.0	9e-05	6e-05	0.00012	0.0	7e-05	0.00015	0.00017	9e-05	1e-05	0.0	2e-05	2e-05	0.0	
0.0359	0.01745	0.01869	0.00703	0.00727	0.00951	0.0177	0.02623	0.00995	0.0064	0.0056	0.00021	0.0	0.00021	0.00021	0.00021	0.00021	0.00805	0.00961	0.0	0.00021	0.00021	0.06756	0.01023	0.00674	0.01316	0.00021	0.00815	0.01131	0.0	0.0	0.0	0.0	0.00729	0.0098	0.01269	0.0	0.0	0.0	0.0	0.0	0.00021	0.00021	0.00021	0.00815	0.00027	0.00021	0.01282	0.00815	0.00908	0.00021	0.00021	0.00724	0.38185	0.00021	0.00021	0.00021	0.00878	0.01043	0.00908	0.00328	0.10633	0.00689	0.00749	0.00473	0.00366	0.00021	0.01295	0.00021	0.00594	0.00021	0.01286	0.01475	0.00021	0.00689	0.01205	0.0	0.00768	0.07066	0.0	0.00813	0.00767	0.0	0.00727	0.00021	0.00727	0.00362	0.00909	0.0	0.00815	0.00021	0.00021	0.00021	0.00815	0.00689	0.00021	0.00581	0.04736	0.00021	0.00815	0.00021	0.00727	0.00491	0.01081	0.0	0.18714	0.05471	0.02304	0.00998	0.0064	0.0	0.01454	0.00021	0.00021	0.00021	0.00021	0.0	0.00021	0.00849	0.01046	0.00745	0.01119	0.0	0.0	0.0	0.0	0.0	0.0	0.01138	0.00021	0.0197	0.00815	0.0064	0.007	0.00879	0.00021	0.00021	0.00021	0.23906	0.00901	0.00727	0.0	0.00606	0.00581	0.00718	0.0086	0.01165	0.00021	0.01686	0.01936	0.02086	
0.0	1e-05	2e-05	6e-05	0.00012	9e-05	5e-05	2e-05	3e-05	0.00014	0.00016	0.0	0.00021	0.0	0.0	0.0	0.0	5e-05	8e-05	0.0	0.0	0.0	5e-05	3e-05	5e-05	3e-05	0.0	0.0001	7e-05	0.0	0.0	0.0	0.0	5e-05	4e-05	3e-05	0.0	0.0	0.0	0.0	0.0	0.0	0.0	0.0	0.0001	0.0	0.0	2e-05	0.0001	4e-05	0.0	0.0	6e-05	0.00013	0.0	0.0	0.0	0.0001	7e-05	4e-05	0.00031	3e-05	0.00013	0.00013	0.00021	0.00036	0.0	3e-05	0.0	0.00015	0.0	2e-05	3e-05	0.0	0.00013	2e-05	0.0	5e-05	4e-05	0.0	6e-05	5e-05	0.0	0.00012	0.0	0.00012	0.00027	5e-05	0.0	0.0001	0.0	0.0	0.0	0.0001	0.00013	0.0	0.00015	5e-05	0.0	0.0001	0.0	0.00012	0.00019	8e-05	0.0	3e-05	2e-05	3e-05	9e-05	0.00014	0.0	6e-05	0.0	0.0	0.0	0.0	0.0	0.0	4e-05	3e-05	0.00012	7e-05	0.0	0.0	0.0	0.0	0.0	0.0	3e-05	0.0	5e-05	0.0001	0.00014	8e-05	0.00013	0.0	0.0	0.0	9e-05	6e-05	0.00012	0.0	7e-05	0.00015	0.00017	9e-05	1e-05	0.0	2e-05	2e-05	0.0	
0.0	1e-05	2e-05	6e-05	0.00012	9e-05	5e-05	2e-05	3e-05	0.00014	0.00016	0.0	0.00021	0.0	0.0	0.0	0.0	5e-05	8e-05	0.0	0.0	0.0	5e-05	3e-05	5e-05	3e-05	0.0	0.0001	7e-05	0.0	0.0	0.0	0.0	5e-05	4e-05	3e-05	0.0	0.0	0.0	0.0	0.0	0.0	0.0	0.0	0.0001	0.0	0.0	2e-05	0.0001	4e-05	0.0	0.0	6e-05	0.00013	0.0	0.0	0.0	0.0001	7e-05	4e-05	0.00031	3e-05	0.00013	0.00013	0.00021	0.00036	0.0	3e-05	0.0	0.00015	0.0	2e-05	3e-05	0.0	0.00013	2e-05	0.0	5e-05	4e-05	0.0	6e-05	5e-05	0.0	0.00012	0.0	0.00012	0.00027	5e-05	0.0	0.0001	0.0	0.0	0.0	0.0001	0.00013	0.0	0.00015	5e-05	0.0	0.0001	0.0	0.00012	0.00019	8e-05	0.0	3e-05	2e-05	3e-05	9e-05	0.00014	0.0	6e-05	0.0	0.0	0.0	0.0	0.0	0.0	4e-05	3e-05	0.00012	7e-05	0.0	0.0	0.0	0.0	0.0	0.0	3e-05	0.0	5e-05	0.0001	0.00014	8e-05	0.00013	0.0	0.0	0.0	9e-05	6e-05	0.00012	0.0	7e-05	0.00015	0.00017	9e-05	1e-05	0.0	2e-05	2e-05	0.0	
0.0	1e-05	2e-05	6e-05	0.00012	9e-05	5e-05	2e-05	3e-05	0.00014	0.00016	0.0	0.00021	0.0	0.0	0.0	0.0	5e-05	8e-05	0.0	0.0	0.0	5e-05	3e-05	5e-05	3e-05	0.0	0.0001	7e-05	0.0	0.0	0.0	0.0	5e-05	4e-05	3e-05	0.0	0.0	0.0	0.0	0.0	0.0	0.0	0.0	0.0001	0.0	0.0	2e-05	0.0001	4e-05	0.0	0.0	6e-05	0.00013	0.0	0.0	0.0	0.0001	7e-05	4e-05	0.00031	3e-05	0.00013	0.00013	0.00021	0.00036	0.0	3e-05	0.0	0.00015	0.0	2e-05	3e-05	0.0	0.00013	2e-05	0.0	5e-05	4e-05	0.0	6e-05	5e-05	0.0	0.00012	0.0	0.00012	0.00027	5e-05	0.0	0.0001	0.0	0.0	0.0	0.0001	0.00013	0.0	0.00015	5e-05	0.0	0.0001	0.0	0.00012	0.00019	8e-05	0.0	3e-05	2e-05	3e-05	9e-05	0.00014	0.0	6e-05	0.0	0.0	0.0	0.0	0.0	0.0	4e-05	3e-05	0.00012	7e-05	0.0	0.0	0.0	0.0	0.0	0.0	3e-05	0.0	5e-05	0.0001	0.00014	8e-05	0.00013	0.0	0.0	0.0	9e-05	6e-05	0.00012	0.0	7e-05	0.00015	0.00017	9e-05	1e-05	0.0	2e-05	2e-05	0.0	
0.0	1e-05	2e-05	6e-05	0.00012	9e-05	5e-05	2e-05	3e-05	0.00014	0.00016	0.0	0.00021	0.0	0.0	0.0	0.0	5e-05	8e-05	0.0	0.0	0.0	5e-05	3e-05	5e-05	3e-05	0.0	0.0001	7e-05	0.0	0.0	0.0	0.0	5e-05	4e-05	3e-05	0.0	0.0	0.0	0.0	0.0	0.0	0.0	0.0	0.0001	0.0	0.0	2e-05	0.0001	4e-05	0.0	0.0	6e-05	0.00013	0.0	0.0	0.0	0.0001	7e-05	4e-05	0.00031	3e-05	0.00013	0.00013	0.00021	0.00036	0.0	3e-05	0.0	0.00015	0.0	2e-05	3e-05	0.0	0.00013	2e-05	0.0	5e-05	4e-05	0.0	6e-05	5e-05	0.0	0.00012	0.0	0.00012	0.00027	5e-05	0.0	0.0001	0.0	0.0	0.0	0.0001	0.00013	0.0	0.00015	5e-05	0.0	0.0001	0.0	0.00012	0.00019	8e-05	0.0	3e-05	2e-05	3e-05	9e-05	0.00014	0.0	6e-05	0.0	0.0	0.0	0.0	0.0	0.0	4e-05	3e-05	0.00012	7e-05	0.0	0.0	0.0	0.0	0.0	0.0	3e-05	0.0	5e-05	0.0001	0.00014	8e-05	0.00013	0.0	0.0	0.0	9e-05	6e-05	0.00012	0.0	7e-05	0.00015	0.00017	9e-05	1e-05	0.0	2e-05	2e-05	0.0	
0.08357	0.19832	0.05178	0.01545	0.01475	0.02096	0.1888	0.26782	0.02424	0.52671	0.01043	5e-05	0.00805	5e-05	5e-05	5e-05	5e-05	0.0	0.02124	0.0	5e-05	5e-05	0.0438	0.02515	0.01455	0.1101	5e-05	0.01716	0.178	0.0	0.0	0.0	0.0	0.01596	0.31344	0.03191	0.0	0.0	0.0	0.0	0.0	5e-05	5e-05	5e-05	0.01716	0.00012	5e-05	0.03333	0.01716	0.02168	5e-05	5e-05	0.01609	0.01306	5e-05	5e-05	5e-05	0.01857	0.02359	0.02168	0.00516	0.03315	0.01373	0.015	0.00832	0.0059	5e-05	0.11525	5e-05	0.4816	5e-05	0.15384	0.03815	5e-05	0.01373	0.23404	0.0	0.01684	0.1138	0.0	0.01821	0.0171	0.0	0.01475	5e-05	0.01475	0.00589	0.0217	0.0	0.01716	5e-05	5e-05	5e-05	0.01716	0.01373	5e-05	0.01094	0.13132	5e-05	0.01716	5e-05	0.01475	0.00874	0.02469	0.0	0.04761	0.05453	0.06456	0.18529	0.52671	0.0	0.12782	5e-05	5e-05	5e-05	5e-05	0.0	5e-05	0.01957	0.02589	0.01513	0.18073	0.0	0.0	0.0	0.0	0.0	0.0	0.48359	5e-05	0.05057	0.01716	0.52671	0.42167	0.01888	5e-05	5e-05	5e-05	0.01769	0.02112	0.01475	0.0	0.01242	0.01094	0.01444	0.01841	0.03097	5e-05	0.04648	0.13316	0.14446	
0.0363	0.05596	0.07259	0.01781	0.01723	0.02417	0.07516	0.08276	0.25141	0.01462	0.01233	8e-05	0.00961	8e-05	8e-05	8e-05	8e-05	0.02124	0.0	0.0	8e-05	8e-05	0.04959	0.02847	0.01682	0.03797	8e-05	0.55394	0.02992	0.0	0.0	0.0	0.0	0.01852	0.02674	0.03627	0.0	0.0	0.0	0.0	0.0	8e-05	8e-05	8e-05	0.55394	0.01066	8e-05	0.13263	0.55394	0.38831	8e-05	8e-05	0.0185	0.01532	8e-05	8e-05	8e-05	0.55145	0.25106	0.38831	0.00625	0.16891	0.01607	0.01771	0.00992	0.00712	8e-05	0.03667	8e-05	0.01329	8e-05	0.13854	0.09249	8e-05	0.01607	0.1566	0.0	0.01953	0.00953	0.0	0.02111	0.01966	0.0	0.01723	8e-05	0.01723	0.00709	0.38806	0.0	0.55394	8e-05	8e-05	8e-05	0.55394	0.01607	8e-05	0.01291	0.08808	8e-05	0.55394	8e-05	0.01723	0.0104	0.02832	0.0	0.01825	0.06073	0.03779	0.02565	0.01462	0.0	0.11533	8e-05	8e-05	8e-05	8e-05	0.0	8e-05	0.84617	0.02927	0.01771	0.21066	0.0	0.0	0.0	0.0	0.0	0.0	0.03272	8e-05	0.05975	0.55394	0.01462	0.0175	0.02185	8e-05	8e-05	8e-05	0.02053	0.02409	0.01723	0.0	0.01447	0.01291	0.01687	0.02132	0.15904	8e-05	0.05177	0.05995	0.08241	
0.0	0.0	0.0	0.0	0.0	0.0	0.0	0.0	0.0	0.0	0.0	0.0	0.0	0.0	0.0	0.0	0.0	0.0	0.0	0.0	0.0	0.0	0.0	0.0	0.0	0.0	0.0	0.0	0.0	0.0	0.0	0.0	0.0	0.0	0.0	0.0	0.0	0.0	0.0	0.0	0.0	0.0	0.0	0.0	0.0	0.0	0.0	0.0	0.0	0.0	0.0	0.0	0.0	0.0	0.0	0.0	0.0	0.0	0.0	0.0	0.0	0.0	0.0	0.0	0.0	0.0	0.0	0.0	0.0	0.0	0.0	0.0	0.0	0.0	0.0	0.0	0.0	0.0	0.0	0.0	0.0	0.0	0.0	0.0	0.0	0.0	0.0	0.0	0.0	0.0	0.0	0.0	0.0	0.0	0.0	0.0	0.0	0.0	0.0	0.0	0.0	0.0	0.0	0.0	0.0	0.0	0.0	0.0	0.0	0.0	0.0	0.0	0.0	0.0	0.0	0.0	0.0	0.0	0.0	0.0	0.0	0.0	0.0	0.0	0.0	0.0	0.0	0.0	0.0	0.0	0.0	0.0	0.0	0.0	0.0	0.0	0.0	0.0	0.0	0.0	0.0	0.0	0.0	0.0	0.0	0.0	0.0	0.0	0.0	0.0	0.0	
0.0	1e-05	2e-05	6e-05	0.00012	9e-05	5e-05	2e-05	3e-05	0.00014	0.00016	0.0	0.00021	0.0	0.0	0.0	0.0	5e-05	8e-05	0.0	0.0	0.0	5e-05	3e-05	5e-05	3e-05	0.0	0.0001	7e-05	0.0	0.0	0.0	0.0	5e-05	4e-05	3e-05	0.0	0.0	0.0	0.0	0.0	0.0	0.0	0.0	0.0001	0.0	0.0	2e-05	0.0001	4e-05	0.0	0.0	6e-05	0.00013	0.0	0.0	0.0	0.0001	7e-05	4e-05	0.00031	3e-05	0.00013	0.00013	0.00021	0.00036	0.0	3e-05	0.0	0.00015	0.0	2e-05	3e-05	0.0	0.00013	2e-05	0.0	5e-05	4e-05	0.0	6e-05	5e-05	0.0	0.00012	0.0	0.00012	0.00027	5e-05	0.0	0.0001	0.0	0.0	0.0	0.0001	0.00013	0.0	0.00015	5e-05	0.0	0.0001	0.0	0.00012	0.00019	8e-05	0.0	3e-05	2e-05	3e-05	9e-05	0.00014	0.0	6e-05	0.0	0.0	0.0	0.0	0.0	0.0	4e-05	3e-05	0.00012	7e-05	0.0	0.0	0.0	0.0	0.0	0.0	3e-05	0.0	5e-05	0.0001	0.00014	8e-05	0.00013	0.0	0.0	0.0	9e-05	6e-05	0.00012	0.0	7e-05	0.00015	0.00017	9e-05	1e-05	0.0	2e-05	2e-05	0.0	
0.0	1e-05	2e-05	6e-05	0.00012	9e-05	5e-05	2e-05	3e-05	0.00014	0.00016	0.0	0.00021	0.0	0.0	0.0	0.0	5e-05	8e-05	0.0	0.0	0.0	5e-05	3e-05	5e-05	3e-05	0.0	0.0001	7e-05	0.0	0.0	0.0	0.0	5e-05	4e-05	3e-05	0.0	0.0	0.0	0.0	0.0	0.0	0.0	0.0	0.0001	0.0	0.0	2e-05	0.0001	4e-05	0.0	0.0	6e-05	0.00013	0.0	0.0	0.0	0.0001	7e-05	4e-05	0.00031	3e-05	0.00013	0.00013	0.00021	0.00036	0.0	3e-05	0.0	0.00015	0.0	2e-05	3e-05	0.0	0.00013	2e-05	0.0	5e-05	4e-05	0.0	6e-05	5e-05	0.0	0.00012	0.0	0.00012	0.00027	5e-05	0.0	0.0001	0.0	0.0	0.0	0.0001	0.00013	0.0	0.00015	5e-05	0.0	0.0001	0.0	0.00012	0.00019	8e-05	0.0	3e-05	2e-05	3e-05	9e-05	0.00014	0.0	6e-05	0.0	0.0	0.0	0.0	0.0	0.0	4e-05	3e-05	0.00012	7e-05	0.0	0.0	0.0	0.0	0.0	0.0	3e-05	0.0	5e-05	0.0001	0.00014	8e-05	0.00013	0.0	0.0	0.0	9e-05	6e-05	0.00012	0.0	7e-05	0.00015	0.00017	9e-05	1e-05	0.0	2e-05	2e-05	0.0	
0.05853	0.08707	0.03405	0.0928	0.03329	0.02881	0.11416	0.0495	0.05874	0.02768	0.0229	5e-05	0.06756	5e-05	5e-05	5e-05	5e-05	0.0438	0.04959	0.0	5e-05	5e-05	0.0	0.06126	0.0926	0.10338	5e-05	0.03925	0.06237	0.0	0.0	0.0	0.0	0.0826	0.04911	0.09308	0.0	0.0	0.0	0.0	0.0	5e-05	5e-05	5e-05	0.03925	0.00043	5e-05	0.08179	0.03925	0.05194	5e-05	5e-05	0.03733	0.013	5e-05	5e-05	5e-05	0.04352	0.05569	0.05194	0.01089	0.17003	0.12694	0.12556	0.018	0.0125	5e-05	0.10527	5e-05	0.0249	5e-05	0.12746	0.11355	5e-05	0.12694	0.12436	0.0	0.14093	0.08396	0.0	0.03811	0.03979	0.0	0.03329	5e-05	0.03329	0.01249	0.05199	0.0	0.03925	5e-05	5e-05	5e-05	0.03925	0.12694	5e-05	0.09641	0.04538	5e-05	0.03925	5e-05	0.03329	0.01896	0.0142	0.0	0.2722	0.21873	0.08645	0.02925	0.02768	0.0	0.00036	5e-05	5e-05	5e-05	5e-05	0.0	5e-05	0.04619	0.10354	0.03282	0.06147	0.0	0.0	0.0	0.0	0.0	0.0	0.06896	5e-05	0.01647	0.03925	0.02768	0.03484	0.19132	5e-05	5e-05	5e-05	0.04303	0.05522	0.03329	0.0	0.02801	0.09641	0.13501	0.04239	0.09316	5e-05	0.0685	0.0616	0.06785	
0.06415	0.07519	0.15643	0.02064	0.29359	0.15754	0.04387	0.03665	0.12567	0.01616	0.35165	3e-05	0.01023	3e-05	3e-05	3e-05	3e-05	0.02515	0.02847	0.0	3e-05	3e-05	0.06126	0.0	0.01935	0.04726	3e-05	0.02271	0.15366	0.0	0.0	0.0	0.0	0.28594	0.23084	0.12811	0.0	0.0	0.0	0.0	0.0	3e-05	3e-05	3e-05	0.02271	0.00016	3e-05	0.04689	0.02271	0.24863	3e-05	3e-05	0.13477	0.01701	3e-05	3e-05	3e-05	0.03157	0.03247	0.24863	0.00645	0.04036	0.01793	0.01972	0.0106	0.0074	3e-05	0.04514	3e-05	0.01457	3e-05	0.10998	0.05367	3e-05	0.01793	0.04653	0.0	0.02257	0.06425	0.0	0.0246	0.25393	0.0	0.29359	3e-05	0.29359	0.00739	0.02967	0.0	0.02271	3e-05	3e-05	3e-05	0.02271	0.01793	3e-05	0.01411	0.10272	3e-05	0.02271	3e-05	0.29359	0.01115	0.10742	0.0	0.07325	0.06677	0.12255	0.02996	0.01616	0.0	0.04911	3e-05	3e-05	3e-05	3e-05	0.0	3e-05	0.02649	0.35743	0.29295	0.03498	0.0	0.0	0.0	0.0	0.0	0.0	0.04067	3e-05	0.03832	0.02271	0.01616	0.02017	0.02512	3e-05	3e-05	3e-05	0.02346	0.02873	0.29359	0.0	0.31099	0.01411	0.01891	0.17842	0.27427	3e-05	0.06039	0.07794	0.09957	
0.09579	0.03699	0.11313	0.41727	0.01194	0.01661	0.03409	0.05769	0.01869	0.01017	0.00862	5e-05	0.00674	5e-05	5e-05	5e-05	5e-05	0.01455	0.01682	0.0	5e-05	5e-05	0.0926	0.01935	0.0	0.02563	5e-05	0.01376	0.02045	0.0	0.0	0.0	0.0	0.01272	0.01815	0.02442	0.0	0.0	0.0	0.0	0.0	5e-05	5e-05	5e-05	0.01376	0.0002	5e-05	0.11288	0.01376	0.01682	5e-05	5e-05	0.01273	0.01065	5e-05	5e-05	5e-05	0.01492	0.01857	0.01682	0.00441	0.02501	0.01116	0.01224	0.00696	0.00503	5e-05	0.02481	5e-05	0.00927	5e-05	0.0263	0.02889	5e-05	0.01116	0.0244	0.0	0.01341	0.02805	0.0	0.01443	0.01352	0.0	0.01194	5e-05	0.01194	0.005	0.01683	0.0	0.01376	5e-05	5e-05	5e-05	0.01376	0.01116	5e-05	0.60593	0.05356	5e-05	0.01376	5e-05	0.01194	0.00729	0.01938	0.0	0.093	0.14067	0.06138	0.0176	0.01017	0.0	0.02735	5e-05	5e-05	5e-05	5e-05	0.0	5e-05	0.01533	0.29843	0.01226	0.02019	0.0	0.0	0.0	0.0	0.0	0.0	0.02212	5e-05	0.08162	0.01376	0.01017	0.01207	0.01506	5e-05	5e-05	5e-05	0.13704	0.21418	0.01194	0.0	0.01003	0.60593	0.01171	0.0147	0.02328	5e-05	0.0846	0.06987	0.06525	
0.15705	0.1069	0.09127	0.02742	0.02541	0.05398	0.01223	0.16897	0.04531	0.02108	0.01741	3e-05	0.01316	3e-05	3e-05	3e-05	3e-05	0.1101	0.03797	0.0	3e-05	3e-05	0.10338	0.04726	0.02563	0.0	3e-05	0.03	0.04778	0.0	0.0	0.0	0.0	0.09624	0.12942	0.35487	0.0	0.0	0.0	0.0	0.0	3e-05	3e-05	3e-05	0.03	0.00027	3e-05	0.13827	0.03	0.04005	3e-05	3e-05	0.0287	0.02223	3e-05	3e-05	3e-05	0.03297	0.04266	0.04005	0.00821	0.07956	0.15708	0.15565	0.01365	0.00944	3e-05	0.66159	3e-05	0.12168	3e-05	0.17071	0.12746	3e-05	0.15708	0.19024	0.0	0.18156	0.14723	0.0	0.03009	0.03058	0.0	0.02541	3e-05	0.02541	0.00943	0.04009	0.0	0.03	3e-05	3e-05	3e-05	0.03	0.15708	3e-05	0.01833	0.30945	3e-05	0.03	3e-05	0.02541	0.25621	0.03669	0.0	0.14345	0.0436	0.18346	0.32296	0.02108	0.0	0.01614	3e-05	3e-05	3e-05	3e-05	0.0	3e-05	0.03554	0.04884	0.0262	0.04709	0.0	0.0	0.0	0.0	0.0	0.0	0.09907	3e-05	0.1133	0.03	0.02108	0.02674	0.08209	3e-05	3e-05	3e-05	0.03104	0.07925	0.02541	0.0	0.02143	0.01833	0.16787	0.03242	0.06094	3e-05	0.06306	0.18887	0.06412	
0.0	1e-05	2e-05	6e-05	0.00012	9e-05	5e-05	2e-05	3e-05	0.00014	0.00016	0.0	0.00021	0.0	0.0	0.0	0.0	5e-05	8e-05	0.0	0.0	0.0	5e-05	3e-05	5e-05	3e-05	0.0	0.0001	7e-05	0.0	0.0	0.0	0.0	5e-05	4e-05	3e-05	0.0	0.0	0.0	0.0	0.0	0.0	0.0	0.0	0.0001	0.0	0.0	2e-05	0.0001	4e-05	0.0	0.0	6e-05	0.00013	0.0	0.0	0.0	0.0001	7e-05	4e-05	0.00031	3e-05	0.00013	0.00013	0.00021	0.00036	0.0	3e-05	0.0	0.00015	0.0	2e-05	3e-05	0.0	0.00013	2e-05	0.0	5e-05	4e-05	0.0	6e-05	5e-05	0.0	0.00012	0.0	0.00012	0.00027	5e-05	0.0	0.0001	0.0	0.0	0.0	0.0001	0.00013	0.0	0.00015	5e-05	0.0	0.0001	0.0	0.00012	0.00019	8e-05	0.0	3e-05	2e-05	3e-05	9e-05	0.00014	0.0	6e-05	0.0	0.0	0.0	0.0	0.0	0.0	4e-05	3e-05	0.00012	7e-05	0.0	0.0	0.0	0.0	0.0	0.0	3e-05	0.0	5e-05	0.0001	0.00014	8e-05	0.00013	0.0	0.0	0.0	9e-05	6e-05	0.00012	0.0	7e-05	0.00015	0.00017	9e-05	1e-05	0.0	2e-05	2e-05	0.0	
0.06369	0.04297	0.13473	0.01452	0.01425	0.01968	0.16384	0.06368	0.41068	0.01218	0.01036	0.0001	0.00815	0.0001	0.0001	0.0001	0.0001	0.01716	0.55394	0.0	0.0001	0.0001	0.03925	0.02271	0.01376	0.03	0.0001	0.0	0.02415	0.0	0.0	0.0	0.0	0.01509	0.02143	0.02872	0.0	0.0	0.0	0.0	0.0	0.0001	0.0001	0.0001	0.99974	0.00027	0.0001	0.22693	0.99974	0.61618	0.0001	0.0001	0.01506	0.01274	0.0001	0.0001	0.0001	1.00017	0.44917	0.61618	0.00539	0.26883	0.01334	0.01466	0.00841	0.00612	0.0001	0.02911	0.0001	0.01113	0.0001	0.21347	0.17867	0.0001	0.01334	0.24083	0.0	0.01591	0.03277	0.0	0.01711	0.01599	0.0	0.01425	0.0001	0.01425	0.00609	0.61565	0.0	0.99974	0.0001	0.0001	0.0001	0.99974	0.01334	0.0001	0.01082	0.14842	0.0001	0.99974	0.0001	0.01425	0.0088	0.02291	0.0	0.04141	0.04688	0.08895	0.02083	0.01218	0.0	0.22716	0.0001	0.0001	0.0001	0.0001	0.0	0.0001	0.70753	0.02332	0.01464	0.38156	0.0	0.0	0.0	0.0	0.0	0.0	0.02588	0.0001	0.13967	0.99974	0.01218	0.01431	0.01788	0.0001	0.0001	0.0001	0.01684	0.0194	0.01425	0.0	0.01196	0.01082	0.01398	0.01747	0.25128	0.0001	0.04022	0.04645	0.09916	
0.049	0.04265	0.01826	0.02171	0.02074	0.03361	0.00416	0.1728	0.12298	0.23294	0.18533	7e-05	0.01131	7e-05	7e-05	7e-05	7e-05	0.178	0.02992	0.0	7e-05	7e-05	0.06237	0.15366	0.02045	0.04778	7e-05	0.02415	0.0	0.0	0.0	0.0	0.0	0.15044	0.03312	0.12425	0.0	0.0	0.0	0.0	0.0	7e-05	7e-05	7e-05	0.02415	0.00022	7e-05	0.04719	0.02415	0.1347	7e-05	7e-05	0.13517	0.01836	7e-05	7e-05	7e-05	0.03042	0.01762	0.1347	0.00726	0.02806	0.0193	0.02126	0.0117	0.00829	7e-05	0.04593	7e-05	0.01584	7e-05	0.03234	0.05416	7e-05	0.0193	0.13334	0.0	0.0238	0.02392	0.0	0.02582	0.02405	0.0	0.02074	7e-05	0.02074	0.00827	0.03055	0.0	0.02415	7e-05	7e-05	7e-05	0.02415	0.0193	7e-05	0.01537	0.00096	7e-05	0.02415	7e-05	0.02074	0.01228	0.03484	0.0	0.0689	0.0784	0.0159	0.03141	0.23294	0.0	0.0133	7e-05	7e-05	7e-05	7e-05	0.0	7e-05	0.02754	0.03152	0.02132	0.03822	0.0	0.0	0.0	0.0	0.0	0.0	0.06109	7e-05	0.07229	0.02415	0.23294	0.19718	0.02657	7e-05	7e-05	7e-05	0.0249	0.02973	0.02074	0.0	0.16413	0.01537	0.0203	0.02591	0.02615	7e-05	0.06633	0.01462	0.02675	
0.0	0.0	0.0	0.0	0.0	0.0	0.0	0.0	0.0	0.0	0.0	0.0	0.0	0.0	0.0	0.0	0.0	0.0	0.0	0.0	0.0	0.0	0.0	0.0	0.0	0.0	0.0	0.0	0.0	0.0	0.0	0.0	0.0	0.0	0.0	0.0	0.0	0.0	0.0	0.0	0.0	0.0	0.0	0.0	0.0	0.0	0.0	0.0	0.0	0.0	0.0	0.0	0.0	0.0	0.0	0.0	0.0	0.0	0.0	0.0	0.0	0.0	0.0	0.0	0.0	0.0	0.0	0.0	0.0	0.0	0.0	0.0	0.0	0.0	0.0	0.0	0.0	0.0	0.0	0.0	0.0	0.0	0.0	0.0	0.0	0.0	0.0	0.0	0.0	0.0	0.0	0.0	0.0	0.0	0.0	0.0	0.0	0.0	0.0	0.0	0.0	0.0	0.0	0.0	0.0	0.0	0.0	0.0	0.0	0.0	0.0	0.0	0.0	0.0	0.0	0.0	0.0	0.0	0.0	0.0	0.0	0.0	0.0	0.0	0.0	0.0	0.0	0.0	0.0	0.0	0.0	0.0	0.0	0.0	0.0	0.0	0.0	0.0	0.0	0.0	0.0	0.0	0.0	0.0	0.0	0.0	0.0	0.0	0.0	0.0	0.0	
0.0	0.0	0.0	0.0	0.0	0.0	0.0	0.0	0.0	0.0	0.0	0.0	0.0	0.0	0.0	0.0	0.0	0.0	0.0	0.0	0.0	0.0	0.0	0.0	0.0	0.0	0.0	0.0	0.0	0.0	0.0	0.0	0.0	0.0	0.0	0.0	0.0	0.0	0.0	0.0	0.0	0.0	0.0	0.0	0.0	0.0	0.0	0.0	0.0	0.0	0.0	0.0	0.0	0.0	0.0	0.0	0.0	0.0	0.0	0.0	0.0	0.0	0.0	0.0	0.0	0.0	0.0	0.0	0.0	0.0	0.0	0.0	0.0	0.0	0.0	0.0	0.0	0.0	0.0	0.0	0.0	0.0	0.0	0.0	0.0	0.0	0.0	0.0	0.0	0.0	0.0	0.0	0.0	0.0	0.0	0.0	0.0	0.0	0.0	0.0	0.0	0.0	0.0	0.0	0.0	0.0	0.0	0.0	0.0	0.0	0.0	0.0	0.0	0.0	0.0	0.0	0.0	0.0	0.0	0.0	0.0	0.0	0.0	0.0	0.0	0.0	0.0	0.0	0.0	0.0	0.0	0.0	0.0	0.0	0.0	0.0	0.0	0.0	0.0	0.0	0.0	0.0	0.0	0.0	0.0	0.0	0.0	0.0	0.0	0.0	0.0	
0.0	0.0	0.0	0.0	0.0	0.0	0.0	0.0	0.0	0.0	0.0	0.0	0.0	0.0	0.0	0.0	0.0	0.0	0.0	0.0	0.0	0.0	0.0	0.0	0.0	0.0	0.0	0.0	0.0	0.0	0.0	0.0	0.0	0.0	0.0	0.0	0.0	0.0	0.0	0.0	0.0	0.0	0.0	0.0	0.0	0.0	0.0	0.0	0.0	0.0	0.0	0.0	0.0	0.0	0.0	0.0	0.0	0.0	0.0	0.0	0.0	0.0	0.0	0.0	0.0	0.0	0.0	0.0	0.0	0.0	0.0	0.0	0.0	0.0	0.0	0.0	0.0	0.0	0.0	0.0	0.0	0.0	0.0	0.0	0.0	0.0	0.0	0.0	0.0	0.0	0.0	0.0	0.0	0.0	0.0	0.0	0.0	0.0	0.0	0.0	0.0	0.0	0.0	0.0	0.0	0.0	0.0	0.0	0.0	0.0	0.0	0.0	0.0	0.0	0.0	0.0	0.0	0.0	0.0	0.0	0.0	0.0	0.0	0.0	0.0	0.0	0.0	0.0	0.0	0.0	0.0	0.0	0.0	0.0	0.0	0.0	0.0	0.0	0.0	0.0	0.0	0.0	0.0	0.0	0.0	0.0	0.0	0.0	0.0	0.0	0.0	
0.0	0.0	0.0	0.0	0.0	0.0	0.0	0.0	0.0	0.0	0.0	0.0	0.0	0.0	0.0	0.0	0.0	0.0	0.0	0.0	0.0	0.0	0.0	0.0	0.0	0.0	0.0	0.0	0.0	0.0	0.0	0.0	0.0	0.0	0.0	0.0	0.0	0.0	0.0	0.0	0.0	0.0	0.0	0.0	0.0	0.0	0.0	0.0	0.0	0.0	0.0	0.0	0.0	0.0	0.0	0.0	0.0	0.0	0.0	0.0	0.0	0.0	0.0	0.0	0.0	0.0	0.0	0.0	0.0	0.0	0.0	0.0	0.0	0.0	0.0	0.0	0.0	0.0	0.0	0.0	0.0	0.0	0.0	0.0	0.0	0.0	0.0	0.0	0.0	0.0	0.0	0.0	0.0	0.0	0.0	0.0	0.0	0.0	0.0	0.0	0.0	0.0	0.0	0.0	0.0	0.0	0.0	0.0	0.0	0.0	0.0	0.0	0.0	0.0	0.0	0.0	0.0	0.0	0.0	0.0	0.0	0.0	0.0	0.0	0.0	0.0	0.0	0.0	0.0	0.0	0.0	0.0	0.0	0.0	0.0	0.0	0.0	0.0	0.0	0.0	0.0	0.0	0.0	0.0	0.0	0.0	0.0	0.0	0.0	0.0	0.0	
0.05766	0.0844	0.03984	0.01347	0.01302	0.19652	0.03819	0.06001	0.0207	0.01106	0.55657	5e-05	0.00729	5e-05	5e-05	5e-05	5e-05	0.01596	0.01852	0.0	5e-05	5e-05	0.0826	0.28594	0.01272	0.09624	5e-05	0.01509	0.15044	0.0	0.0	0.0	0.0	0.0	0.01845	0.09819	0.0	0.0	0.0	0.0	0.0	5e-05	5e-05	5e-05	0.01509	0.00018	5e-05	0.02813	0.01509	0.30908	5e-05	5e-05	0.01401	0.01159	5e-05	5e-05	5e-05	0.0164	0.02049	0.30908	0.00475	0.14134	0.01215	0.01335	0.00758	0.00549	5e-05	0.10164	5e-05	0.01007	5e-05	0.29666	0.08448	5e-05	0.01215	0.19324	0.0	0.01369	0.22045	0.0	0.07503	0.01481	0.0	0.01302	5e-05	0.01302	0.00541	0.01863	0.0	0.01509	5e-05	5e-05	5e-05	0.01509	0.01215	5e-05	0.00981	0.07341	5e-05	0.01509	5e-05	0.01302	0.00789	0.02133	0.0	0.20672	0.08069	0.20918	0.18625	0.01106	0.0	0.03043	5e-05	5e-05	5e-05	5e-05	0.0	5e-05	0.01689	0.14469	0.01337	0.0223	0.0	0.0	0.0	0.0	0.0	0.0	0.02453	5e-05	0.04316	0.01509	0.01106	0.01324	0.2468	5e-05	5e-05	5e-05	0.01553	0.199	0.01302	0.0	0.45281	0.00981	0.47798	0.0161	0.02597	5e-05	0.11265	0.06632	0.0666	
0.1023	0.32323	0.30515	0.06676	0.56634	0.02626	0.20905	0.13074	0.03089	0.01531	0.01278	4e-05	0.0098	4e-05	4e-05	4e-05	4e-05	0.31344	0.02674	0.0	4e-05	4e-05	0.04911	0.23084	0.01815	0.12942	4e-05	0.02143	0.03312	0.0	0.0	0.0	0.0	0.01845	0.0	0.03483	0.0	0.0	0.0	0.0	0.0	4e-05	4e-05	4e-05	0.02143	0.00017	4e-05	0.04327	0.02143	0.02744	4e-05	4e-05	0.0202	0.01609	4e-05	4e-05	4e-05	0.02345	0.02985	0.02744	0.00624	0.04158	0.01694	0.01876	0.07568	0.00726	4e-05	0.13534	4e-05	0.44522	4e-05	0.17361	0.04299	4e-05	0.01694	0.04499	0.0	0.01945	0.15672	0.0	0.06982	0.461	0.0	0.56634	4e-05	0.56634	0.00716	0.02757	0.0	0.02143	4e-05	4e-05	4e-05	0.02143	0.01694	4e-05	0.01347	0.10047	4e-05	0.02143	4e-05	0.56634	0.01066	0.23799	0.0	0.15929	0.14408	0.10068	0.24698	0.01531	0.0	0.04587	4e-05	4e-05	4e-05	4e-05	0.0	4e-05	0.02467	0.22219	0.5664	0.03272	0.0	0.0	0.0	0.0	0.0	0.0	0.1492	4e-05	0.11347	0.02143	0.01531	0.01892	0.0234	4e-05	4e-05	4e-05	0.02209	0.02646	0.56634	0.0	0.01533	0.01347	0.02401	0.36222	0.29174	4e-05	0.12776	0.0928	0.08983	
0.10953	0.03604	0.11103	0.06355	0.02429	0.08349	0.08339	0.05838	0.23102	0.0202	0.01672	3e-05	0.01269	3e-05	3e-05	3e-05	3e-05	0.03191	0.03627	0.0	3e-05	3e-05	0.09308	0.12811	0.02442	0.35487	3e-05	0.02872	0.12425	0.0	0.0	0.0	0.0	0.09819	0.03483	0.0	0.0	0.0	0.0	0.0	0.0	3e-05	3e-05	3e-05	0.02872	0.00025	3e-05	0.16548	0.02872	0.03791	3e-05	3e-05	0.25378	0.02129	3e-05	3e-05	3e-05	0.09547	0.13238	0.03791	0.00796	0.12834	0.21353	0.21188	0.06115	0.00924	3e-05	0.15828	3e-05	0.01818	3e-05	0.10732	0.11437	3e-05	0.21353	0.09576	0.0	0.19135	0.11839	0.0	0.07335	0.02902	0.0	0.02429	3e-05	0.02429	0.00915	0.03804	0.0	0.02872	3e-05	3e-05	3e-05	0.02872	0.21353	3e-05	0.01765	0.19411	3e-05	0.02872	3e-05	0.02429	0.11738	0.06085	0.0	0.12813	0.04809	0.1004	0.02899	0.0202	0.0	0.03173	3e-05	3e-05	3e-05	3e-05	0.0	3e-05	0.03375	0.04616	0.02508	0.0449	0.0	0.0	0.0	0.0	0.0	0.0	0.10419	3e-05	0.02382	0.02872	0.0202	0.02548	0.04667	3e-05	3e-05	3e-05	0.02967	0.04811	0.02429	0.0	0.02043	0.01765	0.12246	0.03094	0.11539	3e-05	0.05526	0.09059	0.05086	
0.0	0.0	0.0	0.0	0.0	0.0	0.0	0.0	0.0	0.0	0.0	0.0	0.0	0.0	0.0	0.0	0.0	0.0	0.0	0.0	0.0	0.0	0.0	0.0	0.0	0.0	0.0	0.0	0.0	0.0	0.0	0.0	0.0	0.0	0.0	0.0	0.0	0.0	0.0	0.0	0.0	0.0	0.0	0.0	0.0	0.0	0.0	0.0	0.0	0.0	0.0	0.0	0.0	0.0	0.0	0.0	0.0	0.0	0.0	0.0	0.0	0.0	0.0	0.0	0.0	0.0	0.0	0.0	0.0	0.0	0.0	0.0	0.0	0.0	0.0	0.0	0.0	0.0	0.0	0.0	0.0	0.0	0.0	0.0	0.0	0.0	0.0	0.0	0.0	0.0	0.0	0.0	0.0	0.0	0.0	0.0	0.0	0.0	0.0	0.0	0.0	0.0	0.0	0.0	0.0	0.0	0.0	0.0	0.0	0.0	0.0	0.0	0.0	0.0	0.0	0.0	0.0	0.0	0.0	0.0	0.0	0.0	0.0	0.0	0.0	0.0	0.0	0.0	0.0	0.0	0.0	0.0	0.0	0.0	0.0	0.0	0.0	0.0	0.0	0.0	0.0	0.0	0.0	0.0	0.0	0.0	0.0	0.0	0.0	0.0	0.0	
0.0	0.0	0.0	0.0	0.0	0.0	0.0	0.0	0.0	0.0	0.0	0.0	0.0	0.0	0.0	0.0	0.0	0.0	0.0	0.0	0.0	0.0	0.0	0.0	0.0	0.0	0.0	0.0	0.0	0.0	0.0	0.0	0.0	0.0	0.0	0.0	0.0	0.0	0.0	0.0	0.0	0.0	0.0	0.0	0.0	0.0	0.0	0.0	0.0	0.0	0.0	0.0	0.0	0.0	0.0	0.0	0.0	0.0	0.0	0.0	0.0	0.0	0.0	0.0	0.0	0.0	0.0	0.0	0.0	0.0	0.0	0.0	0.0	0.0	0.0	0.0	0.0	0.0	0.0	0.0	0.0	0.0	0.0	0.0	0.0	0.0	0.0	0.0	0.0	0.0	0.0	0.0	0.0	0.0	0.0	0.0	0.0	0.0	0.0	0.0	0.0	0.0	0.0	0.0	0.0	0.0	0.0	0.0	0.0	0.0	0.0	0.0	0.0	0.0	0.0	0.0	0.0	0.0	0.0	0.0	0.0	0.0	0.0	0.0	0.0	0.0	0.0	0.0	0.0	0.0	0.0	0.0	0.0	0.0	0.0	0.0	0.0	0.0	0.0	0.0	0.0	0.0	0.0	0.0	0.0	0.0	0.0	0.0	0.0	0.0	0.0	
0.0	0.0	0.0	0.0	0.0	0.0	0.0	0.0	0.0	0.0	0.0	0.0	0.0	0.0	0.0	0.0	0.0	0.0	0.0	0.0	0.0	0.0	0.0	0.0	0.0	0.0	0.0	0.0	0.0	0.0	0.0	0.0	0.0	0.0	0.0	0.0	0.0	0.0	0.0	0.0	0.0	0.0	0.0	0.0	0.0	0.0	0.0	0.0	0.0	0.0	0.0	0.0	0.0	0.0	0.0	0.0	0.0	0.0	0.0	0.0	0.0	0.0	0.0	0.0	0.0	0.0	0.0	0.0	0.0	0.0	0.0	0.0	0.0	0.0	0.0	0.0	0.0	0.0	0.0	0.0	0.0	0.0	0.0	0.0	0.0	0.0	0.0	0.0	0.0	0.0	0.0	0.0	0.0	0.0	0.0	0.0	0.0	0.0	0.0	0.0	0.0	0.0	0.0	0.0	0.0	0.0	0.0	0.0	0.0	0.0	0.0	0.0	0.0	0.0	0.0	0.0	0.0	0.0	0.0	0.0	0.0	0.0	0.0	0.0	0.0	0.0	0.0	0.0	0.0	0.0	0.0	0.0	0.0	0.0	0.0	0.0	0.0	0.0	0.0	0.0	0.0	0.0	0.0	0.0	0.0	0.0	0.0	0.0	0.0	0.0	0.0	
0.0	0.0	0.0	0.0	0.0	0.0	0.0	0.0	0.0	0.0	0.0	0.0	0.0	0.0	0.0	0.0	0.0	0.0	0.0	0.0	0.0	0.0	0.0	0.0	0.0	0.0	0.0	0.0	0.0	0.0	0.0	0.0	0.0	0.0	0.0	0.0	0.0	0.0	0.0	0.0	0.0	0.0	0.0	0.0	0.0	0.0	0.0	0.0	0.0	0.0	0.0	0.0	0.0	0.0	0.0	0.0	0.0	0.0	0.0	0.0	0.0	0.0	0.0	0.0	0.0	0.0	0.0	0.0	0.0	0.0	0.0	0.0	0.0	0.0	0.0	0.0	0.0	0.0	0.0	0.0	0.0	0.0	0.0	0.0	0.0	0.0	0.0	0.0	0.0	0.0	0.0	0.0	0.0	0.0	0.0	0.0	0.0	0.0	0.0	0.0	0.0	0.0	0.0	0.0	0.0	0.0	0.0	0.0	0.0	0.0	0.0	0.0	0.0	0.0	0.0	0.0	0.0	0.0	0.0	0.0	0.0	0.0	0.0	0.0	0.0	0.0	0.0	0.0	0.0	0.0	0.0	0.0	0.0	0.0	0.0	0.0	0.0	0.0	0.0	0.0	0.0	0.0	0.0	0.0	0.0	0.0	0.0	0.0	0.0	0.0	0.0	
0.0	0.0	0.0	0.0	0.0	0.0	0.0	0.0	0.0	0.0	0.0	0.0	0.0	0.0	0.0	0.0	0.0	0.0	0.0	0.0	0.0	0.0	0.0	0.0	0.0	0.0	0.0	0.0	0.0	0.0	0.0	0.0	0.0	0.0	0.0	0.0	0.0	0.0	0.0	0.0	0.0	0.0	0.0	0.0	0.0	0.0	0.0	0.0	0.0	0.0	0.0	0.0	0.0	0.0	0.0	0.0	0.0	0.0	0.0	0.0	0.0	0.0	0.0	0.0	0.0	0.0	0.0	0.0	0.0	0.0	0.0	0.0	0.0	0.0	0.0	0.0	0.0	0.0	0.0	0.0	0.0	0.0	0.0	0.0	0.0	0.0	0.0	0.0	0.0	0.0	0.0	0.0	0.0	0.0	0.0	0.0	0.0	0.0	0.0	0.0	0.0	0.0	0.0	0.0	0.0	0.0	0.0	0.0	0.0	0.0	0.0	0.0	0.0	0.0	0.0	0.0	0.0	0.0	0.0	0.0	0.0	0.0	0.0	0.0	0.0	0.0	0.0	0.0	0.0	0.0	0.0	0.0	0.0	0.0	0.0	0.0	0.0	0.0	0.0	0.0	0.0	0.0	0.0	0.0	0.0	0.0	0.0	0.0	0.0	0.0	0.0	
0.0	1e-05	2e-05	6e-05	0.00012	9e-05	5e-05	2e-05	3e-05	0.00014	0.00016	0.0	0.00021	0.0	0.0	0.0	0.0	5e-05	8e-05	0.0	0.0	0.0	5e-05	3e-05	5e-05	3e-05	0.0	0.0001	7e-05	0.0	0.0	0.0	0.0	5e-05	4e-05	3e-05	0.0	0.0	0.0	0.0	0.0	0.0	0.0	0.0	0.0001	0.0	0.0	2e-05	0.0001	4e-05	0.0	0.0	6e-05	0.00013	0.0	0.0	0.0	0.0001	7e-05	4e-05	0.00031	3e-05	0.00013	0.00013	0.00021	0.00036	0.0	3e-05	0.0	0.00015	0.0	2e-05	3e-05	0.0	0.00013	2e-05	0.0	5e-05	4e-05	0.0	6e-05	5e-05	0.0	0.00012	0.0	0.00012	0.00027	5e-05	0.0	0.0001	0.0	0.0	0.0	0.0001	0.00013	0.0	0.00015	5e-05	0.0	0.0001	0.0	0.00012	0.00019	8e-05	0.0	3e-05	2e-05	3e-05	9e-05	0.00014	0.0	6e-05	0.0	0.0	0.0	0.0	0.0	0.0	4e-05	3e-05	0.00012	7e-05	0.0	0.0	0.0	0.0	0.0	0.0	3e-05	0.0	5e-05	0.0001	0.00014	8e-05	0.00013	0.0	0.0	0.0	9e-05	6e-05	0.00012	0.0	7e-05	0.00015	0.00017	9e-05	1e-05	0.0	2e-05	2e-05	0.0	
0.0	1e-05	2e-05	6e-05	0.00012	9e-05	5e-05	2e-05	3e-05	0.00014	0.00016	0.0	0.00021	0.0	0.0	0.0	0.0	5e-05	8e-05	0.0	0.0	0.0	5e-05	3e-05	5e-05	3e-05	0.0	0.0001	7e-05	0.0	0.0	0.0	0.0	5e-05	4e-05	3e-05	0.0	0.0	0.0	0.0	0.0	0.0	0.0	0.0	0.0001	0.0	0.0	2e-05	0.0001	4e-05	0.0	0.0	6e-05	0.00013	0.0	0.0	0.0	0.0001	7e-05	4e-05	0.00031	3e-05	0.00013	0.00013	0.00021	0.00036	0.0	3e-05	0.0	0.00015	0.0	2e-05	3e-05	0.0	0.00013	2e-05	0.0	5e-05	4e-05	0.0	6e-05	5e-05	0.0	0.00012	0.0	0.00012	0.00027	5e-05	0.0	0.0001	0.0	0.0	0.0	0.0001	0.00013	0.0	0.00015	5e-05	0.0	0.0001	0.0	0.00012	0.00019	8e-05	0.0	3e-05	2e-05	3e-05	9e-05	0.00014	0.0	6e-05	0.0	0.0	0.0	0.0	0.0	0.0	4e-05	3e-05	0.00012	7e-05	0.0	0.0	0.0	0.0	0.0	0.0	3e-05	0.0	5e-05	0.0001	0.00014	8e-05	0.00013	0.0	0.0	0.0	9e-05	6e-05	0.00012	0.0	7e-05	0.00015	0.00017	9e-05	1e-05	0.0	2e-05	2e-05	0.0	
0.0	1e-05	2e-05	6e-05	0.00012	9e-05	5e-05	2e-05	3e-05	0.00014	0.00016	0.0	0.00021	0.0	0.0	0.0	0.0	5e-05	8e-05	0.0	0.0	0.0	5e-05	3e-05	5e-05	3e-05	0.0	0.0001	7e-05	0.0	0.0	0.0	0.0	5e-05	4e-05	3e-05	0.0	0.0	0.0	0.0	0.0	0.0	0.0	0.0	0.0001	0.0	0.0	2e-05	0.0001	4e-05	0.0	0.0	6e-05	0.00013	0.0	0.0	0.0	0.0001	7e-05	4e-05	0.00031	3e-05	0.00013	0.00013	0.00021	0.00036	0.0	3e-05	0.0	0.00015	0.0	2e-05	3e-05	0.0	0.00013	2e-05	0.0	5e-05	4e-05	0.0	6e-05	5e-05	0.0	0.00012	0.0	0.00012	0.00027	5e-05	0.0	0.0001	0.0	0.0	0.0	0.0001	0.00013	0.0	0.00015	5e-05	0.0	0.0001	0.0	0.00012	0.00019	8e-05	0.0	3e-05	2e-05	3e-05	9e-05	0.00014	0.0	6e-05	0.0	0.0	0.0	0.0	0.0	0.0	4e-05	3e-05	0.00012	7e-05	0.0	0.0	0.0	0.0	0.0	0.0	3e-05	0.0	5e-05	0.0001	0.00014	8e-05	0.00013	0.0	0.0	0.0	9e-05	6e-05	0.00012	0.0	7e-05	0.00015	0.00017	9e-05	1e-05	0.0	2e-05	2e-05	0.0	
