0.0	0.00012	0.08981	0.30118	0.00729	0.36546	0.00012	0.00012	0.00012	0.00012	0.00012	0.00012	0.00012	0.00012	0.00012	0.00012	0.00012	0.20058	0.20058	0.0	0.0	0.00012	0.00012	0.20058	0.20758	0.00012	0.00012	0.00012	0.00012	0.00012	0.18256	0.34955	0.18601	0.05657	0.12773	1.01772	0.13894	0.37347	0.18756	0.11391	0.11521	0.1596	0.20058	0.09566	0.30118	0.14003	0.17358	0.00012	0.00012	0.00012	0.00527	0.36701	0.20058	0.00012	0.14327	0.35409	0.10678	0.00012	0.08337	0.00012	0.00012	0.00012	0.4811	0.89272	0.02745	0.00012	0.00012	0.4811	0.48777	0.02745	0.00729	0.13894	0.17358	0.00012	
0.00012	0.0	0.00015	0.00025	0.00011	6e-05	0.0	0.0	0.0	0.0	0.0	0.0	0.0	0.0	0.0	0.0	0.0	0.00018	0.00018	0.0	0.0	0.0	0.0	0.00018	0.00119	0.0	0.0	0.0	0.0	0.0	0.00012	7e-05	0.0001	5e-05	0.00011	0.00088	0.00025	4e-05	0.00019	8e-05	0.00018	0.00021	0.00018	0.00016	0.00025	0.00034	0.00031	0.0	0.0	0.0	0.00027	8e-05	0.00018	0.0	0.00069	8e-05	0.00013	0.0	0.00026	0.0	0.0	0.0	0.00012	0.00019	0.0	0.0	0.0	0.00012	6e-05	0.0	0.00011	0.00025	0.00031	0.0	
0.08981	0.00015	0.0	0.55585	0.04056	0.07335	0.00015	0.00015	0.00015	0.00015	0.00015	0.00015	0.00015	0.00015	0.00015	0.00015	0.00015	0.30024	0.30024	0.0	0.0	0.00015	0.00015	0.30024	0.19828	0.00015	0.00015	0.00015	0.00015	0.00015	0.2619	0.13065	0.2802	0.16668	0.17399	1.09158	0.68809	0.3406	0.10545	0.03961	0.36679	0.34785	0.30024	0.00083	0.55585	0.17606	0.12193	0.00015	0.00015	0.00015	0.00032	0.32905	0.30024	0.00015	0.66895	0.27548	0.1436	0.00015	0.13276	0.00015	0.00015	0.00015	0.02926	0.17024	0.03489	0.00015	0.00015	0.02926	0.26836	0.03489	0.04056	0.68809	0.12193	0.00015	
0.30118	0.00025	0.55585	0.0	0.23657	0.25037	0.00025	0.00025	0.00025	0.00025	0.00025	0.00025	0.00025	0.00025	0.00025	0.00025	0.00025	0.19432	0.19432	0.0	0.0	0.00025	0.00025	0.19432	0.48474	0.00025	0.00025	0.00025	0.00025	0.00025	0.70633	0.30347	0.333	0.23362	0.24794	1.67694	0.80798	0.48689	0.47684	0.24784	0.51859	0.49517	0.19432	0.2012	1.00028	0.35157	0.35066	0.00025	0.00025	0.00025	0.20166	0.4944	0.19432	0.00025	0.83699	0.44841	0.38456	0.00025	0.50773	0.00025	0.00025	0.00025	0.23702	0.50801	0.21615	0.00025	0.00025	0.23702	0.44229	0.21615	0.23657	0.80798	0.35066	0.00025	
0.00729	0.00011	0.04056	0.23657	0.0	0.07913	0.00011	0.00011	0.00011	0.00011	0.00011	0.00011	0.00011	0.00011	0.00011	0.00011	0.00011	0.31923	0.31923	0.0	0.0	0.00011	0.00011	0.31923	1.22357	0.00011	0.00011	0.00011	0.00011	0.00011	0.24687	0.13688	1.02844	0.15873	0.40339	1.11621	0.08367	0.17075	0.22752	0.04809	0.07411	0.3384	0.31923	0.28963	0.23657	0.17553	0.1164	0.00011	0.00011	0.00011	0.00073	0.35672	0.31923	0.00011	0.6478	0.28356	0.13688	0.00011	0.09402	0.00011	0.00011	0.00011	0.03568	0.18177	0.03771	0.00011	0.00011	0.03568	0.08849	0.03771	0.99983	0.08367	0.1164	0.00011	
0.36546	6e-05	0.07335	0.25037	0.07913	0.0	6e-05	6e-05	6e-05	6e-05	6e-05	6e-05	6e-05	6e-05	6e-05	6e-05	6e-05	0.29775	0.29775	0.0	0.0	6e-05	6e-05	0.29775	0.27699	6e-05	6e-05	6e-05	6e-05	6e-05	0.20221	0.69049	0.28344	0.2865	0.28084	0.66423	0.11607	0.54426	0.11453	0.04664	0.15787	0.34004	0.29775	0.24937	0.25037	0.21496	0.09766	6e-05	6e-05	6e-05	0.00768	0.33152	0.29775	6e-05	0.31642	0.61871	0.17966	6e-05	0.2407	6e-05	6e-05	6e-05	0.70316	2.16638	0.05187	6e-05	6e-05	0.70316	0.52997	0.05187	0.07913	0.11607	0.09766	6e-05	
0.00012	0.0	0.00015	0.00025	0.00011	6e-05	0.0	0.0	0.0	0.0	0.0	0.0	0.0	0.0	0.0	0.0	0.0	0.00018	0.00018	0.0	0.0	0.0	0.0	0.00018	0.00119	0.0	0.0	0.0	0.0	0.0	0.00012	7e-05	0.0001	5e-05	0.00011	0.00088	0.00025	4e-05	0.00019	8e-05	0.00018	0.00021	0.00018	0.00016	0.00025	0.00034	0.00031	0.0	0.0	0.0	0.00027	8e-05	0.00018	0.0	0.00069	8e-05	0.00013	0.0	0.00026	0.0	0.0	0.0	0.00012	0.00019	0.0	0.0	0.0	0.00012	6e-05	0.0	0.00011	0.00025	0.00031	0.0	
0.00012	0.0	0.00015	0.00025	0.00011	6e-05	0.0	0.0	0.0	0.0	0.0	0.0	0.0	0.0	0.0	0.0	0.0	0.00018	0.00018	0.0	0.0	0.0	0.0	0.00018	0.00119	0.0	0.0	0.0	0.0	0.0	0.00012	7e-05	0.0001	5e-05	0.00011	0.00088	0.00025	4e-05	0.00019	8e-05	0.00018	0.00021	0.00018	0.00016	0.00025	0.00034	0.00031	0.0	0.0	0.0	0.00027	8e-05	0.00018	0.0	0.00069	8e-05	0.00013	0.0	0.00026	0.0	0.0	0.0	0.00012	0.00019	0.0	0.0	0.0	0.00012	6e-05	0.0	0.00011	0.00025	0.00031	0.0	
0.00012	0.0	0.00015	0.00025	0.00011	6e-05	0.0	0.0	0.0	0.0	0.0	0.0	0.0	0.0	0.0	0.0	0.0	0.00018	0.00018	0.0	0.0	0.0	0.0	0.00018	0.00119	0.0	0.0	0.0	0.0	0.0	0.00012	7e-05	0.0001	5e-05	0.00011	0.00088	0.00025	4e-05	0.00019	8e-05	0.00018	0.00021	0.00018	0.00016	0.00025	0.00034	0.00031	0.0	0.0	0.0	0.00027	8e-05	0.00018	0.0	0.00069	8e-05	0.00013	0.0	0.00026	0.0	0.0	0.0	0.00012	0.00019	0.0	0.0	0.0	0.00012	6e-05	0.0	0.00011	0.00025	0.00031	0.0	
0.00012	0.0	0.00015	0.00025	0.00011	6e-05	0.0	0.0	0.0	0.0	0.0	0.0	0.0	0.0	0.0	0.0	0.0	0.00018	0.00018	0.0	0.0	0.0	0.0	0.00018	0.00119	0.0	0.0	0.0	0.0	0.0	0.00012	7e-05	0.0001	5e-05	0.00011	0.00088	0.00025	4e-05	0.00019	8e-05	0.00018	0.00021	0.00018	0.00016	0.00025	0.00034	0.00031	0.0	0.0	0.0	0.00027	8e-05	0.00018	0.0	0.00069	8e-05	0.00013	0.0	0.00026	0.0	0.0	0.0	0.00012	0.00019	0.0	0.0	0.0	0.00012	6e-05	0.0	0.00011	0.00025	0.00031	0.0	
0.00012	0.0	0.00015	0.00025	0.00011	6e-05	0.0	0.0	0.0	0.0	0.0	0.0	0.0	0.0	0.0	0.0	0.0	0.00018	0.00018	0.0	0.0	0.0	0.0	0.00018	0.00119	0.0	0.0	0.0	0.0	0.0	0.00012	7e-05	0.0001	5e-05	0.00011	0.00088	0.00025	4e-05	0.00019	8e-05	0.00018	0.00021	0.00018	0.00016	0.00025	0.00034	0.00031	0.0	0.0	0.0	0.00027	8e-05	0.00018	0.0	0.00069	8e-05	0.00013	0.0	0.00026	0.0	0.0	0.0	0.00012	0.00019	0.0	0.0	0.0	0.00012	6e-05	0.0	0.00011	0.00025	0.00031	0.0	
0.00012	0.0	0.00015	0.00025	0.00011	6e-05	0.0	0.0	0.0	0.0	0.0	0.0	0.0	0.0	0.0	0.0	0.0	0.00018	0.00018	0.0	0.0	0.0	0.0	0.00018	0.00119	0.0	0.0	0.0	0.0	0.0	0.00012	7e-05	0.0001	5e-05	0.00011	0.00088	0.00025	4e-05	0.00019	8e-05	0.00018	0.00021	0.00018	0.00016	0.00025	0.00034	0.00031	0.0	0.0	0.0	0.00027	8e-05	0.00018	0.0	0.00069	8e-05	0.00013	0.0	0.00026	0.0	0.0	0.0	0.00012	0.00019	0.0	0.0	0.0	0.00012	6e-05	0.0	0.00011	0.00025	0.00031	0.0	
0.00012	0.0	0.00015	0.00025	0.00011	6e-05	0.0	0.0	0.0	0.0	0.0	0.0	0.0	0.0	0.0	0.0	0.0	0.00018	0.00018	0.0	0.0	0.0	0.0	0.00018	0.00119	0.0	0.0	0.0	0.0	0.0	0.00012	7e-05	0.0001	5e-05	0.00011	0.00088	0.00025	4e-05	0.00019	8e-05	0.00018	0.00021	0.00018	0.00016	0.00025	0.00034	0.00031	0.0	0.0	0.0	0.00027	8e-05	0.00018	0.0	0.00069	8e-05	0.00013	0.0	0.00026	0.0	0.0	0.0	0.00012	0.00019	0.0	0.0	0.0	0.00012	6e-05	0.0	0.00011	0.00025	0.00031	0.0	
0.00012	0.0	0.00015	0.00025	0.00011	6e-05	0.0	0.0	0.0	0.0	0.0	0.0	0.0	0.0	0.0	0.0	0.0	0.00018	0.00018	0.0	0.0	0.0	0.0	0.00018	0.00119	0.0	0.0	0.0	0.0	0.0	0.00012	7e-05	0.0001	5e-05	0.00011	0.00088	0.00025	4e-05	0.00019	8e-05	0.00018	0.00021	0.00018	0.00016	0.00025	0.00034	0.00031	0.0	0.0	0.0	0.00027	8e-05	0.00018	0.0	0.00069	8e-05	0.00013	0.0	0.00026	0.0	0.0	0.0	0.00012	0.00019	0.0	0.0	0.0	0.00012	6e-05	0.0	0.00011	0.00025	0.00031	0.0	
0.00012	0.0	0.00015	0.00025	0.00011	6e-05	0.0	0.0	0.0	0.0	0.0	0.0	0.0	0.0	0.0	0.0	0.0	0.00018	0.00018	0.0	0.0	0.0	0.0	0.00018	0.00119	0.0	0.0	0.0	0.0	0.0	0.00012	7e-05	0.0001	5e-05	0.00011	0.00088	0.00025	4e-05	0.00019	8e-05	0.00018	0.00021	0.00018	0.00016	0.00025	0.00034	0.00031	0.0	0.0	0.0	0.00027	8e-05	0.00018	0.0	0.00069	8e-05	0.00013	0.0	0.00026	0.0	0.0	0.0	0.00012	0.00019	0.0	0.0	0.0	0.00012	6e-05	0.0	0.00011	0.00025	0.00031	0.0	
0.00012	0.0	0.00015	0.00025	0.00011	6e-05	0.0	0.0	0.0	0.0	0.0	0.0	0.0	0.0	0.0	0.0	0.0	0.00018	0.00018	0.0	0.0	0.0	0.0	0.00018	0.00119	0.0	0.0	0.0	0.0	0.0	0.00012	7e-05	0.0001	5e-05	0.00011	0.00088	0.00025	4e-05	0.00019	8e-05	0.00018	0.00021	0.00018	0.00016	0.00025	0.00034	0.00031	0.0	0.0	0.0	0.00027	8e-05	0.00018	0.0	0.00069	8e-05	0.00013	0.0	0.00026	0.0	0.0	0.0	0.00012	0.00019	0.0	0.0	0.0	0.00012	6e-05	0.0	0.00011	0.00025	0.00031	0.0	
0.00012	0.0	0.00015	0.00025	0.00011	6e-05	0.0	0.0	0.0	0.0	0.0	0.0	0.0	0.0	0.0	0.0	0.0	0.00018	0.00018	0.0	0.0	0.0	0.0	0.00018	0.00119	0.0	0.0	0.0	0.0	0.0	0.00012	7e-05	0.0001	5e-05	0.00011	0.00088	0.00025	4e-05	0.00019	8e-05	0.00018	0.00021	0.00018	0.00016	0.00025	0.00034	0.00031	0.0	0.0	0.0	0.00027	8e-05	0.00018	0.0	0.00069	8e-05	0.00013	0.0	0.00026	0.0	0.0	0.0	0.00012	0.00019	0.0	0.0	0.0	0.00012	6e-05	0.0	0.00011	0.00025	0.00031	0.0	
0.20058	0.00018	0.30024	0.19432	0.31923	0.29775	0.00018	0.00018	0.00018	0.00018	0.00018	0.00018	0.00018	0.00018	0.00018	0.00018	0.00018	0.0	0.99993	0.0	0.0	0.00018	0.00018	0.99993	0.71482	0.00018	0.00018	0.00018	0.00018	0.00018	0.12852	0.37586	1.01042	0.1492	0.39006	1.38941	0.22934	0.29693	0.04479	0.00013	0.07873	0.57033	0.99993	0.15032	0.19432	0.12575	0.0681	0.00018	0.00018	0.00018	0.03209	0.57077	0.99993	0.00018	0.37847	0.61094	0.07887	0.00018	0.17491	0.00018	0.00018	0.00018	0.28735	0.32019	0.01519	0.00018	0.00018	0.28735	0.21863	0.01519	0.31923	0.22934	0.0681	0.00018	
0.20058	0.00018	0.30024	0.19432	0.31923	0.29775	0.00018	0.00018	0.00018	0.00018	0.00018	0.00018	0.00018	0.00018	0.00018	0.00018	0.00018	0.99993	0.0	0.0	0.0	0.00018	0.00018	0.99993	0.71482	0.00018	0.00018	0.00018	0.00018	0.00018	0.12852	0.37586	1.01042	0.1492	0.39006	1.38941	0.22934	0.29693	0.04479	0.00013	0.07873	0.57033	0.99993	0.15032	0.19432	0.12575	0.0681	0.00018	0.00018	0.00018	0.03209	0.57077	0.99993	0.00018	0.37847	0.61094	0.07887	0.00018	0.17491	0.00018	0.00018	0.00018	0.28735	0.32019	0.01519	0.00018	0.00018	0.28735	0.21863	0.01519	0.31923	0.22934	0.0681	0.00018	
0.0	0.0	0.0	0.0	0.0	0.0	0.0	0.0	0.0	0.0	0.0	0.0	0.0	0.0	0.0	0.0	0.0	0.0	0.0	0.0	0.0	0.0	0.0	0.0	0.0	0.0	0.0	0.0	0.0	0.0	0.0	0.0	0.0	0.0	0.0	0.0	0.0	0.0	0.0	0.0	0.0	0.0	0.0	0.0	0.0	0.0	0.0	0.0	0.0	0.0	0.0	0.0	0.0	0.0	0.0	0.0	0.0	0.0	0.0	0.0	0.0	0.0	0.0	0.0	0.0	0.0	0.0	0.0	0.0	0.0	0.0	0.0	0.0	0.0	
0.0	0.0	0.0	0.0	0.0	0.0	0.0	0.0	0.0	0.0	0.0	0.0	0.0	0.0	0.0	0.0	0.0	0.0	0.0	0.0	0.0	0.0	0.0	0.0	0.0	0.0	0.0	0.0	0.0	0.0	0.0	0.0	0.0	0.0	0.0	0.0	0.0	0.0	0.0	0.0	0.0	0.0	0.0	0.0	0.0	0.0	0.0	0.0	0.0	0.0	0.0	0.0	0.0	0.0	0.0	0.0	0.0	0.0	0.0	0.0	0.0	0.0	0.0	0.0	0.0	0.0	0.0	0.0	0.0	0.0	0.0	0.0	0.0	0.0	
0.00012	0.0	0.00015	0.00025	0.00011	6e-05	0.0	0.0	0.0	0.0	0.0	0.0	0.0	0.0	0.0	0.0	0.0	0.00018	0.00018	0.0	0.0	0.0	0.0	0.00018	0.00119	0.0	0.0	0.0	0.0	0.0	0.00012	7e-05	0.0001	5e-05	0.00011	0.00088	0.00025	4e-05	0.00019	8e-05	0.00018	0.00021	0.00018	0.00016	0.00025	0.00034	0.00031	0.0	0.0	0.0	0.00027	8e-05	0.00018	0.0	0.00069	8e-05	0.00013	0.0	0.00026	0.0	0.0	0.0	0.00012	0.00019	0.0	0.0	0.0	0.00012	6e-05	0.0	0.00011	0.00025	0.00031	0.0	
0.00012	0.0	0.00015	0.00025	0.00011	6e-05	0.0	0.0	0.0	0.0	0.0	0.0	0.0	0.0	0.0	0.0	0.0	0.00018	0.00018	0.0	0.0	0.0	0.0	0.00018	0.00119	0.0	0.0	0.0	0.0	0.0	0.00012	7e-05	0.0001	5e-05	0.00011	0.00088	0.00025	4e-05	0.00019	8e-05	0.00018	0.00021	0.00018	0.00016	0.00025	0.00034	0.00031	0.0	0.0	0.0	0.00027	8e-05	0.00018	0.0	0.00069	8e-05	0.00013	0.0	0.00026	0.0	0.0	0.0	0.00012	0.00019	0.0	0.0	0.0	0.00012	6e-05	0.0	0.00011	0.00025	0.00031	0.0	
0.20058	0.00018	0.30024	0.19432	0.31923	0.29775	0.00018	0.00018	0.00018	0.00018	0.00018	0.00018	0.00018	0.00018	0.00018	0.00018	0.00018	0.99993	0.99993	0.0	0.0	0.00018	0.00018	0.0	0.71482	0.00018	0.00018	0.00018	0.00018	0.00018	0.12852	0.37586	1.01042	0.1492	0.39006	1.38941	0.22934	0.29693	0.04479	0.00013	0.07873	0.57033	0.99993	0.15032	0.19432	0.12575	0.0681	0.00018	0.00018	0.00018	0.03209	0.57077	0.99993	0.00018	0.37847	0.61094	0.07887	0.00018	0.17491	0.00018	0.00018	0.00018	0.28735	0.32019	0.01519	0.00018	0.00018	0.28735	0.21863	0.01519	0.31923	0.22934	0.0681	0.00018	
0.20758	0.00119	0.19828	0.48474	1.22357	0.27699	0.00119	0.00119	0.00119	0.00119	0.00119	0.00119	0.00119	0.00119	0.00119	0.00119	0.00119	0.71482	0.71482	0.0	0.0	0.00119	0.00119	0.71482	0.0	0.00119	0.00119	0.00119	0.00119	0.00119	0.18656	0.35764	0.0	0.57552	0.0	0.0	0.23033	0.36664	0.55529	0.21915	0.1768	0.56283	0.71482	0.23486	0.48474	0.58663	0.08859	0.00119	0.00119	0.00119	0.09529	0.60384	0.71482	0.00119	0.53033	0.45977	0.10761	0.00119	0.30372	0.00119	0.00119	0.00119	0.19547	0.0	0.04441	0.00119	0.00119	0.19547	0.2442	0.04441	1.22357	0.23033	0.08859	0.00119	
0.00012	0.0	0.00015	0.00025	0.00011	6e-05	0.0	0.0	0.0	0.0	0.0	0.0	0.0	0.0	0.0	0.0	0.0	0.00018	0.00018	0.0	0.0	0.0	0.0	0.00018	0.00119	0.0	0.0	0.0	0.0	0.0	0.00012	7e-05	0.0001	5e-05	0.00011	0.00088	0.00025	4e-05	0.00019	8e-05	0.00018	0.00021	0.00018	0.00016	0.00025	0.00034	0.00031	0.0	0.0	0.0	0.00027	8e-05	0.00018	0.0	0.00069	8e-05	0.00013	0.0	0.00026	0.0	0.0	0.0	0.00012	0.00019	0.0	0.0	0.0	0.00012	6e-05	0.0	0.00011	0.00025	0.00031	0.0	
0.00012	0.0	0.00015	0.00025	0.00011	6e-05	0.0	0.0	0.0	0.0	0.0	0.0	0.0	0.0	0.0	0.0	0.0	0.00018	0.00018	0.0	0.0	0.0	0.0	0.00018	0.00119	0.0	0.0	0.0	0.0	0.0	0.00012	7e-05	0.0001	5e-05	0.00011	0.00088	0.00025	4e-05	0.00019	8e-05	0.00018	0.00021	0.00018	0.00016	0.00025	0.00034	0.00031	0.0	0.0	0.0	0.00027	8e-05	0.00018	0.0	0.00069	8e-05	0.00013	0.0	0.00026	0.0	0.0	0.0	0.00012	0.00019	0.0	0.0	0.0	0.00012	6e-05	0.0	0.00011	0.00025	0.00031	0.0	
0.00012	0.0	0.00015	0.00025	0.00011	6e-05	0.0	0.0	0.0	0.0	0.0	0.0	0.0	0.0	0.0	0.0	0.0	0.00018	0.00018	0.0	0.0	0.0	0.0	0.00018	0.00119	0.0	0.0	0.0	0.0	0.0	0.00012	7e-05	0.0001	5e-05	0.00011	0.00088	0.00025	4e-05	0.00019	8e-05	0.00018	0.00021	0.00018	0.00016	0.00025	0.00034	0.00031	0.0	0.0	0.0	0.00027	8e-05	0.00018	0.0	0.00069	8e-05	0.00013	0.0	0.00026	0.0	0.0	0.0	0.00012	0.00019	0.0	0.0	0.0	0.00012	6e-05	0.0	0.00011	0.00025	0.00031	0.0	
0.00012	0.0	0.00015	0.00025	0.00011	6e-05	0.0	0.0	0.0	0.0	0.0	0.0	0.0	0.0	0.0	0.0	0.0	0.00018	0.00018	0.0	0.0	0.0	0.0	0.00018	0.00119	0.0	0.0	0.0	0.0	0.0	0.00012	7e-05	0.0001	5e-05	0.00011	0.00088	0.00025	4e-05	0.00019	8e-05	0.00018	0.00021	0.00018	0.00016	0.00025	0.00034	0.00031	0.0	0.0	0.0	0.00027	8e-05	0.00018	0.0	0.00069	8e-05	0.00013	0.0	0.00026	0.0	0.0	0.0	0.00012	0.00019	0.0	0.0	0.0	0.00012	6e-05	0.0	0.00011	0.00025	0.00031	0.0	
0.00012	0.0	0.00015	0.00025	0.00011	6e-05	0.0	0.0	0.0	0.0	0.0	0.0	0.0	0.0	0.0	0.0	0.0	0.00018	0.00018	0.0	0.0	0.0	0.0	0.00018	0.00119	0.0	0.0	0.0	0.0	0.0	0.00012	7e-05	0.0001	5e-05	0.00011	0.00088	0.00025	4e-05	0.00019	8e-05	0.00018	0.00021	0.00018	0.00016	0.00025	0.00034	0.00031	0.0	0.0	0.0	0.00027	8e-05	0.00018	0.0	0.00069	8e-05	0.00013	0.0	0.00026	0.0	0.0	0.0	0.00012	0.00019	0.0	0.0	0.0	0.00012	6e-05	0.0	0.00011	0.00025	0.00031	0.0	
0.18256	0.00012	0.2619	0.70633	0.24687	0.20221	0.00012	0.00012	0.00012	0.00012	0.00012	0.00012	0.00012	0.00012	0.00012	0.00012	0.00012	0.12852	0.12852	0.0	0.0	0.00012	0.00012	0.12852	0.18656	0.00012	0.00012	0.00012	0.00012	0.00012	0.0	0.26249	0.21532	0.13092	0.13217	1.39527	0.51402	0.27805	0.39106	0.17789	0.43824	0.26146	0.12852	0.20289	0.70633	0.11786	0.49631	0.00012	0.00012	0.00012	0.20767	0.26068	0.12852	0.00012	0.5388	0.42703	0.54431	0.00012	0.41448	0.00012	0.00012	0.00012	0.17869	0.35226	0.41294	0.00012	0.00012	0.17869	0.20858	0.41294	0.24687	0.51402	0.49631	0.00012	
0.34955	7e-05	0.13065	0.30347	0.13688	0.69049	7e-05	7e-05	7e-05	7e-05	7e-05	7e-05	7e-05	7e-05	7e-05	7e-05	7e-05	0.37586	0.37586	0.0	0.0	7e-05	7e-05	0.37586	0.35764	7e-05	7e-05	7e-05	7e-05	7e-05	0.26249	0.0	0.3705	0.22756	0.1375	0.76275	0.16685	0.76363	0.14635	0.03554	0.07668	0.40295	0.37586	0.23917	0.30347	0.20745	0.09366	7e-05	7e-05	7e-05	0.12009	0.3939	0.37586	7e-05	0.37731	0.70482	0.25483	7e-05	0.30046	7e-05	7e-05	7e-05	0.66572	0.94153	0.09259	7e-05	7e-05	0.66572	0.50843	0.09259	0.13688	0.16685	0.09366	7e-05	
0.18601	0.0001	0.2802	0.333	1.02844	0.28344	0.0001	0.0001	0.0001	0.0001	0.0001	0.0001	0.0001	0.0001	0.0001	0.0001	0.0001	1.01042	1.01042	0.0	0.0	0.0001	0.0001	1.01042	0.0	0.0001	0.0001	0.0001	0.0001	0.0001	0.21532	0.3705	0.0	0.14354	0.38215	1.26605	0.23318	0.32041	0.2037	0.02783	0.09034	0.6524	1.01042	0.25881	0.333	0.2673	0.10152	0.0001	0.0001	0.0001	0.02199	0.6749	1.01042	0.0001	1.1433	0.63848	0.12083	0.0001	0.20306	0.0001	0.0001	0.0001	0.26806	0.25626	0.03493	0.0001	0.0001	0.26806	0.23066	0.03493	1.02844	0.23318	0.10152	0.0001	
0.05657	5e-05	0.16668	0.23362	0.15873	0.2865	5e-05	5e-05	5e-05	5e-05	5e-05	5e-05	5e-05	5e-05	5e-05	5e-05	5e-05	0.1492	0.1492	0.0	0.0	5e-05	5e-05	0.1492	0.57552	5e-05	5e-05	5e-05	5e-05	5e-05	0.13092	0.22756	0.14354	0.0	0.14506	0.31086	0.14651	0.42312	0.12847	0.15912	0.20078	0.21665	0.1492	0.22675	0.23362	0.87951	0.06384	5e-05	5e-05	5e-05	0.14941	0.20765	0.1492	5e-05	1.5751	0.20699	0.07595	5e-05	0.22885	5e-05	5e-05	5e-05	0.23509	0.58424	0.01813	5e-05	5e-05	0.23509	0.48768	0.01813	0.15873	0.14651	0.06384	5e-05	
0.12773	0.00011	0.17399	0.24794	0.40339	0.28084	0.00011	0.00011	0.00011	0.00011	0.00011	0.00011	0.00011	0.00011	0.00011	0.00011	0.00011	0.39006	0.39006	0.0	0.0	0.00011	0.00011	0.39006	0.0	0.00011	0.00011	0.00011	0.00011	0.00011	0.13217	0.1375	0.38215	0.14506	0.0	0.35481	0.14974	0.12936	0.1359	0.08592	0.20063	0.2887	0.39006	0.15922	0.24794	0.23642	0.06821	0.00011	0.00011	0.00011	0.00964	0.30066	0.39006	0.00011	0.87475	0.27728	0.08077	0.00011	0.1452	0.00011	0.00011	0.00011	0.16832	0.36374	0.0216	0.00011	0.00011	0.16832	0.15158	0.0216	0.40339	0.14974	0.06821	0.00011	
1.01772	0.00088	1.09158	1.67694	1.11621	0.66423	0.00088	0.00088	0.00088	0.00088	0.00088	0.00088	0.00088	0.00088	0.00088	0.00088	0.00088	1.38941	1.38941	0.0	0.0	0.00088	0.00088	1.38941	0.0	0.00088	0.00088	0.00088	0.00088	0.00088	1.39527	0.76275	1.26605	0.31086	0.35481	0.0	1.67705	0.90504	0.68896	0.22654	0.74994	1.75049	1.38941	1.00035	1.67694	0.62794	1.13443	0.00088	0.00088	0.00088	0.37964	1.78521	1.38941	0.00088	0.0	1.55519	0.32068	0.00088	0.8718	0.00088	0.00088	0.00088	1.08256	0.70654	0.00087	0.00088	0.00088	1.08256	1.31248	0.00087	1.11621	1.67705	1.13443	0.00088	
0.13894	0.00025	0.68809	0.80798	0.08367	0.11607	0.00025	0.00025	0.00025	0.00025	0.00025	0.00025	0.00025	0.00025	0.00025	0.00025	0.00025	0.22934	0.22934	0.0	0.0	0.00025	0.00025	0.22934	0.23033	0.00025	0.00025	0.00025	0.00025	0.00025	0.51402	0.16685	0.23318	0.14651	0.14974	1.67705	0.0	0.35027	0.31614	0.09351	0.61781	0.58448	0.22934	0.23745	0.80798	0.19868	0.43406	0.00025	0.00025	0.00025	0.23819	0.3415	0.22934	0.00025	0.58257	0.29551	0.19226	0.00025	0.34548	0.00025	0.00025	0.00025	0.08412	0.30322	0.05024	0.00025	0.00025	0.08412	0.2894	0.05024	0.08367	1.00023	0.43406	0.00025	
0.37347	4e-05	0.3406	0.48689	0.17075	0.54426	4e-05	4e-05	4e-05	4e-05	4e-05	4e-05	4e-05	4e-05	4e-05	4e-05	4e-05	0.29693	0.29693	0.0	0.0	4e-05	4e-05	0.29693	0.36664	4e-05	4e-05	4e-05	4e-05	4e-05	0.27805	0.76363	0.32041	0.42312	0.12936	0.90504	0.35027	0.0	0.33112	0.22798	0.24498	0.40183	0.29693	0.26178	0.48689	0.41061	0.13577	4e-05	4e-05	4e-05	0.15521	0.60386	0.29693	4e-05	0.71888	0.55682	0.20131	4e-05	0.24891	4e-05	4e-05	4e-05	0.50843	0.94146	0.06429	4e-05	4e-05	0.50843	0.74467	0.06429	0.17075	0.35027	0.13577	4e-05	
0.18756	0.00019	0.10545	0.47684	0.22752	0.11453	0.00019	0.00019	0.00019	0.00019	0.00019	0.00019	0.00019	0.00019	0.00019	0.00019	0.00019	0.04479	0.04479	0.0	0.0	0.00019	0.00019	0.04479	0.55529	0.00019	0.00019	0.00019	0.00019	0.00019	0.39106	0.14635	0.2037	0.12847	0.1359	0.68896	0.31614	0.33112	0.0	0.1254	0.49576	0.16427	0.04479	0.21378	0.47684	0.23244	0.45701	0.00019	0.00019	0.00019	0.18663	0.3555	0.04479	0.00019	0.49527	0.1227	0.08726	0.00019	0.13872	0.00019	0.00019	0.00019	0.11139	0.27554	0.01871	0.00019	0.00019	0.11139	0.3283	0.01871	0.22752	0.31614	0.45701	0.00019	
0.11391	8e-05	0.03961	0.24784	0.04809	0.04664	8e-05	8e-05	8e-05	8e-05	8e-05	8e-05	8e-05	8e-05	8e-05	8e-05	8e-05	0.00013	0.00013	0.0	0.0	8e-05	8e-05	0.00013	0.21915	8e-05	8e-05	8e-05	8e-05	8e-05	0.17789	0.03554	0.02783	0.15912	0.08592	0.22654	0.09351	0.22798	0.1254	0.0	0.08584	0.00018	0.00013	6e-05	0.24784	0.17561	0.13573	8e-05	8e-05	8e-05	0.03857	0.35735	0.00013	8e-05	0.24823	0.09497	0.13395	8e-05	0.0926	8e-05	8e-05	8e-05	0.04467	0.0763	0.03529	8e-05	8e-05	0.04467	0.28757	0.03529	0.04809	0.09351	0.13573	8e-05	
0.11521	0.00018	0.36679	0.51859	0.07411	0.15787	0.00018	0.00018	0.00018	0.00018	0.00018	0.00018	0.00018	0.00018	0.00018	0.00018	0.00018	0.07873	0.07873	0.0	0.0	0.00018	0.00018	0.07873	0.1768	0.00018	0.00018	0.00018	0.00018	0.00018	0.43824	0.07668	0.09034	0.20078	0.20063	0.74994	0.61781	0.24498	0.49576	0.08584	0.0	0.38818	0.07873	0.28226	0.51859	0.19522	0.42906	0.00018	0.00018	0.00018	0.15006	0.19889	0.07873	0.00018	0.52904	0.15801	0.13443	0.00018	0.17533	0.00018	0.00018	0.00018	0.08169	0.47599	0.0285	0.00018	0.00018	0.08169	0.28513	0.0285	0.07411	0.61781	0.42906	0.00018	
0.1596	0.00021	0.34785	0.49517	0.3384	0.34004	0.00021	0.00021	0.00021	0.00021	0.00021	0.00021	0.00021	0.00021	0.00021	0.00021	0.00021	0.57033	0.57033	0.0	0.0	0.00021	0.00021	0.57033	0.56283	0.00021	0.00021	0.00021	0.00021	0.00021	0.26146	0.40295	0.6524	0.21665	0.2887	1.75049	0.58448	0.40183	0.16427	0.00018	0.38818	0.0	0.57033	0.58016	0.49517	0.25638	0.15527	0.00021	0.00021	0.00021	0.11458	0.3992	0.57033	0.00021	0.53224	0.58681	0.17923	0.00021	0.35917	0.00021	0.00021	0.00021	0.33893	0.55455	0.04491	0.00021	0.00021	0.33893	0.3471	0.04491	0.3384	0.58448	0.15527	0.00021	
0.20058	0.00018	0.30024	0.19432	0.31923	0.29775	0.00018	0.00018	0.00018	0.00018	0.00018	0.00018	0.00018	0.00018	0.00018	0.00018	0.00018	0.99993	0.99993	0.0	0.0	0.00018	0.00018	0.99993	0.71482	0.00018	0.00018	0.00018	0.00018	0.00018	0.12852	0.37586	1.01042	0.1492	0.39006	1.38941	0.22934	0.29693	0.04479	0.00013	0.07873	0.57033	0.0	0.15032	0.19432	0.12575	0.0681	0.00018	0.00018	0.00018	0.03209	0.57077	0.99993	0.00018	0.37847	0.61094	0.07887	0.00018	0.17491	0.00018	0.00018	0.00018	0.28735	0.32019	0.01519	0.00018	0.00018	0.28735	0.21863	0.01519	0.31923	0.22934	0.0681	0.00018	
0.09566	0.00016	0.00083	0.2012	0.28963	0.24937	0.00016	0.00016	0.00016	0.00016	0.00016	0.00016	0.00016	0.00016	0.00016	0.00016	0.00016	0.15032	0.15032	0.0	0.0	0.00016	0.00016	0.15032	0.23486	0.00016	0.00016	0.00016	0.00016	0.00016	0.20289	0.23917	0.25881	0.22675	0.15922	1.00035	0.23745	0.26178	0.21378	6e-05	0.28226	0.58016	0.15032	0.0	0.2012	0.22037	0.2376	0.00016	0.00016	0.00016	0.02087	0.10522	0.15032	0.00016	0.28461	0.24209	0.08305	0.00016	0.05775	0.00016	0.00016	0.00016	0.32187	0.71192	0.01644	0.00016	0.00016	0.32187	0.3354	0.01644	0.28963	0.23745	0.2376	0.00016	
0.30118	0.00025	0.55585	1.00028	0.23657	0.25037	0.00025	0.00025	0.00025	0.00025	0.00025	0.00025	0.00025	0.00025	0.00025	0.00025	0.00025	0.19432	0.19432	0.0	0.0	0.00025	0.00025	0.19432	0.48474	0.00025	0.00025	0.00025	0.00025	0.00025	0.70633	0.30347	0.333	0.23362	0.24794	1.67694	0.80798	0.48689	0.47684	0.24784	0.51859	0.49517	0.19432	0.2012	0.0	0.35157	0.35066	0.00025	0.00025	0.00025	0.20166	0.4944	0.19432	0.00025	0.83699	0.44841	0.38456	0.00025	0.50773	0.00025	0.00025	0.00025	0.23702	0.50801	0.21615	0.00025	0.00025	0.23702	0.44229	0.21615	0.23657	0.80798	0.35066	0.00025	
0.14003	0.00034	0.17606	0.35157	0.17553	0.21496	0.00034	0.00034	0.00034	0.00034	0.00034	0.00034	0.00034	0.00034	0.00034	0.00034	0.00034	0.12575	0.12575	0.0	0.0	0.00034	0.00034	0.12575	0.58663	0.00034	0.00034	0.00034	0.00034	0.00034	0.11786	0.20745	0.2673	0.87951	0.23642	0.62794	0.19868	0.41061	0.23244	0.17561	0.19522	0.25638	0.12575	0.22037	0.35157	0.0	0.05892	0.00034	0.00034	0.00034	0.12791	0.2556	0.12575	0.00034	1.0573	0.20961	0.06868	0.00034	0.33694	0.00034	0.00034	0.00034	0.2658	0.68728	0.01653	0.00034	0.00034	0.2658	0.52609	0.01653	0.17553	0.19868	0.05892	0.00034	
0.17358	0.00031	0.12193	0.35066	0.1164	0.09766	0.00031	0.00031	0.00031	0.00031	0.00031	0.00031	0.00031	0.00031	0.00031	0.00031	0.00031	0.0681	0.0681	0.0	0.0	0.00031	0.00031	0.0681	0.08859	0.00031	0.00031	0.00031	0.00031	0.00031	0.49631	0.09366	0.10152	0.06384	0.06821	1.13443	0.43406	0.13577	0.45701	0.13573	0.42906	0.15527	0.0681	0.2376	0.35066	0.05892	0.0	0.00031	0.00031	0.00031	0.25012	0.1632	0.0681	0.00031	0.15228	0.09481	0.04069	0.00031	0.07754	0.00031	0.00031	0.00031	0.12614	0.30679	0.00714	0.00031	0.00031	0.12614	0.17395	0.00714	0.1164	0.43406	1.0	0.00031	
0.00012	0.0	0.00015	0.00025	0.00011	6e-05	0.0	0.0	0.0	0.0	0.0	0.0	0.0	0.0	0.0	0.0	0.0	0.00018	0.00018	0.0	0.0	0.0	0.0	0.00018	0.00119	0.0	0.0	0.0	0.0	0.0	0.00012	7e-05	0.0001	5e-05	0.00011	0.00088	0.00025	4e-05	0.00019	8e-05	0.00018	0.00021	0.00018	0.00016	0.00025	0.00034	0.00031	0.0	0.0	0.0	0.00027	8e-05	0.00018	0.0	0.00069	8e-05	0.00013	0.0	0.00026	0.0	0.0	0.0	0.00012	0.00019	0.0	0.0	0.0	0.00012	6e-05	0.0	0.00011	0.00025	0.00031	0.0	
0.00012	0.0	0.00015	0.00025	0.00011	6e-05	0.0	0.0	0.0	0.0	0.0	0.0	0.0	0.0	0.0	0.0	0.0	0.00018	0.00018	0.0	0.0	0.0	0.0	0.00018	0.00119	0.0	0.0	0.0	0.0	0.0	0.00012	7e-05	0.0001	5e-05	0.00011	0.00088	0.00025	4e-05	0.00019	8e-05	0.00018	0.00021	0.00018	0.00016	0.00025	0.00034	0.00031	0.0	0.0	0.0	0.00027	8e-05	0.00018	0.0	0.00069	8e-05	0.00013	0.0	0.00026	0.0	0.0	0.0	0.00012	0.00019	0.0	0.0	0.0	0.00012	6e-05	0.0	0.00011	0.00025	0.00031	0.0	
0.00012	0.0	0.00015	0.00025	0.00011	6e-05	0.0	0.0	0.0	0.0	0.0	0.0	0.0	0.0	0.0	0.0	0.0	0.00018	0.00018	0.0	0.0	0.0	0.0	0.00018	0.00119	0.0	0.0	0.0	0.0	0.0	0.00012	7e-05	0.0001	5e-05	0.00011	0.00088	0.00025	4e-05	0.00019	8e-05	0.00018	0.00021	0.00018	0.00016	0.00025	0.00034	0.00031	0.0	0.0	0.0	0.00027	8e-05	0.00018	0.0	0.00069	8e-05	0.00013	0.0	0.00026	0.0	0.0	0.0	0.00012	0.00019	0.0	0.0	0.0	0.00012	6e-05	0.0	0.00011	0.00025	0.00031	0.0	
0.00527	0.00027	0.00032	0.20166	0.00073	0.00768	0.00027	0.00027	0.00027	0.00027	0.00027	0.00027	0.00027	0.00027	0.00027	0.00027	0.00027	0.03209	0.03209	0.0	0.0	0.00027	0.00027	0.03209	0.09529	0.00027	0.00027	0.00027	0.00027	0.00027	0.20767	0.12009	0.02199	0.14941	0.00964	0.37964	0.23819	0.15521	0.18663	0.03857	0.15006	0.11458	0.03209	0.02087	0.20166	0.12791	0.25012	0.00027	0.00027	0.00027	0.0	0.1211	0.03209	0.00027	0.15721	0.06287	0.08008	0.00027	0.17819	0.00027	0.00027	0.00027	0.00016	0.0203	0.01447	0.00027	0.00027	0.00016	0.05709	0.01447	0.00073	0.23819	0.25012	0.00027	
0.36701	8e-05	0.32905	0.4944	0.35672	0.33152	8e-05	8e-05	8e-05	8e-05	8e-05	8e-05	8e-05	8e-05	8e-05	8e-05	8e-05	0.57077	0.57077	0.0	0.0	8e-05	8e-05	0.57077	0.60384	8e-05	8e-05	8e-05	8e-05	8e-05	0.26068	0.3939	0.6749	0.20765	0.30066	1.78521	0.3415	0.60386	0.3555	0.35735	0.19889	0.3992	0.57077	0.10522	0.4944	0.2556	0.1632	8e-05	8e-05	8e-05	0.1211	0.0	0.57077	8e-05	0.53095	0.57527	0.17042	8e-05	0.22957	8e-05	8e-05	8e-05	0.32905	0.53345	0.04599	8e-05	8e-05	0.32905	0.56815	0.04599	0.35672	0.3415	0.1632	8e-05	
0.20058	0.00018	0.30024	0.19432	0.31923	0.29775	0.00018	0.00018	0.00018	0.00018	0.00018	0.00018	0.00018	0.00018	0.00018	0.00018	0.00018	0.99993	0.99993	0.0	0.0	0.00018	0.00018	0.99993	0.71482	0.00018	0.00018	0.00018	0.00018	0.00018	0.12852	0.37586	1.01042	0.1492	0.39006	1.38941	0.22934	0.29693	0.04479	0.00013	0.07873	0.57033	0.99993	0.15032	0.19432	0.12575	0.0681	0.00018	0.00018	0.00018	0.03209	0.57077	0.0	0.00018	0.37847	0.61094	0.07887	0.00018	0.17491	0.00018	0.00018	0.00018	0.28735	0.32019	0.01519	0.00018	0.00018	0.28735	0.21863	0.01519	0.31923	0.22934	0.0681	0.00018	
0.00012	0.0	0.00015	0.00025	0.00011	6e-05	0.0	0.0	0.0	0.0	0.0	0.0	0.0	0.0	0.0	0.0	0.0	0.00018	0.00018	0.0	0.0	0.0	0.0	0.00018	0.00119	0.0	0.0	0.0	0.0	0.0	0.00012	7e-05	0.0001	5e-05	0.00011	0.00088	0.00025	4e-05	0.00019	8e-05	0.00018	0.00021	0.00018	0.00016	0.00025	0.00034	0.00031	0.0	0.0	0.0	0.00027	8e-05	0.00018	0.0	0.00069	8e-05	0.00013	0.0	0.00026	0.0	0.0	0.0	0.00012	0.00019	0.0	0.0	0.0	0.00012	6e-05	0.0	0.00011	0.00025	0.00031	0.0	
0.14327	0.00069	0.66895	0.83699	0.6478	0.31642	0.00069	0.00069	0.00069	0.00069	0.00069	0.00069	0.00069	0.00069	0.00069	0.00069	0.00069	0.37847	0.37847	0.0	0.0	0.00069	0.00069	0.37847	0.53033	0.00069	0.00069	0.00069	0.00069	0.00069	0.5388	0.37731	1.1433	1.5751	0.87475	0.0	0.58257	0.71888	0.49527	0.24823	0.52904	0.53224	0.37847	0.28461	0.83699	1.0573	0.15228	0.00069	0.00069	0.00069	0.15721	0.53095	0.37847	0.00069	0.0	0.45443	0.18853	0.00069	0.4194	0.00069	0.00069	0.00069	0.25487	0.0	0.07494	0.00069	0.00069	0.25487	0.59644	0.07494	0.6478	0.58257	0.15228	0.00069	
0.35409	8e-05	0.27548	0.44841	0.28356	0.61871	8e-05	8e-05	8e-05	8e-05	8e-05	8e-05	8e-05	8e-05	8e-05	8e-05	8e-05	0.61094	0.61094	0.0	0.0	8e-05	8e-05	0.61094	0.45977	8e-05	8e-05	8e-05	8e-05	8e-05	0.42703	0.70482	0.63848	0.20699	0.27728	1.55519	0.29551	0.55682	0.1227	0.09497	0.15801	0.58681	0.61094	0.24209	0.44841	0.20961	0.09481	8e-05	8e-05	8e-05	0.06287	0.57527	0.61094	8e-05	0.45443	0.0	0.46783	8e-05	0.46622	8e-05	8e-05	8e-05	0.67631	0.75941	0.3039	8e-05	8e-05	0.67631	0.51458	0.3039	0.28356	0.29551	0.09481	8e-05	
0.10678	0.00013	0.1436	0.38456	0.13688	0.17966	0.00013	0.00013	0.00013	0.00013	0.00013	0.00013	0.00013	0.00013	0.00013	0.00013	0.00013	0.07887	0.07887	0.0	0.0	0.00013	0.00013	0.07887	0.10761	0.00013	0.00013	0.00013	0.00013	0.00013	0.54431	0.25483	0.12083	0.07595	0.08077	0.32068	0.19226	0.20131	0.08726	0.13395	0.13443	0.17923	0.07887	0.08305	0.38456	0.06868	0.04069	0.00013	0.00013	0.00013	0.08008	0.17042	0.07887	0.00013	0.18853	0.46783	0.0	0.00013	0.48871	0.00013	0.00013	0.00013	0.14423	0.2228	0.0	0.00013	0.00013	0.14423	0.10973	0.0	0.13688	0.19226	0.04069	0.00013	
0.00012	0.0	0.00015	0.00025	0.00011	6e-05	0.0	0.0	0.0	0.0	0.0	0.0	0.0	0.0	0.0	0.0	0.0	0.00018	0.00018	0.0	0.0	0.0	0.0	0.00018	0.00119	0.0	0.0	0.0	0.0	0.0	0.00012	7e-05	0.0001	5e-05	0.00011	0.00088	0.00025	4e-05	0.00019	8e-05	0.00018	0.00021	0.00018	0.00016	0.00025	0.00034	0.00031	0.0	0.0	0.0	0.00027	8e-05	0.00018	0.0	0.00069	8e-05	0.00013	0.0	0.00026	0.0	0.0	0.0	0.00012	0.00019	0.0	0.0	0.0	0.00012	6e-05	0.0	0.00011	0.00025	0.00031	0.0	
0.08337	0.00026	0.13276	0.50773	0.09402	0.2407	0.00026	0.00026	0.00026	0.00026	0.00026	0.00026	0.00026	0.00026	0.00026	0.00026	0.00026	0.17491	0.17491	0.0	0.0	0.00026	0.00026	0.17491	0.30372	0.00026	0.00026	0.00026	0.00026	0.00026	0.41448	0.30046	0.20306	0.22885	0.1452	0.8718	0.34548	0.24891	0.13872	0.0926	0.17533	0.35917	0.17491	0.05775	0.50773	0.33694	0.07754	0.00026	0.00026	0.00026	0.17819	0.22957	0.17491	0.00026	0.4194	0.46622	0.48871	0.00026	0.0	0.00026	0.00026	0.00026	0.22386	0.42638	0.33054	0.00026	0.00026	0.22386	0.18121	0.33054	0.09402	0.34548	0.07754	0.00026	
0.00012	0.0	0.00015	0.00025	0.00011	6e-05	0.0	0.0	0.0	0.0	0.0	0.0	0.0	0.0	0.0	0.0	0.0	0.00018	0.00018	0.0	0.0	0.0	0.0	0.00018	0.00119	0.0	0.0	0.0	0.0	0.0	0.00012	7e-05	0.0001	5e-05	0.00011	0.00088	0.00025	4e-05	0.00019	8e-05	0.00018	0.00021	0.00018	0.00016	0.00025	0.00034	0.00031	0.0	0.0	0.0	0.00027	8e-05	0.00018	0.0	0.00069	8e-05	0.00013	0.0	0.00026	0.0	0.0	0.0	0.00012	0.00019	0.0	0.0	0.0	0.00012	6e-05	0.0	0.00011	0.00025	0.00031	0.0	
0.00012	0.0	0.00015	0.00025	0.00011	6e-05	0.0	0.0	0.0	0.0	0.0	0.0	0.0	0.0	0.0	0.0	0.0	0.00018	0.00018	0.0	0.0	0.0	0.0	0.00018	0.00119	0.0	0.0	0.0	0.0	0.0	0.00012	7e-05	0.0001	5e-05	0.00011	0.00088	0.00025	4e-05	0.00019	8e-05	0.00018	0.00021	0.00018	0.00016	0.00025	0.00034	0.00031	0.0	0.0	0.0	0.00027	8e-05	0.00018	0.0	0.00069	8e-05	0.00013	0.0	0.00026	0.0	0.0	0.0	0.00012	0.00019	0.0	0.0	0.0	0.00012	6e-05	0.0	0.00011	0.00025	0.00031	0.0	
0.00012	0.0	0.00015	0.00025	0.00011	6e-05	0.0	0.0	0.0	0.0	0.0	0.0	0.0	0.0	0.0	0.0	0.0	0.00018	0.00018	0.0	0.0	0.0	0.0	0.00018	0.00119	0.0	0.0	0.0	0.0	0.0	0.00012	7e-05	0.0001	5e-05	0.00011	0.00088	0.00025	4e-05	0.00019	8e-05	0.00018	0.00021	0.00018	0.00016	0.00025	0.00034	0.00031	0.0	0.0	0.0	0.00027	8e-05	0.00018	0.0	0.00069	8e-05	0.00013	0.0	0.00026	0.0	0.0	0.0	0.00012	0.00019	0.0	0.0	0.0	0.00012	6e-05	0.0	0.00011	0.00025	0.00031	0.0	
0.4811	0.00012	0.02926	0.23702	0.03568	0.70316	0.00012	0.00012	0.00012	0.00012	0.00012	0.00012	0.00012	0.00012	0.00012	0.00012	0.00012	0.28735	0.28735	0.0	0.0	0.00012	0.00012	0.28735	0.19547	0.00012	0.00012	0.00012	0.00012	0.00012	0.17869	0.66572	0.26806	0.23509	0.16832	1.08256	0.08412	0.50843	0.11139	0.04467	0.08169	0.33893	0.28735	0.32187	0.23702	0.2658	0.12614	0.00012	0.00012	0.00012	0.00016	0.32905	0.28735	0.00012	0.25487	0.67631	0.14423	0.00012	0.22386	0.00012	0.00012	0.00012	0.0	1.16706	0.0409	0.00012	0.00012	0.99985	0.68266	0.0409	0.03568	0.08412	0.12614	0.00012	
0.89272	0.00019	0.17024	0.50801	0.18177	2.16638	0.00019	0.00019	0.00019	0.00019	0.00019	0.00019	0.00019	0.00019	0.00019	0.00019	0.00019	0.32019	0.32019	0.0	0.0	0.00019	0.00019	0.32019	0.0	0.00019	0.00019	0.00019	0.00019	0.00019	0.35226	0.94153	0.25626	0.58424	0.36374	0.70654	0.30322	0.94146	0.27554	0.0763	0.47599	0.55455	0.32019	0.71192	0.50801	0.68728	0.30679	0.00019	0.00019	0.00019	0.0203	0.53345	0.32019	0.00019	0.0	0.75941	0.2228	0.00019	0.42638	0.00019	0.00019	0.00019	1.16706	0.0	0.08341	0.00019	0.00019	1.16706	1.16694	0.08341	0.18177	0.30322	0.30679	0.00019	
0.02745	0.0	0.03489	0.21615	0.03771	0.05187	0.0	0.0	0.0	0.0	0.0	0.0	0.0	0.0	0.0	0.0	0.0	0.01519	0.01519	0.0	0.0	0.0	0.0	0.01519	0.04441	0.0	0.0	0.0	0.0	0.0	0.41294	0.09259	0.03493	0.01813	0.0216	0.00087	0.05024	0.06429	0.01871	0.03529	0.0285	0.04491	0.01519	0.01644	0.21615	0.01653	0.00714	0.0	0.0	0.0	0.01447	0.04599	0.01519	0.0	0.07494	0.3039	0.0	0.0	0.33054	0.0	0.0	0.0	0.0409	0.08341	0.0	0.0	0.0	0.0409	0.02569	0.0	0.03771	0.05024	0.00714	0.0	
0.00012	0.0	0.00015	0.00025	0.00011	6e-05	0.0	0.0	0.0	0.0	0.0	0.0	0.0	0.0	0.0	0.0	0.0	0.00018	0.00018	0.0	0.0	0.0	0.0	0.00018	0.00119	0.0	0.0	0.0	0.0	0.0	0.00012	7e-05	0.0001	5e-05	0.00011	0.00088	0.00025	4e-05	0.00019	8e-05	0.00018	0.00021	0.00018	0.00016	0.00025	0.00034	0.00031	0.0	0.0	0.0	0.00027	8e-05	0.00018	0.0	0.00069	8e-05	0.00013	0.0	0.00026	0.0	0.0	0.0	0.00012	0.00019	0.0	0.0	0.0	0.00012	6e-05	0.0	0.00011	0.00025	0.00031	0.0	
0.00012	0.0	0.00015	0.00025	0.00011	6e-05	0.0	0.0	0.0	0.0	0.0	0.0	0.0	0.0	0.0	0.0	0.0	0.00018	0.00018	0.0	0.0	0.0	0.0	0.00018	0.00119	0.0	0.0	0.0	0.0	0.0	0.00012	7e-05	0.0001	5e-05	0.00011	0.00088	0.00025	4e-05	0.00019	8e-05	0.00018	0.00021	0.00018	0.00016	0.00025	0.00034	0.00031	0.0	0.0	0.0	0.00027	8e-05	0.00018	0.0	0.00069	8e-05	0.00013	0.0	0.00026	0.0	0.0	0.0	0.00012	0.00019	0.0	0.0	0.0	0.00012	6e-05	0.0	0.00011	0.00025	0.00031	0.0	
0.4811	0.00012	0.02926	0.23702	0.03568	0.70316	0.00012	0.00012	0.00012	0.00012	0.00012	0.00012	0.00012	0.00012	0.00012	0.00012	0.00012	0.28735	0.28735	0.0	0.0	0.00012	0.00012	0.28735	0.19547	0.00012	0.00012	0.00012	0.00012	0.00012	0.17869	0.66572	0.26806	0.23509	0.16832	1.08256	0.08412	0.50843	0.11139	0.04467	0.08169	0.33893	0.28735	0.32187	0.23702	0.2658	0.12614	0.00012	0.00012	0.00012	0.00016	0.32905	0.28735	0.00012	0.25487	0.67631	0.14423	0.00012	0.22386	0.00012	0.00012	0.00012	0.99985	1.16706	0.0409	0.00012	0.00012	0.0	0.68266	0.0409	0.03568	0.08412	0.12614	0.00012	
0.48777	6e-05	0.26836	0.44229	0.08849	0.52997	6e-05	6e-05	6e-05	6e-05	6e-05	6e-05	6e-05	6e-05	6e-05	6e-05	6e-05	0.21863	0.21863	0.0	0.0	6e-05	6e-05	0.21863	0.2442	6e-05	6e-05	6e-05	6e-05	6e-05	0.20858	0.50843	0.23066	0.48768	0.15158	1.31248	0.2894	0.74467	0.3283	0.28757	0.28513	0.3471	0.21863	0.3354	0.44229	0.52609	0.17395	6e-05	6e-05	6e-05	0.05709	0.56815	0.21863	6e-05	0.59644	0.51458	0.10973	6e-05	0.18121	6e-05	6e-05	6e-05	0.68266	1.16694	0.02569	6e-05	6e-05	0.68266	0.0	0.02569	0.08849	0.2894	0.17395	6e-05	
0.02745	0.0	0.03489	0.21615	0.03771	0.05187	0.0	0.0	0.0	0.0	0.0	0.0	0.0	0.0	0.0	0.0	0.0	0.01519	0.01519	0.0	0.0	0.0	0.0	0.01519	0.04441	0.0	0.0	0.0	0.0	0.0	0.41294	0.09259	0.03493	0.01813	0.0216	0.00087	0.05024	0.06429	0.01871	0.03529	0.0285	0.04491	0.01519	0.01644	0.21615	0.01653	0.00714	0.0	0.0	0.0	0.01447	0.04599	0.01519	0.0	0.07494	0.3039	0.0	0.0	0.33054	0.0	0.0	0.0	0.0409	0.08341	0.0	0.0	0.0	0.0409	0.02569	0.0	0.03771	0.05024	0.00714	0.0	
0.00729	0.00011	0.04056	0.23657	0.99983	0.07913	0.00011	0.00011	0.00011	0.00011	0.00011	0.00011	0.00011	0.00011	0.00011	0.00011	0.00011	0.31923	0.31923	0.0	0.0	0.00011	0.00011	0.31923	1.22357	0.00011	0.00011	0.00011	0.00011	0.00011	0.24687	0.13688	1.02844	0.15873	0.40339	1.11621	0.08367	0.17075	0.22752	0.04809	0.07411	0.3384	0.31923	0.28963	0.23657	0.17553	0.1164	0.00011	0.00011	0.00011	0.00073	0.35672	0.31923	0.00011	0.6478	0.28356	0.13688	0.00011	0.09402	0.00011	0.00011	0.00011	0.03568	0.18177	0.03771	0.00011	0.00011	0.03568	0.08849	0.03771	0.0	0.08367	0.1164	0.00011	
0.13894	0.00025	0.68809	0.80798	0.08367	0.11607	0.00025	0.00025	0.00025	0.00025	0.00025	0.00025	0.00025	0.00025	0.00025	0.00025	0.00025	0.22934	0.22934	0.0	0.0	0.00025	0.00025	0.22934	0.23033	0.00025	0.00025	0.00025	0.00025	0.00025	0.51402	0.16685	0.23318	0.14651	0.14974	1.67705	1.00023	0.35027	0.31614	0.09351	0.61781	0.58448	0.22934	0.23745	0.80798	0.19868	0.43406	0.00025	0.00025	0.00025	0.23819	0.3415	0.22934	0.00025	0.58257	0.29551	0.19226	0.00025	0.34548	0.00025	0.00025	0.00025	0.08412	0.30322	0.05024	0.00025	0.00025	0.08412	0.2894	0.05024	0.08367	0.0	0.43406	0.00025	
0.17358	0.00031	0.12193	0.35066	0.1164	0.09766	0.00031	0.00031	0.00031	0.00031	0.00031	0.00031	0.00031	0.00031	0.00031	0.00031	0.00031	0.0681	0.0681	0.0	0.0	0.00031	0.00031	0.0681	0.08859	0.00031	0.00031	0.00031	0.00031	0.00031	0.49631	0.09366	0.10152	0.06384	0.06821	1.13443	0.43406	0.13577	0.45701	0.13573	0.42906	0.15527	0.0681	0.2376	0.35066	0.05892	1.0	0.00031	0.00031	0.00031	0.25012	0.1632	0.0681	0.00031	0.15228	0.09481	0.04069	0.00031	0.07754	0.00031	0.00031	0.00031	0.12614	0.30679	0.00714	0.00031	0.00031	0.12614	0.17395	0.00714	0.1164	0.43406	0.0	0.00031	
0.00012	0.0	0.00015	0.00025	0.00011	6e-05	0.0	0.0	0.0	0.0	0.0	0.0	0.0	0.0	0.0	0.0	0.0	0.00018	0.00018	0.0	0.0	0.0	0.0	0.00018	0.00119	0.0	0.0	0.0	0.0	0.0	0.00012	7e-05	0.0001	5e-05	0.00011	0.00088	0.00025	4e-05	0.00019	8e-05	0.00018	0.00021	0.00018	0.00016	0.00025	0.00034	0.00031	0.0	0.0	0.0	0.00027	8e-05	0.00018	0.0	0.00069	8e-05	0.00013	0.0	0.00026	0.0	0.0	0.0	0.00012	0.00019	0.0	0.0	0.0	0.00012	6e-05	0.0	0.00011	0.00025	0.00031	0.0	
