0.0	0.27647	0.02983	0.01354	0.02018	0.0083	9e-05	0.0	0.23694	0.38481	0.08778	0.01947	0.10774	0.10364	0.0	0.0	0.03131	0.06379	9e-05	0.01761	9e-05	9e-05	0.01855	0.0	9e-05	0.02983	9e-05	0.15736	0.0	0.0	0.0709	0.12174	0.11205	0.06678	0.02706	0.03912	0.06986	0.23114	0.49182	0.03068	0.0	0.18856	9e-05	0.02661	0.07749	0.0013	9e-05	0.25017	9e-05	0.02981	0.0	0.42447	0.03763	0.0317	0.06868	0.03344	0.0	0.01629	0.02735	0.02486	0.0	0.0	0.0	0.0	0.0	0.02576	0.0325	0.04714	0.03236	0.04978	0.0	0.0	0.0	0.0	0.01868	9e-05	0.01133	9e-05	0.02067	0.02946	9e-05	0.35523	0.01354	0.0	0.0	0.0	0.10724	0.05445	9e-05	0.04925	0.07494	0.18856	0.02219	9e-05	0.02389	0.08677	0.03193	0.04668	9e-05	9e-05	0.02327	0.01759	9e-05	0.01354	0.01354	9e-05	9e-05	9e-05	0.33317	0.06401	0.08742	0.02645	0.06802	0.03628	0.03068	0.06752	0.0	0.0	0.0	0.0	0.08456	0.21199	0.02458	0.09035	0.0345	0.01331	0.02629	0.02017	0.01664	9e-05	0.25017	0.18149	9e-05	9e-05	0.01133	9e-05	9e-05	0.01143	9e-05	0.20818	0.40967	0.23114	0.02745	0.02981	0.02706	9e-05	0.18856	0.18856	9e-05	0.03762	9e-05	0.06848	9e-05	0.14555	0.05015	0.061	
0.27647	0.0	0.41979	0.00959	0.01438	0.00594	0.00012	0.0	0.16088	0.25619	0.30133	0.09286	0.32596	0.14054	0.0	0.0	0.15644	0.30406	0.00012	0.01239	0.00012	0.00012	0.0133	0.0	0.00012	0.41979	0.00012	0.18661	0.0	0.0	0.02177	0.36949	0.28498	0.38563	0.14311	0.15507	0.25447	1.02657	1.03895	0.26153	0.0	0.0153	0.00012	0.08121	0.02113	0.00079	0.00012	0.62034	0.00012	0.41651	0.0	0.68801	0.02687	0.02256	0.24864	0.02355	0.0	0.16263	0.14101	0.18016	0.0	0.0	0.0	0.0	0.0	0.01824	0.02291	0.0372	0.11238	0.22681	0.0	0.0	0.0	0.0	0.01355	0.00012	0.00817	0.00012	0.13549	0.02084	0.00012	1.16039	0.00969	0.0	0.0	0.0	0.08146	0.03836	0.00012	0.03471	0.05086	0.0153	0.0159	0.00012	0.0171	0.50858	0.32642	0.15728	0.00012	0.00012	0.03244	0.01249	0.00012	0.00969	0.00969	0.00012	0.00012	0.00012	0.26178	0.05765	0.0721	0.01885	0.02798	0.28772	0.1591	0.13715	0.0	0.0	0.0	0.0	0.32424	0.48451	0.17492	0.27608	0.23505	0.00947	0.02063	0.03377	0.10408	0.00012	0.62034	0.64146	0.00012	0.00012	0.00817	0.00012	0.00012	0.00837	0.00012	0.82705	0.36756	1.02657	0.01967	0.41651	0.04155	0.00012	0.0153	0.0153	0.00012	0.02657	0.00012	0.04819	0.00012	0.25981	0.08907	0.18056	
0.02983	0.41979	0.0	0.00825	0.01176	0.00531	0.00017	0.0	0.09586	0.13893	0.02086	0.13723	0.17129	0.11831	0.0	0.0	0.27103	0.2204	0.00017	0.01043	0.00017	0.00017	0.01094	0.0	0.00017	0.99992	0.00017	0.10322	0.0	0.0	0.01699	0.01871	0.14538	0.33649	0.03268	0.25801	0.15132	0.51616	0.52088	0.55629	0.0	0.01239	0.00017	0.09254	0.01653	0.00031	0.00017	0.01497	0.00017	0.99986	0.0	0.31324	0.02047	0.01753	0.10852	0.01757	0.0	0.09041	0.10831	0.12948	0.0	0.0	0.0	0.0	0.0	0.01414	0.01716	0.03209	0.04385	0.37186	0.0	0.0	0.0	0.0	0.01112	0.00017	0.00705	0.00017	0.24368	0.01638	0.00017	0.31085	0.00825	0.0	0.0	0.0	0.15625	0.02737	0.00017	0.02428	0.0376	0.01239	0.01283	0.00017	0.0137	0.41614	0.67259	0.09452	0.00017	0.00017	0.02423	0.0104	0.00017	0.00825	0.00825	0.00017	0.00017	0.00017	0.14541	0.07043	0.04845	0.01445	0.0237	0.55402	0.0321	0.17859	0.0	0.0	0.0	0.0	0.3717	0.01691	0.33166	0.15322	0.3846	0.00811	0.02615	0.02512	0.07927	0.00017	0.01497	0.25029	0.00017	0.00017	0.00705	0.00017	0.00017	0.0072	0.00017	0.30775	0.18254	0.51616	0.01551	0.99986	0.03095	0.00017	0.01239	0.01239	0.00017	0.01974	0.00017	0.03461	0.00017	0.08132	0.06252	0.10723	
0.01354	0.00959	0.00825	0.0	0.0066	0.00336	0.0002	0.0	0.02483	0.01726	0.01068	0.01566	0.015	0.03954	0.0	0.0	0.01341	0.01449	0.0002	0.00598	0.0002	0.0002	0.00626	0.0	0.0002	0.00825	0.0002	0.08182	0.0	0.0	0.00904	0.00988	0.10386	0.01431	0.01548	0.01514	0.01912	0.01061	0.05996	0.0941	0.0	0.00703	0.0002	0.02286	0.00889	0.00041	0.0002	0.00822	0.0002	0.00821	0.0	0.01325	0.01076	0.00931	0.02111	0.00907	0.0	0.03808	0.02445	0.02092	0.0	0.0	0.0	0.0	0.0	0.0074	0.00886	0.30748	0.08336	0.01432	0.0	0.0	0.0	0.0	0.0065	0.0002	0.00432	0.0002	0.12985	0.00871	0.0002	0.00965	0.99964	0.0	0.0	0.0	0.11859	0.01326	0.0002	0.13565	0.0663	0.00703	0.38338	0.0002	0.00758	0.01349	0.00972	0.17678	0.0002	0.0002	0.13532	0.00593	0.0002	0.99964	0.99964	0.0002	0.0002	0.0002	0.01681	0.08522	0.03951	0.00775	0.18039	0.01035	0.01558	0.06452	0.0	0.0	0.0	0.0	0.34379	0.00872	0.01146	0.01632	0.01528	0.00482	1.05032	0.01276	0.03407	0.0002	0.00822	0.01253	0.0002	0.0002	0.00432	0.0002	0.0002	0.00454	0.0002	0.01266	0.01471	0.01061	0.00847	0.00821	0.08546	0.0002	0.00703	0.00703	0.0002	0.0099	0.0002	0.0169	0.0002	0.04158	0.03104	0.02052	
0.02018	0.01438	0.01176	0.0066	0.0	0.00436	0.00019	0.0	0.03912	0.0268	0.01565	0.02438	0.02298	0.04301	0.0	0.0	0.02056	0.02254	0.00019	0.00822	0.00019	0.00019	0.00861	0.0	0.00019	0.01176	0.00019	0.03171	0.0	0.0	0.01296	0.01421	0.23997	0.02215	0.02362	0.1276	0.10526	0.01589	0.02331	0.0251	0.0	0.00971	0.00019	0.03548	0.01266	0.00104	0.00019	0.01157	0.00019	0.01172	0.0	0.02024	0.0155	0.01336	0.03313	0.01345	0.0	0.06482	0.07422	0.03247	0.0	0.0	0.0	0.0	0.0	0.01071	0.01311	0.02699	0.03185	0.02219	0.0	0.0	0.0	0.0	0.00882	0.00019	0.34534	0.00019	0.15853	0.0125	0.00019	0.01408	0.00661	0.0	0.0	0.0	0.02513	0.15009	0.00019	0.04703	0.0277	0.00971	0.11168	0.00019	0.01063	0.02052	0.13387	0.03228	0.00019	0.00019	0.21936	0.00818	0.00019	0.00661	0.00661	0.00019	0.00019	0.00019	0.02572	0.07633	0.06268	0.41794	0.32117	0.16739	0.02376	0.04807	0.0	0.0	0.0	0.0	0.11641	0.01271	0.06054	0.02491	0.0234	0.0065	0.02762	0.20666	0.06371	0.00019	0.01157	0.01885	0.00019	0.00019	0.34534	0.00019	0.00019	0.34558	0.00019	0.0187	0.02242	0.01589	0.01195	0.01172	0.02296	0.00019	0.00971	0.00971	0.00019	0.01466	0.00019	0.12648	0.00019	0.04773	0.04344	0.03188	
0.0083	0.00594	0.00531	0.00336	0.00436	0.0	0.00028	0.0	0.01452	0.01017	0.00666	0.0092	0.00895	0.01574	0.0	0.0	0.008	0.00852	0.00028	0.00402	0.00028	0.00028	0.00421	0.0	0.00028	0.00531	0.00028	0.03678	0.0	0.0	0.0058	0.00634	0.01327	0.00848	0.00932	0.00907	0.01165	0.0065	0.00912	0.0104	0.0	0.00473	0.00028	0.01359	0.00576	0.00057	0.00028	0.00541	0.00028	0.00526	0.0	0.00807	0.00691	0.00598	0.01246	0.00574	0.0	0.02304	0.05685	0.01251	0.0	0.0	0.0	0.0	0.0	0.00468	0.00561	0.01919	0.10806	0.0086	0.0	0.0	0.0	0.0	0.0045	0.00028	0.00305	0.00028	0.00779	0.00556	0.00028	0.00639	0.00337	0.0	0.0	0.0	0.01628	0.11051	0.00028	0.00704	0.15534	0.00473	0.00477	0.00028	0.005	0.00817	0.00604	0.01254	0.00028	0.00028	0.00779	0.00396	0.00028	0.00337	0.00337	0.00028	0.00028	0.00028	0.01013	0.09615	0.01333	0.00506	0.01169	0.00631	0.0096	0.01386	0.0	0.0	0.0	0.0	0.05091	0.00551	0.00697	0.00984	0.00918	0.00331	0.03433	0.00801	0.01855	0.00028	0.00541	0.00763	0.00028	0.00028	0.00305	0.00028	0.00028	0.00332	0.00028	0.00787	0.00889	0.0065	0.00556	0.00526	0.01039	0.00028	0.00473	0.00473	0.00028	0.00614	0.00028	0.01035	0.00028	0.01763	0.03629	0.01215	
9e-05	0.00012	0.00017	0.0002	0.00019	0.00028	0.0	0.0	7e-05	3e-05	7e-05	2e-05	3e-05	3e-05	0.0	0.0	9e-05	5e-05	0.0	0.00023	0.0	0.0	0.00032	0.0	0.0	0.00017	0.0	2e-05	0.0	0.0	0.00027	0.00042	0.0046	0.00016	0.00026	0.00031	0.00044	0.00025	0.00012	0.00014	0.0	0.00052	0.0	0.0005	0.0004	0.0	0.0	0.0005	0.0	0.00011	0.0	0.00031	0.00062	0.00033	0.00039	0.0003	0.0	0.00104	0.00045	0.00031	0.0	0.0	0.0	0.0	0.0	0.00015	0.00028	0.01489	0.00331	0.0003	0.0	0.0	0.0	0.0	0.00074	0.0	0.00033	0.0	0.00014	0.00015	0.0	0.00057	0.00022	0.0	0.0	0.0	0.01119	0.0004	0.0	0.00046	0.00222	0.00052	0.00038	0.0	0.00039	0.00034	0.0001	0.00075	0.0	0.0	0.0005	0.00014	0.0	0.00022	0.00022	0.0	0.0	0.0	0.00046	0.13209	0.0011	0.00052	0.00699	7e-05	0.0007	0.00203	0.0	0.0	0.0	0.0	0.0153	0.00035	0.00022	0.00035	0.00034	0.00018	0.0509	0.00049	0.00088	0.0	0.0005	0.00022	0.0	0.0	0.00033	0.0	0.0	0.00081	0.0	0.00027	0.00035	0.00025	0.00051	0.00011	0.00255	0.0	0.00052	0.00052	0.0	0.00024	0.0	0.00039	0.0	0.00094	0.00071	0.00031	
0.0	0.0	0.0	0.0	0.0	0.0	0.0	0.0	0.0	0.0	0.0	0.0	0.0	0.0	0.0	0.0	0.0	0.0	0.0	0.0	0.0	0.0	0.0	0.0	0.0	0.0	0.0	0.0	0.0	0.0	0.0	0.0	0.0	0.0	0.0	0.0	0.0	0.0	0.0	0.0	0.0	0.0	0.0	0.0	0.0	0.0	0.0	0.0	0.0	0.0	0.0	0.0	0.0	0.0	0.0	0.0	0.0	0.0	0.0	0.0	0.0	0.0	0.0	0.0	0.0	0.0	0.0	0.0	0.0	0.0	0.0	0.0	0.0	0.0	0.0	0.0	0.0	0.0	0.0	0.0	0.0	0.0	0.0	0.0	0.0	0.0	0.0	0.0	0.0	0.0	0.0	0.0	0.0	0.0	0.0	0.0	0.0	0.0	0.0	0.0	0.0	0.0	0.0	0.0	0.0	0.0	0.0	0.0	0.0	0.0	0.0	0.0	0.0	0.0	0.0	0.0	0.0	0.0	0.0	0.0	0.0	0.0	0.0	0.0	0.0	0.0	0.0	0.0	0.0	0.0	0.0	0.0	0.0	0.0	0.0	0.0	0.0	0.0	0.0	0.0	0.0	0.0	0.0	0.0	0.0	0.0	0.0	0.0	0.0	0.0	0.0	0.0	0.0	0.0	0.0	0.0	
0.23694	0.16088	0.09586	0.02483	0.03912	0.01452	7e-05	0.0	0.0	0.34121	0.10016	0.17934	0.10822	0.14195	0.0	0.0	0.33061	0.07145	7e-05	0.05719	7e-05	7e-05	0.12084	0.0	7e-05	0.09586	7e-05	0.18605	0.0	0.0	0.02549	0.04182	0.14784	0.1244	0.05961	0.0962	0.06631	0.1846	0.24595	0.07406	0.0	0.07018	7e-05	0.22502	0.02738	0.01388	7e-05	0.09155	7e-05	0.096	0.0	0.18204	0.41458	0.11334	0.13978	0.31275	0.0	0.1023	0.11409	0.12308	0.0	0.0	0.0	0.0	0.0	0.06207	0.17637	0.08279	0.18256	0.19758	0.0	0.0	0.0	0.0	0.12102	7e-05	0.02042	7e-05	0.05763	0.06376	7e-05	0.14071	0.0249	0.0	0.0	0.0	0.14313	0.05745	7e-05	0.28891	0.06418	0.07018	0.0436	7e-05	0.17246	0.20627	0.1052	0.30427	7e-05	7e-05	0.0219	0.05525	7e-05	0.0249	0.0249	7e-05	7e-05	7e-05	0.26664	0.03596	0.18687	0.1281	0.04047	0.11484	0.2743	0.17095	0.0	0.0	0.0	0.0	0.4507	0.09785	0.05672	0.23899	0.13112	0.0244	0.03108	0.02305	0.06344	7e-05	0.09155	0.19707	7e-05	7e-05	0.02042	7e-05	7e-05	0.02054	7e-05	0.20429	0.36103	0.1846	0.07373	0.096	0.1483	7e-05	0.07018	0.07018	7e-05	0.11535	7e-05	0.03917	7e-05	0.17633	0.11656	0.18706	
0.38481	0.25619	0.13893	0.01726	0.0268	0.01017	3e-05	0.0	0.34121	0.0	0.05122	0.24992	0.16527	0.15772	0.0	0.0	0.13538	0.10741	3e-05	0.02303	3e-05	3e-05	0.02437	0.0	3e-05	0.13893	3e-05	0.31763	0.0	0.0	0.04086	0.06739	0.18342	0.19681	0.03931	0.22416	0.10535	0.28535	0.509	0.15599	0.0	0.09997	3e-05	0.0791	0.04395	0.00133	3e-05	0.13185	3e-05	0.13891	0.0	0.38271	0.1166	0.13807	0.09657	0.20249	0.0	0.02078	0.08587	0.08003	0.0	0.0	0.0	0.0	0.0	0.03632	0.2019	0.04211	0.06901	0.16999	0.0	0.0	0.0	0.0	0.02445	3e-05	0.01419	3e-05	0.06658	0.04097	3e-05	0.23532	0.01726	0.0	0.0	0.0	0.15868	0.09902	3e-05	0.18882	0.07577	0.09997	0.02973	3e-05	0.21427	0.32932	0.19991	0.11551	3e-05	3e-05	0.02262	0.02301	3e-05	0.01726	0.01726	3e-05	3e-05	3e-05	0.53374	0.05631	0.14135	0.03723	0.04899	0.13529	0.08075	0.19618	0.0	0.0	0.0	0.0	0.27968	0.12725	0.08191	0.28907	0.1278	0.01694	0.02544	0.02204	0.06432	3e-05	0.13185	0.29126	3e-05	3e-05	0.01419	3e-05	3e-05	0.01426	3e-05	0.31993	0.41259	0.28535	0.0377	0.13891	0.15469	3e-05	0.09997	0.09997	3e-05	0.12819	3e-05	0.10706	3e-05	0.15414	0.05337	0.15498	
0.08778	0.30133	0.02086	0.01068	0.01565	0.00666	7e-05	0.0	0.10016	0.05122	0.0	0.05126	0.05802	0.04027	0.0	0.0	0.04185	0.08644	7e-05	0.231	7e-05	7e-05	0.01446	0.0	7e-05	0.02086	7e-05	0.12711	0.0	0.0	0.02328	0.21184	0.06319	0.29569	0.05537	0.04776	0.03667	0.2635	0.26415	0.04677	0.0	0.01648	7e-05	0.08779	0.02256	0.00082	7e-05	0.40565	7e-05	0.02084	0.0	0.24585	0.02834	0.02406	0.15999	0.02484	0.0	0.08425	0.24149	0.31394	0.0	0.0	0.0	0.0	0.0	0.01949	0.0242	0.04077	0.04496	0.04563	0.0	0.0	0.0	0.0	0.01461	7e-05	0.009	7e-05	0.06954	0.07439	7e-05	0.40143	0.01069	0.0	0.0	0.0	0.04953	0.03959	7e-05	0.0355	0.00766	0.01648	0.01715	7e-05	0.0184	0.09639	0.02747	0.02577	7e-05	7e-05	0.03403	0.23097	7e-05	0.01069	0.01069	7e-05	7e-05	7e-05	0.04834	0.06551	0.0734	0.01998	0.03143	0.03029	0.06381	0.07422	0.0	0.0	0.0	0.0	0.10621	0.3213	0.03414	0.04891	0.04787	0.0105	0.02549	0.03538	0.11628	7e-05	0.40565	0.09408	7e-05	7e-05	0.009	7e-05	7e-05	0.00913	7e-05	0.10722	0.06761	0.2635	0.02102	0.02084	0.04438	7e-05	0.01648	0.01648	7e-05	0.02792	7e-05	0.04988	7e-05	0.18516	0.11268	0.17097	
0.01947	0.09286	0.13723	0.01566	0.02438	0.0092	2e-05	0.0	0.17934	0.24992	0.05126	0.0	0.08676	0.12854	0.0	0.0	0.27213	0.11891	2e-05	0.02093	2e-05	2e-05	0.08335	0.0	2e-05	0.13723	2e-05	0.10308	0.0	0.0	0.013	0.044	0.06481	0.21176	0.07196	0.27999	0.05165	0.13361	0.16356	0.19526	0.0	0.02574	2e-05	0.11469	0.03748	0.00756	2e-05	0.03284	2e-05	0.13722	0.0	0.0824	0.24916	0.20456	0.20315	0.28942	0.0	0.06507	0.07693	0.09678	0.0	0.0	0.0	0.0	0.0	0.03319	0.26972	0.06649	0.07918	0.198	0.0	0.0	0.0	0.0	0.08344	2e-05	0.01287	2e-05	0.06571	0.03736	2e-05	0.04579	0.01566	0.0	0.0	0.0	0.21146	0.14776	2e-05	0.2336	0.0559	0.02574	0.02706	2e-05	0.29153	0.2397	0.27331	0.11839	2e-05	2e-05	0.06149	0.02092	2e-05	0.01566	0.01566	2e-05	2e-05	2e-05	0.11298	0.05235	0.07084	0.08457	0.05296	0.14233	0.1059	0.42055	0.0	0.0	0.0	0.0	0.37778	0.04163	0.08113	0.11228	0.16666	0.05616	0.02339	0.01707	0.20336	2e-05	0.03284	0.04662	2e-05	2e-05	0.01287	2e-05	2e-05	0.01293	2e-05	0.04184	0.04709	0.13361	0.0342	0.13722	0.26192	2e-05	0.02574	0.02574	2e-05	0.18573	2e-05	0.09778	2e-05	0.16821	0.10631	0.08493	
0.10774	0.32596	0.17129	0.015	0.02298	0.00895	3e-05	0.0	0.10822	0.16527	0.05802	0.08676	0.0	0.09508	0.0	0.0	0.08531	0.2125	3e-05	0.01985	3e-05	3e-05	0.02097	0.0	3e-05	0.17129	3e-05	0.18893	0.0	0.0	0.03603	0.07979	0.29174	0.25552	0.16251	0.09443	0.1327	0.35362	0.46954	0.15212	0.0	0.02423	3e-05	0.03517	0.03469	0.00082	3e-05	0.16251	3e-05	0.17127	0.0	0.24139	0.04495	0.00615	0.11978	0.04009	0.0	0.08054	0.11209	0.12102	0.0	0.0	0.0	0.0	0.0	0.03052	0.03893	0.06075	0.09994	0.18831	0.0	0.0	0.0	0.0	0.02107	3e-05	0.0124	3e-05	0.06317	0.03457	3e-05	0.31588	0.015	0.0	0.0	0.0	0.09924	0.05865	3e-05	0.06354	0.1185	0.02423	0.02541	3e-05	0.02752	0.19773	0.15485	0.09485	3e-05	3e-05	0.05554	0.01983	3e-05	0.015	0.015	3e-05	3e-05	3e-05	0.15895	0.04802	0.08233	0.0311	0.0483	0.15093	0.02856	0.15053	0.0	0.0	0.0	0.0	0.38342	0.21495	0.20337	0.16223	0.15737	0.01473	0.02459	0.12005	0.05614	3e-05	0.16251	0.35504	3e-05	3e-05	0.0124	3e-05	3e-05	0.01248	3e-05	0.40518	0.22314	0.35362	0.03195	0.17127	0.07773	3e-05	0.02423	0.02423	3e-05	0.04607	3e-05	0.02427	3e-05	0.14931	0.04848	0.19936	
0.10364	0.14054	0.11831	0.03954	0.04301	0.01574	3e-05	0.0	0.14195	0.15772	0.04027	0.12854	0.09508	0.0	0.0	0.0	0.11872	0.14058	3e-05	0.03668	3e-05	3e-05	0.07186	0.0	3e-05	0.11831	3e-05	0.1483	0.0	0.0	0.04709	0.04708	0.11596	0.14656	0.08455	0.07685	0.00268	0.17453	0.29841	0.29444	0.0	0.08483	3e-05	0.17104	0.0484	0.00535	3e-05	0.08787	3e-05	0.11829	0.0	0.1612	0.06338	0.11175	0.0844	0.09463	0.0	0.01592	0.0557	0.04635	0.0	0.0	0.0	0.0	0.0	0.04463	0.09246	0.07386	0.10708	0.15844	0.0	0.0	0.0	0.0	0.07193	3e-05	0.02217	3e-05	0.06421	0.06761	3e-05	0.10511	0.03954	0.0	0.0	0.0	0.09546	0.06122	3e-05	0.09769	0.079	0.08483	0.01803	3e-05	0.07778	0.24697	0.13231	0.21981	3e-05	3e-05	0.00827	0.03666	3e-05	0.03954	0.03954	3e-05	3e-05	3e-05	0.2014	0.09027	0.09655	0.08631	0.07186	0.14316	0.12777	0.1157	0.0	0.0	0.0	0.0	0.60888	0.11634	0.10842	0.13535	0.22885	0.02664	0.04658	0.00671	0.08132	3e-05	0.08787	0.09396	3e-05	3e-05	0.02217	3e-05	3e-05	0.02222	3e-05	0.08724	0.17613	0.17453	0.03974	0.11829	0.0611	3e-05	0.08483	0.08483	3e-05	0.05321	3e-05	0.02189	3e-05	0.11043	0.06296	0.06136	
0.0	0.0	0.0	0.0	0.0	0.0	0.0	0.0	0.0	0.0	0.0	0.0	0.0	0.0	0.0	0.0	0.0	0.0	0.0	0.0	0.0	0.0	0.0	0.0	0.0	0.0	0.0	0.0	0.0	0.0	0.0	0.0	0.0	0.0	0.0	0.0	0.0	0.0	0.0	0.0	0.0	0.0	0.0	0.0	0.0	0.0	0.0	0.0	0.0	0.0	0.0	0.0	0.0	0.0	0.0	0.0	0.0	0.0	0.0	0.0	0.0	0.0	0.0	0.0	0.0	0.0	0.0	0.0	0.0	0.0	0.0	0.0	0.0	0.0	0.0	0.0	0.0	0.0	0.0	0.0	0.0	0.0	0.0	0.0	0.0	0.0	0.0	0.0	0.0	0.0	0.0	0.0	0.0	0.0	0.0	0.0	0.0	0.0	0.0	0.0	0.0	0.0	0.0	0.0	0.0	0.0	0.0	0.0	0.0	0.0	0.0	0.0	0.0	0.0	0.0	0.0	0.0	0.0	0.0	0.0	0.0	0.0	0.0	0.0	0.0	0.0	0.0	0.0	0.0	0.0	0.0	0.0	0.0	0.0	0.0	0.0	0.0	0.0	0.0	0.0	0.0	0.0	0.0	0.0	0.0	0.0	0.0	0.0	0.0	0.0	0.0	0.0	0.0	0.0	0.0	0.0	
0.0	0.0	0.0	0.0	0.0	0.0	0.0	0.0	0.0	0.0	0.0	0.0	0.0	0.0	0.0	0.0	0.0	0.0	0.0	0.0	0.0	0.0	0.0	0.0	0.0	0.0	0.0	0.0	0.0	0.0	0.0	0.0	0.0	0.0	0.0	0.0	0.0	0.0	0.0	0.0	0.0	0.0	0.0	0.0	0.0	0.0	0.0	0.0	0.0	0.0	0.0	0.0	0.0	0.0	0.0	0.0	0.0	0.0	0.0	0.0	0.0	0.0	0.0	0.0	0.0	0.0	0.0	0.0	0.0	0.0	0.0	0.0	0.0	0.0	0.0	0.0	0.0	0.0	0.0	0.0	0.0	0.0	0.0	0.0	0.0	0.0	0.0	0.0	0.0	0.0	0.0	0.0	0.0	0.0	0.0	0.0	0.0	0.0	0.0	0.0	0.0	0.0	0.0	0.0	0.0	0.0	0.0	0.0	0.0	0.0	0.0	0.0	0.0	0.0	0.0	0.0	0.0	0.0	0.0	0.0	0.0	0.0	0.0	0.0	0.0	0.0	0.0	0.0	0.0	0.0	0.0	0.0	0.0	0.0	0.0	0.0	0.0	0.0	0.0	0.0	0.0	0.0	0.0	0.0	0.0	0.0	0.0	0.0	0.0	0.0	0.0	0.0	0.0	0.0	0.0	0.0	
0.03131	0.15644	0.27103	0.01341	0.02056	0.008	9e-05	0.0	0.33061	0.13538	0.04185	0.27213	0.08531	0.11872	0.0	0.0	0.0	0.32923	9e-05	0.01776	9e-05	9e-05	0.14903	0.0	9e-05	0.27103	9e-05	0.09533	0.0	0.0	0.03228	0.03622	0.09695	0.20313	0.07713	0.23357	0.07298	0.22297	0.23596	0.21616	0.0	0.02169	9e-05	0.16226	0.03108	0.01791	9e-05	0.0274	9e-05	0.27101	0.0	0.14735	0.5189	0.12411	0.14856	0.36805	0.0	0.19035	0.07976	0.07611	0.0	0.0	0.0	0.0	0.0	0.02739	0.1912	0.05507	0.16124	0.3485	0.0	0.0	0.0	0.0	0.14914	9e-05	0.01109	9e-05	0.12018	0.03096	9e-05	0.07671	0.01342	0.0	0.0	0.0	0.1748	0.07005	9e-05	0.29257	0.08605	0.02169	0.02275	9e-05	0.21248	0.24903	0.24049	0.29496	9e-05	9e-05	0.04979	0.01774	9e-05	0.01342	0.01342	9e-05	9e-05	9e-05	0.10003	0.0531	0.07658	0.13766	0.04358	0.22748	0.23082	0.22899	0.0	0.0	0.0	0.0	0.38916	0.03401	0.14913	0.10122	0.1924	0.01317	0.02257	0.05208	0.08165	9e-05	0.0274	0.10598	9e-05	9e-05	0.01109	9e-05	9e-05	0.01117	9e-05	0.11129	0.09274	0.22297	0.07576	0.27101	0.18146	9e-05	0.02169	0.02169	9e-05	0.18233	9e-05	0.07713	9e-05	0.11076	0.10453	0.11632	
0.06379	0.30406	0.2204	0.01449	0.02254	0.00852	5e-05	0.0	0.07145	0.10741	0.08644	0.11891	0.2125	0.14058	0.0	0.0	0.32923	0.0	5e-05	0.01936	5e-05	5e-05	0.02049	0.0	5e-05	0.2204	5e-05	0.1107	0.0	0.0	0.10143	0.10472	0.17233	0.3062	0.18466	0.17977	0.06989	0.35267	0.57794	0.21037	0.0	0.0238	5e-05	0.09892	0.03463	0.00073	5e-05	0.17335	5e-05	0.22039	0.0	0.25986	0.04543	0.03746	0.12298	0.04073	0.0	0.16145	0.09724	0.08888	0.0	0.0	0.0	0.0	0.0	0.02746	0.03952	0.06175	0.08802	0.19934	0.0	0.0	0.0	0.0	0.02057	5e-05	0.01191	5e-05	0.11695	0.03452	5e-05	0.26015	0.01449	0.0	0.0	0.0	0.1165	0.07249	5e-05	0.06784	0.04757	0.0238	0.02502	5e-05	0.02718	0.2214	0.20512	0.141	5e-05	5e-05	0.05673	0.01934	5e-05	0.01449	0.01449	5e-05	5e-05	5e-05	0.0977	0.04998	0.05632	0.0312	0.04896	0.29919	0.06298	0.23648	0.0	0.0	0.0	0.0	0.44727	0.16305	0.13777	0.09729	0.23858	0.17049	0.02208	0.02897	0.09487	5e-05	0.17335	0.2249	5e-05	5e-05	0.01191	5e-05	5e-05	0.01197	5e-05	0.24453	0.14206	0.35267	0.03177	0.22039	0.08238	5e-05	0.0238	0.0238	5e-05	0.0382	5e-05	0.04627	5e-05	0.1856	0.15528	0.15871	
9e-05	0.00012	0.00017	0.0002	0.00019	0.00028	0.0	0.0	7e-05	3e-05	7e-05	2e-05	3e-05	3e-05	0.0	0.0	9e-05	5e-05	0.0	0.00023	0.0	0.0	0.00032	0.0	0.0	0.00017	0.0	2e-05	0.0	0.0	0.00027	0.00042	0.0046	0.00016	0.00026	0.00031	0.00044	0.00025	0.00012	0.00014	0.0	0.00052	0.0	0.0005	0.0004	0.0	0.0	0.0005	0.0	0.00011	0.0	0.00031	0.00062	0.00033	0.00039	0.0003	0.0	0.00104	0.00045	0.00031	0.0	0.0	0.0	0.0	0.0	0.00015	0.00028	0.01489	0.00331	0.0003	0.0	0.0	0.0	0.0	0.00074	0.0	0.00033	0.0	0.00014	0.00015	0.0	0.00057	0.00022	0.0	0.0	0.0	0.01119	0.0004	0.0	0.00046	0.00222	0.00052	0.00038	0.0	0.00039	0.00034	0.0001	0.00075	0.0	0.0	0.0005	0.00014	0.0	0.00022	0.00022	0.0	0.0	0.0	0.00046	0.13209	0.0011	0.00052	0.00699	7e-05	0.0007	0.00203	0.0	0.0	0.0	0.0	0.0153	0.00035	0.00022	0.00035	0.00034	0.00018	0.0509	0.00049	0.00088	0.0	0.0005	0.00022	0.0	0.0	0.00033	0.0	0.0	0.00081	0.0	0.00027	0.00035	0.00025	0.00051	0.00011	0.00255	0.0	0.00052	0.00052	0.0	0.00024	0.0	0.00039	0.0	0.00094	0.00071	0.00031	
0.01761	0.01239	0.01043	0.00598	0.00822	0.00402	0.00023	0.0	0.05719	0.02303	0.231	0.02093	0.01985	0.03668	0.0	0.0	0.01776	0.01936	0.00023	0.0	0.00023	0.00023	0.00774	0.0	0.00023	0.01043	0.00023	0.11691	0.0	0.0	0.01147	0.01256	0.02466	0.0946	0.02043	0.02006	0.02505	0.01384	0.01954	0.02081	0.0	0.00871	0.00023	0.1548	0.01123	0.00028	0.00023	0.0103	0.00023	0.0104	0.0	0.01734	0.01369	0.01182	0.06265	0.01158	0.0	0.05024	0.21403	0.27237	0.0	0.0	0.0	0.0	0.0	0.00945	0.01132	0.02522	0.02772	0.01893	0.0	0.0	0.0	0.0	0.00796	0.00023	0.00521	0.00023	0.18549	0.35246	0.00023	0.012	0.00599	0.0	0.0	0.0	0.1616	0.01736	0.00023	0.01522	0.08894	0.00871	0.00895	0.00023	0.00948	0.01777	0.01251	0.02777	0.00023	0.00023	0.01591	0.99975	0.00023	0.00599	0.00599	0.00023	0.00023	0.00023	0.02222	0.07931	0.02949	0.00976	0.01746	0.01349	0.02033	0.02975	0.0	0.0	0.0	0.0	0.21264	0.01118	0.01502	0.02154	0.02021	0.00589	0.0285	0.01644	0.04302	0.00023	0.0103	0.01639	0.00023	0.00023	0.00521	0.00023	0.00023	0.00541	0.00023	0.01637	0.0194	0.01384	0.01064	0.0104	0.02015	0.00023	0.00871	0.00871	0.00023	0.01283	0.00023	0.02206	0.00023	0.04738	0.04202	0.0628	
9e-05	0.00012	0.00017	0.0002	0.00019	0.00028	0.0	0.0	7e-05	3e-05	7e-05	2e-05	3e-05	3e-05	0.0	0.0	9e-05	5e-05	0.0	0.00023	0.0	0.0	0.00032	0.0	0.0	0.00017	0.0	2e-05	0.0	0.0	0.00027	0.00042	0.0046	0.00016	0.00026	0.00031	0.00044	0.00025	0.00012	0.00014	0.0	0.00052	0.0	0.0005	0.0004	0.0	0.0	0.0005	0.0	0.00011	0.0	0.00031	0.00062	0.00033	0.00039	0.0003	0.0	0.00104	0.00045	0.00031	0.0	0.0	0.0	0.0	0.0	0.00015	0.00028	0.01489	0.00331	0.0003	0.0	0.0	0.0	0.0	0.00074	0.0	0.00033	0.0	0.00014	0.00015	0.0	0.00057	0.00022	0.0	0.0	0.0	0.01119	0.0004	0.0	0.00046	0.00222	0.00052	0.00038	0.0	0.00039	0.00034	0.0001	0.00075	0.0	0.0	0.0005	0.00014	0.0	0.00022	0.00022	0.0	0.0	0.0	0.00046	0.13209	0.0011	0.00052	0.00699	7e-05	0.0007	0.00203	0.0	0.0	0.0	0.0	0.0153	0.00035	0.00022	0.00035	0.00034	0.00018	0.0509	0.00049	0.00088	0.0	0.0005	0.00022	0.0	0.0	0.00033	0.0	0.0	0.00081	0.0	0.00027	0.00035	0.00025	0.00051	0.00011	0.00255	0.0	0.00052	0.00052	0.0	0.00024	0.0	0.00039	0.0	0.00094	0.00071	0.00031	
9e-05	0.00012	0.00017	0.0002	0.00019	0.00028	0.0	0.0	7e-05	3e-05	7e-05	2e-05	3e-05	3e-05	0.0	0.0	9e-05	5e-05	0.0	0.00023	0.0	0.0	0.00032	0.0	0.0	0.00017	0.0	2e-05	0.0	0.0	0.00027	0.00042	0.0046	0.00016	0.00026	0.00031	0.00044	0.00025	0.00012	0.00014	0.0	0.00052	0.0	0.0005	0.0004	0.0	0.0	0.0005	0.0	0.00011	0.0	0.00031	0.00062	0.00033	0.00039	0.0003	0.0	0.00104	0.00045	0.00031	0.0	0.0	0.0	0.0	0.0	0.00015	0.00028	0.01489	0.00331	0.0003	0.0	0.0	0.0	0.0	0.00074	0.0	0.00033	0.0	0.00014	0.00015	0.0	0.00057	0.00022	0.0	0.0	0.0	0.01119	0.0004	0.0	0.00046	0.00222	0.00052	0.00038	0.0	0.00039	0.00034	0.0001	0.00075	0.0	0.0	0.0005	0.00014	0.0	0.00022	0.00022	0.0	0.0	0.0	0.00046	0.13209	0.0011	0.00052	0.00699	7e-05	0.0007	0.00203	0.0	0.0	0.0	0.0	0.0153	0.00035	0.00022	0.00035	0.00034	0.00018	0.0509	0.00049	0.00088	0.0	0.0005	0.00022	0.0	0.0	0.00033	0.0	0.0	0.00081	0.0	0.00027	0.00035	0.00025	0.00051	0.00011	0.00255	0.0	0.00052	0.00052	0.0	0.00024	0.0	0.00039	0.0	0.00094	0.00071	0.00031	
0.01855	0.0133	0.01094	0.00626	0.00861	0.00421	0.00032	0.0	0.12084	0.02437	0.01446	0.08335	0.02097	0.07186	0.0	0.0	0.14903	0.02049	0.00032	0.00774	0.00032	0.00032	0.0	0.0	0.00032	0.01094	0.00032	0.02869	0.0	0.0	0.01204	0.01318	0.02586	0.02016	0.02157	0.0212	0.02641	0.01459	0.02153	0.02353	0.0	0.00911	0.00032	0.05817	0.01178	0.0	0.00032	0.0108	0.00032	0.01091	0.0	0.0186	0.2617	0.0124	0.05293	0.12875	0.0	0.08202	0.05176	0.02965	0.0	0.0	0.0	0.0	0.0	0.00994	0.01219	0.02587	0.07203	0.13434	0.0	0.0	0.0	0.0	1.00047	0.00032	0.00545	0.00032	0.0181	0.01161	0.00032	0.01327	0.00627	0.0	0.0	0.0	0.02385	0.0183	0.00032	0.18614	0.02546	0.00911	0.00937	0.00032	0.00994	0.01876	0.01354	0.0593	0.00032	0.00032	0.01672	0.0077	0.00032	0.00627	0.00627	0.00032	0.00032	0.00032	0.02347	0.07825	0.03119	0.61265	0.01824	0.01438	0.11595	0.09539	0.0	0.0	0.0	0.0	0.10464	0.01175	0.01584	0.02275	0.10488	0.00616	0.02823	0.01728	0.04909	0.00032	0.0108	0.01728	0.00032	0.00032	0.00545	0.00032	0.00032	0.00564	0.00032	0.01722	0.02048	0.01459	0.43003	0.01091	0.02116	0.00032	0.00911	0.00911	0.00032	0.0135	0.00032	0.02325	0.00032	0.06034	0.04459	0.02898	
0.0	0.0	0.0	0.0	0.0	0.0	0.0	0.0	0.0	0.0	0.0	0.0	0.0	0.0	0.0	0.0	0.0	0.0	0.0	0.0	0.0	0.0	0.0	0.0	0.0	0.0	0.0	0.0	0.0	0.0	0.0	0.0	0.0	0.0	0.0	0.0	0.0	0.0	0.0	0.0	0.0	0.0	0.0	0.0	0.0	0.0	0.0	0.0	0.0	0.0	0.0	0.0	0.0	0.0	0.0	0.0	0.0	0.0	0.0	0.0	0.0	0.0	0.0	0.0	0.0	0.0	0.0	0.0	0.0	0.0	0.0	0.0	0.0	0.0	0.0	0.0	0.0	0.0	0.0	0.0	0.0	0.0	0.0	0.0	0.0	0.0	0.0	0.0	0.0	0.0	0.0	0.0	0.0	0.0	0.0	0.0	0.0	0.0	0.0	0.0	0.0	0.0	0.0	0.0	0.0	0.0	0.0	0.0	0.0	0.0	0.0	0.0	0.0	0.0	0.0	0.0	0.0	0.0	0.0	0.0	0.0	0.0	0.0	0.0	0.0	0.0	0.0	0.0	0.0	0.0	0.0	0.0	0.0	0.0	0.0	0.0	0.0	0.0	0.0	0.0	0.0	0.0	0.0	0.0	0.0	0.0	0.0	0.0	0.0	0.0	0.0	0.0	0.0	0.0	0.0	0.0	
9e-05	0.00012	0.00017	0.0002	0.00019	0.00028	0.0	0.0	7e-05	3e-05	7e-05	2e-05	3e-05	3e-05	0.0	0.0	9e-05	5e-05	0.0	0.00023	0.0	0.0	0.00032	0.0	0.0	0.00017	0.0	2e-05	0.0	0.0	0.00027	0.00042	0.0046	0.00016	0.00026	0.00031	0.00044	0.00025	0.00012	0.00014	0.0	0.00052	0.0	0.0005	0.0004	0.0	0.0	0.0005	0.0	0.00011	0.0	0.00031	0.00062	0.00033	0.00039	0.0003	0.0	0.00104	0.00045	0.00031	0.0	0.0	0.0	0.0	0.0	0.00015	0.00028	0.01489	0.00331	0.0003	0.0	0.0	0.0	0.0	0.00074	0.0	0.00033	0.0	0.00014	0.00015	0.0	0.00057	0.00022	0.0	0.0	0.0	0.01119	0.0004	0.0	0.00046	0.00222	0.00052	0.00038	0.0	0.00039	0.00034	0.0001	0.00075	0.0	0.0	0.0005	0.00014	0.0	0.00022	0.00022	0.0	0.0	0.0	0.00046	0.13209	0.0011	0.00052	0.00699	7e-05	0.0007	0.00203	0.0	0.0	0.0	0.0	0.0153	0.00035	0.00022	0.00035	0.00034	0.00018	0.0509	0.00049	0.00088	0.0	0.0005	0.00022	0.0	0.0	0.00033	0.0	0.0	0.00081	0.0	0.00027	0.00035	0.00025	0.00051	0.00011	0.00255	0.0	0.00052	0.00052	0.0	0.00024	0.0	0.00039	0.0	0.00094	0.00071	0.00031	
0.02983	0.41979	0.99992	0.00825	0.01176	0.00531	0.00017	0.0	0.09586	0.13893	0.02086	0.13723	0.17129	0.11831	0.0	0.0	0.27103	0.2204	0.00017	0.01043	0.00017	0.00017	0.01094	0.0	0.00017	0.0	0.00017	0.10322	0.0	0.0	0.01699	0.01871	0.14538	0.33649	0.03268	0.25801	0.15132	0.51616	0.52088	0.55629	0.0	0.01239	0.00017	0.09254	0.01653	0.00031	0.00017	0.01497	0.00017	0.99986	0.0	0.31324	0.02047	0.01753	0.10852	0.01757	0.0	0.09041	0.10831	0.12948	0.0	0.0	0.0	0.0	0.0	0.01414	0.01716	0.03209	0.04385	0.37186	0.0	0.0	0.0	0.0	0.01112	0.00017	0.00705	0.00017	0.24368	0.01638	0.00017	0.31085	0.00825	0.0	0.0	0.0	0.15625	0.02737	0.00017	0.02428	0.0376	0.01239	0.01283	0.00017	0.0137	0.41614	0.67259	0.09452	0.00017	0.00017	0.02423	0.0104	0.00017	0.00825	0.00825	0.00017	0.00017	0.00017	0.14541	0.07043	0.04845	0.01445	0.0237	0.55402	0.0321	0.17859	0.0	0.0	0.0	0.0	0.3717	0.01691	0.33166	0.15322	0.3846	0.00811	0.02615	0.02512	0.07927	0.00017	0.01497	0.25029	0.00017	0.00017	0.00705	0.00017	0.00017	0.0072	0.00017	0.30775	0.18254	0.51616	0.01551	0.99986	0.03095	0.00017	0.01239	0.01239	0.00017	0.01974	0.00017	0.03461	0.00017	0.08132	0.06252	0.10723	
9e-05	0.00012	0.00017	0.0002	0.00019	0.00028	0.0	0.0	7e-05	3e-05	7e-05	2e-05	3e-05	3e-05	0.0	0.0	9e-05	5e-05	0.0	0.00023	0.0	0.0	0.00032	0.0	0.0	0.00017	0.0	2e-05	0.0	0.0	0.00027	0.00042	0.0046	0.00016	0.00026	0.00031	0.00044	0.00025	0.00012	0.00014	0.0	0.00052	0.0	0.0005	0.0004	0.0	0.0	0.0005	0.0	0.00011	0.0	0.00031	0.00062	0.00033	0.00039	0.0003	0.0	0.00104	0.00045	0.00031	0.0	0.0	0.0	0.0	0.0	0.00015	0.00028	0.01489	0.00331	0.0003	0.0	0.0	0.0	0.0	0.00074	0.0	0.00033	0.0	0.00014	0.00015	0.0	0.00057	0.00022	0.0	0.0	0.0	0.01119	0.0004	0.0	0.00046	0.00222	0.00052	0.00038	0.0	0.00039	0.00034	0.0001	0.00075	0.0	0.0	0.0005	0.00014	0.0	0.00022	0.00022	0.0	0.0	0.0	0.00046	0.13209	0.0011	0.00052	0.00699	7e-05	0.0007	0.00203	0.0	0.0	0.0	0.0	0.0153	0.00035	0.00022	0.00035	0.00034	0.00018	0.0509	0.00049	0.00088	0.0	0.0005	0.00022	0.0	0.0	0.00033	0.0	0.0	0.00081	0.0	0.00027	0.00035	0.00025	0.00051	0.00011	0.00255	0.0	0.00052	0.00052	0.0	0.00024	0.0	0.00039	0.0	0.00094	0.00071	0.00031	
0.15736	0.18661	0.10322	0.08182	0.03171	0.03678	2e-05	0.0	0.18605	0.31763	0.12711	0.10308	0.18893	0.1483	0.0	0.0	0.09533	0.1107	2e-05	0.11691	2e-05	2e-05	0.02869	0.0	2e-05	0.10322	2e-05	0.0	0.0	0.0	0.07457	0.05528	0.21636	0.20115	0.093	0.09048	0.10595	0.21382	0.32218	0.18386	0.0	0.11825	2e-05	0.099	0.0766	0.00135	2e-05	0.09796	2e-05	0.10321	0.0	0.17799	0.03871	0.0469	0.27093	0.09481	0.0	0.2136	0.15061	0.30718	0.0	0.0	0.0	0.0	0.0	0.04427	0.09401	0.13167	0.13394	0.17394	0.0	0.0	0.0	0.0	0.02876	2e-05	0.01636	2e-05	0.23631	0.07534	2e-05	0.16224	0.08182	0.0	0.0	0.0	0.2461	0.04782	2e-05	0.13506	0.15626	0.11825	0.05387	2e-05	0.0863	0.42176	0.11011	0.31483	2e-05	2e-05	0.06886	0.11689	2e-05	0.08182	0.08182	2e-05	2e-05	2e-05	0.5479	0.05516	0.14537	0.04549	0.13878	0.118	0.12269	0.09708	0.0	0.0	0.0	0.0	0.52056	0.10268	0.08112	0.43797	0.13225	0.01966	0.08853	0.15002	0.10677	2e-05	0.09796	0.22472	2e-05	2e-05	0.01636	2e-05	2e-05	0.01642	2e-05	0.23353	0.23991	0.21382	0.04541	0.10321	0.11677	2e-05	0.11825	0.11825	2e-05	0.05405	2e-05	0.14054	2e-05	0.28275	0.1408	0.38244	
0.0	0.0	0.0	0.0	0.0	0.0	0.0	0.0	0.0	0.0	0.0	0.0	0.0	0.0	0.0	0.0	0.0	0.0	0.0	0.0	0.0	0.0	0.0	0.0	0.0	0.0	0.0	0.0	0.0	0.0	0.0	0.0	0.0	0.0	0.0	0.0	0.0	0.0	0.0	0.0	0.0	0.0	0.0	0.0	0.0	0.0	0.0	0.0	0.0	0.0	0.0	0.0	0.0	0.0	0.0	0.0	0.0	0.0	0.0	0.0	0.0	0.0	0.0	0.0	0.0	0.0	0.0	0.0	0.0	0.0	0.0	0.0	0.0	0.0	0.0	0.0	0.0	0.0	0.0	0.0	0.0	0.0	0.0	0.0	0.0	0.0	0.0	0.0	0.0	0.0	0.0	0.0	0.0	0.0	0.0	0.0	0.0	0.0	0.0	0.0	0.0	0.0	0.0	0.0	0.0	0.0	0.0	0.0	0.0	0.0	0.0	0.0	0.0	0.0	0.0	0.0	0.0	0.0	0.0	0.0	0.0	0.0	0.0	0.0	0.0	0.0	0.0	0.0	0.0	0.0	0.0	0.0	0.0	0.0	0.0	0.0	0.0	0.0	0.0	0.0	0.0	0.0	0.0	0.0	0.0	0.0	0.0	0.0	0.0	0.0	0.0	0.0	0.0	0.0	0.0	0.0	
0.0	0.0	0.0	0.0	0.0	0.0	0.0	0.0	0.0	0.0	0.0	0.0	0.0	0.0	0.0	0.0	0.0	0.0	0.0	0.0	0.0	0.0	0.0	0.0	0.0	0.0	0.0	0.0	0.0	0.0	0.0	0.0	0.0	0.0	0.0	0.0	0.0	0.0	0.0	0.0	0.0	0.0	0.0	0.0	0.0	0.0	0.0	0.0	0.0	0.0	0.0	0.0	0.0	0.0	0.0	0.0	0.0	0.0	0.0	0.0	0.0	0.0	0.0	0.0	0.0	0.0	0.0	0.0	0.0	0.0	0.0	0.0	0.0	0.0	0.0	0.0	0.0	0.0	0.0	0.0	0.0	0.0	0.0	0.0	0.0	0.0	0.0	0.0	0.0	0.0	0.0	0.0	0.0	0.0	0.0	0.0	0.0	0.0	0.0	0.0	0.0	0.0	0.0	0.0	0.0	0.0	0.0	0.0	0.0	0.0	0.0	0.0	0.0	0.0	0.0	0.0	0.0	0.0	0.0	0.0	0.0	0.0	0.0	0.0	0.0	0.0	0.0	0.0	0.0	0.0	0.0	0.0	0.0	0.0	0.0	0.0	0.0	0.0	0.0	0.0	0.0	0.0	0.0	0.0	0.0	0.0	0.0	0.0	0.0	0.0	0.0	0.0	0.0	0.0	0.0	0.0	
0.0709	0.02177	0.01699	0.00904	0.01296	0.0058	0.00027	0.0	0.02549	0.04086	0.02328	0.013	0.03603	0.04709	0.0	0.0	0.03228	0.10143	0.00027	0.01147	0.00027	0.00027	0.01204	0.0	0.00027	0.01699	0.00027	0.07457	0.0	0.0	0.0	0.01938	0.03958	0.03285	0.00907	0.03409	0.0413	0.02277	0.03762	0.04262	0.0	0.43745	9e-05	0.02105	0.20978	0.00053	9e-05	0.0154	9e-05	0.016	0.0	0.0445	0.02115	0.01819	0.04899	0.0184	0.0	0.08303	0.05667	0.04713	0.0	0.0	0.0	0.0	0.0	0.01477	0.01798	0.09628	0.04754	0.03229	0.0	0.0	0.0	0.0	0.01128	9e-05	0.00716	9e-05	0.02897	0.0171	9e-05	0.01829	0.00846	0.0	0.0	0.0	0.0273	0.02868	9e-05	0.02552	0.0429	0.43745	0.0132	9e-05	0.0141	0.0298	0.02036	0.05279	9e-05	9e-05	0.09578	0.01078	9e-05	0.00846	0.00846	9e-05	9e-05	9e-05	0.19927	0.01674	0.10791	0.01497	0.10191	0.0662	0.03344	0.0414	0.0	0.0	0.0	0.0	0.07567	0.01761	0.02496	0.03621	0.20517	0.23241	0.01464	0.08873	0.04487	9e-05	0.0154	0.02709	9e-05	9e-05	0.00716	9e-05	9e-05	0.0072	9e-05	0.02627	0.20759	0.02277	0.01596	0.016	0.04885	9e-05	0.43745	0.43745	9e-05	0.02069	9e-05	0.03614	9e-05	0.04301	0.09231	0.0471	
0.12174	0.36949	0.01871	0.00988	0.01421	0.00634	0.00042	0.0	0.04182	0.06739	0.21184	0.044	0.07979	0.04708	0.0	0.0	0.03622	0.10472	0.00042	0.01256	0.00042	0.00042	0.01318	0.0	0.00042	0.01871	0.00042	0.05528	0.0	0.0	0.01938	0.0	0.18369	0.09193	0.22611	0.03825	0.06006	0.31553	0.31702	0.04291	0.0	0.01381	8e-05	0.05884	0.01876	0.00077	8e-05	0.52149	8e-05	0.01753	0.0	0.29005	0.02332	0.01999	0.35239	0.02044	0.0	0.07631	0.05119	0.06151	0.0	0.0	0.0	0.0	0.0	0.01625	0.01994	0.02971	0.05527	0.03637	0.0	0.0	0.0	0.0	0.01225	8e-05	0.00771	8e-05	0.03239	0.01876	8e-05	0.51763	0.00914	0.0	0.0	0.0	0.03055	0.03201	8e-05	0.04021	0.00299	0.01381	0.0144	8e-05	0.01541	0.12308	0.02264	0.03117	8e-05	8e-05	0.02786	0.0117	8e-05	0.00914	0.00914	8e-05	8e-05	8e-05	0.06793	0.01832	0.06323	0.01652	0.0278	0.02488	0.08973	0.06196	0.0	0.0	0.0	0.0	0.18013	0.39796	0.02782	0.07028	0.03836	0.00905	0.01594	0.02893	0.04254	8e-05	0.52149	0.33462	8e-05	8e-05	0.00771	8e-05	8e-05	0.00775	8e-05	0.14811	0.09119	0.31553	0.01749	0.01753	0.0392	8e-05	0.01381	0.01381	8e-05	0.02294	8e-05	0.04028	8e-05	0.1805	0.03103	0.04795	
0.11205	0.28498	0.14538	0.10386	0.23997	0.01327	0.0046	0.0	0.14784	0.18342	0.06319	0.06481	0.29174	0.11596	0.0	0.0	0.09695	0.17233	0.0046	0.02466	0.0046	0.0046	0.02586	0.0	0.0046	0.14538	0.0046	0.21636	0.0	0.0	0.03958	0.18369	0.0	0.18228	0.1259	0.15689	0.24312	0.29687	0.50079	0.20224	0.0	0.02591	0.00012	0.07903	0.03797	0.00143	0.00012	0.12706	0.00012	0.13427	0.0	0.22362	0.05001	0.04115	0.21683	0.04551	0.0	0.11626	0.15058	0.10158	0.0	0.0	0.0	0.0	0.0	0.03382	0.04408	0.17029	0.188	0.15134	0.0	0.0	0.0	0.0	0.02231	0.00012	0.08628	0.00012	0.21934	0.03793	0.00012	0.24313	0.07613	0.0	0.0	0.0	0.10707	0.12738	0.00012	0.10796	0.12175	0.02591	0.11294	0.00012	0.02968	0.19322	0.20451	0.13728	0.00012	0.00012	0.12285	0.02109	0.00012	0.07613	0.07613	0.00012	0.00012	0.00012	0.1712	0.08673	0.19658	0.14702	0.20345	0.21342	0.05226	0.24735	0.0	0.0	0.0	0.0	0.99284	0.12468	0.10602	0.1714	0.15913	0.01546	0.16599	0.12813	0.17705	0.00012	0.12706	0.44469	0.00012	0.00012	0.08628	0.00012	0.00012	0.08629	0.00012	0.32795	0.21623	0.29687	0.03475	0.13427	0.09027	0.00012	0.02591	0.02591	0.00012	0.0526	0.00012	0.12779	0.00012	0.21873	0.13123	0.14429	
0.06678	0.38563	0.33649	0.01431	0.02215	0.00848	0.00016	0.0	0.1244	0.19681	0.29569	0.21176	0.25552	0.14656	0.0	0.0	0.20313	0.3062	0.00016	0.0946	0.00016	0.00016	0.02016	0.0	0.00016	0.33649	0.00016	0.20115	0.0	0.0	0.03285	0.09193	0.18228	0.0	0.11275	0.32449	0.17192	0.44698	0.53231	0.26721	0.0	0.02178	6e-05	0.1343	0.03156	0.00046	6e-05	0.16104	6e-05	0.33514	0.0	0.33583	0.04115	0.03411	0.26729	0.0366	0.0	0.14289	0.21491	0.24073	0.0	0.0	0.0	0.0	0.0	0.02802	0.0356	0.0598	0.05823	0.26643	0.0	0.0	0.0	0.0	0.01883	6e-05	0.01099	6e-05	0.18491	0.03648	6e-05	0.33734	0.01337	0.0	0.0	0.0	0.17431	0.06482	6e-05	0.06055	0.06936	0.02178	0.0229	6e-05	0.02485	0.28567	0.50169	0.08091	6e-05	6e-05	0.05119	0.09524	6e-05	0.01337	0.01337	6e-05	6e-05	6e-05	0.14386	0.03118	0.08353	0.02823	0.05332	0.2871	0.04764	0.18659	0.0	0.0	0.0	0.0	0.33751	0.15066	0.20802	0.14564	0.27493	0.01315	0.02531	0.02027	0.15846	6e-05	0.16104	0.2977	6e-05	6e-05	0.01099	6e-05	6e-05	0.011	6e-05	0.32967	0.19604	0.44698	0.02896	0.33514	0.08424	6e-05	0.02178	0.02178	6e-05	0.04285	6e-05	0.08012	6e-05	0.1969	0.18191	0.26138	
0.02706	0.14311	0.03268	0.01548	0.02362	0.00932	0.00026	0.0	0.05961	0.03931	0.05537	0.07196	0.16251	0.08455	0.0	0.0	0.07713	0.18466	0.00026	0.02043	0.00026	0.00026	0.02157	0.0	0.00026	0.03268	0.00026	0.093	0.0	0.0	0.00907	0.22611	0.1259	0.11275	0.0	0.08262	0.0143	0.14046	0.20732	0.12386	0.0	0.0231	4e-05	0.10178	0.03308	0.00064	4e-05	0.15882	4e-05	0.03047	0.0	0.12122	0.04274	0.03566	0.2566	0.07188	0.0	0.03559	0.05339	0.04796	0.0	0.0	0.0	0.0	0.0	0.0292	0.03508	0.0264	0.08124	0.06058	0.0	0.0	0.0	0.0	0.02007	4e-05	0.01186	4e-05	0.06745	0.01785	4e-05	0.15639	0.01437	0.0	0.0	0.0	0.06453	0.01787	4e-05	0.04553	0.04721	0.0231	0.02426	4e-05	0.02626	0.05163	0.04285	0.03174	4e-05	4e-05	0.05275	0.01902	4e-05	0.01437	0.01437	4e-05	4e-05	4e-05	0.02868	0.03242	0.03921	0.02953	0.05445	0.0396	0.02742	0.12165	0.0	0.0	0.0	0.0	0.25195	0.14577	0.05083	0.07637	0.03789	0.06961	0.02676	0.11801	0.05138	4e-05	0.15882	0.08027	4e-05	4e-05	0.01186	4e-05	4e-05	0.01189	4e-05	0.03537	0.03474	0.14046	0.00893	0.03047	0.02753	4e-05	0.0231	0.0231	4e-05	0.04394	4e-05	0.01435	4e-05	0.14143	0.05763	0.08852	
0.03912	0.15507	0.25801	0.01514	0.1276	0.00907	0.00031	0.0	0.0962	0.22416	0.04776	0.27999	0.09443	0.07685	0.0	0.0	0.23357	0.17977	0.00031	0.02006	0.00031	0.00031	0.0212	0.0	0.00031	0.25801	0.00031	0.09048	0.0	0.0	0.03409	0.03825	0.15689	0.32449	0.08262	0.0	0.15455	0.21923	0.24161	0.19422	0.0	0.02272	6e-05	0.04414	0.03276	0.00068	6e-05	0.0288	6e-05	0.2579	0.0	0.15033	0.06701	0.08773	0.07789	0.14818	0.0	0.18422	0.0692	0.06484	0.0	0.0	0.0	0.0	0.0	0.02901	0.14818	0.06107	0.05297	0.22331	0.0	0.0	0.0	0.0	0.01969	6e-05	0.06319	6e-05	0.2029	0.03273	6e-05	0.07802	0.01403	0.0	0.0	0.0	0.11639	0.1838	6e-05	0.14105	0.05805	0.02272	0.02074	6e-05	0.15968	0.21741	0.49048	0.07704	6e-05	6e-05	0.03393	0.01864	6e-05	0.01403	0.01403	6e-05	6e-05	6e-05	0.08544	0.03225	0.07349	0.07868	0.09148	0.2357	0.05652	0.35496	0.0	0.0	0.0	0.0	0.41692	0.03606	0.14233	0.08535	0.21934	0.0138	0.02637	0.03271	0.10885	6e-05	0.0288	0.11032	6e-05	6e-05	0.06319	6e-05	6e-05	0.06322	6e-05	0.11438	0.09973	0.21923	0.0301	0.2579	0.15855	6e-05	0.02272	0.02272	6e-05	0.2338	6e-05	0.03031	6e-05	0.05904	0.15926	0.06091	
0.06986	0.25447	0.15132	0.01912	0.10526	0.01165	0.00044	0.0	0.06631	0.10535	0.03667	0.05165	0.1327	0.00268	0.0	0.0	0.07298	0.06989	0.00044	0.02505	0.00044	0.00044	0.02641	0.0	0.00044	0.15132	0.00044	0.10595	0.0	0.0	0.0413	0.06006	0.24312	0.17192	0.0143	0.15455	0.0	0.28472	0.27194	0.0741	0.0	0.02799	5e-05	0.02432	0.03976	0.00098	5e-05	0.14555	5e-05	0.15298	0.0	0.17961	0.0511	0.04279	0.0441	0.04559	0.0	0.04029	0.10655	0.02595	0.0	0.0	0.0	0.0	0.0	0.0349	0.0443	0.02762	0.04599	0.13775	0.0	0.0	0.0	0.0	0.02438	5e-05	0.05521	5e-05	0.22009	0.03973	5e-05	0.24685	0.01758	0.0	0.0	0.0	0.06096	0.01267	5e-05	0.0403	0.01534	0.02799	0.00477	5e-05	0.03172	0.1423	0.27591	0.03981	5e-05	5e-05	0.00302	0.02314	5e-05	0.01758	0.01758	5e-05	5e-05	5e-05	0.10816	0.03861	0.05768	0.06868	0.08476	0.14871	0.01721	0.08067	0.0	0.0	0.0	0.0	0.18134	0.13401	0.0565	0.10926	0.14741	0.01731	0.0323	0.002	0.01746	5e-05	0.14555	0.28733	5e-05	5e-05	0.05521	5e-05	5e-05	0.05524	5e-05	0.32697	0.16749	0.28472	0.03666	0.15298	0.09826	5e-05	0.02799	0.02799	5e-05	0.05204	5e-05	0.0017	5e-05	0.11841	0.02706	0.07228	
0.23114	1.02657	0.51616	0.01061	0.01589	0.0065	0.00025	0.0	0.1846	0.28535	0.2635	0.13361	0.35362	0.17453	0.0	0.0	0.22297	0.35267	0.00025	0.01384	0.00025	0.00025	0.01459	0.0	0.00025	0.51616	0.00025	0.21382	0.0	0.0	0.02277	0.31553	0.29687	0.44698	0.14046	0.21923	0.28472	0.0	1.0096	0.35215	0.0	0.01562	9e-05	0.10807	0.02195	0.00051	9e-05	0.49831	9e-05	0.51568	0.0	0.70389	0.02796	0.02356	0.27278	0.02458	0.0	0.18327	0.17685	0.21797	0.0	0.0	0.0	0.0	0.0	0.01929	0.02397	0.03801	0.11739	0.29922	0.0	0.0	0.0	0.0	0.01367	9e-05	0.00825	9e-05	0.19919	0.02194	9e-05	1.30807	0.00992	0.0	0.0	0.0	0.12389	0.04104	9e-05	0.03751	0.063	0.01562	0.01636	9e-05	0.01764	0.56586	0.42025	0.15532	9e-05	9e-05	0.03405	0.01299	9e-05	0.00992	0.00992	9e-05	9e-05	9e-05	0.29415	0.02159	0.08804	0.01945	0.03465	0.37645	0.153	0.18285	0.0	0.0	0.0	0.0	0.4009	0.41003	0.2508	0.30852	0.30842	0.00979	0.01809	0.0355	0.11859	9e-05	0.49831	0.64602	9e-05	9e-05	0.00825	9e-05	9e-05	0.00827	9e-05	0.79416	0.39889	0.99997	0.0203	0.51568	0.05156	9e-05	0.01562	0.01562	9e-05	0.02834	9e-05	0.05102	9e-05	0.27028	0.10325	0.2093	
0.49182	1.03895	0.52088	0.05996	0.02331	0.00912	0.00012	0.0	0.24595	0.509	0.26415	0.16356	0.46954	0.29841	0.0	0.0	0.23596	0.57794	0.00012	0.01954	0.00012	0.00012	0.02153	0.0	0.00012	0.52088	0.00012	0.32218	0.0	0.0	0.03762	0.31702	0.50079	0.53231	0.20732	0.24161	0.27194	1.0096	0.0	0.52789	0.0	0.09692	0.00012	0.13268	0.03841	0.00112	0.00012	0.50642	0.00012	0.52195	0.0	0.70162	0.04622	0.03804	0.30065	0.04115	0.0	0.22757	0.20172	0.23334	0.0	0.0	0.0	0.0	0.0	0.02493	0.03976	0.11422	0.17168	0.33005	0.0	0.0	0.0	0.0	0.02207	0.00012	0.01287	0.00012	0.21931	0.03475	0.00012	1.34387	0.05792	0.0	0.0	0.0	0.14269	0.07009	0.00012	0.05903	0.07001	0.09692	0.02122	0.00012	0.02821	0.56832	0.43071	0.21613	0.00012	0.00012	0.05539	0.01998	0.00012	0.05792	0.05792	0.00012	0.00012	0.00012	0.42005	0.0571	0.10313	0.03205	0.18559	0.3899	0.16533	0.24328	0.0	0.0	0.0	0.0	1.44509	0.41932	0.25937	0.29903	0.34761	0.01488	0.10652	0.06099	0.16054	0.00012	0.50642	0.64042	0.00012	0.00012	0.01287	0.00012	0.00012	0.0133	0.00012	0.78638	0.58287	1.0096	0.03285	0.52195	0.07943	0.00012	0.09692	0.09692	0.00012	0.04615	0.00012	0.0735	0.00012	0.3571	0.14575	0.21878	
