0.0	0.01138	9e-05	0.01103	0.01463	0.00985	9e-05	0.01347	0.00615	9e-05	0.01113	0.0	0.0	0.0	0.0	0.0	0.0	0.01463	9e-05	0.01463	0.23732	0.02312	0.01463	0.0904	9e-05	0.01445	0.01374	0.09292	9e-05	0.0316	0.0	0.04569	0.03818	9e-05	0.03439	0.01463	0.0	9e-05	9e-05	0.23732	3e-05	0.02446	0.11175	0.10997	0.03349	0.01314	9e-05	9e-05	9e-05	9e-05	9e-05	9e-05	9e-05	9e-05	0.08102	0.01138	0.10297	0.01347	9e-05	0.00985	0.00985	0.01205	0.01205	0.01966	9e-05	9e-05	0.16857	0.01463	0.24274	0.22432	0.01205	9e-05	0.15664	0.20747	0.00677	0.01696	0.02287	0.22359	0.23111	0.38981	0.29325	0.11679	0.0	0.12309	0.01846	0.01244	0.01408	0.05893	0.10321	0.17229	0.1646	0.02056	4e-05	0.0176	0.14065	0.04209	0.08425	0.03511	0.05975	0.03254	0.13277	0.00738	0.03381	0.0	0.06871	0.1875	0.02514	0.0342	0.0147	0.14562	0.05395	0.0	0.0	0.19744	0.01691	0.18454	0.12199	0.03984	0.0772	0.08554	0.29758	0.03498	0.06627	0.07487	0.01076	0.01511	0.02597	0.34473	0.01809	0.03363	0.0	0.0	0.0	0.10268	0.29572	0.01151	0.12404	0.04802	4e-05	0.01161	0.02156	0.0696	0.18373	0.02151	
0.01138	0.0	0.00013	0.00512	0.00635	0.00473	0.00013	0.00593	0.00329	0.00013	0.00518	0.0	0.0	0.0	0.0	0.0	0.0	0.00635	0.00013	0.00635	0.00651	0.00887	0.00635	0.01027	0.00013	0.00625	0.00568	0.00982	0.00013	0.0152	0.0	0.01427	0.06951	0.00013	0.01442	0.00635	0.0	0.00013	0.00013	0.00651	0.00025	0.01055	0.01057	0.00626	0.0116	0.00586	0.00013	0.00013	0.00013	0.00013	0.00013	0.00013	0.00013	0.00013	0.05975	0.99968	0.00952	0.00593	0.00013	0.00473	0.00473	0.00547	0.00547	0.48977	0.00013	0.00013	0.01295	0.00635	0.00866	0.01435	0.00547	0.00013	0.01129	0.00725	0.00354	0.00635	0.00875	0.00794	0.03918	0.01308	0.11862	0.34912	0.0	0.06755	0.13819	0.24161	0.00626	0.01062	0.01106	0.03446	0.02746	0.00821	0.00029	0.00734	0.01095	0.19152	0.01255	0.0108	0.0139	0.01102	0.01078	0.00398	0.01677	0.0	0.01303	0.01577	0.00876	0.01095	0.00605	0.01258	0.0889	0.0	0.0	0.00823	0.0913	0.00944	0.03095	0.0228	0.01136	0.01003	0.0146	0.01746	0.01846	0.0082	0.00515	0.00658	0.00909	0.05115	0.00672	0.01176	0.0	0.0	0.0	0.04392	0.01595	0.0054	0.00838	0.0141	0.00029	0.00544	0.00789	0.14714	0.04579	0.00796	
9e-05	0.00013	0.0	0.00013	0.00016	0.00019	0.0	0.00012	0.00027	0.0	0.00018	0.0	0.0	0.0	0.0	0.0	0.0	0.00016	0.0	0.00016	0.00015	0.00013	0.00016	0.00013	0.0	0.00011	8e-05	9e-05	0.0	0.00791	0.0	0.00068	7e-05	0.0	0.00011	0.00016	0.0	0.0	0.0	0.00015	0.0	0.00193	9e-05	0.00016	5e-05	0.00016	0.0	0.0	0.0	0.0	0.0	0.0	0.0	0.0	0.00011	0.00013	7e-05	0.00012	0.0	0.00019	0.00019	0.00012	0.00012	4e-05	0.0	0.0	6e-05	0.00016	4e-05	0.00578	0.00012	0.0	6e-05	8e-05	0.00025	6e-05	7e-05	0.00014	0.0	2e-05	2e-05	4e-05	0.0	2e-05	5e-05	0.00014	0.00016	1e-05	3e-05	0.0	2e-05	9e-05	0.0	0.0001	3e-05	1e-05	2e-05	1e-05	2e-05	4e-05	3e-05	0.00022	0.00042	0.0	0.00095	1e-05	4e-05	3e-05	6e-05	1e-05	4e-05	0.0	0.0	4e-05	4e-05	4e-05	0.0	4e-05	2e-05	3e-05	1e-05	4e-05	2e-05	4e-05	0.00015	0.00012	4e-05	1e-05	2e-05	6e-05	0.0	0.0	0.0	1e-05	5e-05	0.00015	4e-05	2e-05	0.0	0.00014	6e-05	0.00023	0.00101	9e-05	
0.01103	0.00512	0.00013	0.0	0.00619	0.00462	0.00013	0.00579	0.00322	0.00013	0.00506	0.0	0.0	0.0	0.0	0.0	0.0	0.00619	0.00013	0.00619	0.00635	0.00863	0.00619	0.00998	0.00013	0.0061	0.00554	0.00954	0.00013	0.01497	0.0	0.01382	0.01654	0.00013	0.11111	0.00619	0.0	0.00013	0.00013	0.00635	0.0002	0.01029	0.01025	0.00609	0.01127	0.00572	0.00013	0.00013	0.00013	0.00013	0.00013	0.00013	0.00013	0.00013	0.02172	0.00512	0.00925	0.00579	0.00013	0.00462	0.00462	0.00534	0.00534	0.00707	0.00013	0.00013	0.01254	0.00619	0.00839	0.01407	0.00534	0.00013	0.01092	0.00705	0.00347	0.00617	0.00851	0.00773	0.05538	0.01266	0.0124	0.00996	0.0	0.06519	0.00698	0.00572	0.00609	0.01026	0.35008	0.02656	0.02655	0.00798	0.00023	0.43108	0.01061	0.0183	0.12612	0.01045	0.01345	0.16348	0.01044	0.00384	0.01623	0.0	0.01263	0.01524	0.00849	0.01061	0.00587	0.1288	0.01603	0.0	0.0	0.43378	0.01684	0.00914	0.02989	0.02207	0.011	0.00971	0.01412	0.0169	0.01785	0.00795	0.005	0.00639	0.00881	0.01364	0.00651	0.16991	0.0	0.0	0.0	0.03842	0.08115	0.99977	0.00813	0.01364	0.00023	0.00529	0.00765	0.0237	0.02069	0.00773	
0.01463	0.00635	0.00016	0.00619	0.0	0.00568	0.00016	0.00724	0.00387	0.00016	0.00626	0.0	0.0	0.0	0.0	0.0	0.0	0.99984	0.00016	0.99984	0.00798	0.39196	0.99984	0.01295	0.00016	0.00766	0.00702	0.01252	0.00016	0.28637	0.0	0.3354	0.09284	0.00016	0.15387	0.99984	0.0	0.00016	0.00016	0.00798	0.00011	0.01299	0.01359	0.00758	0.01474	0.00714	0.00016	0.00016	0.00016	0.00016	0.00016	0.00016	0.00016	0.00016	0.02914	0.00635	0.01196	0.00724	0.00016	0.00568	0.00568	0.00664	0.00664	0.00916	0.00016	0.00016	0.01682	0.99984	0.01112	0.017	0.00664	0.00016	0.21532	0.0091	0.00419	0.00798	0.01094	0.00986	0.05272	0.01693	0.01653	0.0131	0.0	0.09075	0.00881	0.00689	0.00754	0.01351	0.01398	0.03641	0.05324	0.01012	0.00012	0.00896	0.01397	0.02483	0.01622	0.19681	0.01799	0.01399	0.01376	0.00449	0.02171	0.0	0.01637	0.129	0.50687	0.22841	0.0074	0.01642	0.02146	0.0	0.0	0.01034	0.02237	0.01197	0.11878	0.08204	0.01452	0.01279	0.01906	0.02232	0.08559	0.01028	0.00609	0.00796	0.01147	0.01836	0.00839	0.01486	0.0	0.0	0.0	0.05866	0.02021	0.00642	0.01075	0.13737	0.00012	0.00647	0.00987	0.03256	0.02802	0.56303	
0.00985	0.00473	0.00019	0.00462	0.00568	0.0	0.00019	0.00532	0.00304	0.00019	0.00468	0.0	0.0	0.0	0.0	0.0	0.0	0.00568	0.00019	0.00568	0.00582	0.00783	0.00568	0.17789	0.00019	0.0056	0.00506	0.00858	0.00019	0.01419	0.0	0.01237	0.05926	0.00019	0.01255	0.00568	0.0	0.00019	0.00019	0.00582	0.00015	0.00943	0.00918	0.00556	0.01014	0.00527	0.00019	0.00019	0.00019	0.00019	0.00019	0.00019	0.00019	0.00019	0.05121	0.00473	0.00837	0.00532	0.00019	0.99972	0.99972	0.00492	0.00492	0.0064	0.00019	0.00019	0.01119	0.00568	0.00753	0.01315	0.00492	0.00019	0.21662	0.00639	0.00326	0.00559	0.00772	0.00704	0.04847	0.01128	0.01105	0.00891	0.0	0.01536	0.00624	0.00514	0.00554	0.00912	0.00951	0.02939	0.02354	0.00721	0.00016	0.00647	0.00949	0.01615	0.01082	0.00932	0.01197	0.00957	0.13966	0.00348	0.01446	0.0	0.01135	0.0135	0.00762	0.00947	0.00531	0.0108	0.01422	0.0	0.0	0.00716	0.01504	0.00819	0.02603	0.05319	0.00983	0.00868	0.01253	0.01506	0.11632	0.00714	0.00457	0.00581	0.0079	0.01209	0.00586	0.01024	0.0	0.0	0.0	0.15496	0.01373	0.00479	0.0073	0.01213	0.00016	0.00482	0.00688	0.02096	0.01841	0.00697	
9e-05	0.00013	0.0	0.00013	0.00016	0.00019	0.0	0.00012	0.00027	0.0	0.00018	0.0	0.0	0.0	0.0	0.0	0.0	0.00016	0.0	0.00016	0.00015	0.00013	0.00016	0.00013	0.0	0.00011	8e-05	9e-05	0.0	0.00791	0.0	0.00068	7e-05	0.0	0.00011	0.00016	0.0	0.0	0.0	0.00015	0.0	0.00193	9e-05	0.00016	5e-05	0.00016	0.0	0.0	0.0	0.0	0.0	0.0	0.0	0.0	0.00011	0.00013	7e-05	0.00012	0.0	0.00019	0.00019	0.00012	0.00012	4e-05	0.0	0.0	6e-05	0.00016	4e-05	0.00578	0.00012	0.0	6e-05	8e-05	0.00025	6e-05	7e-05	0.00014	0.0	2e-05	2e-05	4e-05	0.0	2e-05	5e-05	0.00014	0.00016	1e-05	3e-05	0.0	2e-05	9e-05	0.0	0.0001	3e-05	1e-05	2e-05	1e-05	2e-05	4e-05	3e-05	0.00022	0.00042	0.0	0.00095	1e-05	4e-05	3e-05	6e-05	1e-05	4e-05	0.0	0.0	4e-05	4e-05	4e-05	0.0	4e-05	2e-05	3e-05	1e-05	4e-05	2e-05	4e-05	0.00015	0.00012	4e-05	1e-05	2e-05	6e-05	0.0	0.0	0.0	1e-05	5e-05	0.00015	4e-05	2e-05	0.0	0.00014	6e-05	0.00023	0.00101	9e-05	
0.01347	0.00593	0.00012	0.00579	0.00724	0.00532	0.00012	0.0	0.00364	0.00012	0.00586	0.0	0.0	0.0	0.0	0.0	0.0	0.00724	0.00012	0.00724	0.00744	0.01028	0.00724	0.01197	0.00012	0.00714	0.00653	0.01153	0.00012	0.01661	0.0	0.01683	0.02035	0.00012	0.01699	0.00724	0.0	0.00012	0.00012	0.00744	0.00024	0.01209	0.01248	0.00714	0.20315	0.00667	0.00012	0.00012	0.00012	0.00012	0.00012	0.00012	0.00012	0.00012	0.02667	0.00593	0.29846	0.99973	0.00012	0.00532	0.00532	0.00621	0.00621	0.00846	0.00012	0.00012	0.0154	0.00724	0.01021	0.01602	0.00621	0.00012	0.01342	0.00842	0.00394	0.00738	0.35451	0.00915	0.04767	0.01555	0.01519	0.01211	0.0	0.02141	0.00836	0.00672	0.99993	0.09037	0.10065	0.03313	0.04846	0.45024	0.00028	0.00843	0.0129	0.02276	0.0149	0.01281	0.12425	0.01294	0.20516	0.00444	0.01992	0.0	0.09667	0.16395	0.01027	0.20364	0.00697	0.01503	0.10825	0.0	0.0	0.00961	0.02058	0.01108	0.03739	0.02712	0.0134	0.01181	0.09707	0.02064	0.02208	0.00956	0.00581	0.00752	0.01064	0.01686	0.00782	0.01377	0.0	0.0	0.0	0.05324	0.01878	0.00612	0.38432	0.19634	0.00028	0.00616	0.54444	0.02957	0.02556	0.00929	
0.00615	0.00329	0.00027	0.00322	0.00387	0.00304	0.00027	0.00364	0.0	0.00027	0.00327	0.0	0.0	0.0	0.0	0.0	0.0	0.00387	0.00027	0.00387	0.00395	0.00513	0.00387	0.00584	0.00027	0.0038	0.00338	0.00546	0.00027	0.01171	0.0	0.00789	0.00905	0.00027	0.0079	0.00387	0.0	0.00027	0.00027	0.00395	0.00023	0.00663	0.00575	0.00381	0.00647	0.29127	0.00027	0.00027	0.00027	0.00027	0.00027	0.00027	0.00027	0.00027	0.01197	0.00329	0.00543	0.00364	0.00027	0.00304	0.00304	0.0034	0.0034	0.00414	0.00027	0.00027	0.00691	0.00387	0.00472	0.01026	0.0034	0.00027	0.00601	0.00417	0.0024	0.00363	0.00505	0.00467	0.01962	0.00696	0.00684	0.08978	0.0	0.00936	0.00411	0.00359	0.0038	0.0057	0.006	0.01411	0.02078	0.00478	0.00024	0.00433	0.00597	0.00978	0.0067	0.00577	0.00739	0.00606	0.00586	0.00255	0.07981	0.0	0.00745	0.00816	0.00485	0.00593	0.00353	0.00659	0.00875	0.0	0.0	0.0046	0.04706	0.00519	0.01577	0.01213	0.00617	0.00546	0.00765	0.00942	0.00966	0.0046	0.00321	0.00395	0.00504	0.0675	0.00378	0.00655	0.0	0.0	0.0	0.0222	0.00866	0.00334	0.00459	0.00747	0.00024	0.00336	0.00444	0.01261	0.01144	0.00449	
9e-05	0.00013	0.0	0.00013	0.00016	0.00019	0.0	0.00012	0.00027	0.0	0.00018	0.0	0.0	0.0	0.0	0.0	0.0	0.00016	0.0	0.00016	0.00015	0.00013	0.00016	0.00013	0.0	0.00011	8e-05	9e-05	0.0	0.00791	0.0	0.00068	7e-05	0.0	0.00011	0.00016	0.0	0.0	0.0	0.00015	0.0	0.00193	9e-05	0.00016	5e-05	0.00016	0.0	0.0	0.0	0.0	0.0	0.0	0.0	0.0	0.00011	0.00013	7e-05	0.00012	0.0	0.00019	0.00019	0.00012	0.00012	4e-05	0.0	0.0	6e-05	0.00016	4e-05	0.00578	0.00012	0.0	6e-05	8e-05	0.00025	6e-05	7e-05	0.00014	0.0	2e-05	2e-05	4e-05	0.0	2e-05	5e-05	0.00014	0.00016	1e-05	3e-05	0.0	2e-05	9e-05	0.0	0.0001	3e-05	1e-05	2e-05	1e-05	2e-05	4e-05	3e-05	0.00022	0.00042	0.0	0.00095	1e-05	4e-05	3e-05	6e-05	1e-05	4e-05	0.0	0.0	4e-05	4e-05	4e-05	0.0	4e-05	2e-05	3e-05	1e-05	4e-05	2e-05	4e-05	0.00015	0.00012	4e-05	1e-05	2e-05	6e-05	0.0	0.0	0.0	1e-05	5e-05	0.00015	4e-05	2e-05	0.0	0.00014	6e-05	0.00023	0.00101	9e-05	
0.01113	0.00518	0.00018	0.00506	0.00626	0.00468	0.00018	0.00586	0.00327	0.00018	0.0	0.0	0.0	0.0	0.0	0.0	0.0	0.00626	0.00018	0.00626	0.00642	0.27199	0.00626	0.01009	0.00018	0.00617	0.0056	0.00964	0.00018	0.01506	0.0	0.01393	0.01673	0.00018	0.01414	0.00626	0.0	0.00018	0.00018	0.00642	0.00014	0.36956	0.18465	0.00613	0.01139	0.00579	0.00018	0.00018	0.00018	0.00018	0.00018	0.00018	0.00018	0.00018	0.05843	0.00518	0.00935	0.00586	0.00018	0.00468	0.00468	0.00541	0.00541	0.00715	0.00018	0.00018	0.01269	0.00626	0.00849	0.01417	0.00541	0.00018	0.01102	0.00713	0.00352	0.00625	0.0086	0.00781	0.03824	0.01278	0.01251	0.01004	0.0	0.01749	0.00695	0.00563	0.0061	0.01029	0.01071	0.02685	0.03934	0.00801	0.00015	0.00716	0.01069	0.01843	0.01226	0.01055	0.01357	0.01076	0.01052	0.00377	0.01638	0.0	0.0127	0.0154	0.00855	0.0107	0.00589	0.01229	0.01614	0.0	0.0	0.00803	0.017	0.00921	0.03022	0.06071	0.01109	0.00979	0.01426	0.017	0.01803	0.008	0.005	0.00641	0.00887	0.01374	0.00655	0.01149	0.0	0.0	0.0	0.04281	0.01548	0.00525	0.00822	0.0986	0.00015	0.99969	0.46157	0.05039	0.08509	0.44321	
0.0	0.0	0.0	0.0	0.0	0.0	0.0	0.0	0.0	0.0	0.0	0.0	0.0	0.0	0.0	0.0	0.0	0.0	0.0	0.0	0.0	0.0	0.0	0.0	0.0	0.0	0.0	0.0	0.0	0.0	0.0	0.0	0.0	0.0	0.0	0.0	0.0	0.0	0.0	0.0	0.0	0.0	0.0	0.0	0.0	0.0	0.0	0.0	0.0	0.0	0.0	0.0	0.0	0.0	0.0	0.0	0.0	0.0	0.0	0.0	0.0	0.0	0.0	0.0	0.0	0.0	0.0	0.0	0.0	0.0	0.0	0.0	0.0	0.0	0.0	0.0	0.0	0.0	0.0	0.0	0.0	0.0	0.0	0.0	0.0	0.0	0.0	0.0	0.0	0.0	0.0	0.0	0.0	0.0	0.0	0.0	0.0	0.0	0.0	0.0	0.0	0.0	0.0	0.0	0.0	0.0	0.0	0.0	0.0	0.0	0.0	0.0	0.0	0.0	0.0	0.0	0.0	0.0	0.0	0.0	0.0	0.0	0.0	0.0	0.0	0.0	0.0	0.0	0.0	0.0	0.0	0.0	0.0	0.0	0.0	0.0	0.0	0.0	0.0	0.0	0.0	0.0	0.0	0.0	
0.0	0.0	0.0	0.0	0.0	0.0	0.0	0.0	0.0	0.0	0.0	0.0	0.0	0.0	0.0	0.0	0.0	0.0	0.0	0.0	0.0	0.0	0.0	0.0	0.0	0.0	0.0	0.0	0.0	0.0	0.0	0.0	0.0	0.0	0.0	0.0	0.0	0.0	0.0	0.0	0.0	0.0	0.0	0.0	0.0	0.0	0.0	0.0	0.0	0.0	0.0	0.0	0.0	0.0	0.0	0.0	0.0	0.0	0.0	0.0	0.0	0.0	0.0	0.0	0.0	0.0	0.0	0.0	0.0	0.0	0.0	0.0	0.0	0.0	0.0	0.0	0.0	0.0	0.0	0.0	0.0	0.0	0.0	0.0	0.0	0.0	0.0	0.0	0.0	0.0	0.0	0.0	0.0	0.0	0.0	0.0	0.0	0.0	0.0	0.0	0.0	0.0	0.0	0.0	0.0	0.0	0.0	0.0	0.0	0.0	0.0	0.0	0.0	0.0	0.0	0.0	0.0	0.0	0.0	0.0	0.0	0.0	0.0	0.0	0.0	0.0	0.0	0.0	0.0	0.0	0.0	0.0	0.0	0.0	0.0	0.0	0.0	0.0	0.0	0.0	0.0	0.0	0.0	0.0	
0.0	0.0	0.0	0.0	0.0	0.0	0.0	0.0	0.0	0.0	0.0	0.0	0.0	0.0	0.0	0.0	0.0	0.0	0.0	0.0	0.0	0.0	0.0	0.0	0.0	0.0	0.0	0.0	0.0	0.0	0.0	0.0	0.0	0.0	0.0	0.0	0.0	0.0	0.0	0.0	0.0	0.0	0.0	0.0	0.0	0.0	0.0	0.0	0.0	0.0	0.0	0.0	0.0	0.0	0.0	0.0	0.0	0.0	0.0	0.0	0.0	0.0	0.0	0.0	0.0	0.0	0.0	0.0	0.0	0.0	0.0	0.0	0.0	0.0	0.0	0.0	0.0	0.0	0.0	0.0	0.0	0.0	0.0	0.0	0.0	0.0	0.0	0.0	0.0	0.0	0.0	0.0	0.0	0.0	0.0	0.0	0.0	0.0	0.0	0.0	0.0	0.0	0.0	0.0	0.0	0.0	0.0	0.0	0.0	0.0	0.0	0.0	0.0	0.0	0.0	0.0	0.0	0.0	0.0	0.0	0.0	0.0	0.0	0.0	0.0	0.0	0.0	0.0	0.0	0.0	0.0	0.0	0.0	0.0	0.0	0.0	0.0	0.0	0.0	0.0	0.0	0.0	0.0	0.0	
0.0	0.0	0.0	0.0	0.0	0.0	0.0	0.0	0.0	0.0	0.0	0.0	0.0	0.0	0.0	0.0	0.0	0.0	0.0	0.0	0.0	0.0	0.0	0.0	0.0	0.0	0.0	0.0	0.0	0.0	0.0	0.0	0.0	0.0	0.0	0.0	0.0	0.0	0.0	0.0	0.0	0.0	0.0	0.0	0.0	0.0	0.0	0.0	0.0	0.0	0.0	0.0	0.0	0.0	0.0	0.0	0.0	0.0	0.0	0.0	0.0	0.0	0.0	0.0	0.0	0.0	0.0	0.0	0.0	0.0	0.0	0.0	0.0	0.0	0.0	0.0	0.0	0.0	0.0	0.0	0.0	0.0	0.0	0.0	0.0	0.0	0.0	0.0	0.0	0.0	0.0	0.0	0.0	0.0	0.0	0.0	0.0	0.0	0.0	0.0	0.0	0.0	0.0	0.0	0.0	0.0	0.0	0.0	0.0	0.0	0.0	0.0	0.0	0.0	0.0	0.0	0.0	0.0	0.0	0.0	0.0	0.0	0.0	0.0	0.0	0.0	0.0	0.0	0.0	0.0	0.0	0.0	0.0	0.0	0.0	0.0	0.0	0.0	0.0	0.0	0.0	0.0	0.0	0.0	
0.0	0.0	0.0	0.0	0.0	0.0	0.0	0.0	0.0	0.0	0.0	0.0	0.0	0.0	0.0	0.0	0.0	0.0	0.0	0.0	0.0	0.0	0.0	0.0	0.0	0.0	0.0	0.0	0.0	0.0	0.0	0.0	0.0	0.0	0.0	0.0	0.0	0.0	0.0	0.0	0.0	0.0	0.0	0.0	0.0	0.0	0.0	0.0	0.0	0.0	0.0	0.0	0.0	0.0	0.0	0.0	0.0	0.0	0.0	0.0	0.0	0.0	0.0	0.0	0.0	0.0	0.0	0.0	0.0	0.0	0.0	0.0	0.0	0.0	0.0	0.0	0.0	0.0	0.0	0.0	0.0	0.0	0.0	0.0	0.0	0.0	0.0	0.0	0.0	0.0	0.0	0.0	0.0	0.0	0.0	0.0	0.0	0.0	0.0	0.0	0.0	0.0	0.0	0.0	0.0	0.0	0.0	0.0	0.0	0.0	0.0	0.0	0.0	0.0	0.0	0.0	0.0	0.0	0.0	0.0	0.0	0.0	0.0	0.0	0.0	0.0	0.0	0.0	0.0	0.0	0.0	0.0	0.0	0.0	0.0	0.0	0.0	0.0	0.0	0.0	0.0	0.0	0.0	0.0	
0.0	0.0	0.0	0.0	0.0	0.0	0.0	0.0	0.0	0.0	0.0	0.0	0.0	0.0	0.0	0.0	0.0	0.0	0.0	0.0	0.0	0.0	0.0	0.0	0.0	0.0	0.0	0.0	0.0	0.0	0.0	0.0	0.0	0.0	0.0	0.0	0.0	0.0	0.0	0.0	0.0	0.0	0.0	0.0	0.0	0.0	0.0	0.0	0.0	0.0	0.0	0.0	0.0	0.0	0.0	0.0	0.0	0.0	0.0	0.0	0.0	0.0	0.0	0.0	0.0	0.0	0.0	0.0	0.0	0.0	0.0	0.0	0.0	0.0	0.0	0.0	0.0	0.0	0.0	0.0	0.0	0.0	0.0	0.0	0.0	0.0	0.0	0.0	0.0	0.0	0.0	0.0	0.0	0.0	0.0	0.0	0.0	0.0	0.0	0.0	0.0	0.0	0.0	0.0	0.0	0.0	0.0	0.0	0.0	0.0	0.0	0.0	0.0	0.0	0.0	0.0	0.0	0.0	0.0	0.0	0.0	0.0	0.0	0.0	0.0	0.0	0.0	0.0	0.0	0.0	0.0	0.0	0.0	0.0	0.0	0.0	0.0	0.0	0.0	0.0	0.0	0.0	0.0	0.0	
0.01463	0.00635	0.00016	0.00619	0.99984	0.00568	0.00016	0.00724	0.00387	0.00016	0.00626	0.0	0.0	0.0	0.0	0.0	0.0	0.0	0.00016	0.99984	0.00798	0.39196	0.99984	0.01295	0.00016	0.00766	0.00702	0.01252	0.00016	0.28637	0.0	0.3354	0.09284	0.00016	0.15387	0.99984	0.0	0.00016	0.00016	0.00798	0.00011	0.01299	0.01359	0.00758	0.01474	0.00714	0.00016	0.00016	0.00016	0.00016	0.00016	0.00016	0.00016	0.00016	0.02914	0.00635	0.01196	0.00724	0.00016	0.00568	0.00568	0.00664	0.00664	0.00916	0.00016	0.00016	0.01682	0.99984	0.01112	0.017	0.00664	0.00016	0.21532	0.0091	0.00419	0.00798	0.01094	0.00986	0.05272	0.01693	0.01653	0.0131	0.0	0.09075	0.00881	0.00689	0.00754	0.01351	0.01398	0.03641	0.05324	0.01012	0.00012	0.00896	0.01397	0.02483	0.01622	0.19681	0.01799	0.01399	0.01376	0.00449	0.02171	0.0	0.01637	0.129	0.50687	0.22841	0.0074	0.01642	0.02146	0.0	0.0	0.01034	0.02237	0.01197	0.11878	0.08204	0.01452	0.01279	0.01906	0.02232	0.08559	0.01028	0.00609	0.00796	0.01147	0.01836	0.00839	0.01486	0.0	0.0	0.0	0.05866	0.02021	0.00642	0.01075	0.13737	0.00012	0.00647	0.00987	0.03256	0.02802	0.56303	
9e-05	0.00013	0.0	0.00013	0.00016	0.00019	0.0	0.00012	0.00027	0.0	0.00018	0.0	0.0	0.0	0.0	0.0	0.0	0.00016	0.0	0.00016	0.00015	0.00013	0.00016	0.00013	0.0	0.00011	8e-05	9e-05	0.0	0.00791	0.0	0.00068	7e-05	0.0	0.00011	0.00016	0.0	0.0	0.0	0.00015	0.0	0.00193	9e-05	0.00016	5e-05	0.00016	0.0	0.0	0.0	0.0	0.0	0.0	0.0	0.0	0.00011	0.00013	7e-05	0.00012	0.0	0.00019	0.00019	0.00012	0.00012	4e-05	0.0	0.0	6e-05	0.00016	4e-05	0.00578	0.00012	0.0	6e-05	8e-05	0.00025	6e-05	7e-05	0.00014	0.0	2e-05	2e-05	4e-05	0.0	2e-05	5e-05	0.00014	0.00016	1e-05	3e-05	0.0	2e-05	9e-05	0.0	0.0001	3e-05	1e-05	2e-05	1e-05	2e-05	4e-05	3e-05	0.00022	0.00042	0.0	0.00095	1e-05	4e-05	3e-05	6e-05	1e-05	4e-05	0.0	0.0	4e-05	4e-05	4e-05	0.0	4e-05	2e-05	3e-05	1e-05	4e-05	2e-05	4e-05	0.00015	0.00012	4e-05	1e-05	2e-05	6e-05	0.0	0.0	0.0	1e-05	5e-05	0.00015	4e-05	2e-05	0.0	0.00014	6e-05	0.00023	0.00101	9e-05	
0.01463	0.00635	0.00016	0.00619	0.99984	0.00568	0.00016	0.00724	0.00387	0.00016	0.00626	0.0	0.0	0.0	0.0	0.0	0.0	0.99984	0.00016	0.0	0.00798	0.39196	0.99984	0.01295	0.00016	0.00766	0.00702	0.01252	0.00016	0.28637	0.0	0.3354	0.09284	0.00016	0.15387	0.99984	0.0	0.00016	0.00016	0.00798	0.00011	0.01299	0.01359	0.00758	0.01474	0.00714	0.00016	0.00016	0.00016	0.00016	0.00016	0.00016	0.00016	0.00016	0.02914	0.00635	0.01196	0.00724	0.00016	0.00568	0.00568	0.00664	0.00664	0.00916	0.00016	0.00016	0.01682	0.99984	0.01112	0.017	0.00664	0.00016	0.21532	0.0091	0.00419	0.00798	0.01094	0.00986	0.05272	0.01693	0.01653	0.0131	0.0	0.09075	0.00881	0.00689	0.00754	0.01351	0.01398	0.03641	0.05324	0.01012	0.00012	0.00896	0.01397	0.02483	0.01622	0.19681	0.01799	0.01399	0.01376	0.00449	0.02171	0.0	0.01637	0.129	0.50687	0.22841	0.0074	0.01642	0.02146	0.0	0.0	0.01034	0.02237	0.01197	0.11878	0.08204	0.01452	0.01279	0.01906	0.02232	0.08559	0.01028	0.00609	0.00796	0.01147	0.01836	0.00839	0.01486	0.0	0.0	0.0	0.05866	0.02021	0.00642	0.01075	0.13737	0.00012	0.00647	0.00987	0.03256	0.02802	0.56303	
0.23732	0.00651	0.00015	0.00635	0.00798	0.00582	0.00015	0.00744	0.00395	0.00015	0.00642	0.0	0.0	0.0	0.0	0.0	0.0	0.00798	0.00015	0.00798	0.0	0.01143	0.00798	0.30217	0.00015	0.00787	0.00723	0.27211	0.00015	0.0178	0.0	0.01888	0.02308	0.00015	0.01911	0.00798	0.0	0.00015	0.00015	0.99985	0.0001	0.01337	0.26931	0.00778	0.01523	0.00733	0.00015	0.00015	0.00015	0.00015	0.00015	0.00015	0.00015	0.00015	0.0302	0.00651	0.35091	0.00744	0.00015	0.00582	0.00582	0.00682	0.00682	0.00945	0.00015	0.00015	0.01743	0.00798	0.01151	0.36216	0.00682	0.00015	0.01515	0.66067	0.00428	0.00823	0.01128	0.01015	0.03794	0.16779	0.35369	0.01355	0.0	0.02431	0.00907	0.00707	0.00774	0.01398	0.28314	0.04766	0.03747	0.01042	0.00012	0.00922	0.23317	0.02579	0.01681	0.01443	0.14383	0.01446	0.01424	0.00459	0.0225	0.0	0.0169	0.11064	0.01144	0.01452	0.00762	0.01704	0.02225	0.0	0.0	0.57267	0.02316	0.01237	0.12449	0.08527	0.2158	0.01323	0.11225	0.0231	0.02506	0.01061	0.00624	0.00818	0.01185	0.14385	0.00865	0.01535	0.0	0.0	0.0	0.03471	0.17864	0.00658	0.01112	0.01896	0.00012	0.00664	0.01019	0.06287	0.06373	0.01034	
0.02312	0.00887	0.00013	0.00863	0.39196	0.00783	0.00013	0.01028	0.00513	0.00013	0.27199	0.0	0.0	0.0	0.0	0.0	0.0	0.39196	0.00013	0.39196	0.01143	0.0	0.39196	0.01957	0.00013	0.01094	0.01019	0.01929	0.00013	0.12804	0.0	0.19666	0.02652	0.00013	0.04796	0.39196	0.0	0.00013	0.00013	0.01143	7e-05	0.16504	0.06922	0.01077	0.02261	0.01009	0.00013	0.00013	0.00013	0.00013	0.00013	0.00013	0.00013	0.00013	0.00151	0.00887	0.01795	0.01028	0.00013	0.00783	0.00783	0.00933	0.00933	0.01376	0.00013	0.00013	0.027	0.39196	0.01741	0.02398	0.00933	0.00013	0.11334	0.0136	0.0056	0.01196	0.01627	0.01446	0.09278	0.02713	0.02636	0.02041	0.0	0.03161	0.01303	0.00965	0.0107	0.02127	0.0218	0.06141	0.08979	0.01487	9e-05	0.01299	0.02179	0.04126	0.02592	0.09028	0.02884	0.02163	0.02152	0.00604	0.035	0.0	0.02522	0.0705	0.25779	0.10299	0.01079	0.02676	0.03471	0.0	0.0	0.01571	0.03544	0.0185	0.0811	0.13893	0.02273	0.01995	0.03107	0.03524	0.02688	0.01556	0.00846	0.01138	0.01757	0.0299	0.01263	0.02274	0.0	0.0	0.0	0.102	0.03159	0.00896	0.01676	0.25569	9e-05	0.27085	0.18513	0.02773	0.0498	0.8281	
0.01463	0.00635	0.00016	0.00619	0.99984	0.00568	0.00016	0.00724	0.00387	0.00016	0.00626	0.0	0.0	0.0	0.0	0.0	0.0	0.99984	0.00016	0.99984	0.00798	0.39196	0.0	0.01295	0.00016	0.00766	0.00702	0.01252	0.00016	0.28637	0.0	0.3354	0.09284	0.00016	0.15387	0.99984	0.0	0.00016	0.00016	0.00798	0.00011	0.01299	0.01359	0.00758	0.01474	0.00714	0.00016	0.00016	0.00016	0.00016	0.00016	0.00016	0.00016	0.00016	0.02914	0.00635	0.01196	0.00724	0.00016	0.00568	0.00568	0.00664	0.00664	0.00916	0.00016	0.00016	0.01682	0.99984	0.01112	0.017	0.00664	0.00016	0.21532	0.0091	0.00419	0.00798	0.01094	0.00986	0.05272	0.01693	0.01653	0.0131	0.0	0.09075	0.00881	0.00689	0.00754	0.01351	0.01398	0.03641	0.05324	0.01012	0.00012	0.00896	0.01397	0.02483	0.01622	0.19681	0.01799	0.01399	0.01376	0.00449	0.02171	0.0	0.01637	0.129	0.50687	0.22841	0.0074	0.01642	0.02146	0.0	0.0	0.01034	0.02237	0.01197	0.11878	0.08204	0.01452	0.01279	0.01906	0.02232	0.08559	0.01028	0.00609	0.00796	0.01147	0.01836	0.00839	0.01486	0.0	0.0	0.0	0.05866	0.02021	0.00642	0.01075	0.13737	0.00012	0.00647	0.00987	0.03256	0.02802	0.56303	
0.0904	0.01027	0.00013	0.00998	0.01295	0.17789	0.00013	0.01197	0.00584	0.00013	0.01009	0.0	0.0	0.0	0.0	0.0	0.0	0.01295	0.00013	0.01295	0.30217	0.01957	0.01295	0.0	0.00013	0.01277	0.01197	0.08702	0.00013	0.02683	0.0	0.03532	0.00488	0.00013	0.03506	0.01295	0.0	0.00013	0.00013	0.30217	6e-05	0.02285	0.10728	0.01257	0.02722	0.01175	0.00013	0.00013	0.00013	0.00013	0.00013	0.00013	0.00013	0.00013	0.00103	0.01027	0.10217	0.01197	0.00013	0.17789	0.17789	0.01083	0.01083	0.01641	0.00013	0.00013	0.0332	0.01295	0.02115	0.17601	0.01083	0.00013	0.09842	0.2455	0.00638	0.10541	0.01932	0.01707	0.0457	0.05593	0.17495	0.02473	0.0	0.04776	0.01546	0.01119	0.01247	0.02592	0.09757	0.09944	0.07487	0.01758	8e-05	0.01528	0.18927	0.01836	0.0318	0.02713	0.11596	0.02614	0.02301	0.0069	0.0432	0.0	0.03053	0.04513	0.02044	0.02685	0.01271	0.03314	0.04288	0.0	0.0	0.22641	0.04333	0.02234	0.08367	0.17733	0.18702	0.0242	0.03187	0.00027	0.02679	0.01862	0.00978	0.0133	0.1016	0.05145	0.01507	0.02736	0.0	0.0	0.0	0.11153	0.03602	0.01038	0.02032	0.03633	8e-05	0.01048	0.01784	0.05335	0.04826	0.01817	
9e-05	0.00013	0.0	0.00013	0.00016	0.00019	0.0	0.00012	0.00027	0.0	0.00018	0.0	0.0	0.0	0.0	0.0	0.0	0.00016	0.0	0.00016	0.00015	0.00013	0.00016	0.00013	0.0	0.00011	8e-05	9e-05	0.0	0.00791	0.0	0.00068	7e-05	0.0	0.00011	0.00016	0.0	0.0	0.0	0.00015	0.0	0.00193	9e-05	0.00016	5e-05	0.00016	0.0	0.0	0.0	0.0	0.0	0.0	0.0	0.0	0.00011	0.00013	7e-05	0.00012	0.0	0.00019	0.00019	0.00012	0.00012	4e-05	0.0	0.0	6e-05	0.00016	4e-05	0.00578	0.00012	0.0	6e-05	8e-05	0.00025	6e-05	7e-05	0.00014	0.0	2e-05	2e-05	4e-05	0.0	2e-05	5e-05	0.00014	0.00016	1e-05	3e-05	0.0	2e-05	9e-05	0.0	0.0001	3e-05	1e-05	2e-05	1e-05	2e-05	4e-05	3e-05	0.00022	0.00042	0.0	0.00095	1e-05	4e-05	3e-05	6e-05	1e-05	4e-05	0.0	0.0	4e-05	4e-05	4e-05	0.0	4e-05	2e-05	3e-05	1e-05	4e-05	2e-05	4e-05	0.00015	0.00012	4e-05	1e-05	2e-05	6e-05	0.0	0.0	0.0	1e-05	5e-05	0.00015	4e-05	2e-05	0.0	0.00014	6e-05	0.00023	0.00101	9e-05	
0.01445	0.00625	0.00011	0.0061	0.00766	0.0056	0.00011	0.00714	0.0038	0.00011	0.00617	0.0	0.0	0.0	0.0	0.0	0.0	0.00766	0.00011	0.00766	0.00787	0.01094	0.00766	0.01277	0.00011	0.0	0.00692	0.01234	0.00011	0.01729	0.0	0.01804	0.02193	0.00011	0.01822	0.00766	0.0	0.00011	0.00011	0.00787	0.00017	0.01283	0.0134	0.00752	0.22178	0.00704	0.00011	0.00011	0.00011	0.00011	0.00011	0.00011	0.00011	0.00011	0.02871	0.00625	0.0118	0.00714	0.00011	0.0056	0.0056	0.00655	0.00655	0.00903	0.00011	0.00011	0.19796	0.00766	0.39157	0.01682	0.00655	0.00011	0.01443	0.00897	0.00412	0.00787	0.01079	0.00972	0.07716	0.23308	0.01633	0.01296	0.0	0.0231	0.00883	0.00699	0.0075	0.24818	0.0139	0.04512	0.03557	0.01004	0.00021	0.00891	0.01381	0.05695	0.22545	0.19323	0.32257	0.2281	0.01361	0.00457	0.10323	0.0	0.01623	0.10405	0.50097	0.39092	0.00736	0.17987	0.07721	0.0	0.0	0.01024	0.02209	0.01185	0.04	0.08083	0.01435	0.01265	0.10583	0.02211	0.02382	0.01018	0.00608	0.99985	0.33404	0.2037	0.00832	0.0147	0.0	0.0	0.0	0.14434	0.02007	0.00641	0.01059	0.01806	0.00021	0.00646	0.00979	0.03206	0.0276	0.00991	
0.01374	0.00568	8e-05	0.00554	0.00702	0.00506	8e-05	0.00653	0.00338	8e-05	0.0056	0.0	0.0	0.0	0.0	0.0	0.0	0.00702	8e-05	0.00702	0.00723	0.01019	0.00702	0.01197	8e-05	0.00692	0.0	0.01165	8e-05	0.01634	0.0	0.0172	0.02104	8e-05	0.0711	0.00702	0.0	8e-05	8e-05	0.00723	7e-05	0.01212	0.01275	0.00685	0.01369	0.00643	8e-05	8e-05	8e-05	8e-05	8e-05	8e-05	8e-05	8e-05	0.02744	0.00568	0.01102	0.00653	8e-05	0.00506	0.00506	0.00596	0.00596	0.00844	8e-05	8e-05	0.01588	0.00702	0.01042	0.01607	0.00596	8e-05	0.04184	0.00838	0.00368	0.00736	0.01005	0.00901	0.04067	0.01596	0.01556	0.01224	0.0	0.05107	0.00808	0.00619	0.0068	0.19503	0.01306	0.03468	0.05039	0.00925	8e-05	0.00815	0.09176	0.0236	0.01528	0.01311	0.01696	0.01303	0.01287	0.00397	0.02053	0.0	0.01532	0.06469	0.01029	0.01315	0.32649	0.01558	0.10983	0.0	0.0	0.00957	0.02097	0.01115	0.03926	0.02783	0.01358	0.12216	0.05584	0.02088	0.02289	0.15459	0.00545	0.0072	0.01065	0.01739	0.27253	0.10144	0.0	0.0	0.0	0.04187	0.01884	0.00576	0.01005	0.01728	8e-05	0.0058	0.00913	0.05939	0.0403	0.00928	
0.09292	0.00982	9e-05	0.00954	0.01252	0.00858	9e-05	0.01153	0.00546	9e-05	0.00964	0.0	0.0	0.0	0.0	0.0	0.0	0.01252	9e-05	0.01252	0.27211	0.01929	0.01252	0.08702	9e-05	0.01234	0.01165	0.0	9e-05	0.02653	0.0	0.03613	0.1177	9e-05	0.03545	0.01252	0.0	9e-05	9e-05	0.27211	3e-05	0.02287	0.19912	0.01211	0.02725	0.0113	9e-05	9e-05	9e-05	9e-05	9e-05	9e-05	9e-05	9e-05	0.00902	0.00982	0.10252	0.01153	9e-05	0.00858	0.00858	0.01038	0.01038	0.01627	9e-05	9e-05	0.03412	0.01252	0.02145	0.26737	0.01038	9e-05	0.02966	0.22812	0.23944	0.1682	0.01903	0.01672	0.03245	0.11907	0.17127	0.02497	0.0	0.04957	0.14649	0.17393	0.01201	0.02627	0.4192	0.13161	0.01561	0.0172	5e-05	0.01485	0.07588	0.07445	0.03256	0.02772	0.04665	0.02626	0.02642	0.24076	0.04454	0.0	0.03083	0.0517	0.02046	0.02725	0.01239	0.05128	0.04409	0.0	0.0	0.21286	0.04404	0.02246	0.06737	0.01674	0.06939	0.02445	0.03901	0.0436	0.051	0.0185	0.23286	0.01285	0.02114	0.05741	0.01493	0.02733	0.0	0.0	0.0	0.02591	0.04402	0.00992	0.11712	0.03737	5e-05	0.01001	0.01772	0.03746	0.03076	0.01808	
9e-05	0.00013	0.0	0.00013	0.00016	0.00019	0.0	0.00012	0.00027	0.0	0.00018	0.0	0.0	0.0	0.0	0.0	0.0	0.00016	0.0	0.00016	0.00015	0.00013	0.00016	0.00013	0.0	0.00011	8e-05	9e-05	0.0	0.00791	0.0	0.00068	7e-05	0.0	0.00011	0.00016	0.0	0.0	0.0	0.00015	0.0	0.00193	9e-05	0.00016	5e-05	0.00016	0.0	0.0	0.0	0.0	0.0	0.0	0.0	0.0	0.00011	0.00013	7e-05	0.00012	0.0	0.00019	0.00019	0.00012	0.00012	4e-05	0.0	0.0	6e-05	0.00016	4e-05	0.00578	0.00012	0.0	6e-05	8e-05	0.00025	6e-05	7e-05	0.00014	0.0	2e-05	2e-05	4e-05	0.0	2e-05	5e-05	0.00014	0.00016	1e-05	3e-05	0.0	2e-05	9e-05	0.0	0.0001	3e-05	1e-05	2e-05	1e-05	2e-05	4e-05	3e-05	0.00022	0.00042	0.0	0.00095	1e-05	4e-05	3e-05	6e-05	1e-05	4e-05	0.0	0.0	4e-05	4e-05	4e-05	0.0	4e-05	2e-05	3e-05	1e-05	4e-05	2e-05	4e-05	0.00015	0.00012	4e-05	1e-05	2e-05	6e-05	0.0	0.0	0.0	1e-05	5e-05	0.00015	4e-05	2e-05	0.0	0.00014	6e-05	0.00023	0.00101	9e-05	
0.0316	0.0152	0.00791	0.01497	0.28637	0.01419	0.00791	0.01661	0.01171	0.00791	0.01506	0.0	0.0	0.0	0.0	0.0	0.0	0.28637	0.00791	0.28637	0.0178	0.12804	0.28637	0.02683	0.00791	0.01729	0.01634	0.02653	0.00791	0.0	0.0	0.39511	0.03306	0.00791	0.04775	0.28637	0.0	0.00791	0.00791	0.0178	0.00875	0.1127	0.02906	0.01761	0.03043	0.01642	0.00791	0.00791	0.00791	0.00791	0.00791	0.00791	0.00791	0.00791	0.01675	0.0152	0.02497	0.01661	0.00791	0.01419	0.01419	0.22207	0.22207	0.17422	0.00791	0.00791	0.03606	0.28637	0.02431	0.16853	0.22207	0.00791	0.10515	0.01999	0.01212	0.0181	0.07784	0.02104	0.03881	0.04592	0.04576	0.04241	0.0	0.18552	0.04077	0.04403	0.04396	0.0415	0.04336	0.07768	0.10993	0.04421	0.05278	0.04393	0.04377	0.05629	0.04497	0.1056	0.04776	0.04484	0.04317	0.04526	0.07557	0.0	0.09304	0.08247	0.27623	0.11961	0.04087	0.04309	0.0378	0.0	0.0	0.04063	0.03122	0.20285	0.09352	0.03001	0.06547	0.11285	0.04788	0.06041	0.04049	0.04103	0.04438	0.0439	0.04162	0.04645	0.03864	0.04744	0.0	0.0	0.0	0.03081	0.04425	0.04424	0.02354	0.07063	0.05278	0.04422	0.04049	0.0632	0.10738	0.22316	
0.0	0.0	0.0	0.0	0.0	0.0	0.0	0.0	0.0	0.0	0.0	0.0	0.0	0.0	0.0	0.0	0.0	0.0	0.0	0.0	0.0	0.0	0.0	0.0	0.0	0.0	0.0	0.0	0.0	0.0	0.0	0.0	0.0	0.0	0.0	0.0	0.0	0.0	0.0	0.0	0.0	0.0	0.0	0.0	0.0	0.0	0.0	0.0	0.0	0.0	0.0	0.0	0.0	0.0	0.0	0.0	0.0	0.0	0.0	0.0	0.0	0.0	0.0	0.0	0.0	0.0	0.0	0.0	0.0	0.0	0.0	0.0	0.0	0.0	0.0	0.0	0.0	0.0	0.0	0.0	0.0	0.0	0.0	0.0	0.0	0.0	0.0	0.0	0.0	0.0	0.0	0.0	0.0	0.0	0.0	0.0	0.0	0.0	0.0	0.0	0.0	0.0	0.0	0.0	0.0	0.0	0.0	0.0	0.0	0.0	0.0	0.0	0.0	0.0	0.0	0.0	0.0	0.0	0.0	0.0	0.0	0.0	0.0	0.0	0.0	0.0	0.0	0.0	0.0	0.0	0.0	0.0	0.0	0.0	0.0	0.0	0.0	0.0	0.0	0.0	0.0	0.0	0.0	0.0	
0.04569	0.01427	0.00068	0.01382	0.3354	0.01237	0.00068	0.01683	0.00789	0.00068	0.01393	0.0	0.0	0.0	0.0	0.0	0.0	0.3354	0.00068	0.3354	0.01888	0.19666	0.3354	0.03532	0.00068	0.01804	0.0172	0.03613	0.00068	0.39511	0.0	0.0	0.1369	0.00068	0.1251	0.3354	0.0	0.00068	0.00068	0.01888	0.00132	0.07379	0.04176	0.05636	0.04212	0.0164	0.00068	0.00068	0.00068	0.00068	0.00068	0.00068	0.00068	0.00068	0.0241	0.01427	0.03202	0.01683	0.00068	0.01237	0.01237	0.06906	0.06906	0.06884	0.00068	0.00068	0.02624	0.3354	0.03366	0.08063	0.06906	0.00068	0.17031	0.02404	0.00863	0.02125	0.03072	0.02477	0.0997	0.04909	0.04728	0.03511	0.0	0.12102	0.02002	0.01362	0.01659	0.03534	0.03667	0.04452	0.11252	0.02364	0.00155	0.02039	0.02594	0.04376	0.039	0.30705	0.02356	0.01999	0.10076	0.00876	0.03865	0.0	0.04067	0.14241	0.28503	0.16413	0.08774	0.04164	0.03931	0.0	0.0	0.0261	0.05778	0.07516	0.14845	0.05815	0.09486	0.10428	0.05841	0.02845	0.08426	0.02569	0.01296	0.01769	0.0252	0.09171	0.08322	0.06531	0.0	0.0	0.0	0.09668	0.04671	0.01379	0.08763	0.17588	0.00155	0.01388	0.02465	0.05268	0.12551	0.28622	
0.03818	0.06951	7e-05	0.01654	0.09284	0.05926	7e-05	0.02035	0.00905	7e-05	0.01673	0.0	0.0	0.0	0.0	0.0	0.0	0.09284	7e-05	0.09284	0.02308	0.02652	0.09284	0.00488	7e-05	0.02193	0.02104	0.1177	7e-05	0.03306	0.0	0.1369	0.0	7e-05	0.00743	0.09284	0.0	7e-05	7e-05	0.02308	6e-05	0.04375	0.13454	0.02973	0.05327	0.01989	7e-05	7e-05	7e-05	7e-05	7e-05	7e-05	7e-05	7e-05	0.06352	0.06951	0.04009	0.02035	7e-05	0.05926	0.05926	0.01815	0.01815	0.07223	7e-05	7e-05	0.04393	0.09284	0.04296	0.13147	0.01815	7e-05	0.0864	0.02997	0.00999	0.02647	0.03553	0.0307	0.04181	0.07234	0.02234	0.0827	0.0	0.02237	0.2218	0.24818	0.02146	0.02332	0.12924	0.06666	0.07198	0.03192	0.0001	0.00521	0.0138	0.1297	0.04011	0.09981	0.02535	0.02018	0.05019	0.01115	0.02777	0.0	0.01687	0.09259	0.09206	0.03272	0.05371	0.1099	0.01753	0.0	0.0	0.03625	0.03229	0.04449	0.05483	0.01951	0.07764	0.02614	0.08767	0.01073	0.0342	0.03556	0.01629	0.02312	0.01378	0.09139	0.05592	0.01694	0.0	0.0	0.0	0.08357	0.07181	0.01743	0.2269	0.09662	0.0001	0.01762	0.03397	0.10305	0.04366	0.09076	
9e-05	0.00013	0.0	0.00013	0.00016	0.00019	0.0	0.00012	0.00027	0.0	0.00018	0.0	0.0	0.0	0.0	0.0	0.0	0.00016	0.0	0.00016	0.00015	0.00013	0.00016	0.00013	0.0	0.00011	8e-05	9e-05	0.0	0.00791	0.0	0.00068	7e-05	0.0	0.00011	0.00016	0.0	0.0	0.0	0.00015	0.0	0.00193	9e-05	0.00016	5e-05	0.00016	0.0	0.0	0.0	0.0	0.0	0.0	0.0	0.0	0.00011	0.00013	7e-05	0.00012	0.0	0.00019	0.00019	0.00012	0.00012	4e-05	0.0	0.0	6e-05	0.00016	4e-05	0.00578	0.00012	0.0	6e-05	8e-05	0.00025	6e-05	7e-05	0.00014	0.0	2e-05	2e-05	4e-05	0.0	2e-05	5e-05	0.00014	0.00016	1e-05	3e-05	0.0	2e-05	9e-05	0.0	0.0001	3e-05	1e-05	2e-05	1e-05	2e-05	4e-05	3e-05	0.00022	0.00042	0.0	0.00095	1e-05	4e-05	3e-05	6e-05	1e-05	4e-05	0.0	0.0	4e-05	4e-05	4e-05	0.0	4e-05	2e-05	3e-05	1e-05	4e-05	2e-05	4e-05	0.00015	0.00012	4e-05	1e-05	2e-05	6e-05	0.0	0.0	0.0	1e-05	5e-05	0.00015	4e-05	2e-05	0.0	0.00014	6e-05	0.00023	0.00101	9e-05	
0.03439	0.01442	0.00011	0.11111	0.15387	0.01255	0.00011	0.01699	0.0079	0.00011	0.01414	0.0	0.0	0.0	0.0	0.0	0.0	0.15387	0.00011	0.15387	0.01911	0.04796	0.15387	0.03506	0.00011	0.01822	0.0711	0.03545	0.00011	0.04775	0.0	0.1251	0.00743	0.00011	0.0	0.15387	0.0	0.00011	0.00011	0.01911	6e-05	0.03413	0.04044	0.01793	0.04134	0.01664	0.00011	0.00011	0.00011	0.00011	0.00011	0.00011	0.00011	0.00011	0.00142	0.01442	0.03185	0.01699	0.00011	0.01255	0.01255	0.01526	0.01526	0.02439	0.00011	0.00011	0.06545	0.15387	0.16906	0.0383	0.01526	0.00011	0.22353	0.02393	0.00868	0.02111	0.02849	0.22386	0.10147	0.06336	0.05676	0.11194	0.0	0.17074	0.02292	0.01596	0.01781	0.07453	0.09817	0.1815	0.00732	0.02577	9e-05	0.03806	0.00695	0.04216	0.2616	0.03729	0.0565	0.00737	0.04047	0.00955	0.02581	0.0	0.06134	0.02976	0.12784	0.04061	0.07095	0.16474	0.05585	0.0	0.0	0.09642	0.00193	0.18375	0.10731	0.00227	0.04289	0.14691	0.15432	0.01763	0.05119	0.03735	0.01374	0.01909	0.0321	0.06102	0.02249	0.00298	0.0	0.0	0.0	0.02197	0.0556	0.11032	0.03125	0.023	9e-05	0.01479	0.02675	0.00715	0.03235	0.13111	
0.01463	0.00635	0.00016	0.00619	0.99984	0.00568	0.00016	0.00724	0.00387	0.00016	0.00626	0.0	0.0	0.0	0.0	0.0	0.0	0.99984	0.00016	0.99984	0.00798	0.39196	0.99984	0.01295	0.00016	0.00766	0.00702	0.01252	0.00016	0.28637	0.0	0.3354	0.09284	0.00016	0.15387	0.0	0.0	0.00016	0.00016	0.00798	0.00011	0.01299	0.01359	0.00758	0.01474	0.00714	0.00016	0.00016	0.00016	0.00016	0.00016	0.00016	0.00016	0.00016	0.02914	0.00635	0.01196	0.00724	0.00016	0.00568	0.00568	0.00664	0.00664	0.00916	0.00016	0.00016	0.01682	0.99984	0.01112	0.017	0.00664	0.00016	0.21532	0.0091	0.00419	0.00798	0.01094	0.00986	0.05272	0.01693	0.01653	0.0131	0.0	0.09075	0.00881	0.00689	0.00754	0.01351	0.01398	0.03641	0.05324	0.01012	0.00012	0.00896	0.01397	0.02483	0.01622	0.19681	0.01799	0.01399	0.01376	0.00449	0.02171	0.0	0.01637	0.129	0.50687	0.22841	0.0074	0.01642	0.02146	0.0	0.0	0.01034	0.02237	0.01197	0.11878	0.08204	0.01452	0.01279	0.01906	0.02232	0.08559	0.01028	0.00609	0.00796	0.01147	0.01836	0.00839	0.01486	0.0	0.0	0.0	0.05866	0.02021	0.00642	0.01075	0.13737	0.00012	0.00647	0.00987	0.03256	0.02802	0.56303	
0.0	0.0	0.0	0.0	0.0	0.0	0.0	0.0	0.0	0.0	0.0	0.0	0.0	0.0	0.0	0.0	0.0	0.0	0.0	0.0	0.0	0.0	0.0	0.0	0.0	0.0	0.0	0.0	0.0	0.0	0.0	0.0	0.0	0.0	0.0	0.0	0.0	0.0	0.0	0.0	0.0	0.0	0.0	0.0	0.0	0.0	0.0	0.0	0.0	0.0	0.0	0.0	0.0	0.0	0.0	0.0	0.0	0.0	0.0	0.0	0.0	0.0	0.0	0.0	0.0	0.0	0.0	0.0	0.0	0.0	0.0	0.0	0.0	0.0	0.0	0.0	0.0	0.0	0.0	0.0	0.0	0.0	0.0	0.0	0.0	0.0	0.0	0.0	0.0	0.0	0.0	0.0	0.0	0.0	0.0	0.0	0.0	0.0	0.0	0.0	0.0	0.0	0.0	0.0	0.0	0.0	0.0	0.0	0.0	0.0	0.0	0.0	0.0	0.0	0.0	0.0	0.0	0.0	0.0	0.0	0.0	0.0	0.0	0.0	0.0	0.0	0.0	0.0	0.0	0.0	0.0	0.0	0.0	0.0	0.0	0.0	0.0	0.0	0.0	0.0	0.0	0.0	0.0	0.0	
9e-05	0.00013	0.0	0.00013	0.00016	0.00019	0.0	0.00012	0.00027	0.0	0.00018	0.0	0.0	0.0	0.0	0.0	0.0	0.00016	0.0	0.00016	0.00015	0.00013	0.00016	0.00013	0.0	0.00011	8e-05	9e-05	0.0	0.00791	0.0	0.00068	7e-05	0.0	0.00011	0.00016	0.0	0.0	0.0	0.00015	0.0	0.00193	9e-05	0.00016	5e-05	0.00016	0.0	0.0	0.0	0.0	0.0	0.0	0.0	0.0	0.00011	0.00013	7e-05	0.00012	0.0	0.00019	0.00019	0.00012	0.00012	4e-05	0.0	0.0	6e-05	0.00016	4e-05	0.00578	0.00012	0.0	6e-05	8e-05	0.00025	6e-05	7e-05	0.00014	0.0	2e-05	2e-05	4e-05	0.0	2e-05	5e-05	0.00014	0.00016	1e-05	3e-05	0.0	2e-05	9e-05	0.0	0.0001	3e-05	1e-05	2e-05	1e-05	2e-05	4e-05	3e-05	0.00022	0.00042	0.0	0.00095	1e-05	4e-05	3e-05	6e-05	1e-05	4e-05	0.0	0.0	4e-05	4e-05	4e-05	0.0	4e-05	2e-05	3e-05	1e-05	4e-05	2e-05	4e-05	0.00015	0.00012	4e-05	1e-05	2e-05	6e-05	0.0	0.0	0.0	1e-05	5e-05	0.00015	4e-05	2e-05	0.0	0.00014	6e-05	0.00023	0.00101	9e-05	
9e-05	0.00013	0.0	0.00013	0.00016	0.00019	0.0	0.00012	0.00027	0.0	0.00018	0.0	0.0	0.0	0.0	0.0	0.0	0.00016	0.0	0.00016	0.00015	0.00013	0.00016	0.00013	0.0	0.00011	8e-05	9e-05	0.0	0.00791	0.0	0.00068	7e-05	0.0	0.00011	0.00016	0.0	0.0	0.0	0.00015	0.0	0.00193	9e-05	0.00016	5e-05	0.00016	0.0	0.0	0.0	0.0	0.0	0.0	0.0	0.0	0.00011	0.00013	7e-05	0.00012	0.0	0.00019	0.00019	0.00012	0.00012	4e-05	0.0	0.0	6e-05	0.00016	4e-05	0.00578	0.00012	0.0	6e-05	8e-05	0.00025	6e-05	7e-05	0.00014	0.0	2e-05	2e-05	4e-05	0.0	2e-05	5e-05	0.00014	0.00016	1e-05	3e-05	0.0	2e-05	9e-05	0.0	0.0001	3e-05	1e-05	2e-05	1e-05	2e-05	4e-05	3e-05	0.00022	0.00042	0.0	0.00095	1e-05	4e-05	3e-05	6e-05	1e-05	4e-05	0.0	0.0	4e-05	4e-05	4e-05	0.0	4e-05	2e-05	3e-05	1e-05	4e-05	2e-05	4e-05	0.00015	0.00012	4e-05	1e-05	2e-05	6e-05	0.0	0.0	0.0	1e-05	5e-05	0.00015	4e-05	2e-05	0.0	0.00014	6e-05	0.00023	0.00101	9e-05	
0.23732	0.00651	0.00015	0.00635	0.00798	0.00582	0.00015	0.00744	0.00395	0.00015	0.00642	0.0	0.0	0.0	0.0	0.0	0.0	0.00798	0.00015	0.00798	0.99985	0.01143	0.00798	0.30217	0.00015	0.00787	0.00723	0.27211	0.00015	0.0178	0.0	0.01888	0.02308	0.00015	0.01911	0.00798	0.0	0.00015	0.00015	0.0	0.0001	0.01337	0.26931	0.00778	0.01523	0.00733	0.00015	0.00015	0.00015	0.00015	0.00015	0.00015	0.00015	0.00015	0.0302	0.00651	0.35091	0.00744	0.00015	0.00582	0.00582	0.00682	0.00682	0.00945	0.00015	0.00015	0.01743	0.00798	0.01151	0.36216	0.00682	0.00015	0.01515	0.66067	0.00428	0.00823	0.01128	0.01015	0.03794	0.16779	0.35369	0.01355	0.0	0.02431	0.00907	0.00707	0.00774	0.01398	0.28314	0.04766	0.03747	0.01042	0.00012	0.00922	0.23317	0.02579	0.01681	0.01443	0.14383	0.01446	0.01424	0.00459	0.0225	0.0	0.0169	0.11064	0.01144	0.01452	0.00762	0.01704	0.02225	0.0	0.0	0.57267	0.02316	0.01237	0.12449	0.08527	0.2158	0.01323	0.11225	0.0231	0.02506	0.01061	0.00624	0.00818	0.01185	0.14385	0.00865	0.01535	0.0	0.0	0.0	0.03471	0.17864	0.00658	0.01112	0.01896	0.00012	0.00664	0.01019	0.06287	0.06373	0.01034	
3e-05	0.00025	0.0	0.0002	0.00011	0.00015	0.0	0.00024	0.00023	0.0	0.00014	0.0	0.0	0.0	0.0	0.0	0.0	0.00011	0.0	0.00011	0.0001	7e-05	0.00011	6e-05	0.0	0.00017	7e-05	3e-05	0.0	0.00875	0.0	0.00132	6e-05	0.0	6e-05	0.00011	0.0	0.0	0.0	0.0001	0.0	0.00268	3e-05	0.00011	0.00505	0.00012	0.0	0.0	0.0	0.0	0.0	0.0	0.0	0.0	8e-05	0.00025	0.00011	0.00024	0.0	0.00015	0.00015	0.00018	0.00018	0.00013	0.0	0.0	4e-05	0.00011	4e-05	0.00637	0.00018	0.0	1e-05	0.11149	0.00021	2e-05	0.00019	8e-05	0.00039	0.00013	0.00324	0.00016	0.0	0.00024	0.00013	0.00019	0.00037	0.00013	0.00015	0.00033	0.00057	0.00027	0.0	0.00024	9e-05	0.00175	0.00018	0.00013	0.00022	0.00023	0.00017	0.00025	0.00105	0.0	0.06396	0.00019	0.00015	0.00021	0.00012	0.00014	0.00033	0.0	0.0	0.00013	0.00182	0.00013	0.00042	0.00023	0.00014	0.00014	0.00019	0.00022	0.00018	0.00012	0.00019	0.00028	0.00017	0.00015	0.00013	0.00023	0.0	0.0	0.0	0.00039	0.0002	0.00029	6e-05	0.00018	0.0	0.00018	0.0002	0.00078	0.0015	4e-05	
0.02446	0.01055	0.00193	0.01029	0.01299	0.00943	0.00193	0.01209	0.00663	0.00193	0.36956	0.0	0.0	0.0	0.0	0.0	0.0	0.01299	0.00193	0.01299	0.01337	0.16504	0.01299	0.02285	0.00193	0.01283	0.01212	0.02287	0.00193	0.1127	0.0	0.07379	0.04375	0.00193	0.03413	0.01299	0.0	0.00193	0.00193	0.01337	0.00268	0.0	0.15877	0.01306	0.02652	0.07273	0.00193	0.00193	0.00193	0.00193	0.00193	0.00193	0.00193	0.00193	0.07859	0.01055	0.02094	0.01209	0.00193	0.00943	0.00943	0.01106	0.01106	0.01631	0.00193	0.00193	0.08025	0.01299	0.02099	0.09876	0.01106	0.00193	0.02894	0.01607	0.0071	0.01429	0.01895	0.01683	0.06833	0.02768	0.02696	0.02142	0.0	0.03845	0.01373	0.01084	0.01308	0.02112	0.02158	0.06065	0.03692	0.07089	0.00537	0.01501	0.02271	0.05144	0.02654	0.02299	0.0293	0.02259	0.04356	0.0087	0.05326	0.0	0.02415	0.03464	0.0183	0.02294	0.01297	0.02731	0.11524	0.0	0.0	0.01718	0.03549	0.01968	0.06368	0.0544	0.02358	0.02099	0.03143	0.02502	0.02575	0.01706	0.01126	0.01365	0.01886	0.0296	0.0144	0.02366	0.0	0.0	0.0	0.06618	0.03031	0.01167	0.02017	0.12734	0.00537	0.44424	0.3012	0.04972	0.09818	0.27434	
