0.0	0.07533	0.10845	0.0856	0.06453	0.13435	0.06654	0.0	0.12641	0.10183	0.18263	2e-05	0.07688	0.02499	0.03038	2e-05	2e-05	0.01136	0.03601	0.03719	2e-05	0.0	0.03019	0.05771	0.12222	0.08738	0.05328	0.07067	0.01291	0.02396	0.04041	2e-05	0.03601	0.03601	0.0	0.03587	0.04922	0.0	0.05934	0.09997	0.0	0.0	0.0	0.0871	0.03518	0.08618	0.0879	0.0322	0.0	0.06431	0.04888	0.09928	0.05796	0.10373	0.0	0.03601	0.04751	2e-05	2e-05	2e-05	2e-05	2e-05	0.00151	2e-05	0.03601	0.0517	2e-05	0.04004	2e-05	2e-05	2e-05	2e-05	2e-05	0.04499	2e-05	2e-05	0.07712	0.0792	0.07311	0.07598	0.07621	0.077	0.08164	0.08364	0.07626	0.06425	
0.07533	0.0	0.05597	0.06661	0.12831	0.06592	0.03273	0.0	0.10645	0.04496	0.09221	1e-05	0.06161	0.01128	0.04812	1e-05	1e-05	0.00535	0.07229	0.05176	1e-05	0.0	0.03859	0.02403	0.07045	0.02599	0.06481	0.15158	0.04367	0.01081	0.04143	1e-05	0.07229	0.07229	0.0	0.0484	0.10196	0.0	0.03272	0.09967	0.0	0.0	0.0	0.16315	0.10321	0.04362	0.02955	0.04846	0.0	0.07776	0.07042	0.09913	0.08698	0.1027	0.0	0.07229	0.07438	1e-05	1e-05	1e-05	1e-05	1e-05	0.00533	1e-05	0.07229	0.01785	1e-05	0.01756	1e-05	1e-05	1e-05	1e-05	1e-05	0.01344	1e-05	1e-05	0.02791	0.06651	0.08001	0.08846	0.10371	0.10978	0.09312	0.27252	0.24451	0.11297	
0.10845	0.05597	0.0	0.14595	0.04902	0.05304	0.08663	0.0	0.23082	0.11133	0.29589	4e-05	0.10197	0.02225	0.0573	4e-05	4e-05	0.00772	0.05342	0.08548	4e-05	0.0	0.03656	0.19349	0.14468	0.12047	0.03584	0.17982	0.08613	0.02131	0.14386	4e-05	0.05342	0.05342	0.0	0.12445	0.10145	0.0	0.03222	0.10873	0.0	0.0	0.0	0.11951	0.01774	0.03397	0.02519	0.106	0.0	0.03164	0.12424	0.06211	0.18683	0.09576	0.0	0.05342	0.06319	4e-05	4e-05	4e-05	4e-05	4e-05	0.00283	4e-05	0.05342	0.02124	4e-05	0.04802	4e-05	4e-05	4e-05	4e-05	4e-05	0.05067	4e-05	4e-05	0.21892	0.08719	0.05537	0.09266	0.11366	0.17101	0.06778	0.1848	0.08751	0.03641	
0.0856	0.06661	0.14595	0.0	0.16724	0.08609	0.10248	0.0	0.08482	0.09145	0.11109	1e-05	0.0556	0.02005	0.07249	1e-05	1e-05	0.00873	0.03667	0.03158	1e-05	0.0	0.02097	0.09263	0.09205	0.0452	0.06108	0.08468	0.09783	0.01919	0.14998	1e-05	0.03667	0.03667	0.0	0.04529	0.06085	0.0	0.02977	0.09585	0.0	0.0	0.0	0.15131	0.03094	0.04795	0.02843	0.00782	0.0	0.05144	0.08032	0.08462	0.06544	0.05962	0.0	0.03667	0.04532	1e-05	1e-05	1e-05	1e-05	1e-05	0.00168	1e-05	0.03667	0.01321	1e-05	0.02875	1e-05	1e-05	1e-05	1e-05	1e-05	0.02891	1e-05	1e-05	0.05086	0.0495	0.05157	0.06424	0.09296	0.08598	0.08907	0.10729	0.08323	0.09555	
0.06453	0.12831	0.04902	0.16724	0.0	0.13017	0.05645	0.0	0.08019	0.04906	0.03149	2e-05	0.10823	0.01433	0.02338	2e-05	2e-05	0.00676	0.08473	0.02406	2e-05	0.0	0.01587	0.02588	0.06939	0.05245	0.08027	0.15621	0.02073	0.02088	0.01852	2e-05	0.08473	0.08473	0.0	0.05302	0.07838	0.0	0.03364	0.07169	0.0	0.0	0.0	0.17466	0.08388	0.05931	0.05867	0.05526	0.0	0.05522	0.01913	0.12801	0.08574	0.1227	0.0	0.08473	0.08846	2e-05	2e-05	2e-05	2e-05	2e-05	0.00808	2e-05	0.08473	0.01792	2e-05	0.01609	2e-05	2e-05	2e-05	2e-05	2e-05	0.01286	2e-05	2e-05	0.00954	0.07565	0.02368	0.03034	0.04783	0.13588	0.0755	0.10603	0.18469	0.04343	
0.13435	0.06592	0.05304	0.08609	0.13017	0.0	0.12604	0.0	0.0743	0.09653	0.16506	5e-05	0.11353	0.01809	0.07545	5e-05	5e-05	0.00827	0.03247	0.15366	5e-05	0.0	0.01811	0.02034	0.29183	0.12804	0.12088	0.11298	0.1089	0.01734	0.07643	5e-05	0.03247	0.03247	0.0	0.0807	0.10235	0.0	0.07371	0.19502	0.0	0.0	0.0	0.15631	0.0807	0.05896	0.04485	0.04561	0.0	0.09144	0.0725	0.08507	0.11022	0.10512	0.0	0.03247	0.04146	5e-05	5e-05	5e-05	5e-05	5e-05	0.00161	5e-05	0.03247	0.02174	5e-05	0.0198	5e-05	5e-05	5e-05	5e-05	5e-05	0.02775	5e-05	5e-05	0.17744	0.0504	0.10525	0.08185	0.14601	0.12969	0.05593	0.0461	0.17437	0.02989	
0.06654	0.03273	0.08663	0.10248	0.05645	0.12604	0.0	0.0	0.04822	0.03597	0.07749	2e-05	0.05664	0.00973	0.03027	2e-05	2e-05	0.00469	0.01709	0.03539	2e-05	0.0	0.05415	0.04892	0.12595	0.08376	0.06293	0.06343	0.01098	0.00935	0.0393	2e-05	0.01709	0.01709	0.0	0.0726	0.05622	0.0	0.05554	0.06873	0.0	0.0	0.0	0.06651	0.06366	0.03959	0.04153	0.04019	0.0	0.04304	0.05906	0.04467	0.04158	0.07748	0.0	0.01709	0.02138	2e-05	2e-05	2e-05	2e-05	2e-05	0.0004	2e-05	0.01709	0.07387	2e-05	0.03016	2e-05	2e-05	2e-05	2e-05	2e-05	0.02986	2e-05	2e-05	0.07974	0.03301	0.06635	0.14513	0.08198	0.06088	0.04283	0.05265	0.01855	0.0489	
0.0	0.0	0.0	0.0	0.0	0.0	0.0	0.0	0.0	0.0	0.0	0.0	0.0	0.0	0.0	0.0	0.0	0.0	0.0	0.0	0.0	0.0	0.0	0.0	0.0	0.0	0.0	0.0	0.0	0.0	0.0	0.0	0.0	0.0	0.0	0.0	0.0	0.0	0.0	0.0	0.0	0.0	0.0	0.0	0.0	0.0	0.0	0.0	0.0	0.0	0.0	0.0	0.0	0.0	0.0	0.0	0.0	0.0	0.0	0.0	0.0	0.0	0.0	0.0	0.0	0.0	0.0	0.0	0.0	0.0	0.0	0.0	0.0	0.0	0.0	0.0	0.0	0.0	0.0	0.0	0.0	0.0	0.0	0.0	0.0	0.0	
0.12641	0.10645	0.23082	0.08482	0.08019	0.0743	0.04822	0.0	0.0	0.10747	0.16808	2e-05	0.07822	0.02358	0.06666	2e-05	2e-05	0.01575	0.03414	0.0379	2e-05	0.0	0.08818	0.11381	0.11453	0.17167	0.05093	0.30302	0.14227	0.02258	0.08752	2e-05	0.03414	0.03414	0.0	0.12896	0.06647	0.0	0.04235	0.05557	0.0	0.0	0.0	0.22104	0.09875	0.04792	0.0541	0.05173	0.0	0.0376	0.09729	0.08728	0.11368	0.05684	0.0	0.03414	0.04517	2e-05	2e-05	2e-05	2e-05	2e-05	0.00125	2e-05	0.03414	0.04744	2e-05	0.02431	2e-05	2e-05	2e-05	2e-05	2e-05	0.0337	2e-05	2e-05	0.13419	0.06052	0.08158	0.05554	0.14265	0.19982	0.09001	0.09503	0.10246	0.0377	
0.10183	0.04496	0.11133	0.09145	0.04906	0.09653	0.03597	0.0	0.10747	0.0	0.19442	1e-05	0.06064	0.03116	0.01267	1e-05	1e-05	0.02177	0.02271	0.0969	1e-05	0.0	0.02174	0.07069	0.20946	0.08461	0.09555	0.12	0.06571	0.02982	0.05559	1e-05	0.02271	0.02271	0.0	0.06353	0.0435	0.0	0.02674	0.07449	0.0	0.0	0.0	0.09595	0.05661	0.06022	0.02863	0.03547	0.0	0.08896	0.08432	0.06802	0.10011	0.08613	0.0	0.02271	0.03833	1e-05	1e-05	1e-05	1e-05	1e-05	0.00071	1e-05	0.02271	0.03663	1e-05	0.07376	1e-05	1e-05	1e-05	1e-05	1e-05	0.09249	1e-05	1e-05	0.12211	0.08795	0.05399	0.07112	0.08574	0.08338	0.06565	0.05965	0.0758	0.02096	
0.18263	0.09221	0.29589	0.11109	0.03149	0.16506	0.07749	0.0	0.16808	0.19442	0.0	5e-05	0.21678	0.01091	0.19229	5e-05	5e-05	0.00525	0.10376	0.2738	5e-05	0.0	0.02387	0.1506	0.46706	0.18526	0.02286	0.24418	0.07996	0.01047	0.18162	5e-05	0.10376	0.10376	0.0	0.19628	0.16618	0.0	0.04663	0.18224	0.0	0.0	0.0	0.08335	0.0568	0.04836	0.03737	0.05665	0.0	0.03874	0.07343	0.10642	0.12501	0.19622	0.0	0.10376	0.10239	5e-05	5e-05	5e-05	5e-05	5e-05	0.01029	5e-05	0.10376	0.03826	5e-05	0.08449	5e-05	5e-05	5e-05	5e-05	5e-05	0.10166	5e-05	5e-05	0.61343	0.15246	0.1242	0.29904	0.16708	0.16011	0.04646	0.14086	0.06843	0.07605	
2e-05	1e-05	4e-05	1e-05	2e-05	5e-05	2e-05	0.0	2e-05	1e-05	5e-05	0.0	0.00012	0.00015	8e-05	0.0	0.0	0.00024	0.00011	6e-05	0.0	0.0	6e-05	3e-05	4e-05	0.0001	7e-05	3e-05	3e-05	0.00012	3e-05	0.0	0.00011	0.00011	0.0	3e-05	1e-05	0.0	1e-05	6e-05	0.0	0.0	0.0	3e-05	0.0	2e-05	0.0	3e-05	0.0	2e-05	0.0	0.0	3e-05	2e-05	0.0	0.00011	7e-05	0.0	0.0	0.0	0.0	0.0	0.0	0.0	0.00011	9e-05	0.0	4e-05	0.0	0.0	0.0	0.0	0.0	4e-05	0.0	0.0	9e-05	3e-05	4e-05	2e-05	2e-05	5e-05	2e-05	2e-05	2e-05	2e-05	
0.07688	0.06161	0.10197	0.0556	0.10823	0.11353	0.05664	0.0	0.07822	0.06064	0.21678	0.00012	0.0	0.00715	0.07986	0.00012	0.00012	0.00358	0.31797	0.10226	0.00012	0.0	0.02148	0.12551	0.11977	0.33357	0.014	0.17257	0.03766	0.00687	0.0262	0.00012	0.31797	0.31797	0.0	0.07147	0.06889	0.0	0.10294	0.13254	0.0	0.0	0.0	0.14277	0.07883	0.04742	0.074	0.07381	0.0	0.06693	0.01723	0.06164	0.10857	0.2432	0.0	0.31797	0.34168	0.00012	0.00012	0.00012	0.00012	0.00012	0.10924	0.00012	0.31797	0.02272	0.00012	0.04599	0.00012	0.00012	0.00012	0.00012	0.00012	0.05408	0.00012	0.00012	0.17938	0.20969	0.0976	0.12451	0.03528	0.17136	0.0624	0.14125	0.08944	0.04411	
0.02499	0.01128	0.02225	0.02005	0.01433	0.01809	0.00973	0.0	0.02358	0.03116	0.01091	0.00015	0.00715	0.0	0.0176	0.00015	0.00015	0.00163	0.0038	0.01415	0.00015	0.0	0.17668	0.00717	0.01131	0.00865	0.00387	0.01945	0.00804	0.00259	0.00625	0.00015	0.0038	0.0038	0.0	0.03516	0.01427	0.0	0.02006	0.00761	0.0	0.0	0.0	0.02156	0.01703	0.04221	0.03204	0.01583	0.0	0.03837	0.03612	0.01504	0.05066	0.00993	0.0	0.0038	0.00403	0.00015	0.00015	0.00015	0.00015	0.00015	0.00019	0.00015	0.0038	0.16391	0.00015	0.00932	0.00015	0.00015	0.00015	0.00015	0.00015	0.05269	0.00015	0.00015	0.00993	0.04472	0.02081	0.01579	0.02792	0.01325	0.02174	0.01077	0.00936	0.02222	
0.03038	0.04812	0.0573	0.07249	0.02338	0.07545	0.03027	0.0	0.06666	0.01267	0.19229	8e-05	0.07986	0.0176	0.0	8e-05	8e-05	0.00855	0.03069	0.13575	8e-05	0.0	0.05677	0.02058	0.13049	0.14416	0.03607	0.23904	0.04759	0.02543	0.11089	8e-05	0.03069	0.03069	0.0	0.1	0.11122	0.0	0.03421	0.05773	0.0	0.0	0.0	0.0951	0.11811	0.01993	0.01098	0.00805	0.0	0.01239	0.01213	0.0046	0.0738	0.02744	0.0	0.03069	0.03818	8e-05	8e-05	8e-05	8e-05	8e-05	0.00182	8e-05	0.03069	0.06033	8e-05	0.10439	8e-05	8e-05	8e-05	8e-05	8e-05	0.05471	8e-05	8e-05	0.24788	0.07555	0.39796	0.01831	0.02387	0.0436	0.04046	0.04054	0.04726	0.11022	
2e-05	1e-05	4e-05	1e-05	2e-05	5e-05	2e-05	0.0	2e-05	1e-05	5e-05	0.0	0.00012	0.00015	8e-05	0.0	0.0	0.00024	0.00011	6e-05	0.0	0.0	6e-05	3e-05	4e-05	0.0001	7e-05	3e-05	3e-05	0.00012	3e-05	0.0	0.00011	0.00011	0.0	3e-05	1e-05	0.0	1e-05	6e-05	0.0	0.0	0.0	3e-05	0.0	2e-05	0.0	3e-05	0.0	2e-05	0.0	0.0	3e-05	2e-05	0.0	0.00011	7e-05	0.0	0.0	0.0	0.0	0.0	0.0	0.0	0.00011	9e-05	0.0	4e-05	0.0	0.0	0.0	0.0	0.0	4e-05	0.0	0.0	9e-05	3e-05	4e-05	2e-05	2e-05	5e-05	2e-05	2e-05	2e-05	2e-05	
2e-05	1e-05	4e-05	1e-05	2e-05	5e-05	2e-05	0.0	2e-05	1e-05	5e-05	0.0	0.00012	0.00015	8e-05	0.0	0.0	0.00024	0.00011	6e-05	0.0	0.0	6e-05	3e-05	4e-05	0.0001	7e-05	3e-05	3e-05	0.00012	3e-05	0.0	0.00011	0.00011	0.0	3e-05	1e-05	0.0	1e-05	6e-05	0.0	0.0	0.0	3e-05	0.0	2e-05	0.0	3e-05	0.0	2e-05	0.0	0.0	3e-05	2e-05	0.0	0.00011	7e-05	0.0	0.0	0.0	0.0	0.0	0.0	0.0	0.00011	9e-05	0.0	4e-05	0.0	0.0	0.0	0.0	0.0	4e-05	0.0	0.0	9e-05	3e-05	4e-05	2e-05	2e-05	5e-05	2e-05	2e-05	2e-05	2e-05	
0.01136	0.00535	0.00772	0.00873	0.00676	0.00827	0.00469	0.0	0.01575	0.02177	0.00525	0.00024	0.00358	0.00163	0.00855	0.00024	0.00024	0.0	0.00215	0.00691	0.00024	0.0	0.00289	0.00364	0.00548	0.00423	0.00209	0.00917	0.00403	0.00157	0.00322	0.00024	0.00215	0.00215	0.0	0.00563	0.0068	0.0	0.00729	0.00372	0.0	0.0	0.0	0.01033	0.01653	0.00524	0.01088	0.00742	0.0	0.01242	0.00577	0.00706	0.00528	0.00474	0.0	0.00215	0.00216	0.00024	0.00024	0.00024	0.00024	0.00024	0.00028	0.00024	0.00215	0.00301	0.00024	0.00463	0.00024	0.00024	0.00024	0.00024	0.00024	0.00519	0.00024	0.00024	0.00494	0.00475	0.0099	0.00755	0.00617	0.01246	0.01041	0.00513	0.00446	0.00935	
0.03601	0.07229	0.05342	0.03667	0.08473	0.03247	0.01709	0.0	0.03414	0.02271	0.10376	0.00011	0.31797	0.0038	0.03069	0.00011	0.00011	0.00215	0.0	0.02452	0.00011	0.0	0.0088	0.18845	0.01974	0.01502	0.00607	0.11127	0.01347	0.00367	0.0102	0.00011	0.99992	0.99992	0.0	0.02088	0.02538	0.0	0.0275	0.01319	0.0	0.0	0.0	0.04069	0.06621	0.01983	0.04312	0.05405	0.0	0.05723	0.02201	0.06386	0.06174	0.08191	0.0	0.99992	0.70596	0.00011	0.00011	0.00011	0.00011	0.00011	0.0	0.00011	0.99992	0.00919	0.00011	0.01579	0.00011	0.00011	0.00011	0.00011	0.00011	0.01799	0.00011	0.00011	0.01687	0.25283	0.03719	0.02797	0.02346	0.08084	0.03621	0.1087	0.01665	0.03628	
0.03719	0.05176	0.08548	0.03158	0.02406	0.15366	0.03539	0.0	0.0379	0.0969	0.2738	6e-05	0.10226	0.01415	0.13575	6e-05	6e-05	0.00691	0.02452	0.0	6e-05	0.0	0.0448	0.03748	0.33214	0.15536	0.02869	0.09668	0.03621	0.01359	0.14827	6e-05	0.02452	0.02452	0.0	0.09233	0.34718	0.0	0.03922	0.13624	0.0	0.0	0.0	0.067	0.03981	0.03997	0.00835	0.0615	0.0	0.01707	0.01391	0.01571	0.09218	0.10759	0.0	0.02452	0.03033	6e-05	6e-05	6e-05	6e-05	6e-05	0.00133	6e-05	0.02452	0.04753	6e-05	0.00021	6e-05	6e-05	6e-05	6e-05	6e-05	0.00099	6e-05	6e-05	0.35609	0.01542	0.26745	0.13511	0.05333	0.05879	0.03344	0.06592	0.06333	0.02052	
2e-05	1e-05	4e-05	1e-05	2e-05	5e-05	2e-05	0.0	2e-05	1e-05	5e-05	0.0	0.00012	0.00015	8e-05	0.0	0.0	0.00024	0.00011	6e-05	0.0	0.0	6e-05	3e-05	4e-05	0.0001	7e-05	3e-05	3e-05	0.00012	3e-05	0.0	0.00011	0.00011	0.0	3e-05	1e-05	0.0	1e-05	6e-05	0.0	0.0	0.0	3e-05	0.0	2e-05	0.0	3e-05	0.0	2e-05	0.0	0.0	3e-05	2e-05	0.0	0.00011	7e-05	0.0	0.0	0.0	0.0	0.0	0.0	0.0	0.00011	9e-05	0.0	4e-05	0.0	0.0	0.0	0.0	0.0	4e-05	0.0	0.0	9e-05	3e-05	4e-05	2e-05	2e-05	5e-05	2e-05	2e-05	2e-05	2e-05	
0.0	0.0	0.0	0.0	0.0	0.0	0.0	0.0	0.0	0.0	0.0	0.0	0.0	0.0	0.0	0.0	0.0	0.0	0.0	0.0	0.0	0.0	0.0	0.0	0.0	0.0	0.0	0.0	0.0	0.0	0.0	0.0	0.0	0.0	0.0	0.0	0.0	0.0	0.0	0.0	0.0	0.0	0.0	0.0	0.0	0.0	0.0	0.0	0.0	0.0	0.0	0.0	0.0	0.0	0.0	0.0	0.0	0.0	0.0	0.0	0.0	0.0	0.0	0.0	0.0	0.0	0.0	0.0	0.0	0.0	0.0	0.0	0.0	0.0	0.0	0.0	0.0	0.0	0.0	0.0	0.0	0.0	0.0	0.0	0.0	0.0	
0.03019	0.03859	0.03656	0.02097	0.01587	0.01811	0.05415	0.0	0.08818	0.02174	0.02387	6e-05	0.02148	0.17668	0.05677	6e-05	6e-05	0.00289	0.0088	0.0448	6e-05	0.0	0.0	0.02033	0.0364	0.02751	0.0097	0.06952	0.02341	0.0053	0.01712	6e-05	0.0088	0.0088	0.0	0.01322	0.04822	0.0	0.02078	0.02408	0.0	0.0	0.0	0.04724	0.0257	0.08422	0.07317	0.05654	0.0	0.00835	0.08588	0.01121	0.02765	0.03137	0.0	0.0088	0.01018	6e-05	6e-05	6e-05	6e-05	6e-05	0.00022	6e-05	0.0088	0.27877	6e-05	0.02788	6e-05	6e-05	6e-05	6e-05	6e-05	0.00016	6e-05	6e-05	0.02993	0.0043	0.07152	0.00496	0.01624	0.04625	0.04385	0.03628	0.03146	0.08087	
0.05771	0.02403	0.19349	0.09263	0.02588	0.02034	0.04892	0.0	0.11381	0.07069	0.1506	3e-05	0.12551	0.00717	0.02058	3e-05	3e-05	0.00364	0.18845	0.03748	3e-05	0.0	0.02033	0.0	0.05443	0.0421	0.01343	0.13622	0.15842	0.0069	0.33221	3e-05	0.18845	0.18845	0.0	0.04931	0.0162	0.0	0.03143	0.01855	0.0	0.0	0.0	0.0999	0.00893	0.01822	0.01536	0.02389	0.0	0.01645	0.06834	0.042	0.06694	0.01049	0.0	0.18845	0.16675	3e-05	3e-05	3e-05	3e-05	3e-05	0.02091	3e-05	0.18845	0.02143	3e-05	0.04143	3e-05	3e-05	3e-05	3e-05	3e-05	0.04828	3e-05	3e-05	0.09314	0.12256	0.01207	0.02517	0.08554	0.09066	0.05233	0.15516	0.04936	0.00449	
0.12222	0.07045	0.14468	0.09205	0.06939	0.29183	0.12595	0.0	0.11453	0.20946	0.46706	4e-05	0.11977	0.01131	0.13049	4e-05	4e-05	0.00548	0.01974	0.33214	4e-05	0.0	0.0364	0.05443	0.0	0.16476	0.20088	0.20951	0.16311	0.01085	0.16646	4e-05	0.01974	0.01974	0.0	0.21937	0.29492	0.0	0.03748	0.23874	0.0	0.0	0.0	0.19164	0.06409	0.05212	0.04323	0.05036	0.0	0.06036	0.04766	0.05957	0.13059	0.21694	0.0	0.01974	0.02461	4e-05	4e-05	4e-05	4e-05	4e-05	0.00088	4e-05	0.01974	0.03865	4e-05	0.08348	4e-05	4e-05	4e-05	4e-05	4e-05	0.09993	4e-05	4e-05	0.44367	0.10264	0.19251	0.26157	0.19582	0.15804	0.05375	0.08616	0.18278	0.05767	
0.08738	0.02599	0.12047	0.0452	0.05245	0.12804	0.08376	0.0	0.17167	0.08461	0.18526	0.0001	0.33357	0.00865	0.14416	0.0001	0.0001	0.00423	0.01502	0.15536	0.0001	0.0	0.02751	0.0421	0.16476	0.0	0.01768	0.34318	0.05012	0.0083	0.03401	0.0001	0.01502	0.01502	0.0	0.1044	0.12661	0.0	0.12849	0.14577	0.0	0.0	0.0	0.19068	0.09779	0.05695	0.07161	0.04594	0.0	0.08139	0.02744	0.04042	0.07969	0.12306	0.0	0.01502	0.01869	0.0001	0.0001	0.0001	0.0001	0.0001	0.00077	0.0001	0.01502	0.0292	0.0001	0.06207	0.0001	0.0001	0.0001	0.0001	0.0001	0.04187	0.0001	0.0001	0.2131	0.07571	0.13211	0.14039	0.03585	0.10347	0.08535	0.05818	0.08645	0.05931	
0.05328	0.06481	0.03584	0.06108	0.08027	0.12088	0.06293	0.0	0.05093	0.09555	0.02286	7e-05	0.014	0.00387	0.03607	7e-05	7e-05	0.00209	0.00607	0.02869	7e-05	0.0	0.0097	0.01343	0.20088	0.01768	0.0	0.0995	0.1156	0.00373	0.0114	7e-05	0.00607	0.00607	0.0	0.0737	0.0422	0.0	0.04347	0.0155	0.0	0.0	0.0	0.10627	0.06444	0.06581	0.05116	0.03495	0.0	0.03843	0.04167	0.08462	0.11569	0.02107	0.0	0.00607	0.0069	7e-05	7e-05	7e-05	7e-05	7e-05	0.00012	7e-05	0.00607	0.01017	7e-05	0.01816	7e-05	7e-05	7e-05	7e-05	7e-05	0.02083	7e-05	7e-05	0.01946	0.01994	0.09786	0.03684	0.06796	0.071	0.04421	0.05324	0.08404	0.04467	
0.07067	0.15158	0.17982	0.08468	0.15621	0.11298	0.06343	0.0	0.30302	0.12	0.24418	3e-05	0.17257	0.01945	0.23904	3e-05	3e-05	0.00917	0.11127	0.09668	3e-05	0.0	0.06952	0.13622	0.20951	0.34318	0.0995	0.0	0.10277	0.03108	0.09363	3e-05	0.11127	0.11127	0.0	0.1034	0.10602	0.0	0.10874	0.08083	0.0	0.0	0.0	0.36756	0.22851	0.12493	0.11833	0.06981	0.0	0.13696	0.08734	0.09948	0.15797	0.08334	0.0	0.11127	0.11574	3e-05	3e-05	3e-05	3e-05	3e-05	0.01561	3e-05	0.11127	0.07437	3e-05	0.32495	3e-05	3e-05	3e-05	3e-05	3e-05	0.23838	3e-05	3e-05	0.20466	0.34965	0.23603	0.15959	0.15291	0.29085	0.18807	0.18327	0.11459	0.12458	
0.01291	0.04367	0.08613	0.09783	0.02073	0.1089	0.01098	0.0	0.14227	0.06571	0.07996	3e-05	0.03766	0.00804	0.04759	3e-05	3e-05	0.00403	0.01347	0.03621	3e-05	0.0	0.02341	0.15842	0.16311	0.05012	0.1156	0.10277	0.0	0.00773	0.42265	3e-05	0.01347	0.01347	0.0	0.05711	0.06624	0.0	0.02009	0.02769	0.0	0.0	0.0	0.19181	0.0032	0.05783	0.03154	0.00082	0.0	0.03188	0.0481	0.0187	0.03223	0.02499	0.0	0.01347	0.01618	3e-05	3e-05	3e-05	3e-05	3e-05	0.00044	3e-05	0.01347	0.0247	3e-05	0.00532	3e-05	3e-05	3e-05	3e-05	3e-05	0.0097	3e-05	3e-05	0.09697	0.0154	0.02628	0.02484	0.19582	0.13005	0.03138	0.1638	0.06098	0.01051	
0.02396	0.01081	0.02131	0.01919	0.02088	0.01734	0.00935	0.0	0.02258	0.02982	0.01047	0.00012	0.00687	0.00259	0.02543	0.00012	0.00012	0.00157	0.00367	0.01359	0.00012	0.0	0.0053	0.0069	0.01085	0.0083	0.00373	0.03108	0.00773	0.0	0.00602	0.00012	0.00367	0.00367	0.0	0.03367	0.0671	0.0	0.07036	0.0073	0.0	0.0	0.0	0.02117	0.01633	0.03756	0.02261	0.01516	0.0	0.01349	0.03455	0.03463	0.04843	0.00955	0.0	0.00367	0.00389	0.00012	0.00012	0.00012	0.00012	0.00012	0.00038	0.00012	0.00367	0.00551	0.00012	0.06182	0.00012	0.00012	0.00012	0.00012	0.00012	0.05053	0.00012	0.00012	0.00955	0.04286	0.01542	0.01514	0.01251	0.01269	0.02081	0.01033	0.00898	0.02213	
0.04041	0.04143	0.14386	0.14998	0.01852	0.07643	0.0393	0.0	0.08752	0.05559	0.18162	3e-05	0.0262	0.00625	0.11089	3e-05	3e-05	0.00322	0.0102	0.14827	3e-05	0.0	0.01712	0.33221	0.16646	0.03401	0.0114	0.09363	0.42265	0.00602	0.0	3e-05	0.0102	0.0102	0.0	0.1064	0.08399	0.0	0.02992	0.04699	0.0	0.0	0.0	0.09124	0.01369	0.03457	0.03974	0.01404	0.0	0.03139	0.05379	0.0246	0.0377	0.0231	0.0	0.0102	0.01198	3e-05	3e-05	3e-05	3e-05	3e-05	0.00039	3e-05	0.0102	0.018	3e-05	0.03396	3e-05	3e-05	3e-05	3e-05	3e-05	0.03937	3e-05	3e-05	0.26994	0.03838	0.06824	0.10034	0.16856	0.10682	0.03806	0.10304	0.0834	0.04147	
2e-05	1e-05	4e-05	1e-05	2e-05	5e-05	2e-05	0.0	2e-05	1e-05	5e-05	0.0	0.00012	0.00015	8e-05	0.0	0.0	0.00024	0.00011	6e-05	0.0	0.0	6e-05	3e-05	4e-05	0.0001	7e-05	3e-05	3e-05	0.00012	3e-05	0.0	0.00011	0.00011	0.0	3e-05	1e-05	0.0	1e-05	6e-05	0.0	0.0	0.0	3e-05	0.0	2e-05	0.0	3e-05	0.0	2e-05	0.0	0.0	3e-05	2e-05	0.0	0.00011	7e-05	0.0	0.0	0.0	0.0	0.0	0.0	0.0	0.00011	9e-05	0.0	4e-05	0.0	0.0	0.0	0.0	0.0	4e-05	0.0	0.0	9e-05	3e-05	4e-05	2e-05	2e-05	5e-05	2e-05	2e-05	2e-05	2e-05	
0.03601	0.07229	0.05342	0.03667	0.08473	0.03247	0.01709	0.0	0.03414	0.02271	0.10376	0.00011	0.31797	0.0038	0.03069	0.00011	0.00011	0.00215	0.99992	0.02452	0.00011	0.0	0.0088	0.18845	0.01974	0.01502	0.00607	0.11127	0.01347	0.00367	0.0102	0.00011	0.0	0.99992	0.0	0.02088	0.02538	0.0	0.0275	0.01319	0.0	0.0	0.0	0.04069	0.06621	0.01983	0.04312	0.05405	0.0	0.05723	0.02201	0.06386	0.06174	0.08191	0.0	0.99992	0.70596	0.00011	0.00011	0.00011	0.00011	0.00011	0.0	0.00011	0.99992	0.00919	0.00011	0.01579	0.00011	0.00011	0.00011	0.00011	0.00011	0.01799	0.00011	0.00011	0.01687	0.25283	0.03719	0.02797	0.02346	0.08084	0.03621	0.1087	0.01665	0.03628	
0.03601	0.07229	0.05342	0.03667	0.08473	0.03247	0.01709	0.0	0.03414	0.02271	0.10376	0.00011	0.31797	0.0038	0.03069	0.00011	0.00011	0.00215	0.99992	0.02452	0.00011	0.0	0.0088	0.18845	0.01974	0.01502	0.00607	0.11127	0.01347	0.00367	0.0102	0.00011	0.99992	0.0	0.0	0.02088	0.02538	0.0	0.0275	0.01319	0.0	0.0	0.0	0.04069	0.06621	0.01983	0.04312	0.05405	0.0	0.05723	0.02201	0.06386	0.06174	0.08191	0.0	0.99992	0.70596	0.00011	0.00011	0.00011	0.00011	0.00011	0.0	0.00011	0.99992	0.00919	0.00011	0.01579	0.00011	0.00011	0.00011	0.00011	0.00011	0.01799	0.00011	0.00011	0.01687	0.25283	0.03719	0.02797	0.02346	0.08084	0.03621	0.1087	0.01665	0.03628	
0.0	0.0	0.0	0.0	0.0	0.0	0.0	0.0	0.0	0.0	0.0	0.0	0.0	0.0	0.0	0.0	0.0	0.0	0.0	0.0	0.0	0.0	0.0	0.0	0.0	0.0	0.0	0.0	0.0	0.0	0.0	0.0	0.0	0.0	0.0	0.0	0.0	0.0	0.0	0.0	0.0	0.0	0.0	0.0	0.0	0.0	0.0	0.0	0.0	0.0	0.0	0.0	0.0	0.0	0.0	0.0	0.0	0.0	0.0	0.0	0.0	0.0	0.0	0.0	0.0	0.0	0.0	0.0	0.0	0.0	0.0	0.0	0.0	0.0	0.0	0.0	0.0	0.0	0.0	0.0	0.0	0.0	0.0	0.0	0.0	0.0	
0.03587	0.0484	0.12445	0.04529	0.05302	0.0807	0.0726	0.0	0.12896	0.06353	0.19628	3e-05	0.07147	0.03516	0.1	3e-05	3e-05	0.00563	0.02088	0.09233	3e-05	0.0	0.01322	0.04931	0.21937	0.1044	0.0737	0.1034	0.05711	0.03367	0.1064	3e-05	0.02088	0.02088	0.0	0.0	0.17981	0.0	0.05689	0.10985	0.0	0.0	0.0	0.09814	0.02552	0.0531	0.03652	0.04486	0.0	0.05838	0.09772	0.08489	0.10121	0.15278	0.0	0.02088	0.0264	3e-05	3e-05	3e-05	3e-05	3e-05	0.00081	3e-05	0.02088	0.00691	3e-05	0.00985	3e-05	3e-05	3e-05	3e-05	3e-05	0.00229	3e-05	3e-05	0.22096	0.01582	0.1101	0.12904	0.12586	0.07861	0.0385	0.05693	0.08843	0.04854	
0.04922	0.10196	0.10145	0.06085	0.07838	0.10235	0.05622	0.0	0.06647	0.0435	0.16618	1e-05	0.06889	0.01427	0.11122	1e-05	1e-05	0.0068	0.02538	0.34718	1e-05	0.0	0.04822	0.0162	0.29492	0.12661	0.0422	0.10602	0.06624	0.0671	0.08399	1e-05	0.02538	0.02538	0.0	0.17981	0.0	0.0	0.11114	0.1101	0.0	0.0	0.0	0.25028	0.04755	0.05548	0.05349	0.05605	0.0	0.07028	0.05871	0.04012	0.10906	0.1302	0.0	0.02538	0.03218	1e-05	1e-05	1e-05	1e-05	1e-05	0.00115	1e-05	0.02538	0.00864	1e-05	0.02147	1e-05	1e-05	1e-05	1e-05	1e-05	0.02189	1e-05	1e-05	0.19061	0.03732	0.18618	0.12706	0.11699	0.12027	0.04962	0.11299	0.12296	0.06438	
0.0	0.0	0.0	0.0	0.0	0.0	0.0	0.0	0.0	0.0	0.0	0.0	0.0	0.0	0.0	0.0	0.0	0.0	0.0	0.0	0.0	0.0	0.0	0.0	0.0	0.0	0.0	0.0	0.0	0.0	0.0	0.0	0.0	0.0	0.0	0.0	0.0	0.0	0.0	0.0	0.0	0.0	0.0	0.0	0.0	0.0	0.0	0.0	0.0	0.0	0.0	0.0	0.0	0.0	0.0	0.0	0.0	0.0	0.0	0.0	0.0	0.0	0.0	0.0	0.0	0.0	0.0	0.0	0.0	0.0	0.0	0.0	0.0	0.0	0.0	0.0	0.0	0.0	0.0	0.0	0.0	0.0	0.0	0.0	0.0	0.0	
0.05934	0.03272	0.03222	0.02977	0.03364	0.07371	0.05554	0.0	0.04235	0.02674	0.04663	1e-05	0.10294	0.02006	0.03421	1e-05	1e-05	0.00729	0.0275	0.03922	1e-05	0.0	0.02078	0.03143	0.03748	0.12849	0.04347	0.10874	0.02009	0.07036	0.02992	1e-05	0.0275	0.0275	0.0	0.05689	0.11114	0.0	0.0	0.04184	0.0	0.0	0.0	0.10663	0.07221	0.08928	0.05605	0.08725	0.0	0.0416	0.06945	0.04653	0.0763	0.07162	0.0	0.0275	0.03647	1e-05	1e-05	1e-05	1e-05	1e-05	0.00121	1e-05	0.0275	0.07497	1e-05	0.01561	1e-05	1e-05	1e-05	1e-05	1e-05	0.01056	1e-05	1e-05	0.03211	0.02946	0.06687	0.09468	0.06258	0.03251	0.0445	0.04047	0.08531	0.07101	
0.09997	0.09967	0.10873	0.09585	0.07169	0.19502	0.06873	0.0	0.05557	0.07449	0.18224	6e-05	0.13254	0.00761	0.05773	6e-05	6e-05	0.00372	0.01319	0.13624	6e-05	0.0	0.02408	0.01855	0.23874	0.14577	0.0155	0.08083	0.02769	0.0073	0.04699	6e-05	0.01319	0.01319	0.0	0.10985	0.1101	0.0	0.04184	0.0	0.0	0.0	0.0	0.08886	0.06987	0.02533	0.05618	0.07965	0.0	0.0595	0.07927	0.08168	0.06067	0.18828	0.0	0.01319	0.01639	6e-05	6e-05	6e-05	6e-05	6e-05	0.00068	6e-05	0.01319	0.02554	6e-05	0.03113	6e-05	6e-05	6e-05	6e-05	6e-05	0.03959	6e-05	6e-05	0.13907	0.04349	0.10359	0.15791	0.12135	0.08977	0.09797	0.06235	0.11408	0.07054	
0.0	0.0	0.0	0.0	0.0	0.0	0.0	0.0	0.0	0.0	0.0	0.0	0.0	0.0	0.0	0.0	0.0	0.0	0.0	0.0	0.0	0.0	0.0	0.0	0.0	0.0	0.0	0.0	0.0	0.0	0.0	0.0	0.0	0.0	0.0	0.0	0.0	0.0	0.0	0.0	0.0	0.0	0.0	0.0	0.0	0.0	0.0	0.0	0.0	0.0	0.0	0.0	0.0	0.0	0.0	0.0	0.0	0.0	0.0	0.0	0.0	0.0	0.0	0.0	0.0	0.0	0.0	0.0	0.0	0.0	0.0	0.0	0.0	0.0	0.0	0.0	0.0	0.0	0.0	0.0	0.0	0.0	0.0	0.0	0.0	0.0	
0.0	0.0	0.0	0.0	0.0	0.0	0.0	0.0	0.0	0.0	0.0	0.0	0.0	0.0	0.0	0.0	0.0	0.0	0.0	0.0	0.0	0.0	0.0	0.0	0.0	0.0	0.0	0.0	0.0	0.0	0.0	0.0	0.0	0.0	0.0	0.0	0.0	0.0	0.0	0.0	0.0	0.0	0.0	0.0	0.0	0.0	0.0	0.0	0.0	0.0	0.0	0.0	0.0	0.0	0.0	0.0	0.0	0.0	0.0	0.0	0.0	0.0	0.0	0.0	0.0	0.0	0.0	0.0	0.0	0.0	0.0	0.0	0.0	0.0	0.0	0.0	0.0	0.0	0.0	0.0	0.0	0.0	0.0	0.0	0.0	0.0	
0.0	0.0	0.0	0.0	0.0	0.0	0.0	0.0	0.0	0.0	0.0	0.0	0.0	0.0	0.0	0.0	0.0	0.0	0.0	0.0	0.0	0.0	0.0	0.0	0.0	0.0	0.0	0.0	0.0	0.0	0.0	0.0	0.0	0.0	0.0	0.0	0.0	0.0	0.0	0.0	0.0	0.0	0.0	0.0	0.0	0.0	0.0	0.0	0.0	0.0	0.0	0.0	0.0	0.0	0.0	0.0	0.0	0.0	0.0	0.0	0.0	0.0	0.0	0.0	0.0	0.0	0.0	0.0	0.0	0.0	0.0	0.0	0.0	0.0	0.0	0.0	0.0	0.0	0.0	0.0	0.0	0.0	0.0	0.0	0.0	0.0	
0.0871	0.16315	0.11951	0.15131	0.17466	0.15631	0.06651	0.0	0.22104	0.09595	0.08335	3e-05	0.14277	0.02156	0.0951	3e-05	3e-05	0.01033	0.04069	0.067	3e-05	0.0	0.04724	0.0999	0.19164	0.19068	0.10627	0.36756	0.19181	0.02117	0.09124	3e-05	0.04069	0.04069	0.0	0.09814	0.25028	0.0	0.10663	0.08886	0.0	0.0	0.0	0.0	0.1147	0.18521	0.10632	0.10079	0.0	0.11765	0.11806	0.13662	0.12928	0.116	0.0	0.04069	0.05023	3e-05	3e-05	3e-05	3e-05	3e-05	3e-05	3e-05	0.04069	0.06049	3e-05	0.21712	3e-05	3e-05	3e-05	3e-05	3e-05	0.11635	3e-05	3e-05	0.08093	0.17962	0.1268	0.03644	0.23008	0.28697	0.12972	0.21878	0.20687	0.03692	
0.03518	0.10321	0.01774	0.03094	0.08388	0.0807	0.06366	0.0	0.09875	0.05661	0.0568	0.0	0.07883	0.01703	0.11811	0.0	0.0	0.01653	0.06621	0.03981	0.0	0.0	0.0257	0.00893	0.06409	0.09779	0.06444	0.22851	0.0032	0.01633	0.01369	0.0	0.06621	0.06621	0.0	0.02552	0.04755	0.0	0.07221	0.06987	0.0	0.0	0.0	0.1147	0.0	0.04357	0.07413	0.01878	0.0	0.06678	0.06689	0.07077	0.08532	0.04736	0.0	0.06621	0.07649	0.0	0.0	0.0	0.0	0.0	0.00548	0.0	0.06621	0.04509	0.0	0.10316	0.0	0.0	0.0	0.0	0.0	0.09158	0.0	0.0	0.02782	0.16044	0.12747	0.09254	0.05478	0.05588	0.08382	0.04712	0.06762	0.13843	
0.08618	0.04362	0.03397	0.04795	0.05931	0.05896	0.03959	0.0	0.04792	0.06022	0.04836	2e-05	0.04742	0.04221	0.01993	2e-05	2e-05	0.00524	0.01983	0.03997	2e-05	0.0	0.08422	0.01822	0.05212	0.05695	0.06581	0.12493	0.05783	0.03756	0.03457	2e-05	0.01983	0.01983	0.0	0.0531	0.05548	0.0	0.08928	0.02533	0.0	0.0	0.0	0.18521	0.04357	0.0	0.15889	0.06641	0.0	0.05099	0.06842	0.09519	0.06726	0.0477	0.0	0.01983	0.02535	2e-05	2e-05	2e-05	2e-05	2e-05	0.0006	2e-05	0.01983	0.193	2e-05	0.01087	2e-05	2e-05	2e-05	2e-05	2e-05	0.00829	2e-05	2e-05	0.02717	0.02309	0.05331	0.02903	0.08151	0.07169	0.06596	0.07359	0.05138	0.07411	
0.0879	0.02955	0.02519	0.02843	0.05867	0.04485	0.04153	0.0	0.0541	0.02863	0.03737	0.0	0.074	0.03204	0.01098	0.0	0.0	0.01088	0.04312	0.00835	0.0	0.0	0.07317	0.01536	0.04323	0.07161	0.05116	0.11833	0.03154	0.02261	0.03974	0.0	0.04312	0.04312	0.0	0.03652	0.05349	0.0	0.05605	0.05618	0.0	0.0	0.0	0.10632	0.07413	0.15889	0.0	0.0182	0.0	0.123	0.07343	0.0669	0.03023	0.09662	0.0	0.04312	0.05633	0.0	0.0	0.0	0.0	0.0	0.0023	0.0	0.04312	0.06736	0.0	0.01641	0.0	0.0	0.0	0.0	0.0	0.0301	0.0	0.0	0.01025	0.05384	0.0328	0.00594	0.05795	0.1083	0.06956	0.06312	0.05173	0.05611	
0.0322	0.04846	0.106	0.00782	0.05526	0.04561	0.04019	0.0	0.05173	0.03547	0.05665	3e-05	0.07381	0.01583	0.00805	3e-05	3e-05	0.00742	0.05405	0.0615	3e-05	0.0	0.05654	0.02389	0.05036	0.04594	0.03495	0.06981	0.00082	0.01516	0.01404	3e-05	0.05405	0.05405	0.0	0.04486	0.05605	0.0	0.08725	0.07965	0.0	0.0	0.0	0.10079	0.01878	0.06641	0.0182	0.0	0.0	0.01532	0.0802	0.0779	0.07257	0.0757	0.0	0.05405	0.06557	3e-05	3e-05	3e-05	3e-05	3e-05	0.0032	3e-05	0.05405	0.02816	3e-05	0.01281	3e-05	3e-05	3e-05	3e-05	3e-05	0.01122	3e-05	3e-05	0.03568	0.06035	0.04378	0.05435	0.06648	0.06896	0.04384	0.07416	0.04195	0.0372	
0.0	0.0	0.0	0.0	0.0	0.0	0.0	0.0	0.0	0.0	0.0	0.0	0.0	0.0	0.0	0.0	0.0	0.0	0.0	0.0	0.0	0.0	0.0	0.0	0.0	0.0	0.0	0.0	0.0	0.0	0.0	0.0	0.0	0.0	0.0	0.0	0.0	0.0	0.0	0.0	0.0	0.0	0.0	0.0	0.0	0.0	0.0	0.0	0.0	0.0	0.0	0.0	0.0	0.0	0.0	0.0	0.0	0.0	0.0	0.0	0.0	0.0	0.0	0.0	0.0	0.0	0.0	0.0	0.0	0.0	0.0	0.0	0.0	0.0	0.0	0.0	0.0	0.0	0.0	0.0	0.0	0.0	0.0	0.0	0.0	0.0	
0.06431	0.07776	0.03164	0.05144	0.05522	0.09144	0.04304	0.0	0.0376	0.08896	0.03874	2e-05	0.06693	0.03837	0.01239	2e-05	2e-05	0.01242	0.05723	0.01707	2e-05	0.0	0.00835	0.01645	0.06036	0.08139	0.03843	0.13696	0.03188	0.01349	0.03139	2e-05	0.05723	0.05723	0.0	0.05838	0.07028	0.0	0.0416	0.0595	0.0	0.0	0.0	0.11765	0.06678	0.05099	0.123	0.01532	0.0	0.0	0.07935	0.0407	0.01727	0.09355	0.0	0.05723	0.07523	2e-05	2e-05	2e-05	2e-05	2e-05	0.00376	2e-05	0.05723	0.01847	2e-05	0.05898	2e-05	2e-05	2e-05	2e-05	2e-05	0.07173	2e-05	2e-05	0.02908	0.12624	0.03261	0.06529	0.0774	0.05013	0.09165	0.0473	0.05533	0.07338	
0.04888	0.07042	0.12424	0.08032	0.01913	0.0725	0.05906	0.0	0.09729	0.08432	0.07343	0.0	0.01723	0.03612	0.01213	0.0	0.0	0.00577	0.02201	0.01391	0.0	0.0	0.08588	0.06834	0.04766	0.02744	0.04167	0.08734	0.0481	0.03455	0.05379	0.0	0.02201	0.02201	0.0	0.09772	0.05871	0.0	0.06945	0.07927	0.0	0.0	0.0	0.11806	0.06689	0.06842	0.07343	0.0802	0.0	0.07935	0.0	0.09698	0.10613	0.05621	0.0	0.02201	0.04379	0.0	0.0	0.0	0.0	0.0	0.00076	0.0	0.02201	0.06555	0.0	0.0483	0.0	0.0	0.0	0.0	0.0	0.037	0.0	0.0	0.03331	0.05531	0.04515	0.0696	0.11216	0.06408	0.08385	0.08269	0.08757	0.04917	
0.09928	0.09913	0.06211	0.08462	0.12801	0.08507	0.04467	0.0	0.08728	0.06802	0.10642	0.0	0.06164	0.01504	0.0046	0.0	0.0	0.00706	0.06386	0.01571	0.0	0.0	0.01121	0.042	0.05957	0.04042	0.08462	0.09948	0.0187	0.03463	0.0246	0.0	0.06386	0.06386	0.0	0.08489	0.04012	0.0	0.04653	0.08168	0.0	0.0	0.0	0.13662	0.07077	0.09519	0.0669	0.0779	0.0	0.0407	0.09698	0.0	0.0841	0.13458	0.0	0.06386	0.06926	0.0	0.0	0.0	0.0	0.0	0.00505	0.0	0.06386	0.01126	0.0	0.0114	0.0	0.0	0.0	0.0	0.0	0.01518	0.0	0.0	0.00271	0.05277	0.03806	0.07158	0.11369	0.1123	0.08619	0.04918	0.07186	0.0542	
0.05796	0.08698	0.18683	0.06544	0.08574	0.11022	0.04158	0.0	0.11368	0.10011	0.12501	3e-05	0.10857	0.05066	0.0738	3e-05	3e-05	0.00528	0.06174	0.09218	3e-05	0.0	0.02765	0.06694	0.13059	0.07969	0.11569	0.15797	0.03223	0.04843	0.0377	3e-05	0.06174	0.06174	0.0	0.10121	0.10906	0.0	0.0763	0.06067	0.0	0.0	0.0	0.12928	0.08532	0.06726	0.03023	0.07257	0.0	0.01727	0.10613	0.0841	0.0	0.14455	0.0	0.06174	0.08695	3e-05	3e-05	3e-05	3e-05	3e-05	0.00346	3e-05	0.06174	0.02664	3e-05	0.00259	3e-05	3e-05	3e-05	3e-05	3e-05	0.0102	3e-05	3e-05	0.10095	0.0508	0.04648	0.03562	0.10485	0.13342	0.05488	0.13064	0.06444	0.03643	
0.10373	0.1027	0.09576	0.05962	0.1227	0.10512	0.07748	0.0	0.05684	0.08613	0.19622	2e-05	0.2432	0.00993	0.02744	2e-05	2e-05	0.00474	0.08191	0.10759	2e-05	0.0	0.03137	0.01049	0.21694	0.12306	0.02107	0.08334	0.02499	0.00955	0.0231	2e-05	0.08191	0.08191	0.0	0.15278	0.1302	0.0	0.07162	0.18828	0.0	0.0	0.0	0.116	0.04736	0.0477	0.09662	0.0757	0.0	0.09355	0.05621	0.13458	0.14455	0.0	0.0	0.08191	0.1137	2e-05	2e-05	2e-05	2e-05	2e-05	0.00673	2e-05	0.08191	0.0301	2e-05	0.03855	2e-05	2e-05	2e-05	2e-05	2e-05	0.04442	2e-05	2e-05	0.1053	0.10399	0.10095	0.18247	0.12568	0.13622	0.06905	0.0851	0.10982	0.0636	
0.0	0.0	0.0	0.0	0.0	0.0	0.0	0.0	0.0	0.0	0.0	0.0	0.0	0.0	0.0	0.0	0.0	0.0	0.0	0.0	0.0	0.0	0.0	0.0	0.0	0.0	0.0	0.0	0.0	0.0	0.0	0.0	0.0	0.0	0.0	0.0	0.0	0.0	0.0	0.0	0.0	0.0	0.0	0.0	0.0	0.0	0.0	0.0	0.0	0.0	0.0	0.0	0.0	0.0	0.0	0.0	0.0	0.0	0.0	0.0	0.0	0.0	0.0	0.0	0.0	0.0	0.0	0.0	0.0	0.0	0.0	0.0	0.0	0.0	0.0	0.0	0.0	0.0	0.0	0.0	0.0	0.0	0.0	0.0	0.0	0.0	
0.03601	0.07229	0.05342	0.03667	0.08473	0.03247	0.01709	0.0	0.03414	0.02271	0.10376	0.00011	0.31797	0.0038	0.03069	0.00011	0.00011	0.00215	0.99992	0.02452	0.00011	0.0	0.0088	0.18845	0.01974	0.01502	0.00607	0.11127	0.01347	0.00367	0.0102	0.00011	0.99992	0.99992	0.0	0.02088	0.02538	0.0	0.0275	0.01319	0.0	0.0	0.0	0.04069	0.06621	0.01983	0.04312	0.05405	0.0	0.05723	0.02201	0.06386	0.06174	0.08191	0.0	0.0	0.70596	0.00011	0.00011	0.00011	0.00011	0.00011	0.0	0.00011	0.99992	0.00919	0.00011	0.01579	0.00011	0.00011	0.00011	0.00011	0.00011	0.01799	0.00011	0.00011	0.01687	0.25283	0.03719	0.02797	0.02346	0.08084	0.03621	0.1087	0.01665	0.03628	
0.04751	0.07438	0.06319	0.04532	0.08846	0.04146	0.02138	0.0	0.04517	0.03833	0.10239	7e-05	0.34168	0.00403	0.03818	7e-05	7e-05	0.00216	0.70596	0.03033	7e-05	0.0	0.01018	0.16675	0.02461	0.01869	0.0069	0.11574	0.01618	0.00389	0.01198	7e-05	0.70596	0.70596	0.0	0.0264	0.03218	0.0	0.03647	0.01639	0.0	0.0	0.0	0.05023	0.07649	0.02535	0.05633	0.06557	0.0	0.07523	0.04379	0.06926	0.08695	0.1137	0.0	0.70596	0.0	7e-05	7e-05	7e-05	7e-05	7e-05	0.56197	7e-05	0.70596	0.01068	7e-05	0.01916	7e-05	7e-05	7e-05	7e-05	7e-05	0.02199	7e-05	7e-05	0.02053	0.23527	0.0431	0.03801	0.03728	0.09254	0.04703	0.10789	0.02112	0.04687	
2e-05	1e-05	4e-05	1e-05	2e-05	5e-05	2e-05	0.0	2e-05	1e-05	5e-05	0.0	0.00012	0.00015	8e-05	0.0	0.0	0.00024	0.00011	6e-05	0.0	0.0	6e-05	3e-05	4e-05	0.0001	7e-05	3e-05	3e-05	0.00012	3e-05	0.0	0.00011	0.00011	0.0	3e-05	1e-05	0.0	1e-05	6e-05	0.0	0.0	0.0	3e-05	0.0	2e-05	0.0	3e-05	0.0	2e-05	0.0	0.0	3e-05	2e-05	0.0	0.00011	7e-05	0.0	0.0	0.0	0.0	0.0	0.0	0.0	0.00011	9e-05	0.0	4e-05	0.0	0.0	0.0	0.0	0.0	4e-05	0.0	0.0	9e-05	3e-05	4e-05	2e-05	2e-05	5e-05	2e-05	2e-05	2e-05	2e-05	
2e-05	1e-05	4e-05	1e-05	2e-05	5e-05	2e-05	0.0	2e-05	1e-05	5e-05	0.0	0.00012	0.00015	8e-05	0.0	0.0	0.00024	0.00011	6e-05	0.0	0.0	6e-05	3e-05	4e-05	0.0001	7e-05	3e-05	3e-05	0.00012	3e-05	0.0	0.00011	0.00011	0.0	3e-05	1e-05	0.0	1e-05	6e-05	0.0	0.0	0.0	3e-05	0.0	2e-05	0.0	3e-05	0.0	2e-05	0.0	0.0	3e-05	2e-05	0.0	0.00011	7e-05	0.0	0.0	0.0	0.0	0.0	0.0	0.0	0.00011	9e-05	0.0	4e-05	0.0	0.0	0.0	0.0	0.0	4e-05	0.0	0.0	9e-05	3e-05	4e-05	2e-05	2e-05	5e-05	2e-05	2e-05	2e-05	2e-05	
2e-05	1e-05	4e-05	1e-05	2e-05	5e-05	2e-05	0.0	2e-05	1e-05	5e-05	0.0	0.00012	0.00015	8e-05	0.0	0.0	0.00024	0.00011	6e-05	0.0	0.0	6e-05	3e-05	4e-05	0.0001	7e-05	3e-05	3e-05	0.00012	3e-05	0.0	0.00011	0.00011	0.0	3e-05	1e-05	0.0	1e-05	6e-05	0.0	0.0	0.0	3e-05	0.0	2e-05	0.0	3e-05	0.0	2e-05	0.0	0.0	3e-05	2e-05	0.0	0.00011	7e-05	0.0	0.0	0.0	0.0	0.0	0.0	0.0	0.00011	9e-05	0.0	4e-05	0.0	0.0	0.0	0.0	0.0	4e-05	0.0	0.0	9e-05	3e-05	4e-05	2e-05	2e-05	5e-05	2e-05	2e-05	2e-05	2e-05	
2e-05	1e-05	4e-05	1e-05	2e-05	5e-05	2e-05	0.0	2e-05	1e-05	5e-05	0.0	0.00012	0.00015	8e-05	0.0	0.0	0.00024	0.00011	6e-05	0.0	0.0	6e-05	3e-05	4e-05	0.0001	7e-05	3e-05	3e-05	0.00012	3e-05	0.0	0.00011	0.00011	0.0	3e-05	1e-05	0.0	1e-05	6e-05	0.0	0.0	0.0	3e-05	0.0	2e-05	0.0	3e-05	0.0	2e-05	0.0	0.0	3e-05	2e-05	0.0	0.00011	7e-05	0.0	0.0	0.0	0.0	0.0	0.0	0.0	0.00011	9e-05	0.0	4e-05	0.0	0.0	0.0	0.0	0.0	4e-05	0.0	0.0	9e-05	3e-05	4e-05	2e-05	2e-05	5e-05	2e-05	2e-05	2e-05	2e-05	
2e-05	1e-05	4e-05	1e-05	2e-05	5e-05	2e-05	0.0	2e-05	1e-05	5e-05	0.0	0.00012	0.00015	8e-05	0.0	0.0	0.00024	0.00011	6e-05	0.0	0.0	6e-05	3e-05	4e-05	0.0001	7e-05	3e-05	3e-05	0.00012	3e-05	0.0	0.00011	0.00011	0.0	3e-05	1e-05	0.0	1e-05	6e-05	0.0	0.0	0.0	3e-05	0.0	2e-05	0.0	3e-05	0.0	2e-05	0.0	0.0	3e-05	2e-05	0.0	0.00011	7e-05	0.0	0.0	0.0	0.0	0.0	0.0	0.0	0.00011	9e-05	0.0	4e-05	0.0	0.0	0.0	0.0	0.0	4e-05	0.0	0.0	9e-05	3e-05	4e-05	2e-05	2e-05	5e-05	2e-05	2e-05	2e-05	2e-05	
0.00151	0.00533	0.00283	0.00168	0.00808	0.00161	0.0004	0.0	0.00125	0.00071	0.01029	0.0	0.10924	0.00019	0.00182	0.0	0.0	0.00028	0.0	0.00133	0.0	0.0	0.00022	0.02091	0.00088	0.00077	0.00012	0.01561	0.00044	0.00038	0.00039	0.0	0.0	0.0	0.0	0.00081	0.00115	0.0	0.00121	0.00068	0.0	0.0	0.0	3e-05	0.00548	0.0006	0.0023	0.0032	0.0	0.00376	0.00076	0.00505	0.00346	0.00673	0.0	0.0	0.56197	0.0	0.0	0.0	0.0	0.0	0.0	0.0	0.0	0.00016	0.0	0.0008	0.0	0.0	0.0	0.0	0.0	0.00084	0.0	0.0	0.00106	0.07923	0.00201	0.00116	0.00067	0.0071	0.00186	0.01238	0.00069	0.00187	
2e-05	1e-05	4e-05	1e-05	2e-05	5e-05	2e-05	0.0	2e-05	1e-05	5e-05	0.0	0.00012	0.00015	8e-05	0.0	0.0	0.00024	0.00011	6e-05	0.0	0.0	6e-05	3e-05	4e-05	0.0001	7e-05	3e-05	3e-05	0.00012	3e-05	0.0	0.00011	0.00011	0.0	3e-05	1e-05	0.0	1e-05	6e-05	0.0	0.0	0.0	3e-05	0.0	2e-05	0.0	3e-05	0.0	2e-05	0.0	0.0	3e-05	2e-05	0.0	0.00011	7e-05	0.0	0.0	0.0	0.0	0.0	0.0	0.0	0.00011	9e-05	0.0	4e-05	0.0	0.0	0.0	0.0	0.0	4e-05	0.0	0.0	9e-05	3e-05	4e-05	2e-05	2e-05	5e-05	2e-05	2e-05	2e-05	2e-05	
0.03601	0.07229	0.05342	0.03667	0.08473	0.03247	0.01709	0.0	0.03414	0.02271	0.10376	0.00011	0.31797	0.0038	0.03069	0.00011	0.00011	0.00215	0.99992	0.02452	0.00011	0.0	0.0088	0.18845	0.01974	0.01502	0.00607	0.11127	0.01347	0.00367	0.0102	0.00011	0.99992	0.99992	0.0	0.02088	0.02538	0.0	0.0275	0.01319	0.0	0.0	0.0	0.04069	0.06621	0.01983	0.04312	0.05405	0.0	0.05723	0.02201	0.06386	0.06174	0.08191	0.0	0.99992	0.70596	0.00011	0.00011	0.00011	0.00011	0.00011	0.0	0.00011	0.0	0.00919	0.00011	0.01579	0.00011	0.00011	0.00011	0.00011	0.00011	0.01799	0.00011	0.00011	0.01687	0.25283	0.03719	0.02797	0.02346	0.08084	0.03621	0.1087	0.01665	0.03628	
0.0517	0.01785	0.02124	0.01321	0.01792	0.02174	0.07387	0.0	0.04744	0.03663	0.03826	9e-05	0.02272	0.16391	0.06033	9e-05	9e-05	0.00301	0.00919	0.04753	9e-05	0.0	0.27877	0.02143	0.03865	0.0292	0.01017	0.07437	0.0247	0.00551	0.018	9e-05	0.00919	0.00919	0.0	0.00691	0.00864	0.0	0.07497	0.02554	0.0	0.0	0.0	0.06049	0.04509	0.193	0.06736	0.02816	0.0	0.01847	0.06555	0.01126	0.02664	0.0301	0.0	0.00919	0.01068	9e-05	9e-05	9e-05	9e-05	9e-05	0.00016	9e-05	0.00919	0.0	9e-05	0.02947	9e-05	9e-05	9e-05	9e-05	9e-05	4e-05	9e-05	9e-05	0.03166	0.0044	0.11882	0.02345	0.07041	0.04941	0.01113	0.01189	0.03349	0.08675	
2e-05	1e-05	4e-05	1e-05	2e-05	5e-05	2e-05	0.0	2e-05	1e-05	5e-05	0.0	0.00012	0.00015	8e-05	0.0	0.0	0.00024	0.00011	6e-05	0.0	0.0	6e-05	3e-05	4e-05	0.0001	7e-05	3e-05	3e-05	0.00012	3e-05	0.0	0.00011	0.00011	0.0	3e-05	1e-05	0.0	1e-05	6e-05	0.0	0.0	0.0	3e-05	0.0	2e-05	0.0	3e-05	0.0	2e-05	0.0	0.0	3e-05	2e-05	0.0	0.00011	7e-05	0.0	0.0	0.0	0.0	0.0	0.0	0.0	0.00011	9e-05	0.0	4e-05	0.0	0.0	0.0	0.0	0.0	4e-05	0.0	0.0	9e-05	3e-05	4e-05	2e-05	2e-05	5e-05	2e-05	2e-05	2e-05	2e-05	
0.04004	0.01756	0.04802	0.02875	0.01609	0.0198	0.03016	0.0	0.02431	0.07376	0.08449	4e-05	0.04599	0.00932	0.10439	4e-05	4e-05	0.00463	0.01579	0.00021	4e-05	0.0	0.02788	0.04143	0.08348	0.06207	0.01816	0.32495	0.00532	0.06182	0.03396	4e-05	0.01579	0.01579	0.0	0.00985	0.02147	0.0	0.01561	0.03113	0.0	0.0	0.0	0.21712	0.10316	0.01087	0.01641	0.01281	0.0	0.05898	0.0483	0.0114	0.00259	0.03855	0.0	0.01579	0.01916	4e-05	4e-05	4e-05	4e-05	4e-05	0.0008	4e-05	0.01579	0.02947	4e-05	0.0	4e-05	4e-05	4e-05	4e-05	4e-05	0.60689	4e-05	4e-05	0.06453	0.55457	0.13348	0.05493	0.07591	0.08472	0.12126	0.03917	0.03164	0.02979	
2e-05	1e-05	4e-05	1e-05	2e-05	5e-05	2e-05	0.0	2e-05	1e-05	5e-05	0.0	0.00012	0.00015	8e-05	0.0	0.0	0.00024	0.00011	6e-05	0.0	0.0	6e-05	3e-05	4e-05	0.0001	7e-05	3e-05	3e-05	0.00012	3e-05	0.0	0.00011	0.00011	0.0	3e-05	1e-05	0.0	1e-05	6e-05	0.0	0.0	0.0	3e-05	0.0	2e-05	0.0	3e-05	0.0	2e-05	0.0	0.0	3e-05	2e-05	0.0	0.00011	7e-05	0.0	0.0	0.0	0.0	0.0	0.0	0.0	0.00011	9e-05	0.0	4e-05	0.0	0.0	0.0	0.0	0.0	4e-05	0.0	0.0	9e-05	3e-05	4e-05	2e-05	2e-05	5e-05	2e-05	2e-05	2e-05	2e-05	
2e-05	1e-05	4e-05	1e-05	2e-05	5e-05	2e-05	0.0	2e-05	1e-05	5e-05	0.0	0.00012	0.00015	8e-05	0.0	0.0	0.00024	0.00011	6e-05	0.0	0.0	6e-05	3e-05	4e-05	0.0001	7e-05	3e-05	3e-05	0.00012	3e-05	0.0	0.00011	0.00011	0.0	3e-05	1e-05	0.0	1e-05	6e-05	0.0	0.0	0.0	3e-05	0.0	2e-05	0.0	3e-05	0.0	2e-05	0.0	0.0	3e-05	2e-05	0.0	0.00011	7e-05	0.0	0.0	0.0	0.0	0.0	0.0	0.0	0.00011	9e-05	0.0	4e-05	0.0	0.0	0.0	0.0	0.0	4e-05	0.0	0.0	9e-05	3e-05	4e-05	2e-05	2e-05	5e-05	2e-05	2e-05	2e-05	2e-05	
2e-05	1e-05	4e-05	1e-05	2e-05	5e-05	2e-05	0.0	2e-05	1e-05	5e-05	0.0	0.00012	0.00015	8e-05	0.0	0.0	0.00024	0.00011	6e-05	0.0	0.0	6e-05	3e-05	4e-05	0.0001	7e-05	3e-05	3e-05	0.00012	3e-05	0.0	0.00011	0.00011	0.0	3e-05	1e-05	0.0	1e-05	6e-05	0.0	0.0	0.0	3e-05	0.0	2e-05	0.0	3e-05	0.0	2e-05	0.0	0.0	3e-05	2e-05	0.0	0.00011	7e-05	0.0	0.0	0.0	0.0	0.0	0.0	0.0	0.00011	9e-05	0.0	4e-05	0.0	0.0	0.0	0.0	0.0	4e-05	0.0	0.0	9e-05	3e-05	4e-05	2e-05	2e-05	5e-05	2e-05	2e-05	2e-05	2e-05	
2e-05	1e-05	4e-05	1e-05	2e-05	5e-05	2e-05	0.0	2e-05	1e-05	5e-05	0.0	0.00012	0.00015	8e-05	0.0	0.0	0.00024	0.00011	6e-05	0.0	0.0	6e-05	3e-05	4e-05	0.0001	7e-05	3e-05	3e-05	0.00012	3e-05	0.0	0.00011	0.00011	0.0	3e-05	1e-05	0.0	1e-05	6e-05	0.0	0.0	0.0	3e-05	0.0	2e-05	0.0	3e-05	0.0	2e-05	0.0	0.0	3e-05	2e-05	0.0	0.00011	7e-05	0.0	0.0	0.0	0.0	0.0	0.0	0.0	0.00011	9e-05	0.0	4e-05	0.0	0.0	0.0	0.0	0.0	4e-05	0.0	0.0	9e-05	3e-05	4e-05	2e-05	2e-05	5e-05	2e-05	2e-05	2e-05	2e-05	
2e-05	1e-05	4e-05	1e-05	2e-05	5e-05	2e-05	0.0	2e-05	1e-05	5e-05	0.0	0.00012	0.00015	8e-05	0.0	0.0	0.00024	0.00011	6e-05	0.0	0.0	6e-05	3e-05	4e-05	0.0001	7e-05	3e-05	3e-05	0.00012	3e-05	0.0	0.00011	0.00011	0.0	3e-05	1e-05	0.0	1e-05	6e-05	0.0	0.0	0.0	3e-05	0.0	2e-05	0.0	3e-05	0.0	2e-05	0.0	0.0	3e-05	2e-05	0.0	0.00011	7e-05	0.0	0.0	0.0	0.0	0.0	0.0	0.0	0.00011	9e-05	0.0	4e-05	0.0	0.0	0.0	0.0	0.0	4e-05	0.0	0.0	9e-05	3e-05	4e-05	2e-05	2e-05	5e-05	2e-05	2e-05	2e-05	2e-05	
