0.0	0.08577	0.04299	0.02436	0.00907	0.00448	0.0358	0.00361	0.0	0.04376	0.02042	0.03818	0.00533	0.01302	0.01365	0.02475	0.10247	0.11637	0.0	0.01525	0.00916	0.02668	0.00987	0.00186	0.0	0.03429	0.03492	0.01467	0.0101	0.01589	0.0138	0.01714	0.01776	0.04263	0.01299	0.00923	0.03238	0.02008	0.01855	0.01691	0.02598	0.00476	0.0	0.01395	0.01522	0.01488	0.01973	0.01786	0.00638	0.01785	0.01367	0.00809	0.04513	0.02033	0.01169	0.0	0.02299	0.02596	0.02349	0.0101	0.0	0.0	0.0	0.02175	0.0275	0.01931	0.03545	0.00323	0.00418	0.03136	0.01755	0.02388	0.00346	0.0	0.05889	0.07757	0.0094	0.03295	0.02588	0.04476	0.0	0.02757	0.01237	0.01587	0.0469	0.02822	0.03343	0.01981	0.01114	0.0218	0.00837	
0.08577	0.0	0.01378	0.00877	0.0286	0.01357	0.03065	0.02737	0.0	0.09284	0.0643	0.04843	0.02623	0.03503	0.02634	0.03419	0.00652	0.03478	0.0	0.01836	0.04954	0.03377	0.02047	0.01031	0.0	0.01391	0.10345	0.02775	0.1296	0.01489	0.01687	0.04651	0.03607	0.01845	0.03407	0.02157	0.06079	0.01782	0.01498	0.01046	0.01291	0.03406	0.0	0.01333	0.04089	0.04158	0.05527	0.0596	0.04051	0.08394	0.03966	0.02462	0.04058	0.02106	0.02705	0.0	0.00955	0.06487	0.04205	0.0391	0.0	0.0	0.0	0.01915	0.04283	0.01386	0.11279	0.01497	0.01267	0.04748	0.04451	0.03832	0.02648	0.0	0.11524	0.01386	0.04249	0.05863	0.02626	0.08773	0.0	0.04733	0.10215	0.02593	0.0936	0.00794	0.05216	0.16953	0.00952	0.20194	0.01731	
0.04299	0.01378	0.0	0.02192	0.00028	0.01062	0.03151	0.04735	0.0	0.04786	0.01753	0.02234	0.00588	0.02879	0.05304	0.05902	0.04123	0.01228	0.0	0.01017	0.02791	0.03076	0.0324	0.00436	0.0	0.00209	0.05675	0.02634	0.0407	0.04068	0.01985	0.00948	0.03136	0.01614	0.06875	0.01063	0.01235	0.02997	0.03243	0.00949	0.00725	0.02779	0.0	0.02688	0.01301	0.01948	0.03058	0.01989	0.02066	0.01576	0.02641	0.01553	0.04749	0.01611	0.01886	0.0	0.02164	0.07561	0.02739	0.01747	0.0	0.0	0.0	0.03791	0.06512	0.02357	0.03054	0.06241	0.08483	0.03736	0.01672	0.01207	0.05782	0.0	0.04386	0.00157	0.04379	0.02564	0.0301	0.01771	0.0	0.01309	0.0195	0.03162	0.01456	0.01479	0.01517	0.06786	0.01279	0.01751	0.00869	
0.02436	0.00877	0.02192	0.0	0.0251	0.04283	0.04549	0.02871	0.0	0.07658	0.0643	0.02148	0.08305	0.05751	0.01725	0.02401	0.01309	0.04061	0.0	0.03058	0.02725	0.03592	0.0422	0.02082	0.0	0.03014	0.03811	0.02312	0.01529	0.02323	0.02424	0.03593	0.06316	0.02067	0.01625	0.03952	0.02274	0.02522	0.02625	0.02627	0.04677	0.03612	0.0	0.03529	0.05468	0.01311	0.01249	0.05386	0.00882	0.0202	0.04149	0.02784	0.0482	0.04194	0.02991	0.0	0.0489	0.04499	0.04336	0.05215	0.0	0.0	0.0	0.06582	0.02838	0.0323	0.0334	0.00737	0.02715	0.02678	0.02039	0.02415	0.03835	0.0	0.01681	0.02248	0.03174	0.06006	0.01711	0.04429	0.0	0.01714	0.02036	0.06571	0.04268	0.015	0.03083	0.04267	0.02651	0.04287	0.01682	
0.00907	0.0286	0.00028	0.0251	0.0	0.02391	0.01112	0.06038	0.0	0.04986	0.07545	0.01045	0.02637	0.05953	0.02033	0.05822	0.0006	0.02536	0.0	0.07669	0.03021	0.0045	0.01112	0.11398	0.0	0.00119	0.02714	0.01794	0.0377	0.01791	0.0206	0.0278	0.01516	0.01133	0.00676	0.01457	0.02648	0.03576	0.01327	0.01994	0.00269	0.03133	0.0	0.01697	0.03228	0.0282	0.02252	0.02945	0.02518	0.0758	0.03914	0.00919	0.16748	0.00462	0.01565	0.0	0.00531	0.00802	0.00512	0.02349	0.0	0.0	0.0	0.03763	0.08418	0.01514	0.03751	0.00519	0.08732	0.0286	0.0512	0.0257	0.04817	0.0	0.02655	0.01328	0.04004	0.02171	0.05052	0.02012	0.0	0.00658	0.00635	0.02901	0.01541	0.04217	0.0686	0.01969	0.01971	0.01582	0.01268	
0.00448	0.01357	0.01062	0.04283	0.02391	0.0	0.03783	0.02395	0.0	0.07777	0.07123	0.00429	0.02126	0.01924	0.06416	0.09241	0.00521	0.04178	0.0	0.02604	0.0127	0.04718	0.04893	0.00443	0.0	0.03014	0.02754	0.04297	0.01246	0.0279	0.05308	0.02759	0.02704	0.07364	0.03046	0.03397	0.01634	0.0425	0.01896	0.02248	0.01582	0.01184	0.0	0.0343	0.03835	0.06305	0.01261	0.00909	0.02534	0.0348	0.02447	0.00807	0.03424	0.03324	0.02694	0.0	0.01891	0.00936	0.04459	0.05577	0.0	0.0	0.0	0.05383	0.00705	0.02535	0.03144	0.01654	0.01003	0.02481	0.01259	0.01973	0.01534	0.0	0.01712	0.01262	0.02385	0.07724	0.02814	0.03735	0.0	0.03908	0.01821	0.06402	0.07327	0.02309	0.01862	0.01612	0.03203	0.04614	0.01249	
0.0358	0.03065	0.03151	0.04549	0.01112	0.03783	0.0	0.01699	0.0	0.13833	0.03817	0.01471	0.05101	0.04534	0.02119	0.02688	0.01944	0.02351	0.0	0.01721	0.02444	0.01972	0.02745	0.0137	0.0	0.035	0.02829	0.05631	0.047	0.02718	0.02081	0.041	0.02224	0.07075	0.03027	0.04576	0.01956	0.01869	0.02159	0.0533	0.01645	0.03095	0.0	0.04363	0.02807	0.09082	0.02797	0.03825	0.0288	0.02941	0.01748	0.01212	0.0483	0.05791	0.02678	0.0	0.04797	0.03986	0.0323	0.05345	0.0	0.0	0.0	0.03333	0.0356	0.11383	0.0315	0.03943	0.02243	0.0345	0.03631	0.03933	0.03572	0.0	0.0275	0.05194	0.03847	0.06235	0.02428	0.10485	0.0	0.01892	0.03696	0.05816	0.03108	0.0218	0.03777	0.06989	0.01672	0.03811	0.04345	
0.00361	0.02737	0.04735	0.02871	0.06038	0.02395	0.01699	0.0	0.0	0.01757	0.00597	0.019	0.01238	0.13153	0.05013	0.06412	0.00258	0.00571	0.0	0.05449	0.0377	0.00982	0.01406	0.09393	0.0	0.01914	0.04481	0.01511	0.07242	0.02051	0.00661	0.05006	0.04207	0.01902	0.05967	0.01372	0.02947	0.01949	0.04248	0.03113	0.03619	0.04032	0.0	0.0047	0.04585	0.01876	0.00745	0.0363	0.01272	0.01828	0.0335	0.0499	0.07169	0.01256	0.02166	0.0	0.01117	0.04791	0.02557	0.00892	0.0	0.0	0.0	0.02615	0.0742	0.00229	0.02324	0.00563	0.08764	0.05878	0.025	0.05945	0.04134	0.0	0.0198	0.0082	0.06463	0.02696	0.03559	0.00622	0.0	0.01081	0.03024	0.03649	0.01741	0.02294	0.01186	0.06011	0.00675	0.04175	0.00194	
0.0	0.0	0.0	0.0	0.0	0.0	0.0	0.0	0.0	0.0	0.0	0.0	0.0	0.0	0.0	0.0	0.0	0.0	0.0	0.0	0.0	0.0	0.0	0.0	0.0	0.0	0.0	0.0	0.0	0.0	0.0	0.0	0.0	0.0	0.0	0.0	0.0	0.0	0.0	0.0	0.0	0.0	0.0	0.0	0.0	0.0	0.0	0.0	0.0	0.0	0.0	0.0	0.0	0.0	0.0	0.0	0.0	0.0	0.0	0.0	0.0	0.0	0.0	0.0	0.0	0.0	0.0	0.0	0.0	0.0	0.0	0.0	0.0	0.0	0.0	0.0	0.0	0.0	0.0	0.0	0.0	0.0	0.0	0.0	0.0	0.0	0.0	0.0	0.0	0.0	0.0	
0.04376	0.09284	0.04786	0.07658	0.04986	0.07777	0.13833	0.01757	0.0	0.0	0.05325	0.05593	0.05735	0.12443	0.0663	0.05826	0.10044	0.0492	0.0	0.09697	0.05598	0.08835	0.08646	0.03791	0.0	0.04153	0.11743	0.05331	0.08799	0.098	0.05614	0.03828	0.10604	0.03755	0.04363	0.07313	0.06629	0.04103	0.14962	0.05061	0.04571	0.02095	0.0	0.14301	0.02812	0.14115	0.11461	0.11013	0.11013	0.05773	0.04347	0.05136	0.13689	0.11567	0.0774	0.0	0.08565	0.2033	0.10362	0.12723	0.0	0.0	0.0	0.07435	0.06441	0.0576	0.06493	0.08307	0.03736	0.13533	0.12342	0.14453	0.10485	0.0	0.1171	0.09375	0.12162	0.61962	0.08054	0.12075	0.0	0.09089	0.14161	0.14082	0.12774	0.06685	0.04819	0.15254	0.01824	0.08572	0.08881	
0.02042	0.0643	0.01753	0.0643	0.07545	0.07123	0.03817	0.00597	0.0	0.05325	0.0	0.0188	0.04581	0.04709	0.03756	0.04551	0.03826	0.032	0.0	0.04931	0.03576	0.01057	0.03891	0.02613	0.0	0.02167	0.04169	0.03887	0.06907	0.05433	0.02699	0.02153	0.04729	0.04881	0.02711	0.05909	0.01354	0.03802	0.11969	0.03112	0.03564	0.09076	0.0	0.02808	0.04837	0.06254	0.05198	0.05411	0.08626	0.07393	0.05414	0.03712	0.15233	0.0215	0.03314	0.0	0.03328	0.01981	0.05126	0.03028	0.0	0.0	0.0	0.08115	0.02752	0.0357	0.03443	0.03666	0.03275	0.04173	0.02272	0.02683	0.06907	0.0	0.10108	0.05431	0.06524	0.07239	0.05199	0.05386	0.0	0.01583	0.20505	0.0396	0.04179	0.02377	0.02707	0.09726	0.03605	0.13873	0.01737	
0.03818	0.04843	0.02234	0.02148	0.01045	0.00429	0.01471	0.019	0.0	0.05593	0.0188	0.0	0.01038	0.03875	0.02823	0.04627	0.0124	0.02482	0.0	0.01918	0.00882	0.02574	0.01469	0.01455	0.0	0.00827	0.03922	0.04123	0.06983	0.02033	0.01299	0.03716	0.06216	0.02672	0.04889	0.04413	0.02472	0.01084	0.0319	0.03587	0.01633	0.03545	0.0	0.02381	0.03808	0.01896	0.03183	0.02443	0.01466	0.04016	0.02826	0.01012	0.01472	0.05865	0.05045	0.0	0.04137	0.04482	0.00635	0.02422	0.0	0.0	0.0	0.02236	0.02985	0.04051	0.02502	0.02105	0.01768	0.02129	0.01348	0.02306	0.06715	0.0	0.03691	0.03081	0.04984	0.02741	0.01178	0.01457	0.0	0.08774	0.01742	0.02214	0.01714	0.02935	0.01595	0.02742	0.02324	0.04558	0.03202	
0.00533	0.02623	0.00588	0.08305	0.02637	0.02126	0.05101	0.01238	0.0	0.05735	0.04581	0.01038	0.0	0.09523	0.00634	0.03382	0.02087	0.03033	0.0	0.06034	0.02884	0.01885	0.05938	0.03995	0.0	0.00831	0.02628	0.04522	0.02792	0.0278	0.03357	0.03804	0.04266	0.03104	0.01468	0.08428	0.0214	0.03873	0.04489	0.01553	0.01067	0.02561	0.0	0.01697	0.04378	0.0319	0.01723	0.04792	0.02721	0.02074	0.04295	0.01513	0.05734	0.03525	0.0614	0.0	0.02271	0.03888	0.02525	0.09126	0.0	0.0	0.0	0.02366	0.02678	0.04873	0.02924	0.01983	0.0365	0.04579	0.05807	0.02991	0.01984	0.0	0.04403	0.0558	0.02176	0.07125	0.08134	0.04724	0.0	0.03805	0.02023	0.02864	0.05839	0.02334	0.00965	0.02397	0.01253	0.0302	0.04133	
0.01302	0.03503	0.02879	0.05751	0.05953	0.01924	0.04534	0.13153	0.0	0.12443	0.04709	0.03875	0.09523	0.0	0.03253	0.11567	0.02464	0.0285	0.0	0.078	0.02899	0.0273	0.1186	0.08322	0.0	0.04162	0.07226	0.04256	0.10982	0.07648	0.07311	0.06477	0.06181	0.05611	0.06975	0.10621	0.06526	0.04284	0.14052	0.03874	0.01929	0.03701	0.0	0.05262	0.06323	0.01798	0.07713	0.03306	0.08236	0.04915	0.10282	0.12909	0.09981	0.08216	0.0674	0.0	0.06217	0.11903	0.07184	0.026	0.0	0.0	0.0	0.03351	0.13744	0.05076	0.07335	0.04233	0.07907	0.06435	0.07361	0.05981	0.09202	0.0	0.07218	0.01919	0.11899	0.02976	0.28129	0.06156	0.0	0.07032	0.1082	0.06444	0.10126	0.05131	0.05457	0.06223	0.04461	0.03383	0.01156	
0.01365	0.02634	0.05304	0.01725	0.02033	0.06416	0.02119	0.05013	0.0	0.0663	0.03756	0.02823	0.00634	0.03253	0.0	0.09078	0.01027	0.01081	0.0	0.02375	0.03406	0.02291	0.02943	0.01703	0.0	0.00345	0.03814	0.02366	0.09805	0.0425	0.11032	0.02463	0.02465	0.05138	0.07092	0.04051	0.02992	0.03635	0.03063	0.02765	0.05489	0.02939	0.0	0.02855	0.01982	0.05418	0.03422	0.02572	0.02295	0.02925	0.0387	0.01973	0.03786	0.02403	0.06522	0.0	0.0304	0.06959	0.06429	0.02427	0.0	0.0	0.0	0.04706	0.05203	0.0228	0.04352	0.04212	0.05838	0.05224	0.03676	0.01756	0.0199	0.0	0.02782	0.01349	0.07191	0.21312	0.02934	0.02084	0.0	0.01797	0.02933	0.03237	0.04584	0.00981	0.01317	0.04454	0.01388	0.05656	0.01694	
0.02475	0.03419	0.05902	0.02401	0.05822	0.09241	0.02688	0.06412	0.0	0.05826	0.04551	0.04627	0.03382	0.11567	0.09078	0.0	0.01926	0.08765	0.0	0.08085	0.02184	0.01458	0.05997	0.08962	0.0	0.03469	0.14535	0.03095	0.10041	0.08875	0.03509	0.03765	0.0703	0.06329	0.06428	0.1644	0.01986	0.01972	0.02641	0.02644	0.05668	0.0532	0.0	0.03255	0.01939	0.02435	0.0373	0.0297	0.02423	0.06366	0.06991	0.03696	0.14341	0.06501	0.03339	0.0	0.06211	0.08062	0.03759	0.06447	0.0	0.0	0.0	0.04698	0.13291	0.0237	0.11513	0.04272	0.08953	0.11566	0.06136	0.04459	0.20509	0.0	0.06298	0.05314	0.47231	0.0952	0.12702	0.03327	0.0	0.02332	0.01802	0.05115	0.06651	0.05306	0.02868	0.04173	0.02268	0.03049	0.01322	
0.10247	0.00652	0.04123	0.01309	0.0006	0.00521	0.01944	0.00258	0.0	0.10044	0.03826	0.0124	0.02087	0.02464	0.01027	0.01926	0.0	0.04215	0.0	0.01654	0.01834	0.00617	0.02586	0.01314	0.0	0.02032	0.00504	0.00865	0.00908	0.01714	0.03249	0.0059	0.02975	0.02198	0.01391	0.0329	0.0217	0.01229	0.01286	0.00427	0.00785	0.02223	0.0	0.01626	0.00674	0.0234	0.0227	0.02844	0.00633	0.03406	0.02118	0.01007	0.03067	0.02222	0.02755	0.0	0.00796	0.05194	0.01955	0.0201	0.0	0.0	0.0	0.02631	0.00254	0.02186	0.00383	0.02688	0.00499	0.02036	0.01348	0.02509	0.00342	0.0	0.05402	0.16301	0.01764	0.0175	0.03236	0.01278	0.0	0.02954	0.01476	0.01229	0.02226	0.00809	0.02194	0.03535	0.01844	0.01825	0.01204	
0.11637	0.03478	0.01228	0.04061	0.02536	0.04178	0.02351	0.00571	0.0	0.0492	0.032	0.02482	0.03033	0.0285	0.01081	0.08765	0.04215	0.0	0.0	0.01418	0.04105	0.01783	0.05753	0.01671	0.0	0.0074	0.04722	0.06861	0.03407	0.02307	0.02191	0.0127	0.02446	0.03236	0.02291	0.11648	0.04467	0.02558	0.04255	0.02952	0.01386	0.01798	0.0	0.02107	0.00844	0.01079	0.02751	0.01316	0.03031	0.05222	0.03094	0.01129	0.01811	0.05563	0.02291	0.0	0.02183	0.04709	0.04286	0.05278	0.0	0.0	0.0	0.0153	0.01605	0.01845	0.03337	0.0088	0.0228	0.01688	0.0266	0.03237	0.023	0.0	0.07424	0.0542	0.02389	0.04375	0.03349	0.02533	0.0	0.05082	0.02331	0.01981	0.02445	0.0112	0.01992	0.02012	0.01671	0.02375	0.01032	
0.0	0.0	0.0	0.0	0.0	0.0	0.0	0.0	0.0	0.0	0.0	0.0	0.0	0.0	0.0	0.0	0.0	0.0	0.0	0.0	0.0	0.0	0.0	0.0	0.0	0.0	0.0	0.0	0.0	0.0	0.0	0.0	0.0	0.0	0.0	0.0	0.0	0.0	0.0	0.0	0.0	0.0	0.0	0.0	0.0	0.0	0.0	0.0	0.0	0.0	0.0	0.0	0.0	0.0	0.0	0.0	0.0	0.0	0.0	0.0	0.0	0.0	0.0	0.0	0.0	0.0	0.0	0.0	0.0	0.0	0.0	0.0	0.0	0.0	0.0	0.0	0.0	0.0	0.0	0.0	0.0	0.0	0.0	0.0	0.0	0.0	0.0	0.0	0.0	0.0	0.0	
0.01525	0.01836	0.01017	0.03058	0.07669	0.02604	0.01721	0.05449	0.0	0.09697	0.04931	0.01918	0.06034	0.078	0.02375	0.08085	0.01654	0.01418	0.0	0.0	0.02855	0.05793	0.05636	0.13118	0.0	0.01201	0.07536	0.02495	0.11902	0.05266	0.02542	0.10391	0.05504	0.04962	0.05193	0.06109	0.0486	0.08452	0.03202	0.04357	0.0503	0.04214	0.0	0.03671	0.0365	0.03306	0.01761	0.02819	0.03055	0.03021	0.07651	0.02978	0.12374	0.03514	0.06474	0.0	0.01772	0.05313	0.02986	0.0257	0.0	0.0	0.0	0.03965	0.09593	0.02797	0.14037	0.03045	0.09518	0.07726	0.09144	0.02876	0.13799	0.0	0.04289	0.02254	0.11568	0.0394	0.04642	0.03906	0.0	0.03008	0.03211	0.02902	0.08207	0.05341	0.01233	0.03399	0.03516	0.02089	0.01381	
0.00916	0.04954	0.02791	0.02725	0.03021	0.0127	0.02444	0.0377	0.0	0.05598	0.03576	0.00882	0.02884	0.02899	0.03406	0.02184	0.01834	0.04105	0.0	0.02855	0.0	0.04011	0.05187	0.02634	0.0	0.03507	0.02825	0.04069	0.04692	0.01691	0.04222	0.01824	0.10144	0.05559	0.05549	0.04873	0.02087	0.02099	0.02666	0.01945	0.01593	0.02821	0.0	0.03163	0.07018	0.02626	0.02812	0.04172	0.01492	0.07757	0.03302	0.02248	0.04133	0.05644	0.04516	0.0	0.087	0.08782	0.03959	0.07012	0.0	0.0	0.0	0.03056	0.01832	0.0458	0.04477	0.02359	0.08451	0.03851	0.03	0.1071	0.0312	0.0	0.03176	0.01517	0.01824	0.05567	0.028	0.04047	0.0	0.03527	0.03229	0.07803	0.06112	0.01034	0.01602	0.03054	0.02623	0.03361	0.00745	
0.02668	0.03377	0.03076	0.03592	0.0045	0.04718	0.01972	0.00982	0.0	0.08835	0.01057	0.02574	0.01885	0.0273	0.02291	0.01458	0.00617	0.01783	0.0	0.05793	0.04011	0.0	0.04172	0.00118	0.0	0.00696	0.08795	0.08093	0.02972	0.03001	0.01841	0.03993	0.04415	0.06158	0.04592	0.03381	0.02778	0.02209	0.02884	0.01652	0.02007	0.01263	0.0	0.03179	0.0347	0.06567	0.03219	0.03276	0.04936	0.03759	0.01431	0.007	0.02067	0.0841	0.07	0.0	0.04996	0.13651	0.06162	0.04723	0.0	0.0	0.0	0.05253	0.01388	0.07542	0.10184	0.03688	0.01672	0.05558	0.03167	0.03089	0.01845	0.0	0.04592	0.01573	0.02032	0.08386	0.02937	0.05331	0.0	0.05238	0.00571	0.03819	0.10004	0.03716	0.02008	0.04521	0.03414	0.04597	0.01928	
0.00987	0.02047	0.0324	0.0422	0.01112	0.04893	0.02745	0.01406	0.0	0.08646	0.03891	0.01469	0.05938	0.1186	0.02943	0.05997	0.02586	0.05753	0.0	0.05636	0.05187	0.04172	0.0	0.01136	0.0	0.01967	0.03842	0.03372	0.05326	0.03902	0.04717	0.03243	0.02895	0.02362	0.05354	0.13253	0.03444	0.00958	0.0643	0.05353	0.02712	0.03288	0.0	0.03394	0.03327	0.04468	0.05812	0.01439	0.1206	0.05359	0.03552	0.08625	0.02379	0.10302	0.05872	0.0	0.05014	0.09102	0.03331	0.05907	0.0	0.0	0.0	0.02257	0.01992	0.01646	0.04232	0.01717	0.02117	0.08245	0.0439	0.05157	0.03914	0.0	0.0298	0.04239	0.03616	0.06784	0.02267	0.05277	0.0	0.08943	0.06046	0.03826	0.10127	0.03456	0.00999	0.02864	0.02623	0.02812	0.01888	
0.00186	0.01031	0.00436	0.02082	0.11398	0.00443	0.0137	0.09393	0.0	0.03791	0.02613	0.01455	0.03995	0.08322	0.01703	0.08962	0.01314	0.01671	0.0	0.13118	0.02634	0.00118	0.01136	0.0	0.0	0.00818	0.04722	0.01193	0.06862	0.04386	0.01661	0.02998	0.02012	0.01759	0.01168	0.0159	0.03863	0.02192	0.01206	0.05844	0.01092	0.04368	0.0	0.00761	0.00505	0.01865	0.00403	0.01146	0.01219	0.02375	0.03558	0.03143	0.15553	0.01133	0.01429	0.0	0.02278	0.05784	0.02138	0.01178	0.0	0.0	0.0	0.01115	0.13551	0.01931	0.04347	0.00171	0.14351	0.05152	0.05064	0.05383	0.07712	0.0	0.02971	0.03683	0.08862	0.03612	0.07092	0.02849	0.0	0.01404	0.01494	0.02597	0.02061	0.00633	0.00208	0.01376	0.01383	0.01058	0.01027	
0.0	0.0	0.0	0.0	0.0	0.0	0.0	0.0	0.0	0.0	0.0	0.0	0.0	0.0	0.0	0.0	0.0	0.0	0.0	0.0	0.0	0.0	0.0	0.0	0.0	0.0	0.0	0.0	0.0	0.0	0.0	0.0	0.0	0.0	0.0	0.0	0.0	0.0	0.0	0.0	0.0	0.0	0.0	0.0	0.0	0.0	0.0	0.0	0.0	0.0	0.0	0.0	0.0	0.0	0.0	0.0	0.0	0.0	0.0	0.0	0.0	0.0	0.0	0.0	0.0	0.0	0.0	0.0	0.0	0.0	0.0	0.0	0.0	0.0	0.0	0.0	0.0	0.0	0.0	0.0	0.0	0.0	0.0	0.0	0.0	0.0	0.0	0.0	0.0	0.0	0.0	
0.03429	0.01391	0.00209	0.03014	0.00119	0.03014	0.035	0.01914	0.0	0.04153	0.02167	0.00827	0.00831	0.04162	0.00345	0.03469	0.02032	0.0074	0.0	0.01201	0.03507	0.00696	0.01967	0.00818	0.0	0.0	0.05198	0.01731	0.01605	0.02119	0.03441	0.04097	0.01463	0.01193	0.01604	0.02308	0.02526	0.02045	0.02364	0.00347	0.01014	0.011	0.0	0.01995	0.03375	0.01232	0.01023	0.01066	0.02182	0.02271	0.01618	0.02205	0.01602	0.02151	0.03327	0.0	0.04341	0.05896	0.00368	0.0123	0.0	0.0	0.0	0.0056	0.0296	0.0066	0.03226	0.04055	0.00878	0.01334	0.00674	0.00949	0.02482	0.0	0.04599	0.00472	0.04479	0.02391	0.00986	0.04143	0.0	0.04434	0.02083	0.01641	0.02314	0.00906	0.0107	0.01987	0.00489	0.00664	0.00058	
0.03492	0.10345	0.05675	0.03811	0.02714	0.02754	0.02829	0.04481	0.0	0.11743	0.04169	0.03922	0.02628	0.07226	0.03814	0.14535	0.00504	0.04722	0.0	0.07536	0.02825	0.08795	0.03842	0.04722	0.0	0.05198	0.0	0.02715	0.12282	0.10274	0.04657	0.03174	0.063	0.04584	0.04318	0.04537	0.03595	0.03193	0.08501	0.02688	0.02254	0.04016	0.0	0.03577	0.03087	0.05085	0.01964	0.03868	0.03164	0.04904	0.04104	0.05926	0.06579	0.0538	0.04213	0.0	0.06725	0.14951	0.06069	0.03426	0.0	0.0	0.0	0.04912	0.09711	0.02935	0.29349	0.02852	0.06044	0.16646	0.04898	0.09581	0.13469	0.0	0.16797	0.0271	0.13553	0.08558	0.03693	0.0723	0.0	0.04863	0.06539	0.04842	0.20246	0.062	0.02168	0.07496	0.00629	0.09458	0.04865	
0.01467	0.02775	0.02634	0.02312	0.01794	0.04297	0.05631	0.01511	0.0	0.05331	0.03887	0.04123	0.04522	0.04256	0.02366	0.03095	0.00865	0.06861	0.0	0.02495	0.04069	0.08093	0.03372	0.01193	0.0	0.01731	0.02715	0.0	0.0261	0.04859	0.02152	0.05405	0.06594	0.05686	0.07658	0.09936	0.04904	0.06731	0.07433	0.03611	0.03778	0.03366	0.0	0.06779	0.05293	0.10717	0.03998	0.03207	0.06207	0.0326	0.03549	0.03213	0.02679	0.06084	0.02305	0.0	0.04426	0.07564	0.04685	0.055	0.0	0.0	0.0	0.08496	0.02124	0.26906	0.03621	0.00466	0.0177	0.04249	0.04245	0.05337	0.02107	0.0	0.02355	0.02499	0.03745	0.05144	0.05056	0.02576	0.0	0.07803	0.02192	0.04011	0.05109	0.02795	0.02185	0.03161	0.01998	0.01755	0.01208	
0.0101	0.1296	0.0407	0.01529	0.0377	0.01246	0.047	0.07242	0.0	0.08799	0.06907	0.06983	0.02792	0.10982	0.09805	0.10041	0.00908	0.03407	0.0	0.11902	0.04692	0.02972	0.05326	0.06862	0.0	0.01605	0.12282	0.0261	0.0	0.06837	0.04597	0.06878	0.05296	0.05037	0.07737	0.05614	0.06601	0.03304	0.04707	0.02667	0.04402	0.04456	0.0	0.03343	0.02236	0.03483	0.04928	0.07546	0.02722	0.06483	0.07869	0.08086	0.08357	0.05616	0.05377	0.0	0.03671	0.13522	0.06467	0.04545	0.0	0.0	0.0	0.0317	0.08472	0.02446	0.1325	0.03676	0.07781	0.09947	0.08354	0.05888	0.04927	0.0	0.13987	0.04183	0.08739	0.07845	0.08087	0.06616	0.0	0.04492	0.12047	0.03503	0.079	0.07006	0.02213	0.15075	0.01736	0.14154	0.018	
0.01589	0.01489	0.04068	0.02323	0.01791	0.0279	0.02718	0.02051	0.0	0.098	0.05433	0.02033	0.0278	0.07648	0.0425	0.08875	0.01714	0.02307	0.0	0.05266	0.01691	0.03001	0.03902	0.04386	0.0	0.02119	0.10274	0.04859	0.06837	0.0	0.06082	0.05742	0.04366	0.10842	0.06003	0.05248	0.07616	0.0203	0.06705	0.04246	0.02595	0.04299	0.0	0.03702	0.0283	0.04897	0.02588	0.02623	0.04371	0.04236	0.05918	0.03205	0.07945	0.06934	0.03994	0.0	0.08888	0.06876	0.04734	0.04071	0.0	0.0	0.0	0.03206	0.07257	0.05896	0.08077	0.03692	0.06225	0.06035	0.11504	0.07917	0.09224	0.0	0.03451	0.02661	0.10802	0.08339	0.06382	0.03112	0.0	0.04244	0.03432	0.03882	0.05328	0.02545	0.02173	0.06213	0.02286	0.02822	0.0218	
0.0138	0.01687	0.01985	0.02424	0.0206	0.05308	0.02081	0.00661	0.0	0.05614	0.02699	0.01299	0.03357	0.07311	0.11032	0.03509	0.03249	0.02191	0.0	0.02542	0.04222	0.01841	0.04717	0.01661	0.0	0.03441	0.04657	0.02152	0.04597	0.06082	0.0	0.03775	0.04184	0.02106	0.01666	0.05429	0.02157	0.02318	0.01511	0.04104	0.03935	0.02897	0.0	0.06803	0.02483	0.12214	0.0338	0.03202	0.03063	0.02037	0.00932	0.04325	0.02875	0.07788	0.02492	0.0	0.04016	0.05047	0.04419	0.03556	0.0	0.0	0.0	0.02117	0.06049	0.02491	0.05373	0.04682	0.0204	0.04913	0.03225	0.0503	0.01081	0.0	0.04015	0.0334	0.0383	0.05269	0.05997	0.01903	0.0	0.03744	0.02892	0.05219	0.05401	0.04282	0.02778	0.02638	0.06082	0.01581	0.01177	
0.01714	0.04651	0.00948	0.03593	0.0278	0.02759	0.041	0.05006	0.0	0.03828	0.02153	0.03716	0.03804	0.06477	0.02463	0.03765	0.0059	0.0127	0.0	0.10391	0.01824	0.03993	0.03243	0.02998	0.0	0.04097	0.03174	0.05405	0.06878	0.05742	0.03775	0.0	0.06978	0.05498	0.05142	0.01993	0.02749	0.05972	0.0379	0.02767	0.039	0.05905	0.0	0.03274	0.04175	0.05648	0.0649	0.04016	0.06091	0.02388	0.03812	0.03255	0.05028	0.0514	0.02631	0.0	0.07223	0.036	0.04382	0.03447	0.0	0.0	0.0	0.04242	0.03541	0.08183	0.04958	0.01986	0.03024	0.04092	0.09277	0.03986	0.02393	0.0	0.02481	0.01649	0.03028	0.06039	0.05912	0.02848	0.0	0.03475	0.03179	0.02625	0.04128	0.03569	0.01212	0.02594	0.01631	0.04383	0.02147	
0.01776	0.03607	0.03136	0.06316	0.01516	0.02704	0.02224	0.04207	0.0	0.10604	0.04729	0.06216	0.04266	0.06181	0.02465	0.0703	0.02975	0.02446	0.0	0.05504	0.10144	0.04415	0.02895	0.02012	0.0	0.01463	0.063	0.06594	0.05296	0.04366	0.04184	0.06978	0.0	0.05109	0.03079	0.02653	0.01834	0.03727	0.03316	0.05085	0.00898	0.03543	0.0	0.0495	0.05953	0.03727	0.03877	0.03882	0.04115	0.01993	0.01414	0.0538	0.05564	0.0643	0.08577	0.0	0.04249	0.02152	0.0378	0.0521	0.0	0.0	0.0	0.07022	0.05048	0.07901	0.09311	0.05923	0.01904	0.05843	0.02529	0.08015	0.03538	0.0	0.06886	0.03258	0.04995	0.11148	0.03669	0.03988	0.0	0.03779	0.03643	0.02711	0.07105	0.03575	0.02737	0.04347	0.03263	0.02873	0.00225	
0.04263	0.01845	0.01614	0.02067	0.01133	0.07364	0.07075	0.01902	0.0	0.03755	0.04881	0.02672	0.03104	0.05611	0.05138	0.06329	0.02198	0.03236	0.0	0.04962	0.05559	0.06158	0.02362	0.01759	0.0	0.01193	0.04584	0.05686	0.05037	0.10842	0.02106	0.05498	0.05109	0.0	0.06092	0.03111	0.02215	0.029	0.077	0.03432	0.01643	0.02816	0.0	0.03001	0.01668	0.0432	0.04475	0.05089	0.04648	0.05158	0.07878	0.06139	0.06457	0.0395	0.03714	0.0	0.1127	0.03308	0.02842	0.04798	0.0	0.0	0.0	0.04727	0.04008	0.10803	0.0591	0.00972	0.02427	0.05341	0.09002	0.0739	0.03907	0.0	0.02652	0.02089	0.06216	0.08621	0.03958	0.03136	0.0	0.03066	0.03389	0.01677	0.04969	0.02348	0.02163	0.0287	0.02082	0.03931	0.00653	
0.01299	0.03407	0.06875	0.01625	0.00676	0.03046	0.03027	0.05967	0.0	0.04363	0.02711	0.04889	0.01468	0.06975	0.07092	0.06428	0.01391	0.02291	0.0	0.05193	0.05549	0.04592	0.05354	0.01168	0.0	0.01604	0.04318	0.07658	0.07737	0.06003	0.01666	0.05142	0.03079	0.06092	0.0	0.07876	0.06787	0.06135	0.04239	0.02419	0.05279	0.0559	0.0	0.02037	0.01785	0.01777	0.04165	0.03231	0.07851	0.02391	0.05972	0.0801	0.02842	0.02856	0.02689	0.0	0.01715	0.06805	0.0397	0.02659	0.0	0.0	0.0	0.03178	0.06463	0.06704	0.04931	0.04393	0.09312	0.03694	0.04244	0.05482	0.06059	0.0	0.03583	0.03551	0.06444	0.04168	0.04572	0.02978	0.0	0.01827	0.03516	0.02541	0.0187	0.03251	0.00886	0.06024	0.01206	0.02891	0.01187	
0.00923	0.02157	0.01063	0.03952	0.01457	0.03397	0.04576	0.01372	0.0	0.07313	0.05909	0.04413	0.08428	0.10621	0.04051	0.1644	0.0329	0.11648	0.0	0.06109	0.04873	0.03381	0.13253	0.0159	0.0	0.02308	0.04537	0.09936	0.05614	0.05248	0.05429	0.01993	0.02653	0.03111	0.07876	0.0	0.04664	0.04431	0.0328	0.01744	0.04621	0.05207	0.0	0.05002	0.05694	0.06918	0.03728	0.0379	0.05153	0.03216	0.02939	0.03492	0.02046	0.20936	0.01557	0.0	0.05741	0.12758	0.02605	0.10233	0.0	0.0	0.0	0.01844	0.0196	0.01546	0.04427	0.0154	0.01532	0.04192	0.03117	0.05896	0.04054	0.0	0.02191	0.07864	0.05629	0.0908	0.06275	0.02234	0.0	0.11547	0.05047	0.01905	0.03721	0.0203	0.01875	0.04917	0.01089	0.01579	0.02136	
0.03238	0.06079	0.01235	0.02274	0.02648	0.01634	0.01956	0.02947	0.0	0.06629	0.01354	0.02472	0.0214	0.06526	0.02992	0.01986	0.0217	0.04467	0.0	0.0486	0.02087	0.02778	0.03444	0.03863	0.0	0.02526	0.03595	0.04904	0.06601	0.07616	0.02157	0.02749	0.01834	0.02215	0.06787	0.04664	0.0	0.01057	0.04176	0.05051	0.01521	0.01965	0.0	0.03285	0.01837	0.04512	0.03088	0.02272	0.04663	0.0383	0.05765	0.06528	0.0479	0.00886	0.01627	0.0	0.00706	0.03062	0.03283	0.00825	0.0	0.0	0.0	0.11074	0.05567	0.0396	0.04074	0.01328	0.05727	0.02208	0.01928	0.05747	0.02646	0.0	0.02294	0.02754	0.01689	0.0423	0.04459	0.04195	0.0	0.08042	0.017	0.00857	0.02958	0.03	0.02728	0.04718	0.01105	0.07377	0.00329	
0.02008	0.01782	0.02997	0.02522	0.03576	0.0425	0.01869	0.01949	0.0	0.04103	0.03802	0.01084	0.03873	0.04284	0.03635	0.01972	0.01229	0.02558	0.0	0.08452	0.02099	0.02209	0.00958	0.02192	0.0	0.02045	0.03193	0.06731	0.03304	0.0203	0.02318	0.05972	0.03727	0.029	0.06135	0.04431	0.01057	0.0	0.04504	0.0305	0.03315	0.01945	0.0	0.05283	0.08076	0.02412	0.0179	0.02458	0.0319	0.02534	0.01745	0.0375	0.07403	0.02508	0.04641	0.0	0.04206	0.02715	0.02461	0.03063	0.0	0.0	0.0	0.04226	0.04138	0.05934	0.03993	0.0078	0.02781	0.01781	0.03915	0.02712	0.02992	0.0	0.02412	0.02441	0.02316	0.02674	0.02422	0.04288	0.0	0.03837	0.00635	0.01132	0.02513	0.03099	0.01278	0.04824	0.02561	0.01097	0.00598	
0.01855	0.01498	0.03243	0.02625	0.01327	0.01896	0.02159	0.04248	0.0	0.14962	0.11969	0.0319	0.04489	0.14052	0.03063	0.02641	0.01286	0.04255	0.0	0.03202	0.02666	0.02884	0.0643	0.01206	0.0	0.02364	0.08501	0.07433	0.04707	0.06705	0.01511	0.0379	0.03316	0.077	0.04239	0.0328	0.04176	0.04504	0.0	0.02462	0.01859	0.03099	0.0	0.01553	0.02303	0.01929	0.06322	0.04842	0.11063	0.05947	0.06366	0.12706	0.04944	0.0325	0.07403	0.0	0.04239	0.06656	0.05547	0.02563	0.0	0.0	0.0	0.04317	0.01849	0.03433	0.10397	0.01164	0.01704	0.1165	0.06819	0.06155	0.02411	0.0	0.09442	0.01505	0.03625	0.05002	0.04694	0.07871	0.0	0.05097	0.13336	0.07976	0.08893	0.01798	0.02581	0.0316	0.05671	0.01159	0.04115	
0.01691	0.01046	0.00949	0.02627	0.01994	0.02248	0.0533	0.03113	0.0	0.05061	0.03112	0.03587	0.01553	0.03874	0.02765	0.02644	0.00427	0.02952	0.0	0.04357	0.01945	0.01652	0.05353	0.05844	0.0	0.00347	0.02688	0.03611	0.02667	0.04246	0.04104	0.02767	0.05085	0.03432	0.02419	0.01744	0.05051	0.0305	0.02462	0.0	0.03165	0.05389	0.0	0.06902	0.06467	0.0646	0.02803	0.02587	0.01717	0.02687	0.04878	0.05573	0.05498	0.10134	0.10309	0.0	0.05769	0.04477	0.03386	0.03915	0.0	0.0	0.0	0.04836	0.03499	0.04625	0.0454	0.02297	0.07689	0.03055	0.04613	0.038	0.02116	0.0	0.03011	0.04323	0.02732	0.04994	0.04687	0.02023	0.0	0.01999	0.01495	0.04378	0.04186	0.04647	0.02863	0.02171	0.03448	0.01977	0.01708	
0.02598	0.01291	0.00725	0.04677	0.00269	0.01582	0.01645	0.03619	0.0	0.04571	0.03564	0.01633	0.01067	0.01929	0.05489	0.05668	0.00785	0.01386	0.0	0.0503	0.01593	0.02007	0.02712	0.01092	0.0	0.01014	0.02254	0.03778	0.04402	0.02595	0.03935	0.039	0.00898	0.01643	0.05279	0.04621	0.01521	0.03315	0.01859	0.03165	0.0	0.08503	0.0	0.01488	0.04161	0.01671	0.01536	0.01294	0.02805	0.01937	0.01899	0.01232	0.02448	0.02864	0.06043	0.0	0.02662	0.05622	0.02536	0.01614	0.0	0.0	0.0	0.01551	0.0455	0.05199	0.02195	0.01165	0.02473	0.05147	0.02123	0.02271	0.02828	0.0	0.03485	0.01691	0.05747	0.09155	0.02462	0.05893	0.0	0.04056	0.01462	0.02826	0.04643	0.05558	0.03148	0.02874	0.01869	0.02192	0.01504	
0.00476	0.03406	0.02779	0.03612	0.03133	0.01184	0.03095	0.04032	0.0	0.02095	0.09076	0.03545	0.02561	0.03701	0.02939	0.0532	0.02223	0.01798	0.0	0.04214	0.02821	0.01263	0.03288	0.04368	0.0	0.011	0.04016	0.03366	0.04456	0.04299	0.02897	0.05905	0.03543	0.02816	0.0559	0.05207	0.01965	0.01945	0.03099	0.05389	0.08503	0.0	0.0	0.02284	0.07605	0.04459	0.05458	0.03071	0.03039	0.02486	0.02027	0.0238	0.05721	0.03565	0.03096	0.0	0.01166	0.06677	0.02859	0.04493	0.0	0.0	0.0	0.03878	0.04656	0.02894	0.06656	0.02066	0.0889	0.07199	0.04098	0.01146	0.06879	0.0	0.03215	0.03768	0.05219	0.03735	0.03331	0.02678	0.0	0.02111	0.0223	0.03487	0.02095	0.01843	0.0199	0.0437	0.02584	0.04464	0.01621	
0.0	0.0	0.0	0.0	0.0	0.0	0.0	0.0	0.0	0.0	0.0	0.0	0.0	0.0	0.0	0.0	0.0	0.0	0.0	0.0	0.0	0.0	0.0	0.0	0.0	0.0	0.0	0.0	0.0	0.0	0.0	0.0	0.0	0.0	0.0	0.0	0.0	0.0	0.0	0.0	0.0	0.0	0.0	0.0	0.0	0.0	0.0	0.0	0.0	0.0	0.0	0.0	0.0	0.0	0.0	0.0	0.0	0.0	0.0	0.0	0.0	0.0	0.0	0.0	0.0	0.0	0.0	0.0	0.0	0.0	0.0	0.0	0.0	0.0	0.0	0.0	0.0	0.0	0.0	0.0	0.0	0.0	0.0	0.0	0.0	0.0	0.0	0.0	0.0	0.0	0.0	
0.01395	0.01333	0.02688	0.03529	0.01697	0.0343	0.04363	0.0047	0.0	0.14301	0.02808	0.02381	0.01697	0.05262	0.02855	0.03255	0.01626	0.02107	0.0	0.03671	0.03163	0.03179	0.03394	0.00761	0.0	0.01995	0.03577	0.06779	0.03343	0.03702	0.06803	0.03274	0.0495	0.03001	0.02037	0.05002	0.03285	0.05283	0.01553	0.06902	0.01488	0.02284	0.0	0.0	0.03292	0.12468	0.02603	0.02015	0.02919	0.01765	0.01965	0.013	0.02548	0.09336	0.05374	0.0	0.02754	0.02486	0.02144	0.04399	0.0	0.0	0.0	0.03066	0.01142	0.05994	0.0212	0.03698	0.00787	0.04165	0.03521	0.03105	0.04033	0.0	0.02582	0.02352	0.04982	0.08859	0.03449	0.0386	0.0	0.05484	0.02509	0.06294	0.02861	0.05795	0.04756	0.04293	0.03341	0.04689	0.02937	
0.01522	0.04089	0.01301	0.05468	0.03228	0.03835	0.02807	0.04585	0.0	0.02812	0.04837	0.03808	0.04378	0.06323	0.01982	0.01939	0.00674	0.00844	0.0	0.0365	0.07018	0.0347	0.03327	0.00505	0.0	0.03375	0.03087	0.05293	0.02236	0.0283	0.02483	0.04175	0.05953	0.01668	0.01785	0.05694	0.01837	0.08076	0.02303	0.06467	0.04161	0.07605	0.0	0.03292	0.0	0.03947	0.03432	0.04404	0.03531	0.03549	0.03262	0.01613	0.06037	0.03964	0.03258	0.0	0.0445	0.02817	0.04584	0.12266	0.0	0.0	0.0	0.03286	0.02418	0.04221	0.03251	0.0117	0.06143	0.03279	0.03956	0.02807	0.03589	0.0	0.01599	0.06032	0.01994	0.04175	0.05816	0.03569	0.0	0.02946	0.01187	0.06754	0.02881	0.01731	0.02524	0.04342	0.01001	0.03694	0.01459	
0.01488	0.04158	0.01948	0.01311	0.0282	0.06305	0.09082	0.01876	0.0	0.14115	0.06254	0.01896	0.0319	0.01798	0.05418	0.02435	0.0234	0.01079	0.0	0.03306	0.02626	0.06567	0.04468	0.01865	0.0	0.01232	0.05085	0.10717	0.03483	0.04897	0.12214	0.05648	0.03727	0.0432	0.01777	0.06918	0.04512	0.02412	0.01929	0.0646	0.01671	0.04459	0.0	0.12468	0.03947	0.0	0.03045	0.08259	0.06046	0.03074	0.04023	0.01896	0.01954	0.02922	0.02441	0.0	0.02753	0.05197	0.04018	0.04311	0.0	0.0	0.0	0.06123	0.02725	0.07222	0.04465	0.02606	0.01174	0.05112	0.04941	0.01968	0.01718	0.0	0.03351	0.00897	0.07706	0.12578	0.02455	0.03091	0.0	0.02991	0.00934	0.04642	0.05825	0.07021	0.01838	0.02737	0.0182	0.03404	0.02277	
0.01973	0.05527	0.03058	0.01249	0.02252	0.01261	0.02797	0.00745	0.0	0.11461	0.05198	0.03183	0.01723	0.07713	0.03422	0.0373	0.0227	0.02751	0.0	0.01761	0.02812	0.03219	0.05812	0.00403	0.0	0.01023	0.01964	0.03998	0.04928	0.02588	0.0338	0.0649	0.03877	0.04475	0.04165	0.03728	0.03088	0.0179	0.06322	0.02803	0.01536	0.05458	0.0	0.02603	0.03432	0.03045	0.0	0.03794	0.1265	0.03311	0.08625	0.04217	0.03772	0.05767	0.07577	0.0	0.02158	0.06663	0.03553	0.03163	0.0	0.0	0.0	0.05549	0.03402	0.04603	0.02718	0.01448	0.01007	0.01082	0.01548	0.04634	0.0538	0.0	0.03857	0.029	0.03877	0.03615	0.03511	0.02719	0.0	0.03942	0.04724	0.03129	0.01099	0.04148	0.02077	0.02873	0.01882	0.02669	0.01596	
0.01786	0.0596	0.01989	0.05386	0.02945	0.00909	0.03825	0.0363	0.0	0.11013	0.05411	0.02443	0.04792	0.03306	0.02572	0.0297	0.02844	0.01316	0.0	0.02819	0.04172	0.03276	0.01439	0.01146	0.0	0.01066	0.03868	0.03207	0.07546	0.02623	0.03202	0.04016	0.03882	0.05089	0.03231	0.0379	0.02272	0.02458	0.04842	0.02587	0.01294	0.03071	0.0	0.02015	0.04404	0.08259	0.03794	0.0	0.0392	0.02046	0.03059	0.01204	0.03876	0.01862	0.01334	0.0	0.01879	0.06895	0.05782	0.02912	0.0	0.0	0.0	0.02746	0.02579	0.0325	0.0195	0.01157	0.01974	0.01532	0.03395	0.02899	0.02886	0.0	0.0281	0.01583	0.03259	0.09528	0.02689	0.05044	0.0	0.02276	0.04306	0.04662	0.08648	0.02116	0.00838	0.10004	0.02125	0.09011	0.00899	
0.00638	0.04051	0.02066	0.00882	0.02518	0.02534	0.0288	0.01272	0.0	0.11013	0.08626	0.01466	0.02721	0.08236	0.02295	0.02423	0.00633	0.03031	0.0	0.03055	0.01492	0.04936	0.1206	0.01219	0.0	0.02182	0.03164	0.06207	0.02722	0.04371	0.03063	0.06091	0.04115	0.04648	0.07851	0.05153	0.04663	0.0319	0.11063	0.01717	0.02805	0.03039	0.0	0.02919	0.03531	0.06046	0.1265	0.0392	0.0	0.05631	0.06054	0.04882	0.01795	0.03509	0.02801	0.0	0.05495	0.08579	0.03112	0.04371	0.0	0.0	0.0	0.03923	0.01758	0.03332	0.04347	0.03029	0.03028	0.02573	0.05525	0.03844	0.02517	0.0	0.05541	0.0104	0.02304	0.06358	0.02148	0.04139	0.0	0.04032	0.05358	0.0256	0.02969	0.03493	0.03414	0.03511	0.03084	0.0342	0.01794	
0.01785	0.08394	0.01576	0.0202	0.0758	0.0348	0.02941	0.01828	0.0	0.05773	0.07393	0.04016	0.02074	0.04915	0.02925	0.06366	0.03406	0.05222	0.0	0.03021	0.07757	0.03759	0.05359	0.02375	0.0	0.02271	0.04904	0.0326	0.06483	0.04236	0.02037	0.02388	0.01993	0.05158	0.02391	0.03216	0.0383	0.02534	0.05947	0.02687	0.01937	0.02486	0.0	0.01765	0.03549	0.03074	0.03311	0.02046	0.05631	0.0	0.05111	0.03739	0.05607	0.03132	0.02991	0.0	0.03359	0.03981	0.03551	0.03304	0.0	0.0	0.0	0.04212	0.02689	0.02906	0.0819	0.00288	0.0187	0.037	0.06397	0.03844	0.02713	0.0	0.06638	0.02496	0.04647	0.08449	0.03063	0.08558	0.0	0.02372	0.05585	0.02763	0.06545	0.02297	0.04257	0.05699	0.01582	0.10672	0.0138	
0.01367	0.03966	0.02641	0.04149	0.03914	0.02447	0.01748	0.0335	0.0	0.04347	0.05414	0.02826	0.04295	0.10282	0.0387	0.06991	0.02118	0.03094	0.0	0.07651	0.03302	0.01431	0.03552	0.03558	0.0	0.01618	0.04104	0.03549	0.07869	0.05918	0.00932	0.03812	0.01414	0.07878	0.05972	0.02939	0.05765	0.01745	0.06366	0.04878	0.01899	0.02027	0.0	0.01965	0.03262	0.04023	0.08625	0.03059	0.06054	0.05111	0.0	0.05396	0.06051	0.03251	0.02634	0.0	0.03824	0.03271	0.04199	0.02234	0.0	0.0	0.0	0.03862	0.08463	0.04657	0.06038	0.01653	0.0507	0.03657	0.0358	0.03546	0.05822	0.0	0.03614	0.00722	0.04408	0.05461	0.06106	0.03602	0.0	0.02578	0.04647	0.03986	0.03816	0.022	0.02642	0.03287	0.01865	0.03205	0.00839	
0.00809	0.02462	0.01553	0.02784	0.00919	0.00807	0.01212	0.0499	0.0	0.05136	0.03712	0.01012	0.01513	0.12909	0.01973	0.03696	0.01007	0.01129	0.0	0.02978	0.02248	0.007	0.08625	0.03143	0.0	0.02205	0.05926	0.03213	0.08086	0.03205	0.04325	0.03255	0.0538	0.06139	0.0801	0.03492	0.06528	0.0375	0.12706	0.05573	0.01232	0.0238	0.0	0.013	0.01613	0.01896	0.04217	0.01204	0.04882	0.03739	0.05396	0.0	0.06574	0.01858	0.06474	0.0	0.02568	0.04394	0.02388	0.06116	0.0	0.0	0.0	0.02243	0.05177	0.04833	0.09377	0.01393	0.05264	0.05332	0.04784	0.06485	0.03042	0.0	0.09923	0.01276	0.05598	0.04645	0.01987	0.03767	0.0	0.02763	0.07911	0.01949	0.05607	0.01983	0.01532	0.05762	0.01735	0.05232	0.00314	
0.04513	0.04058	0.04749	0.0482	0.16748	0.03424	0.0483	0.07169	0.0	0.13689	0.15233	0.01472	0.05734	0.09981	0.03786	0.14341	0.03067	0.01811	0.0	0.12374	0.04133	0.02067	0.02379	0.15553	0.0	0.01602	0.06579	0.02679	0.08357	0.07945	0.02875	0.05028	0.05564	0.06457	0.02842	0.02046	0.0479	0.07403	0.04944	0.05498	0.02448	0.05721	0.0	0.02548	0.06037	0.01954	0.03772	0.03876	0.01795	0.05607	0.06051	0.06574	0.0	0.02963	0.02949	0.0	0.01515	0.05721	0.064	0.03936	0.0	0.0	0.0	0.07208	0.12561	0.03024	0.07016	0.01304	0.13008	0.08095	0.06067	0.02389	0.10797	0.0	0.04453	0.00322	0.12478	0.06111	0.06542	0.03211	0.0	0.05508	0.04009	0.05627	0.03401	0.03264	0.05388	0.04053	0.02114	0.04481	0.02237	
0.02033	0.02106	0.01611	0.04194	0.00462	0.03324	0.05791	0.01256	0.0	0.11567	0.0215	0.05865	0.03525	0.08216	0.02403	0.06501	0.02222	0.05563	0.0	0.03514	0.05644	0.0841	0.10302	0.01133	0.0	0.02151	0.0538	0.06084	0.05616	0.06934	0.07788	0.0514	0.0643	0.0395	0.02856	0.20936	0.00886	0.02508	0.0325	0.10134	0.02864	0.03565	0.0	0.09336	0.03964	0.02922	0.05767	0.01862	0.03509	0.03132	0.03251	0.01858	0.02963	0.0	0.1054	0.0	0.24966	0.19592	0.02953	0.06532	0.0	0.0	0.0	0.03641	0.02922	0.04513	0.0491	0.01948	0.02344	0.04936	0.07867	0.05101	0.03062	0.0	0.0262	0.05951	0.03637	0.0867	0.06714	0.02925	0.0	0.05092	0.03959	0.02665	0.04786	0.05064	0.07499	0.05023	0.03116	0.01608	0.00826	
0.01169	0.02705	0.01886	0.02991	0.01565	0.02694	0.02678	0.02166	0.0	0.0774	0.03314	0.05045	0.0614	0.0674	0.06522	0.03339	0.02755	0.02291	0.0	0.06474	0.04516	0.07	0.05872	0.01429	0.0	0.03327	0.04213	0.02305	0.05377	0.03994	0.02492	0.02631	0.08577	0.03714	0.02689	0.01557	0.01627	0.04641	0.07403	0.10309	0.06043	0.03096	0.0	0.05374	0.03258	0.02441	0.07577	0.01334	0.02801	0.02991	0.02634	0.06474	0.02949	0.1054	0.0	0.0	0.0852	0.06721	0.03687	0.03412	0.0	0.0	0.0	0.02332	0.03053	0.03239	0.02736	0.02272	0.02564	0.07655	0.04568	0.06223	0.02317	0.0	0.03795	0.03944	0.03353	0.08127	0.0628	0.07367	0.0	0.03181	0.01661	0.02849	0.06307	0.09712	0.02511	0.02996	0.06694	0.04387	0.03936	
0.0	0.0	0.0	0.0	0.0	0.0	0.0	0.0	0.0	0.0	0.0	0.0	0.0	0.0	0.0	0.0	0.0	0.0	0.0	0.0	0.0	0.0	0.0	0.0	0.0	0.0	0.0	0.0	0.0	0.0	0.0	0.0	0.0	0.0	0.0	0.0	0.0	0.0	0.0	0.0	0.0	0.0	0.0	0.0	0.0	0.0	0.0	0.0	0.0	0.0	0.0	0.0	0.0	0.0	0.0	0.0	0.0	0.0	0.0	0.0	0.0	0.0	0.0	0.0	0.0	0.0	0.0	0.0	0.0	0.0	0.0	0.0	0.0	0.0	0.0	0.0	0.0	0.0	0.0	0.0	0.0	0.0	0.0	0.0	0.0	0.0	0.0	0.0	0.0	0.0	0.0	
0.02299	0.00955	0.02164	0.0489	0.00531	0.01891	0.04797	0.01117	0.0	0.08565	0.03328	0.04137	0.02271	0.06217	0.0304	0.06211	0.00796	0.02183	0.0	0.01772	0.087	0.04996	0.05014	0.02278	0.0	0.04341	0.06725	0.04426	0.03671	0.08888	0.04016	0.07223	0.04249	0.1127	0.01715	0.05741	0.00706	0.04206	0.04239	0.05769	0.02662	0.01166	0.0	0.02754	0.0445	0.02753	0.02158	0.01879	0.05495	0.03359	0.03824	0.02568	0.01515	0.24966	0.0852	0.0	0.0	0.09529	0.03576	0.04782	0.0	0.0	0.0	0.03289	0.03046	0.08185	0.05768	0.01199	0.0357	0.02502	0.09475	0.13372	0.04452	0.0	0.03363	0.04737	0.0415	0.05903	0.03747	0.0625	0.0	0.02592	0.02662	0.0249	0.02369	0.0404	0.02679	0.04649	0.03244	0.02201	0.01616	
0.02596	0.06487	0.07561	0.04499	0.00802	0.00936	0.03986	0.04791	0.0	0.2033	0.01981	0.04482	0.03888	0.11903	0.06959	0.08062	0.05194	0.04709	0.0	0.05313	0.08782	0.13651	0.09102	0.05784	0.0	0.05896	0.14951	0.07564	0.13522	0.06876	0.05047	0.036	0.02152	0.03308	0.06805	0.12758	0.03062	0.02715	0.06656	0.04477	0.05622	0.06677	0.0	0.02486	0.02817	0.05197	0.06663	0.06895	0.08579	0.03981	0.03271	0.04394	0.05721	0.19592	0.06721	0.0	0.09529	0.0	0.13881	0.04834	0.0	0.0	0.0	0.11536	0.06866	0.04442	0.12726	0.04837	0.0708	0.09453	0.0499	0.04122	0.08913	0.0	0.1196	0.03323	0.07884	0.0987	0.08616	0.06758	0.0	0.03819	0.05187	0.02699	0.07664	0.05161	0.03975	0.12513	0.02382	0.07294	0.0089	
0.02349	0.04205	0.02739	0.04336	0.00512	0.04459	0.0323	0.02557	0.0	0.10362	0.05126	0.00635	0.02525	0.07184	0.06429	0.03759	0.01955	0.04286	0.0	0.02986	0.03959	0.06162	0.03331	0.02138	0.0	0.00368	0.06069	0.04685	0.06467	0.04734	0.04419	0.04382	0.0378	0.02842	0.0397	0.02605	0.03283	0.02461	0.05547	0.03386	0.02536	0.02859	0.0	0.02144	0.04584	0.04018	0.03553	0.05782	0.03112	0.03551	0.04199	0.02388	0.064	0.02953	0.03687	0.0	0.03576	0.13881	0.0	0.06141	0.0	0.0	0.0	0.06303	0.0043	0.03933	0.05939	0.03339	0.04288	0.0363	0.0342	0.04893	0.01055	0.0	0.04057	0.01575	0.0271	0.10757	0.10094	0.02562	0.0	0.01813	0.01939	0.05003	0.08368	0.03467	0.0257	0.06043	0.0135	0.04651	0.03352	
0.0101	0.0391	0.01747	0.05215	0.02349	0.05577	0.05345	0.00892	0.0	0.12723	0.03028	0.02422	0.09126	0.026	0.02427	0.06447	0.0201	0.05278	0.0	0.0257	0.07012	0.04723	0.05907	0.01178	0.0	0.0123	0.03426	0.055	0.04545	0.04071	0.03556	0.03447	0.0521	0.04798	0.02659	0.10233	0.00825	0.03063	0.02563	0.03915	0.01614	0.04493	0.0	0.04399	0.12266	0.04311	0.03163	0.02912	0.04371	0.03304	0.02234	0.06116	0.03936	0.06532	0.03412	0.0	0.04782	0.04834	0.06141	0.0	0.0	0.0	0.0	0.03379	0.03096	0.04438	0.0286	0.02943	0.02608	0.03628	0.02433	0.06567	0.02435	0.0	0.03956	0.05508	0.01369	0.05708	0.02206	0.03675	0.0	0.01662	0.02579	0.04307	0.0535	0.02219	0.02384	0.03424	0.02085	0.02458	0.00731	
0.0	0.0	0.0	0.0	0.0	0.0	0.0	0.0	0.0	0.0	0.0	0.0	0.0	0.0	0.0	0.0	0.0	0.0	0.0	0.0	0.0	0.0	0.0	0.0	0.0	0.0	0.0	0.0	0.0	0.0	0.0	0.0	0.0	0.0	0.0	0.0	0.0	0.0	0.0	0.0	0.0	0.0	0.0	0.0	0.0	0.0	0.0	0.0	0.0	0.0	0.0	0.0	0.0	0.0	0.0	0.0	0.0	0.0	0.0	0.0	0.0	0.0	0.0	0.0	0.0	0.0	0.0	0.0	0.0	0.0	0.0	0.0	0.0	0.0	0.0	0.0	0.0	0.0	0.0	0.0	0.0	0.0	0.0	0.0	0.0	0.0	0.0	0.0	0.0	0.0	0.0	
0.0	0.0	0.0	0.0	0.0	0.0	0.0	0.0	0.0	0.0	0.0	0.0	0.0	0.0	0.0	0.0	0.0	0.0	0.0	0.0	0.0	0.0	0.0	0.0	0.0	0.0	0.0	0.0	0.0	0.0	0.0	0.0	0.0	0.0	0.0	0.0	0.0	0.0	0.0	0.0	0.0	0.0	0.0	0.0	0.0	0.0	0.0	0.0	0.0	0.0	0.0	0.0	0.0	0.0	0.0	0.0	0.0	0.0	0.0	0.0	0.0	0.0	0.0	0.0	0.0	0.0	0.0	0.0	0.0	0.0	0.0	0.0	0.0	0.0	0.0	0.0	0.0	0.0	0.0	0.0	0.0	0.0	0.0	0.0	0.0	0.0	0.0	0.0	0.0	0.0	0.0	
