0.0	0.03993	0.23033	0.05342	0.26029	0.29311	0.29542	0.0	0.13011	0.10328	0.02688	0.19107	0.0122	0.01071	0.04019	0.01422	0.00012	0.01847	0.01422	0.01422	0.24031	0.00012	0.00012	0.03983	0.18258	0.08298	0.00696	0.06739	0.04733	0.03	0.04709	0.04771	0.02367	0.02786	0.02062	0.00012	0.04354	0.0	0.24479	0.05926	0.05338	0.15851	0.04272	0.00012	0.01589	0.02001	0.01243	0.09814	0.03608	0.00012	0.01071	0.03908	0.06652	0.19418	0.03117	0.00201	0.07302	0.02439	0.02962	0.06641	0.01497	0.00012	0.03147	0.30919	0.19152	0.04471	0.01513	0.00012	0.03516	0.04262	0.00812	0.00012	0.07237	0.02343	0.02904	0.8065	0.05296	0.04193	0.04779	0.03411	0.04262	0.063	0.0979	
0.03993	0.0	0.1287	0.03805	0.23092	0.11658	0.09299	0.0	0.0502	0.07656	0.09636	0.12321	0.09082	0.01426	0.20706	0.01961	3e-05	0.02638	0.01961	0.01961	0.07939	3e-05	3e-05	0.20315	0.12304	0.05124	0.02389	0.06978	0.08556	0.11599	0.08473	0.07209	0.03671	0.04442	0.03119	3e-05	0.0501	0.0	0.1652	0.02551	0.38424	0.22399	0.03578	3e-05	0.04645	0.03003	0.01685	0.04157	0.01242	3e-05	0.01426	0.15741	0.22548	0.0728	0.16893	0.02785	0.03602	0.27908	0.1931	0.03055	0.02295	3e-05	0.04862	0.0239	0.02779	0.04959	0.02102	3e-05	0.03959	0.01301	0.11207	3e-05	0.03487	0.03464	0.04432	0.12815	0.11236	0.20016	0.04673	0.01168	0.01301	0.03217	0.05591	
0.23033	0.1287	0.0	0.08873	0.27397	0.23276	0.23118	0.0	0.08419	0.18025	0.1138	0.27624	0.0098	0.00857	0.03375	0.01147	8e-05	0.015	0.01147	0.01147	0.10742	8e-05	8e-05	0.03669	0.26986	0.44	0.09677	0.05617	0.08472	0.04067	0.116	0.10086	0.01953	0.02308	0.01694	8e-05	0.10461	0.0	0.12032	0.09117	0.17452	0.24903	0.20952	8e-05	0.14632	0.01641	0.00999	0.02251	0.02973	8e-05	0.00857	0.03205	0.1483	0.07985	0.02586	0.06887	0.06084	0.02014	0.02448	0.19494	0.04621	8e-05	0.02587	0.01372	0.02839	0.05121	0.01222	8e-05	0.16997	0.03234	0.08699	8e-05	0.23411	0.01913	0.02383	0.36806	0.05907	0.03523	0.12998	0.02809	0.03234	0.05269	0.08152	
0.05342	0.03805	0.08873	0.0	0.03331	0.16226	0.01811	0.0	0.21295	0.06116	0.02658	0.07275	0.07055	0.01675	0.23084	0.08533	3e-05	0.03126	0.08533	0.08533	0.12711	3e-05	3e-05	0.09205	0.09825	0.0515	0.05537	0.15568	0.1466	0.04874	0.44607	0.02586	0.0973	0.24602	0.08671	3e-05	0.62044	0.0	0.08188	0.47047	0.01068	0.17637	0.13543	3e-05	0.17663	0.09494	0.01984	0.0497	0.10022	3e-05	0.01675	0.1481	0.10164	0.05958	0.15335	0.09684	0.27887	0.04557	0.05708	0.01041	0.17398	3e-05	0.05835	0.02827	0.0682	0.12979	0.02482	3e-05	0.03324	0.07559	0.02234	3e-05	0.36468	0.04126	0.15502	0.04918	0.02564	0.17819	0.16789	0.06416	0.07559	0.18489	0.20613	
0.26029	0.23092	0.27397	0.03331	0.0	0.21386	0.17022	0.0	0.07745	0.12824	0.08889	0.18147	0.06767	0.01718	0.14792	0.02375	4e-05	0.01343	0.02375	0.02375	0.09994	4e-05	4e-05	0.08689	0.18182	0.18591	0.07601	0.03152	0.20681	0.02797	0.07521	0.15526	0.04544	0.05536	0.03841	4e-05	0.03877	0.0	0.19148	0.01963	0.29638	0.25343	0.04366	4e-05	0.08477	0.03692	0.02036	0.02636	0.02463	4e-05	0.05775	0.01602	0.21183	0.11908	0.0358	0.04027	0.04192	0.10136	0.04645	0.16298	0.02652	4e-05	0.06033	0.10235	0.11418	0.0379	0.02551	4e-05	0.04494	0.01431	0.02866	4e-05	0.04017	0.04254	0.05483	0.36072	0.0872	0.12178	0.14007	0.0664	0.01431	0.10145	0.07793	
0.29311	0.11658	0.23276	0.16226	0.21386	0.0	0.12027	0.0	0.14315	0.22841	0.12695	0.16421	0.01644	0.01413	0.07897	0.01968	2e-05	0.02682	0.01968	0.01968	0.39608	2e-05	2e-05	0.32722	0.22776	0.20603	0.08911	0.14358	0.21746	0.10827	0.09178	0.13096	0.03861	0.12736	0.09602	2e-05	0.08157	0.0	0.11823	0.1093	0.13379	0.3014	0.08411	2e-05	0.15597	0.03116	0.01681	0.07353	0.04833	2e-05	0.01413	0.04702	0.19817	0.16711	0.06255	0.0821	0.19797	0.04008	0.05039	0.13942	0.17116	2e-05	0.051	0.15128	0.50247	0.30546	0.02116	2e-05	0.08088	0.38226	0.06582	2e-05	0.08139	0.03981	0.07459	0.38329	0.1729	0.33463	0.1613	0.27069	0.38226	0.17122	0.20407	
0.29542	0.09299	0.23118	0.01811	0.17022	0.12027	0.0	0.0	0.07429	0.11066	0.0628	0.0828	0.01923	0.0167	0.05661	0.02271	7e-05	0.0302	0.02271	0.02271	0.07582	7e-05	7e-05	0.09343	0.18794	0.19793	0.00523	0.1337	0.01678	0.01182	0.0372	0.07389	0.04079	0.04892	0.03496	7e-05	0.01566	0.0	0.23839	0.00807	0.1345	0.10341	0.11179	7e-05	0.02518	0.03375	0.01963	0.02738	0.06317	7e-05	0.0167	0.00717	0.20271	0.08063	0.03316	0.01409	0.14307	0.12099	0.04819	0.01271	0.00066	7e-05	0.0543	0.13832	0.12479	0.04639	0.02428	7e-05	0.04226	0.0041	0.011	7e-05	0.16097	0.03921	0.04968	0.26182	0.10421	0.12001	0.01748	0.05937	0.0041	0.12235	0.20639	
0.0	0.0	0.0	0.0	0.0	0.0	0.0	0.0	0.0	0.0	0.0	0.0	0.0	0.0	0.0	0.0	0.0	0.0	0.0	0.0	0.0	0.0	0.0	0.0	0.0	0.0	0.0	0.0	0.0	0.0	0.0	0.0	0.0	0.0	0.0	0.0	0.0	0.0	0.0	0.0	0.0	0.0	0.0	0.0	0.0	0.0	0.0	0.0	0.0	0.0	0.0	0.0	0.0	0.0	0.0	0.0	0.0	0.0	0.0	0.0	0.0	0.0	0.0	0.0	0.0	0.0	0.0	0.0	0.0	0.0	0.0	0.0	0.0	0.0	0.0	0.0	0.0	0.0	0.0	0.0	0.0	0.0	0.0	
0.13011	0.0502	0.08419	0.21295	0.07745	0.14315	0.07429	0.0	0.0	0.25243	0.02443	0.03901	0.03353	0.03897	0.07686	0.03994	5e-05	0.07374	0.03994	0.03994	0.23111	5e-05	5e-05	0.24303	0.1549	0.00825	0.00112	0.13012	0.04629	0.02639	0.18368	0.15207	0.07584	0.03458	0.06862	5e-05	0.16265	0.0	0.05548	0.2298	0.03771	0.06221	0.08482	5e-05	0.0628	0.06439	0.03425	0.00206	0.02367	5e-05	0.03897	0.01358	0.15999	0.03835	0.02457	0.04069	0.33486	0.08473	0.03262	0.0162	0.0322	5e-05	0.10227	0.06648	0.16997	0.20518	0.04288	5e-05	0.00101	0.19203	0.05313	5e-05	0.3286	0.00011	0.00465	0.11823	0.03897	0.13471	0.00856	0.15932	0.19203	0.04765	0.09776	
0.10328	0.07656	0.18025	0.06116	0.12824	0.22841	0.11066	0.0	0.25243	0.0	0.08121	0.14772	0.04721	0.09213	0.06174	0.03139	3e-05	0.05382	0.03139	0.03139	0.13117	3e-05	3e-05	0.13915	0.3215	0.08628	0.0853	0.15514	0.08111	0.01997	0.06069	0.35071	0.11834	0.0435	0.05212	3e-05	0.06859	0.0	0.03763	0.07685	0.04914	0.14768	0.13785	3e-05	0.13241	0.07279	0.04831	0.01377	0.01846	3e-05	0.02249	0.09271	0.17322	0.04425	0.09543	0.07428	0.26403	0.08176	0.04771	0.23976	0.02739	3e-05	0.16302	0.03869	0.10001	0.11937	0.0615	3e-05	0.0535	0.10999	0.08302	3e-05	0.12015	0.01673	0.07516	0.18293	0.05518	0.14043	0.04859	0.06405	0.10999	0.14488	0.15916	
0.02688	0.09636	0.1138	0.02658	0.08889	0.12695	0.0628	0.0	0.02443	0.08121	0.0	0.22331	0.01824	0.01576	0.11986	0.02168	5e-05	0.02919	0.02168	0.02168	0.03221	5e-05	5e-05	0.12844	0.11436	0.05977	0.04999	0.10949	0.0309	0.0219	0.04752	0.17616	0.10361	0.04925	0.03453	5e-05	0.12358	0.0	0.1325	0.04453	0.12836	0.18695	0.14231	5e-05	0.02996	0.10288	0.08042	0.04607	0.06318	5e-05	0.01576	0.01521	0.26856	0.04578	0.09311	0.03663	0.04867	0.1106	0.22251	0.01894	0.0146	5e-05	0.09752	0.02644	0.06252	0.14998	0.02325	5e-05	0.10098	0.06953	0.05053	5e-05	0.04801	0.03836	0.04914	0.11426	0.08293	0.11958	0.03863	0.05921	0.06953	0.0585	0.1352	
0.19107	0.12321	0.27624	0.07275	0.18147	0.16421	0.0828	0.0	0.03901	0.14772	0.22331	0.0	0.0348	0.02966	0.08522	0.04177	4e-05	0.057	0.04177	0.04177	0.21155	4e-05	4e-05	0.07037	0.16726	0.15185	0.11444	0.12851	0.06801	0.03687	0.10025	0.24327	0.08303	0.04562	0.06973	4e-05	0.15775	0.0	0.06692	0.03293	0.10854	0.22027	0.06438	4e-05	0.08232	0.06203	0.03535	0.00836	0.01151	4e-05	0.02966	0.04002	0.23512	0.07658	0.11883	0.03869	0.0641	0.08637	0.03814	0.11985	0.02145	4e-05	0.11212	0.0516	0.05688	0.08556	0.04469	4e-05	0.05996	0.04571	0.03403	4e-05	0.0512	0.00759	0.00978	0.27975	0.03592	0.05006	0.09423	0.01037	0.04571	0.04274	0.08081	
0.0122	0.09082	0.0098	0.07055	0.06767	0.01644	0.01923	0.0	0.03353	0.04721	0.01824	0.0348	0.0	0.00541	0.12109	0.00681	0.00021	0.0084	0.00681	0.00681	0.01749	0.00021	0.00021	0.01629	0.04135	0.01579	0.0256	0.07328	0.05071	0.0181	0.10375	0.01856	0.00968	0.01105	0.00868	0.00021	0.09377	0.0	0.01661	0.07452	0.01468	0.01526	0.01539	0.00021	0.02248	0.0085	0.0061	0.01159	0.14436	0.00021	0.00541	0.01561	0.01638	0.03671	0.0122	0.05071	0.04857	0.00992	0.0117	0.01359	0.02118	0.00021	0.01297	0.00783	0.01307	0.07605	0.00715	0.00021	0.18005	0.01559	0.02437	0.00021	0.04924	0.01017	0.01213	0.01044	0.02459	0.01503	0.03989	0.01387	0.01559	0.0222	0.03227	
0.01071	0.01426	0.00857	0.01675	0.01718	0.01413	0.0167	0.0	0.03897	0.09213	0.01576	0.02966	0.00541	0.0	0.01248	0.00609	0.00024	0.3376	0.00609	0.00609	0.01506	0.00024	0.00024	0.01408	0.02522	0.01364	0.05341	0.07112	0.0253	0.07437	0.01474	0.01606	0.00847	0.00963	0.00762	0.00024	0.01399	0.0	0.01449	0.01934	0.01282	0.01315	0.01326	0.00024	0.04923	0.00748	0.00549	0.01018	0.0127	0.00024	0.00489	0.01364	0.01411	0.03078	0.01061	0.04362	0.02213	0.00867	0.0102	0.13804	0.01837	0.00024	0.01137	0.00697	0.01134	0.01842	0.00639	0.00024	0.01163	0.0136	0.0211	0.00024	0.02201	0.00897	0.01065	0.00912	0.02113	0.01294	0.03405	0.13338	0.0136	0.01909	0.02793	
0.04019	0.20706	0.03375	0.23084	0.14792	0.07897	0.05661	0.0	0.07686	0.06174	0.11986	0.08522	0.12109	0.01248	0.0	0.15109	1e-05	0.02344	0.15109	0.15109	0.15015	1e-05	1e-05	0.16585	0.11615	0.06853	0.06328	0.22125	0.31733	0.12008	0.37894	0.12086	0.22926	0.04052	0.13949	1e-05	0.39107	0.0	0.06543	0.19921	0.22055	0.2013	0.19178	1e-05	0.10465	0.23808	0.01481	0.03738	0.04206	1e-05	0.01248	0.06737	0.08931	0.14689	0.08399	0.12221	0.13842	0.16032	0.09874	0.05609	0.0867	1e-05	0.0439	0.02118	0.05172	0.1828	0.01857	1e-05	0.07061	0.05682	0.11724	1e-05	0.13912	0.031	0.03993	0.03727	0.06848	0.15276	0.14684	0.04827	0.05682	0.2355	0.09649	
0.01422	0.01961	0.01147	0.08533	0.02375	0.01968	0.02271	0.0	0.03994	0.03139	0.02168	0.04177	0.00681	0.00609	0.15109	0.0	0.00018	0.00965	0.99957	0.99957	0.23875	0.00018	0.00018	0.01935	0.04972	0.01878	0.07452	0.08927	0.06166	0.10569	0.12746	0.02202	0.01133	0.013	0.53979	0.00018	0.11402	0.0	0.0195	0.0895	0.01722	0.01822	0.01837	0.00018	0.02683	0.00989	0.00691	0.01348	0.01705	0.00018	0.00609	0.0183	0.01957	0.04407	0.01438	0.06066	0.05848	0.01162	0.01375	0.19729	0.09638	0.00018	0.01516	0.00897	0.01546	0.09281	0.00816	0.00018	0.01584	0.01832	0.0289	0.00018	0.05926	0.01178	0.01415	0.01226	0.07654	0.01795	0.04821	0.01625	0.01832	0.02656	0.03884	
0.00012	3e-05	8e-05	3e-05	4e-05	2e-05	7e-05	0.0	5e-05	3e-05	5e-05	4e-05	0.00021	0.00024	1e-05	0.00018	0.0	0.00014	0.00018	0.00018	1e-05	0.0	0.0	3e-05	4e-05	4e-05	6e-05	2e-05	1e-05	3e-05	3e-05	5e-05	5e-05	4e-05	6e-05	0.0	3e-05	0.0	8e-05	6e-05	8e-05	2e-05	1e-05	0.0	3e-05	6e-05	0.0002	0.0001	8e-05	0.0	0.00024	9e-05	1e-05	3e-05	4e-05	5e-05	2e-05	5e-05	6e-05	8e-05	6e-05	0.0	0.0001	0.00015	4e-05	2e-05	0.00017	0.0	4e-05	7e-05	7e-05	0.0	2e-05	0.00011	0.0001	7e-05	3e-05	1e-05	2e-05	9e-05	7e-05	2e-05	2e-05	
0.01847	0.02638	0.015	0.03126	0.01343	0.02682	0.0302	0.0	0.07374	0.05382	0.02919	0.057	0.0084	0.3376	0.02344	0.00965	0.00014	0.0	0.00965	0.00965	0.02839	0.00014	0.00014	0.02603	0.04813	0.0253	0.1024	0.14832	0.02175	0.01753	0.02755	0.02954	0.01481	0.01715	0.01311	0.00014	0.02582	0.0	0.02566	0.03536	0.02262	0.02471	0.0249	0.00014	0.0966	0.01278	0.00854	0.01746	0.03105	0.00014	0.3376	0.02402	0.02658	0.05921	0.01904	0.0013	0.0419	0.01521	0.01814	0.03736	0.03346	0.00014	0.01976	0.01129	0.0206	0.03502	0.0102	0.00014	0.0211	0.02414	0.03876	0.00014	0.04161	0.01513	0.01837	0.0161	0.04025	0.02437	0.06717	0.03539	0.02414	0.03619	0.05426	
0.01422	0.01961	0.01147	0.08533	0.02375	0.01968	0.02271	0.0	0.03994	0.03139	0.02168	0.04177	0.00681	0.00609	0.15109	0.99957	0.00018	0.00965	0.0	0.99957	0.23875	0.00018	0.00018	0.01935	0.04972	0.01878	0.07452	0.08927	0.06166	0.10569	0.12746	0.02202	0.01133	0.013	0.53979	0.00018	0.11402	0.0	0.0195	0.0895	0.01722	0.01822	0.01837	0.00018	0.02683	0.00989	0.00691	0.01348	0.01705	0.00018	0.00609	0.0183	0.01957	0.04407	0.01438	0.06066	0.05848	0.01162	0.01375	0.19729	0.09638	0.00018	0.01516	0.00897	0.01546	0.09281	0.00816	0.00018	0.01584	0.01832	0.0289	0.00018	0.05926	0.01178	0.01415	0.01226	0.07654	0.01795	0.04821	0.01625	0.01832	0.02656	0.03884	
0.01422	0.01961	0.01147	0.08533	0.02375	0.01968	0.02271	0.0	0.03994	0.03139	0.02168	0.04177	0.00681	0.00609	0.15109	0.99957	0.00018	0.00965	0.99957	0.0	0.23875	0.00018	0.00018	0.01935	0.04972	0.01878	0.07452	0.08927	0.06166	0.10569	0.12746	0.02202	0.01133	0.013	0.53979	0.00018	0.11402	0.0	0.0195	0.0895	0.01722	0.01822	0.01837	0.00018	0.02683	0.00989	0.00691	0.01348	0.01705	0.00018	0.00609	0.0183	0.01957	0.04407	0.01438	0.06066	0.05848	0.01162	0.01375	0.19729	0.09638	0.00018	0.01516	0.00897	0.01546	0.09281	0.00816	0.00018	0.01584	0.01832	0.0289	0.00018	0.05926	0.01178	0.01415	0.01226	0.07654	0.01795	0.04821	0.01625	0.01832	0.02656	0.03884	
0.24031	0.07939	0.10742	0.12711	0.09994	0.39608	0.07582	0.0	0.23111	0.13117	0.03221	0.21155	0.01749	0.01506	0.15015	0.23875	1e-05	0.02839	0.23875	0.23875	0.0	1e-05	1e-05	0.29518	0.12178	0.09926	0.05262	0.16396	0.19665	0.20622	0.14428	0.08108	0.0405	0.04945	0.27948	1e-05	0.12335	0.0	0.04699	0.1287	0.02289	0.12382	0.08695	1e-05	0.05789	0.03279	0.01788	0.03439	0.06312	1e-05	0.01506	0.01718	0.09518	0.14528	0.05632	0.05212	0.1489	0.04201	0.05275	0.13293	0.06069	1e-05	0.05359	0.10776	0.33173	0.33338	0.02246	1e-05	0.10947	0.34597	0.0317	1e-05	0.14744	0.01705	0.01393	0.21998	0.13756	0.18419	0.0557	0.12889	0.34597	0.07234	0.06687	
0.00012	3e-05	8e-05	3e-05	4e-05	2e-05	7e-05	0.0	5e-05	3e-05	5e-05	4e-05	0.00021	0.00024	1e-05	0.00018	0.0	0.00014	0.00018	0.00018	1e-05	0.0	0.0	3e-05	4e-05	4e-05	6e-05	2e-05	1e-05	3e-05	3e-05	5e-05	5e-05	4e-05	6e-05	0.0	3e-05	0.0	8e-05	6e-05	8e-05	2e-05	1e-05	0.0	3e-05	6e-05	0.0002	0.0001	8e-05	0.0	0.00024	9e-05	1e-05	3e-05	4e-05	5e-05	2e-05	5e-05	6e-05	8e-05	6e-05	0.0	0.0001	0.00015	4e-05	2e-05	0.00017	0.0	4e-05	7e-05	7e-05	0.0	2e-05	0.00011	0.0001	7e-05	3e-05	1e-05	2e-05	9e-05	7e-05	2e-05	2e-05	
0.00012	3e-05	8e-05	3e-05	4e-05	2e-05	7e-05	0.0	5e-05	3e-05	5e-05	4e-05	0.00021	0.00024	1e-05	0.00018	0.0	0.00014	0.00018	0.00018	1e-05	0.0	0.0	3e-05	4e-05	4e-05	6e-05	2e-05	1e-05	3e-05	3e-05	5e-05	5e-05	4e-05	6e-05	0.0	3e-05	0.0	8e-05	6e-05	8e-05	2e-05	1e-05	0.0	3e-05	6e-05	0.0002	0.0001	8e-05	0.0	0.00024	9e-05	1e-05	3e-05	4e-05	5e-05	2e-05	5e-05	6e-05	8e-05	6e-05	0.0	0.0001	0.00015	4e-05	2e-05	0.00017	0.0	4e-05	7e-05	7e-05	0.0	2e-05	0.00011	0.0001	7e-05	3e-05	1e-05	2e-05	9e-05	7e-05	2e-05	2e-05	
0.03983	0.20315	0.03669	0.09205	0.08689	0.32722	0.09343	0.0	0.24303	0.13915	0.12844	0.07037	0.01629	0.01408	0.16585	0.01935	3e-05	0.02603	0.01935	0.01935	0.29518	3e-05	3e-05	0.0	0.0668	0.07366	0.11735	0.12282	0.31078	0.08054	0.08112	0.08427	0.03618	0.04376	0.08981	3e-05	0.07309	0.0	0.16379	0.09856	0.14955	0.14197	0.07406	3e-05	0.04152	0.02961	0.01664	0.04524	0.05603	3e-05	0.01408	0.1374	0.19404	0.12479	0.16905	0.03189	0.13121	0.28019	0.1934	0.05112	0.01928	3e-05	0.04791	0.14238	0.58027	0.45035	0.02075	3e-05	0.04099	0.68262	0.02223	3e-05	0.12953	0.02117	0.01453	0.12846	0.16832	0.44332	0.11471	0.17171	0.68262	0.07722	0.0554	
0.18258	0.12304	0.26986	0.09825	0.18182	0.22776	0.18794	0.0	0.1549	0.3215	0.11436	0.16726	0.04135	0.02522	0.11615	0.04972	4e-05	0.04813	0.04972	0.04972	0.12178	4e-05	4e-05	0.0668	0.0	0.15496	0.05691	0.26357	0.05145	0.03532	0.10926	0.28749	0.10079	0.04016	0.06648	4e-05	0.09366	0.0	0.07684	0.13342	0.10728	0.19866	0.11094	4e-05	0.2298	0.06691	0.0423	0.00823	0.02358	4e-05	0.02522	0.1033	0.24491	0.07515	0.09721	0.07543	0.43732	0.07833	0.09082	0.12349	0.02638	4e-05	0.13741	0.04334	0.04504	0.1474	0.0536	4e-05	0.05305	0.03299	0.05088	4e-05	0.17434	0.01013	0.08425	0.27112	0.20666	0.08732	0.14173	0.02211	0.03299	0.15261	0.3276	
0.08298	0.05124	0.44	0.0515	0.18591	0.20603	0.19793	0.0	0.00825	0.08628	0.05977	0.15185	0.01579	0.01364	0.06853	0.01878	4e-05	0.0253	0.01878	0.01878	0.09926	4e-05	4e-05	0.07366	0.15496	0.0	0.0577	0.07458	0.09646	0.12698	0.06827	0.04681	0.13408	0.07679	0.03001	4e-05	0.04996	0.0	0.0716	0.04615	0.06532	0.16192	0.13618	4e-05	0.12508	0.02888	0.01613	0.05238	0.05476	4e-05	0.01364	0.05992	0.17552	0.02823	0.04858	0.05448	0.05678	0.13392	0.04561	0.07144	0.09027	4e-05	0.04434	0.02291	0.10786	0.09186	0.14806	4e-05	0.13575	0.07103	0.00398	4e-05	0.18381	0.06562	0.04263	0.17245	0.14073	0.1066	0.2178	0.08441	0.07103	0.18786	0.14176	
0.00696	0.02389	0.09677	0.05537	0.07601	0.08911	0.00523	0.0	0.00112	0.0853	0.04999	0.11444	0.0256	0.05341	0.06328	0.07452	6e-05	0.1024	0.07452	0.07452	0.05262	6e-05	6e-05	0.11735	0.05691	0.0577	0.0	0.15181	0.11087	0.01639	0.05508	0.02209	0.0564	0.09558	0.08058	6e-05	0.02644	0.0	0.00623	0.00067	0.00028	0.11002	0.04394	6e-05	0.065	0.04619	0.06356	0.06439	0.0146	6e-05	0.05341	0.00163	0.02318	0.024	0.04891	0.02096	0.05394	0.05842	0.09079	0.22354	0.00093	6e-05	0.02265	0.037	0.08689	0.07104	0.03257	6e-05	0.07792	0.0976	0.00616	6e-05	0.05192	0.05361	0.00181	0.09945	0.06285	0.07537	0.00721	0.00719	0.0976	0.03772	0.08224	
0.06739	0.06978	0.05617	0.15568	0.03152	0.14358	0.1337	0.0	0.13012	0.15514	0.10949	0.12851	0.07328	0.07112	0.22125	0.08927	2e-05	0.14832	0.08927	0.08927	0.16396	2e-05	2e-05	0.12282	0.26357	0.07458	0.15181	0.0	0.12773	0.0279	0.25996	0.15144	0.15622	0.06256	0.09572	2e-05	0.205	0.0	0.04857	0.11017	0.03266	0.04809	0.12376	2e-05	0.09323	0.0768	0.08615	0.03453	0.00158	2e-05	0.07112	0.08673	0.13533	0.05164	0.11746	0.20643	0.40098	0.10708	0.11366	0.00942	0.06163	2e-05	0.15488	0.03456	0.08843	0.2175	0.09689	2e-05	0.06056	0.09755	0.0243	2e-05	0.11495	0.04057	0.06676	0.06236	0.10231	0.12356	0.14686	0.03723	0.09755	0.08108	0.20665	
0.04733	0.08556	0.08472	0.1466	0.20681	0.21746	0.01678	0.0	0.04629	0.08111	0.0309	0.06801	0.05071	0.0253	0.31733	0.06166	1e-05	0.02175	0.06166	0.06166	0.19665	1e-05	1e-05	0.31078	0.05145	0.09646	0.11087	0.12773	0.0	0.13175	0.18509	0.10694	0.10204	0.09296	0.2041	1e-05	0.23119	0.0	0.02089	0.06615	0.06722	0.12169	0.12751	1e-05	0.06738	0.09092	0.03032	0.04727	0.04746	1e-05	0.0431	0.09306	0.12558	0.1031	0.05867	0.03669	0.05222	0.09833	0.06368	0.04073	0.05927	1e-05	0.1	0.08841	0.27823	0.29363	0.03858	1e-05	0.19232	0.2836	0.10104	1e-05	0.05789	0.12101	0.12587	0.11388	0.10651	0.22951	0.18781	0.12033	0.2836	0.13474	0.08195	
0.03	0.11599	0.04067	0.04874	0.02797	0.10827	0.01182	0.0	0.02639	0.01997	0.0219	0.03687	0.0181	0.07437	0.12008	0.10569	3e-05	0.01753	0.10569	0.10569	0.20622	3e-05	3e-05	0.08054	0.03532	0.12698	0.01639	0.0279	0.13175	0.0	0.04305	0.04343	0.1119	0.04846	0.10049	3e-05	0.08995	0.0	0.01661	0.03138	0.06329	0.08209	0.12184	3e-05	0.05999	0.11236	0.01851	0.03515	0.05365	3e-05	0.01565	0.06836	0.09052	0.10582	0.05496	0.26781	0.03391	0.04146	0.04694	0.05513	0.17665	3e-05	0.05334	0.13265	0.19941	0.06154	0.02307	3e-05	0.1395	0.08098	0.03817	3e-05	0.03287	0.03794	0.04851	0.1219	0.08831	0.12537	0.23077	0.07603	0.08098	0.10789	0.04158	
0.04709	0.08473	0.116	0.44607	0.07521	0.09178	0.0372	0.0	0.18368	0.06069	0.04752	0.10025	0.10375	0.01474	0.37894	0.12746	3e-05	0.02755	0.12746	0.12746	0.14428	3e-05	3e-05	0.08112	0.10926	0.06827	0.05508	0.25996	0.18509	0.04305	0.0	0.10378	0.13175	0.04724	0.12073	3e-05	0.56367	0.0	0.07165	0.33666	0.03078	0.05538	0.20592	3e-05	0.06748	0.13268	0.01746	0.04381	0.01	3e-05	0.01474	0.06583	0.08933	0.03807	0.05368	0.14736	0.12998	0.04027	0.03584	0.03859	0.05539	3e-05	0.05142	0.02491	0.06024	0.26526	0.02187	3e-05	0.07133	0.06654	0.08825	3e-05	0.22634	0.03637	0.04679	0.04347	0.07121	0.08071	0.16425	0.05653	0.06654	0.15754	0.09255	
0.04771	0.07209	0.10086	0.02586	0.15526	0.13096	0.07389	0.0	0.15207	0.35071	0.17616	0.24327	0.01856	0.01606	0.12086	0.02202	5e-05	0.02954	0.02202	0.02202	0.08108	5e-05	5e-05	0.08427	0.28749	0.04681	0.02209	0.15144	0.10694	0.04343	0.10378	0.0	0.24362	0.05351	0.03466	5e-05	0.13312	0.0	0.0077	0.02633	0.0546	0.07526	0.1491	5e-05	0.1197	0.11855	0.09511	0.02402	0.10887	5e-05	0.01606	0.06061	0.23783	0.05743	0.10121	0.03575	0.23022	0.11321	0.1779	0.05111	0.01363	5e-05	0.36745	0.02687	0.06262	0.06184	0.12196	5e-05	0.05623	0.07027	0.29861	5e-05	0.06636	0.0366	0.04956	0.10285	0.11515	0.08277	0.09914	0.05971	0.07027	0.19429	0.16936	
0.02367	0.03671	0.01953	0.0973	0.04544	0.03861	0.04079	0.0	0.07584	0.11834	0.10361	0.08303	0.00968	0.00847	0.22926	0.01133	5e-05	0.01481	0.01133	0.01133	0.0405	5e-05	5e-05	0.03618	0.10079	0.13408	0.0564	0.15622	0.10204	0.1119	0.13175	0.24362	0.0	0.21205	0.01673	5e-05	0.26861	0.0	0.03393	0.0994	0.02971	0.03513	0.2325	5e-05	0.05172	0.39513	0.00987	0.20366	0.02935	5e-05	0.00847	0.1069	0.14769	0.07843	0.02552	0.11843	0.11945	0.33282	0.02412	0.02705	0.10373	5e-05	0.17349	0.01355	0.02801	0.05046	0.49603	5e-05	0.02872	0.03192	0.15805	5e-05	0.08092	0.24813	0.02353	0.02121	0.09535	0.03473	0.09198	0.02773	0.03192	0.21135	0.0793	
0.02786	0.04442	0.02308	0.24602	0.05536	0.12736	0.04892	0.0	0.03458	0.0435	0.04925	0.04562	0.01105	0.00963	0.04052	0.013	4e-05	0.01715	0.013	0.013	0.04945	4e-05	4e-05	0.04376	0.04016	0.07679	0.09558	0.06256	0.09296	0.04846	0.04724	0.05351	0.21205	0.0	0.01964	4e-05	0.04329	0.0	0.04034	0.05833	0.03525	0.21812	0.02969	4e-05	0.20087	0.11515	0.01128	0.10133	0.14261	4e-05	0.00963	0.19951	0.09367	0.09535	0.16015	0.03605	0.21052	0.20946	0.03008	0.032	0.10362	4e-05	0.08316	0.01564	0.03359	0.06196	0.28067	4e-05	0.03444	0.03797	0.03798	4e-05	0.08899	0.12841	0.17713	0.02517	0.05346	0.22416	0.08526	0.03282	0.03797	0.0462	0.17812	
0.02062	0.03119	0.01694	0.08671	0.03841	0.09602	0.03496	0.0	0.06862	0.05212	0.03453	0.06973	0.00868	0.00762	0.13949	0.53979	6e-05	0.01311	0.53979	0.53979	0.27948	6e-05	6e-05	0.08981	0.06648	0.03001	0.08058	0.09572	0.2041	0.10049	0.12073	0.03466	0.01673	0.01964	0.0	6e-05	0.10634	0.0	0.02915	0.0893	0.02569	0.02966	0.02985	6e-05	0.04362	0.01416	0.00885	0.0194	0.02539	6e-05	0.00762	0.1222	0.03192	0.0736	0.02194	0.07356	0.07045	0.01723	0.02074	0.15736	0.0935	6e-05	0.0222	0.01203	0.12102	0.14868	0.01075	6e-05	0.14975	0.10872	0.04542	6e-05	0.07082	0.18913	0.14823	0.01834	0.15543	0.09877	0.07733	0.12478	0.10872	0.07115	0.06584	
0.00012	3e-05	8e-05	3e-05	4e-05	2e-05	7e-05	0.0	5e-05	3e-05	5e-05	4e-05	0.00021	0.00024	1e-05	0.00018	0.0	0.00014	0.00018	0.00018	1e-05	0.0	0.0	3e-05	4e-05	4e-05	6e-05	2e-05	1e-05	3e-05	3e-05	5e-05	5e-05	4e-05	6e-05	0.0	3e-05	0.0	8e-05	6e-05	8e-05	2e-05	1e-05	0.0	3e-05	6e-05	0.0002	0.0001	8e-05	0.0	0.00024	9e-05	1e-05	3e-05	4e-05	5e-05	2e-05	5e-05	6e-05	8e-05	6e-05	0.0	0.0001	0.00015	4e-05	2e-05	0.00017	0.0	4e-05	7e-05	7e-05	0.0	2e-05	0.00011	0.0001	7e-05	3e-05	1e-05	2e-05	9e-05	7e-05	2e-05	2e-05	
0.04354	0.0501	0.10461	0.62044	0.03877	0.08157	0.01566	0.0	0.16265	0.06859	0.12358	0.15775	0.09377	0.01399	0.39107	0.11402	3e-05	0.02582	0.11402	0.11402	0.12335	3e-05	3e-05	0.07309	0.09366	0.04996	0.02644	0.205	0.23119	0.08995	0.56367	0.13312	0.26861	0.04329	0.10634	3e-05	0.0	0.0	0.06539	0.4967	0.01183	0.03697	0.26117	3e-05	0.03396	0.28322	0.01653	0.04059	0.01182	3e-05	0.01399	0.06024	0.07955	0.0467	0.04905	0.09828	0.11798	0.03709	0.04604	0.01725	0.10241	3e-05	0.04743	0.0234	0.05478	0.16561	0.0206	3e-05	0.05728	0.06094	0.05603	3e-05	0.2846	0.03386	0.04327	0.03994	0.02677	0.07212	0.13246	0.05201	0.06094	0.22952	0.07305	
0.0	0.0	0.0	0.0	0.0	0.0	0.0	0.0	0.0	0.0	0.0	0.0	0.0	0.0	0.0	0.0	0.0	0.0	0.0	0.0	0.0	0.0	0.0	0.0	0.0	0.0	0.0	0.0	0.0	0.0	0.0	0.0	0.0	0.0	0.0	0.0	0.0	0.0	0.0	0.0	0.0	0.0	0.0	0.0	0.0	0.0	0.0	0.0	0.0	0.0	0.0	0.0	0.0	0.0	0.0	0.0	0.0	0.0	0.0	0.0	0.0	0.0	0.0	0.0	0.0	0.0	0.0	0.0	0.0	0.0	0.0	0.0	0.0	0.0	0.0	0.0	0.0	0.0	0.0	0.0	0.0	0.0	0.0	
0.24479	0.1652	0.12032	0.08188	0.19148	0.11823	0.23839	0.0	0.05548	0.03763	0.1325	0.06692	0.01661	0.01449	0.06543	0.0195	8e-05	0.02566	0.0195	0.0195	0.04699	8e-05	8e-05	0.16379	0.07684	0.0716	0.00623	0.04857	0.02089	0.01661	0.07165	0.0077	0.03393	0.04034	0.02915	8e-05	0.06539	0.0	0.0	0.09052	0.08605	0.09746	0.02361	8e-05	0.08062	0.02833	0.1431	0.05634	0.05245	8e-05	0.01449	0.02297	0.17327	0.20118	0.16403	0.00387	0.02363	0.1657	0.0732	0.04998	0.00285	8e-05	0.00754	0.21366	0.15671	0.04336	0.02089	8e-05	0.05212	0.01781	0.03373	8e-05	0.02232	0.03309	0.0415	0.32716	0.03157	0.13518	0.05059	0.04933	0.01781	0.02493	0.05135	
0.05926	0.02551	0.09117	0.47047	0.01963	0.1093	0.00807	0.0	0.2298	0.07685	0.04453	0.03293	0.07452	0.01934	0.19921	0.0895	6e-05	0.03536	0.0895	0.0895	0.1287	6e-05	6e-05	0.09856	0.13342	0.04615	0.00067	0.11017	0.06615	0.03138	0.33666	0.02633	0.0994	0.05833	0.0893	6e-05	0.4967	0.0	0.09052	0.0	0.00202	0.05045	0.16253	6e-05	0.0376	0.09747	0.02279	0.05528	0.00177	6e-05	0.01934	0.08313	0.08996	0.02075	0.06609	0.05059	0.17492	0.05007	0.09177	0.0003	0.04895	6e-05	5e-05	0.0321	0.07368	0.25971	0.02831	6e-05	0.03316	0.08291	0.02783	6e-05	0.37637	0.0462	0.05889	0.05385	0.00377	0.09644	0.06183	0.07074	0.08291	0.10712	0.09627	
0.05338	0.38424	0.17452	0.01068	0.29638	0.13379	0.1345	0.0	0.03771	0.04914	0.12836	0.10854	0.01468	0.01282	0.22055	0.01722	8e-05	0.02262	0.01722	0.01722	0.02289	8e-05	8e-05	0.14955	0.10728	0.06532	0.00028	0.03266	0.06722	0.06329	0.03078	0.0546	0.02971	0.03525	0.02569	8e-05	0.01183	0.0	0.08605	0.00202	0.0	0.38443	0.02073	8e-05	0.01068	0.02487	0.01497	0.03424	0.04555	8e-05	0.01282	0.02595	0.29027	0.01678	0.05442	0.01209	0.01723	0.1665	0.07523	0.03672	0.00112	8e-05	0.03948	0.02066	0.0436	0.03368	0.01837	8e-05	0.04494	0.04966	0.08471	8e-05	0.01616	0.029	0.0363	0.16918	0.05413	0.13144	0.00474	0.04295	0.04966	0.05998	0.03737	
0.15851	0.22399	0.24903	0.17637	0.25343	0.3014	0.10341	0.0	0.06221	0.14768	0.18695	0.22027	0.01526	0.01315	0.2013	0.01822	2e-05	0.02471	0.01822	0.01822	0.12382	2e-05	2e-05	0.14197	0.19866	0.16192	0.11002	0.04809	0.12169	0.08209	0.05538	0.07526	0.03513	0.21812	0.02966	2e-05	0.03697	0.0	0.09746	0.05045	0.38443	0.0	0.08291	2e-05	0.27404	0.0285	0.0156	0.03947	0.12233	2e-05	0.01315	0.15356	0.26127	0.08358	0.24095	0.06252	0.18543	0.12925	0.16455	0.14479	0.07114	2e-05	0.02446	0.02233	0.05471	0.09446	0.01957	2e-05	0.05221	0.06011	0.04336	2e-05	0.07995	0.03271	0.13624	0.2451	0.05286	0.23079	0.1407	0.05102	0.06011	0.05347	0.24107	
0.04272	0.03578	0.20952	0.13543	0.04366	0.08411	0.11179	0.0	0.08482	0.13785	0.14231	0.06438	0.01539	0.01326	0.19178	0.01837	1e-05	0.0249	0.01837	0.01837	0.08695	1e-05	1e-05	0.07406	0.11094	0.13618	0.04394	0.12376	0.12751	0.12184	0.20592	0.1491	0.2325	0.02969	0.02985	1e-05	0.26117	0.0	0.02361	0.16253	0.02073	0.08291	0.0	1e-05	0.0726	0.30518	0.08993	0.03973	0.05484	1e-05	0.01326	0.05968	0.068	0.07637	0.09828	0.06382	0.13003	0.03665	0.1083	0.0499	0.07085	1e-05	0.08649	0.0225	0.05497	0.08841	0.01973	1e-05	0.14952	0.06045	0.13827	1e-05	0.27946	0.03294	0.04244	0.03959	0.07502	0.057	0.07953	0.05133	0.06045	0.21527	0.12047	
0.00012	3e-05	8e-05	3e-05	4e-05	2e-05	7e-05	0.0	5e-05	3e-05	5e-05	4e-05	0.00021	0.00024	1e-05	0.00018	0.0	0.00014	0.00018	0.00018	1e-05	0.0	0.0	3e-05	4e-05	4e-05	6e-05	2e-05	1e-05	3e-05	3e-05	5e-05	5e-05	4e-05	6e-05	0.0	3e-05	0.0	8e-05	6e-05	8e-05	2e-05	1e-05	0.0	3e-05	6e-05	0.0002	0.0001	8e-05	0.0	0.00024	9e-05	1e-05	3e-05	4e-05	5e-05	2e-05	5e-05	6e-05	8e-05	6e-05	0.0	0.0001	0.00015	4e-05	2e-05	0.00017	0.0	4e-05	7e-05	7e-05	0.0	2e-05	0.00011	0.0001	7e-05	3e-05	1e-05	2e-05	9e-05	7e-05	2e-05	2e-05	
0.01589	0.04645	0.14632	0.17663	0.08477	0.15597	0.02518	0.0	0.0628	0.13241	0.02996	0.08232	0.02248	0.04923	0.10465	0.02683	3e-05	0.0966	0.02683	0.02683	0.05789	3e-05	3e-05	0.04152	0.2298	0.12508	0.065	0.09323	0.06738	0.05999	0.06748	0.1197	0.05172	0.20087	0.04362	3e-05	0.03396	0.0	0.08062	0.0376	0.01068	0.27404	0.0726	3e-05	0.0	0.0602	0.02297	0.05842	0.11693	3e-05	0.04923	0.1552	0.06278	0.05262	0.15769	0.05219	0.34466	0.05366	0.02362	0.04647	0.15569	3e-05	0.06885	0.0329	0.03135	0.09242	0.02883	3e-05	0.12637	0.01777	0.0472	3e-05	0.18804	0.04831	0.15624	0.09594	0.12822	0.15251	0.1613	0.01651	0.01777	0.08303	0.2654	
0.02001	0.03003	0.01641	0.09494	0.03692	0.03116	0.03375	0.0	0.06439	0.07279	0.10288	0.06203	0.0085	0.00748	0.23808	0.00989	6e-05	0.01278	0.00989	0.00989	0.03279	6e-05	6e-05	0.02961	0.06691	0.02888	0.04619	0.0768	0.09092	0.11236	0.13268	0.11855	0.39513	0.11515	0.01416	6e-05	0.28322	0.0	0.02833	0.09747	0.02487	0.0285	0.30518	6e-05	0.0602	0.0	0.00866	0.01884	0.02458	6e-05	0.00748	0.02642	0.03071	0.06455	0.0212	0.07562	0.07305	0.01668	0.05956	0.02273	0.10299	6e-05	0.02152	0.01174	0.02314	0.04065	0.01051	6e-05	0.02372	0.02664	0.08962	6e-05	0.07359	0.01613	0.01989	0.01775	0.04674	0.08904	0.08014	0.02328	0.02664	0.15904	0.05904	
0.01243	0.01685	0.00999	0.01984	0.02036	0.01681	0.01963	0.0	0.03425	0.04831	0.08042	0.03535	0.0061	0.00549	0.01481	0.00691	0.0002	0.00854	0.00691	0.00691	0.01788	0.0002	0.0002	0.01664	0.0423	0.01613	0.06356	0.08615	0.03032	0.01851	0.01746	0.09511	0.00987	0.01128	0.00885	0.0002	0.01653	0.0	0.1431	0.02279	0.01497	0.0156	0.08993	0.0002	0.02297	0.00866	0.0	0.0118	0.01483	0.0002	0.00549	0.01598	0.11997	0.05287	0.33448	0.03094	0.04969	0.01011	0.01196	0.01386	0.02163	0.0002	0.18055	0.00796	0.01335	0.02191	0.00726	0.0002	0.01371	0.01591	0.06781	0.0002	0.05037	0.01036	0.01237	0.01065	0.06466	0.01536	0.04134	0.01415	0.01591	0.06002	0.03301	
0.09814	0.04157	0.02251	0.0497	0.02636	0.07353	0.02738	0.0	0.00206	0.01377	0.04607	0.00836	0.01159	0.01018	0.03738	0.01348	0.0001	0.01746	0.01348	0.01348	0.03439	0.0001	0.0001	0.04524	0.00823	0.05238	0.06439	0.03453	0.04727	0.03515	0.04381	0.02402	0.20366	0.10133	0.0194	0.0001	0.04059	0.0	0.05634	0.05528	0.03424	0.03947	0.03973	0.0001	0.05842	0.01884	0.0118	0.0	0.03384	0.0001	0.01018	0.04321	0.07113	0.19689	0.02918	0.13633	0.00851	0.20054	0.02771	0.03126	0.01989	0.0001	0.05494	0.34263	0.20417	0.04757	0.2899	0.0001	0.0328	0.05082	0.18366	0.0001	0.06715	0.10554	0.0273	0.23295	0.10282	0.03899	0.03386	0.03201	0.05082	0.01814	0.01159	
0.03608	0.01242	0.02973	0.10022	0.02463	0.04833	0.06317	0.0	0.02367	0.01846	0.06318	0.01151	0.14436	0.0127	0.04206	0.01705	8e-05	0.03105	0.01705	0.01705	0.06312	8e-05	8e-05	0.05603	0.02358	0.05476	0.0146	0.00158	0.04746	0.05365	0.01	0.10887	0.02935	0.14261	0.02539	8e-05	0.01182	0.0	0.05245	0.00177	0.04555	0.12233	0.05484	8e-05	0.11693	0.02458	0.01483	0.03384	0.0	8e-05	0.12312	0.01615	0.05918	0.01246	0.04033	0.00065	0.09194	0.03028	0.01873	0.04138	0.00067	8e-05	0.03901	0.02044	0.04304	0.03325	0.01818	8e-05	0.04218	0.04904	0.08354	8e-05	0.02277	0.02867	0.03317	0.03236	0.09257	0.06792	0.06373	0.04243	0.04904	0.0817	0.08895	
0.00012	3e-05	8e-05	3e-05	4e-05	2e-05	7e-05	0.0	5e-05	3e-05	5e-05	4e-05	0.00021	0.00024	1e-05	0.00018	0.0	0.00014	0.00018	0.00018	1e-05	0.0	0.0	3e-05	4e-05	4e-05	6e-05	2e-05	1e-05	3e-05	3e-05	5e-05	5e-05	4e-05	6e-05	0.0	3e-05	0.0	8e-05	6e-05	8e-05	2e-05	1e-05	0.0	3e-05	6e-05	0.0002	0.0001	8e-05	0.0	0.00024	9e-05	1e-05	3e-05	4e-05	5e-05	2e-05	5e-05	6e-05	8e-05	6e-05	0.0	0.0001	0.00015	4e-05	2e-05	0.00017	0.0	4e-05	7e-05	7e-05	0.0	2e-05	0.00011	0.0001	7e-05	3e-05	1e-05	2e-05	9e-05	7e-05	2e-05	2e-05	
0.01071	0.01426	0.00857	0.01675	0.05775	0.01413	0.0167	0.0	0.03897	0.02249	0.01576	0.02966	0.00541	0.00489	0.01248	0.00609	0.00024	0.3376	0.00609	0.00609	0.01506	0.00024	0.00024	0.01408	0.02522	0.01364	0.05341	0.07112	0.0431	0.01565	0.01474	0.01606	0.00847	0.00963	0.00762	0.00024	0.01399	0.0	0.01449	0.01934	0.01282	0.01315	0.01326	0.00024	0.04923	0.00748	0.00549	0.01018	0.12312	0.00024	0.0	0.01364	0.01411	0.03078	0.01061	0.02616	0.02213	0.00867	0.0102	0.01189	0.01837	0.00024	0.01137	0.00697	0.01134	0.01842	0.00639	0.00024	0.01163	0.0136	0.0211	0.00024	0.02201	0.00897	0.01065	0.00912	0.02113	0.01294	0.03405	0.01213	0.0136	0.01909	0.02793	
0.03908	0.15741	0.03205	0.1481	0.01602	0.04702	0.00717	0.0	0.01358	0.09271	0.01521	0.04002	0.01561	0.01364	0.06737	0.0183	9e-05	0.02402	0.0183	0.0183	0.01718	9e-05	9e-05	0.1374	0.1033	0.05992	0.00163	0.08673	0.09306	0.06836	0.06583	0.06061	0.1069	0.19951	0.1222	9e-05	0.06024	0.0	0.02297	0.08313	0.02595	0.15356	0.05968	9e-05	0.1552	0.02642	0.01598	0.04321	0.01615	9e-05	0.01364	0.0	0.06504	0.02954	0.38183	0.09939	0.15533	0.32815	0.07922	0.04479	0.00125	9e-05	0.04308	0.02203	0.02379	0.03515	0.12884	9e-05	0.0438	0.00206	0.07683	9e-05	0.01195	0.18623	0.19975	0.0349	0.04947	0.29331	0.0804	0.00538	0.00206	0.02307	0.09266	
0.06652	0.22548	0.1483	0.10164	0.21183	0.19817	0.20271	0.0	0.15999	0.17322	0.26856	0.23512	0.01638	0.01411	0.08931	0.01957	1e-05	0.02658	0.01957	0.01957	0.09518	1e-05	1e-05	0.19404	0.24491	0.17552	0.02318	0.13533	0.12558	0.09052	0.08933	0.23783	0.14769	0.09367	0.03192	1e-05	0.07955	0.0	0.17327	0.08996	0.29027	0.26127	0.068	1e-05	0.06278	0.03071	0.11997	0.07113	0.05918	1e-05	0.01411	0.06504	0.0	0.0732	0.14887	0.08632	0.14669	0.28357	0.12288	0.05773	0.10013	1e-05	0.39061	0.02404	0.10952	0.1282	0.15956	1e-05	0.05547	0.10204	0.15448	1e-05	0.07305	0.08326	0.04557	0.14796	0.25	0.19341	0.18981	0.1022	0.10204	0.215	0.179	
0.19418	0.0728	0.07985	0.05958	0.11908	0.16711	0.08063	0.0	0.03835	0.04425	0.04578	0.07658	0.03671	0.03078	0.14689	0.04407	3e-05	0.05921	0.04407	0.04407	0.14528	3e-05	3e-05	0.12479	0.07515	0.02823	0.024	0.05164	0.1031	0.10582	0.03807	0.05743	0.07843	0.09535	0.0736	3e-05	0.0467	0.0	0.20118	0.02075	0.01678	0.08358	0.07637	3e-05	0.05262	0.06455	0.05287	0.19689	0.01246	3e-05	0.03078	0.02954	0.0732	0.0	0.13699	0.0477	0.06279	0.08112	0.04069	0.0355	0.096	3e-05	0.08845	0.28922	0.21208	0.11149	0.04752	3e-05	0.07161	0.10615	0.06635	3e-05	0.05144	0.0818	0.01702	0.28626	0.10393	0.05246	0.05517	0.01134	0.10615	0.10846	0.09154	
0.03117	0.16893	0.02586	0.15335	0.0358	0.06255	0.03316	0.0	0.02457	0.09543	0.09311	0.11883	0.0122	0.01061	0.08399	0.01438	4e-05	0.01904	0.01438	0.01438	0.05632	4e-05	4e-05	0.16905	0.09721	0.04858	0.04891	0.11746	0.05867	0.05496	0.05368	0.10121	0.02552	0.16015	0.02194	4e-05	0.04905	0.0	0.16403	0.06609	0.05442	0.24095	0.09828	4e-05	0.15769	0.0212	0.33448	0.02918	0.04033	4e-05	0.01061	0.38183	0.14887	0.13699	0.0	0.09432	0.17982	0.19288	0.10352	0.03588	0.022	4e-05	0.12569	0.01734	0.0379	0.07083	0.01536	4e-05	0.03886	0.0427	0.09466	4e-05	0.04592	0.0246	0.05929	0.02824	0.10317	0.28898	0.07601	0.03682	0.0427	0.09345	0.16389	
0.00201	0.02785	0.06887	0.09684	0.04027	0.0821	0.01409	0.0	0.04069	0.07428	0.03663	0.03869	0.05071	0.04362	0.12221	0.06066	5e-05	0.0013	0.06066	0.06066	0.05212	5e-05	5e-05	0.03189	0.07543	0.05448	0.02096	0.20643	0.03669	0.26781	0.14736	0.03575	0.11843	0.03605	0.07356	5e-05	0.09828	0.0	0.00387	0.05059	0.01209	0.06252	0.06382	5e-05	0.05219	0.07562	0.03094	0.13633	0.00065	5e-05	0.02616	0.09939	0.08632	0.0477	0.09432	0.0	0.10489	0.08438	0.0263	0.0088	0.10977	5e-05	0.00024	0.07468	0.11211	0.03751	0.06526	5e-05	0.05074	0.00216	0.01824	5e-05	0.03616	0.00553	0.08285	0.09178	0.00619	0.14324	0.1906	0.01404	0.00216	0.08382	0.05979	
0.07302	0.03602	0.06084	0.27887	0.04192	0.19797	0.14307	0.0	0.33486	0.26403	0.04867	0.0641	0.04857	0.02213	0.13842	0.05848	2e-05	0.0419	0.05848	0.05848	0.1489	2e-05	2e-05	0.13121	0.43732	0.05678	0.05394	0.40098	0.05222	0.03391	0.12998	0.23022	0.11945	0.21052	0.07045	2e-05	0.11798	0.0	0.02363	0.17492	0.01723	0.18543	0.13003	2e-05	0.34466	0.07305	0.04969	0.00851	0.09194	2e-05	0.02213	0.15533	0.14669	0.06279	0.17982	0.10489	0.0	0.08089	0.08733	0.00956	0.10841	2e-05	0.16457	0.03779	0.09518	0.2168	0.06308	2e-05	0.04728	0.10524	0.06859	2e-05	0.41575	0.0127	0.15956	0.06743	0.11025	0.20718	0.12899	0.0885	0.10524	0.12843	0.4478	
0.02439	0.27908	0.02014	0.04557	0.10136	0.04008	0.12099	0.0	0.08473	0.08176	0.1106	0.08637	0.00992	0.00867	0.16032	0.01162	5e-05	0.01521	0.01162	0.01162	0.04201	5e-05	5e-05	0.28019	0.07833	0.13392	0.05842	0.10708	0.09833	0.04146	0.04027	0.11321	0.33282	0.20946	0.01723	5e-05	0.03709	0.0	0.1657	0.05007	0.1665	0.12925	0.03665	5e-05	0.05366	0.01668	0.01011	0.20054	0.03028	5e-05	0.00867	0.32815	0.28357	0.08112	0.19288	0.08438	0.08089	0.0	0.23101	0.0279	0.04716	5e-05	0.17135	0.01391	0.02896	0.0524	0.48183	5e-05	0.02966	0.03295	0.09207	5e-05	0.06168	0.24352	0.02425	0.02189	0.09671	0.23718	0.10727	0.0286	0.03295	0.08859	0.07476	
0.02962	0.1931	0.02448	0.05708	0.04645	0.05039	0.04819	0.0	0.03262	0.04771	0.22251	0.03814	0.0117	0.0102	0.09874	0.01375	6e-05	0.01814	0.01375	0.01375	0.05275	6e-05	6e-05	0.1934	0.09082	0.04561	0.09079	0.11366	0.06368	0.04694	0.03584	0.1779	0.02412	0.03008	0.02074	6e-05	0.04604	0.0	0.0732	0.09177	0.07523	0.16455	0.1083	6e-05	0.02362	0.05956	0.01196	0.02771	0.01873	6e-05	0.0102	0.07922	0.12288	0.04069	0.10352	0.0263	0.08733	0.23101	0.0	0.034	0.05868	6e-05	0.12871	0.01659	0.03559	0.10306	0.01472	6e-05	0.07885	0.04035	0.09093	6e-05	0.08715	0.02338	0.02932	0.02669	0.09846	0.17952	0.07512	0.03479	0.04035	0.08904	0.22734	
0.06641	0.03055	0.19494	0.01041	0.16298	0.13942	0.01271	0.0	0.0162	0.23976	0.01894	0.11985	0.01359	0.13804	0.05609	0.19729	8e-05	0.03736	0.19729	0.19729	0.13293	8e-05	8e-05	0.05112	0.12349	0.07144	0.22354	0.00942	0.04073	0.05513	0.03859	0.05111	0.02705	0.032	0.15736	8e-05	0.01725	0.0	0.04998	0.0003	0.03672	0.14479	0.0499	8e-05	0.04647	0.02273	0.01386	0.03126	0.04138	8e-05	0.01189	0.04479	0.05773	0.0355	0.03588	0.0088	0.00956	0.0279	0.034	0.0	0.00083	8e-05	0.03596	0.01903	0.03942	0.0339	0.01694	8e-05	0.04059	0.04505	0.07613	8e-05	0.00871	0.02656	0.03311	0.18779	0.02277	0.04902	0.05533	0.00315	0.04505	0.07403	0.02195	
0.01497	0.02295	0.04621	0.17398	0.02652	0.17116	0.00066	0.0	0.0322	0.02739	0.0146	0.02145	0.02118	0.01837	0.0867	0.09638	6e-05	0.03346	0.09638	0.09638	0.06069	6e-05	6e-05	0.01928	0.02638	0.09027	0.00093	0.06163	0.05927	0.17665	0.05539	0.01363	0.10373	0.10362	0.0935	6e-05	0.10241	0.0	0.00285	0.04895	0.00112	0.07114	0.07085	6e-05	0.15569	0.10299	0.02163	0.01989	0.00067	6e-05	0.01837	0.00125	0.10013	0.096	0.022	0.10977	0.10841	0.04716	0.05868	0.00083	0.0	6e-05	0.06076	0.11955	0.11864	0.02393	0.02683	6e-05	0.07181	0.0015	0.00887	6e-05	0.11598	0.04362	0.00698	0.11249	0.00767	0.06726	0.15444	0.06654	0.0015	0.18232	0.07779	
0.00012	3e-05	8e-05	3e-05	4e-05	2e-05	7e-05	0.0	5e-05	3e-05	5e-05	4e-05	0.00021	0.00024	1e-05	0.00018	0.0	0.00014	0.00018	0.00018	1e-05	0.0	0.0	3e-05	4e-05	4e-05	6e-05	2e-05	1e-05	3e-05	3e-05	5e-05	5e-05	4e-05	6e-05	0.0	3e-05	0.0	8e-05	6e-05	8e-05	2e-05	1e-05	0.0	3e-05	6e-05	0.0002	0.0001	8e-05	0.0	0.00024	9e-05	1e-05	3e-05	4e-05	5e-05	2e-05	5e-05	6e-05	8e-05	6e-05	0.0	0.0001	0.00015	4e-05	2e-05	0.00017	0.0	4e-05	7e-05	7e-05	0.0	2e-05	0.00011	0.0001	7e-05	3e-05	1e-05	2e-05	9e-05	7e-05	2e-05	2e-05	
0.03147	0.04862	0.02587	0.05835	0.06033	0.051	0.0543	0.0	0.10227	0.16302	0.09752	0.11212	0.01297	0.01137	0.0439	0.01516	0.0001	0.01976	0.01516	0.01516	0.05359	0.0001	0.0001	0.04791	0.13741	0.04434	0.02265	0.15488	0.1	0.05334	0.05142	0.36745	0.17349	0.08316	0.0222	0.0001	0.04743	0.0	0.00754	5e-05	0.03948	0.02446	0.08649	0.0001	0.06885	0.02152	0.18055	0.05494	0.03901	0.0001	0.01137	0.04308	0.39061	0.08845	0.12569	0.00024	0.16457	0.17135	0.12871	0.03596	0.06076	0.0001	0.0	0.0181	0.03705	0.02982	0.23362	0.0001	0.03466	0.04243	0.22236	0.0001	0.02283	0.08022	0.03129	0.02809	0.23749	0.04584	0.1404	0.03685	0.04243	0.21181	0.14313	
0.30919	0.0239	0.01372	0.02827	0.10235	0.15128	0.13832	0.0	0.06648	0.03869	0.02644	0.0516	0.00783	0.00697	0.02118	0.00897	0.00015	0.01129	0.00897	0.00897	0.10776	0.00015	0.00015	0.14238	0.04334	0.02291	0.037	0.03456	0.08841	0.13265	0.02491	0.02687	0.01355	0.01564	0.01203	0.00015	0.0234	0.0	0.21366	0.0321	0.02066	0.02233	0.0225	0.00015	0.0329	0.01174	0.00796	0.34263	0.02044	0.00015	0.00697	0.02203	0.02404	0.28922	0.01734	0.07468	0.03779	0.01391	0.01659	0.01903	0.11955	0.00015	0.0181	0.0	0.40022	0.11453	0.00947	0.00015	0.01923	0.19498	0.09833	0.00015	0.03754	0.01392	0.01684	0.50249	0.07571	0.02201	0.06009	0.01945	0.19498	0.03264	0.04869	
0.19152	0.02779	0.02839	0.0682	0.11418	0.50247	0.12479	0.0	0.16997	0.10001	0.06252	0.05688	0.01307	0.01134	0.05172	0.01546	4e-05	0.0206	0.01546	0.01546	0.33173	4e-05	4e-05	0.58027	0.04504	0.10786	0.08689	0.08843	0.27823	0.19941	0.06024	0.06262	0.02801	0.03359	0.12102	4e-05	0.05478	0.0	0.15671	0.07368	0.0436	0.05471	0.05497	4e-05	0.03135	0.02314	0.01335	0.20417	0.04304	4e-05	0.01134	0.02379	0.10952	0.21208	0.0379	0.11211	0.09518	0.02896	0.03559	0.03942	0.11864	4e-05	0.03705	0.40022	0.0	0.46678	0.01654	4e-05	0.08573	0.79457	0.11334	4e-05	0.09412	0.04255	0.03017	0.30322	0.22565	0.35283	0.14744	0.38195	0.79457	0.16585	0.11163	
