0.0	0.11336	0.28762	0.07519	0.10187	0.08405	0.06128	0.0	0.16933	0.06142	0.0088	0.0004	0.0004	0.0004	0.0004	0.09269	0.12497	0.04375	0.09048	0.05266	0.36936	0.19985	0.23753	0.04131	0.20569	0.06493	0.34158	0.38349	0.24849	0.0	0.0	0.0	0.1531	0.25226	0.07316	0.09729	0.00438	0.00438	0.03366	0.0004	0.0004	0.0004	0.0004	0.0004	0.0004	0.0004	0.0004	0.0004	0.0004	0.04291	0.0004	0.03062	0.08555	0.0004	0.11826	0.1783	0.26861	0.29601	0.10486	0.46317	0.31297	0.0	0.0	0.0	0.0	0.0	0.0	0.0	0.0	0.0	0.0	0.0	0.0	0.0	0.0	0.21856	0.2718	0.11198	0.10905	0.10883	0.03312	0.07437	0.11349	0.10898	0.0004	0.0004	0.07379	0.12119	0.08561	0.08128	0.15129	0.18641	0.18532	0.08203	0.10083	0.42179	0.0	0.07923	0.27467	0.16997	0.05153	0.1023	0.08376	0.0004	0.0004	0.0004	0.0004	0.12404	0.02723	0.08829	0.07673	0.18588	0.18011	0.22191	
0.11336	0.0	0.23821	0.15655	0.09067	0.15049	0.15612	0.0	0.19533	0.08846	0.04653	0.00086	0.00086	0.00086	0.00086	0.06203	0.06411	0.11028	0.14691	0.06821	0.12079	0.1843	0.51548	0.14245	0.22853	0.16519	0.2759	0.31717	0.12695	0.0	0.0	0.0	0.24232	0.35543	0.11355	0.19717	0.02341	0.02341	0.01905	0.00086	0.00086	0.00086	0.00086	0.00086	0.00086	0.00086	0.00086	0.00086	0.00086	0.08747	0.00086	0.03204	0.02444	0.00086	0.13724	0.10345	0.16313	0.13074	0.1877	0.42858	0.10071	0.0	0.0	0.0	0.0	0.0	0.0	0.0	0.0	0.0	0.0	0.0	0.0	0.0	0.0	0.12724	0.17315	0.06929	0.06556	0.04105	0.14202	0.14309	0.03349	0.15139	0.00086	0.00086	0.12633	0.2038	0.0424	0.07526	0.14414	0.1156	0.15665	0.12426	0.13167	0.26106	0.0	0.13333	0.19987	0.1083	0.14131	0.19465	0.10831	0.00086	0.00086	0.00086	0.00086	0.22513	0.13836	0.07103	0.13824	0.1944	0.28962	0.1536	
0.28762	0.23821	0.0	0.10984	0.14057	0.16043	0.27614	0.0	0.32356	0.09232	0.10419	0.0014	0.0014	0.0014	0.0014	0.08341	0.24591	0.12391	0.25192	0.05811	0.17259	0.12777	0.24646	0.18573	0.28415	0.1229	0.41267	0.32463	0.45859	0.0	0.0	0.0	0.17468	0.27329	0.16771	0.08075	0.039	0.039	0.01622	0.0014	0.0014	0.0014	0.0014	0.0014	0.0014	0.0014	0.0014	0.0014	0.0014	0.06346	0.0014	0.04743	0.04815	0.0014	0.17777	0.5118	0.22521	0.28749	0.26829	0.48216	0.16424	0.0	0.0	0.0	0.0	0.0	0.0	0.0	0.0	0.0	0.0	0.0	0.0	0.0	0.0	0.14114	0.16642	0.11294	0.12718	0.1579	0.16237	0.26516	0.2139	0.131	0.0014	0.0014	0.07811	0.28842	0.06914	0.06241	0.14282	0.18258	0.20804	0.15684	0.18278	0.68733	0.0	0.20172	0.37871	0.14847	0.13779	0.3258	0.10591	0.0014	0.0014	0.0014	0.0014	0.23162	0.15191	0.17949	0.10269	0.34354	0.18656	0.12727	
0.07519	0.15655	0.10984	0.0	0.22726	0.31898	0.35969	0.0	0.17804	0.11911	0.12302	0.00761	0.00761	0.00761	0.00761	0.08694	0.46207	0.3442	0.19606	0.1288	0.16035	0.21506	0.31236	0.47181	0.33308	0.38753	0.3626	0.3535	0.63042	0.0	0.0	0.0	0.38768	0.3951	0.38393	0.33627	0.4794	0.4794	0.03334	0.00761	0.00761	0.00761	0.00761	0.00761	0.00761	0.00761	0.00761	0.00761	0.00761	0.04652	0.00761	0.09177	0.1316	0.00761	0.13136	0.25968	0.20138	0.14725	0.16352	0.57434	0.29544	0.0	0.0	0.0	0.0	0.0	0.0	0.0	0.0	0.0	0.0	0.0	0.0	0.0	0.0	0.2936	0.23957	0.12075	0.0944	0.22922	0.22181	0.07771	0.09033	0.31318	0.00761	0.00761	0.12708	0.46271	0.06093	0.14742	0.19047	0.06138	0.15629	0.09656	0.08582	0.39369	0.0	0.32408	0.21292	0.19061	0.20902	0.15058	0.12716	0.00761	0.00761	0.00761	0.00761	0.42946	0.34372	0.22263	0.58728	0.20807	0.23851	0.21994	
0.10187	0.09067	0.14057	0.22726	0.0	0.18505	0.17314	0.0	0.29988	0.17666	0.07126	0.00389	0.00389	0.00389	0.00389	0.05248	0.22057	0.15557	0.29375	0.08022	0.25104	0.06028	0.12482	0.11276	0.28306	0.21425	0.29666	0.20588	0.48306	0.0	0.0	0.0	0.17717	0.1781	0.14259	0.18906	0.08117	0.08117	0.01199	0.00389	0.00389	0.00389	0.00389	0.00389	0.00389	0.00389	0.00389	0.00389	0.00389	0.13843	0.00389	0.02614	0.17988	0.00389	0.09429	0.27883	0.24619	0.32707	0.25729	0.29339	0.1251	0.0	0.0	0.0	0.0	0.0	0.0	0.0	0.0	0.0	0.0	0.0	0.0	0.0	0.0	0.14105	0.08432	0.0521	0.06509	0.15193	0.15183	0.20251	0.0856	0.25292	0.00389	0.00389	0.1387	0.22276	0.03675	0.08338	0.13623	0.07572	0.13251	0.10898	0.12394	0.37235	0.0	0.13807	0.13732	0.06102	0.10052	0.1273	0.07402	0.00389	0.00389	0.00389	0.00389	0.17719	0.17587	0.55113	0.1946	0.12049	0.0963	0.05498	
0.08405	0.15049	0.16043	0.31898	0.18505	0.0	0.29909	0.0	0.28085	0.0914	0.15525	0.00761	0.00761	0.00761	0.00761	0.10704	0.20855	0.19172	0.16625	0.16316	0.20315	0.21787	0.48918	0.25024	0.30223	0.29772	0.4432	0.54596	0.40072	0.0	0.0	0.0	0.31457	0.31173	0.76628	0.39439	0.349	0.349	0.00839	0.00761	0.00761	0.00761	0.00761	0.00761	0.00761	0.00761	0.00761	0.00761	0.00761	0.04071	0.00761	0.07401	0.09956	0.00761	0.11834	0.38052	0.25979	0.21134	0.16959	0.6445	0.47226	0.0	0.0	0.0	0.0	0.0	0.0	0.0	0.0	0.0	0.0	0.0	0.0	0.0	0.0	0.18971	0.20998	0.20065	0.04639	0.2811	0.16825	0.10642	0.05626	0.21597	0.00761	0.00761	0.13369	0.33488	0.04546	0.04661	0.17645	0.19172	0.13239	0.21332	0.16702	0.8101	0.0	0.25739	0.26954	0.20185	0.05074	0.27428	0.15291	0.00761	0.00761	0.00761	0.00761	0.61223	0.90481	0.18958	0.31511	0.1878	0.25644	0.15561	
0.06128	0.15612	0.27614	0.35969	0.17314	0.29909	0.0	0.0	0.40513	0.10067	0.14778	0.00393	0.00393	0.00393	0.00393	0.11825	0.23746	0.21488	0.16689	0.17243	0.12569	0.09183	0.32732	0.5463	0.34121	0.25443	0.49462	0.47324	0.6715	0.0	0.0	0.0	0.52402	0.38375	0.38975	0.15198	0.25559	0.25559	0.04419	0.00393	0.00393	0.00393	0.00393	0.00393	0.00393	0.00393	0.00393	0.00393	0.00393	0.05045	0.00393	0.10002	0.14332	0.00393	0.1792	0.2721	0.20118	0.38656	0.60799	0.42143	0.11058	0.0	0.0	0.0	0.0	0.0	0.0	0.0	0.0	0.0	0.0	0.0	0.0	0.0	0.0	0.2573	0.1998	0.13989	0.10516	0.17852	0.1685	0.07525	0.15881	0.38243	0.00393	0.00393	0.22497	0.51153	0.07918	0.22637	0.13858	0.13303	0.10727	0.22898	0.10787	0.70919	0.0	0.22978	0.35478	0.11841	0.05298	0.26221	0.16327	0.00393	0.00393	0.00393	0.00393	0.38809	0.29661	0.23544	0.3862	0.18427	0.24719	0.23239	
0.0	0.0	0.0	0.0	0.0	0.0	0.0	0.0	0.0	0.0	0.0	0.0	0.0	0.0	0.0	0.0	0.0	0.0	0.0	0.0	0.0	0.0	0.0	0.0	0.0	0.0	0.0	0.0	0.0	0.0	0.0	0.0	0.0	0.0	0.0	0.0	0.0	0.0	0.0	0.0	0.0	0.0	0.0	0.0	0.0	0.0	0.0	0.0	0.0	0.0	0.0	0.0	0.0	0.0	0.0	0.0	0.0	0.0	0.0	0.0	0.0	0.0	0.0	0.0	0.0	0.0	0.0	0.0	0.0	0.0	0.0	0.0	0.0	0.0	0.0	0.0	0.0	0.0	0.0	0.0	0.0	0.0	0.0	0.0	0.0	0.0	0.0	0.0	0.0	0.0	0.0	0.0	0.0	0.0	0.0	0.0	0.0	0.0	0.0	0.0	0.0	0.0	0.0	0.0	0.0	0.0	0.0	0.0	0.0	0.0	0.0	0.0	0.0	0.0	
0.16933	0.19533	0.32356	0.17804	0.29988	0.28085	0.40513	0.0	0.0	0.14539	0.14566	0.00376	0.00376	0.00376	0.00376	0.33164	0.15297	0.21522	0.23378	0.1729	0.29347	0.33596	0.56579	0.39901	0.54819	0.21561	0.74637	0.30201	0.90504	0.0	0.0	0.0	0.71029	0.70877	0.23825	0.19211	0.12008	0.12008	0.14891	0.00376	0.00376	0.00376	0.00376	0.00376	0.00376	0.00376	0.00376	0.00376	0.00376	0.05332	0.00376	0.10282	0.04738	0.00376	0.13257	0.43214	0.42699	0.48443	0.67301	2.0652	0.55404	0.0	0.0	0.0	0.0	0.0	0.0	0.0	0.0	0.0	0.0	0.0	0.0	0.0	0.0	0.29794	0.60722	0.20284	0.08586	0.27541	0.22675	0.35492	0.34554	0.46087	0.00376	0.00376	0.30125	0.30624	0.13553	0.31018	0.33937	0.22701	0.31718	0.17704	0.10789	0.58955	0.0	0.21007	0.38261	0.20788	0.07821	0.1515	0.20265	0.00376	0.00376	0.00376	0.00376	0.40038	0.26044	0.34269	0.14451	0.28202	0.17526	0.09407	
0.06142	0.08846	0.09232	0.11911	0.17666	0.0914	0.10067	0.0	0.14539	0.0	0.03957	0.00154	0.00154	0.00154	0.00154	0.03218	0.14722	0.09305	0.17847	0.099	0.09067	0.11698	0.29694	0.16652	0.1298	0.06814	0.48108	0.23932	0.44117	0.0	0.0	0.0	0.05558	0.09636	0.07193	0.02413	0.04604	0.04604	0.00893	0.00154	0.00154	0.00154	0.00154	0.00154	0.00154	0.00154	0.00154	0.00154	0.00154	0.0183	0.00154	0.04408	0.05871	0.00154	0.04115	0.07279	0.05737	0.07992	0.07851	0.51757	0.07374	0.0	0.0	0.0	0.0	0.0	0.0	0.0	0.0	0.0	0.0	0.0	0.0	0.0	0.0	0.10893	0.17373	0.0428	0.05968	0.07969	0.07317	0.0316	0.05779	0.06829	0.00154	0.00154	0.10788	0.20954	0.02052	0.04463	0.07825	0.0742	0.1509	0.0196	0.25128	0.18055	0.0	0.3479	0.06343	0.05244	0.1402	0.0899	0.05443	0.00154	0.00154	0.00154	0.00154	0.12149	0.06855	0.32479	0.17299	0.10957	0.07269	0.04313	
0.0088	0.04653	0.10419	0.12302	0.07126	0.15525	0.14778	0.0	0.14566	0.03957	0.0	0.00533	0.00533	0.00533	0.00533	0.03026	0.15082	0.17455	0.13599	0.10583	0.04855	0.06394	0.13927	0.19311	0.1512	0.41608	0.10472	0.154	0.28039	0.0	0.0	0.0	0.12863	0.12644	0.38149	0.19175	0.0	0.0	0.00065	0.00533	0.00533	0.00533	0.00533	0.00533	0.00533	0.00533	0.00533	0.00533	0.00533	0.02072	0.00533	0.03006	0.05312	0.00533	0.04184	0.35779	0.27817	0.12632	0.06422	0.15149	0.21155	0.0	0.0	0.0	0.0	0.0	0.0	0.0	0.0	0.0	0.0	0.0	0.0	0.0	0.0	0.04393	0.05449	0.06199	0.02098	0.04712	0.12815	0.1407	0.06538	0.0653	0.00533	0.00533	0.11226	0.20235	0.02114	0.04106	0.07786	0.13614	0.09575	0.15053	0.0618	0.13765	0.0	0.16094	0.06596	0.12833	0.1655	0.10589	0.29137	0.00533	0.00533	0.00533	0.00533	0.14001	0.1711	0.05994	0.10285	0.12455	0.09279	0.04058	
0.0004	0.00086	0.0014	0.00761	0.00389	0.00761	0.00393	0.0	0.00376	0.00154	0.00533	0.0	0.0	0.0	0.0	0.00826	0.00662	0.00604	0.00454	0.00211	0.00056	0.00054	0.00169	0.00035	0.00102	0.00131	0.00056	0.0011	0.00255	0.0	0.0	0.0	0.00189	0.00121	0.00056	0.00021	0.0	0.0	0.0	0.0	0.0	0.0	0.0	0.0	0.0	0.0	0.0	0.0	0.0	0.0048	0.0	0.00014	0.00051	0.0	0.00429	0.0022	0.00189	0.0014	0.00105	0.00195	0.00042	0.0	0.0	0.0	0.0	0.0	0.0	0.0	0.0	0.0	0.0	0.0	0.0	0.0	0.0	0.0033	0.00143	0.00054	0.00027	0.00187	0.00571	0.00064	0.00261	0.00323	0.0	0.0	0.00304	0.00669	0.00048	0.00483	0.00411	0.00028	0.00109	0.00302	0.00111	0.01063	0.0	0.00506	0.0035	0.00087	0.00078	0.00308	0.00528	0.0	0.0	0.0	0.0	0.00765	0.00847	0.0034	0.00527	0.00266	0.00177	0.00274	
0.0004	0.00086	0.0014	0.00761	0.00389	0.00761	0.00393	0.0	0.00376	0.00154	0.00533	0.0	0.0	0.0	0.0	0.00826	0.00662	0.00604	0.00454	0.00211	0.00056	0.00054	0.00169	0.00035	0.00102	0.00131	0.00056	0.0011	0.00255	0.0	0.0	0.0	0.00189	0.00121	0.00056	0.00021	0.0	0.0	0.0	0.0	0.0	0.0	0.0	0.0	0.0	0.0	0.0	0.0	0.0	0.0048	0.0	0.00014	0.00051	0.0	0.00429	0.0022	0.00189	0.0014	0.00105	0.00195	0.00042	0.0	0.0	0.0	0.0	0.0	0.0	0.0	0.0	0.0	0.0	0.0	0.0	0.0	0.0	0.0033	0.00143	0.00054	0.00027	0.00187	0.00571	0.00064	0.00261	0.00323	0.0	0.0	0.00304	0.00669	0.00048	0.00483	0.00411	0.00028	0.00109	0.00302	0.00111	0.01063	0.0	0.00506	0.0035	0.00087	0.00078	0.00308	0.00528	0.0	0.0	0.0	0.0	0.00765	0.00847	0.0034	0.00527	0.00266	0.00177	0.00274	
0.0004	0.00086	0.0014	0.00761	0.00389	0.00761	0.00393	0.0	0.00376	0.00154	0.00533	0.0	0.0	0.0	0.0	0.00826	0.00662	0.00604	0.00454	0.00211	0.00056	0.00054	0.00169	0.00035	0.00102	0.00131	0.00056	0.0011	0.00255	0.0	0.0	0.0	0.00189	0.00121	0.00056	0.00021	0.0	0.0	0.0	0.0	0.0	0.0	0.0	0.0	0.0	0.0	0.0	0.0	0.0	0.0048	0.0	0.00014	0.00051	0.0	0.00429	0.0022	0.00189	0.0014	0.00105	0.00195	0.00042	0.0	0.0	0.0	0.0	0.0	0.0	0.0	0.0	0.0	0.0	0.0	0.0	0.0	0.0	0.0033	0.00143	0.00054	0.00027	0.00187	0.00571	0.00064	0.00261	0.00323	0.0	0.0	0.00304	0.00669	0.00048	0.00483	0.00411	0.00028	0.00109	0.00302	0.00111	0.01063	0.0	0.00506	0.0035	0.00087	0.00078	0.00308	0.00528	0.0	0.0	0.0	0.0	0.00765	0.00847	0.0034	0.00527	0.00266	0.00177	0.00274	
0.0004	0.00086	0.0014	0.00761	0.00389	0.00761	0.00393	0.0	0.00376	0.00154	0.00533	0.0	0.0	0.0	0.0	0.00826	0.00662	0.00604	0.00454	0.00211	0.00056	0.00054	0.00169	0.00035	0.00102	0.00131	0.00056	0.0011	0.00255	0.0	0.0	0.0	0.00189	0.00121	0.00056	0.00021	0.0	0.0	0.0	0.0	0.0	0.0	0.0	0.0	0.0	0.0	0.0	0.0	0.0	0.0048	0.0	0.00014	0.00051	0.0	0.00429	0.0022	0.00189	0.0014	0.00105	0.00195	0.00042	0.0	0.0	0.0	0.0	0.0	0.0	0.0	0.0	0.0	0.0	0.0	0.0	0.0	0.0	0.0033	0.00143	0.00054	0.00027	0.00187	0.00571	0.00064	0.00261	0.00323	0.0	0.0	0.00304	0.00669	0.00048	0.00483	0.00411	0.00028	0.00109	0.00302	0.00111	0.01063	0.0	0.00506	0.0035	0.00087	0.00078	0.00308	0.00528	0.0	0.0	0.0	0.0	0.00765	0.00847	0.0034	0.00527	0.00266	0.00177	0.00274	
0.09269	0.06203	0.08341	0.08694	0.05248	0.10704	0.11825	0.0	0.33164	0.03218	0.03026	0.00826	0.00826	0.00826	0.00826	0.0	0.03882	0.1203	0.01774	0.25191	0.08747	0.08058	0.08995	0.12401	0.09736	0.26738	0.06738	0.09919	0.18076	0.0	0.0	0.0	0.08319	0.08155	0.24492	0.12308	0.0	0.0	0.0	0.00826	0.00826	0.00826	0.00826	0.00826	0.00826	0.00826	0.00826	0.00826	0.00826	0.01905	0.00826	0.02459	0.0405	0.00826	0.03276	0.09392	0.07621	0.07008	0.08976	0.09787	0.13585	0.0	0.0	0.0	0.0	0.0	0.0	0.0	0.0	0.0	0.0	0.0	0.0	0.0	0.0	0.09517	0.08014	0.08022	0.05247	0.07905	0.07482	0.04484	0.10414	0.13615	0.00826	0.00826	0.07939	0.10517	0.01859	0.37684	0.36685	0.04897	0.06035	0.01416	0.01905	0.7045	0.0	0.10026	0.28003	0.03661	0.05517	0.07532	0.04126	0.00826	0.00826	0.00826	0.00826	0.09687	0.1181	0.0447	0.07352	0.08123	0.05044	0.03018	
0.12497	0.06411	0.24591	0.46207	0.22057	0.20855	0.23746	0.0	0.15297	0.14722	0.15082	0.00662	0.00662	0.00662	0.00662	0.03882	0.0	0.28915	0.21803	0.07879	0.0858	0.10969	0.25997	0.4106	0.42311	0.41522	0.39007	0.45608	0.45452	0.0	0.0	0.0	0.32556	0.53953	0.41704	0.2736	0.47144	0.47144	0.01715	0.00662	0.00662	0.00662	0.00662	0.00662	0.00662	0.00662	0.00662	0.00662	0.00662	0.06316	0.00662	0.11881	0.08457	0.00662	0.17144	0.30401	0.22723	0.17085	0.09391	0.52266	0.24658	0.0	0.0	0.0	0.0	0.0	0.0	0.0	0.0	0.0	0.0	0.0	0.0	0.0	0.0	0.19702	0.18281	0.02115	0.15286	0.18467	0.28905	0.11822	0.21136	0.22493	0.00662	0.00662	0.07808	0.44179	0.07225	0.07479	0.1337	0.13384	0.14059	0.08212	0.07039	0.39059	0.0	0.26843	0.22461	0.14409	0.17687	0.10437	0.17816	0.00662	0.00662	0.00662	0.00662	0.27191	0.20117	0.11882	0.29004	0.22328	0.22908	0.12409	
0.04375	0.11028	0.12391	0.3442	0.15557	0.19172	0.21488	0.0	0.21522	0.09305	0.17455	0.00604	0.00604	0.00604	0.00604	0.1203	0.28915	0.0	0.18743	0.11657	0.16951	0.23209	0.42039	0.51648	0.32752	0.43522	0.33983	0.33832	0.45374	0.0	0.0	0.0	0.78647	0.48385	0.42564	0.45509	0.64794	0.64794	0.09308	0.00604	0.00604	0.00604	0.00604	0.00604	0.00604	0.00604	0.00604	0.00604	0.00604	0.03826	0.00604	0.39896	0.21409	0.00604	0.10708	0.39535	0.20575	0.1236	0.19751	0.72615	0.24897	0.0	0.0	0.0	0.0	0.0	0.0	0.0	0.0	0.0	0.0	0.0	0.0	0.0	0.0	0.20227	0.20342	0.08661	0.13096	0.15687	0.29565	0.11302	0.13347	0.49993	0.00604	0.00604	0.22064	0.33735	0.08284	0.21255	0.239	0.04228	0.04635	0.1135	0.04597	0.39616	0.0	0.17122	0.22503	0.14309	0.24553	0.09481	0.31902	0.00604	0.00604	0.00604	0.00604	0.22991	0.18296	0.15809	0.3369	0.13185	0.09581	0.1088	
0.09048	0.14691	0.25192	0.19606	0.29375	0.16625	0.16689	0.0	0.23378	0.17847	0.13599	0.00454	0.00454	0.00454	0.00454	0.01774	0.21803	0.18743	0.0	0.09148	0.28713	0.17632	0.2476	0.27298	0.51216	0.17335	0.38301	0.24862	2.05032	0.0	0.0	0.0	0.26033	0.31052	0.17367	0.33684	0.19585	0.19585	0.02791	0.00454	0.00454	0.00454	0.00454	0.00454	0.00454	0.00454	0.00454	0.00454	0.00454	0.03903	0.00454	0.07191	0.17275	0.00454	0.12179	0.15404	0.26129	0.28818	0.16206	0.78084	0.29665	0.0	0.0	0.0	0.0	0.0	0.0	0.0	0.0	0.0	0.0	0.0	0.0	0.0	0.0	0.2077	0.13133	0.12769	0.17312	0.07914	0.2829	0.15441	0.21598	0.25595	0.00454	0.00454	0.08789	0.24276	0.06531	0.04821	0.20663	0.06592	0.09844	0.20378	0.09644	0.24288	0.0	0.17853	0.10356	0.08996	0.08691	0.10922	0.20767	0.00454	0.00454	0.00454	0.00454	0.19109	0.17803	0.24708	0.14312	0.16433	0.06468	0.12522	
0.05266	0.06821	0.05811	0.1288	0.08022	0.16316	0.17243	0.0	0.1729	0.099	0.10583	0.00211	0.00211	0.00211	0.00211	0.25191	0.07879	0.11657	0.09148	0.0	0.04191	0.05695	0.1136	0.11041	0.10633	0.15521	0.27223	0.10144	0.18321	0.0	0.0	0.0	0.13519	0.03619	0.13094	0.04088	0.08183	0.08183	0.06782	0.00211	0.00211	0.00211	0.00211	0.00211	0.00211	0.00211	0.00211	0.00211	0.00211	0.04517	0.00211	0.10733	0.01368	0.00211	0.07084	0.09522	0.13791	0.1982	0.14396	0.21454	0.34341	0.0	0.0	0.0	0.0	0.0	0.0	0.0	0.0	0.0	0.0	0.0	0.0	0.0	0.0	0.17638	0.08499	0.06641	0.13016	0.08484	0.05857	0.03668	0.15368	0.14399	0.00211	0.00211	0.04485	0.10019	0.06355	0.17591	0.23821	0.0493	0.12386	0.08148	0.06202	0.58775	0.0	0.18551	0.16031	0.07503	0.05638	0.10033	0.09183	0.00211	0.00211	0.00211	0.00211	0.23569	0.14813	0.02333	0.08569	0.14569	0.07394	0.07111	
0.36936	0.12079	0.17259	0.16035	0.25104	0.20315	0.12569	0.0	0.29347	0.09067	0.04855	0.00056	0.00056	0.00056	0.00056	0.08747	0.0858	0.16951	0.28713	0.04191	0.0	0.34786	0.35604	0.03446	0.12254	0.11803	0.24295	0.28779	0.4592	0.0	0.0	0.0	0.17437	0.18101	0.1327	0.04167	0.0175	0.0175	0.0175	0.00056	0.00056	0.00056	0.00056	0.00056	0.00056	0.00056	0.00056	0.00056	0.00056	0.10786	0.00056	0.1363	0.42839	0.00056	0.08074	0.16237	0.23693	0.25636	0.16165	0.26853	0.19016	0.0	0.0	0.0	0.0	0.0	0.0	0.0	0.0	0.0	0.0	0.0	0.0	0.0	0.0	0.39966	0.28429	0.11794	0.31681	0.04862	0.14941	0.09164	0.14522	0.28587	0.00056	0.00056	0.03513	0.13106	0.05161	0.05782	0.08654	0.10112	0.10275	0.07742	0.24256	0.50639	0.0	0.2963	0.2372	0.24082	0.13584	0.18592	0.12252	0.00056	0.00056	0.00056	0.00056	0.21127	0.10374	0.14388	0.16686	0.231	0.16491	0.1596	
0.19985	0.1843	0.12777	0.21506	0.06028	0.21787	0.09183	0.0	0.33596	0.11698	0.06394	0.00054	0.00054	0.00054	0.00054	0.08058	0.10969	0.23209	0.17632	0.05695	0.34786	0.0	0.64984	0.02965	0.36063	0.12261	0.25031	0.17477	0.26743	0.0	0.0	0.0	0.36541	0.37297	0.10169	0.03213	0.02803	0.02803	0.02803	0.00054	0.00054	0.00054	0.00054	0.00054	0.00054	0.00054	0.00054	0.00054	0.00054	0.05854	0.00054	0.16227	0.16784	0.00054	0.24724	0.33677	0.29305	0.23276	0.16456	0.48865	0.31274	0.0	0.0	0.0	0.0	0.0	0.0	0.0	0.0	0.0	0.0	0.0	0.0	0.0	0.0	0.45165	0.39308	0.15668	0.40017	0.26385	0.18348	0.15511	0.28764	0.4267	0.00054	0.00054	0.11502	0.23519	0.07209	0.07803	0.17736	0.14462	0.22773	0.12035	0.34163	2.01212	0.0	0.33524	0.17677	0.17473	0.15105	0.13048	0.16217	0.00054	0.00054	0.00054	0.00054	0.12174	0.20283	0.15017	0.17288	0.30959	0.11049	0.21634	
0.23753	0.51548	0.24646	0.31236	0.12482	0.48918	0.32732	0.0	0.56579	0.29694	0.13927	0.00169	0.00169	0.00169	0.00169	0.08995	0.25997	0.42039	0.2476	0.1136	0.35604	0.64984	0.0	0.04758	0.26276	0.06893	0.2887	0.25524	0.26366	0.0	0.0	0.0	0.32404	0.3319	0.08766	0.05032	0.00169	0.00169	0.00169	0.00169	0.00169	0.00169	0.00169	0.00169	0.00169	0.00169	0.00169	0.00169	0.00169	0.07231	0.00169	0.18283	0.17111	0.00169	0.27949	0.28506	0.26319	0.31414	0.4446	0.79969	0.30616	0.0	0.0	0.0	0.0	0.0	0.0	0.0	0.0	0.0	0.0	0.0	0.0	0.0	0.0	0.35032	0.40521	0.10247	0.31513	0.09311	0.23995	0.19526	0.19452	0.51526	0.00169	0.00169	0.19257	0.58148	0.07431	0.16931	0.16181	0.18015	0.30959	0.21005	0.25447	1.41392	0.0	0.59123	0.41437	0.20267	0.10129	0.22847	0.26635	0.00169	0.00169	0.00169	0.00169	0.38745	0.49666	0.25504	0.29831	0.26643	0.19542	0.39929	
0.04131	0.14245	0.18573	0.47181	0.11276	0.25024	0.5463	0.0	0.39901	0.16652	0.19311	0.00035	0.00035	0.00035	0.00035	0.12401	0.4106	0.51648	0.27298	0.11041	0.03446	0.02965	0.04758	0.0	0.10743	0.09279	0.16861	0.04788	0.13193	0.0	0.0	0.0	0.27535	0.10447	0.0741	0.00799	0.00035	0.00035	0.00035	0.00035	0.00035	0.00035	0.00035	0.00035	0.00035	0.00035	0.00035	0.00035	0.00035	0.0972	0.00035	0.21624	0.12528	0.00035	0.12469	0.10812	0.34029	0.42509	0.47812	0.38605	0.24687	0.0	0.0	0.0	0.0	0.0	0.0	0.0	0.0	0.0	0.0	0.0	0.0	0.0	0.0	0.15895	0.07715	0.20603	0.17312	0.20646	0.27279	0.2708	0.35591	0.57458	0.00035	0.00035	0.42241	0.61849	0.10211	0.2352	0.09887	0.06155	0.04312	0.07854	0.09378	0.57223	0.0	0.24338	0.20098	0.10448	0.09144	0.18204	0.32179	0.00035	0.00035	0.00035	0.00035	0.37632	0.23876	0.25935	0.29421	0.11957	0.12375	0.15775	
0.20569	0.22853	0.28415	0.33308	0.28306	0.30223	0.34121	0.0	0.54819	0.1298	0.1512	0.00102	0.00102	0.00102	0.00102	0.09736	0.42311	0.32752	0.51216	0.10633	0.12254	0.36063	0.26276	0.10743	0.0	0.18233	0.26219	0.08309	0.26506	0.0	0.0	0.0	0.25713	0.25458	0.04376	0.09435	0.00102	0.00102	0.00102	0.00102	0.00102	0.00102	0.00102	0.00102	0.00102	0.00102	0.00102	0.00102	0.00102	0.18632	0.00102	0.09486	0.09607	0.00102	1.02946	0.7158	0.67455	1.09286	0.81032	0.45443	0.17201	0.0	0.0	0.0	0.0	0.0	0.0	0.0	0.0	0.0	0.0	0.0	0.0	0.0	0.0	0.41081	0.30738	0.18955	0.41671	0.29348	0.31984	0.45684	0.37908	0.60112	0.00102	0.00102	0.39326	0.42789	0.08029	0.18399	0.18077	0.45422	0.38352	0.15973	0.20718	2.83185	0.0	0.3036	0.59284	0.11692	0.13838	0.28134	0.17665	0.00102	0.00102	0.00102	0.00102	0.49364	0.34884	0.31238	0.2283	0.2824	0.27053	0.22385	
0.06493	0.16519	0.1229	0.38753	0.21425	0.29772	0.25443	0.0	0.21561	0.06814	0.41608	0.00131	0.00131	0.00131	0.00131	0.26738	0.41522	0.43522	0.17335	0.15521	0.11803	0.12261	0.06893	0.09279	0.18233	0.0	0.06147	0.17816	0.05319	0.0	0.0	0.0	0.0662	0.06502	0.0192	0.0843	0.00131	0.00131	0.00131	0.00131	0.00131	0.00131	0.00131	0.00131	0.00131	0.00131	0.00131	0.00131	0.00131	1.01446	0.00131	0.05941	0.16051	0.00131	0.20639	0.40882	0.13705	0.22186	0.22516	0.25827	0.13172	0.0	0.0	0.0	0.0	0.0	0.0	0.0	0.0	0.0	0.0	0.0	0.0	0.0	0.0	0.19745	0.18825	0.07006	0.0723	0.15718	0.16611	0.1602	0.03912	0.36611	0.00131	0.00131	0.14766	0.46605	0.22025	0.50664	0.21761	0.21199	0.13915	0.18774	0.08224	0.53215	0.0	0.153	0.28688	0.0883	0.07245	0.083	0.19153	0.00131	0.00131	0.00131	0.00131	0.34196	0.36536	0.1194	0.19548	0.35752	0.09821	0.13902	
0.34158	0.2759	0.41267	0.3626	0.29666	0.4432	0.49462	0.0	0.74637	0.48108	0.10472	0.00056	0.00056	0.00056	0.00056	0.06738	0.39007	0.33983	0.38301	0.27223	0.24295	0.25031	0.2887	0.16861	0.26219	0.06147	0.0	0.26912	0.36379	0.0	0.0	0.0	0.22694	0.39884	0.28842	0.08095	0.00056	0.00056	0.00056	0.00056	0.00056	0.00056	0.00056	0.00056	0.00056	0.00056	0.00056	0.00056	0.00056	0.06636	0.00056	0.15491	0.19049	0.00056	0.25802	0.18311	0.47757	0.37329	0.37184	0.53055	0.52891	0.0	0.0	0.0	0.0	0.0	0.0	0.0	0.0	0.0	0.0	0.0	0.0	0.0	0.0	0.42304	0.40643	0.31798	0.17271	0.17389	0.26404	0.25502	0.2126	0.53296	0.00056	0.00056	0.23648	0.81898	0.05554	0.12747	0.28232	0.29644	0.26611	0.09624	0.22677	0.97347	0.0	0.51699	0.33791	0.18249	0.25052	0.35388	0.2156	0.00056	0.00056	0.00056	0.00056	0.64426	0.31086	0.28167	0.43679	0.33315	0.46867	0.43146	
0.38349	0.31717	0.32463	0.3535	0.20588	0.54596	0.47324	0.0	0.30201	0.23932	0.154	0.0011	0.0011	0.0011	0.0011	0.09919	0.45608	0.33832	0.24862	0.10144	0.28779	0.17477	0.25524	0.04788	0.08309	0.17816	0.26912	0.0	0.14142	0.0	0.0	0.0	0.11754	0.15852	0.20704	0.21998	0.0011	0.0011	0.0011	0.0011	0.0011	0.0011	0.0011	0.0011	0.0011	0.0011	0.0011	0.0011	0.0011	0.18542	0.0011	0.10993	0.10445	0.0011	0.07864	0.14793	0.27239	0.20128	0.17875	0.74417	0.14916	0.0	0.0	0.0	0.0	0.0	0.0	0.0	0.0	0.0	0.0	0.0	0.0	0.0	0.0	0.44181	0.64922	0.22392	0.19929	0.16617	0.24346	0.13098	0.11802	0.46883	0.0011	0.0011	0.14752	0.42183	0.08181	0.18739	0.19041	0.3172	0.28196	0.12187	0.38138	0.49211	0.0	0.55485	0.47518	0.1378	0.14634	0.33503	0.18488	0.0011	0.0011	0.0011	0.0011	0.48819	0.37591	0.19928	0.30313	0.39501	0.24946	0.30246	
0.24849	0.12695	0.45859	0.63042	0.48306	0.40072	0.6715	0.0	0.90504	0.44117	0.28039	0.00255	0.00255	0.00255	0.00255	0.18076	0.45452	0.45374	2.05032	0.18321	0.4592	0.26743	0.26366	0.13193	0.26506	0.05319	0.36379	0.14142	0.0	0.0	0.0	0.0	0.22323	0.21783	0.06158	0.14164	0.00254	0.00254	0.00254	0.00255	0.00255	0.00255	0.00255	0.00255	0.00255	0.00255	0.00255	0.00255	0.00255	0.08507	0.00255	0.20302	0.40129	0.00255	0.16615	0.45392	0.0	0.89872	0.5371	0.62271	0.28154	0.0	0.0	0.0	0.0	0.0	0.0	0.0	0.0	0.0	0.0	0.0	0.0	0.0	0.0	0.64033	0.91211	0.79629	0.42149	0.28935	0.5592	0.6562	0.24346	0.48499	0.00255	0.00255	0.11866	0.57718	0.14919	0.34106	0.24373	0.09686	0.13653	0.4448	0.24904	0.0	0.0	1.19748	0.74446	0.40361	0.16031	0.26388	0.2438	0.00255	0.00255	0.00255	0.00255	0.47782	0.52868	0.35742	0.27296	0.20972	0.15298	0.19449	
0.0	0.0	0.0	0.0	0.0	0.0	0.0	0.0	0.0	0.0	0.0	0.0	0.0	0.0	0.0	0.0	0.0	0.0	0.0	0.0	0.0	0.0	0.0	0.0	0.0	0.0	0.0	0.0	0.0	0.0	0.0	0.0	0.0	0.0	0.0	0.0	0.0	0.0	0.0	0.0	0.0	0.0	0.0	0.0	0.0	0.0	0.0	0.0	0.0	0.0	0.0	0.0	0.0	0.0	0.0	0.0	0.0	0.0	0.0	0.0	0.0	0.0	0.0	0.0	0.0	0.0	0.0	0.0	0.0	0.0	0.0	0.0	0.0	0.0	0.0	0.0	0.0	0.0	0.0	0.0	0.0	0.0	0.0	0.0	0.0	0.0	0.0	0.0	0.0	0.0	0.0	0.0	0.0	0.0	0.0	0.0	0.0	0.0	0.0	0.0	0.0	0.0	0.0	0.0	0.0	0.0	0.0	0.0	0.0	0.0	0.0	0.0	0.0	0.0	
0.0	0.0	0.0	0.0	0.0	0.0	0.0	0.0	0.0	0.0	0.0	0.0	0.0	0.0	0.0	0.0	0.0	0.0	0.0	0.0	0.0	0.0	0.0	0.0	0.0	0.0	0.0	0.0	0.0	0.0	0.0	0.0	0.0	0.0	0.0	0.0	0.0	0.0	0.0	0.0	0.0	0.0	0.0	0.0	0.0	0.0	0.0	0.0	0.0	0.0	0.0	0.0	0.0	0.0	0.0	0.0	0.0	0.0	0.0	0.0	0.0	0.0	0.0	0.0	0.0	0.0	0.0	0.0	0.0	0.0	0.0	0.0	0.0	0.0	0.0	0.0	0.0	0.0	0.0	0.0	0.0	0.0	0.0	0.0	0.0	0.0	0.0	0.0	0.0	0.0	0.0	0.0	0.0	0.0	0.0	0.0	0.0	0.0	0.0	0.0	0.0	0.0	0.0	0.0	0.0	0.0	0.0	0.0	0.0	0.0	0.0	0.0	0.0	0.0	
0.0	0.0	0.0	0.0	0.0	0.0	0.0	0.0	0.0	0.0	0.0	0.0	0.0	0.0	0.0	0.0	0.0	0.0	0.0	0.0	0.0	0.0	0.0	0.0	0.0	0.0	0.0	0.0	0.0	0.0	0.0	0.0	0.0	0.0	0.0	0.0	0.0	0.0	0.0	0.0	0.0	0.0	0.0	0.0	0.0	0.0	0.0	0.0	0.0	0.0	0.0	0.0	0.0	0.0	0.0	0.0	0.0	0.0	0.0	0.0	0.0	0.0	0.0	0.0	0.0	0.0	0.0	0.0	0.0	0.0	0.0	0.0	0.0	0.0	0.0	0.0	0.0	0.0	0.0	0.0	0.0	0.0	0.0	0.0	0.0	0.0	0.0	0.0	0.0	0.0	0.0	0.0	0.0	0.0	0.0	0.0	0.0	0.0	0.0	0.0	0.0	0.0	0.0	0.0	0.0	0.0	0.0	0.0	0.0	0.0	0.0	0.0	0.0	0.0	
0.1531	0.24232	0.17468	0.38768	0.17717	0.31457	0.52402	0.0	0.71029	0.05558	0.12863	0.00189	0.00189	0.00189	0.00189	0.08319	0.32556	0.78647	0.26033	0.13519	0.17437	0.36541	0.32404	0.27535	0.25713	0.0662	0.22694	0.11754	0.22323	0.0	0.0	0.0	0.0	0.66299	0.10583	0.09966	0.00189	0.00189	0.00189	0.00189	0.00189	0.00189	0.00189	0.00189	0.00189	0.00189	0.00189	0.00189	0.00189	0.06937	0.00189	0.50091	0.18152	0.00189	0.27307	0.41843	0.37052	0.4352	0.63728	0.47116	0.16158	0.0	0.0	0.0	0.0	0.0	0.0	0.0	0.0	0.0	0.0	0.0	0.0	0.0	0.0	0.51057	0.31041	0.24131	0.32086	0.37874	0.41343	0.21322	0.4479	1.30916	0.00189	0.00189	0.42298	0.36235	0.06879	0.15631	0.24035	0.19445	0.21485	0.16606	0.07123	1.43061	0.0	0.47828	0.32667	0.17922	0.35846	0.28865	0.6013	0.00189	0.00189	0.00189	0.00189	0.43242	0.18954	0.31226	0.43799	0.22234	0.12513	0.16506	
0.25226	0.35543	0.27329	0.3951	0.1781	0.31173	0.38375	0.0	0.70877	0.09636	0.12644	0.00121	0.00121	0.00121	0.00121	0.08155	0.53953	0.48385	0.31052	0.03619	0.18101	0.37297	0.3319	0.10447	0.25458	0.06502	0.39884	0.15852	0.21783	0.0	0.0	0.0	0.66299	0.0	0.15794	0.27546	0.00121	0.00121	0.00121	0.00121	0.00121	0.00121	0.00121	0.00121	0.00121	0.00121	0.00121	0.00121	0.00121	0.06815	0.00121	0.24818	0.07618	0.00121	0.2704	0.24251	0.22939	0.28577	0.40829	0.23904	0.25254	0.0	0.0	0.0	0.0	0.0	0.0	0.0	0.0	0.0	0.0	0.0	0.0	0.0	0.0	0.58223	0.37146	0.14711	0.20595	0.25999	0.28998	0.25695	0.2498	0.84943	0.00121	0.00121	0.24741	0.58827	0.06732	0.15379	0.29169	0.23862	0.32578	0.06418	0.07263	1.43061	0.0	0.55491	0.25652	0.18664	0.52985	0.28602	0.33103	0.00121	0.00121	0.00121	0.00121	0.56665	0.18766	0.20443	0.44564	0.22058	0.22028	0.26479	
0.07316	0.11355	0.16771	0.38393	0.14259	0.76628	0.38975	0.0	0.23825	0.07193	0.38149	0.00056	0.00056	0.00056	0.00056	0.24492	0.41704	0.42564	0.17367	0.13094	0.1327	0.10169	0.08766	0.0741	0.04376	0.0192	0.28842	0.20704	0.06158	0.0	0.0	0.0	0.10583	0.15794	0.0	0.09477	0.00056	0.00056	0.00056	0.00056	0.00056	0.00056	0.00056	0.00056	0.00056	0.00056	0.00056	0.00056	0.00056	0.0254	0.00056	0.06134	0.11868	0.00056	0.06452	0.17931	0.14529	0.14413	0.246	0.26638	0.30144	0.0	0.0	0.0	0.0	0.0	0.0	0.0	0.0	0.0	0.0	0.0	0.0	0.0	0.0	0.213	0.20342	0.16736	0.07874	0.21382	0.17106	0.08579	0.04372	0.30931	0.00056	0.00056	0.09426	0.60762	0.20164	0.46466	0.21032	0.44725	0.06449	0.18548	0.08904	0.54377	0.0	0.16003	0.28925	0.09098	0.0759	0.17819	0.18941	0.00056	0.00056	0.00056	0.00056	0.73819	0.51847	0.15906	0.5593	0.1912	0.33027	0.14501	
0.09729	0.19717	0.08075	0.33627	0.18906	0.39439	0.15198	0.0	0.19211	0.02413	0.19175	0.00021	0.00021	0.00021	0.00021	0.12308	0.2736	0.45509	0.33684	0.04088	0.04167	0.03213	0.05032	0.00799	0.09435	0.0843	0.08095	0.21998	0.14164	0.0	0.0	0.0	0.09966	0.27546	0.09477	0.0	0.00021	0.00021	0.00021	0.00021	0.00021	0.00021	0.00021	0.00021	0.00021	0.00021	0.00021	0.00021	0.00021	0.08865	0.00021	0.16783	0.03892	0.00021	0.11136	0.08575	0.25912	0.1563	0.14662	0.28791	0.03997	0.0	0.0	0.0	0.0	0.0	0.0	0.0	0.0	0.0	0.0	0.0	0.0	0.0	0.0	0.17728	0.09385	0.15488	0.09769	0.06998	0.35047	0.21454	0.18072	0.30344	0.00021	0.00021	0.29347	0.32821	0.10132	0.23357	0.23637	0.07838	0.19723	0.20662	0.10368	0.52875	0.0	0.38393	0.11227	0.09753	0.2513	0.02256	0.26882	0.00021	0.00021	0.00021	0.00021	0.51718	0.23581	0.05334	0.29903	0.11525	0.11354	0.17506	
0.00438	0.02341	0.039	0.4794	0.08117	0.349	0.25559	0.0	0.12008	0.04604	0.0	0.0	0.0	0.0	0.0	0.0	0.47144	0.64794	0.19585	0.08183	0.0175	0.02803	0.00169	0.00035	0.00102	0.00131	0.00056	0.0011	0.00254	0.0	0.0	0.0	0.00189	0.00121	0.00056	0.00021	0.0	0.0	0.0	0.0	0.0	0.0	0.0	0.0	0.0	0.0	0.0	0.0	0.0	0.01402	0.0	0.04835	0.07459	0.0	0.02876	0.17835	0.10275	0.05401	0.15676	0.33021	0.01197	0.0	0.0	0.0	0.0	0.0	0.0	0.0	0.0	0.0	0.0	0.0	0.0	0.0	0.0	0.11872	0.11013	0.00538	0.02386	0.06647	0.14242	0.035	0.00043	0.26223	0.0	0.0	0.02695	0.60027	0.0	0.0	0.17998	0.02068	0.00611	0.14254	0.03205	0.36437	0.0	0.13347	0.14001	0.0742	0.04875	0.02046	0.25914	0.0	0.0	0.0	0.0	0.3504	0.46364	0.06475	0.20845	0.10542	0.0409	0.08089	
0.00438	0.02341	0.039	0.4794	0.08117	0.349	0.25559	0.0	0.12008	0.04604	0.0	0.0	0.0	0.0	0.0	0.0	0.47144	0.64794	0.19585	0.08183	0.0175	0.02803	0.00169	0.00035	0.00102	0.00131	0.00056	0.0011	0.00254	0.0	0.0	0.0	0.00189	0.00121	0.00056	0.00021	0.0	0.0	0.0	0.0	0.0	0.0	0.0	0.0	0.0	0.0	0.0	0.0	0.0	0.01402	0.0	0.04835	0.07459	0.0	0.02876	0.17835	0.10275	0.05401	0.15676	0.33021	0.01197	0.0	0.0	0.0	0.0	0.0	0.0	0.0	0.0	0.0	0.0	0.0	0.0	0.0	0.0	0.11872	0.11013	0.00538	0.02386	0.06647	0.14242	0.035	0.00043	0.26223	0.0	0.0	0.02695	0.60027	0.0	0.0	0.17998	0.02068	0.00611	0.14254	0.03205	0.36437	0.0	0.13347	0.14001	0.0742	0.04875	0.02046	0.25914	0.0	0.0	0.0	0.0	0.3504	0.46364	0.06475	0.20845	0.10542	0.0409	0.08089	
0.03366	0.01905	0.01622	0.03334	0.01199	0.00839	0.04419	0.0	0.14891	0.00893	0.00065	0.0	0.0	0.0	0.0	0.0	0.01715	0.09308	0.02791	0.06782	0.0175	0.02803	0.00169	0.00035	0.00102	0.00131	0.00056	0.0011	0.00254	0.0	0.0	0.0	0.00189	0.00121	0.00056	0.00021	0.0	0.0	0.0	0.0	0.0	0.0	0.0	0.0	0.0	0.0	0.0	0.0	0.0	0.00125	0.0	0.01447	0.01681	0.0	0.00372	0.17835	0.09114	0.01947	0.1535	0.33022	0.01197	0.0	0.0	0.0	0.0	0.0	0.0	0.0	0.0	0.0	0.0	0.0	0.0	0.0	0.0	0.00611	0.10789	0.01707	0.0178	0.0097	0.00527	0.0075	0.00477	0.07385	0.0	0.0	0.00406	0.08423	0.0	0.0	0.12893	0.02508	0.01213	0.07312	0.00185	0.36437	0.0	0.00189	0.1319	0.08738	0.00759	0.00295	0.02281	0.0	0.0	0.0	0.0	0.0225	0.00966	0.01217	0.02546	0.00502	0.02004	0.02953	
0.0004	0.00086	0.0014	0.00761	0.00389	0.00761	0.00393	0.0	0.00376	0.00154	0.00533	0.0	0.0	0.0	0.0	0.00826	0.00662	0.00604	0.00454	0.00211	0.00056	0.00054	0.00169	0.00035	0.00102	0.00131	0.00056	0.0011	0.00255	0.0	0.0	0.0	0.00189	0.00121	0.00056	0.00021	0.0	0.0	0.0	0.0	0.0	0.0	0.0	0.0	0.0	0.0	0.0	0.0	0.0	0.0048	0.0	0.00014	0.00051	0.0	0.00429	0.0022	0.00189	0.0014	0.00105	0.00195	0.00042	0.0	0.0	0.0	0.0	0.0	0.0	0.0	0.0	0.0	0.0	0.0	0.0	0.0	0.0	0.0033	0.00143	0.00054	0.00027	0.00187	0.00571	0.00064	0.00261	0.00323	0.0	0.0	0.00304	0.00669	0.00048	0.00483	0.00411	0.00028	0.00109	0.00302	0.00111	0.01063	0.0	0.00506	0.0035	0.00087	0.00078	0.00308	0.00528	0.0	0.0	0.0	0.0	0.00765	0.00847	0.0034	0.00527	0.00266	0.00177	0.00274	
0.0004	0.00086	0.0014	0.00761	0.00389	0.00761	0.00393	0.0	0.00376	0.00154	0.00533	0.0	0.0	0.0	0.0	0.00826	0.00662	0.00604	0.00454	0.00211	0.00056	0.00054	0.00169	0.00035	0.00102	0.00131	0.00056	0.0011	0.00255	0.0	0.0	0.0	0.00189	0.00121	0.00056	0.00021	0.0	0.0	0.0	0.0	0.0	0.0	0.0	0.0	0.0	0.0	0.0	0.0	0.0	0.0048	0.0	0.00014	0.00051	0.0	0.00429	0.0022	0.00189	0.0014	0.00105	0.00195	0.00042	0.0	0.0	0.0	0.0	0.0	0.0	0.0	0.0	0.0	0.0	0.0	0.0	0.0	0.0	0.0033	0.00143	0.00054	0.00027	0.00187	0.00571	0.00064	0.00261	0.00323	0.0	0.0	0.00304	0.00669	0.00048	0.00483	0.00411	0.00028	0.00109	0.00302	0.00111	0.01063	0.0	0.00506	0.0035	0.00087	0.00078	0.00308	0.00528	0.0	0.0	0.0	0.0	0.00765	0.00847	0.0034	0.00527	0.00266	0.00177	0.00274	
0.0004	0.00086	0.0014	0.00761	0.00389	0.00761	0.00393	0.0	0.00376	0.00154	0.00533	0.0	0.0	0.0	0.0	0.00826	0.00662	0.00604	0.00454	0.00211	0.00056	0.00054	0.00169	0.00035	0.00102	0.00131	0.00056	0.0011	0.00255	0.0	0.0	0.0	0.00189	0.00121	0.00056	0.00021	0.0	0.0	0.0	0.0	0.0	0.0	0.0	0.0	0.0	0.0	0.0	0.0	0.0	0.0048	0.0	0.00014	0.00051	0.0	0.00429	0.0022	0.00189	0.0014	0.00105	0.00195	0.00042	0.0	0.0	0.0	0.0	0.0	0.0	0.0	0.0	0.0	0.0	0.0	0.0	0.0	0.0	0.0033	0.00143	0.00054	0.00027	0.00187	0.00571	0.00064	0.00261	0.00323	0.0	0.0	0.00304	0.00669	0.00048	0.00483	0.00411	0.00028	0.00109	0.00302	0.00111	0.01063	0.0	0.00506	0.0035	0.00087	0.00078	0.00308	0.00528	0.0	0.0	0.0	0.0	0.00765	0.00847	0.0034	0.00527	0.00266	0.00177	0.00274	
0.0004	0.00086	0.0014	0.00761	0.00389	0.00761	0.00393	0.0	0.00376	0.00154	0.00533	0.0	0.0	0.0	0.0	0.00826	0.00662	0.00604	0.00454	0.00211	0.00056	0.00054	0.00169	0.00035	0.00102	0.00131	0.00056	0.0011	0.00255	0.0	0.0	0.0	0.00189	0.00121	0.00056	0.00021	0.0	0.0	0.0	0.0	0.0	0.0	0.0	0.0	0.0	0.0	0.0	0.0	0.0	0.0048	0.0	0.00014	0.00051	0.0	0.00429	0.0022	0.00189	0.0014	0.00105	0.00195	0.00042	0.0	0.0	0.0	0.0	0.0	0.0	0.0	0.0	0.0	0.0	0.0	0.0	0.0	0.0	0.0033	0.00143	0.00054	0.00027	0.00187	0.00571	0.00064	0.00261	0.00323	0.0	0.0	0.00304	0.00669	0.00048	0.00483	0.00411	0.00028	0.00109	0.00302	0.00111	0.01063	0.0	0.00506	0.0035	0.00087	0.00078	0.00308	0.00528	0.0	0.0	0.0	0.0	0.00765	0.00847	0.0034	0.00527	0.00266	0.00177	0.00274	
0.0004	0.00086	0.0014	0.00761	0.00389	0.00761	0.00393	0.0	0.00376	0.00154	0.00533	0.0	0.0	0.0	0.0	0.00826	0.00662	0.00604	0.00454	0.00211	0.00056	0.00054	0.00169	0.00035	0.00102	0.00131	0.00056	0.0011	0.00255	0.0	0.0	0.0	0.00189	0.00121	0.00056	0.00021	0.0	0.0	0.0	0.0	0.0	0.0	0.0	0.0	0.0	0.0	0.0	0.0	0.0	0.0048	0.0	0.00014	0.00051	0.0	0.00429	0.0022	0.00189	0.0014	0.00105	0.00195	0.00042	0.0	0.0	0.0	0.0	0.0	0.0	0.0	0.0	0.0	0.0	0.0	0.0	0.0	0.0	0.0033	0.00143	0.00054	0.00027	0.00187	0.00571	0.00064	0.00261	0.00323	0.0	0.0	0.00304	0.00669	0.00048	0.00483	0.00411	0.00028	0.00109	0.00302	0.00111	0.01063	0.0	0.00506	0.0035	0.00087	0.00078	0.00308	0.00528	0.0	0.0	0.0	0.0	0.00765	0.00847	0.0034	0.00527	0.00266	0.00177	0.00274	
0.0004	0.00086	0.0014	0.00761	0.00389	0.00761	0.00393	0.0	0.00376	0.00154	0.00533	0.0	0.0	0.0	0.0	0.00826	0.00662	0.00604	0.00454	0.00211	0.00056	0.00054	0.00169	0.00035	0.00102	0.00131	0.00056	0.0011	0.00255	0.0	0.0	0.0	0.00189	0.00121	0.00056	0.00021	0.0	0.0	0.0	0.0	0.0	0.0	0.0	0.0	0.0	0.0	0.0	0.0	0.0	0.0048	0.0	0.00014	0.00051	0.0	0.00429	0.0022	0.00189	0.0014	0.00105	0.00195	0.00042	0.0	0.0	0.0	0.0	0.0	0.0	0.0	0.0	0.0	0.0	0.0	0.0	0.0	0.0	0.0033	0.00143	0.00054	0.00027	0.00187	0.00571	0.00064	0.00261	0.00323	0.0	0.0	0.00304	0.00669	0.00048	0.00483	0.00411	0.00028	0.00109	0.00302	0.00111	0.01063	0.0	0.00506	0.0035	0.00087	0.00078	0.00308	0.00528	0.0	0.0	0.0	0.0	0.00765	0.00847	0.0034	0.00527	0.00266	0.00177	0.00274	
0.0004	0.00086	0.0014	0.00761	0.00389	0.00761	0.00393	0.0	0.00376	0.00154	0.00533	0.0	0.0	0.0	0.0	0.00826	0.00662	0.00604	0.00454	0.00211	0.00056	0.00054	0.00169	0.00035	0.00102	0.00131	0.00056	0.0011	0.00255	0.0	0.0	0.0	0.00189	0.00121	0.00056	0.00021	0.0	0.0	0.0	0.0	0.0	0.0	0.0	0.0	0.0	0.0	0.0	0.0	0.0	0.0048	0.0	0.00014	0.00051	0.0	0.00429	0.0022	0.00189	0.0014	0.00105	0.00195	0.00042	0.0	0.0	0.0	0.0	0.0	0.0	0.0	0.0	0.0	0.0	0.0	0.0	0.0	0.0	0.0033	0.00143	0.00054	0.00027	0.00187	0.00571	0.00064	0.00261	0.00323	0.0	0.0	0.00304	0.00669	0.00048	0.00483	0.00411	0.00028	0.00109	0.00302	0.00111	0.01063	0.0	0.00506	0.0035	0.00087	0.00078	0.00308	0.00528	0.0	0.0	0.0	0.0	0.00765	0.00847	0.0034	0.00527	0.00266	0.00177	0.00274	
0.0004	0.00086	0.0014	0.00761	0.00389	0.00761	0.00393	0.0	0.00376	0.00154	0.00533	0.0	0.0	0.0	0.0	0.00826	0.00662	0.00604	0.00454	0.00211	0.00056	0.00054	0.00169	0.00035	0.00102	0.00131	0.00056	0.0011	0.00255	0.0	0.0	0.0	0.00189	0.00121	0.00056	0.00021	0.0	0.0	0.0	0.0	0.0	0.0	0.0	0.0	0.0	0.0	0.0	0.0	0.0	0.0048	0.0	0.00014	0.00051	0.0	0.00429	0.0022	0.00189	0.0014	0.00105	0.00195	0.00042	0.0	0.0	0.0	0.0	0.0	0.0	0.0	0.0	0.0	0.0	0.0	0.0	0.0	0.0	0.0033	0.00143	0.00054	0.00027	0.00187	0.00571	0.00064	0.00261	0.00323	0.0	0.0	0.00304	0.00669	0.00048	0.00483	0.00411	0.00028	0.00109	0.00302	0.00111	0.01063	0.0	0.00506	0.0035	0.00087	0.00078	0.00308	0.00528	0.0	0.0	0.0	0.0	0.00765	0.00847	0.0034	0.00527	0.00266	0.00177	0.00274	
0.0004	0.00086	0.0014	0.00761	0.00389	0.00761	0.00393	0.0	0.00376	0.00154	0.00533	0.0	0.0	0.0	0.0	0.00826	0.00662	0.00604	0.00454	0.00211	0.00056	0.00054	0.00169	0.00035	0.00102	0.00131	0.00056	0.0011	0.00255	0.0	0.0	0.0	0.00189	0.00121	0.00056	0.00021	0.0	0.0	0.0	0.0	0.0	0.0	0.0	0.0	0.0	0.0	0.0	0.0	0.0	0.0048	0.0	0.00014	0.00051	0.0	0.00429	0.0022	0.00189	0.0014	0.00105	0.00195	0.00042	0.0	0.0	0.0	0.0	0.0	0.0	0.0	0.0	0.0	0.0	0.0	0.0	0.0	0.0	0.0033	0.00143	0.00054	0.00027	0.00187	0.00571	0.00064	0.00261	0.00323	0.0	0.0	0.00304	0.00669	0.00048	0.00483	0.00411	0.00028	0.00109	0.00302	0.00111	0.01063	0.0	0.00506	0.0035	0.00087	0.00078	0.00308	0.00528	0.0	0.0	0.0	0.0	0.00765	0.00847	0.0034	0.00527	0.00266	0.00177	0.00274	
0.0004	0.00086	0.0014	0.00761	0.00389	0.00761	0.00393	0.0	0.00376	0.00154	0.00533	0.0	0.0	0.0	0.0	0.00826	0.00662	0.00604	0.00454	0.00211	0.00056	0.00054	0.00169	0.00035	0.00102	0.00131	0.00056	0.0011	0.00255	0.0	0.0	0.0	0.00189	0.00121	0.00056	0.00021	0.0	0.0	0.0	0.0	0.0	0.0	0.0	0.0	0.0	0.0	0.0	0.0	0.0	0.0048	0.0	0.00014	0.00051	0.0	0.00429	0.0022	0.00189	0.0014	0.00105	0.00195	0.00042	0.0	0.0	0.0	0.0	0.0	0.0	0.0	0.0	0.0	0.0	0.0	0.0	0.0	0.0	0.0033	0.00143	0.00054	0.00027	0.00187	0.00571	0.00064	0.00261	0.00323	0.0	0.0	0.00304	0.00669	0.00048	0.00483	0.00411	0.00028	0.00109	0.00302	0.00111	0.01063	0.0	0.00506	0.0035	0.00087	0.00078	0.00308	0.00528	0.0	0.0	0.0	0.0	0.00765	0.00847	0.0034	0.00527	0.00266	0.00177	0.00274	
0.04291	0.08747	0.06346	0.04652	0.13843	0.04071	0.05045	0.0	0.05332	0.0183	0.02072	0.0048	0.0048	0.0048	0.0048	0.01905	0.06316	0.03826	0.03903	0.04517	0.10786	0.05854	0.07231	0.0972	0.18632	1.01446	0.06636	0.18542	0.08507	0.0	0.0	0.0	0.06937	0.06815	0.0254	0.08865	0.01402	0.01402	0.00125	0.0048	0.0048	0.0048	0.0048	0.0048	0.0048	0.0048	0.0048	0.0048	0.0048	0.0	0.0048	0.01565	0.12674	0.0048	0.19737	0.12252	0.04877	0.10127	0.08437	0.08754	0.10162	0.0	0.0	0.0	0.0	0.0	0.0	0.0	0.0	0.0	0.0	0.0	0.0	0.0	0.0	0.0471	0.04146	0.05196	0.02805	0.06451	0.0482	0.08944	0.03001	0.05935	0.0048	0.0048	0.11514	0.04588	0.01198	0.02238	0.0359	0.08023	0.07743	0.04824	0.02816	0.13017	0.0	0.05588	0.06096	0.02247	0.03369	0.05237	0.02679	0.0048	0.0048	0.0048	0.0048	0.06335	0.04492	0.02831	0.04954	0.0506	0.03072	0.07006	
0.0004	0.00086	0.0014	0.00761	0.00389	0.00761	0.00393	0.0	0.00376	0.00154	0.00533	0.0	0.0	0.0	0.0	0.00826	0.00662	0.00604	0.00454	0.00211	0.00056	0.00054	0.00169	0.00035	0.00102	0.00131	0.00056	0.0011	0.00255	0.0	0.0	0.0	0.00189	0.00121	0.00056	0.00021	0.0	0.0	0.0	0.0	0.0	0.0	0.0	0.0	0.0	0.0	0.0	0.0	0.0	0.0048	0.0	0.00014	0.00051	0.0	0.00429	0.0022	0.00189	0.0014	0.00105	0.00195	0.00042	0.0	0.0	0.0	0.0	0.0	0.0	0.0	0.0	0.0	0.0	0.0	0.0	0.0	0.0	0.0033	0.00143	0.00054	0.00027	0.00187	0.00571	0.00064	0.00261	0.00323	0.0	0.0	0.00304	0.00669	0.00048	0.00483	0.00411	0.00028	0.00109	0.00302	0.00111	0.01063	0.0	0.00506	0.0035	0.00087	0.00078	0.00308	0.00528	0.0	0.0	0.0	0.0	0.00765	0.00847	0.0034	0.00527	0.00266	0.00177	0.00274	
0.03062	0.03204	0.04743	0.09177	0.02614	0.07401	0.10002	0.0	0.10282	0.04408	0.03006	0.00014	0.00014	0.00014	0.00014	0.02459	0.11881	0.39896	0.07191	0.10733	0.1363	0.16227	0.18283	0.21624	0.09486	0.05941	0.15491	0.10993	0.20302	0.0	0.0	0.0	0.50091	0.24818	0.06134	0.16783	0.04835	0.04835	0.01447	0.00014	0.00014	0.00014	0.00014	0.00014	0.00014	0.00014	0.00014	0.00014	0.00014	0.01565	0.00014	0.0	0.26324	0.00014	0.03454	0.14143	0.11471	0.10566	0.13572	0.14757	0.20602	0.0	0.0	0.0	0.0	0.0	0.0	0.0	0.0	0.0	0.0	0.0	0.0	0.0	0.0	0.11144	0.10978	0.10792	0.19547	0.14031	0.10486	0.08448	0.19693	0.30847	0.00014	0.00014	0.09236	0.08588	0.0158	0.03381	0.14201	0.05548	0.03398	0.08189	0.0196	0.13432	0.0	0.14473	0.10062	0.14946	0.20723	0.01684	0.24833	0.00014	0.00014	0.00014	0.00014	0.06721	0.05465	0.06798	0.16179	0.05853	0.03364	0.04449	
