0.0	0.05856	3e-05	0.0	0.03829	3e-05	0.11129	3e-05	3e-05	3e-05	3e-05	0.0	3e-05	0.07861	0.03142	0.1113	0.00349	0.00194	0.0	3e-05	3e-05	0.24345	0.0	3e-05	0.0039	0.11392	3e-05	3e-05	0.0	3e-05	3e-05	3e-05	0.0	3e-05	3e-05	3e-05	3e-05	3e-05	0.07068	0.0	3e-05	3e-05	3e-05	3e-05	0.09767	0.07209	3e-05	0.0	0.0206	0.08217	0.53028	3e-05	0.22308	3e-05	0.04018	0.02426	0.0	0.0	0.0	0.08043	0.0	0.0	0.24346	0.00847	0.06515	0.11131	3e-05	0.06515	3e-05	0.04122	3e-05	0.26445	0.28193	0.01435	0.0	0.0	0.0	3e-05	3e-05	3e-05	0.1113	3e-05	0.0	0.16079	0.0	
0.05856	0.0	0.00124	0.00102	0.0	0.18976	0.10666	0.00124	0.0	0.00124	0.00124	0.0	0.0	0.0	0.11071	0.26205	0.10027	0.0	0.0	0.0	0.0	0.06431	0.0	0.0	0.00676	0.0	0.00124	0.0	3e-05	0.0	0.0	0.00124	3e-05	0.0	0.00124	0.0	0.00124	0.00124	0.51407	3e-05	0.00124	0.00124	0.0	0.0	0.02321	0.44466	0.01277	0.0	0.18677	0.02147	0.01314	0.0	0.09444	0.00124	0.01807	0.02534	0.0	0.0	0.0	0.24321	0.0	0.0	0.17353	0.10248	0.15162	0.11081	0.00124	0.15162	0.00124	0.21355	0.0	0.01189	0.18584	0.11294	0.0	0.18142	3e-05	0.00124	0.00124	0.0	0.41392	0.0	0.0	0.14437	0.01459	
3e-05	0.00124	0.0	0.00123	9e-05	0.0	0.00123	0.0	0.0	0.0	0.0	0.0	0.0	0.00029	0.00478	0.00123	0.00305	0.00175	0.00818	0.0	0.0	0.00079	0.0	0.0	0.0011	0.0	0.0	0.0	0.0	0.0	0.0	0.0	0.0	0.0	0.0	0.0	0.0	0.0	0.00305	0.0	0.0	0.0	0.0	0.0	0.0	0.00079	0.00478	0.0	8e-05	2e-05	0.00035	0.0	9e-05	0.0	0.00029	0.00478	0.0	0.0	0.0	0.0011	0.0	0.0	0.00079	0.0	0.0	0.00123	0.0	0.0	0.0	0.0	0.0	0.00065	0.00123	0.00305	0.0	0.00064	0.0	0.0	0.0	0.0	0.00123	0.0	0.0	0.00053	0.00032	
0.0	0.00102	0.00123	0.0	0.05588	0.02432	0.0	0.00123	0.00478	0.00123	0.00123	0.26366	0.07906	0.0	0.32165	0.32565	0.34941	0.00177	0.0	0.00478	0.00478	0.00141	0.0	0.0	0.0	0.0	0.00123	0.00478	0.0	0.00478	0.00478	0.00123	0.0	0.00478	0.00123	0.00478	0.00123	0.00123	0.18354	0.0	0.00123	0.00123	0.00478	0.02601	0.02755	0.0	0.06337	0.0	0.55053	0.09092	0.00082	0.00478	0.00126	0.00123	0.00537	0.00708	0.0	0.0	0.0	0.0	0.0	0.0	0.03887	0.0	0.27177	0.23844	0.00123	0.27177	0.00123	0.0	0.07906	0.08425	0.0	0.16151	0.0	0.0	0.0	0.00123	0.00123	0.00478	0.0	0.00478	0.0	0.13946	0.16373	
0.03829	0.0	9e-05	0.05588	0.0	0.16694	0.01732	9e-05	0.0	9e-05	9e-05	0.0	0.0	0.0	0.05387	0.10574	0.03246	0.0	0.11204	0.0	0.0	0.01667	0.0	0.0	0.0	0.0	9e-05	0.0	0.0	0.0	0.0	9e-05	0.0	0.0	9e-05	0.0	9e-05	9e-05	0.13091	0.0	9e-05	9e-05	0.0	0.0	0.14674	0.09406	0.00579	0.0	0.13215	4e-05	0.00017	0.0	0.14674	9e-05	0.10935	0.16566	0.0	0.0	0.0	0.28419	0.0	0.0	0.08667	0.09406	0.02755	0.02755	9e-05	0.02755	9e-05	0.01732	0.0	0.02755	0.01348	0.0037	0.0	0.13165	0.0	9e-05	9e-05	0.0	0.14595	0.0	0.0	0.1216	0.00244	
3e-05	0.18976	0.0	0.02432	0.16694	0.0	0.00123	0.0	0.0	0.0	0.0	0.0	0.0	0.0	0.0035	0.00123	0.05298	0.00053	0.01235	0.0	0.0	0.00079	0.0	0.0	2e-05	0.0	0.0	0.0	0.00219	0.0	0.0	0.0	0.00219	0.0	0.0	0.0	0.0	0.0	0.00539	0.00219	0.0	0.0	0.0	0.0	0.01689	0.0	0.00549	0.0	5e-05	0.00686	0.0006	0.0	9e-05	0.0	0.00029	0.00478	0.0	0.0	0.0	0.0011	0.0	0.0	0.00079	0.0003	0.0009	0.00123	0.0	0.0009	0.0	0.00016	0.0	0.00798	5e-05	0.00305	0.0	0.00164	0.00219	0.0	0.0	0.0	0.00123	0.0	0.0	0.00053	0.00032	
0.11129	0.10666	0.00123	0.0	0.01732	0.00123	0.0	0.00123	0.00123	0.00123	0.00123	0.24558	0.00123	0.05901	0.12141	0.0	0.07436	0.24563	0.0	0.00123	0.00123	0.00534	0.0	0.00822	0.0	0.22011	0.00123	0.00123	0.0	0.00123	0.00123	0.00123	0.0	0.00123	0.00123	0.00123	0.00123	0.00123	0.18354	0.0	0.00123	0.00123	0.00123	0.00123	0.02754	0.11868	0.06336	0.0	0.0	0.24198	0.09274	0.00123	0.08031	0.00123	0.33574	0.03216	0.0	0.08237	0.0	0.0	0.0	0.0	0.00534	0.0	0.27176	0.0	0.00123	0.27176	0.00123	0.0	0.00123	0.22571	0.0	0.12864	0.0	0.01089	0.0	0.00123	0.00123	0.00123	0.0	0.00123	0.0	0.0	0.74259	
3e-05	0.00124	0.0	0.00123	9e-05	0.0	0.00123	0.0	0.0	0.0	0.0	0.0	0.0	0.00029	0.00478	0.00123	0.00305	0.00175	0.00818	0.0	0.0	0.00079	0.0	0.0	0.0011	0.0	0.0	0.0	0.0	0.0	0.0	0.0	0.0	0.0	0.0	0.0	0.0	0.0	0.00305	0.0	0.0	0.0	0.0	0.0	0.0	0.00079	0.00478	0.0	8e-05	2e-05	0.00035	0.0	9e-05	0.0	0.00029	0.00478	0.0	0.0	0.0	0.0011	0.0	0.0	0.00079	0.0	0.0	0.00123	0.0	0.0	0.0	0.0	0.0	0.00065	0.00123	0.00305	0.0	0.00064	0.0	0.0	0.0	0.0	0.00123	0.0	0.0	0.00053	0.00032	
3e-05	0.0	0.0	0.00478	0.0	0.0	0.00123	0.0	0.0	0.0	0.0	0.0	0.0	0.0	0.00285	0.00123	0.00478	0.00045	0.01277	0.0	0.0	0.00079	0.0	0.0	0.00124	0.0	0.0	0.0	0.0	0.0	0.0	0.0	0.0	0.0	0.0	0.0	0.0	0.0	0.00285	0.0	0.0	0.0	0.0	0.0	9e-05	0.00285	0.00263	0.0	7e-05	0.00271	8e-05	0.0	9e-05	0.0	0.00029	0.00478	0.0	0.0	0.0	0.0011	0.0	0.0	0.00079	0.00285	0.00123	0.00123	0.0	0.00123	0.0	0.00123	0.0	0.00123	0.00076	0.00305	0.0	0.00175	0.0	0.0	0.0	0.0	0.00123	0.0	0.0	0.00053	0.00032	
3e-05	0.00124	0.0	0.00123	9e-05	0.0	0.00123	0.0	0.0	0.0	0.0	0.0	0.0	0.00029	0.00478	0.00123	0.00305	0.00175	0.00818	0.0	0.0	0.00079	0.0	0.0	0.0011	0.0	0.0	0.0	0.0	0.0	0.0	0.0	0.0	0.0	0.0	0.0	0.0	0.0	0.00305	0.0	0.0	0.0	0.0	0.0	0.0	0.00079	0.00478	0.0	8e-05	2e-05	0.00035	0.0	9e-05	0.0	0.00029	0.00478	0.0	0.0	0.0	0.0011	0.0	0.0	0.00079	0.0	0.0	0.00123	0.0	0.0	0.0	0.0	0.0	0.00065	0.00123	0.00305	0.0	0.00064	0.0	0.0	0.0	0.0	0.00123	0.0	0.0	0.00053	0.00032	
3e-05	0.00124	0.0	0.00123	9e-05	0.0	0.00123	0.0	0.0	0.0	0.0	0.0	0.0	0.00029	0.00478	0.00123	0.00305	0.00175	0.00818	0.0	0.0	0.00079	0.0	0.0	0.0011	0.0	0.0	0.0	0.0	0.0	0.0	0.0	0.0	0.0	0.0	0.0	0.0	0.0	0.00305	0.0	0.0	0.0	0.0	0.0	0.0	0.00079	0.00478	0.0	8e-05	2e-05	0.00035	0.0	9e-05	0.0	0.00029	0.00478	0.0	0.0	0.0	0.0011	0.0	0.0	0.00079	0.0	0.0	0.00123	0.0	0.0	0.0	0.0	0.0	0.00065	0.00123	0.00305	0.0	0.00064	0.0	0.0	0.0	0.0	0.00123	0.0	0.0	0.00053	0.00032	
0.0	0.0	0.0	0.26366	0.0	0.0	0.24558	0.0	0.0	0.0	0.0	0.0	0.0	0.0	0.01254	0.26785	0.25026	0.0	0.01329	0.0	0.0	0.0	0.0	0.0	0.0	0.0	0.0	0.0	0.0	0.0	0.0	0.0	0.0	0.0	0.0	0.0	0.0	0.0	0.0109	0.0	0.0	0.0	0.0	0.0	0.0	0.00817	0.03884	0.0	0.0	0.02614	0.0	0.0	0.0	0.0	0.0	0.24574	0.0	0.0	1.33777	0.0	0.0	0.0	0.0	0.00817	0.27172	0.27172	0.0	0.27172	0.0	0.24558	0.0	0.27172	0.06071	0.01627	1.33777	0.11606	0.0	0.0	0.0	0.0	0.25689	0.0	0.8988	0.0	0.0	
3e-05	0.0	0.0	0.07906	0.0	0.0	0.00123	0.0	0.0	0.0	0.0	0.0	0.0	0.12031	0.04178	0.00123	0.0031	0.00072	0.01142	0.0	0.0	0.00079	0.0	0.0	0.00896	0.0	0.0	0.0	0.00123	0.0	0.0	0.0	0.00123	0.0	0.0	0.0	0.0	0.0	0.01433	0.00123	0.0	0.0	0.0	0.0	0.03496	0.14013	0.01635	0.0	1e-05	0.02355	0.00357	0.0	9e-05	0.0	0.00029	0.00478	0.0	0.0	0.0	0.0011	0.0	0.0	0.00079	0.09807	0.17097	0.00123	0.0	0.17097	0.0	0.0	0.0	0.04999	0.0017	0.00305	0.0	0.00139	0.00123	0.0	0.0	0.0	0.00123	0.0	0.0	0.00053	0.00032	
0.07861	0.0	0.00029	0.0	0.0	0.0	0.05901	0.00029	0.0	0.00029	0.00029	0.0	0.12031	0.0	0.01956	0.0	0.00245	0.30406	0.0	0.0	0.0	0.03892	0.0	0.0	0.13722	0.0	0.00029	0.0	0.0	0.0	0.0	0.00029	0.0	0.0	0.00029	0.0	0.00029	0.00029	0.00136	0.0	0.00029	0.00029	0.0	0.15336	0.10935	0.01072	0.06062	0.0	0.0	0.18504	0.08646	0.0	0.10935	0.00029	0.17346	0.0	0.0	0.0	0.0	0.0	0.0	0.0	0.00314	0.01072	0.0	0.0	0.00029	0.0	0.00029	0.05901	0.12031	0.0	0.1423	0.0	0.0	0.23608	0.0	0.00029	0.00029	0.0	0.0	0.0	0.0	0.0	0.19133	
0.03142	0.11071	0.00478	0.32165	0.05387	0.0035	0.12141	0.00478	0.00285	0.00478	0.00478	0.01254	0.04178	0.01956	0.0	0.02954	0.46993	0.01908	0.0	0.00285	0.00285	0.03229	0.0	0.02127	0.02764	0.0	0.00478	0.00285	0.0	0.00285	0.00285	0.00478	0.0	0.00285	0.00478	0.00285	0.00478	0.00478	0.18259	0.0	0.00478	0.00478	0.00285	0.02179	0.05587	0.13979	0.0	0.0	0.0	0.0	0.03671	0.00285	0.03657	0.00478	0.01705	0.0	0.0	0.01283	0.0	0.0188	0.0	0.0	0.00314	0.12413	0.0	0.16135	0.00478	0.0	0.00478	0.04248	0.04178	0.00168	0.05035	0.0	0.0	0.0	0.0	0.00478	0.00478	0.00285	0.00658	0.00285	0.0	0.00072	0.02808	
0.1113	0.26205	0.00123	0.32565	0.10574	0.00123	0.0	0.00123	0.00123	0.00123	0.00123	0.26785	0.00123	0.0	0.02954	0.0	0.04921	0.26077	0.0	0.00123	0.00123	0.00535	0.0	0.00822	0.34121	0.22535	0.00123	0.00123	1e-05	0.00123	0.00123	0.00123	1e-05	0.00123	0.00123	0.00123	0.00123	0.00123	0.0449	1e-05	0.00123	0.00123	0.00123	0.00123	0.00134	0.01763	0.00097	0.0	0.0	0.74792	0.07882	0.00123	0.0803	0.00123	0.33574	0.03217	0.0	0.08873	0.0	0.0	0.0	0.0	0.00535	0.02512	0.16436	0.0	0.00123	0.16436	0.00123	0.11701	0.00123	0.0	0.0	0.12863	0.0	0.01401	1e-05	0.00123	0.00123	0.00123	0.0	0.00123	0.0	0.0	0.7426	
0.00349	0.10027	0.00305	0.34941	0.03246	0.05298	0.07436	0.00305	0.00478	0.00305	0.00305	0.25026	0.0031	0.00245	0.46993	0.04921	0.0	0.15818	0.0	0.00478	0.00478	0.0276	0.0	0.0	0.28896	0.0	0.00305	0.00478	0.00076	0.00478	0.00478	0.00305	0.00076	0.00478	0.00305	0.00478	0.00305	0.00305	0.0	0.00076	0.00305	0.00305	0.00478	0.00012	0.00642	0.0317	0.29388	0.0	0.07949	0.05236	0.01557	0.00478	0.00111	0.00305	0.04409	0.14273	0.0	0.0	0.0	0.02716	0.0	0.0	0.07288	0.05171	0.01886	0.07347	0.00305	0.01886	0.00305	0.0034	0.0031	0.06781	0.0897	0.49895	0.0	0.06874	0.00076	0.00305	0.00305	0.00478	0.17109	0.00478	0.0	0.04099	0.00105	
0.00194	0.0	0.00175	0.00177	0.0	0.00053	0.24563	0.00175	0.00045	0.00175	0.00175	0.0	0.00072	0.30406	0.01908	0.26077	0.15818	0.0	2e-05	0.00045	0.00045	0.01966	0.0	0.04504	0.0	0.0	0.00175	0.00045	0.00807	0.00045	0.00045	0.00175	0.00807	0.00045	0.00175	0.00045	0.00175	0.00175	0.01798	0.00807	0.00175	0.00175	0.00045	0.00062	0.11082	0.09824	0.08012	0.0	0.0	0.0	0.1109	0.00045	0.0	0.00175	0.0	0.16467	0.0	0.04213	0.35612	0.0	0.0	0.0	0.02306	0.10236	0.45834	0.26337	0.00175	0.45834	0.00175	0.26157	0.00072	0.0	0.14619	0.05791	0.35612	0.0	0.00807	0.00175	0.00175	0.00045	0.25336	0.00045	0.04322	0.0	0.0	
0.0	0.0	0.00818	0.0	0.11204	0.01235	0.0	0.00818	0.01277	0.00818	0.00818	0.01329	0.01142	0.0	0.0	0.0	0.0	2e-05	0.0	0.01277	0.01277	0.00387	0.0	0.0	0.0	0.0	0.00818	0.01277	0.0	0.01277	0.01277	0.00818	0.0	0.01277	0.00818	0.01277	0.00818	0.00818	0.0	0.0	0.00818	0.00818	0.01277	0.01191	0.06101	0.0	0.0	0.0	0.0	0.07123	0.00148	0.01277	0.00225	0.00818	0.01537	0.0	0.0	0.0	0.14451	0.0	0.0	0.0	0.00236	0.0	0.55361	0.0	0.00818	0.55361	0.00818	0.0	0.01142	0.19818	0.0	0.0	0.14451	0.05546	0.0	0.00818	0.00818	0.01277	0.0	0.01277	0.00014	0.0	0.0	
3e-05	0.0	0.0	0.00478	0.0	0.0	0.00123	0.0	0.0	0.0	0.0	0.0	0.0	0.0	0.00285	0.00123	0.00478	0.00045	0.01277	0.0	0.0	0.00079	0.0	0.0	0.00124	0.0	0.0	0.0	0.0	0.0	0.0	0.0	0.0	0.0	0.0	0.0	0.0	0.0	0.00285	0.0	0.0	0.0	0.0	0.0	9e-05	0.00285	0.00263	0.0	7e-05	0.00271	8e-05	0.0	9e-05	0.0	0.00029	0.00478	0.0	0.0	0.0	0.0011	0.0	0.0	0.00079	0.00285	0.00123	0.00123	0.0	0.00123	0.0	0.00123	0.0	0.00123	0.00076	0.00305	0.0	0.00175	0.0	0.0	0.0	0.0	0.00123	0.0	0.0	0.00053	0.00032	
3e-05	0.0	0.0	0.00478	0.0	0.0	0.00123	0.0	0.0	0.0	0.0	0.0	0.0	0.0	0.00285	0.00123	0.00478	0.00045	0.01277	0.0	0.0	0.00079	0.0	0.0	0.00124	0.0	0.0	0.0	0.0	0.0	0.0	0.0	0.0	0.0	0.0	0.0	0.0	0.0	0.00285	0.0	0.0	0.0	0.0	0.0	9e-05	0.00285	0.00263	0.0	7e-05	0.00271	8e-05	0.0	9e-05	0.0	0.00029	0.00478	0.0	0.0	0.0	0.0011	0.0	0.0	0.00079	0.00285	0.00123	0.00123	0.0	0.00123	0.0	0.00123	0.0	0.00123	0.00076	0.00305	0.0	0.00175	0.0	0.0	0.0	0.0	0.00123	0.0	0.0	0.00053	0.00032	
0.24345	0.06431	0.00079	0.00141	0.01667	0.00079	0.00534	0.00079	0.00079	0.00079	0.00079	0.0	0.00079	0.03892	0.03229	0.00535	0.0276	0.01966	0.00387	0.00079	0.00079	0.0	0.0	0.00435	0.00219	0.09013	0.00079	0.00079	0.0	0.00079	0.00079	0.00079	0.0	0.00079	0.00079	0.00079	0.00079	0.00079	0.04685	0.0	0.00079	0.00079	0.00079	0.00079	0.0038	0.01659	0.01772	0.0	0.0044	0.00033	0.10171	0.00079	0.01661	0.00079	0.03278	0.01437	0.0	0.0	0.4102	0.01956	0.0	0.0	0.0009	0.02322	0.00111	0.00535	0.00079	0.00111	0.00079	0.0002	0.00079	0.02327	0.00949	0.03295	0.4102	0.22152	0.0	0.00079	0.00079	0.00079	0.00535	0.00079	0.0	0.03648	0.20972	
0.0	0.0	0.0	0.0	0.0	0.0	0.0	0.0	0.0	0.0	0.0	0.0	0.0	0.0	0.0	0.0	0.0	0.0	0.0	0.0	0.0	0.0	0.0	0.0	0.0	0.0	0.0	0.0	0.0	0.0	0.0	0.0	0.0	0.0	0.0	0.0	0.0	0.0	0.0	0.0	0.0	0.0	0.0	0.0	0.0	0.0	0.0	0.0	0.0	0.0	0.0	0.0	0.0	0.0	0.0	0.0	0.0	0.0	0.0	0.0	0.0	0.0	0.0	0.0	0.0	0.0	0.0	0.0	0.0	0.0	0.0	0.0	0.0	0.0	0.0	0.0	0.0	0.0	0.0	0.0	0.0	0.0	0.0	0.0	0.0	
3e-05	0.0	0.0	0.0	0.0	0.0	0.00822	0.0	0.0	0.0	0.0	0.0	0.0	0.0	0.02127	0.00822	0.0	0.04504	0.0	0.0	0.0	0.00435	0.0	0.0	0.00124	0.0	0.0	0.0	0.0	0.0	0.0	0.0	0.0	0.0	0.0	0.0	0.0	0.0	0.02127	0.0	0.0	0.0	0.0	0.0	0.02373	0.02126	0.0981	0.0	7e-05	0.04226	0.01716	0.0	0.02373	0.0	0.05181	0.0	0.0	0.0	0.0	0.0011	0.0	0.0	0.00435	0.02126	0.00822	0.00822	0.0	0.00822	0.0	0.00822	0.0	0.00822	0.01965	0.06346	0.0	0.00175	0.0	0.0	0.0	0.0	0.00822	0.0	0.0	0.00053	0.00032	
0.0039	0.00676	0.0011	0.0	0.0	2e-05	0.0	0.0011	0.00124	0.0011	0.0011	0.0	0.00896	0.13722	0.02764	0.34121	0.28896	0.0	0.0	0.00124	0.00124	0.00219	0.0	0.00124	0.0	0.0	0.0011	0.00124	0.0	0.00124	0.00124	0.0011	0.0	0.00124	0.0011	0.00124	0.0011	0.0011	0.06157	0.0	0.0011	0.0011	0.00124	0.00218	0.03501	0.0	0.00239	0.0	0.0	1.57206	0.12622	0.00124	0.49542	0.0011	0.0	0.07315	0.0	0.09127	0.0	0.0	0.0	0.0	9e-05	0.0	0.32221	0.43522	0.0011	0.32221	0.0011	0.0	0.00896	0.22591	0.0	0.11259	0.0	0.00517	0.0	0.0011	0.0011	0.00124	0.0	0.00124	0.0	0.27017	0.02723	
0.11392	0.0	0.0	0.0	0.0	0.0	0.22011	0.0	0.0	0.0	0.0	0.0	0.0	0.0	0.0	0.22535	0.0	0.0	0.0	0.0	0.0	0.09013	0.0	0.0	0.0	0.0	0.0	0.0	0.0	0.0	0.0	0.0	0.0	0.0	0.0	0.0	0.0	0.0	0.0	0.0	0.0	0.0	0.0	0.0	0.0	0.0	0.0	0.0	0.0	0.0	0.06716	0.0	0.0	0.0	0.02553	0.0	0.0	0.0	0.0	0.12247	0.0	0.0	0.08636	0.0	0.22623	0.22623	0.0	0.22623	0.0	0.22011	0.0	0.22623	0.04277	0.0	0.0	0.0	0.0	0.0	0.0	0.0	0.2228	0.0	1.04632	0.08236	0.02065	
3e-05	0.00124	0.0	0.00123	9e-05	0.0	0.00123	0.0	0.0	0.0	0.0	0.0	0.0	0.00029	0.00478	0.00123	0.00305	0.00175	0.00818	0.0	0.0	0.00079	0.0	0.0	0.0011	0.0	0.0	0.0	0.0	0.0	0.0	0.0	0.0	0.0	0.0	0.0	0.0	0.0	0.00305	0.0	0.0	0.0	0.0	0.0	0.0	0.00079	0.00478	0.0	8e-05	2e-05	0.00035	0.0	9e-05	0.0	0.00029	0.00478	0.0	0.0	0.0	0.0011	0.0	0.0	0.00079	0.0	0.0	0.00123	0.0	0.0	0.0	0.0	0.0	0.00065	0.00123	0.00305	0.0	0.00064	0.0	0.0	0.0	0.0	0.00123	0.0	0.0	0.00053	0.00032	
3e-05	0.0	0.0	0.00478	0.0	0.0	0.00123	0.0	0.0	0.0	0.0	0.0	0.0	0.0	0.00285	0.00123	0.00478	0.00045	0.01277	0.0	0.0	0.00079	0.0	0.0	0.00124	0.0	0.0	0.0	0.0	0.0	0.0	0.0	0.0	0.0	0.0	0.0	0.0	0.0	0.00285	0.0	0.0	0.0	0.0	0.0	9e-05	0.00285	0.00263	0.0	7e-05	0.00271	8e-05	0.0	9e-05	0.0	0.00029	0.00478	0.0	0.0	0.0	0.0011	0.0	0.0	0.00079	0.00285	0.00123	0.00123	0.0	0.00123	0.0	0.00123	0.0	0.00123	0.00076	0.00305	0.0	0.00175	0.0	0.0	0.0	0.0	0.00123	0.0	0.0	0.00053	0.00032	
0.0	3e-05	0.0	0.0	0.0	0.00219	0.0	0.0	0.0	0.0	0.0	0.0	0.00123	0.0	0.0	1e-05	0.00076	0.00807	0.0	0.0	0.0	0.0	0.0	0.0	0.0	0.0	0.0	0.0	0.0	0.0	0.0	0.0	0.0	0.0	0.0	0.0	0.0	0.0	0.00305	0.0	0.0	0.0	0.0	0.00478	0.0	0.0	0.00478	0.0	0.0	0.0	0.0	0.0	0.0	0.0	0.0	0.00029	0.0	0.0	0.0	0.0011	0.0	0.0	0.00186	0.0	0.0	0.0	0.0	0.0	0.0	0.0	0.00123	0.0	0.00123	0.0	0.0	0.0	0.0	0.0	0.0	0.0	0.00029	0.0	0.0	0.0	0.0	
3e-05	0.0	0.0	0.00478	0.0	0.0	0.00123	0.0	0.0	0.0	0.0	0.0	0.0	0.0	0.00285	0.00123	0.00478	0.00045	0.01277	0.0	0.0	0.00079	0.0	0.0	0.00124	0.0	0.0	0.0	0.0	0.0	0.0	0.0	0.0	0.0	0.0	0.0	0.0	0.0	0.00285	0.0	0.0	0.0	0.0	0.0	9e-05	0.00285	0.00263	0.0	7e-05	0.00271	8e-05	0.0	9e-05	0.0	0.00029	0.00478	0.0	0.0	0.0	0.0011	0.0	0.0	0.00079	0.00285	0.00123	0.00123	0.0	0.00123	0.0	0.00123	0.0	0.00123	0.00076	0.00305	0.0	0.00175	0.0	0.0	0.0	0.0	0.00123	0.0	0.0	0.00053	0.00032	
3e-05	0.0	0.0	0.00478	0.0	0.0	0.00123	0.0	0.0	0.0	0.0	0.0	0.0	0.0	0.00285	0.00123	0.00478	0.00045	0.01277	0.0	0.0	0.00079	0.0	0.0	0.00124	0.0	0.0	0.0	0.0	0.0	0.0	0.0	0.0	0.0	0.0	0.0	0.0	0.0	0.00285	0.0	0.0	0.0	0.0	0.0	9e-05	0.00285	0.00263	0.0	7e-05	0.00271	8e-05	0.0	9e-05	0.0	0.00029	0.00478	0.0	0.0	0.0	0.0011	0.0	0.0	0.00079	0.00285	0.00123	0.00123	0.0	0.00123	0.0	0.00123	0.0	0.00123	0.00076	0.00305	0.0	0.00175	0.0	0.0	0.0	0.0	0.00123	0.0	0.0	0.00053	0.00032	
3e-05	0.00124	0.0	0.00123	9e-05	0.0	0.00123	0.0	0.0	0.0	0.0	0.0	0.0	0.00029	0.00478	0.00123	0.00305	0.00175	0.00818	0.0	0.0	0.00079	0.0	0.0	0.0011	0.0	0.0	0.0	0.0	0.0	0.0	0.0	0.0	0.0	0.0	0.0	0.0	0.0	0.00305	0.0	0.0	0.0	0.0	0.0	0.0	0.00079	0.00478	0.0	8e-05	2e-05	0.00035	0.0	9e-05	0.0	0.00029	0.00478	0.0	0.0	0.0	0.0011	0.0	0.0	0.00079	0.0	0.0	0.00123	0.0	0.0	0.0	0.0	0.0	0.00065	0.00123	0.00305	0.0	0.00064	0.0	0.0	0.0	0.0	0.00123	0.0	0.0	0.00053	0.00032	
0.0	3e-05	0.0	0.0	0.0	0.00219	0.0	0.0	0.0	0.0	0.0	0.0	0.00123	0.0	0.0	1e-05	0.00076	0.00807	0.0	0.0	0.0	0.0	0.0	0.0	0.0	0.0	0.0	0.0	0.0	0.0	0.0	0.0	0.0	0.0	0.0	0.0	0.0	0.0	0.00305	0.0	0.0	0.0	0.0	0.00478	0.0	0.0	0.00478	0.0	0.0	0.0	0.0	0.0	0.0	0.0	0.0	0.00029	0.0	0.0	0.0	0.0011	0.0	0.0	0.00186	0.0	0.0	0.0	0.0	0.0	0.0	0.0	0.00123	0.0	0.00123	0.0	0.0	0.0	0.0	0.0	0.0	0.0	0.00029	0.0	0.0	0.0	0.0	
3e-05	0.0	0.0	0.00478	0.0	0.0	0.00123	0.0	0.0	0.0	0.0	0.0	0.0	0.0	0.00285	0.00123	0.00478	0.00045	0.01277	0.0	0.0	0.00079	0.0	0.0	0.00124	0.0	0.0	0.0	0.0	0.0	0.0	0.0	0.0	0.0	0.0	0.0	0.0	0.0	0.00285	0.0	0.0	0.0	0.0	0.0	9e-05	0.00285	0.00263	0.0	7e-05	0.00271	8e-05	0.0	9e-05	0.0	0.00029	0.00478	0.0	0.0	0.0	0.0011	0.0	0.0	0.00079	0.00285	0.00123	0.00123	0.0	0.00123	0.0	0.00123	0.0	0.00123	0.00076	0.00305	0.0	0.00175	0.0	0.0	0.0	0.0	0.00123	0.0	0.0	0.00053	0.00032	
3e-05	0.00124	0.0	0.00123	9e-05	0.0	0.00123	0.0	0.0	0.0	0.0	0.0	0.0	0.00029	0.00478	0.00123	0.00305	0.00175	0.00818	0.0	0.0	0.00079	0.0	0.0	0.0011	0.0	0.0	0.0	0.0	0.0	0.0	0.0	0.0	0.0	0.0	0.0	0.0	0.0	0.00305	0.0	0.0	0.0	0.0	0.0	0.0	0.00079	0.00478	0.0	8e-05	2e-05	0.00035	0.0	9e-05	0.0	0.00029	0.00478	0.0	0.0	0.0	0.0011	0.0	0.0	0.00079	0.0	0.0	0.00123	0.0	0.0	0.0	0.0	0.0	0.00065	0.00123	0.00305	0.0	0.00064	0.0	0.0	0.0	0.0	0.00123	0.0	0.0	0.00053	0.00032	
3e-05	0.0	0.0	0.00478	0.0	0.0	0.00123	0.0	0.0	0.0	0.0	0.0	0.0	0.0	0.00285	0.00123	0.00478	0.00045	0.01277	0.0	0.0	0.00079	0.0	0.0	0.00124	0.0	0.0	0.0	0.0	0.0	0.0	0.0	0.0	0.0	0.0	0.0	0.0	0.0	0.00285	0.0	0.0	0.0	0.0	0.0	9e-05	0.00285	0.00263	0.0	7e-05	0.00271	8e-05	0.0	9e-05	0.0	0.00029	0.00478	0.0	0.0	0.0	0.0011	0.0	0.0	0.00079	0.00285	0.00123	0.00123	0.0	0.00123	0.0	0.00123	0.0	0.00123	0.00076	0.00305	0.0	0.00175	0.0	0.0	0.0	0.0	0.00123	0.0	0.0	0.00053	0.00032	
3e-05	0.00124	0.0	0.00123	9e-05	0.0	0.00123	0.0	0.0	0.0	0.0	0.0	0.0	0.00029	0.00478	0.00123	0.00305	0.00175	0.00818	0.0	0.0	0.00079	0.0	0.0	0.0011	0.0	0.0	0.0	0.0	0.0	0.0	0.0	0.0	0.0	0.0	0.0	0.0	0.0	0.00305	0.0	0.0	0.0	0.0	0.0	0.0	0.00079	0.00478	0.0	8e-05	2e-05	0.00035	0.0	9e-05	0.0	0.00029	0.00478	0.0	0.0	0.0	0.0011	0.0	0.0	0.00079	0.0	0.0	0.00123	0.0	0.0	0.0	0.0	0.0	0.00065	0.00123	0.00305	0.0	0.00064	0.0	0.0	0.0	0.0	0.00123	0.0	0.0	0.00053	0.00032	
3e-05	0.00124	0.0	0.00123	9e-05	0.0	0.00123	0.0	0.0	0.0	0.0	0.0	0.0	0.00029	0.00478	0.00123	0.00305	0.00175	0.00818	0.0	0.0	0.00079	0.0	0.0	0.0011	0.0	0.0	0.0	0.0	0.0	0.0	0.0	0.0	0.0	0.0	0.0	0.0	0.0	0.00305	0.0	0.0	0.0	0.0	0.0	0.0	0.00079	0.00478	0.0	8e-05	2e-05	0.00035	0.0	9e-05	0.0	0.00029	0.00478	0.0	0.0	0.0	0.0011	0.0	0.0	0.00079	0.0	0.0	0.00123	0.0	0.0	0.0	0.0	0.0	0.00065	0.00123	0.00305	0.0	0.00064	0.0	0.0	0.0	0.0	0.00123	0.0	0.0	0.00053	0.00032	
0.07068	0.51407	0.00305	0.18354	0.13091	0.00539	0.18354	0.00305	0.00285	0.00305	0.00305	0.0109	0.01433	0.00136	0.18259	0.0449	0.0	0.01798	0.0	0.00285	0.00285	0.04685	0.0	0.02127	0.06157	0.0	0.00305	0.00285	0.00305	0.00285	0.00285	0.00305	0.00305	0.00285	0.00305	0.00285	0.00305	0.00305	0.0	0.00305	0.00305	0.00305	0.00285	0.00902	0.00305	0.04472	0.22646	0.0	0.0	0.00265	1e-05	0.00285	0.19346	0.00305	0.00125	0.3052	0.0	0.01371	0.0	0.02716	0.0	0.0	0.0129	0.00305	0.00305	0.24444	0.00305	0.00305	0.00305	0.00305	0.01433	0.11042	0.12864	0.0	0.0	0.0	0.00305	0.00305	0.00305	0.00285	0.09963	0.00285	0.0	0.08393	0.05879	
0.0	3e-05	0.0	0.0	0.0	0.00219	0.0	0.0	0.0	0.0	0.0	0.0	0.00123	0.0	0.0	1e-05	0.00076	0.00807	0.0	0.0	0.0	0.0	0.0	0.0	0.0	0.0	0.0	0.0	0.0	0.0	0.0	0.0	0.0	0.0	0.0	0.0	0.0	0.0	0.00305	0.0	0.0	0.0	0.0	0.00478	0.0	0.0	0.00478	0.0	0.0	0.0	0.0	0.0	0.0	0.0	0.0	0.00029	0.0	0.0	0.0	0.0011	0.0	0.0	0.00186	0.0	0.0	0.0	0.0	0.0	0.0	0.0	0.00123	0.0	0.00123	0.0	0.0	0.0	0.0	0.0	0.0	0.0	0.00029	0.0	0.0	0.0	0.0	
3e-05	0.00124	0.0	0.00123	9e-05	0.0	0.00123	0.0	0.0	0.0	0.0	0.0	0.0	0.00029	0.00478	0.00123	0.00305	0.00175	0.00818	0.0	0.0	0.00079	0.0	0.0	0.0011	0.0	0.0	0.0	0.0	0.0	0.0	0.0	0.0	0.0	0.0	0.0	0.0	0.0	0.00305	0.0	0.0	0.0	0.0	0.0	0.0	0.00079	0.00478	0.0	8e-05	2e-05	0.00035	0.0	9e-05	0.0	0.00029	0.00478	0.0	0.0	0.0	0.0011	0.0	0.0	0.00079	0.0	0.0	0.00123	0.0	0.0	0.0	0.0	0.0	0.00065	0.00123	0.00305	0.0	0.00064	0.0	0.0	0.0	0.0	0.00123	0.0	0.0	0.00053	0.00032	
3e-05	0.00124	0.0	0.00123	9e-05	0.0	0.00123	0.0	0.0	0.0	0.0	0.0	0.0	0.00029	0.00478	0.00123	0.00305	0.00175	0.00818	0.0	0.0	0.00079	0.0	0.0	0.0011	0.0	0.0	0.0	0.0	0.0	0.0	0.0	0.0	0.0	0.0	0.0	0.0	0.0	0.00305	0.0	0.0	0.0	0.0	0.0	0.0	0.00079	0.00478	0.0	8e-05	2e-05	0.00035	0.0	9e-05	0.0	0.00029	0.00478	0.0	0.0	0.0	0.0011	0.0	0.0	0.00079	0.0	0.0	0.00123	0.0	0.0	0.0	0.0	0.0	0.00065	0.00123	0.00305	0.0	0.00064	0.0	0.0	0.0	0.0	0.00123	0.0	0.0	0.00053	0.00032	
3e-05	0.0	0.0	0.00478	0.0	0.0	0.00123	0.0	0.0	0.0	0.0	0.0	0.0	0.0	0.00285	0.00123	0.00478	0.00045	0.01277	0.0	0.0	0.00079	0.0	0.0	0.00124	0.0	0.0	0.0	0.0	0.0	0.0	0.0	0.0	0.0	0.0	0.0	0.0	0.0	0.00285	0.0	0.0	0.0	0.0	0.0	9e-05	0.00285	0.00263	0.0	7e-05	0.00271	8e-05	0.0	9e-05	0.0	0.00029	0.00478	0.0	0.0	0.0	0.0011	0.0	0.0	0.00079	0.00285	0.00123	0.00123	0.0	0.00123	0.0	0.00123	0.0	0.00123	0.00076	0.00305	0.0	0.00175	0.0	0.0	0.0	0.0	0.00123	0.0	0.0	0.00053	0.00032	
3e-05	0.0	0.0	0.02601	0.0	0.0	0.00123	0.0	0.0	0.0	0.0	0.0	0.0	0.15336	0.02179	0.00123	0.00012	0.00062	0.01191	0.0	0.0	0.00079	0.0	0.0	0.00218	0.0	0.0	0.0	0.00478	0.0	0.0	0.0	0.00478	0.0	0.0	0.0	0.0	0.0	0.00902	0.00478	0.0	0.0	0.0	0.0	0.01392	0.00351	0.00978	0.0	3e-05	0.11382	0.00168	0.0	9e-05	0.0	0.00029	0.00478	0.0	0.0	0.0	0.0011	0.0	0.0	0.00079	0.00876	0.00941	0.00123	0.0	0.00941	0.0	0.00431	0.0	0.04527	0.00024	0.00305	0.0	0.00152	0.00478	0.0	0.0	0.0	0.00123	0.0	0.0	0.00053	0.00032	
0.09767	0.02321	0.0	0.02755	0.14674	0.01689	0.02754	0.0	9e-05	0.0	0.0	0.0	0.03496	0.10935	0.05587	0.00134	0.00642	0.11082	0.06101	9e-05	9e-05	0.0038	0.0	0.02373	0.03501	0.0	0.0	9e-05	0.0	9e-05	9e-05	0.0	0.0	9e-05	0.0	9e-05	0.0	0.0	0.00305	0.0	0.0	0.0	9e-05	0.01392	0.0	0.01666	0.00478	0.0	0.0	0.0	0.00941	9e-05	0.0	0.0	0.07542	0.02118	0.0	0.16646	0.0	0.0011	0.0	0.0	0.09324	0.0	0.0	0.01732	0.0	0.0	0.0	0.0	0.03496	0.00665	0.00123	0.00959	0.0	0.0	0.0	0.0	0.0	9e-05	0.02151	9e-05	0.0	0.00237	0.06319	
0.07209	0.44466	0.00079	0.0	0.09406	0.0	0.11868	0.00079	0.00285	0.00079	0.00079	0.00817	0.14013	0.01072	0.13979	0.01763	0.0317	0.09824	0.0	0.00285	0.00285	0.01659	0.0	0.02126	0.0	0.0	0.00079	0.00285	0.0	0.00285	0.00285	0.00079	0.0	0.00285	0.00079	0.00285	0.00079	0.00079	0.04472	0.0	0.00079	0.00079	0.00285	0.00351	0.01666	0.0	0.02447	0.0	0.04304	0.03979	0.04853	0.00285	0.13902	0.00079	0.002	0.13091	0.0	0.0154	0.52727	0.01956	0.0	0.0	0.01412	0.0	0.0	0.05273	0.00079	0.0	0.00079	0.01011	0.14013	0.04307	0.01105	0.19464	0.52727	0.63141	0.0	0.00079	0.00079	0.00285	0.00226	0.00285	0.0	0.01721	0.0	
3e-05	0.01277	0.00478	0.06337	0.00579	0.00549	0.06336	0.00478	0.00263	0.00478	0.00478	0.03884	0.01635	0.06062	0.0	0.00097	0.29388	0.08012	0.0	0.00263	0.00263	0.01772	0.0	0.0981	0.00239	0.0	0.00478	0.00263	0.00478	0.00263	0.00263	0.00478	0.00478	0.00263	0.00478	0.00263	0.00478	0.00478	0.22646	0.00478	0.00478	0.00478	0.00263	0.00978	0.00478	0.02447	0.0	0.0	0.0	0.00579	0.17595	0.00263	0.00637	0.00478	0.08008	0.0	0.0	0.0224	0.0	0.01881	0.0	0.0	0.00155	0.00478	0.00478	0.05994	0.00478	0.00478	0.00478	0.00478	0.01635	0.00805	0.03216	0.14064	0.0	0.0	0.00478	0.00478	0.00478	0.00263	0.01832	0.00263	0.0	0.01633	0.00162	
0.0	0.0	0.0	0.0	0.0	0.0	0.0	0.0	0.0	0.0	0.0	0.0	0.0	0.0	0.0	0.0	0.0	0.0	0.0	0.0	0.0	0.0	0.0	0.0	0.0	0.0	0.0	0.0	0.0	0.0	0.0	0.0	0.0	0.0	0.0	0.0	0.0	0.0	0.0	0.0	0.0	0.0	0.0	0.0	0.0	0.0	0.0	0.0	0.0	0.0	0.0	0.0	0.0	0.0	0.0	0.0	0.0	0.0	0.0	0.0	0.0	0.0	0.0	0.0	0.0	0.0	0.0	0.0	0.0	0.0	0.0	0.0	0.0	0.0	0.0	0.0	0.0	0.0	0.0	0.0	0.0	0.0	0.0	0.0	0.0	
0.0206	0.18677	8e-05	0.55053	0.13215	5e-05	0.0	8e-05	7e-05	8e-05	8e-05	0.0	1e-05	0.0	0.0	0.0	0.07949	0.0	0.0	7e-05	7e-05	0.0044	0.0	7e-05	0.0	0.0	8e-05	7e-05	0.0	7e-05	7e-05	8e-05	0.0	7e-05	8e-05	7e-05	8e-05	8e-05	0.0	0.0	8e-05	8e-05	7e-05	3e-05	0.0	0.04304	0.0	0.0	0.0	0.0	0.07293	7e-05	0.0	8e-05	0.0	0.00687	0.0	0.00034	0.00058	0.0	0.0	0.0	0.00314	0.13919	0.0	0.0	8e-05	0.0	8e-05	0.03623	1e-05	0.0	0.20012	0.02663	0.00058	0.0	0.0	8e-05	8e-05	7e-05	0.0	7e-05	0.1713	0.0	0.0	
0.08217	0.02147	2e-05	0.09092	4e-05	0.00686	0.24198	2e-05	0.00271	2e-05	2e-05	0.02614	0.02355	0.18504	0.0	0.74792	0.05236	0.0	0.07123	0.00271	0.00271	0.00033	0.0	0.04226	1.57206	0.0	2e-05	0.00271	0.0	0.00271	0.00271	2e-05	0.0	0.00271	2e-05	0.00271	2e-05	2e-05	0.00265	0.0	2e-05	2e-05	0.00271	0.11382	0.0	0.03979	0.00579	0.0	0.0	0.0	0.01466	0.00271	0.4155	2e-05	0.19223	0.04509	0.0	0.04416	0.01379	0.80781	0.0	0.0	0.04005	0.11411	0.0	0.63362	2e-05	0.0	2e-05	0.02714	0.02355	0.0	0.01795	0.01374	0.01379	0.0	0.0	2e-05	2e-05	0.00271	1.13672	0.00271	0.0	0.29449	0.0	
0.53028	0.01314	0.00035	0.00082	0.00017	0.0006	0.09274	0.00035	8e-05	0.00035	0.00035	0.0	0.00357	0.08646	0.03671	0.07882	0.01557	0.1109	0.00148	8e-05	8e-05	0.10171	0.0	0.01716	0.12622	0.06716	0.00035	8e-05	0.0	8e-05	8e-05	0.00035	0.0	8e-05	0.00035	8e-05	0.00035	0.00035	1e-05	0.0	0.00035	0.00035	8e-05	0.00168	0.00941	0.04853	0.17595	0.0	0.07293	0.01466	0.0	8e-05	0.0061	0.00035	0.56869	0.10127	0.0	0.15054	0.0	0.55176	0.0	0.0	0.04581	0.00981	0.05331	0.09354	0.00035	0.05331	0.00035	0.02375	0.00357	0.1246	0.29614	0.0	0.0	0.0	0.0	0.00035	0.00035	8e-05	0.14536	8e-05	0.0	0.56239	0.60829	
3e-05	0.0	0.0	0.00478	0.0	0.0	0.00123	0.0	0.0	0.0	0.0	0.0	0.0	0.0	0.00285	0.00123	0.00478	0.00045	0.01277	0.0	0.0	0.00079	0.0	0.0	0.00124	0.0	0.0	0.0	0.0	0.0	0.0	0.0	0.0	0.0	0.0	0.0	0.0	0.0	0.00285	0.0	0.0	0.0	0.0	0.0	9e-05	0.00285	0.00263	0.0	7e-05	0.00271	8e-05	0.0	9e-05	0.0	0.00029	0.00478	0.0	0.0	0.0	0.0011	0.0	0.0	0.00079	0.00285	0.00123	0.00123	0.0	0.00123	0.0	0.00123	0.0	0.00123	0.00076	0.00305	0.0	0.00175	0.0	0.0	0.0	0.0	0.00123	0.0	0.0	0.00053	0.00032	
0.22308	0.09444	9e-05	0.00126	0.14674	9e-05	0.08031	9e-05	9e-05	9e-05	9e-05	0.0	9e-05	0.10935	0.03657	0.0803	0.00111	0.0	0.00225	9e-05	9e-05	0.01661	0.0	0.02373	0.49542	0.0	9e-05	9e-05	0.0	9e-05	9e-05	9e-05	0.0	9e-05	9e-05	9e-05	9e-05	9e-05	0.19346	0.0	9e-05	9e-05	9e-05	9e-05	0.0	0.13902	0.00637	0.0	0.0	0.4155	0.0061	9e-05	0.0	9e-05	0.36279	0.0595	0.0	0.16646	0.0	0.28419	0.0	0.0	0.01661	0.13614	0.0	0.0803	9e-05	0.0	9e-05	0.03496	9e-05	0.06963	0.01354	0.03675	0.0	0.0	0.0	9e-05	9e-05	9e-05	0.08031	9e-05	0.0	0.18452	0.02559	
3e-05	0.00124	0.0	0.00123	9e-05	0.0	0.00123	0.0	0.0	0.0	0.0	0.0	0.0	0.00029	0.00478	0.00123	0.00305	0.00175	0.00818	0.0	0.0	0.00079	0.0	0.0	0.0011	0.0	0.0	0.0	0.0	0.0	0.0	0.0	0.0	0.0	0.0	0.0	0.0	0.0	0.00305	0.0	0.0	0.0	0.0	0.0	0.0	0.00079	0.00478	0.0	8e-05	2e-05	0.00035	0.0	9e-05	0.0	0.00029	0.00478	0.0	0.0	0.0	0.0011	0.0	0.0	0.00079	0.0	0.0	0.00123	0.0	0.0	0.0	0.0	0.0	0.00065	0.00123	0.00305	0.0	0.00064	0.0	0.0	0.0	0.0	0.00123	0.0	0.0	0.00053	0.00032	
0.04018	0.01807	0.00029	0.00537	0.10935	0.00029	0.33574	0.00029	0.00029	0.00029	0.00029	0.0	0.00029	0.17346	0.01705	0.33574	0.04409	0.0	0.01537	0.00029	0.00029	0.03278	0.0	0.05181	0.0	0.02553	0.00029	0.00029	0.0	0.00029	0.00029	0.00029	0.0	0.00029	0.00029	0.00029	0.00029	0.00029	0.00125	0.0	0.00029	0.00029	0.00029	0.00029	0.07542	0.002	0.08008	0.0	0.0	0.19223	0.56869	0.00029	0.36279	0.00029	0.0	0.15982	0.0	0.00027	0.0	0.0	0.0	0.0	0.03278	0.00285	0.1203	0.33575	0.00029	0.1203	0.00029	0.07906	0.00029	0.25966	0.20866	0.00538	0.0	0.02358	0.0	0.00029	0.00029	0.00029	0.33574	0.00029	0.0	0.0	0.60213	
0.02426	0.02534	0.00478	0.00708	0.16566	0.00478	0.03216	0.00478	0.00478	0.00478	0.00478	0.24574	0.00478	0.0	0.0	0.03217	0.14273	0.16467	0.0	0.00478	0.00478	0.01437	0.0	0.0	0.07315	0.0	0.00478	0.00478	0.00029	0.00478	0.00478	0.00478	0.00029	0.00478	0.00478	0.00478	0.00478	0.00478	0.3052	0.00029	0.00478	0.00478	0.00478	0.00478	0.02118	0.13091	0.0	0.0	0.00687	0.04509	0.10127	0.00478	0.0595	0.00478	0.15982	0.0	0.0	0.0	0.0	0.0188	0.0	0.0	0.01436	0.06616	0.14009	0.03217	0.00478	0.14009	0.00478	0.14807	0.00478	0.00613	0.01202	0.22645	0.0	0.00677	0.00029	0.00478	0.00478	0.00478	0.03216	0.00478	0.0	0.01029	0.00311	
0.0	0.0	0.0	0.0	0.0	0.0	0.0	0.0	0.0	0.0	0.0	0.0	0.0	0.0	0.0	0.0	0.0	0.0	0.0	0.0	0.0	0.0	0.0	0.0	0.0	0.0	0.0	0.0	0.0	0.0	0.0	0.0	0.0	0.0	0.0	0.0	0.0	0.0	0.0	0.0	0.0	0.0	0.0	0.0	0.0	0.0	0.0	0.0	0.0	0.0	0.0	0.0	0.0	0.0	0.0	0.0	0.0	0.0	0.0	0.0	0.0	0.0	0.0	0.0	0.0	0.0	0.0	0.0	0.0	0.0	0.0	0.0	0.0	0.0	0.0	0.0	0.0	0.0	0.0	0.0	0.0	0.0	0.0	0.0	0.0	
0.0	0.0	0.0	0.0	0.0	0.0	0.08237	0.0	0.0	0.0	0.0	0.0	0.0	0.0	0.01283	0.08873	0.0	0.04213	0.0	0.0	0.0	0.0	0.0	0.0	0.09127	0.0	0.0	0.0	0.0	0.0	0.0	0.0	0.0	0.0	0.0	0.0	0.0	0.0	0.01371	0.0	0.0	0.0	0.0	0.0	0.16646	0.0154	0.0224	0.0	0.00034	0.04416	0.15054	0.0	0.16646	0.0	0.00027	0.0	0.0	0.0	1.4585	0.02983	0.0	0.0	0.0	0.0154	0.08982	0.08982	0.0	0.08982	0.0	0.08237	0.0	0.08982	0.22945	0.00573	1.4585	0.0	0.0	0.0	0.0	0.0	0.08561	0.0	0.0	0.06452	0.0	
0.0	0.0	0.0	0.0	0.0	0.0	0.0	0.0	0.0	0.0	0.0	1.33777	0.0	0.0	0.0	0.0	0.0	0.35612	0.14451	0.0	0.0	0.4102	0.0	0.0	0.0	0.0	0.0	0.0	0.0	0.0	0.0	0.0	0.0	0.0	0.0	0.0	0.0	0.0	0.0	0.0	0.0	0.0	0.0	0.0	0.0	0.52727	0.0	0.0	0.00058	0.01379	0.0	0.0	0.0	0.0	0.0	0.0	0.0	1.4585	0.0	0.0	0.0	0.0	0.45821	0.0	0.0	0.0	0.0	0.0	0.0	0.0	0.0	0.0	0.0	0.0	0.0	0.0	0.0	0.0	0.0	0.0	0.0	0.0	1.13853	0.0	0.0	
0.08043	0.24321	0.0011	0.0	0.28419	0.0011	0.0	0.0011	0.0011	0.0011	0.0011	0.0	0.0011	0.0	0.0188	0.0	0.02716	0.0	0.0	0.0011	0.0011	0.01956	0.0	0.0011	0.0	0.12247	0.0011	0.0011	0.0011	0.0011	0.0011	0.0011	0.0011	0.0011	0.0011	0.0011	0.0011	0.0011	0.02716	0.0011	0.0011	0.0011	0.0011	0.0011	0.0011	0.01956	0.01881	0.0	0.0	0.80781	0.55176	0.0011	0.28419	0.0011	0.0	0.0188	0.0	0.02983	0.0	0.0	0.0	0.0	0.01956	0.0011	0.0011	0.0	0.0011	0.0011	0.0011	0.0011	0.0011	0.37179	0.0	0.02716	0.0	0.01641	0.0011	0.0011	0.0011	0.0011	0.0	0.0011	0.0	0.0	0.68838	
0.0	0.0	0.0	0.0	0.0	0.0	0.0	0.0	0.0	0.0	0.0	0.0	0.0	0.0	0.0	0.0	0.0	0.0	0.0	0.0	0.0	0.0	0.0	0.0	0.0	0.0	0.0	0.0	0.0	0.0	0.0	0.0	0.0	0.0	0.0	0.0	0.0	0.0	0.0	0.0	0.0	0.0	0.0	0.0	0.0	0.0	0.0	0.0	0.0	0.0	0.0	0.0	0.0	0.0	0.0	0.0	0.0	0.0	0.0	0.0	0.0	0.0	0.0	0.0	0.0	0.0	0.0	0.0	0.0	0.0	0.0	0.0	0.0	0.0	0.0	0.0	0.0	0.0	0.0	0.0	0.0	0.0	0.0	0.0	0.0	
0.0	0.0	0.0	0.0	0.0	0.0	0.0	0.0	0.0	0.0	0.0	0.0	0.0	0.0	0.0	0.0	0.0	0.0	0.0	0.0	0.0	0.0	0.0	0.0	0.0	0.0	0.0	0.0	0.0	0.0	0.0	0.0	0.0	0.0	0.0	0.0	0.0	0.0	0.0	0.0	0.0	0.0	0.0	0.0	0.0	0.0	0.0	0.0	0.0	0.0	0.0	0.0	0.0	0.0	0.0	0.0	0.0	0.0	0.0	0.0	0.0	0.0	0.0	0.0	0.0	0.0	0.0	0.0	0.0	0.0	0.0	0.0	0.0	0.0	0.0	0.0	0.0	0.0	0.0	0.0	0.0	0.0	0.0	0.0	0.0	
0.24346	0.17353	0.00079	0.03887	0.08667	0.00079	0.00534	0.00079	0.00079	0.00079	0.00079	0.0	0.00079	0.00314	0.00314	0.00535	0.07288	0.02306	0.00236	0.00079	0.00079	0.0009	0.0	0.00435	9e-05	0.08636	0.00079	0.00079	0.00186	0.00079	0.00079	0.00079	0.00186	0.00079	0.00079	0.00079	0.00079	0.00079	0.0129	0.00186	0.00079	0.00079	0.00079	0.00079	0.09324	0.01412	0.00155	0.0	0.00314	0.04005	0.04581	0.00079	0.01661	0.00079	0.03278	0.01436	0.0	0.0	0.45821	0.01956	0.0	0.0	0.0	0.04507	0.33943	0.00535	0.00079	0.33943	0.00079	0.12558	0.00079	0.22584	0.0	0.03296	0.45821	0.23159	0.00186	0.00079	0.00079	0.00079	0.00535	0.00079	0.0	0.03648	0.20971	
0.00847	0.10248	0.0	0.0	0.09406	0.0003	0.0	0.0	0.00285	0.0	0.0	0.00817	0.09807	0.01072	0.12413	0.02512	0.05171	0.10236	0.0	0.00285	0.00285	0.02322	0.0	0.02126	0.0	0.0	0.0	0.00285	0.0	0.00285	0.00285	0.0	0.0	0.00285	0.0	0.00285	0.0	0.0	0.00305	0.0	0.0	0.0	0.00285	0.00876	0.0	0.0	0.00478	0.0	0.13919	0.11411	0.00981	0.00285	0.13614	0.0	0.00285	0.06616	0.0	0.0154	0.0	0.0011	0.0	0.0	0.04507	0.0	0.0	0.08203	0.0	0.0	0.0	0.0	0.09807	0.01537	0.00123	0.18237	0.0	0.13679	0.0	0.0	0.0	0.00285	0.04253	0.00285	0.0	0.00647	0.0	
0.06515	0.15162	0.0	0.27177	0.02755	0.0009	0.27176	0.0	0.00123	0.0	0.0	0.27172	0.17097	0.0	0.0	0.16436	0.01886	0.45834	0.55361	0.00123	0.00123	0.00111	0.0	0.00822	0.32221	0.22623	0.0	0.00123	0.0	0.00123	0.00123	0.0	0.0	0.00123	0.0	0.00123	0.0	0.0	0.00305	0.0	0.0	0.0	0.00123	0.00941	0.0	0.0	0.00478	0.0	0.0	0.0	0.05331	0.00123	0.0	0.0	0.1203	0.14009	0.0	0.08982	0.0	0.0011	0.0	0.0	0.33943	0.0	0.0	0.0	0.0	0.0	0.0	0.0	0.17097	0.0	0.00123	0.0	0.0	0.0	0.0	0.0	0.0	0.00123	0.0094	0.00123	0.0	0.14015	0.0	
0.11131	0.11081	0.00123	0.23844	0.02755	0.00123	0.0	0.00123	0.00123	0.00123	0.00123	0.27172	0.00123	0.0	0.16135	0.0	0.07347	0.26337	0.0	0.00123	0.00123	0.00535	0.0	0.00822	0.43522	0.22623	0.00123	0.00123	0.0	0.00123	0.00123	0.00123	0.0	0.00123	0.00123	0.00123	0.00123	0.00123	0.24444	0.0	0.00123	0.00123	0.00123	0.00123	0.01732	0.05273	0.05994	0.0	0.0	0.63362	0.09354	0.00123	0.0803	0.00123	0.33575	0.03217	0.0	0.08982	0.0	0.0	0.0	0.0	0.00535	0.08203	0.0	0.0	0.00123	0.0	0.00123	0.17099	0.00123	0.0	0.67853	0.12863	0.0	0.01457	0.0	0.00123	0.00123	0.00123	0.0	0.00123	0.0	0.0	0.7426	
3e-05	0.00124	0.0	0.00123	9e-05	0.0	0.00123	0.0	0.0	0.0	0.0	0.0	0.0	0.00029	0.00478	0.00123	0.00305	0.00175	0.00818	0.0	0.0	0.00079	0.0	0.0	0.0011	0.0	0.0	0.0	0.0	0.0	0.0	0.0	0.0	0.0	0.0	0.0	0.0	0.0	0.00305	0.0	0.0	0.0	0.0	0.0	0.0	0.00079	0.00478	0.0	8e-05	2e-05	0.00035	0.0	9e-05	0.0	0.00029	0.00478	0.0	0.0	0.0	0.0011	0.0	0.0	0.00079	0.0	0.0	0.00123	0.0	0.0	0.0	0.0	0.0	0.00065	0.00123	0.00305	0.0	0.00064	0.0	0.0	0.0	0.0	0.00123	0.0	0.0	0.00053	0.00032	
0.06515	0.15162	0.0	0.27177	0.02755	0.0009	0.27176	0.0	0.00123	0.0	0.0	0.27172	0.17097	0.0	0.0	0.16436	0.01886	0.45834	0.55361	0.00123	0.00123	0.00111	0.0	0.00822	0.32221	0.22623	0.0	0.00123	0.0	0.00123	0.00123	0.0	0.0	0.00123	0.0	0.00123	0.0	0.0	0.00305	0.0	0.0	0.0	0.00123	0.00941	0.0	0.0	0.00478	0.0	0.0	0.0	0.05331	0.00123	0.0	0.0	0.1203	0.14009	0.0	0.08982	0.0	0.0011	0.0	0.0	0.33943	0.0	0.0	0.0	0.0	0.0	0.0	0.0	0.17097	0.0	0.00123	0.0	0.0	0.0	0.0	0.0	0.0	0.00123	0.0094	0.00123	0.0	0.14015	0.0	
3e-05	0.00124	0.0	0.00123	9e-05	0.0	0.00123	0.0	0.0	0.0	0.0	0.0	0.0	0.00029	0.00478	0.00123	0.00305	0.00175	0.00818	0.0	0.0	0.00079	0.0	0.0	0.0011	0.0	0.0	0.0	0.0	0.0	0.0	0.0	0.0	0.0	0.0	0.0	0.0	0.0	0.00305	0.0	0.0	0.0	0.0	0.0	0.0	0.00079	0.00478	0.0	8e-05	2e-05	0.00035	0.0	9e-05	0.0	0.00029	0.00478	0.0	0.0	0.0	0.0011	0.0	0.0	0.00079	0.0	0.0	0.00123	0.0	0.0	0.0	0.0	0.0	0.00065	0.00123	0.00305	0.0	0.00064	0.0	0.0	0.0	0.0	0.00123	0.0	0.0	0.00053	0.00032	
0.04122	0.21355	0.0	0.0	0.01732	0.00016	0.0	0.0	0.00123	0.0	0.0	0.24558	0.0	0.05901	0.04248	0.11701	0.0034	0.26157	0.0	0.00123	0.00123	0.0002	0.0	0.00822	0.0	0.22011	0.0	0.00123	0.0	0.00123	0.00123	0.0	0.0	0.00123	0.0	0.00123	0.0	0.0	0.00305	0.0	0.0	0.0	0.00123	0.00431	0.0	0.01011	0.00478	0.0	0.03623	0.02714	0.02375	0.00123	0.03496	0.0	0.07906	0.14807	0.0	0.08237	0.0	0.0011	0.0	0.0	0.12558	0.0	0.0	0.17099	0.0	0.0	0.0	0.0	0.0	0.0282	0.00123	0.05727	0.0	0.03001	0.0	0.0	0.0	0.00123	0.0166	0.00123	0.0	0.06807	0.04426	
3e-05	0.0	0.0	0.07906	0.0	0.0	0.00123	0.0	0.0	0.0	0.0	0.0	0.0	0.12031	0.04178	0.00123	0.0031	0.00072	0.01142	0.0	0.0	0.00079	0.0	0.0	0.00896	0.0	0.0	0.0	0.00123	0.0	0.0	0.0	0.00123	0.0	0.0	0.0	0.0	0.0	0.01433	0.00123	0.0	0.0	0.0	0.0	0.03496	0.14013	0.01635	0.0	1e-05	0.02355	0.00357	0.0	9e-05	0.0	0.00029	0.00478	0.0	0.0	0.0	0.0011	0.0	0.0	0.00079	0.09807	0.17097	0.00123	0.0	0.17097	0.0	0.0	0.0	0.04999	0.0017	0.00305	0.0	0.00139	0.00123	0.0	0.0	0.0	0.00123	0.0	0.0	0.00053	0.00032	
0.26445	0.01189	0.00065	0.08425	0.02755	0.00798	0.22571	0.00065	0.00123	0.00065	0.00065	0.27172	0.04999	0.0	0.00168	0.0	0.06781	0.0	0.19818	0.00123	0.00123	0.02327	0.0	0.00822	0.22591	0.22623	0.00065	0.00123	0.0	0.00123	0.00123	0.00065	0.0	0.00123	0.00065	0.00123	0.00065	0.00065	0.11042	0.0	0.00065	0.00065	0.00123	0.04527	0.00665	0.04307	0.00805	0.0	0.0	0.0	0.1246	0.00123	0.06963	0.00065	0.25966	0.00613	0.0	0.08982	0.0	0.37179	0.0	0.0	0.22584	0.01537	0.0	0.0	0.00065	0.0	0.00065	0.0282	0.04999	0.0	0.02112	0.00184	0.0	0.22529	0.0	0.00065	0.00065	0.00123	0.4374	0.00123	0.0	0.33859	0.0	
0.28193	0.18584	0.00123	0.0	0.01348	5e-05	0.0	0.00123	0.00076	0.00123	0.00123	0.06071	0.0017	0.1423	0.05035	0.0	0.0897	0.14619	0.0	0.00076	0.00076	0.00949	0.0	0.01965	0.0	0.04277	0.00123	0.00076	0.00123	0.00076	0.00076	0.00123	0.00123	0.00076	0.00123	0.00076	0.00123	0.00123	0.12864	0.00123	0.00123	0.00123	0.00076	0.00024	0.00123	0.01105	0.03216	0.0	0.20012	0.01795	0.29614	0.00076	0.01354	0.00123	0.20866	0.01202	0.0	0.22945	0.0	0.0	0.0	0.0	0.0	0.00123	0.00123	0.67853	0.00123	0.00123	0.00123	0.00123	0.0017	0.02112	0.0	0.20188	0.0	0.0	0.00123	0.00123	0.00123	0.00076	0.0	0.00076	0.0	0.40374	0.95319	
0.01435	0.11294	0.00305	0.16151	0.0037	0.00305	0.12864	0.00305	0.00305	0.00305	0.00305	0.01627	0.00305	0.0	0.0	0.12863	0.49895	0.05791	0.0	0.00305	0.00305	0.03295	0.0	0.06346	0.11259	0.0	0.00305	0.00305	0.0	0.00305	0.00305	0.00305	0.0	0.00305	0.00305	0.00305	0.00305	0.00305	0.0	0.0	0.00305	0.00305	0.00305	0.00305	0.00959	0.19464	0.14064	0.0	0.02663	0.01374	0.0	0.00305	0.03675	0.00305	0.00538	0.22645	0.0	0.00573	0.0	0.02716	0.0	0.0	0.03296	0.18237	0.0	0.12863	0.00305	0.0	0.00305	0.05727	0.00305	0.00184	0.20188	0.0	0.0	0.01624	0.0	0.00305	0.00305	0.00305	0.12864	0.00305	0.0	0.00207	0.02214	
0.0	0.0	0.0	0.0	0.0	0.0	0.0	0.0	0.0	0.0	0.0	1.33777	0.0	0.0	0.0	0.0	0.0	0.35612	0.14451	0.0	0.0	0.4102	0.0	0.0	0.0	0.0	0.0	0.0	0.0	0.0	0.0	0.0	0.0	0.0	0.0	0.0	0.0	0.0	0.0	0.0	0.0	0.0	0.0	0.0	0.0	0.52727	0.0	0.0	0.00058	0.01379	0.0	0.0	0.0	0.0	0.0	0.0	0.0	1.4585	0.0	0.0	0.0	0.0	0.45821	0.0	0.0	0.0	0.0	0.0	0.0	0.0	0.0	0.0	0.0	0.0	0.0	0.0	0.0	0.0	0.0	0.0	0.0	0.0	1.13853	0.0	0.0	
0.0	0.18142	0.00064	0.0	0.13165	0.00164	0.01089	0.00064	0.00175	0.00064	0.00064	0.11606	0.00139	0.23608	0.0	0.01401	0.06874	0.0	0.05546	0.00175	0.00175	0.22152	0.0	0.00175	0.00517	0.0	0.00064	0.00175	0.0	0.00175	0.00175	0.00064	0.0	0.00175	0.00064	0.00175	0.00064	0.00064	0.0	0.0	0.00064	0.00064	0.00175	0.00152	0.0	0.63141	0.0	0.0	0.0	0.0	0.0	0.00175	0.0	0.00064	0.02358	0.00677	0.0	0.0	0.0	0.01641	0.0	0.0	0.23159	0.13679	0.0	0.01457	0.00064	0.0	0.00064	0.03001	0.00139	0.22529	0.0	0.01624	0.0	0.0	0.0	0.00064	0.00064	0.00175	0.01244	0.00175	0.10522	0.02173	0.0	
0.0	3e-05	0.0	0.0	0.0	0.00219	0.0	0.0	0.0	0.0	0.0	0.0	0.00123	0.0	0.0	1e-05	0.00076	0.00807	0.0	0.0	0.0	0.0	0.0	0.0	0.0	0.0	0.0	0.0	0.0	0.0	0.0	0.0	0.0	0.0	0.0	0.0	0.0	0.0	0.00305	0.0	0.0	0.0	0.0	0.00478	0.0	0.0	0.00478	0.0	0.0	0.0	0.0	0.0	0.0	0.0	0.0	0.00029	0.0	0.0	0.0	0.0011	0.0	0.0	0.00186	0.0	0.0	0.0	0.0	0.0	0.0	0.0	0.00123	0.0	0.00123	0.0	0.0	0.0	0.0	0.0	0.0	0.0	0.00029	0.0	0.0	0.0	0.0	
3e-05	0.00124	0.0	0.00123	9e-05	0.0	0.00123	0.0	0.0	0.0	0.0	0.0	0.0	0.00029	0.00478	0.00123	0.00305	0.00175	0.00818	0.0	0.0	0.00079	0.0	0.0	0.0011	0.0	0.0	0.0	0.0	0.0	0.0	0.0	0.0	0.0	0.0	0.0	0.0	0.0	0.00305	0.0	0.0	0.0	0.0	0.0	0.0	0.00079	0.00478	0.0	8e-05	2e-05	0.00035	0.0	9e-05	0.0	0.00029	0.00478	0.0	0.0	0.0	0.0011	0.0	0.0	0.00079	0.0	0.0	0.00123	0.0	0.0	0.0	0.0	0.0	0.00065	0.00123	0.00305	0.0	0.00064	0.0	0.0	0.0	0.0	0.00123	0.0	0.0	0.00053	0.00032	
3e-05	0.00124	0.0	0.00123	9e-05	0.0	0.00123	0.0	0.0	0.0	0.0	0.0	0.0	0.00029	0.00478	0.00123	0.00305	0.00175	0.00818	0.0	0.0	0.00079	0.0	0.0	0.0011	0.0	0.0	0.0	0.0	0.0	0.0	0.0	0.0	0.0	0.0	0.0	0.0	0.0	0.00305	0.0	0.0	0.0	0.0	0.0	0.0	0.00079	0.00478	0.0	8e-05	2e-05	0.00035	0.0	9e-05	0.0	0.00029	0.00478	0.0	0.0	0.0	0.0011	0.0	0.0	0.00079	0.0	0.0	0.00123	0.0	0.0	0.0	0.0	0.0	0.00065	0.00123	0.00305	0.0	0.00064	0.0	0.0	0.0	0.0	0.00123	0.0	0.0	0.00053	0.00032	
3e-05	0.0	0.0	0.00478	0.0	0.0	0.00123	0.0	0.0	0.0	0.0	0.0	0.0	0.0	0.00285	0.00123	0.00478	0.00045	0.01277	0.0	0.0	0.00079	0.0	0.0	0.00124	0.0	0.0	0.0	0.0	0.0	0.0	0.0	0.0	0.0	0.0	0.0	0.0	0.0	0.00285	0.0	0.0	0.0	0.0	0.0	9e-05	0.00285	0.00263	0.0	7e-05	0.00271	8e-05	0.0	9e-05	0.0	0.00029	0.00478	0.0	0.0	0.0	0.0011	0.0	0.0	0.00079	0.00285	0.00123	0.00123	0.0	0.00123	0.0	0.00123	0.0	0.00123	0.00076	0.00305	0.0	0.00175	0.0	0.0	0.0	0.0	0.00123	0.0	0.0	0.00053	0.00032	
0.1113	0.41392	0.00123	0.0	0.14595	0.00123	0.0	0.00123	0.00123	0.00123	0.00123	0.25689	0.00123	0.0	0.00658	0.0	0.17109	0.25336	0.0	0.00123	0.00123	0.00535	0.0	0.00822	0.0	0.2228	0.00123	0.00123	0.00029	0.00123	0.00123	0.00123	0.00029	0.00123	0.00123	0.00123	0.00123	0.00123	0.09963	0.00029	0.00123	0.00123	0.00123	0.00123	0.02151	0.00226	0.01832	0.0	0.0	1.13672	0.14536	0.00123	0.08031	0.00123	0.33574	0.03216	0.0	0.08561	0.0	0.0	0.0	0.0	0.00535	0.04253	0.0094	0.0	0.00123	0.0094	0.00123	0.0166	0.00123	0.4374	0.0	0.12864	0.0	0.01244	0.00029	0.00123	0.00123	0.00123	0.0	0.00123	0.0	0.0	0.74262	
