0.0	0.03903	0.01099	2e-05	0.37864	0.00314	0.0413	0.0	0.0413	0.00057	0.0	0.0	0.00057	0.01145	0.02256	0.02256	0.03125	0.0413	0.01561	0.00057	0.28692	0.12551	0.03036	0.03036	0.03036	0.11506	0.03249	0.0781	0.63808	0.16833	0.01569	0.03036	0.03903	0.00057	0.02236	0.02236	0.03903	0.03713	0.00057	0.00057	0.02236	0.00057	0.03903	0.00057	0.02236	0.00011	0.00057	0.00011	0.00057	0.00057	0.00011	0.00057	0.00057	0.00057	0.00057	0.00057	0.00057	0.00057	0.00057	0.00057	0.00057	0.00057	0.00057	0.00057	0.03036	0.01569	0.00011	0.00057	0.00057	0.00057	0.00011	0.00011	0.00057	0.00057	0.00057	0.00057	0.00057	0.00057	0.00011	0.00057	0.00057	0.00057	0.00057	0.00057	0.00057	0.00057	0.00057	0.00057	
0.03903	0.0	0.04135	0.03597	0.00017	0.24845	0.07116	0.00762	0.07117	5e-05	0.0	0.0	5e-05	0.0	0.16682	0.16682	0.25843	0.07117	0.0	5e-05	0.06987	0.00212	0.048	0.048	0.048	0.41166	0.0	0.15634	0.25638	0.09235	0.04537	0.048	0.0	5e-05	0.24046	0.24046	0.0	0.0	5e-05	5e-05	0.24046	5e-05	0.0	5e-05	0.24046	0.00057	5e-05	0.00057	5e-05	5e-05	0.00057	5e-05	5e-05	5e-05	5e-05	5e-05	5e-05	5e-05	5e-05	5e-05	5e-05	5e-05	5e-05	5e-05	0.048	0.04537	0.00057	5e-05	5e-05	5e-05	0.00057	0.00057	5e-05	5e-05	5e-05	5e-05	5e-05	5e-05	0.00057	5e-05	5e-05	5e-05	5e-05	5e-05	5e-05	5e-05	5e-05	5e-05	
0.01099	0.04135	0.0	0.01036	0.01215	0.01179	0.00561	0.01145	0.01115	0.0	0.0	0.0	0.00057	0.0	0.01632	0.01632	0.01393	0.01115	0.00011	0.00057	0.04135	0.03892	0.00839	4e-05	0.01479	0.0065	0.00013	0.02002	0.15126	0.0	0.0	4e-05	5e-05	0.00057	0.01179	0.01179	0.01179	0.01057	0.0	0.00057	0.01179	0.00057	5e-05	0.0	5e-05	0.0	0.0	0.0	0.0	0.0	0.0	0.0	0.00057	0.0	0.0	0.0	0.0	0.0	0.38273	0.0	0.0	0.00057	0.0	0.0	4e-05	0.0	0.0	0.00057	0.0	0.0	0.0	0.0	0.0	0.0	0.0	0.0	0.0	0.0	0.0	0.0	0.0	0.00057	0.0	0.0	0.0	0.00057	0.0	0.0	
2e-05	0.03597	0.01036	0.0	0.07426	0.30727	0.04793	0.00079	0.02292	4e-05	0.0	0.0	7e-05	0.15278	0.0	0.0	0.0	0.02292	0.04395	7e-05	0.23574	0.04691	0.22675	0.0	0.0	0.69517	0.07829	0.86678	0.04273	0.0	0.31923	0.0	0.048	7e-05	0.17235	0.17235	0.16601	0.22589	4e-05	7e-05	0.17235	7e-05	0.048	0.0468	0.01909	0.0	4e-05	0.0	4e-05	4e-05	0.0	4e-05	7e-05	4e-05	4e-05	4e-05	4e-05	4e-05	0.05404	4e-05	4e-05	7e-05	4e-05	4e-05	0.0	0.31923	0.0	7e-05	4e-05	4e-05	0.0	0.0	4e-05	4e-05	4e-05	4e-05	4e-05	4e-05	0.0	4e-05	4e-05	7e-05	4e-05	4e-05	4e-05	7e-05	4e-05	4e-05	
0.37864	0.00017	0.01215	0.07426	0.0	0.0	0.0	0.00721	0.38769	5e-05	0.0	0.0	0.00013	0.24389	0.0	0.0	0.25104	0.38769	0.09523	0.00013	0.02659	0.01858	0.17371	0.05135	0.4579	0.0	0.0557	0.01072	0.03601	0.0	0.0	0.05136	0.07116	0.00013	0.0	0.0	0.00715	0.05197	5e-05	0.00013	0.0	0.00013	0.07116	0.11377	0.02952	0.0	5e-05	0.0	5e-05	5e-05	0.0	5e-05	0.00013	5e-05	5e-05	5e-05	5e-05	5e-05	0.01249	5e-05	5e-05	0.00013	5e-05	5e-05	0.05135	0.0	0.0	0.00013	5e-05	5e-05	0.0	0.0	5e-05	5e-05	5e-05	5e-05	5e-05	5e-05	0.0	5e-05	5e-05	0.00013	5e-05	5e-05	5e-05	0.00013	5e-05	5e-05	
0.00314	0.24845	0.01179	0.30727	0.0	0.0	0.00048	0.05479	0.00772	5e-05	0.0	0.0	0.00013	0.0	0.05391	0.05391	0.10025	0.00772	0.06027	0.00013	0.02496	0.01767	0.16995	0.048	0.00622	0.04383	0.05197	0.2215	0.1274	0.29465	0.0	0.048	0.0	0.00013	0.0	0.0	0.0	0.05197	5e-05	0.00013	0.0	0.00013	0.0	0.02719	0.0	0.0	5e-05	0.0	5e-05	5e-05	0.0	5e-05	0.00013	5e-05	5e-05	5e-05	5e-05	5e-05	0.01367	5e-05	5e-05	0.00013	5e-05	5e-05	0.048	0.0	0.0	0.00013	5e-05	5e-05	0.0	0.0	5e-05	5e-05	5e-05	5e-05	5e-05	5e-05	0.0	5e-05	5e-05	0.00013	5e-05	5e-05	5e-05	0.00013	5e-05	5e-05	
0.0413	0.07116	0.00561	0.04793	0.0	0.00048	0.0	0.12995	0.0	5e-05	0.0	0.0	5e-05	0.24388	0.1808	0.1808	0.14456	0.0	0.15621	5e-05	0.05179	0.30939	0.05135	0.05136	0.05136	0.16049	0.08367	0.03548	0.03775	0.05588	0.04249	0.05135	0.07116	5e-05	0.03733	0.03733	0.07116	0.02801	5e-05	5e-05	0.03733	5e-05	0.07116	5e-05	0.03733	2e-05	5e-05	2e-05	5e-05	5e-05	2e-05	5e-05	5e-05	5e-05	5e-05	5e-05	5e-05	5e-05	5e-05	5e-05	5e-05	5e-05	5e-05	5e-05	0.05136	0.04249	2e-05	5e-05	5e-05	5e-05	2e-05	2e-05	5e-05	5e-05	5e-05	5e-05	5e-05	5e-05	2e-05	5e-05	5e-05	5e-05	5e-05	5e-05	5e-05	5e-05	5e-05	5e-05	
0.0	0.00762	0.01145	0.00079	0.00721	0.05479	0.12995	0.0	0.09548	0.00011	0.0	0.0	0.0	0.0	0.00338	0.00338	0.0188	0.09548	0.0639	0.0	0.21194	0.24685	0.08273	0.17964	0.02198	0.01618	0.01669	0.28194	0.03371	0.06526	0.07763	0.17963	0.3495	0.0	0.01932	0.01932	0.05934	0.0	0.00011	0.0	0.01932	0.0	0.3495	0.09236	0.12268	3e-05	0.00011	3e-05	0.00011	0.00011	3e-05	0.00011	0.0	0.00011	0.00011	0.00011	0.00011	0.00011	0.04135	0.00011	0.00011	0.0	0.00011	0.00011	0.17964	0.07763	3e-05	0.0	0.00011	0.00011	3e-05	3e-05	0.00011	0.00011	0.00011	0.00011	0.00011	0.00011	3e-05	0.00011	0.00011	0.0	0.00011	0.00011	0.00011	0.0	0.00011	0.00011	
0.0413	0.07117	0.01115	0.02292	0.38769	0.00772	0.0	0.09548	0.0	5e-05	0.0	0.0	5e-05	0.24389	0.1808	0.1808	0.0	0.0	0.12055	5e-05	0.02243	0.0	0.05136	0.05136	0.05136	0.10716	0.0	0.03548	0.09112	0.02952	0.02607	0.05135	0.07116	5e-05	0.0	0.0	0.07116	0.02812	5e-05	5e-05	0.0	5e-05	0.07116	5e-05	0.0	0.0	5e-05	0.0	5e-05	5e-05	0.0	5e-05	5e-05	5e-05	5e-05	5e-05	5e-05	5e-05	5e-05	5e-05	5e-05	5e-05	5e-05	5e-05	0.05136	0.02607	0.0	5e-05	5e-05	5e-05	0.0	0.0	5e-05	5e-05	5e-05	5e-05	5e-05	5e-05	0.0	5e-05	5e-05	5e-05	5e-05	5e-05	5e-05	5e-05	5e-05	5e-05	
0.00057	5e-05	0.0	4e-05	5e-05	5e-05	5e-05	0.00011	5e-05	0.0	0.0	0.0	0.0	0.0	0.0	0.0	0.0	5e-05	0.00011	0.0	0.00011	5e-05	4e-05	4e-05	4e-05	0.00013	0.00013	7e-05	0.00024	0.0	0.0	4e-05	5e-05	0.0	5e-05	5e-05	5e-05	5e-05	0.0	0.0	5e-05	0.0	5e-05	0.0	5e-05	0.0	0.0	0.0	0.0	0.0	0.0	0.0	0.0	0.0	0.0	0.0	0.0	0.0	0.0	0.0	0.0	0.0	0.0	0.0	4e-05	0.0	0.0	0.0	0.0	0.0	0.0	0.0	0.0	0.0	0.0	0.0	0.0	0.0	0.0	0.0	0.0	0.0	0.0	0.0	0.0	0.0	0.0	0.0	
0.0	0.0	0.0	0.0	0.0	0.0	0.0	0.0	0.0	0.0	0.0	0.0	0.0	0.0	0.0	0.0	0.0	0.0	0.0	0.0	0.0	0.0	0.0	0.0	0.0	0.0	0.0	0.0	0.0	0.0	0.0	0.0	0.0	0.0	0.0	0.0	0.0	0.0	0.0	0.0	0.0	0.0	0.0	0.0	0.0	0.0	0.0	0.0	0.0	0.0	0.0	0.0	0.0	0.0	0.0	0.0	0.0	0.0	0.0	0.0	0.0	0.0	0.0	0.0	0.0	0.0	0.0	0.0	0.0	0.0	0.0	0.0	0.0	0.0	0.0	0.0	0.0	0.0	0.0	0.0	0.0	0.0	0.0	0.0	0.0	0.0	0.0	0.0	
0.0	0.0	0.0	0.0	0.0	0.0	0.0	0.0	0.0	0.0	0.0	0.0	0.0	0.0	0.0	0.0	0.0	0.0	0.0	0.0	0.0	0.0	0.0	0.0	0.0	0.0	0.0	0.0	0.0	0.0	0.0	0.0	0.0	0.0	0.0	0.0	0.0	0.0	0.0	0.0	0.0	0.0	0.0	0.0	0.0	0.0	0.0	0.0	0.0	0.0	0.0	0.0	0.0	0.0	0.0	0.0	0.0	0.0	0.0	0.0	0.0	0.0	0.0	0.0	0.0	0.0	0.0	0.0	0.0	0.0	0.0	0.0	0.0	0.0	0.0	0.0	0.0	0.0	0.0	0.0	0.0	0.0	0.0	0.0	0.0	0.0	0.0	0.0	
0.00057	5e-05	0.00057	7e-05	0.00013	0.00013	5e-05	0.0	5e-05	0.0	0.0	0.0	0.0	0.0	0.0	0.0	0.0	5e-05	0.0	0.0	4e-05	0.0	4e-05	4e-05	4e-05	4e-05	0.0	7e-05	0.00011	5e-05	4e-05	4e-05	5e-05	0.0	0.0	0.0	5e-05	0.0	0.0	0.0	0.0	0.0	5e-05	0.0	0.0	0.0	0.0	0.0	0.0	0.0	0.0	0.0	0.0	0.0	0.0	0.0	0.0	0.0	0.0	0.0	0.0	0.0	0.0	0.0	4e-05	4e-05	0.0	0.0	0.0	0.0	0.0	0.0	0.0	0.0	0.0	0.0	0.0	0.0	0.0	0.0	0.0	0.0	0.0	0.0	0.0	0.0	0.0	0.0	
0.01145	0.0	0.0	0.15278	0.24389	0.0	0.24388	0.0	0.24389	0.0	0.0	0.0	0.0	0.0	0.12947	0.12947	0.12947	0.24389	0.14981	0.0	0.0	0.24389	0.15278	0.15279	0.15279	0.08217	0.08217	0.74297	0.00819	0.0	0.0	0.15278	0.0	0.0	0.0	0.0	0.0	0.0	0.0	0.0	0.0	0.0	0.0	0.0	0.0	0.0	0.0	0.0	0.0	0.0	0.0	0.0	0.0	0.0	0.0	0.0	0.0	0.0	0.0	0.0	0.0	0.0	0.0	0.0	0.15279	0.0	0.0	0.0	0.0	0.0	0.0	0.0	0.0	0.0	0.0	0.0	0.0	0.0	0.0	0.0	0.0	0.0	0.0	0.0	0.0	0.0	0.0	0.0	
0.02256	0.16682	0.01632	0.0	0.0	0.05391	0.1808	0.00338	0.1808	0.0	0.0	0.0	0.0	0.12947	0.0	0.0	0.24444	0.1808	0.0	0.0	0.00897	0.3771	0.0	0.0	0.0	0.0	0.33564	0.27133	0.00405	0.20935	0.02159	0.0	0.16681	0.0	0.00105	0.00105	0.16682	0.0012	0.0	0.0	0.00105	0.0	0.16681	0.0	0.00105	0.0	0.0	0.0	0.0	0.0	0.0	0.0	0.0	0.0	0.0	0.0	0.0	0.0	0.0	0.0	0.0	0.0	0.0	0.0	0.0	0.02159	0.0	0.0	0.0	0.0	0.0	0.0	0.0	0.0	0.0	0.0	0.0	0.0	0.0	0.0	0.0	0.0	0.0	0.0	0.0	0.0	0.0	0.0	
0.02256	0.16682	0.01632	0.0	0.0	0.05391	0.1808	0.00338	0.1808	0.0	0.0	0.0	0.0	0.12947	0.0	0.0	0.24444	0.1808	0.0	0.0	0.00897	0.3771	0.0	0.0	0.0	0.0	0.33564	0.27133	0.00405	0.20935	0.02159	0.0	0.16681	0.0	0.00105	0.00105	0.16682	0.0012	0.0	0.0	0.00105	0.0	0.16681	0.0	0.00105	0.0	0.0	0.0	0.0	0.0	0.0	0.0	0.0	0.0	0.0	0.0	0.0	0.0	0.0	0.0	0.0	0.0	0.0	0.0	0.0	0.02159	0.0	0.0	0.0	0.0	0.0	0.0	0.0	0.0	0.0	0.0	0.0	0.0	0.0	0.0	0.0	0.0	0.0	0.0	0.0	0.0	0.0	0.0	
0.03125	0.25843	0.01393	0.0	0.25104	0.10025	0.14456	0.0188	0.0	0.0	0.0	0.0	0.0	0.12947	0.24444	0.24444	0.0	0.0	0.00121	0.0	0.18085	0.0	0.27204	0.0	0.14427	0.40204	0.0	2e-05	0.05782	0.0	0.37582	0.0	0.16681	0.0	0.0	0.0	0.01222	0.01649	0.0	0.0	0.0	0.0	0.16681	0.0985	0.09423	0.0	0.0	0.0	0.0	0.0	0.0	0.0	0.0	0.0	0.0	0.0	0.0	0.0	0.04717	0.0	0.0	0.0	0.0	0.0	0.0	0.37582	0.0	0.0	0.0	0.0	0.0	0.0	0.0	0.0	0.0	0.0	0.0	0.0	0.0	0.0	0.0	0.0	0.0	0.0	0.0	0.0	0.0	0.0	
0.0413	0.07117	0.01115	0.02292	0.38769	0.00772	0.0	0.09548	0.0	5e-05	0.0	0.0	5e-05	0.24389	0.1808	0.1808	0.0	0.0	0.12055	5e-05	0.02243	0.0	0.05136	0.05136	0.05136	0.10716	0.0	0.03548	0.09112	0.02952	0.02607	0.05135	0.07116	5e-05	0.0	0.0	0.07116	0.02812	5e-05	5e-05	0.0	5e-05	0.07116	5e-05	0.0	0.0	5e-05	0.0	5e-05	5e-05	0.0	5e-05	5e-05	5e-05	5e-05	5e-05	5e-05	5e-05	5e-05	5e-05	5e-05	5e-05	5e-05	5e-05	0.05136	0.02607	0.0	5e-05	5e-05	5e-05	0.0	0.0	5e-05	5e-05	5e-05	5e-05	5e-05	5e-05	0.0	5e-05	5e-05	5e-05	5e-05	5e-05	5e-05	5e-05	5e-05	5e-05	
0.01561	0.0	0.00011	0.04395	0.09523	0.06027	0.15621	0.0639	0.12055	0.00011	0.0	0.0	0.0	0.14981	0.0	0.0	0.00121	0.12055	0.0	0.0	0.0043	0.0097	0.0	0.19056	0.0	0.11497	0.00171	0.09901	0.15198	0.00011	0.00011	0.19056	0.28499	0.0	0.06027	0.06027	0.06027	0.0	0.00011	0.0	0.06027	0.0	0.28499	0.07927	0.285	0.00011	0.00011	0.00011	0.00011	0.00011	0.00011	0.00011	0.0	0.00011	0.00011	0.00011	0.00011	0.00011	0.02559	0.00011	0.00011	0.0	0.00011	0.00011	0.19056	0.00011	0.00011	0.0	0.00011	0.00011	0.00011	0.00011	0.00011	0.00011	0.00011	0.00011	0.00011	0.00011	0.00011	0.00011	0.00011	0.0	0.00011	0.00011	0.00011	0.0	0.00011	0.00011	
0.00057	5e-05	0.00057	7e-05	0.00013	0.00013	5e-05	0.0	5e-05	0.0	0.0	0.0	0.0	0.0	0.0	0.0	0.0	5e-05	0.0	0.0	4e-05	0.0	4e-05	4e-05	4e-05	4e-05	0.0	7e-05	0.00011	5e-05	4e-05	4e-05	5e-05	0.0	0.0	0.0	5e-05	0.0	0.0	0.0	0.0	0.0	5e-05	0.0	0.0	0.0	0.0	0.0	0.0	0.0	0.0	0.0	0.0	0.0	0.0	0.0	0.0	0.0	0.0	0.0	0.0	0.0	0.0	0.0	4e-05	4e-05	0.0	0.0	0.0	0.0	0.0	0.0	0.0	0.0	0.0	0.0	0.0	0.0	0.0	0.0	0.0	0.0	0.0	0.0	0.0	0.0	0.0	0.0	
0.28692	0.06987	0.04135	0.23574	0.02659	0.02496	0.05179	0.21194	0.02243	0.00011	0.0	0.0	4e-05	0.0	0.00897	0.00897	0.18085	0.02243	0.0043	4e-05	0.0	0.00058	0.0	0.17964	0.07744	0.0082	0.00035	0.0	0.00736	0.12311	0.0	0.17964	0.3495	4e-05	0.0	0.0	0.18956	0.02411	0.00011	4e-05	0.0	4e-05	0.3495	0.01621	0.0	0.0	0.00011	0.0	0.00011	0.00011	0.0	0.00011	4e-05	0.00011	0.00011	0.00011	0.00011	0.00011	0.00708	0.00011	0.00011	4e-05	0.00011	0.00011	0.17964	0.0	0.0	4e-05	0.00011	0.00011	0.0	0.0	0.00011	0.00011	0.00011	0.00011	0.00011	0.00011	0.0	0.00011	0.00011	4e-05	0.00011	0.00011	0.00011	4e-05	0.00011	0.00011	
0.12551	0.00212	0.03892	0.04691	0.01858	0.01767	0.30939	0.24685	0.0	5e-05	0.0	0.0	0.0	0.24389	0.3771	0.3771	0.0	0.0	0.0097	0.0	0.00058	0.0	0.02607	0.05136	0.14069	0.67906	0.0	0.05164	0.03651	0.06099	0.04726	0.05135	0.07116	0.0	0.02989	0.02989	0.01612	0.0	5e-05	0.0	0.02989	0.0	0.07116	0.02812	0.00185	0.00057	5e-05	0.00057	5e-05	5e-05	0.00057	5e-05	0.0	5e-05	5e-05	5e-05	5e-05	5e-05	0.01215	5e-05	5e-05	0.0	5e-05	5e-05	0.05136	0.04726	0.00057	0.0	5e-05	5e-05	0.00057	0.00057	5e-05	5e-05	5e-05	5e-05	5e-05	5e-05	0.00057	5e-05	5e-05	0.0	5e-05	5e-05	5e-05	0.0	5e-05	5e-05	
0.03036	0.048	0.00839	0.22675	0.17371	0.16995	0.05135	0.08273	0.05136	4e-05	0.0	0.0	4e-05	0.15278	0.0	0.0	0.27204	0.05136	0.0	4e-05	0.0	0.02607	0.0	0.0	0.0	0.0	0.13384	0.40418	0.1323	0.01909	0.0	0.0	0.048	4e-05	0.0	0.0	0.04799	0.02411	4e-05	4e-05	0.0	4e-05	0.048	4e-05	0.0	0.0	4e-05	0.0	4e-05	4e-05	0.0	4e-05	4e-05	4e-05	4e-05	4e-05	4e-05	4e-05	4e-05	4e-05	4e-05	4e-05	4e-05	4e-05	0.0	0.0	0.0	4e-05	4e-05	4e-05	0.0	0.0	4e-05	4e-05	4e-05	4e-05	4e-05	4e-05	0.0	4e-05	4e-05	4e-05	4e-05	4e-05	4e-05	4e-05	4e-05	4e-05	
0.03036	0.048	4e-05	0.0	0.05135	0.048	0.05136	0.17964	0.05136	4e-05	0.0	0.0	4e-05	0.15279	0.0	0.0	0.0	0.05136	0.19056	4e-05	0.17964	0.05136	0.0	0.0	0.0	0.29751	0.2975	0.40419	0.07057	4e-05	4e-05	0.0	0.04799	4e-05	0.04799	0.04799	0.048	0.048	4e-05	4e-05	0.04799	4e-05	0.04799	4e-05	0.048	4e-05	4e-05	4e-05	4e-05	4e-05	4e-05	4e-05	4e-05	4e-05	4e-05	4e-05	4e-05	4e-05	4e-05	4e-05	4e-05	4e-05	4e-05	4e-05	0.0	4e-05	4e-05	4e-05	4e-05	4e-05	4e-05	4e-05	4e-05	4e-05	4e-05	4e-05	4e-05	4e-05	4e-05	4e-05	4e-05	4e-05	4e-05	4e-05	4e-05	4e-05	4e-05	4e-05	
0.03036	0.048	0.01479	0.0	0.4579	0.00622	0.05136	0.02198	0.05136	4e-05	0.0	0.0	4e-05	0.15279	0.0	0.0	0.14427	0.05136	0.0	4e-05	0.07744	0.14069	0.0	0.0	0.0	0.19524	0.06228	0.40419	0.03368	0.1658	0.01065	0.0	0.048	4e-05	0.01613	0.01613	0.048	0.0227	4e-05	4e-05	0.01613	4e-05	0.048	4e-05	0.01613	0.00011	4e-05	0.00011	4e-05	4e-05	0.00011	4e-05	4e-05	4e-05	4e-05	4e-05	4e-05	4e-05	4e-05	4e-05	4e-05	4e-05	4e-05	4e-05	0.0	0.01065	0.00011	4e-05	4e-05	4e-05	0.00011	0.00011	4e-05	4e-05	4e-05	4e-05	4e-05	4e-05	0.00011	4e-05	4e-05	4e-05	4e-05	4e-05	4e-05	4e-05	4e-05	4e-05	
0.11506	0.41166	0.0065	0.69517	0.0	0.04383	0.16049	0.01618	0.10716	0.00013	0.0	0.0	4e-05	0.08217	0.0	0.0	0.40204	0.10716	0.11497	4e-05	0.0082	0.67906	0.0	0.29751	0.19524	0.0	0.48951	0.00547	0.00183	0.11378	0.01853	0.2975	0.20469	4e-05	0.00049	0.00049	0.12643	0.00143	0.00013	4e-05	0.00049	4e-05	0.20469	0.01116	0.00715	5e-05	0.00013	5e-05	0.00013	0.00013	5e-05	0.00013	4e-05	0.00013	0.00013	0.00013	0.00013	0.00013	0.10287	0.00013	0.00013	4e-05	0.00013	0.00013	0.29751	0.01853	5e-05	4e-05	0.00013	0.00013	5e-05	5e-05	0.00013	0.00013	0.00013	0.00013	0.00013	0.00013	5e-05	0.00013	0.00013	4e-05	0.00013	0.00013	0.00013	4e-05	0.00013	0.00013	
0.03249	0.0	0.00013	0.07829	0.0557	0.05197	0.08367	0.01669	0.0	0.00013	0.0	0.0	0.0	0.08217	0.33564	0.33564	0.0	0.0	0.00171	0.0	0.00035	0.0	0.13384	0.2975	0.06228	0.48951	0.0	0.01133	0.0167	0.00013	0.00013	0.2975	0.2047	0.0	0.05197	0.05197	0.05197	0.0	0.00013	0.0	0.05197	0.0	0.2047	0.05537	0.2047	0.00013	0.00013	0.00013	0.00013	0.00013	0.00013	0.00013	0.0	0.00013	0.00013	0.00013	0.00013	0.00013	0.0309	0.00013	0.00013	0.0	0.00013	0.00013	0.2975	0.00013	0.00013	0.0	0.00013	0.00013	0.00013	0.00013	0.00013	0.00013	0.00013	0.00013	0.00013	0.00013	0.00013	0.00013	0.00013	0.0	0.00013	0.00013	0.00013	0.0	0.00013	0.00013	
0.0781	0.15634	0.02002	0.86678	0.01072	0.2215	0.03548	0.28194	0.03548	7e-05	0.0	0.0	7e-05	0.74297	0.27133	0.27133	2e-05	0.03548	0.09901	7e-05	0.0	0.05164	0.40418	0.40419	0.40419	0.00547	0.01133	0.0	0.12945	0.09548	0.03847	0.40417	0.15633	7e-05	0.01418	0.01418	0.15634	0.00981	7e-05	7e-05	0.01418	7e-05	0.15633	7e-05	0.01419	0.00057	7e-05	0.00057	7e-05	7e-05	0.00057	7e-05	7e-05	7e-05	7e-05	7e-05	7e-05	7e-05	7e-05	7e-05	7e-05	7e-05	7e-05	7e-05	0.40419	0.03847	0.00057	7e-05	7e-05	7e-05	0.00057	0.00057	7e-05	7e-05	7e-05	7e-05	7e-05	7e-05	0.00057	7e-05	7e-05	7e-05	7e-05	7e-05	7e-05	7e-05	7e-05	7e-05	
0.63808	0.25638	0.15126	0.04273	0.03601	0.1274	0.03775	0.03371	0.09112	0.00024	0.0	0.0	0.00011	0.00819	0.00405	0.00405	0.05782	0.09112	0.15198	0.00011	0.00736	0.03651	0.1323	0.07057	0.03368	0.00183	0.0167	0.12945	0.0	0.0	0.0	0.07057	0.09685	0.00011	0.09775	0.09775	0.15665	0.07927	0.00024	0.00011	0.09775	0.00011	0.09685	0.00539	0.03526	0.0	0.00024	0.0	0.00024	0.00024	0.0	0.00024	0.00011	0.00024	0.00024	0.00024	0.00024	0.00024	0.00212	0.00024	0.00024	0.00011	0.00024	0.00024	0.07057	0.0	0.0	0.00011	0.00024	0.00024	0.0	0.0	0.00024	0.00024	0.00024	0.00024	0.00024	0.00024	0.0	0.00024	0.00024	0.00011	0.00024	0.00024	0.00024	0.00011	0.00024	0.00024	
0.16833	0.09235	0.0	0.0	0.0	0.29465	0.05588	0.06526	0.02952	0.0	0.0	0.0	5e-05	0.0	0.20935	0.20935	0.0	0.02952	0.00011	5e-05	0.12311	0.06099	0.01909	4e-05	0.1658	0.11378	0.00013	0.09548	0.0	0.0	0.0	4e-05	5e-05	5e-05	0.29466	0.29466	0.29464	0.0	0.0	5e-05	0.29466	5e-05	5e-05	0.0	5e-05	0.0	0.0	0.0	0.0	0.0	0.0	0.0	5e-05	0.0	0.0	0.0	0.0	0.0	0.02988	0.0	0.0	5e-05	0.0	0.0	4e-05	0.0	0.0	5e-05	0.0	0.0	0.0	0.0	0.0	0.0	0.0	0.0	0.0	0.0	0.0	0.0	0.0	5e-05	0.0	0.0	0.0	5e-05	0.0	0.0	
0.01569	0.04537	0.0	0.31923	0.0	0.0	0.04249	0.07763	0.02607	0.0	0.0	0.0	4e-05	0.0	0.02159	0.02159	0.37582	0.02607	0.00011	4e-05	0.0	0.04726	0.0	4e-05	0.01065	0.01853	0.00013	0.03847	0.0	0.0	0.0	4e-05	5e-05	4e-05	0.0	0.0	0.0	0.02411	0.0	4e-05	0.0	4e-05	5e-05	0.01908	5e-05	0.0	0.0	0.0	0.0	0.0	0.0	0.0	4e-05	0.0	0.0	0.0	0.0	0.0	0.02224	0.0	0.0	4e-05	0.0	0.0	4e-05	0.0	0.0	4e-05	0.0	0.0	0.0	0.0	0.0	0.0	0.0	0.0	0.0	0.0	0.0	0.0	0.0	4e-05	0.0	0.0	0.0	4e-05	0.0	0.0	
0.03036	0.048	4e-05	0.0	0.05136	0.048	0.05135	0.17963	0.05135	4e-05	0.0	0.0	4e-05	0.15278	0.0	0.0	0.0	0.05135	0.19056	4e-05	0.17964	0.05135	0.0	0.0	0.0	0.2975	0.2975	0.40417	0.07057	4e-05	4e-05	0.0	0.048	4e-05	0.048	0.048	0.048	0.04799	4e-05	4e-05	0.048	4e-05	0.048	4e-05	0.048	4e-05	4e-05	4e-05	4e-05	4e-05	4e-05	4e-05	4e-05	4e-05	4e-05	4e-05	4e-05	4e-05	4e-05	4e-05	4e-05	4e-05	4e-05	4e-05	0.0	4e-05	4e-05	4e-05	4e-05	4e-05	4e-05	4e-05	4e-05	4e-05	4e-05	4e-05	4e-05	4e-05	4e-05	4e-05	4e-05	4e-05	4e-05	4e-05	4e-05	4e-05	4e-05	4e-05	
0.03903	0.0	5e-05	0.048	0.07116	0.0	0.07116	0.3495	0.07116	5e-05	0.0	0.0	5e-05	0.0	0.16681	0.16681	0.16681	0.07116	0.28499	5e-05	0.3495	0.07116	0.048	0.04799	0.048	0.20469	0.2047	0.15633	0.09685	5e-05	5e-05	0.048	0.0	5e-05	0.0	0.0	0.0	0.0	5e-05	5e-05	0.0	5e-05	0.0	5e-05	0.0	5e-05	5e-05	5e-05	5e-05	5e-05	5e-05	5e-05	5e-05	5e-05	5e-05	5e-05	5e-05	5e-05	5e-05	5e-05	5e-05	5e-05	5e-05	5e-05	0.04799	5e-05	5e-05	5e-05	5e-05	5e-05	5e-05	5e-05	5e-05	5e-05	5e-05	5e-05	5e-05	5e-05	5e-05	5e-05	5e-05	5e-05	5e-05	5e-05	5e-05	5e-05	5e-05	5e-05	
0.00057	5e-05	0.00057	7e-05	0.00013	0.00013	5e-05	0.0	5e-05	0.0	0.0	0.0	0.0	0.0	0.0	0.0	0.0	5e-05	0.0	0.0	4e-05	0.0	4e-05	4e-05	4e-05	4e-05	0.0	7e-05	0.00011	5e-05	4e-05	4e-05	5e-05	0.0	0.0	0.0	5e-05	0.0	0.0	0.0	0.0	0.0	5e-05	0.0	0.0	0.0	0.0	0.0	0.0	0.0	0.0	0.0	0.0	0.0	0.0	0.0	0.0	0.0	0.0	0.0	0.0	0.0	0.0	0.0	4e-05	4e-05	0.0	0.0	0.0	0.0	0.0	0.0	0.0	0.0	0.0	0.0	0.0	0.0	0.0	0.0	0.0	0.0	0.0	0.0	0.0	0.0	0.0	0.0	
0.02236	0.24046	0.01179	0.17235	0.0	0.0	0.03733	0.01932	0.0	5e-05	0.0	0.0	0.0	0.0	0.00105	0.00105	0.0	0.0	0.06027	0.0	0.0	0.02989	0.0	0.04799	0.01613	0.00049	0.05197	0.01418	0.09775	0.29466	0.0	0.048	0.0	0.0	0.0	0.0	0.0	0.0	5e-05	0.0	0.0	0.0	0.0	0.14837	0.0	0.0	5e-05	0.0	5e-05	5e-05	0.0	5e-05	0.0	5e-05	5e-05	5e-05	5e-05	5e-05	0.01057	5e-05	5e-05	0.0	5e-05	5e-05	0.04799	0.0	0.0	0.0	5e-05	5e-05	0.0	0.0	5e-05	5e-05	5e-05	5e-05	5e-05	5e-05	0.0	5e-05	5e-05	0.0	5e-05	5e-05	5e-05	0.0	5e-05	5e-05	
0.02236	0.24046	0.01179	0.17235	0.0	0.0	0.03733	0.01932	0.0	5e-05	0.0	0.0	0.0	0.0	0.00105	0.00105	0.0	0.0	0.06027	0.0	0.0	0.02989	0.0	0.04799	0.01613	0.00049	0.05197	0.01418	0.09775	0.29466	0.0	0.048	0.0	0.0	0.0	0.0	0.0	0.0	5e-05	0.0	0.0	0.0	0.0	0.14837	0.0	0.0	5e-05	0.0	5e-05	5e-05	0.0	5e-05	0.0	5e-05	5e-05	5e-05	5e-05	5e-05	0.01057	5e-05	5e-05	0.0	5e-05	5e-05	0.04799	0.0	0.0	0.0	5e-05	5e-05	0.0	0.0	5e-05	5e-05	5e-05	5e-05	5e-05	5e-05	0.0	5e-05	5e-05	0.0	5e-05	5e-05	5e-05	0.0	5e-05	5e-05	
0.03903	0.0	0.01179	0.16601	0.00715	0.0	0.07116	0.05934	0.07116	5e-05	0.0	0.0	5e-05	0.0	0.16682	0.16682	0.01222	0.07116	0.06027	5e-05	0.18956	0.01612	0.04799	0.048	0.048	0.12643	0.05197	0.15634	0.15665	0.29464	0.0	0.048	0.0	5e-05	0.0	0.0	0.0	0.14837	5e-05	5e-05	0.0	5e-05	0.0	5e-05	0.0	0.0	5e-05	0.0	5e-05	5e-05	0.0	5e-05	5e-05	5e-05	5e-05	5e-05	5e-05	5e-05	5e-05	5e-05	5e-05	5e-05	5e-05	5e-05	0.048	0.0	0.0	5e-05	5e-05	5e-05	0.0	0.0	5e-05	5e-05	5e-05	5e-05	5e-05	5e-05	0.0	5e-05	5e-05	5e-05	5e-05	5e-05	5e-05	5e-05	5e-05	5e-05	
0.03713	0.0	0.01057	0.22589	0.05197	0.05197	0.02801	0.0	0.02812	5e-05	0.0	0.0	0.0	0.0	0.0012	0.0012	0.01649	0.02812	0.0	0.0	0.02411	0.0	0.02411	0.048	0.0227	0.00143	0.0	0.00981	0.07927	0.0	0.02411	0.04799	0.0	0.0	0.0	0.0	0.14837	0.0	5e-05	0.0	0.0	0.0	0.0	0.0	0.29466	0.0	5e-05	0.0	5e-05	5e-05	0.0	5e-05	0.0	5e-05	5e-05	5e-05	5e-05	5e-05	0.01179	5e-05	5e-05	0.0	5e-05	5e-05	0.048	0.02411	0.0	0.0	5e-05	5e-05	0.0	0.0	5e-05	5e-05	5e-05	5e-05	5e-05	5e-05	0.0	5e-05	5e-05	0.0	5e-05	5e-05	5e-05	0.0	5e-05	5e-05	
0.00057	5e-05	0.0	4e-05	5e-05	5e-05	5e-05	0.00011	5e-05	0.0	0.0	0.0	0.0	0.0	0.0	0.0	0.0	5e-05	0.00011	0.0	0.00011	5e-05	4e-05	4e-05	4e-05	0.00013	0.00013	7e-05	0.00024	0.0	0.0	4e-05	5e-05	0.0	5e-05	5e-05	5e-05	5e-05	0.0	0.0	5e-05	0.0	5e-05	0.0	5e-05	0.0	0.0	0.0	0.0	0.0	0.0	0.0	0.0	0.0	0.0	0.0	0.0	0.0	0.0	0.0	0.0	0.0	0.0	0.0	4e-05	0.0	0.0	0.0	0.0	0.0	0.0	0.0	0.0	0.0	0.0	0.0	0.0	0.0	0.0	0.0	0.0	0.0	0.0	0.0	0.0	0.0	0.0	0.0	
0.00057	5e-05	0.00057	7e-05	0.00013	0.00013	5e-05	0.0	5e-05	0.0	0.0	0.0	0.0	0.0	0.0	0.0	0.0	5e-05	0.0	0.0	4e-05	0.0	4e-05	4e-05	4e-05	4e-05	0.0	7e-05	0.00011	5e-05	4e-05	4e-05	5e-05	0.0	0.0	0.0	5e-05	0.0	0.0	0.0	0.0	0.0	5e-05	0.0	0.0	0.0	0.0	0.0	0.0	0.0	0.0	0.0	0.0	0.0	0.0	0.0	0.0	0.0	0.0	0.0	0.0	0.0	0.0	0.0	4e-05	4e-05	0.0	0.0	0.0	0.0	0.0	0.0	0.0	0.0	0.0	0.0	0.0	0.0	0.0	0.0	0.0	0.0	0.0	0.0	0.0	0.0	0.0	0.0	
0.02236	0.24046	0.01179	0.17235	0.0	0.0	0.03733	0.01932	0.0	5e-05	0.0	0.0	0.0	0.0	0.00105	0.00105	0.0	0.0	0.06027	0.0	0.0	0.02989	0.0	0.04799	0.01613	0.00049	0.05197	0.01418	0.09775	0.29466	0.0	0.048	0.0	0.0	0.0	0.0	0.0	0.0	5e-05	0.0	0.0	0.0	0.0	0.14837	0.0	0.0	5e-05	0.0	5e-05	5e-05	0.0	5e-05	0.0	5e-05	5e-05	5e-05	5e-05	5e-05	0.01057	5e-05	5e-05	0.0	5e-05	5e-05	0.04799	0.0	0.0	0.0	5e-05	5e-05	0.0	0.0	5e-05	5e-05	5e-05	5e-05	5e-05	5e-05	0.0	5e-05	5e-05	0.0	5e-05	5e-05	5e-05	0.0	5e-05	5e-05	
0.00057	5e-05	0.00057	7e-05	0.00013	0.00013	5e-05	0.0	5e-05	0.0	0.0	0.0	0.0	0.0	0.0	0.0	0.0	5e-05	0.0	0.0	4e-05	0.0	4e-05	4e-05	4e-05	4e-05	0.0	7e-05	0.00011	5e-05	4e-05	4e-05	5e-05	0.0	0.0	0.0	5e-05	0.0	0.0	0.0	0.0	0.0	5e-05	0.0	0.0	0.0	0.0	0.0	0.0	0.0	0.0	0.0	0.0	0.0	0.0	0.0	0.0	0.0	0.0	0.0	0.0	0.0	0.0	0.0	4e-05	4e-05	0.0	0.0	0.0	0.0	0.0	0.0	0.0	0.0	0.0	0.0	0.0	0.0	0.0	0.0	0.0	0.0	0.0	0.0	0.0	0.0	0.0	0.0	
0.03903	0.0	5e-05	0.048	0.07116	0.0	0.07116	0.3495	0.07116	5e-05	0.0	0.0	5e-05	0.0	0.16681	0.16681	0.16681	0.07116	0.28499	5e-05	0.3495	0.07116	0.048	0.04799	0.048	0.20469	0.2047	0.15633	0.09685	5e-05	5e-05	0.048	0.0	5e-05	0.0	0.0	0.0	0.0	5e-05	5e-05	0.0	5e-05	0.0	5e-05	0.0	5e-05	5e-05	5e-05	5e-05	5e-05	5e-05	5e-05	5e-05	5e-05	5e-05	5e-05	5e-05	5e-05	5e-05	5e-05	5e-05	5e-05	5e-05	5e-05	0.04799	5e-05	5e-05	5e-05	5e-05	5e-05	5e-05	5e-05	5e-05	5e-05	5e-05	5e-05	5e-05	5e-05	5e-05	5e-05	5e-05	5e-05	5e-05	5e-05	5e-05	5e-05	5e-05	5e-05	
0.00057	5e-05	0.0	0.0468	0.11377	0.02719	5e-05	0.09236	5e-05	0.0	0.0	0.0	0.0	0.0	0.0	0.0	0.0985	5e-05	0.07927	0.0	0.01621	0.02812	4e-05	4e-05	4e-05	0.01116	0.05537	7e-05	0.00539	0.0	0.01908	4e-05	5e-05	0.0	0.14837	0.14837	5e-05	0.0	0.0	0.0	0.14837	0.0	5e-05	0.0	0.14837	5e-05	0.0	5e-05	0.0	0.0	5e-05	0.0	0.0	0.0	0.0	0.0	0.0	0.0	0.0	0.0	0.0	0.0	0.0	0.0	4e-05	0.01908	5e-05	0.0	0.0	0.0	5e-05	5e-05	0.0	0.0	0.0	0.0	0.0	0.0	5e-05	0.0	0.0	0.0	0.0	0.0	0.0	0.0	0.0	0.0	
0.02236	0.24046	5e-05	0.01909	0.02952	0.0	0.03733	0.12268	0.0	5e-05	0.0	0.0	0.0	0.0	0.00105	0.00105	0.09423	0.0	0.285	0.0	0.0	0.00185	0.0	0.048	0.01613	0.00715	0.2047	0.01419	0.03526	5e-05	5e-05	0.048	0.0	0.0	0.0	0.0	0.0	0.29466	5e-05	0.0	0.0	0.0	0.0	0.14837	0.0	5e-05	5e-05	5e-05	5e-05	5e-05	5e-05	5e-05	0.0	5e-05	5e-05	5e-05	5e-05	5e-05	0.01057	5e-05	5e-05	0.0	5e-05	5e-05	0.048	5e-05	5e-05	0.0	5e-05	5e-05	5e-05	5e-05	5e-05	5e-05	5e-05	5e-05	5e-05	5e-05	5e-05	5e-05	5e-05	0.0	5e-05	5e-05	5e-05	0.0	5e-05	5e-05	
0.00011	0.00057	0.0	0.0	0.0	0.0	2e-05	3e-05	0.0	0.0	0.0	0.0	0.0	0.0	0.0	0.0	0.0	0.0	0.00011	0.0	0.0	0.00057	0.0	4e-05	0.00011	5e-05	0.00013	0.00057	0.0	0.0	0.0	4e-05	5e-05	0.0	0.0	0.0	0.0	0.0	0.0	0.0	0.0	0.0	5e-05	5e-05	5e-05	0.0	0.0	0.0	0.0	0.0	0.0	0.0	0.0	0.0	0.0	0.0	0.0	0.0	0.00057	0.0	0.0	0.0	0.0	0.0	4e-05	0.0	0.0	0.0	0.0	0.0	0.0	0.0	0.0	0.0	0.0	0.0	0.0	0.0	0.0	0.0	0.0	0.0	0.0	0.0	0.0	0.0	0.0	0.0	
0.00057	5e-05	0.0	4e-05	5e-05	5e-05	5e-05	0.00011	5e-05	0.0	0.0	0.0	0.0	0.0	0.0	0.0	0.0	5e-05	0.00011	0.0	0.00011	5e-05	4e-05	4e-05	4e-05	0.00013	0.00013	7e-05	0.00024	0.0	0.0	4e-05	5e-05	0.0	5e-05	5e-05	5e-05	5e-05	0.0	0.0	5e-05	0.0	5e-05	0.0	5e-05	0.0	0.0	0.0	0.0	0.0	0.0	0.0	0.0	0.0	0.0	0.0	0.0	0.0	0.0	0.0	0.0	0.0	0.0	0.0	4e-05	0.0	0.0	0.0	0.0	0.0	0.0	0.0	0.0	0.0	0.0	0.0	0.0	0.0	0.0	0.0	0.0	0.0	0.0	0.0	0.0	0.0	0.0	0.0	
0.00011	0.00057	0.0	0.0	0.0	0.0	2e-05	3e-05	0.0	0.0	0.0	0.0	0.0	0.0	0.0	0.0	0.0	0.0	0.00011	0.0	0.0	0.00057	0.0	4e-05	0.00011	5e-05	0.00013	0.00057	0.0	0.0	0.0	4e-05	5e-05	0.0	0.0	0.0	0.0	0.0	0.0	0.0	0.0	0.0	5e-05	5e-05	5e-05	0.0	0.0	0.0	0.0	0.0	0.0	0.0	0.0	0.0	0.0	0.0	0.0	0.0	0.00057	0.0	0.0	0.0	0.0	0.0	4e-05	0.0	0.0	0.0	0.0	0.0	0.0	0.0	0.0	0.0	0.0	0.0	0.0	0.0	0.0	0.0	0.0	0.0	0.0	0.0	0.0	0.0	0.0	0.0	
0.00057	5e-05	0.0	4e-05	5e-05	5e-05	5e-05	0.00011	5e-05	0.0	0.0	0.0	0.0	0.0	0.0	0.0	0.0	5e-05	0.00011	0.0	0.00011	5e-05	4e-05	4e-05	4e-05	0.00013	0.00013	7e-05	0.00024	0.0	0.0	4e-05	5e-05	0.0	5e-05	5e-05	5e-05	5e-05	0.0	0.0	5e-05	0.0	5e-05	0.0	5e-05	0.0	0.0	0.0	0.0	0.0	0.0	0.0	0.0	0.0	0.0	0.0	0.0	0.0	0.0	0.0	0.0	0.0	0.0	0.0	4e-05	0.0	0.0	0.0	0.0	0.0	0.0	0.0	0.0	0.0	0.0	0.0	0.0	0.0	0.0	0.0	0.0	0.0	0.0	0.0	0.0	0.0	0.0	0.0	
0.00057	5e-05	0.0	4e-05	5e-05	5e-05	5e-05	0.00011	5e-05	0.0	0.0	0.0	0.0	0.0	0.0	0.0	0.0	5e-05	0.00011	0.0	0.00011	5e-05	4e-05	4e-05	4e-05	0.00013	0.00013	7e-05	0.00024	0.0	0.0	4e-05	5e-05	0.0	5e-05	5e-05	5e-05	5e-05	0.0	0.0	5e-05	0.0	5e-05	0.0	5e-05	0.0	0.0	0.0	0.0	0.0	0.0	0.0	0.0	0.0	0.0	0.0	0.0	0.0	0.0	0.0	0.0	0.0	0.0	0.0	4e-05	0.0	0.0	0.0	0.0	0.0	0.0	0.0	0.0	0.0	0.0	0.0	0.0	0.0	0.0	0.0	0.0	0.0	0.0	0.0	0.0	0.0	0.0	0.0	
0.00011	0.00057	0.0	0.0	0.0	0.0	2e-05	3e-05	0.0	0.0	0.0	0.0	0.0	0.0	0.0	0.0	0.0	0.0	0.00011	0.0	0.0	0.00057	0.0	4e-05	0.00011	5e-05	0.00013	0.00057	0.0	0.0	0.0	4e-05	5e-05	0.0	0.0	0.0	0.0	0.0	0.0	0.0	0.0	0.0	5e-05	5e-05	5e-05	0.0	0.0	0.0	0.0	0.0	0.0	0.0	0.0	0.0	0.0	0.0	0.0	0.0	0.00057	0.0	0.0	0.0	0.0	0.0	4e-05	0.0	0.0	0.0	0.0	0.0	0.0	0.0	0.0	0.0	0.0	0.0	0.0	0.0	0.0	0.0	0.0	0.0	0.0	0.0	0.0	0.0	0.0	0.0	
0.00057	5e-05	0.0	4e-05	5e-05	5e-05	5e-05	0.00011	5e-05	0.0	0.0	0.0	0.0	0.0	0.0	0.0	0.0	5e-05	0.00011	0.0	0.00011	5e-05	4e-05	4e-05	4e-05	0.00013	0.00013	7e-05	0.00024	0.0	0.0	4e-05	5e-05	0.0	5e-05	5e-05	5e-05	5e-05	0.0	0.0	5e-05	0.0	5e-05	0.0	5e-05	0.0	0.0	0.0	0.0	0.0	0.0	0.0	0.0	0.0	0.0	0.0	0.0	0.0	0.0	0.0	0.0	0.0	0.0	0.0	4e-05	0.0	0.0	0.0	0.0	0.0	0.0	0.0	0.0	0.0	0.0	0.0	0.0	0.0	0.0	0.0	0.0	0.0	0.0	0.0	0.0	0.0	0.0	0.0	
0.00057	5e-05	0.00057	7e-05	0.00013	0.00013	5e-05	0.0	5e-05	0.0	0.0	0.0	0.0	0.0	0.0	0.0	0.0	5e-05	0.0	0.0	4e-05	0.0	4e-05	4e-05	4e-05	4e-05	0.0	7e-05	0.00011	5e-05	4e-05	4e-05	5e-05	0.0	0.0	0.0	5e-05	0.0	0.0	0.0	0.0	0.0	5e-05	0.0	0.0	0.0	0.0	0.0	0.0	0.0	0.0	0.0	0.0	0.0	0.0	0.0	0.0	0.0	0.0	0.0	0.0	0.0	0.0	0.0	4e-05	4e-05	0.0	0.0	0.0	0.0	0.0	0.0	0.0	0.0	0.0	0.0	0.0	0.0	0.0	0.0	0.0	0.0	0.0	0.0	0.0	0.0	0.0	0.0	
0.00057	5e-05	0.0	4e-05	5e-05	5e-05	5e-05	0.00011	5e-05	0.0	0.0	0.0	0.0	0.0	0.0	0.0	0.0	5e-05	0.00011	0.0	0.00011	5e-05	4e-05	4e-05	4e-05	0.00013	0.00013	7e-05	0.00024	0.0	0.0	4e-05	5e-05	0.0	5e-05	5e-05	5e-05	5e-05	0.0	0.0	5e-05	0.0	5e-05	0.0	5e-05	0.0	0.0	0.0	0.0	0.0	0.0	0.0	0.0	0.0	0.0	0.0	0.0	0.0	0.0	0.0	0.0	0.0	0.0	0.0	4e-05	0.0	0.0	0.0	0.0	0.0	0.0	0.0	0.0	0.0	0.0	0.0	0.0	0.0	0.0	0.0	0.0	0.0	0.0	0.0	0.0	0.0	0.0	0.0	
0.00057	5e-05	0.0	4e-05	5e-05	5e-05	5e-05	0.00011	5e-05	0.0	0.0	0.0	0.0	0.0	0.0	0.0	0.0	5e-05	0.00011	0.0	0.00011	5e-05	4e-05	4e-05	4e-05	0.00013	0.00013	7e-05	0.00024	0.0	0.0	4e-05	5e-05	0.0	5e-05	5e-05	5e-05	5e-05	0.0	0.0	5e-05	0.0	5e-05	0.0	5e-05	0.0	0.0	0.0	0.0	0.0	0.0	0.0	0.0	0.0	0.0	0.0	0.0	0.0	0.0	0.0	0.0	0.0	0.0	0.0	4e-05	0.0	0.0	0.0	0.0	0.0	0.0	0.0	0.0	0.0	0.0	0.0	0.0	0.0	0.0	0.0	0.0	0.0	0.0	0.0	0.0	0.0	0.0	0.0	
0.00057	5e-05	0.0	4e-05	5e-05	5e-05	5e-05	0.00011	5e-05	0.0	0.0	0.0	0.0	0.0	0.0	0.0	0.0	5e-05	0.00011	0.0	0.00011	5e-05	4e-05	4e-05	4e-05	0.00013	0.00013	7e-05	0.00024	0.0	0.0	4e-05	5e-05	0.0	5e-05	5e-05	5e-05	5e-05	0.0	0.0	5e-05	0.0	5e-05	0.0	5e-05	0.0	0.0	0.0	0.0	0.0	0.0	0.0	0.0	0.0	0.0	0.0	0.0	0.0	0.0	0.0	0.0	0.0	0.0	0.0	4e-05	0.0	0.0	0.0	0.0	0.0	0.0	0.0	0.0	0.0	0.0	0.0	0.0	0.0	0.0	0.0	0.0	0.0	0.0	0.0	0.0	0.0	0.0	0.0	
0.00057	5e-05	0.0	4e-05	5e-05	5e-05	5e-05	0.00011	5e-05	0.0	0.0	0.0	0.0	0.0	0.0	0.0	0.0	5e-05	0.00011	0.0	0.00011	5e-05	4e-05	4e-05	4e-05	0.00013	0.00013	7e-05	0.00024	0.0	0.0	4e-05	5e-05	0.0	5e-05	5e-05	5e-05	5e-05	0.0	0.0	5e-05	0.0	5e-05	0.0	5e-05	0.0	0.0	0.0	0.0	0.0	0.0	0.0	0.0	0.0	0.0	0.0	0.0	0.0	0.0	0.0	0.0	0.0	0.0	0.0	4e-05	0.0	0.0	0.0	0.0	0.0	0.0	0.0	0.0	0.0	0.0	0.0	0.0	0.0	0.0	0.0	0.0	0.0	0.0	0.0	0.0	0.0	0.0	0.0	
0.00057	5e-05	0.0	4e-05	5e-05	5e-05	5e-05	0.00011	5e-05	0.0	0.0	0.0	0.0	0.0	0.0	0.0	0.0	5e-05	0.00011	0.0	0.00011	5e-05	4e-05	4e-05	4e-05	0.00013	0.00013	7e-05	0.00024	0.0	0.0	4e-05	5e-05	0.0	5e-05	5e-05	5e-05	5e-05	0.0	0.0	5e-05	0.0	5e-05	0.0	5e-05	0.0	0.0	0.0	0.0	0.0	0.0	0.0	0.0	0.0	0.0	0.0	0.0	0.0	0.0	0.0	0.0	0.0	0.0	0.0	4e-05	0.0	0.0	0.0	0.0	0.0	0.0	0.0	0.0	0.0	0.0	0.0	0.0	0.0	0.0	0.0	0.0	0.0	0.0	0.0	0.0	0.0	0.0	0.0	
0.00057	5e-05	0.38273	0.05404	0.01249	0.01367	5e-05	0.04135	5e-05	0.0	0.0	0.0	0.0	0.0	0.0	0.0	0.04717	5e-05	0.02559	0.0	0.00708	0.01215	4e-05	4e-05	4e-05	0.10287	0.0309	7e-05	0.00212	0.02988	0.02224	4e-05	5e-05	0.0	0.01057	0.01057	5e-05	0.01179	0.0	0.0	0.01057	0.0	5e-05	0.0	0.01057	0.00057	0.0	0.00057	0.0	0.0	0.00057	0.0	0.0	0.0	0.0	0.0	0.0	0.0	0.0	0.0	0.0	0.0	0.0	0.0	4e-05	0.02224	0.00057	0.0	0.0	0.0	0.00057	0.00057	0.0	0.0	0.0	0.0	0.0	0.0	0.00057	0.0	0.0	0.0	0.0	0.0	0.0	0.0	0.0	0.0	
0.00057	5e-05	0.0	4e-05	5e-05	5e-05	5e-05	0.00011	5e-05	0.0	0.0	0.0	0.0	0.0	0.0	0.0	0.0	5e-05	0.00011	0.0	0.00011	5e-05	4e-05	4e-05	4e-05	0.00013	0.00013	7e-05	0.00024	0.0	0.0	4e-05	5e-05	0.0	5e-05	5e-05	5e-05	5e-05	0.0	0.0	5e-05	0.0	5e-05	0.0	5e-05	0.0	0.0	0.0	0.0	0.0	0.0	0.0	0.0	0.0	0.0	0.0	0.0	0.0	0.0	0.0	0.0	0.0	0.0	0.0	4e-05	0.0	0.0	0.0	0.0	0.0	0.0	0.0	0.0	0.0	0.0	0.0	0.0	0.0	0.0	0.0	0.0	0.0	0.0	0.0	0.0	0.0	0.0	0.0	
0.00057	5e-05	0.0	4e-05	5e-05	5e-05	5e-05	0.00011	5e-05	0.0	0.0	0.0	0.0	0.0	0.0	0.0	0.0	5e-05	0.00011	0.0	0.00011	5e-05	4e-05	4e-05	4e-05	0.00013	0.00013	7e-05	0.00024	0.0	0.0	4e-05	5e-05	0.0	5e-05	5e-05	5e-05	5e-05	0.0	0.0	5e-05	0.0	5e-05	0.0	5e-05	0.0	0.0	0.0	0.0	0.0	0.0	0.0	0.0	0.0	0.0	0.0	0.0	0.0	0.0	0.0	0.0	0.0	0.0	0.0	4e-05	0.0	0.0	0.0	0.0	0.0	0.0	0.0	0.0	0.0	0.0	0.0	0.0	0.0	0.0	0.0	0.0	0.0	0.0	0.0	0.0	0.0	0.0	0.0	
0.00057	5e-05	0.00057	7e-05	0.00013	0.00013	5e-05	0.0	5e-05	0.0	0.0	0.0	0.0	0.0	0.0	0.0	0.0	5e-05	0.0	0.0	4e-05	0.0	4e-05	4e-05	4e-05	4e-05	0.0	7e-05	0.00011	5e-05	4e-05	4e-05	5e-05	0.0	0.0	0.0	5e-05	0.0	0.0	0.0	0.0	0.0	5e-05	0.0	0.0	0.0	0.0	0.0	0.0	0.0	0.0	0.0	0.0	0.0	0.0	0.0	0.0	0.0	0.0	0.0	0.0	0.0	0.0	0.0	4e-05	4e-05	0.0	0.0	0.0	0.0	0.0	0.0	0.0	0.0	0.0	0.0	0.0	0.0	0.0	0.0	0.0	0.0	0.0	0.0	0.0	0.0	0.0	0.0	
0.00057	5e-05	0.0	4e-05	5e-05	5e-05	5e-05	0.00011	5e-05	0.0	0.0	0.0	0.0	0.0	0.0	0.0	0.0	5e-05	0.00011	0.0	0.00011	5e-05	4e-05	4e-05	4e-05	0.00013	0.00013	7e-05	0.00024	0.0	0.0	4e-05	5e-05	0.0	5e-05	5e-05	5e-05	5e-05	0.0	0.0	5e-05	0.0	5e-05	0.0	5e-05	0.0	0.0	0.0	0.0	0.0	0.0	0.0	0.0	0.0	0.0	0.0	0.0	0.0	0.0	0.0	0.0	0.0	0.0	0.0	4e-05	0.0	0.0	0.0	0.0	0.0	0.0	0.0	0.0	0.0	0.0	0.0	0.0	0.0	0.0	0.0	0.0	0.0	0.0	0.0	0.0	0.0	0.0	0.0	
0.00057	5e-05	0.0	4e-05	5e-05	5e-05	5e-05	0.00011	5e-05	0.0	0.0	0.0	0.0	0.0	0.0	0.0	0.0	5e-05	0.00011	0.0	0.00011	5e-05	4e-05	4e-05	4e-05	0.00013	0.00013	7e-05	0.00024	0.0	0.0	4e-05	5e-05	0.0	5e-05	5e-05	5e-05	5e-05	0.0	0.0	5e-05	0.0	5e-05	0.0	5e-05	0.0	0.0	0.0	0.0	0.0	0.0	0.0	0.0	0.0	0.0	0.0	0.0	0.0	0.0	0.0	0.0	0.0	0.0	0.0	4e-05	0.0	0.0	0.0	0.0	0.0	0.0	0.0	0.0	0.0	0.0	0.0	0.0	0.0	0.0	0.0	0.0	0.0	0.0	0.0	0.0	0.0	0.0	0.0	
0.03036	0.048	4e-05	0.0	0.05135	0.048	0.05136	0.17964	0.05136	4e-05	0.0	0.0	4e-05	0.15279	0.0	0.0	0.0	0.05136	0.19056	4e-05	0.17964	0.05136	0.0	0.0	0.0	0.29751	0.2975	0.40419	0.07057	4e-05	4e-05	0.0	0.04799	4e-05	0.04799	0.04799	0.048	0.048	4e-05	4e-05	0.04799	4e-05	0.04799	4e-05	0.048	4e-05	4e-05	4e-05	4e-05	4e-05	4e-05	4e-05	4e-05	4e-05	4e-05	4e-05	4e-05	4e-05	4e-05	4e-05	4e-05	4e-05	4e-05	4e-05	0.0	4e-05	4e-05	4e-05	4e-05	4e-05	4e-05	4e-05	4e-05	4e-05	4e-05	4e-05	4e-05	4e-05	4e-05	4e-05	4e-05	4e-05	4e-05	4e-05	4e-05	4e-05	4e-05	4e-05	
0.01569	0.04537	0.0	0.31923	0.0	0.0	0.04249	0.07763	0.02607	0.0	0.0	0.0	4e-05	0.0	0.02159	0.02159	0.37582	0.02607	0.00011	4e-05	0.0	0.04726	0.0	4e-05	0.01065	0.01853	0.00013	0.03847	0.0	0.0	0.0	4e-05	5e-05	4e-05	0.0	0.0	0.0	0.02411	0.0	4e-05	0.0	4e-05	5e-05	0.01908	5e-05	0.0	0.0	0.0	0.0	0.0	0.0	0.0	4e-05	0.0	0.0	0.0	0.0	0.0	0.02224	0.0	0.0	4e-05	0.0	0.0	4e-05	0.0	0.0	4e-05	0.0	0.0	0.0	0.0	0.0	0.0	0.0	0.0	0.0	0.0	0.0	0.0	0.0	4e-05	0.0	0.0	0.0	4e-05	0.0	0.0	
0.00011	0.00057	0.0	0.0	0.0	0.0	2e-05	3e-05	0.0	0.0	0.0	0.0	0.0	0.0	0.0	0.0	0.0	0.0	0.00011	0.0	0.0	0.00057	0.0	4e-05	0.00011	5e-05	0.00013	0.00057	0.0	0.0	0.0	4e-05	5e-05	0.0	0.0	0.0	0.0	0.0	0.0	0.0	0.0	0.0	5e-05	5e-05	5e-05	0.0	0.0	0.0	0.0	0.0	0.0	0.0	0.0	0.0	0.0	0.0	0.0	0.0	0.00057	0.0	0.0	0.0	0.0	0.0	4e-05	0.0	0.0	0.0	0.0	0.0	0.0	0.0	0.0	0.0	0.0	0.0	0.0	0.0	0.0	0.0	0.0	0.0	0.0	0.0	0.0	0.0	0.0	0.0	
0.00057	5e-05	0.00057	7e-05	0.00013	0.00013	5e-05	0.0	5e-05	0.0	0.0	0.0	0.0	0.0	0.0	0.0	0.0	5e-05	0.0	0.0	4e-05	0.0	4e-05	4e-05	4e-05	4e-05	0.0	7e-05	0.00011	5e-05	4e-05	4e-05	5e-05	0.0	0.0	0.0	5e-05	0.0	0.0	0.0	0.0	0.0	5e-05	0.0	0.0	0.0	0.0	0.0	0.0	0.0	0.0	0.0	0.0	0.0	0.0	0.0	0.0	0.0	0.0	0.0	0.0	0.0	0.0	0.0	4e-05	4e-05	0.0	0.0	0.0	0.0	0.0	0.0	0.0	0.0	0.0	0.0	0.0	0.0	0.0	0.0	0.0	0.0	0.0	0.0	0.0	0.0	0.0	0.0	
0.00057	5e-05	0.0	4e-05	5e-05	5e-05	5e-05	0.00011	5e-05	0.0	0.0	0.0	0.0	0.0	0.0	0.0	0.0	5e-05	0.00011	0.0	0.00011	5e-05	4e-05	4e-05	4e-05	0.00013	0.00013	7e-05	0.00024	0.0	0.0	4e-05	5e-05	0.0	5e-05	5e-05	5e-05	5e-05	0.0	0.0	5e-05	0.0	5e-05	0.0	5e-05	0.0	0.0	0.0	0.0	0.0	0.0	0.0	0.0	0.0	0.0	0.0	0.0	0.0	0.0	0.0	0.0	0.0	0.0	0.0	4e-05	0.0	0.0	0.0	0.0	0.0	0.0	0.0	0.0	0.0	0.0	0.0	0.0	0.0	0.0	0.0	0.0	0.0	0.0	0.0	0.0	0.0	0.0	0.0	
0.00057	5e-05	0.0	4e-05	5e-05	5e-05	5e-05	0.00011	5e-05	0.0	0.0	0.0	0.0	0.0	0.0	0.0	0.0	5e-05	0.00011	0.0	0.00011	5e-05	4e-05	4e-05	4e-05	0.00013	0.00013	7e-05	0.00024	0.0	0.0	4e-05	5e-05	0.0	5e-05	5e-05	5e-05	5e-05	0.0	0.0	5e-05	0.0	5e-05	0.0	5e-05	0.0	0.0	0.0	0.0	0.0	0.0	0.0	0.0	0.0	0.0	0.0	0.0	0.0	0.0	0.0	0.0	0.0	0.0	0.0	4e-05	0.0	0.0	0.0	0.0	0.0	0.0	0.0	0.0	0.0	0.0	0.0	0.0	0.0	0.0	0.0	0.0	0.0	0.0	0.0	0.0	0.0	0.0	0.0	
0.00011	0.00057	0.0	0.0	0.0	0.0	2e-05	3e-05	0.0	0.0	0.0	0.0	0.0	0.0	0.0	0.0	0.0	0.0	0.00011	0.0	0.0	0.00057	0.0	4e-05	0.00011	5e-05	0.00013	0.00057	0.0	0.0	0.0	4e-05	5e-05	0.0	0.0	0.0	0.0	0.0	0.0	0.0	0.0	0.0	5e-05	5e-05	5e-05	0.0	0.0	0.0	0.0	0.0	0.0	0.0	0.0	0.0	0.0	0.0	0.0	0.0	0.00057	0.0	0.0	0.0	0.0	0.0	4e-05	0.0	0.0	0.0	0.0	0.0	0.0	0.0	0.0	0.0	0.0	0.0	0.0	0.0	0.0	0.0	0.0	0.0	0.0	0.0	0.0	0.0	0.0	0.0	
0.00011	0.00057	0.0	0.0	0.0	0.0	2e-05	3e-05	0.0	0.0	0.0	0.0	0.0	0.0	0.0	0.0	0.0	0.0	0.00011	0.0	0.0	0.00057	0.0	4e-05	0.00011	5e-05	0.00013	0.00057	0.0	0.0	0.0	4e-05	5e-05	0.0	0.0	0.0	0.0	0.0	0.0	0.0	0.0	0.0	5e-05	5e-05	5e-05	0.0	0.0	0.0	0.0	0.0	0.0	0.0	0.0	0.0	0.0	0.0	0.0	0.0	0.00057	0.0	0.0	0.0	0.0	0.0	4e-05	0.0	0.0	0.0	0.0	0.0	0.0	0.0	0.0	0.0	0.0	0.0	0.0	0.0	0.0	0.0	0.0	0.0	0.0	0.0	0.0	0.0	0.0	0.0	
0.00057	5e-05	0.0	4e-05	5e-05	5e-05	5e-05	0.00011	5e-05	0.0	0.0	0.0	0.0	0.0	0.0	0.0	0.0	5e-05	0.00011	0.0	0.00011	5e-05	4e-05	4e-05	4e-05	0.00013	0.00013	7e-05	0.00024	0.0	0.0	4e-05	5e-05	0.0	5e-05	5e-05	5e-05	5e-05	0.0	0.0	5e-05	0.0	5e-05	0.0	5e-05	0.0	0.0	0.0	0.0	0.0	0.0	0.0	0.0	0.0	0.0	0.0	0.0	0.0	0.0	0.0	0.0	0.0	0.0	0.0	4e-05	0.0	0.0	0.0	0.0	0.0	0.0	0.0	0.0	0.0	0.0	0.0	0.0	0.0	0.0	0.0	0.0	0.0	0.0	0.0	0.0	0.0	0.0	0.0	
0.00057	5e-05	0.0	4e-05	5e-05	5e-05	5e-05	0.00011	5e-05	0.0	0.0	0.0	0.0	0.0	0.0	0.0	0.0	5e-05	0.00011	0.0	0.00011	5e-05	4e-05	4e-05	4e-05	0.00013	0.00013	7e-05	0.00024	0.0	0.0	4e-05	5e-05	0.0	5e-05	5e-05	5e-05	5e-05	0.0	0.0	5e-05	0.0	5e-05	0.0	5e-05	0.0	0.0	0.0	0.0	0.0	0.0	0.0	0.0	0.0	0.0	0.0	0.0	0.0	0.0	0.0	0.0	0.0	0.0	0.0	4e-05	0.0	0.0	0.0	0.0	0.0	0.0	0.0	0.0	0.0	0.0	0.0	0.0	0.0	0.0	0.0	0.0	0.0	0.0	0.0	0.0	0.0	0.0	0.0	
0.00057	5e-05	0.0	4e-05	5e-05	5e-05	5e-05	0.00011	5e-05	0.0	0.0	0.0	0.0	0.0	0.0	0.0	0.0	5e-05	0.00011	0.0	0.00011	5e-05	4e-05	4e-05	4e-05	0.00013	0.00013	7e-05	0.00024	0.0	0.0	4e-05	5e-05	0.0	5e-05	5e-05	5e-05	5e-05	0.0	0.0	5e-05	0.0	5e-05	0.0	5e-05	0.0	0.0	0.0	0.0	0.0	0.0	0.0	0.0	0.0	0.0	0.0	0.0	0.0	0.0	0.0	0.0	0.0	0.0	0.0	4e-05	0.0	0.0	0.0	0.0	0.0	0.0	0.0	0.0	0.0	0.0	0.0	0.0	0.0	0.0	0.0	0.0	0.0	0.0	0.0	0.0	0.0	0.0	0.0	
0.00057	5e-05	0.0	4e-05	5e-05	5e-05	5e-05	0.00011	5e-05	0.0	0.0	0.0	0.0	0.0	0.0	0.0	0.0	5e-05	0.00011	0.0	0.00011	5e-05	4e-05	4e-05	4e-05	0.00013	0.00013	7e-05	0.00024	0.0	0.0	4e-05	5e-05	0.0	5e-05	5e-05	5e-05	5e-05	0.0	0.0	5e-05	0.0	5e-05	0.0	5e-05	0.0	0.0	0.0	0.0	0.0	0.0	0.0	0.0	0.0	0.0	0.0	0.0	0.0	0.0	0.0	0.0	0.0	0.0	0.0	4e-05	0.0	0.0	0.0	0.0	0.0	0.0	0.0	0.0	0.0	0.0	0.0	0.0	0.0	0.0	0.0	0.0	0.0	0.0	0.0	0.0	0.0	0.0	0.0	
0.00057	5e-05	0.0	4e-05	5e-05	5e-05	5e-05	0.00011	5e-05	0.0	0.0	0.0	0.0	0.0	0.0	0.0	0.0	5e-05	0.00011	0.0	0.00011	5e-05	4e-05	4e-05	4e-05	0.00013	0.00013	7e-05	0.00024	0.0	0.0	4e-05	5e-05	0.0	5e-05	5e-05	5e-05	5e-05	0.0	0.0	5e-05	0.0	5e-05	0.0	5e-05	0.0	0.0	0.0	0.0	0.0	0.0	0.0	0.0	0.0	0.0	0.0	0.0	0.0	0.0	0.0	0.0	0.0	0.0	0.0	4e-05	0.0	0.0	0.0	0.0	0.0	0.0	0.0	0.0	0.0	0.0	0.0	0.0	0.0	0.0	0.0	0.0	0.0	0.0	0.0	0.0	0.0	0.0	0.0	
0.00057	5e-05	0.0	4e-05	5e-05	5e-05	5e-05	0.00011	5e-05	0.0	0.0	0.0	0.0	0.0	0.0	0.0	0.0	5e-05	0.00011	0.0	0.00011	5e-05	4e-05	4e-05	4e-05	0.00013	0.00013	7e-05	0.00024	0.0	0.0	4e-05	5e-05	0.0	5e-05	5e-05	5e-05	5e-05	0.0	0.0	5e-05	0.0	5e-05	0.0	5e-05	0.0	0.0	0.0	0.0	0.0	0.0	0.0	0.0	0.0	0.0	0.0	0.0	0.0	0.0	0.0	0.0	0.0	0.0	0.0	4e-05	0.0	0.0	0.0	0.0	0.0	0.0	0.0	0.0	0.0	0.0	0.0	0.0	0.0	0.0	0.0	0.0	0.0	0.0	0.0	0.0	0.0	0.0	0.0	
0.00011	0.00057	0.0	0.0	0.0	0.0	2e-05	3e-05	0.0	0.0	0.0	0.0	0.0	0.0	0.0	0.0	0.0	0.0	0.00011	0.0	0.0	0.00057	0.0	4e-05	0.00011	5e-05	0.00013	0.00057	0.0	0.0	0.0	4e-05	5e-05	0.0	0.0	0.0	0.0	0.0	0.0	0.0	0.0	0.0	5e-05	5e-05	5e-05	0.0	0.0	0.0	0.0	0.0	0.0	0.0	0.0	0.0	0.0	0.0	0.0	0.0	0.00057	0.0	0.0	0.0	0.0	0.0	4e-05	0.0	0.0	0.0	0.0	0.0	0.0	0.0	0.0	0.0	0.0	0.0	0.0	0.0	0.0	0.0	0.0	0.0	0.0	0.0	0.0	0.0	0.0	0.0	
0.00057	5e-05	0.0	4e-05	5e-05	5e-05	5e-05	0.00011	5e-05	0.0	0.0	0.0	0.0	0.0	0.0	0.0	0.0	5e-05	0.00011	0.0	0.00011	5e-05	4e-05	4e-05	4e-05	0.00013	0.00013	7e-05	0.00024	0.0	0.0	4e-05	5e-05	0.0	5e-05	5e-05	5e-05	5e-05	0.0	0.0	5e-05	0.0	5e-05	0.0	5e-05	0.0	0.0	0.0	0.0	0.0	0.0	0.0	0.0	0.0	0.0	0.0	0.0	0.0	0.0	0.0	0.0	0.0	0.0	0.0	4e-05	0.0	0.0	0.0	0.0	0.0	0.0	0.0	0.0	0.0	0.0	0.0	0.0	0.0	0.0	0.0	0.0	0.0	0.0	0.0	0.0	0.0	0.0	0.0	
0.00057	5e-05	0.0	4e-05	5e-05	5e-05	5e-05	0.00011	5e-05	0.0	0.0	0.0	0.0	0.0	0.0	0.0	0.0	5e-05	0.00011	0.0	0.00011	5e-05	4e-05	4e-05	4e-05	0.00013	0.00013	7e-05	0.00024	0.0	0.0	4e-05	5e-05	0.0	5e-05	5e-05	5e-05	5e-05	0.0	0.0	5e-05	0.0	5e-05	0.0	5e-05	0.0	0.0	0.0	0.0	0.0	0.0	0.0	0.0	0.0	0.0	0.0	0.0	0.0	0.0	0.0	0.0	0.0	0.0	0.0	4e-05	0.0	0.0	0.0	0.0	0.0	0.0	0.0	0.0	0.0	0.0	0.0	0.0	0.0	0.0	0.0	0.0	0.0	0.0	0.0	0.0	0.0	0.0	0.0	
0.00057	5e-05	0.00057	7e-05	0.00013	0.00013	5e-05	0.0	5e-05	0.0	0.0	0.0	0.0	0.0	0.0	0.0	0.0	5e-05	0.0	0.0	4e-05	0.0	4e-05	4e-05	4e-05	4e-05	0.0	7e-05	0.00011	5e-05	4e-05	4e-05	5e-05	0.0	0.0	0.0	5e-05	0.0	0.0	0.0	0.0	0.0	5e-05	0.0	0.0	0.0	0.0	0.0	0.0	0.0	0.0	0.0	0.0	0.0	0.0	0.0	0.0	0.0	0.0	0.0	0.0	0.0	0.0	0.0	4e-05	4e-05	0.0	0.0	0.0	0.0	0.0	0.0	0.0	0.0	0.0	0.0	0.0	0.0	0.0	0.0	0.0	0.0	0.0	0.0	0.0	0.0	0.0	0.0	
0.00057	5e-05	0.0	4e-05	5e-05	5e-05	5e-05	0.00011	5e-05	0.0	0.0	0.0	0.0	0.0	0.0	0.0	0.0	5e-05	0.00011	0.0	0.00011	5e-05	4e-05	4e-05	4e-05	0.00013	0.00013	7e-05	0.00024	0.0	0.0	4e-05	5e-05	0.0	5e-05	5e-05	5e-05	5e-05	0.0	0.0	5e-05	0.0	5e-05	0.0	5e-05	0.0	0.0	0.0	0.0	0.0	0.0	0.0	0.0	0.0	0.0	0.0	0.0	0.0	0.0	0.0	0.0	0.0	0.0	0.0	4e-05	0.0	0.0	0.0	0.0	0.0	0.0	0.0	0.0	0.0	0.0	0.0	0.0	0.0	0.0	0.0	0.0	0.0	0.0	0.0	0.0	0.0	0.0	0.0	
0.00057	5e-05	0.0	4e-05	5e-05	5e-05	5e-05	0.00011	5e-05	0.0	0.0	0.0	0.0	0.0	0.0	0.0	0.0	5e-05	0.00011	0.0	0.00011	5e-05	4e-05	4e-05	4e-05	0.00013	0.00013	7e-05	0.00024	0.0	0.0	4e-05	5e-05	0.0	5e-05	5e-05	5e-05	5e-05	0.0	0.0	5e-05	0.0	5e-05	0.0	5e-05	0.0	0.0	0.0	0.0	0.0	0.0	0.0	0.0	0.0	0.0	0.0	0.0	0.0	0.0	0.0	0.0	0.0	0.0	0.0	4e-05	0.0	0.0	0.0	0.0	0.0	0.0	0.0	0.0	0.0	0.0	0.0	0.0	0.0	0.0	0.0	0.0	0.0	0.0	0.0	0.0	0.0	0.0	0.0	
