0.0	0.16828	0.2365	0.2783	0.23909	7e-05	7e-05	7e-05	7e-05	7e-05	7e-05	0.22983	7e-05	0.01172	0.06994	0.0	0.0	0.0	0.0	0.0	0.19932	0.15079	0.00067	0.0278	0.02904	7e-05	0.03059	7e-05	7e-05	7e-05	7e-05	0.05996	7e-05	7e-05	0.02904	0.05827	0.06102	7e-05	7e-05	0.03059	7e-05	0.09929	0.18582	0.13191	0.3066	0.06889	0.27114	0.0	0.02685	7e-05	7e-05	0.02904	0.09504	7e-05	0.00638	7e-05	0.07637	0.05175	0.20974	0.25557	0.11096	0.08718	0.24237	0.14586	0.14586	0.07657	0.05175	7e-05	7e-05	7e-05	7e-05	0.25152	0.09479	0.37288	0.01339	0.12458	
0.16828	0.0	0.11932	0.159	0.20873	4e-05	4e-05	4e-05	4e-05	4e-05	4e-05	0.31005	4e-05	0.01029	0.19437	0.0	0.0	0.0	0.0	0.0	0.25221	0.08448	0.00046	0.02352	0.02476	4e-05	0.02602	4e-05	4e-05	4e-05	4e-05	0.0721	4e-05	4e-05	0.02476	0.04791	0.30647	4e-05	4e-05	0.02602	4e-05	0.21348	0.18445	0.10081	0.37169	0.26587	0.03536	0.0	0.05113	4e-05	4e-05	0.02476	0.2509	4e-05	0.10007	4e-05	0.25565	0.29423	0.24913	0.0537	0.18364	0.19165	0.25544	0.21944	0.21944	0.16413	0.29423	4e-05	4e-05	4e-05	4e-05	0.09302	0.45029	0.43207	0.0299	0.19323	
0.2365	0.11932	0.0	0.13171	0.13976	4e-05	4e-05	4e-05	4e-05	4e-05	4e-05	0.11468	4e-05	0.01399	0.11216	0.0	0.0	0.0	0.0	0.0	0.37097	0.33921	0.00077	0.03353	0.03501	4e-05	0.03691	4e-05	4e-05	4e-05	4e-05	0.06913	4e-05	4e-05	0.03501	0.07125	0.14099	4e-05	4e-05	0.03691	4e-05	0.1504	0.23004	0.18368	0.21358	0.07271	0.11266	0.0	0.02451	4e-05	4e-05	0.03501	0.15265	4e-05	0.0261	4e-05	0.1524	0.14318	0.24332	0.12691	0.08055	0.33712	0.27475	0.1388	0.1388	0.21596	0.14318	4e-05	4e-05	4e-05	4e-05	0.3284	0.14546	0.14314	0.04763	0.17262	
0.2783	0.159	0.13171	0.0	0.28758	3e-05	3e-05	3e-05	3e-05	3e-05	3e-05	0.10664	3e-05	0.01215	0.05602	0.0	0.0	0.0	0.0	0.0	0.20857	0.09337	0.00058	0.02815	0.02957	3e-05	0.09188	3e-05	3e-05	3e-05	3e-05	0.08867	3e-05	3e-05	0.02957	0.02881	0.12136	3e-05	3e-05	0.09188	3e-05	0.02445	0.10281	0.11709	0.27221	0.08397	0.13059	0.0	0.07744	3e-05	3e-05	0.02957	0.20073	3e-05	0.00621	3e-05	0.11192	0.05178	0.09362	0.22559	0.13706	0.11766	0.18793	0.2607	0.2607	0.02086	0.05178	3e-05	3e-05	3e-05	3e-05	0.20938	0.06273	0.21091	0.07745	0.12479	
0.23909	0.20873	0.13976	0.28758	0.0	5e-05	5e-05	5e-05	5e-05	5e-05	5e-05	0.0931	5e-05	0.01262	0.08485	0.0	0.0	0.0	0.0	0.0	0.12075	0.05314	0.00194	0.05037	0.07887	5e-05	0.03224	5e-05	5e-05	5e-05	5e-05	0.14388	5e-05	5e-05	0.07887	0.01889	0.19503	5e-05	5e-05	0.03224	5e-05	0.06672	0.18654	0.10143	0.37056	0.01859	0.04404	0.0	0.17219	5e-05	5e-05	0.07887	0.19687	5e-05	0.00602	5e-05	0.07675	0.05362	0.0996	0.06787	0.09649	0.13883	0.19645	0.37249	0.37249	0.0782	0.05362	5e-05	5e-05	5e-05	5e-05	0.20317	0.0798	0.25262	0.04071	0.11385	
7e-05	4e-05	4e-05	3e-05	5e-05	0.0	0.0	0.0	0.0	0.0	0.0	0.0001	0.0	0.00036	0.00011	0.0	0.0	0.0	0.0	0.0	6e-05	8e-05	0.0	0.00014	0.00019	0.0	0.00019	0.0	0.0	0.0	0.0	6e-05	0.0	0.0	0.00019	0.00014	9e-05	0.0	0.0	0.00019	0.0	0.00013	5e-05	4e-05	9e-05	7e-05	0.00035	0.0	0.0	0.0	0.0	0.00019	5e-05	0.0	0.0	0.0	5e-05	0.0001	9e-05	0.00018	3e-05	9e-05	0.00014	0.00016	0.00016	8e-05	0.0001	0.0	0.0	0.0	0.0	0.00013	5e-05	0.00015	8e-05	2e-05	
7e-05	4e-05	4e-05	3e-05	5e-05	0.0	0.0	0.0	0.0	0.0	0.0	0.0001	0.0	0.00036	0.00011	0.0	0.0	0.0	0.0	0.0	6e-05	8e-05	0.0	0.00014	0.00019	0.0	0.00019	0.0	0.0	0.0	0.0	6e-05	0.0	0.0	0.00019	0.00014	9e-05	0.0	0.0	0.00019	0.0	0.00013	5e-05	4e-05	9e-05	7e-05	0.00035	0.0	0.0	0.0	0.0	0.00019	5e-05	0.0	0.0	0.0	5e-05	0.0001	9e-05	0.00018	3e-05	9e-05	0.00014	0.00016	0.00016	8e-05	0.0001	0.0	0.0	0.0	0.0	0.00013	5e-05	0.00015	8e-05	2e-05	
7e-05	4e-05	4e-05	3e-05	5e-05	0.0	0.0	0.0	0.0	0.0	0.0	0.0001	0.0	0.00036	0.00011	0.0	0.0	0.0	0.0	0.0	6e-05	8e-05	0.0	0.00014	0.00019	0.0	0.00019	0.0	0.0	0.0	0.0	6e-05	0.0	0.0	0.00019	0.00014	9e-05	0.0	0.0	0.00019	0.0	0.00013	5e-05	4e-05	9e-05	7e-05	0.00035	0.0	0.0	0.0	0.0	0.00019	5e-05	0.0	0.0	0.0	5e-05	0.0001	9e-05	0.00018	3e-05	9e-05	0.00014	0.00016	0.00016	8e-05	0.0001	0.0	0.0	0.0	0.0	0.00013	5e-05	0.00015	8e-05	2e-05	
7e-05	4e-05	4e-05	3e-05	5e-05	0.0	0.0	0.0	0.0	0.0	0.0	0.0001	0.0	0.00036	0.00011	0.0	0.0	0.0	0.0	0.0	6e-05	8e-05	0.0	0.00014	0.00019	0.0	0.00019	0.0	0.0	0.0	0.0	6e-05	0.0	0.0	0.00019	0.00014	9e-05	0.0	0.0	0.00019	0.0	0.00013	5e-05	4e-05	9e-05	7e-05	0.00035	0.0	0.0	0.0	0.0	0.00019	5e-05	0.0	0.0	0.0	5e-05	0.0001	9e-05	0.00018	3e-05	9e-05	0.00014	0.00016	0.00016	8e-05	0.0001	0.0	0.0	0.0	0.0	0.00013	5e-05	0.00015	8e-05	2e-05	
7e-05	4e-05	4e-05	3e-05	5e-05	0.0	0.0	0.0	0.0	0.0	0.0	0.0001	0.0	0.00036	0.00011	0.0	0.0	0.0	0.0	0.0	6e-05	8e-05	0.0	0.00014	0.00019	0.0	0.00019	0.0	0.0	0.0	0.0	6e-05	0.0	0.0	0.00019	0.00014	9e-05	0.0	0.0	0.00019	0.0	0.00013	5e-05	4e-05	9e-05	7e-05	0.00035	0.0	0.0	0.0	0.0	0.00019	5e-05	0.0	0.0	0.0	5e-05	0.0001	9e-05	0.00018	3e-05	9e-05	0.00014	0.00016	0.00016	8e-05	0.0001	0.0	0.0	0.0	0.0	0.00013	5e-05	0.00015	8e-05	2e-05	
7e-05	4e-05	4e-05	3e-05	5e-05	0.0	0.0	0.0	0.0	0.0	0.0	0.0001	0.0	0.00036	0.00011	0.0	0.0	0.0	0.0	0.0	6e-05	8e-05	0.0	0.00014	0.00019	0.0	0.00019	0.0	0.0	0.0	0.0	6e-05	0.0	0.0	0.00019	0.00014	9e-05	0.0	0.0	0.00019	0.0	0.00013	5e-05	4e-05	9e-05	7e-05	0.00035	0.0	0.0	0.0	0.0	0.00019	5e-05	0.0	0.0	0.0	5e-05	0.0001	9e-05	0.00018	3e-05	9e-05	0.00014	0.00016	0.00016	8e-05	0.0001	0.0	0.0	0.0	0.0	0.00013	5e-05	0.00015	8e-05	2e-05	
0.22983	0.31005	0.11468	0.10664	0.0931	0.0001	0.0001	0.0001	0.0001	0.0001	0.0001	0.0	0.0001	0.01378	0.326	0.0	0.0	0.0	0.0	0.0	0.19685	0.20702	0.00087	0.03223	0.1083	0.0001	0.03559	0.0001	0.0001	0.0001	0.0001	0.02944	0.0001	0.0001	0.1083	0.0513	0.17815	0.0001	0.0001	0.03559	0.0001	0.35068	0.23166	0.18238	0.36111	0.16555	0.11673	0.0	0.01882	0.0001	0.0001	0.1083	0.17357	0.0001	0.05836	0.0001	0.21033	0.21847	0.22116	0.12532	0.11715	0.16081	0.28618	0.13169	0.13169	0.12618	0.21847	0.0001	0.0001	0.0001	0.0001	0.15717	0.2094	0.50151	0.09046	0.19121	
7e-05	4e-05	4e-05	3e-05	5e-05	0.0	0.0	0.0	0.0	0.0	0.0	0.0001	0.0	0.00036	0.00011	0.0	0.0	0.0	0.0	0.0	6e-05	8e-05	0.0	0.00014	0.00019	0.0	0.00019	0.0	0.0	0.0	0.0	6e-05	0.0	0.0	0.00019	0.00014	9e-05	0.0	0.0	0.00019	0.0	0.00013	5e-05	4e-05	9e-05	7e-05	0.00035	0.0	0.0	0.0	0.0	0.00019	5e-05	0.0	0.0	0.0	5e-05	0.0001	9e-05	0.00018	3e-05	9e-05	0.00014	0.00016	0.00016	8e-05	0.0001	0.0	0.0	0.0	0.0	0.00013	5e-05	0.00015	8e-05	2e-05	
0.01172	0.01029	0.01399	0.01215	0.01262	0.00036	0.00036	0.00036	0.00036	0.00036	0.00036	0.01378	0.00036	0.0	0.01781	0.0	0.0	0.0	0.0	0.0	0.00934	0.0132	0.00037	0.00417	0.00475	0.00036	0.00489	0.00036	0.00036	0.00036	0.00036	0.01023	0.00036	0.00036	0.00475	0.00704	0.00978	0.00036	0.00036	0.00489	0.00036	0.01759	0.01724	0.01506	0.01363	0.00879	0.00599	0.0	0.00131	0.00036	0.00036	0.00475	0.01114	0.00036	0.00158	0.00036	0.00713	0.00654	0.0083	0.00671	0.02903	0.01278	0.01032	0.00623	0.00623	0.00823	0.00654	0.00036	0.00036	0.00036	0.00036	0.00969	0.0066	0.00921	0.00835	0.01856	
0.06994	0.19437	0.11216	0.05602	0.08485	0.00011	0.00011	0.00011	0.00011	0.00011	0.00011	0.326	0.00011	0.01781	0.0	0.0	0.0	0.0	0.0	0.0	0.09992	0.26952	0.00124	0.04482	0.04321	0.00011	0.04546	0.00011	0.00011	0.00011	0.00011	0.00906	0.00011	0.00011	0.04321	0.08549	0.21094	0.00011	0.00011	0.04546	0.00011	0.41274	0.29908	0.2645	0.20989	0.17391	0.08338	0.0	0.01008	0.00011	0.00011	0.04321	0.26299	0.00011	0.01294	0.00011	0.11555	0.1025	0.1189	0.10123	0.363	0.20714	0.30663	0.09292	0.09292	0.02476	0.1025	0.00011	0.00011	0.00011	0.00011	0.07291	0.10717	0.2436	0.09503	0.11877	
0.0	0.0	0.0	0.0	0.0	0.0	0.0	0.0	0.0	0.0	0.0	0.0	0.0	0.0	0.0	0.0	0.0	0.0	0.0	0.0	0.0	0.0	0.0	0.0	0.0	0.0	0.0	0.0	0.0	0.0	0.0	0.0	0.0	0.0	0.0	0.0	0.0	0.0	0.0	0.0	0.0	0.0	0.0	0.0	0.0	0.0	0.0	0.0	0.0	0.0	0.0	0.0	0.0	0.0	0.0	0.0	0.0	0.0	0.0	0.0	0.0	0.0	0.0	0.0	0.0	0.0	0.0	0.0	0.0	0.0	0.0	0.0	0.0	0.0	0.0	0.0	
0.0	0.0	0.0	0.0	0.0	0.0	0.0	0.0	0.0	0.0	0.0	0.0	0.0	0.0	0.0	0.0	0.0	0.0	0.0	0.0	0.0	0.0	0.0	0.0	0.0	0.0	0.0	0.0	0.0	0.0	0.0	0.0	0.0	0.0	0.0	0.0	0.0	0.0	0.0	0.0	0.0	0.0	0.0	0.0	0.0	0.0	0.0	0.0	0.0	0.0	0.0	0.0	0.0	0.0	0.0	0.0	0.0	0.0	0.0	0.0	0.0	0.0	0.0	0.0	0.0	0.0	0.0	0.0	0.0	0.0	0.0	0.0	0.0	0.0	0.0	0.0	
0.0	0.0	0.0	0.0	0.0	0.0	0.0	0.0	0.0	0.0	0.0	0.0	0.0	0.0	0.0	0.0	0.0	0.0	0.0	0.0	0.0	0.0	0.0	0.0	0.0	0.0	0.0	0.0	0.0	0.0	0.0	0.0	0.0	0.0	0.0	0.0	0.0	0.0	0.0	0.0	0.0	0.0	0.0	0.0	0.0	0.0	0.0	0.0	0.0	0.0	0.0	0.0	0.0	0.0	0.0	0.0	0.0	0.0	0.0	0.0	0.0	0.0	0.0	0.0	0.0	0.0	0.0	0.0	0.0	0.0	0.0	0.0	0.0	0.0	0.0	0.0	
0.0	0.0	0.0	0.0	0.0	0.0	0.0	0.0	0.0	0.0	0.0	0.0	0.0	0.0	0.0	0.0	0.0	0.0	0.0	0.0	0.0	0.0	0.0	0.0	0.0	0.0	0.0	0.0	0.0	0.0	0.0	0.0	0.0	0.0	0.0	0.0	0.0	0.0	0.0	0.0	0.0	0.0	0.0	0.0	0.0	0.0	0.0	0.0	0.0	0.0	0.0	0.0	0.0	0.0	0.0	0.0	0.0	0.0	0.0	0.0	0.0	0.0	0.0	0.0	0.0	0.0	0.0	0.0	0.0	0.0	0.0	0.0	0.0	0.0	0.0	0.0	
0.0	0.0	0.0	0.0	0.0	0.0	0.0	0.0	0.0	0.0	0.0	0.0	0.0	0.0	0.0	0.0	0.0	0.0	0.0	0.0	0.0	0.0	0.0	0.0	0.0	0.0	0.0	0.0	0.0	0.0	0.0	0.0	0.0	0.0	0.0	0.0	0.0	0.0	0.0	0.0	0.0	0.0	0.0	0.0	0.0	0.0	0.0	0.0	0.0	0.0	0.0	0.0	0.0	0.0	0.0	0.0	0.0	0.0	0.0	0.0	0.0	0.0	0.0	0.0	0.0	0.0	0.0	0.0	0.0	0.0	0.0	0.0	0.0	0.0	0.0	0.0	
0.19932	0.25221	0.37097	0.20857	0.12075	6e-05	6e-05	6e-05	6e-05	6e-05	6e-05	0.19685	6e-05	0.00934	0.09992	0.0	0.0	0.0	0.0	0.0	0.0	0.40072	0.00054	0.02098	0.0221	6e-05	0.0232	6e-05	6e-05	6e-05	6e-05	0.07473	6e-05	6e-05	0.0221	0.04211	0.21404	6e-05	6e-05	0.0232	6e-05	0.10511	0.15592	0.17296	0.08982	0.24742	0.24873	0.0	0.00396	6e-05	6e-05	0.0221	0.19073	6e-05	0.27589	6e-05	0.37958	0.47372	0.50279	0.21153	0.14098	0.24227	0.35736	0.03468	0.03468	0.41672	0.47372	6e-05	6e-05	6e-05	6e-05	0.26872	0.4074	0.205	0.04781	0.2546	
0.15079	0.08448	0.33921	0.09337	0.05314	8e-05	8e-05	8e-05	8e-05	8e-05	8e-05	0.20702	8e-05	0.0132	0.26952	0.0	0.0	0.0	0.0	0.0	0.40072	0.0	8e-05	0.05059	0.0316	8e-05	0.03321	8e-05	8e-05	8e-05	8e-05	0.11265	8e-05	8e-05	0.0316	0.06134	0.03459	8e-05	8e-05	0.03321	8e-05	0.29491	0.2836	0.3702	0.10761	0.30907	0.13311	0.0	0.00625	8e-05	8e-05	0.0316	0.05872	8e-05	0.03121	8e-05	0.15627	0.16671	0.2316	0.13033	0.16987	0.07394	0.15343	0.05025	0.05025	0.26513	0.16671	8e-05	8e-05	8e-05	8e-05	0.2121	0.15695	0.11632	0.06305	0.1335	
0.00067	0.00046	0.00077	0.00058	0.00194	0.0	0.0	0.0	0.0	0.0	0.0	0.00087	0.0	0.00037	0.00124	0.0	0.0	0.0	0.0	0.0	0.00054	8e-05	0.0	0.24189	0.0002	0.0	0.0002	0.0	0.0	0.0	0.0	0.00038	0.0	0.0	0.0002	0.00016	0.00056	0.0	0.0	0.0002	0.0	0.0012	0.00098	0.00075	0.00656	0.00037	0.00095	0.0	0.0	0.0	0.0	0.0002	5e-05	0.0	0.0	0.0	0.00019	0.00031	0.00053	0.00055	0.0016	0.00079	0.00079	0.00058	0.00058	0.00027	0.00031	0.0	0.0	0.0	0.0	0.0007	0.00021	0.00078	0.00704	0.00095	
0.0278	0.02352	0.03353	0.02815	0.05037	0.00014	0.00014	0.00014	0.00014	0.00014	0.00014	0.03223	0.00014	0.00417	0.04482	0.0	0.0	0.0	0.0	0.0	0.02098	0.05059	0.24189	0.0	0.00843	0.00014	0.00876	0.00014	0.00014	0.00014	0.00014	0.0218	0.00014	0.00014	0.00843	0.01396	0.02069	0.00014	0.00014	0.00876	0.00014	0.03927	0.04158	0.03606	0.12277	0.01828	0.01117	0.0	0.00205	0.00014	0.00014	0.00843	0.04684	0.00014	0.00244	0.00014	0.01534	0.0128	0.01835	0.01411	0.05545	0.02766	0.02328	0.01197	0.01197	0.01692	0.0128	0.00014	0.00014	0.00014	0.00014	0.02175	0.0138	0.0205	0.09735	0.04136	
0.02904	0.02476	0.03501	0.02957	0.07887	0.00019	0.00019	0.00019	0.00019	0.00019	0.00019	0.1083	0.00019	0.00475	0.04321	0.0	0.0	0.0	0.0	0.0	0.0221	0.0316	0.0002	0.00843	0.0	0.00019	0.00966	0.00019	0.00019	0.00019	0.00019	0.14517	0.00019	0.00019	0.99967	0.30546	0.02213	0.00019	0.00019	0.00966	0.00019	0.04168	0.04345	0.09791	0.18045	0.01962	0.01219	0.0	0.00146	0.00019	0.00019	0.99967	0.02678	0.00019	0.00181	0.00019	0.01633	0.01389	0.01942	0.01506	0.0719	0.02932	0.02455	0.01303	0.01303	0.01819	0.01389	0.00019	0.00019	0.00019	0.00019	0.02296	0.01478	0.02166	0.01851	0.04661	
7e-05	4e-05	4e-05	3e-05	5e-05	0.0	0.0	0.0	0.0	0.0	0.0	0.0001	0.0	0.00036	0.00011	0.0	0.0	0.0	0.0	0.0	6e-05	8e-05	0.0	0.00014	0.00019	0.0	0.00019	0.0	0.0	0.0	0.0	6e-05	0.0	0.0	0.00019	0.00014	9e-05	0.0	0.0	0.00019	0.0	0.00013	5e-05	4e-05	9e-05	7e-05	0.00035	0.0	0.0	0.0	0.0	0.00019	5e-05	0.0	0.0	0.0	5e-05	0.0001	9e-05	0.00018	3e-05	9e-05	0.00014	0.00016	0.00016	8e-05	0.0001	0.0	0.0	0.0	0.0	0.00013	5e-05	0.00015	8e-05	2e-05	
0.03059	0.02602	0.03691	0.09188	0.03224	0.00019	0.00019	0.00019	0.00019	0.00019	0.00019	0.03559	0.00019	0.00489	0.04546	0.0	0.0	0.0	0.0	0.0	0.0232	0.03321	0.0002	0.00876	0.00966	0.00019	0.0	0.00019	0.00019	0.00019	0.00019	0.1533	0.00019	0.00019	0.00966	0.32534	0.02315	0.00019	0.00019	0.99969	0.00019	0.04376	0.04584	0.03973	0.03406	0.02051	0.01268	0.0	0.00148	0.00019	0.00019	0.00966	0.19114	0.00019	0.00184	0.00019	0.41277	0.01448	0.02037	0.44702	0.05379	0.03072	0.02578	0.01357	0.01357	0.01901	0.01448	0.00019	0.00019	0.00019	0.00019	0.0241	0.01546	0.02273	0.01935	0.04643	
7e-05	4e-05	4e-05	3e-05	5e-05	0.0	0.0	0.0	0.0	0.0	0.0	0.0001	0.0	0.00036	0.00011	0.0	0.0	0.0	0.0	0.0	6e-05	8e-05	0.0	0.00014	0.00019	0.0	0.00019	0.0	0.0	0.0	0.0	6e-05	0.0	0.0	0.00019	0.00014	9e-05	0.0	0.0	0.00019	0.0	0.00013	5e-05	4e-05	9e-05	7e-05	0.00035	0.0	0.0	0.0	0.0	0.00019	5e-05	0.0	0.0	0.0	5e-05	0.0001	9e-05	0.00018	3e-05	9e-05	0.00014	0.00016	0.00016	8e-05	0.0001	0.0	0.0	0.0	0.0	0.00013	5e-05	0.00015	8e-05	2e-05	
7e-05	4e-05	4e-05	3e-05	5e-05	0.0	0.0	0.0	0.0	0.0	0.0	0.0001	0.0	0.00036	0.00011	0.0	0.0	0.0	0.0	0.0	6e-05	8e-05	0.0	0.00014	0.00019	0.0	0.00019	0.0	0.0	0.0	0.0	6e-05	0.0	0.0	0.00019	0.00014	9e-05	0.0	0.0	0.00019	0.0	0.00013	5e-05	4e-05	9e-05	7e-05	0.00035	0.0	0.0	0.0	0.0	0.00019	5e-05	0.0	0.0	0.0	5e-05	0.0001	9e-05	0.00018	3e-05	9e-05	0.00014	0.00016	0.00016	8e-05	0.0001	0.0	0.0	0.0	0.0	0.00013	5e-05	0.00015	8e-05	2e-05	
7e-05	4e-05	4e-05	3e-05	5e-05	0.0	0.0	0.0	0.0	0.0	0.0	0.0001	0.0	0.00036	0.00011	0.0	0.0	0.0	0.0	0.0	6e-05	8e-05	0.0	0.00014	0.00019	0.0	0.00019	0.0	0.0	0.0	0.0	6e-05	0.0	0.0	0.00019	0.00014	9e-05	0.0	0.0	0.00019	0.0	0.00013	5e-05	4e-05	9e-05	7e-05	0.00035	0.0	0.0	0.0	0.0	0.00019	5e-05	0.0	0.0	0.0	5e-05	0.0001	9e-05	0.00018	3e-05	9e-05	0.00014	0.00016	0.00016	8e-05	0.0001	0.0	0.0	0.0	0.0	0.00013	5e-05	0.00015	8e-05	2e-05	
7e-05	4e-05	4e-05	3e-05	5e-05	0.0	0.0	0.0	0.0	0.0	0.0	0.0001	0.0	0.00036	0.00011	0.0	0.0	0.0	0.0	0.0	6e-05	8e-05	0.0	0.00014	0.00019	0.0	0.00019	0.0	0.0	0.0	0.0	6e-05	0.0	0.0	0.00019	0.00014	9e-05	0.0	0.0	0.00019	0.0	0.00013	5e-05	4e-05	9e-05	7e-05	0.00035	0.0	0.0	0.0	0.0	0.00019	5e-05	0.0	0.0	0.0	5e-05	0.0001	9e-05	0.00018	3e-05	9e-05	0.00014	0.00016	0.00016	8e-05	0.0001	0.0	0.0	0.0	0.0	0.00013	5e-05	0.00015	8e-05	2e-05	
0.05996	0.0721	0.06913	0.08867	0.14388	6e-05	6e-05	6e-05	6e-05	6e-05	6e-05	0.02944	6e-05	0.01023	0.00906	0.0	0.0	0.0	0.0	0.0	0.07473	0.11265	0.00038	0.0218	0.14517	6e-05	0.1533	6e-05	6e-05	6e-05	6e-05	0.0	6e-05	6e-05	0.14517	0.31868	0.0394	6e-05	6e-05	0.1533	6e-05	0.00031	0.03451	0.07866	0.20637	0.05907	0.03235	0.0	0.0601	6e-05	6e-05	0.14517	0.08365	6e-05	0.00446	6e-05	0.12866	0.03852	0.06361	0.12892	0.02038	0.02228	0.0456	0.24561	0.24561	0.05383	0.03852	6e-05	6e-05	6e-05	6e-05	0.05585	0.04434	0.06768	0.05501	0.04849	
7e-05	4e-05	4e-05	3e-05	5e-05	0.0	0.0	0.0	0.0	0.0	0.0	0.0001	0.0	0.00036	0.00011	0.0	0.0	0.0	0.0	0.0	6e-05	8e-05	0.0	0.00014	0.00019	0.0	0.00019	0.0	0.0	0.0	0.0	6e-05	0.0	0.0	0.00019	0.00014	9e-05	0.0	0.0	0.00019	0.0	0.00013	5e-05	4e-05	9e-05	7e-05	0.00035	0.0	0.0	0.0	0.0	0.00019	5e-05	0.0	0.0	0.0	5e-05	0.0001	9e-05	0.00018	3e-05	9e-05	0.00014	0.00016	0.00016	8e-05	0.0001	0.0	0.0	0.0	0.0	0.00013	5e-05	0.00015	8e-05	2e-05	
7e-05	4e-05	4e-05	3e-05	5e-05	0.0	0.0	0.0	0.0	0.0	0.0	0.0001	0.0	0.00036	0.00011	0.0	0.0	0.0	0.0	0.0	6e-05	8e-05	0.0	0.00014	0.00019	0.0	0.00019	0.0	0.0	0.0	0.0	6e-05	0.0	0.0	0.00019	0.00014	9e-05	0.0	0.0	0.00019	0.0	0.00013	5e-05	4e-05	9e-05	7e-05	0.00035	0.0	0.0	0.0	0.0	0.00019	5e-05	0.0	0.0	0.0	5e-05	0.0001	9e-05	0.00018	3e-05	9e-05	0.00014	0.00016	0.00016	8e-05	0.0001	0.0	0.0	0.0	0.0	0.00013	5e-05	0.00015	8e-05	2e-05	
0.02904	0.02476	0.03501	0.02957	0.07887	0.00019	0.00019	0.00019	0.00019	0.00019	0.00019	0.1083	0.00019	0.00475	0.04321	0.0	0.0	0.0	0.0	0.0	0.0221	0.0316	0.0002	0.00843	0.99967	0.00019	0.00966	0.00019	0.00019	0.00019	0.00019	0.14517	0.00019	0.00019	0.0	0.30546	0.02213	0.00019	0.00019	0.00966	0.00019	0.04168	0.04345	0.09791	0.18045	0.01962	0.01219	0.0	0.00146	0.00019	0.00019	0.99967	0.02678	0.00019	0.00181	0.00019	0.01633	0.01389	0.01942	0.01506	0.0719	0.02932	0.02455	0.01303	0.01303	0.01819	0.01389	0.00019	0.00019	0.00019	0.00019	0.02296	0.01478	0.02166	0.01851	0.04661	
0.05827	0.04791	0.07125	0.02881	0.01889	0.00014	0.00014	0.00014	0.00014	0.00014	0.00014	0.0513	0.00014	0.00704	0.08549	0.0	0.0	0.0	0.0	0.0	0.04211	0.06134	0.00016	0.01396	0.30546	0.00014	0.32534	0.00014	0.00014	0.00014	0.00014	0.31868	0.00014	0.00014	0.30546	0.0	0.0403	0.00014	0.00014	0.32534	0.00014	0.08019	0.08968	0.0561	0.06768	0.03527	0.02044	0.0	0.00187	0.00014	0.00014	0.30546	0.09431	0.00014	0.00237	0.00014	0.20055	0.0239	0.03654	0.20968	0.01092	0.05457	0.04711	0.02218	0.02218	0.03241	0.0239	0.00014	0.00014	0.00014	0.00014	0.04381	0.02658	0.04108	0.03306	0.01538	
0.06102	0.30647	0.14099	0.12136	0.19503	9e-05	9e-05	9e-05	9e-05	9e-05	9e-05	0.17815	9e-05	0.00978	0.21094	0.0	0.0	0.0	0.0	0.0	0.21404	0.03459	0.00056	0.02069	0.02213	9e-05	0.02315	9e-05	9e-05	9e-05	9e-05	0.0394	9e-05	9e-05	0.02213	0.0403	0.0	9e-05	9e-05	0.02315	9e-05	0.24153	0.17838	0.04362	0.21039	0.09665	0.03064	0.0	0.06858	9e-05	9e-05	0.02213	0.62756	9e-05	0.09273	9e-05	0.236	0.30222	0.21815	0.04315	0.10343	0.66391	0.64817	0.26872	0.26872	0.12042	0.30222	9e-05	9e-05	9e-05	9e-05	0.06092	0.25541	0.07358	0.05182	0.21755	
7e-05	4e-05	4e-05	3e-05	5e-05	0.0	0.0	0.0	0.0	0.0	0.0	0.0001	0.0	0.00036	0.00011	0.0	0.0	0.0	0.0	0.0	6e-05	8e-05	0.0	0.00014	0.00019	0.0	0.00019	0.0	0.0	0.0	0.0	6e-05	0.0	0.0	0.00019	0.00014	9e-05	0.0	0.0	0.00019	0.0	0.00013	5e-05	4e-05	9e-05	7e-05	0.00035	0.0	0.0	0.0	0.0	0.00019	5e-05	0.0	0.0	0.0	5e-05	0.0001	9e-05	0.00018	3e-05	9e-05	0.00014	0.00016	0.00016	8e-05	0.0001	0.0	0.0	0.0	0.0	0.00013	5e-05	0.00015	8e-05	2e-05	
7e-05	4e-05	4e-05	3e-05	5e-05	0.0	0.0	0.0	0.0	0.0	0.0	0.0001	0.0	0.00036	0.00011	0.0	0.0	0.0	0.0	0.0	6e-05	8e-05	0.0	0.00014	0.00019	0.0	0.00019	0.0	0.0	0.0	0.0	6e-05	0.0	0.0	0.00019	0.00014	9e-05	0.0	0.0	0.00019	0.0	0.00013	5e-05	4e-05	9e-05	7e-05	0.00035	0.0	0.0	0.0	0.0	0.00019	5e-05	0.0	0.0	0.0	5e-05	0.0001	9e-05	0.00018	3e-05	9e-05	0.00014	0.00016	0.00016	8e-05	0.0001	0.0	0.0	0.0	0.0	0.00013	5e-05	0.00015	8e-05	2e-05	
0.03059	0.02602	0.03691	0.09188	0.03224	0.00019	0.00019	0.00019	0.00019	0.00019	0.00019	0.03559	0.00019	0.00489	0.04546	0.0	0.0	0.0	0.0	0.0	0.0232	0.03321	0.0002	0.00876	0.00966	0.00019	0.99969	0.00019	0.00019	0.00019	0.00019	0.1533	0.00019	0.00019	0.00966	0.32534	0.02315	0.00019	0.00019	0.0	0.00019	0.04376	0.04584	0.03973	0.03406	0.02051	0.01268	0.0	0.00148	0.00019	0.00019	0.00966	0.19114	0.00019	0.00184	0.00019	0.41277	0.01448	0.02037	0.44702	0.05379	0.03072	0.02578	0.01357	0.01357	0.01901	0.01448	0.00019	0.00019	0.00019	0.00019	0.0241	0.01546	0.02273	0.01935	0.04643	
7e-05	4e-05	4e-05	3e-05	5e-05	0.0	0.0	0.0	0.0	0.0	0.0	0.0001	0.0	0.00036	0.00011	0.0	0.0	0.0	0.0	0.0	6e-05	8e-05	0.0	0.00014	0.00019	0.0	0.00019	0.0	0.0	0.0	0.0	6e-05	0.0	0.0	0.00019	0.00014	9e-05	0.0	0.0	0.00019	0.0	0.00013	5e-05	4e-05	9e-05	7e-05	0.00035	0.0	0.0	0.0	0.0	0.00019	5e-05	0.0	0.0	0.0	5e-05	0.0001	9e-05	0.00018	3e-05	9e-05	0.00014	0.00016	0.00016	8e-05	0.0001	0.0	0.0	0.0	0.0	0.00013	5e-05	0.00015	8e-05	2e-05	
0.09929	0.21348	0.1504	0.02445	0.06672	0.00013	0.00013	0.00013	0.00013	0.00013	0.00013	0.35068	0.00013	0.01759	0.41274	0.0	0.0	0.0	0.0	0.0	0.10511	0.29491	0.0012	0.03927	0.04168	0.00013	0.04376	0.00013	0.00013	0.00013	0.00013	0.00031	0.00013	0.00013	0.04168	0.08019	0.24153	0.00013	0.00013	0.04376	0.00013	0.0	0.24254	0.14915	0.19186	0.19961	0.09679	0.0	0.0127	0.00013	0.00013	0.04168	0.21614	0.00013	0.01629	0.00013	0.12357	0.11868	0.13134	0.10742	0.21896	0.23458	0.3434	0.10771	0.10771	0.02479	0.11868	0.00013	0.00013	0.00013	0.00013	0.0749	0.11837	0.27348	0.02105	0.11797	
0.18582	0.18445	0.23004	0.10281	0.18654	5e-05	5e-05	5e-05	5e-05	5e-05	5e-05	0.23166	5e-05	0.01724	0.29908	0.0	0.0	0.0	0.0	0.0	0.15592	0.2836	0.00098	0.04158	0.04345	5e-05	0.04584	5e-05	5e-05	5e-05	5e-05	0.03451	5e-05	5e-05	0.04345	0.08968	0.17838	5e-05	5e-05	0.04584	5e-05	0.24254	0.0	0.20724	0.23419	0.17463	0.06847	0.0	0.00796	5e-05	5e-05	0.04345	0.16905	5e-05	0.01012	5e-05	0.10859	0.08495	0.11333	0.09548	0.24808	0.19137	0.27123	0.07667	0.07667	0.09453	0.08495	5e-05	5e-05	5e-05	5e-05	0.09521	0.09587	0.22095	0.1235	0.11356	
0.13191	0.10081	0.18368	0.11709	0.10143	4e-05	4e-05	4e-05	4e-05	4e-05	4e-05	0.18238	4e-05	0.01506	0.2645	0.0	0.0	0.0	0.0	0.0	0.17296	0.3702	0.00075	0.03606	0.09791	4e-05	0.03973	4e-05	4e-05	4e-05	4e-05	0.07866	4e-05	4e-05	0.09791	0.0561	0.04362	4e-05	4e-05	0.03973	4e-05	0.14915	0.20724	0.0	0.11871	0.19944	0.08882	0.0	0.00703	4e-05	4e-05	0.09791	0.09544	4e-05	0.01603	4e-05	0.12615	0.1112	0.16156	0.10787	0.08817	0.07364	0.12503	0.06154	0.06154	0.05222	0.1112	4e-05	4e-05	4e-05	4e-05	0.11644	0.14628	0.10231	0.08266	0.10083	
0.3066	0.37169	0.21358	0.27221	0.37056	9e-05	9e-05	9e-05	9e-05	9e-05	9e-05	0.36111	9e-05	0.01363	0.20989	0.0	0.0	0.0	0.0	0.0	0.08982	0.10761	0.00656	0.12277	0.18045	9e-05	0.03406	9e-05	9e-05	9e-05	9e-05	0.20637	9e-05	9e-05	0.18045	0.06768	0.21039	9e-05	9e-05	0.03406	9e-05	0.19186	0.23419	0.11871	0.0	0.05599	0.11445	0.0	0.2905	9e-05	9e-05	0.18045	0.20148	9e-05	0.00908	9e-05	0.07981	0.05688	0.09341	0.11933	0.26496	0.1884	0.28372	0.48987	0.48987	0.08327	0.05688	9e-05	9e-05	9e-05	9e-05	0.30432	0.06757	0.61039	0.06073	0.18074	
0.06889	0.26587	0.07271	0.08397	0.01859	7e-05	7e-05	7e-05	7e-05	7e-05	7e-05	0.16555	7e-05	0.00879	0.17391	0.0	0.0	0.0	0.0	0.0	0.24742	0.30907	0.00037	0.01828	0.01962	7e-05	0.02051	7e-05	7e-05	7e-05	7e-05	0.05907	7e-05	7e-05	0.01962	0.03527	0.09665	7e-05	7e-05	0.02051	7e-05	0.19961	0.17463	0.19944	0.05599	0.0	0.027	0.0	0.00317	7e-05	7e-05	0.01962	0.08094	7e-05	0.15605	7e-05	0.28309	0.38041	0.25511	0.03745	0.15527	0.06729	0.0827	0.02948	0.02948	0.16052	0.38041	7e-05	7e-05	7e-05	7e-05	0.06206	0.31199	0.03764	0.04507	0.22869	
0.27114	0.03536	0.11266	0.13059	0.04404	0.00035	0.00035	0.00035	0.00035	0.00035	0.00035	0.11673	0.00035	0.00599	0.08338	0.0	0.0	0.0	0.0	0.0	0.24873	0.13311	0.00095	0.01117	0.01219	0.00035	0.01268	0.00035	0.00035	0.00035	0.00035	0.03235	0.00035	0.00035	0.01219	0.02044	0.03064	0.00035	0.00035	0.01268	0.00035	0.09679	0.06847	0.08882	0.11445	0.027	0.0	0.0	0.00375	0.00035	0.00035	0.01219	0.03843	0.00035	0.00438	0.00035	0.02274	0.01871	0.31112	0.5657	0.11132	0.16108	0.38254	0.01746	0.01746	0.02493	0.01871	0.00035	0.00035	0.00035	0.00035	0.39588	0.02037	0.40975	0.02539	0.06451	
0.0	0.0	0.0	0.0	0.0	0.0	0.0	0.0	0.0	0.0	0.0	0.0	0.0	0.0	0.0	0.0	0.0	0.0	0.0	0.0	0.0	0.0	0.0	0.0	0.0	0.0	0.0	0.0	0.0	0.0	0.0	0.0	0.0	0.0	0.0	0.0	0.0	0.0	0.0	0.0	0.0	0.0	0.0	0.0	0.0	0.0	0.0	0.0	0.0	0.0	0.0	0.0	0.0	0.0	0.0	0.0	0.0	0.0	0.0	0.0	0.0	0.0	0.0	0.0	0.0	0.0	0.0	0.0	0.0	0.0	0.0	0.0	0.0	0.0	0.0	0.0	
0.02685	0.05113	0.02451	0.07744	0.17219	0.0	0.0	0.0	0.0	0.0	0.0	0.01882	0.0	0.00131	0.01008	0.0	0.0	0.0	0.0	0.0	0.00396	0.00625	0.0	0.00205	0.00146	0.0	0.00148	0.0	0.0	0.0	0.0	0.0601	0.0	0.0	0.00146	0.00187	0.06858	0.0	0.0	0.00148	0.0	0.0127	0.00796	0.00703	0.2905	0.00317	0.00375	0.0	0.0	0.0	0.0	0.00146	0.03597	0.0	0.0	0.0	0.00215	0.00238	0.00346	0.00291	3e-05	0.04936	0.03757	0.0	0.0	0.00266	0.00238	0.0	0.0	0.0	0.0	0.0486	0.00209	0.06062	0.00304	0.00759	
7e-05	4e-05	4e-05	3e-05	5e-05	0.0	0.0	0.0	0.0	0.0	0.0	0.0001	0.0	0.00036	0.00011	0.0	0.0	0.0	0.0	0.0	6e-05	8e-05	0.0	0.00014	0.00019	0.0	0.00019	0.0	0.0	0.0	0.0	6e-05	0.0	0.0	0.00019	0.00014	9e-05	0.0	0.0	0.00019	0.0	0.00013	5e-05	4e-05	9e-05	7e-05	0.00035	0.0	0.0	0.0	0.0	0.00019	5e-05	0.0	0.0	0.0	5e-05	0.0001	9e-05	0.00018	3e-05	9e-05	0.00014	0.00016	0.00016	8e-05	0.0001	0.0	0.0	0.0	0.0	0.00013	5e-05	0.00015	8e-05	2e-05	
7e-05	4e-05	4e-05	3e-05	5e-05	0.0	0.0	0.0	0.0	0.0	0.0	0.0001	0.0	0.00036	0.00011	0.0	0.0	0.0	0.0	0.0	6e-05	8e-05	0.0	0.00014	0.00019	0.0	0.00019	0.0	0.0	0.0	0.0	6e-05	0.0	0.0	0.00019	0.00014	9e-05	0.0	0.0	0.00019	0.0	0.00013	5e-05	4e-05	9e-05	7e-05	0.00035	0.0	0.0	0.0	0.0	0.00019	5e-05	0.0	0.0	0.0	5e-05	0.0001	9e-05	0.00018	3e-05	9e-05	0.00014	0.00016	0.00016	8e-05	0.0001	0.0	0.0	0.0	0.0	0.00013	5e-05	0.00015	8e-05	2e-05	
0.02904	0.02476	0.03501	0.02957	0.07887	0.00019	0.00019	0.00019	0.00019	0.00019	0.00019	0.1083	0.00019	0.00475	0.04321	0.0	0.0	0.0	0.0	0.0	0.0221	0.0316	0.0002	0.00843	0.99967	0.00019	0.00966	0.00019	0.00019	0.00019	0.00019	0.14517	0.00019	0.00019	0.99967	0.30546	0.02213	0.00019	0.00019	0.00966	0.00019	0.04168	0.04345	0.09791	0.18045	0.01962	0.01219	0.0	0.00146	0.00019	0.00019	0.0	0.02678	0.00019	0.00181	0.00019	0.01633	0.01389	0.01942	0.01506	0.0719	0.02932	0.02455	0.01303	0.01303	0.01819	0.01389	0.00019	0.00019	0.00019	0.00019	0.02296	0.01478	0.02166	0.01851	0.04661	
0.09504	0.2509	0.15265	0.20073	0.19687	5e-05	5e-05	5e-05	5e-05	5e-05	5e-05	0.17357	5e-05	0.01114	0.26299	0.0	0.0	0.0	0.0	0.0	0.19073	0.05872	5e-05	0.04684	0.02678	5e-05	0.19114	5e-05	5e-05	5e-05	5e-05	0.08365	5e-05	5e-05	0.02678	0.09431	0.62756	5e-05	5e-05	0.19114	5e-05	0.21614	0.16905	0.09544	0.20148	0.08094	0.03843	0.0	0.03597	5e-05	5e-05	0.02678	0.0	5e-05	0.04709	5e-05	0.3464	0.20558	0.18626	0.1774	0.21014	0.45728	0.48967	0.18281	0.18281	0.09508	0.20558	5e-05	5e-05	5e-05	5e-05	0.07212	0.18993	0.07956	0.05838	0.18313	
7e-05	4e-05	4e-05	3e-05	5e-05	0.0	0.0	0.0	0.0	0.0	0.0	0.0001	0.0	0.00036	0.00011	0.0	0.0	0.0	0.0	0.0	6e-05	8e-05	0.0	0.00014	0.00019	0.0	0.00019	0.0	0.0	0.0	0.0	6e-05	0.0	0.0	0.00019	0.00014	9e-05	0.0	0.0	0.00019	0.0	0.00013	5e-05	4e-05	9e-05	7e-05	0.00035	0.0	0.0	0.0	0.0	0.00019	5e-05	0.0	0.0	0.0	5e-05	0.0001	9e-05	0.00018	3e-05	9e-05	0.00014	0.00016	0.00016	8e-05	0.0001	0.0	0.0	0.0	0.0	0.00013	5e-05	0.00015	8e-05	2e-05	
0.00638	0.10007	0.0261	0.00621	0.00602	0.0	0.0	0.0	0.0	0.0	0.0	0.05836	0.0	0.00158	0.01294	0.0	0.0	0.0	0.0	0.0	0.27589	0.03121	0.0	0.00244	0.00181	0.0	0.00184	0.0	0.0	0.0	0.0	0.00446	0.0	0.0	0.00181	0.00237	0.09273	0.0	0.0	0.00184	0.0	0.01629	0.01012	0.01603	0.00908	0.15605	0.00438	0.0	0.0	0.0	0.0	0.00181	0.04709	0.0	0.0	0.0	0.4587	0.0	0.30528	0.00348	0.01429	0.06545	0.04919	0.00361	0.00361	0.23057	0.0	0.0	0.0	0.0	0.0	0.00524	0.74105	0.00525	0.00373	0.15133	
7e-05	4e-05	4e-05	3e-05	5e-05	0.0	0.0	0.0	0.0	0.0	0.0	0.0001	0.0	0.00036	0.00011	0.0	0.0	0.0	0.0	0.0	6e-05	8e-05	0.0	0.00014	0.00019	0.0	0.00019	0.0	0.0	0.0	0.0	6e-05	0.0	0.0	0.00019	0.00014	9e-05	0.0	0.0	0.00019	0.0	0.00013	5e-05	4e-05	9e-05	7e-05	0.00035	0.0	0.0	0.0	0.0	0.00019	5e-05	0.0	0.0	0.0	5e-05	0.0001	9e-05	0.00018	3e-05	9e-05	0.00014	0.00016	0.00016	8e-05	0.0001	0.0	0.0	0.0	0.0	0.00013	5e-05	0.00015	8e-05	2e-05	
0.07637	0.25565	0.1524	0.11192	0.07675	5e-05	5e-05	5e-05	5e-05	5e-05	5e-05	0.21033	5e-05	0.00713	0.11555	0.0	0.0	0.0	0.0	0.0	0.37958	0.15627	0.00019	0.01534	0.01633	5e-05	0.41277	5e-05	5e-05	5e-05	5e-05	0.12866	5e-05	5e-05	0.01633	0.20055	0.236	5e-05	5e-05	0.41277	5e-05	0.12357	0.10859	0.12615	0.07981	0.28309	0.02274	0.0	0.00215	5e-05	5e-05	0.01633	0.3464	5e-05	0.4587	5e-05	0.0	0.60153	0.39168	0.29225	0.13267	0.20344	0.18853	0.02492	0.02492	0.32126	0.60153	5e-05	5e-05	5e-05	5e-05	0.05461	0.48822	0.05095	0.03864	0.32289	
0.05175	0.29423	0.14318	0.05178	0.05362	0.0001	0.0001	0.0001	0.0001	0.0001	0.0001	0.21847	0.0001	0.00654	0.1025	0.0	0.0	0.0	0.0	0.0	0.47372	0.16671	0.00031	0.0128	0.01389	0.0001	0.01448	0.0001	0.0001	0.0001	0.0001	0.03852	0.0001	0.0001	0.01389	0.0239	0.30222	0.0001	0.0001	0.01448	0.0001	0.11868	0.08495	0.1112	0.05688	0.38041	0.01871	0.0	0.00238	0.0001	0.0001	0.01389	0.20558	0.0001	0.0	0.0001	0.60153	0.0	0.50114	0.02468	0.09144	0.24669	0.21277	0.02026	0.02026	0.44606	0.99973	0.0001	0.0001	0.0001	0.0001	0.03927	0.70921	0.03687	0.02997	0.33246	
0.20974	0.24913	0.24332	0.09362	0.0996	9e-05	9e-05	9e-05	9e-05	9e-05	9e-05	0.22116	9e-05	0.0083	0.1189	0.0	0.0	0.0	0.0	0.0	0.50279	0.2316	0.00053	0.01835	0.01942	9e-05	0.02037	9e-05	9e-05	9e-05	9e-05	0.06361	9e-05	9e-05	0.01942	0.03654	0.21815	9e-05	9e-05	0.02037	9e-05	0.13134	0.11333	0.16156	0.09341	0.25511	0.31112	0.0	0.00346	9e-05	9e-05	0.01942	0.18626	9e-05	0.30528	9e-05	0.39168	0.50114	0.0	0.25338	0.13864	0.27129	0.40562	0.03011	0.03011	0.28509	0.50114	9e-05	9e-05	9e-05	9e-05	0.23246	0.42463	0.233	0.0476	0.37401	
0.25557	0.0537	0.12691	0.22559	0.06787	0.00018	0.00018	0.00018	0.00018	0.00018	0.00018	0.12532	0.00018	0.00671	0.10123	0.0	0.0	0.0	0.0	0.0	0.21153	0.13033	0.00055	0.01411	0.01506	0.00018	0.44702	0.00018	0.00018	0.00018	0.00018	0.12892	0.00018	0.00018	0.01506	0.20968	0.04315	0.00018	0.00018	0.44702	0.00018	0.10742	0.09548	0.10787	0.11933	0.03745	0.5657	0.0	0.00291	0.00018	0.00018	0.01506	0.1774	0.00018	0.00348	0.00018	0.29225	0.02468	0.25338	0.0	0.14015	0.14494	0.32033	0.02276	0.02276	0.03422	0.02468	0.00018	0.00018	0.00018	0.00018	0.32599	0.02831	0.33218	0.03495	0.10439	
0.11096	0.18364	0.08055	0.13706	0.09649	3e-05	3e-05	3e-05	3e-05	3e-05	3e-05	0.11715	3e-05	0.02903	0.363	0.0	0.0	0.0	0.0	0.0	0.14098	0.16987	0.0016	0.05545	0.0719	3e-05	0.05379	3e-05	3e-05	3e-05	3e-05	0.02038	3e-05	3e-05	0.0719	0.01092	0.10343	3e-05	3e-05	0.05379	3e-05	0.21896	0.24808	0.08817	0.26496	0.15527	0.11132	0.0	3e-05	3e-05	3e-05	0.0719	0.21014	3e-05	0.01429	3e-05	0.13267	0.09144	0.13864	0.14015	0.0	0.04797	0.194	0.12778	0.12778	0.01972	0.09144	3e-05	3e-05	3e-05	3e-05	0.2198	0.11058	0.17946	0.02528	0.14821	
0.08718	0.19165	0.33712	0.11766	0.13883	9e-05	9e-05	9e-05	9e-05	9e-05	9e-05	0.16081	9e-05	0.01278	0.20714	0.0	0.0	0.0	0.0	0.0	0.24227	0.07394	0.00079	0.02766	0.02932	9e-05	0.03072	9e-05	9e-05	9e-05	9e-05	0.02228	9e-05	9e-05	0.02932	0.05457	0.66391	9e-05	9e-05	0.03072	9e-05	0.23458	0.19137	0.07364	0.1884	0.06729	0.16108	0.0	0.04936	9e-05	9e-05	0.02932	0.45728	9e-05	0.06545	9e-05	0.20344	0.24669	0.27129	0.14494	0.04797	0.0	0.79907	0.22077	0.22077	0.08725	0.24669	9e-05	9e-05	9e-05	9e-05	0.12719	0.21491	0.14507	0.07161	0.16951	
0.24237	0.25544	0.27475	0.18793	0.19645	0.00014	0.00014	0.00014	0.00014	0.00014	0.00014	0.28618	0.00014	0.01032	0.30663	0.0	0.0	0.0	0.0	0.0	0.35736	0.15343	0.00079	0.02328	0.02455	0.00014	0.02578	0.00014	0.00014	0.00014	0.00014	0.0456	0.00014	0.00014	0.02455	0.04711	0.64817	0.00014	0.00014	0.02578	0.00014	0.3434	0.27123	0.12503	0.28372	0.0827	0.38254	0.0	0.03757	0.00014	0.00014	0.02455	0.48967	0.00014	0.04919	0.00014	0.18853	0.21277	0.40562	0.32033	0.194	0.79907	0.0	0.18919	0.18919	0.09777	0.21277	0.00014	0.00014	0.00014	0.00014	0.29216	0.19448	0.31241	0.06205	0.24799	
0.14586	0.21944	0.1388	0.2607	0.37249	0.00016	0.00016	0.00016	0.00016	0.00016	0.00016	0.13169	0.00016	0.00623	0.09292	0.0	0.0	0.0	0.0	0.0	0.03468	0.05025	0.00058	0.01197	0.01303	0.00016	0.01357	0.00016	0.00016	0.00016	0.00016	0.24561	0.00016	0.00016	0.01303	0.02218	0.26872	0.00016	0.00016	0.01357	0.00016	0.10771	0.07667	0.06154	0.48987	0.02948	0.01746	0.0	0.0	0.00016	0.00016	0.01303	0.18281	0.00016	0.00361	0.00016	0.02492	0.02026	0.03011	0.02276	0.12778	0.22077	0.18919	0.0	0.99983	0.02718	0.02026	0.00016	0.00016	0.00016	0.00016	0.21536	0.02223	0.24435	0.0277	0.07207	
0.14586	0.21944	0.1388	0.2607	0.37249	0.00016	0.00016	0.00016	0.00016	0.00016	0.00016	0.13169	0.00016	0.00623	0.09292	0.0	0.0	0.0	0.0	0.0	0.03468	0.05025	0.00058	0.01197	0.01303	0.00016	0.01357	0.00016	0.00016	0.00016	0.00016	0.24561	0.00016	0.00016	0.01303	0.02218	0.26872	0.00016	0.00016	0.01357	0.00016	0.10771	0.07667	0.06154	0.48987	0.02948	0.01746	0.0	0.0	0.00016	0.00016	0.01303	0.18281	0.00016	0.00361	0.00016	0.02492	0.02026	0.03011	0.02276	0.12778	0.22077	0.18919	0.99983	0.0	0.02718	0.02026	0.00016	0.00016	0.00016	0.00016	0.21536	0.02223	0.24435	0.0277	0.07207	
0.07657	0.16413	0.21596	0.02086	0.0782	8e-05	8e-05	8e-05	8e-05	8e-05	8e-05	0.12618	8e-05	0.00823	0.02476	0.0	0.0	0.0	0.0	0.0	0.41672	0.26513	0.00027	0.01692	0.01819	8e-05	0.01901	8e-05	8e-05	8e-05	8e-05	0.05383	8e-05	8e-05	0.01819	0.03241	0.12042	8e-05	8e-05	0.01901	8e-05	0.02479	0.09453	0.05222	0.08327	0.16052	0.02493	0.0	0.00266	8e-05	8e-05	0.01819	0.09508	8e-05	0.23057	8e-05	0.32126	0.44606	0.28509	0.03422	0.01972	0.08725	0.09777	0.02718	0.02718	0.0	0.44606	8e-05	8e-05	8e-05	8e-05	0.02019	0.3582	0.05256	0.04126	0.23743	
0.05175	0.29423	0.14318	0.05178	0.05362	0.0001	0.0001	0.0001	0.0001	0.0001	0.0001	0.21847	0.0001	0.00654	0.1025	0.0	0.0	0.0	0.0	0.0	0.47372	0.16671	0.00031	0.0128	0.01389	0.0001	0.01448	0.0001	0.0001	0.0001	0.0001	0.03852	0.0001	0.0001	0.01389	0.0239	0.30222	0.0001	0.0001	0.01448	0.0001	0.11868	0.08495	0.1112	0.05688	0.38041	0.01871	0.0	0.00238	0.0001	0.0001	0.01389	0.20558	0.0001	0.0	0.0001	0.60153	0.99973	0.50114	0.02468	0.09144	0.24669	0.21277	0.02026	0.02026	0.44606	0.0	0.0001	0.0001	0.0001	0.0001	0.03927	0.70921	0.03687	0.02997	0.33246	
7e-05	4e-05	4e-05	3e-05	5e-05	0.0	0.0	0.0	0.0	0.0	0.0	0.0001	0.0	0.00036	0.00011	0.0	0.0	0.0	0.0	0.0	6e-05	8e-05	0.0	0.00014	0.00019	0.0	0.00019	0.0	0.0	0.0	0.0	6e-05	0.0	0.0	0.00019	0.00014	9e-05	0.0	0.0	0.00019	0.0	0.00013	5e-05	4e-05	9e-05	7e-05	0.00035	0.0	0.0	0.0	0.0	0.00019	5e-05	0.0	0.0	0.0	5e-05	0.0001	9e-05	0.00018	3e-05	9e-05	0.00014	0.00016	0.00016	8e-05	0.0001	0.0	0.0	0.0	0.0	0.00013	5e-05	0.00015	8e-05	2e-05	
7e-05	4e-05	4e-05	3e-05	5e-05	0.0	0.0	0.0	0.0	0.0	0.0	0.0001	0.0	0.00036	0.00011	0.0	0.0	0.0	0.0	0.0	6e-05	8e-05	0.0	0.00014	0.00019	0.0	0.00019	0.0	0.0	0.0	0.0	6e-05	0.0	0.0	0.00019	0.00014	9e-05	0.0	0.0	0.00019	0.0	0.00013	5e-05	4e-05	9e-05	7e-05	0.00035	0.0	0.0	0.0	0.0	0.00019	5e-05	0.0	0.0	0.0	5e-05	0.0001	9e-05	0.00018	3e-05	9e-05	0.00014	0.00016	0.00016	8e-05	0.0001	0.0	0.0	0.0	0.0	0.00013	5e-05	0.00015	8e-05	2e-05	
7e-05	4e-05	4e-05	3e-05	5e-05	0.0	0.0	0.0	0.0	0.0	0.0	0.0001	0.0	0.00036	0.00011	0.0	0.0	0.0	0.0	0.0	6e-05	8e-05	0.0	0.00014	0.00019	0.0	0.00019	0.0	0.0	0.0	0.0	6e-05	0.0	0.0	0.00019	0.00014	9e-05	0.0	0.0	0.00019	0.0	0.00013	5e-05	4e-05	9e-05	7e-05	0.00035	0.0	0.0	0.0	0.0	0.00019	5e-05	0.0	0.0	0.0	5e-05	0.0001	9e-05	0.00018	3e-05	9e-05	0.00014	0.00016	0.00016	8e-05	0.0001	0.0	0.0	0.0	0.0	0.00013	5e-05	0.00015	8e-05	2e-05	
7e-05	4e-05	4e-05	3e-05	5e-05	0.0	0.0	0.0	0.0	0.0	0.0	0.0001	0.0	0.00036	0.00011	0.0	0.0	0.0	0.0	0.0	6e-05	8e-05	0.0	0.00014	0.00019	0.0	0.00019	0.0	0.0	0.0	0.0	6e-05	0.0	0.0	0.00019	0.00014	9e-05	0.0	0.0	0.00019	0.0	0.00013	5e-05	4e-05	9e-05	7e-05	0.00035	0.0	0.0	0.0	0.0	0.00019	5e-05	0.0	0.0	0.0	5e-05	0.0001	9e-05	0.00018	3e-05	9e-05	0.00014	0.00016	0.00016	8e-05	0.0001	0.0	0.0	0.0	0.0	0.00013	5e-05	0.00015	8e-05	2e-05	
0.25152	0.09302	0.3284	0.20938	0.20317	0.00013	0.00013	0.00013	0.00013	0.00013	0.00013	0.15717	0.00013	0.00969	0.07291	0.0	0.0	0.0	0.0	0.0	0.26872	0.2121	0.0007	0.02175	0.02296	0.00013	0.0241	0.00013	0.00013	0.00013	0.00013	0.05585	0.00013	0.00013	0.02296	0.04381	0.06092	0.00013	0.00013	0.0241	0.00013	0.0749	0.09521	0.11644	0.30432	0.06206	0.39588	0.0	0.0486	0.00013	0.00013	0.02296	0.07212	0.00013	0.00524	0.00013	0.05461	0.03927	0.23246	0.32599	0.2198	0.12719	0.29216	0.21536	0.21536	0.02019	0.03927	0.00013	0.00013	0.00013	0.00013	0.0	0.04669	0.335	0.01559	0.09697	
0.09479	0.45029	0.14546	0.06273	0.0798	5e-05	5e-05	5e-05	5e-05	5e-05	5e-05	0.2094	5e-05	0.0066	0.10717	0.0	0.0	0.0	0.0	0.0	0.4074	0.15695	0.00021	0.0138	0.01478	5e-05	0.01546	5e-05	5e-05	5e-05	5e-05	0.04434	5e-05	5e-05	0.01478	0.02658	0.25541	5e-05	5e-05	0.01546	5e-05	0.11837	0.09587	0.14628	0.06757	0.31199	0.02037	0.0	0.00209	5e-05	5e-05	0.01478	0.18993	5e-05	0.74105	5e-05	0.48822	0.70921	0.42463	0.02831	0.11058	0.21491	0.19448	0.02223	0.02223	0.3582	0.70921	5e-05	5e-05	5e-05	5e-05	0.04669	0.0	0.04367	0.09423	0.31988	
0.37288	0.43207	0.14314	0.21091	0.25262	0.00015	0.00015	0.00015	0.00015	0.00015	0.00015	0.50151	0.00015	0.00921	0.2436	0.0	0.0	0.0	0.0	0.0	0.205	0.11632	0.00078	0.0205	0.02166	0.00015	0.02273	0.00015	0.00015	0.00015	0.00015	0.06768	0.00015	0.00015	0.02166	0.04108	0.07358	0.00015	0.00015	0.02273	0.00015	0.27348	0.22095	0.10231	0.61039	0.03764	0.40975	0.0	0.06062	0.00015	0.00015	0.02166	0.07956	0.00015	0.00525	0.00015	0.05095	0.03687	0.233	0.33218	0.17946	0.14507	0.31241	0.24435	0.24435	0.05256	0.03687	0.00015	0.00015	0.00015	0.00015	0.335	0.04367	0.0	0.05378	0.07509	
0.01339	0.0299	0.04763	0.07745	0.04071	8e-05	8e-05	8e-05	8e-05	8e-05	8e-05	0.09046	8e-05	0.00835	0.09503	0.0	0.0	0.0	0.0	0.0	0.04781	0.06305	0.00704	0.09735	0.01851	8e-05	0.01935	8e-05	8e-05	8e-05	8e-05	0.05501	8e-05	8e-05	0.01851	0.03306	0.05182	8e-05	8e-05	0.01935	8e-05	0.02105	0.1235	0.08266	0.06073	0.04507	0.02539	0.0	0.00304	8e-05	8e-05	0.01851	0.05838	8e-05	0.00373	8e-05	0.03864	0.02997	0.0476	0.03495	0.02528	0.07161	0.06205	0.0277	0.0277	0.04126	0.02997	8e-05	8e-05	8e-05	8e-05	0.01559	0.09423	0.05378	0.0	0.02365	
0.12458	0.19323	0.17262	0.12479	0.11385	2e-05	2e-05	2e-05	2e-05	2e-05	2e-05	0.19121	2e-05	0.01856	0.11877	0.0	0.0	0.0	0.0	0.0	0.2546	0.1335	0.00095	0.04136	0.04661	2e-05	0.04643	2e-05	2e-05	2e-05	2e-05	0.04849	2e-05	2e-05	0.04661	0.01538	0.21755	2e-05	2e-05	0.04643	2e-05	0.11797	0.11356	0.10083	0.18074	0.22869	0.06451	0.0	0.00759	2e-05	2e-05	0.04661	0.18313	2e-05	0.15133	2e-05	0.32289	0.33246	0.37401	0.10439	0.14821	0.16951	0.24799	0.07207	0.07207	0.23743	0.33246	2e-05	2e-05	2e-05	2e-05	0.09697	0.31988	0.07509	0.02365	0.0	
