0.0	0.00012	0.00022	0.00014	6e-05	0.00024	0.00026	0.0	0.00025	8e-05	0.00026	0.0	0.00016	0.0	5e-05	0.0002	1e-05	0.00013	7e-05	0.0	0.00016	0.00016	0.00013	0.00016	0.0	0.0	0.0	6e-05	0.00014	9e-05	0.0	0.0	0.0	0.0	0.0	0.0	0.0	0.00011	9e-05	6e-05	0.0	0.00016	0.0	6e-05	0.0	0.00025	0.0	0.0	1e-05	6e-05	8e-05	0.00026	0.00026	3e-05	0.0	0.0	0.00011	0.00024	4e-05	4e-05	8e-05	0.0	6e-05	0.0	2e-05	0.0	3e-05	0.00014	0.0	0.0	9e-05	0.00014	5e-05	0.0	0.00012	0.00025	0.00016	0.0001	0.00013	7e-05	0.00026	0.0	0.0	0.00014	9e-05	0.0	0.0	0.00016	0.00016	0.0	0.0	0.0	0.00018	0.0	3e-05	0.0	6e-05	0.0002	4e-05	0.00014	6e-05	0.00026	0.0001	0.00018	5e-05	5e-05	9e-05	0.0	0.00013	0.0	0.00016	0.0	
0.00012	0.0	0.01763	0.03208	0.17197	0.02161	0.01819	0.00012	0.01951	0.03008	0.01765	0.00012	0.02667	0.00012	0.03823	0.01934	0.31447	0.08039	0.04721	0.00012	0.03758	0.03758	0.0307	0.03758	0.0	0.0	0.0	0.06771	0.03208	0.03859	0.0	0.0	0.0	0.0	0.0	0.0	0.0	0.03046	0.01601	0.11463	0.0	0.08038	0.0	0.14677	0.0	0.01951	0.00012	0.00012	0.05876	0.19489	0.15215	0.28697	0.01819	0.12126	0.00012	0.00012	0.00095	0.02161	0.04684	0.05346	0.19522	0.00012	0.05327	0.00012	0.06604	0.00012	0.1047	0.03193	0.00012	0.00012	0.02973	0.05123	0.03844	0.00012	0.42663	0.01951	0.08038	0.22383	0.07609	0.02266	0.01819	0.00012	0.00012	0.03208	0.03286	0.0	0.00012	0.03758	0.03758	0.0	0.00012	0.01613	0.02158	0.00012	0.08848	0.0	0.04166	0.01934	0.0475	0.10037	0.04762	0.01819	0.04324	0.02252	0.05175	0.00912	0.03402	0.00012	0.0355	0.00012	0.03552	0.00012	
0.00022	0.01763	0.0	0.01723	0.05853	0.01224	0.01054	0.00022	0.0112	0.01561	0.01027	0.00022	0.01466	0.00022	0.20525	0.0111	0.14649	0.30524	0.02345	0.00022	0.01981	0.01981	0.01657	0.01981	0.0	0.0	0.0	0.03531	0.01723	0.38132	0.0	0.0	0.0	0.0	0.0	0.0	0.0	0.01579	0.03174	0.03848	0.0	0.01911	0.0	0.03989	0.0	0.0112	0.00022	0.00022	0.02433	0.03263	0.07031	0.01054	0.01054	0.05872	0.00022	0.00022	0.05213	0.01224	0.10376	0.02602	0.01609	0.00022	0.02589	0.00022	0.03059	0.00022	0.04628	0.2892	0.00022	0.00022	0.01544	0.0261	0.38204	0.00022	0.02357	0.0112	0.01911	0.01633	0.0195	0.03165	0.01054	0.00022	0.00022	0.01723	0.01684	0.0	0.00022	0.01981	0.01981	0.0	0.00022	0.0	0.01221	0.00022	0.04569	0.0	0.02081	0.0111	0.02324	0.01749	0.10762	0.01054	0.18231	0.01266	0.02519	0.05237	0.02607	0.00022	0.01883	0.00022	0.01885	0.00022	
0.00014	0.03208	0.01723	0.0	0.04808	0.02109	0.01777	0.00014	0.01906	0.02925	0.01725	0.00014	0.10954	0.00014	0.03712	0.32896	0.04549	0.03007	0.61765	0.00014	0.03656	0.03656	0.08025	0.03656	0.0	0.0	0.0	0.03636	0.07266	0.03747	0.0	0.0	0.0	0.0	0.0	0.0	0.0	0.02962	0.06415	0.08017	0.0	0.03511	0.0	0.08243	0.0	0.01906	0.00014	0.00014	0.18618	0.06618	0.00067	0.01777	0.01777	0.03068	0.00014	0.00014	0.12397	0.02109	0.07539	0.29434	0.03029	0.00014	0.04085	0.00014	0.03862	0.00014	0.3384	0.09957	0.00014	0.00014	0.22698	0.02109	0.03732	0.00014	0.04444	0.01906	0.03511	0.03081	0.03594	0.19639	0.01777	0.00014	0.00014	0.07266	0.03193	0.0	0.00014	0.03656	0.03656	0.0	0.00014	0.0	0.02106	0.00014	0.09774	0.0	0.04043	0.32896	0.09689	0.06984	0.06178	0.01777	0.03458	0.02197	0.03488	0.00883	0.04973	0.00014	0.03455	0.00014	0.03457	0.00014	
6e-05	0.17197	0.05853	0.04808	0.0	0.07895	0.07525	6e-05	0.06648	0.11564	0.05854	6e-05	0.04445	6e-05	0.15511	0.06581	0.15092	0.04675	0.10283	6e-05	0.16937	0.16937	0.04614	0.16937	0.0	0.0	0.0	0.30294	0.05044	0.18773	0.0	0.0	0.0	0.0	0.0	0.0	0.0	0.13043	0.0546	0.1411	0.0	0.0582	0.0	0.10883	0.0	0.06648	6e-05	6e-05	0.10076	0.09787	0.33215	0.07525	0.07525	0.02784	6e-05	6e-05	0.00356	0.07895	0.11881	0.04707	0.13397	6e-05	0.12259	6e-05	0.12541	6e-05	0.18727	0.12813	6e-05	6e-05	0.12735	0.10934	0.08365	6e-05	0.29496	0.06648	0.0582	0.13794	0.05981	0.05958	0.07525	6e-05	6e-05	0.05044	0.1551	0.0	6e-05	0.16937	0.16937	0.0	6e-05	0.63258	0.07893	6e-05	0.04191	0.0	0.08846	0.06581	0.06991	0.16943	0.1578	0.07525	0.09189	0.08343	0.13135	0.03961	0.00123	6e-05	0.15598	6e-05	0.15599	6e-05	
0.00024	0.02161	0.01224	0.02109	0.07895	0.0	0.0126	0.00024	0.01343	0.01932	0.01226	0.00024	0.01782	0.00024	0.02403	0.01331	0.0285	0.02036	0.12693	0.00024	0.29919	0.29919	0.02025	0.29919	0.0	0.0	0.0	0.13833	0.02109	0.02428	0.0	0.0	0.0	0.0	0.0	0.0	0.0	0.54516	0.04017	0.09268	0.0	0.31992	0.0	0.0841	0.0	0.01343	0.00024	0.00024	0.03089	0.04135	0.05694	0.0126	0.0126	0.07598	0.00024	0.00024	0.07644	0.99969	0.11798	0.0328	0.01994	0.00024	0.37137	0.00024	0.11335	0.00024	0.24333	0.021	0.00024	0.00024	0.01911	0.18734	0.02417	0.00024	0.0292	0.01343	0.31992	0.5244	0.02399	0.04007	0.0126	0.00024	0.00024	0.02109	0.50726	0.0	0.00024	0.29919	0.29919	0.0	0.00024	0.0	0.0147	0.00024	0.0586	0.0	0.02605	0.01331	0.02926	0.02142	0.17755	0.0126	0.02772	0.01528	0.03176	0.06703	0.03242	0.00024	0.02314	0.00024	0.32833	0.00024	
0.00026	0.01819	0.01054	0.01777	0.07525	0.0126	0.0	0.00026	0.01153	0.01612	0.01056	0.00026	0.01511	0.00026	0.01989	0.01142	0.0233	0.01718	0.02403	0.00026	0.02045	0.02045	0.01709	0.02045	0.0	0.0	0.0	0.03665	0.01777	0.02011	0.0	0.0	0.0	0.0	0.0	0.0	0.0	0.46724	0.09067	0.14659	0.0	0.01972	0.0	0.0678	0.0	0.01153	0.00026	0.00026	0.02521	0.30164	0.07287	0.01084	0.99959	0.08964	0.00026	0.00026	0.05399	0.0126	0.09355	0.02693	0.01662	0.00026	0.0268	0.00026	0.14891	0.00026	0.04807	0.0177	0.00026	0.00026	0.01595	0.02697	0.02002	0.00026	0.17509	0.01153	0.01972	0.01687	0.02012	0.03278	0.99959	0.00026	0.00026	0.01777	0.01741	0.0	0.00026	0.02045	0.02045	0.0	0.00026	0.16701	0.01257	0.00026	0.0474	0.0	0.02153	0.01142	0.02405	0.01804	0.03135	0.99959	0.18966	0.01304	0.13071	0.05079	0.02694	0.00026	0.01943	0.00026	0.01945	0.00026	
0.0	0.00012	0.00022	0.00014	6e-05	0.00024	0.00026	0.0	0.00025	8e-05	0.00026	0.0	0.00016	0.0	5e-05	0.0002	1e-05	0.00013	7e-05	0.0	0.00016	0.00016	0.00013	0.00016	0.0	0.0	0.0	6e-05	0.00014	9e-05	0.0	0.0	0.0	0.0	0.0	0.0	0.0	0.00011	9e-05	6e-05	0.0	0.00016	0.0	6e-05	0.0	0.00025	0.0	0.0	1e-05	6e-05	8e-05	0.00026	0.00026	3e-05	0.0	0.0	0.00011	0.00024	4e-05	4e-05	8e-05	0.0	6e-05	0.0	2e-05	0.0	3e-05	0.00014	0.0	0.0	9e-05	0.00014	5e-05	0.0	0.00012	0.00025	0.00016	0.0001	0.00013	7e-05	0.00026	0.0	0.0	0.00014	9e-05	0.0	0.0	0.00016	0.00016	0.0	0.0	0.0	0.00018	0.0	3e-05	0.0	6e-05	0.0002	4e-05	0.00014	6e-05	0.00026	0.0001	0.00018	5e-05	5e-05	9e-05	0.0	0.00013	0.0	0.00016	0.0	
0.00025	0.01951	0.0112	0.01906	0.06648	0.01343	0.01153	0.00025	0.0	0.01736	0.01122	0.00025	0.01616	0.00025	0.02149	0.01216	0.02529	0.01841	0.02599	0.00025	0.02197	0.02197	0.01832	0.02197	0.0	0.0	0.0	0.03997	0.01906	0.22807	0.0	0.0	0.0	0.0	0.0	0.0	0.0	0.01756	0.03567	0.04342	0.0	0.02118	0.0	0.30424	0.0	0.99963	0.00025	0.00025	0.02739	0.0367	0.05064	0.01153	0.01153	0.09851	0.00025	0.00025	0.05858	0.01343	0.04086	0.02919	0.0179	0.00025	0.02905	0.00025	0.24586	0.00025	0.0604	0.01898	0.00025	0.00025	0.50776	0.02908	0.02162	0.00025	0.02622	0.99963	0.02118	0.01818	0.02162	0.03558	0.01153	0.00025	0.00025	0.01906	0.01877	0.0	0.00025	0.02197	0.02197	0.0	0.00025	0.176	0.0134	0.00025	0.05167	0.0	0.19755	0.01216	0.02605	0.01935	0.03407	0.01153	0.02491	0.01391	0.02826	0.0553	0.16375	0.00025	0.02087	0.00025	0.02089	0.00025	
8e-05	0.03008	0.01561	0.02925	0.11564	0.01932	0.01612	8e-05	0.01736	0.0	0.46019	8e-05	0.0241	8e-05	0.16551	0.0172	0.27259	0.0281	0.04424	8e-05	0.22258	0.22258	0.02793	0.22258	0.0	0.0	0.0	0.24385	0.02925	0.15937	0.0	0.0	0.0	0.0	0.0	0.0	0.0	0.02826	0.09925	0.10721	0.0	0.03306	0.0	0.0814	0.0	0.01736	8e-05	8e-05	0.04907	0.09791	0.08782	0.01612	0.01612	0.10679	8e-05	8e-05	0.09607	0.01932	0.19172	0.05069	0.02894	8e-05	0.11645	8e-05	0.06387	8e-05	0.09749	0.0291	8e-05	8e-05	0.02755	0.04755	0.16	8e-05	0.0423	0.01736	0.03306	0.02948	0.03388	0.06286	0.01612	8e-05	8e-05	0.02925	0.37126	0.0	8e-05	0.22258	0.22258	0.0	8e-05	0.32728	0.55177	8e-05	0.0965	0.0	0.5329	0.0172	0.48622	0.02978	0.11629	0.01612	0.03991	0.02018	0.0491	0.1093	0.04754	8e-05	0.239	8e-05	0.03253	8e-05	
0.00026	0.01765	0.01027	0.01725	0.05854	0.01226	0.01056	0.00026	0.01122	0.46019	0.0	0.00026	0.01468	0.00026	0.20527	0.01112	0.0225	0.01667	0.02324	0.00026	0.01983	0.01983	0.01659	0.01983	0.0	0.0	0.0	0.03532	0.01725	0.19663	0.0	0.0	0.0	0.0	0.0	0.0	0.0	0.0158	0.08729	0.03849	0.0	0.01913	0.0	0.0399	0.0	0.01122	0.00026	0.00026	0.02434	0.08395	0.04515	0.01056	0.01056	0.05873	0.00026	0.00026	0.06023	0.01226	0.10377	0.02603	0.0161	0.00026	0.11909	0.00026	0.0306	0.00026	0.04629	0.01718	0.00026	0.00026	0.01546	0.02612	0.19772	0.00026	0.02358	0.01122	0.01913	0.01634	0.01952	0.03166	0.01056	0.00026	0.00026	0.01725	0.01686	0.0	0.00026	0.01983	0.01983	0.0	0.00026	0.16348	0.01223	0.00026	0.05943	0.0	0.36338	0.01112	0.1589	0.01751	0.10763	0.01056	0.02242	0.01268	0.0252	0.05238	0.02608	0.00026	0.01885	0.00026	0.01887	0.00026	
0.0	0.00012	0.00022	0.00014	6e-05	0.00024	0.00026	0.0	0.00025	8e-05	0.00026	0.0	0.00016	0.0	5e-05	0.0002	1e-05	0.00013	7e-05	0.0	0.00016	0.00016	0.00013	0.00016	0.0	0.0	0.0	6e-05	0.00014	9e-05	0.0	0.0	0.0	0.0	0.0	0.0	0.0	0.00011	9e-05	6e-05	0.0	0.00016	0.0	6e-05	0.0	0.00025	0.0	0.0	1e-05	6e-05	8e-05	0.00026	0.00026	3e-05	0.0	0.0	0.00011	0.00024	4e-05	4e-05	8e-05	0.0	6e-05	0.0	2e-05	0.0	3e-05	0.00014	0.0	0.0	9e-05	0.00014	5e-05	0.0	0.00012	0.00025	0.00016	0.0001	0.00013	7e-05	0.00026	0.0	0.0	0.00014	9e-05	0.0	0.0	0.00016	0.00016	0.0	0.0	0.0	0.00018	0.0	3e-05	0.0	6e-05	0.0002	4e-05	0.00014	6e-05	0.00026	0.0001	0.00018	5e-05	5e-05	9e-05	0.0	0.00013	0.0	0.00016	0.0	
0.00016	0.02667	0.01466	0.10954	0.04445	0.01782	0.01511	0.00016	0.01616	0.0241	0.01468	0.00016	0.0	0.00016	0.0303	0.01602	0.03656	0.02506	0.08243	0.00016	0.03025	0.03025	0.11946	0.03025	0.0	0.0	0.0	0.14089	0.10954	0.0306	0.0	0.0	0.0	0.0	0.0	0.0	0.0	0.0244	0.00895	0.06368	0.0	0.0291	0.0	0.06566	0.0	0.01616	0.00016	0.00016	0.07573	0.00868	0.00725	0.01511	0.01511	0.04581	0.00016	0.00016	0.09864	0.01782	0.05991	0.20792	0.06411	0.00016	0.04167	0.00016	0.05074	0.00016	0.08086	0.02588	0.00016	0.00016	0.02383	0.25156	0.03047	0.00016	0.03652	0.01616	0.0291	0.02533	0.02476	0.02534	0.01511	0.00016	0.00016	0.10954	0.02622	0.0	0.00016	0.03025	0.03025	0.0	0.00016	0.0	0.01779	0.00016	0.10104	0.0	0.03293	0.01602	0.04468	0.10585	0.04946	0.01511	0.05919	0.07978	0.16134	0.0097	0.00806	0.00016	0.02865	0.00016	0.02866	0.00016	
0.0	0.00012	0.00022	0.00014	6e-05	0.00024	0.00026	0.0	0.00025	8e-05	0.00026	0.0	0.00016	0.0	5e-05	0.0002	1e-05	0.00013	7e-05	0.0	0.00016	0.00016	0.00013	0.00016	0.0	0.0	0.0	6e-05	0.00014	9e-05	0.0	0.0	0.0	0.0	0.0	0.0	0.0	0.00011	9e-05	6e-05	0.0	0.00016	0.0	6e-05	0.0	0.00025	0.0	0.0	1e-05	6e-05	8e-05	0.00026	0.00026	3e-05	0.0	0.0	0.00011	0.00024	4e-05	4e-05	8e-05	0.0	6e-05	0.0	2e-05	0.0	3e-05	0.00014	0.0	0.0	9e-05	0.00014	5e-05	0.0	0.00012	0.00025	0.00016	0.0001	0.00013	7e-05	0.00026	0.0	0.0	0.00014	9e-05	0.0	0.0	0.00016	0.00016	0.0	0.0	0.0	0.00018	0.0	3e-05	0.0	6e-05	0.0002	4e-05	0.00014	6e-05	0.00026	0.0001	0.00018	5e-05	5e-05	9e-05	0.0	0.00013	0.0	0.00016	0.0	
5e-05	0.03823	0.20525	0.03712	0.15511	0.02403	0.01989	5e-05	0.02149	0.16551	0.20527	5e-05	0.0303	5e-05	0.0	0.02129	0.07052	0.07117	0.29572	5e-05	0.04413	0.04413	0.03537	0.04413	0.0	0.0	0.0	0.12976	0.20352	0.30357	0.0	0.0	0.0	0.0	0.0	0.0	0.0	0.03637	0.03925	0.10895	0.0	0.04221	0.0	0.11086	0.0	0.02149	5e-05	5e-05	0.06587	0.03941	0.03549	0.01989	0.01989	0.14742	5e-05	5e-05	0.04078	0.02403	0.22321	0.06731	0.0373	5e-05	0.15071	5e-05	0.08723	5e-05	0.12687	0.06748	5e-05	5e-05	0.03541	0.06182	0.74056	5e-05	0.05467	0.02149	0.04221	0.03803	0.04332	0.11774	0.01989	5e-05	5e-05	0.20352	0.03961	0.0	5e-05	0.04413	0.04413	0.0	5e-05	0.176	0.02401	5e-05	0.07192	0.0	0.1605	0.02129	0.0653	0.03783	0.339	0.01989	0.04335	0.02515	0.06518	0.1227	0.06181	5e-05	0.18386	5e-05	0.18388	5e-05	
0.0002	0.01934	0.0111	0.32896	0.06581	0.01331	0.01142	0.0002	0.01216	0.0172	0.01112	0.0002	0.01602	0.0002	0.02129	0.0	0.02505	0.01825	0.21685	0.0002	0.02178	0.02178	0.01816	0.02178	0.0	0.0	0.0	0.03957	0.01889	0.02151	0.0	0.0	0.0	0.0	0.0	0.0	0.0	0.0174	0.03533	0.043	0.0	0.02099	0.0	0.04453	0.0	0.01216	0.0002	0.0002	0.15736	0.03635	0.05017	0.01142	0.01142	0.06033	0.0002	0.0002	0.06711	0.01331	0.04046	0.34265	0.01774	0.0002	0.13476	0.0002	0.09745	0.0002	0.12788	0.33153	0.0002	0.0002	0.50414	0.02882	0.02142	0.0002	0.02599	0.01216	0.02099	0.01801	0.02143	0.09844	0.01142	0.0002	0.0002	0.01889	0.01859	0.0	0.0002	0.02178	0.02178	0.0	0.0002	0.0	0.01328	0.0002	0.14463	0.0	0.02305	0.99953	0.21801	0.01918	0.03374	0.01142	0.02469	0.01379	0.02799	0.05476	0.02879	0.0002	0.02068	0.0002	0.0207	0.0002	
1e-05	0.31447	0.14649	0.04549	0.15092	0.0285	0.0233	1e-05	0.02529	0.27259	0.0225	1e-05	0.03656	1e-05	0.07052	0.02505	0.0	0.42678	0.07694	1e-05	0.16703	0.16703	0.04319	0.16703	0.0	0.0	0.0	0.32961	0.04549	0.14349	0.0	0.0	0.0	0.0	0.0	0.0	0.0	0.04571	0.06336	0.1854	0.0	0.15612	0.0	0.09032	0.0	0.02529	1e-05	1e-05	0.08548	0.10321	0.18873	0.15313	0.0233	0.13747	1e-05	1e-05	0.1551	0.0285	0.27927	0.08941	0.14351	1e-05	0.08944	1e-05	0.12257	1e-05	0.17356	0.05947	1e-05	1e-05	0.0444	0.0789	0.14337	1e-05	0.16039	0.02529	0.15612	0.25244	0.15366	0.13175	0.0233	1e-05	1e-05	0.04549	0.26835	0.0	1e-05	0.16703	0.16703	0.0	1e-05	0.37254	0.31603	1e-05	0.22698	0.0	0.16291	0.02505	0.17045	0.16775	0.15131	0.0233	0.04792	0.02994	0.08658	0.16681	0.13245	1e-05	0.17436	1e-05	0.0513	1e-05	
0.00013	0.08039	0.30524	0.03007	0.04675	0.02036	0.01718	0.00013	0.01841	0.0281	0.01667	0.00013	0.02506	0.00013	0.07117	0.01825	0.42678	0.0	0.04383	0.00013	0.03515	0.03515	0.02879	0.03515	0.0	0.0	0.0	0.07141	0.03007	0.1854	0.0	0.0	0.0	0.0	0.0	0.0	0.0	0.02845	0.01858	0.07921	0.0	0.03377	0.0	0.01198	0.0	0.01841	0.00013	0.00013	0.06263	0.0175	0.13988	0.31906	0.01718	0.02935	0.00013	0.00013	0.10118	0.02036	0.23985	0.04958	0.21007	0.00013	0.0494	0.00013	0.06089	0.00013	0.09585	0.0773	0.00013	0.00013	0.02777	0.04774	0.18554	0.00013	0.03683	0.01841	0.03377	0.02959	0.03456	0.06115	0.01718	0.00013	0.00013	0.03007	0.03066	0.0	0.00013	0.03515	0.03515	0.0	0.00013	0.02597	0.02033	0.00013	0.09227	0.0	0.03875	0.01825	0.04408	0.03059	0.0377	0.01718	0.0373	0.0212	0.04799	0.10527	0.04772	0.00013	0.03324	0.00013	0.03325	0.00013	
7e-05	0.04721	0.02345	0.61765	0.10283	0.12693	0.02403	7e-05	0.02599	0.04424	0.02324	7e-05	0.08243	7e-05	0.29572	0.21685	0.07694	0.04383	0.0	7e-05	0.05265	0.05265	0.06464	0.05265	0.0	0.0	0.0	0.13221	0.40019	0.05879	0.0	0.0	0.0	0.0	0.0	0.0	0.0	0.11772	0.11047	0.11236	0.0	0.05258	0.0	0.11216	0.0	0.02599	7e-05	7e-05	0.16781	0.11505	0.04531	0.02403	0.02403	0.08848	7e-05	7e-05	0.1636	0.12693	0.11085	0.24938	0.04608	7e-05	0.2718	7e-05	0.09314	7e-05	0.48973	0.07886	7e-05	7e-05	0.1801	0.06402	0.17771	7e-05	0.06858	0.02599	0.05258	0.11836	0.05401	0.30059	0.02403	7e-05	7e-05	0.40019	0.11911	0.0	7e-05	0.05265	0.05265	0.0	7e-05	0.0	0.02939	7e-05	0.13845	0.0	0.06428	0.21685	0.10012	0.05875	0.3123	0.02403	0.03955	0.03082	0.0511	0.05134	0.07842	7e-05	0.1843	7e-05	0.44234	7e-05	
0.0	0.00012	0.00022	0.00014	6e-05	0.00024	0.00026	0.0	0.00025	8e-05	0.00026	0.0	0.00016	0.0	5e-05	0.0002	1e-05	0.00013	7e-05	0.0	0.00016	0.00016	0.00013	0.00016	0.0	0.0	0.0	6e-05	0.00014	9e-05	0.0	0.0	0.0	0.0	0.0	0.0	0.0	0.00011	9e-05	6e-05	0.0	0.00016	0.0	6e-05	0.0	0.00025	0.0	0.0	1e-05	6e-05	8e-05	0.00026	0.00026	3e-05	0.0	0.0	0.00011	0.00024	4e-05	4e-05	8e-05	0.0	6e-05	0.0	2e-05	0.0	3e-05	0.00014	0.0	0.0	9e-05	0.00014	5e-05	0.0	0.00012	0.00025	0.00016	0.0001	0.00013	7e-05	0.00026	0.0	0.0	0.00014	9e-05	0.0	0.0	0.00016	0.00016	0.0	0.0	0.0	0.00018	0.0	3e-05	0.0	6e-05	0.0002	4e-05	0.00014	6e-05	0.00026	0.0001	0.00018	5e-05	5e-05	9e-05	0.0	0.00013	0.0	0.00016	0.0	
0.00016	0.03758	0.01981	0.03656	0.16937	0.29919	0.02045	0.00016	0.02197	0.22258	0.01983	0.00016	0.03025	0.00016	0.04413	0.02178	0.16703	0.03515	0.05265	0.00016	0.0	0.99981	0.03495	0.99981	0.0	0.0	0.0	0.26548	0.03656	0.04453	0.0	0.0	0.0	0.0	0.0	0.0	0.0	0.22126	0.07745	0.20093	0.0	0.08021	0.0	0.01439	0.0	0.02197	0.00016	0.00016	0.05978	0.07999	0.10953	0.02045	0.02045	0.03705	0.00016	0.00016	0.00027	0.29919	0.27628	0.06221	0.03576	0.00016	0.18947	0.00016	0.04317	0.00016	0.18624	0.03638	0.00016	0.00016	0.03408	0.03189	0.04437	0.00016	0.05257	0.02197	0.08021	0.21707	0.04224	0.07725	0.02045	0.00016	0.00016	0.03656	0.79172	0.0	0.00016	0.99981	0.99981	0.0	0.00016	0.0	0.29916	0.00016	0.11921	0.0	0.07241	0.02178	0.07844	0.03721	0.07632	0.02045	0.04963	0.02544	0.06021	0.13599	0.05902	0.00016	0.08325	0.00016	0.08327	0.00016	
0.00016	0.03758	0.01981	0.03656	0.16937	0.29919	0.02045	0.00016	0.02197	0.22258	0.01983	0.00016	0.03025	0.00016	0.04413	0.02178	0.16703	0.03515	0.05265	0.00016	0.99981	0.0	0.03495	0.99981	0.0	0.0	0.0	0.26548	0.03656	0.04453	0.0	0.0	0.0	0.0	0.0	0.0	0.0	0.22126	0.07745	0.20093	0.0	0.08021	0.0	0.01439	0.0	0.02197	0.00016	0.00016	0.05978	0.07999	0.10953	0.02045	0.02045	0.03705	0.00016	0.00016	0.00027	0.29919	0.27628	0.06221	0.03576	0.00016	0.18947	0.00016	0.04317	0.00016	0.18624	0.03638	0.00016	0.00016	0.03408	0.03189	0.04437	0.00016	0.05257	0.02197	0.08021	0.21707	0.04224	0.07725	0.02045	0.00016	0.00016	0.03656	0.79172	0.0	0.00016	0.99981	0.99981	0.0	0.00016	0.0	0.29916	0.00016	0.11921	0.0	0.07241	0.02178	0.07844	0.03721	0.07632	0.02045	0.04963	0.02544	0.06021	0.13599	0.05902	0.00016	0.08325	0.00016	0.08327	0.00016	
0.00013	0.0307	0.01657	0.08025	0.04614	0.02025	0.01709	0.00013	0.01832	0.02793	0.01659	0.00013	0.11946	0.00013	0.03537	0.01816	0.04319	0.02879	0.06464	0.00013	0.03495	0.03495	0.0	0.03495	0.0	0.0	0.0	0.03656	0.08025	0.03571	0.0	0.0	0.0	0.0	0.0	0.0	0.0	0.02828	0.17441	0.02064	0.0	0.03357	0.0	0.01144	0.0	0.01832	0.00013	0.00013	0.41456	0.0628	0.13886	0.01709	0.01709	0.12157	0.00013	0.00013	0.00021	0.02025	0.07137	0.25924	0.02892	0.00013	0.04907	0.00013	0.03349	0.00013	0.08294	0.02976	0.00013	0.00013	0.02761	0.02498	0.03557	0.00013	0.04242	0.01832	0.03357	0.02941	0.03436	0.23876	0.01709	0.00013	0.00013	0.08025	0.03047	0.0	0.00013	0.03495	0.03495	0.0	0.00013	0.0231	0.02023	0.00013	0.1221	0.0	0.03851	0.01816	0.04379	0.07725	0.0586	0.01709	0.03957	0.02109	0.28663	0.191	0.04742	0.00013	0.03304	0.00013	0.03306	0.00013	
0.00016	0.03758	0.01981	0.03656	0.16937	0.29919	0.02045	0.00016	0.02197	0.22258	0.01983	0.00016	0.03025	0.00016	0.04413	0.02178	0.16703	0.03515	0.05265	0.00016	0.99981	0.99981	0.03495	0.0	0.0	0.0	0.0	0.26548	0.03656	0.04453	0.0	0.0	0.0	0.0	0.0	0.0	0.0	0.22126	0.07745	0.20093	0.0	0.08021	0.0	0.01439	0.0	0.02197	0.00016	0.00016	0.05978	0.07999	0.10953	0.02045	0.02045	0.03705	0.00016	0.00016	0.00027	0.29919	0.27628	0.06221	0.03576	0.00016	0.18947	0.00016	0.04317	0.00016	0.18624	0.03638	0.00016	0.00016	0.03408	0.03189	0.04437	0.00016	0.05257	0.02197	0.08021	0.21707	0.04224	0.07725	0.02045	0.00016	0.00016	0.03656	0.79172	0.0	0.00016	0.99981	0.99981	0.0	0.00016	0.0	0.29916	0.00016	0.11921	0.0	0.07241	0.02178	0.07844	0.03721	0.07632	0.02045	0.04963	0.02544	0.06021	0.13599	0.05902	0.00016	0.08325	0.00016	0.08327	0.00016	
0.0	0.0	0.0	0.0	0.0	0.0	0.0	0.0	0.0	0.0	0.0	0.0	0.0	0.0	0.0	0.0	0.0	0.0	0.0	0.0	0.0	0.0	0.0	0.0	0.0	0.0	0.0	0.0	0.0	0.0	0.0	0.0	0.0	0.0	0.0	0.0	0.0	0.0	0.0	0.0	0.0	0.0	0.0	0.0	0.0	0.0	0.0	0.0	0.0	0.0	0.0	0.0	0.0	0.0	0.0	0.0	0.0	0.0	0.0	0.0	0.0	0.0	0.0	0.0	0.0	0.0	0.0	0.0	0.0	0.0	0.0	0.0	0.0	0.0	0.0	0.0	0.0	0.0	0.0	0.0	0.0	0.0	0.0	0.0	0.0	0.0	0.0	0.0	0.0	0.0	0.0	0.0	0.0	0.0	0.0	0.0	0.0	0.0	0.0	0.0	0.0	0.0	0.0	0.0	0.0	0.0	0.0	0.0	0.0	0.0	0.0	0.0	
0.0	0.0	0.0	0.0	0.0	0.0	0.0	0.0	0.0	0.0	0.0	0.0	0.0	0.0	0.0	0.0	0.0	0.0	0.0	0.0	0.0	0.0	0.0	0.0	0.0	0.0	0.0	0.0	0.0	0.0	0.0	0.0	0.0	0.0	0.0	0.0	0.0	0.0	0.0	0.0	0.0	0.0	0.0	0.0	0.0	0.0	0.0	0.0	0.0	0.0	0.0	0.0	0.0	0.0	0.0	0.0	0.0	0.0	0.0	0.0	0.0	0.0	0.0	0.0	0.0	0.0	0.0	0.0	0.0	0.0	0.0	0.0	0.0	0.0	0.0	0.0	0.0	0.0	0.0	0.0	0.0	0.0	0.0	0.0	0.0	0.0	0.0	0.0	0.0	0.0	0.0	0.0	0.0	0.0	0.0	0.0	0.0	0.0	0.0	0.0	0.0	0.0	0.0	0.0	0.0	0.0	0.0	0.0	0.0	0.0	0.0	0.0	
0.0	0.0	0.0	0.0	0.0	0.0	0.0	0.0	0.0	0.0	0.0	0.0	0.0	0.0	0.0	0.0	0.0	0.0	0.0	0.0	0.0	0.0	0.0	0.0	0.0	0.0	0.0	0.0	0.0	0.0	0.0	0.0	0.0	0.0	0.0	0.0	0.0	0.0	0.0	0.0	0.0	0.0	0.0	0.0	0.0	0.0	0.0	0.0	0.0	0.0	0.0	0.0	0.0	0.0	0.0	0.0	0.0	0.0	0.0	0.0	0.0	0.0	0.0	0.0	0.0	0.0	0.0	0.0	0.0	0.0	0.0	0.0	0.0	0.0	0.0	0.0	0.0	0.0	0.0	0.0	0.0	0.0	0.0	0.0	0.0	0.0	0.0	0.0	0.0	0.0	0.0	0.0	0.0	0.0	0.0	0.0	0.0	0.0	0.0	0.0	0.0	0.0	0.0	0.0	0.0	0.0	0.0	0.0	0.0	0.0	0.0	0.0	
6e-05	0.06771	0.03531	0.03636	0.30294	0.13833	0.03665	6e-05	0.03997	0.24385	0.03532	6e-05	0.14089	6e-05	0.12976	0.03957	0.32961	0.07141	0.13221	6e-05	0.26548	0.26548	0.03656	0.26548	0.0	0.0	0.0	0.0	0.18767	0.10521	0.0	0.0	0.0	0.0	0.0	0.0	0.0	0.14904	0.09515	0.29951	0.0	0.37725	0.0	0.22569	0.0	0.03997	6e-05	6e-05	0.12757	0.04931	0.04249	0.03665	0.03665	0.07238	6e-05	6e-05	0.14444	0.13833	0.21002	0.13478	0.12406	6e-05	0.13314	6e-05	0.10919	6e-05	0.18448	0.07455	6e-05	6e-05	0.07431	0.20178	0.06502	6e-05	0.07018	0.03997	0.37725	0.34388	0.12472	0.08379	0.03665	6e-05	6e-05	0.18767	0.35848	0.0	6e-05	0.26548	0.26548	0.0	6e-05	0.0	0.24874	6e-05	0.22987	0.0	0.17574	0.03957	0.15367	0.10989	0.20707	0.03665	0.04334	0.11023	0.13704	0.06814	0.04142	6e-05	0.2204	6e-05	0.12354	6e-05	
0.00014	0.03208	0.01723	0.07266	0.05044	0.02109	0.01777	0.00014	0.01906	0.02925	0.01725	0.00014	0.10954	0.00014	0.20352	0.01889	0.04549	0.03007	0.40019	0.00014	0.03656	0.03656	0.08025	0.03656	0.0	0.0	0.0	0.18767	0.0	0.03747	0.0	0.0	0.0	0.0	0.0	0.0	0.0	0.02962	0.06415	0.08017	0.0	0.03511	0.0	0.08243	0.0	0.01906	0.00014	0.00014	0.06252	0.06618	0.00067	0.01777	0.01777	0.03068	0.00014	0.00014	6e-05	0.02109	0.07539	0.0283	0.03029	0.00014	0.04085	0.00014	0.06385	0.00014	0.08456	0.03109	0.00014	0.00014	0.0289	0.02109	0.08225	0.00014	0.04444	0.01906	0.03511	0.03081	0.03594	0.19639	0.01777	0.00014	0.00014	0.99971	0.03193	0.0	0.00014	0.03656	0.03656	0.0	0.00014	0.0	0.02106	0.00014	0.12963	0.0	0.04043	0.01889	0.04605	0.06984	0.06763	0.01777	0.03458	0.02197	0.03488	0.00883	0.04973	0.00014	0.07876	0.00014	0.07878	0.00014	
9e-05	0.03859	0.38132	0.03747	0.18773	0.02428	0.02011	9e-05	0.22807	0.15937	0.19663	9e-05	0.0306	9e-05	0.30357	0.02151	0.14349	0.1854	0.05879	9e-05	0.04453	0.04453	0.03571	0.04453	0.0	0.0	0.0	0.10521	0.03747	0.0	0.0	0.0	0.0	0.0	0.0	0.0	0.0	0.03669	0.03522	0.10983	0.0	0.04259	0.0	0.19488	0.0	0.22807	9e-05	9e-05	0.06638	0.03541	0.11815	0.02011	0.02011	0.10629	9e-05	9e-05	0.03644	0.02428	0.13934	0.06785	0.03763	9e-05	0.04284	9e-05	0.16143	9e-05	0.06345	0.17963	9e-05	9e-05	0.18389	0.06236	0.29792	9e-05	0.05516	0.22807	0.04259	0.03837	0.04371	0.08498	0.02011	9e-05	9e-05	0.03747	0.03995	0.0	9e-05	0.04453	0.04453	0.0	9e-05	0.36366	0.02426	9e-05	0.05367	0.0	0.29933	0.02151	0.06088	0.03818	0.13075	0.02011	0.14043	0.02541	0.06571	0.04693	0.041	9e-05	0.04186	9e-05	0.04188	9e-05	
0.0	0.0	0.0	0.0	0.0	0.0	0.0	0.0	0.0	0.0	0.0	0.0	0.0	0.0	0.0	0.0	0.0	0.0	0.0	0.0	0.0	0.0	0.0	0.0	0.0	0.0	0.0	0.0	0.0	0.0	0.0	0.0	0.0	0.0	0.0	0.0	0.0	0.0	0.0	0.0	0.0	0.0	0.0	0.0	0.0	0.0	0.0	0.0	0.0	0.0	0.0	0.0	0.0	0.0	0.0	0.0	0.0	0.0	0.0	0.0	0.0	0.0	0.0	0.0	0.0	0.0	0.0	0.0	0.0	0.0	0.0	0.0	0.0	0.0	0.0	0.0	0.0	0.0	0.0	0.0	0.0	0.0	0.0	0.0	0.0	0.0	0.0	0.0	0.0	0.0	0.0	0.0	0.0	0.0	0.0	0.0	0.0	0.0	0.0	0.0	0.0	0.0	0.0	0.0	0.0	0.0	0.0	0.0	0.0	0.0	0.0	0.0	
0.0	0.0	0.0	0.0	0.0	0.0	0.0	0.0	0.0	0.0	0.0	0.0	0.0	0.0	0.0	0.0	0.0	0.0	0.0	0.0	0.0	0.0	0.0	0.0	0.0	0.0	0.0	0.0	0.0	0.0	0.0	0.0	0.0	0.0	0.0	0.0	0.0	0.0	0.0	0.0	0.0	0.0	0.0	0.0	0.0	0.0	0.0	0.0	0.0	0.0	0.0	0.0	0.0	0.0	0.0	0.0	0.0	0.0	0.0	0.0	0.0	0.0	0.0	0.0	0.0	0.0	0.0	0.0	0.0	0.0	0.0	0.0	0.0	0.0	0.0	0.0	0.0	0.0	0.0	0.0	0.0	0.0	0.0	0.0	0.0	0.0	0.0	0.0	0.0	0.0	0.0	0.0	0.0	0.0	0.0	0.0	0.0	0.0	0.0	0.0	0.0	0.0	0.0	0.0	0.0	0.0	0.0	0.0	0.0	0.0	0.0	0.0	
0.0	0.0	0.0	0.0	0.0	0.0	0.0	0.0	0.0	0.0	0.0	0.0	0.0	0.0	0.0	0.0	0.0	0.0	0.0	0.0	0.0	0.0	0.0	0.0	0.0	0.0	0.0	0.0	0.0	0.0	0.0	0.0	0.0	0.0	0.0	0.0	0.0	0.0	0.0	0.0	0.0	0.0	0.0	0.0	0.0	0.0	0.0	0.0	0.0	0.0	0.0	0.0	0.0	0.0	0.0	0.0	0.0	0.0	0.0	0.0	0.0	0.0	0.0	0.0	0.0	0.0	0.0	0.0	0.0	0.0	0.0	0.0	0.0	0.0	0.0	0.0	0.0	0.0	0.0	0.0	0.0	0.0	0.0	0.0	0.0	0.0	0.0	0.0	0.0	0.0	0.0	0.0	0.0	0.0	0.0	0.0	0.0	0.0	0.0	0.0	0.0	0.0	0.0	0.0	0.0	0.0	0.0	0.0	0.0	0.0	0.0	0.0	
0.0	0.0	0.0	0.0	0.0	0.0	0.0	0.0	0.0	0.0	0.0	0.0	0.0	0.0	0.0	0.0	0.0	0.0	0.0	0.0	0.0	0.0	0.0	0.0	0.0	0.0	0.0	0.0	0.0	0.0	0.0	0.0	0.0	0.0	0.0	0.0	0.0	0.0	0.0	0.0	0.0	0.0	0.0	0.0	0.0	0.0	0.0	0.0	0.0	0.0	0.0	0.0	0.0	0.0	0.0	0.0	0.0	0.0	0.0	0.0	0.0	0.0	0.0	0.0	0.0	0.0	0.0	0.0	0.0	0.0	0.0	0.0	0.0	0.0	0.0	0.0	0.0	0.0	0.0	0.0	0.0	0.0	0.0	0.0	0.0	0.0	0.0	0.0	0.0	0.0	0.0	0.0	0.0	0.0	0.0	0.0	0.0	0.0	0.0	0.0	0.0	0.0	0.0	0.0	0.0	0.0	0.0	0.0	0.0	0.0	0.0	0.0	
0.0	0.0	0.0	0.0	0.0	0.0	0.0	0.0	0.0	0.0	0.0	0.0	0.0	0.0	0.0	0.0	0.0	0.0	0.0	0.0	0.0	0.0	0.0	0.0	0.0	0.0	0.0	0.0	0.0	0.0	0.0	0.0	0.0	0.0	0.0	0.0	0.0	0.0	0.0	0.0	0.0	0.0	0.0	0.0	0.0	0.0	0.0	0.0	0.0	0.0	0.0	0.0	0.0	0.0	0.0	0.0	0.0	0.0	0.0	0.0	0.0	0.0	0.0	0.0	0.0	0.0	0.0	0.0	0.0	0.0	0.0	0.0	0.0	0.0	0.0	0.0	0.0	0.0	0.0	0.0	0.0	0.0	0.0	0.0	0.0	0.0	0.0	0.0	0.0	0.0	0.0	0.0	0.0	0.0	0.0	0.0	0.0	0.0	0.0	0.0	0.0	0.0	0.0	0.0	0.0	0.0	0.0	0.0	0.0	0.0	0.0	0.0	
0.0	0.0	0.0	0.0	0.0	0.0	0.0	0.0	0.0	0.0	0.0	0.0	0.0	0.0	0.0	0.0	0.0	0.0	0.0	0.0	0.0	0.0	0.0	0.0	0.0	0.0	0.0	0.0	0.0	0.0	0.0	0.0	0.0	0.0	0.0	0.0	0.0	0.0	0.0	0.0	0.0	0.0	0.0	0.0	0.0	0.0	0.0	0.0	0.0	0.0	0.0	0.0	0.0	0.0	0.0	0.0	0.0	0.0	0.0	0.0	0.0	0.0	0.0	0.0	0.0	0.0	0.0	0.0	0.0	0.0	0.0	0.0	0.0	0.0	0.0	0.0	0.0	0.0	0.0	0.0	0.0	0.0	0.0	0.0	0.0	0.0	0.0	0.0	0.0	0.0	0.0	0.0	0.0	0.0	0.0	0.0	0.0	0.0	0.0	0.0	0.0	0.0	0.0	0.0	0.0	0.0	0.0	0.0	0.0	0.0	0.0	0.0	
0.0	0.0	0.0	0.0	0.0	0.0	0.0	0.0	0.0	0.0	0.0	0.0	0.0	0.0	0.0	0.0	0.0	0.0	0.0	0.0	0.0	0.0	0.0	0.0	0.0	0.0	0.0	0.0	0.0	0.0	0.0	0.0	0.0	0.0	0.0	0.0	0.0	0.0	0.0	0.0	0.0	0.0	0.0	0.0	0.0	0.0	0.0	0.0	0.0	0.0	0.0	0.0	0.0	0.0	0.0	0.0	0.0	0.0	0.0	0.0	0.0	0.0	0.0	0.0	0.0	0.0	0.0	0.0	0.0	0.0	0.0	0.0	0.0	0.0	0.0	0.0	0.0	0.0	0.0	0.0	0.0	0.0	0.0	0.0	0.0	0.0	0.0	0.0	0.0	0.0	0.0	0.0	0.0	0.0	0.0	0.0	0.0	0.0	0.0	0.0	0.0	0.0	0.0	0.0	0.0	0.0	0.0	0.0	0.0	0.0	0.0	0.0	
0.00011	0.03046	0.01579	0.02962	0.13043	0.54516	0.46724	0.00011	0.01756	0.02826	0.0158	0.00011	0.0244	0.00011	0.03637	0.0174	0.04571	0.02845	0.11772	0.00011	0.22126	0.22126	0.02828	0.22126	0.0	0.0	0.0	0.14904	0.02962	0.03669	0.0	0.0	0.0	0.0	0.0	0.0	0.0	0.0	0.10171	0.20456	0.0	0.23282	0.0	0.14254	0.0	0.01756	0.00011	0.00011	0.04983	0.26744	0.09788	0.01631	0.46724	0.1403	0.00011	0.00011	0.09927	0.54516	0.21752	0.05145	0.02933	0.00011	0.30939	0.00011	0.23328	0.00011	0.25423	0.02947	0.00011	0.00011	0.02791	0.15677	0.03655	0.00011	0.14158	0.01756	0.23282	0.37627	0.03432	0.06382	0.46724	0.00011	0.00011	0.02962	0.36881	0.0	0.00011	0.22126	0.22126	0.0	0.00011	0.32439	0.01953	0.00011	0.09821	0.0	0.03973	0.0174	0.04569	0.03015	0.16957	0.46724	0.14894	0.02042	0.12428	0.09381	0.04819	0.00011	0.03293	0.00011	0.23747	0.00011	
9e-05	0.01601	0.03174	0.06415	0.0546	0.04017	0.09067	9e-05	0.03567	0.09925	0.08729	9e-05	0.00895	9e-05	0.03925	0.03533	0.06336	0.01858	0.11047	9e-05	0.07745	0.07745	0.17441	0.07745	0.0	0.0	0.0	0.09515	0.06415	0.03522	0.0	0.0	0.0	0.0	0.0	0.0	0.0	0.10171	0.0	0.23363	0.0	0.07376	0.0	0.07053	0.0	0.03567	9e-05	9e-05	0.15755	0.35765	0.04692	0.09067	0.09067	0.09413	9e-05	9e-05	0.03211	0.04017	0.0675	0.11063	0.20435	9e-05	0.04189	9e-05	0.20905	9e-05	0.14942	0.06379	9e-05	9e-05	0.06215	0.01634	0.03531	9e-05	0.06216	0.03567	0.07376	0.06724	0.02718	0.3181	0.09067	9e-05	9e-05	0.06415	0.07032	0.0	9e-05	0.07745	0.07745	0.0	9e-05	0.36353	0.04016	9e-05	0.0946	0.0	0.11865	0.03533	0.01918	0.06548	0.0685	0.09067	0.01278	0.11967	0.1889	0.17017	0.01632	9e-05	0.07239	9e-05	0.07241	9e-05	
6e-05	0.11463	0.03848	0.08017	0.1411	0.09268	0.14659	6e-05	0.04342	0.10721	0.03849	6e-05	0.06368	6e-05	0.10895	0.043	0.1854	0.07921	0.11236	6e-05	0.20093	0.20093	0.02064	0.20093	0.0	0.0	0.0	0.29951	0.08017	0.10983	0.0	0.0	0.0	0.0	0.0	0.0	0.0	0.20456	0.23363	0.0	0.0	0.18897	0.0	0.34954	0.0	0.04342	6e-05	6e-05	0.08141	0.1532	0.10213	0.14659	0.14659	0.09234	6e-05	6e-05	0.06674	0.09268	0.23475	0.0642	0.16158	6e-05	0.16566	6e-05	0.11627	6e-05	0.16184	0.0797	6e-05	6e-05	0.07845	0.03049	0.10937	6e-05	0.2997	0.04342	0.18897	0.17227	0.02309	0.08961	0.14659	6e-05	6e-05	0.08017	0.18233	0.0	6e-05	0.20093	0.20093	0.0	6e-05	0.18512	0.09267	6e-05	0.09986	0.0	0.05192	0.043	0.07466	0.02495	0.04744	0.14659	0.0795	0.05172	0.05649	0.06532	0.03208	6e-05	0.02744	6e-05	0.02746	6e-05	
0.0	0.0	0.0	0.0	0.0	0.0	0.0	0.0	0.0	0.0	0.0	0.0	0.0	0.0	0.0	0.0	0.0	0.0	0.0	0.0	0.0	0.0	0.0	0.0	0.0	0.0	0.0	0.0	0.0	0.0	0.0	0.0	0.0	0.0	0.0	0.0	0.0	0.0	0.0	0.0	0.0	0.0	0.0	0.0	0.0	0.0	0.0	0.0	0.0	0.0	0.0	0.0	0.0	0.0	0.0	0.0	0.0	0.0	0.0	0.0	0.0	0.0	0.0	0.0	0.0	0.0	0.0	0.0	0.0	0.0	0.0	0.0	0.0	0.0	0.0	0.0	0.0	0.0	0.0	0.0	0.0	0.0	0.0	0.0	0.0	0.0	0.0	0.0	0.0	0.0	0.0	0.0	0.0	0.0	0.0	0.0	0.0	0.0	0.0	0.0	0.0	0.0	0.0	0.0	0.0	0.0	0.0	0.0	0.0	0.0	0.0	0.0	
0.00016	0.08038	0.01911	0.03511	0.0582	0.31992	0.01972	0.00016	0.02118	0.03306	0.01913	0.00016	0.0291	0.00016	0.04221	0.02099	0.15612	0.03377	0.05258	0.00016	0.08021	0.08021	0.03357	0.08021	0.0	0.0	0.0	0.37725	0.03511	0.04259	0.0	0.0	0.0	0.0	0.0	0.0	0.0	0.23282	0.07376	0.18897	0.0	0.0	0.0	0.16627	0.0	0.02118	0.00016	0.00016	0.05694	0.01729	0.00082	0.01972	0.01972	0.03581	0.00016	0.00016	0.14375	0.31992	0.0465	0.05934	0.03427	0.00016	0.19571	0.00016	0.04463	0.00016	0.1762	0.03494	0.00016	0.00016	0.03267	0.03675	0.04243	0.00016	0.03452	0.02118	0.99981	0.7953	0.06096	0.01838	0.01972	0.00016	0.00016	0.03511	0.22418	0.0	0.00016	0.08021	0.08021	0.0	0.00016	0.0	0.02347	0.00016	0.08775	0.0	0.04604	0.02099	0.05267	0.08229	0.16603	0.01972	0.04755	0.0245	0.05743	0.01041	0.02453	0.00016	0.03892	0.00016	0.09146	0.00016	
0.0	0.0	0.0	0.0	0.0	0.0	0.0	0.0	0.0	0.0	0.0	0.0	0.0	0.0	0.0	0.0	0.0	0.0	0.0	0.0	0.0	0.0	0.0	0.0	0.0	0.0	0.0	0.0	0.0	0.0	0.0	0.0	0.0	0.0	0.0	0.0	0.0	0.0	0.0	0.0	0.0	0.0	0.0	0.0	0.0	0.0	0.0	0.0	0.0	0.0	0.0	0.0	0.0	0.0	0.0	0.0	0.0	0.0	0.0	0.0	0.0	0.0	0.0	0.0	0.0	0.0	0.0	0.0	0.0	0.0	0.0	0.0	0.0	0.0	0.0	0.0	0.0	0.0	0.0	0.0	0.0	0.0	0.0	0.0	0.0	0.0	0.0	0.0	0.0	0.0	0.0	0.0	0.0	0.0	0.0	0.0	0.0	0.0	0.0	0.0	0.0	0.0	0.0	0.0	0.0	0.0	0.0	0.0	0.0	0.0	0.0	0.0	
6e-05	0.14677	0.03989	0.08243	0.10883	0.0841	0.0678	6e-05	0.30424	0.0814	0.0399	6e-05	0.06566	6e-05	0.11086	0.04453	0.09032	0.01198	0.11216	6e-05	0.01439	0.01439	0.01144	0.01439	0.0	0.0	0.0	0.22569	0.08243	0.19488	0.0	0.0	0.0	0.0	0.0	0.0	0.0	0.14254	0.07053	0.34954	0.0	0.16627	0.0	0.0	0.0	0.30424	6e-05	6e-05	0.03408	0.0752	0.12012	0.0678	0.0678	0.06598	6e-05	6e-05	0.03947	0.0841	0.0482	0.05539	0.0957	6e-05	0.15787	6e-05	0.20428	6e-05	0.14779	0.08195	6e-05	6e-05	0.28275	0.01827	0.11132	6e-05	0.2351	0.30424	0.16627	0.15105	0.01237	0.07032	0.0678	6e-05	6e-05	0.08243	0.10558	0.0	6e-05	0.01439	0.01439	0.0	6e-05	0.2918	0.05078	6e-05	0.07761	0.0	0.18984	0.04453	0.14881	0.01443	0.0258	0.0678	0.01584	0.05345	0.068	0.07621	0.08849	6e-05	0.09351	6e-05	0.01581	6e-05	
0.0	0.0	0.0	0.0	0.0	0.0	0.0	0.0	0.0	0.0	0.0	0.0	0.0	0.0	0.0	0.0	0.0	0.0	0.0	0.0	0.0	0.0	0.0	0.0	0.0	0.0	0.0	0.0	0.0	0.0	0.0	0.0	0.0	0.0	0.0	0.0	0.0	0.0	0.0	0.0	0.0	0.0	0.0	0.0	0.0	0.0	0.0	0.0	0.0	0.0	0.0	0.0	0.0	0.0	0.0	0.0	0.0	0.0	0.0	0.0	0.0	0.0	0.0	0.0	0.0	0.0	0.0	0.0	0.0	0.0	0.0	0.0	0.0	0.0	0.0	0.0	0.0	0.0	0.0	0.0	0.0	0.0	0.0	0.0	0.0	0.0	0.0	0.0	0.0	0.0	0.0	0.0	0.0	0.0	0.0	0.0	0.0	0.0	0.0	0.0	0.0	0.0	0.0	0.0	0.0	0.0	0.0	0.0	0.0	0.0	0.0	0.0	
0.00025	0.01951	0.0112	0.01906	0.06648	0.01343	0.01153	0.00025	0.99963	0.01736	0.01122	0.00025	0.01616	0.00025	0.02149	0.01216	0.02529	0.01841	0.02599	0.00025	0.02197	0.02197	0.01832	0.02197	0.0	0.0	0.0	0.03997	0.01906	0.22807	0.0	0.0	0.0	0.0	0.0	0.0	0.0	0.01756	0.03567	0.04342	0.0	0.02118	0.0	0.30424	0.0	0.0	0.00025	0.00025	0.02739	0.0367	0.05064	0.01153	0.01153	0.09851	0.00025	0.00025	0.05858	0.01343	0.04086	0.02919	0.0179	0.00025	0.02905	0.00025	0.24586	0.00025	0.0604	0.01898	0.00025	0.00025	0.50776	0.02908	0.02162	0.00025	0.02622	0.99963	0.02118	0.01818	0.02162	0.03558	0.01153	0.00025	0.00025	0.01906	0.01877	0.0	0.00025	0.02197	0.02197	0.0	0.00025	0.176	0.0134	0.00025	0.05167	0.0	0.19755	0.01216	0.02605	0.01935	0.03407	0.01153	0.02491	0.01391	0.02826	0.0553	0.16375	0.00025	0.02087	0.00025	0.02089	0.00025	
0.0	0.00012	0.00022	0.00014	6e-05	0.00024	0.00026	0.0	0.00025	8e-05	0.00026	0.0	0.00016	0.0	5e-05	0.0002	1e-05	0.00013	7e-05	0.0	0.00016	0.00016	0.00013	0.00016	0.0	0.0	0.0	6e-05	0.00014	9e-05	0.0	0.0	0.0	0.0	0.0	0.0	0.0	0.00011	9e-05	6e-05	0.0	0.00016	0.0	6e-05	0.0	0.00025	0.0	0.0	1e-05	6e-05	8e-05	0.00026	0.00026	3e-05	0.0	0.0	0.00011	0.00024	4e-05	4e-05	8e-05	0.0	6e-05	0.0	2e-05	0.0	3e-05	0.00014	0.0	0.0	9e-05	0.00014	5e-05	0.0	0.00012	0.00025	0.00016	0.0001	0.00013	7e-05	0.00026	0.0	0.0	0.00014	9e-05	0.0	0.0	0.00016	0.00016	0.0	0.0	0.0	0.00018	0.0	3e-05	0.0	6e-05	0.0002	4e-05	0.00014	6e-05	0.00026	0.0001	0.00018	5e-05	5e-05	9e-05	0.0	0.00013	0.0	0.00016	0.0	
0.0	0.00012	0.00022	0.00014	6e-05	0.00024	0.00026	0.0	0.00025	8e-05	0.00026	0.0	0.00016	0.0	5e-05	0.0002	1e-05	0.00013	7e-05	0.0	0.00016	0.00016	0.00013	0.00016	0.0	0.0	0.0	6e-05	0.00014	9e-05	0.0	0.0	0.0	0.0	0.0	0.0	0.0	0.00011	9e-05	6e-05	0.0	0.00016	0.0	6e-05	0.0	0.00025	0.0	0.0	1e-05	6e-05	8e-05	0.00026	0.00026	3e-05	0.0	0.0	0.00011	0.00024	4e-05	4e-05	8e-05	0.0	6e-05	0.0	2e-05	0.0	3e-05	0.00014	0.0	0.0	9e-05	0.00014	5e-05	0.0	0.00012	0.00025	0.00016	0.0001	0.00013	7e-05	0.00026	0.0	0.0	0.00014	9e-05	0.0	0.0	0.00016	0.00016	0.0	0.0	0.0	0.00018	0.0	3e-05	0.0	6e-05	0.0002	4e-05	0.00014	6e-05	0.00026	0.0001	0.00018	5e-05	5e-05	9e-05	0.0	0.00013	0.0	0.00016	0.0	
1e-05	0.05876	0.02433	0.18618	0.10076	0.03089	0.02521	1e-05	0.02739	0.04907	0.02434	1e-05	0.07573	1e-05	0.06587	0.15736	0.08548	0.06263	0.16781	1e-05	0.05978	0.05978	0.41456	0.05978	0.0	0.0	0.0	0.12757	0.06252	0.06638	0.0	0.0	0.0	0.0	0.0	0.0	0.0	0.04983	0.15755	0.08141	0.0	0.05694	0.0	0.03408	0.0	0.02739	1e-05	1e-05	0.0	0.08622	0.10571	0.14348	0.02521	0.2052	1e-05	1e-05	0.02393	0.03089	0.11059	0.41858	0.23179	1e-05	0.06981	1e-05	0.11753	1e-05	0.20166	0.07082	1e-05	1e-05	0.14888	0.09373	0.06611	1e-05	0.04921	0.02739	0.05694	0.05239	0.10592	0.18052	0.02521	1e-05	1e-05	0.06252	0.0548	0.0	1e-05	0.05978	0.05978	0.0	1e-05	0.07003	0.03087	1e-05	0.17536	0.0	0.0728	0.15736	0.10271	0.0616	0.12476	0.02521	0.05277	0.12394	0.30185	0.14547	0.11057	1e-05	0.05588	1e-05	0.05589	1e-05	
6e-05	0.19489	0.03263	0.06618	0.09787	0.04135	0.30164	6e-05	0.0367	0.09791	0.08395	6e-05	0.00868	6e-05	0.03941	0.03635	0.10321	0.0175	0.11505	6e-05	0.07999	0.07999	0.0628	0.07999	0.0	0.0	0.0	0.04931	0.06618	0.03541	0.0	0.0	0.0	0.0	0.0	0.0	0.0	0.26744	0.35765	0.1532	0.0	0.01729	0.0	0.0752	0.0	0.0367	6e-05	6e-05	0.08622	0.0	0.05011	0.08719	0.30164	0.08274	6e-05	6e-05	0.08064	0.04135	0.14102	0.03907	0.19551	6e-05	0.04364	6e-05	0.23816	6e-05	0.20468	0.06581	6e-05	6e-05	0.06417	0.01615	0.03549	6e-05	0.2933	0.0367	0.01729	0.10832	0.2313	0.04649	0.30164	6e-05	6e-05	0.06618	0.07266	0.0	6e-05	0.07999	0.07999	0.0	6e-05	0.1143	0.04133	6e-05	0.05575	0.0	0.11865	0.03635	0.01849	0.02173	0.09897	0.30164	0.15721	0.11496	0.20563	0.05585	0.08865	6e-05	0.07474	6e-05	0.07475	6e-05	
8e-05	0.15215	0.07031	0.00067	0.33215	0.05694	0.07287	8e-05	0.05064	0.08782	0.04515	8e-05	0.00725	8e-05	0.03549	0.05017	0.18873	0.13988	0.04531	8e-05	0.10953	0.10953	0.13886	0.10953	0.0	0.0	0.0	0.04249	0.00067	0.11815	0.0	0.0	0.0	0.0	0.0	0.0	0.0	0.09788	0.04692	0.10213	0.0	0.00082	0.0	0.12012	0.0	0.05064	8e-05	8e-05	0.10571	0.05011	0.0	0.07287	0.07287	0.01466	8e-05	8e-05	0.01879	0.05694	0.02199	0.0398	0.09959	8e-05	0.17947	8e-05	0.03866	8e-05	0.09362	0.00058	8e-05	8e-05	0.0866	0.01367	0.1178	8e-05	0.23723	0.05064	0.00082	0.10352	0.00043	0.05005	0.07287	8e-05	8e-05	0.00067	0.09791	0.0	8e-05	0.10953	0.10953	0.0	8e-05	0.07621	0.05693	8e-05	0.00333	0.0	0.13073	0.05017	0.1558	0.15022	0.0823	0.07287	0.21924	0.05979	0.20147	0.04776	0.00694	8e-05	0.10233	8e-05	0.10234	8e-05	
0.00026	0.28697	0.01054	0.01777	0.07525	0.0126	0.01084	0.00026	0.01153	0.01612	0.01056	0.00026	0.01511	0.00026	0.01989	0.01142	0.15313	0.31906	0.02403	0.00026	0.02045	0.02045	0.01709	0.02045	0.0	0.0	0.0	0.03665	0.01777	0.02011	0.0	0.0	0.0	0.0	0.0	0.0	0.0	0.01631	0.09067	0.14659	0.0	0.01972	0.0	0.0678	0.0	0.01153	0.00026	0.00026	0.14348	0.08719	0.07287	0.0	0.01084	0.05579	0.00026	0.00026	0.05399	0.0126	0.10808	0.02693	0.45807	0.00026	0.0268	0.00026	0.03173	0.00026	0.04807	0.0177	0.00026	0.00026	0.01595	0.02697	0.02002	0.00026	0.17509	0.01153	0.01972	0.01687	0.02012	0.03278	0.01084	0.00026	0.00026	0.01777	0.01741	0.0	0.00026	0.02045	0.02045	0.0	0.00026	0.16701	0.01257	0.00026	0.0474	0.0	0.02153	0.01142	0.02405	0.01804	0.03135	0.01084	0.02314	0.01304	0.02608	0.05431	0.02694	0.00026	0.01943	0.00026	0.01945	0.00026	
0.00026	0.01819	0.01054	0.01777	0.07525	0.0126	0.99959	0.00026	0.01153	0.01612	0.01056	0.00026	0.01511	0.00026	0.01989	0.01142	0.0233	0.01718	0.02403	0.00026	0.02045	0.02045	0.01709	0.02045	0.0	0.0	0.0	0.03665	0.01777	0.02011	0.0	0.0	0.0	0.0	0.0	0.0	0.0	0.46724	0.09067	0.14659	0.0	0.01972	0.0	0.0678	0.0	0.01153	0.00026	0.00026	0.02521	0.30164	0.07287	0.01084	0.0	0.08964	0.00026	0.00026	0.05399	0.0126	0.09355	0.02693	0.01662	0.00026	0.0268	0.00026	0.14891	0.00026	0.04807	0.0177	0.00026	0.00026	0.01595	0.02697	0.02002	0.00026	0.17509	0.01153	0.01972	0.01687	0.02012	0.03278	0.99959	0.00026	0.00026	0.01777	0.01741	0.0	0.00026	0.02045	0.02045	0.0	0.00026	0.16701	0.01257	0.00026	0.0474	0.0	0.02153	0.01142	0.02405	0.01804	0.03135	0.99959	0.18966	0.01304	0.13071	0.05079	0.02694	0.00026	0.01943	0.00026	0.01945	0.00026	
3e-05	0.12126	0.05872	0.03068	0.02784	0.07598	0.08964	3e-05	0.09851	0.10679	0.05873	3e-05	0.04581	3e-05	0.14742	0.06033	0.13747	0.02935	0.08848	3e-05	0.03705	0.03705	0.12157	0.03705	0.0	0.0	0.0	0.07238	0.03068	0.10629	0.0	0.0	0.0	0.0	0.0	0.0	0.0	0.1403	0.09413	0.09234	0.0	0.03581	0.0	0.06598	0.0	0.09851	3e-05	3e-05	0.2052	0.08274	0.01466	0.05579	0.08964	0.0	3e-05	3e-05	0.01393	0.07598	0.04451	0.11562	0.14882	3e-05	0.10943	3e-05	0.23558	3e-05	0.07405	0.03053	3e-05	3e-05	0.13437	0.10287	0.07625	3e-05	0.08132	0.09851	0.03581	0.11469	0.07025	0.14009	0.08964	3e-05	3e-05	0.03068	0.11941	0.0	3e-05	0.03705	0.03705	0.0	3e-05	0.10318	0.06933	3e-05	0.09983	0.0	0.09204	0.06033	0.06223	0.03137	0.08698	0.08964	0.08478	0.12013	0.18573	0.29817	0.1533	3e-05	0.13433	3e-05	0.03546	3e-05	
0.0	0.00012	0.00022	0.00014	6e-05	0.00024	0.00026	0.0	0.00025	8e-05	0.00026	0.0	0.00016	0.0	5e-05	0.0002	1e-05	0.00013	7e-05	0.0	0.00016	0.00016	0.00013	0.00016	0.0	0.0	0.0	6e-05	0.00014	9e-05	0.0	0.0	0.0	0.0	0.0	0.0	0.0	0.00011	9e-05	6e-05	0.0	0.00016	0.0	6e-05	0.0	0.00025	0.0	0.0	1e-05	6e-05	8e-05	0.00026	0.00026	3e-05	0.0	0.0	0.00011	0.00024	4e-05	4e-05	8e-05	0.0	6e-05	0.0	2e-05	0.0	3e-05	0.00014	0.0	0.0	9e-05	0.00014	5e-05	0.0	0.00012	0.00025	0.00016	0.0001	0.00013	7e-05	0.00026	0.0	0.0	0.00014	9e-05	0.0	0.0	0.00016	0.00016	0.0	0.0	0.0	0.00018	0.0	3e-05	0.0	6e-05	0.0002	4e-05	0.00014	6e-05	0.00026	0.0001	0.00018	5e-05	5e-05	9e-05	0.0	0.00013	0.0	0.00016	0.0	
0.0	0.00012	0.00022	0.00014	6e-05	0.00024	0.00026	0.0	0.00025	8e-05	0.00026	0.0	0.00016	0.0	5e-05	0.0002	1e-05	0.00013	7e-05	0.0	0.00016	0.00016	0.00013	0.00016	0.0	0.0	0.0	6e-05	0.00014	9e-05	0.0	0.0	0.0	0.0	0.0	0.0	0.0	0.00011	9e-05	6e-05	0.0	0.00016	0.0	6e-05	0.0	0.00025	0.0	0.0	1e-05	6e-05	8e-05	0.00026	0.00026	3e-05	0.0	0.0	0.00011	0.00024	4e-05	4e-05	8e-05	0.0	6e-05	0.0	2e-05	0.0	3e-05	0.00014	0.0	0.0	9e-05	0.00014	5e-05	0.0	0.00012	0.00025	0.00016	0.0001	0.00013	7e-05	0.00026	0.0	0.0	0.00014	9e-05	0.0	0.0	0.00016	0.00016	0.0	0.0	0.0	0.00018	0.0	3e-05	0.0	6e-05	0.0002	4e-05	0.00014	6e-05	0.00026	0.0001	0.00018	5e-05	5e-05	9e-05	0.0	0.00013	0.0	0.00016	0.0	
0.00011	0.00095	0.05213	0.12397	0.00356	0.07644	0.05399	0.00011	0.05858	0.09607	0.06023	0.00011	0.09864	0.00011	0.04078	0.06711	0.1551	0.10118	0.1636	0.00011	0.00027	0.00027	0.00021	0.00027	0.0	0.0	0.0	0.14444	6e-05	0.03644	0.0	0.0	0.0	0.0	0.0	0.0	0.0	0.09927	0.03211	0.06674	0.0	0.14375	0.0	0.03947	0.0	0.05858	0.00011	0.00011	0.02393	0.08064	0.01879	0.05399	0.05399	0.01393	0.00011	0.00011	0.0	0.07644	0.01813	0.07716	0.102	0.00011	0.0727	0.00011	0.04471	0.00011	0.16498	0.00091	0.00011	0.00011	0.0957	0.22899	0.03639	0.00011	0.00653	0.05858	0.14375	0.12874	0.14822	0.06855	0.05399	0.00011	0.00011	6e-05	0.10618	0.0	0.00011	0.00027	0.00027	0.0	0.00011	0.3553	0.06596	0.00011	0.14309	0.0	0.13446	0.06711	0.07392	0.12667	0.01894	0.05399	0.00955	0.08039	0.05623	0.0309	0.02556	0.00011	0.12003	0.00011	0.00125	0.00011	
