0.0	0.0	0.0	0.0	0.00021	0.0001	0.0	0.0	0.0	0.0	0.0	0.0	0.0	0.0	0.0	0.0	0.00041	0.00049	0.0	0.0	0.0	0.00133	0.00298	0.0	0.00141	0.00514	0.00098	0.0	0.0	0.0	0.0	0.0	0.0	0.0	0.0	0.0	0.0	0.0	0.0	0.00118	0.0	0.0	0.0	0.00026	0.0522	6e-05	0.0	0.0	0.0	0.0	0.0002	0.00037	0.00101	0.00018	0.0	0.0009	0.00063	0.0	0.0	0.0	0.01761	0.0	0.00939	0.0	0.00161	0.00121	0.00068	0.00113	0.0	0.0	0.0	0.02001	0.00118	0.0	0.0	0.0	0.0	0.0	0.0	0.0	0.0	
0.0	0.0	0.0	0.0	0.00021	0.0001	0.0	0.0	0.0	0.0	0.0	0.0	0.0	0.0	0.0	0.0	0.00041	0.00049	0.0	0.0	0.0	0.00133	0.00298	0.0	0.00141	0.00514	0.00098	0.0	0.0	0.0	0.0	0.0	0.0	0.0	0.0	0.0	0.0	0.0	0.0	0.00118	0.0	0.0	0.0	0.00026	0.0522	6e-05	0.0	0.0	0.0	0.0	0.0002	0.00037	0.00101	0.00018	0.0	0.0009	0.00063	0.0	0.0	0.0	0.01761	0.0	0.00939	0.0	0.00161	0.00121	0.00068	0.00113	0.0	0.0	0.0	0.02001	0.00118	0.0	0.0	0.0	0.0	0.0	0.0	0.0	0.0	
0.0	0.0	0.0	0.0	0.00021	0.0001	0.0	0.0	0.0	0.0	0.0	0.0	0.0	0.0	0.0	0.0	0.00041	0.00049	0.0	0.0	0.0	0.00133	0.00298	0.0	0.00141	0.00514	0.00098	0.0	0.0	0.0	0.0	0.0	0.0	0.0	0.0	0.0	0.0	0.0	0.0	0.00118	0.0	0.0	0.0	0.00026	0.0522	6e-05	0.0	0.0	0.0	0.0	0.0002	0.00037	0.00101	0.00018	0.0	0.0009	0.00063	0.0	0.0	0.0	0.01761	0.0	0.00939	0.0	0.00161	0.00121	0.00068	0.00113	0.0	0.0	0.0	0.02001	0.00118	0.0	0.0	0.0	0.0	0.0	0.0	0.0	0.0	
0.0	0.0	0.0	0.0	0.00021	0.0001	0.0	0.0	0.0	0.0	0.0	0.0	0.0	0.0	0.0	0.0	0.00041	0.00049	0.0	0.0	0.0	0.00133	0.00298	0.0	0.00141	0.00514	0.00098	0.0	0.0	0.0	0.0	0.0	0.0	0.0	0.0	0.0	0.0	0.0	0.0	0.00118	0.0	0.0	0.0	0.00026	0.0522	6e-05	0.0	0.0	0.0	0.0	0.0002	0.00037	0.00101	0.00018	0.0	0.0009	0.00063	0.0	0.0	0.0	0.01761	0.0	0.00939	0.0	0.00161	0.00121	0.00068	0.00113	0.0	0.0	0.0	0.02001	0.00118	0.0	0.0	0.0	0.0	0.0	0.0	0.0	0.0	
0.00021	0.00021	0.00021	0.00021	0.0	0.07508	0.00021	0.00021	0.00021	0.00021	0.0	0.0	0.00021	0.00021	0.00021	0.00021	0.02109	0.15262	0.0	0.0	0.0	0.21473	0.29299	0.0	0.4081	0.02983	0.01852	0.00021	0.00021	0.00021	0.00021	0.00021	0.00021	0.00021	0.00021	0.00021	0.00021	0.00021	0.00021	0.01913	0.00021	0.00021	0.00021	0.00858	0.03172	0.01695	0.0	0.0	0.0	0.0	0.02648	0.03038	0.06593	0.0121	0.00021	0.1363	0.03615	0.00021	0.00021	0.00021	0.03256	0.00021	0.02533	0.00021	0.02923	0.02413	0.02514	0.02724	0.00021	0.00021	0.00021	0.0305	0.01913	0.00021	0.00021	0.00021	0.00021	0.00021	0.00021	0.00021	0.00021	
0.0001	0.0001	0.0001	0.0001	0.07508	0.0	0.0001	0.0001	0.0001	0.0001	0.0	0.0	0.0001	0.0001	0.0001	0.0001	0.11457	0.12859	0.0	0.0	0.0	0.32174	0.36622	0.0	0.07361	0.07383	0.10056	0.0001	0.0001	0.0001	0.0001	0.0001	0.0001	0.0001	0.0001	0.0001	0.0001	0.0001	0.0001	0.09251	0.0001	0.0001	0.0001	0.04954	0.04847	0.09041	0.0	0.0	0.0	0.0	0.14579	0.17044	0.06431	0.05252	0.0001	0.01996	0.08328	0.0001	0.0001	0.0001	0.12231	0.0001	0.10289	0.0001	0.16444	0.14195	0.06117	0.07878	0.0001	0.0001	0.0001	0.09965	0.09251	0.0001	0.0001	0.0001	0.0001	0.0001	0.0001	0.0001	0.0001	
0.0	0.0	0.0	0.0	0.00021	0.0001	0.0	0.0	0.0	0.0	0.0	0.0	0.0	0.0	0.0	0.0	0.00041	0.00049	0.0	0.0	0.0	0.00133	0.00298	0.0	0.00141	0.00514	0.00098	0.0	0.0	0.0	0.0	0.0	0.0	0.0	0.0	0.0	0.0	0.0	0.0	0.00118	0.0	0.0	0.0	0.00026	0.0522	6e-05	0.0	0.0	0.0	0.0	0.0002	0.00037	0.00101	0.00018	0.0	0.0009	0.00063	0.0	0.0	0.0	0.01761	0.0	0.00939	0.0	0.00161	0.00121	0.00068	0.00113	0.0	0.0	0.0	0.02001	0.00118	0.0	0.0	0.0	0.0	0.0	0.0	0.0	0.0	
0.0	0.0	0.0	0.0	0.00021	0.0001	0.0	0.0	0.0	0.0	0.0	0.0	0.0	0.0	0.0	0.0	0.00041	0.00049	0.0	0.0	0.0	0.00133	0.00298	0.0	0.00141	0.00514	0.00098	0.0	0.0	0.0	0.0	0.0	0.0	0.0	0.0	0.0	0.0	0.0	0.0	0.00118	0.0	0.0	0.0	0.00026	0.0522	6e-05	0.0	0.0	0.0	0.0	0.0002	0.00037	0.00101	0.00018	0.0	0.0009	0.00063	0.0	0.0	0.0	0.01761	0.0	0.00939	0.0	0.00161	0.00121	0.00068	0.00113	0.0	0.0	0.0	0.02001	0.00118	0.0	0.0	0.0	0.0	0.0	0.0	0.0	0.0	
0.0	0.0	0.0	0.0	0.00021	0.0001	0.0	0.0	0.0	0.0	0.0	0.0	0.0	0.0	0.0	0.0	0.00041	0.00049	0.0	0.0	0.0	0.00133	0.00298	0.0	0.00141	0.00514	0.00098	0.0	0.0	0.0	0.0	0.0	0.0	0.0	0.0	0.0	0.0	0.0	0.0	0.00118	0.0	0.0	0.0	0.00026	0.0522	6e-05	0.0	0.0	0.0	0.0	0.0002	0.00037	0.00101	0.00018	0.0	0.0009	0.00063	0.0	0.0	0.0	0.01761	0.0	0.00939	0.0	0.00161	0.00121	0.00068	0.00113	0.0	0.0	0.0	0.02001	0.00118	0.0	0.0	0.0	0.0	0.0	0.0	0.0	0.0	
0.0	0.0	0.0	0.0	0.00021	0.0001	0.0	0.0	0.0	0.0	0.0	0.0	0.0	0.0	0.0	0.0	0.00036	0.00049	0.0	0.0	0.0	0.00012	0.0003	0.0	0.00013	0.00046	0.00014	0.0	0.0	0.0	0.0	0.0	0.0	0.0	0.0	0.0	0.0	0.0	0.0	0.00021	0.0	0.0	0.0	0.00047	0.00132	0.00034	0.0	0.0	0.0	0.0	0.0002	0.00037	0.00018	0.00044	0.0	7e-05	6e-05	0.0	0.0	0.0	0.00069	0.0	0.00044	0.0	0.00023	0.00015	4e-05	0.0001	0.0	0.0	0.0	0.00064	0.00021	0.0	0.0	0.0	0.0	0.0	0.0	0.0	0.0	
0.0	0.0	0.0	0.0	0.0	0.0	0.0	0.0	0.0	0.0	0.0	0.0	0.0	0.0	0.0	0.0	0.0	0.0	0.0	0.0	0.0	0.0	0.0	0.0	0.0	0.0	0.0	0.0	0.0	0.0	0.0	0.0	0.0	0.0	0.0	0.0	0.0	0.0	0.0	0.0	0.0	0.0	0.0	0.0	0.0	0.0	0.0	0.0	0.0	0.0	0.0	0.0	0.0	0.0	0.0	0.0	0.0	0.0	0.0	0.0	0.0	0.0	0.0	0.0	0.0	0.0	0.0	0.0	0.0	0.0	0.0	0.0	0.0	0.0	0.0	0.0	0.0	0.0	0.0	0.0	0.0	
0.0	0.0	0.0	0.0	0.0	0.0	0.0	0.0	0.0	0.0	0.0	0.0	0.0	0.0	0.0	0.0	0.0	0.0	0.0	0.0	0.0	0.0	0.0	0.0	0.0	0.0	0.0	0.0	0.0	0.0	0.0	0.0	0.0	0.0	0.0	0.0	0.0	0.0	0.0	0.0	0.0	0.0	0.0	0.0	0.0	0.0	0.0	0.0	0.0	0.0	0.0	0.0	0.0	0.0	0.0	0.0	0.0	0.0	0.0	0.0	0.0	0.0	0.0	0.0	0.0	0.0	0.0	0.0	0.0	0.0	0.0	0.0	0.0	0.0	0.0	0.0	0.0	0.0	0.0	0.0	0.0	
0.0	0.0	0.0	0.0	0.00021	0.0001	0.0	0.0	0.0	0.0	0.0	0.0	0.0	0.0	0.0	0.0	0.00036	0.00049	0.0	0.0	0.0	0.00012	0.0003	0.0	0.00013	0.00046	0.00014	0.0	0.0	0.0	0.0	0.0	0.0	0.0	0.0	0.0	0.0	0.0	0.0	0.00021	0.0	0.0	0.0	0.00047	0.00132	0.00034	0.0	0.0	0.0	0.0	0.0002	0.00037	0.00018	0.00044	0.0	7e-05	6e-05	0.0	0.0	0.0	0.00069	0.0	0.00044	0.0	0.00023	0.00015	4e-05	0.0001	0.0	0.0	0.0	0.00064	0.00021	0.0	0.0	0.0	0.0	0.0	0.0	0.0	0.0	
0.0	0.0	0.0	0.0	0.00021	0.0001	0.0	0.0	0.0	0.0	0.0	0.0	0.0	0.0	0.0	0.0	0.00036	0.00049	0.0	0.0	0.0	0.00012	0.0003	0.0	0.00013	0.00046	0.00014	0.0	0.0	0.0	0.0	0.0	0.0	0.0	0.0	0.0	0.0	0.0	0.0	0.00021	0.0	0.0	0.0	0.00047	0.00132	0.00034	0.0	0.0	0.0	0.0	0.0002	0.00037	0.00018	0.00044	0.0	7e-05	6e-05	0.0	0.0	0.0	0.00069	0.0	0.00044	0.0	0.00023	0.00015	4e-05	0.0001	0.0	0.0	0.0	0.00064	0.00021	0.0	0.0	0.0	0.0	0.0	0.0	0.0	0.0	
0.0	0.0	0.0	0.0	0.00021	0.0001	0.0	0.0	0.0	0.0	0.0	0.0	0.0	0.0	0.0	0.0	0.00036	0.00049	0.0	0.0	0.0	0.00012	0.0003	0.0	0.00013	0.00046	0.00014	0.0	0.0	0.0	0.0	0.0	0.0	0.0	0.0	0.0	0.0	0.0	0.0	0.00021	0.0	0.0	0.0	0.00047	0.00132	0.00034	0.0	0.0	0.0	0.0	0.0002	0.00037	0.00018	0.00044	0.0	7e-05	6e-05	0.0	0.0	0.0	0.00069	0.0	0.00044	0.0	0.00023	0.00015	4e-05	0.0001	0.0	0.0	0.0	0.00064	0.00021	0.0	0.0	0.0	0.0	0.0	0.0	0.0	0.0	
0.0	0.0	0.0	0.0	0.00021	0.0001	0.0	0.0	0.0	0.0	0.0	0.0	0.0	0.0	0.0	0.0	0.00036	0.00049	0.0	0.0	0.0	0.00012	0.0003	0.0	0.00013	0.00046	0.00014	0.0	0.0	0.0	0.0	0.0	0.0	0.0	0.0	0.0	0.0	0.0	0.0	0.00021	0.0	0.0	0.0	0.00047	0.00132	0.00034	0.0	0.0	0.0	0.0	0.0002	0.00037	0.00018	0.00044	0.0	7e-05	6e-05	0.0	0.0	0.0	0.00069	0.0	0.00044	0.0	0.00023	0.00015	4e-05	0.0001	0.0	0.0	0.0	0.00064	0.00021	0.0	0.0	0.0	0.0	0.0	0.0	0.0	0.0	
0.00041	0.00041	0.00041	0.00041	0.02109	0.11457	0.00041	0.00041	0.00041	0.00036	0.0	0.0	0.00036	0.00036	0.00036	0.00036	0.0	1.10105	0.0	0.0	0.0	0.134	0.22182	0.0	0.08481	0.10397	0.03476	0.00036	0.00036	0.00036	0.00036	0.00036	0.00036	0.00036	0.00036	0.00036	0.00036	0.00036	0.00036	0.03356	0.00036	0.00036	0.00036	0.01343	0.02577	0.6049	0.0	0.0	0.0	0.0	0.05627	0.5237	0.17852	0.23265	0.00036	0.06253	0.03616	0.00036	0.00036	0.00036	0.04793	0.00036	0.04628	0.00036	0.05492	0.04779	0.13743	0.05546	0.00036	0.00036	0.00036	0.04108	0.03356	0.00036	0.00036	0.00036	0.00036	0.00036	0.00036	0.00036	0.00036	
0.00049	0.00049	0.00049	0.00049	0.15262	0.12859	0.00049	0.00049	0.00049	0.00049	0.0	0.0	0.00049	0.00049	0.00049	0.00049	1.10105	0.0	0.0	0.0	0.0	0.36894	0.52278	0.0	0.46526	0.26383	0.07541	0.00049	0.00049	0.00049	0.00049	0.00049	0.00049	0.00049	0.00049	0.00049	0.00049	0.00049	0.00049	0.07491	0.00049	0.00049	0.00049	0.02767	0.18148	0.79595	0.0	0.0	0.0	0.0	0.096	0.66544	0.60227	0.29529	0.00049	0.08383	0.06527	0.00049	0.00049	0.00049	0.16611	0.00049	0.05154	0.00049	0.13283	0.10874	0.16967	0.09674	0.00049	0.00049	0.00049	0.15525	0.07491	0.00049	0.00049	0.00049	0.00049	0.00049	0.00049	0.00049	0.00049	
0.0	0.0	0.0	0.0	0.0	0.0	0.0	0.0	0.0	0.0	0.0	0.0	0.0	0.0	0.0	0.0	0.0	0.0	0.0	0.0	0.0	0.0	0.0	0.0	0.0	0.0	0.0	0.0	0.0	0.0	0.0	0.0	0.0	0.0	0.0	0.0	0.0	0.0	0.0	0.0	0.0	0.0	0.0	0.0	0.0	0.0	0.0	0.0	0.0	0.0	0.0	0.0	0.0	0.0	0.0	0.0	0.0	0.0	0.0	0.0	0.0	0.0	0.0	0.0	0.0	0.0	0.0	0.0	0.0	0.0	0.0	0.0	0.0	0.0	0.0	0.0	0.0	0.0	0.0	0.0	0.0	
0.0	0.0	0.0	0.0	0.0	0.0	0.0	0.0	0.0	0.0	0.0	0.0	0.0	0.0	0.0	0.0	0.0	0.0	0.0	0.0	0.0	0.0	0.0	0.0	0.0	0.0	0.0	0.0	0.0	0.0	0.0	0.0	0.0	0.0	0.0	0.0	0.0	0.0	0.0	0.0	0.0	0.0	0.0	0.0	0.0	0.0	0.0	0.0	0.0	0.0	0.0	0.0	0.0	0.0	0.0	0.0	0.0	0.0	0.0	0.0	0.0	0.0	0.0	0.0	0.0	0.0	0.0	0.0	0.0	0.0	0.0	0.0	0.0	0.0	0.0	0.0	0.0	0.0	0.0	0.0	0.0	
0.0	0.0	0.0	0.0	0.0	0.0	0.0	0.0	0.0	0.0	0.0	0.0	0.0	0.0	0.0	0.0	0.0	0.0	0.0	0.0	0.0	0.0	0.0	0.0	0.0	0.0	0.0	0.0	0.0	0.0	0.0	0.0	0.0	0.0	0.0	0.0	0.0	0.0	0.0	0.0	0.0	0.0	0.0	0.0	0.0	0.0	0.0	0.0	0.0	0.0	0.0	0.0	0.0	0.0	0.0	0.0	0.0	0.0	0.0	0.0	0.0	0.0	0.0	0.0	0.0	0.0	0.0	0.0	0.0	0.0	0.0	0.0	0.0	0.0	0.0	0.0	0.0	0.0	0.0	0.0	0.0	
0.00133	0.00133	0.00133	0.00133	0.21473	0.32174	0.00133	0.00133	0.00133	0.00012	0.0	0.0	0.00012	0.00012	0.00012	0.00012	0.134	0.36894	0.0	0.0	0.0	0.0	0.25933	0.0	0.23691	0.15151	0.18995	0.00012	0.00012	0.00012	0.00012	0.00012	0.00012	0.00012	0.00012	0.00012	0.00012	0.00012	0.00012	0.15994	0.00012	0.00012	0.00012	0.03321	0.07398	0.09308	0.0	0.0	0.0	0.0	0.14037	0.42108	0.22005	0.05228	0.00012	0.06652	0.1206	0.00012	0.00012	0.00012	0.18256	0.00012	0.15139	0.00012	0.29218	0.29214	0.46668	0.31504	0.00012	0.00012	0.00012	0.1313	0.15994	0.00012	0.00012	0.00012	0.00012	0.00012	0.00012	0.00012	0.00012	
0.00298	0.00298	0.00298	0.00298	0.29299	0.36622	0.00298	0.00298	0.00298	0.0003	0.0	0.0	0.0003	0.0003	0.0003	0.0003	0.22182	0.52278	0.0	0.0	0.0	0.25933	0.0	0.0	0.24117	0.29374	0.13431	0.0003	0.0003	0.0003	0.0003	0.0003	0.0003	0.0003	0.0003	0.0003	0.0003	0.0003	0.0003	0.11312	0.0003	0.0003	0.0003	0.10242	0.13631	0.17785	0.0	0.0	0.0	0.0	0.4388	0.60965	0.20096	0.08715	0.0003	0.20837	0.2196	0.0003	0.0003	0.0003	0.22607	0.0003	0.08906	0.0003	0.20648	0.20645	0.19347	0.18206	0.0003	0.0003	0.0003	0.20691	0.11312	0.0003	0.0003	0.0003	0.0003	0.0003	0.0003	0.0003	0.0003	
0.0	0.0	0.0	0.0	0.0	0.0	0.0	0.0	0.0	0.0	0.0	0.0	0.0	0.0	0.0	0.0	0.0	0.0	0.0	0.0	0.0	0.0	0.0	0.0	0.0	0.0	0.0	0.0	0.0	0.0	0.0	0.0	0.0	0.0	0.0	0.0	0.0	0.0	0.0	0.0	0.0	0.0	0.0	0.0	0.0	0.0	0.0	0.0	0.0	0.0	0.0	0.0	0.0	0.0	0.0	0.0	0.0	0.0	0.0	0.0	0.0	0.0	0.0	0.0	0.0	0.0	0.0	0.0	0.0	0.0	0.0	0.0	0.0	0.0	0.0	0.0	0.0	0.0	0.0	0.0	0.0	
0.00141	0.00141	0.00141	0.00141	0.4081	0.07361	0.00141	0.00141	0.00141	0.00013	0.0	0.0	0.00013	0.00013	0.00013	0.00013	0.08481	0.46526	0.0	0.0	0.0	0.23691	0.24117	0.0	0.0	0.12549	0.19327	0.00013	0.00013	0.00013	0.00013	0.00013	0.00013	0.00013	0.00013	0.00013	0.00013	0.00013	0.00013	0.16273	0.00013	0.00013	0.00013	0.03515	0.0781	0.17169	0.0	0.0	0.0	0.0	0.21764	0.1907	0.46189	0.05534	0.00013	0.18502	0.16037	0.00013	0.00013	0.00013	0.18836	0.00013	0.16072	0.00013	0.29729	0.29725	0.12269	0.27294	0.00013	0.00013	0.00013	0.13904	0.16273	0.00013	0.00013	0.00013	0.00013	0.00013	0.00013	0.00013	0.00013	
0.00514	0.00514	0.00514	0.00514	0.02983	0.07383	0.00514	0.00514	0.00514	0.00046	0.0	0.0	0.00046	0.00046	0.00046	0.00046	0.10397	0.26383	0.0	0.0	0.0	0.15151	0.29374	0.0	0.12549	0.0	0.05312	0.00046	0.00046	0.00046	0.00046	0.00046	0.00046	0.00046	0.00046	0.00046	0.00046	0.00046	0.00046	0.47122	0.00046	0.00046	0.00046	0.01852	0.19834	0.0497	0.0	0.0	0.0	0.0	0.07388	0.08952	0.27974	0.02869	0.00046	0.09861	0.19122	0.00046	0.00046	0.00046	0.5915	0.00046	0.06944	0.00046	0.23424	0.37657	0.16533	0.32764	0.00046	0.00046	0.00046	0.17813	0.47122	0.00046	0.00046	0.00046	0.00046	0.00046	0.00046	0.00046	0.00046	
0.00098	0.00098	0.00098	0.00098	0.01852	0.10056	0.00098	0.00098	0.00098	0.00014	0.0	0.0	0.00014	0.00014	0.00014	0.00014	0.03476	0.07541	0.0	0.0	0.0	0.18995	0.13431	0.0	0.19327	0.05312	0.0	0.00014	0.00014	0.00014	0.00014	0.00014	0.00014	0.00014	0.00014	0.00014	0.00014	0.00014	0.00014	0.02846	0.00014	0.00014	0.00014	0.0115	0.02203	0.02765	0.0	0.0	0.0	0.0	0.05404	0.05989	0.09096	0.01729	0.00014	0.16445	0.06366	0.00014	0.00014	0.00014	0.04014	0.00014	0.03903	0.00014	0.1882	0.36293	0.21357	0.23055	0.00014	0.00014	0.00014	0.03453	0.02846	0.00014	0.00014	0.00014	0.00014	0.00014	0.00014	0.00014	0.00014	
0.0	0.0	0.0	0.0	0.00021	0.0001	0.0	0.0	0.0	0.0	0.0	0.0	0.0	0.0	0.0	0.0	0.00036	0.00049	0.0	0.0	0.0	0.00012	0.0003	0.0	0.00013	0.00046	0.00014	0.0	0.0	0.0	0.0	0.0	0.0	0.0	0.0	0.0	0.0	0.0	0.0	0.00021	0.0	0.0	0.0	0.00047	0.00132	0.00034	0.0	0.0	0.0	0.0	0.0002	0.00037	0.00018	0.00044	0.0	7e-05	6e-05	0.0	0.0	0.0	0.00069	0.0	0.00044	0.0	0.00023	0.00015	4e-05	0.0001	0.0	0.0	0.0	0.00064	0.00021	0.0	0.0	0.0	0.0	0.0	0.0	0.0	0.0	
0.0	0.0	0.0	0.0	0.00021	0.0001	0.0	0.0	0.0	0.0	0.0	0.0	0.0	0.0	0.0	0.0	0.00036	0.00049	0.0	0.0	0.0	0.00012	0.0003	0.0	0.00013	0.00046	0.00014	0.0	0.0	0.0	0.0	0.0	0.0	0.0	0.0	0.0	0.0	0.0	0.0	0.00021	0.0	0.0	0.0	0.00047	0.00132	0.00034	0.0	0.0	0.0	0.0	0.0002	0.00037	0.00018	0.00044	0.0	7e-05	6e-05	0.0	0.0	0.0	0.00069	0.0	0.00044	0.0	0.00023	0.00015	4e-05	0.0001	0.0	0.0	0.0	0.00064	0.00021	0.0	0.0	0.0	0.0	0.0	0.0	0.0	0.0	
0.0	0.0	0.0	0.0	0.00021	0.0001	0.0	0.0	0.0	0.0	0.0	0.0	0.0	0.0	0.0	0.0	0.00036	0.00049	0.0	0.0	0.0	0.00012	0.0003	0.0	0.00013	0.00046	0.00014	0.0	0.0	0.0	0.0	0.0	0.0	0.0	0.0	0.0	0.0	0.0	0.0	0.00021	0.0	0.0	0.0	0.00047	0.00132	0.00034	0.0	0.0	0.0	0.0	0.0002	0.00037	0.00018	0.00044	0.0	7e-05	6e-05	0.0	0.0	0.0	0.00069	0.0	0.00044	0.0	0.00023	0.00015	4e-05	0.0001	0.0	0.0	0.0	0.00064	0.00021	0.0	0.0	0.0	0.0	0.0	0.0	0.0	0.0	
0.0	0.0	0.0	0.0	0.00021	0.0001	0.0	0.0	0.0	0.0	0.0	0.0	0.0	0.0	0.0	0.0	0.00036	0.00049	0.0	0.0	0.0	0.00012	0.0003	0.0	0.00013	0.00046	0.00014	0.0	0.0	0.0	0.0	0.0	0.0	0.0	0.0	0.0	0.0	0.0	0.0	0.00021	0.0	0.0	0.0	0.00047	0.00132	0.00034	0.0	0.0	0.0	0.0	0.0002	0.00037	0.00018	0.00044	0.0	7e-05	6e-05	0.0	0.0	0.0	0.00069	0.0	0.00044	0.0	0.00023	0.00015	4e-05	0.0001	0.0	0.0	0.0	0.00064	0.00021	0.0	0.0	0.0	0.0	0.0	0.0	0.0	0.0	
0.0	0.0	0.0	0.0	0.00021	0.0001	0.0	0.0	0.0	0.0	0.0	0.0	0.0	0.0	0.0	0.0	0.00036	0.00049	0.0	0.0	0.0	0.00012	0.0003	0.0	0.00013	0.00046	0.00014	0.0	0.0	0.0	0.0	0.0	0.0	0.0	0.0	0.0	0.0	0.0	0.0	0.00021	0.0	0.0	0.0	0.00047	0.00132	0.00034	0.0	0.0	0.0	0.0	0.0002	0.00037	0.00018	0.00044	0.0	7e-05	6e-05	0.0	0.0	0.0	0.00069	0.0	0.00044	0.0	0.00023	0.00015	4e-05	0.0001	0.0	0.0	0.0	0.00064	0.00021	0.0	0.0	0.0	0.0	0.0	0.0	0.0	0.0	
0.0	0.0	0.0	0.0	0.00021	0.0001	0.0	0.0	0.0	0.0	0.0	0.0	0.0	0.0	0.0	0.0	0.00036	0.00049	0.0	0.0	0.0	0.00012	0.0003	0.0	0.00013	0.00046	0.00014	0.0	0.0	0.0	0.0	0.0	0.0	0.0	0.0	0.0	0.0	0.0	0.0	0.00021	0.0	0.0	0.0	0.00047	0.00132	0.00034	0.0	0.0	0.0	0.0	0.0002	0.00037	0.00018	0.00044	0.0	7e-05	6e-05	0.0	0.0	0.0	0.00069	0.0	0.00044	0.0	0.00023	0.00015	4e-05	0.0001	0.0	0.0	0.0	0.00064	0.00021	0.0	0.0	0.0	0.0	0.0	0.0	0.0	0.0	
0.0	0.0	0.0	0.0	0.00021	0.0001	0.0	0.0	0.0	0.0	0.0	0.0	0.0	0.0	0.0	0.0	0.00036	0.00049	0.0	0.0	0.0	0.00012	0.0003	0.0	0.00013	0.00046	0.00014	0.0	0.0	0.0	0.0	0.0	0.0	0.0	0.0	0.0	0.0	0.0	0.0	0.00021	0.0	0.0	0.0	0.00047	0.00132	0.00034	0.0	0.0	0.0	0.0	0.0002	0.00037	0.00018	0.00044	0.0	7e-05	6e-05	0.0	0.0	0.0	0.00069	0.0	0.00044	0.0	0.00023	0.00015	4e-05	0.0001	0.0	0.0	0.0	0.00064	0.00021	0.0	0.0	0.0	0.0	0.0	0.0	0.0	0.0	
0.0	0.0	0.0	0.0	0.00021	0.0001	0.0	0.0	0.0	0.0	0.0	0.0	0.0	0.0	0.0	0.0	0.00036	0.00049	0.0	0.0	0.0	0.00012	0.0003	0.0	0.00013	0.00046	0.00014	0.0	0.0	0.0	0.0	0.0	0.0	0.0	0.0	0.0	0.0	0.0	0.0	0.00021	0.0	0.0	0.0	0.00047	0.00132	0.00034	0.0	0.0	0.0	0.0	0.0002	0.00037	0.00018	0.00044	0.0	7e-05	6e-05	0.0	0.0	0.0	0.00069	0.0	0.00044	0.0	0.00023	0.00015	4e-05	0.0001	0.0	0.0	0.0	0.00064	0.00021	0.0	0.0	0.0	0.0	0.0	0.0	0.0	0.0	
0.0	0.0	0.0	0.0	0.00021	0.0001	0.0	0.0	0.0	0.0	0.0	0.0	0.0	0.0	0.0	0.0	0.00036	0.00049	0.0	0.0	0.0	0.00012	0.0003	0.0	0.00013	0.00046	0.00014	0.0	0.0	0.0	0.0	0.0	0.0	0.0	0.0	0.0	0.0	0.0	0.0	0.00021	0.0	0.0	0.0	0.00047	0.00132	0.00034	0.0	0.0	0.0	0.0	0.0002	0.00037	0.00018	0.00044	0.0	7e-05	6e-05	0.0	0.0	0.0	0.00069	0.0	0.00044	0.0	0.00023	0.00015	4e-05	0.0001	0.0	0.0	0.0	0.00064	0.00021	0.0	0.0	0.0	0.0	0.0	0.0	0.0	0.0	
0.0	0.0	0.0	0.0	0.00021	0.0001	0.0	0.0	0.0	0.0	0.0	0.0	0.0	0.0	0.0	0.0	0.00036	0.00049	0.0	0.0	0.0	0.00012	0.0003	0.0	0.00013	0.00046	0.00014	0.0	0.0	0.0	0.0	0.0	0.0	0.0	0.0	0.0	0.0	0.0	0.0	0.00021	0.0	0.0	0.0	0.00047	0.00132	0.00034	0.0	0.0	0.0	0.0	0.0002	0.00037	0.00018	0.00044	0.0	7e-05	6e-05	0.0	0.0	0.0	0.00069	0.0	0.00044	0.0	0.00023	0.00015	4e-05	0.0001	0.0	0.0	0.0	0.00064	0.00021	0.0	0.0	0.0	0.0	0.0	0.0	0.0	0.0	
0.0	0.0	0.0	0.0	0.00021	0.0001	0.0	0.0	0.0	0.0	0.0	0.0	0.0	0.0	0.0	0.0	0.00036	0.00049	0.0	0.0	0.0	0.00012	0.0003	0.0	0.00013	0.00046	0.00014	0.0	0.0	0.0	0.0	0.0	0.0	0.0	0.0	0.0	0.0	0.0	0.0	0.00021	0.0	0.0	0.0	0.00047	0.00132	0.00034	0.0	0.0	0.0	0.0	0.0002	0.00037	0.00018	0.00044	0.0	7e-05	6e-05	0.0	0.0	0.0	0.00069	0.0	0.00044	0.0	0.00023	0.00015	4e-05	0.0001	0.0	0.0	0.0	0.00064	0.00021	0.0	0.0	0.0	0.0	0.0	0.0	0.0	0.0	
0.0	0.0	0.0	0.0	0.00021	0.0001	0.0	0.0	0.0	0.0	0.0	0.0	0.0	0.0	0.0	0.0	0.00036	0.00049	0.0	0.0	0.0	0.00012	0.0003	0.0	0.00013	0.00046	0.00014	0.0	0.0	0.0	0.0	0.0	0.0	0.0	0.0	0.0	0.0	0.0	0.0	0.00021	0.0	0.0	0.0	0.00047	0.00132	0.00034	0.0	0.0	0.0	0.0	0.0002	0.00037	0.00018	0.00044	0.0	7e-05	6e-05	0.0	0.0	0.0	0.00069	0.0	0.00044	0.0	0.00023	0.00015	4e-05	0.0001	0.0	0.0	0.0	0.00064	0.00021	0.0	0.0	0.0	0.0	0.0	0.0	0.0	0.0	
0.00118	0.00118	0.00118	0.00118	0.01913	0.09251	0.00118	0.00118	0.00118	0.00021	0.0	0.0	0.00021	0.00021	0.00021	0.00021	0.03356	0.07491	0.0	0.0	0.0	0.15994	0.11312	0.0	0.16273	0.47122	0.02846	0.00021	0.00021	0.00021	0.00021	0.00021	0.00021	0.00021	0.00021	0.00021	0.00021	0.00021	0.00021	0.0	0.00021	0.00021	0.00021	0.01218	0.02244	0.02698	0.0	0.0	0.0	0.0	0.04866	0.05723	0.40539	0.01783	0.00021	0.05048	0.19346	0.00021	0.00021	0.00021	0.56678	0.00021	0.03823	0.00021	0.33724	0.56466	0.04031	0.5078	0.00021	0.00021	0.00021	0.03319	0.99991	0.00021	0.00021	0.00021	0.00021	0.00021	0.00021	0.00021	0.00021	
0.0	0.0	0.0	0.0	0.00021	0.0001	0.0	0.0	0.0	0.0	0.0	0.0	0.0	0.0	0.0	0.0	0.00036	0.00049	0.0	0.0	0.0	0.00012	0.0003	0.0	0.00013	0.00046	0.00014	0.0	0.0	0.0	0.0	0.0	0.0	0.0	0.0	0.0	0.0	0.0	0.0	0.00021	0.0	0.0	0.0	0.00047	0.00132	0.00034	0.0	0.0	0.0	0.0	0.0002	0.00037	0.00018	0.00044	0.0	7e-05	6e-05	0.0	0.0	0.0	0.00069	0.0	0.00044	0.0	0.00023	0.00015	4e-05	0.0001	0.0	0.0	0.0	0.00064	0.00021	0.0	0.0	0.0	0.0	0.0	0.0	0.0	0.0	
0.0	0.0	0.0	0.0	0.00021	0.0001	0.0	0.0	0.0	0.0	0.0	0.0	0.0	0.0	0.0	0.0	0.00036	0.00049	0.0	0.0	0.0	0.00012	0.0003	0.0	0.00013	0.00046	0.00014	0.0	0.0	0.0	0.0	0.0	0.0	0.0	0.0	0.0	0.0	0.0	0.0	0.00021	0.0	0.0	0.0	0.00047	0.00132	0.00034	0.0	0.0	0.0	0.0	0.0002	0.00037	0.00018	0.00044	0.0	7e-05	6e-05	0.0	0.0	0.0	0.00069	0.0	0.00044	0.0	0.00023	0.00015	4e-05	0.0001	0.0	0.0	0.0	0.00064	0.00021	0.0	0.0	0.0	0.0	0.0	0.0	0.0	0.0	
0.0	0.0	0.0	0.0	0.00021	0.0001	0.0	0.0	0.0	0.0	0.0	0.0	0.0	0.0	0.0	0.0	0.00036	0.00049	0.0	0.0	0.0	0.00012	0.0003	0.0	0.00013	0.00046	0.00014	0.0	0.0	0.0	0.0	0.0	0.0	0.0	0.0	0.0	0.0	0.0	0.0	0.00021	0.0	0.0	0.0	0.00047	0.00132	0.00034	0.0	0.0	0.0	0.0	0.0002	0.00037	0.00018	0.00044	0.0	7e-05	6e-05	0.0	0.0	0.0	0.00069	0.0	0.00044	0.0	0.00023	0.00015	4e-05	0.0001	0.0	0.0	0.0	0.00064	0.00021	0.0	0.0	0.0	0.0	0.0	0.0	0.0	0.0	
0.00026	0.00026	0.00026	0.00026	0.00858	0.04954	0.00026	0.00026	0.00026	0.00047	0.0	0.0	0.00047	0.00047	0.00047	0.00047	0.01343	0.02767	0.0	0.0	0.0	0.03321	0.10242	0.0	0.03515	0.01852	0.0115	0.00047	0.00047	0.00047	0.00047	0.00047	0.00047	0.00047	0.00047	0.00047	0.00047	0.00047	0.00047	0.01218	0.00047	0.00047	0.00047	0.0	0.01058	0.01111	0.0	0.0	0.0	0.0	0.1825	0.02073	0.02912	0.00846	0.00047	0.01974	0.02149	0.00047	0.00047	0.00047	0.01498	0.00047	0.01573	0.00047	0.01787	0.01458	0.0153	0.0163	0.00047	0.00047	0.00047	0.01331	0.01218	0.00047	0.00047	0.00047	0.00047	0.00047	0.00047	0.00047	0.00047	
0.0522	0.0522	0.0522	0.0522	0.03172	0.04847	0.0522	0.0522	0.0522	0.00132	0.0	0.0	0.00132	0.00132	0.00132	0.00132	0.02577	0.18148	0.0	0.0	0.0	0.07398	0.13631	0.0	0.0781	0.19834	0.02203	0.00132	0.00132	0.00132	0.00132	0.00132	0.00132	0.00132	0.00132	0.00132	0.00132	0.00132	0.00132	0.02244	0.00132	0.00132	0.00132	0.01058	0.0	0.02101	0.0	0.0	0.0	0.0	0.20086	0.12736	0.06046	0.01479	0.00132	0.03831	0.0437	0.00132	0.00132	0.00132	0.45674	0.00132	0.29348	0.00132	0.03424	0.02872	0.03035	0.03255	0.00132	0.00132	0.00132	0.50964	0.02244	0.00132	0.00132	0.00132	0.00132	0.00132	0.00132	0.00132	0.00132	
6e-05	6e-05	6e-05	6e-05	0.01695	0.09041	6e-05	6e-05	6e-05	0.00034	0.0	0.0	0.00034	0.00034	0.00034	0.00034	0.6049	0.79595	0.0	0.0	0.0	0.09308	0.17785	0.0	0.17169	0.0497	0.02765	0.00034	0.00034	0.00034	0.00034	0.00034	0.00034	0.00034	0.00034	0.00034	0.00034	0.00034	0.00034	0.02698	0.00034	0.00034	0.00034	0.01111	0.02101	0.0	0.0	0.0	0.0	0.0	0.04333	0.55272	0.13138	0.50607	0.00034	0.0492	0.10656	0.00034	0.00034	0.00034	0.03773	0.00034	0.03684	0.00034	0.04343	0.03753	0.0399	0.04328	0.00034	0.00034	0.00034	0.03253	0.02698	0.00034	0.00034	0.00034	0.00034	0.00034	0.00034	0.00034	0.00034	
0.0	0.0	0.0	0.0	0.0	0.0	0.0	0.0	0.0	0.0	0.0	0.0	0.0	0.0	0.0	0.0	0.0	0.0	0.0	0.0	0.0	0.0	0.0	0.0	0.0	0.0	0.0	0.0	0.0	0.0	0.0	0.0	0.0	0.0	0.0	0.0	0.0	0.0	0.0	0.0	0.0	0.0	0.0	0.0	0.0	0.0	0.0	0.0	0.0	0.0	0.0	0.0	0.0	0.0	0.0	0.0	0.0	0.0	0.0	0.0	0.0	0.0	0.0	0.0	0.0	0.0	0.0	0.0	0.0	0.0	0.0	0.0	0.0	0.0	0.0	0.0	0.0	0.0	0.0	0.0	0.0	
0.0	0.0	0.0	0.0	0.0	0.0	0.0	0.0	0.0	0.0	0.0	0.0	0.0	0.0	0.0	0.0	0.0	0.0	0.0	0.0	0.0	0.0	0.0	0.0	0.0	0.0	0.0	0.0	0.0	0.0	0.0	0.0	0.0	0.0	0.0	0.0	0.0	0.0	0.0	0.0	0.0	0.0	0.0	0.0	0.0	0.0	0.0	0.0	0.0	0.0	0.0	0.0	0.0	0.0	0.0	0.0	0.0	0.0	0.0	0.0	0.0	0.0	0.0	0.0	0.0	0.0	0.0	0.0	0.0	0.0	0.0	0.0	0.0	0.0	0.0	0.0	0.0	0.0	0.0	0.0	0.0	
0.0	0.0	0.0	0.0	0.0	0.0	0.0	0.0	0.0	0.0	0.0	0.0	0.0	0.0	0.0	0.0	0.0	0.0	0.0	0.0	0.0	0.0	0.0	0.0	0.0	0.0	0.0	0.0	0.0	0.0	0.0	0.0	0.0	0.0	0.0	0.0	0.0	0.0	0.0	0.0	0.0	0.0	0.0	0.0	0.0	0.0	0.0	0.0	0.0	0.0	0.0	0.0	0.0	0.0	0.0	0.0	0.0	0.0	0.0	0.0	0.0	0.0	0.0	0.0	0.0	0.0	0.0	0.0	0.0	0.0	0.0	0.0	0.0	0.0	0.0	0.0	0.0	0.0	0.0	0.0	0.0	
0.0	0.0	0.0	0.0	0.0	0.0	0.0	0.0	0.0	0.0	0.0	0.0	0.0	0.0	0.0	0.0	0.0	0.0	0.0	0.0	0.0	0.0	0.0	0.0	0.0	0.0	0.0	0.0	0.0	0.0	0.0	0.0	0.0	0.0	0.0	0.0	0.0	0.0	0.0	0.0	0.0	0.0	0.0	0.0	0.0	0.0	0.0	0.0	0.0	0.0	0.0	0.0	0.0	0.0	0.0	0.0	0.0	0.0	0.0	0.0	0.0	0.0	0.0	0.0	0.0	0.0	0.0	0.0	0.0	0.0	0.0	0.0	0.0	0.0	0.0	0.0	0.0	0.0	0.0	0.0	0.0	
0.0002	0.0002	0.0002	0.0002	0.02648	0.14579	0.0002	0.0002	0.0002	0.0002	0.0	0.0	0.0002	0.0002	0.0002	0.0002	0.05627	0.096	0.0	0.0	0.0	0.14037	0.4388	0.0	0.21764	0.07388	0.05404	0.0002	0.0002	0.0002	0.0002	0.0002	0.0002	0.0002	0.0002	0.0002	0.0002	0.0002	0.0002	0.04866	0.0002	0.0002	0.0002	0.1825	0.20086	0.04333	0.0	0.0	0.0	0.0	0.0	0.17705	0.18778	0.02785	0.0002	0.06073	0.10139	0.0002	0.0002	0.0002	0.15123	0.0002	0.4453	0.0002	0.08159	0.06802	0.04934	0.07952	0.0002	0.0002	0.0002	0.44524	0.04866	0.0002	0.0002	0.0002	0.0002	0.0002	0.0002	0.0002	0.0002	
0.00037	0.00037	0.00037	0.00037	0.03038	0.17044	0.00037	0.00037	0.00037	0.00037	0.0	0.0	0.00037	0.00037	0.00037	0.00037	0.5237	0.66544	0.0	0.0	0.0	0.42108	0.60965	0.0	0.1907	0.08952	0.05989	0.00037	0.00037	0.00037	0.00037	0.00037	0.00037	0.00037	0.00037	0.00037	0.00037	0.00037	0.00037	0.05723	0.00037	0.00037	0.00037	0.02073	0.12736	0.55272	0.0	0.0	0.0	0.0	0.17705	0.0	0.17717	0.20811	0.00037	0.07213	0.17702	0.00037	0.00037	0.00037	0.13718	0.00037	0.28206	0.00037	0.10042	0.08641	0.15949	0.10312	0.00037	0.00037	0.00037	0.28202	0.05723	0.00037	0.00037	0.00037	0.00037	0.00037	0.00037	0.00037	0.00037	
0.00101	0.00101	0.00101	0.00101	0.06593	0.06431	0.00101	0.00101	0.00101	0.00018	0.0	0.0	0.00018	0.00018	0.00018	0.00018	0.17852	0.60227	0.0	0.0	0.0	0.22005	0.20096	0.0	0.46189	0.27974	0.09096	0.00018	0.00018	0.00018	0.00018	0.00018	0.00018	0.00018	0.00018	0.00018	0.00018	0.00018	0.00018	0.40539	0.00018	0.00018	0.00018	0.02912	0.06046	0.13138	0.0	0.0	0.0	0.0	0.18778	0.17717	0.0	0.06926	0.00018	0.04505	0.16709	0.00018	0.00018	0.00018	0.37193	0.00018	0.12288	0.00018	0.24137	0.37173	0.14044	0.29576	0.00018	0.00018	0.00018	0.11149	0.40539	0.00018	0.00018	0.00018	0.00018	0.00018	0.00018	0.00018	0.00018	
0.00018	0.00018	0.00018	0.00018	0.0121	0.05252	0.00018	0.00018	0.00018	0.00044	0.0	0.0	0.00044	0.00044	0.00044	0.00044	0.23265	0.29529	0.0	0.0	0.0	0.05228	0.08715	0.0	0.05534	0.02869	0.01729	0.00044	0.00044	0.00044	0.00044	0.00044	0.00044	0.00044	0.00044	0.00044	0.00044	0.00044	0.00044	0.01783	0.00044	0.00044	0.00044	0.00846	0.01479	0.50607	0.0	0.0	0.0	0.0	0.02785	0.20811	0.06926	0.0	0.00044	0.03004	0.09997	0.00044	0.00044	0.00044	0.02271	0.00044	0.02341	0.00044	0.02695	0.02237	0.0236	0.02525	0.00044	0.00044	0.00044	0.02	0.01783	0.00044	0.00044	0.00044	0.00044	0.00044	0.00044	0.00044	0.00044	
0.0	0.0	0.0	0.0	0.00021	0.0001	0.0	0.0	0.0	0.0	0.0	0.0	0.0	0.0	0.0	0.0	0.00036	0.00049	0.0	0.0	0.0	0.00012	0.0003	0.0	0.00013	0.00046	0.00014	0.0	0.0	0.0	0.0	0.0	0.0	0.0	0.0	0.0	0.0	0.0	0.0	0.00021	0.0	0.0	0.0	0.00047	0.00132	0.00034	0.0	0.0	0.0	0.0	0.0002	0.00037	0.00018	0.00044	0.0	7e-05	6e-05	0.0	0.0	0.0	0.00069	0.0	0.00044	0.0	0.00023	0.00015	4e-05	0.0001	0.0	0.0	0.0	0.00064	0.00021	0.0	0.0	0.0	0.0	0.0	0.0	0.0	0.0	
0.0009	0.0009	0.0009	0.0009	0.1363	0.01996	0.0009	0.0009	0.0009	7e-05	0.0	0.0	7e-05	7e-05	7e-05	7e-05	0.06253	0.08383	0.0	0.0	0.0	0.06652	0.20837	0.0	0.18502	0.09861	0.16445	7e-05	7e-05	7e-05	7e-05	7e-05	7e-05	7e-05	7e-05	7e-05	7e-05	7e-05	7e-05	0.05048	7e-05	7e-05	7e-05	0.01974	0.03831	0.0492	0.0	0.0	0.0	0.0	0.06073	0.07213	0.04505	0.03004	7e-05	0.0	0.17403	7e-05	7e-05	7e-05	0.07279	7e-05	0.029	7e-05	0.01513	0.15984	0.05702	0.07977	7e-05	7e-05	7e-05	0.15943	0.05048	7e-05	7e-05	7e-05	7e-05	7e-05	7e-05	7e-05	7e-05	
0.00063	0.00063	0.00063	0.00063	0.03615	0.08328	0.00063	0.00063	0.00063	6e-05	0.0	0.0	6e-05	6e-05	6e-05	6e-05	0.03616	0.06527	0.0	0.0	0.0	0.1206	0.2196	0.0	0.16037	0.19122	0.06366	6e-05	6e-05	6e-05	6e-05	6e-05	6e-05	6e-05	6e-05	6e-05	6e-05	6e-05	6e-05	0.19346	6e-05	6e-05	6e-05	0.02149	0.0437	0.10656	0.0	0.0	0.0	0.0	0.10139	0.17702	0.16709	0.09997	6e-05	0.17403	0.0	6e-05	6e-05	6e-05	0.18024	6e-05	0.19507	6e-05	0.06022	0.18002	0.04309	0.18418	6e-05	6e-05	6e-05	0.314	0.19346	6e-05	6e-05	6e-05	6e-05	6e-05	6e-05	6e-05	6e-05	
0.0	0.0	0.0	0.0	0.00021	0.0001	0.0	0.0	0.0	0.0	0.0	0.0	0.0	0.0	0.0	0.0	0.00036	0.00049	0.0	0.0	0.0	0.00012	0.0003	0.0	0.00013	0.00046	0.00014	0.0	0.0	0.0	0.0	0.0	0.0	0.0	0.0	0.0	0.0	0.0	0.0	0.00021	0.0	0.0	0.0	0.00047	0.00132	0.00034	0.0	0.0	0.0	0.0	0.0002	0.00037	0.00018	0.00044	0.0	7e-05	6e-05	0.0	0.0	0.0	0.00069	0.0	0.00044	0.0	0.00023	0.00015	4e-05	0.0001	0.0	0.0	0.0	0.00064	0.00021	0.0	0.0	0.0	0.0	0.0	0.0	0.0	0.0	
0.0	0.0	0.0	0.0	0.00021	0.0001	0.0	0.0	0.0	0.0	0.0	0.0	0.0	0.0	0.0	0.0	0.00036	0.00049	0.0	0.0	0.0	0.00012	0.0003	0.0	0.00013	0.00046	0.00014	0.0	0.0	0.0	0.0	0.0	0.0	0.0	0.0	0.0	0.0	0.0	0.0	0.00021	0.0	0.0	0.0	0.00047	0.00132	0.00034	0.0	0.0	0.0	0.0	0.0002	0.00037	0.00018	0.00044	0.0	7e-05	6e-05	0.0	0.0	0.0	0.00069	0.0	0.00044	0.0	0.00023	0.00015	4e-05	0.0001	0.0	0.0	0.0	0.00064	0.00021	0.0	0.0	0.0	0.0	0.0	0.0	0.0	0.0	
0.0	0.0	0.0	0.0	0.00021	0.0001	0.0	0.0	0.0	0.0	0.0	0.0	0.0	0.0	0.0	0.0	0.00036	0.00049	0.0	0.0	0.0	0.00012	0.0003	0.0	0.00013	0.00046	0.00014	0.0	0.0	0.0	0.0	0.0	0.0	0.0	0.0	0.0	0.0	0.0	0.0	0.00021	0.0	0.0	0.0	0.00047	0.00132	0.00034	0.0	0.0	0.0	0.0	0.0002	0.00037	0.00018	0.00044	0.0	7e-05	6e-05	0.0	0.0	0.0	0.00069	0.0	0.00044	0.0	0.00023	0.00015	4e-05	0.0001	0.0	0.0	0.0	0.00064	0.00021	0.0	0.0	0.0	0.0	0.0	0.0	0.0	0.0	
0.01761	0.01761	0.01761	0.01761	0.03256	0.12231	0.01761	0.01761	0.01761	0.00069	0.0	0.0	0.00069	0.00069	0.00069	0.00069	0.04793	0.16611	0.0	0.0	0.0	0.18256	0.22607	0.0	0.18836	0.5915	0.04014	0.00069	0.00069	0.00069	0.00069	0.00069	0.00069	0.00069	0.00069	0.00069	0.00069	0.00069	0.00069	0.56678	0.00069	0.00069	0.00069	0.01498	0.45674	0.03773	0.0	0.0	0.0	0.0	0.15123	0.13718	0.37193	0.02271	0.00069	0.07279	0.18024	0.00069	0.00069	0.00069	0.0	0.00069	0.20316	0.00069	0.25172	0.41252	0.05977	0.39029	0.00069	0.00069	0.00069	0.33997	0.56678	0.00069	0.00069	0.00069	0.00069	0.00069	0.00069	0.00069	0.00069	
0.0	0.0	0.0	0.0	0.00021	0.0001	0.0	0.0	0.0	0.0	0.0	0.0	0.0	0.0	0.0	0.0	0.00036	0.00049	0.0	0.0	0.0	0.00012	0.0003	0.0	0.00013	0.00046	0.00014	0.0	0.0	0.0	0.0	0.0	0.0	0.0	0.0	0.0	0.0	0.0	0.0	0.00021	0.0	0.0	0.0	0.00047	0.00132	0.00034	0.0	0.0	0.0	0.0	0.0002	0.00037	0.00018	0.00044	0.0	7e-05	6e-05	0.0	0.0	0.0	0.00069	0.0	0.00044	0.0	0.00023	0.00015	4e-05	0.0001	0.0	0.0	0.0	0.00064	0.00021	0.0	0.0	0.0	0.0	0.0	0.0	0.0	0.0	
0.00939	0.00939	0.00939	0.00939	0.02533	0.10289	0.00939	0.00939	0.00939	0.00044	0.0	0.0	0.00044	0.00044	0.00044	0.00044	0.04628	0.05154	0.0	0.0	0.0	0.15139	0.08906	0.0	0.16072	0.06944	0.03903	0.00044	0.00044	0.00044	0.00044	0.00044	0.00044	0.00044	0.00044	0.00044	0.00044	0.00044	0.00044	0.03823	0.00044	0.00044	0.00044	0.01573	0.29348	0.03684	0.0	0.0	0.0	0.0	0.4453	0.28206	0.12288	0.02341	0.00044	0.029	0.19507	0.00044	0.00044	0.00044	0.20316	0.00044	0.0	0.00044	0.06183	0.0531	0.05654	0.06139	0.00044	0.00044	0.00044	0.78479	0.03823	0.00044	0.00044	0.00044	0.00044	0.00044	0.00044	0.00044	0.00044	
0.0	0.0	0.0	0.0	0.00021	0.0001	0.0	0.0	0.0	0.0	0.0	0.0	0.0	0.0	0.0	0.0	0.00036	0.00049	0.0	0.0	0.0	0.00012	0.0003	0.0	0.00013	0.00046	0.00014	0.0	0.0	0.0	0.0	0.0	0.0	0.0	0.0	0.0	0.0	0.0	0.0	0.00021	0.0	0.0	0.0	0.00047	0.00132	0.00034	0.0	0.0	0.0	0.0	0.0002	0.00037	0.00018	0.00044	0.0	7e-05	6e-05	0.0	0.0	0.0	0.00069	0.0	0.00044	0.0	0.00023	0.00015	4e-05	0.0001	0.0	0.0	0.0	0.00064	0.00021	0.0	0.0	0.0	0.0	0.0	0.0	0.0	0.0	
0.00161	0.00161	0.00161	0.00161	0.02923	0.16444	0.00161	0.00161	0.00161	0.00023	0.0	0.0	0.00023	0.00023	0.00023	0.00023	0.05492	0.13283	0.0	0.0	0.0	0.29218	0.20648	0.0	0.29729	0.23424	0.1882	0.00023	0.00023	0.00023	0.00023	0.00023	0.00023	0.00023	0.00023	0.00023	0.00023	0.00023	0.00023	0.33724	0.00023	0.00023	0.00023	0.01787	0.03424	0.04343	0.0	0.0	0.0	0.0	0.08159	0.10042	0.24137	0.02695	0.00023	0.01513	0.06022	0.00023	0.00023	0.00023	0.25172	0.00023	0.06183	0.00023	0.0	0.77257	0.06668	0.52428	0.00023	0.00023	0.00023	0.05445	0.33724	0.00023	0.00023	0.00023	0.00023	0.00023	0.00023	0.00023	0.00023	
0.00121	0.00121	0.00121	0.00121	0.02413	0.14195	0.00121	0.00121	0.00121	0.00015	0.0	0.0	0.00015	0.00015	0.00015	0.00015	0.04779	0.10874	0.0	0.0	0.0	0.29214	0.20645	0.0	0.29725	0.37657	0.36293	0.00015	0.00015	0.00015	0.00015	0.00015	0.00015	0.00015	0.00015	0.00015	0.00015	0.00015	0.00015	0.56466	0.00015	0.00015	0.00015	0.01458	0.02872	0.03753	0.0	0.0	0.0	0.0	0.06802	0.08641	0.37173	0.02237	0.00015	0.15984	0.18002	0.00015	0.00015	0.00015	0.41252	0.00015	0.0531	0.00015	0.77257	0.0	0.2014	0.70824	0.00015	0.00015	0.00015	0.04758	0.56466	0.00015	0.00015	0.00015	0.00015	0.00015	0.00015	0.00015	0.00015	
0.00068	0.00068	0.00068	0.00068	0.02514	0.06117	0.00068	0.00068	0.00068	4e-05	0.0	0.0	4e-05	4e-05	4e-05	4e-05	0.13743	0.16967	0.0	0.0	0.0	0.46668	0.19347	0.0	0.12269	0.16533	0.21357	4e-05	4e-05	4e-05	4e-05	4e-05	4e-05	4e-05	4e-05	4e-05	4e-05	4e-05	4e-05	0.04031	4e-05	4e-05	4e-05	0.0153	0.03035	0.0399	0.0	0.0	0.0	0.0	0.04934	0.15949	0.14044	0.0236	4e-05	0.05702	0.04309	4e-05	4e-05	4e-05	0.05977	4e-05	0.05654	4e-05	0.06668	0.2014	0.0	0.20653	4e-05	4e-05	4e-05	0.05073	0.04031	4e-05	4e-05	4e-05	4e-05	4e-05	4e-05	4e-05	4e-05	
0.00113	0.00113	0.00113	0.00113	0.02724	0.07878	0.00113	0.00113	0.00113	0.0001	0.0	0.0	0.0001	0.0001	0.0001	0.0001	0.05546	0.09674	0.0	0.0	0.0	0.31504	0.18206	0.0	0.27294	0.32764	0.23055	0.0001	0.0001	0.0001	0.0001	0.0001	0.0001	0.0001	0.0001	0.0001	0.0001	0.0001	0.0001	0.5078	0.0001	0.0001	0.0001	0.0163	0.03255	0.04328	0.0	0.0	0.0	0.0	0.07952	0.10312	0.29576	0.02525	0.0001	0.07977	0.18418	0.0001	0.0001	0.0001	0.39029	0.0001	0.06139	0.0001	0.52428	0.70824	0.20653	0.0	0.0001	0.0001	0.0001	0.0553	0.5078	0.0001	0.0001	0.0001	0.0001	0.0001	0.0001	0.0001	0.0001	
0.0	0.0	0.0	0.0	0.00021	0.0001	0.0	0.0	0.0	0.0	0.0	0.0	0.0	0.0	0.0	0.0	0.00036	0.00049	0.0	0.0	0.0	0.00012	0.0003	0.0	0.00013	0.00046	0.00014	0.0	0.0	0.0	0.0	0.0	0.0	0.0	0.0	0.0	0.0	0.0	0.0	0.00021	0.0	0.0	0.0	0.00047	0.00132	0.00034	0.0	0.0	0.0	0.0	0.0002	0.00037	0.00018	0.00044	0.0	7e-05	6e-05	0.0	0.0	0.0	0.00069	0.0	0.00044	0.0	0.00023	0.00015	4e-05	0.0001	0.0	0.0	0.0	0.00064	0.00021	0.0	0.0	0.0	0.0	0.0	0.0	0.0	0.0	
0.0	0.0	0.0	0.0	0.00021	0.0001	0.0	0.0	0.0	0.0	0.0	0.0	0.0	0.0	0.0	0.0	0.00036	0.00049	0.0	0.0	0.0	0.00012	0.0003	0.0	0.00013	0.00046	0.00014	0.0	0.0	0.0	0.0	0.0	0.0	0.0	0.0	0.0	0.0	0.0	0.0	0.00021	0.0	0.0	0.0	0.00047	0.00132	0.00034	0.0	0.0	0.0	0.0	0.0002	0.00037	0.00018	0.00044	0.0	7e-05	6e-05	0.0	0.0	0.0	0.00069	0.0	0.00044	0.0	0.00023	0.00015	4e-05	0.0001	0.0	0.0	0.0	0.00064	0.00021	0.0	0.0	0.0	0.0	0.0	0.0	0.0	0.0	
0.0	0.0	0.0	0.0	0.00021	0.0001	0.0	0.0	0.0	0.0	0.0	0.0	0.0	0.0	0.0	0.0	0.00036	0.00049	0.0	0.0	0.0	0.00012	0.0003	0.0	0.00013	0.00046	0.00014	0.0	0.0	0.0	0.0	0.0	0.0	0.0	0.0	0.0	0.0	0.0	0.0	0.00021	0.0	0.0	0.0	0.00047	0.00132	0.00034	0.0	0.0	0.0	0.0	0.0002	0.00037	0.00018	0.00044	0.0	7e-05	6e-05	0.0	0.0	0.0	0.00069	0.0	0.00044	0.0	0.00023	0.00015	4e-05	0.0001	0.0	0.0	0.0	0.00064	0.00021	0.0	0.0	0.0	0.0	0.0	0.0	0.0	0.0	
0.02001	0.02001	0.02001	0.02001	0.0305	0.09965	0.02001	0.02001	0.02001	0.00064	0.0	0.0	0.00064	0.00064	0.00064	0.00064	0.04108	0.15525	0.0	0.0	0.0	0.1313	0.20691	0.0	0.13904	0.17813	0.03453	0.00064	0.00064	0.00064	0.00064	0.00064	0.00064	0.00064	0.00064	0.00064	0.00064	0.00064	0.00064	0.03319	0.00064	0.00064	0.00064	0.01331	0.50964	0.03253	0.0	0.0	0.0	0.0	0.44524	0.28202	0.11149	0.02	0.00064	0.15943	0.314	0.00064	0.00064	0.00064	0.33997	0.00064	0.78479	0.00064	0.05445	0.04758	0.05073	0.0553	0.00064	0.00064	0.00064	0.0	0.03319	0.00064	0.00064	0.00064	0.00064	0.00064	0.00064	0.00064	0.00064	
0.00118	0.00118	0.00118	0.00118	0.01913	0.09251	0.00118	0.00118	0.00118	0.00021	0.0	0.0	0.00021	0.00021	0.00021	0.00021	0.03356	0.07491	0.0	0.0	0.0	0.15994	0.11312	0.0	0.16273	0.47122	0.02846	0.00021	0.00021	0.00021	0.00021	0.00021	0.00021	0.00021	0.00021	0.00021	0.00021	0.00021	0.00021	0.99991	0.00021	0.00021	0.00021	0.01218	0.02244	0.02698	0.0	0.0	0.0	0.0	0.04866	0.05723	0.40539	0.01783	0.00021	0.05048	0.19346	0.00021	0.00021	0.00021	0.56678	0.00021	0.03823	0.00021	0.33724	0.56466	0.04031	0.5078	0.00021	0.00021	0.00021	0.03319	0.0	0.00021	0.00021	0.00021	0.00021	0.00021	0.00021	0.00021	0.00021	
0.0	0.0	0.0	0.0	0.00021	0.0001	0.0	0.0	0.0	0.0	0.0	0.0	0.0	0.0	0.0	0.0	0.00036	0.00049	0.0	0.0	0.0	0.00012	0.0003	0.0	0.00013	0.00046	0.00014	0.0	0.0	0.0	0.0	0.0	0.0	0.0	0.0	0.0	0.0	0.0	0.0	0.00021	0.0	0.0	0.0	0.00047	0.00132	0.00034	0.0	0.0	0.0	0.0	0.0002	0.00037	0.00018	0.00044	0.0	7e-05	6e-05	0.0	0.0	0.0	0.00069	0.0	0.00044	0.0	0.00023	0.00015	4e-05	0.0001	0.0	0.0	0.0	0.00064	0.00021	0.0	0.0	0.0	0.0	0.0	0.0	0.0	0.0	
0.0	0.0	0.0	0.0	0.00021	0.0001	0.0	0.0	0.0	0.0	0.0	0.0	0.0	0.0	0.0	0.0	0.00036	0.00049	0.0	0.0	0.0	0.00012	0.0003	0.0	0.00013	0.00046	0.00014	0.0	0.0	0.0	0.0	0.0	0.0	0.0	0.0	0.0	0.0	0.0	0.0	0.00021	0.0	0.0	0.0	0.00047	0.00132	0.00034	0.0	0.0	0.0	0.0	0.0002	0.00037	0.00018	0.00044	0.0	7e-05	6e-05	0.0	0.0	0.0	0.00069	0.0	0.00044	0.0	0.00023	0.00015	4e-05	0.0001	0.0	0.0	0.0	0.00064	0.00021	0.0	0.0	0.0	0.0	0.0	0.0	0.0	0.0	
0.0	0.0	0.0	0.0	0.00021	0.0001	0.0	0.0	0.0	0.0	0.0	0.0	0.0	0.0	0.0	0.0	0.00036	0.00049	0.0	0.0	0.0	0.00012	0.0003	0.0	0.00013	0.00046	0.00014	0.0	0.0	0.0	0.0	0.0	0.0	0.0	0.0	0.0	0.0	0.0	0.0	0.00021	0.0	0.0	0.0	0.00047	0.00132	0.00034	0.0	0.0	0.0	0.0	0.0002	0.00037	0.00018	0.00044	0.0	7e-05	6e-05	0.0	0.0	0.0	0.00069	0.0	0.00044	0.0	0.00023	0.00015	4e-05	0.0001	0.0	0.0	0.0	0.00064	0.00021	0.0	0.0	0.0	0.0	0.0	0.0	0.0	0.0	
0.0	0.0	0.0	0.0	0.00021	0.0001	0.0	0.0	0.0	0.0	0.0	0.0	0.0	0.0	0.0	0.0	0.00036	0.00049	0.0	0.0	0.0	0.00012	0.0003	0.0	0.00013	0.00046	0.00014	0.0	0.0	0.0	0.0	0.0	0.0	0.0	0.0	0.0	0.0	0.0	0.0	0.00021	0.0	0.0	0.0	0.00047	0.00132	0.00034	0.0	0.0	0.0	0.0	0.0002	0.00037	0.00018	0.00044	0.0	7e-05	6e-05	0.0	0.0	0.0	0.00069	0.0	0.00044	0.0	0.00023	0.00015	4e-05	0.0001	0.0	0.0	0.0	0.00064	0.00021	0.0	0.0	0.0	0.0	0.0	0.0	0.0	0.0	
0.0	0.0	0.0	0.0	0.00021	0.0001	0.0	0.0	0.0	0.0	0.0	0.0	0.0	0.0	0.0	0.0	0.00036	0.00049	0.0	0.0	0.0	0.00012	0.0003	0.0	0.00013	0.00046	0.00014	0.0	0.0	0.0	0.0	0.0	0.0	0.0	0.0	0.0	0.0	0.0	0.0	0.00021	0.0	0.0	0.0	0.00047	0.00132	0.00034	0.0	0.0	0.0	0.0	0.0002	0.00037	0.00018	0.00044	0.0	7e-05	6e-05	0.0	0.0	0.0	0.00069	0.0	0.00044	0.0	0.00023	0.00015	4e-05	0.0001	0.0	0.0	0.0	0.00064	0.00021	0.0	0.0	0.0	0.0	0.0	0.0	0.0	0.0	
0.0	0.0	0.0	0.0	0.00021	0.0001	0.0	0.0	0.0	0.0	0.0	0.0	0.0	0.0	0.0	0.0	0.00036	0.00049	0.0	0.0	0.0	0.00012	0.0003	0.0	0.00013	0.00046	0.00014	0.0	0.0	0.0	0.0	0.0	0.0	0.0	0.0	0.0	0.0	0.0	0.0	0.00021	0.0	0.0	0.0	0.00047	0.00132	0.00034	0.0	0.0	0.0	0.0	0.0002	0.00037	0.00018	0.00044	0.0	7e-05	6e-05	0.0	0.0	0.0	0.00069	0.0	0.00044	0.0	0.00023	0.00015	4e-05	0.0001	0.0	0.0	0.0	0.00064	0.00021	0.0	0.0	0.0	0.0	0.0	0.0	0.0	0.0	
0.0	0.0	0.0	0.0	0.00021	0.0001	0.0	0.0	0.0	0.0	0.0	0.0	0.0	0.0	0.0	0.0	0.00036	0.00049	0.0	0.0	0.0	0.00012	0.0003	0.0	0.00013	0.00046	0.00014	0.0	0.0	0.0	0.0	0.0	0.0	0.0	0.0	0.0	0.0	0.0	0.0	0.00021	0.0	0.0	0.0	0.00047	0.00132	0.00034	0.0	0.0	0.0	0.0	0.0002	0.00037	0.00018	0.00044	0.0	7e-05	6e-05	0.0	0.0	0.0	0.00069	0.0	0.00044	0.0	0.00023	0.00015	4e-05	0.0001	0.0	0.0	0.0	0.00064	0.00021	0.0	0.0	0.0	0.0	0.0	0.0	0.0	0.0	
0.0	0.0	0.0	0.0	0.00021	0.0001	0.0	0.0	0.0	0.0	0.0	0.0	0.0	0.0	0.0	0.0	0.00036	0.00049	0.0	0.0	0.0	0.00012	0.0003	0.0	0.00013	0.00046	0.00014	0.0	0.0	0.0	0.0	0.0	0.0	0.0	0.0	0.0	0.0	0.0	0.0	0.00021	0.0	0.0	0.0	0.00047	0.00132	0.00034	0.0	0.0	0.0	0.0	0.0002	0.00037	0.00018	0.00044	0.0	7e-05	6e-05	0.0	0.0	0.0	0.00069	0.0	0.00044	0.0	0.00023	0.00015	4e-05	0.0001	0.0	0.0	0.0	0.00064	0.00021	0.0	0.0	0.0	0.0	0.0	0.0	0.0	0.0	
