0.0	0.0	0.0	0.00014	0.0	0.00356	9e-05	0.0	0.06744	0.00014	0.00084	0.0	0.0	0.0115	0.0	0.0	0.00184	0.00151	0.00028	0.00048	0.0002	0.03475	0.00244	0.01538	0.0019	0.00277	0.00264	0.00136	0.01212	0.00136	0.00086	0.00086	0.0	0.00148	0.00294	0.01231	0.0007	0.00356	0.00554	0.00086	0.0	0.0	0.00064	0.00046	0.0	0.00046	0.00227	0.0	0.0	0.0	0.0	0.0	0.0663	0.00294	0.0	0.0	0.00211	0.0	0.00326	0.00043	0.00233	0.0	0.00059	0.0	0.0029	0.00064	0.00326	0.00076	0.0	0.0	0.0	0.00073	0.00073	0.00109	0.00057	0.00086	0.00086	0.0	0.0	0.0	0.00075	0.0	0.00014	0.00014	
0.0	0.0	0.0	7e-05	0.0	0.00015	0.00013	0.0	4e-05	7e-05	0.00033	0.0	0.0	0.01413	0.0	0.0	0.00076	0.00065	7e-05	3e-05	0.00016	0.03633	0.0014	0.01688	0.00116	0.00176	0.00164	0.00076	0.01235	0.00064	0.00036	0.00036	0.0	0.00071	0.00205	0.01419	0.00027	0.00243	0.00251	0.00036	0.0	0.0	0.0003	0.00028	0.0	0.00028	0.00293	0.0	0.0	0.0	0.0	0.0	0.07191	0.00205	0.0	0.0	0.00106	0.0	0.00225	0.00024	0.00122	0.00034	0.00034	0.0	0.00185	0.00028	0.00225	0.00039	0.0	0.0	0.0	0.00033	0.00033	0.00037	0.00024	0.00036	0.00036	0.0	0.0	0.0	0.0003	0.0	7e-05	7e-05	
0.0	0.0	0.0	7e-05	0.0	0.00015	0.00013	0.0	4e-05	7e-05	0.00033	0.0	0.0	0.01413	0.0	0.0	0.00076	0.00065	7e-05	3e-05	0.00016	0.03633	0.0014	0.01688	0.00116	0.00176	0.00164	0.00076	0.01235	0.00064	0.00036	0.00036	0.0	0.00071	0.00205	0.01419	0.00027	0.00243	0.00251	0.00036	0.0	0.0	0.0003	0.00028	0.0	0.00028	0.00293	0.0	0.0	0.0	0.0	0.0	0.07191	0.00205	0.0	0.0	0.00106	0.0	0.00225	0.00024	0.00122	0.00034	0.00034	0.0	0.00185	0.00028	0.00225	0.00039	0.0	0.0	0.0	0.00033	0.00033	0.00037	0.00024	0.00036	0.00036	0.0	0.0	0.0	0.0003	0.0	7e-05	7e-05	
0.00014	7e-05	7e-05	0.0	7e-05	0.03817	0.02031	7e-05	0.76734	0.99983	0.59983	7e-05	7e-05	0.03244	7e-05	0.0	0.25677	0.61367	0.03305	0.06459	0.02136	0.0464	0.03756	0.03733	0.02626	0.03314	0.02474	0.03011	0.08449	0.03719	1.00013	1.00013	7e-05	0.43986	0.01431	0.03261	0.73858	0.02031	0.08365	1.00013	7e-05	7e-05	0.01356	0.00638	7e-05	0.00638	0.16747	7e-05	7e-05	7e-05	7e-05	7e-05	0.03594	0.01431	0.0	0.0	0.21859	7e-05	0.01827	0.00774	0.28999	0.0069	0.00713	0.00041	0.02407	0.01662	0.01827	0.01156	7e-05	7e-05	7e-05	0.01605	0.01605	0.2444	0.01584	1.00013	1.00013	7e-05	7e-05	7e-05	0.85252	0.00072	0.99983	0.99983	
0.0	0.0	0.0	7e-05	0.0	0.00015	0.00013	0.0	4e-05	7e-05	0.00033	0.0	0.0	0.01413	0.0	0.0	0.00076	0.00065	7e-05	3e-05	0.00016	0.03633	0.0014	0.01688	0.00116	0.00176	0.00164	0.00076	0.01235	0.00064	0.00036	0.00036	0.0	0.00071	0.00205	0.01419	0.00027	0.00243	0.00251	0.00036	0.0	0.0	0.0003	0.00028	0.0	0.00028	0.00293	0.0	0.0	0.0	0.0	0.0	0.07191	0.00205	0.0	0.0	0.00106	0.0	0.00225	0.00024	0.00122	0.00034	0.00034	0.0	0.00185	0.00028	0.00225	0.00039	0.0	0.0	0.0	0.00033	0.00033	0.00037	0.00024	0.00036	0.00036	0.0	0.0	0.0	0.0003	0.0	7e-05	7e-05	
0.00356	0.00015	0.00015	0.03817	0.00015	0.0	0.03186	0.00015	0.07268	0.03817	0.05044	0.00015	0.00015	0.04638	0.00015	0.03532	0.10122	0.04658	0.05428	0.0253	0.11613	0.05924	0.03271	0.03421	0.04353	0.09087	0.03713	0.02765	0.03052	0.06316	0.0383	0.0383	0.00015	0.05377	0.02117	0.04702	0.0426	0.03073	0.07027	0.0383	0.00015	0.00015	0.0205	0.00921	0.00015	0.00921	0.09358	0.00015	0.00015	0.00015	0.00015	0.00015	0.03653	0.02117	0.0	0.0	0.07819	0.00015	0.02758	0.07385	0.06979	0.06455	0.01033	0.00027	0.03742	0.00696	0.02758	0.01724	0.00015	0.00015	0.00015	0.02458	0.02458	0.01088	0.03201	0.0383	0.0383	0.00015	0.00015	0.00015	0.03963	0.00058	0.03817	0.03817	
9e-05	0.00013	0.00013	0.02031	0.00013	0.03186	0.0	0.00013	0.02132	0.02031	0.02507	0.00013	0.00013	0.02908	0.00013	0.05552	0.04403	0.16685	0.03234	0.03049	0.01782	0.04362	0.03116	0.03341	0.02195	0.02774	0.02111	0.02498	0.01454	0.0492	0.02047	0.02047	0.00013	0.02772	0.01257	0.04098	0.02183	0.01749	0.00196	0.02047	0.00013	0.00013	0.39478	0.00569	0.00013	0.00569	0.04357	0.00013	0.00013	0.00013	0.00013	0.00013	0.03683	0.01257	0.0	0.0	0.03781	0.00013	0.0159	0.00686	0.03508	0.00614	0.00634	0.00024	0.02055	0.01432	0.0159	0.01011	0.00013	0.00013	0.00013	0.01385	0.01385	0.02804	0.0504	0.02047	0.02047	0.00013	0.00013	0.00013	0.02073	0.00045	0.02031	0.02031	
0.0	0.0	0.0	7e-05	0.0	0.00015	0.00013	0.0	4e-05	7e-05	0.00033	0.0	0.0	0.01413	0.0	0.0	0.00076	0.00065	7e-05	3e-05	0.00016	0.03633	0.0014	0.01688	0.00116	0.00176	0.00164	0.00076	0.01235	0.00064	0.00036	0.00036	0.0	0.00071	0.00205	0.01419	0.00027	0.00243	0.00251	0.00036	0.0	0.0	0.0003	0.00028	0.0	0.00028	0.00293	0.0	0.0	0.0	0.0	0.0	0.07191	0.00205	0.0	0.0	0.00106	0.0	0.00225	0.00024	0.00122	0.00034	0.00034	0.0	0.00185	0.00028	0.00225	0.00039	0.0	0.0	0.0	0.00033	0.00033	0.00037	0.00024	0.00036	0.00036	0.0	0.0	0.0	0.0003	0.0	7e-05	7e-05	
0.06744	4e-05	4e-05	0.76734	4e-05	0.07268	0.02132	4e-05	0.0	0.76734	0.51208	4e-05	4e-05	0.0331	4e-05	0.75292	0.23848	0.52243	0.03489	0.07194	0.02167	0.04626	0.04166	0.03872	0.0288	0.03627	0.02602	0.03338	0.09339	0.04116	0.76756	0.76756	4e-05	0.37241	0.01452	0.03371	0.60586	0.02092	0.09204	0.76756	4e-05	4e-05	0.01387	0.00628	4e-05	0.00628	0.16126	4e-05	4e-05	4e-05	4e-05	4e-05	0.03201	0.01452	0.0	0.0	0.2003	4e-05	0.01882	0.00769	0.25591	0.23941	0.00704	0.00034	0.02519	0.01721	0.01882	0.01171	4e-05	4e-05	4e-05	0.01658	0.01658	0.21941	0.01636	0.76756	0.76756	4e-05	4e-05	4e-05	0.67862	0.00062	0.76734	0.76734	
0.00014	7e-05	7e-05	0.99983	7e-05	0.03817	0.02031	7e-05	0.76734	0.0	0.59983	7e-05	7e-05	0.03244	7e-05	0.0	0.25677	0.61367	0.03305	0.06459	0.02136	0.0464	0.03756	0.03733	0.02626	0.03314	0.02474	0.03011	0.08449	0.03719	1.00013	1.00013	7e-05	0.43986	0.01431	0.03261	0.73858	0.02031	0.08365	1.00013	7e-05	7e-05	0.01356	0.00638	7e-05	0.00638	0.16747	7e-05	7e-05	7e-05	7e-05	7e-05	0.03594	0.01431	0.0	0.0	0.21859	7e-05	0.01827	0.00774	0.28999	0.0069	0.00713	0.00041	0.02407	0.01662	0.01827	0.01156	7e-05	7e-05	7e-05	0.01605	0.01605	0.2444	0.01584	1.00013	1.00013	7e-05	7e-05	7e-05	0.85252	0.00072	0.99983	0.99983	
0.00084	0.00033	0.00033	0.59983	0.00033	0.05044	0.02507	0.00033	0.51208	0.59983	0.0	8e-05	8e-05	0.15806	8e-05	0.0	0.22631	0.44758	0.04551	0.14313	0.02829	0.2556	0.16807	0.04202	0.03152	0.0394	0.02721	0.03711	0.10739	0.13896	0.59974	0.59974	8e-05	0.31915	0.01474	0.03901	0.49998	0.02123	0.12118	0.59974	8e-05	8e-05	0.01451	0.00643	8e-05	0.00643	0.2093	8e-05	8e-05	8e-05	8e-05	8e-05	0.02466	0.01474	0.0	0.0	0.18824	8e-05	0.01931	0.00792	0.2302	0.00696	0.00721	0.00017	0.02611	0.01818	0.01931	0.01213	8e-05	8e-05	8e-05	0.41496	0.41496	0.20249	0.01726	0.59974	0.59974	8e-05	8e-05	8e-05	0.54591	0.0021	0.59983	0.59983	
0.0	0.0	0.0	7e-05	0.0	0.00015	0.00013	0.0	4e-05	7e-05	8e-05	0.0	0.0	0.00085	0.0	0.0	5e-05	5e-05	7e-05	3e-05	0.00016	0.00098	0.00012	0.00108	0.00023	0.00044	0.00029	0.00025	0.00078	9e-05	0.00012	0.00012	0.0	5e-05	0.00065	0.00115	0.00012	0.0007	4e-05	0.00012	0.0	0.0	0.00017	0.00039	0.0	0.00039	0.00039	0.0	0.0	0.0	0.0	0.0	0.00175	0.00065	0.0	0.0	6e-05	0.0	0.00068	0.00036	6e-05	0.00029	0.00028	0.0	0.00037	0.00017	0.00068	0.00015	0.0	0.0	0.0	0.00014	0.00014	0.00023	0.0002	0.00012	0.00012	0.0	0.0	0.0	0.0001	0.0	7e-05	7e-05	
0.0	0.0	0.0	7e-05	0.0	0.00015	0.00013	0.0	4e-05	7e-05	8e-05	0.0	0.0	0.00085	0.0	0.0	5e-05	5e-05	7e-05	3e-05	0.00016	0.00098	0.00012	0.00108	0.00023	0.00044	0.00029	0.00025	0.00078	9e-05	0.00012	0.00012	0.0	5e-05	0.00065	0.00115	0.00012	0.0007	4e-05	0.00012	0.0	0.0	0.00017	0.00039	0.0	0.00039	0.00039	0.0	0.0	0.0	0.0	0.0	0.00175	0.00065	0.0	0.0	6e-05	0.0	0.00068	0.00036	6e-05	0.00029	0.00028	0.0	0.00037	0.00017	0.00068	0.00015	0.0	0.0	0.0	0.00014	0.00014	0.00023	0.0002	0.00012	0.00012	0.0	0.0	0.0	0.0001	0.0	7e-05	7e-05	
0.0115	0.01413	0.01413	0.03244	0.01413	0.04638	0.02908	0.01413	0.0331	0.03244	0.15806	0.00085	0.00085	0.0	0.00085	0.00283	0.07263	0.05416	0.04554	0.15878	0.06104	0.55547	0.06243	0.21899	0.12291	0.04316	0.03163	0.04026	0.23564	0.15465	0.03118	0.03118	0.00085	0.01444	0.01753	0.03085	0.03435	0.02667	0.01146	0.03118	0.00085	0.00085	0.01728	0.00826	0.00085	0.00826	0.22117	0.00085	0.00085	0.00085	0.00085	0.00085	0.05587	0.01753	0.0	0.0	0.06049	0.00085	0.02251	0.00995	0.0546	0.00886	0.00914	0.00256	0.03096	0.02128	0.02251	0.01465	0.00085	0.00085	0.00085	0.22092	0.22092	0.06105	0.02028	0.03118	0.03118	0.00085	0.00085	0.00085	0.03212	0.00798	0.03244	0.03244	
0.0	0.0	0.0	7e-05	0.0	0.00015	0.00013	0.0	4e-05	7e-05	8e-05	0.0	0.0	0.00085	0.0	0.0	5e-05	5e-05	7e-05	3e-05	0.00016	0.00098	0.00012	0.00108	0.00023	0.00044	0.00029	0.00025	0.00078	9e-05	0.00012	0.00012	0.0	5e-05	0.00065	0.00115	0.00012	0.0007	4e-05	0.00012	0.0	0.0	0.00017	0.00039	0.0	0.00039	0.00039	0.0	0.0	0.0	0.0	0.0	0.00175	0.00065	0.0	0.0	6e-05	0.0	0.00068	0.00036	6e-05	0.00029	0.00028	0.0	0.00037	0.00017	0.00068	0.00015	0.0	0.0	0.0	0.00014	0.00014	0.00023	0.0002	0.00012	0.00012	0.0	0.0	0.0	0.0001	0.0	7e-05	7e-05	
0.0	0.0	0.0	0.0	0.0	0.03532	0.05552	0.0	0.75292	0.0	0.0	0.0	0.0	0.00283	0.0	0.0	0.13119	0.4334	0.03816	0.144	0.02786	0.15344	0.56748	0.24582	0.39202	0.21219	0.06327	0.11196	0.15051	0.06495	0.0	0.0	0.0	0.08007	0.0	0.14134	0.66217	0.0	0.20121	0.0	0.0	0.0	0.03554	0.02492	0.0	0.02492	0.3836	0.0	0.0	0.0	0.0	0.0	0.06854	0.0	0.0	0.0	1.45103	0.0	0.0	0.02653	0.47907	0.02677	0.02709	0.0	0.11715	0.03947	0.0	0.03389	0.0	0.0	0.0	0.0	0.0	0.00354	0.02119	0.0	0.0	0.0	0.0	0.0	1.3134	0.0	0.0	0.0	
0.00184	0.00076	0.00076	0.25677	0.00076	0.10122	0.04403	0.00076	0.23848	0.25677	0.22631	5e-05	5e-05	0.07263	5e-05	0.13119	0.0	0.42475	0.03725	0.06226	0.22056	0.06904	0.22607	0.07015	0.23619	0.25642	0.0451	0.07891	0.17083	0.08372	0.25854	0.25854	5e-05	0.13021	0.05753	0.19344	0.23684	0.0825	0.15034	0.25854	5e-05	5e-05	0.10685	0.00962	5e-05	0.00962	0.23431	5e-05	5e-05	5e-05	5e-05	5e-05	0.04197	0.05753	0.0	0.0	0.28858	5e-05	0.08003	0.01197	0.16321	0.01052	0.0109	0.00043	0.0471	0.02929	0.08003	0.019	5e-05	5e-05	5e-05	0.02807	0.02807	0.39863	0.02764	0.25854	0.25854	5e-05	5e-05	5e-05	0.24635	0.00444	0.25677	0.25677	
0.00151	0.00065	0.00065	0.61367	0.00065	0.04658	0.16685	0.00065	0.52243	0.61367	0.44758	5e-05	5e-05	0.05416	5e-05	0.4334	0.42475	0.0	0.07251	0.09462	0.02012	0.04932	0.06738	0.05661	0.07934	0.12286	0.05049	0.07276	0.10214	0.09702	0.61255	0.61255	5e-05	0.31995	0.08259	0.03969	0.50901	0.11756	0.10839	0.61255	5e-05	5e-05	0.3058	0.00793	5e-05	0.00793	0.20871	5e-05	5e-05	5e-05	5e-05	5e-05	0.0331	0.08259	0.0	0.0	0.28611	5e-05	0.11492	0.00977	0.39104	0.00866	0.00896	0.00038	0.05727	0.02285	0.11492	0.01525	5e-05	5e-05	5e-05	0.02198	0.02198	0.29534	0.02162	0.61255	0.61255	5e-05	5e-05	5e-05	0.55608	0.00354	0.61367	0.61367	
0.00028	7e-05	7e-05	0.03305	7e-05	0.05428	0.03234	7e-05	0.03489	0.03305	0.04551	7e-05	7e-05	0.04554	7e-05	0.03816	0.03725	0.07251	0.0	0.0404	0.01128	0.10627	0.04476	0.13554	0.18385	0.13338	0.04579	0.38061	0.17475	0.09208	0.03583	0.03583	7e-05	0.02437	0.1318	0.07339	0.23501	0.19463	0.07574	0.03583	7e-05	7e-05	0.14249	0.00903	7e-05	0.00903	0.10793	7e-05	7e-05	7e-05	7e-05	7e-05	0.5958	0.1318	0.0	0.0	0.20712	7e-05	0.18338	0.01093	0.03027	0.00996	0.01029	0.35856	0.2821	0.31158	0.18338	0.59217	7e-05	7e-05	7e-05	0.02342	0.02342	0.04022	0.02281	0.03583	0.03583	7e-05	7e-05	7e-05	0.03629	0.00126	0.03305	0.03305	
0.00048	3e-05	3e-05	0.06459	3e-05	0.0253	0.03049	3e-05	0.07194	0.06459	0.14313	3e-05	3e-05	0.15878	3e-05	0.144	0.06226	0.09462	0.0404	0.0	0.02456	0.19568	0.14999	0.16863	0.22684	0.12053	0.27396	0.11403	0.28039	0.52193	0.06609	0.06609	3e-05	0.06231	0.06953	0.14885	0.07559	0.10268	0.25971	0.06609	3e-05	3e-05	0.10776	0.01407	3e-05	0.01407	0.14683	3e-05	3e-05	3e-05	3e-05	3e-05	0.03266	0.06953	0.0	0.0	0.02109	3e-05	0.09674	0.01743	0.12436	0.0154	0.01596	0.00148	0.05255	0.04207	0.09674	0.02759	3e-05	3e-05	3e-05	0.13465	0.13465	0.03065	0.02307	0.06609	0.06609	3e-05	3e-05	3e-05	0.06921	0.07459	0.06459	0.06459	
0.0002	0.00016	0.00016	0.02136	0.00016	0.11613	0.01782	0.00016	0.02167	0.02136	0.02829	0.00016	0.00016	0.06104	0.00016	0.02786	0.22056	0.02012	0.01128	0.02456	0.0	0.12861	0.47681	0.19311	0.2485	0.73094	0.06887	0.08606	0.16037	0.10335	0.02401	0.02401	0.00016	0.01733	0.246	0.08974	0.02457	0.36326	0.04925	0.02401	0.00016	0.00016	0.01428	0.00717	0.00016	0.00717	0.10852	0.00016	0.00016	0.00016	0.00016	0.00016	0.0239	0.246	0.0	0.0	0.02239	0.00016	0.34227	0.00848	0.02126	0.00792	0.00815	0.00048	0.09182	0.01698	0.34227	0.01268	0.00016	0.00016	0.00016	0.01665	0.01665	0.09951	0.01614	0.02401	0.02401	0.00016	0.00016	0.00016	0.02373	0.0008	0.02136	0.02136	
0.03475	0.03633	0.03633	0.0464	0.03633	0.05924	0.04362	0.03633	0.04626	0.0464	0.2556	0.00098	0.00098	0.55547	0.00098	0.15344	0.06904	0.04932	0.10627	0.19568	0.12861	0.0	0.15606	0.25388	0.21044	0.03989	0.02753	0.03426	0.27531	0.33906	0.02734	0.02734	0.00098	0.12156	0.01479	0.0831	0.03105	0.0882	0.07187	0.02734	0.00098	0.00098	0.01458	0.00682	0.00098	0.00682	0.1546	0.00098	0.00098	0.00098	0.00098	0.00098	0.11622	0.01479	0.0	0.0	0.05652	0.00098	0.01927	0.00823	0.04969	0.00733	0.00755	0.0021	0.02672	0.01818	0.01927	0.01227	0.00098	0.00098	0.00098	0.34654	0.34654	0.05587	0.01727	0.02734	0.02734	0.00098	0.00098	0.00098	0.02862	0.03276	0.0464	0.0464	
0.00244	0.0014	0.0014	0.03756	0.0014	0.03271	0.03116	0.0014	0.04166	0.03756	0.16807	0.00012	0.00012	0.06243	0.00012	0.56748	0.22607	0.06738	0.04476	0.14999	0.47681	0.15606	0.0	0.08137	0.12955	0.32654	0.13889	0.12976	0.07073	0.06405	0.03333	0.03333	0.00012	0.04738	0.15994	0.05525	0.03808	0.24037	0.00329	0.03333	0.00012	0.00012	0.01724	0.00749	0.00012	0.00749	0.15305	0.00012	0.00012	0.00012	0.00012	0.00012	0.02966	0.15994	0.0	0.0	0.064	0.00012	0.24012	0.00925	0.06798	0.00812	0.00841	0.00102	0.15484	0.02177	0.24012	0.01434	0.00012	0.00012	0.00012	0.2036	0.2036	0.0328	0.02063	0.03333	0.03333	0.00012	0.00012	0.00012	0.03498	0.0046	0.03756	0.03756	
0.01538	0.01688	0.01688	0.03733	0.01688	0.03421	0.03341	0.01688	0.03872	0.03733	0.04202	0.00108	0.00108	0.21899	0.00108	0.24582	0.07015	0.05661	0.13554	0.16863	0.19311	0.25388	0.08137	0.0	0.28075	0.06941	0.03159	0.13537	0.25291	0.14397	0.0312	0.0312	0.00108	0.04315	0.20498	0.12598	0.03527	0.03055	0.00342	0.0312	0.00108	0.00108	0.01671	0.00784	0.00108	0.00784	0.11011	0.00108	0.00108	0.00108	0.00108	0.00108	0.07791	0.20498	0.0	0.0	0.06412	0.00108	0.02203	0.00945	0.05655	0.00842	0.00868	0.00271	0.03081	0.02081	0.02203	0.01408	0.00108	0.00108	0.00108	0.01999	0.01999	0.06359	0.07288	0.0312	0.0312	0.00108	0.00108	0.00108	0.03258	0.01357	0.03733	0.03733	
0.0019	0.00116	0.00116	0.02626	0.00116	0.04353	0.02195	0.00116	0.0288	0.02626	0.03152	0.00023	0.00023	0.12291	0.00023	0.39202	0.23619	0.07934	0.18385	0.22684	0.2485	0.21044	0.12955	0.28075	0.0	0.12398	0.02356	0.21107	0.16302	0.32925	0.02353	0.02353	0.00023	0.12594	0.33911	0.37248	0.02653	0.09355	0.09447	0.02353	0.00023	0.00023	0.01249	0.0056	0.00023	0.0056	0.22573	0.00023	0.00023	0.00023	0.00023	0.00023	0.02125	0.33911	0.0	0.0	0.09471	0.00023	0.01661	0.00686	0.0424	0.00605	0.00626	0.00089	0.02276	0.01563	0.01661	0.01045	0.00023	0.00023	0.00023	0.01501	0.01501	0.04758	0.01485	0.02353	0.02353	0.00023	0.00023	0.00023	0.02454	0.00342	0.02626	0.02626	
0.00277	0.00176	0.00176	0.03314	0.00176	0.09087	0.02774	0.00176	0.03627	0.03314	0.0394	0.00044	0.00044	0.04316	0.00044	0.21219	0.25642	0.12286	0.13338	0.12053	0.73094	0.03989	0.32654	0.06941	0.12398	0.0	0.12848	0.11616	0.02275	0.04904	0.02947	0.02947	0.00044	0.04125	0.16635	0.04244	0.03317	0.23677	0.03248	0.02947	0.00044	0.00044	0.01571	0.00713	0.00044	0.00713	0.16503	0.00044	0.00044	0.00044	0.00044	0.00044	0.0265	0.16635	0.0	0.0	0.03904	0.00044	0.23783	0.0087	0.04355	0.00769	0.00795	0.00138	0.14092	0.01962	0.23783	0.01317	0.00044	0.00044	0.00044	0.01884	0.01884	0.07143	0.01864	0.02947	0.02947	0.00044	0.00044	0.00044	0.0307	0.00483	0.03314	0.03314	
0.00264	0.00164	0.00164	0.02474	0.00164	0.03713	0.02111	0.00164	0.02602	0.02474	0.02721	0.00029	0.00029	0.03163	0.00029	0.06327	0.0451	0.05049	0.04579	0.27396	0.06887	0.02753	0.13889	0.03159	0.02356	0.12848	0.0	0.02865	0.01557	0.03333	0.02197	0.02197	0.00029	0.02971	0.01303	0.02975	0.02364	0.4823	0.07997	0.02197	0.00029	0.00029	0.01255	0.00607	0.00029	0.00607	0.18968	0.00029	0.00029	0.00029	0.00029	0.00029	0.02091	0.01303	0.0	0.0	0.0575	0.00029	0.48443	0.00732	0.27256	0.00653	0.00673	0.00126	0.27363	0.01531	0.48443	0.01073	0.00029	0.00029	0.00029	0.01478	0.01478	0.04139	0.01462	0.02197	0.02197	0.00029	0.00029	0.00029	0.02235	0.00785	0.02474	0.02474	
0.00136	0.00076	0.00076	0.03011	0.00076	0.02765	0.02498	0.00076	0.03338	0.03011	0.03711	0.00025	0.00025	0.04026	0.00025	0.11196	0.07891	0.07276	0.38061	0.11403	0.08606	0.03426	0.12976	0.13537	0.21107	0.11616	0.02865	0.0	0.13356	0.0464	0.02721	0.02721	0.00025	0.03845	0.30096	0.12513	0.03098	0.02108	0.08701	0.02721	0.00025	0.00025	0.01422	0.06726	0.00025	0.06726	0.08169	0.00025	0.00025	0.00025	0.00025	0.00025	0.13609	0.30096	0.0	0.0	0.05679	0.00025	0.019	0.00772	0.04987	0.00679	0.00703	0.08354	0.07642	0.16823	0.019	0.25606	0.00025	0.00025	0.00025	0.01716	0.01716	0.05613	0.01696	0.02721	0.02721	0.00025	0.00025	0.00025	0.02852	0.00274	0.03011	0.03011	
0.01212	0.01235	0.01235	0.08449	0.01235	0.03052	0.01454	0.01235	0.09339	0.08449	0.10739	0.00078	0.00078	0.23564	0.00078	0.15051	0.17083	0.10214	0.17475	0.28039	0.16037	0.27531	0.07073	0.25291	0.16302	0.02275	0.01557	0.13356	0.0	0.19932	0.0732	0.0732	0.00078	0.08581	0.0495	0.11072	0.08564	0.06006	0.15768	0.0732	0.00078	0.00078	0.03596	0.02043	0.00078	0.02043	0.25567	0.00078	0.00078	0.00078	0.00078	0.00078	0.08403	0.0495	0.0	0.0	0.16718	0.00078	0.04887	0.02539	0.06291	0.02223	0.02304	0.00228	0.02221	0.00842	0.04887	0.02965	0.00078	0.00078	0.00078	0.04402	0.04402	0.06853	0.0076	0.0732	0.0732	0.00078	0.00078	0.00078	0.07768	0.01401	0.08449	0.08449	
0.00136	0.00064	0.00064	0.03719	0.00064	0.06316	0.0492	0.00064	0.04116	0.03719	0.13896	9e-05	9e-05	0.15465	9e-05	0.06495	0.08372	0.09702	0.09208	0.52193	0.10335	0.33906	0.06405	0.14397	0.32925	0.04904	0.03333	0.0464	0.19932	0.0	0.03346	0.03346	9e-05	0.13281	0.01767	0.11813	0.03803	0.09859	0.15697	0.03346	9e-05	9e-05	0.13136	0.00761	9e-05	0.00761	0.13635	9e-05	9e-05	9e-05	9e-05	9e-05	0.02985	0.01767	0.0	0.0	0.01928	9e-05	0.0233	0.0094	0.06157	0.00825	0.00855	0.0004	0.03202	0.02196	0.0233	0.01452	9e-05	9e-05	9e-05	0.16535	0.16535	0.01464	0.02082	0.03346	0.03346	9e-05	9e-05	9e-05	0.03502	0.00306	0.03719	0.03719	
0.00086	0.00036	0.00036	1.00013	0.00036	0.0383	0.02047	0.00036	0.76756	1.00013	0.59974	0.00012	0.00012	0.03118	0.00012	0.0	0.25854	0.61255	0.03583	0.06609	0.02401	0.02734	0.03333	0.0312	0.02353	0.02947	0.02197	0.02721	0.0732	0.03346	0.0	0.99994	0.00012	0.4435	0.01274	0.0294	0.7394	0.01776	0.08566	0.99994	0.00012	0.00012	0.01248	0.00595	0.00012	0.00595	0.13133	0.00012	0.00012	0.00012	0.00012	0.00012	0.0204	0.01274	0.0	0.0	0.2214	0.00012	0.01622	0.00721	0.29322	0.0064	0.0066	0.00021	0.02124	0.01528	0.01622	0.01061	0.00012	0.00012	0.00012	0.01472	0.01472	0.24833	0.01459	0.99994	0.99994	0.00012	0.00012	0.00012	0.85332	0.00208	1.00013	1.00013	
0.00086	0.00036	0.00036	1.00013	0.00036	0.0383	0.02047	0.00036	0.76756	1.00013	0.59974	0.00012	0.00012	0.03118	0.00012	0.0	0.25854	0.61255	0.03583	0.06609	0.02401	0.02734	0.03333	0.0312	0.02353	0.02947	0.02197	0.02721	0.0732	0.03346	0.99994	0.0	0.00012	0.4435	0.01274	0.0294	0.7394	0.01776	0.08566	0.99994	0.00012	0.00012	0.01248	0.00595	0.00012	0.00595	0.13133	0.00012	0.00012	0.00012	0.00012	0.00012	0.0204	0.01274	0.0	0.0	0.2214	0.00012	0.01622	0.00721	0.29322	0.0064	0.0066	0.00021	0.02124	0.01528	0.01622	0.01061	0.00012	0.00012	0.00012	0.01472	0.01472	0.24833	0.01459	0.99994	0.99994	0.00012	0.00012	0.00012	0.85332	0.00208	1.00013	1.00013	
0.0	0.0	0.0	7e-05	0.0	0.00015	0.00013	0.0	4e-05	7e-05	8e-05	0.0	0.0	0.00085	0.0	0.0	5e-05	5e-05	7e-05	3e-05	0.00016	0.00098	0.00012	0.00108	0.00023	0.00044	0.00029	0.00025	0.00078	9e-05	0.00012	0.00012	0.0	5e-05	0.00065	0.00115	0.00012	0.0007	4e-05	0.00012	0.0	0.0	0.00017	0.00039	0.0	0.00039	0.00039	0.0	0.0	0.0	0.0	0.0	0.00175	0.00065	0.0	0.0	6e-05	0.0	0.00068	0.00036	6e-05	0.00029	0.00028	0.0	0.00037	0.00017	0.00068	0.00015	0.0	0.0	0.0	0.00014	0.00014	0.00023	0.0002	0.00012	0.00012	0.0	0.0	0.0	0.0001	0.0	7e-05	7e-05	
0.00148	0.00071	0.00071	0.43986	0.00071	0.05377	0.02772	0.00071	0.37241	0.43986	0.31915	5e-05	5e-05	0.01444	5e-05	0.08007	0.13021	0.31995	0.02437	0.06231	0.01733	0.12156	0.04738	0.04315	0.12594	0.04125	0.02971	0.03845	0.08581	0.13281	0.4435	0.4435	5e-05	0.0	0.01649	0.0409	0.36623	0.03203	0.12574	0.4435	5e-05	5e-05	0.01623	0.00741	5e-05	0.00741	0.20907	5e-05	5e-05	5e-05	5e-05	5e-05	0.02697	0.01649	0.0	0.0	0.08773	5e-05	0.02133	0.00907	0.1147	0.008	0.00827	0.00045	0.02872	0.02013	0.02133	0.01367	5e-05	5e-05	5e-05	0.01935	0.01935	0.09139	0.01915	0.4435	0.4435	5e-05	5e-05	5e-05	0.40161	0.00325	0.43986	0.43986	
0.00294	0.00205	0.00205	0.01431	0.00205	0.02117	0.01257	0.00205	0.01452	0.01431	0.01474	0.00065	0.00065	0.01753	0.00065	0.0	0.05753	0.08259	0.1318	0.06953	0.246	0.01479	0.15994	0.20498	0.33911	0.16635	0.01303	0.30096	0.0495	0.01767	0.01274	0.01274	0.00065	0.01649	0.0	0.17305	0.0132	0.01144	0.04945	0.01274	0.00065	0.00065	0.00793	0.00436	0.00065	0.00436	0.02676	0.00065	0.00065	0.00065	0.00065	0.00065	0.01254	1.00078	0.0	0.0	0.02128	0.00065	0.01004	0.00509	0.02021	0.0046	0.00472	0.00169	0.01291	0.00938	0.01004	0.00693	0.00065	0.00065	0.00065	0.00908	0.00908	0.02231	0.00903	0.01274	0.01274	0.00065	0.00065	0.00065	0.0127	0.00464	0.01431	0.01431	
0.01231	0.01419	0.01419	0.03261	0.01419	0.04702	0.04098	0.01419	0.03371	0.03261	0.03901	0.00115	0.00115	0.03085	0.00115	0.14134	0.19344	0.03969	0.07339	0.14885	0.08974	0.0831	0.05525	0.12598	0.37248	0.04244	0.02975	0.12513	0.11072	0.11813	0.0294	0.0294	0.00115	0.0409	0.17305	0.0	0.03296	0.02423	0.12479	0.0294	0.00115	0.00115	0.01599	0.00763	0.00115	0.00763	0.16083	0.00115	0.00115	0.00115	0.00115	0.00115	0.06972	0.17305	0.0	0.0	0.10543	0.00115	0.02096	0.00916	0.05256	0.00818	0.00843	0.00264	0.02902	0.0198	0.02096	0.01352	0.00115	0.00115	0.00115	0.01904	0.01904	0.05896	0.02453	0.0294	0.0294	0.00115	0.00115	0.00115	0.03057	0.00988	0.03261	0.03261	
0.0007	0.00027	0.00027	0.73858	0.00027	0.0426	0.02183	0.00027	0.60586	0.73858	0.49998	0.00012	0.00012	0.03435	0.00012	0.66217	0.23684	0.50901	0.23501	0.07559	0.02457	0.03105	0.03808	0.03527	0.02653	0.03317	0.02364	0.03098	0.08564	0.03803	0.7394	0.7394	0.00012	0.36623	0.0132	0.03296	0.0	0.01867	0.09379	0.7394	0.00012	0.00012	0.01297	0.00592	0.00012	0.00592	0.12968	0.00012	0.00012	0.00012	0.00012	0.00012	0.02169	0.0132	0.0	0.0	0.37019	0.00012	0.01709	0.00724	0.2538	0.0064	0.00661	0.00014	0.02272	0.01609	0.01709	0.01091	0.00012	0.00012	0.00012	0.01547	0.01547	0.21912	0.01531	0.7394	0.7394	0.00012	0.00012	0.00012	0.65723	0.00181	0.73858	0.73858	
0.00356	0.00243	0.00243	0.02031	0.00243	0.03073	0.01749	0.00243	0.02092	0.02031	0.02123	0.0007	0.0007	0.02667	0.0007	0.0	0.0825	0.11756	0.19463	0.10268	0.36326	0.0882	0.24037	0.03055	0.09355	0.23677	0.4823	0.02108	0.06006	0.09859	0.01776	0.01776	0.0007	0.03203	0.01144	0.02423	0.01867	0.0	0.06858	0.01776	0.0007	0.0007	0.0106	0.00549	0.0007	0.00549	0.27795	0.0007	0.0007	0.0007	0.0007	0.0007	0.01811	0.01144	0.0	0.0	0.13813	0.0007	1.00254	0.00648	0.18152	0.00588	0.00605	0.00199	0.55556	0.0127	1.00254	0.00922	0.0007	0.0007	0.0007	0.01232	0.01232	0.03232	0.01216	0.01776	0.01776	0.0007	0.0007	0.0007	0.01785	0.00572	0.02031	0.02031	
0.00554	0.00251	0.00251	0.08365	0.00251	0.07027	0.00196	0.00251	0.09204	0.08365	0.12118	4e-05	4e-05	0.01146	4e-05	0.20121	0.15034	0.10839	0.07574	0.25971	0.04925	0.07187	0.00329	0.00342	0.09447	0.03248	0.07997	0.08701	0.15768	0.15697	0.08566	0.08566	4e-05	0.12574	0.04945	0.12479	0.09379	0.06858	0.0	0.08566	4e-05	4e-05	0.0429	0.02068	4e-05	0.02068	0.14619	4e-05	4e-05	4e-05	4e-05	4e-05	0.08588	0.04945	0.0	0.0	0.18279	4e-05	0.05792	0.02571	0.17002	0.02251	0.02333	0.00154	0.01214	0.06253	0.05792	0.04044	4e-05	4e-05	4e-05	0.05229	0.05229	0.013	0.00065	0.08566	0.08566	4e-05	4e-05	4e-05	0.08811	0.0022	0.08365	0.08365	
0.00086	0.00036	0.00036	1.00013	0.00036	0.0383	0.02047	0.00036	0.76756	1.00013	0.59974	0.00012	0.00012	0.03118	0.00012	0.0	0.25854	0.61255	0.03583	0.06609	0.02401	0.02734	0.03333	0.0312	0.02353	0.02947	0.02197	0.02721	0.0732	0.03346	0.99994	0.99994	0.00012	0.4435	0.01274	0.0294	0.7394	0.01776	0.08566	0.0	0.00012	0.00012	0.01248	0.00595	0.00012	0.00595	0.13133	0.00012	0.00012	0.00012	0.00012	0.00012	0.0204	0.01274	0.0	0.0	0.2214	0.00012	0.01622	0.00721	0.29322	0.0064	0.0066	0.00021	0.02124	0.01528	0.01622	0.01061	0.00012	0.00012	0.00012	0.01472	0.01472	0.24833	0.01459	0.99994	0.99994	0.00012	0.00012	0.00012	0.85332	0.00208	1.00013	1.00013	
0.0	0.0	0.0	7e-05	0.0	0.00015	0.00013	0.0	4e-05	7e-05	8e-05	0.0	0.0	0.00085	0.0	0.0	5e-05	5e-05	7e-05	3e-05	0.00016	0.00098	0.00012	0.00108	0.00023	0.00044	0.00029	0.00025	0.00078	9e-05	0.00012	0.00012	0.0	5e-05	0.00065	0.00115	0.00012	0.0007	4e-05	0.00012	0.0	0.0	0.00017	0.00039	0.0	0.00039	0.00039	0.0	0.0	0.0	0.0	0.0	0.00175	0.00065	0.0	0.0	6e-05	0.0	0.00068	0.00036	6e-05	0.00029	0.00028	0.0	0.00037	0.00017	0.00068	0.00015	0.0	0.0	0.0	0.00014	0.00014	0.00023	0.0002	0.00012	0.00012	0.0	0.0	0.0	0.0001	0.0	7e-05	7e-05	
0.0	0.0	0.0	7e-05	0.0	0.00015	0.00013	0.0	4e-05	7e-05	8e-05	0.0	0.0	0.00085	0.0	0.0	5e-05	5e-05	7e-05	3e-05	0.00016	0.00098	0.00012	0.00108	0.00023	0.00044	0.00029	0.00025	0.00078	9e-05	0.00012	0.00012	0.0	5e-05	0.00065	0.00115	0.00012	0.0007	4e-05	0.00012	0.0	0.0	0.00017	0.00039	0.0	0.00039	0.00039	0.0	0.0	0.0	0.0	0.0	0.00175	0.00065	0.0	0.0	6e-05	0.0	0.00068	0.00036	6e-05	0.00029	0.00028	0.0	0.00037	0.00017	0.00068	0.00015	0.0	0.0	0.0	0.00014	0.00014	0.00023	0.0002	0.00012	0.00012	0.0	0.0	0.0	0.0001	0.0	7e-05	7e-05	
0.00064	0.0003	0.0003	0.01356	0.0003	0.0205	0.39478	0.0003	0.01387	0.01356	0.01451	0.00017	0.00017	0.01728	0.00017	0.03554	0.10685	0.3058	0.14249	0.10776	0.01428	0.01458	0.01724	0.01671	0.01249	0.01571	0.01255	0.01422	0.03596	0.13136	0.01248	0.01248	0.00017	0.01623	0.00793	0.01599	0.01297	0.0106	0.0429	0.01248	0.00017	0.00017	0.0	0.00403	0.00017	0.00403	0.02648	0.00017	0.00017	0.00017	0.00017	0.00017	0.01229	0.00793	0.0	0.0	0.02102	0.00017	0.00977	0.00477	0.01994	0.00427	0.00439	0.0002	0.01224	0.00911	0.00977	0.00664	0.00017	0.00017	0.00017	0.00881	0.00881	0.11424	0.00876	0.01248	0.01248	0.00017	0.00017	0.00017	0.01246	0.0015	0.01356	0.01356	
0.00046	0.00028	0.00028	0.00638	0.00028	0.00921	0.00569	0.00028	0.00628	0.00638	0.00643	0.00039	0.00039	0.00826	0.00039	0.02492	0.00962	0.00793	0.00903	0.01407	0.00717	0.00682	0.00749	0.00784	0.0056	0.00713	0.00607	0.06726	0.02043	0.00761	0.00595	0.00595	0.00039	0.00741	0.00436	0.00763	0.00592	0.00549	0.02068	0.00595	0.00039	0.00039	0.00403	0.0	0.00039	0.99973	0.01115	0.00039	0.00039	0.00039	0.00039	0.00039	0.00672	0.00436	0.0	0.0	0.0091	0.00039	0.00515	0.00285	0.00889	0.00259	0.00264	0.00025	0.00599	0.00462	0.00515	0.00359	0.00039	0.00039	0.00039	0.00449	0.00449	0.00983	0.0045	0.00595	0.00595	0.00039	0.00039	0.00039	0.0058	0.00098	0.00638	0.00638	
0.0	0.0	0.0	7e-05	0.0	0.00015	0.00013	0.0	4e-05	7e-05	8e-05	0.0	0.0	0.00085	0.0	0.0	5e-05	5e-05	7e-05	3e-05	0.00016	0.00098	0.00012	0.00108	0.00023	0.00044	0.00029	0.00025	0.00078	9e-05	0.00012	0.00012	0.0	5e-05	0.00065	0.00115	0.00012	0.0007	4e-05	0.00012	0.0	0.0	0.00017	0.00039	0.0	0.00039	0.00039	0.0	0.0	0.0	0.0	0.0	0.00175	0.00065	0.0	0.0	6e-05	0.0	0.00068	0.00036	6e-05	0.00029	0.00028	0.0	0.00037	0.00017	0.00068	0.00015	0.0	0.0	0.0	0.00014	0.00014	0.00023	0.0002	0.00012	0.00012	0.0	0.0	0.0	0.0001	0.0	7e-05	7e-05	
0.00046	0.00028	0.00028	0.00638	0.00028	0.00921	0.00569	0.00028	0.00628	0.00638	0.00643	0.00039	0.00039	0.00826	0.00039	0.02492	0.00962	0.00793	0.00903	0.01407	0.00717	0.00682	0.00749	0.00784	0.0056	0.00713	0.00607	0.06726	0.02043	0.00761	0.00595	0.00595	0.00039	0.00741	0.00436	0.00763	0.00592	0.00549	0.02068	0.00595	0.00039	0.00039	0.00403	0.99973	0.00039	0.0	0.01115	0.00039	0.00039	0.00039	0.00039	0.00039	0.00672	0.00436	0.0	0.0	0.0091	0.00039	0.00515	0.00285	0.00889	0.00259	0.00264	0.00025	0.00599	0.00462	0.00515	0.00359	0.00039	0.00039	0.00039	0.00449	0.00449	0.00983	0.0045	0.00595	0.00595	0.00039	0.00039	0.00039	0.0058	0.00098	0.00638	0.00638	
0.00227	0.00293	0.00293	0.16747	0.00293	0.09358	0.04357	0.00293	0.16126	0.16747	0.2093	0.00039	0.00039	0.22117	0.00039	0.3836	0.23431	0.20871	0.10793	0.14683	0.10852	0.1546	0.15305	0.11011	0.22573	0.16503	0.18968	0.08169	0.25567	0.13635	0.13133	0.13133	0.00039	0.20907	0.02676	0.16083	0.12968	0.27795	0.14619	0.13133	0.00039	0.00039	0.02648	0.01115	0.00039	0.01115	0.0	0.00039	0.00039	0.00039	0.00039	0.00039	0.02008	0.02676	0.0	0.0	0.27424	0.00039	0.26076	0.01384	0.15281	0.01212	0.01256	0.00208	0.2028	0.03392	0.26076	0.02182	0.00039	0.00039	0.00039	0.07503	0.07503	0.03423	0.03202	0.13133	0.13133	0.00039	0.00039	0.00039	0.12949	0.00208	0.16747	0.16747	
0.0	0.0	0.0	7e-05	0.0	0.00015	0.00013	0.0	4e-05	7e-05	8e-05	0.0	0.0	0.00085	0.0	0.0	5e-05	5e-05	7e-05	3e-05	0.00016	0.00098	0.00012	0.00108	0.00023	0.00044	0.00029	0.00025	0.00078	9e-05	0.00012	0.00012	0.0	5e-05	0.00065	0.00115	0.00012	0.0007	4e-05	0.00012	0.0	0.0	0.00017	0.00039	0.0	0.00039	0.00039	0.0	0.0	0.0	0.0	0.0	0.00175	0.00065	0.0	0.0	6e-05	0.0	0.00068	0.00036	6e-05	0.00029	0.00028	0.0	0.00037	0.00017	0.00068	0.00015	0.0	0.0	0.0	0.00014	0.00014	0.00023	0.0002	0.00012	0.00012	0.0	0.0	0.0	0.0001	0.0	7e-05	7e-05	
0.0	0.0	0.0	7e-05	0.0	0.00015	0.00013	0.0	4e-05	7e-05	8e-05	0.0	0.0	0.00085	0.0	0.0	5e-05	5e-05	7e-05	3e-05	0.00016	0.00098	0.00012	0.00108	0.00023	0.00044	0.00029	0.00025	0.00078	9e-05	0.00012	0.00012	0.0	5e-05	0.00065	0.00115	0.00012	0.0007	4e-05	0.00012	0.0	0.0	0.00017	0.00039	0.0	0.00039	0.00039	0.0	0.0	0.0	0.0	0.0	0.00175	0.00065	0.0	0.0	6e-05	0.0	0.00068	0.00036	6e-05	0.00029	0.00028	0.0	0.00037	0.00017	0.00068	0.00015	0.0	0.0	0.0	0.00014	0.00014	0.00023	0.0002	0.00012	0.00012	0.0	0.0	0.0	0.0001	0.0	7e-05	7e-05	
0.0	0.0	0.0	7e-05	0.0	0.00015	0.00013	0.0	4e-05	7e-05	8e-05	0.0	0.0	0.00085	0.0	0.0	5e-05	5e-05	7e-05	3e-05	0.00016	0.00098	0.00012	0.00108	0.00023	0.00044	0.00029	0.00025	0.00078	9e-05	0.00012	0.00012	0.0	5e-05	0.00065	0.00115	0.00012	0.0007	4e-05	0.00012	0.0	0.0	0.00017	0.00039	0.0	0.00039	0.00039	0.0	0.0	0.0	0.0	0.0	0.00175	0.00065	0.0	0.0	6e-05	0.0	0.00068	0.00036	6e-05	0.00029	0.00028	0.0	0.00037	0.00017	0.00068	0.00015	0.0	0.0	0.0	0.00014	0.00014	0.00023	0.0002	0.00012	0.00012	0.0	0.0	0.0	0.0001	0.0	7e-05	7e-05	
0.0	0.0	0.0	7e-05	0.0	0.00015	0.00013	0.0	4e-05	7e-05	8e-05	0.0	0.0	0.00085	0.0	0.0	5e-05	5e-05	7e-05	3e-05	0.00016	0.00098	0.00012	0.00108	0.00023	0.00044	0.00029	0.00025	0.00078	9e-05	0.00012	0.00012	0.0	5e-05	0.00065	0.00115	0.00012	0.0007	4e-05	0.00012	0.0	0.0	0.00017	0.00039	0.0	0.00039	0.00039	0.0	0.0	0.0	0.0	0.0	0.00175	0.00065	0.0	0.0	6e-05	0.0	0.00068	0.00036	6e-05	0.00029	0.00028	0.0	0.00037	0.00017	0.00068	0.00015	0.0	0.0	0.0	0.00014	0.00014	0.00023	0.0002	0.00012	0.00012	0.0	0.0	0.0	0.0001	0.0	7e-05	7e-05	
0.0	0.0	0.0	7e-05	0.0	0.00015	0.00013	0.0	4e-05	7e-05	8e-05	0.0	0.0	0.00085	0.0	0.0	5e-05	5e-05	7e-05	3e-05	0.00016	0.00098	0.00012	0.00108	0.00023	0.00044	0.00029	0.00025	0.00078	9e-05	0.00012	0.00012	0.0	5e-05	0.00065	0.00115	0.00012	0.0007	4e-05	0.00012	0.0	0.0	0.00017	0.00039	0.0	0.00039	0.00039	0.0	0.0	0.0	0.0	0.0	0.00175	0.00065	0.0	0.0	6e-05	0.0	0.00068	0.00036	6e-05	0.00029	0.00028	0.0	0.00037	0.00017	0.00068	0.00015	0.0	0.0	0.0	0.00014	0.00014	0.00023	0.0002	0.00012	0.00012	0.0	0.0	0.0	0.0001	0.0	7e-05	7e-05	
0.0663	0.07191	0.07191	0.03594	0.07191	0.03653	0.03683	0.07191	0.03201	0.03594	0.02466	0.00175	0.00175	0.05587	0.00175	0.06854	0.04197	0.0331	0.5958	0.03266	0.0239	0.11622	0.02966	0.07791	0.02125	0.0265	0.02091	0.13609	0.08403	0.02985	0.0204	0.0204	0.00175	0.02697	0.01254	0.06972	0.02169	0.01811	0.08588	0.0204	0.00175	0.00175	0.01229	0.00672	0.00175	0.00672	0.02008	0.00175	0.00175	0.00175	0.00175	0.00175	0.0	0.01254	0.0	0.0	0.03607	0.00175	0.01552	0.0078	0.03352	0.0071	0.00727	0.03242	0.02532	0.13163	0.01552	0.28866	0.00175	0.00175	0.00175	0.0142	0.0142	0.03713	0.01409	0.0204	0.0204	0.00175	0.00175	0.00175	0.02064	0.05819	0.03594	0.03594	
0.00294	0.00205	0.00205	0.01431	0.00205	0.02117	0.01257	0.00205	0.01452	0.01431	0.01474	0.00065	0.00065	0.01753	0.00065	0.0	0.05753	0.08259	0.1318	0.06953	0.246	0.01479	0.15994	0.20498	0.33911	0.16635	0.01303	0.30096	0.0495	0.01767	0.01274	0.01274	0.00065	0.01649	1.00078	0.17305	0.0132	0.01144	0.04945	0.01274	0.00065	0.00065	0.00793	0.00436	0.00065	0.00436	0.02676	0.00065	0.00065	0.00065	0.00065	0.00065	0.01254	0.0	0.0	0.0	0.02128	0.00065	0.01004	0.00509	0.02021	0.0046	0.00472	0.00169	0.01291	0.00938	0.01004	0.00693	0.00065	0.00065	0.00065	0.00908	0.00908	0.02231	0.00903	0.01274	0.01274	0.00065	0.00065	0.00065	0.0127	0.00464	0.01431	0.01431	
0.0	0.0	0.0	0.0	0.0	0.0	0.0	0.0	0.0	0.0	0.0	0.0	0.0	0.0	0.0	0.0	0.0	0.0	0.0	0.0	0.0	0.0	0.0	0.0	0.0	0.0	0.0	0.0	0.0	0.0	0.0	0.0	0.0	0.0	0.0	0.0	0.0	0.0	0.0	0.0	0.0	0.0	0.0	0.0	0.0	0.0	0.0	0.0	0.0	0.0	0.0	0.0	0.0	0.0	0.0	0.0	0.0	0.0	0.0	0.0	0.0	0.0	0.0	0.0	0.0	0.0	0.0	0.0	0.0	0.0	0.0	0.0	0.0	0.0	0.0	0.0	0.0	0.0	0.0	0.0	0.0	0.0	0.0	0.0	
0.0	0.0	0.0	0.0	0.0	0.0	0.0	0.0	0.0	0.0	0.0	0.0	0.0	0.0	0.0	0.0	0.0	0.0	0.0	0.0	0.0	0.0	0.0	0.0	0.0	0.0	0.0	0.0	0.0	0.0	0.0	0.0	0.0	0.0	0.0	0.0	0.0	0.0	0.0	0.0	0.0	0.0	0.0	0.0	0.0	0.0	0.0	0.0	0.0	0.0	0.0	0.0	0.0	0.0	0.0	0.0	0.0	0.0	0.0	0.0	0.0	0.0	0.0	0.0	0.0	0.0	0.0	0.0	0.0	0.0	0.0	0.0	0.0	0.0	0.0	0.0	0.0	0.0	0.0	0.0	0.0	0.0	0.0	0.0	
0.00211	0.00106	0.00106	0.21859	0.00106	0.07819	0.03781	0.00106	0.2003	0.21859	0.18824	6e-05	6e-05	0.06049	6e-05	1.45103	0.28858	0.28611	0.20712	0.02109	0.02239	0.05652	0.064	0.06412	0.09471	0.03904	0.0575	0.05679	0.16718	0.01928	0.2214	0.2214	6e-05	0.08773	0.02128	0.10543	0.37019	0.13813	0.18279	0.2214	6e-05	6e-05	0.02102	0.0091	6e-05	0.0091	0.27424	6e-05	6e-05	6e-05	6e-05	6e-05	0.03607	0.02128	0.0	0.0	0.0	6e-05	0.1397	0.01126	0.28124	0.00989	0.01024	0.0007	0.06916	0.02654	0.1397	0.01748	6e-05	6e-05	6e-05	0.02544	0.02544	0.03615	0.02514	0.2214	0.2214	6e-05	6e-05	6e-05	0.20952	0.00447	0.21859	0.21859	
0.0	0.0	0.0	7e-05	0.0	0.00015	0.00013	0.0	4e-05	7e-05	8e-05	0.0	0.0	0.00085	0.0	0.0	5e-05	5e-05	7e-05	3e-05	0.00016	0.00098	0.00012	0.00108	0.00023	0.00044	0.00029	0.00025	0.00078	9e-05	0.00012	0.00012	0.0	5e-05	0.00065	0.00115	0.00012	0.0007	4e-05	0.00012	0.0	0.0	0.00017	0.00039	0.0	0.00039	0.00039	0.0	0.0	0.0	0.0	0.0	0.00175	0.00065	0.0	0.0	6e-05	0.0	0.00068	0.00036	6e-05	0.00029	0.00028	0.0	0.00037	0.00017	0.00068	0.00015	0.0	0.0	0.0	0.00014	0.00014	0.00023	0.0002	0.00012	0.00012	0.0	0.0	0.0	0.0001	0.0	7e-05	7e-05	
0.00326	0.00225	0.00225	0.01827	0.00225	0.02758	0.0159	0.00225	0.01882	0.01827	0.01931	0.00068	0.00068	0.02251	0.00068	0.0	0.08003	0.11492	0.18338	0.09674	0.34227	0.01927	0.24012	0.02203	0.01661	0.23783	0.48443	0.019	0.04887	0.0233	0.01622	0.01622	0.00068	0.02133	0.01004	0.02096	0.01709	1.00254	0.05792	0.01622	0.00068	0.00068	0.00977	0.00515	0.00068	0.00515	0.26076	0.00068	0.00068	0.00068	0.00068	0.00068	0.01552	0.01004	0.0	0.0	0.1397	0.00068	0.0	0.00607	0.18336	0.00546	0.00561	0.00185	0.55749	0.01169	1.00096	0.00847	0.00068	0.00068	0.00068	0.01131	0.01131	0.0292	0.01123	0.01622	0.01622	0.00068	0.00068	0.00068	0.01632	0.00517	0.01827	0.01827	
0.00043	0.00024	0.00024	0.00774	0.00024	0.07385	0.00686	0.00024	0.00769	0.00774	0.00792	0.00036	0.00036	0.00995	0.00036	0.02653	0.01197	0.00977	0.01093	0.01743	0.00848	0.00823	0.00925	0.00945	0.00686	0.0087	0.00732	0.00772	0.02539	0.0094	0.00721	0.00721	0.00036	0.00907	0.00509	0.00916	0.00724	0.00648	0.02571	0.00721	0.00036	0.00036	0.00477	0.00285	0.00036	0.00285	0.01384	0.00036	0.00036	0.00036	0.00036	0.00036	0.0078	0.00509	0.0	0.0	0.01126	0.00036	0.00607	0.0	0.01093	0.00296	0.00303	0.00021	0.00719	0.25263	0.00607	0.00423	0.00036	0.00036	0.00036	0.00536	0.00536	0.05868	0.00536	0.00721	0.00721	0.00036	0.00036	0.00036	0.00707	0.00098	0.00774	0.00774	
0.00233	0.00122	0.00122	0.28999	0.00122	0.06979	0.03508	0.00122	0.25591	0.28999	0.2302	6e-05	6e-05	0.0546	6e-05	0.47907	0.16321	0.39104	0.03027	0.12436	0.02126	0.04969	0.06798	0.05655	0.0424	0.04355	0.27256	0.04987	0.06291	0.06157	0.29322	0.29322	6e-05	0.1147	0.02021	0.05256	0.2538	0.18152	0.17002	0.29322	6e-05	6e-05	0.01994	0.00889	6e-05	0.00889	0.15281	6e-05	6e-05	6e-05	6e-05	6e-05	0.03352	0.02021	0.0	0.0	0.28124	6e-05	0.18336	0.01093	0.0	0.00963	0.00996	0.00083	0.09065	0.02491	0.18336	0.0167	6e-05	6e-05	6e-05	0.02392	0.02392	0.04509	0.02366	0.29322	0.29322	6e-05	6e-05	6e-05	0.2718	0.00035	0.28999	0.28999	
0.0	0.00034	0.00034	0.0069	0.00034	0.06455	0.00614	0.00034	0.23941	0.0069	0.00696	0.00029	0.00029	0.00886	0.00029	0.02677	0.01052	0.00866	0.00996	0.0154	0.00792	0.00733	0.00812	0.00842	0.00605	0.00769	0.00653	0.00679	0.02223	0.00825	0.0064	0.0064	0.00029	0.008	0.0046	0.00818	0.0064	0.00588	0.02251	0.0064	0.00029	0.00029	0.00427	0.00259	0.00029	0.00259	0.01212	0.00029	0.00029	0.00029	0.00029	0.00029	0.0071	0.0046	0.0	0.0	0.00989	0.00029	0.00546	0.00296	0.00963	0.0	0.00275	0.00027	0.00645	0.00493	0.00546	0.0038	0.00029	0.00029	0.00029	0.00479	0.00479	0.01064	0.00479	0.0064	0.0064	0.00029	0.00029	0.00029	0.00625	0.00123	0.0069	0.0069	
0.00059	0.00034	0.00034	0.00713	0.00034	0.01033	0.00634	0.00034	0.00704	0.00713	0.00721	0.00028	0.00028	0.00914	0.00028	0.02709	0.0109	0.00896	0.01029	0.01596	0.00815	0.00755	0.00841	0.00868	0.00626	0.00795	0.00673	0.00703	0.02304	0.00855	0.0066	0.0066	0.00028	0.00827	0.00472	0.00843	0.00661	0.00605	0.02333	0.0066	0.00028	0.00028	0.00439	0.00264	0.00028	0.00264	0.01256	0.00028	0.00028	0.00028	0.00028	0.00028	0.00727	0.00472	0.0	0.0	0.01024	0.00028	0.00561	0.00303	0.00996	0.00275	0.0	0.00027	0.1539	0.00508	0.00561	0.0039	0.00028	0.00028	0.00028	0.00493	0.00493	0.011	0.00493	0.0066	0.0066	0.00028	0.00028	0.00028	0.00646	0.0	0.00713	0.00713	
0.0	0.0	0.0	0.00041	0.0	0.00027	0.00024	0.0	0.00034	0.00041	0.00017	0.0	0.0	0.00256	0.0	0.0	0.00043	0.00038	0.35856	0.00148	0.00048	0.0021	0.00102	0.00271	0.00089	0.00138	0.00126	0.08354	0.00228	0.0004	0.00021	0.00021	0.0	0.00045	0.00169	0.00264	0.00014	0.00199	0.00154	0.00021	0.0	0.0	0.0002	0.00025	0.0	0.00025	0.00208	0.0	0.0	0.0	0.0	0.0	0.03242	0.00169	0.0	0.0	0.0007	0.0	0.00185	0.00021	0.00083	0.00027	0.00027	0.0	0.00037	0.14723	0.00185	0.0	0.0	0.0	0.0	0.00021	0.00021	0.00018	0.00016	0.00021	0.00021	0.0	0.0	0.0	0.00016	0.0	0.00041	0.00041	
0.0029	0.00185	0.00185	0.02407	0.00185	0.03742	0.02055	0.00185	0.02519	0.02407	0.02611	0.00037	0.00037	0.03096	0.00037	0.11715	0.0471	0.05727	0.2821	0.05255	0.09182	0.02672	0.15484	0.03081	0.02276	0.14092	0.27363	0.07642	0.02221	0.03202	0.02124	0.02124	0.00037	0.02872	0.01291	0.02902	0.02272	0.55556	0.01214	0.02124	0.00037	0.00037	0.01224	0.00599	0.00037	0.00599	0.2028	0.00037	0.00037	0.00037	0.00037	0.00037	0.02532	0.01291	0.0	0.0	0.06916	0.00037	0.55749	0.00719	0.09065	0.00645	0.1539	0.00037	0.0	0.04826	0.55749	0.13731	0.00037	0.00037	0.00037	0.01437	0.01437	0.03979	0.0142	0.02124	0.02124	0.00037	0.00037	0.00037	0.02155	0.00216	0.02407	0.02407	
0.00064	0.00028	0.00028	0.01662	0.00028	0.00696	0.01432	0.00028	0.01721	0.01662	0.01818	0.00017	0.00017	0.02128	0.00017	0.03947	0.02929	0.02285	0.31158	0.04207	0.01698	0.01818	0.02177	0.02081	0.01563	0.01962	0.01531	0.16823	0.00842	0.02196	0.01528	0.01528	0.00017	0.02013	0.00938	0.0198	0.01609	0.0127	0.06253	0.01528	0.00017	0.00017	0.00911	0.00462	0.00017	0.00462	0.03392	0.00017	0.00017	0.00017	0.00017	0.00017	0.13163	0.00938	0.0	0.0	0.02654	0.00017	0.01169	0.25263	0.02491	0.00493	0.00508	0.14723	0.04826	0.0	0.01169	0.44027	0.00017	0.00017	0.00017	0.01059	0.01059	0.00368	0.01051	0.01528	0.01528	0.00017	0.00017	0.00017	0.01537	0.00158	0.01662	0.01662	
