0.0	6e-05	0.0	0.00044	0.00093	0.00088	0.00765	0.00808	0.02203	0.00091	0.00091	0.00044	0.00099	0.0	0.00073	0.00085	0.0	0.00091	0.00099	0.00167	0.01787	0.00747	0.0	0.00091	0.07729	0.0	0.0	0.0024	0.00062	0.00621	0.00039	0.00125	0.00455	0.0	0.02092	0.00719	0.0	0.00055	0.0	0.00057	0.00108	0.00055	0.0	0.00068	0.0	0.00111	0.00091	0.0	0.0	0.0	0.00099	0.0	0.01121	0.01026	0.00081	0.00055	0.00081	0.00106	0.0	0.0	0.0	0.00274	0.0	0.0	0.00099	0.0	0.00148	0.0	0.0011	0.00088	0.0047	0.11817	0.00143	0.01463	0.00747	0.00047	0.0	0.00181	0.00899	0.00178	0.00159	0.0	0.0	0.0	0.0	0.0	0.0	0.00044	0.00048	0.00055	0.0	0.00227	0.00469	0.0	0.03764	0.00066	0.0	0.00106	0.00805	0.02494	0.00245	0.01196	0.00186	0.00047	0.00195	0.00088	0.0	0.013	0.0	0.0	0.00054	0.00051	0.00052	0.02092	0.00953	0.03505	0.0008	0.00128	0.00055	0.00112	0.00099	0.0	0.0	0.0	0.00245	0.0143	0.00046	0.00069	0.0	0.0008	0.00274	0.00257	0.00085	0.0	0.00118	0.00245	0.00094	0.00058	0.00112	
6e-05	0.0	6e-05	0.41343	0.23852	0.57431	0.25736	0.45289	0.34272	0.59971	0.59971	0.01616	0.02102	0.00233	0.44498	0.66231	6e-05	0.59971	0.02102	0.12181	0.2021	0.16238	6e-05	0.59971	0.03994	0.0	0.0	0.0998	0.37707	0.07751	0.02306	0.34035	0.06991	6e-05	0.04234	0.06286	6e-05	0.01192	6e-05	0.02549	0.30586	0.01391	6e-05	0.02225	0.00154	0.60107	0.59971	6e-05	6e-05	6e-05	0.02102	0.0	0.05746	0.06624	0.01546	0.01391	0.01546	0.03341	6e-05	6e-05	6e-05	0.10231	6e-05	0.1151	0.02102	6e-05	0.04614	6e-05	0.29352	0.03323	0.10287	0.11461	0.04792	0.04799	0.06041	0.01062	6e-05	0.10097	0.1832	0.15641	0.1019	6e-05	6e-05	6e-05	6e-05	6e-05	6e-05	0.41343	0.19042	0.01391	0.00084	0.1079	0.08742	0.00051	0.62202	0.01506	0.11705	0.03375	0.16907	0.14187	0.01389	0.06056	0.0437	0.02177	0.06558	0.0292	6e-05	0.05382	0.00051	0.00051	0.4151	0.31555	0.02231	0.04234	0.14899	0.05135	0.0143	0.03038	0.01391	0.03165	0.02102	6e-05	6e-05	6e-05	0.01389	0.04622	0.01144	0.46272	6e-05	0.0143	0.10231	0.10199	0.28533	6e-05	0.02522	0.01389	0.0531	0.01753	0.06029	
0.0	6e-05	0.0	0.00044	0.00093	0.00088	0.00765	0.00808	0.02203	0.00091	0.00091	0.00044	0.00099	0.0	0.00073	0.00085	0.0	0.00091	0.00099	0.00167	0.01787	0.00747	0.0	0.00091	0.07729	0.0	0.0	0.0024	0.00062	0.00621	0.00039	0.00125	0.00455	0.0	0.02092	0.00719	0.0	0.00055	0.0	0.00057	0.00108	0.00055	0.0	0.00068	0.0	0.00111	0.00091	0.0	0.0	0.0	0.00099	0.0	0.01121	0.01026	0.00081	0.00055	0.00081	0.00106	0.0	0.0	0.0	0.00274	0.0	0.0	0.00099	0.0	0.00148	0.0	0.0011	0.00088	0.0047	0.11817	0.00143	0.01463	0.00747	0.00047	0.0	0.00181	0.00899	0.00178	0.00159	0.0	0.0	0.0	0.0	0.0	0.0	0.00044	0.00048	0.00055	0.0	0.00227	0.00469	0.0	0.03764	0.00066	0.0	0.00106	0.00805	0.02494	0.00245	0.01196	0.00186	0.00047	0.00195	0.00088	0.0	0.013	0.0	0.0	0.00054	0.00051	0.00052	0.02092	0.00953	0.03505	0.0008	0.00128	0.00055	0.00112	0.00099	0.0	0.0	0.0	0.00245	0.0143	0.00046	0.00069	0.0	0.0008	0.00274	0.00257	0.00085	0.0	0.00118	0.00245	0.00094	0.00058	0.00112	
0.00044	0.41343	0.00044	0.0	0.0169	0.34222	0.18116	0.08028	0.01934	0.01165	0.01165	0.00869	0.01059	0.00127	0.01342	0.27215	0.00022	0.01165	0.01059	0.03277	0.02339	0.02995	0.00022	0.01165	0.01367	0.0	0.0	0.07041	0.014	0.03015	0.01083	0.02203	0.03138	0.00022	0.01974	0.02701	0.00022	0.0068	0.00022	0.01241	0.01559	0.00768	0.00022	0.01112	0.00083	0.01346	0.01165	0.00022	0.00022	0.00022	0.01059	0.0	0.02372	0.02667	0.00832	0.00768	0.00832	0.0153	0.00022	0.00022	0.00022	0.05754	0.00022	0.00866	0.01059	0.00022	0.01982	0.00022	0.01597	0.0143	0.0676	0.02323	0.01924	0.02015	0.02675	0.00622	0.00022	0.08433	0.02732	0.02589	0.08462	0.00022	0.00022	0.00022	0.00022	0.00022	0.00022	0.9997	0.30477	0.00768	0.00046	0.04615	0.03758	0.0003	0.01758	0.00811	0.00932	0.0146	0.06788	0.04245	0.00772	0.02312	0.01776	0.01037	0.02491	0.01376	0.00022	0.02569	0.0003	0.0003	0.99976	0.52819	0.01118	0.01974	0.03092	0.0183	0.00781	0.01327	0.00768	0.01464	0.01059	0.00022	0.00022	0.00022	0.00772	0.02015	0.0066	0.01293	0.00022	0.00781	0.05754	0.05809	0.01624	0.00022	0.0115	0.00772	0.02237	0.0088	0.02343	
0.00093	0.23852	0.00093	0.0169	0.0	0.52392	0.08495	0.20972	0.18692	0.2958	0.2958	0.0181	0.02348	0.11779	0.56703	0.19765	4e-05	0.2958	0.02348	0.03734	0.09306	0.04135	4e-05	0.2958	0.03272	0.0	0.0	0.11017	0.21552	0.19964	0.02636	0.28677	0.02527	4e-05	0.05219	0.16707	4e-05	0.01321	4e-05	0.02881	0.13529	0.32491	4e-05	0.02503	0.00173	0.293	0.2958	4e-05	4e-05	4e-05	0.02348	0.0	0.07303	0.08469	0.16303	0.32491	0.16303	0.0363	4e-05	4e-05	4e-05	0.03529	4e-05	0.01808	0.02348	4e-05	0.05241	4e-05	0.68961	0.05516	0.02207	0.02795	0.04154	0.05918	0.23636	0.01176	4e-05	0.05169	0.04695	0.26067	0.10734	4e-05	4e-05	4e-05	4e-05	4e-05	4e-05	0.0169	0.03166	0.32491	0.00095	0.12905	0.11801	0.00059	0.12148	0.01675	0.01999	0.05371	0.27069	0.1591	0.01499	0.14095	0.03674	0.02478	0.07529	0.03302	4e-05	0.07176	0.00059	0.00059	0.01871	0.02942	0.02518	0.05219	0.07529	0.05233	0.01582	0.03456	0.32491	0.03575	0.02348	4e-05	4e-05	4e-05	0.01499	0.05805	0.01269	0.24844	4e-05	0.01582	0.03529	0.03554	0.12402	4e-05	0.02852	0.01499	0.01827	0.01972	0.07339	
0.00088	0.57431	0.00088	0.34222	0.52392	0.0	0.17667	0.25712	0.18639	0.28989	0.28989	0.01835	0.02383	0.00249	0.23881	0.43049	5e-05	0.28989	0.02383	0.03887	0.09369	0.04261	5e-05	0.28989	0.03326	0.0	0.0	0.11341	0.21326	0.09138	0.0268	0.28435	0.02737	5e-05	0.05317	0.08629	5e-05	0.01337	5e-05	0.02924	0.13363	0.01567	5e-05	0.02541	0.00166	0.2872	0.28989	5e-05	5e-05	5e-05	0.02383	0.0	0.07471	0.08674	0.15978	0.01567	0.15978	0.03647	5e-05	5e-05	5e-05	0.03886	5e-05	0.01833	0.02383	5e-05	0.0534	5e-05	0.67359	0.05521	0.04487	0.02925	0.04216	0.06045	0.08325	0.0119	5e-05	0.05725	0.0479	0.25815	0.11209	5e-05	5e-05	5e-05	5e-05	5e-05	5e-05	0.34222	0.17299	0.01567	0.0009	0.15718	0.1254	0.00055	0.12019	0.01693	0.02024	0.05368	0.18273	0.16142	0.01518	0.07678	0.03742	0.02518	0.07699	0.03356	5e-05	0.0732	0.00055	0.00055	0.34463	0.27939	0.02556	0.05317	0.07695	0.05339	0.01603	0.03519	0.01567	0.03636	0.02383	5e-05	5e-05	5e-05	0.01518	0.05928	0.01285	0.24478	5e-05	0.01603	0.03886	0.03914	0.12266	5e-05	0.02901	0.01518	0.01937	0.02002	0.02606	
0.00765	0.25736	0.00765	0.18116	0.08495	0.17667	0.0	0.47518	0.39416	0.0883	0.0883	0.07859	0.10929	0.00188	0.1329	0.30378	1e-05	0.0883	0.10929	0.0934	0.1223	0.05372	1e-05	0.0883	0.17262	0.0	0.0	0.14037	0.13257	0.25228	0.09614	0.19281	0.18393	1e-05	0.42134	0.34703	1e-05	0.02939	1e-05	0.06701	0.04455	0.0463	1e-05	0.0611	0.01546	0.10439	0.0883	1e-05	1e-05	1e-05	0.10929	0.0	0.4134	0.43711	0.03946	0.0463	0.03946	0.04216	1e-05	1e-05	1e-05	0.12439	1e-05	0.07858	0.10929	1e-05	0.13754	1e-05	0.04378	0.10716	0.04907	0.20985	0.09739	0.28392	0.2758	0.02582	1e-05	0.17106	0.29713	0.02686	0.27053	1e-05	1e-05	1e-05	1e-05	1e-05	1e-05	0.18116	0.17771	0.0463	0.0027	0.19398	0.32153	0.00229	0.08928	0.03564	0.08171	0.09864	0.50576	0.3843	0.04427	0.27927	0.07633	0.09977	0.05755	0.07709	1e-05	0.3097	0.00229	0.00229	0.19016	0.19901	0.02052	0.42134	0.37564	0.38497	0.03601	0.13148	0.0463	0.06637	0.10929	1e-05	1e-05	1e-05	0.04427	0.39925	0.03696	0.12288	1e-05	0.03601	0.12439	0.12477	0.07544	1e-05	0.07443	0.04427	0.01038	0.04927	0.12291	
0.00808	0.45289	0.00808	0.08028	0.20972	0.25712	0.47518	0.0	0.58246	0.36973	0.36973	0.08691	0.11879	0.00396	0.32458	0.46016	3e-05	0.36973	0.11879	0.17437	0.22859	0.14491	3e-05	0.36973	0.18168	0.0	0.0	0.06082	0.30011	0.20055	0.09022	0.32181	0.11835	3e-05	0.3705	0.16935	3e-05	0.02	3e-05	0.04637	0.23027	0.02364	3e-05	0.03959	0.01601	0.43432	0.36973	3e-05	3e-05	3e-05	0.11879	0.0	0.305	0.30305	0.0264	0.02364	0.0264	0.06205	3e-05	3e-05	3e-05	0.0864	3e-05	0.0869	0.11879	3e-05	0.09869	3e-05	0.22449	0.0641	0.06914	0.14365	0.05366	0.19747	0.15438	0.01769	3e-05	0.0447	0.47284	0.12624	0.05355	3e-05	3e-05	3e-05	3e-05	3e-05	3e-05	0.08028	0.17369	0.02364	0.00138	0.08567	0.11275	0.00082	0.28928	0.02598	0.08629	0.06498	0.303	0.39816	0.02275	0.15555	0.08656	0.089	0.04181	0.04942	3e-05	0.21286	0.00082	0.00082	0.07978	0.08731	0.03982	0.3705	0.38619	0.32066	0.02423	0.11887	0.02364	0.04192	0.11879	3e-05	3e-05	3e-05	0.02275	0.32519	0.01918	0.32918	3e-05	0.02423	0.0864	0.08496	0.29079	3e-05	0.04653	0.02275	0.02239	0.03104	0.12589	
0.02203	0.34272	0.02203	0.01934	0.18692	0.18639	0.39416	0.58246	0.0	0.33741	0.33741	0.1416	0.30526	0.00289	0.29525	0.53247	1e-05	0.33741	0.30526	0.13862	0.39165	0.21329	1e-05	0.33741	0.39578	0.0	0.0	0.13465	0.27221	0.26599	0.13386	0.281	0.204	1e-05	0.53939	0.25855	1e-05	0.01488	1e-05	0.03434	0.20815	0.0176	1e-05	0.0295	0.12183	0.59346	0.33741	1e-05	1e-05	1e-05	0.30526	0.0	0.41404	0.40134	0.01966	0.0176	0.01966	0.04616	1e-05	1e-05	1e-05	0.16883	1e-05	0.14158	0.30526	1e-05	0.17276	1e-05	0.20252	0.04791	0.14767	0.16057	0.17674	0.46717	0.24851	0.01315	1e-05	0.11189	0.64782	0.26105	0.11043	1e-05	1e-05	1e-05	1e-05	1e-05	1e-05	0.01934	0.06633	0.0176	0.00105	0.15112	0.18985	0.00064	0.3388	0.01918	0.14155	0.0481	0.27911	0.82073	0.01695	0.35069	0.06445	0.13423	0.13368	0.20067	1e-05	0.34323	0.00064	0.00064	0.02159	0.03601	0.02968	0.53939	0.4948	0.69083	0.01803	0.26576	0.0176	0.18743	0.30526	1e-05	1e-05	1e-05	0.01695	0.45942	0.01426	0.29995	1e-05	0.01803	0.16883	0.16694	0.34071	1e-05	0.03483	0.01695	0.04959	0.02319	0.0926	
0.00091	0.59971	0.00091	0.01165	0.2958	0.28989	0.0883	0.36973	0.33741	0.0	0.99972	0.01235	0.01542	0.00227	0.61716	0.39594	0.00011	0.99972	0.01542	0.12308	0.19463	0.13873	0.00011	0.99972	0.02046	0.0	0.0	0.05475	0.48555	0.05047	0.01631	0.39691	0.05095	0.00011	0.03057	0.04401	0.00011	0.0094	0.00011	0.01847	0.42436	0.01078	0.00011	0.01628	0.00158	1.00118	0.99972	0.00011	0.00011	0.00011	0.01542	0.0	0.0385	0.04366	0.01178	0.01078	0.01178	0.02316	0.00011	0.00011	0.00011	0.06577	0.00011	0.01233	0.01542	0.00011	0.03069	0.00011	0.40317	0.02221	0.05676	0.0374	0.03067	0.03225	0.04326	0.0085	0.00011	0.04708	0.15799	0.17669	0.04346	0.00011	0.00011	0.00011	0.00011	0.00011	0.00011	0.01165	0.01992	0.01078	0.00093	0.07634	0.06194	0.00062	0.38643	0.01164	0.01355	0.02269	0.08664	0.08899	0.01063	0.03808	0.02802	0.01551	0.0402	0.02062	0.00011	0.04057	0.00062	0.00062	0.01281	0.01801	0.01637	0.03057	0.13513	0.02918	0.01099	0.02043	0.01078	0.02207	0.01542	0.00011	0.00011	0.00011	0.01063	0.03207	0.00908	0.65616	0.00011	0.01099	0.06577	0.06518	0.38947	0.00011	0.01742	0.01063	0.03495	0.01287	0.03764	
0.00091	0.59971	0.00091	0.01165	0.2958	0.28989	0.0883	0.36973	0.33741	0.99972	0.0	0.01235	0.01542	0.00227	0.61716	0.39594	0.00011	0.99972	0.01542	0.12308	0.19463	0.13873	0.00011	0.99972	0.02046	0.0	0.0	0.05475	0.48555	0.05047	0.01631	0.39691	0.05095	0.00011	0.03057	0.04401	0.00011	0.0094	0.00011	0.01847	0.42436	0.01078	0.00011	0.01628	0.00158	1.00118	0.99972	0.00011	0.00011	0.00011	0.01542	0.0	0.0385	0.04366	0.01178	0.01078	0.01178	0.02316	0.00011	0.00011	0.00011	0.06577	0.00011	0.01233	0.01542	0.00011	0.03069	0.00011	0.40317	0.02221	0.05676	0.0374	0.03067	0.03225	0.04326	0.0085	0.00011	0.04708	0.15799	0.17669	0.04346	0.00011	0.00011	0.00011	0.00011	0.00011	0.00011	0.01165	0.01992	0.01078	0.00093	0.07634	0.06194	0.00062	0.38643	0.01164	0.01355	0.02269	0.08664	0.08899	0.01063	0.03808	0.02802	0.01551	0.0402	0.02062	0.00011	0.04057	0.00062	0.00062	0.01281	0.01801	0.01637	0.03057	0.13513	0.02918	0.01099	0.02043	0.01078	0.02207	0.01542	0.00011	0.00011	0.00011	0.01063	0.03207	0.00908	0.65616	0.00011	0.01099	0.06577	0.06518	0.38947	0.00011	0.01742	0.01063	0.03495	0.01287	0.03764	
0.00044	0.01616	0.00044	0.00869	0.0181	0.01835	0.07859	0.08691	0.1416	0.01235	0.01235	0.0	0.01121	0.00129	0.01433	0.01757	0.00021	0.01235	0.01121	0.03516	0.02515	0.03211	0.00021	0.01235	0.31727	0.0	0.0	0.03665	0.01499	0.06933	0.57078	0.02366	0.0696	0.00021	0.16497	0.08188	0.00021	0.00714	0.00021	0.01317	0.01661	0.00809	0.00021	0.01178	0.00084	0.01428	0.01235	0.00021	0.00021	0.00021	0.01121	0.0	0.10631	0.09926	0.00877	0.00809	0.00877	0.01629	0.00021	0.00021	0.00021	0.04371	0.00021	0.00914	0.01121	0.00021	0.1641	0.00021	0.01701	0.01529	0.07279	0.02494	0.0206	0.13016	0.08348	0.00652	0.00021	0.03172	0.10126	0.02775	0.02881	0.00021	0.00021	0.00021	0.00021	0.00021	0.00021	0.00869	0.33389	0.00809	0.00046	0.04517	0.06044	0.00029	0.01874	0.00853	0.00984	0.01559	0.0735	0.14495	0.0081	0.10069	0.01902	0.60852	0.02676	0.01463	0.00021	0.12377	0.00029	0.00029	0.00934	0.01254	0.01185	0.16497	0.09386	0.19664	0.00823	0.01416	0.00809	0.01558	0.01121	0.00021	0.00021	0.00021	0.0081	0.12757	0.00693	0.0138	0.00021	0.00823	0.04371	0.04333	0.23031	0.00021	0.01224	0.0081	0.13567	0.00932	0.02515	
0.00099	0.02102	0.00099	0.01059	0.02348	0.02383	0.10929	0.11879	0.30526	0.01542	0.01542	0.01121	0.0	0.00234	0.01838	0.35823	0.00013	0.01542	0.99971	0.04604	0.16401	0.12006	0.00013	0.01542	0.01832	0.0	0.0	0.04806	0.01948	0.09556	0.01458	0.03114	0.09364	0.00013	0.22688	0.11158	0.00013	0.00859	0.00013	0.01662	0.0211	0.00982	0.00013	0.01467	0.0	0.25825	0.01542	0.00013	0.00013	0.00013	0.99971	0.0	0.14731	0.13765	0.01071	0.00982	0.01071	0.02067	0.00013	0.00013	0.00013	0.05759	0.00013	0.01119	0.99971	0.00013	0.22561	0.00013	0.02165	0.01969	0.0498	0.03284	0.2689	0.38461	0.11322	0.00779	0.00013	0.04142	0.13637	0.15154	0.03808	0.00013	0.00013	0.00013	0.00013	0.00013	0.00013	0.01059	0.01785	0.00982	0.00101	0.06016	0.08143	0.0007	0.02409	0.01065	0.01233	0.02017	0.07395	0.33626	0.00972	0.21379	0.02472	0.01389	0.12507	0.45807	0.00013	0.16818	0.0007	0.0007	0.01168	0.0161	0.01475	0.22688	0.13027	0.4454	0.01	0.55769	0.00982	0.40051	0.99971	0.00013	0.00013	0.00013	0.00972	0.1763	0.00832	0.01764	0.00013	0.01	0.05759	0.05707	0.02203	0.00013	0.01554	0.00972	0.03091	0.01159	0.03303	
0.0	0.00233	0.0	0.00127	0.11779	0.00249	0.00188	0.00396	0.00289	0.00227	0.00227	0.00129	0.00234	0.0	0.15763	0.00238	0.0	0.00227	0.00234	0.00094	0.00363	0.00507	0.0	0.00227	0.00205	0.0	0.0	0.00055	0.00186	0.02003	0.00129	0.00349	0.00582	0.0	0.00316	0.02203	0.0	0.00139	0.0	0.06583	0.00279	0.0	0.0	0.00187	0.0	0.00284	0.00227	0.0	0.0	0.0	0.00234	0.0	0.00325	0.00637	0.00193	0.0	0.00193	0.00275	0.0	0.0	0.0	0.00019	0.0	0.00196	0.00234	0.0	0.00373	0.0	0.00284	0.00233	0.00711	0.00452	0.00372	0.00348	0.08595	0.0012	0.0	0.00144	0.0046	0.00484	0.00251	0.0	0.0	0.0	0.0	0.0	0.0	0.00127	0.0016	0.0	0.0	0.00033	0.00129	0.0	0.0035	0.0	0.0023	0.00272	0.02516	0.0102	0.00421	0.02161	0.00408	0.00142	0.00242	0.00236	0.0	0.00326	0.0	0.0	0.00153	0.22253	0.08532	0.00316	0.00544	0.00306	0.00188	0.00286	0.0	0.0028	0.00234	0.0	0.0	0.0	0.00421	0.09772	0.00121	0.00192	0.0	0.00188	0.00019	0.013	0.00245	0.0	0.00261	0.00421	0.00299	0.00154	0.00353	
0.00073	0.44498	0.00073	0.01342	0.56703	0.23881	0.1329	0.32458	0.29525	0.61716	0.61716	0.01433	0.01838	0.15763	0.0	0.3302	5e-05	0.61716	0.01838	0.12049	0.17887	0.13051	5e-05	0.61716	0.02524	0.0	0.0	0.08997	0.38179	0.12791	0.02029	0.33756	0.07013	5e-05	0.03937	0.15314	5e-05	0.01057	5e-05	0.02232	0.31356	0.3934	5e-05	0.01954	0.00136	0.618	0.61716	5e-05	5e-05	5e-05	0.01838	0.0	0.05311	0.06101	0.0136	0.3934	0.0136	0.02898	5e-05	5e-05	5e-05	0.09118	5e-05	0.01431	0.01838	5e-05	0.03953	5e-05	0.30078	0.02878	0.07664	0.05073	0.04044	0.04361	0.22897	0.00945	5e-05	0.09179	0.14313	0.15726	0.09215	5e-05	5e-05	5e-05	5e-05	5e-05	5e-05	0.01342	0.02447	0.3934	0.00075	0.09241	0.0901	0.00046	0.29073	0.01324	0.01571	0.02903	0.22099	0.11138	0.012	0.12717	0.03719	0.01914	0.05497	0.02546	5e-05	0.05322	0.00046	0.00046	0.01474	0.02247	0.01965	0.03937	0.13817	0.03875	0.01259	0.02622	0.3934	0.02746	0.01838	5e-05	5e-05	5e-05	0.012	0.04297	0.01018	0.47185	5e-05	0.01259	0.09118	0.09103	0.29244	5e-05	0.02186	0.012	0.04555	0.01542	0.09251	
0.00085	0.66231	0.00085	0.27215	0.19765	0.43049	0.30378	0.46016	0.53247	0.39594	0.39594	0.01757	0.35823	0.00238	0.3302	0.0	2e-05	0.39594	0.35823	0.12585	0.40881	0.21316	2e-05	0.39594	0.03263	0.0	0.0	0.1113	0.29646	0.13359	0.0264	0.28884	0.11653	2e-05	0.15146	0.12344	2e-05	0.01267	2e-05	0.02849	0.23104	0.01492	2e-05	0.02465	0.15477	0.75388	0.39594	2e-05	2e-05	2e-05	0.35823	0.0	0.14017	0.14448	0.01663	0.01492	0.01663	0.03798	2e-05	2e-05	2e-05	0.12074	2e-05	0.01756	0.35823	2e-05	0.15104	2e-05	0.22373	0.03895	0.1128	0.07263	0.18239	0.26776	0.11992	0.01123	2e-05	0.10694	0.24118	0.28071	0.10875	2e-05	2e-05	2e-05	2e-05	2e-05	2e-05	0.27215	0.14755	0.01492	0.00088	0.1275	0.12426	0.00054	0.2189	0.01616	0.01943	0.03905	0.20364	0.38168	0.01442	0.19661	0.05171	0.02472	0.12392	0.22479	2e-05	0.13546	0.00054	0.00054	0.27368	0.23509	0.0248	0.15146	0.21553	0.27969	0.01529	0.29445	0.01492	0.20753	0.35823	2e-05	2e-05	2e-05	0.01442	0.14011	0.01216	0.33803	2e-05	0.01529	0.12074	0.12017	0.21895	2e-05	0.0287	0.01442	0.06232	0.01941	0.07306	
0.0	6e-05	0.0	0.00022	4e-05	5e-05	1e-05	3e-05	1e-05	0.00011	0.00011	0.00021	0.00013	0.0	5e-05	2e-05	0.0	0.00011	0.00013	7e-05	3e-05	5e-05	0.0	0.00011	0.0001	0.0	0.0	6e-05	3e-05	3e-05	9e-05	2e-05	5e-05	0.0	7e-05	4e-05	0.0	0.00022	0.0	0.00015	8e-05	0.00019	0.0	0.00012	0.0	0.00011	0.00011	0.0	0.0	0.0	0.00013	0.0	5e-05	5e-05	0.00016	0.00019	0.00016	8e-05	0.0	0.0	0.0	5e-05	0.0	0.00015	0.00013	0.0	8e-05	0.0	8e-05	4e-05	7e-05	6e-05	5e-05	4e-05	4e-05	0.00027	0.0	5e-05	5e-05	4e-05	2e-05	0.0	0.0	0.0	0.0	0.0	0.0	0.00022	0.00017	0.00019	0.0	5e-05	9e-05	0.0	9e-05	0.00019	0.00016	5e-05	0.00012	2e-05	0.00078	4e-05	0.00019	9e-05	9e-05	9e-05	0.0	6e-05	0.0	0.0	0.0002	8e-05	0.00015	7e-05	2e-05	4e-05	0.00017	0.00013	0.00019	9e-05	0.00013	0.0	0.0	0.0	0.00078	3e-05	0.00026	6e-05	0.0	0.00017	5e-05	5e-05	8e-05	0.0	0.00015	0.00078	0.0001	8e-05	3e-05	
0.00091	0.59971	0.00091	0.01165	0.2958	0.28989	0.0883	0.36973	0.33741	0.99972	0.99972	0.01235	0.01542	0.00227	0.61716	0.39594	0.00011	0.0	0.01542	0.12308	0.19463	0.13873	0.00011	0.99972	0.02046	0.0	0.0	0.05475	0.48555	0.05047	0.01631	0.39691	0.05095	0.00011	0.03057	0.04401	0.00011	0.0094	0.00011	0.01847	0.42436	0.01078	0.00011	0.01628	0.00158	1.00118	0.99972	0.00011	0.00011	0.00011	0.01542	0.0	0.0385	0.04366	0.01178	0.01078	0.01178	0.02316	0.00011	0.00011	0.00011	0.06577	0.00011	0.01233	0.01542	0.00011	0.03069	0.00011	0.40317	0.02221	0.05676	0.0374	0.03067	0.03225	0.04326	0.0085	0.00011	0.04708	0.15799	0.17669	0.04346	0.00011	0.00011	0.00011	0.00011	0.00011	0.00011	0.01165	0.01992	0.01078	0.00093	0.07634	0.06194	0.00062	0.38643	0.01164	0.01355	0.02269	0.08664	0.08899	0.01063	0.03808	0.02802	0.01551	0.0402	0.02062	0.00011	0.04057	0.00062	0.00062	0.01281	0.01801	0.01637	0.03057	0.13513	0.02918	0.01099	0.02043	0.01078	0.02207	0.01542	0.00011	0.00011	0.00011	0.01063	0.03207	0.00908	0.65616	0.00011	0.01099	0.06577	0.06518	0.38947	0.00011	0.01742	0.01063	0.03495	0.01287	0.03764	
0.00099	0.02102	0.00099	0.01059	0.02348	0.02383	0.10929	0.11879	0.30526	0.01542	0.01542	0.01121	0.99971	0.00234	0.01838	0.35823	0.00013	0.01542	0.0	0.04604	0.16401	0.12006	0.00013	0.01542	0.01832	0.0	0.0	0.04806	0.01948	0.09556	0.01458	0.03114	0.09364	0.00013	0.22688	0.11158	0.00013	0.00859	0.00013	0.01662	0.0211	0.00982	0.00013	0.01467	0.0	0.25825	0.01542	0.00013	0.00013	0.00013	0.99971	0.0	0.14731	0.13765	0.01071	0.00982	0.01071	0.02067	0.00013	0.00013	0.00013	0.05759	0.00013	0.01119	0.99971	0.00013	0.22561	0.00013	0.02165	0.01969	0.0498	0.03284	0.2689	0.38461	0.11322	0.00779	0.00013	0.04142	0.13637	0.15154	0.03808	0.00013	0.00013	0.00013	0.00013	0.00013	0.00013	0.01059	0.01785	0.00982	0.00101	0.06016	0.08143	0.0007	0.02409	0.01065	0.01233	0.02017	0.07395	0.33626	0.00972	0.21379	0.02472	0.01389	0.12507	0.45807	0.00013	0.16818	0.0007	0.0007	0.01168	0.0161	0.01475	0.22688	0.13027	0.4454	0.01	0.55769	0.00982	0.40051	0.99971	0.00013	0.00013	0.00013	0.00972	0.1763	0.00832	0.01764	0.00013	0.01	0.05759	0.05707	0.02203	0.00013	0.01554	0.00972	0.03091	0.01159	0.03303	
0.00167	0.12181	0.00167	0.03277	0.03734	0.03887	0.0934	0.17437	0.13862	0.12308	0.12308	0.03516	0.04604	0.00094	0.12049	0.12585	7e-05	0.12308	0.04604	0.0	0.02798	0.03267	7e-05	0.12308	0.06514	0.0	0.0	0.02957	0.15324	0.13795	0.07265	0.09187	0.08284	7e-05	0.10734	0.08814	7e-05	0.05682	7e-05	0.14396	0.02702	0.02992	7e-05	0.00048	0.00333	0.1205	0.12308	7e-05	7e-05	7e-05	0.04604	0.0	0.17542	0.21532	0.03329	0.02992	0.03329	0.00639	7e-05	7e-05	7e-05	0.03937	7e-05	0.03514	0.04604	7e-05	0.10783	7e-05	0.02361	0.09548	0.23874	0.03213	0.11437	0.12435	0.02239	0.05019	7e-05	0.07087	0.00207	0.01477	0.07383	7e-05	7e-05	7e-05	7e-05	7e-05	7e-05	0.03277	0.06289	0.02992	0.00172	0.17815	0.15174	0.001	0.01921	0.06486	0.03967	0.03519	0.55153	0.09883	0.02884	0.04559	0.02522	0.06562	0.02857	0.06577	7e-05	0.0273	0.001	0.001	0.03704	0.07962	0.00709	0.10734	0.07558	0.11098	0.06903	0.06929	0.02992	0.00012	0.04604	7e-05	7e-05	7e-05	0.02884	0.12763	0.02444	0.11967	7e-05	0.06903	0.03937	0.00353	0.02145	7e-05	0.08169	0.02884	0.00042	0.03851	0.04143	
0.01787	0.2021	0.01787	0.02339	0.09306	0.09369	0.1223	0.22859	0.39165	0.19463	0.19463	0.02515	0.16401	0.00363	0.17887	0.40881	3e-05	0.19463	0.16401	0.02798	0.0	0.73195	3e-05	0.19463	0.055	0.0	0.0	0.08199	0.23074	0.07121	0.09455	0.14945	0.03895	3e-05	0.05734	0.03549	3e-05	0.08969	3e-05	0.043	0.0955	0.02129	3e-05	0.03558	0.02755	0.46754	0.19463	3e-05	3e-05	3e-05	0.16401	0.0	0.19823	0.15982	0.02377	0.02129	0.02377	0.0556	3e-05	3e-05	3e-05	0.20874	3e-05	0.13198	0.16401	3e-05	0.05042	3e-05	0.09153	0.05742	0.07577	0.16626	0.08078	0.14206	0.20762	0.01595	3e-05	0.13609	0.25756	0.28706	0.11896	3e-05	3e-05	3e-05	3e-05	3e-05	3e-05	0.02339	0.04582	0.02129	0.00131	0.05425	0.01861	0.0008	0.18545	0.02335	0.13215	0.05804	0.2014	0.2976	0.0205	0.13206	0.07727	0.03583	0.02764	0.0847	3e-05	0.02487	0.0008	0.0008	0.02625	0.04347	0.0358	0.05734	0.14105	0.16386	0.02182	0.15363	0.02129	0.07557	0.16401	3e-05	3e-05	3e-05	0.0205	0.06054	0.01728	0.18005	3e-05	0.02182	0.20874	0.20628	0.08896	3e-05	0.04179	0.0205	0.04274	0.02793	0.07736	
0.00747	0.16238	0.00747	0.02995	0.04135	0.04261	0.05372	0.14491	0.21329	0.13873	0.13873	0.03211	0.12006	0.00507	0.13051	0.21316	5e-05	0.13873	0.12006	0.03267	0.73195	0.0	5e-05	0.13873	0.00774	0.0	0.0	0.06434	0.1696	0.08057	0.07492	0.09004	0.03932	5e-05	0.06915	0.04075	5e-05	0.06355	5e-05	0.00536	0.03464	0.02737	5e-05	0.04479	0.01491	0.21213	0.13873	5e-05	5e-05	5e-05	0.12006	0.0	0.11445	0.07966	0.03042	0.02737	0.03042	0.06875	5e-05	5e-05	5e-05	0.25505	5e-05	0.08948	0.12006	5e-05	0.00201	5e-05	0.0308	0.06947	0.04078	0.14284	0.03658	0.0783	0.17086	0.02071	5e-05	0.16518	0.20174	0.14765	0.13505	5e-05	5e-05	5e-05	5e-05	5e-05	5e-05	0.02995	0.05709	0.02737	0.00183	0.03438	0.02121	0.00111	0.23211	0.03025	0.08852	0.07115	0.07754	0.13607	0.0264	0.10375	0.09239	0.04439	0.0295	0.034	5e-05	0.02939	0.00111	0.00111	0.03386	0.05387	0.04505	0.06915	0.06378	0.09433	0.02802	0.11682	0.02737	0.0249	0.12006	5e-05	5e-05	5e-05	0.0264	0.07132	0.02239	0.13054	5e-05	0.02802	0.25505	0.25195	0.02834	5e-05	0.05131	0.0264	0.01271	0.03511	0.01677	
0.0	6e-05	0.0	0.00022	4e-05	5e-05	1e-05	3e-05	1e-05	0.00011	0.00011	0.00021	0.00013	0.0	5e-05	2e-05	0.0	0.00011	0.00013	7e-05	3e-05	5e-05	0.0	0.00011	0.0001	0.0	0.0	6e-05	3e-05	3e-05	9e-05	2e-05	5e-05	0.0	7e-05	4e-05	0.0	0.00022	0.0	0.00015	8e-05	0.00019	0.0	0.00012	0.0	0.00011	0.00011	0.0	0.0	0.0	0.00013	0.0	5e-05	5e-05	0.00016	0.00019	0.00016	8e-05	0.0	0.0	0.0	5e-05	0.0	0.00015	0.00013	0.0	8e-05	0.0	8e-05	4e-05	7e-05	6e-05	5e-05	4e-05	4e-05	0.00027	0.0	5e-05	5e-05	4e-05	2e-05	0.0	0.0	0.0	0.0	0.0	0.0	0.00022	0.00017	0.00019	0.0	5e-05	9e-05	0.0	9e-05	0.00019	0.00016	5e-05	0.00012	2e-05	0.00078	4e-05	0.00019	9e-05	9e-05	9e-05	0.0	6e-05	0.0	0.0	0.0002	8e-05	0.00015	7e-05	2e-05	4e-05	0.00017	0.00013	0.00019	9e-05	0.00013	0.0	0.0	0.0	0.00078	3e-05	0.00026	6e-05	0.0	0.00017	5e-05	5e-05	8e-05	0.0	0.00015	0.00078	0.0001	8e-05	3e-05	
0.00091	0.59971	0.00091	0.01165	0.2958	0.28989	0.0883	0.36973	0.33741	0.99972	0.99972	0.01235	0.01542	0.00227	0.61716	0.39594	0.00011	0.99972	0.01542	0.12308	0.19463	0.13873	0.00011	0.0	0.02046	0.0	0.0	0.05475	0.48555	0.05047	0.01631	0.39691	0.05095	0.00011	0.03057	0.04401	0.00011	0.0094	0.00011	0.01847	0.42436	0.01078	0.00011	0.01628	0.00158	1.00118	0.99972	0.00011	0.00011	0.00011	0.01542	0.0	0.0385	0.04366	0.01178	0.01078	0.01178	0.02316	0.00011	0.00011	0.00011	0.06577	0.00011	0.01233	0.01542	0.00011	0.03069	0.00011	0.40317	0.02221	0.05676	0.0374	0.03067	0.03225	0.04326	0.0085	0.00011	0.04708	0.15799	0.17669	0.04346	0.00011	0.00011	0.00011	0.00011	0.00011	0.00011	0.01165	0.01992	0.01078	0.00093	0.07634	0.06194	0.00062	0.38643	0.01164	0.01355	0.02269	0.08664	0.08899	0.01063	0.03808	0.02802	0.01551	0.0402	0.02062	0.00011	0.04057	0.00062	0.00062	0.01281	0.01801	0.01637	0.03057	0.13513	0.02918	0.01099	0.02043	0.01078	0.02207	0.01542	0.00011	0.00011	0.00011	0.01063	0.03207	0.00908	0.65616	0.00011	0.01099	0.06577	0.06518	0.38947	0.00011	0.01742	0.01063	0.03495	0.01287	0.03764	
0.07729	0.03994	0.07729	0.01367	0.03272	0.03326	0.17262	0.18168	0.39578	0.02046	0.02046	0.31727	0.01832	0.00205	0.02524	0.03263	0.0001	0.02046	0.01832	0.06514	0.055	0.00774	0.0001	0.02046	0.0	0.0	0.0	0.06813	0.02717	0.14782	0.236	0.04427	0.13883	0.0001	0.35834	0.16955	0.0001	0.01094	0.0001	0.022	0.02862	0.01261	0.0001	0.01939	0.00135	0.02412	0.02046	0.0001	0.0001	0.0001	0.01832	0.0	0.23265	0.2174	0.01384	0.01261	0.01384	0.028	0.0001	0.0001	0.0001	0.08228	0.0001	0.31724	0.01832	0.0001	0.03481	0.0001	0.0294	0.02716	0.14214	0.1727	0.03768	0.29241	0.17066	0.00985	0.0001	0.05833	0.20396	0.05118	0.05422	0.0001	0.0001	0.0001	0.0001	0.0001	0.0001	0.01367	0.10034	0.01261	0.00073	0.08734	0.12044	0.00045	0.05804	0.0135	0.31503	0.02757	0.15686	0.42715	0.01236	0.2304	0.03454	0.24461	0.05014	0.02481	0.0001	0.25647	0.00045	0.00045	0.01494	0.02167	0.0195	0.35834	0.20576	0.57539	0.01287	0.02489	0.01261	0.02663	0.01832	0.0001	0.0001	0.0001	0.01236	0.27845	0.01056	0.02411	0.0001	0.01287	0.08228	0.08151	0.06061	0.0001	0.02105	0.01236	0.02396	0.01531	0.04683	
0.0	0.0	0.0	0.0	0.0	0.0	0.0	0.0	0.0	0.0	0.0	0.0	0.0	0.0	0.0	0.0	0.0	0.0	0.0	0.0	0.0	0.0	0.0	0.0	0.0	0.0	0.0	0.0	0.0	0.0	0.0	0.0	0.0	0.0	0.0	0.0	0.0	0.0	0.0	0.0	0.0	0.0	0.0	0.0	0.0	0.0	0.0	0.0	0.0	0.0	0.0	0.0	0.0	0.0	0.0	0.0	0.0	0.0	0.0	0.0	0.0	0.0	0.0	0.0	0.0	0.0	0.0	0.0	0.0	0.0	0.0	0.0	0.0	0.0	0.0	0.0	0.0	0.0	0.0	0.0	0.0	0.0	0.0	0.0	0.0	0.0	0.0	0.0	0.0	0.0	0.0	0.0	0.0	0.0	0.0	0.0	0.0	0.0	0.0	0.0	0.0	0.0	0.0	0.0	0.0	0.0	0.0	0.0	0.0	0.0	0.0	0.0	0.0	0.0	0.0	0.0	0.0	0.0	0.0	0.0	0.0	0.0	0.0	0.0	0.0	0.0	0.0	0.0	0.0	0.0	0.0	0.0	0.0	0.0	0.0	0.0	0.0	0.0	0.0	
0.0	0.0	0.0	0.0	0.0	0.0	0.0	0.0	0.0	0.0	0.0	0.0	0.0	0.0	0.0	0.0	0.0	0.0	0.0	0.0	0.0	0.0	0.0	0.0	0.0	0.0	0.0	0.0	0.0	0.0	0.0	0.0	0.0	0.0	0.0	0.0	0.0	0.0	0.0	0.0	0.0	0.0	0.0	0.0	0.0	0.0	0.0	0.0	0.0	0.0	0.0	0.0	0.0	0.0	0.0	0.0	0.0	0.0	0.0	0.0	0.0	0.0	0.0	0.0	0.0	0.0	0.0	0.0	0.0	0.0	0.0	0.0	0.0	0.0	0.0	0.0	0.0	0.0	0.0	0.0	0.0	0.0	0.0	0.0	0.0	0.0	0.0	0.0	0.0	0.0	0.0	0.0	0.0	0.0	0.0	0.0	0.0	0.0	0.0	0.0	0.0	0.0	0.0	0.0	0.0	0.0	0.0	0.0	0.0	0.0	0.0	0.0	0.0	0.0	0.0	0.0	0.0	0.0	0.0	0.0	0.0	0.0	0.0	0.0	0.0	0.0	0.0	0.0	0.0	0.0	0.0	0.0	0.0	0.0	0.0	0.0	0.0	0.0	0.0	
0.0024	0.0998	0.0024	0.07041	0.11017	0.11341	0.14037	0.06082	0.13465	0.05475	0.05475	0.03665	0.04806	0.00055	0.08997	0.1113	6e-05	0.05475	0.04806	0.02957	0.08199	0.06434	6e-05	0.05475	0.06813	0.0	0.0	0.0	0.10838	0.02729	0.07189	0.05727	0.03134	6e-05	0.11272	0.07024	6e-05	0.05403	6e-05	0.05454	0.08164	0.06399	6e-05	0.05138	0.0044	0.06944	0.05475	6e-05	6e-05	6e-05	0.04806	0.0	0.09045	0.10303	0.0347	0.06399	0.0347	0.00768	6e-05	6e-05	6e-05	0.07939	6e-05	0.03664	0.04806	6e-05	0.0035	6e-05	0.08435	0.08065	0.02347	0.02887	0.09063	0.03445	0.07216	0.02353	6e-05	0.19843	0.17612	0.13754	0.43137	6e-05	6e-05	6e-05	6e-05	6e-05	6e-05	0.07041	0.00257	0.06399	0.00546	0.11407	0.0762	0.00315	0.08333	0.03132	0.03713	0.08676	0.15439	0.22394	0.06138	0.1611	0.05125	0.06527	0.06386	0.00098	6e-05	0.13672	0.00315	0.00315	0.0857	0.09047	0.00098	0.11272	0.08294	0.09408	0.03193	0.09434	0.06399	0.07486	0.04806	6e-05	6e-05	6e-05	0.06138	0.12789	0.05178	0.08246	6e-05	0.03193	0.07939	0.08137	0.08626	6e-05	0.08608	0.06138	0.00378	0.04878	0.01997	
0.00062	0.37707	0.00062	0.014	0.21552	0.21326	0.13257	0.30011	0.27221	0.48555	0.48555	0.01499	0.01948	0.00186	0.38179	0.29646	3e-05	0.48555	0.01948	0.15324	0.23074	0.1696	3e-05	0.48555	0.02717	0.0	0.0	0.10838	0.0	0.08574	0.2143	0.37038	0.08846	3e-05	0.0433	0.13011	3e-05	0.27019	3e-05	0.0238	0.26543	0.0128	3e-05	0.02076	0.00122	0.48606	0.48555	3e-05	3e-05	3e-05	0.01948	0.0	0.11139	0.1029	0.01421	0.0128	0.01421	0.03141	3e-05	3e-05	3e-05	0.09876	3e-05	0.01498	0.01948	3e-05	0.04349	3e-05	0.25577	0.03174	0.08647	0.05735	0.04502	0.04923	0.08579	0.00972	3e-05	0.08762	0.13495	0.14678	0.11914	3e-05	3e-05	3e-05	3e-05	3e-05	3e-05	0.014	0.02629	0.0128	0.00064	0.22952	0.09834	0.00038	0.24825	0.01373	0.01642	0.03181	0.1686	0.39108	0.01242	0.06229	0.04156	0.02061	0.06244	0.11449	3e-05	0.05911	0.00038	0.00038	0.01536	0.02432	0.13812	0.0433	0.18494	0.0433	0.0131	0.02879	0.0128	0.02968	0.01948	3e-05	3e-05	3e-05	0.01242	0.04827	0.261	0.73984	3e-05	0.0131	0.09876	0.0983	0.24945	3e-05	0.02374	0.01242	0.05042	0.01637	0.08582	
0.00621	0.07751	0.00621	0.03015	0.19964	0.09138	0.25228	0.20055	0.26599	0.05047	0.05047	0.06933	0.09556	0.02003	0.12791	0.13359	3e-05	0.05047	0.09556	0.13795	0.07121	0.08057	3e-05	0.05047	0.14782	0.0	0.0	0.02729	0.08574	0.0	0.0813	0.12194	0.13846	3e-05	0.30796	0.38327	3e-05	0.02294	3e-05	0.06907	0.07847	0.09983	3e-05	0.04707	0.01224	0.05835	0.05047	3e-05	3e-05	3e-05	0.09556	0.0	0.29434	0.26754	0.11464	0.09983	0.11464	0.06108	3e-05	3e-05	3e-05	0.0843	3e-05	0.06932	0.09556	3e-05	0.0994	3e-05	0.07184	0.08825	0.03636	0.12447	0.12965	0.191	0.22794	0.02019	3e-05	0.11393	0.16643	0.04433	0.05247	3e-05	3e-05	3e-05	3e-05	3e-05	3e-05	0.03015	0.0313	0.09983	0.00203	0.1576	0.24488	0.00751	0.03462	0.1279	0.07935	0.13865	0.39982	0.34218	0.0839	0.29073	0.08621	0.11648	0.0828	0.05047	3e-05	0.31533	0.00751	0.00751	0.03675	0.13723	0.05186	0.30796	0.33482	0.27756	0.02803	0.1097	0.09983	0.04659	0.09556	3e-05	3e-05	3e-05	0.0839	0.35828	0.02196	0.06811	3e-05	0.02803	0.0843	0.16463	0.03278	3e-05	0.05694	0.0839	0.04245	0.04523	0.18646	
0.00039	0.02306	0.00039	0.01083	0.02636	0.0268	0.09614	0.09022	0.13386	0.01631	0.01631	0.57078	0.01458	0.00129	0.02029	0.0264	9e-05	0.01631	0.01458	0.07265	0.09455	0.07492	9e-05	0.01631	0.236	0.0	0.0	0.07189	0.2143	0.0813	0.0	0.0825	0.10915	9e-05	0.1402	0.08665	9e-05	0.43615	9e-05	0.01744	0.02289	0.00998	9e-05	0.01544	0.00082	0.01897	0.01631	9e-05	9e-05	9e-05	0.01458	0.0	0.18389	0.15574	0.01097	0.00998	0.01097	0.02239	9e-05	9e-05	9e-05	0.06557	9e-05	0.01151	0.01458	9e-05	0.13962	9e-05	0.02353	0.02185	0.08114	0.03736	0.03004	0.1206	0.13287	0.00777	9e-05	0.0467	0.09832	0.04086	0.07345	9e-05	9e-05	9e-05	9e-05	9e-05	9e-05	0.01083	0.24586	0.00998	0.0004	0.21649	0.0746	0.00022	0.02603	0.01055	0.01244	0.02202	0.12494	0.24509	0.00981	0.10292	0.02786	0.42188	0.04039	0.01981	9e-05	0.11375	0.00022	0.00022	0.01171	0.01724	0.01553	0.1402	0.10176	0.16976	0.01019	0.02002	0.00998	0.02129	0.01458	9e-05	9e-05	9e-05	0.00981	0.11711	0.00834	0.01936	9e-05	0.01019	0.06557	0.06497	0.18249	9e-05	0.01689	0.00981	0.12084	0.0122	0.07652	
0.00125	0.34035	0.00125	0.02203	0.28677	0.28435	0.19281	0.32181	0.281	0.39691	0.39691	0.02366	0.03114	0.00349	0.33756	0.28884	2e-05	0.39691	0.03114	0.09187	0.14945	0.09004	2e-05	0.39691	0.04427	0.0	0.0	0.05727	0.37038	0.12194	0.0825	0.0	0.0436	2e-05	0.0729	0.1259	2e-05	0.07825	2e-05	0.03881	0.33002	0.02008	2e-05	0.03691	0.00234	0.40427	0.39691	2e-05	2e-05	2e-05	0.03114	0.0	0.06984	0.07399	0.10626	0.02008	0.10626	0.12283	2e-05	2e-05	2e-05	0.08243	2e-05	0.02365	0.03114	2e-05	0.07323	2e-05	0.33206	0.33503	0.04795	0.17362	0.10124	0.08551	0.04929	0.01508	2e-05	0.03446	0.15662	0.12047	0.15075	2e-05	2e-05	2e-05	2e-05	2e-05	2e-05	0.02203	0.04273	0.02008	0.00129	0.24133	0.19101	0.0008	0.22859	0.02199	0.02646	0.19664	0.20943	0.28628	0.01935	0.11303	0.10245	0.03342	0.11068	0.0447	2e-05	0.10323	0.0008	0.0008	0.02468	0.04037	0.03351	0.0729	0.18547	0.07527	0.09655	0.04778	0.02008	0.02142	0.03114	2e-05	2e-05	2e-05	0.01935	0.08333	0.01633	0.3442	2e-05	0.09655	0.08243	0.04385	0.22663	2e-05	0.0969	0.01935	0.0222	0.09422	0.29129	
0.00455	0.06991	0.00455	0.03138	0.02527	0.02737	0.18393	0.11835	0.204	0.05095	0.05095	0.0696	0.09364	0.00582	0.07013	0.11653	5e-05	0.05095	0.09364	0.08284	0.03895	0.03932	5e-05	0.05095	0.13883	0.0	0.0	0.03134	0.08846	0.13846	0.10915	0.0436	0.0	5e-05	0.25572	0.10336	5e-05	0.04919	5e-05	0.05639	0.07685	0.02857	5e-05	0.12872	0.00929	0.05299	0.05095	5e-05	5e-05	5e-05	0.09364	0.0	0.27548	0.23567	0.06563	0.02857	0.06563	0.00531	5e-05	5e-05	5e-05	0.03805	5e-05	0.06959	0.09364	5e-05	0.05422	5e-05	0.00548	0.02856	0.06221	0.05762	0.15479	0.11875	0.17148	0.20269	5e-05	0.01359	0.07868	0.02778	0.05259	5e-05	5e-05	5e-05	5e-05	5e-05	5e-05	0.03138	0.00933	0.02857	0.00221	0.10451	0.07169	0.00268	0.00865	0.02865	0.0843	0.02591	0.06911	0.25165	0.05604	0.09233	0.05025	0.07591	0.06783	0.02724	5e-05	0.1687	0.00268	0.00268	0.03197	0.05108	0.04802	0.25572	0.24209	0.21963	0.02928	0.10145	0.02857	0.02067	0.09364	5e-05	5e-05	5e-05	0.05604	0.23128	0.02321	0.06592	5e-05	0.02928	0.03805	0.03708	0.00563	5e-05	0.05581	0.05604	0.01529	0.03735	0.02706	
0.0	6e-05	0.0	0.00022	4e-05	5e-05	1e-05	3e-05	1e-05	0.00011	0.00011	0.00021	0.00013	0.0	5e-05	2e-05	0.0	0.00011	0.00013	7e-05	3e-05	5e-05	0.0	0.00011	0.0001	0.0	0.0	6e-05	3e-05	3e-05	9e-05	2e-05	5e-05	0.0	7e-05	4e-05	0.0	0.00022	0.0	0.00015	8e-05	0.00019	0.0	0.00012	0.0	0.00011	0.00011	0.0	0.0	0.0	0.00013	0.0	5e-05	5e-05	0.00016	0.00019	0.00016	8e-05	0.0	0.0	0.0	5e-05	0.0	0.00015	0.00013	0.0	8e-05	0.0	8e-05	4e-05	7e-05	6e-05	5e-05	4e-05	4e-05	0.00027	0.0	5e-05	5e-05	4e-05	2e-05	0.0	0.0	0.0	0.0	0.0	0.0	0.00022	0.00017	0.00019	0.0	5e-05	9e-05	0.0	9e-05	0.00019	0.00016	5e-05	0.00012	2e-05	0.00078	4e-05	0.00019	9e-05	9e-05	9e-05	0.0	6e-05	0.0	0.0	0.0002	8e-05	0.00015	7e-05	2e-05	4e-05	0.00017	0.00013	0.00019	9e-05	0.00013	0.0	0.0	0.0	0.00078	3e-05	0.00026	6e-05	0.0	0.00017	5e-05	5e-05	8e-05	0.0	0.00015	0.00078	0.0001	8e-05	3e-05	
0.02092	0.04234	0.02092	0.01974	0.05219	0.05317	0.42134	0.3705	0.53939	0.03057	0.03057	0.16497	0.22688	0.00316	0.03937	0.15146	7e-05	0.03057	0.22688	0.10734	0.05734	0.06915	7e-05	0.03057	0.35834	0.0	0.0	0.11272	0.0433	0.30796	0.1402	0.0729	0.25572	7e-05	0.0	0.33672	7e-05	0.01555	7e-05	0.03316	0.044	0.01811	7e-05	0.02883	0.04537	0.0484	0.03057	7e-05	7e-05	7e-05	0.22688	0.0	0.59177	0.54711	0.02002	0.01811	0.02002	0.04297	7e-05	7e-05	7e-05	0.1385	7e-05	0.16495	0.22688	7e-05	0.19241	7e-05	0.04532	0.04265	0.01875	0.13884	0.06288	0.44843	0.33176	0.01389	7e-05	0.09523	0.39535	0.01208	0.09039	7e-05	7e-05	7e-05	7e-05	7e-05	7e-05	0.01974	0.03864	0.01811	0.00116	0.15119	0.22021	0.00072	0.0157	0.01967	0.16339	0.04333	0.13712	0.55989	0.01758	0.29087	0.05537	0.14259	0.01824	0.09157	7e-05	0.54395	0.00072	0.00072	0.0219	0.03344	0.02899	0.99982	0.51369	0.77892	0.01852	0.18091	0.01811	0.07564	0.22688	7e-05	7e-05	7e-05	0.01758	0.73187	0.01496	0.03738	7e-05	0.01852	0.1385	0.13709	0.01731	7e-05	0.03226	0.01758	0.00174	0.0227	0.0769	
0.00719	0.06286	0.00719	0.02701	0.16707	0.08629	0.34703	0.16935	0.25855	0.04401	0.04401	0.08188	0.11158	0.02203	0.15314	0.12344	4e-05	0.04401	0.11158	0.08814	0.03549	0.04075	4e-05	0.04401	0.16955	0.0	0.0	0.07024	0.13011	0.38327	0.08665	0.1259	0.10336	4e-05	0.33672	0.0	4e-05	0.02079	4e-05	0.04476	0.06648	0.14966	4e-05	0.04121	0.01422	0.05043	0.04401	4e-05	4e-05	4e-05	0.11158	0.0	0.28336	0.28351	0.02746	0.14966	0.02746	0.01447	4e-05	4e-05	4e-05	0.06584	4e-05	0.08187	0.11158	4e-05	0.08831	4e-05	0.06874	0.06689	0.04548	0.14235	0.05424	0.17694	0.22543	0.01839	4e-05	0.08026	0.13894	0.0301	0.10546	4e-05	4e-05	4e-05	4e-05	4e-05	4e-05	0.02701	0.02083	0.14966	0.00131	0.30098	0.60847	0.00075	0.01621	0.02696	0.08117	0.08285	0.293	0.28517	0.02365	0.16319	0.09049	0.12203	0.04176	0.12705	4e-05	0.18844	0.00075	0.00075	0.03036	0.05057	0.06081	0.33672	0.24123	0.29171	0.02519	0.11401	0.14966	0.03742	0.11158	4e-05	4e-05	4e-05	0.02365	0.29853	0.11545	0.12757	4e-05	0.02519	0.06584	0.06588	0.01531	4e-05	0.04848	0.02365	0.05331	0.04492	0.09752	
0.0	6e-05	0.0	0.00022	4e-05	5e-05	1e-05	3e-05	1e-05	0.00011	0.00011	0.00021	0.00013	0.0	5e-05	2e-05	0.0	0.00011	0.00013	7e-05	3e-05	5e-05	0.0	0.00011	0.0001	0.0	0.0	6e-05	3e-05	3e-05	9e-05	2e-05	5e-05	0.0	7e-05	4e-05	0.0	0.00022	0.0	0.00015	8e-05	0.00019	0.0	0.00012	0.0	0.00011	0.00011	0.0	0.0	0.0	0.00013	0.0	5e-05	5e-05	0.00016	0.00019	0.00016	8e-05	0.0	0.0	0.0	5e-05	0.0	0.00015	0.00013	0.0	8e-05	0.0	8e-05	4e-05	7e-05	6e-05	5e-05	4e-05	4e-05	0.00027	0.0	5e-05	5e-05	4e-05	2e-05	0.0	0.0	0.0	0.0	0.0	0.0	0.00022	0.00017	0.00019	0.0	5e-05	9e-05	0.0	9e-05	0.00019	0.00016	5e-05	0.00012	2e-05	0.00078	4e-05	0.00019	9e-05	9e-05	9e-05	0.0	6e-05	0.0	0.0	0.0002	8e-05	0.00015	7e-05	2e-05	4e-05	0.00017	0.00013	0.00019	9e-05	0.00013	0.0	0.0	0.0	0.00078	3e-05	0.00026	6e-05	0.0	0.00017	5e-05	5e-05	8e-05	0.0	0.00015	0.00078	0.0001	8e-05	3e-05	
0.00055	0.01192	0.00055	0.0068	0.01321	0.01337	0.02939	0.02	0.01488	0.0094	0.0094	0.00714	0.00859	0.00139	0.01057	0.01267	0.00022	0.0094	0.00859	0.05682	0.08969	0.06355	0.00022	0.0094	0.01094	0.0	0.0	0.05403	0.27019	0.02294	0.43615	0.07825	0.04919	0.00022	0.01555	0.02079	0.00022	0.0	0.00022	0.01004	0.0124	0.00636	0.00022	0.009	0.00095	0.01091	0.0094	0.00022	0.00022	0.00022	0.00859	0.0	0.10041	0.07584	0.00684	0.00636	0.00684	0.01217	0.00022	0.00022	0.00022	0.03148	0.00022	0.00711	0.00859	0.00022	0.01561	0.00022	0.01268	0.01124	0.02743	0.01801	0.01507	0.01562	0.05863	0.00521	0.00022	0.02304	0.02131	0.02018	0.05659	0.00022	0.00022	0.00022	0.00022	0.00022	0.00022	0.0068	0.01071	0.00636	0.00057	0.21312	0.02886	0.00039	0.01397	0.00675	0.00769	0.01154	0.07533	0.12545	0.00647	0.0177	0.01387	0.00829	0.01926	0.011	0.00022	0.02013	0.00039	0.00039	0.00734	0.0094	0.00905	0.01555	0.02365	0.01429	0.00645	0.01047	0.00636	0.01168	0.00859	0.00022	0.00022	0.00022	0.00647	0.01566	0.00551	0.01022	0.00022	0.00645	0.03148	0.03121	0.01289	0.00022	0.00915	0.00647	0.01755	0.00712	0.07028	
0.0	6e-05	0.0	0.00022	4e-05	5e-05	1e-05	3e-05	1e-05	0.00011	0.00011	0.00021	0.00013	0.0	5e-05	2e-05	0.0	0.00011	0.00013	7e-05	3e-05	5e-05	0.0	0.00011	0.0001	0.0	0.0	6e-05	3e-05	3e-05	9e-05	2e-05	5e-05	0.0	7e-05	4e-05	0.0	0.00022	0.0	0.00015	8e-05	0.00019	0.0	0.00012	0.0	0.00011	0.00011	0.0	0.0	0.0	0.00013	0.0	5e-05	5e-05	0.00016	0.00019	0.00016	8e-05	0.0	0.0	0.0	5e-05	0.0	0.00015	0.00013	0.0	8e-05	0.0	8e-05	4e-05	7e-05	6e-05	5e-05	4e-05	4e-05	0.00027	0.0	5e-05	5e-05	4e-05	2e-05	0.0	0.0	0.0	0.0	0.0	0.0	0.00022	0.00017	0.00019	0.0	5e-05	9e-05	0.0	9e-05	0.00019	0.00016	5e-05	0.00012	2e-05	0.00078	4e-05	0.00019	9e-05	9e-05	9e-05	0.0	6e-05	0.0	0.0	0.0002	8e-05	0.00015	7e-05	2e-05	4e-05	0.00017	0.00013	0.00019	9e-05	0.00013	0.0	0.0	0.0	0.00078	3e-05	0.00026	6e-05	0.0	0.00017	5e-05	5e-05	8e-05	0.0	0.00015	0.00078	0.0001	8e-05	3e-05	
0.00057	0.02549	0.00057	0.01241	0.02881	0.02924	0.06701	0.04637	0.03434	0.01847	0.01847	0.01317	0.01662	0.06583	0.02232	0.02849	0.00015	0.01847	0.01662	0.14396	0.043	0.00536	0.00015	0.01847	0.022	0.0	0.0	0.05454	0.0238	0.06907	0.01744	0.03881	0.05639	0.00015	0.03316	0.04476	0.00015	0.01004	0.00015	0.0	0.02558	0.01152	0.00015	0.01747	0.00115	0.02172	0.01847	0.00015	0.00015	0.00015	0.01662	0.0	0.05306	0.18798	0.01266	0.01152	0.01266	0.02611	0.00015	0.00015	0.00015	0.06569	0.00015	0.01325	0.01662	0.00015	0.0334	0.00015	0.02627	0.02402	0.063	0.03793	0.0306	0.03521	0.01132	0.00905	0.00015	0.04711	0.04739	0.03934	0.04383	0.00015	0.00015	0.00015	0.00015	0.00015	0.00015	0.01241	0.02132	0.01152	0.00059	0.07635	0.06217	0.00035	0.02926	0.32829	0.01443	0.07563	0.26675	0.08321	0.01162	0.0364	0.03067	0.07653	0.14757	0.02222	0.00015	0.01473	0.00035	0.00035	0.01352	0.21898	0.12212	0.03316	0.05669	0.03166	0.0118	0.02219	0.01152	0.02387	0.01662	0.00015	0.00015	0.00015	0.01162	0.16416	0.00968	0.02136	0.00015	0.0118	0.06569	0.00262	0.02667	0.00015	0.01888	0.01162	0.02904	0.0138	0.01661	
