0.0	0.0902	0.02984	0.07194	0.09262	0.02018	0.17733	0.00017	0.0396	0.03359	0.1173	0.09359	0.18872	0.15731	0.00017	0.00017	0.00017	0.01975	0.00017	0.21017	0.12789	0.06964	0.03021	0.03745	0.03021	0.09649	0.01735	0.00017	0.00017	0.1957	0.00017	0.00017	0.13088	0.0368	0.02853	0.01873	0.09513	0.14301	0.08171	0.14547	0.0604	0.07386	0.0	0.0	0.0	0.02346	0.04923	0.04823	0.05625	0.03111	0.0799	0.06235	0.03359	0.0	0.0	0.0	0.01917	0.02566	0.00017	0.00017	0.00017	0.00017	0.03745	0.1398	0.0	0.09288	0.03394	0.10364	0.12564	0.05884	0.07914	0.11444	0.00017	0.00017	0.03392	0.03774	0.06654	0.23624	0.09442	0.03016	0.00865	0.00972	0.18865	0.00535	0.09893	0.03755	0.03554	0.07095	0.02568	0.23624	0.13963	
0.0902	0.0	0.18921	0.10324	0.12676	0.0511	0.21469	0.00012	0.02983	0.11323	0.1207	0.05097	0.08627	0.14902	0.00012	0.00012	0.00012	0.00653	0.00012	0.0	0.32122	0.07788	0.0083	0.01009	0.0083	0.1466	0.03192	0.00012	0.00012	0.0793	0.00012	0.00012	0.13271	0.11025	0.05531	0.04826	0.07853	0.08922	0.13095	0.13048	0.10527	0.22099	0.0	0.0	0.0	0.0871	0.06327	0.11958	0.09326	0.08288	0.05951	0.09594	0.03701	0.0	0.0	0.0	0.02416	0.00836	0.00012	0.00012	0.00012	0.00012	0.01009	0.0632	0.0	0.16778	0.00925	0.13331	0.17637	0.04708	0.09868	0.17856	0.00012	0.00012	0.00923	0.01019	0.11653	0.01144	0.02224	0.13766	0.11381	0.03876	0.08214	0.01631	0.23374	0.01286	0.13805	0.17275	0.03766	0.01144	0.10643	
0.02984	0.18921	0.0	0.04319	0.08038	0.01553	0.08477	0.00011	0.01762	0.02739	0.06547	0.09587	0.0173	0.01026	0.00011	0.00011	0.00011	0.00909	0.00011	0.28938	0.02533	0.08837	0.01159	0.01416	0.01159	0.04512	0.1004	0.00011	0.00011	0.03802	0.00011	0.00011	0.12662	0.04044	0.04719	0.02795	0.14605	0.08157	0.0785	0.07434	0.06404	0.13558	0.0	0.0	0.0	0.16195	0.034	0.0773	0.04132	0.03994	0.10828	0.06441	0.14916	0.0	0.0	0.0	0.01148	0.01167	0.00011	0.00011	0.00011	0.00011	0.01416	0.09014	0.0	0.1067	0.01294	0.10591	0.05022	0.03829	0.08465	0.16446	0.00011	0.00011	0.01292	0.01427	0.07768	0.01604	0.03183	0.09079	0.05088	0.01007	0.05265	0.0231	0.04631	0.01754	0.06794	0.09258	0.19859	0.01604	0.0402	
0.07194	0.10324	0.04319	0.0	0.09517	0.04677	0.20831	0.00013	0.0742	0.10972	0.03116	0.05063	0.05708	0.10988	0.00013	0.00013	0.00013	0.01614	0.00013	0.2455	0.04141	0.12266	0.021	0.10714	0.021	0.07826	0.08486	0.00013	0.00013	0.17946	0.00013	0.00013	0.15735	0.09048	0.04214	0.05098	0.11885	0.04895	0.09629	0.10557	0.1335	0.04986	0.0	0.0	0.0	0.08543	0.11366	0.15983	0.08806	0.062	0.1274	0.15339	0.02863	0.0	0.0	0.0	0.0338	0.0211	0.00013	0.00013	0.00013	0.00013	0.10714	0.07878	0.0	0.16541	0.02364	0.07736	0.13312	0.08338	0.10122	0.22351	0.00013	0.00013	0.03581	0.04002	0.11677	0.04555	0.14435	0.03251	0.05281	0.13795	0.07562	0.08539	0.09181	0.06201	0.168	0.1433	0.07274	0.04555	0.07962	
0.09262	0.12676	0.08038	0.09517	0.0	0.05043	0.19149	0.00038	0.08604	0.08932	0.21749	0.04799	0.1863	0.12201	0.00038	0.00038	0.00038	0.01199	0.00038	1.19343	1.72255	0.13277	0.01545	0.01907	0.01545	0.10322	0.05862	0.00038	0.00038	0.1798	0.00038	0.00038	0.06773	0.0954	0.31108	0.0141	0.05617	0.1542	0.10709	0.19904	0.09478	0.07016	0.0	0.0	0.0	0.1298	0.10514	0.11717	0.09643	0.158	0.0725	0.07792	0.09133	0.0	0.0	0.0	0.08731	0.01553	0.00038	0.00038	0.00038	0.00038	0.01907	0.17995	0.0	0.28329	0.07087	0.07841	0.15747	0.11473	0.28723	0.81165	0.00038	0.00038	0.06374	0.01922	0.36891	0.08187	0.04724	0.03835	0.05514	0.03673	0.18759	0.03229	0.18535	0.08429	0.31329	0.15088	0.16402	0.08187	0.05003	
0.02018	0.0511	0.01553	0.04677	0.05043	0.0	0.15446	8e-05	0.08518	0.05965	0.06337	0.0114	0.0538	0.01756	8e-05	8e-05	8e-05	0.01498	8e-05	0.00388	0.01344	0.03267	0.01918	0.06625	0.01918	0.0085	0.00013	8e-05	8e-05	0.05166	8e-05	8e-05	0.03217	0.01489	0.00276	0.05251	0.09087	0.07543	0.01108	0.03754	0.03719	0.01584	0.0	0.0	0.0	0.02752	0.07924	0.01702	0.02348	0.05843	0.01563	0.08578	0.03905	0.0	0.0	0.0	0.05855	0.0537	8e-05	8e-05	8e-05	8e-05	0.06625	0.01539	0.0	0.01997	0.02143	0.06943	0.08989	0.07721	0.09839	0.08037	8e-05	8e-05	0.02141	0.06676	0.04939	0.02663	0.02743	0.05079	0.22886	0.00506	0.07048	0.01053	0.00366	0.09344	0.05645	0.10778	0.01909	0.02663	0.02922	
0.17733	0.21469	0.08477	0.20831	0.19149	0.15446	0.0	0.00027	0.06375	0.09782	0.09763	0.04196	0.13843	0.22346	0.00027	0.00027	0.00027	0.01147	0.00027	0.0	0.30305	0.04284	0.01483	0.10403	0.01483	0.18337	0.1523	0.00027	0.00027	0.33898	0.00027	0.00027	0.17762	0.07977	0.10696	0.08685	0.13608	0.08995	0.08337	0.27247	0.17331	0.09567	0.0	0.0	0.0	0.05468	0.13574	0.14702	0.10632	0.04668	0.14787	0.07082	0.05917	0.0	0.0	0.0	0.04857	0.0149	0.00027	0.00027	0.00027	0.00027	0.10403	0.17961	0.0	0.28957	0.01664	0.18208	0.16198	0.02853	0.22827	0.51468	0.00027	0.00027	0.01663	0.01849	0.38377	0.08227	0.04588	0.05377	0.04712	0.03877	0.10042	0.11685	0.14659	0.10101	0.20189	0.26477	0.09235	0.08227	0.13068	
0.00017	0.00012	0.00011	0.00013	0.00038	8e-05	0.00027	0.0	4e-05	0.00016	0.00015	6e-05	0.00034	0.00039	0.0	0.0	0.0	0.00023	0.0	0.0	0.0	0.0002	0.00021	0.00017	0.00021	0.00044	0.0001	0.0	0.0	0.00023	0.0	0.0	0.00045	0.00026	0.00015	0.00012	8e-05	0.0	9e-05	0.00032	2e-05	0.0	0.0	0.0	0.0	3e-05	5e-05	1e-05	0.00017	9e-05	0.00012	0.00022	0.00016	0.0	0.0	0.0	0.00034	0.00037	0.0	0.0	0.0	0.0	0.00017	0.00038	0.0	0.0003	0.00032	2e-05	0.00017	2e-05	7e-05	6e-05	0.0	0.0	0.00021	0.00027	0.00031	0.00047	0.00031	6e-05	6e-05	0.00023	8e-05	0.0001	0.00041	0.0003	0.0003	0.00016	0.00011	0.00047	0.00012	
0.0396	0.02983	0.01762	0.0742	0.08604	0.08518	0.06375	4e-05	0.0	0.09592	0.05892	0.03652	0.02121	0.00575	4e-05	4e-05	4e-05	0.01084	4e-05	0.11034	0.07208	0.06185	0.01392	0.01708	0.01392	0.01921	0.03016	4e-05	4e-05	0.10087	4e-05	4e-05	0.06386	0.05074	0.02597	0.07291	0.05337	0.13819	0.09195	0.03539	0.02362	0.10264	0.0	0.0	0.0	0.06801	0.04955	0.12914	0.03306	0.13367	0.02023	0.05307	0.02661	0.0	0.0	0.0	0.09956	0.06676	4e-05	4e-05	4e-05	4e-05	0.01708	0.03224	0.0	0.04533	0.01557	0.12141	0.07701	0.0691	0.14312	0.13087	4e-05	4e-05	0.23945	0.08374	0.07849	0.01938	0.03477	0.02795	0.0363	0.00838	0.21094	0.02825	0.05069	0.09633	0.05518	0.04258	0.02067	0.01938	0.0558	
0.03359	0.11323	0.02739	0.10972	0.08932	0.05965	0.09782	0.00016	0.09592	0.0	0.0806	0.08224	0.02799	0.03933	0.00016	0.00016	0.00016	0.00668	0.00016	0.16477	0.18763	0.17205	0.00843	0.01019	0.00843	0.04534	0.04815	0.00016	0.00016	0.10094	0.00016	0.00016	0.15113	0.02693	0.11544	0.1601	0.11483	0.12773	0.07804	0.09659	0.05194	0.1083	0.0	0.0	0.0	0.03723	0.09549	0.09404	0.08674	0.08982	0.06118	0.14931	0.03724	0.0	0.0	0.0	0.07525	0.0085	0.00016	0.00016	0.00016	0.00016	0.01019	0.05919	0.0	0.05478	0.00937	0.04557	0.2564	0.03158	0.17552	0.19814	0.00016	0.00016	0.00934	0.01028	0.09966	0.01151	0.17933	0.02159	0.03002	0.14117	0.09066	0.01617	0.02019	0.42226	0.12692	0.10327	0.04468	0.01151	0.04718	
0.1173	0.1207	0.06547	0.03116	0.21749	0.06337	0.09763	0.00015	0.05892	0.0806	0.0	0.03971	0.11079	0.07085	0.00015	0.00015	0.00015	0.01346	0.00015	0.3449	0.2224	0.06294	0.01743	0.02159	0.01743	0.08605	0.03588	0.00015	0.00015	0.09866	0.00015	0.00015	0.14344	0.08496	0.06256	0.04055	0.04755	0.12002	0.11708	0.20843	0.08869	0.03848	0.0	0.0	0.0	0.11172	0.08813	0.15293	0.05656	0.11555	0.06642	0.10216	0.0367	0.0	0.0	0.0	0.03238	0.01752	0.00015	0.00015	0.00015	0.00015	0.02159	0.11721	0.0	0.14864	0.04592	0.06987	0.16069	0.11149	0.13463	0.28244	0.00015	0.00015	0.0459	0.02176	0.04986	0.12838	0.0279	0.06977	0.06995	0.02293	0.22902	0.01045	0.10054	0.05971	0.10897	0.09437	0.04571	0.12838	0.08081	
0.09359	0.05097	0.09587	0.05063	0.04799	0.0114	0.04196	6e-05	0.03652	0.08224	0.03971	0.0	0.04224	0.08234	6e-05	6e-05	6e-05	0.02263	6e-05	0.07243	0.03035	0.23477	0.0253	0.03143	0.0253	0.01628	0.00598	6e-05	6e-05	0.05256	6e-05	6e-05	0.09694	0.09121	0.00163	0.03569	0.07222	0.0556	0.01938	0.03145	0.12758	0.0887	0.0	0.0	0.0	0.07797	0.05896	0.15568	0.09172	0.04816	0.07813	0.07841	0.13903	0.0	0.0	0.0	0.01736	0.02957	6e-05	6e-05	6e-05	6e-05	0.03143	0.02425	0.0	0.03642	0.09371	0.11275	0.06919	0.0785	0.0899	0.11554	6e-05	6e-05	0.03311	0.03691	0.01756	0.03589	0.08077	0.13812	0.01266	0.02421	0.12882	0.05405	0.03472	0.04323	0.0695	0.0631	0.0443	0.03589	0.05719	
0.18872	0.08627	0.0173	0.05708	0.1863	0.0538	0.13843	0.00034	0.02121	0.02799	0.11079	0.04224	0.0	0.32137	0.00034	0.00034	0.00034	0.00947	0.00034	0.0	0.23338	0.03794	0.01204	0.01468	0.01204	0.10464	0.05277	0.00034	0.00034	0.1214	0.00034	0.00034	0.12682	0.0275	0.05415	0.01879	0.10689	0.16502	0.04977	0.15256	0.16038	0.03514	0.0	0.0	0.0	0.08765	0.06325	0.06728	0.07722	0.05109	0.12462	0.05344	0.05978	0.0	0.0	0.0	0.03579	0.01212	0.00034	0.00034	0.00034	0.00034	0.01468	0.24518	0.0	0.05388	0.01343	0.03242	0.05253	0.05957	0.11966	0.27504	0.00034	0.00034	0.0134	0.0148	0.13656	0.30668	0.02676	0.03325	0.04334	0.05854	0.20577	0.02392	0.13669	0.01906	0.09228	0.23572	0.03174	0.30668	0.14769	
0.15731	0.14902	0.01026	0.10988	0.12201	0.01756	0.22346	0.00039	0.00575	0.03933	0.07085	0.08234	0.32137	0.0	0.00039	0.00039	0.00039	0.00751	0.00039	0.0	0.0	0.05253	0.00932	0.01112	0.00932	0.13493	0.04798	0.00039	0.00039	0.23791	0.00039	0.00039	0.13135	0.02709	0.11324	0.01337	0.01894	0.07571	0.04819	0.17716	0.1466	0.03069	0.0	0.0	0.0	0.02083	0.14289	0.05511	0.03321	0.06597	0.11113	0.07692	0.03689	0.0	0.0	0.0	0.02439	0.0094	0.00039	0.00039	0.00039	0.00039	0.01112	0.14672	0.0	0.14228	0.0103	0.04373	0.03185	0.01507	0.09836	0.13656	0.00039	0.00039	0.01026	0.01122	0.15416	0.26424	0.02193	0.02199	0.09643	0.03749	0.12143	0.0171	0.21332	0.01415	0.11981	0.20086	0.04368	0.26424	0.12373	
0.00017	0.00012	0.00011	0.00013	0.00038	8e-05	0.00027	0.0	4e-05	0.00016	0.00015	6e-05	0.00034	0.00039	0.0	0.0	0.0	0.00023	0.0	0.0	0.0	0.0002	0.00021	0.00017	0.00021	0.00044	0.0001	0.0	0.0	0.00023	0.0	0.0	0.00045	0.00026	0.00015	0.00012	8e-05	0.0	9e-05	0.00032	2e-05	0.0	0.0	0.0	0.0	3e-05	5e-05	1e-05	0.00017	9e-05	0.00012	0.00022	0.00016	0.0	0.0	0.0	0.00034	0.00037	0.0	0.0	0.0	0.0	0.00017	0.00038	0.0	0.0003	0.00032	2e-05	0.00017	2e-05	7e-05	6e-05	0.0	0.0	0.00021	0.00027	0.00031	0.00047	0.00031	6e-05	6e-05	0.00023	8e-05	0.0001	0.00041	0.0003	0.0003	0.00016	0.00011	0.00047	0.00012	
0.00017	0.00012	0.00011	0.00013	0.00038	8e-05	0.00027	0.0	4e-05	0.00016	0.00015	6e-05	0.00034	0.00039	0.0	0.0	0.0	0.00023	0.0	0.0	0.0	0.0002	0.00021	0.00017	0.00021	0.00044	0.0001	0.0	0.0	0.00023	0.0	0.0	0.00045	0.00026	0.00015	0.00012	8e-05	0.0	9e-05	0.00032	2e-05	0.0	0.0	0.0	0.0	3e-05	5e-05	1e-05	0.00017	9e-05	0.00012	0.00022	0.00016	0.0	0.0	0.0	0.00034	0.00037	0.0	0.0	0.0	0.0	0.00017	0.00038	0.0	0.0003	0.00032	2e-05	0.00017	2e-05	7e-05	6e-05	0.0	0.0	0.00021	0.00027	0.00031	0.00047	0.00031	6e-05	6e-05	0.00023	8e-05	0.0001	0.00041	0.0003	0.0003	0.00016	0.00011	0.00047	0.00012	
0.00017	0.00012	0.00011	0.00013	0.00038	8e-05	0.00027	0.0	4e-05	0.00016	0.00015	6e-05	0.00034	0.00039	0.0	0.0	0.0	0.00023	0.0	0.0	0.0	0.0002	0.00021	0.00017	0.00021	0.00044	0.0001	0.0	0.0	0.00023	0.0	0.0	0.00045	0.00026	0.00015	0.00012	8e-05	0.0	9e-05	0.00032	2e-05	0.0	0.0	0.0	0.0	3e-05	5e-05	1e-05	0.00017	9e-05	0.00012	0.00022	0.00016	0.0	0.0	0.0	0.00034	0.00037	0.0	0.0	0.0	0.0	0.00017	0.00038	0.0	0.0003	0.00032	2e-05	0.00017	2e-05	7e-05	6e-05	0.0	0.0	0.00021	0.00027	0.00031	0.00047	0.00031	6e-05	6e-05	0.00023	8e-05	0.0001	0.00041	0.0003	0.0003	0.00016	0.00011	0.00047	0.00012	
0.01975	0.00653	0.00909	0.01614	0.01199	0.01498	0.01147	0.00023	0.01084	0.00668	0.01346	0.02263	0.00947	0.00751	0.00023	0.00023	0.00023	0.0	0.00023	0.0	0.02796	0.01281	0.00365	0.00416	0.00365	0.03282	0.05069	0.00023	0.00023	0.01091	0.00023	0.00023	0.02967	0.00774	0.0208	0.01621	0.01379	0.01167	0.02871	0.03092	0.04182	0.01222	0.0	0.0	0.0	0.02409	0.05199	0.0293	0.0591	0.05606	0.01397	0.00886	0.00991	0.0	0.0	0.0	0.00763	0.00375	0.00023	0.00023	0.00023	0.00023	0.00416	0.01468	0.0	0.08756	0.004	0.01061	0.00837	0.01627	0.02934	0.03013	0.00023	0.00023	0.00393	0.00424	0.01749	0.00469	0.00656	0.00644	0.00838	0.01063	0.01133	0.00571	0.01356	0.00499	0.01708	0.03356	0.04689	0.00469	0.02748	
0.00017	0.00012	0.00011	0.00013	0.00038	8e-05	0.00027	0.0	4e-05	0.00016	0.00015	6e-05	0.00034	0.00039	0.0	0.0	0.0	0.00023	0.0	0.0	0.0	0.0002	0.00021	0.00017	0.00021	0.00044	0.0001	0.0	0.0	0.00023	0.0	0.0	0.00045	0.00026	0.00015	0.00012	8e-05	0.0	9e-05	0.00032	2e-05	0.0	0.0	0.0	0.0	3e-05	5e-05	1e-05	0.00017	9e-05	0.00012	0.00022	0.00016	0.0	0.0	0.0	0.00034	0.00037	0.0	0.0	0.0	0.0	0.00017	0.00038	0.0	0.0003	0.00032	2e-05	0.00017	2e-05	7e-05	6e-05	0.0	0.0	0.00021	0.00027	0.00031	0.00047	0.00031	6e-05	6e-05	0.00023	8e-05	0.0001	0.00041	0.0003	0.0003	0.00016	0.00011	0.00047	0.00012	
0.21017	0.0	0.28938	0.2455	1.19343	0.00388	0.0	0.0	0.11034	0.16477	0.3449	0.07243	0.0	0.0	0.0	0.0	0.0	0.0	0.0	0.0	0.0	0.0877	0.0	0.0	0.0	0.0	0.0	0.0	0.0	0.0	0.0	0.0	0.0	0.0	0.05121	0.11937	0.3024	0.00285	0.70818	0.47801	0.17132	0.05941	0.0	0.0	0.0	0.0532	0.01687	0.08396	0.34813	0.24397	0.32631	0.17837	0.11866	0.0	0.0	0.0	0.10698	0.14022	0.0	0.0	0.0	0.0	0.0	1.34717	0.0	0.0	0.0	0.89626	0.2488	0.11966	0.14851	0.00931	0.0	0.0	0.0	0.15674	0.91479	0.0	0.1147	0.09751	0.06075	0.1421	0.06311	0.0	0.0	0.0	0.46893	0.71855	0.16214	0.0	0.78195	
0.12789	0.32122	0.02533	0.04141	1.72255	0.01344	0.30305	0.0	0.07208	0.18763	0.2224	0.03035	0.23338	0.0	0.0	0.0	0.0	0.02796	0.0	0.0	0.0	0.17738	0.03226	0.03417	0.03226	0.11272	0.04431	0.0	0.0	1.06094	0.0	0.0	0.01126	0.28786	0.35195	0.01215	0.02301	0.06272	0.06652	0.31025	0.03868	0.02691	0.0	0.0	0.0	0.04468	0.03711	0.04803	0.02294	0.1727	0.05414	0.02144	0.01702	0.0	0.0	0.0	0.00169	0.02655	0.0	0.0	0.0	0.0	0.03417	0.10495	0.0	0.37708	0.0	0.03104	0.21248	0.10795	0.01179	0.00932	0.0	0.0	0.0	0.02965	0.50197	0.0	0.0376	0.0152	0.00212	0.00031	0.11902	0.04211	0.60254	0.0	0.22992	0.08399	0.08833	0.0	0.01235	
0.06964	0.07788	0.08837	0.12266	0.13277	0.03267	0.04284	0.0002	0.06185	0.17205	0.06294	0.23477	0.03794	0.05253	0.0002	0.0002	0.0002	0.01281	0.0002	0.0877	0.17738	0.0	0.01657	0.0205	0.01657	0.05345	0.04682	0.0002	0.0002	0.12141	0.0002	0.0002	0.34898	0.09906	0.1352	0.11316	0.06824	0.23472	0.1636	0.09343	0.15962	0.07214	0.0	0.0	0.0	0.13195	0.14221	0.08433	0.12251	0.13293	0.10393	0.11605	0.12532	0.0	0.0	0.0	0.09819	0.08645	0.0002	0.0002	0.0002	0.0002	0.0205	0.0988	0.0	0.0874	0.04862	0.06546	0.17628	0.2618	0.27241	0.23833	0.0002	0.0002	0.04861	0.05437	0.11363	0.02338	0.16857	0.10837	0.01782	0.05782	0.15395	0.0349	0.04568	0.06309	0.19559	0.06854	0.0959	0.02338	0.11086	
0.03021	0.0083	0.01159	0.021	0.01545	0.01918	0.01483	0.00021	0.01392	0.00843	0.01743	0.0253	0.01204	0.00932	0.00021	0.00021	0.00021	0.00365	0.00021	0.0	0.03226	0.01657	0.0	0.00502	0.99959	0.04231	0.01656	0.00021	0.00021	0.01408	0.00021	0.00021	0.0368	0.12708	0.02674	0.02078	0.08224	0.01518	0.0376	0.02913	0.04062	0.04503	0.0	0.0	0.0	0.03151	0.06001	0.02655	0.02749	0.0228	0.14233	0.01135	0.01266	0.0	0.0	0.0	0.0095	0.00446	0.00021	0.00021	0.00021	0.00021	0.00502	0.01885	0.0	0.01902	0.00478	0.06534	0.01073	0.03134	0.03861	0.03917	0.00021	0.00021	0.00472	0.0051	0.02266	0.00564	0.00823	0.00813	0.01056	0.01346	0.01467	0.00704	0.01724	0.00612	0.02221	0.04406	0.06132	0.00564	0.03573	
0.03745	0.01009	0.01416	0.10714	0.01907	0.06625	0.10403	0.00017	0.01708	0.01019	0.02159	0.03143	0.01468	0.01112	0.00017	0.00017	0.00017	0.00416	0.00017	0.0	0.03417	0.0205	0.00502	0.0	0.00502	0.03059	0.08155	0.00017	0.00017	0.09329	0.00017	0.00017	0.04789	0.01185	0.0329	0.02548	0.02227	0.01882	0.04698	0.03629	0.04951	0.01963	0.0	0.0	0.0	0.0261	0.02311	0.03309	0.03178	0.02845	0.0225	0.01393	0.01548	0.0	0.0	0.0	0.01135	0.0051	0.00017	0.00017	0.00017	0.00017	0.99963	0.02319	0.0	0.02344	0.0055	0.083	0.11221	0.03907	0.0526	0.04978	0.00017	0.00017	0.00545	0.0059	0.05599	0.00653	0.00989	0.00982	0.01274	0.01633	0.01817	0.38754	0.021	0.21314	0.03956	0.05536	0.01774	0.00653	0.04446	
0.03021	0.0083	0.01159	0.021	0.01545	0.01918	0.01483	0.00021	0.01392	0.00843	0.01743	0.0253	0.01204	0.00932	0.00021	0.00021	0.00021	0.00365	0.00021	0.0	0.03226	0.01657	0.99959	0.00502	0.0	0.04231	0.01656	0.00021	0.00021	0.01408	0.00021	0.00021	0.0368	0.12708	0.02674	0.02078	0.08224	0.01518	0.0376	0.02913	0.04062	0.04503	0.0	0.0	0.0	0.03151	0.06001	0.02655	0.02749	0.0228	0.14233	0.01135	0.01266	0.0	0.0	0.0	0.0095	0.00446	0.00021	0.00021	0.00021	0.00021	0.00502	0.01885	0.0	0.01902	0.00478	0.06534	0.01073	0.03134	0.03861	0.03917	0.00021	0.00021	0.00472	0.0051	0.02266	0.00564	0.00823	0.00813	0.01056	0.01346	0.01467	0.00704	0.01724	0.00612	0.02221	0.04406	0.06132	0.00564	0.03573	
0.09649	0.1466	0.04512	0.07826	0.10322	0.0085	0.18337	0.00044	0.01921	0.04534	0.08605	0.01628	0.10464	0.13493	0.00044	0.00044	0.00044	0.03282	0.00044	0.0	0.11272	0.05345	0.04231	0.03059	0.04231	0.0	0.01731	0.00044	0.00044	0.18225	0.00044	0.00044	0.15407	0.13627	0.04434	0.00536	0.11961	0.02883	0.02138	0.2339	0.03925	0.06139	0.0	0.0	0.0	0.03479	0.01777	0.0191	0.09201	0.0224	0.13526	0.04571	0.04127	0.0	0.0	0.0	0.07734	0.02499	0.00044	0.00044	0.00044	0.00044	0.03059	0.22028	0.0	0.11834	0.02792	0.02292	0.12616	0.04053	0.23244	0.56242	0.00044	0.00044	0.02786	0.03074	0.10181	0.05949	0.06314	0.02048	0.00102	0.01557	0.08129	0.05075	0.17726	0.06122	0.07184	0.09568	0.03929	0.05949	0.09552	
0.01735	0.03192	0.1004	0.08486	0.05862	0.00013	0.1523	0.0001	0.03016	0.04815	0.03588	0.00598	0.05277	0.04798	0.0001	0.0001	0.0001	0.05069	0.0001	0.0	0.04431	0.04682	0.01656	0.08155	0.01656	0.01731	0.0	0.0001	0.0001	0.05934	0.0001	0.0001	0.18689	0.01452	0.0569	0.14606	0.02822	0.07616	0.09704	0.04929	0.21399	0.13242	0.0	0.0	0.0	0.0938	0.02068	0.01362	0.10082	0.0663	0.14904	0.07783	0.01594	0.0	0.0	0.0	0.04951	0.01665	0.0001	0.0001	0.0001	0.0001	0.08155	0.13947	0.0	0.08843	0.01848	0.09481	0.02565	0.0388	0.15364	0.36322	0.0001	0.0001	0.01845	0.02039	0.01899	0.02289	0.01903	0.04576	0.05908	0.08147	0.05713	0.14156	0.00047	0.02466	0.05872	0.02999	0.10068	0.02289	0.04129	
0.00017	0.00012	0.00011	0.00013	0.00038	8e-05	0.00027	0.0	4e-05	0.00016	0.00015	6e-05	0.00034	0.00039	0.0	0.0	0.0	0.00023	0.0	0.0	0.0	0.0002	0.00021	0.00017	0.00021	0.00044	0.0001	0.0	0.0	0.00023	0.0	0.0	0.00045	0.00026	0.00015	0.00012	8e-05	0.0	9e-05	0.00032	2e-05	0.0	0.0	0.0	0.0	3e-05	5e-05	1e-05	0.00017	9e-05	0.00012	0.00022	0.00016	0.0	0.0	0.0	0.00034	0.00037	0.0	0.0	0.0	0.0	0.00017	0.00038	0.0	0.0003	0.00032	2e-05	0.00017	2e-05	7e-05	6e-05	0.0	0.0	0.00021	0.00027	0.00031	0.00047	0.00031	6e-05	6e-05	0.00023	8e-05	0.0001	0.00041	0.0003	0.0003	0.00016	0.00011	0.00047	0.00012	
0.00017	0.00012	0.00011	0.00013	0.00038	8e-05	0.00027	0.0	4e-05	0.00016	0.00015	6e-05	0.00034	0.00039	0.0	0.0	0.0	0.00023	0.0	0.0	0.0	0.0002	0.00021	0.00017	0.00021	0.00044	0.0001	0.0	0.0	0.00023	0.0	0.0	0.00045	0.00026	0.00015	0.00012	8e-05	0.0	9e-05	0.00032	2e-05	0.0	0.0	0.0	0.0	3e-05	5e-05	1e-05	0.00017	9e-05	0.00012	0.00022	0.00016	0.0	0.0	0.0	0.00034	0.00037	0.0	0.0	0.0	0.0	0.00017	0.00038	0.0	0.0003	0.00032	2e-05	0.00017	2e-05	7e-05	6e-05	0.0	0.0	0.00021	0.00027	0.00031	0.00047	0.00031	6e-05	6e-05	0.00023	8e-05	0.0001	0.00041	0.0003	0.0003	0.00016	0.00011	0.00047	0.00012	
0.1957	0.0793	0.03802	0.17946	0.1798	0.05166	0.33898	0.00023	0.10087	0.10094	0.09866	0.05256	0.1214	0.23791	0.00023	0.00023	0.00023	0.01091	0.00023	0.0	1.06094	0.12141	0.01408	0.09329	0.01408	0.18225	0.05934	0.00023	0.00023	0.0	0.00023	0.00023	0.15732	0.10332	0.14186	0.10799	0.0791	0.11166	0.08449	0.18962	0.14027	0.05224	0.0	0.0	0.0	0.11732	0.09755	0.14175	0.11221	0.07335	0.11324	0.06697	0.11737	0.0	0.0	0.0	0.03545	0.01415	0.00023	0.00023	0.00023	0.00023	0.09329	0.17413	0.0	0.21511	0.08339	0.09263	0.10008	0.12917	0.22576	0.36796	0.00023	0.00023	0.08337	0.01753	0.27728	0.08757	0.04292	0.04314	0.0461	0.03016	0.15457	0.04982	0.06199	0.10306	0.2369	0.20223	0.10453	0.08757	0.12023	
0.00017	0.00012	0.00011	0.00013	0.00038	8e-05	0.00027	0.0	4e-05	0.00016	0.00015	6e-05	0.00034	0.00039	0.0	0.0	0.0	0.00023	0.0	0.0	0.0	0.0002	0.00021	0.00017	0.00021	0.00044	0.0001	0.0	0.0	0.00023	0.0	0.0	0.00045	0.00026	0.00015	0.00012	8e-05	0.0	9e-05	0.00032	2e-05	0.0	0.0	0.0	0.0	3e-05	5e-05	1e-05	0.00017	9e-05	0.00012	0.00022	0.00016	0.0	0.0	0.0	0.00034	0.00037	0.0	0.0	0.0	0.0	0.00017	0.00038	0.0	0.0003	0.00032	2e-05	0.00017	2e-05	7e-05	6e-05	0.0	0.0	0.00021	0.00027	0.00031	0.00047	0.00031	6e-05	6e-05	0.00023	8e-05	0.0001	0.00041	0.0003	0.0003	0.00016	0.00011	0.00047	0.00012	
0.00017	0.00012	0.00011	0.00013	0.00038	8e-05	0.00027	0.0	4e-05	0.00016	0.00015	6e-05	0.00034	0.00039	0.0	0.0	0.0	0.00023	0.0	0.0	0.0	0.0002	0.00021	0.00017	0.00021	0.00044	0.0001	0.0	0.0	0.00023	0.0	0.0	0.00045	0.00026	0.00015	0.00012	8e-05	0.0	9e-05	0.00032	2e-05	0.0	0.0	0.0	0.0	3e-05	5e-05	1e-05	0.00017	9e-05	0.00012	0.00022	0.00016	0.0	0.0	0.0	0.00034	0.00037	0.0	0.0	0.0	0.0	0.00017	0.00038	0.0	0.0003	0.00032	2e-05	0.00017	2e-05	7e-05	6e-05	0.0	0.0	0.00021	0.00027	0.00031	0.00047	0.00031	6e-05	6e-05	0.00023	8e-05	0.0001	0.00041	0.0003	0.0003	0.00016	0.00011	0.00047	0.00012	
0.13088	0.13271	0.12662	0.15735	0.06773	0.03217	0.17762	0.00045	0.06386	0.15113	0.14344	0.09694	0.12682	0.13135	0.00045	0.00045	0.00045	0.02967	0.00045	0.0	0.01126	0.34898	0.0368	0.04789	0.0368	0.15407	0.18689	0.00045	0.00045	0.15732	0.00045	0.00045	0.0	0.11281	0.09169	0.04308	0.15813	0.3738	0.31266	0.09584	0.40973	0.14692	0.0	0.0	0.0	0.10999	0.12644	0.14681	0.16349	0.12093	0.176	0.13049	0.0635	0.0	0.0	0.0	0.10891	0.039	0.00045	0.00045	0.00045	0.00045	0.04789	0.20832	0.0	0.09126	0.05385	0.09224	0.19524	0.22485	0.35174	1.57707	0.00045	0.00045	0.05353	0.05882	0.08192	0.05552	0.12682	0.14716	0.01981	0.14333	0.14477	0.08286	0.05856	0.18759	0.1068	0.37691	0.22691	0.05552	0.48981	
0.0368	0.11025	0.04044	0.09048	0.0954	0.01489	0.07977	0.00026	0.05074	0.02693	0.08496	0.09121	0.0275	0.02709	0.00026	0.00026	0.00026	0.00774	0.00026	0.0	0.28786	0.09906	0.12708	0.01185	0.12708	0.13627	0.01452	0.00026	0.00026	0.10332	0.00026	0.00026	0.11281	0.0	0.04998	0.07595	0.20093	0.08193	0.09725	0.09681	0.07656	0.08193	0.0	0.0	0.0	0.102	0.05701	0.05126	0.07055	0.07022	0.1266	0.04201	0.04485	0.0	0.0	0.0	0.0279	0.00985	0.00026	0.00026	0.00026	0.00026	0.01185	0.07218	0.0	0.04205	0.31097	0.0454	0.10628	0.03375	0.08711	0.19253	0.00026	0.00026	0.01085	0.01195	0.04784	0.01338	0.02556	0.04962	0.0329	0.04452	0.08142	0.01896	0.06324	0.01521	0.07403	0.04322	0.02054	0.01338	0.0308	
0.02853	0.05531	0.04719	0.04214	0.31108	0.00276	0.10696	0.00015	0.02597	0.11544	0.06256	0.00163	0.05415	0.11324	0.00015	0.00015	0.00015	0.0208	0.00015	0.05121	0.35195	0.1352	0.02674	0.0329	0.02674	0.04434	0.0569	0.00015	0.00015	0.14186	0.00015	0.00015	0.09169	0.04998	0.0	0.02806	0.04216	0.21838	0.13182	0.16621	0.07717	0.10374	0.0	0.0	0.0	0.05923	0.07373	0.02096	0.01048	0.16376	0.05046	0.07756	0.06843	0.0	0.0	0.0	0.0178	0.02687	0.00015	0.00015	0.00015	0.00015	0.0329	0.082	0.0	0.18126	0.04029	0.06596	0.06043	0.138	0.27302	0.07122	0.00015	0.00015	0.04027	0.03315	0.24294	0.05048	0.0804	0.02153	9e-05	0.03693	0.04203	0.05505	0.13286	0.05175	0.32172	0.03436	0.194	0.05048	0.01369	
0.01873	0.04826	0.02795	0.05098	0.0141	0.05251	0.08685	0.00012	0.07291	0.1601	0.04055	0.03569	0.01879	0.01337	0.00012	0.00012	0.00012	0.01621	0.00012	0.11937	0.01215	0.11316	0.02078	0.02548	0.02078	0.00536	0.14606	0.00012	0.00012	0.10799	0.00012	0.00012	0.04308	0.07595	0.02806	0.0	0.04617	0.02871	0.01891	0.02453	0.05984	0.04748	0.0	0.0	0.0	0.06384	0.00614	0.03729	0.06674	0.03742	0.02368	0.24953	0.09717	0.0	0.0	0.0	0.00029	0.04853	0.00012	0.00012	0.00012	0.00012	0.02548	0.04553	0.0	0.02202	0.02322	0.14696	0.08511	0.07151	0.2818	0.16871	0.00012	0.00012	0.0232	0.06027	0.01482	0.02889	0.05896	0.01992	0.05524	0.13862	0.06922	0.04216	0.01158	0.0684	0.11331	0.09139	0.05603	0.02889	0.02837	
0.09513	0.07853	0.14605	0.11885	0.05617	0.09087	0.13608	8e-05	0.05337	0.11483	0.04755	0.07222	0.10689	0.01894	8e-05	8e-05	8e-05	0.01379	8e-05	0.3024	0.02301	0.06824	0.08224	0.02227	0.08224	0.11961	0.02822	8e-05	8e-05	0.0791	8e-05	8e-05	0.15813	0.20093	0.04216	0.04617	0.0	0.19526	0.04788	0.11894	0.12629	0.09823	0.0	0.0	0.0	0.10221	0.06203	0.06686	0.13329	0.11824	0.13273	0.09246	0.03841	0.0	0.0	0.0	0.01852	0.01801	8e-05	8e-05	8e-05	8e-05	0.02227	0.08903	0.0	0.09332	0.04332	0.09081	0.11154	0.12826	0.17591	0.17197	8e-05	8e-05	0.02015	0.02245	0.06403	0.05524	0.0758	0.05734	0.07386	0.09499	0.07273	0.03831	0.01657	0.12197	0.06846	0.11	0.04496	0.05524	0.08622	
0.14301	0.08922	0.08157	0.04895	0.1542	0.07543	0.08995	0.0	0.13819	0.12773	0.12002	0.0556	0.16502	0.07571	0.0	0.0	0.0	0.01167	0.0	0.00285	0.06272	0.23472	0.01518	0.01882	0.01518	0.02883	0.07616	0.0	0.0	0.11166	0.0	0.0	0.3738	0.08193	0.21838	0.02871	0.19526	0.0	0.13405	0.10822	0.14878	0.15485	0.0	0.0	0.0	0.12894	0.10437	0.09237	0.0719	0.17976	0.09466	0.1042	0.06138	0.0	0.0	0.0	0.08932	0.01518	0.0	0.0	0.0	0.0	0.01882	0.16935	0.0	0.07498	0.06629	0.07837	0.18315	0.17072	0.24981	0.17081	0.0	0.0	0.06625	0.04476	0.12815	0.1393	0.0963	0.08678	0.04835	0.06996	0.24791	0.03214	0.04897	0.1167	0.14859	0.10987	0.08166	0.1393	0.15563	
0.08171	0.13095	0.0785	0.09629	0.10709	0.01108	0.08337	9e-05	0.09195	0.07804	0.11708	0.01938	0.04977	0.04819	9e-05	9e-05	9e-05	0.02871	9e-05	0.70818	0.06652	0.1636	0.0376	0.04698	0.0376	0.02138	0.09704	9e-05	9e-05	0.08449	9e-05	9e-05	0.31266	0.09725	0.13182	0.01891	0.04788	0.13405	0.0	0.04136	0.07735	0.08897	0.0	0.0	0.0	0.08692	0.07706	0.09819	0.09673	0.0954	0.11796	0.07765	0.03236	0.0	0.0	0.0	0.07083	0.03577	9e-05	9e-05	9e-05	9e-05	0.04698	0.08244	0.0	0.11153	0.04059	0.12577	0.11354	0.17492	0.3222	0.23569	9e-05	9e-05	0.0521	0.04361	0.08068	0.05166	0.09554	0.09808	0.03858	0.06532	0.09341	0.02558	0.02531	0.05411	0.11159	0.14459	0.12168	0.05166	0.17557	
0.14547	0.13048	0.07434	0.10557	0.19904	0.03754	0.27247	0.00032	0.03539	0.09659	0.20843	0.03145	0.15256	0.17716	0.00032	0.00032	0.00032	0.03092	0.00032	0.47801	0.31025	0.09343	0.02913	0.03629	0.02913	0.2339	0.04929	0.00032	0.00032	0.18962	0.00032	0.00032	0.09584	0.09681	0.16621	0.02453	0.11894	0.10822	0.04136	0.0	0.1791	0.07872	0.0	0.0	0.0	0.079	0.16691	0.08717	0.07607	0.15153	0.16123	0.13451	0.07208	0.0	0.0	0.0	0.03677	0.029	0.00032	0.00032	0.00032	0.00032	0.03629	0.1445	0.0	0.13992	0.03292	0.11249	0.1135	0.09089	0.33209	0.31822	0.00032	0.00032	0.03281	0.03988	0.15485	0.0682	0.08114	0.09583	0.11047	0.10748	0.11939	0.11286	0.25352	0.06151	0.18308	0.11724	0.12539	0.0682	0.07421	
0.0604	0.10527	0.06404	0.1335	0.09478	0.03719	0.17331	2e-05	0.02362	0.05194	0.08869	0.12758	0.16038	0.1466	2e-05	2e-05	2e-05	0.04182	2e-05	0.17132	0.03868	0.15962	0.04062	0.04951	0.04062	0.03925	0.21399	2e-05	2e-05	0.14027	2e-05	2e-05	0.40973	0.07656	0.07717	0.05984	0.12629	0.14878	0.07735	0.1791	0.0	0.10764	0.0	0.0	0.0	0.13814	0.13063	0.08947	0.09194	0.08522	0.12513	0.07765	0.05859	0.0	0.0	0.0	0.03838	0.0408	2e-05	2e-05	2e-05	2e-05	0.04951	0.07697	0.0	0.14581	0.02498	0.10333	0.08791	0.06511	0.19806	0.38079	2e-05	2e-05	0.02497	0.0279	0.07819	0.05709	0.04954	0.07457	0.04768	0.08766	0.09683	0.05931	0.02285	0.03444	0.20228	0.119	0.26338	0.05709	0.15511	
0.07386	0.22099	0.13558	0.04986	0.07016	0.01584	0.09567	0.0	0.10264	0.1083	0.03848	0.0887	0.03514	0.03069	0.0	0.0	0.0	0.01222	0.0	0.05941	0.02691	0.07214	0.04503	0.01963	0.04503	0.06139	0.13242	0.0	0.0	0.05224	0.0	0.0	0.14692	0.08193	0.10374	0.04748	0.09823	0.15485	0.08897	0.07872	0.10764	0.0	0.0	0.0	0.0	0.07635	0.04262	0.13825	0.08261	0.07242	0.04604	0.08025	0.13297	0.0	0.0	0.0	0.04336	0.01592	0.0	0.0	0.0	0.0	0.01963	0.06297	0.0	0.11365	0.05085	0.10176	0.06506	0.04008	0.1344	0.19648	0.0	0.0	0.10964	0.01979	0.08153	0.0224	0.07731	0.09527	0.04492	0.02267	0.05816	0.03342	0.06523	0.02538	0.07721	0.11451	0.09472	0.0224	0.06732	
0.0	0.0	0.0	0.0	0.0	0.0	0.0	0.0	0.0	0.0	0.0	0.0	0.0	0.0	0.0	0.0	0.0	0.0	0.0	0.0	0.0	0.0	0.0	0.0	0.0	0.0	0.0	0.0	0.0	0.0	0.0	0.0	0.0	0.0	0.0	0.0	0.0	0.0	0.0	0.0	0.0	0.0	0.0	0.0	0.0	0.0	0.0	0.0	0.0	0.0	0.0	0.0	0.0	0.0	0.0	0.0	0.0	0.0	0.0	0.0	0.0	0.0	0.0	0.0	0.0	0.0	0.0	0.0	0.0	0.0	0.0	0.0	0.0	0.0	0.0	0.0	0.0	0.0	0.0	0.0	0.0	0.0	0.0	0.0	0.0	0.0	0.0	0.0	0.0	0.0	0.0	
0.0	0.0	0.0	0.0	0.0	0.0	0.0	0.0	0.0	0.0	0.0	0.0	0.0	0.0	0.0	0.0	0.0	0.0	0.0	0.0	0.0	0.0	0.0	0.0	0.0	0.0	0.0	0.0	0.0	0.0	0.0	0.0	0.0	0.0	0.0	0.0	0.0	0.0	0.0	0.0	0.0	0.0	0.0	0.0	0.0	0.0	0.0	0.0	0.0	0.0	0.0	0.0	0.0	0.0	0.0	0.0	0.0	0.0	0.0	0.0	0.0	0.0	0.0	0.0	0.0	0.0	0.0	0.0	0.0	0.0	0.0	0.0	0.0	0.0	0.0	0.0	0.0	0.0	0.0	0.0	0.0	0.0	0.0	0.0	0.0	0.0	0.0	0.0	0.0	0.0	0.0	
0.0	0.0	0.0	0.0	0.0	0.0	0.0	0.0	0.0	0.0	0.0	0.0	0.0	0.0	0.0	0.0	0.0	0.0	0.0	0.0	0.0	0.0	0.0	0.0	0.0	0.0	0.0	0.0	0.0	0.0	0.0	0.0	0.0	0.0	0.0	0.0	0.0	0.0	0.0	0.0	0.0	0.0	0.0	0.0	0.0	0.0	0.0	0.0	0.0	0.0	0.0	0.0	0.0	0.0	0.0	0.0	0.0	0.0	0.0	0.0	0.0	0.0	0.0	0.0	0.0	0.0	0.0	0.0	0.0	0.0	0.0	0.0	0.0	0.0	0.0	0.0	0.0	0.0	0.0	0.0	0.0	0.0	0.0	0.0	0.0	0.0	0.0	0.0	0.0	0.0	0.0	
0.02346	0.0871	0.16195	0.08543	0.1298	0.02752	0.05468	3e-05	0.06801	0.03723	0.11172	0.07797	0.08765	0.02083	3e-05	3e-05	3e-05	0.02409	3e-05	0.0532	0.04468	0.13195	0.03151	0.0261	0.03151	0.03479	0.0938	3e-05	3e-05	0.11732	3e-05	3e-05	0.10999	0.102	0.05923	0.06384	0.10221	0.12894	0.08692	0.079	0.13814	0.07635	0.0	0.0	0.0	0.0	0.04469	0.10891	0.05356	0.0954	0.10855	0.0727	0.08343	0.0	0.0	0.0	0.07187	0.0843	3e-05	3e-05	3e-05	3e-05	0.0261	0.0406	0.0	0.07538	0.09648	0.11268	0.12334	0.08614	0.40181	0.18106	3e-05	3e-05	0.02358	0.0263	0.05308	0.02986	0.03479	0.07278	0.02312	0.03564	0.12766	0.01186	0.01999	0.0346	0.10966	0.10245	0.11902	0.02986	0.0331	
0.04923	0.06327	0.034	0.11366	0.10514	0.07924	0.13574	5e-05	0.04955	0.09549	0.08813	0.05896	0.06325	0.14289	5e-05	5e-05	5e-05	0.05199	5e-05	0.01687	0.03711	0.14221	0.06001	0.02311	0.06001	0.01777	0.02068	5e-05	5e-05	0.09755	5e-05	5e-05	0.12644	0.05701	0.07373	0.00614	0.06203	0.10437	0.07706	0.16691	0.13063	0.04262	0.0	0.0	0.0	0.04469	0.0	0.15469	0.05804	0.07255	0.09553	0.10526	0.04135	0.0	0.0	0.0	0.08149	0.01865	5e-05	5e-05	5e-05	5e-05	0.02311	0.06854	0.0	0.09685	0.0209	0.11302	0.09366	0.04031	0.14297	0.28125	5e-05	5e-05	0.0444	0.02329	0.08072	0.05681	0.11142	0.06038	0.03332	0.03833	0.11858	0.03998	0.09019	0.03027	0.11024	0.07714	0.04689	0.05681	0.05172	
0.04823	0.11958	0.0773	0.15983	0.11717	0.01702	0.14702	1e-05	0.12914	0.09404	0.15293	0.15568	0.06728	0.05511	1e-05	1e-05	1e-05	0.0293	1e-05	0.08396	0.04803	0.08433	0.02655	0.03309	0.02655	0.0191	0.01362	1e-05	1e-05	0.14175	1e-05	1e-05	0.14681	0.05126	0.02096	0.03729	0.06686	0.09237	0.09819	0.08717	0.08947	0.13825	0.0	0.0	0.0	0.10891	0.15469	0.0	0.13757	0.1155	0.13629	0.05962	0.08827	0.0	0.0	0.0	0.1276	0.03205	1e-05	1e-05	1e-05	1e-05	0.03309	0.07159	0.0	0.07729	0.0436	0.18821	0.13727	0.12142	0.1336	0.20959	1e-05	1e-05	0.16171	0.07515	0.12288	0.04251	0.07088	0.17885	0.01214	0.0135	0.17443	0.05775	0.06366	0.04538	0.07294	0.167	0.02287	0.04251	0.13387	
0.05625	0.09326	0.04132	0.08806	0.09643	0.02348	0.10632	0.00017	0.03306	0.08674	0.05656	0.09172	0.07722	0.03321	0.00017	0.00017	0.00017	0.0591	0.00017	0.34813	0.02294	0.12251	0.02749	0.03178	0.02749	0.09201	0.10082	0.00017	0.00017	0.11221	0.00017	0.00017	0.16349	0.07055	0.01048	0.06674	0.13329	0.0719	0.09673	0.07607	0.09194	0.08261	0.0	0.0	0.0	0.05356	0.05804	0.13757	0.0	0.07621	0.06496	0.12494	0.07578	0.0	0.0	0.0	0.03177	0.02761	0.00017	0.00017	0.00017	0.00017	0.03178	0.19031	0.0	0.10782	0.0287	0.08111	0.06306	0.08959	0.11522	0.54152	0.00017	0.00017	0.02869	0.067	0.09842	0.03938	0.07085	0.06666	0.01723	0.04249	0.05673	0.01557	0.05145	0.04237	0.10254	0.09606	0.04942	0.03938	0.0642	
0.03111	0.08288	0.03994	0.062	0.158	0.05843	0.04668	9e-05	0.13367	0.08982	0.11555	0.04816	0.05109	0.06597	9e-05	9e-05	9e-05	0.05606	9e-05	0.24397	0.1727	0.13293	0.0228	0.02845	0.0228	0.0224	0.0663	9e-05	9e-05	0.07335	9e-05	9e-05	0.12093	0.07022	0.16376	0.03742	0.11824	0.17976	0.0954	0.15153	0.08522	0.07242	0.0	0.0	0.0	0.0954	0.07255	0.1155	0.07621	0.0	0.04867	0.07433	0.05517	0.0	0.0	0.0	0.03782	0.05546	9e-05	9e-05	9e-05	9e-05	0.02845	0.0868	0.0	0.08258	0.03427	0.10566	0.0639	0.1311	0.17921	0.12218	9e-05	9e-05	0.03425	0.0707	0.13359	0.04361	0.0753	0.06922	0.05394	0.03466	0.11785	0.04961	0.10554	0.03833	0.12927	0.06303	0.1194	0.04361	0.07026	
0.0799	0.05951	0.10828	0.1274	0.0725	0.01563	0.14787	0.00012	0.02023	0.06118	0.06642	0.07813	0.12462	0.11113	0.00012	0.00012	0.00012	0.01397	0.00012	0.32631	0.05414	0.10393	0.14233	0.0225	0.14233	0.13526	0.14904	0.00012	0.00012	0.11324	0.00012	0.00012	0.176	0.1266	0.05046	0.02368	0.13273	0.09466	0.11796	0.16123	0.12513	0.04604	0.0	0.0	0.0	0.10855	0.09553	0.13629	0.06496	0.04867	0.0	0.05198	0.05201	0.0	0.0	0.0	0.019	0.04071	0.00012	0.00012	0.00012	0.00012	0.0225	0.26252	0.0	0.06163	0.04578	0.13212	0.1008	0.05714	0.129	0.24303	0.00012	0.00012	0.02037	0.02268	0.13672	0.09371	0.05721	0.07352	0.00703	0.01197	0.10695	0.03859	0.09545	0.02911	0.0925	0.10764	0.12234	0.09371	0.09062	
0.06235	0.09594	0.06441	0.15339	0.07792	0.08578	0.07082	0.00022	0.05307	0.14931	0.10216	0.07841	0.05344	0.07692	0.00022	0.00022	0.00022	0.00886	0.00022	0.17837	0.02144	0.11605	0.01135	0.01393	0.01135	0.04571	0.07783	0.00022	0.00022	0.06697	0.00022	0.00022	0.13049	0.04201	0.07756	0.24953	0.09246	0.1042	0.07765	0.13451	0.07765	0.08025	0.0	0.0	0.0	0.0727	0.10526	0.05962	0.12494	0.07433	0.05198	0.0	0.05058	0.0	0.0	0.0	0.07156	0.01142	0.00022	0.00022	0.00022	0.00022	0.01393	0.04126	0.0	0.04774	0.0127	0.10922	0.07776	0.12126	0.35115	0.19624	0.00022	0.00022	0.01268	0.10558	0.0624	0.01582	0.17455	0.04524	0.2001	0.17605	0.05041	0.0231	0.03717	0.01722	0.25741	0.16135	0.07493	0.01582	0.05333	
0.03359	0.03701	0.14916	0.02863	0.09133	0.03905	0.05917	0.00016	0.02661	0.03724	0.0367	0.13903	0.05978	0.03689	0.00016	0.00016	0.00016	0.00991	0.00016	0.11866	0.01702	0.12532	0.01266	0.01548	0.01266	0.04127	0.01594	0.00016	0.00016	0.11737	0.00016	0.00016	0.0635	0.04485	0.06843	0.09717	0.03841	0.06138	0.03236	0.07208	0.05859	0.13297	0.0	0.0	0.0	0.08343	0.04135	0.08827	0.07578	0.05517	0.05201	0.05058	0.0	0.0	0.0	0.0	0.03806	0.0788	0.00016	0.00016	0.00016	0.00016	0.01548	0.1468	0.0	0.09653	0.01414	0.05453	0.02765	0.15003	0.15925	0.23408	0.00016	0.00016	0.01411	0.09906	0.07634	0.01754	0.0396	0.1998	0.08824	0.00976	0.04679	0.02536	0.01726	0.01915	0.0996	0.14458	0.09937	0.01754	0.04906	
0.0	0.0	0.0	0.0	0.0	0.0	0.0	0.0	0.0	0.0	0.0	0.0	0.0	0.0	0.0	0.0	0.0	0.0	0.0	0.0	0.0	0.0	0.0	0.0	0.0	0.0	0.0	0.0	0.0	0.0	0.0	0.0	0.0	0.0	0.0	0.0	0.0	0.0	0.0	0.0	0.0	0.0	0.0	0.0	0.0	0.0	0.0	0.0	0.0	0.0	0.0	0.0	0.0	0.0	0.0	0.0	0.0	0.0	0.0	0.0	0.0	0.0	0.0	0.0	0.0	0.0	0.0	0.0	0.0	0.0	0.0	0.0	0.0	0.0	0.0	0.0	0.0	0.0	0.0	0.0	0.0	0.0	0.0	0.0	0.0	0.0	0.0	0.0	0.0	0.0	0.0	
0.0	0.0	0.0	0.0	0.0	0.0	0.0	0.0	0.0	0.0	0.0	0.0	0.0	0.0	0.0	0.0	0.0	0.0	0.0	0.0	0.0	0.0	0.0	0.0	0.0	0.0	0.0	0.0	0.0	0.0	0.0	0.0	0.0	0.0	0.0	0.0	0.0	0.0	0.0	0.0	0.0	0.0	0.0	0.0	0.0	0.0	0.0	0.0	0.0	0.0	0.0	0.0	0.0	0.0	0.0	0.0	0.0	0.0	0.0	0.0	0.0	0.0	0.0	0.0	0.0	0.0	0.0	0.0	0.0	0.0	0.0	0.0	0.0	0.0	0.0	0.0	0.0	0.0	0.0	0.0	0.0	0.0	0.0	0.0	0.0	0.0	0.0	0.0	0.0	0.0	0.0	
0.0	0.0	0.0	0.0	0.0	0.0	0.0	0.0	0.0	0.0	0.0	0.0	0.0	0.0	0.0	0.0	0.0	0.0	0.0	0.0	0.0	0.0	0.0	0.0	0.0	0.0	0.0	0.0	0.0	0.0	0.0	0.0	0.0	0.0	0.0	0.0	0.0	0.0	0.0	0.0	0.0	0.0	0.0	0.0	0.0	0.0	0.0	0.0	0.0	0.0	0.0	0.0	0.0	0.0	0.0	0.0	0.0	0.0	0.0	0.0	0.0	0.0	0.0	0.0	0.0	0.0	0.0	0.0	0.0	0.0	0.0	0.0	0.0	0.0	0.0	0.0	0.0	0.0	0.0	0.0	0.0	0.0	0.0	0.0	0.0	0.0	0.0	0.0	0.0	0.0	0.0	
0.01917	0.02416	0.01148	0.0338	0.08731	0.05855	0.04857	0.00034	0.09956	0.07525	0.03238	0.01736	0.03579	0.02439	0.00034	0.00034	0.00034	0.00763	0.00034	0.10698	0.00169	0.09819	0.0095	0.01135	0.0095	0.07734	0.04951	0.00034	0.00034	0.03545	0.00034	0.00034	0.10891	0.0279	0.0178	0.00029	0.01852	0.08932	0.07083	0.03677	0.03838	0.04336	0.0	0.0	0.0	0.07187	0.08149	0.1276	0.03177	0.03782	0.019	0.07156	0.03806	0.0	0.0	0.0	0.0	0.00957	0.00034	0.00034	0.00034	0.00034	0.01135	0.00711	0.0	0.0084	0.0105	0.04217	0.03432	0.07086	0.10016	0.31179	0.00034	0.00034	0.19571	0.01145	0.06244	0.01274	0.16071	0.02262	0.02913	0.01189	0.04083	0.01752	0.00056	0.01358	0.02618	0.05923	0.05552	0.01274	0.01171	
0.02566	0.00836	0.01167	0.0211	0.01553	0.0537	0.0149	0.00037	0.06676	0.0085	0.01752	0.02957	0.01212	0.0094	0.00037	0.00037	0.00037	0.00375	0.00037	0.14022	0.02655	0.08645	0.00446	0.0051	0.00446	0.02499	0.01665	0.00037	0.00037	0.01415	0.00037	0.00037	0.039	0.00985	0.02687	0.04853	0.01801	0.01518	0.03577	0.029	0.0408	0.01592	0.0	0.0	0.0	0.0843	0.01865	0.03205	0.02761	0.05546	0.04071	0.01142	0.0788	0.0	0.0	0.0	0.00957	0.0	0.00037	0.00037	0.00037	0.00037	0.0051	0.04389	0.0	0.01911	0.00487	0.01384	0.01079	0.03148	0.04154	0.13412	0.00037	0.00037	0.0048	0.00518	0.02277	0.00572	0.00829	0.0082	0.01064	0.01354	0.05318	0.00712	0.01733	0.00595	0.02231	0.01776	0.06159	0.00572	0.02147	
0.00017	0.00012	0.00011	0.00013	0.00038	8e-05	0.00027	0.0	4e-05	0.00016	0.00015	6e-05	0.00034	0.00039	0.0	0.0	0.0	0.00023	0.0	0.0	0.0	0.0002	0.00021	0.00017	0.00021	0.00044	0.0001	0.0	0.0	0.00023	0.0	0.0	0.00045	0.00026	0.00015	0.00012	8e-05	0.0	9e-05	0.00032	2e-05	0.0	0.0	0.0	0.0	3e-05	5e-05	1e-05	0.00017	9e-05	0.00012	0.00022	0.00016	0.0	0.0	0.0	0.00034	0.00037	0.0	0.0	0.0	0.0	0.00017	0.00038	0.0	0.0003	0.00032	2e-05	0.00017	2e-05	7e-05	6e-05	0.0	0.0	0.00021	0.00027	0.00031	0.00047	0.00031	6e-05	6e-05	0.00023	8e-05	0.0001	0.00041	0.0003	0.0003	0.00016	0.00011	0.00047	0.00012	
0.00017	0.00012	0.00011	0.00013	0.00038	8e-05	0.00027	0.0	4e-05	0.00016	0.00015	6e-05	0.00034	0.00039	0.0	0.0	0.0	0.00023	0.0	0.0	0.0	0.0002	0.00021	0.00017	0.00021	0.00044	0.0001	0.0	0.0	0.00023	0.0	0.0	0.00045	0.00026	0.00015	0.00012	8e-05	0.0	9e-05	0.00032	2e-05	0.0	0.0	0.0	0.0	3e-05	5e-05	1e-05	0.00017	9e-05	0.00012	0.00022	0.00016	0.0	0.0	0.0	0.00034	0.00037	0.0	0.0	0.0	0.0	0.00017	0.00038	0.0	0.0003	0.00032	2e-05	0.00017	2e-05	7e-05	6e-05	0.0	0.0	0.00021	0.00027	0.00031	0.00047	0.00031	6e-05	6e-05	0.00023	8e-05	0.0001	0.00041	0.0003	0.0003	0.00016	0.00011	0.00047	0.00012	
0.00017	0.00012	0.00011	0.00013	0.00038	8e-05	0.00027	0.0	4e-05	0.00016	0.00015	6e-05	0.00034	0.00039	0.0	0.0	0.0	0.00023	0.0	0.0	0.0	0.0002	0.00021	0.00017	0.00021	0.00044	0.0001	0.0	0.0	0.00023	0.0	0.0	0.00045	0.00026	0.00015	0.00012	8e-05	0.0	9e-05	0.00032	2e-05	0.0	0.0	0.0	0.0	3e-05	5e-05	1e-05	0.00017	9e-05	0.00012	0.00022	0.00016	0.0	0.0	0.0	0.00034	0.00037	0.0	0.0	0.0	0.0	0.00017	0.00038	0.0	0.0003	0.00032	2e-05	0.00017	2e-05	7e-05	6e-05	0.0	0.0	0.00021	0.00027	0.00031	0.00047	0.00031	6e-05	6e-05	0.00023	8e-05	0.0001	0.00041	0.0003	0.0003	0.00016	0.00011	0.00047	0.00012	
0.00017	0.00012	0.00011	0.00013	0.00038	8e-05	0.00027	0.0	4e-05	0.00016	0.00015	6e-05	0.00034	0.00039	0.0	0.0	0.0	0.00023	0.0	0.0	0.0	0.0002	0.00021	0.00017	0.00021	0.00044	0.0001	0.0	0.0	0.00023	0.0	0.0	0.00045	0.00026	0.00015	0.00012	8e-05	0.0	9e-05	0.00032	2e-05	0.0	0.0	0.0	0.0	3e-05	5e-05	1e-05	0.00017	9e-05	0.00012	0.00022	0.00016	0.0	0.0	0.0	0.00034	0.00037	0.0	0.0	0.0	0.0	0.00017	0.00038	0.0	0.0003	0.00032	2e-05	0.00017	2e-05	7e-05	6e-05	0.0	0.0	0.00021	0.00027	0.00031	0.00047	0.00031	6e-05	6e-05	0.00023	8e-05	0.0001	0.00041	0.0003	0.0003	0.00016	0.00011	0.00047	0.00012	
0.03745	0.01009	0.01416	0.10714	0.01907	0.06625	0.10403	0.00017	0.01708	0.01019	0.02159	0.03143	0.01468	0.01112	0.00017	0.00017	0.00017	0.00416	0.00017	0.0	0.03417	0.0205	0.00502	0.99963	0.00502	0.03059	0.08155	0.00017	0.00017	0.09329	0.00017	0.00017	0.04789	0.01185	0.0329	0.02548	0.02227	0.01882	0.04698	0.03629	0.04951	0.01963	0.0	0.0	0.0	0.0261	0.02311	0.03309	0.03178	0.02845	0.0225	0.01393	0.01548	0.0	0.0	0.0	0.01135	0.0051	0.00017	0.00017	0.00017	0.00017	0.0	0.02319	0.0	0.02344	0.0055	0.083	0.11221	0.03907	0.0526	0.04978	0.00017	0.00017	0.00545	0.0059	0.05599	0.00653	0.00989	0.00982	0.01274	0.01633	0.01817	0.38754	0.021	0.21314	0.03956	0.05536	0.01774	0.00653	0.04446	
