0.0	0.4623	0.00146	1.00207	0.00146	0.00146	1.00207	1.00207	1.00207	1.00207	0.00146	0.00146	1.00207	0.32891	1.00207	0.0	0.0	0.0	0.02913	0.04106	0.00146	0.00146	0.05473	0.00146	0.00146	0.00165	0.04501	0.06145	0.04407	0.34213	0.26892	0.00146	0.07044	0.11788	0.03275	0.04106	0.03446	0.09436	1.00213	0.00146	0.07491	0.06162	0.08048	0.00146	0.00146	0.00443	0.17281	0.07043	0.16721	0.04407	0.30553	0.0	0.00146	0.00146	0.02555	0.03275	0.00146	0.07599	0.02913	0.3202	0.0	0.09436	0.00146	0.00146	0.00146	0.00146	0.0	0.00146	0.00146	0.00146	0.05063	0.02555	0.0	0.04106	0.04106	0.03446	0.00146	0.11788	0.09066	0.00146	0.00146	0.00146	0.00146	0.00146	0.00146	0.00146	0.00146	0.00146	0.04106	0.04106	
0.4623	0.0	0.00075	0.4623	0.00075	0.00075	0.4623	0.4623	0.4623	0.4623	0.00075	0.00075	0.4623	0.30296	0.4623	0.0	0.0	0.0	0.23999	0.07861	0.00075	0.00075	0.11156	0.00075	0.00075	0.00524	0.04811	0.17833	0.06703	0.50567	0.53355	0.00075	0.1518	0.09865	0.05969	0.07861	0.04613	0.20481	0.47119	0.00075	0.18863	0.04144	0.11434	0.00075	0.00075	0.01142	0.2297	0.1608	0.36939	0.06703	0.322	0.0	0.00075	0.00075	0.04437	0.05969	0.00075	0.13444	0.23999	0.75393	0.0	0.20481	0.00075	0.00075	0.00075	0.00075	0.0	0.00075	0.00075	0.00075	0.11191	0.04437	0.0	0.07861	0.07861	0.04613	0.00075	0.09865	0.06677	0.00075	0.00075	0.00075	0.00075	0.00075	0.00075	0.00075	0.00075	0.00075	0.07861	0.07861	
0.00146	0.00075	0.0	0.00146	0.0	0.0	0.00146	0.00146	0.00146	0.00146	0.0	0.0	0.00146	0.0016	0.00146	0.0	0.0	0.0	0.00023	0.00238	0.0	0.0	0.00295	0.0	0.0	0.0	0.00018	0.01631	0.0	0.01012	0.0	0.0	0.00368	0.00262	0.002	0.00238	0.0002	0.00037	0.00256	0.0	0.00145	0.0006	0.00199	0.0	0.0	0.0	0.00096	0.01398	0.00919	0.0	0.00937	0.0	0.0	0.0	0.00133	0.002	0.0	0.00194	0.00023	0.07326	0.0	0.00037	0.0	0.0	0.0	0.0	0.0	0.0	0.0	0.0	0.00165	0.00133	0.0	0.00238	0.00238	0.0002	0.0	0.00262	0.00295	0.0	0.0	0.0	0.0	0.0	0.0	0.0	0.0	0.0	0.00238	0.00238	
1.00207	0.4623	0.00146	0.0	0.00146	0.00146	1.00207	1.00207	1.00207	1.00207	0.00146	0.00146	1.00207	0.32891	1.00207	0.0	0.0	0.0	0.02913	0.04106	0.00146	0.00146	0.05473	0.00146	0.00146	0.00165	0.04501	0.06145	0.04407	0.34213	0.26892	0.00146	0.07044	0.11788	0.03275	0.04106	0.03446	0.09436	1.00213	0.00146	0.07491	0.06162	0.08048	0.00146	0.00146	0.00443	0.17281	0.07043	0.16721	0.04407	0.30553	0.0	0.00146	0.00146	0.02555	0.03275	0.00146	0.07599	0.02913	0.3202	0.0	0.09436	0.00146	0.00146	0.00146	0.00146	0.0	0.00146	0.00146	0.00146	0.05063	0.02555	0.0	0.04106	0.04106	0.03446	0.00146	0.11788	0.09066	0.00146	0.00146	0.00146	0.00146	0.00146	0.00146	0.00146	0.00146	0.00146	0.04106	0.04106	
0.00146	0.00075	0.0	0.00146	0.0	0.0	0.00146	0.00146	0.00146	0.00146	0.0	0.0	0.00146	0.0016	0.00146	0.0	0.0	0.0	0.00023	0.00238	0.0	0.0	0.00295	0.0	0.0	0.0	0.00018	0.01631	0.0	0.01012	0.0	0.0	0.00368	0.00262	0.002	0.00238	0.0002	0.00037	0.00256	0.0	0.00145	0.0006	0.00199	0.0	0.0	0.0	0.00096	0.01398	0.00919	0.0	0.00937	0.0	0.0	0.0	0.00133	0.002	0.0	0.00194	0.00023	0.07326	0.0	0.00037	0.0	0.0	0.0	0.0	0.0	0.0	0.0	0.0	0.00165	0.00133	0.0	0.00238	0.00238	0.0002	0.0	0.00262	0.00295	0.0	0.0	0.0	0.0	0.0	0.0	0.0	0.0	0.0	0.00238	0.00238	
0.00146	0.00075	0.0	0.00146	0.0	0.0	0.00146	0.00146	0.00146	0.00146	0.0	0.0	0.00146	0.0016	0.00146	0.0	0.0	0.0	0.00023	0.00238	0.0	0.0	0.00295	0.0	0.0	0.0	0.00018	0.01631	0.0	0.01012	0.0	0.0	0.00368	0.00262	0.002	0.00238	0.0002	0.00037	0.00256	0.0	0.00145	0.0006	0.00199	0.0	0.0	0.0	0.00096	0.01398	0.00919	0.0	0.00937	0.0	0.0	0.0	0.00133	0.002	0.0	0.00194	0.00023	0.07326	0.0	0.00037	0.0	0.0	0.0	0.0	0.0	0.0	0.0	0.0	0.00165	0.00133	0.0	0.00238	0.00238	0.0002	0.0	0.00262	0.00295	0.0	0.0	0.0	0.0	0.0	0.0	0.0	0.0	0.0	0.00238	0.00238	
1.00207	0.4623	0.00146	1.00207	0.00146	0.00146	0.0	1.00207	1.00207	1.00207	0.00146	0.00146	1.00207	0.32891	1.00207	0.0	0.0	0.0	0.02913	0.04106	0.00146	0.00146	0.05473	0.00146	0.00146	0.00165	0.04501	0.06145	0.04407	0.34213	0.26892	0.00146	0.07044	0.11788	0.03275	0.04106	0.03446	0.09436	1.00213	0.00146	0.07491	0.06162	0.08048	0.00146	0.00146	0.00443	0.17281	0.07043	0.16721	0.04407	0.30553	0.0	0.00146	0.00146	0.02555	0.03275	0.00146	0.07599	0.02913	0.3202	0.0	0.09436	0.00146	0.00146	0.00146	0.00146	0.0	0.00146	0.00146	0.00146	0.05063	0.02555	0.0	0.04106	0.04106	0.03446	0.00146	0.11788	0.09066	0.00146	0.00146	0.00146	0.00146	0.00146	0.00146	0.00146	0.00146	0.00146	0.04106	0.04106	
1.00207	0.4623	0.00146	1.00207	0.00146	0.00146	1.00207	0.0	1.00207	1.00207	0.00146	0.00146	1.00207	0.32891	1.00207	0.0	0.0	0.0	0.02913	0.04106	0.00146	0.00146	0.05473	0.00146	0.00146	0.00165	0.04501	0.06145	0.04407	0.34213	0.26892	0.00146	0.07044	0.11788	0.03275	0.04106	0.03446	0.09436	1.00213	0.00146	0.07491	0.06162	0.08048	0.00146	0.00146	0.00443	0.17281	0.07043	0.16721	0.04407	0.30553	0.0	0.00146	0.00146	0.02555	0.03275	0.00146	0.07599	0.02913	0.3202	0.0	0.09436	0.00146	0.00146	0.00146	0.00146	0.0	0.00146	0.00146	0.00146	0.05063	0.02555	0.0	0.04106	0.04106	0.03446	0.00146	0.11788	0.09066	0.00146	0.00146	0.00146	0.00146	0.00146	0.00146	0.00146	0.00146	0.00146	0.04106	0.04106	
1.00207	0.4623	0.00146	1.00207	0.00146	0.00146	1.00207	1.00207	0.0	1.00207	0.00146	0.00146	1.00207	0.32891	1.00207	0.0	0.0	0.0	0.02913	0.04106	0.00146	0.00146	0.05473	0.00146	0.00146	0.00165	0.04501	0.06145	0.04407	0.34213	0.26892	0.00146	0.07044	0.11788	0.03275	0.04106	0.03446	0.09436	1.00213	0.00146	0.07491	0.06162	0.08048	0.00146	0.00146	0.00443	0.17281	0.07043	0.16721	0.04407	0.30553	0.0	0.00146	0.00146	0.02555	0.03275	0.00146	0.07599	0.02913	0.3202	0.0	0.09436	0.00146	0.00146	0.00146	0.00146	0.0	0.00146	0.00146	0.00146	0.05063	0.02555	0.0	0.04106	0.04106	0.03446	0.00146	0.11788	0.09066	0.00146	0.00146	0.00146	0.00146	0.00146	0.00146	0.00146	0.00146	0.00146	0.04106	0.04106	
1.00207	0.4623	0.00146	1.00207	0.00146	0.00146	1.00207	1.00207	1.00207	0.0	0.00146	0.00146	1.00207	0.32891	1.00207	0.0	0.0	0.0	0.02913	0.04106	0.00146	0.00146	0.05473	0.00146	0.00146	0.00165	0.04501	0.06145	0.04407	0.34213	0.26892	0.00146	0.07044	0.11788	0.03275	0.04106	0.03446	0.09436	1.00213	0.00146	0.07491	0.06162	0.08048	0.00146	0.00146	0.00443	0.17281	0.07043	0.16721	0.04407	0.30553	0.0	0.00146	0.00146	0.02555	0.03275	0.00146	0.07599	0.02913	0.3202	0.0	0.09436	0.00146	0.00146	0.00146	0.00146	0.0	0.00146	0.00146	0.00146	0.05063	0.02555	0.0	0.04106	0.04106	0.03446	0.00146	0.11788	0.09066	0.00146	0.00146	0.00146	0.00146	0.00146	0.00146	0.00146	0.00146	0.00146	0.04106	0.04106	
0.00146	0.00075	0.0	0.00146	0.0	0.0	0.00146	0.00146	0.00146	0.00146	0.0	0.0	0.00146	0.0016	0.00146	0.0	0.0	0.0	0.00023	0.00238	0.0	0.0	0.00295	0.0	0.0	0.0	0.00018	0.01631	0.0	0.01012	0.0	0.0	0.00368	0.00262	0.002	0.00238	0.0002	0.00037	0.00256	0.0	0.00145	0.0006	0.00199	0.0	0.0	0.0	0.00096	0.01398	0.00919	0.0	0.00937	0.0	0.0	0.0	0.00133	0.002	0.0	0.00194	0.00023	0.07326	0.0	0.00037	0.0	0.0	0.0	0.0	0.0	0.0	0.0	0.0	0.00165	0.00133	0.0	0.00238	0.00238	0.0002	0.0	0.00262	0.00295	0.0	0.0	0.0	0.0	0.0	0.0	0.0	0.0	0.0	0.00238	0.00238	
0.00146	0.00075	0.0	0.00146	0.0	0.0	0.00146	0.00146	0.00146	0.00146	0.0	0.0	0.00146	0.0016	0.00146	0.0	0.0	0.0	0.00023	0.00238	0.0	0.0	0.00295	0.0	0.0	0.0	0.00018	0.01631	0.0	0.01012	0.0	0.0	0.00368	0.00262	0.002	0.00238	0.0002	0.00037	0.00256	0.0	0.00145	0.0006	0.00199	0.0	0.0	0.0	0.00096	0.01398	0.00919	0.0	0.00937	0.0	0.0	0.0	0.00133	0.002	0.0	0.00194	0.00023	0.07326	0.0	0.00037	0.0	0.0	0.0	0.0	0.0	0.0	0.0	0.0	0.00165	0.00133	0.0	0.00238	0.00238	0.0002	0.0	0.00262	0.00295	0.0	0.0	0.0	0.0	0.0	0.0	0.0	0.0	0.0	0.00238	0.00238	
1.00207	0.4623	0.00146	1.00207	0.00146	0.00146	1.00207	1.00207	1.00207	1.00207	0.00146	0.00146	0.0	0.32891	1.00207	0.0	0.0	0.0	0.02913	0.04106	0.00146	0.00146	0.05473	0.00146	0.00146	0.00165	0.04501	0.06145	0.04407	0.34213	0.26892	0.00146	0.07044	0.11788	0.03275	0.04106	0.03446	0.09436	1.00213	0.00146	0.07491	0.06162	0.08048	0.00146	0.00146	0.00443	0.17281	0.07043	0.16721	0.04407	0.30553	0.0	0.00146	0.00146	0.02555	0.03275	0.00146	0.07599	0.02913	0.3202	0.0	0.09436	0.00146	0.00146	0.00146	0.00146	0.0	0.00146	0.00146	0.00146	0.05063	0.02555	0.0	0.04106	0.04106	0.03446	0.00146	0.11788	0.09066	0.00146	0.00146	0.00146	0.00146	0.00146	0.00146	0.00146	0.00146	0.00146	0.04106	0.04106	
0.32891	0.30296	0.0016	0.32891	0.0016	0.0016	0.32891	0.32891	0.32891	0.32891	0.0016	0.0016	0.32891	0.0	0.32891	0.0	0.0	0.0	0.07222	0.11063	0.0016	0.0016	0.16457	0.0016	0.0016	0.00594	0.37309	0.22168	0.1033	1.05288	1.41907	0.0016	0.23789	0.26968	0.08172	0.11063	0.35548	0.23179	0.4046	0.0016	0.17391	0.21081	0.43976	0.0016	0.0016	0.01473	0.52347	0.22389	0.60433	0.1033	0.36066	0.0	0.0016	0.0016	0.13836	0.08172	0.0016	0.41408	0.07222	1.25307	0.0	0.23179	0.0016	0.0016	0.0016	0.0016	0.0	0.0016	0.0016	0.0016	0.19792	0.13836	0.0	0.11063	0.11063	0.35548	0.0016	0.26968	0.17604	0.0016	0.0016	0.0016	0.0016	0.0016	0.0016	0.0016	0.0016	0.0016	0.11063	0.11063	
1.00207	0.4623	0.00146	1.00207	0.00146	0.00146	1.00207	1.00207	1.00207	1.00207	0.00146	0.00146	1.00207	0.32891	0.0	0.0	0.0	0.0	0.02913	0.04106	0.00146	0.00146	0.05473	0.00146	0.00146	0.00165	0.04501	0.06145	0.04407	0.34213	0.26892	0.00146	0.07044	0.11788	0.03275	0.04106	0.03446	0.09436	1.00213	0.00146	0.07491	0.06162	0.08048	0.00146	0.00146	0.00443	0.17281	0.07043	0.16721	0.04407	0.30553	0.0	0.00146	0.00146	0.02555	0.03275	0.00146	0.07599	0.02913	0.3202	0.0	0.09436	0.00146	0.00146	0.00146	0.00146	0.0	0.00146	0.00146	0.00146	0.05063	0.02555	0.0	0.04106	0.04106	0.03446	0.00146	0.11788	0.09066	0.00146	0.00146	0.00146	0.00146	0.00146	0.00146	0.00146	0.00146	0.00146	0.04106	0.04106	
0.0	0.0	0.0	0.0	0.0	0.0	0.0	0.0	0.0	0.0	0.0	0.0	0.0	0.0	0.0	0.0	0.0	0.0	0.0	0.0	0.0	0.0	0.0	0.0	0.0	0.0	0.0	0.0	0.0	0.0	0.0	0.0	0.0	0.0	0.0	0.0	0.0	0.0	0.0	0.0	0.0	0.0	0.0	0.0	0.0	0.0	0.0	0.0	0.0	0.0	0.0	0.0	0.0	0.0	0.0	0.0	0.0	0.0	0.0	0.0	0.0	0.0	0.0	0.0	0.0	0.0	0.0	0.0	0.0	0.0	0.0	0.0	0.0	0.0	0.0	0.0	0.0	0.0	0.0	0.0	0.0	0.0	0.0	0.0	0.0	0.0	0.0	0.0	0.0	0.0	
0.0	0.0	0.0	0.0	0.0	0.0	0.0	0.0	0.0	0.0	0.0	0.0	0.0	0.0	0.0	0.0	0.0	0.0	0.0	0.0	0.0	0.0	0.0	0.0	0.0	0.0	0.0	0.0	0.0	0.0	0.0	0.0	0.0	0.0	0.0	0.0	0.0	0.0	0.0	0.0	0.0	0.0	0.0	0.0	0.0	0.0	0.0	0.0	0.0	0.0	0.0	0.0	0.0	0.0	0.0	0.0	0.0	0.0	0.0	0.0	0.0	0.0	0.0	0.0	0.0	0.0	0.0	0.0	0.0	0.0	0.0	0.0	0.0	0.0	0.0	0.0	0.0	0.0	0.0	0.0	0.0	0.0	0.0	0.0	0.0	0.0	0.0	0.0	0.0	0.0	
0.0	0.0	0.0	0.0	0.0	0.0	0.0	0.0	0.0	0.0	0.0	0.0	0.0	0.0	0.0	0.0	0.0	0.0	0.0	0.0	0.0	0.0	0.0	0.0	0.0	0.0	0.0	0.0	0.0	0.0	0.0	0.0	0.0	0.0	0.0	0.0	0.0	0.0	0.0	0.0	0.0	0.0	0.0	0.0	0.0	0.0	0.0	0.0	0.0	0.0	0.0	0.0	0.0	0.0	0.0	0.0	0.0	0.0	0.0	0.0	0.0	0.0	0.0	0.0	0.0	0.0	0.0	0.0	0.0	0.0	0.0	0.0	0.0	0.0	0.0	0.0	0.0	0.0	0.0	0.0	0.0	0.0	0.0	0.0	0.0	0.0	0.0	0.0	0.0	0.0	
0.02913	0.23999	0.00023	0.02913	0.00023	0.00023	0.02913	0.02913	0.02913	0.02913	0.00023	0.00023	0.02913	0.07222	0.02913	0.0	0.0	0.0	0.0	0.0378	0.00023	0.00023	0.05043	0.00023	0.00023	0.0045	0.04326	0.06327	0.05283	0.24491	0.0	0.00023	0.06488	0.10801	0.03008	0.0378	0.03157	0.12566	0.03647	0.00023	0.06853	0.05661	0.16438	0.00023	0.00023	0.00858	0.11225	0.07102	0.21619	0.05283	0.12941	0.0	0.00023	0.00023	0.02334	0.03008	0.00023	0.06938	0.99954	0.28317	0.0	0.12566	0.00023	0.00023	0.00023	0.00023	0.0	0.00023	0.00023	0.00023	0.04646	0.02334	0.0	0.0378	0.0378	0.03157	0.00023	0.10801	0.0833	0.00023	0.00023	0.00023	0.00023	0.00023	0.00023	0.00023	0.00023	0.00023	0.0378	0.0378	
0.04106	0.07861	0.00238	0.04106	0.00238	0.00238	0.04106	0.04106	0.04106	0.04106	0.00238	0.00238	0.04106	0.11063	0.04106	0.0	0.0	0.0	0.0378	0.0	0.00238	0.00238	0.45645	0.00238	0.00238	0.01631	0.0673	0.53451	0.0	0.3292	0.0	0.00238	0.29902	0.15391	0.04228	1.00404	0.045	0.12887	0.05509	0.00238	0.4978	0.08235	0.49022	0.00238	0.00238	0.0	0.28476	0.44977	0.2927	0.0	0.30235	0.0	0.00238	0.00238	0.03279	0.04228	0.00238	0.399	0.0378	1.63435	0.0	0.12887	0.00238	0.00238	0.00238	0.00238	0.0	0.00238	0.00238	0.00238	0.61154	0.03279	0.0	1.00404	1.00404	0.045	0.00238	0.15391	0.20873	0.00238	0.00238	0.00238	0.00238	0.00238	0.00238	0.00238	0.00238	0.00238	1.00404	1.00404	
0.00146	0.00075	0.0	0.00146	0.0	0.0	0.00146	0.00146	0.00146	0.00146	0.0	0.0	0.00146	0.0016	0.00146	0.0	0.0	0.0	0.00023	0.00238	0.0	0.0	0.00295	0.0	0.0	0.0	0.00018	0.01631	0.0	0.01012	0.0	0.0	0.00368	0.00262	0.002	0.00238	0.0002	0.00037	0.00256	0.0	0.00145	0.0006	0.00199	0.0	0.0	0.0	0.00096	0.01398	0.00919	0.0	0.00937	0.0	0.0	0.0	0.00133	0.002	0.0	0.00194	0.00023	0.07326	0.0	0.00037	0.0	0.0	0.0	0.0	0.0	0.0	0.0	0.0	0.00165	0.00133	0.0	0.00238	0.00238	0.0002	0.0	0.00262	0.00295	0.0	0.0	0.0	0.0	0.0	0.0	0.0	0.0	0.0	0.00238	0.00238	
0.00146	0.00075	0.0	0.00146	0.0	0.0	0.00146	0.00146	0.00146	0.00146	0.0	0.0	0.00146	0.0016	0.00146	0.0	0.0	0.0	0.00023	0.00238	0.0	0.0	0.00295	0.0	0.0	0.0	0.00018	0.01631	0.0	0.01012	0.0	0.0	0.00368	0.00262	0.002	0.00238	0.0002	0.00037	0.00256	0.0	0.00145	0.0006	0.00199	0.0	0.0	0.0	0.00096	0.01398	0.00919	0.0	0.00937	0.0	0.0	0.0	0.00133	0.002	0.0	0.00194	0.00023	0.07326	0.0	0.00037	0.0	0.0	0.0	0.0	0.0	0.0	0.0	0.0	0.00165	0.00133	0.0	0.00238	0.00238	0.0002	0.0	0.00262	0.00295	0.0	0.0	0.0	0.0	0.0	0.0	0.0	0.0	0.0	0.00238	0.00238	
0.05473	0.11156	0.00295	0.05473	0.00295	0.00295	0.05473	0.05473	0.05473	0.05473	0.00295	0.00295	0.05473	0.16457	0.05473	0.0	0.0	0.0	0.05043	0.45645	0.00295	0.00295	0.0	0.00295	0.00295	0.00132	0.05898	0.76105	0.0	0.46872	0.0	0.00295	0.49561	0.22559	0.02416	0.45645	0.0606	0.0193	0.075	0.00295	0.3749	0.00267	0.36107	0.00295	0.00295	0.25108	0.1454	0.64028	0.41663	0.0	0.43043	0.0	0.00295	0.00295	0.04321	0.02416	0.00295	0.35871	0.05043	0.93214	0.0	0.0193	0.00295	0.00295	0.00295	0.00295	0.0	0.00295	0.00295	0.00295	0.33392	0.04321	0.0	0.45645	0.45645	0.0606	0.00295	0.22559	0.31903	0.00295	0.00295	0.00295	0.00295	0.00295	0.00295	0.00295	0.00295	0.00295	0.45645	0.45645	
0.00146	0.00075	0.0	0.00146	0.0	0.0	0.00146	0.00146	0.00146	0.00146	0.0	0.0	0.00146	0.0016	0.00146	0.0	0.0	0.0	0.00023	0.00238	0.0	0.0	0.00295	0.0	0.0	0.0	0.00018	0.01631	0.0	0.01012	0.0	0.0	0.00368	0.00262	0.002	0.00238	0.0002	0.00037	0.00256	0.0	0.00145	0.0006	0.00199	0.0	0.0	0.0	0.00096	0.01398	0.00919	0.0	0.00937	0.0	0.0	0.0	0.00133	0.002	0.0	0.00194	0.00023	0.07326	0.0	0.00037	0.0	0.0	0.0	0.0	0.0	0.0	0.0	0.0	0.00165	0.00133	0.0	0.00238	0.00238	0.0002	0.0	0.00262	0.00295	0.0	0.0	0.0	0.0	0.0	0.0	0.0	0.0	0.0	0.00238	0.00238	
0.00146	0.00075	0.0	0.00146	0.0	0.0	0.00146	0.00146	0.00146	0.00146	0.0	0.0	0.00146	0.0016	0.00146	0.0	0.0	0.0	0.00023	0.00238	0.0	0.0	0.00295	0.0	0.0	0.0	0.00018	0.01631	0.0	0.01012	0.0	0.0	0.00368	0.00262	0.002	0.00238	0.0002	0.00037	0.00256	0.0	0.00145	0.0006	0.00199	0.0	0.0	0.0	0.00096	0.01398	0.00919	0.0	0.00937	0.0	0.0	0.0	0.00133	0.002	0.0	0.00194	0.00023	0.07326	0.0	0.00037	0.0	0.0	0.0	0.0	0.0	0.0	0.0	0.0	0.00165	0.00133	0.0	0.00238	0.00238	0.0002	0.0	0.00262	0.00295	0.0	0.0	0.0	0.0	0.0	0.0	0.0	0.0	0.0	0.00238	0.00238	
0.00165	0.00524	0.0	0.00165	0.0	0.0	0.00165	0.00165	0.00165	0.00165	0.0	0.0	0.00165	0.00594	0.00165	0.0	0.0	0.0	0.0045	0.01631	0.0	0.0	0.00132	0.0	0.0	0.0	0.00018	0.01631	0.0	0.01012	0.0	0.0	0.03121	0.00944	0.0	0.01631	0.00507	0.02453	0.00169	0.0	0.05567	0.06219	0.04169	0.0	0.0	0.0	0.02081	0.01398	0.00919	0.0	0.00937	0.0	0.0	0.0	0.00148	0.0	0.0	0.15072	0.0045	0.0	0.0	0.02453	0.0	0.0	0.0	0.0	0.0	0.0	0.0	0.0	0.01166	0.00148	0.0	0.01631	0.01631	0.00507	0.0	0.00944	0.01642	0.0	0.0	0.0	0.0	0.0	0.0	0.0	0.0	0.0	0.01631	0.01631	
0.04501	0.04811	0.00018	0.04501	0.00018	0.00018	0.04501	0.04501	0.04501	0.04501	0.00018	0.00018	0.04501	0.37309	0.04501	0.0	0.0	0.0	0.04326	0.0673	0.00018	0.00018	0.05898	0.00018	0.00018	0.00018	0.0	0.29888	0.03462	0.35685	0.0	0.00018	0.07556	0.21107	0.29519	0.0673	1.00441	0.30124	0.05993	0.00018	0.11464	1.06153	0.11157	0.00018	0.00018	0.0185	0.2769	0.07213	0.26888	0.03462	0.1503	0.0	0.00018	0.00018	0.0354	0.29519	0.00018	0.65436	0.04326	0.0	0.0	0.30124	0.00018	0.00018	0.00018	0.00018	0.0	0.00018	0.00018	0.00018	0.08416	0.0354	0.0	0.0673	0.0673	1.00441	0.00018	0.21107	0.02355	0.00018	0.00018	0.00018	0.00018	0.00018	0.00018	0.00018	0.00018	0.00018	0.0673	0.0673	
0.06145	0.17833	0.01631	0.06145	0.01631	0.01631	0.06145	0.06145	0.06145	0.06145	0.01631	0.01631	0.06145	0.22168	0.06145	0.0	0.0	0.0	0.06327	0.53451	0.01631	0.01631	0.76105	0.01631	0.01631	0.01631	0.29888	0.0	0.04037	0.23677	0.0	0.01631	1.00875	0.43471	0.39981	0.53451	0.31554	0.12259	0.08491	0.01631	0.34745	0.29359	0.31848	0.01631	0.01631	0.01631	0.13692	0.04552	0.12854	0.04037	0.08005	0.0	0.01631	0.01631	0.05035	0.39981	0.01631	0.79356	0.06327	1.05035	0.0	0.12259	0.01631	0.01631	0.01631	0.01631	0.0	0.01631	0.01631	0.01631	0.28434	0.05035	0.0	0.53451	0.53451	0.31554	0.01631	0.43471	1.49124	0.01631	0.01631	0.01631	0.01631	0.01631	0.01631	0.01631	0.01631	0.01631	0.53451	0.53451	
0.04407	0.06703	0.0	0.04407	0.0	0.0	0.04407	0.04407	0.04407	0.04407	0.0	0.0	0.04407	0.1033	0.04407	0.0	0.0	0.0	0.05283	0.0	0.0	0.0	0.0	0.0	0.0	0.0	0.03462	0.04037	0.0	0.02477	0.0	0.0	0.0	0.21224	0.0	0.0	0.05641	0.01411	0.05343	0.0	0.57349	0.0277	0.48383	0.0	0.0	0.0	0.03398	0.03421	0.02235	0.0	0.02297	0.0	0.0	0.0	0.04282	0.0	0.0	0.68153	0.05283	1.37229	0.0	0.01411	0.0	0.0	0.0	0.0	0.0	0.0	0.0	0.0	0.46077	0.04282	0.0	0.0	0.0	0.05641	0.0	0.21224	0.50039	0.0	0.0	0.0	0.0	0.0	0.0	0.0	0.0	0.0	0.0	0.0	
0.34213	0.50567	0.01012	0.34213	0.01012	0.01012	0.34213	0.34213	0.34213	0.34213	0.01012	0.01012	0.34213	1.05288	0.34213	0.0	0.0	0.0	0.24491	0.3292	0.01012	0.01012	0.46872	0.01012	0.01012	0.01012	0.35685	0.23677	0.02477	0.0	0.02479	0.01012	0.62128	1.07277	0.24623	0.3292	0.30672	0.94183	1.62132	0.01012	1.32812	0.59444	0.9749	0.01012	0.01012	0.01012	1.26248	1.10168	0.97128	0.02477	1.33695	0.0	0.01012	0.01012	1.20561	0.24623	0.01012	1.07237	0.24491	0.99029	0.0	0.94183	0.01012	0.01012	0.01012	0.01012	0.0	0.01012	0.01012	0.01012	1.46195	1.20561	0.0	0.3292	0.3292	0.30672	0.01012	1.07277	0.83148	0.01012	0.01012	0.01012	0.01012	0.01012	0.01012	0.01012	0.01012	0.01012	0.3292	0.3292	
0.26892	0.53355	0.0	0.26892	0.0	0.0	0.26892	0.26892	0.26892	0.26892	0.0	0.0	0.26892	1.41907	0.26892	0.0	0.0	0.0	0.0	0.0	0.0	0.0	0.0	0.0	0.0	0.0	0.0	0.0	0.0	0.02479	0.0	0.0	0.0	0.0	0.0	0.0	0.0	0.0	0.57545	0.0	0.33419	0.0	0.0	0.0	0.0	0.0	0.0	0.10775	0.0	0.0	0.34302	0.0	0.0	0.0	0.21168	0.0	0.0	0.0	0.0	1.37181	0.0	0.0	0.0	0.0	0.0	0.0	0.0	0.0	0.0	0.0	0.46803	0.21168	0.0	0.0	0.0	0.0	0.0	0.0	0.0	0.0	0.0	0.0	0.0	0.0	0.0	0.0	0.0	0.0	0.0	0.0	
0.00146	0.00075	0.0	0.00146	0.0	0.0	0.00146	0.00146	0.00146	0.00146	0.0	0.0	0.00146	0.0016	0.00146	0.0	0.0	0.0	0.00023	0.00238	0.0	0.0	0.00295	0.0	0.0	0.0	0.00018	0.01631	0.0	0.01012	0.0	0.0	0.00368	0.00262	0.002	0.00238	0.0002	0.00037	0.00256	0.0	0.00145	0.0006	0.00199	0.0	0.0	0.0	0.00096	0.01398	0.00919	0.0	0.00937	0.0	0.0	0.0	0.00133	0.002	0.0	0.00194	0.00023	0.07326	0.0	0.00037	0.0	0.0	0.0	0.0	0.0	0.0	0.0	0.0	0.00165	0.00133	0.0	0.00238	0.00238	0.0002	0.0	0.00262	0.00295	0.0	0.0	0.0	0.0	0.0	0.0	0.0	0.0	0.0	0.00238	0.00238	
0.07044	0.1518	0.00368	0.07044	0.00368	0.00368	0.07044	0.07044	0.07044	0.07044	0.00368	0.00368	0.07044	0.23789	0.07044	0.0	0.0	0.0	0.06488	0.29902	0.00368	0.00368	0.49561	0.00368	0.00368	0.03121	0.07556	1.00875	0.0	0.62128	0.0	0.00368	0.0	0.32426	0.21347	0.29902	0.07856	0.00204	0.09922	0.00368	0.40312	0.01567	0.37571	0.00368	0.00368	0.08805	0.16232	0.84858	0.55215	0.0	0.57047	0.0	0.00368	0.00368	0.05511	0.21347	0.00368	0.51958	0.06488	1.77532	0.0	0.00204	0.00368	0.00368	0.00368	0.00368	0.0	0.00368	0.00368	0.00368	0.24457	0.05511	0.0	0.29902	0.29902	0.07856	0.00368	0.32426	0.49317	0.00368	0.00368	0.00368	0.00368	0.00368	0.00368	0.00368	0.00368	0.00368	0.29902	0.29902	
0.11788	0.09865	0.00262	0.11788	0.00262	0.00262	0.11788	0.11788	0.11788	0.11788	0.00262	0.00262	0.11788	0.26968	0.11788	0.0	0.0	0.0	0.10801	0.15391	0.00262	0.00262	0.22559	0.00262	0.00262	0.00944	0.21107	0.43471	0.21224	1.07277	0.0	0.00262	0.32426	0.0	0.11555	0.15391	0.12696	0.04864	0.18034	0.00262	0.12434	0.27566	0.11566	0.00262	0.00262	0.02483	0.3406	0.17645	0.36889	0.21224	0.24259	0.0	0.00262	0.00262	0.08987	0.11555	0.00262	0.55887	0.10801	1.15174	0.0	0.04864	0.00262	0.00262	0.00262	0.00262	0.0	0.00262	0.00262	0.00262	0.16831	0.08987	0.0	0.15391	0.15391	0.12696	0.00262	1.00472	0.50288	0.00262	0.00262	0.00262	0.00262	0.00262	0.00262	0.00262	0.00262	0.00262	0.15391	0.15391	
0.03275	0.05969	0.002	0.03275	0.002	0.002	0.03275	0.03275	0.03275	0.03275	0.002	0.002	0.03275	0.08172	0.03275	0.0	0.0	0.0	0.03008	0.04228	0.002	0.002	0.02416	0.002	0.002	0.0	0.29519	0.39981	0.0	0.24623	0.0	0.002	0.21347	0.11555	0.0	0.04228	0.03554	0.14197	0.04345	0.002	0.21071	0.24464	0.18901	0.002	0.002	0.0203	0.13117	0.33649	0.219	0.0	0.22619	0.0	0.002	0.002	0.02639	1.00314	0.002	0.33874	0.03008	1.45636	0.0	0.14197	0.002	0.002	0.002	0.002	0.0	0.002	0.002	0.002	0.05216	0.02639	0.0	0.04228	0.04228	0.03554	0.002	0.11555	0.15368	0.002	0.002	0.002	0.002	0.002	0.002	0.002	0.002	0.002	0.04228	0.04228	
0.04106	0.07861	0.00238	0.04106	0.00238	0.00238	0.04106	0.04106	0.04106	0.04106	0.00238	0.00238	0.04106	0.11063	0.04106	0.0	0.0	0.0	0.0378	1.00404	0.00238	0.00238	0.45645	0.00238	0.00238	0.01631	0.0673	0.53451	0.0	0.3292	0.0	0.00238	0.29902	0.15391	0.04228	0.0	0.045	0.12887	0.05509	0.00238	0.4978	0.08235	0.49022	0.00238	0.00238	0.0	0.28476	0.44977	0.2927	0.0	0.30235	0.0	0.00238	0.00238	0.03279	0.04228	0.00238	0.399	0.0378	1.63435	0.0	0.12887	0.00238	0.00238	0.00238	0.00238	0.0	0.00238	0.00238	0.00238	0.61154	0.03279	0.0	1.00404	1.00404	0.045	0.00238	0.15391	0.20873	0.00238	0.00238	0.00238	0.00238	0.00238	0.00238	0.00238	0.00238	0.00238	1.00404	1.00404	
0.03446	0.04613	0.0002	0.03446	0.0002	0.0002	0.03446	0.03446	0.03446	0.03446	0.0002	0.0002	0.03446	0.35548	0.03446	0.0	0.0	0.0	0.03157	0.045	0.0002	0.0002	0.0606	0.0002	0.0002	0.00507	1.00441	0.31554	0.05641	0.30672	0.0	0.0002	0.07856	0.12696	0.03554	0.045	0.0	0.15707	0.04335	0.0002	0.0849	0.27549	0.09134	0.0002	0.0002	0.00975	0.14022	0.08493	0.28115	0.05641	0.16162	0.0	0.0002	0.0002	0.02739	0.03554	0.0002	0.35944	0.03157	0.33842	0.0	0.15707	0.0002	0.0002	0.0002	0.0002	0.0	0.0002	0.0002	0.0002	0.05657	0.02739	0.0	0.045	0.045	0.99961	0.0002	0.12696	0.00373	0.0002	0.0002	0.0002	0.0002	0.0002	0.0002	0.0002	0.0002	0.0002	0.045	0.045	
0.09436	0.20481	0.00037	0.09436	0.00037	0.00037	0.09436	0.09436	0.09436	0.09436	0.00037	0.00037	0.09436	0.23179	0.09436	0.0	0.0	0.0	0.12566	0.12887	0.00037	0.00037	0.0193	0.00037	0.00037	0.02453	0.30124	0.12259	0.01411	0.94183	0.0	0.00037	0.00204	0.04864	0.14197	0.12887	0.15707	0.0	0.13472	0.00037	0.08758	0.36644	0.27124	0.00037	0.00037	0.04053	1.04085	0.1161	1.00938	0.01411	0.3293	0.0	0.00037	0.00037	0.07215	0.14197	0.00037	0.26278	0.12566	1.07217	0.0	1.00023	0.00037	0.00037	0.00037	0.00037	0.0	0.00037	0.00037	0.00037	0.18348	0.07215	0.0	0.12887	0.12887	0.15707	0.00037	0.04864	0.01191	0.00037	0.00037	0.00037	0.00037	0.00037	0.00037	0.00037	0.00037	0.00037	0.12887	0.12887	
1.00213	0.47119	0.00256	1.00213	0.00256	0.00256	1.00213	1.00213	1.00213	1.00213	0.00256	0.00256	1.00213	0.4046	1.00213	0.0	0.0	0.0	0.03647	0.05509	0.00256	0.00256	0.075	0.00256	0.00256	0.00169	0.05993	0.08491	0.05343	1.62132	0.57545	0.00256	0.09922	0.18034	0.04345	0.05509	0.04335	0.13472	0.0	0.00256	0.10636	0.08329	0.1166	0.00256	0.00256	0.00525	0.31734	0.09807	0.30738	0.05343	1.11089	0.0	0.00256	0.00256	0.03054	0.04345	0.00256	0.1103	0.03647	0.36074	0.0	0.13472	0.00256	0.00256	0.00256	0.00256	0.0	0.00256	0.00256	0.00256	0.06689	0.03054	0.0	0.05509	0.05509	0.04335	0.00256	0.18034	0.13179	0.00256	0.00256	0.00256	0.00256	0.00256	0.00256	0.00256	0.00256	0.00256	0.05509	0.05509	
0.00146	0.00075	0.0	0.00146	0.0	0.0	0.00146	0.00146	0.00146	0.00146	0.0	0.0	0.00146	0.0016	0.00146	0.0	0.0	0.0	0.00023	0.00238	0.0	0.0	0.00295	0.0	0.0	0.0	0.00018	0.01631	0.0	0.01012	0.0	0.0	0.00368	0.00262	0.002	0.00238	0.0002	0.00037	0.00256	0.0	0.00145	0.0006	0.00199	0.0	0.0	0.0	0.00096	0.01398	0.00919	0.0	0.00937	0.0	0.0	0.0	0.00133	0.002	0.0	0.00194	0.00023	0.07326	0.0	0.00037	0.0	0.0	0.0	0.0	0.0	0.0	0.0	0.0	0.00165	0.00133	0.0	0.00238	0.00238	0.0002	0.0	0.00262	0.00295	0.0	0.0	0.0	0.0	0.0	0.0	0.0	0.0	0.0	0.00238	0.00238	
0.07491	0.18863	0.00145	0.07491	0.00145	0.00145	0.07491	0.07491	0.07491	0.07491	0.00145	0.00145	0.07491	0.17391	0.07491	0.0	0.0	0.0	0.06853	0.4978	0.00145	0.00145	0.3749	0.00145	0.00145	0.05567	0.11464	0.34745	0.57349	1.32812	0.33419	0.00145	0.40312	0.12434	0.21071	0.4978	0.0849	0.08758	0.10636	0.00145	0.0	0.07535	0.36629	0.00145	0.00145	0.3126	0.14994	1.56607	0.35754	0.57349	0.33571	0.0	0.00145	0.00145	0.145	0.21071	0.00145	0.49254	0.06853	2.38028	0.0	0.08758	0.00145	0.00145	0.00145	0.00145	0.0	0.00145	0.00145	0.00145	0.54588	0.145	0.0	0.4978	0.4978	0.0849	0.00145	0.12434	0.19927	0.00145	0.00145	0.00145	0.00145	0.00145	0.00145	0.00145	0.00145	0.00145	0.4978	0.4978	
0.06162	0.04144	0.0006	0.06162	0.0006	0.0006	0.06162	0.06162	0.06162	0.06162	0.0006	0.0006	0.06162	0.21081	0.06162	0.0	0.0	0.0	0.05661	0.08235	0.0006	0.0006	0.00267	0.0006	0.0006	0.06219	1.06153	0.29359	0.0277	0.59444	0.0	0.0006	0.01567	0.27566	0.24464	0.08235	0.27549	0.36644	0.08329	0.0006	0.07535	0.0	0.06753	0.0006	0.0006	0.02594	0.34133	0.06807	0.26498	0.0277	0.1467	0.0	0.0006	0.0006	0.04792	0.24464	0.0006	0.49969	0.05661	1.12742	0.0	0.36644	0.0006	0.0006	0.0006	0.0006	0.0	0.0006	0.0006	0.0006	0.11113	0.04792	0.0	0.08235	0.08235	0.27549	0.0006	0.27566	0.0776	0.0006	0.0006	0.0006	0.0006	0.0006	0.0006	0.0006	0.0006	0.0006	0.08235	0.08235	
0.08048	0.11434	0.00199	0.08048	0.00199	0.00199	0.08048	0.08048	0.08048	0.08048	0.00199	0.00199	0.08048	0.43976	0.08048	0.0	0.0	0.0	0.16438	0.49022	0.00199	0.00199	0.36107	0.00199	0.00199	0.04169	0.11157	0.31848	0.48383	0.9749	0.0	0.00199	0.37571	0.11566	0.18901	0.49022	0.09134	0.27124	0.1166	0.00199	0.36629	0.06753	0.0	0.00199	0.00199	0.30373	0.45643	0.30925	0.43309	0.48383	0.33462	0.0	0.00199	0.00199	0.06104	0.18901	0.00199	0.47735	0.16438	2.33929	0.0	0.27124	0.00199	0.00199	0.00199	0.00199	0.0	0.00199	0.00199	0.00199	0.42785	0.06104	0.0	0.49022	0.49022	0.09134	0.00199	0.11566	0.1846	0.00199	0.00199	0.00199	0.00199	0.00199	0.00199	0.00199	0.00199	0.00199	0.49022	0.49022	
0.00146	0.00075	0.0	0.00146	0.0	0.0	0.00146	0.00146	0.00146	0.00146	0.0	0.0	0.00146	0.0016	0.00146	0.0	0.0	0.0	0.00023	0.00238	0.0	0.0	0.00295	0.0	0.0	0.0	0.00018	0.01631	0.0	0.01012	0.0	0.0	0.00368	0.00262	0.002	0.00238	0.0002	0.00037	0.00256	0.0	0.00145	0.0006	0.00199	0.0	0.0	0.0	0.00096	0.01398	0.00919	0.0	0.00937	0.0	0.0	0.0	0.00133	0.002	0.0	0.00194	0.00023	0.07326	0.0	0.00037	0.0	0.0	0.0	0.0	0.0	0.0	0.0	0.0	0.00165	0.00133	0.0	0.00238	0.00238	0.0002	0.0	0.00262	0.00295	0.0	0.0	0.0	0.0	0.0	0.0	0.0	0.0	0.0	0.00238	0.00238	
0.00146	0.00075	0.0	0.00146	0.0	0.0	0.00146	0.00146	0.00146	0.00146	0.0	0.0	0.00146	0.0016	0.00146	0.0	0.0	0.0	0.00023	0.00238	0.0	0.0	0.00295	0.0	0.0	0.0	0.00018	0.01631	0.0	0.01012	0.0	0.0	0.00368	0.00262	0.002	0.00238	0.0002	0.00037	0.00256	0.0	0.00145	0.0006	0.00199	0.0	0.0	0.0	0.00096	0.01398	0.00919	0.0	0.00937	0.0	0.0	0.0	0.00133	0.002	0.0	0.00194	0.00023	0.07326	0.0	0.00037	0.0	0.0	0.0	0.0	0.0	0.0	0.0	0.0	0.00165	0.00133	0.0	0.00238	0.00238	0.0002	0.0	0.00262	0.00295	0.0	0.0	0.0	0.0	0.0	0.0	0.0	0.0	0.0	0.00238	0.00238	
0.00443	0.01142	0.0	0.00443	0.0	0.0	0.00443	0.00443	0.00443	0.00443	0.0	0.0	0.00443	0.01473	0.00443	0.0	0.0	0.0	0.00858	0.0	0.0	0.0	0.25108	0.0	0.0	0.0	0.0185	0.01631	0.0	0.01012	0.0	0.0	0.08805	0.02483	0.0203	0.0	0.00975	0.04053	0.00525	0.0	0.3126	0.02594	0.30373	0.0	0.0	0.0	0.00096	0.01398	0.00919	0.0	0.00937	0.0	0.0	0.0	0.00385	0.0203	0.0	0.21033	0.00858	0.0	0.0	0.04053	0.0	0.0	0.0	0.0	0.0	0.0	0.0	0.0	0.49495	0.00385	0.0	0.0	0.0	0.00975	0.0	0.02483	0.0435	0.0	0.0	0.0	0.0	0.0	0.0	0.0	0.0	0.0	0.0	0.0	
0.17281	0.2297	0.00096	0.17281	0.00096	0.00096	0.17281	0.17281	0.17281	0.17281	0.00096	0.00096	0.17281	0.52347	0.17281	0.0	0.0	0.0	0.11225	0.28476	0.00096	0.00096	0.1454	0.00096	0.00096	0.02081	0.2769	0.13692	0.03398	1.26248	0.0	0.00096	0.16232	0.3406	0.13117	0.28476	0.14022	1.04085	0.31734	0.00096	0.14994	0.34133	0.45643	0.00096	0.00096	0.00096	0.0	0.12945	1.02924	0.03398	0.34266	0.0	0.00096	0.00096	0.12809	0.13117	0.00096	0.40944	0.11225	0.0	0.0	1.04085	0.00096	0.00096	0.00096	0.00096	0.0	0.00096	0.00096	0.00096	0.32989	0.12809	0.0	0.28476	0.28476	0.14022	0.00096	0.3406	0.22683	0.00096	0.00096	0.00096	0.00096	0.00096	0.00096	0.00096	0.00096	0.00096	0.28476	0.28476	
0.07043	0.1608	0.01398	0.07043	0.01398	0.01398	0.07043	0.07043	0.07043	0.07043	0.01398	0.01398	0.07043	0.22389	0.07043	0.0	0.0	0.0	0.07102	0.44977	0.01398	0.01398	0.64028	0.01398	0.01398	0.01398	0.07213	0.04552	0.03421	1.10168	0.10775	0.01398	0.84858	0.17645	0.33649	0.44977	0.08493	0.1161	0.09807	0.01398	1.56607	0.06807	0.30925	0.01398	0.01398	0.01398	0.12945	0.0	0.12164	0.03421	0.0998	0.0	0.01398	0.01398	1.0354	0.33649	0.01398	0.45207	0.07102	1.02671	0.0	0.1161	0.01398	0.01398	0.01398	0.01398	0.0	0.01398	0.01398	0.01398	1.45335	1.0354	0.0	0.44977	0.44977	0.08493	0.01398	0.17645	0.26211	0.01398	0.01398	0.01398	0.01398	0.01398	0.01398	0.01398	0.01398	0.01398	0.44977	0.44977	
0.16721	0.36939	0.00919	0.16721	0.00919	0.00919	0.16721	0.16721	0.16721	0.16721	0.00919	0.00919	0.16721	0.60433	0.16721	0.0	0.0	0.0	0.21619	0.2927	0.00919	0.00919	0.41663	0.00919	0.00919	0.00919	0.26888	0.12854	0.02235	0.97128	0.0	0.00919	0.55215	0.36889	0.219	0.2927	0.28115	1.00938	0.30738	0.00919	0.35754	0.26498	0.43309	0.00919	0.00919	0.00919	1.02924	0.12164	0.0	0.02235	0.33484	0.0	0.00919	0.00919	0.1254	0.219	0.00919	0.63312	0.21619	0.97667	0.0	1.00938	0.00919	0.00919	0.00919	0.00919	0.0	0.00919	0.00919	0.00919	0.30823	0.1254	0.0	0.2927	0.2927	0.28115	0.00919	0.36889	0.31008	0.00919	0.00919	0.00919	0.00919	0.00919	0.00919	0.00919	0.00919	0.00919	0.2927	0.2927	
0.04407	0.06703	0.0	0.04407	0.0	0.0	0.04407	0.04407	0.04407	0.04407	0.0	0.0	0.04407	0.1033	0.04407	0.0	0.0	0.0	0.05283	0.0	0.0	0.0	0.0	0.0	0.0	0.0	0.03462	0.04037	0.0	0.02477	0.0	0.0	0.0	0.21224	0.0	0.0	0.05641	0.01411	0.05343	0.0	0.57349	0.0277	0.48383	0.0	0.0	0.0	0.03398	0.03421	0.02235	0.0	0.02297	0.0	0.0	0.0	0.04282	0.0	0.0	0.68153	0.05283	1.37229	0.0	0.01411	0.0	0.0	0.0	0.0	0.0	0.0	0.0	0.0	0.46077	0.04282	0.0	0.0	0.0	0.05641	0.0	0.21224	0.50039	0.0	0.0	0.0	0.0	0.0	0.0	0.0	0.0	0.0	0.0	0.0	
0.30553	0.322	0.00937	0.30553	0.00937	0.00937	0.30553	0.30553	0.30553	0.30553	0.00937	0.00937	0.30553	0.36066	0.30553	0.0	0.0	0.0	0.12941	0.30235	0.00937	0.00937	0.43043	0.00937	0.00937	0.00937	0.1503	0.08005	0.02297	1.33695	0.34302	0.00937	0.57047	0.24259	0.22619	0.30235	0.16162	0.3293	1.11089	0.00937	0.33571	0.1467	0.33462	0.00937	0.00937	0.00937	0.34266	0.0998	0.33484	0.02297	0.0	0.0	0.00937	0.00937	0.10357	0.22619	0.00937	0.48643	0.12941	0.9798	0.0	0.3293	0.00937	0.00937	0.00937	0.00937	0.0	0.00937	0.00937	0.00937	0.2864	0.10357	0.0	0.30235	0.30235	0.16162	0.00937	0.24259	0.25748	0.00937	0.00937	0.00937	0.00937	0.00937	0.00937	0.00937	0.00937	0.00937	0.30235	0.30235	
0.0	0.0	0.0	0.0	0.0	0.0	0.0	0.0	0.0	0.0	0.0	0.0	0.0	0.0	0.0	0.0	0.0	0.0	0.0	0.0	0.0	0.0	0.0	0.0	0.0	0.0	0.0	0.0	0.0	0.0	0.0	0.0	0.0	0.0	0.0	0.0	0.0	0.0	0.0	0.0	0.0	0.0	0.0	0.0	0.0	0.0	0.0	0.0	0.0	0.0	0.0	0.0	0.0	0.0	0.0	0.0	0.0	0.0	0.0	0.0	0.0	0.0	0.0	0.0	0.0	0.0	0.0	0.0	0.0	0.0	0.0	0.0	0.0	0.0	0.0	0.0	0.0	0.0	0.0	0.0	0.0	0.0	0.0	0.0	0.0	0.0	0.0	0.0	0.0	0.0	
0.00146	0.00075	0.0	0.00146	0.0	0.0	0.00146	0.00146	0.00146	0.00146	0.0	0.0	0.00146	0.0016	0.00146	0.0	0.0	0.0	0.00023	0.00238	0.0	0.0	0.00295	0.0	0.0	0.0	0.00018	0.01631	0.0	0.01012	0.0	0.0	0.00368	0.00262	0.002	0.00238	0.0002	0.00037	0.00256	0.0	0.00145	0.0006	0.00199	0.0	0.0	0.0	0.00096	0.01398	0.00919	0.0	0.00937	0.0	0.0	0.0	0.00133	0.002	0.0	0.00194	0.00023	0.07326	0.0	0.00037	0.0	0.0	0.0	0.0	0.0	0.0	0.0	0.0	0.00165	0.00133	0.0	0.00238	0.00238	0.0002	0.0	0.00262	0.00295	0.0	0.0	0.0	0.0	0.0	0.0	0.0	0.0	0.0	0.00238	0.00238	
0.00146	0.00075	0.0	0.00146	0.0	0.0	0.00146	0.00146	0.00146	0.00146	0.0	0.0	0.00146	0.0016	0.00146	0.0	0.0	0.0	0.00023	0.00238	0.0	0.0	0.00295	0.0	0.0	0.0	0.00018	0.01631	0.0	0.01012	0.0	0.0	0.00368	0.00262	0.002	0.00238	0.0002	0.00037	0.00256	0.0	0.00145	0.0006	0.00199	0.0	0.0	0.0	0.00096	0.01398	0.00919	0.0	0.00937	0.0	0.0	0.0	0.00133	0.002	0.0	0.00194	0.00023	0.07326	0.0	0.00037	0.0	0.0	0.0	0.0	0.0	0.0	0.0	0.0	0.00165	0.00133	0.0	0.00238	0.00238	0.0002	0.0	0.00262	0.00295	0.0	0.0	0.0	0.0	0.0	0.0	0.0	0.0	0.0	0.00238	0.00238	
0.02555	0.04437	0.00133	0.02555	0.00133	0.00133	0.02555	0.02555	0.02555	0.02555	0.00133	0.00133	0.02555	0.13836	0.02555	0.0	0.0	0.0	0.02334	0.03279	0.00133	0.00133	0.04321	0.00133	0.00133	0.00148	0.0354	0.05035	0.04282	1.20561	0.21168	0.00133	0.05511	0.08987	0.02639	0.03279	0.02739	0.07215	0.03054	0.00133	0.145	0.04792	0.06104	0.00133	0.00133	0.00385	0.12809	1.0354	0.1254	0.04282	0.10357	0.0	0.00133	0.00133	0.0	0.02639	0.00133	0.05722	0.02334	0.2549	0.0	0.07215	0.00133	0.00133	0.00133	0.00133	0.0	0.00133	0.00133	0.00133	0.42411	1.00162	0.0	0.03279	0.03279	0.02739	0.00133	0.08987	0.06997	0.00133	0.00133	0.00133	0.00133	0.00133	0.00133	0.00133	0.00133	0.00133	0.03279	0.03279	
0.03275	0.05969	0.002	0.03275	0.002	0.002	0.03275	0.03275	0.03275	0.03275	0.002	0.002	0.03275	0.08172	0.03275	0.0	0.0	0.0	0.03008	0.04228	0.002	0.002	0.02416	0.002	0.002	0.0	0.29519	0.39981	0.0	0.24623	0.0	0.002	0.21347	0.11555	1.00314	0.04228	0.03554	0.14197	0.04345	0.002	0.21071	0.24464	0.18901	0.002	0.002	0.0203	0.13117	0.33649	0.219	0.0	0.22619	0.0	0.002	0.002	0.02639	0.0	0.002	0.33874	0.03008	1.45636	0.0	0.14197	0.002	0.002	0.002	0.002	0.0	0.002	0.002	0.002	0.05216	0.02639	0.0	0.04228	0.04228	0.03554	0.002	0.11555	0.15368	0.002	0.002	0.002	0.002	0.002	0.002	0.002	0.002	0.002	0.04228	0.04228	
0.00146	0.00075	0.0	0.00146	0.0	0.0	0.00146	0.00146	0.00146	0.00146	0.0	0.0	0.00146	0.0016	0.00146	0.0	0.0	0.0	0.00023	0.00238	0.0	0.0	0.00295	0.0	0.0	0.0	0.00018	0.01631	0.0	0.01012	0.0	0.0	0.00368	0.00262	0.002	0.00238	0.0002	0.00037	0.00256	0.0	0.00145	0.0006	0.00199	0.0	0.0	0.0	0.00096	0.01398	0.00919	0.0	0.00937	0.0	0.0	0.0	0.00133	0.002	0.0	0.00194	0.00023	0.07326	0.0	0.00037	0.0	0.0	0.0	0.0	0.0	0.0	0.0	0.0	0.00165	0.00133	0.0	0.00238	0.00238	0.0002	0.0	0.00262	0.00295	0.0	0.0	0.0	0.0	0.0	0.0	0.0	0.0	0.0	0.00238	0.00238	
0.07599	0.13444	0.00194	0.07599	0.00194	0.00194	0.07599	0.07599	0.07599	0.07599	0.00194	0.00194	0.07599	0.41408	0.07599	0.0	0.0	0.0	0.06938	0.399	0.00194	0.00194	0.35871	0.00194	0.00194	0.15072	0.65436	0.79356	0.68153	1.07237	0.0	0.00194	0.51958	0.55887	0.33874	0.399	0.35944	0.26278	0.1103	0.00194	0.49254	0.49969	0.47735	0.00194	0.00194	0.21033	0.40944	0.45207	0.63312	0.68153	0.48643	0.0	0.00194	0.00194	0.05722	0.33874	0.00194	0.0	0.06938	2.77402	0.0	0.26278	0.00194	0.00194	0.00194	0.00194	0.0	0.00194	0.00194	0.00194	0.36916	0.05722	0.0	0.399	0.399	0.35944	0.00194	0.55887	0.42088	0.00194	0.00194	0.00194	0.00194	0.00194	0.00194	0.00194	0.00194	0.00194	0.399	0.399	
0.02913	0.23999	0.00023	0.02913	0.00023	0.00023	0.02913	0.02913	0.02913	0.02913	0.00023	0.00023	0.02913	0.07222	0.02913	0.0	0.0	0.0	0.99954	0.0378	0.00023	0.00023	0.05043	0.00023	0.00023	0.0045	0.04326	0.06327	0.05283	0.24491	0.0	0.00023	0.06488	0.10801	0.03008	0.0378	0.03157	0.12566	0.03647	0.00023	0.06853	0.05661	0.16438	0.00023	0.00023	0.00858	0.11225	0.07102	0.21619	0.05283	0.12941	0.0	0.00023	0.00023	0.02334	0.03008	0.00023	0.06938	0.0	0.28317	0.0	0.12566	0.00023	0.00023	0.00023	0.00023	0.0	0.00023	0.00023	0.00023	0.04646	0.02334	0.0	0.0378	0.0378	0.03157	0.00023	0.10801	0.0833	0.00023	0.00023	0.00023	0.00023	0.00023	0.00023	0.00023	0.00023	0.00023	0.0378	0.0378	
0.3202	0.75393	0.07326	0.3202	0.07326	0.07326	0.3202	0.3202	0.3202	0.3202	0.07326	0.07326	0.3202	1.25307	0.3202	0.0	0.0	0.0	0.28317	1.63435	0.07326	0.07326	0.93214	0.07326	0.07326	0.0	0.0	1.05035	1.37229	0.99029	1.37181	0.07326	1.77532	1.15174	1.45636	1.63435	0.33842	1.07217	0.36074	0.07326	2.38028	1.12742	2.33929	0.07326	0.07326	0.0	0.0	1.02671	0.97667	1.37229	0.9798	0.0	0.07326	0.07326	0.2549	1.45636	0.07326	2.77402	0.28317	0.0	0.0	1.07217	0.07326	0.07326	0.07326	0.07326	0.0	0.07326	0.07326	0.07326	1.73077	0.2549	0.0	1.63435	1.63435	0.33842	0.07326	1.15174	1.43052	0.07326	0.07326	0.07326	0.07326	0.07326	0.07326	0.07326	0.07326	0.07326	1.63435	1.63435	
0.0	0.0	0.0	0.0	0.0	0.0	0.0	0.0	0.0	0.0	0.0	0.0	0.0	0.0	0.0	0.0	0.0	0.0	0.0	0.0	0.0	0.0	0.0	0.0	0.0	0.0	0.0	0.0	0.0	0.0	0.0	0.0	0.0	0.0	0.0	0.0	0.0	0.0	0.0	0.0	0.0	0.0	0.0	0.0	0.0	0.0	0.0	0.0	0.0	0.0	0.0	0.0	0.0	0.0	0.0	0.0	0.0	0.0	0.0	0.0	0.0	0.0	0.0	0.0	0.0	0.0	0.0	0.0	0.0	0.0	0.0	0.0	0.0	0.0	0.0	0.0	0.0	0.0	0.0	0.0	0.0	0.0	0.0	0.0	0.0	0.0	0.0	0.0	0.0	0.0	
0.09436	0.20481	0.00037	0.09436	0.00037	0.00037	0.09436	0.09436	0.09436	0.09436	0.00037	0.00037	0.09436	0.23179	0.09436	0.0	0.0	0.0	0.12566	0.12887	0.00037	0.00037	0.0193	0.00037	0.00037	0.02453	0.30124	0.12259	0.01411	0.94183	0.0	0.00037	0.00204	0.04864	0.14197	0.12887	0.15707	1.00023	0.13472	0.00037	0.08758	0.36644	0.27124	0.00037	0.00037	0.04053	1.04085	0.1161	1.00938	0.01411	0.3293	0.0	0.00037	0.00037	0.07215	0.14197	0.00037	0.26278	0.12566	1.07217	0.0	0.0	0.00037	0.00037	0.00037	0.00037	0.0	0.00037	0.00037	0.00037	0.18348	0.07215	0.0	0.12887	0.12887	0.15707	0.00037	0.04864	0.01191	0.00037	0.00037	0.00037	0.00037	0.00037	0.00037	0.00037	0.00037	0.00037	0.12887	0.12887	
0.00146	0.00075	0.0	0.00146	0.0	0.0	0.00146	0.00146	0.00146	0.00146	0.0	0.0	0.00146	0.0016	0.00146	0.0	0.0	0.0	0.00023	0.00238	0.0	0.0	0.00295	0.0	0.0	0.0	0.00018	0.01631	0.0	0.01012	0.0	0.0	0.00368	0.00262	0.002	0.00238	0.0002	0.00037	0.00256	0.0	0.00145	0.0006	0.00199	0.0	0.0	0.0	0.00096	0.01398	0.00919	0.0	0.00937	0.0	0.0	0.0	0.00133	0.002	0.0	0.00194	0.00023	0.07326	0.0	0.00037	0.0	0.0	0.0	0.0	0.0	0.0	0.0	0.0	0.00165	0.00133	0.0	0.00238	0.00238	0.0002	0.0	0.00262	0.00295	0.0	0.0	0.0	0.0	0.0	0.0	0.0	0.0	0.0	0.00238	0.00238	
0.00146	0.00075	0.0	0.00146	0.0	0.0	0.00146	0.00146	0.00146	0.00146	0.0	0.0	0.00146	0.0016	0.00146	0.0	0.0	0.0	0.00023	0.00238	0.0	0.0	0.00295	0.0	0.0	0.0	0.00018	0.01631	0.0	0.01012	0.0	0.0	0.00368	0.00262	0.002	0.00238	0.0002	0.00037	0.00256	0.0	0.00145	0.0006	0.00199	0.0	0.0	0.0	0.00096	0.01398	0.00919	0.0	0.00937	0.0	0.0	0.0	0.00133	0.002	0.0	0.00194	0.00023	0.07326	0.0	0.00037	0.0	0.0	0.0	0.0	0.0	0.0	0.0	0.0	0.00165	0.00133	0.0	0.00238	0.00238	0.0002	0.0	0.00262	0.00295	0.0	0.0	0.0	0.0	0.0	0.0	0.0	0.0	0.0	0.00238	0.00238	
0.00146	0.00075	0.0	0.00146	0.0	0.0	0.00146	0.00146	0.00146	0.00146	0.0	0.0	0.00146	0.0016	0.00146	0.0	0.0	0.0	0.00023	0.00238	0.0	0.0	0.00295	0.0	0.0	0.0	0.00018	0.01631	0.0	0.01012	0.0	0.0	0.00368	0.00262	0.002	0.00238	0.0002	0.00037	0.00256	0.0	0.00145	0.0006	0.00199	0.0	0.0	0.0	0.00096	0.01398	0.00919	0.0	0.00937	0.0	0.0	0.0	0.00133	0.002	0.0	0.00194	0.00023	0.07326	0.0	0.00037	0.0	0.0	0.0	0.0	0.0	0.0	0.0	0.0	0.00165	0.00133	0.0	0.00238	0.00238	0.0002	0.0	0.00262	0.00295	0.0	0.0	0.0	0.0	0.0	0.0	0.0	0.0	0.0	0.00238	0.00238	
0.00146	0.00075	0.0	0.00146	0.0	0.0	0.00146	0.00146	0.00146	0.00146	0.0	0.0	0.00146	0.0016	0.00146	0.0	0.0	0.0	0.00023	0.00238	0.0	0.0	0.00295	0.0	0.0	0.0	0.00018	0.01631	0.0	0.01012	0.0	0.0	0.00368	0.00262	0.002	0.00238	0.0002	0.00037	0.00256	0.0	0.00145	0.0006	0.00199	0.0	0.0	0.0	0.00096	0.01398	0.00919	0.0	0.00937	0.0	0.0	0.0	0.00133	0.002	0.0	0.00194	0.00023	0.07326	0.0	0.00037	0.0	0.0	0.0	0.0	0.0	0.0	0.0	0.0	0.00165	0.00133	0.0	0.00238	0.00238	0.0002	0.0	0.00262	0.00295	0.0	0.0	0.0	0.0	0.0	0.0	0.0	0.0	0.0	0.00238	0.00238	
0.0	0.0	0.0	0.0	0.0	0.0	0.0	0.0	0.0	0.0	0.0	0.0	0.0	0.0	0.0	0.0	0.0	0.0	0.0	0.0	0.0	0.0	0.0	0.0	0.0	0.0	0.0	0.0	0.0	0.0	0.0	0.0	0.0	0.0	0.0	0.0	0.0	0.0	0.0	0.0	0.0	0.0	0.0	0.0	0.0	0.0	0.0	0.0	0.0	0.0	0.0	0.0	0.0	0.0	0.0	0.0	0.0	0.0	0.0	0.0	0.0	0.0	0.0	0.0	0.0	0.0	0.0	0.0	0.0	0.0	0.0	0.0	0.0	0.0	0.0	0.0	0.0	0.0	0.0	0.0	0.0	0.0	0.0	0.0	0.0	0.0	0.0	0.0	0.0	0.0	
