0.0	0.07556	0.04385	0.02462	0.0314	0.0	0.02886	0.0	0.01426	0.07353	0.06419	0.08915	0.0403	0.0985	0.04769	0.04786	1e-05	1e-05	1e-05	1e-05	1e-05	1e-05	1e-05	1e-05	0.01284	0.02358	1e-05	1e-05	1e-05	1e-05	1e-05	1e-05	1e-05	0.03593	1e-05	1e-05	1e-05	1e-05	0.01737	0.03143	0.06365	0.03884	0.0	0.0	0.0	0.0	0.02798	0.1153	0.0	0.03085	0.07937	0.04547	0.05381	0.05136	0.05341	0.01954	0.05781	0.07145	0.0	0.0	0.0	0.0	0.0	0.07391	0.12701	0.0108	1e-05	1e-05	0.03992	0.03361	0.06104	0.0	1e-05	0.01921	0.01632	1e-05	0.04341	0.02868	0.0264	0.08196	0.09218	0.02874	0.04585	0.04629	0.03307	0.04485	0.04809	0.0	0.03129	0.07336	0.10324	0.05185	0.09399	0.12723	0.06482	0.06068	0.02908	0.0	0.05143	0.0	0.04163	0.04093	0.05416	0.05605	
0.07556	0.0	0.03869	0.11883	0.06969	0.0	0.10741	0.0	0.12874	0.11709	0.0637	0.12106	0.10545	0.03485	0.1574	0.08797	1e-05	1e-05	1e-05	1e-05	1e-05	1e-05	1e-05	1e-05	0.00529	0.0165	1e-05	1e-05	1e-05	1e-05	1e-05	1e-05	1e-05	0.13013	1e-05	1e-05	1e-05	1e-05	0.03719	0.17505	0.13936	0.1654	0.0	0.0	0.0	0.0	0.10476	0.09076	0.0	0.08358	0.0785	0.08079	0.03123	0.06361	0.17007	0.07107	0.05575	0.09234	0.0	0.0	0.0	0.0	0.0	0.16127	0.04213	0.00399	1e-05	1e-05	0.01533	0.12251	0.12207	0.0	1e-05	0.02501	0.0067	1e-05	0.06593	0.02218	0.03131	0.18401	0.06042	0.01742	0.05614	0.0866	0.02066	0.06392	0.0418	0.0	0.0785	0.14966	0.06667	0.08995	0.12274	0.05256	0.11704	0.13283	0.12124	0.0	0.09646	0.0	0.12764	0.04905	0.38024	0.07682	
0.04385	0.03869	0.0	0.06511	0.06193	0.0	0.08398	0.0	0.03878	0.05757	0.11894	0.00965	0.17874	0.0864	0.03625	0.08029	0.0	0.0	0.0	0.0	0.0	0.0	0.0	0.0	0.01036	0.03411	0.0	0.0	0.0	0.0	0.0	0.0	0.0	0.03659	0.0	0.0	0.0	0.0	0.01242	0.0223	0.02801	0.03184	0.0	0.0	0.0	0.0	0.1205	0.06627	0.0	0.08086	0.08556	0.06329	0.03567	0.06161	0.04432	0.05458	0.06933	0.06491	0.0	0.0	0.0	0.0	0.0	0.07759	0.16769	0.00775	0.0	0.0	0.01942	0.08117	0.09324	0.0	0.0	0.04876	0.01888	0.0	0.09459	0.00864	0.07264	0.07023	0.08785	0.09398	0.11145	0.02882	0.09638	0.01182	0.10988	0.0	0.09625	0.03003	0.0598	0.16635	0.00833	0.0673	0.06149	0.04932	0.08078	0.0	0.07983	0.0	0.05888	0.48166	0.03228	0.0278	
0.02462	0.11883	0.06511	0.0	0.13755	0.0	0.10759	0.0	0.05391	0.08583	0.0786	0.0555	0.07005	0.09514	0.06235	0.16915	0.0	0.0	0.0	0.0	0.0	0.0	0.0	0.0	0.00653	0.02066	0.0	0.0	0.0	0.0	0.0	0.0	0.0	0.01566	0.0	0.0	0.0	0.0	0.0078	0.05732	0.12423	0.08456	0.0	0.0	0.0	0.0	0.10519	0.12053	0.0	0.05002	0.0581	0.07447	0.01266	0.0615	0.07147	0.05077	0.1249	0.06048	0.0	0.0	0.0	0.0	0.0	0.09714	0.032	0.0049	0.0	0.0	0.02293	0.15005	0.04455	0.0	0.0	0.02332	0.00831	0.0	0.04538	0.02858	0.08219	0.15632	0.14866	0.14104	0.13694	0.16621	0.13425	0.05553	0.12393	0.0	0.05033	0.07286	0.0895	0.0702	0.06645	0.05736	0.0512	0.03021	0.07917	0.0	0.0902	0.0	0.45546	0.03903	0.12847	0.06174	
0.0314	0.06969	0.06193	0.13755	0.0	0.0	0.06369	0.0	0.13588	0.08776	0.07653	0.04836	0.05103	0.04448	0.06285	0.12016	1e-05	1e-05	1e-05	1e-05	1e-05	1e-05	1e-05	1e-05	0.01522	0.05022	1e-05	1e-05	1e-05	1e-05	1e-05	1e-05	1e-05	0.02013	1e-05	1e-05	1e-05	1e-05	0.01824	0.0177	0.05451	0.12138	0.0	0.0	0.0	0.0	0.06448	0.11158	0.0	0.07971	0.04653	0.07218	0.05079	0.12473	0.05889	0.0497	0.06634	0.11692	0.0	0.0	0.0	0.0	0.0	0.08609	0.01245	0.01138	1e-05	1e-05	0.04439	0.14222	0.02957	0.0	1e-05	0.06742	0.04569	1e-05	0.11186	0.02038	0.04446	0.14088	0.12704	0.05161	0.07489	0.06087	0.05415	0.09446	0.10318	0.0	0.08743	0.03018	0.04309	0.08197	0.06114	0.06406	0.09136	0.13833	0.06305	0.0	0.31096	0.0	0.09192	0.06824	0.09588	0.02504	
0.0	0.0	0.0	0.0	0.0	0.0	0.0	0.0	0.0	0.0	0.0	0.0	0.0	0.0	0.0	0.0	0.0	0.0	0.0	0.0	0.0	0.0	0.0	0.0	0.0	0.0	0.0	0.0	0.0	0.0	0.0	0.0	0.0	0.0	0.0	0.0	0.0	0.0	0.0	0.0	0.0	0.0	0.0	0.0	0.0	0.0	0.0	0.0	0.0	0.0	0.0	0.0	0.0	0.0	0.0	0.0	0.0	0.0	0.0	0.0	0.0	0.0	0.0	0.0	0.0	0.0	0.0	0.0	0.0	0.0	0.0	0.0	0.0	0.0	0.0	0.0	0.0	0.0	0.0	0.0	0.0	0.0	0.0	0.0	0.0	0.0	0.0	0.0	0.0	0.0	0.0	0.0	0.0	0.0	0.0	0.0	0.0	0.0	0.0	0.0	0.0	0.0	0.0	0.0	
0.02886	0.10741	0.08398	0.10759	0.06369	0.0	0.0	0.0	0.0546	0.05575	0.06153	0.00726	0.07396	0.06979	0.0413	0.11327	1e-05	1e-05	1e-05	1e-05	1e-05	1e-05	1e-05	1e-05	0.02193	0.05059	1e-05	1e-05	1e-05	1e-05	1e-05	1e-05	1e-05	0.02696	1e-05	1e-05	1e-05	1e-05	0.02254	0.02363	0.03933	0.0391	0.0	0.0	0.0	0.0	0.0737	0.06354	0.0	0.06793	0.03759	0.01765	0.03178	0.03714	0.05204	0.05604	0.03812	0.05131	0.0	0.0	0.0	0.0	0.0	0.06058	0.05409	0.00975	1e-05	1e-05	0.03323	0.08733	0.08781	0.0	1e-05	0.06054	0.0167	1e-05	0.04536	0.023	0.11252	0.08849	0.09715	0.01609	0.07009	0.05552	0.02708	0.0174	0.02777	0.0	0.10267	0.04213	0.03861	0.0621	0.00614	0.02885	0.05122	0.04571	0.23802	0.0	0.06372	0.0	0.07666	0.08007	0.05557	0.09181	
0.0	0.0	0.0	0.0	0.0	0.0	0.0	0.0	0.0	0.0	0.0	0.0	0.0	0.0	0.0	0.0	0.0	0.0	0.0	0.0	0.0	0.0	0.0	0.0	0.0	0.0	0.0	0.0	0.0	0.0	0.0	0.0	0.0	0.0	0.0	0.0	0.0	0.0	0.0	0.0	0.0	0.0	0.0	0.0	0.0	0.0	0.0	0.0	0.0	0.0	0.0	0.0	0.0	0.0	0.0	0.0	0.0	0.0	0.0	0.0	0.0	0.0	0.0	0.0	0.0	0.0	0.0	0.0	0.0	0.0	0.0	0.0	0.0	0.0	0.0	0.0	0.0	0.0	0.0	0.0	0.0	0.0	0.0	0.0	0.0	0.0	0.0	0.0	0.0	0.0	0.0	0.0	0.0	0.0	0.0	0.0	0.0	0.0	0.0	0.0	0.0	0.0	0.0	0.0	
0.01426	0.12874	0.03878	0.05391	0.13588	0.0	0.0546	0.0	0.0	0.04383	0.0828	0.01893	0.04818	0.08487	0.02537	0.11025	0.0	0.0	0.0	0.0	0.0	0.0	0.0	0.0	0.00595	0.01877	0.0	0.0	0.0	0.0	0.0	0.0	0.0	0.08206	0.0	0.0	0.0	0.0	0.00711	0.01255	0.07384	0.0869	0.0	0.0	0.0	0.0	0.07823	0.06354	0.0	0.04598	0.07058	0.10588	0.07902	0.0445	0.06536	0.11852	0.05283	0.10227	0.0	0.0	0.0	0.0	0.0	0.11583	0.03886	0.00447	0.0	0.0	0.01769	0.24878	0.0799	0.0	0.0	0.05202	0.03594	0.0	0.11654	0.02594	0.08693	0.16156	0.13036	0.06333	0.09497	0.07212	0.0688	0.11623	0.06247	0.0	0.16577	0.03929	0.07149	0.08211	0.02656	0.08103	0.08069	0.32319	0.05596	0.0	0.15305	0.0	0.08276	0.05538	0.10703	0.0741	
0.07353	0.11709	0.05757	0.08583	0.08776	0.0	0.05575	0.0	0.04383	0.0	0.10713	0.02824	0.13601	0.12136	0.09243	0.14001	1e-05	1e-05	1e-05	1e-05	1e-05	1e-05	1e-05	1e-05	0.01531	0.01761	1e-05	1e-05	1e-05	1e-05	1e-05	1e-05	1e-05	0.02054	1e-05	1e-05	1e-05	1e-05	0.01831	0.01809	0.12437	0.06757	0.0	0.0	0.0	0.0	0.07926	0.05159	0.0	0.0548	0.04049	0.10977	0.07504	0.0903	0.09296	0.05183	0.09052	0.16133	0.0	0.0	0.0	0.0	0.0	0.08202	0.01879	0.01148	1e-05	1e-05	0.00393	0.10939	0.02313	0.0	1e-05	0.01917	0.01091	1e-05	0.10403	0.11345	0.05495	0.08573	0.04398	0.03493	0.08262	0.09508	0.03354	0.01057	0.03159	0.0	0.0236	0.05001	0.11104	0.09871	0.0367	0.14235	0.2854	0.08078	0.06641	0.0	0.03413	0.0	0.0901	0.08542	0.117	0.07443	
0.06419	0.0637	0.11894	0.0786	0.07653	0.0	0.06153	0.0	0.0828	0.10713	0.0	0.09396	0.12423	0.11199	0.04333	0.20528	2e-05	2e-05	2e-05	2e-05	2e-05	2e-05	2e-05	2e-05	0.01608	0.02647	2e-05	2e-05	2e-05	2e-05	2e-05	2e-05	2e-05	0.02367	2e-05	2e-05	2e-05	2e-05	0.0193	0.02077	0.0909	0.05071	0.0	0.0	0.0	0.0	0.13615	0.09138	0.0	0.10667	0.03969	0.07607	0.06329	0.06516	0.05782	0.04783	0.0714	0.14015	0.0	0.0	0.0	0.0	0.0	0.14515	0.01936	0.012	2e-05	2e-05	0.02606	0.08637	0.04935	0.0	2e-05	0.02674	0.01237	2e-05	0.10349	0.00581	0.04715	0.07029	0.10286	0.05503	0.08652	0.05997	0.06174	0.02206	0.08044	0.0	0.08451	0.04496	0.11017	0.1311	0.10359	0.30393	0.1171	0.05026	0.06228	0.0	0.07741	0.0	0.07262	0.10215	0.05425	0.04596	
0.08915	0.12106	0.00965	0.0555	0.04836	0.0	0.00726	0.0	0.01893	0.02824	0.09396	0.0	0.03772	0.04902	0.01169	0.04428	3e-05	3e-05	3e-05	3e-05	3e-05	3e-05	3e-05	3e-05	0.0074	0.02151	3e-05	3e-05	3e-05	3e-05	3e-05	3e-05	3e-05	0.07165	3e-05	3e-05	3e-05	3e-05	0.00877	0.01502	0.04947	0.00991	0.0	0.0	0.0	0.0	0.06742	0.06104	0.0	0.12715	0.0274	0.0934	0.0065	0.01126	0.06126	0.01232	0.00627	0.02714	0.0	0.0	0.0	0.0	0.0	0.06138	0.02643	0.00562	3e-05	3e-05	0.0207	0.14693	0.1575	0.0	3e-05	0.00551	0.00932	3e-05	0.18714	0.02945	0.06864	0.27506	0.16583	0.17975	0.14488	0.12949	0.19845	0.16473	0.1305	0.0	0.04691	0.01335	0.06083	0.02782	0.73275	0.06671	0.03549	0.06386	0.06629	0.0	0.07844	0.0	0.09413	0.00532	0.03655	0.02266	
0.0403	0.10545	0.17874	0.07005	0.05103	0.0	0.07396	0.0	0.04818	0.13601	0.12423	0.03772	0.0	0.17888	0.05764	0.12062	1e-05	1e-05	1e-05	1e-05	1e-05	1e-05	1e-05	1e-05	0.01144	0.01509	1e-05	1e-05	1e-05	1e-05	1e-05	1e-05	1e-05	0.08048	1e-05	1e-05	1e-05	1e-05	0.01369	0.02263	0.03002	0.04173	0.0	0.0	0.0	0.0	0.15434	0.16599	0.0	0.17706	0.07264	0.08433	0.05248	0.05942	0.06403	0.02214	0.11541	0.10192	0.0	0.0	0.0	0.0	0.0	0.08042	0.07216	0.00857	1e-05	1e-05	0.0068	0.04105	0.07363	0.0	1e-05	0.01328	0.01352	1e-05	0.07991	0.03356	0.05337	0.05133	0.08917	0.03003	0.04563	0.05552	0.03784	0.05745	0.06874	0.0	0.08974	0.06242	0.13112	0.55084	0.04646	0.09095	0.16882	0.05139	0.11035	0.0	0.07005	0.0	0.05825	0.1352	0.0565	0.04216	
0.0985	0.03485	0.0864	0.09514	0.04448	0.0	0.06979	0.0	0.08487	0.12136	0.11199	0.04902	0.17888	0.0	0.01841	0.16203	0.0	0.0	0.0	0.0	0.0	0.0	0.0	0.0	0.00571	0.06857	0.0	0.0	0.0	0.0	0.0	0.0	0.0	0.01361	0.0	0.0	0.0	0.0	0.00681	0.012	0.10448	0.04921	0.0	0.0	0.0	0.0	0.08845	0.06088	0.0	0.11155	0.12487	0.10799	0.06107	0.08652	0.06617	0.04191	0.07712	0.09943	0.0	0.0	0.0	0.0	0.0	0.08	0.02178	0.02053	0.0	0.0	0.01332	0.12162	0.04312	0.0	0.0	0.05066	0.00726	0.0	0.09318	0.01262	0.06108	0.07186	0.07416	0.05734	0.09327	0.11952	0.05356	0.03011	0.07683	0.0	0.07285	0.1207	0.43382	0.11378	0.0346	0.15144	0.11799	0.07027	0.0404	0.0	0.09076	0.0	0.0828	0.07468	0.0436	0.11309	
0.04769	0.1574	0.03625	0.06235	0.06285	0.0	0.0413	0.0	0.02537	0.09243	0.04333	0.01169	0.05764	0.01841	0.0	0.0287	2e-05	2e-05	2e-05	2e-05	2e-05	2e-05	2e-05	2e-05	0.00319	0.00827	2e-05	2e-05	2e-05	2e-05	2e-05	2e-05	2e-05	0.00681	2e-05	2e-05	2e-05	2e-05	0.00373	0.41161	0.10702	0.2416	0.0	0.0	0.0	0.0	0.02359	0.07985	0.0	0.03896	0.06003	0.05207	0.02604	0.04851	0.05587	0.03986	0.02552	0.05431	0.0	0.0	0.0	0.0	0.0	0.08097	0.0178	0.00246	2e-05	2e-05	0.00816	0.02256	0.01907	0.0	2e-05	0.03626	0.00396	2e-05	0.03509	0.07791	0.03914	0.01504	0.02597	0.01077	0.01627	0.02534	0.01153	0.01307	0.02566	0.0	0.02895	0.2438	0.02634	0.0574	0.01093	0.02641	0.09755	0.02612	0.0576	0.0	0.05735	0.0	0.02471	0.03772	0.16114	0.06877	
0.04786	0.08797	0.08029	0.16915	0.12016	0.0	0.11327	0.0	0.11025	0.14001	0.20528	0.04428	0.12062	0.16203	0.0287	0.0	0.0	0.0	0.0	0.0	0.0	0.0	0.0	0.0	0.01367	0.02386	0.0	0.0	0.0	0.0	0.0	0.0	0.0	0.03362	0.0	0.0	0.0	0.0	0.01638	0.02806	0.08399	0.078	0.0	0.0	0.0	0.0	0.12211	0.13955	0.0	0.15954	0.06106	0.10315	0.05114	0.0877	0.05456	0.09285	0.12382	0.09248	0.0	0.0	0.0	0.0	0.0	0.14586	0.10213	0.01021	0.0	0.0	0.01723	0.17079	0.03687	0.0	0.0	0.01434	0.01797	0.0	0.14183	0.02769	0.08882	0.08663	0.18306	0.14274	0.19504	0.09847	0.12484	0.03073	0.16668	0.0	0.14698	0.09734	0.08482	0.10767	0.03197	0.17593	0.12503	0.07603	0.05798	0.0	0.08416	0.0	0.09462	0.05393	0.06352	0.02794	
1e-05	1e-05	0.0	0.0	1e-05	0.0	1e-05	0.0	0.0	1e-05	2e-05	3e-05	1e-05	0.0	2e-05	0.0	0.0	0.0	0.0	0.0	0.0	0.0	0.0	0.0	0.00021	5e-05	0.0	0.0	0.0	0.0	0.0	0.0	0.0	0.00012	0.0	0.0	0.0	0.0	0.00016	0.0001	0.0	2e-05	0.0	0.0	0.0	0.0	1e-05	1e-05	0.0	1e-05	0.0	0.0	1e-05	0.0	0.0	0.0	1e-05	0.0	0.0	0.0	0.0	0.0	0.0	1e-05	2e-05	0.00025	0.0	0.0	8e-05	2e-05	3e-05	0.0	0.0	2e-05	0.00023	0.0	2e-05	5e-05	1e-05	3e-05	3e-05	3e-05	3e-05	1e-05	4e-05	5e-05	1e-05	0.0	0.0	2e-05	1e-05	2e-05	4e-05	1e-05	1e-05	2e-05	1e-05	0.0	2e-05	0.0	0.0	1e-05	1e-05	0.0	
1e-05	1e-05	0.0	0.0	1e-05	0.0	1e-05	0.0	0.0	1e-05	2e-05	3e-05	1e-05	0.0	2e-05	0.0	0.0	0.0	0.0	0.0	0.0	0.0	0.0	0.0	0.00021	5e-05	0.0	0.0	0.0	0.0	0.0	0.0	0.0	0.00012	0.0	0.0	0.0	0.0	0.00016	0.0001	0.0	2e-05	0.0	0.0	0.0	0.0	1e-05	1e-05	0.0	1e-05	0.0	0.0	1e-05	0.0	0.0	0.0	1e-05	0.0	0.0	0.0	0.0	0.0	0.0	1e-05	2e-05	0.00025	0.0	0.0	8e-05	2e-05	3e-05	0.0	0.0	2e-05	0.00023	0.0	2e-05	5e-05	1e-05	3e-05	3e-05	3e-05	3e-05	1e-05	4e-05	5e-05	1e-05	0.0	0.0	2e-05	1e-05	2e-05	4e-05	1e-05	1e-05	2e-05	1e-05	0.0	2e-05	0.0	0.0	1e-05	1e-05	0.0	
1e-05	1e-05	0.0	0.0	1e-05	0.0	1e-05	0.0	0.0	1e-05	2e-05	3e-05	1e-05	0.0	2e-05	0.0	0.0	0.0	0.0	0.0	0.0	0.0	0.0	0.0	0.00021	5e-05	0.0	0.0	0.0	0.0	0.0	0.0	0.0	0.00012	0.0	0.0	0.0	0.0	0.00016	0.0001	0.0	2e-05	0.0	0.0	0.0	0.0	1e-05	1e-05	0.0	1e-05	0.0	0.0	1e-05	0.0	0.0	0.0	1e-05	0.0	0.0	0.0	0.0	0.0	0.0	1e-05	2e-05	0.00025	0.0	0.0	8e-05	2e-05	3e-05	0.0	0.0	2e-05	0.00023	0.0	2e-05	5e-05	1e-05	3e-05	3e-05	3e-05	3e-05	1e-05	4e-05	5e-05	1e-05	0.0	0.0	2e-05	1e-05	2e-05	4e-05	1e-05	1e-05	2e-05	1e-05	0.0	2e-05	0.0	0.0	1e-05	1e-05	0.0	
1e-05	1e-05	0.0	0.0	1e-05	0.0	1e-05	0.0	0.0	1e-05	2e-05	3e-05	1e-05	0.0	2e-05	0.0	0.0	0.0	0.0	0.0	0.0	0.0	0.0	0.0	0.00021	5e-05	0.0	0.0	0.0	0.0	0.0	0.0	0.0	0.00012	0.0	0.0	0.0	0.0	0.00016	0.0001	0.0	2e-05	0.0	0.0	0.0	0.0	1e-05	1e-05	0.0	1e-05	0.0	0.0	1e-05	0.0	0.0	0.0	1e-05	0.0	0.0	0.0	0.0	0.0	0.0	1e-05	2e-05	0.00025	0.0	0.0	8e-05	2e-05	3e-05	0.0	0.0	2e-05	0.00023	0.0	2e-05	5e-05	1e-05	3e-05	3e-05	3e-05	3e-05	1e-05	4e-05	5e-05	1e-05	0.0	0.0	2e-05	1e-05	2e-05	4e-05	1e-05	1e-05	2e-05	1e-05	0.0	2e-05	0.0	0.0	1e-05	1e-05	0.0	
1e-05	1e-05	0.0	0.0	1e-05	0.0	1e-05	0.0	0.0	1e-05	2e-05	3e-05	1e-05	0.0	2e-05	0.0	0.0	0.0	0.0	0.0	0.0	0.0	0.0	0.0	0.00021	5e-05	0.0	0.0	0.0	0.0	0.0	0.0	0.0	0.00012	0.0	0.0	0.0	0.0	0.00016	0.0001	0.0	2e-05	0.0	0.0	0.0	0.0	1e-05	1e-05	0.0	1e-05	0.0	0.0	1e-05	0.0	0.0	0.0	1e-05	0.0	0.0	0.0	0.0	0.0	0.0	1e-05	2e-05	0.00025	0.0	0.0	8e-05	2e-05	3e-05	0.0	0.0	2e-05	0.00023	0.0	2e-05	5e-05	1e-05	3e-05	3e-05	3e-05	3e-05	1e-05	4e-05	5e-05	1e-05	0.0	0.0	2e-05	1e-05	2e-05	4e-05	1e-05	1e-05	2e-05	1e-05	0.0	2e-05	0.0	0.0	1e-05	1e-05	0.0	
1e-05	1e-05	0.0	0.0	1e-05	0.0	1e-05	0.0	0.0	1e-05	2e-05	3e-05	1e-05	0.0	2e-05	0.0	0.0	0.0	0.0	0.0	0.0	0.0	0.0	0.0	0.00021	5e-05	0.0	0.0	0.0	0.0	0.0	0.0	0.0	0.00012	0.0	0.0	0.0	0.0	0.00016	0.0001	0.0	2e-05	0.0	0.0	0.0	0.0	1e-05	1e-05	0.0	1e-05	0.0	0.0	1e-05	0.0	0.0	0.0	1e-05	0.0	0.0	0.0	0.0	0.0	0.0	1e-05	2e-05	0.00025	0.0	0.0	8e-05	2e-05	3e-05	0.0	0.0	2e-05	0.00023	0.0	2e-05	5e-05	1e-05	3e-05	3e-05	3e-05	3e-05	1e-05	4e-05	5e-05	1e-05	0.0	0.0	2e-05	1e-05	2e-05	4e-05	1e-05	1e-05	2e-05	1e-05	0.0	2e-05	0.0	0.0	1e-05	1e-05	0.0	
1e-05	1e-05	0.0	0.0	1e-05	0.0	1e-05	0.0	0.0	1e-05	2e-05	3e-05	1e-05	0.0	2e-05	0.0	0.0	0.0	0.0	0.0	0.0	0.0	0.0	0.0	0.00021	5e-05	0.0	0.0	0.0	0.0	0.0	0.0	0.0	0.00012	0.0	0.0	0.0	0.0	0.00016	0.0001	0.0	2e-05	0.0	0.0	0.0	0.0	1e-05	1e-05	0.0	1e-05	0.0	0.0	1e-05	0.0	0.0	0.0	1e-05	0.0	0.0	0.0	0.0	0.0	0.0	1e-05	2e-05	0.00025	0.0	0.0	8e-05	2e-05	3e-05	0.0	0.0	2e-05	0.00023	0.0	2e-05	5e-05	1e-05	3e-05	3e-05	3e-05	3e-05	1e-05	4e-05	5e-05	1e-05	0.0	0.0	2e-05	1e-05	2e-05	4e-05	1e-05	1e-05	2e-05	1e-05	0.0	2e-05	0.0	0.0	1e-05	1e-05	0.0	
1e-05	1e-05	0.0	0.0	1e-05	0.0	1e-05	0.0	0.0	1e-05	2e-05	3e-05	1e-05	0.0	2e-05	0.0	0.0	0.0	0.0	0.0	0.0	0.0	0.0	0.0	0.00021	5e-05	0.0	0.0	0.0	0.0	0.0	0.0	0.0	0.00012	0.0	0.0	0.0	0.0	0.00016	0.0001	0.0	2e-05	0.0	0.0	0.0	0.0	1e-05	1e-05	0.0	1e-05	0.0	0.0	1e-05	0.0	0.0	0.0	1e-05	0.0	0.0	0.0	0.0	0.0	0.0	1e-05	2e-05	0.00025	0.0	0.0	8e-05	2e-05	3e-05	0.0	0.0	2e-05	0.00023	0.0	2e-05	5e-05	1e-05	3e-05	3e-05	3e-05	3e-05	1e-05	4e-05	5e-05	1e-05	0.0	0.0	2e-05	1e-05	2e-05	4e-05	1e-05	1e-05	2e-05	1e-05	0.0	2e-05	0.0	0.0	1e-05	1e-05	0.0	
0.01284	0.00529	0.01036	0.00653	0.01522	0.0	0.02193	0.0	0.00595	0.01531	0.01608	0.0074	0.01144	0.00571	0.00319	0.01367	0.00021	0.00021	0.00021	0.00021	0.00021	0.00021	0.00021	0.00021	0.0	0.33021	0.00021	0.00021	0.00021	0.00021	0.00021	0.00021	0.00021	0.00249	0.00021	0.00021	0.00021	0.00021	0.00169	0.00231	0.01187	0.0044	0.0	0.0	0.0	0.0	0.0214	0.00758	0.0	0.01371	0.01182	0.01709	0.00961	0.0089	0.01693	0.01719	0.02462	0.01616	0.0	0.0	0.0	0.0	0.0	0.0153	0.00986	0.00129	0.00021	0.00021	0.00277	0.00664	0.00385	0.0	0.00021	0.01953	0.00179	0.00021	0.01534	0.00337	0.00749	0.00625	0.00607	0.00683	0.00689	0.00898	0.00579	0.00375	0.01742	0.0	0.01021	0.09009	0.00867	0.00839	0.00695	0.01281	0.00536	0.00716	0.01484	0.0	0.00827	0.0	0.00615	0.01017	0.00646	0.01257	
0.02358	0.0165	0.03411	0.02066	0.05022	0.0	0.05059	0.0	0.01877	0.01761	0.02647	0.02151	0.01509	0.06857	0.00827	0.02386	5e-05	5e-05	5e-05	5e-05	5e-05	5e-05	5e-05	5e-05	0.33021	0.0	5e-05	5e-05	5e-05	5e-05	5e-05	5e-05	5e-05	0.00521	5e-05	5e-05	5e-05	5e-05	0.003	0.00472	0.02279	0.0124	0.0	0.0	0.0	0.0	0.03527	0.01505	0.0	0.02013	0.02042	0.02857	0.02435	0.02804	0.03487	0.02606	0.03797	0.03646	0.0	0.0	0.0	0.0	0.0	0.01949	0.00894	0.00203	5e-05	5e-05	0.09807	0.02089	0.01057	0.0	5e-05	0.01702	0.00318	5e-05	0.01712	0.06331	0.08866	0.01921	0.02489	0.01964	0.0767	0.02845	0.01689	0.00936	0.03566	0.0	0.033	0.07321	0.04171	0.01288	0.02001	0.02049	0.01648	0.01738	0.03318	0.0	0.02671	0.0	0.01822	0.02577	0.01129	0.04206	
1e-05	1e-05	0.0	0.0	1e-05	0.0	1e-05	0.0	0.0	1e-05	2e-05	3e-05	1e-05	0.0	2e-05	0.0	0.0	0.0	0.0	0.0	0.0	0.0	0.0	0.0	0.00021	5e-05	0.0	0.0	0.0	0.0	0.0	0.0	0.0	0.00012	0.0	0.0	0.0	0.0	0.00016	0.0001	0.0	2e-05	0.0	0.0	0.0	0.0	1e-05	1e-05	0.0	1e-05	0.0	0.0	1e-05	0.0	0.0	0.0	1e-05	0.0	0.0	0.0	0.0	0.0	0.0	1e-05	2e-05	0.00025	0.0	0.0	8e-05	2e-05	3e-05	0.0	0.0	2e-05	0.00023	0.0	2e-05	5e-05	1e-05	3e-05	3e-05	3e-05	3e-05	1e-05	4e-05	5e-05	1e-05	0.0	0.0	2e-05	1e-05	2e-05	4e-05	1e-05	1e-05	2e-05	1e-05	0.0	2e-05	0.0	0.0	1e-05	1e-05	0.0	
1e-05	1e-05	0.0	0.0	1e-05	0.0	1e-05	0.0	0.0	1e-05	2e-05	3e-05	1e-05	0.0	2e-05	0.0	0.0	0.0	0.0	0.0	0.0	0.0	0.0	0.0	0.00021	5e-05	0.0	0.0	0.0	0.0	0.0	0.0	0.0	0.00012	0.0	0.0	0.0	0.0	0.00016	0.0001	0.0	2e-05	0.0	0.0	0.0	0.0	1e-05	1e-05	0.0	1e-05	0.0	0.0	1e-05	0.0	0.0	0.0	1e-05	0.0	0.0	0.0	0.0	0.0	0.0	1e-05	2e-05	0.00025	0.0	0.0	8e-05	2e-05	3e-05	0.0	0.0	2e-05	0.00023	0.0	2e-05	5e-05	1e-05	3e-05	3e-05	3e-05	3e-05	1e-05	4e-05	5e-05	1e-05	0.0	0.0	2e-05	1e-05	2e-05	4e-05	1e-05	1e-05	2e-05	1e-05	0.0	2e-05	0.0	0.0	1e-05	1e-05	0.0	
1e-05	1e-05	0.0	0.0	1e-05	0.0	1e-05	0.0	0.0	1e-05	2e-05	3e-05	1e-05	0.0	2e-05	0.0	0.0	0.0	0.0	0.0	0.0	0.0	0.0	0.0	0.00021	5e-05	0.0	0.0	0.0	0.0	0.0	0.0	0.0	0.00012	0.0	0.0	0.0	0.0	0.00016	0.0001	0.0	2e-05	0.0	0.0	0.0	0.0	1e-05	1e-05	0.0	1e-05	0.0	0.0	1e-05	0.0	0.0	0.0	1e-05	0.0	0.0	0.0	0.0	0.0	0.0	1e-05	2e-05	0.00025	0.0	0.0	8e-05	2e-05	3e-05	0.0	0.0	2e-05	0.00023	0.0	2e-05	5e-05	1e-05	3e-05	3e-05	3e-05	3e-05	1e-05	4e-05	5e-05	1e-05	0.0	0.0	2e-05	1e-05	2e-05	4e-05	1e-05	1e-05	2e-05	1e-05	0.0	2e-05	0.0	0.0	1e-05	1e-05	0.0	
1e-05	1e-05	0.0	0.0	1e-05	0.0	1e-05	0.0	0.0	1e-05	2e-05	3e-05	1e-05	0.0	2e-05	0.0	0.0	0.0	0.0	0.0	0.0	0.0	0.0	0.0	0.00021	5e-05	0.0	0.0	0.0	0.0	0.0	0.0	0.0	0.00012	0.0	0.0	0.0	0.0	0.00016	0.0001	0.0	2e-05	0.0	0.0	0.0	0.0	1e-05	1e-05	0.0	1e-05	0.0	0.0	1e-05	0.0	0.0	0.0	1e-05	0.0	0.0	0.0	0.0	0.0	0.0	1e-05	2e-05	0.00025	0.0	0.0	8e-05	2e-05	3e-05	0.0	0.0	2e-05	0.00023	0.0	2e-05	5e-05	1e-05	3e-05	3e-05	3e-05	3e-05	1e-05	4e-05	5e-05	1e-05	0.0	0.0	2e-05	1e-05	2e-05	4e-05	1e-05	1e-05	2e-05	1e-05	0.0	2e-05	0.0	0.0	1e-05	1e-05	0.0	
1e-05	1e-05	0.0	0.0	1e-05	0.0	1e-05	0.0	0.0	1e-05	2e-05	3e-05	1e-05	0.0	2e-05	0.0	0.0	0.0	0.0	0.0	0.0	0.0	0.0	0.0	0.00021	5e-05	0.0	0.0	0.0	0.0	0.0	0.0	0.0	0.00012	0.0	0.0	0.0	0.0	0.00016	0.0001	0.0	2e-05	0.0	0.0	0.0	0.0	1e-05	1e-05	0.0	1e-05	0.0	0.0	1e-05	0.0	0.0	0.0	1e-05	0.0	0.0	0.0	0.0	0.0	0.0	1e-05	2e-05	0.00025	0.0	0.0	8e-05	2e-05	3e-05	0.0	0.0	2e-05	0.00023	0.0	2e-05	5e-05	1e-05	3e-05	3e-05	3e-05	3e-05	1e-05	4e-05	5e-05	1e-05	0.0	0.0	2e-05	1e-05	2e-05	4e-05	1e-05	1e-05	2e-05	1e-05	0.0	2e-05	0.0	0.0	1e-05	1e-05	0.0	
1e-05	1e-05	0.0	0.0	1e-05	0.0	1e-05	0.0	0.0	1e-05	2e-05	3e-05	1e-05	0.0	2e-05	0.0	0.0	0.0	0.0	0.0	0.0	0.0	0.0	0.0	0.00021	5e-05	0.0	0.0	0.0	0.0	0.0	0.0	0.0	0.00012	0.0	0.0	0.0	0.0	0.00016	0.0001	0.0	2e-05	0.0	0.0	0.0	0.0	1e-05	1e-05	0.0	1e-05	0.0	0.0	1e-05	0.0	0.0	0.0	1e-05	0.0	0.0	0.0	0.0	0.0	0.0	1e-05	2e-05	0.00025	0.0	0.0	8e-05	2e-05	3e-05	0.0	0.0	2e-05	0.00023	0.0	2e-05	5e-05	1e-05	3e-05	3e-05	3e-05	3e-05	1e-05	4e-05	5e-05	1e-05	0.0	0.0	2e-05	1e-05	2e-05	4e-05	1e-05	1e-05	2e-05	1e-05	0.0	2e-05	0.0	0.0	1e-05	1e-05	0.0	
1e-05	1e-05	0.0	0.0	1e-05	0.0	1e-05	0.0	0.0	1e-05	2e-05	3e-05	1e-05	0.0	2e-05	0.0	0.0	0.0	0.0	0.0	0.0	0.0	0.0	0.0	0.00021	5e-05	0.0	0.0	0.0	0.0	0.0	0.0	0.0	0.00012	0.0	0.0	0.0	0.0	0.00016	0.0001	0.0	2e-05	0.0	0.0	0.0	0.0	1e-05	1e-05	0.0	1e-05	0.0	0.0	1e-05	0.0	0.0	0.0	1e-05	0.0	0.0	0.0	0.0	0.0	0.0	1e-05	2e-05	0.00025	0.0	0.0	8e-05	2e-05	3e-05	0.0	0.0	2e-05	0.00023	0.0	2e-05	5e-05	1e-05	3e-05	3e-05	3e-05	3e-05	1e-05	4e-05	5e-05	1e-05	0.0	0.0	2e-05	1e-05	2e-05	4e-05	1e-05	1e-05	2e-05	1e-05	0.0	2e-05	0.0	0.0	1e-05	1e-05	0.0	
0.03593	0.13013	0.03659	0.01566	0.02013	0.0	0.02696	0.0	0.08206	0.02054	0.02367	0.07165	0.08048	0.01361	0.00681	0.03362	0.00012	0.00012	0.00012	0.00012	0.00012	0.00012	0.00012	0.00012	0.00249	0.00521	0.00012	0.00012	0.00012	0.00012	0.00012	0.00012	0.00012	0.0	0.00012	0.00012	0.00012	0.00012	0.00284	0.00426	0.03367	0.00988	0.0	0.0	0.0	0.0	0.04693	0.01823	0.0	0.02256	0.05321	0.0365	0.02325	0.02147	0.04912	0.03987	0.03336	0.02791	0.0	0.0	0.0	0.0	0.0	0.10006	0.02291	0.002	0.00012	0.00012	0.00537	0.0619	0.34993	0.0	0.00012	0.02346	0.003	0.00012	0.02268	0.00688	0.01758	0.05915	0.0145	0.01551	0.01631	0.04192	0.01324	0.27675	0.04352	0.0	0.10494	0.00777	0.0209	0.09944	0.07951	0.02969	0.01267	0.06972	0.03025	0.0	0.04207	0.0	0.01472	0.04759	0.05673	0.03972	
1e-05	1e-05	0.0	0.0	1e-05	0.0	1e-05	0.0	0.0	1e-05	2e-05	3e-05	1e-05	0.0	2e-05	0.0	0.0	0.0	0.0	0.0	0.0	0.0	0.0	0.0	0.00021	5e-05	0.0	0.0	0.0	0.0	0.0	0.0	0.0	0.00012	0.0	0.0	0.0	0.0	0.00016	0.0001	0.0	2e-05	0.0	0.0	0.0	0.0	1e-05	1e-05	0.0	1e-05	0.0	0.0	1e-05	0.0	0.0	0.0	1e-05	0.0	0.0	0.0	0.0	0.0	0.0	1e-05	2e-05	0.00025	0.0	0.0	8e-05	2e-05	3e-05	0.0	0.0	2e-05	0.00023	0.0	2e-05	5e-05	1e-05	3e-05	3e-05	3e-05	3e-05	1e-05	4e-05	5e-05	1e-05	0.0	0.0	2e-05	1e-05	2e-05	4e-05	1e-05	1e-05	2e-05	1e-05	0.0	2e-05	0.0	0.0	1e-05	1e-05	0.0	
1e-05	1e-05	0.0	0.0	1e-05	0.0	1e-05	0.0	0.0	1e-05	2e-05	3e-05	1e-05	0.0	2e-05	0.0	0.0	0.0	0.0	0.0	0.0	0.0	0.0	0.0	0.00021	5e-05	0.0	0.0	0.0	0.0	0.0	0.0	0.0	0.00012	0.0	0.0	0.0	0.0	0.00016	0.0001	0.0	2e-05	0.0	0.0	0.0	0.0	1e-05	1e-05	0.0	1e-05	0.0	0.0	1e-05	0.0	0.0	0.0	1e-05	0.0	0.0	0.0	0.0	0.0	0.0	1e-05	2e-05	0.00025	0.0	0.0	8e-05	2e-05	3e-05	0.0	0.0	2e-05	0.00023	0.0	2e-05	5e-05	1e-05	3e-05	3e-05	3e-05	3e-05	1e-05	4e-05	5e-05	1e-05	0.0	0.0	2e-05	1e-05	2e-05	4e-05	1e-05	1e-05	2e-05	1e-05	0.0	2e-05	0.0	0.0	1e-05	1e-05	0.0	
1e-05	1e-05	0.0	0.0	1e-05	0.0	1e-05	0.0	0.0	1e-05	2e-05	3e-05	1e-05	0.0	2e-05	0.0	0.0	0.0	0.0	0.0	0.0	0.0	0.0	0.0	0.00021	5e-05	0.0	0.0	0.0	0.0	0.0	0.0	0.0	0.00012	0.0	0.0	0.0	0.0	0.00016	0.0001	0.0	2e-05	0.0	0.0	0.0	0.0	1e-05	1e-05	0.0	1e-05	0.0	0.0	1e-05	0.0	0.0	0.0	1e-05	0.0	0.0	0.0	0.0	0.0	0.0	1e-05	2e-05	0.00025	0.0	0.0	8e-05	2e-05	3e-05	0.0	0.0	2e-05	0.00023	0.0	2e-05	5e-05	1e-05	3e-05	3e-05	3e-05	3e-05	1e-05	4e-05	5e-05	1e-05	0.0	0.0	2e-05	1e-05	2e-05	4e-05	1e-05	1e-05	2e-05	1e-05	0.0	2e-05	0.0	0.0	1e-05	1e-05	0.0	
1e-05	1e-05	0.0	0.0	1e-05	0.0	1e-05	0.0	0.0	1e-05	2e-05	3e-05	1e-05	0.0	2e-05	0.0	0.0	0.0	0.0	0.0	0.0	0.0	0.0	0.0	0.00021	5e-05	0.0	0.0	0.0	0.0	0.0	0.0	0.0	0.00012	0.0	0.0	0.0	0.0	0.00016	0.0001	0.0	2e-05	0.0	0.0	0.0	0.0	1e-05	1e-05	0.0	1e-05	0.0	0.0	1e-05	0.0	0.0	0.0	1e-05	0.0	0.0	0.0	0.0	0.0	0.0	1e-05	2e-05	0.00025	0.0	0.0	8e-05	2e-05	3e-05	0.0	0.0	2e-05	0.00023	0.0	2e-05	5e-05	1e-05	3e-05	3e-05	3e-05	3e-05	1e-05	4e-05	5e-05	1e-05	0.0	0.0	2e-05	1e-05	2e-05	4e-05	1e-05	1e-05	2e-05	1e-05	0.0	2e-05	0.0	0.0	1e-05	1e-05	0.0	
0.01737	0.03719	0.01242	0.0078	0.01824	0.0	0.02254	0.0	0.00711	0.01831	0.0193	0.00877	0.01369	0.00681	0.00373	0.01638	0.00016	0.00016	0.00016	0.00016	0.00016	0.00016	0.00016	0.00016	0.00169	0.003	0.00016	0.00016	0.00016	0.00016	0.00016	0.00016	0.00016	0.00284	0.00016	0.00016	0.00016	0.00016	0.0	0.00263	0.01422	0.0052	0.0	0.0	0.0	0.0	0.02576	0.00906	0.0	0.01643	0.01478	0.02052	0.02892	0.01067	0.02339	0.01135	0.03329	0.01341	0.0	0.0	0.0	0.0	0.0	0.01833	0.01171	0.00141	0.00016	0.00016	0.00318	0.00793	0.00454	0.0	0.00016	0.02326	0.00199	0.00016	0.01833	0.00391	0.00891	0.00744	0.00725	0.00808	0.00821	0.01073	0.00685	0.00437	0.02414	0.0	0.01422	0.00418	0.01037	0.01003	0.00822	0.01535	0.00639	0.02817	0.01783	0.0	0.0099	0.0	0.00734	0.01219	0.0077	0.01508	
0.03143	0.17505	0.0223	0.05732	0.0177	0.0	0.02363	0.0	0.01255	0.01809	0.02077	0.01502	0.02263	0.012	0.41161	0.02806	0.0001	0.0001	0.0001	0.0001	0.0001	0.0001	0.0001	0.0001	0.00231	0.00472	0.0001	0.0001	0.0001	0.0001	0.0001	0.0001	0.0001	0.00426	0.0001	0.0001	0.0001	0.0001	0.00263	0.0	0.12036	0.27854	0.0	0.0	0.0	0.0	0.01913	0.06965	0.0	0.01981	0.04632	0.03195	0.02043	0.03214	0.03315	0.03487	0.01538	0.0368	0.0	0.0	0.0	0.0	0.0	0.08598	0.02029	0.00186	0.0001	0.0001	0.00489	0.01398	0.0076	0.0	0.0001	0.04078	0.00278	0.0001	0.03256	0.00622	0.01554	0.01302	0.01278	0.01379	0.01438	0.01899	0.01176	0.00706	0.0187	0.0	0.02179	0.35346	0.01839	0.0319	0.01403	0.02605	0.07241	0.01513	0.0375	0.0	0.03679	0.0	0.01297	0.0219	0.17397	0.03469	
0.06365	0.13936	0.02801	0.12423	0.05451	0.0	0.03933	0.0	0.07384	0.12437	0.0909	0.04947	0.03002	0.10448	0.10702	0.08399	0.0	0.0	0.0	0.0	0.0	0.0	0.0	0.0	0.01187	0.02279	0.0	0.0	0.0	0.0	0.0	0.0	0.0	0.03367	0.0	0.0	0.0	0.0	0.01422	0.12036	0.0	0.21462	0.0	0.0	0.0	0.0	0.08176	0.15134	0.0	0.08607	0.05866	0.10297	0.06292	0.0646	0.0937	0.07379	0.07521	0.0892	0.0	0.0	0.0	0.0	0.0	0.13248	0.0277	0.00888	0.0	0.0	0.03646	0.15164	0.0854	0.0	0.0	0.07393	0.01517	0.0	0.08901	0.01996	0.07762	0.15495	0.16856	0.11017	0.13338	0.13909	0.10227	0.07952	0.09809	0.0	0.08986	0.15966	0.06514	0.0639	0.04593	0.15001	0.12328	0.06508	0.04369	0.0	0.09444	0.0	0.09167	0.02587	0.1105	0.12667	
0.03884	0.1654	0.03184	0.08456	0.12138	0.0	0.0391	0.0	0.0869	0.06757	0.05071	0.00991	0.04173	0.04921	0.2416	0.078	2e-05	2e-05	2e-05	2e-05	2e-05	2e-05	2e-05	2e-05	0.0044	0.0124	2e-05	2e-05	2e-05	2e-05	2e-05	2e-05	2e-05	0.00988	2e-05	2e-05	2e-05	2e-05	0.0052	0.27854	0.21462	0.0	0.0	0.0	0.0	0.0	0.08718	0.10168	0.0	0.0347	0.13129	0.03367	0.03814	0.0489	0.04292	0.0629	0.0662	0.04375	0.0	0.0	0.0	0.0	0.0	0.12518	0.02261	0.00336	2e-05	2e-05	0.01201	0.11358	0.02479	0.0	2e-05	0.08713	0.00552	2e-05	0.05983	0.02464	0.16757	0.18847	0.13716	0.1019	0.08318	0.14287	0.07691	0.03539	0.05349	0.0	0.03447	0.20132	0.03191	0.03723	0.00939	0.07928	0.07544	0.04574	0.05414	0.0	0.09871	0.0	0.04895	0.04288	0.13894	0.05927	
0.0	0.0	0.0	0.0	0.0	0.0	0.0	0.0	0.0	0.0	0.0	0.0	0.0	0.0	0.0	0.0	0.0	0.0	0.0	0.0	0.0	0.0	0.0	0.0	0.0	0.0	0.0	0.0	0.0	0.0	0.0	0.0	0.0	0.0	0.0	0.0	0.0	0.0	0.0	0.0	0.0	0.0	0.0	0.0	0.0	0.0	0.0	0.0	0.0	0.0	0.0	0.0	0.0	0.0	0.0	0.0	0.0	0.0	0.0	0.0	0.0	0.0	0.0	0.0	0.0	0.0	0.0	0.0	0.0	0.0	0.0	0.0	0.0	0.0	0.0	0.0	0.0	0.0	0.0	0.0	0.0	0.0	0.0	0.0	0.0	0.0	0.0	0.0	0.0	0.0	0.0	0.0	0.0	0.0	0.0	0.0	0.0	0.0	0.0	0.0	0.0	0.0	0.0	0.0	
0.0	0.0	0.0	0.0	0.0	0.0	0.0	0.0	0.0	0.0	0.0	0.0	0.0	0.0	0.0	0.0	0.0	0.0	0.0	0.0	0.0	0.0	0.0	0.0	0.0	0.0	0.0	0.0	0.0	0.0	0.0	0.0	0.0	0.0	0.0	0.0	0.0	0.0	0.0	0.0	0.0	0.0	0.0	0.0	0.0	0.0	0.0	0.0	0.0	0.0	0.0	0.0	0.0	0.0	0.0	0.0	0.0	0.0	0.0	0.0	0.0	0.0	0.0	0.0	0.0	0.0	0.0	0.0	0.0	0.0	0.0	0.0	0.0	0.0	0.0	0.0	0.0	0.0	0.0	0.0	0.0	0.0	0.0	0.0	0.0	0.0	0.0	0.0	0.0	0.0	0.0	0.0	0.0	0.0	0.0	0.0	0.0	0.0	0.0	0.0	0.0	0.0	0.0	0.0	
0.0	0.0	0.0	0.0	0.0	0.0	0.0	0.0	0.0	0.0	0.0	0.0	0.0	0.0	0.0	0.0	0.0	0.0	0.0	0.0	0.0	0.0	0.0	0.0	0.0	0.0	0.0	0.0	0.0	0.0	0.0	0.0	0.0	0.0	0.0	0.0	0.0	0.0	0.0	0.0	0.0	0.0	0.0	0.0	0.0	0.0	0.0	0.0	0.0	0.0	0.0	0.0	0.0	0.0	0.0	0.0	0.0	0.0	0.0	0.0	0.0	0.0	0.0	0.0	0.0	0.0	0.0	0.0	0.0	0.0	0.0	0.0	0.0	0.0	0.0	0.0	0.0	0.0	0.0	0.0	0.0	0.0	0.0	0.0	0.0	0.0	0.0	0.0	0.0	0.0	0.0	0.0	0.0	0.0	0.0	0.0	0.0	0.0	0.0	0.0	0.0	0.0	0.0	0.0	
0.0	0.0	0.0	0.0	0.0	0.0	0.0	0.0	0.0	0.0	0.0	0.0	0.0	0.0	0.0	0.0	0.0	0.0	0.0	0.0	0.0	0.0	0.0	0.0	0.0	0.0	0.0	0.0	0.0	0.0	0.0	0.0	0.0	0.0	0.0	0.0	0.0	0.0	0.0	0.0	0.0	0.0	0.0	0.0	0.0	0.0	0.0	0.0	0.0	0.0	0.0	0.0	0.0	0.0	0.0	0.0	0.0	0.0	0.0	0.0	0.0	0.0	0.0	0.0	0.0	0.0	0.0	0.0	0.0	0.0	0.0	0.0	0.0	0.0	0.0	0.0	0.0	0.0	0.0	0.0	0.0	0.0	0.0	0.0	0.0	0.0	0.0	0.0	0.0	0.0	0.0	0.0	0.0	0.0	0.0	0.0	0.0	0.0	0.0	0.0	0.0	0.0	0.0	0.0	
0.02798	0.10476	0.1205	0.10519	0.06448	0.0	0.0737	0.0	0.07823	0.07926	0.13615	0.06742	0.15434	0.08845	0.02359	0.12211	1e-05	1e-05	1e-05	1e-05	1e-05	1e-05	1e-05	1e-05	0.0214	0.03527	1e-05	1e-05	1e-05	1e-05	1e-05	1e-05	1e-05	0.04693	1e-05	1e-05	1e-05	1e-05	0.02576	0.01913	0.08176	0.08718	0.0	0.0	0.0	0.0	0.0	0.11603	0.0	0.0825	0.03615	0.12692	0.0595	0.08919	0.0314	0.07776	0.16922	0.06262	0.0	0.0	0.0	0.0	0.0	0.15316	0.02029	0.01593	1e-05	1e-05	0.01775	0.08712	0.09302	0.0	1e-05	0.04144	0.02402	1e-05	0.11787	0.02376	0.06287	0.07523	0.13043	0.02864	0.05528	0.10822	0.05141	0.02755	0.07252	0.0	0.0513	0.02828	0.07161	0.11229	0.07868	0.10963	0.08598	0.05747	0.09296	0.0	0.0486	0.0	0.11269	0.10992	0.04133	0.04087	
0.1153	0.09076	0.06627	0.12053	0.11158	0.0	0.06354	0.0	0.06354	0.05159	0.09138	0.06104	0.16599	0.06088	0.07985	0.13955	1e-05	1e-05	1e-05	1e-05	1e-05	1e-05	1e-05	1e-05	0.00758	0.01505	1e-05	1e-05	1e-05	1e-05	1e-05	1e-05	1e-05	0.01823	1e-05	1e-05	1e-05	1e-05	0.00906	0.06965	0.15134	0.10168	0.0	0.0	0.0	0.0	0.11603	0.0	0.0	0.15058	0.08058	0.19781	0.15721	0.12716	0.09945	0.06472	0.06293	0.07974	0.0	0.0	0.0	0.0	0.0	0.08291	0.14695	0.0057	1e-05	1e-05	0.02261	0.092	0.02884	0.0	1e-05	0.01619	0.02642	1e-05	0.1129	0.03329	0.05926	0.09046	0.11892	0.06994	0.11144	0.04755	0.13412	0.06461	0.11606	0.0	0.06474	0.08432	0.05657	0.19535	0.06784	0.12999	0.11641	0.08847	0.03826	0.0	0.05937	0.0	0.06466	0.03542	0.09744	0.06407	
0.0	0.0	0.0	0.0	0.0	0.0	0.0	0.0	0.0	0.0	0.0	0.0	0.0	0.0	0.0	0.0	0.0	0.0	0.0	0.0	0.0	0.0	0.0	0.0	0.0	0.0	0.0	0.0	0.0	0.0	0.0	0.0	0.0	0.0	0.0	0.0	0.0	0.0	0.0	0.0	0.0	0.0	0.0	0.0	0.0	0.0	0.0	0.0	0.0	0.0	0.0	0.0	0.0	0.0	0.0	0.0	0.0	0.0	0.0	0.0	0.0	0.0	0.0	0.0	0.0	0.0	0.0	0.0	0.0	0.0	0.0	0.0	0.0	0.0	0.0	0.0	0.0	0.0	0.0	0.0	0.0	0.0	0.0	0.0	0.0	0.0	0.0	0.0	0.0	0.0	0.0	0.0	0.0	0.0	0.0	0.0	0.0	0.0	0.0	0.0	0.0	0.0	0.0	0.0	
0.03085	0.08358	0.08086	0.05002	0.07971	0.0	0.06793	0.0	0.04598	0.0548	0.10667	0.12715	0.17706	0.11155	0.03896	0.15954	1e-05	1e-05	1e-05	1e-05	1e-05	1e-05	1e-05	1e-05	0.01371	0.02013	1e-05	1e-05	1e-05	1e-05	1e-05	1e-05	1e-05	0.02256	1e-05	1e-05	1e-05	1e-05	0.01643	0.01981	0.08607	0.0347	0.0	0.0	0.0	0.0	0.0825	0.15058	0.0	0.0	0.04343	0.07771	0.06778	0.07106	0.05228	0.03554	0.04993	0.04936	0.0	0.0	0.0	0.0	0.0	0.05786	0.08465	0.01024	1e-05	1e-05	0.00911	0.06628	0.05587	0.0	1e-05	0.01143	0.01182	1e-05	0.11348	0.01854	0.02228	0.08306	0.09516	0.0298	0.06401	0.03598	0.04232	0.05195	0.06888	0.0	0.05343	0.03659	0.056	0.13284	0.10755	0.08788	0.0714	0.05667	0.07342	0.0	0.0788	0.0	0.05139	0.04788	0.0606	0.0376	
0.07937	0.0785	0.08556	0.0581	0.04653	0.0	0.03759	0.0	0.07058	0.04049	0.03969	0.0274	0.07264	0.12487	0.06003	0.06106	0.0	0.0	0.0	0.0	0.0	0.0	0.0	0.0	0.01182	0.02042	0.0	0.0	0.0	0.0	0.0	0.0	0.0	0.05321	0.0	0.0	0.0	0.0	0.01478	0.04632	0.05866	0.13129	0.0	0.0	0.0	0.0	0.03615	0.08058	0.0	0.04343	0.0	0.05061	0.072	0.06248	0.10899	0.05132	0.05572	0.03032	0.0	0.0	0.0	0.0	0.0	0.14441	0.01602	0.01561	0.0	0.0	0.03091	0.10424	0.08605	0.0	0.0	0.06683	0.01578	0.0	0.02137	0.05507	0.09331	0.08174	0.11771	0.11698	0.12363	0.04755	0.11899	0.04388	0.07163	0.0	0.07554	0.10841	0.10897	0.05587	0.02375	0.0596	0.05294	0.04179	0.03956	0.0	0.07995	0.0	0.05594	0.10314	0.06913	0.11449	
0.04547	0.08079	0.06329	0.07447	0.07218	0.0	0.01765	0.0	0.10588	0.10977	0.07607	0.0934	0.08433	0.10799	0.05207	0.10315	0.0	0.0	0.0	0.0	0.0	0.0	0.0	0.0	0.01709	0.02857	0.0	0.0	0.0	0.0	0.0	0.0	0.0	0.0365	0.0	0.0	0.0	0.0	0.02052	0.03195	0.10297	0.03367	0.0	0.0	0.0	0.0	0.12692	0.19781	0.0	0.07771	0.05061	0.0	0.06293	0.06285	0.06147	0.08119	0.11223	0.05505	0.0	0.0	0.0	0.0	0.0	0.11329	0.0497	0.01276	0.0	0.0	0.0153	0.0797	0.04285	0.0	0.0	0.00401	0.01402	0.0	0.15389	0.08201	0.04463	0.10105	0.09014	0.02093	0.04902	0.05613	0.0349	0.08686	0.0767	0.0	0.04909	0.07193	0.05965	0.04772	0.10024	0.0605	0.05511	0.08821	0.02446	0.0	0.11825	0.0	0.09614	0.03852	0.05704	0.02638	
0.05381	0.03123	0.03567	0.01266	0.05079	0.0	0.03178	0.0	0.07902	0.07504	0.06329	0.0065	0.05248	0.06107	0.02604	0.05114	1e-05	1e-05	1e-05	1e-05	1e-05	1e-05	1e-05	1e-05	0.00961	0.02435	1e-05	1e-05	1e-05	1e-05	1e-05	1e-05	1e-05	0.02325	1e-05	1e-05	1e-05	1e-05	0.02892	0.02043	0.06292	0.03814	0.0	0.0	0.0	0.0	0.0595	0.15721	0.0	0.06778	0.072	0.06293	0.0	0.10959	0.05596	0.06658	0.07504	0.05988	0.0	0.0	0.0	0.0	0.0	0.08398	0.04668	0.00722	1e-05	1e-05	0.02894	0.07063	0.0363	0.0	1e-05	0.02429	0.02143	1e-05	0.07577	0.01327	0.0398	0.04938	0.03151	0.00676	0.05727	0.05041	0.02404	0.00606	0.04253	0.0	0.05357	0.03016	0.0647	0.03501	0.00645	0.0605	0.08842	0.07644	0.02262	0.0	0.06278	0.0	0.0303	0.02592	0.03894	0.02762	
0.05136	0.06361	0.06161	0.0615	0.12473	0.0	0.03714	0.0	0.0445	0.0903	0.06516	0.01126	0.05942	0.08652	0.04851	0.0877	0.0	0.0	0.0	0.0	0.0	0.0	0.0	0.0	0.0089	0.02804	0.0	0.0	0.0	0.0	0.0	0.0	0.0	0.02147	0.0	0.0	0.0	0.0	0.01067	0.03214	0.0646	0.0489	0.0	0.0	0.0	0.0	0.08919	0.12716	0.0	0.07106	0.06248	0.06285	0.10959	0.0	0.06089	0.0391	0.118	0.07116	0.0	0.0	0.0	0.0	0.0	0.18269	0.03433	0.00672	0.0	0.0	0.02648	0.09342	0.05864	0.0	0.0	0.00573	0.01823	0.0	0.02878	0.01605	0.02236	0.02791	0.07177	0.02058	0.05959	0.02863	0.03589	0.04802	0.09129	0.0	0.06275	0.03937	0.07645	0.06549	0.02799	0.10196	0.12827	0.04894	0.03443	0.0	0.05742	0.0	0.05077	0.0691	0.08545	0.06738	
0.05341	0.17007	0.04432	0.07147	0.05889	0.0	0.05204	0.0	0.06536	0.09296	0.05782	0.06126	0.06403	0.06617	0.05587	0.05456	0.0	0.0	0.0	0.0	0.0	0.0	0.0	0.0	0.01693	0.03487	0.0	0.0	0.0	0.0	0.0	0.0	0.0	0.04912	0.0	0.0	0.0	0.0	0.02339	0.03315	0.0937	0.04292	0.0	0.0	0.0	0.0	0.0314	0.09945	0.0	0.05228	0.10899	0.06147	0.05596	0.06089	0.0	0.09162	0.05056	0.0662	0.0	0.0	0.0	0.0	0.0	0.09492	0.02224	0.01136	0.0	0.0	0.03091	0.06347	0.07612	0.0	0.0	0.04541	0.01377	0.0	0.0691	0.04838	0.04375	0.05612	0.06575	0.02168	0.05472	0.00682	0.07305	0.04585	0.10936	0.0	0.062	0.07241	0.07756	0.08645	0.05274	0.06121	0.07951	0.0801	0.06312	0.0	0.09657	0.0	0.05254	0.04971	0.11418	0.06295	
0.01954	0.07107	0.05458	0.05077	0.0497	0.0	0.05604	0.0	0.11852	0.05183	0.04783	0.01232	0.02214	0.04191	0.03986	0.09285	0.0	0.0	0.0	0.0	0.0	0.0	0.0	0.0	0.01719	0.02606	0.0	0.0	0.0	0.0	0.0	0.0	0.0	0.03987	0.0	0.0	0.0	0.0	0.01135	0.03487	0.07379	0.0629	0.0	0.0	0.0	0.0	0.07776	0.06472	0.0	0.03554	0.05132	0.08119	0.06658	0.0391	0.09162	0.0	0.0713	0.05658	0.0	0.0	0.0	0.0	0.0	0.07633	0.00722	0.01197	0.0	0.0	0.05031	0.07865	0.05684	0.0	0.0	0.00888	0.0121	0.0	0.06905	0.07663	0.02781	0.04433	0.1082	0.05564	0.07492	0.03807	0.07494	0.0234	0.06309	0.0	0.08348	0.03664	0.03169	0.0406	0.00757	0.06139	0.08642	0.04318	0.03565	0.0	0.04918	0.0	0.12059	0.05062	0.04632	0.04503	
0.05781	0.05575	0.06933	0.1249	0.06634	0.0	0.03812	0.0	0.05283	0.09052	0.0714	0.00627	0.11541	0.07712	0.02552	0.12382	1e-05	1e-05	1e-05	1e-05	1e-05	1e-05	1e-05	1e-05	0.02462	0.03797	1e-05	1e-05	1e-05	1e-05	1e-05	1e-05	1e-05	0.03336	1e-05	1e-05	1e-05	1e-05	0.03329	0.01538	0.07521	0.0662	0.0	0.0	0.0	0.0	0.16922	0.06293	0.0	0.04993	0.05572	0.11223	0.07504	0.118	0.05056	0.0713	0.0	0.09318	0.0	0.0	0.0	0.0	0.0	0.12833	0.00956	0.02056	1e-05	1e-05	0.02174	0.12911	0.05644	0.0	1e-05	0.05741	0.00927	1e-05	0.07909	0.02867	0.1101	0.10095	0.11647	0.0746	0.11396	0.09276	0.06903	0.02947	0.11524	0.0	0.08729	0.03016	0.06721	0.09733	0.03247	0.10365	0.06949	0.08537	0.07681	0.0	0.02723	0.0	0.14153	0.06079	0.05752	0.06567	
0.07145	0.09234	0.06491	0.06048	0.11692	0.0	0.05131	0.0	0.10227	0.16133	0.14015	0.02714	0.10192	0.09943	0.05431	0.09248	0.0	0.0	0.0	0.0	0.0	0.0	0.0	0.0	0.01616	0.03646	0.0	0.0	0.0	0.0	0.0	0.0	0.0	0.02791	0.0	0.0	0.0	0.0	0.01341	0.0368	0.0892	0.04375	0.0	0.0	0.0	0.0	0.06262	0.07974	0.0	0.04936	0.03032	0.05505	0.05988	0.07116	0.0662	0.05658	0.09318	0.0	0.0	0.0	0.0	0.0	0.0	0.05051	0.00609	0.00824	0.0	0.0	0.02147	0.11888	0.06992	0.0	0.0	0.07581	0.02181	0.0	0.01276	0.04632	0.03984	0.1157	0.06965	0.01374	0.0529	0.0305	0.04093	0.02257	0.09677	0.0	0.08655	0.07581	0.10103	0.12588	0.02364	0.17848	0.09245	0.13617	0.08954	0.0	0.04562	0.0	0.09083	0.0743	0.1037	0.10317	
0.0	0.0	0.0	0.0	0.0	0.0	0.0	0.0	0.0	0.0	0.0	0.0	0.0	0.0	0.0	0.0	0.0	0.0	0.0	0.0	0.0	0.0	0.0	0.0	0.0	0.0	0.0	0.0	0.0	0.0	0.0	0.0	0.0	0.0	0.0	0.0	0.0	0.0	0.0	0.0	0.0	0.0	0.0	0.0	0.0	0.0	0.0	0.0	0.0	0.0	0.0	0.0	0.0	0.0	0.0	0.0	0.0	0.0	0.0	0.0	0.0	0.0	0.0	0.0	0.0	0.0	0.0	0.0	0.0	0.0	0.0	0.0	0.0	0.0	0.0	0.0	0.0	0.0	0.0	0.0	0.0	0.0	0.0	0.0	0.0	0.0	0.0	0.0	0.0	0.0	0.0	0.0	0.0	0.0	0.0	0.0	0.0	0.0	0.0	0.0	0.0	0.0	0.0	0.0	
0.0	0.0	0.0	0.0	0.0	0.0	0.0	0.0	0.0	0.0	0.0	0.0	0.0	0.0	0.0	0.0	0.0	0.0	0.0	0.0	0.0	0.0	0.0	0.0	0.0	0.0	0.0	0.0	0.0	0.0	0.0	0.0	0.0	0.0	0.0	0.0	0.0	0.0	0.0	0.0	0.0	0.0	0.0	0.0	0.0	0.0	0.0	0.0	0.0	0.0	0.0	0.0	0.0	0.0	0.0	0.0	0.0	0.0	0.0	0.0	0.0	0.0	0.0	0.0	0.0	0.0	0.0	0.0	0.0	0.0	0.0	0.0	0.0	0.0	0.0	0.0	0.0	0.0	0.0	0.0	0.0	0.0	0.0	0.0	0.0	0.0	0.0	0.0	0.0	0.0	0.0	0.0	0.0	0.0	0.0	0.0	0.0	0.0	0.0	0.0	0.0	0.0	0.0	0.0	
0.0	0.0	0.0	0.0	0.0	0.0	0.0	0.0	0.0	0.0	0.0	0.0	0.0	0.0	0.0	0.0	0.0	0.0	0.0	0.0	0.0	0.0	0.0	0.0	0.0	0.0	0.0	0.0	0.0	0.0	0.0	0.0	0.0	0.0	0.0	0.0	0.0	0.0	0.0	0.0	0.0	0.0	0.0	0.0	0.0	0.0	0.0	0.0	0.0	0.0	0.0	0.0	0.0	0.0	0.0	0.0	0.0	0.0	0.0	0.0	0.0	0.0	0.0	0.0	0.0	0.0	0.0	0.0	0.0	0.0	0.0	0.0	0.0	0.0	0.0	0.0	0.0	0.0	0.0	0.0	0.0	0.0	0.0	0.0	0.0	0.0	0.0	0.0	0.0	0.0	0.0	0.0	0.0	0.0	0.0	0.0	0.0	0.0	0.0	0.0	0.0	0.0	0.0	0.0	
0.0	0.0	0.0	0.0	0.0	0.0	0.0	0.0	0.0	0.0	0.0	0.0	0.0	0.0	0.0	0.0	0.0	0.0	0.0	0.0	0.0	0.0	0.0	0.0	0.0	0.0	0.0	0.0	0.0	0.0	0.0	0.0	0.0	0.0	0.0	0.0	0.0	0.0	0.0	0.0	0.0	0.0	0.0	0.0	0.0	0.0	0.0	0.0	0.0	0.0	0.0	0.0	0.0	0.0	0.0	0.0	0.0	0.0	0.0	0.0	0.0	0.0	0.0	0.0	0.0	0.0	0.0	0.0	0.0	0.0	0.0	0.0	0.0	0.0	0.0	0.0	0.0	0.0	0.0	0.0	0.0	0.0	0.0	0.0	0.0	0.0	0.0	0.0	0.0	0.0	0.0	0.0	0.0	0.0	0.0	0.0	0.0	0.0	0.0	0.0	0.0	0.0	0.0	0.0	
0.0	0.0	0.0	0.0	0.0	0.0	0.0	0.0	0.0	0.0	0.0	0.0	0.0	0.0	0.0	0.0	0.0	0.0	0.0	0.0	0.0	0.0	0.0	0.0	0.0	0.0	0.0	0.0	0.0	0.0	0.0	0.0	0.0	0.0	0.0	0.0	0.0	0.0	0.0	0.0	0.0	0.0	0.0	0.0	0.0	0.0	0.0	0.0	0.0	0.0	0.0	0.0	0.0	0.0	0.0	0.0	0.0	0.0	0.0	0.0	0.0	0.0	0.0	0.0	0.0	0.0	0.0	0.0	0.0	0.0	0.0	0.0	0.0	0.0	0.0	0.0	0.0	0.0	0.0	0.0	0.0	0.0	0.0	0.0	0.0	0.0	0.0	0.0	0.0	0.0	0.0	0.0	0.0	0.0	0.0	0.0	0.0	0.0	0.0	0.0	0.0	0.0	0.0	0.0	
0.07391	0.16127	0.07759	0.09714	0.08609	0.0	0.06058	0.0	0.11583	0.08202	0.14515	0.06138	0.08042	0.08	0.08097	0.14586	1e-05	1e-05	1e-05	1e-05	1e-05	1e-05	1e-05	1e-05	0.0153	0.01949	1e-05	1e-05	1e-05	1e-05	1e-05	1e-05	1e-05	0.10006	1e-05	1e-05	1e-05	1e-05	0.01833	0.08598	0.13248	0.12518	0.0	0.0	0.0	0.0	0.15316	0.08291	0.0	0.05786	0.14441	0.11329	0.08398	0.18269	0.09492	0.07633	0.12833	0.05051	0.0	0.0	0.0	0.0	0.0	0.0	0.02984	0.01145	1e-05	1e-05	0.04699	0.09236	0.10022	0.0	1e-05	0.0413	0.04948	1e-05	0.06948	0.00988	0.13998	0.10442	0.12627	0.13072	0.14385	0.06719	0.11498	0.06357	0.11577	0.0	0.08209	0.08108	0.11552	0.14405	0.10434	0.17019	0.06908	0.08882	0.06221	0.0	0.09663	0.0	0.12433	0.10566	0.11792	0.10723	
0.12701	0.04213	0.16769	0.032	0.01245	0.0	0.05409	0.0	0.03886	0.01879	0.01936	0.02643	0.07216	0.02178	0.0178	0.10213	2e-05	2e-05	2e-05	2e-05	2e-05	2e-05	2e-05	2e-05	0.00986	0.00894	2e-05	2e-05	2e-05	2e-05	2e-05	2e-05	2e-05	0.02291	2e-05	2e-05	2e-05	2e-05	0.01171	0.02029	0.0277	0.02261	0.0	0.0	0.0	0.0	0.02029	0.14695	0.0	0.08465	0.01602	0.0497	0.04668	0.03433	0.02224	0.00722	0.00956	0.00609	0.0	0.0	0.0	0.0	0.0	0.02984	0.0	0.00746	2e-05	2e-05	0.02819	0.17467	0.06294	0.0	2e-05	0.004	0.02547	2e-05	0.07497	0.02179	0.0898	0.14889	0.15191	0.13338	0.12262	0.0456	0.11584	0.04917	0.11517	0.0	0.00659	0.01522	0.03824	0.07112	0.04872	0.05581	0.03565	0.06469	0.05166	0.0	0.00319	0.0	0.02598	0.07093	0.02183	0.01794	
0.0108	0.00399	0.00775	0.0049	0.01138	0.0	0.00975	0.0	0.00447	0.01148	0.012	0.00562	0.00857	0.02053	0.00246	0.01021	0.00025	0.00025	0.00025	0.00025	0.00025	0.00025	0.00025	0.00025	0.00129	0.00203	0.00025	0.00025	0.00025	0.00025	0.00025	0.00025	0.00025	0.002	0.00025	0.00025	0.00025	0.00025	0.00141	0.00186	0.00888	0.00336	0.0	0.0	0.0	0.0	0.01593	0.0057	0.0	0.01024	0.01561	0.01276	0.00722	0.00672	0.01136	0.01197	0.02056	0.00824	0.0	0.0	0.0	0.0	0.0	0.01145	0.00746	0.0	0.00025	0.00025	0.0022	0.00499	0.00295	0.0	0.00025	0.01472	0.00149	0.00025	0.01151	0.00264	0.00565	0.00471	0.00457	0.00519	0.0052	0.00675	0.00439	0.00291	0.01659	0.0	0.00765	0.00273	0.01129	0.0063	0.00528	0.00958	0.00405	0.01751	0.01108	0.0	0.0062	0.0	0.00462	0.0076	0.00487	0.00938	
