0.0	0.29029	0.34153	0.05941	0.13403	0.22952	0.13716	0.33966	0.05204	0.00016	0.28456	0.25627	0.12445	0.16125	0.00016	0.00016	0.0413	0.32898	0.30471	0.00016	0.00016	0.00016	0.12638	0.16929	0.15933	0.12437	0.15933	0.4213	0.0235	0.00016	0.13188	0.00016	0.00016	0.30516	0.3736	0.3736	0.17404	0.2945	0.34567	0.25882	0.1756	0.17739	0.17571	0.15951	0.36026	0.35436	0.97956	0.13163	0.17459	0.19298	0.18236	0.01442	0.3736	0.3736	0.2945	0.00016	0.00016	0.00016	0.00016	0.00016	0.00016	0.00016	0.00016	0.13188	0.01811	0.00016	0.00016	0.00016	0.22694	0.00016	0.13188	0.00016	0.0235	0.00016	0.07528	0.36716	0.21874	0.32931	0.07838	0.02156	0.17287	0.1901	0.0	0.1907	0.12162	0.07061	0.32306	0.44902	0.24138	0.1188	0.0	0.05891	0.19656	0.14696	0.08749	0.18496	0.0823	0.1076	0.09855	0.22665	
0.29029	0.0	0.25509	0.04674	0.08045	0.22414	0.21115	0.22865	0.02141	0.0001	0.13559	0.14999	0.12391	0.15853	0.0001	0.0001	0.02271	0.27827	0.18932	0.0001	0.0001	0.0001	0.08056	0.21683	0.1588	0.06836	0.1588	0.29356	0.07012	0.0001	0.26033	0.0001	0.0001	0.14016	0.15555	0.15555	0.17406	0.12043	0.1472	0.11989	0.14163	0.13143	0.19121	0.17737	0.16848	0.21753	0.73268	0.17501	0.15924	0.14194	0.17843	0.0149	0.15555	0.15555	0.12043	0.0001	0.0001	0.0001	0.0001	0.0001	0.0001	0.0001	0.0001	0.26033	0.08962	0.0001	0.0001	0.0001	0.40715	0.0001	0.24046	0.0001	0.07012	0.0001	0.0185	0.26321	0.19058	0.17586	0.08509	0.05796	0.16757	0.18461	0.0	0.20142	0.11177	0.07524	0.26844	0.19013	0.15342	0.08298	0.0	0.09404	0.19663	0.12823	0.15296	0.21068	0.08706	0.15945	0.19239	0.16481	
0.34153	0.25509	0.0	0.03535	0.31876	0.17498	0.21633	0.43792	0.10653	0.00014	0.28612	0.41665	0.2645	0.25701	0.00014	0.00014	0.0804	0.5323	0.5276	0.00014	0.00014	0.00014	0.31864	0.15006	0.27477	0.03224	0.27477	0.74304	0.04411	0.00014	0.20329	0.00014	0.00014	0.52728	0.57937	0.57937	0.26922	0.42333	0.54673	0.69263	0.35743	0.23075	0.23431	0.18904	0.14382	0.26879	1.24277	0.16585	0.08904	0.16143	0.51196	0.04766	0.57937	0.57937	0.42333	0.00014	0.00014	0.00014	0.00014	0.00014	0.00014	0.00014	0.00014	0.20329	0.06412	0.00014	0.00014	0.00014	0.23667	0.00014	0.21753	0.00014	0.04411	0.00014	0.15749	0.67198	0.26214	0.32921	0.10411	0.08271	0.36345	0.3584	0.0	0.25492	0.22597	0.10886	0.37334	0.49052	0.28582	0.17761	0.0	0.1279	0.28613	0.11269	0.09043	0.1815	0.17126	0.10312	0.08893	0.1447	
0.05941	0.04674	0.03535	0.0	0.08312	0.13405	0.05461	0.00305	0.24657	4e-05	0.01727	0.05614	0.0109	0.01759	4e-05	4e-05	0.04555	0.01775	0.03561	4e-05	4e-05	4e-05	0.06332	0.05492	0.00648	0.02655	0.00648	0.0302	0.027	4e-05	0.03334	4e-05	4e-05	0.03507	0.00613	0.00613	0.01573	0.0017	0.01165	0.02118	0.12245	0.00714	0.04925	0.05976	0.11415	0.12242	0.21667	0.03477	0.05733	0.02593	0.00435	0.01714	0.00613	0.00613	0.0017	4e-05	4e-05	4e-05	4e-05	4e-05	4e-05	4e-05	4e-05	0.03334	0.00208	4e-05	4e-05	4e-05	0.07606	4e-05	0.0478	4e-05	0.027	4e-05	0.07873	0.09121	0.07398	0.04035	0.08162	0.18853	0.1571	0.07038	0.0	0.12528	0.1242	0.24597	0.03489	0.05216	0.09633	0.12546	0.0	0.01162	0.02312	0.06757	0.11638	0.02836	0.09615	0.08615	0.10677	0.0136	
0.13403	0.08045	0.31876	0.08312	0.0	0.17013	0.04211	0.17078	0.21137	0.00016	0.21874	0.14738	0.05071	0.05974	0.00016	0.00016	0.12386	0.2329	0.25823	0.00016	0.00016	0.00016	0.27551	0.05167	0.02821	0.02411	0.02821	0.21498	0.06778	0.00016	0.03058	0.00016	0.00016	0.25724	0.23356	0.23356	0.16704	0.12416	0.22944	0.35338	0.23543	0.0643	0.14843	0.28072	0.19275	0.21733	0.4509	0.15855	0.10096	0.12679	0.32702	0.01534	0.23356	0.23356	0.12416	0.00016	0.00016	0.00016	0.00016	0.00016	0.00016	0.00016	0.00016	0.03058	0.00281	0.00016	0.00016	0.00016	0.07462	0.00016	0.07107	0.00016	0.06778	0.00016	0.25044	0.21915	0.04785	0.12253	0.04841	0.25109	0.44367	0.16765	0.0	0.11333	0.35391	0.30057	0.15666	0.21499	0.15482	0.28186	0.0	0.05642	0.11788	0.10607	0.11406	0.1037	0.23671	0.11722	0.02465	0.14974	
0.22952	0.22414	0.17498	0.13405	0.17013	0.0	0.12268	0.10505	0.0162	5e-05	0.13775	0.14118	0.10422	0.08868	5e-05	5e-05	0.07506	0.07483	0.11365	5e-05	5e-05	5e-05	0.12583	0.06343	0.07106	0.0852	0.07106	0.08993	0.04112	5e-05	0.04529	5e-05	5e-05	0.11233	0.05493	0.05493	0.06181	0.04516	0.06362	0.1329	0.18827	0.18305	0.18444	0.30569	0.25551	0.17653	0.66979	0.12352	0.12468	0.0492	0.17914	0.02169	0.05493	0.05493	0.04516	5e-05	5e-05	5e-05	5e-05	5e-05	5e-05	5e-05	5e-05	0.04529	0.00359	5e-05	5e-05	5e-05	0.12644	5e-05	0.0696	5e-05	0.04112	5e-05	0.14685	0.18808	0.19784	0.1531	0.07629	0.02719	0.15764	0.19168	0.0	0.1825	0.2148	0.10452	0.07028	0.10102	0.25809	0.10156	0.0	0.13804	0.18739	0.08273	0.11778	0.23397	0.18097	0.1403	0.22351	0.09919	
0.13716	0.21115	0.21633	0.05461	0.04211	0.12268	0.0	0.1497	0.07629	0.00011	0.11187	0.16154	0.54628	0.30706	0.00011	0.00011	0.03805	0.18322	0.24011	0.00011	0.00011	0.00011	0.15784	0.05385	0.36499	0.02484	0.36499	0.15384	0.02531	0.00011	0.03162	0.00011	0.00011	0.23931	0.16061	0.16061	0.02812	0.2367	0.16873	0.14747	0.05695	0.10478	0.12899	0.18412	0.1588	0.28949	0.80065	0.14047	0.0554	0.24322	0.1684	0.0421	0.16061	0.16061	0.2367	0.00011	0.00011	0.00011	0.00011	0.00011	0.00011	0.00011	0.00011	0.03162	0.00109	0.00011	0.00011	0.00011	0.05865	0.00011	0.09523	0.00011	0.02531	0.00011	0.04297	0.18278	0.3239	0.18605	0.177	0.06046	0.12085	0.42473	0.0	0.27896	0.16695	0.07837	0.11002	0.16816	0.09389	0.10414	0.0	0.09094	0.09667	0.13649	0.10657	0.09488	0.16316	0.23446	0.12015	0.08815	
0.33966	0.22865	0.43792	0.00305	0.17078	0.10505	0.1497	0.0	0.10032	3e-05	0.34219	0.32784	0.18277	0.15815	3e-05	3e-05	0.06023	0.46881	0.43647	3e-05	3e-05	3e-05	0.27463	0.06934	0.25121	0.05018	0.25121	0.53359	0.0339	3e-05	0.09827	3e-05	3e-05	0.46864	0.53388	0.53388	0.18846	0.35879	0.62122	0.32897	0.21617	0.12921	0.20134	0.12513	0.18838	0.11368	0.55991	0.13138	0.11819	0.18237	0.21063	0.02078	0.53388	0.53388	0.35879	3e-05	3e-05	3e-05	3e-05	3e-05	3e-05	3e-05	3e-05	0.09827	0.0102	3e-05	3e-05	3e-05	0.18657	3e-05	0.11062	3e-05	0.0339	3e-05	0.05582	0.46613	0.29291	0.25128	0.11493	0.13317	0.25115	0.24606	0.0	0.23976	0.14909	0.13671	0.38781	0.43901	0.23164	0.09593	0.0	0.16081	0.13159	0.09668	0.07429	0.06796	0.06045	0.11827	0.04462	0.09371	
0.05204	0.02141	0.10653	0.24657	0.21137	0.0162	0.07629	0.10032	0.0	8e-05	0.10426	0.15978	0.05727	0.01848	8e-05	8e-05	0.02439	0.10997	0.10052	8e-05	8e-05	8e-05	0.14418	0.02887	0.07176	0.01499	0.07176	0.1342	0.01513	8e-05	0.01842	8e-05	8e-05	0.10069	0.128	0.128	0.0721	0.11083	0.11661	0.09124	0.10174	0.0584	0.02885	0.02644	0.10152	0.18367	0.1734	0.05212	0.08724	0.10326	0.07181	0.00997	0.128	0.128	0.11083	8e-05	8e-05	8e-05	8e-05	8e-05	8e-05	8e-05	8e-05	0.01842	0.00137	8e-05	8e-05	8e-05	0.03759	8e-05	0.02495	8e-05	0.01513	8e-05	0.03982	0.11529	0.06901	0.07157	0.0263	0.56786	0.23604	0.07127	0.0	0.10858	0.24334	0.35817	0.09906	0.15041	0.08343	0.07019	0.0	0.04852	0.01253	0.11512	0.10592	0.00852	0.0821	0.04874	0.01352	0.0757	
0.00016	0.0001	0.00014	4e-05	0.00016	5e-05	0.00011	3e-05	8e-05	0.0	0.00021	4e-05	0.00013	0.00015	0.0	0.0	9e-05	3e-05	3e-05	0.0	0.0	0.0	1e-05	8e-05	7e-05	0.0006	7e-05	9e-05	0.00014	0.0	0.00037	0.0	0.0	3e-05	6e-05	6e-05	3e-05	6e-05	4e-05	0.00013	5e-05	0.00011	0.00011	6e-05	0.00016	9e-05	8e-05	0.00024	0.00017	0.00018	0.00021	0.00061	6e-05	6e-05	6e-05	0.0	0.0	0.0	0.0	0.0	0.0	0.0	0.0	0.00037	0.0	0.0	0.0	0.0	0.00024	0.0	0.00019	0.0	0.00014	0.0	6e-05	0.00012	5e-05	0.00011	0.00029	8e-05	0.0	0.0001	0.0	7e-05	3e-05	9e-05	7e-05	0.00024	0.0001	2e-05	0.0	0.00016	0.00018	0.00016	4e-05	0.00021	4e-05	0.0001	2e-05	0.00011	
0.28456	0.13559	0.28612	0.01727	0.21874	0.13775	0.11187	0.34219	0.10426	0.00021	0.0	0.20251	0.1021	0.08258	0.00021	0.00021	0.05437	0.30797	0.29515	0.00021	0.00021	0.00021	0.15933	0.14998	0.12779	0.17348	0.12779	0.32505	0.03056	0.00021	0.06128	0.00021	0.00021	0.2953	0.33902	0.33902	0.15066	0.25698	0.31899	0.24548	0.12452	0.1261	0.28325	0.15065	0.33812	0.32821	0.9816	0.17903	0.19582	0.3289	0.26897	0.01874	0.33902	0.33902	0.25698	0.00021	0.00021	0.00021	0.00021	0.00021	0.00021	0.00021	0.00021	0.06128	0.00364	0.00021	0.00021	0.00021	0.17778	0.00021	0.07554	0.00021	0.03056	0.00021	0.10119	0.29485	0.15343	0.29799	0.12296	0.12649	0.20886	0.18316	0.0	0.14157	0.24616	0.13027	0.29779	0.46831	0.35092	0.15202	0.0	0.16806	0.19471	0.24971	0.03391	0.13204	0.09014	0.10577	0.09041	0.2049	
0.25627	0.14999	0.41665	0.05614	0.14738	0.14118	0.16154	0.32784	0.15978	4e-05	0.20251	0.0	0.11397	0.08249	4e-05	4e-05	0.05627	0.30475	0.28974	4e-05	4e-05	4e-05	0.12719	0.01166	0.14119	0.04747	0.14119	0.49897	0.03199	4e-05	0.04008	4e-05	4e-05	0.28993	0.34003	0.34003	0.24363	0.26657	0.31728	0.24721	0.35918	0.12735	0.16265	0.14576	0.3242	0.19822	0.60202	0.25051	0.12362	0.214	0.1817	0.01973	0.34003	0.34003	0.26657	4e-05	4e-05	4e-05	4e-05	4e-05	4e-05	4e-05	4e-05	0.04008	0.00295	4e-05	4e-05	4e-05	0.1232	4e-05	0.06073	4e-05	0.03199	4e-05	0.10295	0.43824	0.1537	0.21961	0.16689	0.12288	0.20097	0.18754	0.0	0.09932	0.18377	0.12371	0.31501	0.39529	0.18747	0.14573	0.0	0.10061	0.17673	0.20118	0.13374	0.15525	0.11162	0.14947	0.09658	0.08928	
0.12445	0.12391	0.2645	0.0109	0.05071	0.10422	0.54628	0.18277	0.05727	0.00013	0.1021	0.11397	0.0	0.35475	0.00013	0.00013	0.03452	0.24569	0.30669	0.00013	0.00013	0.00013	0.21742	0.04156	0.45385	0.02019	0.45385	0.19492	0.02051	0.00013	0.02532	0.00013	0.00013	0.3037	0.2291	0.2291	0.0505	0.27397	0.3178	0.20059	0.05548	0.12114	0.08369	0.05003	0.07555	0.26278	0.90565	0.07317	0.02753	0.21029	0.23527	0.0568	0.2291	0.2291	0.27397	0.00013	0.00013	0.00013	0.00013	0.00013	0.00013	0.00013	0.00013	0.02532	0.00077	0.00013	0.00013	0.00013	0.05752	0.00013	0.03633	0.00013	0.02051	0.00013	0.09105	0.22016	0.36649	0.23834	0.08834	0.04625	0.12866	0.5594	0.0	0.19654	0.1566	0.05634	0.09427	0.18396	0.12151	0.06828	0.0	0.04494	0.10694	0.05013	0.12762	0.08305	0.07277	0.16283	0.07349	0.06767	
0.16125	0.15853	0.25701	0.01759	0.05974	0.08868	0.30706	0.15815	0.01848	0.00015	0.08258	0.08249	0.35475	0.0	0.00015	0.00015	0.03895	0.19194	0.2697	0.00015	0.00015	0.00015	0.17884	0.04736	0.54211	0.02221	0.54211	0.14531	0.0226	0.00015	0.02813	0.00015	0.00015	0.26671	0.16207	0.16207	0.0508	0.20349	0.17332	0.2047	0.08815	0.18734	0.10082	0.08796	0.20635	0.418	0.72595	0.14113	0.02998	0.15227	0.25458	0.07729	0.16207	0.16207	0.20349	0.00015	0.00015	0.00015	0.00015	0.00015	0.00015	0.00015	0.00015	0.02813	0.00123	0.00015	0.00015	0.00015	0.06808	0.00015	0.04168	0.00015	0.0226	0.00015	0.06895	0.1719	0.44524	0.13199	0.12666	0.01354	0.20053	0.4129	0.0	0.14806	0.06754	0.10746	0.13468	0.14156	0.04984	0.05195	0.0	0.12683	0.08491	0.04724	0.0725	0.09617	0.10006	0.22018	0.08425	0.10981	
0.00016	0.0001	0.00014	4e-05	0.00016	5e-05	0.00011	3e-05	8e-05	0.0	0.00021	4e-05	0.00013	0.00015	0.0	0.0	9e-05	3e-05	3e-05	0.0	0.0	0.0	1e-05	8e-05	7e-05	0.0006	7e-05	9e-05	0.00014	0.0	0.00037	0.0	0.0	3e-05	6e-05	6e-05	3e-05	6e-05	4e-05	0.00013	5e-05	0.00011	0.00011	6e-05	0.00016	9e-05	8e-05	0.00024	0.00017	0.00018	0.00021	0.00061	6e-05	6e-05	6e-05	0.0	0.0	0.0	0.0	0.0	0.0	0.0	0.0	0.00037	0.0	0.0	0.0	0.0	0.00024	0.0	0.00019	0.0	0.00014	0.0	6e-05	0.00012	5e-05	0.00011	0.00029	8e-05	0.0	0.0001	0.0	7e-05	3e-05	9e-05	7e-05	0.00024	0.0001	2e-05	0.0	0.00016	0.00018	0.00016	4e-05	0.00021	4e-05	0.0001	2e-05	0.00011	
0.00016	0.0001	0.00014	4e-05	0.00016	5e-05	0.00011	3e-05	8e-05	0.0	0.00021	4e-05	0.00013	0.00015	0.0	0.0	9e-05	3e-05	3e-05	0.0	0.0	0.0	1e-05	8e-05	7e-05	0.0006	7e-05	9e-05	0.00014	0.0	0.00037	0.0	0.0	3e-05	6e-05	6e-05	3e-05	6e-05	4e-05	0.00013	5e-05	0.00011	0.00011	6e-05	0.00016	9e-05	8e-05	0.00024	0.00017	0.00018	0.00021	0.00061	6e-05	6e-05	6e-05	0.0	0.0	0.0	0.0	0.0	0.0	0.0	0.0	0.00037	0.0	0.0	0.0	0.0	0.00024	0.0	0.00019	0.0	0.00014	0.0	6e-05	0.00012	5e-05	0.00011	0.00029	8e-05	0.0	0.0001	0.0	7e-05	3e-05	9e-05	7e-05	0.00024	0.0001	2e-05	0.0	0.00016	0.00018	0.00016	4e-05	0.00021	4e-05	0.0001	2e-05	0.00011	
0.0413	0.02271	0.0804	0.04555	0.12386	0.07506	0.03805	0.06023	0.02439	9e-05	0.05437	0.05627	0.03452	0.03895	9e-05	9e-05	0.0	0.17292	0.23786	9e-05	9e-05	9e-05	0.16839	0.01872	0.04319	0.01038	0.04319	0.06344	0.36857	9e-05	0.01249	9e-05	9e-05	0.07	0.07669	0.07669	0.20315	0.00206	0.07502	0.09675	0.11537	0.07548	0.16887	0.10201	0.12245	0.11247	0.0953	0.03068	0.01415	0.02025	0.01999	0.00713	0.07669	0.07669	0.00206	9e-05	9e-05	9e-05	9e-05	9e-05	9e-05	9e-05	9e-05	0.01249	0.00089	9e-05	9e-05	9e-05	0.02319	9e-05	0.18678	9e-05	0.36857	9e-05	0.33456	0.06637	0.04484	0.07548	0.01682	0.02044	0.1412	0.05654	0.0	0.07454	0.09856	0.02192	0.07351	0.05942	0.06942	0.07829	0.0	0.02434	0.04912	0.02168	0.05931	0.06729	0.14192	0.05425	0.04165	0.06782	
0.32898	0.27827	0.5323	0.01775	0.2329	0.07483	0.18322	0.46881	0.10997	3e-05	0.30797	0.30475	0.24569	0.19194	3e-05	3e-05	0.17292	0.0	0.73608	3e-05	3e-05	3e-05	0.35405	0.0769	0.32967	0.03516	0.32967	0.65694	0.23766	3e-05	0.04483	3e-05	3e-05	0.63351	0.8066	0.8066	0.47496	0.549	0.72845	0.48692	0.20491	0.11975	0.25141	0.10064	0.17441	0.12404	0.73132	0.16042	0.1075	0.27365	0.39379	0.02673	0.8066	0.8066	0.549	3e-05	3e-05	3e-05	3e-05	3e-05	3e-05	3e-05	3e-05	0.04483	0.00241	3e-05	3e-05	3e-05	0.11298	3e-05	0.06711	3e-05	0.23766	3e-05	0.17959	0.56478	0.29558	0.35384	0.07142	0.08655	0.3101	0.4255	0.0	0.13376	0.1639	0.10279	0.43799	0.61134	0.2577	0.14488	0.0	0.04183	0.16773	0.08512	0.02966	0.0924	0.09961	0.06929	0.08826	0.09445	
0.30471	0.18932	0.5276	0.03561	0.25823	0.11365	0.24011	0.43647	0.10052	3e-05	0.29515	0.28974	0.30669	0.2697	3e-05	3e-05	0.23786	0.73608	0.0	3e-05	3e-05	3e-05	0.43515	0.07004	0.43092	0.03173	0.43092	0.5945	0.11447	3e-05	0.04057	3e-05	3e-05	0.61439	0.71445	0.71445	0.37049	0.58073	0.65973	0.48448	0.2445	0.09051	0.30787	0.13866	0.23059	0.19797	0.83127	0.18869	0.07714	0.23017	0.33154	0.02934	0.71445	0.71445	0.58073	3e-05	3e-05	3e-05	3e-05	3e-05	3e-05	3e-05	3e-05	0.04057	0.00212	3e-05	3e-05	3e-05	0.10419	3e-05	0.11322	3e-05	0.11447	3e-05	0.28062	0.53272	0.38124	0.35009	0.07286	0.07894	0.38029	0.49471	0.0	0.17036	0.1991	0.10439	0.35504	0.55691	0.25836	0.15332	0.0	0.04944	0.17287	0.0557	0.03996	0.11376	0.15896	0.12528	0.0693	0.13277	
0.00016	0.0001	0.00014	4e-05	0.00016	5e-05	0.00011	3e-05	8e-05	0.0	0.00021	4e-05	0.00013	0.00015	0.0	0.0	9e-05	3e-05	3e-05	0.0	0.0	0.0	1e-05	8e-05	7e-05	0.0006	7e-05	9e-05	0.00014	0.0	0.00037	0.0	0.0	3e-05	6e-05	6e-05	3e-05	6e-05	4e-05	0.00013	5e-05	0.00011	0.00011	6e-05	0.00016	9e-05	8e-05	0.00024	0.00017	0.00018	0.00021	0.00061	6e-05	6e-05	6e-05	0.0	0.0	0.0	0.0	0.0	0.0	0.0	0.0	0.00037	0.0	0.0	0.0	0.0	0.00024	0.0	0.00019	0.0	0.00014	0.0	6e-05	0.00012	5e-05	0.00011	0.00029	8e-05	0.0	0.0001	0.0	7e-05	3e-05	9e-05	7e-05	0.00024	0.0001	2e-05	0.0	0.00016	0.00018	0.00016	4e-05	0.00021	4e-05	0.0001	2e-05	0.00011	
0.00016	0.0001	0.00014	4e-05	0.00016	5e-05	0.00011	3e-05	8e-05	0.0	0.00021	4e-05	0.00013	0.00015	0.0	0.0	9e-05	3e-05	3e-05	0.0	0.0	0.0	1e-05	8e-05	7e-05	0.0006	7e-05	9e-05	0.00014	0.0	0.00037	0.0	0.0	3e-05	6e-05	6e-05	3e-05	6e-05	4e-05	0.00013	5e-05	0.00011	0.00011	6e-05	0.00016	9e-05	8e-05	0.00024	0.00017	0.00018	0.00021	0.00061	6e-05	6e-05	6e-05	0.0	0.0	0.0	0.0	0.0	0.0	0.0	0.0	0.00037	0.0	0.0	0.0	0.0	0.00024	0.0	0.00019	0.0	0.00014	0.0	6e-05	0.00012	5e-05	0.00011	0.00029	8e-05	0.0	0.0001	0.0	7e-05	3e-05	9e-05	7e-05	0.00024	0.0001	2e-05	0.0	0.00016	0.00018	0.00016	4e-05	0.00021	4e-05	0.0001	2e-05	0.00011	
0.00016	0.0001	0.00014	4e-05	0.00016	5e-05	0.00011	3e-05	8e-05	0.0	0.00021	4e-05	0.00013	0.00015	0.0	0.0	9e-05	3e-05	3e-05	0.0	0.0	0.0	1e-05	8e-05	7e-05	0.0006	7e-05	9e-05	0.00014	0.0	0.00037	0.0	0.0	3e-05	6e-05	6e-05	3e-05	6e-05	4e-05	0.00013	5e-05	0.00011	0.00011	6e-05	0.00016	9e-05	8e-05	0.00024	0.00017	0.00018	0.00021	0.00061	6e-05	6e-05	6e-05	0.0	0.0	0.0	0.0	0.0	0.0	0.0	0.0	0.00037	0.0	0.0	0.0	0.0	0.00024	0.0	0.00019	0.0	0.00014	0.0	6e-05	0.00012	5e-05	0.00011	0.00029	8e-05	0.0	0.0001	0.0	7e-05	3e-05	9e-05	7e-05	0.00024	0.0001	2e-05	0.0	0.00016	0.00018	0.00016	4e-05	0.00021	4e-05	0.0001	2e-05	0.00011	
0.12638	0.08056	0.31864	0.06332	0.27551	0.12583	0.15784	0.27463	0.14418	1e-05	0.15933	0.12719	0.21742	0.17884	1e-05	1e-05	0.16839	0.35405	0.43515	1e-05	1e-05	1e-05	0.0	0.09783	0.28571	0.04289	0.28571	0.30904	0.08669	1e-05	0.05527	1e-05	1e-05	0.43185	0.33613	0.33613	0.27541	0.24	0.33872	0.31518	0.22924	0.1506	0.25154	0.23245	0.2522	0.19521	0.83755	0.1101	0.14124	0.10256	0.21378	0.02269	0.33613	0.33613	0.24	1e-05	1e-05	1e-05	1e-05	1e-05	1e-05	1e-05	1e-05	0.05527	0.00408	1e-05	1e-05	1e-05	0.11392	1e-05	0.1098	1e-05	0.08669	1e-05	0.446	0.29718	0.27921	0.23636	0.07802	0.11109	0.44117	0.3304	0.0	0.27126	0.22729	0.12161	0.20416	0.30857	0.20481	0.15416	0.0	0.0624	0.12499	0.05129	0.1467	0.1116	0.278	0.3836	0.03329	0.1597	
0.16929	0.21683	0.15006	0.05492	0.05167	0.06343	0.05385	0.06934	0.02887	8e-05	0.14998	0.01166	0.04156	0.04736	8e-05	8e-05	0.01872	0.0769	0.07004	8e-05	8e-05	8e-05	0.09783	0.0	0.05201	0.2746	0.05201	0.19409	0.01191	8e-05	0.37079	8e-05	8e-05	0.07017	0.09013	0.09013	0.05147	0.07863	0.08175	0.06392	0.03578	0.07547	0.02928	0.06455	0.09656	0.04789	0.15123	0.03721	0.01677	0.0245	0.05088	0.00804	0.09013	0.09013	0.07863	8e-05	8e-05	8e-05	8e-05	8e-05	8e-05	8e-05	8e-05	0.37079	0.10991	8e-05	8e-05	8e-05	0.21517	8e-05	0.27128	8e-05	0.01191	8e-05	0.02973	0.16375	0.0546	0.07233	0.01982	0.02405	0.06183	0.0501	0.0	0.08461	0.06191	0.02634	0.04765	0.08407	0.14038	0.06085	0.0	0.07032	0.09565	0.08133	0.04788	0.07014	0.06723	0.06705	0.04871	0.12946	
0.15933	0.1588	0.27477	0.00648	0.02821	0.07106	0.36499	0.25121	0.07176	7e-05	0.12779	0.14119	0.45385	0.54211	7e-05	7e-05	0.04319	0.32967	0.43092	7e-05	7e-05	7e-05	0.28571	0.05201	0.0	0.02528	0.99993	0.25504	0.02569	7e-05	0.03169	7e-05	7e-05	0.4268	0.3043	0.3043	0.07233	0.37169	0.30965	0.2093	0.07023	0.11049	0.08169	0.03822	0.07761	0.18378	0.80096	0.09532	0.02063	0.20025	0.22415	0.04972	0.3043	0.3043	0.37169	7e-05	7e-05	7e-05	7e-05	7e-05	7e-05	7e-05	7e-05	0.03169	0.00143	7e-05	7e-05	7e-05	0.0717	7e-05	0.04526	7e-05	0.02569	7e-05	0.07432	0.24736	0.73673	0.11461	0.08366	0.05789	0.24847	0.59176	0.0	0.1202	0.08135	0.1036	0.12047	0.23952	0.04897	0.01249	0.0	0.06128	0.10418	0.02945	0.0816	0.03874	0.06071	0.20083	0.08658	0.10805	
0.12437	0.06836	0.03224	0.02655	0.02411	0.0852	0.02484	0.05018	0.01499	0.0006	0.17348	0.04747	0.02019	0.02221	0.0006	0.0006	0.01038	0.03516	0.03173	0.0006	0.0006	0.0006	0.04289	0.2746	0.02528	0.0	0.02528	0.04163	0.00718	0.0006	0.00846	0.0006	0.0006	0.03179	0.04199	0.04199	0.02422	0.03698	0.03763	0.0292	0.03078	0.06513	0.07922	0.02871	0.09471	0.07792	0.20926	0.01746	0.05033	0.04688	0.02363	0.00534	0.04199	0.04199	0.03698	0.0006	0.0006	0.0006	0.0006	0.0006	0.0006	0.0006	0.0006	0.00846	0.00016	0.0006	0.0006	0.0006	0.0139	0.0006	0.01006	0.0006	0.00718	0.0006	0.01537	0.03516	0.02546	0.03216	0.01052	0.01282	0.02738	0.02289	0.0	0.04549	0.02754	0.01289	0.0491	0.11477	0.1636	0.02699	0.0	0.06014	0.0672	0.03533	0.0326	0.04682	0.0298	0.02959	0.05516	0.0943	
0.15933	0.1588	0.27477	0.00648	0.02821	0.07106	0.36499	0.25121	0.07176	7e-05	0.12779	0.14119	0.45385	0.54211	7e-05	7e-05	0.04319	0.32967	0.43092	7e-05	7e-05	7e-05	0.28571	0.05201	0.99993	0.02528	0.0	0.25504	0.02569	7e-05	0.03169	7e-05	7e-05	0.4268	0.3043	0.3043	0.07233	0.37169	0.30965	0.2093	0.07023	0.11049	0.08169	0.03822	0.07761	0.18378	0.80096	0.09532	0.02063	0.20025	0.22415	0.04972	0.3043	0.3043	0.37169	7e-05	7e-05	7e-05	7e-05	7e-05	7e-05	7e-05	7e-05	0.03169	0.00143	7e-05	7e-05	7e-05	0.0717	7e-05	0.04526	7e-05	0.02569	7e-05	0.07432	0.24736	0.73673	0.11461	0.08366	0.05789	0.24847	0.59176	0.0	0.1202	0.08135	0.1036	0.12047	0.23952	0.04897	0.01249	0.0	0.06128	0.10418	0.02945	0.0816	0.03874	0.06071	0.20083	0.08658	0.10805	
0.4213	0.29356	0.74304	0.0302	0.21498	0.08993	0.15384	0.53359	0.1342	9e-05	0.32505	0.49897	0.19492	0.14531	9e-05	9e-05	0.06344	0.65694	0.5945	9e-05	9e-05	9e-05	0.30904	0.19409	0.25504	0.04163	0.25504	0.0	0.03615	9e-05	0.27353	9e-05	9e-05	0.59561	0.77972	0.77972	0.27924	0.52587	0.70162	0.45116	0.2433	0.09837	0.18626	0.09306	0.17115	0.11127	0.71913	0.14286	0.08978	0.16675	0.29323	0.02235	0.77972	0.77972	0.52587	9e-05	9e-05	9e-05	9e-05	9e-05	9e-05	9e-05	9e-05	0.27353	0.09451	9e-05	9e-05	9e-05	0.30003	9e-05	0.26223	9e-05	0.03615	9e-05	0.11616	0.82083	0.24311	0.34948	0.07353	0.10461	0.27428	0.308	0.0	0.16588	0.17134	0.11115	0.3833	0.62224	0.27455	0.13339	0.0	0.09111	0.23214	0.09653	0.06691	0.15149	0.08832	0.06172	0.08236	0.13181	
0.0235	0.07012	0.04411	0.027	0.06778	0.04112	0.02531	0.0339	0.01513	0.00014	0.03056	0.03199	0.02051	0.0226	0.00014	0.00014	0.36857	0.23766	0.11447	0.00014	0.00014	0.00014	0.08669	0.01191	0.02569	0.00718	0.02569	0.03615	0.0	0.00014	0.00838	0.00014	0.00014	0.04793	0.04434	0.04434	0.25386	0.05066	0.04286	0.05352	0.06115	0.08788	0.1417	0.05526	0.06461	0.0605	0.05126	0.01789	0.02796	0.03183	0.02407	0.00514	0.04434	0.04434	0.05066	0.00014	0.00014	0.00014	0.00014	0.00014	0.00014	0.00014	0.00014	0.00838	0.00078	0.00014	0.00014	0.00014	0.01406	0.00014	0.01009	0.00014	0.99964	0.00014	0.17428	0.03713	0.02593	0.04178	0.01057	0.0129	0.07256	0.02333	0.0	0.04066	0.05314	0.01305	0.09462	0.03377	0.03833	0.06648	0.0	0.03175	0.02775	0.04628	0.03346	0.03747	0.07411	0.03037	0.05661	0.03741	
0.00016	0.0001	0.00014	4e-05	0.00016	5e-05	0.00011	3e-05	8e-05	0.0	0.00021	4e-05	0.00013	0.00015	0.0	0.0	9e-05	3e-05	3e-05	0.0	0.0	0.0	1e-05	8e-05	7e-05	0.0006	7e-05	9e-05	0.00014	0.0	0.00037	0.0	0.0	3e-05	6e-05	6e-05	3e-05	6e-05	4e-05	0.00013	5e-05	0.00011	0.00011	6e-05	0.00016	9e-05	8e-05	0.00024	0.00017	0.00018	0.00021	0.00061	6e-05	6e-05	6e-05	0.0	0.0	0.0	0.0	0.0	0.0	0.0	0.0	0.00037	0.0	0.0	0.0	0.0	0.00024	0.0	0.00019	0.0	0.00014	0.0	6e-05	0.00012	5e-05	0.00011	0.00029	8e-05	0.0	0.0001	0.0	7e-05	3e-05	9e-05	7e-05	0.00024	0.0001	2e-05	0.0	0.00016	0.00018	0.00016	4e-05	0.00021	4e-05	0.0001	2e-05	0.00011	
0.13188	0.26033	0.20329	0.03334	0.03058	0.04529	0.03162	0.09827	0.01842	0.00037	0.06128	0.04008	0.02532	0.02813	0.00037	0.00037	0.01249	0.04483	0.04057	0.00037	0.00037	0.00037	0.05527	0.37079	0.03169	0.00846	0.03169	0.27353	0.00838	0.00037	0.0	0.00037	0.00037	0.04065	0.05322	0.05322	0.03066	0.04677	0.04788	0.03725	0.0698	0.05054	0.02881	0.0372	0.04809	0.07417	0.06284	0.02235	0.03509	0.04015	0.03001	0.00601	0.05322	0.05322	0.04677	0.00037	0.00037	0.00037	0.00037	0.00037	0.00037	0.00037	0.00037	1.00019	0.0	0.00037	0.00037	0.00037	0.40361	0.00037	0.58458	0.00037	0.00838	0.00037	0.01891	0.22455	0.03231	0.04132	0.01283	0.01562	0.03525	0.02921	0.0	0.10408	0.0354	0.01613	0.06054	0.05807	0.05624	0.03472	0.0	0.08593	0.10916	0.04594	0.09782	0.10078	0.03864	0.0384	0.05738	0.1134	
0.00016	0.0001	0.00014	4e-05	0.00016	5e-05	0.00011	3e-05	8e-05	0.0	0.00021	4e-05	0.00013	0.00015	0.0	0.0	9e-05	3e-05	3e-05	0.0	0.0	0.0	1e-05	8e-05	7e-05	0.0006	7e-05	9e-05	0.00014	0.0	0.00037	0.0	0.0	3e-05	6e-05	6e-05	3e-05	6e-05	4e-05	0.00013	5e-05	0.00011	0.00011	6e-05	0.00016	9e-05	8e-05	0.00024	0.00017	0.00018	0.00021	0.00061	6e-05	6e-05	6e-05	0.0	0.0	0.0	0.0	0.0	0.0	0.0	0.0	0.00037	0.0	0.0	0.0	0.0	0.00024	0.0	0.00019	0.0	0.00014	0.0	6e-05	0.00012	5e-05	0.00011	0.00029	8e-05	0.0	0.0001	0.0	7e-05	3e-05	9e-05	7e-05	0.00024	0.0001	2e-05	0.0	0.00016	0.00018	0.00016	4e-05	0.00021	4e-05	0.0001	2e-05	0.00011	
0.00016	0.0001	0.00014	4e-05	0.00016	5e-05	0.00011	3e-05	8e-05	0.0	0.00021	4e-05	0.00013	0.00015	0.0	0.0	9e-05	3e-05	3e-05	0.0	0.0	0.0	1e-05	8e-05	7e-05	0.0006	7e-05	9e-05	0.00014	0.0	0.00037	0.0	0.0	3e-05	6e-05	6e-05	3e-05	6e-05	4e-05	0.00013	5e-05	0.00011	0.00011	6e-05	0.00016	9e-05	8e-05	0.00024	0.00017	0.00018	0.00021	0.00061	6e-05	6e-05	6e-05	0.0	0.0	0.0	0.0	0.0	0.0	0.0	0.0	0.00037	0.0	0.0	0.0	0.0	0.00024	0.0	0.00019	0.0	0.00014	0.0	6e-05	0.00012	5e-05	0.00011	0.00029	8e-05	0.0	0.0001	0.0	7e-05	3e-05	9e-05	7e-05	0.00024	0.0001	2e-05	0.0	0.00016	0.00018	0.00016	4e-05	0.00021	4e-05	0.0001	2e-05	0.00011	
0.30516	0.14016	0.52728	0.03507	0.25724	0.11233	0.23931	0.46864	0.10069	3e-05	0.2953	0.28993	0.3037	0.26671	3e-05	3e-05	0.07	0.63351	0.61439	3e-05	3e-05	3e-05	0.43185	0.07017	0.4268	0.03179	0.4268	0.59561	0.04793	3e-05	0.04065	3e-05	3e-05	0.0	0.71606	0.71606	0.32675	0.5832	0.70952	0.48409	0.24305	0.12566	0.16447	0.13732	0.22857	0.19576	0.82827	0.1291	0.12401	0.21296	0.38279	0.02923	0.71606	0.71606	0.5832	3e-05	3e-05	3e-05	3e-05	3e-05	3e-05	3e-05	3e-05	0.04065	0.00213	3e-05	3e-05	3e-05	0.10435	3e-05	0.11416	3e-05	0.04793	3e-05	0.27673	0.53315	0.37782	0.34992	0.07275	0.07908	0.37748	0.50614	0.0	0.16908	0.19785	0.10427	0.37435	0.55789	0.25816	0.15265	0.0	0.04892	0.17258	0.09461	0.09357	0.11302	0.15673	0.12321	0.03509	0.13138	
0.3736	0.15555	0.57937	0.00613	0.23356	0.05493	0.16061	0.53388	0.128	6e-05	0.33902	0.34003	0.2291	0.16207	6e-05	6e-05	0.07669	0.8066	0.71445	6e-05	6e-05	6e-05	0.33613	0.09013	0.3043	0.04199	0.3043	0.77972	0.04434	6e-05	0.05322	6e-05	6e-05	0.71606	0.0	0.99993	0.32768	0.6487	0.87501	0.53305	0.19291	0.06535	0.18394	0.08379	0.15337	0.07692	0.66764	0.15307	0.0808	0.17309	0.34062	0.02772	0.99993	0.99993	0.6487	6e-05	6e-05	6e-05	6e-05	6e-05	6e-05	6e-05	6e-05	0.05322	0.00305	6e-05	6e-05	6e-05	0.12935	6e-05	0.07279	6e-05	0.04434	6e-05	0.13858	0.64001	0.27148	0.38273	0.07684	0.10119	0.29167	0.35453	0.0	0.11838	0.15144	0.1094	0.39548	0.71627	0.27386	0.12391	0.0	0.01867	0.17561	0.04997	0.00613	0.08427	0.07302	0.04239	0.03161	0.07804	
0.3736	0.15555	0.57937	0.00613	0.23356	0.05493	0.16061	0.53388	0.128	6e-05	0.33902	0.34003	0.2291	0.16207	6e-05	6e-05	0.07669	0.8066	0.71445	6e-05	6e-05	6e-05	0.33613	0.09013	0.3043	0.04199	0.3043	0.77972	0.04434	6e-05	0.05322	6e-05	6e-05	0.71606	0.99993	0.0	0.32768	0.6487	0.87501	0.53305	0.19291	0.06535	0.18394	0.08379	0.15337	0.07692	0.66764	0.15307	0.0808	0.17309	0.34062	0.02772	0.99993	0.99993	0.6487	6e-05	6e-05	6e-05	6e-05	6e-05	6e-05	6e-05	6e-05	0.05322	0.00305	6e-05	6e-05	6e-05	0.12935	6e-05	0.07279	6e-05	0.04434	6e-05	0.13858	0.64001	0.27148	0.38273	0.07684	0.10119	0.29167	0.35453	0.0	0.11838	0.15144	0.1094	0.39548	0.71627	0.27386	0.12391	0.0	0.01867	0.17561	0.04997	0.00613	0.08427	0.07302	0.04239	0.03161	0.07804	
0.17404	0.17406	0.26922	0.01573	0.16704	0.06181	0.02812	0.18846	0.0721	3e-05	0.15066	0.24363	0.0505	0.0508	3e-05	3e-05	0.20315	0.47496	0.37049	3e-05	3e-05	3e-05	0.27541	0.05147	0.07233	0.02422	0.07233	0.27924	0.25386	3e-05	0.03066	3e-05	3e-05	0.32675	0.32768	0.32768	0.0	0.19243	0.31403	0.33899	0.29998	0.08014	0.28321	0.09826	0.22197	0.0834	0.35045	0.11683	0.11142	0.14942	0.15016	0.01544	0.32768	0.32768	0.19243	3e-05	3e-05	3e-05	3e-05	3e-05	3e-05	3e-05	3e-05	0.03066	0.00143	3e-05	3e-05	3e-05	0.07345	3e-05	0.07006	3e-05	0.25386	3e-05	0.24919	0.27154	0.07695	0.14635	0.07671	0.05758	0.31792	0.22395	0.0	0.08744	0.17338	0.09971	0.34264	0.26363	0.08119	0.2353	0.0	0.04495	0.19857	0.16527	0.02987	0.05729	0.17843	0.05505	0.09282	0.09743	
0.2945	0.12043	0.42333	0.0017	0.12416	0.04516	0.2367	0.35879	0.11083	6e-05	0.25698	0.26657	0.27397	0.20349	6e-05	6e-05	0.00206	0.549	0.58073	6e-05	6e-05	6e-05	0.24	0.07863	0.37169	0.03698	0.37169	0.52587	0.05066	6e-05	0.04677	6e-05	6e-05	0.5832	0.6487	0.6487	0.19243	0.0	0.58409	0.36662	0.11436	0.08404	0.12316	0.05201	0.07346	0.09437	0.68816	0.16974	0.04534	0.13629	0.22474	0.03157	0.6487	0.6487	0.99993	6e-05	6e-05	6e-05	6e-05	6e-05	6e-05	6e-05	6e-05	0.04677	0.00252	6e-05	6e-05	6e-05	0.11179	6e-05	0.06834	6e-05	0.05066	6e-05	0.03553	0.45032	0.31879	0.25325	0.07601	0.08808	0.21116	0.28755	0.0	0.10339	0.10928	0.1047	0.27825	0.4887	0.1678	0.12059	0.0	0.03701	0.14847	0.0386	0.00974	0.06185	0.03132	0.05453	0.02899	0.06942	
0.34567	0.1472	0.54673	0.01165	0.22944	0.06362	0.16873	0.62122	0.11661	4e-05	0.31899	0.31728	0.3178	0.17332	4e-05	4e-05	0.07502	0.72845	0.65973	4e-05	4e-05	4e-05	0.33872	0.08175	0.30965	0.03763	0.30965	0.70162	0.04286	4e-05	0.04788	4e-05	4e-05	0.70952	0.87501	0.87501	0.31403	0.58409	0.0	0.50064	0.19598	0.08409	0.1833	0.09053	0.16055	0.09894	0.69739	0.17007	0.08642	0.17527	0.33472	0.02656	0.87501	0.87501	0.58409	4e-05	4e-05	4e-05	4e-05	4e-05	4e-05	4e-05	4e-05	0.04788	0.00263	4e-05	4e-05	4e-05	0.11907	4e-05	0.0686	4e-05	0.04286	4e-05	0.15484	0.59139	0.27781	0.36284	0.07273	0.09193	0.29592	0.37367	0.0	0.12419	0.15535	0.10445	0.37854	0.64983	0.26235	0.13213	0.0	0.02924	0.16931	0.05646	0.03404	0.08699	0.08429	0.05425	0.05529	0.0846	
0.25882	0.11989	0.69263	0.02118	0.35338	0.1329	0.14747	0.32897	0.09124	0.00013	0.24548	0.24721	0.20059	0.2047	0.00013	0.00013	0.09675	0.48692	0.48448	0.00013	0.00013	0.00013	0.31518	0.06392	0.2093	0.0292	0.2093	0.45116	0.05352	0.00013	0.03725	0.00013	0.00013	0.48409	0.53305	0.53305	0.33899	0.36662	0.50064	0.0	0.31181	0.13164	0.2324	0.17103	0.15261	0.14063	1.25661	0.1884	0.0621	0.15192	0.467	0.06651	0.53305	0.53305	0.36662	0.00013	0.00013	0.00013	0.00013	0.00013	0.00013	0.00013	0.00013	0.03725	0.00206	0.00013	0.00013	0.00013	0.09438	0.00013	0.06839	0.00013	0.05352	0.00013	0.18865	0.41774	0.19568	0.26634	0.12304	0.07193	0.40321	0.30913	0.0	0.17702	0.20156	0.10347	0.29835	0.42494	0.21763	0.18074	0.0	0.06897	0.27248	0.06619	0.02422	0.1061	0.15639	0.06975	0.04059	0.11042	
0.1756	0.14163	0.35743	0.12245	0.23543	0.18827	0.05695	0.21617	0.10174	5e-05	0.12452	0.35918	0.05548	0.08815	5e-05	5e-05	0.11537	0.20491	0.2445	5e-05	5e-05	5e-05	0.22924	0.03578	0.07023	0.03078	0.07023	0.2433	0.06115	5e-05	0.0698	5e-05	5e-05	0.24305	0.19291	0.19291	0.29998	0.11436	0.19598	0.31181	0.0	0.09728	0.25047	0.16751	0.35401	0.26932	0.3663	0.21701	0.09172	0.15145	0.16629	0.01914	0.19291	0.19291	0.11436	5e-05	5e-05	5e-05	5e-05	5e-05	5e-05	5e-05	5e-05	0.0698	0.00605	5e-05	5e-05	5e-05	0.11901	5e-05	0.10754	5e-05	0.06115	5e-05	0.2495	0.35748	0.08716	0.20072	0.12196	0.07904	0.38344	0.23538	0.0	0.26038	0.22289	0.22152	0.20952	0.1864	0.19069	0.24024	0.0	0.11745	0.15288	0.14682	0.13149	0.20872	0.18626	0.14095	0.09316	0.21225	
0.17739	0.13143	0.23075	0.00714	0.0643	0.18305	0.10478	0.12921	0.0584	0.00011	0.1261	0.12735	0.12114	0.18734	0.00011	0.00011	0.07548	0.11975	0.09051	0.00011	0.00011	0.00011	0.1506	0.07547	0.11049	0.06513	0.11049	0.09837	0.08788	0.00011	0.05054	0.00011	0.00011	0.12566	0.06535	0.06535	0.08014	0.08404	0.08409	0.13164	0.09728	0.0	0.18568	0.14469	0.30396	0.35595	0.56457	0.16143	0.13444	0.12257	0.23795	0.06172	0.06535	0.06535	0.08404	0.00011	0.00011	0.00011	0.00011	0.00011	0.00011	0.00011	0.00011	0.05054	0.00011	0.00011	0.00011	0.00011	0.13846	0.00011	0.10008	0.00011	0.08788	0.00011	0.02792	0.13803	0.13179	0.18735	0.11784	0.04703	0.08694	0.14637	0.0	0.21506	0.11191	0.08196	0.19164	0.07362	0.17304	0.0918	0.0	0.11781	0.21487	0.12609	0.1854	0.11882	0.15048	0.29526	0.16747	0.15189	
0.17571	0.19121	0.23431	0.04925	0.14843	0.18444	0.12899	0.20134	0.02885	0.00011	0.28325	0.16265	0.08369	0.10082	0.00011	0.00011	0.16887	0.25141	0.30787	0.00011	0.00011	0.00011	0.25154	0.02928	0.08169	0.07922	0.08169	0.18626	0.1417	0.00011	0.02881	0.00011	0.00011	0.16447	0.18394	0.18394	0.28321	0.12316	0.1833	0.2324	0.25047	0.18568	0.0	0.17351	0.22178	0.22741	1.20234	0.13527	0.05457	0.09722	0.0926	0.01406	0.18394	0.18394	0.12316	0.00011	0.00011	0.00011	0.00011	0.00011	0.00011	0.00011	0.00011	0.02881	0.001	0.00011	0.00011	0.00011	0.07288	0.00011	0.10928	0.00011	0.1417	0.00011	0.17232	0.22404	0.13981	0.21568	0.10937	0.05527	0.23206	0.18779	0.0	0.17371	0.1478	0.0953	0.21571	0.26888	0.33099	0.16144	0.0	0.23853	0.14606	0.13572	0.04093	0.09301	0.13458	0.17182	0.14111	0.11015	
0.15951	0.17737	0.18904	0.05976	0.28072	0.30569	0.18412	0.12513	0.02644	6e-05	0.15065	0.14576	0.05003	0.08796	6e-05	6e-05	0.10201	0.10064	0.13866	6e-05	6e-05	6e-05	0.23245	0.06455	0.03822	0.02871	0.03822	0.09306	0.05526	6e-05	0.0372	6e-05	6e-05	0.13732	0.08379	0.08379	0.09826	0.05201	0.09053	0.17103	0.16751	0.14469	0.17351	0.0	0.30764	0.33457	0.48638	0.26134	0.09976	0.14006	0.21413	0.06368	0.08379	0.08379	0.05201	6e-05	6e-05	6e-05	6e-05	6e-05	6e-05	6e-05	6e-05	0.0372	0.00246	6e-05	6e-05	6e-05	0.0834	6e-05	0.07061	6e-05	0.05526	6e-05	0.20814	0.12664	0.06545	0.16027	0.22239	0.0233	0.26192	0.13319	0.0	0.17448	0.23662	0.13079	0.12548	0.15401	0.16606	0.1629	0.0	0.17905	0.19786	0.16632	0.2039	0.19171	0.40381	0.2661	0.1265	0.16397	
0.36026	0.16848	0.14382	0.11415	0.19275	0.25551	0.1588	0.18838	0.10152	0.00016	0.33812	0.3242	0.07555	0.20635	0.00016	0.00016	0.12245	0.17441	0.23059	0.00016	0.00016	0.00016	0.2522	0.09656	0.07761	0.09471	0.07761	0.17115	0.06461	0.00016	0.04809	0.00016	0.00016	0.22857	0.15337	0.15337	0.22197	0.07346	0.16055	0.15261	0.35401	0.30396	0.22178	0.30764	0.0	0.29342	0.39053	0.21605	0.1151	0.33788	0.10292	0.05635	0.15337	0.15337	0.07346	0.00016	0.00016	0.00016	0.00016	0.00016	0.00016	0.00016	0.00016	0.04809	0.00016	0.00016	0.00016	0.00016	0.14614	0.00016	0.09447	0.00016	0.06461	0.00016	0.27626	0.27234	0.10492	0.30414	0.15209	0.08435	0.3237	0.20669	0.0	0.26501	0.31245	0.25557	0.24838	0.30533	0.26011	0.37808	0.0	0.22287	0.29048	0.24096	0.22775	0.52146	0.39147	0.41496	0.23193	0.39893	
0.35436	0.21753	0.26879	0.12242	0.21733	0.17653	0.28949	0.11368	0.18367	9e-05	0.32821	0.19822	0.26278	0.418	9e-05	9e-05	0.11247	0.12404	0.19797	9e-05	9e-05	9e-05	0.19521	0.04789	0.18378	0.07792	0.18378	0.11127	0.0605	9e-05	0.07417	9e-05	9e-05	0.19576	0.07692	0.07692	0.0834	0.09437	0.09894	0.14063	0.26932	0.35595	0.22741	0.33457	0.29342	0.0	0.2043	0.16986	0.08218	0.50245	0.24264	0.18734	0.07692	0.07692	0.09437	9e-05	9e-05	9e-05	9e-05	9e-05	9e-05	9e-05	9e-05	0.07417	9e-05	9e-05	9e-05	9e-05	0.22573	9e-05	0.12674	9e-05	0.0605	9e-05	0.21489	0.16974	0.21107	0.1953	0.16109	0.1671	0.3792	0.31459	0.0	0.27209	0.41335	0.29914	0.16818	0.37056	0.16118	0.44478	0.0	0.64542	0.47986	0.67733	0.17265	0.38267	0.53623	0.31428	0.26512	0.52173	
0.97956	0.73268	1.24277	0.21667	0.4509	0.66979	0.80065	0.55991	0.1734	8e-05	0.9816	0.60202	0.90565	0.72595	8e-05	8e-05	0.0953	0.73132	0.83127	8e-05	8e-05	8e-05	0.83755	0.15123	0.80096	0.20926	0.80096	0.71913	0.05126	8e-05	0.06284	8e-05	8e-05	0.82827	0.66764	0.66764	0.35045	0.68816	0.69739	1.25661	0.3663	0.56457	1.20234	0.48638	0.39053	0.2043	0.0	0.41986	0.16551	0.55406	1.01244	0.11897	0.66764	0.66764	0.68816	8e-05	8e-05	8e-05	8e-05	8e-05	8e-05	8e-05	8e-05	0.06284	7e-05	8e-05	8e-05	8e-05	0.19127	8e-05	0.10738	8e-05	0.05126	8e-05	0.1821	0.79817	0.84187	1.19492	0.39035	0.1348	0.5506	0.98332	0.0	0.74271	0.59709	0.20771	0.83164	1.20654	0.55022	0.38269	0.0	0.69072	0.87804	0.53845	0.35626	0.43587	0.27579	0.66782	0.40054	0.63512	
0.13163	0.17501	0.16585	0.03477	0.15855	0.12352	0.14047	0.13138	0.05212	0.00024	0.17903	0.25051	0.07317	0.14113	0.00024	0.00024	0.03068	0.16042	0.18869	0.00024	0.00024	0.00024	0.1101	0.03721	0.09532	0.01746	0.09532	0.14286	0.01789	0.00024	0.02235	0.00024	0.00024	0.1291	0.15307	0.15307	0.11683	0.16974	0.17007	0.1884	0.21701	0.16143	0.13527	0.26134	0.21605	0.16986	0.41986	0.0	0.12751	0.26224	0.24815	0.01118	0.15307	0.15307	0.16974	0.00024	0.00024	0.00024	0.00024	0.00024	0.00024	0.00024	0.00024	0.02235	0.00162	0.00024	0.00024	0.00024	0.0468	0.00024	0.03291	0.00024	0.01789	0.00024	0.0146	0.19602	0.09271	0.08994	0.42156	0.04166	0.18355	0.21098	0.0	0.09227	0.14282	0.13303	0.13547	0.21253	0.11484	0.14028	0.0	0.12673	0.13528	0.20737	0.11518	0.13393	0.10202	0.30023	0.20463	0.13716	
0.17459	0.15924	0.08904	0.05733	0.10096	0.12468	0.0554	0.11819	0.08724	0.00017	0.19582	0.12362	0.02753	0.02998	0.00017	0.00017	0.01415	0.1075	0.07714	0.00017	0.00017	0.00017	0.14124	0.01677	0.02063	0.05033	0.02063	0.08978	0.02796	0.00017	0.03509	0.00017	0.00017	0.12401	0.0808	0.0808	0.11142	0.04534	0.08642	0.0621	0.09172	0.13444	0.05457	0.09976	0.1151	0.08218	0.16551	0.12751	0.0	0.27134	0.1936	0.01721	0.0808	0.0808	0.04534	0.00017	0.00017	0.00017	0.00017	0.00017	0.00017	0.00017	0.00017	0.03509	0.00283	0.00017	0.00017	0.00017	0.23428	0.00017	0.06618	0.00017	0.02796	0.00017	0.05613	0.1066	0.04112	0.10954	0.05739	0.06849	0.08567	0.13229	0.0	0.07276	0.12756	0.10197	0.20462	0.13199	0.12448	0.07658	0.0	0.0646	0.0634	0.20932	0.05261	0.0945	0.08166	0.12572	0.05977	0.16383	
0.19298	0.14194	0.16143	0.02593	0.12679	0.0492	0.24322	0.18237	0.10326	0.00018	0.3289	0.214	0.21029	0.15227	0.00018	0.00018	0.02025	0.27365	0.23017	0.00018	0.00018	0.00018	0.10256	0.0245	0.20025	0.04688	0.20025	0.16675	0.03183	0.00018	0.04015	0.00018	0.00018	0.21296	0.17309	0.17309	0.14942	0.13629	0.17527	0.15192	0.15145	0.12257	0.09722	0.14006	0.33788	0.50245	0.55406	0.26224	0.27134	0.0	0.29242	0.02886	0.17309	0.17309	0.13629	0.00018	0.00018	0.00018	0.00018	0.00018	0.00018	0.00018	0.00018	0.04015	0.00166	0.00018	0.00018	0.00018	0.10919	0.00018	0.06953	0.00018	0.03183	0.00018	0.06149	0.18014	0.19673	0.17661	0.18375	0.08014	0.2032	0.30495	0.0	0.16281	0.16395	0.11172	0.24759	0.33954	0.18217	0.12847	0.0	0.09488	0.07621	0.29037	0.084	0.08864	0.0832	0.18732	0.1037	0.19847	
0.18236	0.17843	0.51196	0.00435	0.32702	0.17914	0.1684	0.21063	0.07181	0.00021	0.26897	0.1817	0.23527	0.25458	0.00021	0.00021	0.01999	0.39379	0.33154	0.00021	0.00021	0.00021	0.21378	0.05088	0.22415	0.02363	0.22415	0.29323	0.02407	0.00021	0.03001	0.00021	0.00021	0.38279	0.34062	0.34062	0.15016	0.22474	0.33472	0.467	0.16629	0.23795	0.0926	0.21413	0.10292	0.24264	1.01244	0.24815	0.1936	0.29242	0.0	0.0603	0.34062	0.34062	0.22474	0.00021	0.00021	0.00021	0.00021	0.00021	0.00021	0.00021	0.00021	0.03001	0.00191	0.00021	0.00021	0.00021	0.07394	0.00021	0.07698	0.00021	0.02407	0.00021	0.09517	0.30256	0.20218	0.21681	0.1054	0.05706	0.1914	0.40731	0.0	0.17163	0.17458	0.11204	0.34062	0.27774	0.12698	0.11701	0.0	0.05566	0.17135	0.14813	0.07449	0.16838	0.11744	0.11716	0.05812	0.06659	
0.01442	0.0149	0.04766	0.01714	0.01534	0.02169	0.0421	0.02078	0.00997	0.00061	0.01874	0.01973	0.0568	0.07729	0.00061	0.00061	0.00713	0.02673	0.02934	0.00061	0.00061	0.00061	0.02269	0.00804	0.04972	0.00534	0.04972	0.02235	0.00514	0.00061	0.00601	0.00061	0.00061	0.02923	0.02772	0.02772	0.01544	0.03157	0.02656	0.06651	0.01914	0.06172	0.01406	0.06368	0.05635	0.18734	0.11897	0.01118	0.01721	0.02886	0.0603	0.0	0.02772	0.02772	0.03157	0.00061	0.00061	0.00061	0.00061	0.00061	0.00061	0.00061	0.00061	0.00601	0.00023	0.00061	0.00061	0.00061	0.00913	0.00061	0.00678	0.00061	0.00514	0.00061	0.0102	0.02269	0.03802	0.02539	0.0071	0.00863	0.01703	0.03796	0.0	0.03144	0.01716	0.00834	0.0242	0.02087	0.02324	0.01679	0.0	0.12464	0.09093	0.02783	0.03924	0.12592	0.03844	0.03926	0.02685	0.02253	
0.3736	0.15555	0.57937	0.00613	0.23356	0.05493	0.16061	0.53388	0.128	6e-05	0.33902	0.34003	0.2291	0.16207	6e-05	6e-05	0.07669	0.8066	0.71445	6e-05	6e-05	6e-05	0.33613	0.09013	0.3043	0.04199	0.3043	0.77972	0.04434	6e-05	0.05322	6e-05	6e-05	0.71606	0.99993	0.99993	0.32768	0.6487	0.87501	0.53305	0.19291	0.06535	0.18394	0.08379	0.15337	0.07692	0.66764	0.15307	0.0808	0.17309	0.34062	0.02772	0.0	0.99993	0.6487	6e-05	6e-05	6e-05	6e-05	6e-05	6e-05	6e-05	6e-05	0.05322	0.00305	6e-05	6e-05	6e-05	0.12935	6e-05	0.07279	6e-05	0.04434	6e-05	0.13858	0.64001	0.27148	0.38273	0.07684	0.10119	0.29167	0.35453	0.0	0.11838	0.15144	0.1094	0.39548	0.71627	0.27386	0.12391	0.0	0.01867	0.17561	0.04997	0.00613	0.08427	0.07302	0.04239	0.03161	0.07804	
0.3736	0.15555	0.57937	0.00613	0.23356	0.05493	0.16061	0.53388	0.128	6e-05	0.33902	0.34003	0.2291	0.16207	6e-05	6e-05	0.07669	0.8066	0.71445	6e-05	6e-05	6e-05	0.33613	0.09013	0.3043	0.04199	0.3043	0.77972	0.04434	6e-05	0.05322	6e-05	6e-05	0.71606	0.99993	0.99993	0.32768	0.6487	0.87501	0.53305	0.19291	0.06535	0.18394	0.08379	0.15337	0.07692	0.66764	0.15307	0.0808	0.17309	0.34062	0.02772	0.99993	0.0	0.6487	6e-05	6e-05	6e-05	6e-05	6e-05	6e-05	6e-05	6e-05	0.05322	0.00305	6e-05	6e-05	6e-05	0.12935	6e-05	0.07279	6e-05	0.04434	6e-05	0.13858	0.64001	0.27148	0.38273	0.07684	0.10119	0.29167	0.35453	0.0	0.11838	0.15144	0.1094	0.39548	0.71627	0.27386	0.12391	0.0	0.01867	0.17561	0.04997	0.00613	0.08427	0.07302	0.04239	0.03161	0.07804	
