0.0	0.08712	0.10863	0.0	0.09934	0.21485	0.1398	0.05901	0.0	0.08197	0.00881	0.00073	0.00073	0.09093	0.01019	0.0272	0.12782	0.09997	0.28481	0.0	0.57045	0.10349	0.06292	0.12099	0.07132	0.11143	0.09443	0.0	0.05402	0.04994	0.05639	0.0	0.0	0.0	0.04877	0.11587	0.03968	0.12466	0.104	0.05675	0.05121	0.10323	0.05583	0.11337	0.0	0.15371	0.25399	0.05494	0.0	0.0	0.0	0.0	0.0	0.0	0.0	0.10755	0.0	0.1233	0.10781	0.09864	0.16946	0.09253	0.14219	0.05801	0.0	0.0	0.05278	0.22636	0.14237	0.09224	0.00073	0.05469	0.02377	0.18834	0.0661	0.05408	0.0409	0.05446	0.09232	0.0	0.0	0.0	0.10763	0.05103	0.06281	0.10122	0.00073	0.03248	0.01177	0.00073	0.00073	0.00073	0.00073	0.05041	0.06817	0.00073	0.00991	0.0	0.01654	0.03132	0.00073	0.00073	0.00073	0.01177	0.16098	0.22721	0.13059	0.11237	0.0	0.0615	0.18649	
0.08712	0.0	0.01808	0.0	0.07032	0.08744	0.07029	0.015	0.0	0.06609	0.01382	0.00025	0.00025	0.08403	0.01049	0.02889	0.03565	0.05862	0.22626	0.0	0.32357	0.08349	0.04453	0.05659	0.09379	0.04066	0.04483	0.0	0.02077	0.04774	0.07521	0.0	0.0	0.0	0.10484	0.0539	0.06189	0.05098	0.12803	0.0636	0.0479	0.10159	0.11465	0.04225	0.0	0.0333	0.021	0.07521	0.0	0.0	0.0	0.0	0.0	0.0	0.0	0.08008	0.0	0.42189	0.08023	0.08953	0.03238	0.05446	0.07353	0.07506	0.0	0.0	0.04127	0.04596	0.04971	0.08711	0.00025	0.03892	0.0321	0.06527	0.05896	0.02384	0.01602	0.05162	0.05222	0.0	0.0	0.0	0.18036	0.02177	0.06937	0.08498	0.00025	0.02681	0.01454	0.00025	0.00025	0.00025	0.00025	0.02951	0.05533	0.00025	0.01704	0.0	0.01895	0.02569	0.00025	0.00025	0.00025	0.01454	0.05652	0.0944	0.04598	0.03932	0.0	0.40951	0.05413	
0.10863	0.01808	0.0	0.0	0.10268	0.18881	0.11126	0.03243	0.0	0.07552	0.00574	0.00011	0.00011	0.03869	0.03298	0.07334	0.02417	0.0438	0.74785	0.0	0.21088	0.03447	0.01071	0.04794	0.13071	0.07789	0.05631	0.0	0.01316	0.0848	0.02501	0.0	0.0	0.0	0.05261	0.03024	0.05775	0.02	0.06615	0.0451	0.09132	0.06224	0.06003	0.03436	0.0	0.07972	0.0206	0.01858	0.0	0.0	0.0	0.0	0.0	0.0	0.0	0.01889	0.0	0.10943	0.09198	0.08024	0.13461	0.01927	0.08449	0.07026	0.0	0.0	0.02692	0.10815	0.07077	0.02591	0.00011	0.06254	0.0157	0.01556	0.03301	0.05563	0.01331	0.05318	0.0475	0.0	0.0	0.0	0.25615	0.09775	0.01329	0.01545	0.00011	0.03731	0.00778	0.00011	0.00011	0.00011	0.00011	0.03737	0.04819	0.00011	0.0202	0.0	0.01381	0.03578	0.00011	0.00011	0.00011	0.00778	0.08523	0.20203	0.09073	0.57439	0.0	0.0091	0.18786	
0.0	0.0	0.0	0.0	0.0	0.0	0.0	0.0	0.0	0.0	0.0	0.0	0.0	0.0	0.0	0.0	0.0	0.0	0.0	0.0	0.0	0.0	0.0	0.0	0.0	0.0	0.0	0.0	0.0	0.0	0.0	0.0	0.0	0.0	0.0	0.0	0.0	0.0	0.0	0.0	0.0	0.0	0.0	0.0	0.0	0.0	0.0	0.0	0.0	0.0	0.0	0.0	0.0	0.0	0.0	0.0	0.0	0.0	0.0	0.0	0.0	0.0	0.0	0.0	0.0	0.0	0.0	0.0	0.0	0.0	0.0	0.0	0.0	0.0	0.0	0.0	0.0	0.0	0.0	0.0	0.0	0.0	0.0	0.0	0.0	0.0	0.0	0.0	0.0	0.0	0.0	0.0	0.0	0.0	0.0	0.0	0.0	0.0	0.0	0.0	0.0	0.0	0.0	0.0	0.0	0.0	0.0	0.0	0.0	0.0	0.0	
0.09934	0.07032	0.10268	0.0	0.0	0.31864	0.31916	0.02101	0.0	0.08004	0.00654	5e-05	5e-05	0.13693	0.00616	0.02028	0.17571	0.08864	0.27754	0.0	0.18766	0.1345	0.06897	0.13307	0.15167	0.07625	0.02768	0.0	0.0217	0.06625	0.08427	0.0	0.0	0.0	0.04167	0.12058	0.08087	0.08627	0.11066	0.04149	0.1052	0.1061	0.07859	0.07962	0.0	0.18145	0.21633	0.02974	0.0	0.0	0.0	0.0	0.0	0.0	0.0	0.05327	0.0	0.19998	0.07204	0.01983	0.03964	0.02676	0.11104	0.14736	0.0	0.0	0.01453	0.16206	0.12366	0.03711	5e-05	0.0213	0.04824	0.18561	0.19023	0.09426	0.05056	0.29957	0.08202	0.0	0.0	0.0	0.39871	0.05935	0.08625	0.02456	5e-05	0.01309	0.00886	5e-05	5e-05	5e-05	5e-05	0.00544	0.03916	5e-05	0.00532	0.0	0.02301	0.01268	5e-05	5e-05	5e-05	0.00886	0.36149	0.32574	0.6597	0.12445	0.0	0.14304	0.07127	
0.21485	0.08744	0.18881	0.0	0.31864	0.0	0.40921	0.06677	0.0	0.09439	0.01385	0.00017	0.00017	0.08285	0.00735	0.02678	0.15972	0.15766	0.60028	0.0	0.31771	0.15244	0.0942	0.09044	0.09823	0.14349	0.11646	0.0	0.02781	0.12193	0.19939	0.0	0.0	0.0	0.14783	0.14173	0.15121	0.18078	0.18148	0.05835	0.17713	0.07397	0.13598	0.13871	0.0	0.30909	0.2756	0.04837	0.0	0.0	0.0	0.0	0.0	0.0	0.0	0.10396	0.0	0.32713	0.11408	0.08136	0.12891	0.11278	0.15788	0.14224	0.0	0.0	0.08386	0.2599	0.21407	0.06503	0.00017	0.02663	0.03853	0.28454	0.26412	0.1036	0.13104	0.142	0.08826	0.0	0.0	0.0	0.51104	0.13023	0.10615	0.10926	0.00017	0.01596	0.01903	0.00017	0.00017	0.00017	0.00017	0.02999	0.05881	0.00017	0.01569	0.0	0.01567	0.01536	0.00017	0.00017	0.00017	0.01903	0.47673	0.89447	0.32781	0.15436	0.0	0.10016	0.2037	
0.1398	0.07029	0.11126	0.0	0.31916	0.40921	0.0	0.09702	0.0	0.07836	0.00516	0.00021	0.00021	0.07427	0.00488	0.01639	0.14924	0.06385	1.78448	0.0	0.38582	0.1003	0.09444	0.13433	0.06233	0.16037	0.10359	0.0	0.01736	0.07934	0.09759	0.0	0.0	0.0	0.08981	0.14211	0.09869	0.15059	0.15238	0.02863	0.16096	0.06795	0.09166	0.07372	0.0	0.32675	0.34145	0.05524	0.0	0.0	0.0	0.0	0.0	0.0	0.0	0.0612	0.0	0.30996	0.0684	0.11335	0.05977	0.05029	0.17336	0.12861	0.0	0.0	0.03941	0.2707	0.21846	0.05547	0.00021	0.01697	0.07091	0.30484	0.25925	0.08501	0.09198	0.1737	0.04866	0.0	0.0	0.0	0.39096	0.09453	0.16564	0.08668	0.00021	0.01031	0.00698	0.00021	0.00021	0.00021	0.00021	0.04417	0.05027	0.00021	0.0375	0.0	0.01205	0.00993	0.00021	0.00021	0.00021	0.00698	0.61061	0.32708	0.26039	0.11073	0.0	0.09928	0.109	
0.05901	0.015	0.03243	0.0	0.02101	0.06677	0.09702	0.0	0.0	0.08249	0.02015	0.00013	0.00013	0.08546	0.01893	0.03329	0.05256	0.05786	0.19022	0.0	0.26618	0.01471	0.0256	0.09269	0.05889	0.03944	0.06058	0.0	0.02871	0.02839	0.01896	0.0	0.0	0.0	0.03215	0.08875	0.06869	0.03011	0.0702	0.05922	0.05018	0.04828	0.0499	0.02288	0.0	0.07778	0.05764	0.04815	0.0	0.0	0.0	0.0	0.0	0.0	0.0	0.02228	0.0	0.22555	0.06722	0.02726	0.03652	0.04389	0.09727	0.07995	0.0	0.0	0.04565	0.08611	0.05034	0.06683	0.00013	0.02039	0.01938	0.05526	0.06121	0.02613	0.01006	0.04275	0.04369	0.0	0.0	0.0	0.13582	0.03835	0.05735	0.06365	0.00013	0.03798	0.00936	0.00013	0.00013	0.00013	0.00013	0.01214	0.04971	0.00013	0.02222	0.0	0.03246	0.01345	0.00013	0.00013	0.00013	0.00936	0.06345	0.05508	0.04802	0.06864	0.0	0.01523	0.05463	
0.0	0.0	0.0	0.0	0.0	0.0	0.0	0.0	0.0	0.0	0.0	0.0	0.0	0.0	0.0	0.0	0.0	0.0	0.0	0.0	0.0	0.0	0.0	0.0	0.0	0.0	0.0	0.0	0.0	0.0	0.0	0.0	0.0	0.0	0.0	0.0	0.0	0.0	0.0	0.0	0.0	0.0	0.0	0.0	0.0	0.0	0.0	0.0	0.0	0.0	0.0	0.0	0.0	0.0	0.0	0.0	0.0	0.0	0.0	0.0	0.0	0.0	0.0	0.0	0.0	0.0	0.0	0.0	0.0	0.0	0.0	0.0	0.0	0.0	0.0	0.0	0.0	0.0	0.0	0.0	0.0	0.0	0.0	0.0	0.0	0.0	0.0	0.0	0.0	0.0	0.0	0.0	0.0	0.0	0.0	0.0	0.0	0.0	0.0	0.0	0.0	0.0	0.0	0.0	0.0	0.0	0.0	0.0	0.0	0.0	0.0	
0.08197	0.06609	0.07552	0.0	0.08004	0.09439	0.07836	0.08249	0.0	0.0	0.00426	8e-05	8e-05	0.03264	0.02597	0.01269	0.06831	0.03253	0.09829	0.0	0.1379	0.04383	0.06241	0.0532	0.02689	0.07152	0.04376	0.0	0.09789	0.10994	0.0601	0.0	0.0	0.0	0.0842	0.0782	0.05267	0.1148	0.06261	0.05465	0.15448	0.1412	0.07821	0.03834	0.0	0.02077	0.03383	0.09209	0.0	0.0	0.0	0.0	0.0	0.0	0.0	0.04856	0.0	0.12555	0.04118	0.06121	0.07382	0.05398	0.04472	0.03282	0.0	0.0	0.03285	0.04707	0.03476	0.06405	8e-05	0.01367	0.07909	0.06164	0.05465	0.03911	0.04811	0.01159	0.02129	0.0	0.0	0.0	0.11807	0.1181	0.1706	0.13695	8e-05	0.00843	0.00575	8e-05	8e-05	8e-05	8e-05	0.01059	0.01996	8e-05	0.01235	0.0	0.008	0.00816	8e-05	8e-05	8e-05	0.00575	0.10436	0.08592	0.12924	0.07023	0.0	0.0819	0.05442	
0.00881	0.01382	0.00574	0.0	0.00654	0.01385	0.00516	0.02015	0.0	0.00426	0.0	0.00022	0.00022	0.0028	0.00131	0.00232	0.01355	0.0071	0.0	0.0	0.01435	0.01349	0.01179	0.04064	0.00376	0.0304	0.0062	0.0	0.00235	0.00228	0.02263	0.0	0.0	0.0	0.01231	0.00921	0.00672	0.01304	0.01957	0.01033	0.00802	0.00375	0.00318	0.00826	0.0	0.00553	0.00703	0.00371	0.0	0.0	0.0	0.0	0.0	0.0	0.0	0.00431	0.0	0.01126	0.00486	0.00488	0.00784	0.01374	0.00723	0.0041	0.0	0.0	0.00395	0.00674	0.00805	0.00445	0.00022	0.00264	0.002	0.00687	0.00493	0.00893	0.01303	0.00353	0.00685	0.0	0.0	0.0	0.00941	0.00989	0.00791	0.0058	0.00022	0.00171	0.00139	0.00022	0.00022	0.00022	0.00022	0.00423	0.00445	0.00022	0.00468	0.0	0.00761	0.00198	0.00022	0.00022	0.00022	0.00139	0.00586	0.01284	0.00625	0.00482	0.0	0.01483	0.00761	
0.00073	0.00025	0.00011	0.0	5e-05	0.00017	0.00021	0.00013	0.0	8e-05	0.00022	0.0	0.0	0.00011	0.00059	0.0001	0.00017	0.00033	0.0	0.0	0.00093	0.00022	5e-05	3e-05	9e-05	0.00023	0.00062	0.0	0.0002	5e-05	1e-05	0.0	0.0	0.0	0.00015	1e-05	0.00013	0.00027	0.00015	0.0004	7e-05	0.00054	0.00018	0.00027	0.0	0.00043	0.00055	0.00049	0.0	0.0	0.0	0.0	0.0	0.0	0.0	0.00026	0.0	2e-05	0.00018	0.00018	0.00047	0.00017	0.00035	9e-05	0.0	0.0	0.00047	0.00017	0.00012	0.00036	0.0	0.00072	0.00011	0.00061	0.00012	0.00036	0.00017	0.00012	3e-05	0.0	0.0	0.0	0.00031	0.00018	6e-05	0.00058	0.0	0.00013	0.00017	0.0	0.0	0.0	0.0	0.00089	0.00092	0.0	0.00331	0.0	0.01048	0.00062	0.0	0.0	0.0	0.00017	0.00026	9e-05	0.0001	9e-05	0.0	0.00027	0.0003	
0.00073	0.00025	0.00011	0.0	5e-05	0.00017	0.00021	0.00013	0.0	8e-05	0.00022	0.0	0.0	0.00011	0.00059	0.0001	0.00017	0.00033	0.0	0.0	0.00093	0.00022	5e-05	3e-05	9e-05	0.00023	0.00062	0.0	0.0002	5e-05	1e-05	0.0	0.0	0.0	0.00015	1e-05	0.00013	0.00027	0.00015	0.0004	7e-05	0.00054	0.00018	0.00027	0.0	0.00043	0.00055	0.00049	0.0	0.0	0.0	0.0	0.0	0.0	0.0	0.00026	0.0	2e-05	0.00018	0.00018	0.00047	0.00017	0.00035	9e-05	0.0	0.0	0.00047	0.00017	0.00012	0.00036	0.0	0.00072	0.00011	0.00061	0.00012	0.00036	0.00017	0.00012	3e-05	0.0	0.0	0.0	0.00031	0.00018	6e-05	0.00058	0.0	0.00013	0.00017	0.0	0.0	0.0	0.0	0.00089	0.00092	0.0	0.00331	0.0	0.01048	0.00062	0.0	0.0	0.0	0.00017	0.00026	9e-05	0.0001	9e-05	0.0	0.00027	0.0003	
0.09093	0.08403	0.03869	0.0	0.13693	0.08285	0.07427	0.08546	0.0	0.03264	0.0028	0.00011	0.00011	0.0	0.00269	0.00701	0.08628	0.06447	0.37522	0.0	0.10676	0.05372	0.06309	0.1408	0.25438	0.03927	0.06727	0.0	0.00799	0.00977	0.03701	0.0	0.0	0.0	0.07278	0.09467	0.08625	0.08442	0.10515	0.03374	0.12468	0.04064	0.09005	0.06145	0.0	0.093	0.02124	0.05418	0.0	0.0	0.0	0.0	0.0	0.0	0.0	0.02761	0.0	0.27329	0.02774	0.06208	0.046	0.0574	0.0737	0.18105	0.0	0.0	0.01984	0.02471	0.07614	0.04198	0.00011	0.00849	0.21056	0.08745	0.07893	0.10595	0.06087	0.11274	0.01399	0.0	0.0	0.0	0.15241	0.11106	0.11125	0.03167	0.00011	0.18726	0.00372	0.00011	0.00011	0.00011	0.00011	0.02008	0.02114	0.00011	0.01053	0.0	0.00878	0.00524	0.00011	0.00011	0.00011	0.00372	0.15416	0.07633	0.02639	0.03975	0.0	0.05557	0.06681	
0.01019	0.01049	0.03298	0.0	0.00616	0.00735	0.00488	0.01893	0.0	0.02597	0.00131	0.00059	0.00059	0.00269	0.0	0.00192	0.01269	0.02179	0.32139	0.0	0.06313	0.01123	0.01283	0.03503	0.00354	0.0126	0.01628	0.0	0.00215	0.00209	0.00476	0.0	0.0	0.0	0.00764	0.00861	0.00628	0.00862	0.01412	0.01161	0.00745	0.00357	0.00304	0.0117	0.0	0.00526	0.00669	0.00357	0.0	0.0	0.0	0.0	0.0	0.0	0.0	0.00404	0.0	0.01147	0.01848	0.00462	0.00741	0.00658	0.00677	0.0038	0.0	0.0	0.00363	0.0063	0.01811	0.02857	0.00059	0.00264	0.00201	0.00652	0.00466	0.00843	0.00892	0.00338	0.01198	0.0	0.0	0.0	0.00958	0.01007	0.01169	0.01706	0.00059	0.00176	0.00149	0.00059	0.00059	0.00059	0.00059	0.06058	0.04004	0.00059	0.08977	0.0	0.16069	0.00204	0.00059	0.00059	0.00059	0.00149	0.00556	0.00763	0.00589	0.03085	0.0	0.01415	0.00972	
0.0272	0.02889	0.07334	0.0	0.02028	0.02678	0.01639	0.03329	0.0	0.01269	0.00232	0.0001	0.0001	0.00701	0.00192	0.0	0.00401	0.02712	0.0	0.0	0.03756	0.02152	0.01948	0.02847	0.0182	0.02146	0.03906	0.0	0.00563	0.00542	0.01299	0.0	0.0	0.0	0.02366	0.05653	0.07143	0.02688	0.03393	0.04572	0.04194	0.01004	0.0433	0.06212	0.0	0.02112	0.01544	0.00829	0.0	0.0	0.0	0.0	0.0	0.0	0.0	0.01231	0.0	0.10718	0.0143	0.05939	0.04594	0.01889	0.0432	0.01033	0.0	0.0	0.00798	0.01757	0.051	0.01519	0.0001	0.00459	0.00438	0.02305	0.01304	0.04375	0.0333	0.00992	0.01973	0.0	0.0	0.0	0.06534	0.01623	0.01111	0.01474	0.0001	0.00355	0.00269	0.0001	0.0001	0.0001	0.0001	0.00839	0.00915	0.0001	0.00516	0.0	0.0053	0.16167	0.0001	0.0001	0.0001	0.00269	0.01836	0.02799	0.01958	0.09084	0.0	0.0232	0.02948	
0.12782	0.03565	0.02417	0.0	0.17571	0.15972	0.14924	0.05256	0.0	0.06831	0.01355	0.00017	0.00017	0.08628	0.01269	0.00401	0.0	0.17716	1.06661	0.0	0.43202	0.05381	0.09343	0.11353	0.0695	0.30496	0.07241	0.0	0.02773	0.03411	0.11377	0.0	0.0	0.0	0.05727	0.21503	0.08634	0.04436	0.10527	0.08772	0.13177	0.07945	0.08214	0.07017	0.0	0.09652	0.12503	0.04905	0.0	0.0	0.0	0.0	0.0	0.0	0.0	0.07382	0.0	0.3128	0.07826	0.06334	0.1203	0.08213	0.11828	0.0669	0.0	0.0	0.025	0.1112	0.1337	0.06677	0.00017	0.02469	0.02069	0.16938	0.14966	0.11359	0.09233	0.12392	0.03513	0.0	0.0	0.0	0.17448	0.13537	0.13915	0.0881	0.00017	0.02766	0.01847	0.00017	0.00017	0.00017	0.00017	0.04546	0.15114	0.00017	0.06564	0.0	0.04441	0.02285	0.00017	0.00017	0.00017	0.01847	0.14156	0.15064	0.21028	0.05843	0.0	0.05358	0.07359	
0.09997	0.05862	0.0438	0.0	0.08864	0.15766	0.06385	0.05786	0.0	0.03253	0.0071	0.00033	0.00033	0.06447	0.02179	0.02712	0.17716	0.0	1.14733	0.0	0.47712	0.09918	0.16151	0.18412	0.05273	0.09963	0.13219	0.0	0.01537	0.02891	0.04944	0.0	0.0	0.0	0.11582	0.0686	0.10425	0.10182	0.16258	0.16321	0.07809	0.11862	0.07094	0.07519	0.0	0.09435	0.05835	0.05465	0.0	0.0	0.0	0.0	0.0	0.0	0.0	0.08803	0.0	0.32137	0.09955	0.05318	0.08126	0.0907	0.10618	0.08697	0.0	0.0	0.04896	0.05781	0.10178	0.07525	0.00033	0.02322	0.01948	0.07281	0.04676	0.0842	0.12949	0.08319	0.04387	0.0	0.0	0.0	0.18651	0.12233	0.04854	0.09046	0.00033	0.04905	0.00956	0.00033	0.00033	0.00033	0.00033	0.0492	0.15069	0.00033	0.06874	0.0	0.08665	0.01923	0.00033	0.00033	0.00033	0.00956	0.0683	0.17572	0.08414	0.06013	0.0	0.06451	0.08426	
0.28481	0.22626	0.74785	0.0	0.27754	0.60028	1.78448	0.19022	0.0	0.09829	0.0	0.0	0.0	0.37522	0.32139	0.0	1.06661	1.14733	0.0	0.0	0.03164	0.2306	0.78772	0.40375	0.0	1.62851	2.21592	0.0	0.0	0.0	0.0	0.0	0.0	0.0	0.94117	0.85833	0.0	0.0	0.0	2.54927	0.0	0.0	0.0	0.22495	0.0	0.0	0.0	0.15384	0.0	0.0	0.0	0.0	0.0	0.0	0.0	0.2967	0.0	0.0	1.1161	0.0	0.83629	1.09801	0.19131	0.0	0.0	0.0	0.17812	0.22712	1.1219	0.38843	0.0	0.0	0.0	0.0	0.0	0.72766	0.71325	0.0	0.70868	0.0	0.0	0.0	1.13157	0.0	0.29667	1.66444	0.0	0.0	0.0	0.0	0.0	0.0	0.0	0.95233	2.42184	0.0	0.80254	0.0	1.07701	0.0	0.0	0.0	0.0	0.0	0.0	0.65126	0.0	0.77172	0.0	0.22063	0.70412	
0.0	0.0	0.0	0.0	0.0	0.0	0.0	0.0	0.0	0.0	0.0	0.0	0.0	0.0	0.0	0.0	0.0	0.0	0.0	0.0	0.0	0.0	0.0	0.0	0.0	0.0	0.0	0.0	0.0	0.0	0.0	0.0	0.0	0.0	0.0	0.0	0.0	0.0	0.0	0.0	0.0	0.0	0.0	0.0	0.0	0.0	0.0	0.0	0.0	0.0	0.0	0.0	0.0	0.0	0.0	0.0	0.0	0.0	0.0	0.0	0.0	0.0	0.0	0.0	0.0	0.0	0.0	0.0	0.0	0.0	0.0	0.0	0.0	0.0	0.0	0.0	0.0	0.0	0.0	0.0	0.0	0.0	0.0	0.0	0.0	0.0	0.0	0.0	0.0	0.0	0.0	0.0	0.0	0.0	0.0	0.0	0.0	0.0	0.0	0.0	0.0	0.0	0.0	0.0	0.0	0.0	0.0	0.0	0.0	0.0	0.0	
0.57045	0.32357	0.21088	0.0	0.18766	0.31771	0.38582	0.26618	0.0	0.1379	0.01435	0.00093	0.00093	0.10676	0.06313	0.03756	0.43202	0.47712	0.03164	0.0	0.0	0.39778	0.65505	0.20972	0.23482	0.71233	1.2497	0.0	0.04562	0.06542	0.41577	0.0	0.0	0.0	0.36463	0.44196	0.3514	0.38626	0.8011	0.9381	1.06863	0.23966	0.18949	0.2096	0.0	0.42286	0.42284	0.55334	0.0	0.0	0.0	0.0	0.0	0.0	0.0	0.18066	0.0	2.24262	0.50025	0.40799	0.46646	0.40066	0.35492	0.31208	0.0	0.0	0.15651	0.63207	0.47706	0.46529	0.00093	0.20099	0.04264	0.43071	0.45218	0.47487	0.48255	0.1887	0.72664	0.0	0.0	0.0	3.0546	1.01651	0.38337	1.10014	0.00093	0.03047	0.02021	0.00093	0.00093	0.00093	0.00093	0.80948	1.13772	0.00093	0.52739	0.0	0.59138	0.02677	0.00093	0.00093	0.00093	0.02021	0.42882	0.16211	0.14605	0.32305	0.0	0.34893	0.56148	
0.10349	0.08349	0.03447	0.0	0.1345	0.15244	0.1003	0.01471	0.0	0.04383	0.01349	0.00022	0.00022	0.05372	0.01123	0.02152	0.05381	0.09918	0.2306	0.0	0.39778	0.0	0.12611	0.07162	0.00796	0.07984	0.06478	0.0	0.0161	0.04565	0.07289	0.0	0.0	0.0	0.10365	0.07198	0.10091	0.08007	0.06237	0.0965	0.06481	0.06384	0.07375	0.11498	0.0	0.07363	0.09607	0.06478	0.0	0.0	0.0	0.0	0.0	0.0	0.0	0.05579	0.0	0.10894	0.05816	0.05382	0.07212	0.11006	0.04584	0.09956	0.0	0.0	0.08978	0.0773	0.05669	0.08177	0.00022	0.08425	0.02851	0.07865	0.10471	0.09313	0.11286	0.07633	0.10189	0.0	0.0	0.0	0.15597	0.07982	0.04565	0.03815	0.00022	0.02059	0.01847	0.00022	0.00022	0.00022	0.00022	0.01678	0.04327	0.00022	0.01607	0.0	0.02354	0.01914	0.00022	0.00022	0.00022	0.01847	0.11755	0.14577	0.13322	0.08329	0.0	0.10166	0.06172	
0.06292	0.04453	0.01071	0.0	0.06897	0.0942	0.09444	0.0256	0.0	0.06241	0.01179	5e-05	5e-05	0.06309	0.01283	0.01948	0.09343	0.16151	0.78772	0.0	0.65505	0.12611	0.0	0.18252	0.01732	0.09145	0.06809	0.0	0.02008	0.03929	0.06731	0.0	0.0	0.0	0.03163	0.11994	0.06809	0.10852	0.11958	0.08843	0.08495	0.10087	0.08238	0.10868	0.0	0.09031	0.06823	0.04999	0.0	0.0	0.0	0.0	0.0	0.0	0.0	0.05025	0.0	0.2718	0.05947	0.07137	0.08699	0.13154	0.05704	0.06365	0.0	0.0	0.02619	0.11561	0.09311	0.0932	5e-05	0.02951	0.03992	0.11317	0.14875	0.03612	0.0387	0.0547	0.10603	0.0	0.0	0.0	0.21015	0.14259	0.10174	0.04088	5e-05	0.02449	0.0162	5e-05	5e-05	5e-05	5e-05	0.07829	0.14736	5e-05	0.0322	0.0	0.04174	0.01694	5e-05	5e-05	5e-05	0.0162	0.11054	0.10411	0.07157	0.05639	0.0	0.07399	0.11821	
0.12099	0.05659	0.04794	0.0	0.13307	0.09044	0.13433	0.09269	0.0	0.0532	0.04064	3e-05	3e-05	0.1408	0.03503	0.02847	0.11353	0.18412	0.40375	0.0	0.20972	0.07162	0.18252	0.0	0.09233	0.07937	0.05128	0.0	0.0149	0.04253	0.11517	0.0	0.0	0.0	0.05008	0.08141	0.09268	0.11377	0.07557	0.19811	0.05292	0.08021	0.057	0.09562	0.0	0.07265	0.04453	0.04298	0.0	0.0	0.0	0.0	0.0	0.0	0.0	0.1306	0.0	0.21544	0.05689	0.19608	0.14335	0.11598	0.10664	0.12113	0.0	0.0	0.04253	0.05511	0.06036	0.06571	3e-05	0.03175	0.03228	0.0513	0.08689	0.08631	0.1388	0.09274	0.22994	0.0	0.0	0.0	0.20664	0.10336	0.06366	0.04948	3e-05	0.08861	0.01324	3e-05	3e-05	3e-05	3e-05	0.05037	0.1068	3e-05	0.04935	0.0	0.04807	0.01986	3e-05	3e-05	3e-05	0.01324	0.0703	0.11059	0.06587	0.07796	0.0	0.07841	0.12511	
0.07132	0.09379	0.13071	0.0	0.15167	0.09823	0.06233	0.05889	0.0	0.02689	0.00376	9e-05	9e-05	0.25438	0.00354	0.0182	0.0695	0.05273	0.0	0.0	0.23482	0.00796	0.01732	0.09233	0.0	0.07102	0.04716	0.0	0.01087	0.01353	0.05565	0.0	0.0	0.0	0.06626	0.07245	0.12997	0.06186	0.1289	0.03493	0.15517	0.03865	0.073	0.11577	0.0	0.11024	0.00726	0.03851	0.0	0.0	0.0	0.0	0.0	0.0	0.0	0.04136	0.0	0.23441	0.03508	0.04257	0.04743	0.0578	0.12403	0.09013	0.0	0.0	0.04662	0.05463	0.04798	0.04235	9e-05	0.04106	0.13303	0.06882	0.05134	0.09976	0.03399	0.08445	0.01495	0.0	0.0	0.0	0.17312	0.04806	0.0921	0.0371	9e-05	0.10301	0.00503	9e-05	9e-05	9e-05	9e-05	0.02798	0.03496	9e-05	0.0121	0.0	0.00843	0.00719	9e-05	9e-05	9e-05	0.00503	0.11901	0.09511	0.07847	0.14155	0.0	0.06829	0.09167	
0.11143	0.04066	0.07789	0.0	0.07625	0.14349	0.16037	0.03944	0.0	0.07152	0.0304	0.00023	0.00023	0.03927	0.0126	0.02146	0.30496	0.09963	1.62851	0.0	0.71233	0.07984	0.09145	0.07937	0.07102	0.0	0.05442	0.0	0.04599	0.03158	0.07284	0.0	0.0	0.0	0.03564	0.23249	0.10827	0.10826	0.15301	0.06827	0.23095	0.10703	0.07189	0.0343	0.0	0.11834	0.1754	0.02805	0.0	0.0	0.0	0.0	0.0	0.0	0.0	0.09796	0.0	0.34536	0.06927	0.08027	0.20558	0.07851	0.08199	0.05793	0.0	0.0	0.02182	0.20664	0.21465	0.06742	0.00023	0.02701	0.0398	0.15998	0.11978	0.06426	0.07932	0.09137	0.04684	0.0	0.0	0.0	0.2476	0.12871	0.16533	0.09165	0.00023	0.01623	0.0189	0.00023	0.00023	0.00023	0.00023	0.07675	0.13671	0.00023	0.07211	0.0	0.04898	0.02735	0.00023	0.00023	0.00023	0.0189	0.15921	0.12871	0.11882	0.08181	0.0	0.0639	0.06273	
0.09443	0.04483	0.05631	0.0	0.02768	0.11646	0.10359	0.06058	0.0	0.04376	0.0062	0.00062	0.00062	0.06727	0.01628	0.03906	0.07241	0.13219	2.21592	0.0	1.2497	0.06478	0.06809	0.05128	0.04716	0.05442	0.0	0.0	0.0568	0.04137	0.08548	0.0	0.0	0.0	0.05083	0.05637	0.03857	0.08727	0.14184	0.09104	0.0686	0.0754	0.04979	0.02342	0.0	0.09727	0.10453	0.03845	0.0	0.0	0.0	0.0	0.0	0.0	0.0	0.05216	0.0	0.09008	0.05155	0.04136	0.05514	0.09083	0.08777	0.08424	0.0	0.0	0.06583	0.13532	0.03884	0.12135	0.00062	0.05843	0.01616	0.07262	0.07021	0.06063	0.0342	0.05822	0.05442	0.0	0.0	0.0	0.24144	0.0466	0.03887	0.18747	0.00062	0.03502	0.00822	0.00062	0.00062	0.00062	0.00062	0.16898	0.16058	0.00062	0.04276	0.0	0.06582	0.01158	0.00062	0.00062	0.00062	0.00822	0.09841	0.08703	0.048	0.09117	0.0	0.07731	0.09124	
0.0	0.0	0.0	0.0	0.0	0.0	0.0	0.0	0.0	0.0	0.0	0.0	0.0	0.0	0.0	0.0	0.0	0.0	0.0	0.0	0.0	0.0	0.0	0.0	0.0	0.0	0.0	0.0	0.0	0.0	0.0	0.0	0.0	0.0	0.0	0.0	0.0	0.0	0.0	0.0	0.0	0.0	0.0	0.0	0.0	0.0	0.0	0.0	0.0	0.0	0.0	0.0	0.0	0.0	0.0	0.0	0.0	0.0	0.0	0.0	0.0	0.0	0.0	0.0	0.0	0.0	0.0	0.0	0.0	0.0	0.0	0.0	0.0	0.0	0.0	0.0	0.0	0.0	0.0	0.0	0.0	0.0	0.0	0.0	0.0	0.0	0.0	0.0	0.0	0.0	0.0	0.0	0.0	0.0	0.0	0.0	0.0	0.0	0.0	0.0	0.0	0.0	0.0	0.0	0.0	0.0	0.0	0.0	0.0	0.0	0.0	
0.05402	0.02077	0.01316	0.0	0.0217	0.02781	0.01736	0.02871	0.0	0.09789	0.00235	0.0002	0.0002	0.00799	0.00215	0.00563	0.02773	0.01537	0.0	0.0	0.04562	0.0161	0.02008	0.0149	0.01087	0.04599	0.0568	0.0	0.0	0.00539	0.03816	0.0	0.0	0.0	0.03809	0.02034	0.01597	0.01949	0.03211	0.04054	0.02455	0.11954	0.0141	0.00259	0.0	0.01815	0.02263	0.00969	0.0	0.0	0.0	0.0	0.0	0.0	0.0	0.02171	0.0	0.03746	0.01017	0.01607	0.01443	0.02247	0.02322	0.01222	0.0	0.0	0.00988	0.02232	0.02772	0.03798	0.0002	0.00532	0.00473	0.02256	0.01665	0.00937	0.01449	0.01072	0.0233	0.0	0.0	0.0	0.06873	0.01734	0.01407	0.04062	0.0002	0.0038	0.00286	0.0002	0.0002	0.0002	0.0002	0.00993	0.01098	0.0002	0.00679	0.0	0.0069	0.00424	0.0002	0.0002	0.0002	0.00286	0.01925	0.02906	0.02068	0.03264	0.0	0.02812	0.02504	
0.04994	0.04774	0.0848	0.0	0.06625	0.12193	0.07934	0.02839	0.0	0.10994	0.00228	5e-05	5e-05	0.00977	0.00209	0.00542	0.03411	0.02891	0.0	0.0	0.06542	0.04565	0.03929	0.04253	0.01353	0.03158	0.04137	0.0	0.00539	0.0	0.20054	0.0	0.0	0.0	0.05064	0.09734	0.05193	0.06309	0.06982	0.07925	0.11261	0.01824	0.37633	0.04944	0.0	0.02264	0.07781	0.2109	0.0	0.0	0.0	0.0	0.0	0.0	0.0	0.27559	0.0	0.14539	0.10985	0.09147	0.04596	0.02884	0.04995	0.09718	0.0	0.0	0.01165	0.07028	0.04988	0.01657	5e-05	0.00587	0.00512	0.06378	0.0976	0.03468	0.04322	0.01303	0.09239	0.0	0.0	0.0	0.04598	0.12509	0.07018	0.02233	5e-05	0.00399	0.00288	5e-05	5e-05	5e-05	5e-05	0.01188	0.01357	5e-05	0.00629	0.0	0.00549	0.00428	5e-05	5e-05	5e-05	0.00288	0.07571	0.11885	0.07549	0.0378	0.0	0.03781	0.03328	
0.05639	0.07521	0.02501	0.0	0.08427	0.19939	0.09759	0.01896	0.0	0.0601	0.02263	1e-05	1e-05	0.03701	0.00476	0.01299	0.11377	0.04944	0.0	0.0	0.41577	0.07289	0.06731	0.11517	0.05565	0.07284	0.08548	0.0	0.03816	0.20054	0.0	0.0	0.0	0.0	0.11846	0.1538	0.08816	0.08309	0.09959	0.12237	0.12177	0.06029	0.15024	0.06103	0.0	0.07727	0.07696	0.09245	0.0	0.0	0.0	0.0	0.0	0.0	0.0	0.1213	0.0	0.22205	0.089	0.03059	0.06879	0.12598	0.08805	0.03884	0.0	0.0	0.05862	0.05066	0.06688	0.04415	1e-05	0.01657	0.01386	0.06667	0.08282	0.03554	0.0662	0.04937	0.09891	0.0	0.0	0.0	0.19249	0.07434	0.06247	0.09328	1e-05	0.01016	0.03106	1e-05	1e-05	1e-05	1e-05	0.04197	0.02586	1e-05	0.01157	0.0	0.0114	0.00986	1e-05	1e-05	1e-05	0.03106	0.07565	0.18846	0.0779	0.03754	0.0	0.07556	0.07022	
0.0	0.0	0.0	0.0	0.0	0.0	0.0	0.0	0.0	0.0	0.0	0.0	0.0	0.0	0.0	0.0	0.0	0.0	0.0	0.0	0.0	0.0	0.0	0.0	0.0	0.0	0.0	0.0	0.0	0.0	0.0	0.0	0.0	0.0	0.0	0.0	0.0	0.0	0.0	0.0	0.0	0.0	0.0	0.0	0.0	0.0	0.0	0.0	0.0	0.0	0.0	0.0	0.0	0.0	0.0	0.0	0.0	0.0	0.0	0.0	0.0	0.0	0.0	0.0	0.0	0.0	0.0	0.0	0.0	0.0	0.0	0.0	0.0	0.0	0.0	0.0	0.0	0.0	0.0	0.0	0.0	0.0	0.0	0.0	0.0	0.0	0.0	0.0	0.0	0.0	0.0	0.0	0.0	0.0	0.0	0.0	0.0	0.0	0.0	0.0	0.0	0.0	0.0	0.0	0.0	0.0	0.0	0.0	0.0	0.0	0.0	
0.0	0.0	0.0	0.0	0.0	0.0	0.0	0.0	0.0	0.0	0.0	0.0	0.0	0.0	0.0	0.0	0.0	0.0	0.0	0.0	0.0	0.0	0.0	0.0	0.0	0.0	0.0	0.0	0.0	0.0	0.0	0.0	0.0	0.0	0.0	0.0	0.0	0.0	0.0	0.0	0.0	0.0	0.0	0.0	0.0	0.0	0.0	0.0	0.0	0.0	0.0	0.0	0.0	0.0	0.0	0.0	0.0	0.0	0.0	0.0	0.0	0.0	0.0	0.0	0.0	0.0	0.0	0.0	0.0	0.0	0.0	0.0	0.0	0.0	0.0	0.0	0.0	0.0	0.0	0.0	0.0	0.0	0.0	0.0	0.0	0.0	0.0	0.0	0.0	0.0	0.0	0.0	0.0	0.0	0.0	0.0	0.0	0.0	0.0	0.0	0.0	0.0	0.0	0.0	0.0	0.0	0.0	0.0	0.0	0.0	0.0	
0.0	0.0	0.0	0.0	0.0	0.0	0.0	0.0	0.0	0.0	0.0	0.0	0.0	0.0	0.0	0.0	0.0	0.0	0.0	0.0	0.0	0.0	0.0	0.0	0.0	0.0	0.0	0.0	0.0	0.0	0.0	0.0	0.0	0.0	0.0	0.0	0.0	0.0	0.0	0.0	0.0	0.0	0.0	0.0	0.0	0.0	0.0	0.0	0.0	0.0	0.0	0.0	0.0	0.0	0.0	0.0	0.0	0.0	0.0	0.0	0.0	0.0	0.0	0.0	0.0	0.0	0.0	0.0	0.0	0.0	0.0	0.0	0.0	0.0	0.0	0.0	0.0	0.0	0.0	0.0	0.0	0.0	0.0	0.0	0.0	0.0	0.0	0.0	0.0	0.0	0.0	0.0	0.0	0.0	0.0	0.0	0.0	0.0	0.0	0.0	0.0	0.0	0.0	0.0	0.0	0.0	0.0	0.0	0.0	0.0	0.0	
0.04877	0.10484	0.05261	0.0	0.04167	0.14783	0.08981	0.03215	0.0	0.0842	0.01231	0.00015	0.00015	0.07278	0.00764	0.02366	0.05727	0.11582	0.94117	0.0	0.36463	0.10365	0.03163	0.05008	0.06626	0.03564	0.05083	0.0	0.03809	0.05064	0.11846	0.0	0.0	0.0	0.0	0.05543	0.15325	0.06226	0.16301	0.062	0.03414	0.07564	0.09508	0.08973	0.0	0.07951	0.01666	0.02823	0.0	0.0	0.0	0.0	0.0	0.0	0.0	0.06739	0.0	0.34172	0.03983	0.03633	0.03034	0.0366	0.06906	0.03819	0.0	0.0	0.0612	0.04946	0.02052	0.0444	0.00015	0.05022	0.02299	0.03547	0.04918	0.10721	0.09225	0.0579	0.08869	0.0	0.0	0.0	0.24676	0.11623	0.03414	0.06414	0.00015	0.01661	0.01689	0.00015	0.00015	0.00015	0.00015	0.03379	0.07395	0.00015	0.01756	0.0	0.02136	0.02835	0.00015	0.00015	0.00015	0.01689	0.0514	0.10571	0.03375	0.04806	0.0	0.09839	0.09418	
0.11587	0.0539	0.03024	0.0	0.12058	0.14173	0.14211	0.08875	0.0	0.0782	0.00921	1e-05	1e-05	0.09467	0.00861	0.05653	0.21503	0.0686	0.85833	0.0	0.44196	0.07198	0.11994	0.08141	0.07245	0.23249	0.05637	0.0	0.02034	0.09734	0.1538	0.0	0.0	0.0	0.05543	0.0	0.17691	0.08485	0.1603	0.09245	0.14053	0.10866	0.08158	0.03567	0.0	0.11213	0.12818	0.12532	0.0	0.0	0.0	0.0	0.0	0.0	0.0	0.10682	0.0	0.43337	0.07906	0.10214	0.13832	0.05016	0.10605	0.08424	0.0	0.0	0.03006	0.18627	0.16123	0.05823	1e-05	0.03487	0.02898	0.17682	0.18747	0.04137	0.02721	0.05412	0.05227	0.0	0.0	0.0	0.2362	0.09955	0.15266	0.05261	1e-05	0.04638	0.0126	1e-05	1e-05	1e-05	1e-05	0.03123	0.11244	1e-05	0.03851	0.0	0.02512	0.02018	1e-05	1e-05	1e-05	0.0126	0.12608	0.15414	0.14303	0.04628	0.0	0.06513	0.03395	
0.03968	0.06189	0.05775	0.0	0.08087	0.15121	0.09869	0.06869	0.0	0.05267	0.00672	0.00013	0.00013	0.08625	0.00628	0.07143	0.08634	0.10425	0.0	0.0	0.3514	0.10091	0.06809	0.09268	0.12997	0.10827	0.03857	0.0	0.01597	0.05193	0.08816	0.0	0.0	0.0	0.15325	0.17691	0.0	0.15948	0.18553	0.10104	0.10756	0.11779	0.11491	0.06991	0.0	0.09895	0.03185	0.05857	0.0	0.0	0.0	0.0	0.0	0.0	0.0	0.08246	0.0	0.37006	0.07592	0.08049	0.10162	0.10231	0.09373	0.14818	0.0	0.0	0.06384	0.08654	0.08961	0.04235	0.00013	0.06703	0.05006	0.10542	0.07647	0.09253	0.07012	0.07236	0.05266	0.0	0.0	0.0	0.21489	0.0771	0.10283	0.06815	0.00013	0.03568	0.00913	0.00013	0.00013	0.00013	0.00013	0.0473	0.11587	0.00013	0.02552	0.0	0.01665	0.05197	0.00013	0.00013	0.00013	0.00913	0.09417	0.11197	0.07725	0.06255	0.0	0.06422	0.05513	
0.12466	0.05098	0.02	0.0	0.08627	0.18078	0.15059	0.03011	0.0	0.1148	0.01304	0.00027	0.00027	0.08442	0.00862	0.02688	0.04436	0.10182	0.0	0.0	0.38626	0.08007	0.10852	0.11377	0.06186	0.10826	0.08727	0.0	0.01949	0.06309	0.08309	0.0	0.0	0.0	0.06226	0.08485	0.15948	0.0	0.31471	0.08246	0.14763	0.18656	0.11462	0.03749	0.0	0.11978	0.10876	0.05971	0.0	0.0	0.0	0.0	0.0	0.0	0.0	0.11145	0.0	0.55493	0.13274	0.08074	0.10934	0.12754	0.05371	0.18148	0.0	0.0	0.05144	0.12032	0.16283	0.05487	0.00027	0.05123	0.06051	0.16185	0.16602	0.09887	0.08559	0.08403	0.05795	0.0	0.0	0.0	0.12185	0.19656	0.10672	0.08446	0.00027	0.03016	0.01784	0.00027	0.00027	0.00027	0.00027	0.04305	0.08743	0.00027	0.02347	0.0	0.02665	0.01813	0.00027	0.00027	0.00027	0.01784	0.15425	0.1709	0.10256	0.04994	0.0	0.08273	0.07015	
0.104	0.12803	0.06615	0.0	0.11066	0.18148	0.15238	0.0702	0.0	0.06261	0.01957	0.00015	0.00015	0.10515	0.01412	0.03393	0.10527	0.16258	0.0	0.0	0.8011	0.06237	0.11958	0.07557	0.1289	0.15301	0.14184	0.0	0.03211	0.06982	0.09959	0.0	0.0	0.0	0.16301	0.1603	0.18553	0.31471	0.0	0.10236	0.11129	0.28105	0.05498	0.07341	0.0	0.11474	0.06995	0.12492	0.0	0.0	0.0	0.0	0.0	0.0	0.0	0.04895	0.0	1.03507	0.19127	0.13896	0.06335	0.09512	0.10719	0.11959	0.0	0.0	0.12552	0.21321	0.14736	0.12051	0.00015	0.11951	0.02762	0.22287	0.23063	0.11706	0.08447	0.12834	0.07207	0.0	0.0	0.0	0.178	0.19674	0.08172	0.16597	0.00015	0.04067	0.01943	0.00015	0.00015	0.00015	0.00015	0.07509	0.14237	0.00015	0.04798	0.0	0.05862	0.02871	0.00015	0.00015	0.00015	0.01943	0.09292	0.16548	0.11808	0.12446	0.0	0.1418	0.13246	
0.05675	0.0636	0.0451	0.0	0.04149	0.05835	0.02863	0.05922	0.0	0.05465	0.01033	0.0004	0.0004	0.03374	0.01161	0.04572	0.08772	0.16321	2.54927	0.0	0.9381	0.0965	0.08843	0.19811	0.03493	0.06827	0.09104	0.0	0.04054	0.07925	0.12237	0.0	0.0	0.0	0.062	0.09245	0.10104	0.08246	0.10236	0.0	0.0855	0.07156	0.09875	0.04798	0.0	0.04244	0.02761	0.05025	0.0	0.0	0.0	0.0	0.0	0.0	0.0	0.11285	0.0	0.22823	0.11689	0.06635	0.08417	0.07831	0.06876	0.07552	0.0	0.0	0.03738	0.02465	0.07928	0.0737	0.0004	0.01139	0.02874	0.01594	0.03685	0.04788	0.11193	0.03462	0.12564	0.0	0.0	0.0	0.14938	0.08199	0.04321	0.08202	0.0004	0.02082	0.01397	0.0004	0.0004	0.0004	0.0004	0.12087	0.09507	0.0004	0.0254	0.0	0.03549	0.03364	0.0004	0.0004	0.0004	0.01397	0.03334	0.05466	0.02907	0.05636	0.0	0.07224	0.08348	
0.05121	0.0479	0.09132	0.0	0.1052	0.17713	0.16096	0.05018	0.0	0.15448	0.00802	7e-05	7e-05	0.12468	0.00745	0.04194	0.13177	0.07809	0.0	0.0	1.06863	0.06481	0.08495	0.05292	0.15517	0.23095	0.0686	0.0	0.02455	0.11261	0.12177	0.0	0.0	0.0	0.03414	0.14053	0.10756	0.14763	0.11129	0.0855	0.0	0.10053	0.18805	0.03829	0.0	0.12637	0.12035	0.15533	0.0	0.0	0.0	0.0	0.0	0.0	0.0	0.13215	0.0	0.50595	0.22879	0.14641	0.10614	0.06138	0.08918	0.15424	0.0	0.0	0.02723	0.11505	0.16848	0.13497	7e-05	0.02872	0.15219	0.18939	0.16401	0.16919	0.08088	0.08703	0.05621	0.0	0.0	0.0	0.23835	0.13932	0.17532	0.05215	7e-05	0.02764	0.01088	7e-05	7e-05	7e-05	7e-05	0.07285	0.09866	7e-05	0.03213	0.0	0.02121	0.01587	7e-05	7e-05	7e-05	0.01088	0.20482	0.1562	0.11571	0.09499	0.0	0.06394	0.08253	
0.10323	0.10159	0.06224	0.0	0.1061	0.07397	0.06795	0.04828	0.0	0.1412	0.00375	0.00054	0.00054	0.04064	0.00357	0.01004	0.07945	0.11862	0.0	0.0	0.23966	0.06384	0.10087	0.08021	0.03865	0.10703	0.0754	0.0	0.11954	0.01824	0.06029	0.0	0.0	0.0	0.07564	0.10866	0.11779	0.18656	0.28105	0.07156	0.10053	0.0	0.02732	0.05985	0.0	0.08522	0.06353	0.04881	0.0	0.0	0.0	0.0	0.0	0.0	0.0	0.03901	0.0	0.44745	0.06269	0.04953	0.08491	0.07013	0.0615	0.06648	0.0	0.0	0.06018	0.19345	0.10426	0.04246	0.00054	0.16209	0.00914	0.14855	0.11579	0.09443	0.08777	0.09845	0.03645	0.0	0.0	0.0	0.11218	0.16463	0.08374	0.04081	0.00054	0.0069	0.00487	0.00054	0.00054	0.00054	0.00054	0.02538	0.03167	0.00054	0.01139	0.0	0.00821	0.00678	0.00054	0.00054	0.00054	0.00487	0.06936	0.07158	0.05082	0.06826	0.0	0.11582	0.09159	
0.05583	0.11465	0.06003	0.0	0.07859	0.13598	0.09166	0.0499	0.0	0.07821	0.00318	0.00018	0.00018	0.09005	0.00304	0.0433	0.08214	0.07094	0.0	0.0	0.18949	0.07375	0.08238	0.057	0.073	0.07189	0.04979	0.0	0.0141	0.37633	0.15024	0.0	0.0	0.0	0.09508	0.08158	0.11491	0.11462	0.05498	0.09875	0.18805	0.02732	0.0	0.02766	0.0	0.09497	0.02476	0.13789	0.0	0.0	0.0	0.0	0.0	0.0	0.0	0.23348	0.0	0.21243	0.04511	0.09064	0.05792	0.03823	0.10166	0.14635	0.0	0.0	0.02419	0.02921	0.10134	0.05672	0.00018	0.00979	0.19435	0.08701	0.11305	0.07088	0.05451	0.02387	0.0486	0.0	0.0	0.0	0.15322	0.09007	0.15345	0.0789	0.00018	0.00612	0.00424	0.00018	0.00018	0.00018	0.00018	0.02308	0.02868	0.00018	0.01049	0.0	0.00768	0.19321	0.00018	0.00018	0.00018	0.00424	0.15107	0.13181	0.08792	0.07408	0.0	0.08442	0.0874	
0.11337	0.04225	0.03436	0.0	0.07962	0.13871	0.07372	0.02288	0.0	0.03834	0.00826	0.00027	0.00027	0.06145	0.0117	0.06212	0.07017	0.07519	0.22495	0.0	0.2096	0.11498	0.10868	0.09562	0.11577	0.0343	0.02342	0.0	0.00259	0.04944	0.06103	0.0	0.0	0.0	0.08973	0.03567	0.06991	0.03749	0.07341	0.04798	0.03829	0.05985	0.02766	0.0	0.0	0.13425	0.13511	0.05291	0.0	0.0	0.0	0.0	0.0	0.0	0.0	0.08539	0.0	0.15209	0.03231	0.05019	0.05165	0.08004	0.05573	0.02281	0.0	0.0	0.0393	0.0833	0.08271	0.03881	0.00027	0.02696	0.0225	0.09475	0.07999	0.06548	0.08224	0.05032	0.12631	0.0	0.0	0.0	0.21353	0.08035	0.03922	0.04556	0.00027	0.01648	0.01117	0.00027	0.00027	0.00027	0.00027	0.00751	0.03533	0.00027	0.00676	0.0	0.02294	0.02402	0.00027	0.00027	0.00027	0.01117	0.1104	0.13522	0.06057	0.04148	0.0	0.03987	0.08192	
0.0	0.0	0.0	0.0	0.0	0.0	0.0	0.0	0.0	0.0	0.0	0.0	0.0	0.0	0.0	0.0	0.0	0.0	0.0	0.0	0.0	0.0	0.0	0.0	0.0	0.0	0.0	0.0	0.0	0.0	0.0	0.0	0.0	0.0	0.0	0.0	0.0	0.0	0.0	0.0	0.0	0.0	0.0	0.0	0.0	0.0	0.0	0.0	0.0	0.0	0.0	0.0	0.0	0.0	0.0	0.0	0.0	0.0	0.0	0.0	0.0	0.0	0.0	0.0	0.0	0.0	0.0	0.0	0.0	0.0	0.0	0.0	0.0	0.0	0.0	0.0	0.0	0.0	0.0	0.0	0.0	0.0	0.0	0.0	0.0	0.0	0.0	0.0	0.0	0.0	0.0	0.0	0.0	0.0	0.0	0.0	0.0	0.0	0.0	0.0	0.0	0.0	0.0	0.0	0.0	0.0	0.0	0.0	0.0	0.0	0.0	
0.15371	0.0333	0.07972	0.0	0.18145	0.30909	0.32675	0.07778	0.0	0.02077	0.00553	0.00043	0.00043	0.093	0.00526	0.02112	0.09652	0.09435	0.0	0.0	0.42286	0.07363	0.09031	0.07265	0.11024	0.11834	0.09727	0.0	0.01815	0.02264	0.07727	0.0	0.0	0.0	0.07951	0.11213	0.09895	0.11978	0.11474	0.04244	0.12637	0.08522	0.09497	0.13425	0.0	0.0	0.36827	0.05092	0.0	0.0	0.0	0.0	0.0	0.0	0.0	0.12387	0.0	0.36879	0.05014	0.05406	0.11725	0.04102	0.23802	0.10415	0.0	0.0	0.08927	0.28447	0.18956	0.08224	0.00043	0.01739	0.10728	0.23594	0.1744	0.1262	0.06606	0.26762	0.07448	0.0	0.0	0.0	0.30395	0.05179	0.11161	0.08191	0.00043	0.01075	0.04891	0.00043	0.00043	0.00043	0.00043	0.04364	0.0409	0.00043	0.02014	0.0	0.01426	0.01038	0.00043	0.00043	0.00043	0.04891	0.47222	0.235	0.13761	0.05806	0.0	0.0303	0.17662	
0.25399	0.021	0.0206	0.0	0.21633	0.2756	0.34145	0.05764	0.0	0.03383	0.00703	0.00055	0.00055	0.02124	0.00669	0.01544	0.12503	0.05835	0.0	0.0	0.42284	0.09607	0.06823	0.04453	0.00726	0.1754	0.10453	0.0	0.02263	0.07781	0.07696	0.0	0.0	0.0	0.01666	0.12818	0.03185	0.10876	0.06995	0.02761	0.12035	0.06353	0.02476	0.13511	0.0	0.36827	0.0	0.07172	0.0	0.0	0.0	0.0	0.0	0.0	0.0	0.15862	0.0	0.13126	0.06692	0.05078	0.0976	0.0206	0.12392	0.07981	0.0	0.0	0.04648	0.49079	0.26561	0.073	0.00055	0.0215	0.01807	0.33887	0.22205	0.07582	0.05288	0.2245	0.1139	0.0	0.0	0.0	0.18221	0.04792	0.10056	0.07792	0.00055	0.01347	0.00933	0.00055	0.00055	0.00055	0.00055	0.05222	0.06605	0.00055	0.02554	0.0	0.01835	0.01302	0.00055	0.00055	0.00055	0.00933	0.55853	0.23483	0.19052	0.02627	0.0	0.02531	0.09293	
0.05494	0.07521	0.01858	0.0	0.02974	0.04837	0.05524	0.04815	0.0	0.09209	0.00371	0.00049	0.00049	0.05418	0.00357	0.00829	0.04905	0.05465	0.15384	0.0	0.55334	0.06478	0.04999	0.04298	0.03851	0.02805	0.03845	0.0	0.00969	0.2109	0.09245	0.0	0.0	0.0	0.02823	0.12532	0.05857	0.05971	0.12492	0.05025	0.15533	0.04881	0.13789	0.05291	0.0	0.05092	0.07172	0.0	0.0	0.0	0.0	0.0	0.0	0.0	0.0	0.112	0.0	0.22652	0.04961	0.09069	0.03822	0.0481	0.04521	0.11443	0.0	0.0	0.07521	0.12165	0.04996	0.21426	0.00049	0.18727	0.15299	0.07335	0.15677	0.026	0.03099	0.02603	0.05109	0.0	0.0	0.0	0.07927	0.08339	0.16769	0.02865	0.00049	0.00676	0.00481	0.00049	0.00049	0.00049	0.00049	0.0236	0.01232	0.00049	0.00877	0.0	0.00595	0.00661	0.00049	0.00049	0.00049	0.00481	0.1319	0.04701	0.03922	0.02074	0.0	0.0341	0.04106	
0.0	0.0	0.0	0.0	0.0	0.0	0.0	0.0	0.0	0.0	0.0	0.0	0.0	0.0	0.0	0.0	0.0	0.0	0.0	0.0	0.0	0.0	0.0	0.0	0.0	0.0	0.0	0.0	0.0	0.0	0.0	0.0	0.0	0.0	0.0	0.0	0.0	0.0	0.0	0.0	0.0	0.0	0.0	0.0	0.0	0.0	0.0	0.0	0.0	0.0	0.0	0.0	0.0	0.0	0.0	0.0	0.0	0.0	0.0	0.0	0.0	0.0	0.0	0.0	0.0	0.0	0.0	0.0	0.0	0.0	0.0	0.0	0.0	0.0	0.0	0.0	0.0	0.0	0.0	0.0	0.0	0.0	0.0	0.0	0.0	0.0	0.0	0.0	0.0	0.0	0.0	0.0	0.0	0.0	0.0	0.0	0.0	0.0	0.0	0.0	0.0	0.0	0.0	0.0	0.0	0.0	0.0	0.0	0.0	0.0	0.0	
0.0	0.0	0.0	0.0	0.0	0.0	0.0	0.0	0.0	0.0	0.0	0.0	0.0	0.0	0.0	0.0	0.0	0.0	0.0	0.0	0.0	0.0	0.0	0.0	0.0	0.0	0.0	0.0	0.0	0.0	0.0	0.0	0.0	0.0	0.0	0.0	0.0	0.0	0.0	0.0	0.0	0.0	0.0	0.0	0.0	0.0	0.0	0.0	0.0	0.0	0.0	0.0	0.0	0.0	0.0	0.0	0.0	0.0	0.0	0.0	0.0	0.0	0.0	0.0	0.0	0.0	0.0	0.0	0.0	0.0	0.0	0.0	0.0	0.0	0.0	0.0	0.0	0.0	0.0	0.0	0.0	0.0	0.0	0.0	0.0	0.0	0.0	0.0	0.0	0.0	0.0	0.0	0.0	0.0	0.0	0.0	0.0	0.0	0.0	0.0	0.0	0.0	0.0	0.0	0.0	0.0	0.0	0.0	0.0	0.0	0.0	
0.0	0.0	0.0	0.0	0.0	0.0	0.0	0.0	0.0	0.0	0.0	0.0	0.0	0.0	0.0	0.0	0.0	0.0	0.0	0.0	0.0	0.0	0.0	0.0	0.0	0.0	0.0	0.0	0.0	0.0	0.0	0.0	0.0	0.0	0.0	0.0	0.0	0.0	0.0	0.0	0.0	0.0	0.0	0.0	0.0	0.0	0.0	0.0	0.0	0.0	0.0	0.0	0.0	0.0	0.0	0.0	0.0	0.0	0.0	0.0	0.0	0.0	0.0	0.0	0.0	0.0	0.0	0.0	0.0	0.0	0.0	0.0	0.0	0.0	0.0	0.0	0.0	0.0	0.0	0.0	0.0	0.0	0.0	0.0	0.0	0.0	0.0	0.0	0.0	0.0	0.0	0.0	0.0	0.0	0.0	0.0	0.0	0.0	0.0	0.0	0.0	0.0	0.0	0.0	0.0	0.0	0.0	0.0	0.0	0.0	0.0	
0.0	0.0	0.0	0.0	0.0	0.0	0.0	0.0	0.0	0.0	0.0	0.0	0.0	0.0	0.0	0.0	0.0	0.0	0.0	0.0	0.0	0.0	0.0	0.0	0.0	0.0	0.0	0.0	0.0	0.0	0.0	0.0	0.0	0.0	0.0	0.0	0.0	0.0	0.0	0.0	0.0	0.0	0.0	0.0	0.0	0.0	0.0	0.0	0.0	0.0	0.0	0.0	0.0	0.0	0.0	0.0	0.0	0.0	0.0	0.0	0.0	0.0	0.0	0.0	0.0	0.0	0.0	0.0	0.0	0.0	0.0	0.0	0.0	0.0	0.0	0.0	0.0	0.0	0.0	0.0	0.0	0.0	0.0	0.0	0.0	0.0	0.0	0.0	0.0	0.0	0.0	0.0	0.0	0.0	0.0	0.0	0.0	0.0	0.0	0.0	0.0	0.0	0.0	0.0	0.0	0.0	0.0	0.0	0.0	0.0	0.0	
0.0	0.0	0.0	0.0	0.0	0.0	0.0	0.0	0.0	0.0	0.0	0.0	0.0	0.0	0.0	0.0	0.0	0.0	0.0	0.0	0.0	0.0	0.0	0.0	0.0	0.0	0.0	0.0	0.0	0.0	0.0	0.0	0.0	0.0	0.0	0.0	0.0	0.0	0.0	0.0	0.0	0.0	0.0	0.0	0.0	0.0	0.0	0.0	0.0	0.0	0.0	0.0	0.0	0.0	0.0	0.0	0.0	0.0	0.0	0.0	0.0	0.0	0.0	0.0	0.0	0.0	0.0	0.0	0.0	0.0	0.0	0.0	0.0	0.0	0.0	0.0	0.0	0.0	0.0	0.0	0.0	0.0	0.0	0.0	0.0	0.0	0.0	0.0	0.0	0.0	0.0	0.0	0.0	0.0	0.0	0.0	0.0	0.0	0.0	0.0	0.0	0.0	0.0	0.0	0.0	0.0	0.0	0.0	0.0	0.0	0.0	
0.0	0.0	0.0	0.0	0.0	0.0	0.0	0.0	0.0	0.0	0.0	0.0	0.0	0.0	0.0	0.0	0.0	0.0	0.0	0.0	0.0	0.0	0.0	0.0	0.0	0.0	0.0	0.0	0.0	0.0	0.0	0.0	0.0	0.0	0.0	0.0	0.0	0.0	0.0	0.0	0.0	0.0	0.0	0.0	0.0	0.0	0.0	0.0	0.0	0.0	0.0	0.0	0.0	0.0	0.0	0.0	0.0	0.0	0.0	0.0	0.0	0.0	0.0	0.0	0.0	0.0	0.0	0.0	0.0	0.0	0.0	0.0	0.0	0.0	0.0	0.0	0.0	0.0	0.0	0.0	0.0	0.0	0.0	0.0	0.0	0.0	0.0	0.0	0.0	0.0	0.0	0.0	0.0	0.0	0.0	0.0	0.0	0.0	0.0	0.0	0.0	0.0	0.0	0.0	0.0	0.0	0.0	0.0	0.0	0.0	0.0	
0.0	0.0	0.0	0.0	0.0	0.0	0.0	0.0	0.0	0.0	0.0	0.0	0.0	0.0	0.0	0.0	0.0	0.0	0.0	0.0	0.0	0.0	0.0	0.0	0.0	0.0	0.0	0.0	0.0	0.0	0.0	0.0	0.0	0.0	0.0	0.0	0.0	0.0	0.0	0.0	0.0	0.0	0.0	0.0	0.0	0.0	0.0	0.0	0.0	0.0	0.0	0.0	0.0	0.0	0.0	0.0	0.0	0.0	0.0	0.0	0.0	0.0	0.0	0.0	0.0	0.0	0.0	0.0	0.0	0.0	0.0	0.0	0.0	0.0	0.0	0.0	0.0	0.0	0.0	0.0	0.0	0.0	0.0	0.0	0.0	0.0	0.0	0.0	0.0	0.0	0.0	0.0	0.0	0.0	0.0	0.0	0.0	0.0	0.0	0.0	0.0	0.0	0.0	0.0	0.0	0.0	0.0	0.0	0.0	0.0	0.0	
0.10755	0.08008	0.01889	0.0	0.05327	0.10396	0.0612	0.02228	0.0	0.04856	0.00431	0.00026	0.00026	0.02761	0.00404	0.01231	0.07382	0.08803	0.2967	0.0	0.18066	0.05579	0.05025	0.1306	0.04136	0.09796	0.05216	0.0	0.02171	0.27559	0.1213	0.0	0.0	0.0	0.06739	0.10682	0.08246	0.11145	0.04895	0.11285	0.13215	0.03901	0.23348	0.08539	0.0	0.12387	0.15862	0.112	0.0	0.0	0.0	0.0	0.0	0.0	0.0	0.0	0.0	0.4823	0.03611	0.0394	0.12795	0.03114	0.06804	0.11293	0.0	0.0	0.01733	0.13316	0.12036	0.06941	0.00026	0.01307	0.01109	0.1039	0.10395	0.05946	0.06252	0.10324	0.04922	0.0	0.0	0.0	0.11546	0.07955	0.08255	0.0554	0.00026	0.00826	0.0057	0.00026	0.00026	0.00026	0.00026	0.03159	0.01955	0.00026	0.01216	0.0	0.00804	0.00815	0.00026	0.00026	0.00026	0.0057	0.07057	0.09713	0.0656	0.0505	0.0	0.06923	0.05221	
0.0	0.0	0.0	0.0	0.0	0.0	0.0	0.0	0.0	0.0	0.0	0.0	0.0	0.0	0.0	0.0	0.0	0.0	0.0	0.0	0.0	0.0	0.0	0.0	0.0	0.0	0.0	0.0	0.0	0.0	0.0	0.0	0.0	0.0	0.0	0.0	0.0	0.0	0.0	0.0	0.0	0.0	0.0	0.0	0.0	0.0	0.0	0.0	0.0	0.0	0.0	0.0	0.0	0.0	0.0	0.0	0.0	0.0	0.0	0.0	0.0	0.0	0.0	0.0	0.0	0.0	0.0	0.0	0.0	0.0	0.0	0.0	0.0	0.0	0.0	0.0	0.0	0.0	0.0	0.0	0.0	0.0	0.0	0.0	0.0	0.0	0.0	0.0	0.0	0.0	0.0	0.0	0.0	0.0	0.0	0.0	0.0	0.0	0.0	0.0	0.0	0.0	0.0	0.0	0.0	0.0	0.0	0.0	0.0	0.0	0.0	
0.1233	0.42189	0.10943	0.0	0.19998	0.32713	0.30996	0.22555	0.0	0.12555	0.01126	2e-05	2e-05	0.27329	0.01147	0.10718	0.3128	0.32137	0.0	0.0	2.24262	0.10894	0.2718	0.21544	0.23441	0.34536	0.09008	0.0	0.03746	0.14539	0.22205	0.0	0.0	0.0	0.34172	0.43337	0.37006	0.55493	1.03507	0.22823	0.50595	0.44745	0.21243	0.15209	0.0	0.36879	0.13126	0.22652	0.0	0.0	0.0	0.0	0.0	0.0	0.0	0.4823	0.0	0.0	0.17175	0.27688	0.19388	0.28405	0.30004	0.22314	0.0	0.0	0.12179	0.2585	0.34338	0.25973	2e-05	0.14852	0.12484	0.4879	0.4236	0.22344	0.20477	0.38945	0.10684	0.0	0.0	0.0	0.55504	0.35191	0.23765	0.49325	2e-05	0.02477	0.01618	2e-05	2e-05	2e-05	2e-05	0.1318	0.19133	2e-05	0.03543	0.0	0.02021	0.02166	2e-05	2e-05	2e-05	0.01618	0.23857	0.32453	0.1689	0.14864	0.0	0.45463	0.20475	
