0.0	0.39463	0.23264	8e-05	8e-05	8e-05	8e-05	8e-05	0.79745	0.12597	0.09558	8e-05	8e-05	0.08694	0.11313	8e-05	0.07205	8e-05	8e-05	0.09271	0.09271	0.03813	0.0	0.23596	8e-05	0.88993	0.31308	8e-05	8e-05	8e-05	0.0	8e-05	0.0789	0.80912	0.2576	0.40403	0.17223	0.45517	0.52868	0.15692	0.20801	8e-05	0.03813	0.15345	0.31308	0.28364	8e-05	0.09629	8e-05	8e-05	0.03813	8e-05	8e-05	0.27289	0.53733	0.11625	0.15342	8e-05	8e-05	0.05004	8e-05	8e-05	0.10497	8e-05	8e-05	0.20109	0.13021	8e-05	8e-05	8e-05	8e-05	8e-05	8e-05	0.16156	8e-05	0.40758	8e-05	0.83216	0.38259	0.0809	0.79745	0.25793	0.0	0.0	0.0	0.0	0.27887	0.24559	8e-05	8e-05	8e-05	0.0809	0.7736	0.2231	0.40752	0.09629	0.0	0.03813	0.03813	0.09629	0.03813	0.02182	0.09629	0.09629	8e-05	0.09629	0.11139	0.24085	8e-05	8e-05	0.17157	0.18413	1.19884	0.15345	8e-05	0.11313	0.20322	0.77149	0.04217	0.03813	0.13997	0.0	0.0	0.0	0.19068	8e-05	0.15203	0.29035	0.10497	8e-05	0.18038	0.09929	0.0809	8e-05	8e-05	0.18599	0.09629	8e-05	8e-05	0.04806	8e-05	8e-05	8e-05	8e-05	8e-05	0.09599	8e-05	8e-05	8e-05	0.03813	0.16429	0.10713	0.16859	0.17076	0.11565	0.17447	8e-05	0.05108	8e-05	0.51256	8e-05	8e-05	8e-05	0.42929	0.46133	0.35566	
0.39463	0.0	0.31724	1e-05	1e-05	1e-05	1e-05	1e-05	0.31254	0.26214	0.18885	1e-05	1e-05	0.17693	0.07896	1e-05	0.23235	1e-05	1e-05	0.18714	0.18714	0.12602	0.0	0.15957	1e-05	0.23986	0.07289	1e-05	1e-05	1e-05	0.0	1e-05	0.13346	0.31353	0.28687	0.58968	0.30596	0.32672	0.29849	0.19945	0.25768	0.01735	0.12602	0.07777	0.07289	0.49501	1e-05	0.17812	1e-05	1e-05	0.12602	1e-05	1e-05	0.28374	0.5005	0.09736	0.44309	1e-05	1e-05	0.05942	1e-05	1e-05	0.0785	1e-05	1e-05	0.23834	0.26586	1e-05	1e-05	1e-05	1e-05	1e-05	1e-05	0.27214	1e-05	0.10476	1e-05	0.2081	0.28064	0.12178	0.31254	0.40016	0.0	0.0	0.0	0.0	0.30024	0.3407	1e-05	1e-05	1e-05	0.12178	0.32801	0.10153	0.37158	0.17812	0.0	0.12602	0.12602	0.17812	0.12602	0.09723	0.17812	0.17812	1e-05	0.17812	0.2805	0.27839	1e-05	1e-05	0.24291	0.13436	0.23537	0.07777	1e-05	0.07896	0.17257	0.55812	0.12489	0.12602	0.25316	0.0	0.0	0.0	0.15756	1e-05	0.13452	0.18137	0.0785	1e-05	0.30643	0.04985	0.12178	1e-05	1e-05	0.345	0.17812	1e-05	1e-05	0.11028	1e-05	1e-05	1e-05	1e-05	1e-05	0.09772	1e-05	1e-05	1e-05	0.12602	0.23844	0.19807	0.30366	0.28074	0.46507	0.2718	1e-05	0.06029	1e-05	0.32895	1e-05	1e-05	1e-05	0.2983	0.28161	0.2147	
0.23264	0.31724	0.0	0.00011	0.00011	0.00011	0.00011	0.00011	0.0584	0.12428	0.00929	0.00011	0.00011	0.00895	0.00579	0.00011	0.00489	0.00011	0.00011	0.0108	0.0108	0.08221	0.0	0.12835	0.00011	0.12976	0.06521	0.00011	0.00011	0.00011	0.0	0.00011	0.09744	0.05902	0.34422	0.18238	0.10152	0.05665	0.09891	0.01834	0.29814	0.00926	0.08221	0.14514	0.06521	0.15419	0.00011	0.0097	0.00011	0.00011	0.08221	0.00011	0.00011	0.23391	0.23656	0.01246	0.21848	0.00011	0.00011	0.04329	0.00011	0.00011	0.00836	0.00011	0.00011	0.03496	0.12635	0.00011	0.00011	0.00011	0.00011	0.00011	0.00011	0.45891	0.00011	0.1437	0.00011	0.33839	0.07387	0.2014	0.0584	0.14539	0.0	0.0	0.0	0.0	0.21786	0.17788	0.00011	0.00011	0.00011	0.2014	0.08136	0.06875	0.22736	0.0097	0.0	0.08221	0.08221	0.0097	0.08221	0.00427	0.0097	0.0097	0.00011	0.0097	0.06103	0.00535	0.00011	0.00011	0.0949	0.00949	0.18326	0.14514	0.00011	0.00579	0.18011	0.29761	0.08143	0.08221	0.00954	0.0	0.0	0.0	0.15686	0.00011	0.04799	0.19537	0.00836	0.00011	0.29817	0.01581	0.2014	0.00011	0.00011	0.06271	0.0097	0.00011	0.00011	0.18765	0.00011	0.00011	0.00011	0.00011	0.00011	0.00564	0.00011	0.00011	0.00011	0.08221	0.16838	0.01209	0.16761	0.12702	0.184	0.03546	0.00011	0.04387	0.00011	0.10433	0.00011	0.00011	0.00011	0.22854	0.09759	0.10346	
8e-05	1e-05	0.00011	0.0	0.0	0.0	0.0	0.0	0.00012	7e-05	0.00012	0.0	0.0	0.0001	8e-05	0.0	7e-05	0.0	0.0	0.00333	0.00333	0.00184	0.0	0.00287	0.0	0.01703	0.00308	0.0	0.0	0.0	0.0	0.0	0.0358	0.00173	0.00257	0.01964	0.21773	0.005	0.10154	0.0038	0.00215	0.0	0.00184	0.0	0.00308	0.00913	0.0	0.0019	0.0	0.0	0.00184	0.0	0.0	0.00462	0.10468	0.00665	0.00746	0.0	0.0	0.00124	0.0	0.0	0.00507	0.0	0.0	0.01928	0.00314	0.0	0.0	0.0	0.0	0.0	0.0	0.00185	0.0	0.38517	0.0	0.02496	0.01876	0.00106	0.00012	8e-05	0.0	0.0	0.0	0.0	3e-05	0.00223	0.0	0.0	0.0	0.00106	0.06013	0.00213	0.01421	0.0019	0.0	0.00184	0.00184	0.0019	0.00184	0.0	0.0019	0.0019	0.0	0.0019	0.00231	0.00892	0.0	0.0	0.20655	0.00938	0.01098	0.0	0.0	8e-05	9e-05	5e-05	0.0001	0.00184	0.00821	0.0	0.0	0.0	0.00205	0.0	0.00866	0.02351	0.00507	0.0	0.00408	0.01801	0.00106	0.0	0.0	0.00843	0.0019	0.0	0.0	0.06164	0.0	0.0	0.0	0.0	0.0	0.00386	0.0	0.0	0.0	0.00184	0.00177	0.00528	0.01645	0.00491	0.02163	0.00748	0.0	0.00146	0.0	0.034	0.0	0.0	0.0	0.01794	0.01581	0.13797	
8e-05	1e-05	0.00011	0.0	0.0	0.0	0.0	0.0	0.00012	7e-05	0.00012	0.0	0.0	0.0001	8e-05	0.0	7e-05	0.0	0.0	0.00333	0.00333	0.00184	0.0	0.00287	0.0	0.01703	0.00308	0.0	0.0	0.0	0.0	0.0	0.0358	0.00173	0.00257	0.01964	0.21773	0.005	0.10154	0.0038	0.00215	0.0	0.00184	0.0	0.00308	0.00913	0.0	0.0019	0.0	0.0	0.00184	0.0	0.0	0.00462	0.10468	0.00665	0.00746	0.0	0.0	0.00124	0.0	0.0	0.00507	0.0	0.0	0.01928	0.00314	0.0	0.0	0.0	0.0	0.0	0.0	0.00185	0.0	0.38517	0.0	0.02496	0.01876	0.00106	0.00012	8e-05	0.0	0.0	0.0	0.0	3e-05	0.00223	0.0	0.0	0.0	0.00106	0.06013	0.00213	0.01421	0.0019	0.0	0.00184	0.00184	0.0019	0.00184	0.0	0.0019	0.0019	0.0	0.0019	0.00231	0.00892	0.0	0.0	0.20655	0.00938	0.01098	0.0	0.0	8e-05	9e-05	5e-05	0.0001	0.00184	0.00821	0.0	0.0	0.0	0.00205	0.0	0.00866	0.02351	0.00507	0.0	0.00408	0.01801	0.00106	0.0	0.0	0.00843	0.0019	0.0	0.0	0.06164	0.0	0.0	0.0	0.0	0.0	0.00386	0.0	0.0	0.0	0.00184	0.00177	0.00528	0.01645	0.00491	0.02163	0.00748	0.0	0.00146	0.0	0.034	0.0	0.0	0.0	0.01794	0.01581	0.13797	
8e-05	1e-05	0.00011	0.0	0.0	0.0	0.0	0.0	0.00012	7e-05	0.00012	0.0	0.0	0.0001	8e-05	0.0	7e-05	0.0	0.0	0.00333	0.00333	0.00184	0.0	0.00287	0.0	0.01703	0.00308	0.0	0.0	0.0	0.0	0.0	0.0358	0.00173	0.00257	0.01964	0.21773	0.005	0.10154	0.0038	0.00215	0.0	0.00184	0.0	0.00308	0.00913	0.0	0.0019	0.0	0.0	0.00184	0.0	0.0	0.00462	0.10468	0.00665	0.00746	0.0	0.0	0.00124	0.0	0.0	0.00507	0.0	0.0	0.01928	0.00314	0.0	0.0	0.0	0.0	0.0	0.0	0.00185	0.0	0.38517	0.0	0.02496	0.01876	0.00106	0.00012	8e-05	0.0	0.0	0.0	0.0	3e-05	0.00223	0.0	0.0	0.0	0.00106	0.06013	0.00213	0.01421	0.0019	0.0	0.00184	0.00184	0.0019	0.00184	0.0	0.0019	0.0019	0.0	0.0019	0.00231	0.00892	0.0	0.0	0.20655	0.00938	0.01098	0.0	0.0	8e-05	9e-05	5e-05	0.0001	0.00184	0.00821	0.0	0.0	0.0	0.00205	0.0	0.00866	0.02351	0.00507	0.0	0.00408	0.01801	0.00106	0.0	0.0	0.00843	0.0019	0.0	0.0	0.06164	0.0	0.0	0.0	0.0	0.0	0.00386	0.0	0.0	0.0	0.00184	0.00177	0.00528	0.01645	0.00491	0.02163	0.00748	0.0	0.00146	0.0	0.034	0.0	0.0	0.0	0.01794	0.01581	0.13797	
8e-05	1e-05	0.00011	0.0	0.0	0.0	0.0	0.0	0.00012	7e-05	0.00012	0.0	0.0	0.0001	8e-05	0.0	7e-05	0.0	0.0	0.00333	0.00333	0.00184	0.0	0.00287	0.0	0.01703	0.00308	0.0	0.0	0.0	0.0	0.0	0.0358	0.00173	0.00257	0.01964	0.21773	0.005	0.10154	0.0038	0.00215	0.0	0.00184	0.0	0.00308	0.00913	0.0	0.0019	0.0	0.0	0.00184	0.0	0.0	0.00462	0.10468	0.00665	0.00746	0.0	0.0	0.00124	0.0	0.0	0.00507	0.0	0.0	0.01928	0.00314	0.0	0.0	0.0	0.0	0.0	0.0	0.00185	0.0	0.38517	0.0	0.02496	0.01876	0.00106	0.00012	8e-05	0.0	0.0	0.0	0.0	3e-05	0.00223	0.0	0.0	0.0	0.00106	0.06013	0.00213	0.01421	0.0019	0.0	0.00184	0.00184	0.0019	0.00184	0.0	0.0019	0.0019	0.0	0.0019	0.00231	0.00892	0.0	0.0	0.20655	0.00938	0.01098	0.0	0.0	8e-05	9e-05	5e-05	0.0001	0.00184	0.00821	0.0	0.0	0.0	0.00205	0.0	0.00866	0.02351	0.00507	0.0	0.00408	0.01801	0.00106	0.0	0.0	0.00843	0.0019	0.0	0.0	0.06164	0.0	0.0	0.0	0.0	0.0	0.00386	0.0	0.0	0.0	0.00184	0.00177	0.00528	0.01645	0.00491	0.02163	0.00748	0.0	0.00146	0.0	0.034	0.0	0.0	0.0	0.01794	0.01581	0.13797	
8e-05	1e-05	0.00011	0.0	0.0	0.0	0.0	0.0	0.00012	7e-05	0.00012	0.0	0.0	0.0001	8e-05	0.0	7e-05	0.0	0.0	0.00333	0.00333	0.00184	0.0	0.00287	0.0	0.01703	0.00308	0.0	0.0	0.0	0.0	0.0	0.0358	0.00173	0.00257	0.01964	0.21773	0.005	0.10154	0.0038	0.00215	0.0	0.00184	0.0	0.00308	0.00913	0.0	0.0019	0.0	0.0	0.00184	0.0	0.0	0.00462	0.10468	0.00665	0.00746	0.0	0.0	0.00124	0.0	0.0	0.00507	0.0	0.0	0.01928	0.00314	0.0	0.0	0.0	0.0	0.0	0.0	0.00185	0.0	0.38517	0.0	0.02496	0.01876	0.00106	0.00012	8e-05	0.0	0.0	0.0	0.0	3e-05	0.00223	0.0	0.0	0.0	0.00106	0.06013	0.00213	0.01421	0.0019	0.0	0.00184	0.00184	0.0019	0.00184	0.0	0.0019	0.0019	0.0	0.0019	0.00231	0.00892	0.0	0.0	0.20655	0.00938	0.01098	0.0	0.0	8e-05	9e-05	5e-05	0.0001	0.00184	0.00821	0.0	0.0	0.0	0.00205	0.0	0.00866	0.02351	0.00507	0.0	0.00408	0.01801	0.00106	0.0	0.0	0.00843	0.0019	0.0	0.0	0.06164	0.0	0.0	0.0	0.0	0.0	0.00386	0.0	0.0	0.0	0.00184	0.00177	0.00528	0.01645	0.00491	0.02163	0.00748	0.0	0.00146	0.0	0.034	0.0	0.0	0.0	0.01794	0.01581	0.13797	
0.79745	0.31254	0.0584	0.00012	0.00012	0.00012	0.00012	0.00012	0.0	0.06333	0.04195	0.00012	0.00012	0.0299	0.0737	0.00012	0.05136	0.00012	0.00012	0.04398	0.04398	0.03122	0.0	0.04312	0.00012	0.27242	0.02626	0.00012	0.00012	0.00012	0.0	0.00012	0.05066	1.00129	0.05696	0.34679	0.16508	0.38022	0.49761	0.05274	0.04963	0.0045	0.03122	0.2563	0.02626	0.13826	0.00012	0.03093	0.00012	0.00012	0.03122	0.00012	0.00012	0.06871	0.51297	0.09236	0.12045	0.00012	0.00012	0.01807	0.00012	0.00012	0.07719	0.00012	0.00012	0.25555	0.0657	0.00012	0.00012	0.00012	0.00012	0.00012	0.00012	0.04512	0.00012	0.17076	0.00012	0.11006	0.33104	0.02711	0.99967	0.13175	0.0	0.0	0.0	0.0	0.13685	0.18633	0.00012	0.00012	0.00012	0.02711	1.05968	0.02704	0.11516	0.03093	0.0	0.03122	0.03122	0.03093	0.03122	0.00662	0.03093	0.03093	0.00012	0.03093	0.0471	0.15519	0.00012	0.00012	0.14765	0.12596	0.17821	0.2563	0.00012	0.0737	0.03908	0.43725	0.03022	0.03122	0.10691	0.0	0.0	0.0	0.03747	0.00012	0.1237	0.05576	0.07719	0.00012	0.07731	0.0547	0.02711	0.00012	0.00012	0.12934	0.03093	0.00012	0.00012	0.05422	0.00012	0.00012	0.00012	0.00012	0.00012	0.05235	0.00012	0.00012	0.00012	0.03122	0.04359	0.06556	0.07161	0.09258	0.06989	0.12474	0.00012	0.01835	0.00012	0.59966	0.00012	0.00012	0.00012	0.31634	0.06508	0.17114	
0.12597	0.26214	0.12428	7e-05	7e-05	7e-05	7e-05	7e-05	0.06333	0.0	0.14021	7e-05	7e-05	0.20232	0.31286	7e-05	0.63519	7e-05	7e-05	0.14155	0.14155	0.09158	0.0	0.15675	7e-05	0.14753	0.07089	7e-05	7e-05	7e-05	0.0	7e-05	0.10343	0.0638	0.29854	0.46628	0.69892	0.12498	0.30757	0.2138	0.42225	0.03539	0.09158	0.09634	0.07089	0.28441	7e-05	0.20301	7e-05	7e-05	0.09158	7e-05	7e-05	0.52666	0.1369	0.0911	0.1248	7e-05	7e-05	0.09362	7e-05	7e-05	0.31555	7e-05	7e-05	0.24048	1.003	7e-05	7e-05	7e-05	7e-05	7e-05	7e-05	0.23264	7e-05	0.11589	7e-05	0.14566	0.27098	0.42644	0.06333	0.60483	0.0	0.0	0.0	0.0	0.54357	0.40896	7e-05	7e-05	7e-05	0.42644	0.08076	0.16329	0.45412	0.20301	0.0	0.09158	0.09158	0.20301	0.09158	0.05748	0.20301	0.20301	7e-05	0.20301	0.21389	0.24871	7e-05	7e-05	0.28125	0.32953	0.09666	0.09634	7e-05	0.31286	0.49159	0.32356	0.09097	0.09158	0.69481	0.0	0.0	0.0	0.17283	7e-05	0.12864	0.50732	0.31555	7e-05	0.47957	0.05693	0.42644	7e-05	7e-05	0.31031	0.20301	7e-05	7e-05	0.08098	7e-05	7e-05	7e-05	7e-05	7e-05	0.06624	7e-05	7e-05	7e-05	0.09158	0.52805	0.26801	0.45373	0.57513	0.42841	0.31848	7e-05	0.0463	7e-05	0.11499	7e-05	7e-05	7e-05	0.46985	0.45169	0.31922	
0.09558	0.18885	0.00929	0.00012	0.00012	0.00012	0.00012	0.00012	0.04195	0.14021	0.0	0.00012	0.00012	0.05678	0.28802	0.00012	0.10444	0.00012	0.00012	1.00309	1.00309	0.0583	0.0	0.2171	0.00012	0.06666	0.29521	0.00012	0.00012	0.00012	0.0	0.00012	0.0744	0.04261	0.04815	0.1294	0.18696	0.0283	0.10256	0.07738	0.17527	0.00856	0.0583	0.16645	0.29521	0.46971	0.00012	0.05764	0.00012	0.00012	0.0583	0.00012	0.00012	0.23602	0.18018	0.2331	0.15484	0.00012	0.00012	0.03166	0.00012	0.00012	0.29154	0.00012	0.00012	0.09839	0.14242	0.00012	0.00012	0.00012	0.00012	0.00012	0.00012	0.03264	0.00012	0.27152	0.00012	0.05198	0.06051	0.0502	0.04195	0.12726	0.0	0.0	0.0	0.0	0.49632	0.05698	0.00012	0.00012	0.00012	0.0502	0.06657	0.04931	0.18784	0.05764	0.0	0.0583	0.0583	0.05764	0.0583	0.01245	0.05764	0.05764	0.00012	0.05764	0.09731	0.37682	0.00012	0.00012	0.15414	0.27336	0.22393	0.16645	0.00012	0.28802	0.08053	0.27997	0.05747	0.0583	0.42966	0.0	0.0	0.0	0.19819	0.00012	0.16972	0.09535	0.29154	0.00012	0.24615	0.04292	0.0502	0.00012	0.00012	0.2018	0.05764	0.00012	0.00012	0.28958	0.00012	0.00012	0.00012	0.00012	0.00012	0.03552	0.00012	0.00012	0.00012	0.0583	0.08944	1.01769	0.14478	0.21919	0.62613	0.16625	0.00012	0.03209	0.00012	0.07886	0.00012	0.00012	0.00012	0.26333	0.201	0.4869	
8e-05	1e-05	0.00011	0.0	0.0	0.0	0.0	0.0	0.00012	7e-05	0.00012	0.0	0.0	0.0001	8e-05	0.0	7e-05	0.0	0.0	0.00333	0.00333	0.00184	0.0	0.00287	0.0	0.01703	0.00308	0.0	0.0	0.0	0.0	0.0	0.0358	0.00173	0.00257	0.01964	0.21773	0.005	0.10154	0.0038	0.00215	0.0	0.00184	0.0	0.00308	0.00913	0.0	0.0019	0.0	0.0	0.00184	0.0	0.0	0.00462	0.10468	0.00665	0.00746	0.0	0.0	0.00124	0.0	0.0	0.00507	0.0	0.0	0.01928	0.00314	0.0	0.0	0.0	0.0	0.0	0.0	0.00185	0.0	0.38517	0.0	0.02496	0.01876	0.00106	0.00012	8e-05	0.0	0.0	0.0	0.0	3e-05	0.00223	0.0	0.0	0.0	0.00106	0.06013	0.00213	0.01421	0.0019	0.0	0.00184	0.00184	0.0019	0.00184	0.0	0.0019	0.0019	0.0	0.0019	0.00231	0.00892	0.0	0.0	0.20655	0.00938	0.01098	0.0	0.0	8e-05	9e-05	5e-05	0.0001	0.00184	0.00821	0.0	0.0	0.0	0.00205	0.0	0.00866	0.02351	0.00507	0.0	0.00408	0.01801	0.00106	0.0	0.0	0.00843	0.0019	0.0	0.0	0.06164	0.0	0.0	0.0	0.0	0.0	0.00386	0.0	0.0	0.0	0.00184	0.00177	0.00528	0.01645	0.00491	0.02163	0.00748	0.0	0.00146	0.0	0.034	0.0	0.0	0.0	0.01794	0.01581	0.13797	
8e-05	1e-05	0.00011	0.0	0.0	0.0	0.0	0.0	0.00012	7e-05	0.00012	0.0	0.0	0.0001	8e-05	0.0	7e-05	0.0	0.0	0.00333	0.00333	0.00184	0.0	0.00287	0.0	0.01703	0.00308	0.0	0.0	0.0	0.0	0.0	0.0358	0.00173	0.00257	0.01964	0.21773	0.005	0.10154	0.0038	0.00215	0.0	0.00184	0.0	0.00308	0.00913	0.0	0.0019	0.0	0.0	0.00184	0.0	0.0	0.00462	0.10468	0.00665	0.00746	0.0	0.0	0.00124	0.0	0.0	0.00507	0.0	0.0	0.01928	0.00314	0.0	0.0	0.0	0.0	0.0	0.0	0.00185	0.0	0.38517	0.0	0.02496	0.01876	0.00106	0.00012	8e-05	0.0	0.0	0.0	0.0	3e-05	0.00223	0.0	0.0	0.0	0.00106	0.06013	0.00213	0.01421	0.0019	0.0	0.00184	0.00184	0.0019	0.00184	0.0	0.0019	0.0019	0.0	0.0019	0.00231	0.00892	0.0	0.0	0.20655	0.00938	0.01098	0.0	0.0	8e-05	9e-05	5e-05	0.0001	0.00184	0.00821	0.0	0.0	0.0	0.00205	0.0	0.00866	0.02351	0.00507	0.0	0.00408	0.01801	0.00106	0.0	0.0	0.00843	0.0019	0.0	0.0	0.06164	0.0	0.0	0.0	0.0	0.0	0.00386	0.0	0.0	0.0	0.00184	0.00177	0.00528	0.01645	0.00491	0.02163	0.00748	0.0	0.00146	0.0	0.034	0.0	0.0	0.0	0.01794	0.01581	0.13797	
0.08694	0.17693	0.00895	0.0001	0.0001	0.0001	0.0001	0.0001	0.0299	0.20232	0.05678	0.0001	0.0001	0.0	0.10268	0.0001	0.28861	0.0001	0.0001	0.05866	0.05866	0.0411	0.0	0.05875	0.0001	0.06676	0.03388	0.0001	0.0001	0.0001	0.0	0.0001	0.05884	0.03064	0.07921	0.25778	1.22263	0.12775	0.15276	1.01755	0.0694	0.00539	0.0411	0.20654	0.03388	0.09971	0.0001	1.00154	0.0001	0.0001	0.0411	0.0001	0.0001	0.05937	0.10584	0.00417	0.23505	0.0001	0.0001	0.30226	0.0001	0.0001	0.10598	0.0001	0.0001	0.07118	0.20483	0.0001	0.0001	0.0001	0.0001	0.0001	0.0001	0.06075	0.0001	0.1556	0.0001	0.13385	0.10604	0.03559	0.0299	0.20662	0.0	0.0	0.0	0.0	0.10705	0.07396	0.0001	0.0001	0.0001	0.03559	0.05748	0.0352	0.11784	1.00154	0.0	0.0411	0.0411	1.00154	0.0411	0.0	1.00154	1.00154	0.0001	1.00154	0.52024	0.09213	0.0001	0.0001	1.20619	0.27719	0.08261	0.20654	0.0001	0.10268	0.05389	0.1938	0.04019	0.0411	0.27428	0.0	0.0	0.0	0.05083	0.0001	0.17419	0.06962	0.10598	0.0001	0.11071	0.06929	0.03559	0.0001	0.0001	0.3523	1.00154	0.0001	0.0001	0.05807	0.0001	0.0001	0.0001	0.0001	0.0001	0.30518	0.0001	0.0001	0.0001	0.0411	0.54249	0.08926	0.38722	0.13208	0.0908	0.17628	0.0001	0.02343	0.0001	0.06157	0.0001	0.0001	0.0001	0.1149	0.40402	0.16866	
0.11313	0.07896	0.00579	8e-05	8e-05	8e-05	8e-05	8e-05	0.0737	0.31286	0.28802	8e-05	8e-05	0.10268	0.0	8e-05	0.2056	8e-05	8e-05	0.28989	0.28989	0.17913	0.0	0.31949	8e-05	0.01349	0.13676	8e-05	8e-05	8e-05	0.0	8e-05	0.19523	0.07431	0.05889	0.26263	0.26798	0.09261	0.37214	0.12963	0.17806	0.01533	0.17913	0.13788	0.13676	0.24595	8e-05	0.10348	8e-05	8e-05	0.17913	8e-05	8e-05	0.2178	0.12957	0.01834	0.03653	8e-05	8e-05	0.05405	8e-05	8e-05	1.00485	8e-05	8e-05	0.17817	0.31522	8e-05	8e-05	8e-05	8e-05	8e-05	8e-05	0.00126	8e-05	0.17817	8e-05	0.1225	0.09879	0.08921	0.0737	0.27322	0.0	0.0	0.0	0.0	0.71937	0.06045	8e-05	8e-05	8e-05	0.08921	0.09624	0.08699	0.24925	0.10348	0.0	0.17913	0.17913	0.10348	0.17913	0.02309	0.10348	0.10348	8e-05	0.10348	0.18611	0.06759	8e-05	8e-05	0.19382	1.03212	0.20257	0.13788	8e-05	0.99986	0.15644	0.25303	0.17831	0.17913	0.21821	0.0	0.0	0.0	0.14526	8e-05	0.36844	0.17106	1.00485	8e-05	0.54504	0.00891	0.08921	8e-05	8e-05	0.27582	0.10348	8e-05	8e-05	0.14609	8e-05	8e-05	8e-05	8e-05	8e-05	0.00199	8e-05	8e-05	8e-05	0.17913	0.17567	1.05226	0.21867	0.68111	0.26423	0.35963	8e-05	0.08902	8e-05	0.13593	8e-05	8e-05	8e-05	0.57282	0.20211	0.94873	
8e-05	1e-05	0.00011	0.0	0.0	0.0	0.0	0.0	0.00012	7e-05	0.00012	0.0	0.0	0.0001	8e-05	0.0	7e-05	0.0	0.0	0.00333	0.00333	0.00184	0.0	0.00287	0.0	0.01703	0.00308	0.0	0.0	0.0	0.0	0.0	0.0358	0.00173	0.00257	0.01964	0.21773	0.005	0.10154	0.0038	0.00215	0.0	0.00184	0.0	0.00308	0.00913	0.0	0.0019	0.0	0.0	0.00184	0.0	0.0	0.00462	0.10468	0.00665	0.00746	0.0	0.0	0.00124	0.0	0.0	0.00507	0.0	0.0	0.01928	0.00314	0.0	0.0	0.0	0.0	0.0	0.0	0.00185	0.0	0.38517	0.0	0.02496	0.01876	0.00106	0.00012	8e-05	0.0	0.0	0.0	0.0	3e-05	0.00223	0.0	0.0	0.0	0.00106	0.06013	0.00213	0.01421	0.0019	0.0	0.00184	0.00184	0.0019	0.00184	0.0	0.0019	0.0019	0.0	0.0019	0.00231	0.00892	0.0	0.0	0.20655	0.00938	0.01098	0.0	0.0	8e-05	9e-05	5e-05	0.0001	0.00184	0.00821	0.0	0.0	0.0	0.00205	0.0	0.00866	0.02351	0.00507	0.0	0.00408	0.01801	0.00106	0.0	0.0	0.00843	0.0019	0.0	0.0	0.06164	0.0	0.0	0.0	0.0	0.0	0.00386	0.0	0.0	0.0	0.00184	0.00177	0.00528	0.01645	0.00491	0.02163	0.00748	0.0	0.00146	0.0	0.034	0.0	0.0	0.0	0.01794	0.01581	0.13797	
0.07205	0.23235	0.00489	7e-05	7e-05	7e-05	7e-05	7e-05	0.05136	0.63519	0.10444	7e-05	7e-05	0.28861	0.2056	7e-05	0.0	7e-05	7e-05	0.10613	0.10613	0.07194	0.0	0.11043	7e-05	0.11351	0.05742	7e-05	7e-05	7e-05	0.0	7e-05	0.08741	0.05199	0.20671	0.57286	1.28211	0.03509	0.22964	0.28314	0.18113	0.06487	0.07194	0.1516	0.05742	0.20584	7e-05	0.2896	7e-05	7e-05	0.07194	7e-05	7e-05	0.14196	0.09703	0.04963	0.08137	7e-05	7e-05	0.13513	7e-05	7e-05	0.20875	7e-05	7e-05	0.12096	0.63826	7e-05	7e-05	7e-05	7e-05	7e-05	7e-05	0.11145	7e-05	0.14284	7e-05	0.0593	0.20878	0.0617	0.05136	0.72673	0.0	0.0	0.0	0.0	0.24421	0.14503	7e-05	7e-05	7e-05	0.0617	0.07481	0.23294	0.22011	0.2896	0.0	0.07194	0.07194	0.2896	0.07194	0.11135	0.2896	0.2896	7e-05	0.2896	0.22855	0.17355	7e-05	7e-05	0.40123	0.19513	0.062	0.1516	7e-05	0.2056	0.19249	0.0778	0.07115	0.07194	1.04449	0.0	0.0	0.0	0.19401	7e-05	0.0131	0.20822	0.20875	7e-05	0.24454	0.04548	0.0617	7e-05	7e-05	0.23672	0.2896	7e-05	7e-05	0.07523	7e-05	7e-05	7e-05	7e-05	7e-05	0.05396	7e-05	7e-05	7e-05	0.07194	0.22895	0.1775	0.22093	0.29319	0.16497	0.39466	7e-05	0.03882	7e-05	0.09327	7e-05	7e-05	7e-05	0.23483	0.5448	0.23161	
8e-05	1e-05	0.00011	0.0	0.0	0.0	0.0	0.0	0.00012	7e-05	0.00012	0.0	0.0	0.0001	8e-05	0.0	7e-05	0.0	0.0	0.00333	0.00333	0.00184	0.0	0.00287	0.0	0.01703	0.00308	0.0	0.0	0.0	0.0	0.0	0.0358	0.00173	0.00257	0.01964	0.21773	0.005	0.10154	0.0038	0.00215	0.0	0.00184	0.0	0.00308	0.00913	0.0	0.0019	0.0	0.0	0.00184	0.0	0.0	0.00462	0.10468	0.00665	0.00746	0.0	0.0	0.00124	0.0	0.0	0.00507	0.0	0.0	0.01928	0.00314	0.0	0.0	0.0	0.0	0.0	0.0	0.00185	0.0	0.38517	0.0	0.02496	0.01876	0.00106	0.00012	8e-05	0.0	0.0	0.0	0.0	3e-05	0.00223	0.0	0.0	0.0	0.00106	0.06013	0.00213	0.01421	0.0019	0.0	0.00184	0.00184	0.0019	0.00184	0.0	0.0019	0.0019	0.0	0.0019	0.00231	0.00892	0.0	0.0	0.20655	0.00938	0.01098	0.0	0.0	8e-05	9e-05	5e-05	0.0001	0.00184	0.00821	0.0	0.0	0.0	0.00205	0.0	0.00866	0.02351	0.00507	0.0	0.00408	0.01801	0.00106	0.0	0.0	0.00843	0.0019	0.0	0.0	0.06164	0.0	0.0	0.0	0.0	0.0	0.00386	0.0	0.0	0.0	0.00184	0.00177	0.00528	0.01645	0.00491	0.02163	0.00748	0.0	0.00146	0.0	0.034	0.0	0.0	0.0	0.01794	0.01581	0.13797	
8e-05	1e-05	0.00011	0.0	0.0	0.0	0.0	0.0	0.00012	7e-05	0.00012	0.0	0.0	0.0001	8e-05	0.0	7e-05	0.0	0.0	0.00333	0.00333	0.00184	0.0	0.00287	0.0	0.01703	0.00308	0.0	0.0	0.0	0.0	0.0	0.0358	0.00173	0.00257	0.01964	0.21773	0.005	0.10154	0.0038	0.00215	0.0	0.00184	0.0	0.00308	0.00913	0.0	0.0019	0.0	0.0	0.00184	0.0	0.0	0.00462	0.10468	0.00665	0.00746	0.0	0.0	0.00124	0.0	0.0	0.00507	0.0	0.0	0.01928	0.00314	0.0	0.0	0.0	0.0	0.0	0.0	0.00185	0.0	0.38517	0.0	0.02496	0.01876	0.00106	0.00012	8e-05	0.0	0.0	0.0	0.0	3e-05	0.00223	0.0	0.0	0.0	0.00106	0.06013	0.00213	0.01421	0.0019	0.0	0.00184	0.00184	0.0019	0.00184	0.0	0.0019	0.0019	0.0	0.0019	0.00231	0.00892	0.0	0.0	0.20655	0.00938	0.01098	0.0	0.0	8e-05	9e-05	5e-05	0.0001	0.00184	0.00821	0.0	0.0	0.0	0.00205	0.0	0.00866	0.02351	0.00507	0.0	0.00408	0.01801	0.00106	0.0	0.0	0.00843	0.0019	0.0	0.0	0.06164	0.0	0.0	0.0	0.0	0.0	0.00386	0.0	0.0	0.0	0.00184	0.00177	0.00528	0.01645	0.00491	0.02163	0.00748	0.0	0.00146	0.0	0.034	0.0	0.0	0.0	0.01794	0.01581	0.13797	
0.09271	0.18714	0.0108	0.00333	0.00333	0.00333	0.00333	0.00333	0.04398	0.14155	1.00309	0.00333	0.00333	0.05866	0.28989	0.00333	0.10613	0.00333	0.00333	0.0	0.99981	0.04681	0.0	0.21405	8e-05	0.02115	0.302	8e-05	8e-05	8e-05	0.0	8e-05	0.07706	0.03449	0.04752	0.11988	0.08872	0.02086	0.04835	0.06897	0.16751	0.00483	0.04681	0.03652	0.302	0.43678	8e-05	0.04627	8e-05	8e-05	0.04681	8e-05	8e-05	0.22527	0.10481	0.24335	0.16165	8e-05	8e-05	0.02588	8e-05	8e-05	0.30255	8e-05	8e-05	0.10483	0.10583	8e-05	8e-05	8e-05	8e-05	8e-05	8e-05	0.03949	8e-05	0.1222	8e-05	0.0479	0.05963	0.04087	0.04398	0.11962	0.0	0.0	0.0	0.0	0.48591	0.05693	8e-05	8e-05	8e-05	0.04087	0.06391	0.03964	0.18089	0.04627	0.0	0.04681	0.04681	0.04627	0.04681	0.00725	0.04627	0.04627	8e-05	0.04627	0.07555	0.23186	8e-05	8e-05	0.06632	0.28518	0.21724	0.03652	0.00333	0.28989	0.08196	0.25098	0.05935	0.04681	0.39335	0.0	0.0	0.0	0.1967	8e-05	0.17935	0.09228	0.30255	8e-05	0.24932	0.01003	0.04087	8e-05	8e-05	0.19773	0.04627	8e-05	8e-05	0.05265	8e-05	8e-05	8e-05	8e-05	8e-05	0.04176	8e-05	8e-05	8e-05	0.04681	0.07025	1.0072	0.13587	0.15047	0.52792	0.17682	8e-05	0.02615	8e-05	0.07475	8e-05	8e-05	8e-05	0.23595	0.07291	0.29573	
0.09271	0.18714	0.0108	0.00333	0.00333	0.00333	0.00333	0.00333	0.04398	0.14155	1.00309	0.00333	0.00333	0.05866	0.28989	0.00333	0.10613	0.00333	0.00333	0.99981	0.0	0.04681	0.0	0.21405	8e-05	0.02115	0.302	8e-05	8e-05	8e-05	0.0	8e-05	0.07706	0.03449	0.04752	0.11988	0.08872	0.02086	0.04835	0.06897	0.16751	0.00483	0.04681	0.03652	0.302	0.43678	8e-05	0.04627	8e-05	8e-05	0.04681	8e-05	8e-05	0.22527	0.10481	0.24335	0.16165	8e-05	8e-05	0.02588	8e-05	8e-05	0.30255	8e-05	8e-05	0.10483	0.10583	8e-05	8e-05	8e-05	8e-05	8e-05	8e-05	0.03949	8e-05	0.1222	8e-05	0.0479	0.05963	0.04087	0.04398	0.11962	0.0	0.0	0.0	0.0	0.48591	0.05693	8e-05	8e-05	8e-05	0.04087	0.06391	0.03964	0.18089	0.04627	0.0	0.04681	0.04681	0.04627	0.04681	0.00725	0.04627	0.04627	8e-05	0.04627	0.07555	0.23186	8e-05	8e-05	0.06632	0.28518	0.21724	0.03652	0.00333	0.28989	0.08196	0.25098	0.05935	0.04681	0.39335	0.0	0.0	0.0	0.1967	8e-05	0.17935	0.09228	0.30255	8e-05	0.24932	0.01003	0.04087	8e-05	8e-05	0.19773	0.04627	8e-05	8e-05	0.05265	8e-05	8e-05	8e-05	8e-05	8e-05	0.04176	8e-05	8e-05	8e-05	0.04681	0.07025	1.0072	0.13587	0.15047	0.52792	0.17682	8e-05	0.02615	8e-05	0.07475	8e-05	8e-05	8e-05	0.23595	0.07291	0.29573	
0.03813	0.12602	0.08221	0.00184	0.00184	0.00184	0.00184	0.00184	0.03122	0.09158	0.0583	0.00184	0.00184	0.0411	0.17913	0.00184	0.07194	0.00184	0.00184	0.04681	0.04681	0.0	0.0	0.55559	0.00021	0.06965	0.02745	0.00021	0.00021	0.00021	0.0	0.00021	0.33702	0.02535	0.06218	0.07836	0.06008	0.13973	0.18932	0.04808	0.05496	0.0028	0.99998	0.02764	0.02745	0.09869	0.00021	0.03341	0.00021	0.00021	0.99998	0.00021	0.00021	0.06939	0.22138	0.09418	0.11976	0.00021	0.00021	0.01936	0.00021	0.00021	0.18838	0.00021	0.00021	0.072	0.07085	0.00021	0.00021	0.00021	0.00021	0.00021	0.00021	0.04929	0.00021	0.0338	0.00021	0.22261	0.19242	0.02979	0.03122	0.24032	0.0	0.0	0.0	0.0	0.59715	0.0586	0.00021	0.00021	0.00021	0.02979	0.04554	0.02888	0.17752	0.03341	0.0	0.99998	0.99998	0.03341	0.99998	0.00441	0.03341	0.03341	0.00021	0.03341	0.51887	0.09833	0.00021	0.00021	0.04643	0.17562	0.08341	0.02764	0.00184	0.17913	0.05526	0.20478	1.00148	0.99998	0.10189	0.0	0.0	0.0	0.0412	0.00021	0.11829	0.06255	0.18838	0.00021	0.17406	0.07114	0.02979	0.00021	0.00021	0.32767	0.03341	0.00021	0.00021	0.04538	0.00021	0.00021	0.00021	0.00021	0.00021	0.05548	0.00021	0.00021	0.00021	0.99998	0.04839	0.29468	0.33699	0.09797	0.08062	0.11683	0.00021	0.30734	0.00021	0.18378	0.00021	0.00021	0.00021	0.16481	0.07956	0.1132	
0.0	0.0	0.0	0.0	0.0	0.0	0.0	0.0	0.0	0.0	0.0	0.0	0.0	0.0	0.0	0.0	0.0	0.0	0.0	0.0	0.0	0.0	0.0	0.0	0.0	0.0	0.0	0.0	0.0	0.0	0.0	0.0	0.0	0.0	0.0	0.0	0.0	0.0	0.0	0.0	0.0	0.0	0.0	0.0	0.0	0.0	0.0	0.0	0.0	0.0	0.0	0.0	0.0	0.0	0.0	0.0	0.0	0.0	0.0	0.0	0.0	0.0	0.0	0.0	0.0	0.0	0.0	0.0	0.0	0.0	0.0	0.0	0.0	0.0	0.0	0.0	0.0	0.0	0.0	0.0	0.0	0.0	0.0	0.0	0.0	0.0	0.0	0.0	0.0	0.0	0.0	0.0	0.0	0.0	0.0	0.0	0.0	0.0	0.0	0.0	0.0	0.0	0.0	0.0	0.0	0.0	0.0	0.0	0.0	0.0	0.0	0.0	0.0	0.0	0.0	0.0	0.0	0.0	0.0	0.0	0.0	0.0	0.0	0.0	0.0	0.0	0.0	0.0	0.0	0.0	0.0	0.0	0.0	0.0	0.0	0.0	0.0	0.0	0.0	0.0	0.0	0.0	0.0	0.0	0.0	0.0	0.0	0.0	0.0	0.0	0.0	0.0	0.0	0.0	0.0	0.0	0.0	0.0	0.0	0.0	0.0	0.0	0.0	0.0	0.0	0.0	
0.23596	0.15957	0.12835	0.00287	0.00287	0.00287	0.00287	0.00287	0.04312	0.15675	0.2171	0.00287	0.00287	0.05875	0.31949	0.00287	0.11043	0.00287	0.00287	0.21405	0.21405	0.55559	0.0	0.0	0.0001	0.16134	0.47181	0.0001	0.0001	0.0001	0.0	0.0001	0.25112	0.03378	0.09976	0.13545	0.09429	0.15898	0.19484	0.22176	0.09003	0.00417	0.55559	0.03538	0.47181	0.32684	0.0001	0.04626	0.0001	0.0001	0.55559	0.0001	0.0001	0.38423	0.21542	0.1469	0.14838	0.0001	0.0001	0.02484	0.0001	0.0001	0.3351	0.0001	0.0001	0.11005	0.11579	0.0001	0.0001	0.0001	0.0001	0.0001	0.0001	0.0718	0.0001	0.15024	0.0001	0.2653	0.18918	0.04047	0.04312	0.33372	0.0	0.0	0.0	0.0	0.72037	0.09326	0.0001	0.0001	0.0001	0.04047	0.06511	0.03921	0.21018	0.04626	0.0	0.55559	0.55559	0.04626	0.55559	0.00627	0.04626	0.04626	0.0001	0.04626	0.39694	0.14678	0.0001	0.0001	0.06998	0.31345	0.35227	0.03538	0.00287	0.31949	0.08732	0.29244	0.55995	0.55559	0.21591	0.0	0.0	0.0	0.06225	0.0001	0.19288	0.10005	0.3351	0.0001	0.41991	0.10842	0.04047	0.0001	0.0001	0.35674	0.04626	0.0001	0.0001	0.06494	0.0001	0.0001	0.0001	0.0001	0.0001	0.18452	0.0001	0.0001	0.0001	0.55559	0.0749	0.51305	0.33214	0.16793	0.19785	0.19001	0.0001	0.18728	0.0001	0.16979	0.0001	0.0001	0.0001	0.39717	0.18249	0.25965	
8e-05	1e-05	0.00011	0.0	0.0	0.0	0.0	0.0	0.00012	7e-05	0.00012	0.0	0.0	0.0001	8e-05	0.0	7e-05	0.0	0.0	8e-05	8e-05	0.00021	0.0	0.0001	0.0	0.0011	0.00014	0.0	0.0	0.0	0.0	0.0	0.00093	0.00017	0.0003	0.00061	0.00257	0.00022	0.00149	0.0002	0.00024	0.0	0.00021	0.00522	0.00014	0.00021	0.0	0.00019	0.0	0.0	0.00021	0.0	0.0	0.00032	0.00153	0.0001	0.00022	0.0	0.0	0.00028	0.0	0.0	0.00013	0.0	0.0	0.00037	0.0003	0.0	0.0	0.0	0.0	0.0	0.0	0.00044	0.0	0.00322	0.0	0.00071	0.00059	0.00048	0.00012	8e-05	0.0	0.0	0.0	0.0	3e-05	0.00033	0.0	0.0	0.0	0.00048	0.00147	0.00013	0.00047	0.00019	0.0	0.00021	0.00021	0.00019	0.00021	0.0	0.00019	0.00019	0.0	0.00019	0.00016	0.00065	0.0	0.0	0.00235	0.00023	0.00057	0.00522	0.0	8e-05	9e-05	5e-05	0.0001	0.00021	0.00021	0.0	0.0	0.0	0.00011	0.0	0.00017	0.00089	0.00013	0.0	0.00024	0.00066	0.00048	0.0	0.0	0.00017	0.00019	0.0	0.0	0.00131	0.0	0.0	0.0	0.0	0.0	8e-05	0.0	0.0	0.0	0.00021	0.0003	0.00011	0.0003	0.00037	0.0004	0.00039	0.0	0.00022	0.0	0.00097	0.0	0.0	0.0	0.00059	0.00088	0.00205	
0.88993	0.23986	0.12976	0.01703	0.01703	0.01703	0.01703	0.01703	0.27242	0.14753	0.06666	0.01703	0.01703	0.06676	0.01349	0.01703	0.11351	0.01703	0.01703	0.02115	0.02115	0.06965	0.0	0.16134	0.0011	0.0	0.17363	0.0011	0.0011	0.0011	0.0	0.0011	0.00498	0.1563	0.14726	0.24603	0.16766	0.22199	0.24718	0.07173	0.13118	0.01431	0.06965	0.15833	0.17363	0.28167	0.0011	0.06879	0.0011	0.0011	0.06965	0.0011	0.0011	0.18646	0.24477	0.00445	0.0414	0.0011	0.0011	0.03759	0.0011	0.0011	0.00096	0.0011	0.0011	0.08347	0.17246	0.0011	0.0011	0.0011	0.0011	0.0011	0.0011	0.10667	0.0011	0.22765	0.0011	0.17718	0.207	0.0603	0.27242	0.39124	0.0	0.0	0.0	0.0	0.40647	0.0462	0.0011	0.0011	0.0011	0.0603	0.35678	0.0585	0.06628	0.06879	0.0	0.06965	0.06965	0.06879	0.06965	0.01938	0.06879	0.06879	0.0011	0.06879	0.11868	0.42352	0.0011	0.0011	0.152	0.01751	0.35079	0.15833	0.01703	0.01349	0.08822	0.49207	0.06742	0.06965	0.14142	0.0	0.0	0.0	0.09093	0.0011	0.01751	0.04275	0.00096	0.0011	0.06602	0.00112	0.0603	0.0011	0.0011	0.10439	0.06879	0.0011	0.0011	0.01581	0.0011	0.0011	0.0011	0.0011	0.0011	0.00822	0.0011	0.0011	0.0011	0.06965	0.1095	0.02157	0.08894	0.04811	0.03105	0.01857	0.0011	0.038	0.0011	0.29103	0.0011	0.0011	0.0011	0.30597	0.25428	0.13858	
0.31308	0.07289	0.06521	0.00308	0.00308	0.00308	0.00308	0.00308	0.02626	0.07089	0.29521	0.00308	0.00308	0.03388	0.13676	0.00308	0.05742	0.00308	0.00308	0.302	0.302	0.02745	0.0	0.47181	0.00014	0.17363	0.0	0.00014	0.00014	0.00014	0.0	0.00014	0.04332	0.02083	0.04863	0.06026	0.04813	0.07207	0.05867	0.25716	0.04279	0.00421	0.02745	0.02331	0.99977	0.29801	0.00014	0.02715	0.00014	0.00014	0.02745	0.00014	0.00014	0.5077	0.05402	0.11953	0.081	0.00014	0.00014	0.01608	0.00014	0.00014	0.14327	0.00014	0.00014	0.05693	0.05514	0.00014	0.00014	0.00014	0.00014	0.00014	0.00014	0.03952	0.00014	0.1968	0.00014	0.09536	0.03161	0.02436	0.02626	0.12828	0.0	0.0	0.0	0.0	0.13324	0.04593	0.00014	0.00014	0.00014	0.02436	0.03679	0.0236	0.08463	0.02715	0.0	0.02745	0.02745	0.02715	0.02745	0.00597	0.02715	0.02715	0.00014	0.02715	0.04068	0.11495	0.00014	0.00014	0.03712	0.13437	0.38271	0.02331	0.00308	0.13676	0.0439	0.12151	0.03423	0.02745	0.19051	0.0	0.0	0.0	0.03271	0.00014	0.09185	0.04902	0.14327	0.00014	0.1277	0.05633	0.02436	0.00014	0.00014	0.09099	0.02715	0.00014	0.00014	0.03664	0.00014	0.00014	0.00014	0.00014	0.00014	0.23298	0.00014	0.00014	0.00014	0.02745	0.0382	0.29263	0.06667	0.07534	0.1787	0.09081	0.00014	0.01622	0.00014	0.04087	0.00014	0.00014	0.00014	0.12101	0.15068	0.16144	
8e-05	1e-05	0.00011	0.0	0.0	0.0	0.0	0.0	0.00012	7e-05	0.00012	0.0	0.0	0.0001	8e-05	0.0	7e-05	0.0	0.0	8e-05	8e-05	0.00021	0.0	0.0001	0.0	0.0011	0.00014	0.0	0.0	0.0	0.0	0.0	0.00093	0.00017	0.0003	0.00061	0.00257	0.00022	0.00149	0.0002	0.00024	0.0	0.00021	0.00522	0.00014	0.00021	0.0	0.00019	0.0	0.0	0.00021	0.0	0.0	0.00032	0.00153	0.0001	0.00022	0.0	0.0	0.00028	0.0	0.0	0.00013	0.0	0.0	0.00037	0.0003	0.0	0.0	0.0	0.0	0.0	0.0	0.00044	0.0	0.00322	0.0	0.00071	0.00059	0.00048	0.00012	8e-05	0.0	0.0	0.0	0.0	3e-05	0.00033	0.0	0.0	0.0	0.00048	0.00147	0.00013	0.00047	0.00019	0.0	0.00021	0.00021	0.00019	0.00021	0.0	0.00019	0.00019	0.0	0.00019	0.00016	0.00065	0.0	0.0	0.00235	0.00023	0.00057	0.00522	0.0	8e-05	9e-05	5e-05	0.0001	0.00021	0.00021	0.0	0.0	0.0	0.00011	0.0	0.00017	0.00089	0.00013	0.0	0.00024	0.00066	0.00048	0.0	0.0	0.00017	0.00019	0.0	0.0	0.00131	0.0	0.0	0.0	0.0	0.0	8e-05	0.0	0.0	0.0	0.00021	0.0003	0.00011	0.0003	0.00037	0.0004	0.00039	0.0	0.00022	0.0	0.00097	0.0	0.0	0.0	0.00059	0.00088	0.00205	
8e-05	1e-05	0.00011	0.0	0.0	0.0	0.0	0.0	0.00012	7e-05	0.00012	0.0	0.0	0.0001	8e-05	0.0	7e-05	0.0	0.0	8e-05	8e-05	0.00021	0.0	0.0001	0.0	0.0011	0.00014	0.0	0.0	0.0	0.0	0.0	0.00093	0.00017	0.0003	0.00061	0.00257	0.00022	0.00149	0.0002	0.00024	0.0	0.00021	0.00522	0.00014	0.00021	0.0	0.00019	0.0	0.0	0.00021	0.0	0.0	0.00032	0.00153	0.0001	0.00022	0.0	0.0	0.00028	0.0	0.0	0.00013	0.0	0.0	0.00037	0.0003	0.0	0.0	0.0	0.0	0.0	0.0	0.00044	0.0	0.00322	0.0	0.00071	0.00059	0.00048	0.00012	8e-05	0.0	0.0	0.0	0.0	3e-05	0.00033	0.0	0.0	0.0	0.00048	0.00147	0.00013	0.00047	0.00019	0.0	0.00021	0.00021	0.00019	0.00021	0.0	0.00019	0.00019	0.0	0.00019	0.00016	0.00065	0.0	0.0	0.00235	0.00023	0.00057	0.00522	0.0	8e-05	9e-05	5e-05	0.0001	0.00021	0.00021	0.0	0.0	0.0	0.00011	0.0	0.00017	0.00089	0.00013	0.0	0.00024	0.00066	0.00048	0.0	0.0	0.00017	0.00019	0.0	0.0	0.00131	0.0	0.0	0.0	0.0	0.0	8e-05	0.0	0.0	0.0	0.00021	0.0003	0.00011	0.0003	0.00037	0.0004	0.00039	0.0	0.00022	0.0	0.00097	0.0	0.0	0.0	0.00059	0.00088	0.00205	
8e-05	1e-05	0.00011	0.0	0.0	0.0	0.0	0.0	0.00012	7e-05	0.00012	0.0	0.0	0.0001	8e-05	0.0	7e-05	0.0	0.0	8e-05	8e-05	0.00021	0.0	0.0001	0.0	0.0011	0.00014	0.0	0.0	0.0	0.0	0.0	0.00093	0.00017	0.0003	0.00061	0.00257	0.00022	0.00149	0.0002	0.00024	0.0	0.00021	0.00522	0.00014	0.00021	0.0	0.00019	0.0	0.0	0.00021	0.0	0.0	0.00032	0.00153	0.0001	0.00022	0.0	0.0	0.00028	0.0	0.0	0.00013	0.0	0.0	0.00037	0.0003	0.0	0.0	0.0	0.0	0.0	0.0	0.00044	0.0	0.00322	0.0	0.00071	0.00059	0.00048	0.00012	8e-05	0.0	0.0	0.0	0.0	3e-05	0.00033	0.0	0.0	0.0	0.00048	0.00147	0.00013	0.00047	0.00019	0.0	0.00021	0.00021	0.00019	0.00021	0.0	0.00019	0.00019	0.0	0.00019	0.00016	0.00065	0.0	0.0	0.00235	0.00023	0.00057	0.00522	0.0	8e-05	9e-05	5e-05	0.0001	0.00021	0.00021	0.0	0.0	0.0	0.00011	0.0	0.00017	0.00089	0.00013	0.0	0.00024	0.00066	0.00048	0.0	0.0	0.00017	0.00019	0.0	0.0	0.00131	0.0	0.0	0.0	0.0	0.0	8e-05	0.0	0.0	0.0	0.00021	0.0003	0.00011	0.0003	0.00037	0.0004	0.00039	0.0	0.00022	0.0	0.00097	0.0	0.0	0.0	0.00059	0.00088	0.00205	
0.0	0.0	0.0	0.0	0.0	0.0	0.0	0.0	0.0	0.0	0.0	0.0	0.0	0.0	0.0	0.0	0.0	0.0	0.0	0.0	0.0	0.0	0.0	0.0	0.0	0.0	0.0	0.0	0.0	0.0	0.0	0.0	0.0	0.0	0.0	0.0	0.0	0.0	0.0	0.0	0.0	0.0	0.0	0.0	0.0	0.0	0.0	0.0	0.0	0.0	0.0	0.0	0.0	0.0	0.0	0.0	0.0	0.0	0.0	0.0	0.0	0.0	0.0	0.0	0.0	0.0	0.0	0.0	0.0	0.0	0.0	0.0	0.0	0.0	0.0	0.0	0.0	0.0	0.0	0.0	0.0	0.0	0.0	0.0	0.0	0.0	0.0	0.0	0.0	0.0	0.0	0.0	0.0	0.0	0.0	0.0	0.0	0.0	0.0	0.0	0.0	0.0	0.0	0.0	0.0	0.0	0.0	0.0	0.0	0.0	0.0	0.0	0.0	0.0	0.0	0.0	0.0	0.0	0.0	0.0	0.0	0.0	0.0	0.0	0.0	0.0	0.0	0.0	0.0	0.0	0.0	0.0	0.0	0.0	0.0	0.0	0.0	0.0	0.0	0.0	0.0	0.0	0.0	0.0	0.0	0.0	0.0	0.0	0.0	0.0	0.0	0.0	0.0	0.0	0.0	0.0	0.0	0.0	0.0	0.0	0.0	0.0	0.0	0.0	0.0	0.0	
8e-05	1e-05	0.00011	0.0	0.0	0.0	0.0	0.0	0.00012	7e-05	0.00012	0.0	0.0	0.0001	8e-05	0.0	7e-05	0.0	0.0	8e-05	8e-05	0.00021	0.0	0.0001	0.0	0.0011	0.00014	0.0	0.0	0.0	0.0	0.0	0.00093	0.00017	0.0003	0.00061	0.00257	0.00022	0.00149	0.0002	0.00024	0.0	0.00021	0.00522	0.00014	0.00021	0.0	0.00019	0.0	0.0	0.00021	0.0	0.0	0.00032	0.00153	0.0001	0.00022	0.0	0.0	0.00028	0.0	0.0	0.00013	0.0	0.0	0.00037	0.0003	0.0	0.0	0.0	0.0	0.0	0.0	0.00044	0.0	0.00322	0.0	0.00071	0.00059	0.00048	0.00012	8e-05	0.0	0.0	0.0	0.0	3e-05	0.00033	0.0	0.0	0.0	0.00048	0.00147	0.00013	0.00047	0.00019	0.0	0.00021	0.00021	0.00019	0.00021	0.0	0.00019	0.00019	0.0	0.00019	0.00016	0.00065	0.0	0.0	0.00235	0.00023	0.00057	0.00522	0.0	8e-05	9e-05	5e-05	0.0001	0.00021	0.00021	0.0	0.0	0.0	0.00011	0.0	0.00017	0.00089	0.00013	0.0	0.00024	0.00066	0.00048	0.0	0.0	0.00017	0.00019	0.0	0.0	0.00131	0.0	0.0	0.0	0.0	0.0	8e-05	0.0	0.0	0.0	0.00021	0.0003	0.00011	0.0003	0.00037	0.0004	0.00039	0.0	0.00022	0.0	0.00097	0.0	0.0	0.0	0.00059	0.00088	0.00205	
0.0789	0.13346	0.09744	0.0358	0.0358	0.0358	0.0358	0.0358	0.05066	0.10343	0.0744	0.0358	0.0358	0.05884	0.19523	0.0358	0.08741	0.0358	0.0358	0.07706	0.07706	0.33702	0.0	0.25112	0.00093	0.00498	0.04332	0.00093	0.00093	0.00093	0.0	0.00093	0.0	0.03978	0.10853	0.0696	0.18494	0.03627	0.29767	0.05773	0.09659	0.0112	0.33702	0.22166	0.04332	0.04683	0.00093	0.05347	0.00093	0.00093	0.33702	0.00093	0.00093	0.13057	0.3344	0.16614	0.22673	0.00093	0.00093	0.02985	0.00093	0.00093	0.02745	0.00093	0.00093	0.00342	0.12551	0.00093	0.00093	0.00093	0.00093	0.00093	0.00093	0.08131	0.00093	0.18595	0.00093	0.46228	0.17215	0.04715	0.05066	0.22639	0.0	0.0	0.0	0.0	0.57878	0.10163	0.00093	0.00093	0.00093	0.04715	0.03645	0.04575	0.47548	0.05347	0.0	0.33702	0.33702	0.05347	0.33702	0.01504	0.05347	0.05347	0.00093	0.05347	0.2449	0.00118	0.00093	0.00093	0.17579	0.02157	0.02686	0.22166	0.0358	0.19523	0.06832	0.19176	1.03545	0.33702	0.19512	0.0	0.0	0.0	0.06904	0.00093	0.00446	0.0444	0.02745	0.00093	0.07906	0.00397	0.04715	0.00093	0.00093	0.23709	0.05347	0.00093	0.00093	0.03653	0.00093	0.00093	0.00093	0.00093	0.00093	0.09269	0.00093	0.00093	0.00093	0.33702	0.0823	0.0951	0.28618	0.18121	0.05985	0.00421	0.00093	0.15492	0.00093	0.15787	0.00093	0.00093	0.00093	0.14801	0.06604	0.27196	
0.80912	0.31353	0.05902	0.00173	0.00173	0.00173	0.00173	0.00173	1.00129	0.0638	0.04261	0.00173	0.00173	0.03064	0.07431	0.00173	0.05199	0.00173	0.00173	0.03449	0.03449	0.02535	0.0	0.03378	0.00017	0.1563	0.02083	0.00017	0.00017	0.00017	0.0	0.00017	0.03978	0.0	0.04425	0.14366	0.04354	0.35783	0.2931	0.03878	0.03887	0.00257	0.02535	0.0219	0.02083	0.08856	0.00017	0.02508	0.00017	0.00017	0.02535	0.00017	0.00017	0.04927	0.29945	0.06714	0.08287	0.00017	0.00017	0.015	0.00017	0.00017	0.05772	0.00017	0.00017	0.14818	0.0501	0.00017	0.00017	0.00017	0.00017	0.00017	0.00017	0.03631	0.00017	0.02561	0.00017	0.08564	0.13874	0.02257	1.00129	0.1191	0.0	0.0	0.0	0.0	0.1237	0.18858	0.00017	0.00017	0.00017	0.02257	0.28854	0.02185	0.09045	0.02508	0.0	0.02535	0.02535	0.02508	0.02535	0.00393	0.02508	0.02508	0.00017	0.02508	0.0371	0.10416	0.00017	0.00017	0.03409	0.08448	0.11074	0.0219	0.00173	0.07431	0.0396	0.44207	0.03096	0.02535	0.07236	0.0	0.0	0.0	0.02994	0.00017	0.08593	0.04465	0.05772	0.00017	0.05661	0.05151	0.02257	0.00017	0.00017	0.0835	0.02508	0.00017	0.00017	0.03376	0.00017	0.00017	0.00017	0.00017	0.00017	0.04053	0.00017	0.00017	0.00017	0.02535	0.03488	0.04777	0.06015	0.09342	0.0565	0.08723	0.00017	0.01512	0.00017	0.20964	0.00017	0.00017	0.00017	0.13404	0.05529	0.0676	
0.2576	0.28687	0.34422	0.00257	0.00257	0.00257	0.00257	0.00257	0.05696	0.29854	0.04815	0.00257	0.00257	0.07921	0.05889	0.00257	0.20671	0.00257	0.00257	0.04752	0.04752	0.06218	0.0	0.09976	0.0003	0.14726	0.04863	0.0003	0.0003	0.0003	0.0	0.0003	0.10853	0.04425	0.0	0.24212	0.19876	0.10929	0.09207	0.10748	0.84547	0.23413	0.06218	0.04571	0.04863	0.23473	0.0003	0.06138	0.0003	0.0003	0.06218	0.0003	0.0003	0.34627	0.17109	0.08874	0.27429	0.0003	0.0003	0.03222	0.0003	0.0003	0.04435	0.0003	0.0003	0.05122	0.29954	0.0003	0.0003	0.0003	0.0003	0.0003	0.0003	0.6157	0.0003	0.06322	0.0003	0.23205	0.12642	0.21303	0.05696	0.36487	0.0	0.0	0.0	0.0	0.26951	0.31388	0.0003	0.0003	0.0003	0.21303	0.08765	0.42641	0.45047	0.06138	0.0	0.06218	0.06218	0.06138	0.06218	0.00659	0.06138	0.06138	0.0003	0.06138	0.11296	0.05524	0.0003	0.0003	0.09577	0.07066	0.19082	0.04571	0.00257	0.05889	0.55188	0.23217	0.08027	0.06218	0.21148	0.0	0.0	0.0	0.51335	0.0003	0.06447	0.32983	0.04435	0.0003	0.41032	0.14187	0.21303	0.0003	0.0003	0.14411	0.06138	0.0003	0.0003	0.0509	0.0003	0.0003	0.0003	0.0003	0.0003	0.11274	0.0003	0.0003	0.0003	0.06218	0.19765	0.05109	0.13012	0.26405	0.17159	0.19555	0.0003	0.0326	0.0003	0.11003	0.0003	0.0003	0.0003	0.25596	0.34754	0.10874	
0.40403	0.58968	0.18238	0.01964	0.01964	0.01964	0.01964	0.01964	0.34679	0.46628	0.1294	0.01964	0.01964	0.25778	0.26263	0.01964	0.57286	0.01964	0.01964	0.11988	0.11988	0.07836	0.0	0.13545	0.00061	0.24603	0.06026	0.00061	0.00061	0.00061	0.0	0.00061	0.0696	0.14366	0.24212	0.0	0.55325	0.17392	0.39458	0.24183	0.22065	0.04932	0.07836	0.14494	0.06026	0.27565	0.00061	0.22029	0.00061	0.00061	0.07836	0.00061	0.00061	0.20815	0.3086	0.11972	0.28344	0.00061	0.00061	0.10193	0.00061	0.00061	0.25278	0.00061	0.00061	0.2398	0.43405	0.00061	0.00061	0.00061	0.00061	0.00061	0.00061	0.12772	0.00061	0.15047	0.00061	0.15067	0.43521	0.06644	0.34679	0.74993	0.0	0.0	0.0	0.0	0.33763	0.11327	0.00061	0.00061	0.00061	0.06644	0.43664	0.18594	0.28942	0.22029	0.0	0.07836	0.07836	0.22029	0.07836	0.10424	0.22029	0.22029	0.00061	0.22029	0.23315	0.21906	0.00061	0.00061	0.31678	0.34724	0.33927	0.14494	0.01964	0.26263	0.21794	0.32418	0.08979	0.07836	0.53853	0.0	0.0	0.0	0.19504	0.00061	0.16776	0.18315	0.25278	0.00061	0.40665	0.05713	0.06644	0.00061	0.00061	0.33698	0.22029	0.00061	0.00061	0.06905	0.00061	0.00061	0.00061	0.00061	0.00061	0.1087	0.00061	0.00061	0.00061	0.07836	0.22706	0.20944	0.22118	0.33579	0.16902	0.5821	0.00061	0.0395	0.00061	0.39505	0.00061	0.00061	0.00061	0.45437	0.38528	0.3408	
