0.0	0.00023	0.00023	0.00023	0.03953	0.01628	0.01278	0.0	0.0004	0.15101	0.01871	0.00764	0.1607	0.10524	0.06556	0.02154	0.01179	0.03363	0.0	0.0	0.0	0.0	0.0	0.0	0.0	0.0	0.0	0.0	0.0	0.0	0.01502	0.01076	0.02019	0.09569	0.0	0.04593	0.04013	0.08434	0.00077	0.01581	0.00023	0.01581	0.01581	0.00023	0.03095	0.00023	0.11538	0.0	0.05841	0.00628	0.01914	0.00023	0.02358	0.0	0.01863	0.02912	0.00023	0.00991	0.11546	0.00023	0.0	0.10624	0.00634	0.00023	0.11546	0.21299	0.00023	0.00023	0.00023	0.00785	0.00023	0.00023	0.00023	0.0112	0.03659	0.0	0.0	0.0	0.01744	0.03282	0.00973	0.0167	0.10986	0.10991	0.0	0.0	0.03259	0.0359	0.1112	0.03824	0.01693	0.02597	0.10322	0.05535	0.06367	0.18493	0.0	0.01451	0.00568	0.13502	0.06875	0.14836	0.04894	0.15249	0.0	0.11954	0.12908	0.15346	0.06322	0.00628	0.02152	0.21724	0.28612	0.07843	0.1607	0.0	0.25829	0.13208	
0.00023	0.0	0.0	0.0	0.00039	0.01318	0.00021	0.0	0.0	0.00016	0.00025	0.00019	0.00015	0.00014	0.00112	6e-05	0.0004	0.00106	0.0	0.0	0.0	0.0	0.0	0.0	0.0	0.0	0.0	0.0	0.0	0.0	0.00056	3e-05	0.00218	0.0041	0.0	0.00089	9e-05	0.00083	0.00057	0.00294	0.0	0.00294	0.00294	0.0	0.00077	0.0	0.00024	0.0	0.00124	0.0	0.00024	0.0	0.00026	0.0	0.0005	0.00016	0.0	0.00021	0.00181	0.0	0.0	0.0012	0.0	0.0	0.00181	0.00099	0.0	0.0	0.0	0.00024	0.0	0.0	0.0	0.00044	0.00092	0.0	0.0	0.0	0.00014	0.0001	0.00083	0.00015	0.00018	0.00502	0.0	0.0	0.00011	0.00021	6e-05	0.00125	7e-05	0.0057	0.0002	7e-05	0.00154	0.00031	0.0	0.00024	0.00022	0.00021	8e-05	0.00013	0.00017	0.00024	0.0	0.00053	6e-05	0.00047	0.00024	0.0	0.00029	0.00018	0.0007	0.00015	0.00015	0.0	5e-05	0.0003	
0.00023	0.0	0.0	0.0	0.00015	6e-05	0.00016	0.0	0.0	7e-05	0.00011	0.00021	8e-05	0.0001	8e-05	8e-05	0.00012	0.00083	0.0	0.0	0.0	0.0	0.0	0.0	0.0	0.0	0.0	0.0	0.0	0.0	0.00041	7e-05	3e-05	8e-05	0.0	9e-05	9e-05	0.00023	0.00012	0.00241	0.0	0.00241	0.00241	0.0	0.00049	0.0	0.00014	0.0	0.00089	0.0	0.00013	0.0	0.00013	0.0	0.0002	7e-05	0.0	0.00015	0.0014	0.0	0.0	0.0009	0.0	0.0	0.0014	0.00072	0.0	0.0	0.0	0.00019	0.0	0.0	0.0	0.00026	0.00058	0.0	0.0	0.0	0.00022	3e-05	0.00068	0.0002	2e-05	1e-05	0.0	0.0	0.00024	9e-05	2e-05	0.00019	4e-05	7e-05	9e-05	4e-05	0.00019	5e-05	0.0	9e-05	0.0001	8e-05	3e-05	6e-05	5e-05	5e-05	0.0	0.00036	9e-05	0.00028	0.0001	0.0	0.00015	9e-05	0.00042	5e-05	8e-05	0.0	5e-05	0.0003	
0.00023	0.0	0.0	0.0	0.00015	6e-05	0.00016	0.0	0.0	7e-05	0.00011	0.00021	8e-05	0.0001	8e-05	8e-05	0.00012	0.00083	0.0	0.0	0.0	0.0	0.0	0.0	0.0	0.0	0.0	0.0	0.0	0.0	0.00041	7e-05	3e-05	8e-05	0.0	9e-05	9e-05	0.00023	0.00012	0.00241	0.0	0.00241	0.00241	0.0	0.00049	0.0	0.00014	0.0	0.00089	0.0	0.00013	0.0	0.00013	0.0	0.0002	7e-05	0.0	0.00015	0.0014	0.0	0.0	0.0009	0.0	0.0	0.0014	0.00072	0.0	0.0	0.0	0.00019	0.0	0.0	0.0	0.00026	0.00058	0.0	0.0	0.0	0.00022	3e-05	0.00068	0.0002	2e-05	1e-05	0.0	0.0	0.00024	9e-05	2e-05	0.00019	4e-05	7e-05	9e-05	4e-05	0.00019	5e-05	0.0	9e-05	0.0001	8e-05	3e-05	6e-05	5e-05	5e-05	0.0	0.00036	9e-05	0.00028	0.0001	0.0	0.00015	9e-05	0.00042	5e-05	8e-05	0.0	5e-05	0.0003	
0.03953	0.00039	0.00015	0.00015	0.0	0.03911	0.01565	0.0	0.00029	0.127	0.02833	0.00812	0.13349	0.02328	0.01421	0.05129	0.02674	0.04862	0.0	0.0	0.0	0.0	0.0	0.0	0.0	0.0	0.0	0.0	0.0	0.0	0.07574	0.04017	0.04062	0.03954	0.0	0.04574	0.01578	0.1173	0.00786	0.01676	0.00015	0.01676	0.01676	0.00015	0.17395	0.00015	0.01728	0.0	0.04625	0.00474	0.11807	0.00015	0.14193	0.19923	0.02825	0.19761	0.00015	0.01058	0.09633	0.00015	0.0	0.09102	0.00124	0.00015	0.09633	0.08968	0.00015	0.00015	0.00015	0.00834	0.00015	0.00015	0.00015	0.0214	0.01681	0.0	0.0	0.0	0.01897	0.06949	0.01075	0.01814	0.07743	0.05233	0.0	0.0	0.036	0.02133	0.12344	0.10688	0.06719	0.03092	0.15664	0.03394	0.01853	0.03405	0.0	0.01899	0.04142	0.23115	0.09524	0.1252	0.18122	0.02793	0.0	0.11607	0.04507	0.06867	0.34343	0.00474	0.15228	0.17219	0.23253	0.1649	0.13349	0.0	0.11883	0.10123	
0.01628	0.01318	6e-05	6e-05	0.03911	0.0	0.12502	0.0	6e-05	0.02666	0.01822	0.00463	0.01259	0.01261	0.14857	0.04596	0.10206	0.016	0.0	0.0	0.0	0.0	0.0	0.0	0.0	0.0	0.0	0.0	0.0	0.0	0.01515	0.04704	0.1343	0.1122	0.0	0.08317	0.03489	0.06948	0.02325	0.00977	6e-05	0.00977	0.00977	6e-05	0.01572	6e-05	0.00962	0.0	0.01443	0.00035	0.01141	6e-05	0.01329	0.43485	0.01153	0.01708	6e-05	0.12559	0.01002	6e-05	0.0	0.07883	0.00035	6e-05	0.01002	0.01571	6e-05	6e-05	6e-05	0.09592	6e-05	6e-05	6e-05	0.07637	0.02134	0.0	0.0	0.0	0.01039	0.01637	0.02217	0.10716	0.05617	0.11642	0.0	0.0	0.0189	0.03475	0.02485	0.03459	0.00684	0.03659	0.01625	0.03863	0.07443	0.06367	0.0	0.02705	0.01712	0.02013	0.02797	0.01496	0.04141	0.01112	0.0	0.16165	0.04507	0.10124	0.02233	0.00035	0.01236	0.01361	0.01942	0.01865	0.01259	0.0	0.0232	0.04223	
0.01278	0.00021	0.00016	0.00016	0.01565	0.12502	0.0	0.0	0.00016	0.0314	0.0586	0.00257	0.00548	0.00507	0.00986	0.00794	0.02899	0.00778	0.0	0.0	0.0	0.0	0.0	0.0	0.0	0.0	0.0	0.0	0.0	0.0	0.012	0.01286	0.01631	0.00682	0.0	0.03742	0.01042	0.0186	0.02416	0.00691	0.00016	0.00691	0.00691	0.00016	0.00727	0.00016	0.00467	0.0	0.0067	0.00048	0.44395	0.00016	0.4514	0.0	0.015	0.07256	0.00016	1.00023	0.00622	0.00016	0.0	0.00627	0.00049	0.00016	0.00622	0.00698	0.00016	0.00016	0.00016	0.00275	0.00016	0.00016	0.00016	0.01956	0.03465	0.0	0.0	0.0	0.00417	0.09115	0.01021	0.50908	0.02543	0.03562	0.0	0.0	0.00621	0.0196	0.03396	0.1238	0.00919	0.00642	0.00694	0.02061	0.01114	0.03238	0.0	0.02583	0.08951	0.15589	0.11163	0.00603	0.02743	0.05428	0.0	0.02265	0.01249	0.0095	0.04207	0.00048	0.44645	0.00601	0.00831	0.13742	0.00548	0.0	0.00663	0.10422	
0.0	0.0	0.0	0.0	0.0	0.0	0.0	0.0	0.0	0.0	0.0	0.0	0.0	0.0	0.0	0.0	0.0	0.0	0.0	0.0	0.0	0.0	0.0	0.0	0.0	0.0	0.0	0.0	0.0	0.0	0.0	0.0	0.0	0.0	0.0	0.0	0.0	0.0	0.0	0.0	0.0	0.0	0.0	0.0	0.0	0.0	0.0	0.0	0.0	0.0	0.0	0.0	0.0	0.0	0.0	0.0	0.0	0.0	0.0	0.0	0.0	0.0	0.0	0.0	0.0	0.0	0.0	0.0	0.0	0.0	0.0	0.0	0.0	0.0	0.0	0.0	0.0	0.0	0.0	0.0	0.0	0.0	0.0	0.0	0.0	0.0	0.0	0.0	0.0	0.0	0.0	0.0	0.0	0.0	0.0	0.0	0.0	0.0	0.0	0.0	0.0	0.0	0.0	0.0	0.0	0.0	0.0	0.0	0.0	0.0	0.0	0.0	0.0	0.0	0.0	0.0	0.0	0.0	
0.0004	0.0	0.0	0.0	0.00029	6e-05	0.00016	0.0	0.0	0.04069	0.00019	0.00019	0.00012	0.00012	4e-05	6e-05	1e-05	0.00097	0.0	0.0	0.0	0.0	0.0	0.0	0.0	0.0	0.0	0.0	0.0	0.0	0.0005	3e-05	0.00019	6e-05	0.0	0.00021	8e-05	9e-05	0.00037	0.00274	0.0	0.00274	0.00274	0.0	0.00066	0.0	0.0002	0.0	0.0011	0.0	0.00019	0.0	0.0002	0.0	0.00037	0.00012	0.0	0.00018	0.00166	0.0	0.0	0.00108	0.0	0.0	0.00166	0.00089	0.0	0.0	0.0	0.00022	0.0	0.0	0.0	0.00034	0.00078	0.0	0.0	0.0	0.00016	6e-05	0.00076	0.00016	7e-05	8e-05	0.0	0.0	0.00015	0.00016	4e-05	0.0003	5e-05	6e-05	0.00015	2e-05	8e-05	4e-05	0.0	0.00017	0.00017	0.00015	0.00049	0.0001	0.00067	0.00015	0.0	0.00036	5e-05	0.00039	0.00018	0.0	0.00023	0.00014	0.00059	0.0001	0.00012	0.0	0.0001	0.00047	
0.15101	0.00016	7e-05	7e-05	0.127	0.02666	0.0314	0.0	0.04069	0.0	0.0126	0.00365	0.80867	0.00887	0.12545	0.0165	0.07343	0.01308	0.0	0.0	0.0	0.0	0.0	0.0	0.0	0.0	0.0	0.0	0.0	0.0	0.11849	0.02818	0.04355	0.01415	0.0	0.05101	0.02184	0.23252	0.05917	0.00758	7e-05	0.00758	0.00758	7e-05	0.01111	7e-05	0.00711	0.0	0.00917	0.00048	0.00829	7e-05	0.00974	0.0	0.1134	0.01189	7e-05	0.00462	0.00758	7e-05	0.0	0.00895	0.00048	7e-05	0.00758	0.01088	7e-05	7e-05	7e-05	0.00373	7e-05	7e-05	7e-05	0.04525	0.01462	0.0	0.0	0.0	0.00751	0.10616	0.01914	0.00722	0.19019	0.04709	0.0	0.0	0.01274	0.0218	0.37579	0.01549	0.21424	0.01162	0.57379	0.0568	0.02362	0.10733	0.0	0.01758	0.01204	0.47076	0.03723	0.65242	0.21402	0.12108	0.0	0.06133	0.11728	0.21732	0.30701	0.00048	0.00903	0.80852	0.34753	0.32206	0.80867	0.0	0.50073	0.23411	
0.01871	0.00025	0.00011	0.00011	0.02833	0.01822	0.0586	0.0	0.00019	0.0126	0.0	0.00467	0.01186	0.23106	0.02853	0.02236	0.05053	0.01735	0.0	0.0	0.0	0.0	0.0	0.0	0.0	0.0	0.0	0.0	0.0	0.0	0.03186	0.0376	0.05094	0.14918	0.0	0.01759	0.02298	0.0072	0.07254	0.00953	0.00011	0.00953	0.00953	0.00011	0.01457	0.00011	0.29056	0.0	0.01187	0.00073	0.36979	0.00011	0.36752	0.0	0.02243	0.15632	0.00011	0.00595	0.00967	0.00011	0.0	0.01163	0.04756	0.00011	0.00967	0.20528	0.00011	0.00011	0.00011	0.00478	0.00011	0.00011	0.00011	0.07916	0.10623	0.0	0.0	0.0	0.00982	0.17188	0.02571	0.00944	0.07522	0.07761	0.0	0.0	0.01698	0.2503	0.09296	0.20995	0.02358	0.01536	0.01537	0.08417	0.03208	0.05803	0.0	0.40618	0.17522	0.23866	0.06758	0.01393	0.07663	0.00991	0.0	0.08474	0.03662	0.02459	0.10699	0.00073	0.3683	0.01299	0.01771	0.22353	0.01186	0.0	0.18988	0.02298	
0.00764	0.00019	0.00021	0.00021	0.00812	0.00463	0.00257	0.0	0.00019	0.00365	0.00467	0.0	0.00365	0.0034	0.0397	0.00519	0.02084	0.00487	0.0	0.0	0.0	0.0	0.0	0.0	0.0	0.0	0.0	0.0	0.0	0.0	0.00743	0.02729	0.02055	0.09628	0.0	0.01379	0.00669	0.01681	0.01764	0.00446	0.00021	0.00446	0.00446	0.00021	0.00449	0.00021	0.00311	0.0	0.00416	0.00027	0.00346	0.00021	0.0039	0.0	0.00878	0.00445	0.00021	0.00229	0.00394	0.00021	0.0	0.00393	0.00027	0.00021	0.00394	0.00431	0.00021	0.00021	0.00021	0.00197	0.00021	0.00021	0.00021	0.01309	0.00553	0.0	0.0	0.0	0.00309	0.03382	0.0065	0.003	0.02009	0.01507	0.0	0.0	0.0045	0.00671	0.00518	0.00515	0.00599	0.13711	0.00441	0.01376	0.04242	0.01216	0.0	0.11783	0.00453	0.00457	0.00688	0.00387	0.00644	0.00954	0.0	0.0352	0.04469	0.00573	0.00542	0.00027	0.00369	0.00389	0.00509	0.00463	0.00365	0.0	0.0042	0.00607	
0.1607	0.00015	8e-05	8e-05	0.13349	0.01259	0.00548	0.0	0.00012	0.80867	0.01186	0.00365	0.0	0.0084	0.13068	0.015	0.0654	0.01214	0.0	0.0	0.0	0.0	0.0	0.0	0.0	0.0	0.0	0.0	0.0	0.0	0.1229	0.02507	0.03242	0.01291	0.0	0.04499	0.01972	0.23824	0.05328	0.00752	8e-05	0.00752	0.00752	8e-05	0.01057	8e-05	0.0069	0.0	0.00885	0.00045	0.00798	8e-05	0.00933	0.0	0.11811	0.01123	8e-05	0.00458	0.00744	8e-05	0.0	0.00857	0.00045	8e-05	0.00744	0.01024	8e-05	8e-05	8e-05	0.00373	8e-05	8e-05	8e-05	0.04033	0.01371	0.0	0.0	0.0	0.00719	0.10933	0.01752	0.00693	0.18803	0.04204	0.0	0.0	0.01183	0.01971	0.40929	0.01422	0.23354	0.01099	0.68055	0.05258	0.02147	0.10278	0.0	0.0161	0.01138	0.52753	0.02094	0.77079	0.19555	0.12647	0.0	0.0529	0.11908	0.23032	0.34352	0.00045	0.00867	1.00021	0.39257	0.35328	0.99983	0.0	0.56605	0.25676	
0.10524	0.00014	0.0001	0.0001	0.02328	0.01261	0.00507	0.0	0.00012	0.00887	0.23106	0.0034	0.0084	0.0	0.01944	0.07184	0.03398	0.01217	0.0	0.0	0.0	0.0	0.0	0.0	0.0	0.0	0.0	0.0	0.0	0.0	0.02177	0.10537	0.04386	0.25937	0.0	0.0471	0.13253	0.05484	0.04856	0.0071	0.0001	0.0071	0.0071	0.0001	0.01032	0.0001	0.62714	0.0	0.00853	0.00036	0.0077	0.0001	0.00892	0.30587	0.02537	0.01103	0.0001	0.0043	0.00707	0.0001	0.0	0.00834	0.39164	0.0001	0.00707	0.39115	0.0001	0.0001	0.0001	0.00348	0.0001	0.0001	0.0001	0.11949	0.01357	0.0	0.0	0.0	0.00698	0.04866	0.01777	0.00671	0.0492	0.0438	0.0	0.0	0.01183	0.09777	0.01492	0.01437	0.07435	0.01078	0.01064	0.05495	0.05503	0.08613	0.0	0.13772	0.01111	0.01243	0.02162	0.00967	0.06879	0.08768	0.0	0.05762	0.08384	0.01677	0.01408	0.00036	0.00832	0.00906	0.01244	0.01287	0.0084	0.0	0.35338	0.01595	
0.06556	0.00112	8e-05	8e-05	0.01421	0.14857	0.00986	0.0	4e-05	0.12545	0.02853	0.0397	0.13068	0.01944	0.0	0.13143	0.05773	0.01679	0.0	0.0	0.0	0.0	0.0	0.0	0.0	0.0	0.0	0.0	0.0	0.0	0.04686	0.04734	0.06922	0.05973	0.0	0.03714	0.10053	0.19518	0.08277	0.01364	8e-05	0.01364	0.01364	8e-05	0.024	8e-05	0.01409	0.0	0.01854	0.00023	0.01699	8e-05	0.01976	0.0957	0.04359	0.0266	8e-05	0.00848	0.0143	8e-05	0.0	0.01877	0.00024	8e-05	0.0143	0.02457	8e-05	8e-05	8e-05	0.00664	8e-05	8e-05	8e-05	0.0472	0.03373	0.0	0.0	0.0	0.06031	0.06741	0.12296	0.01497	0.14362	0.07595	0.0	0.0	0.01879	0.04373	0.11721	0.01904	0.04911	0.19168	0.08826	0.03716	0.08215	0.14861	0.0	0.08576	0.02645	0.11773	0.06888	0.12346	0.05309	0.0157	0.0	0.05521	0.13237	0.1909	0.04016	0.00023	0.01834	0.12943	0.04876	0.07391	0.13068	0.0	0.12788	0.03312	
0.02154	6e-05	8e-05	8e-05	0.05129	0.04596	0.00794	0.0	6e-05	0.0165	0.02236	0.00519	0.015	0.07184	0.13143	0.0	0.0281	0.03875	0.0	0.0	0.0	0.0	0.0	0.0	0.0	0.0	0.0	0.0	0.0	0.0	0.08742	0.0719	0.1366	0.02853	0.0	0.06669	0.03187	0.04597	0.02215	0.01119	8e-05	0.01119	0.01119	8e-05	0.01902	8e-05	0.01124	0.0	0.0281	0.00025	0.01349	8e-05	0.01567	0.15655	0.00902	0.02086	8e-05	0.00682	0.01161	8e-05	0.0	0.01498	0.00026	8e-05	0.01161	0.01938	8e-05	8e-05	8e-05	0.00535	8e-05	8e-05	8e-05	0.04969	0.0265	0.0	0.0	0.0	0.17892	0.14906	0.05498	0.0118	0.08856	0.04419	0.0	0.0	0.11439	0.09691	0.03113	0.02272	0.01443	0.02023	0.01954	0.06128	0.06616	0.06122	0.0	0.03027	0.02022	0.02547	0.07983	0.0182	0.03189	0.01035	0.0	0.17541	0.08922	0.09424	0.02775	0.00025	0.01456	0.01617	0.02394	0.0269	0.015	0.0	0.0226	0.0257	
0.01179	0.0004	0.00012	0.00012	0.02674	0.10206	0.02899	0.0	1e-05	0.07343	0.05053	0.02084	0.0654	0.03398	0.05773	0.0281	0.0	0.0424	0.0	0.0	0.0	0.0	0.0	0.0	0.0	0.0	0.0	0.0	0.0	0.0	0.06033	0.08891	0.08261	0.07826	0.0	0.05654	0.08871	0.089	0.03271	0.04458	0.00012	0.04458	0.04458	0.00012	0.04201	0.00012	0.02418	0.0	0.00518	0.0015	0.02935	0.00012	0.037	0.35844	0.03013	0.04694	0.00012	0.0277	0.02433	0.00012	0.0	0.04008	0.00151	0.00012	0.02433	0.04331	0.00012	0.00012	0.00012	0.02144	0.00012	0.00012	0.00012	0.08477	0.00607	0.0	0.0	0.0	0.02714	0.05525	0.04478	0.03701	0.07725	0.07169	0.0	0.0	0.0258	0.07464	0.09339	0.04149	0.02555	0.01458	0.04353	0.01187	0.02074	0.14164	0.0	0.05361	0.04248	0.08441	0.01848	0.07615	0.0526	0.023	0.0	0.12804	0.03554	0.06838	0.01093	0.0015	0.03322	0.06531	0.01375	0.09309	0.0654	0.0	0.07526	0.0359	
0.03363	0.00106	0.00083	0.00083	0.04862	0.016	0.00778	0.0	0.00097	0.01308	0.01735	0.00487	0.01214	0.01217	0.01679	0.03875	0.0424	0.0	0.0	0.0	0.0	0.0	0.0	0.0	0.0	0.0	0.0	0.0	0.0	0.0	0.13992	0.03343	0.09406	0.02097	0.0	0.06092	0.0332	0.06277	0.07899	0.35368	0.00083	0.35368	0.35368	0.00083	0.01499	0.00083	0.00939	0.0	0.02102	0.00168	0.01104	0.00083	0.01344	0.0	0.0803	0.01631	0.00083	0.0061	0.00971	0.00083	0.0	0.01199	0.00168	0.00083	0.00971	0.01501	0.00083	0.00083	0.00083	0.00498	0.00083	0.00083	0.00083	0.09425	0.13701	0.0	0.0	0.0	0.01014	0.01926	0.19578	0.00974	0.06664	0.08899	0.0	0.0	0.01812	0.12539	0.02368	0.12445	0.02508	0.01801	0.12885	0.06591	0.06411	0.046	0.0	0.04923	0.07158	0.06162	0.06399	0.06848	0.07287	0.07339	0.0	0.16227	0.0315	0.14803	0.0215	0.00168	0.0123	0.01346	0.01844	0.02007	0.01214	0.0	0.01731	0.0115	
0.0	0.0	0.0	0.0	0.0	0.0	0.0	0.0	0.0	0.0	0.0	0.0	0.0	0.0	0.0	0.0	0.0	0.0	0.0	0.0	0.0	0.0	0.0	0.0	0.0	0.0	0.0	0.0	0.0	0.0	0.0	0.0	0.0	0.0	0.0	0.0	0.0	0.0	0.0	0.0	0.0	0.0	0.0	0.0	0.0	0.0	0.0	0.0	0.0	0.0	0.0	0.0	0.0	0.0	0.0	0.0	0.0	0.0	0.0	0.0	0.0	0.0	0.0	0.0	0.0	0.0	0.0	0.0	0.0	0.0	0.0	0.0	0.0	0.0	0.0	0.0	0.0	0.0	0.0	0.0	0.0	0.0	0.0	0.0	0.0	0.0	0.0	0.0	0.0	0.0	0.0	0.0	0.0	0.0	0.0	0.0	0.0	0.0	0.0	0.0	0.0	0.0	0.0	0.0	0.0	0.0	0.0	0.0	0.0	0.0	0.0	0.0	0.0	0.0	0.0	0.0	0.0	0.0	
0.0	0.0	0.0	0.0	0.0	0.0	0.0	0.0	0.0	0.0	0.0	0.0	0.0	0.0	0.0	0.0	0.0	0.0	0.0	0.0	0.0	0.0	0.0	0.0	0.0	0.0	0.0	0.0	0.0	0.0	0.0	0.0	0.0	0.0	0.0	0.0	0.0	0.0	0.0	0.0	0.0	0.0	0.0	0.0	0.0	0.0	0.0	0.0	0.0	0.0	0.0	0.0	0.0	0.0	0.0	0.0	0.0	0.0	0.0	0.0	0.0	0.0	0.0	0.0	0.0	0.0	0.0	0.0	0.0	0.0	0.0	0.0	0.0	0.0	0.0	0.0	0.0	0.0	0.0	0.0	0.0	0.0	0.0	0.0	0.0	0.0	0.0	0.0	0.0	0.0	0.0	0.0	0.0	0.0	0.0	0.0	0.0	0.0	0.0	0.0	0.0	0.0	0.0	0.0	0.0	0.0	0.0	0.0	0.0	0.0	0.0	0.0	0.0	0.0	0.0	0.0	0.0	0.0	
0.0	0.0	0.0	0.0	0.0	0.0	0.0	0.0	0.0	0.0	0.0	0.0	0.0	0.0	0.0	0.0	0.0	0.0	0.0	0.0	0.0	0.0	0.0	0.0	0.0	0.0	0.0	0.0	0.0	0.0	0.0	0.0	0.0	0.0	0.0	0.0	0.0	0.0	0.0	0.0	0.0	0.0	0.0	0.0	0.0	0.0	0.0	0.0	0.0	0.0	0.0	0.0	0.0	0.0	0.0	0.0	0.0	0.0	0.0	0.0	0.0	0.0	0.0	0.0	0.0	0.0	0.0	0.0	0.0	0.0	0.0	0.0	0.0	0.0	0.0	0.0	0.0	0.0	0.0	0.0	0.0	0.0	0.0	0.0	0.0	0.0	0.0	0.0	0.0	0.0	0.0	0.0	0.0	0.0	0.0	0.0	0.0	0.0	0.0	0.0	0.0	0.0	0.0	0.0	0.0	0.0	0.0	0.0	0.0	0.0	0.0	0.0	0.0	0.0	0.0	0.0	0.0	0.0	
0.0	0.0	0.0	0.0	0.0	0.0	0.0	0.0	0.0	0.0	0.0	0.0	0.0	0.0	0.0	0.0	0.0	0.0	0.0	0.0	0.0	0.0	0.0	0.0	0.0	0.0	0.0	0.0	0.0	0.0	0.0	0.0	0.0	0.0	0.0	0.0	0.0	0.0	0.0	0.0	0.0	0.0	0.0	0.0	0.0	0.0	0.0	0.0	0.0	0.0	0.0	0.0	0.0	0.0	0.0	0.0	0.0	0.0	0.0	0.0	0.0	0.0	0.0	0.0	0.0	0.0	0.0	0.0	0.0	0.0	0.0	0.0	0.0	0.0	0.0	0.0	0.0	0.0	0.0	0.0	0.0	0.0	0.0	0.0	0.0	0.0	0.0	0.0	0.0	0.0	0.0	0.0	0.0	0.0	0.0	0.0	0.0	0.0	0.0	0.0	0.0	0.0	0.0	0.0	0.0	0.0	0.0	0.0	0.0	0.0	0.0	0.0	0.0	0.0	0.0	0.0	0.0	0.0	
0.0	0.0	0.0	0.0	0.0	0.0	0.0	0.0	0.0	0.0	0.0	0.0	0.0	0.0	0.0	0.0	0.0	0.0	0.0	0.0	0.0	0.0	0.0	0.0	0.0	0.0	0.0	0.0	0.0	0.0	0.0	0.0	0.0	0.0	0.0	0.0	0.0	0.0	0.0	0.0	0.0	0.0	0.0	0.0	0.0	0.0	0.0	0.0	0.0	0.0	0.0	0.0	0.0	0.0	0.0	0.0	0.0	0.0	0.0	0.0	0.0	0.0	0.0	0.0	0.0	0.0	0.0	0.0	0.0	0.0	0.0	0.0	0.0	0.0	0.0	0.0	0.0	0.0	0.0	0.0	0.0	0.0	0.0	0.0	0.0	0.0	0.0	0.0	0.0	0.0	0.0	0.0	0.0	0.0	0.0	0.0	0.0	0.0	0.0	0.0	0.0	0.0	0.0	0.0	0.0	0.0	0.0	0.0	0.0	0.0	0.0	0.0	0.0	0.0	0.0	0.0	0.0	0.0	
0.0	0.0	0.0	0.0	0.0	0.0	0.0	0.0	0.0	0.0	0.0	0.0	0.0	0.0	0.0	0.0	0.0	0.0	0.0	0.0	0.0	0.0	0.0	0.0	0.0	0.0	0.0	0.0	0.0	0.0	0.0	0.0	0.0	0.0	0.0	0.0	0.0	0.0	0.0	0.0	0.0	0.0	0.0	0.0	0.0	0.0	0.0	0.0	0.0	0.0	0.0	0.0	0.0	0.0	0.0	0.0	0.0	0.0	0.0	0.0	0.0	0.0	0.0	0.0	0.0	0.0	0.0	0.0	0.0	0.0	0.0	0.0	0.0	0.0	0.0	0.0	0.0	0.0	0.0	0.0	0.0	0.0	0.0	0.0	0.0	0.0	0.0	0.0	0.0	0.0	0.0	0.0	0.0	0.0	0.0	0.0	0.0	0.0	0.0	0.0	0.0	0.0	0.0	0.0	0.0	0.0	0.0	0.0	0.0	0.0	0.0	0.0	0.0	0.0	0.0	0.0	0.0	0.0	
0.0	0.0	0.0	0.0	0.0	0.0	0.0	0.0	0.0	0.0	0.0	0.0	0.0	0.0	0.0	0.0	0.0	0.0	0.0	0.0	0.0	0.0	0.0	0.0	0.0	0.0	0.0	0.0	0.0	0.0	0.0	0.0	0.0	0.0	0.0	0.0	0.0	0.0	0.0	0.0	0.0	0.0	0.0	0.0	0.0	0.0	0.0	0.0	0.0	0.0	0.0	0.0	0.0	0.0	0.0	0.0	0.0	0.0	0.0	0.0	0.0	0.0	0.0	0.0	0.0	0.0	0.0	0.0	0.0	0.0	0.0	0.0	0.0	0.0	0.0	0.0	0.0	0.0	0.0	0.0	0.0	0.0	0.0	0.0	0.0	0.0	0.0	0.0	0.0	0.0	0.0	0.0	0.0	0.0	0.0	0.0	0.0	0.0	0.0	0.0	0.0	0.0	0.0	0.0	0.0	0.0	0.0	0.0	0.0	0.0	0.0	0.0	0.0	0.0	0.0	0.0	0.0	0.0	
0.0	0.0	0.0	0.0	0.0	0.0	0.0	0.0	0.0	0.0	0.0	0.0	0.0	0.0	0.0	0.0	0.0	0.0	0.0	0.0	0.0	0.0	0.0	0.0	0.0	0.0	0.0	0.0	0.0	0.0	0.0	0.0	0.0	0.0	0.0	0.0	0.0	0.0	0.0	0.0	0.0	0.0	0.0	0.0	0.0	0.0	0.0	0.0	0.0	0.0	0.0	0.0	0.0	0.0	0.0	0.0	0.0	0.0	0.0	0.0	0.0	0.0	0.0	0.0	0.0	0.0	0.0	0.0	0.0	0.0	0.0	0.0	0.0	0.0	0.0	0.0	0.0	0.0	0.0	0.0	0.0	0.0	0.0	0.0	0.0	0.0	0.0	0.0	0.0	0.0	0.0	0.0	0.0	0.0	0.0	0.0	0.0	0.0	0.0	0.0	0.0	0.0	0.0	0.0	0.0	0.0	0.0	0.0	0.0	0.0	0.0	0.0	0.0	0.0	0.0	0.0	0.0	0.0	
0.0	0.0	0.0	0.0	0.0	0.0	0.0	0.0	0.0	0.0	0.0	0.0	0.0	0.0	0.0	0.0	0.0	0.0	0.0	0.0	0.0	0.0	0.0	0.0	0.0	0.0	0.0	0.0	0.0	0.0	0.0	0.0	0.0	0.0	0.0	0.0	0.0	0.0	0.0	0.0	0.0	0.0	0.0	0.0	0.0	0.0	0.0	0.0	0.0	0.0	0.0	0.0	0.0	0.0	0.0	0.0	0.0	0.0	0.0	0.0	0.0	0.0	0.0	0.0	0.0	0.0	0.0	0.0	0.0	0.0	0.0	0.0	0.0	0.0	0.0	0.0	0.0	0.0	0.0	0.0	0.0	0.0	0.0	0.0	0.0	0.0	0.0	0.0	0.0	0.0	0.0	0.0	0.0	0.0	0.0	0.0	0.0	0.0	0.0	0.0	0.0	0.0	0.0	0.0	0.0	0.0	0.0	0.0	0.0	0.0	0.0	0.0	0.0	0.0	0.0	0.0	0.0	0.0	
0.0	0.0	0.0	0.0	0.0	0.0	0.0	0.0	0.0	0.0	0.0	0.0	0.0	0.0	0.0	0.0	0.0	0.0	0.0	0.0	0.0	0.0	0.0	0.0	0.0	0.0	0.0	0.0	0.0	0.0	0.0	0.0	0.0	0.0	0.0	0.0	0.0	0.0	0.0	0.0	0.0	0.0	0.0	0.0	0.0	0.0	0.0	0.0	0.0	0.0	0.0	0.0	0.0	0.0	0.0	0.0	0.0	0.0	0.0	0.0	0.0	0.0	0.0	0.0	0.0	0.0	0.0	0.0	0.0	0.0	0.0	0.0	0.0	0.0	0.0	0.0	0.0	0.0	0.0	0.0	0.0	0.0	0.0	0.0	0.0	0.0	0.0	0.0	0.0	0.0	0.0	0.0	0.0	0.0	0.0	0.0	0.0	0.0	0.0	0.0	0.0	0.0	0.0	0.0	0.0	0.0	0.0	0.0	0.0	0.0	0.0	0.0	0.0	0.0	0.0	0.0	0.0	0.0	
0.0	0.0	0.0	0.0	0.0	0.0	0.0	0.0	0.0	0.0	0.0	0.0	0.0	0.0	0.0	0.0	0.0	0.0	0.0	0.0	0.0	0.0	0.0	0.0	0.0	0.0	0.0	0.0	0.0	0.0	0.0	0.0	0.0	0.0	0.0	0.0	0.0	0.0	0.0	0.0	0.0	0.0	0.0	0.0	0.0	0.0	0.0	0.0	0.0	0.0	0.0	0.0	0.0	0.0	0.0	0.0	0.0	0.0	0.0	0.0	0.0	0.0	0.0	0.0	0.0	0.0	0.0	0.0	0.0	0.0	0.0	0.0	0.0	0.0	0.0	0.0	0.0	0.0	0.0	0.0	0.0	0.0	0.0	0.0	0.0	0.0	0.0	0.0	0.0	0.0	0.0	0.0	0.0	0.0	0.0	0.0	0.0	0.0	0.0	0.0	0.0	0.0	0.0	0.0	0.0	0.0	0.0	0.0	0.0	0.0	0.0	0.0	0.0	0.0	0.0	0.0	0.0	0.0	
0.0	0.0	0.0	0.0	0.0	0.0	0.0	0.0	0.0	0.0	0.0	0.0	0.0	0.0	0.0	0.0	0.0	0.0	0.0	0.0	0.0	0.0	0.0	0.0	0.0	0.0	0.0	0.0	0.0	0.0	0.0	0.0	0.0	0.0	0.0	0.0	0.0	0.0	0.0	0.0	0.0	0.0	0.0	0.0	0.0	0.0	0.0	0.0	0.0	0.0	0.0	0.0	0.0	0.0	0.0	0.0	0.0	0.0	0.0	0.0	0.0	0.0	0.0	0.0	0.0	0.0	0.0	0.0	0.0	0.0	0.0	0.0	0.0	0.0	0.0	0.0	0.0	0.0	0.0	0.0	0.0	0.0	0.0	0.0	0.0	0.0	0.0	0.0	0.0	0.0	0.0	0.0	0.0	0.0	0.0	0.0	0.0	0.0	0.0	0.0	0.0	0.0	0.0	0.0	0.0	0.0	0.0	0.0	0.0	0.0	0.0	0.0	0.0	0.0	0.0	0.0	0.0	0.0	
0.01502	0.00056	0.00041	0.00041	0.07574	0.01515	0.012	0.0	0.0005	0.11849	0.03186	0.00743	0.1229	0.02177	0.04686	0.08742	0.06033	0.13992	0.0	0.0	0.0	0.0	0.0	0.0	0.0	0.0	0.0	0.0	0.0	0.0	0.0	0.04152	0.0545	0.04181	0.0	0.06089	0.06662	0.09791	0.05877	0.1777	0.00041	0.1777	0.1777	0.00041	0.01743	0.00041	0.01586	0.0	0.00464	0.00118	0.01907	0.00041	0.02162	0.09974	0.02856	0.01407	0.00041	0.00966	0.01607	0.00041	0.0	0.021	0.00118	0.00041	0.01607	0.02743	0.00041	0.00041	0.00041	0.00762	0.00041	0.00041	0.00041	0.12737	0.08016	0.0	0.0	0.0	0.01762	0.0296	0.1254	0.01682	0.08834	0.02687	0.0	0.0	0.01527	0.1094	0.1147	0.07008	0.07882	0.02889	0.11111	0.04145	0.02264	0.08375	0.0	0.0251	0.04508	0.14066	0.0447	0.15262	0.07912	0.08703	0.0	0.12744	0.0366	0.11627	0.03624	0.00118	0.02109	0.12224	0.04388	0.07033	0.1229	0.0	0.11369	0.04554	
0.01076	3e-05	7e-05	7e-05	0.04017	0.04704	0.01286	0.0	3e-05	0.02818	0.0376	0.02729	0.02507	0.10537	0.04734	0.0719	0.08891	0.03343	0.0	0.0	0.0	0.0	0.0	0.0	0.0	0.0	0.0	0.0	0.0	0.0	0.04152	0.0	0.07618	0.08167	0.0	0.08202	0.1148	0.11832	0.07056	0.01738	7e-05	0.01738	0.01738	7e-05	0.11628	7e-05	0.07984	0.0	0.03914	0.00448	0.02229	7e-05	0.07564	0.1692	0.06231	0.06721	7e-05	0.01074	0.06456	7e-05	0.0	0.06711	0.008	7e-05	0.06456	0.13165	7e-05	7e-05	7e-05	0.00832	7e-05	7e-05	7e-05	0.11332	0.04647	0.0	0.0	0.0	0.05612	0.05332	0.10326	0.01971	0.11807	0.09292	0.0	0.0	0.05284	0.03769	0.06111	0.03723	0.04378	0.01458	0.0339	0.02585	0.02681	0.11458	0.0	0.04147	0.03608	0.04666	0.07551	0.04184	0.06164	0.01613	0.0	0.26944	0.20898	0.04445	0.04733	0.00448	0.02536	0.02798	0.02422	0.04946	0.02507	0.0	0.08993	0.02536	
0.02019	0.00218	3e-05	3e-05	0.04062	0.1343	0.01631	0.0	0.00019	0.04355	0.05094	0.02055	0.03242	0.04386	0.06922	0.1366	0.08261	0.09406	0.0	0.0	0.0	0.0	0.0	0.0	0.0	0.0	0.0	0.0	0.0	0.0	0.0545	0.07618	0.0	0.13451	0.0	0.06675	0.05307	0.06413	0.01932	0.04519	3e-05	0.04519	0.04519	3e-05	0.0419	3e-05	0.02348	0.0	0.01745	0.0009	0.02875	3e-05	0.03611	0.08373	0.01517	0.04711	3e-05	0.01366	0.0236	3e-05	0.0	0.04657	0.00091	3e-05	0.0236	0.04389	3e-05	3e-05	3e-05	0.02761	3e-05	3e-05	3e-05	0.10309	0.02297	0.0	0.0	0.0	0.04072	0.03927	0.07481	0.037	0.09839	0.07926	0.0	0.0	0.0529	0.07364	0.04921	0.05139	0.01678	0.01974	0.02188	0.04672	0.06764	0.08467	0.0	0.05022	0.0201	0.05719	0.07467	0.039	0.1374	0.03455	0.0	0.15519	0.10227	0.09117	0.06717	0.0009	0.03238	0.03644	0.05468	0.04687	0.03242	0.0	0.05414	0.05093	
0.09569	0.0041	8e-05	8e-05	0.03954	0.1122	0.00682	0.0	6e-05	0.01415	0.14918	0.09628	0.01291	0.25937	0.05973	0.02853	0.07826	0.02097	0.0	0.0	0.0	0.0	0.0	0.0	0.0	0.0	0.0	0.0	0.0	0.0	0.04181	0.08167	0.13451	0.0	0.0	0.07047	0.08646	0.11868	0.09553	0.00962	8e-05	0.00962	0.00962	8e-05	0.01623	8e-05	0.29971	0.0	0.01273	0.0002	0.01162	8e-05	0.01335	0.16497	0.04712	0.01784	8e-05	0.00593	0.00997	8e-05	0.0	0.0128	0.09971	8e-05	0.00997	0.24034	8e-05	8e-05	8e-05	0.00467	8e-05	8e-05	8e-05	0.14266	0.02245	0.0	0.0	0.0	0.01071	0.03373	0.03244	0.01023	0.06195	0.11897	0.0	0.0	0.02031	0.09372	0.02723	0.02147	0.0284	0.08988	0.01663	0.05718	0.1327	0.16627	0.0	0.20089	0.0177	0.02151	0.04326	0.01552	0.05422	0.08957	0.0	0.09831	0.10574	0.03174	0.02349	0.0002	0.01246	0.01384	0.02034	0.02277	0.01291	0.0	0.24221	0.02777	
0.0	0.0	0.0	0.0	0.0	0.0	0.0	0.0	0.0	0.0	0.0	0.0	0.0	0.0	0.0	0.0	0.0	0.0	0.0	0.0	0.0	0.0	0.0	0.0	0.0	0.0	0.0	0.0	0.0	0.0	0.0	0.0	0.0	0.0	0.0	0.0	0.0	0.0	0.0	0.0	0.0	0.0	0.0	0.0	0.0	0.0	0.0	0.0	0.0	0.0	0.0	0.0	0.0	0.0	0.0	0.0	0.0	0.0	0.0	0.0	0.0	0.0	0.0	0.0	0.0	0.0	0.0	0.0	0.0	0.0	0.0	0.0	0.0	0.0	0.0	0.0	0.0	0.0	0.0	0.0	0.0	0.0	0.0	0.0	0.0	0.0	0.0	0.0	0.0	0.0	0.0	0.0	0.0	0.0	0.0	0.0	0.0	0.0	0.0	0.0	0.0	0.0	0.0	0.0	0.0	0.0	0.0	0.0	0.0	0.0	0.0	0.0	0.0	0.0	0.0	0.0	0.0	0.0	
0.04593	0.00089	9e-05	9e-05	0.04574	0.08317	0.03742	0.0	0.00021	0.05101	0.01759	0.01379	0.04499	0.0471	0.03714	0.06669	0.05654	0.06092	0.0	0.0	0.0	0.0	0.0	0.0	0.0	0.0	0.0	0.0	0.0	0.0	0.06089	0.08202	0.06675	0.07047	0.0	0.0	0.02408	0.04719	0.043	0.0299	9e-05	0.0299	0.0299	9e-05	0.08381	9e-05	0.03238	0.0	0.02582	0.00079	0.03906	9e-05	0.06064	0.19427	0.04715	0.08565	9e-05	0.03604	0.03186	9e-05	0.0	0.0425	0.00172	9e-05	0.03186	0.05683	9e-05	9e-05	9e-05	0.01444	9e-05	9e-05	9e-05	0.05225	0.08506	0.0	0.0	0.0	0.03631	0.08624	0.05257	0.06975	0.09913	0.10047	0.0	0.0	0.05929	0.03975	0.07465	0.03544	0.07259	0.04019	0.05368	0.04265	0.04089	0.1023	0.0	0.03017	0.0669	0.07619	0.07996	0.05191	0.05644	0.04326	0.0	0.21937	0.09949	0.09322	0.02246	0.00079	0.04446	0.04492	0.01975	0.08373	0.04499	0.0	0.07421	0.01144	
0.04013	9e-05	9e-05	9e-05	0.01578	0.03489	0.01042	0.0	8e-05	0.02184	0.02298	0.00669	0.01972	0.13253	0.10053	0.03187	0.08871	0.0332	0.0	0.0	0.0	0.0	0.0	0.0	0.0	0.0	0.0	0.0	0.0	0.0	0.06662	0.1148	0.05307	0.08646	0.0	0.02408	0.0	0.04963	0.05662	0.01413	9e-05	0.01413	0.01413	9e-05	0.03145	9e-05	0.0908	0.0	0.05082	0.00646	0.01766	9e-05	0.02078	0.20268	0.0779	0.02771	9e-05	0.0088	0.09073	9e-05	0.0	0.08732	0.00651	9e-05	0.09073	0.17584	9e-05	9e-05	9e-05	0.00688	9e-05	9e-05	9e-05	0.11397	0.03517	0.0	0.0	0.0	0.01632	0.02225	0.01525	0.05163	0.09831	0.1091	0.0	0.0	0.08002	0.05345	0.02121	0.07718	0.01199	0.02693	0.02605	0.04264	0.06914	0.03165	0.0	0.02251	0.02767	0.03445	0.048	0.02429	0.03592	0.02247	0.0	0.05552	0.04177	0.03512	0.03591	0.00646	0.02132	0.02311	0.02053	0.03641	0.01972	0.0	0.08787	0.01349	
0.08434	0.00083	0.00023	0.00023	0.1173	0.06948	0.0186	0.0	9e-05	0.23252	0.0072	0.01681	0.23824	0.05484	0.19518	0.04597	0.089	0.06277	0.0	0.0	0.0	0.0	0.0	0.0	0.0	0.0	0.0	0.0	0.0	0.0	0.09791	0.11832	0.06413	0.11868	0.0	0.04719	0.04963	0.0	0.06134	0.02491	0.00023	0.02491	0.02491	0.00023	0.04627	0.00023	0.03821	0.0	0.03495	0.00034	0.03206	0.00023	0.03584	0.97487	0.17587	0.05189	0.00023	0.01552	0.02643	0.00023	0.0	0.03573	0.00309	0.00023	0.02643	0.05545	0.00023	0.00023	0.00023	0.01205	0.00023	0.00023	0.00023	0.03554	0.06706	0.0	0.0	0.0	0.03583	0.08758	0.03402	0.03331	0.14202	0.05661	0.0	0.0	0.03629	0.01676	0.19005	0.0333	0.10088	0.07445	0.25595	0.07914	0.20661	0.12855	0.0	0.03481	0.05242	0.23703	0.08503	0.23606	0.13037	0.07505	0.0	0.09558	0.15527	0.15478	0.16585	0.00034	0.03536	0.24276	0.16651	0.19004	0.23824	0.0	0.24836	0.1543	
0.00077	0.00057	0.00012	0.00012	0.00786	0.02325	0.02416	0.0	0.00037	0.05917	0.07254	0.01764	0.05328	0.04856	0.08277	0.02215	0.03271	0.07899	0.0	0.0	0.0	0.0	0.0	0.0	0.0	0.0	0.0	0.0	0.0	0.0	0.05877	0.07056	0.01932	0.09553	0.0	0.043	0.05662	0.06134	0.0	0.03309	0.00012	0.03309	0.03309	0.00012	0.00033	0.00012	0.0349	0.0	0.04598	0.00075	0.04228	0.00012	0.04494	0.02622	0.00021	0.00135	0.00012	0.02081	0.03505	0.00012	0.0	0.04624	0.00076	0.00012	0.03505	0.0616	0.00012	0.00012	0.00012	0.01813	0.00012	0.00012	0.00012	0.17611	0.08641	0.0	0.0	0.0	0.03995	0.03183	0.03258	0.03784	0.04017	0.03373	0.0	0.0	0.0588	0.04448	0.04985	0.04852	0.02384	0.00262	0.06115	0.01508	0.04894	0.02908	0.0	0.06109	0.06926	0.07837	0.02755	0.05795	0.00055	0.01353	0.0	0.20813	0.03963	0.06472	0.00072	0.00075	0.04751	0.05235	0.00264	0.08688	0.05328	0.0	0.07307	0.00125	
0.01581	0.00294	0.00241	0.00241	0.01676	0.00977	0.00691	0.0	0.00274	0.00758	0.00953	0.00446	0.00752	0.0071	0.01364	0.01119	0.04458	0.35368	0.0	0.0	0.0	0.0	0.0	0.0	0.0	0.0	0.0	0.0	0.0	0.0	0.1777	0.01738	0.04519	0.00962	0.0	0.0299	0.01413	0.02491	0.03309	0.0	0.00241	1.00437	1.00437	0.00241	0.00882	0.00241	0.00644	0.0	0.00785	0.00408	0.00711	0.00241	0.00914	0.0	0.08029	0.00912	0.00241	0.00502	0.00708	0.00241	0.0	0.00745	0.00409	0.00241	0.00708	0.00837	0.00241	0.00241	0.00241	0.00451	0.00241	0.00241	0.00241	0.10247	0.21643	0.0	0.0	0.0	0.00641	0.01604	0.28383	0.00624	0.02837	0.03287	0.0	0.0	0.00922	0.14519	0.01092	0.16868	0.01235	0.00897	0.13142	0.03118	0.05544	0.03179	0.0	0.0649	0.12194	0.07961	0.03959	0.11627	0.05059	0.06081	0.0	0.13042	0.01698	0.15613	0.01157	0.00408	0.00823	0.00864	0.01009	0.00972	0.00752	0.0	0.00896	0.01239	
0.00023	0.0	0.0	0.0	0.00015	6e-05	0.00016	0.0	0.0	7e-05	0.00011	0.00021	8e-05	0.0001	8e-05	8e-05	0.00012	0.00083	0.0	0.0	0.0	0.0	0.0	0.0	0.0	0.0	0.0	0.0	0.0	0.0	0.00041	7e-05	3e-05	8e-05	0.0	9e-05	9e-05	0.00023	0.00012	0.00241	0.0	0.00241	0.00241	0.0	0.00049	0.0	0.00014	0.0	0.00089	0.0	0.00013	0.0	0.00013	0.0	0.0002	7e-05	0.0	0.00015	0.0014	0.0	0.0	0.0009	0.0	0.0	0.0014	0.00072	0.0	0.0	0.0	0.00019	0.0	0.0	0.0	0.00026	0.00058	0.0	0.0	0.0	0.00022	3e-05	0.00068	0.0002	2e-05	1e-05	0.0	0.0	0.00024	9e-05	2e-05	0.00019	4e-05	7e-05	9e-05	4e-05	0.00019	5e-05	0.0	9e-05	0.0001	8e-05	3e-05	6e-05	5e-05	5e-05	0.0	0.00036	9e-05	0.00028	0.0001	0.0	0.00015	9e-05	0.00042	5e-05	8e-05	0.0	5e-05	0.0003	
0.01581	0.00294	0.00241	0.00241	0.01676	0.00977	0.00691	0.0	0.00274	0.00758	0.00953	0.00446	0.00752	0.0071	0.01364	0.01119	0.04458	0.35368	0.0	0.0	0.0	0.0	0.0	0.0	0.0	0.0	0.0	0.0	0.0	0.0	0.1777	0.01738	0.04519	0.00962	0.0	0.0299	0.01413	0.02491	0.03309	1.00437	0.00241	0.0	1.00437	0.00241	0.00882	0.00241	0.00644	0.0	0.00785	0.00408	0.00711	0.00241	0.00914	0.0	0.08029	0.00912	0.00241	0.00502	0.00708	0.00241	0.0	0.00745	0.00409	0.00241	0.00708	0.00837	0.00241	0.00241	0.00241	0.00451	0.00241	0.00241	0.00241	0.10247	0.21643	0.0	0.0	0.0	0.00641	0.01604	0.28383	0.00624	0.02837	0.03287	0.0	0.0	0.00922	0.14519	0.01092	0.16868	0.01235	0.00897	0.13142	0.03118	0.05544	0.03179	0.0	0.0649	0.12194	0.07961	0.03959	0.11627	0.05059	0.06081	0.0	0.13042	0.01698	0.15613	0.01157	0.00408	0.00823	0.00864	0.01009	0.00972	0.00752	0.0	0.00896	0.01239	
0.01581	0.00294	0.00241	0.00241	0.01676	0.00977	0.00691	0.0	0.00274	0.00758	0.00953	0.00446	0.00752	0.0071	0.01364	0.01119	0.04458	0.35368	0.0	0.0	0.0	0.0	0.0	0.0	0.0	0.0	0.0	0.0	0.0	0.0	0.1777	0.01738	0.04519	0.00962	0.0	0.0299	0.01413	0.02491	0.03309	1.00437	0.00241	1.00437	0.0	0.00241	0.00882	0.00241	0.00644	0.0	0.00785	0.00408	0.00711	0.00241	0.00914	0.0	0.08029	0.00912	0.00241	0.00502	0.00708	0.00241	0.0	0.00745	0.00409	0.00241	0.00708	0.00837	0.00241	0.00241	0.00241	0.00451	0.00241	0.00241	0.00241	0.10247	0.21643	0.0	0.0	0.0	0.00641	0.01604	0.28383	0.00624	0.02837	0.03287	0.0	0.0	0.00922	0.14519	0.01092	0.16868	0.01235	0.00897	0.13142	0.03118	0.05544	0.03179	0.0	0.0649	0.12194	0.07961	0.03959	0.11627	0.05059	0.06081	0.0	0.13042	0.01698	0.15613	0.01157	0.00408	0.00823	0.00864	0.01009	0.00972	0.00752	0.0	0.00896	0.01239	
0.00023	0.0	0.0	0.0	0.00015	6e-05	0.00016	0.0	0.0	7e-05	0.00011	0.00021	8e-05	0.0001	8e-05	8e-05	0.00012	0.00083	0.0	0.0	0.0	0.0	0.0	0.0	0.0	0.0	0.0	0.0	0.0	0.0	0.00041	7e-05	3e-05	8e-05	0.0	9e-05	9e-05	0.00023	0.00012	0.00241	0.0	0.00241	0.00241	0.0	0.00049	0.0	0.00014	0.0	0.00089	0.0	0.00013	0.0	0.00013	0.0	0.0002	7e-05	0.0	0.00015	0.0014	0.0	0.0	0.0009	0.0	0.0	0.0014	0.00072	0.0	0.0	0.0	0.00019	0.0	0.0	0.0	0.00026	0.00058	0.0	0.0	0.0	0.00022	3e-05	0.00068	0.0002	2e-05	1e-05	0.0	0.0	0.00024	9e-05	2e-05	0.00019	4e-05	7e-05	9e-05	4e-05	0.00019	5e-05	0.0	9e-05	0.0001	8e-05	3e-05	6e-05	5e-05	5e-05	0.0	0.00036	9e-05	0.00028	0.0001	0.0	0.00015	9e-05	0.00042	5e-05	8e-05	0.0	5e-05	0.0003	
0.03095	0.00077	0.00049	0.00049	0.17395	0.01572	0.00727	0.0	0.00066	0.01111	0.01457	0.00449	0.01057	0.01032	0.024	0.01902	0.04201	0.01499	0.0	0.0	0.0	0.0	0.0	0.0	0.0	0.0	0.0	0.0	0.0	0.0	0.01743	0.11628	0.0419	0.01623	0.0	0.08381	0.03145	0.04627	0.00033	0.00882	0.00049	0.00882	0.00882	0.00049	0.0	0.00049	0.00838	0.0	0.22172	0.07646	0.00971	0.00049	0.0235	0.0	0.03136	0.07974	0.00049	0.00558	0.37383	0.00049	0.0	0.29447	0.0015	0.00049	0.37383	0.24806	0.00049	0.00049	0.00049	0.00458	0.00049	0.00049	0.00049	0.00845	0.01682	0.0	0.0	0.0	0.00879	0.02856	0.02872	0.00847	0.03027	0.01037	0.0	0.0	0.01467	0.02499	0.01846	0.01777	0.03247	0.01348	0.01388	0.05712	0.02721	0.04992	0.0	0.02036	0.01422	0.01571	0.03844	0.01242	0.02413	0.0921	0.0	0.05339	0.10236	0.02438	0.03285	0.07646	0.03868	0.03742	0.10008	0.01596	0.01057	0.0	0.01408	0.06091	
0.00023	0.0	0.0	0.0	0.00015	6e-05	0.00016	0.0	0.0	7e-05	0.00011	0.00021	8e-05	0.0001	8e-05	8e-05	0.00012	0.00083	0.0	0.0	0.0	0.0	0.0	0.0	0.0	0.0	0.0	0.0	0.0	0.0	0.00041	7e-05	3e-05	8e-05	0.0	9e-05	9e-05	0.00023	0.00012	0.00241	0.0	0.00241	0.00241	0.0	0.00049	0.0	0.00014	0.0	0.00089	0.0	0.00013	0.0	0.00013	0.0	0.0002	7e-05	0.0	0.00015	0.0014	0.0	0.0	0.0009	0.0	0.0	0.0014	0.00072	0.0	0.0	0.0	0.00019	0.0	0.0	0.0	0.00026	0.00058	0.0	0.0	0.0	0.00022	3e-05	0.00068	0.0002	2e-05	1e-05	0.0	0.0	0.00024	9e-05	2e-05	0.00019	4e-05	7e-05	9e-05	4e-05	0.00019	5e-05	0.0	9e-05	0.0001	8e-05	3e-05	6e-05	5e-05	5e-05	0.0	0.00036	9e-05	0.00028	0.0001	0.0	0.00015	9e-05	0.00042	5e-05	8e-05	0.0	5e-05	0.0003	
0.11538	0.00024	0.00014	0.00014	0.01728	0.00962	0.00467	0.0	0.0002	0.00711	0.29056	0.00311	0.0069	0.62714	0.01409	0.01124	0.02418	0.00939	0.0	0.0	0.0	0.0	0.0	0.0	0.0	0.0	0.0	0.0	0.0	0.0	0.01586	0.07984	0.02348	0.29971	0.0	0.03238	0.0908	0.03821	0.0349	0.00644	0.00014	0.00644	0.00644	0.00014	0.00838	0.00014	0.0	0.0	0.00719	0.0006	0.0064	0.00014	0.00756	0.0	0.01874	0.00877	0.00014	0.00383	0.00621	0.00014	0.0	0.0069	0.0	0.00014	0.00621	0.50411	0.00014	0.00014	0.00014	0.00317	0.00014	0.00014	0.00014	0.11072	0.01069	0.0	0.0	0.0	0.00574	0.01669	0.01328	0.00555	0.03368	0.03043	0.0	0.0	0.00909	0.10313	0.01107	0.01076	0.01243	0.0086	0.00872	0.03778	0.01608	0.0718	0.0	0.15549	0.00897	0.00954	0.01542	0.00776	0.01412	0.09143	0.0	0.03705	0.08267	0.01229	0.01105	0.0006	0.007	0.00752	0.00985	0.00971	0.0069	0.0	0.44099	0.0123	
0.0	0.0	0.0	0.0	0.0	0.0	0.0	0.0	0.0	0.0	0.0	0.0	0.0	0.0	0.0	0.0	0.0	0.0	0.0	0.0	0.0	0.0	0.0	0.0	0.0	0.0	0.0	0.0	0.0	0.0	0.0	0.0	0.0	0.0	0.0	0.0	0.0	0.0	0.0	0.0	0.0	0.0	0.0	0.0	0.0	0.0	0.0	0.0	0.0	0.0	0.0	0.0	0.0	0.0	0.0	0.0	0.0	0.0	0.0	0.0	0.0	0.0	0.0	0.0	0.0	0.0	0.0	0.0	0.0	0.0	0.0	0.0	0.0	0.0	0.0	0.0	0.0	0.0	0.0	0.0	0.0	0.0	0.0	0.0	0.0	0.0	0.0	0.0	0.0	0.0	0.0	0.0	0.0	0.0	0.0	0.0	0.0	0.0	0.0	0.0	0.0	0.0	0.0	0.0	0.0	0.0	0.0	0.0	0.0	0.0	0.0	0.0	0.0	0.0	0.0	0.0	0.0	0.0	
0.05841	0.00124	0.00089	0.00089	0.04625	0.01443	0.0067	0.0	0.0011	0.00917	0.01187	0.00416	0.00885	0.00853	0.01854	0.0281	0.00518	0.02102	0.0	0.0	0.0	0.0	0.0	0.0	0.0	0.0	0.0	0.0	0.0	0.0	0.00464	0.03914	0.01745	0.01273	0.0	0.02582	0.05082	0.03495	0.04598	0.00785	0.00089	0.00785	0.00785	0.00089	0.22172	0.00089	0.00719	0.0	0.0	0.236	0.00821	0.00089	0.01024	0.0	0.02441	0.01127	0.00089	0.00502	0.56415	0.00089	0.0	0.41596	0.00208	0.00089	0.56415	0.33644	0.00089	0.00089	0.00089	0.00423	0.00089	0.00089	0.00089	0.01468	0.01364	0.0	0.0	0.0	0.0074	0.02197	0.0172	0.00716	0.0336	0.01273	0.0	0.0	0.01177	0.01932	0.01448	0.01402	0.01609	0.01104	0.01163	0.04264	0.0212	0.01311	0.0	0.01607	0.01177	0.01261	0.02055	0.01029	0.01375	0.03588	0.0	0.04738	0.02381	0.02914	0.04808	0.236	0.06842	0.06435	0.15582	0.01265	0.00885	0.0	0.01133	0.24686	
0.00628	0.0	0.0	0.0	0.00474	0.00035	0.00048	0.0	0.0	0.00048	0.00073	0.00027	0.00045	0.00036	0.00023	0.00025	0.0015	0.00168	0.0	0.0	0.0	0.0	0.0	0.0	0.0	0.0	0.0	0.0	0.0	0.0	0.00118	0.00448	0.0009	0.0002	0.0	0.00079	0.00646	0.00034	0.00075	0.00408	0.0	0.00408	0.00408	0.0	0.07646	0.0	0.0006	0.0	0.236	0.0	0.00062	0.0	0.0007	0.0	0.00147	0.00053	0.0	0.00044	0.0	0.0	0.0	0.41092	0.0	0.0	0.0	0.21532	0.0	0.0	0.0	0.00046	0.0	0.0	0.0	0.00236	0.00179	0.0	0.0	0.0	0.00012	0.0006	0.00136	0.0002	0.0026	0.00126	0.0	0.0	5e-05	0.00075	0.00038	0.00098	0.0004	0.00024	0.00063	0.00102	0.00013	0.00154	0.0	0.00079	0.00067	0.00066	0.00053	0.00045	0.00069	5e-05	0.0	0.00036	9e-05	0.00028	0.0001	0.0	0.00015	9e-05	0.03419	0.00053	0.00045	0.0	0.00051	0.01514	
0.01914	0.00024	0.00013	0.00013	0.11807	0.01141	0.44395	0.0	0.00019	0.00829	0.36979	0.00346	0.00798	0.0077	0.01699	0.01349	0.02935	0.01104	0.0	0.0	0.0	0.0	0.0	0.0	0.0	0.0	0.0	0.0	0.0	0.0	0.01907	0.02229	0.02875	0.01162	0.0	0.03906	0.01766	0.03206	0.04228	0.00711	0.00013	0.00711	0.00711	0.00013	0.00971	0.00013	0.0064	0.0	0.00821	0.00062	0.0	0.00013	1.00104	0.0	0.10461	0.41097	0.00013	0.0043	0.00697	0.00013	0.0	0.00791	0.00063	0.00013	0.00697	0.00938	0.00013	0.00013	0.00013	0.00353	0.00013	0.00013	0.00013	0.04541	0.29214	0.0	0.0	0.0	0.00663	0.28312	0.01581	0.0064	0.04147	0.11716	0.0	0.0	0.01074	0.12829	0.21425	0.39337	0.01476	0.01005	0.01015	0.04647	0.01931	0.05034	0.0	0.19484	0.46116	0.48128	0.13574	0.00908	0.16924	0.02479	0.0	0.04595	0.0215	0.01477	0.29729	0.00062	1.00041	0.00871	0.01152	0.43337	0.00798	0.0	0.01024	0.01453	
0.00023	0.0	0.0	0.0	0.00015	6e-05	0.00016	0.0	0.0	7e-05	0.00011	0.00021	8e-05	0.0001	8e-05	8e-05	0.00012	0.00083	0.0	0.0	0.0	0.0	0.0	0.0	0.0	0.0	0.0	0.0	0.0	0.0	0.00041	7e-05	3e-05	8e-05	0.0	9e-05	9e-05	0.00023	0.00012	0.00241	0.0	0.00241	0.00241	0.0	0.00049	0.0	0.00014	0.0	0.00089	0.0	0.00013	0.0	0.00013	0.0	0.0002	7e-05	0.0	0.00015	0.0014	0.0	0.0	0.0009	0.0	0.0	0.0014	0.00072	0.0	0.0	0.0	0.00019	0.0	0.0	0.0	0.00026	0.00058	0.0	0.0	0.0	0.00022	3e-05	0.00068	0.0002	2e-05	1e-05	0.0	0.0	0.00024	9e-05	2e-05	0.00019	4e-05	7e-05	9e-05	4e-05	0.00019	5e-05	0.0	9e-05	0.0001	8e-05	3e-05	6e-05	5e-05	5e-05	0.0	0.00036	9e-05	0.00028	0.0001	0.0	0.00015	9e-05	0.00042	5e-05	8e-05	0.0	5e-05	0.0003	
0.02358	0.00026	0.00013	0.00013	0.14193	0.01329	0.4514	0.0	0.0002	0.00974	0.36752	0.0039	0.00933	0.00892	0.01976	0.01567	0.037	0.01344	0.0	0.0	0.0	0.0	0.0	0.0	0.0	0.0	0.0	0.0	0.0	0.0	0.02162	0.07564	0.03611	0.01335	0.0	0.06064	0.02078	0.03584	0.04494	0.00914	0.00013	0.00914	0.00914	0.00013	0.0235	0.00013	0.00756	0.0	0.01024	0.0007	1.00104	0.00013	0.0	0.0	0.10456	1.03001	0.00013	0.005	0.00882	0.00013	0.0	0.00981	0.0007	0.00013	0.00882	0.01155	0.00013	0.00013	0.00013	0.0041	0.00013	0.00013	0.00013	0.04681	0.29088	0.0	0.0	0.0	0.00736	0.2891	0.02744	0.00718	0.0505	0.12505	0.0	0.0	0.01192	0.12798	0.21322	0.39675	0.0187	0.01154	0.01209	0.04901	0.02062	0.0526	0.0	0.19369	0.45863	0.48333	0.19291	0.0107	0.16946	0.02597	0.0	0.05872	0.03075	0.01801	0.29511	0.0007	1.00181	0.01029	0.01412	0.43567	0.00933	0.0	0.01212	0.0178	
0.0	0.0	0.0	0.0	0.19923	0.43485	0.0	0.0	0.0	0.0	0.0	0.0	0.0	0.30587	0.0957	0.15655	0.35844	0.0	0.0	0.0	0.0	0.0	0.0	0.0	0.0	0.0	0.0	0.0	0.0	0.0	0.09974	0.1692	0.08373	0.16497	0.0	0.19427	0.20268	0.97487	0.02622	0.0	0.0	0.0	0.0	0.0	0.0	0.0	0.0	0.0	0.0	0.0	0.0	0.0	0.0	0.0	0.87959	0.0	0.0	0.0	0.0	0.0	0.0	0.0	0.0	0.0	0.0	0.0	0.0	0.0	0.0	0.0	0.0	0.0	0.0	0.28168	0.0	0.0	0.0	0.0	0.23352	0.17281	0.07771	0.23751	0.1228	0.1422	0.0	0.0	0.14859	0.0402	0.22844	0.1836	0.09207	0.03777	0.0	0.04433	0.3702	0.17531	0.0	0.0	0.0	0.0	0.37949	0.0	0.28588	0.12126	0.0	0.08469	0.23133	0.3516	0.0	0.0	0.0	0.0	0.0	0.0	0.0	0.0	0.0	0.0	
0.01863	0.0005	0.0002	0.0002	0.02825	0.01153	0.015	0.0	0.00037	0.1134	0.02243	0.00878	0.11811	0.02537	0.04359	0.00902	0.03013	0.0803	0.0	0.0	0.0	0.0	0.0	0.0	0.0	0.0	0.0	0.0	0.0	0.0	0.02856	0.06231	0.01517	0.04712	0.0	0.04715	0.0779	0.17587	0.00021	0.08029	0.0002	0.08029	0.08029	0.0002	0.03136	0.0002	0.01874	0.0	0.02441	0.00147	0.10461	0.0002	0.10456	0.87959	0.0	0.02802	0.0002	0.01145	0.01898	0.0002	0.0	0.0245	0.00148	0.0002	0.01898	0.03171	0.0002	0.0002	0.0002	0.00901	0.0002	0.0002	0.0002	0.00531	0.23088	0.0	0.0	0.0	0.05023	0.18846	0.05001	0.01971	0.06582	0.11396	0.0	0.0	0.01613	0.00998	0.10623	0.08092	0.00674	0.03372	0.11228	0.06954	0.07089	0.07828	0.0	0.04175	0.04805	0.25403	0.02576	0.16745	0.21242	0.00044	0.0	0.13387	0.03338	0.09372	0.22366	0.00147	0.10425	0.11754	0.02961	0.1426	0.11811	0.0	0.1088	0.00954	
0.02912	0.00016	7e-05	7e-05	0.19761	0.01708	0.07256	0.0	0.00012	0.01189	0.15632	0.00445	0.01123	0.01103	0.0266	0.02086	0.04694	0.01631	0.0	0.0	0.0	0.0	0.0	0.0	0.0	0.0	0.0	0.0	0.0	0.0	0.01407	0.06721	0.04711	0.01784	0.0	0.08565	0.02771	0.05189	0.00135	0.00912	7e-05	0.00912	0.00912	7e-05	0.07974	7e-05	0.00877	0.0	0.01127	0.00053	0.41097	7e-05	1.03001	0.0	0.02802	0.0	7e-05	0.00566	0.00922	7e-05	0.0	0.01102	0.00053	7e-05	0.00922	0.0135	7e-05	7e-05	7e-05	0.00455	7e-05	7e-05	7e-05	0.01133	0.12011	0.0	0.0	0.0	0.00929	0.18066	0.02337	0.00893	0.06927	0.08252	0.0	0.0	0.01596	0.05508	0.10243	0.22485	0.02493	0.01449	0.01441	0.02029	0.02991	0.02012	0.0	0.08444	0.19587	0.25779	0.25815	0.01307	0.08363	0.00531	0.0	0.05365	0.04839	0.0229	0.12103	0.00053	0.40933	0.01221	0.0167	0.24043	0.01123	0.0	0.01521	0.02158	
