0.0	0.09697	0.0496	0.069	0.04494	0.01941	0.03272	0.0499	0.05614	0.05975	0.04131	0.04738	0.02999	0.04451	0.03774	0.03479	0.0709	0.02319	0.03461	0.01197	0.05314	0.0	0.03395	0.03355	0.01265	0.04394	0.0222	0.04509	0.01929	0.03441	0.01892	0.00849	0.00737	0.0126	0.02182	0.0126	0.02487	0.08609	0.03665	0.04133	0.0	0.02871	0.0	0.01197	0.0	0.05028	0.05779	0.03087	0.0	0.02015	0.0	0.0	0.0495	0.04818	0.0384	0.1366	0.0	0.04785	0.01466	0.0	0.0	0.07119	0.04761	0.03157	0.0	0.0	0.0	0.0	0.01695	0.13862	0.0	0.01543	0.03794	0.04428	0.06579	0.01087	0.06793	0.07618	0.07694	0.02505	0.03147	0.04537	0.03137	0.10457	0.07412	0.02952	0.02971	0.06968	0.03697	0.06952	0.02898	0.03418	
0.09697	0.0	0.03085	0.12799	0.05185	0.10381	0.0689	0.05883	0.06133	0.02566	0.03387	0.04583	0.07135	0.08086	0.04385	0.06549	0.04581	0.03219	0.04619	0.05213	0.07513	0.0	0.05106	0.01373	0.02527	0.01446	0.01823	0.02865	0.02031	0.01362	0.01366	0.00622	0.01243	0.00919	0.05222	0.00919	0.02743	0.01681	0.02606	0.02771	0.0	0.01514	0.0	0.05213	0.0	0.02439	0.02795	0.013	0.0	0.01453	0.0	0.0	0.01393	0.01583	0.05899	0.07098	0.0	0.08467	0.02868	0.0	0.0	0.06938	0.0607	0.11606	0.0	0.0	0.0	0.0	0.0123	0.10697	0.0	0.01119	0.03639	0.02249	0.09201	0.02378	0.01698	0.0346	0.09956	0.0734	0.10518	0.03845	0.03528	0.10195	0.0273	0.08136	0.038	0.07885	0.04743	0.05969	0.02494	0.05106	
0.0496	0.03085	0.0	0.0426	0.03047	0.02756	0.07677	0.08116	0.0499	0.03143	0.15862	0.0675	0.04961	0.0381	0.05076	0.05495	0.05202	0.06675	0.01716	0.00934	0.02162	0.0	0.07176	0.01469	0.01947	0.0299	0.09873	0.06252	0.05671	0.03752	0.10921	0.00664	0.01416	0.00983	0.01689	0.00983	0.03027	0.03164	0.05307	0.01701	0.0	0.03854	0.0	0.00934	0.0	0.03707	0.06369	0.02805	0.0	0.09539	0.0	0.0	0.01496	0.03473	0.07248	0.01753	0.0	0.0579	0.03779	0.0	0.0	0.05934	0.0874	0.01718	0.0	0.0	0.0	0.0	0.01318	0.0738	0.0	0.03678	0.03787	0.0496	0.0542	0.0624	0.0561	0.03183	0.04541	0.02718	0.04435	0.0741	0.05827	0.04871	0.0292	0.03543	0.0541	0.08182	0.05753	0.05395	0.0864	0.04096	
0.069	0.12799	0.0426	0.0	0.02655	0.06862	0.04858	0.08961	0.10398	0.11266	0.06315	0.05177	0.03942	0.04106	0.04701	0.04454	0.03303	0.04492	0.01395	0.01372	0.05761	0.0	0.10685	0.00485	0.0195	0.04201	0.00717	0.00904	0.01995	0.02835	0.02754	0.05055	0.03541	0.01445	0.02511	0.01445	0.02046	0.04457	0.02764	0.04134	0.0	0.01973	0.0	0.01372	0.0	0.05131	0.09405	0.01401	0.0	0.03003	0.0	0.0	0.02925	0.02522	0.04621	0.02609	0.0	0.06416	0.04411	0.0	0.0	0.04263	0.06199	0.10028	0.0	0.0	0.0	0.0	0.00611	0.05541	0.0	0.0251	0.02665	0.02151	0.15452	0.02433	0.06408	0.01125	0.03803	0.0456	0.03275	0.06001	0.03589	0.07324	0.05829	0.04179	0.03265	0.05687	0.02079	0.03232	0.02703	0.03566	
0.04494	0.05185	0.03047	0.02655	0.0	0.06247	0.01428	0.03434	0.03447	0.02475	0.02682	0.05411	0.02514	0.04245	0.03656	0.03165	0.08023	0.02523	0.03156	0.01657	0.04798	0.0	0.06649	0.02653	0.03333	0.01129	0.02913	0.01076	0.02376	0.03238	0.05215	0.01835	0.02748	0.02767	0.03863	0.02767	0.03491	0.03854	0.05647	0.03234	0.0	0.00559	0.0	0.01657	0.0	0.04853	0.06556	0.02124	0.0	0.05588	0.0	0.0	0.03338	0.02075	0.05066	0.0606	0.0	0.04188	0.0444	0.0	0.0	0.06064	0.05891	0.02513	0.0	0.0	0.0	0.0	0.0264	0.06185	0.0	0.0319	0.03564	0.04437	0.06366	0.04091	0.03784	0.05773	0.02126	0.04259	0.03738	0.06433	0.02484	0.03877	0.05156	0.03308	0.02922	0.04728	0.04501	0.04858	0.03257	0.02648	
0.01941	0.10381	0.02756	0.06862	0.06247	0.0	0.09014	0.06988	0.00414	0.15433	0.07318	0.03659	0.04417	0.03744	0.05869	0.08878	0.04205	0.06488	0.0243	0.01291	0.05011	0.0	0.03583	0.02056	0.02488	0.0238	0.04854	0.01307	0.01173	0.03384	0.03219	0.00911	0.01841	0.03563	0.04319	0.03563	0.07244	0.04796	0.09017	0.04598	0.0	0.00426	0.0	0.01291	0.0	0.03961	0.06007	0.02197	0.0	0.02201	0.0	0.0	0.02107	0.02391	0.04796	0.02484	0.0	0.05396	0.01702	0.0	0.0	0.07026	0.07366	0.07649	0.0	0.0	0.0	0.0	0.01205	0.03338	0.0	0.01676	0.02409	0.03263	0.05499	0.017	0.0327	0.03472	0.04017	0.07633	0.04166	0.02193	0.03894	0.03167	0.06388	0.04359	0.05644	0.03778	0.06868	0.07004	0.02518	0.05376	
0.03272	0.0689	0.07677	0.04858	0.01428	0.09014	0.0	0.08084	0.05467	0.08649	0.06583	0.02384	0.05816	0.05021	0.03991	0.06183	0.06669	0.03724	0.04154	0.03329	0.03682	0.0	0.04951	0.02936	0.02734	0.00383	0.03606	0.0132	0.02253	0.0434	0.03367	0.01283	0.01289	0.01926	0.04669	0.01926	0.03414	0.05145	0.04534	0.03886	0.0	0.04668	0.0	0.03329	0.0	0.03556	0.07403	0.03339	0.0	0.03541	0.0	0.0	0.03688	0.02401	0.08714	0.03574	0.0	0.04056	0.02854	0.0	0.0	0.06099	0.06973	0.05325	0.0	0.0	0.0	0.0	0.01888	0.04884	0.0	0.03297	0.01322	0.01921	0.03865	0.06376	0.04639	0.05477	0.04868	0.04903	0.03481	0.03667	0.05081	0.13668	0.04175	0.05678	0.07808	0.03726	0.03276	0.02486	0.02361	0.02248	
0.0499	0.05883	0.08116	0.08961	0.03434	0.06988	0.08084	0.0	0.05712	0.04661	0.05135	0.03624	0.04078	0.04353	0.09864	0.10166	0.06836	0.03368	0.03456	0.01413	0.05573	0.0	0.084	0.02252	0.02924	0.00789	0.06425	0.01238	0.04272	0.04999	0.0422	0.02763	0.01988	0.01489	0.03585	0.01489	0.03845	0.03728	0.04431	0.04184	0.0	0.01963	0.0	0.01413	0.0	0.04027	0.1019	0.04435	0.0	0.05662	0.0	0.0	0.03308	0.02621	0.11602	0.03833	0.0	0.06031	0.02076	0.0	0.0	0.04164	0.084	0.06998	0.0	0.0	0.0	0.0	0.02014	0.05042	0.0	0.03938	0.02819	0.03627	0.0583	0.07152	0.10332	0.05346	0.05456	0.08094	0.07015	0.05268	0.06534	0.03276	0.05208	0.044	0.06821	0.05824	0.04433	0.03186	0.02123	0.04107	
0.05614	0.06133	0.0499	0.10398	0.03447	0.00414	0.05467	0.05712	0.0	0.11991	0.06739	0.05517	0.02858	0.04135	0.02423	0.05183	0.10634	0.03741	0.03783	0.0199	0.04911	0.0	0.06895	0.01294	0.04068	0.025	0.04298	0.02915	0.0442	0.03716	0.03265	0.02005	0.02552	0.02237	0.04008	0.02237	0.05486	0.06304	0.07229	0.04741	0.0	0.00478	0.0	0.0199	0.0	0.03125	0.05599	0.0312	0.0	0.04454	0.0	0.0	0.03294	0.03744	0.07775	0.03896	0.0	0.04226	0.0154	0.0	0.0	0.047	0.06314	0.03436	0.0	0.0	0.0	0.0	0.03049	0.0583	0.0	0.03538	0.01236	0.01971	0.06673	0.04777	0.07061	0.03802	0.05682	0.06974	0.03415	0.04176	0.01899	0.0749	0.03958	0.03436	0.03797	0.0807	0.10401	0.01635	0.03063	0.04041	
0.05975	0.02566	0.03143	0.11266	0.02475	0.15433	0.08649	0.04661	0.11991	0.0	0.07188	0.03889	0.02934	0.04466	0.06557	0.04497	0.06578	0.05228	0.03397	0.01928	0.02377	0.0	0.03049	0.0079	0.01707	0.01451	0.01489	0.01109	0.03494	0.05314	0.02835	0.01234	0.00678	0.01845	0.033	0.01845	0.07095	0.04696	0.09735	0.04405	0.0	0.03322	0.0	0.01928	0.0	0.05835	0.06731	0.01845	0.0	0.02996	0.0	0.0	0.03164	0.03599	0.06745	0.03421	0.0	0.07127	0.03022	0.0	0.0	0.04514	0.09819	0.07312	0.0	0.0	0.0	0.0	0.00672	0.04838	0.0	0.02324	0.04024	0.03637	0.05991	0.05702	0.03875	0.04949	0.06082	0.03753	0.03879	0.04501	0.01474	0.03487	0.05359	0.04449	0.04611	0.04461	0.03657	0.05691	0.02746	0.04869	
0.04131	0.03387	0.15862	0.06315	0.02682	0.07318	0.06583	0.05135	0.06739	0.07188	0.0	0.07174	0.05987	0.06104	0.04073	0.05747	0.02988	0.01794	0.04153	0.02421	0.04569	0.0	0.05604	0.02448	0.03312	0.02635	0.0097	0.02368	0.02735	0.03974	0.03497	0.02113	0.01329	0.02062	0.04586	0.02062	0.04195	0.04294	0.03593	0.04232	0.0	0.03581	0.0	0.02421	0.0	0.03692	0.08035	0.03086	0.0	0.03778	0.0	0.0	0.04033	0.05821	0.08819	0.05163	0.0	0.04476	0.0415	0.0	0.0	0.04909	0.08781	0.02144	0.0	0.0	0.0	0.0	0.01839	0.05257	0.0	0.03268	0.02593	0.07322	0.04627	0.03386	0.05461	0.04474	0.03837	0.06053	0.10608	0.05349	0.03303	0.08295	0.02449	0.05485	0.03354	0.05193	0.07106	0.06075	0.04688	0.05146	
0.04738	0.04583	0.0675	0.05177	0.05411	0.03659	0.02384	0.03624	0.05517	0.03889	0.07174	0.0	0.05777	0.05823	0.04701	0.07237	0.05596	0.02895	0.05075	0.01662	0.04759	0.0	0.05379	0.07301	0.02722	0.02009	0.01447	0.04188	0.04455	0.02665	0.04383	0.01556	0.00885	0.01752	0.0349	0.01752	0.03365	0.02664	0.04425	0.04281	0.0	0.00463	0.0	0.01662	0.0	0.05764	0.04301	0.05238	0.0	0.0454	0.0	0.0	0.0273	0.08674	0.03124	0.0614	0.0	0.04572	0.06692	0.0	0.0	0.05017	0.07108	0.03921	0.0	0.0	0.0	0.0	0.02534	0.04951	0.0	0.03111	0.02857	0.06295	0.03983	0.02389	0.05136	0.05112	0.07761	0.05511	0.11214	0.06986	0.03255	0.04477	0.05822	0.05267	0.02971	0.03394	0.03003	0.03961	0.0322	0.04624	
0.02999	0.07135	0.04961	0.03942	0.02514	0.04417	0.05816	0.04078	0.02858	0.02934	0.05987	0.05777	0.0	0.11643	0.07919	0.04133	0.06533	0.02805	0.02475	0.013	0.03738	0.0	0.05391	0.01371	0.04575	0.02612	0.02117	0.01383	0.02509	0.04723	0.02077	0.00918	0.01992	0.0137	0.05191	0.0137	0.04303	0.0469	0.03159	0.01995	0.0	0.02731	0.0	0.013	0.0	0.02232	0.07887	0.01455	0.0	0.03255	0.0	0.0	0.04762	0.05503	0.05619	0.0703	0.0	0.02261	0.04131	0.0	0.0	0.05209	0.06431	0.01797	0.0	0.0	0.0	0.0	0.01851	0.05239	0.0	0.04511	0.01355	0.03813	0.03347	0.05439	0.02132	0.06674	0.01465	0.04963	0.08332	0.05989	0.01864	0.10462	0.03842	0.06644	0.03272	0.03451	0.04668	0.07005	0.07028	0.07051	
0.04451	0.08086	0.0381	0.04106	0.04245	0.03744	0.05021	0.04353	0.04135	0.04466	0.06104	0.05823	0.11643	0.0	0.13669	0.0482	0.04653	0.02746	0.05569	0.03073	0.05206	0.0	0.04972	0.0113	0.04045	0.05408	0.01812	0.02347	0.04357	0.03861	0.03337	0.01671	0.02468	0.01774	0.06403	0.01774	0.03344	0.04435	0.04447	0.04167	0.0	0.00436	0.0	0.03073	0.0	0.02458	0.05293	0.00625	0.0	0.04141	0.0	0.0	0.03322	0.03146	0.04133	0.05395	0.0	0.02897	0.02655	0.0	0.0	0.05952	0.04543	0.00936	0.0	0.0	0.0	0.0	0.0197	0.06924	0.0	0.03862	0.03955	0.01502	0.04427	0.04266	0.04154	0.10026	0.03066	0.06539	0.04227	0.05343	0.02085	0.09943	0.06904	0.06044	0.03508	0.03697	0.04059	0.08588	0.0331	0.09687	
0.03774	0.04385	0.05076	0.04701	0.03656	0.05869	0.03991	0.09864	0.02423	0.06557	0.04073	0.04701	0.07919	0.13669	0.0	0.08563	0.10908	0.02678	0.04061	0.04086	0.0499	0.0	0.03067	0.01654	0.01644	0.01466	0.01327	0.03589	0.04904	0.04755	0.05091	0.00745	0.01503	0.01104	0.08316	0.01104	0.02864	0.0557	0.09462	0.03287	0.0	0.01142	0.0	0.04086	0.0	0.06062	0.06382	0.01419	0.0	0.05159	0.0	0.0	0.0478	0.01916	0.03474	0.01979	0.0	0.0275	0.0436	0.0	0.0	0.05507	0.06961	0.01748	0.0	0.0	0.0	0.0	0.01085	0.02947	0.0	0.01351	0.05215	0.0223	0.04567	0.04091	0.03107	0.05402	0.05576	0.06755	0.08565	0.07861	0.01954	0.08945	0.0641	0.04763	0.02874	0.12981	0.04511	0.08231	0.1102	0.0439	
0.03479	0.06549	0.05495	0.04454	0.03165	0.08878	0.06183	0.10166	0.05183	0.04497	0.05747	0.07237	0.04133	0.0482	0.08563	0.0	0.19083	0.07311	0.07509	0.00811	0.01839	1e-05	0.02737	0.01266	0.01503	0.03703	0.0201	0.10348	0.07489	0.01256	0.09799	0.00579	0.01153	0.06175	0.06796	0.06175	0.11046	0.098	0.01733	0.04015	1e-05	0.01894	0.0	0.00811	0.0	0.12513	0.09067	0.02381	0.0	0.13716	1e-05	1e-05	0.01285	0.0146	0.0783	0.01499	1e-05	0.17409	0.04121	0.0	0.0	0.07753	0.13069	0.04639	0.0	0.0	0.0	0.0	0.01138	0.04638	0.0	0.01035	0.03198	0.02158	0.07099	0.03567	0.05657	0.06488	0.04274	0.04912	0.05285	0.07446	0.03827	0.03795	0.08382	0.05003	0.06638	0.07423	0.04967	0.03238	0.05546	0.04345	
0.0709	0.04581	0.05202	0.03303	0.08023	0.04205	0.06669	0.06836	0.10634	0.06578	0.02988	0.05596	0.06533	0.04653	0.10908	0.19083	0.0	0.0347	0.01251	0.00701	0.03564	0.0	0.01858	0.01086	0.0128	0.02049	0.01541	0.13262	0.06236	0.01074	0.09538	0.00502	0.00989	0.00736	0.16247	0.00736	0.06651	0.06431	0.03348	0.03015	0.0	0.02784	0.0	0.00701	0.0	0.07969	0.06728	0.02722	0.0	0.09489	0.0	0.0	0.01098	0.01249	0.02854	0.09803	0.0	0.01739	0.02867	0.0	0.0	0.19659	0.09198	0.04339	0.0	0.0	0.0	0.0	0.00978	0.09583	0.0	0.00888	0.03626	0.01828	0.02786	0.04923	0.05223	0.08954	0.03936	0.05139	0.06011	0.10979	0.02981	0.09384	0.08961	0.03244	0.03409	0.1409	0.04937	0.06171	0.05445	0.0568	
0.02319	0.03219	0.06675	0.04492	0.02523	0.06488	0.03724	0.03368	0.03741	0.05228	0.01794	0.02895	0.02805	0.02746	0.02678	0.07311	0.0347	0.0	0.01238	0.00737	0.0151	2e-05	0.01774	0.01112	0.02424	0.02026	0.01836	0.01019	0.03773	0.01078	0.1186	0.00538	0.01112	0.1144	0.01227	0.1144	0.11331	0.02295	0.0207	0.00964	2e-05	0.05169	0.0	0.00737	0.0	0.02178	0.02423	0.01962	0.0	0.05163	2e-05	2e-05	0.01099	0.01265	0.02736	0.01264	2e-05	0.09404	0.04538	0.0	0.0	0.02629	0.04379	0.01967	0.0	0.0	0.0	0.0	0.03514	0.0243	0.0	0.00905	0.02764	0.01739	0.04086	0.03279	0.04003	0.02045	0.03987	0.02315	0.03285	0.03537	0.01471	0.0396	0.04926	0.07337	0.07958	0.04381	0.03912	0.05753	0.03522	0.06901	
0.03461	0.04619	0.01716	0.01395	0.03156	0.0243	0.04154	0.03456	0.03783	0.03397	0.04153	0.05075	0.02475	0.05569	0.04061	0.07509	0.01251	0.01238	0.0	0.00372	0.00661	4e-05	0.00751	0.00529	0.00574	0.11816	0.00694	0.09391	0.0373	0.005	0.00503	0.00282	0.0049	0.00387	0.00555	0.00387	0.0083	0.03486	0.03824	0.01192	4e-05	0.01397	0.0	0.00372	0.0	0.08218	0.04004	0.00851	0.0	0.00527	4e-05	4e-05	0.00509	0.0059	0.10305	0.0057	4e-05	0.00717	0.01166	0.0	0.0	0.02522	0.009	0.00844	0.0	0.0	0.0	0.0	0.00487	0.00753	0.0	0.16667	0.09562	0.01298	0.01025	0.0355	0.04006	0.04734	0.03042	0.03052	0.08239	0.01612	0.01676	0.0142	0.06375	0.07816	0.01538	0.01552	0.05721	0.04206	0.02298	0.03899	
0.01197	0.05213	0.00934	0.01372	0.01657	0.01291	0.03329	0.01413	0.0199	0.01928	0.02421	0.01662	0.013	0.03073	0.04086	0.00811	0.00701	0.00737	0.00372	0.0	0.00424	0.00013	0.00469	0.0037	0.00379	0.0056	0.00463	0.01041	0.02326	0.00339	0.00341	0.00222	0.00349	0.00288	0.00368	0.00288	0.00513	0.01318	0.08414	0.00692	0.00013	0.00833	0.0	0.9997	0.0	0.03051	0.01643	0.00544	0.0	0.00356	0.00013	0.00013	0.00344	0.00404	0.16258	0.00376	0.00013	0.00453	0.00678	0.0	0.0	0.00643	0.00533	0.00541	0.0	0.0	0.0	0.0	0.00346	0.00471	0.0	0.00302	0.00715	0.00755	0.00611	0.00758	0.02502	0.01703	0.12927	0.08249	0.09136	0.06743	0.05592	0.08709	0.05257	0.19167	0.10498	0.0085	0.00769	0.0103	0.0123	0.04581	
0.05314	0.07513	0.02162	0.05761	0.04798	0.05011	0.03682	0.05573	0.04911	0.02377	0.04569	0.04759	0.03738	0.05206	0.0499	0.01839	0.03564	0.0151	0.00661	0.00424	0.0	3e-05	0.17156	0.00613	0.00676	0.05491	0.00816	0.05442	0.02057	0.00585	0.00588	0.00317	0.00566	0.00442	0.00653	0.00442	0.00998	0.03013	0.04854	0.09821	3e-05	0.01702	0.0	0.00424	0.0	0.07046	0.01639	0.01013	0.0	0.00617	3e-05	3e-05	0.16114	0.00688	0.01224	0.00671	3e-05	0.00857	0.01433	0.0	0.0	0.03421	0.01098	0.13897	0.0	0.0	0.0	0.0	0.00562	0.00902	0.0	0.00501	0.0148	0.01595	0.01248	0.02426	0.05765	0.04212	0.0175	0.06817	0.064	0.02022	0.02074	0.07292	0.04892	0.12535	0.0179	0.0195	0.01739	0.02418	0.02917	0.02252	
0.0	0.0	0.0	0.0	0.0	0.0	0.0	0.0	0.0	0.0	0.0	0.0	0.0	0.0	0.0	1e-05	0.0	2e-05	4e-05	0.00013	3e-05	0.0	4e-05	9e-05	4e-05	5e-05	7e-05	1e-05	1e-05	5e-05	5e-05	0.00017	0.0001	0.00012	5e-05	0.00012	3e-05	0.0	0.0	1e-05	0.0	3e-05	0.0	0.00013	0.0	0.0	1e-05	5e-05	0.0	0.0001	0.0	0.0	5e-05	8e-05	1e-05	4e-05	0.0	4e-05	2e-05	0.0	0.0	1e-05	3e-05	5e-05	0.0	0.0	0.0	0.0	0.0001	3e-05	0.0	6e-05	2e-05	2e-05	2e-05	1e-05	0.0	0.0	0.0	0.0	0.0	0.0	1e-05	0.0	0.0	1e-05	0.0	0.0	0.0	0.0	0.0	0.0	
0.03395	0.05106	0.07176	0.10685	0.06649	0.03583	0.04951	0.084	0.06895	0.03049	0.05604	0.05379	0.05391	0.04972	0.03067	0.02737	0.01858	0.01774	0.00751	0.00469	0.17156	4e-05	0.0	0.00687	0.08607	0.01981	0.01886	0.1206	0.05428	0.00661	0.00663	0.00348	0.07887	0.0049	0.00741	0.0049	0.01156	0.03621	0.05894	0.0173	4e-05	0.01992	0.0	0.00469	0.0	0.05861	0.17318	0.0116	0.0	0.14397	4e-05	4e-05	0.00673	0.00775	0.09503	0.00763	4e-05	0.06624	0.01687	0.0	0.0	0.0159	0.0547	0.07178	0.0	0.0	0.0	0.0	0.00628	0.0104	0.0	0.15639	0.01734	0.01919	0.05455	0.01943	0.05017	0.02873	0.02884	0.02419	0.06157	0.02425	0.0957	0.04191	0.09264	0.0578	0.02235	0.02344	0.08484	0.02926	0.03308	0.02714	
0.03355	0.01373	0.01469	0.00485	0.02653	0.02056	0.02936	0.02252	0.01294	0.0079	0.02448	0.07301	0.01371	0.0113	0.01654	0.01266	0.01086	0.01112	0.00529	0.0037	0.00613	9e-05	0.00687	0.0	0.0054	0.00812	0.00657	0.01605	0.02835	0.00476	0.00478	0.00287	0.00479	0.00384	0.00522	0.00384	0.00757	0.00644	0.00296	0.01738	9e-05	0.01253	0.0	0.0037	0.0	0.00391	0.00398	0.3327	0.0	0.005	9e-05	9e-05	0.00483	0.16941	0.00883	0.26612	9e-05	0.0066	0.04397	0.0	0.0	0.00977	0.01926	0.00782	0.0	0.0	0.0	0.0	0.00473	0.00689	0.0	0.00417	0.01079	0.14224	0.00917	0.0158	0.04029	0.00468	0.01637	0.01006	0.02192	0.02186	0.00584	0.0123	0.01581	0.00953	0.0133	0.01332	0.01199	0.03088	0.01952	0.02516	
0.01265	0.02527	0.01947	0.0195	0.03333	0.02488	0.02734	0.02924	0.04068	0.01707	0.03312	0.02722	0.04575	0.04045	0.01644	0.01503	0.0128	0.02424	0.00574	0.00379	0.00676	4e-05	0.08607	0.0054	0.0	0.00895	0.00709	0.01408	0.03369	0.00511	0.00513	0.00288	0.00501	0.00395	0.00567	0.00395	0.00848	0.00967	0.01414	0.12578	4e-05	0.01429	0.0	0.00379	0.0	0.05509	0.05812	0.0087	0.0	0.00538	4e-05	4e-05	0.00519	0.00602	0.10512	0.00582	4e-05	0.00733	0.01193	0.0	0.0	0.01126	0.0092	0.00862	0.0	0.0	0.0	0.0	0.00497	0.00769	0.0	0.20726	0.01239	0.01825	0.01048	0.01357	0.01883	0.0129	0.01952	0.02248	0.01671	0.0165	0.09939	0.01454	0.03908	0.01111	0.01745	0.01589	0.02948	0.01957	0.01615	0.0183	
0.04394	0.01446	0.0299	0.04201	0.01129	0.0238	0.00383	0.00789	0.025	0.01451	0.02635	0.02009	0.02612	0.05408	0.01466	0.03703	0.02049	0.02026	0.11816	0.0056	0.05491	5e-05	0.01981	0.00812	0.00895	0.0	0.01052	0.00189	0.05675	0.00775	0.0078	0.00419	0.0075	0.00584	0.00867	0.00584	0.01329	0.00855	0.01579	0.01339	5e-05	0.00108	0.0	0.0056	0.0	0.05146	0.01555	0.01346	0.0	0.05029	5e-05	5e-05	0.00788	0.07046	0.0163	0.0089	5e-05	0.0172	0.01783	0.0	0.0	0.01264	0.01865	0.01334	0.0	0.0	0.0	0.0	0.00743	0.05265	0.0	0.00663	0.01038	0.02132	0.01728	0.03744	0.00361	0.01666	0.0206	0.03755	0.03189	0.02718	0.00287	0.05323	0.02196	0.02375	0.0087	0.02622	0.06801	0.0179	0.00569	0.01901	
0.0222	0.01823	0.09873	0.00717	0.02913	0.04854	0.03606	0.06425	0.04298	0.01489	0.0097	0.01447	0.02117	0.01812	0.01327	0.0201	0.01541	0.01836	0.00694	0.00463	0.00816	7e-05	0.01886	0.00657	0.00709	0.01052	0.0	0.02192	0.04125	0.00619	0.00625	0.00352	0.00611	0.00482	0.00689	0.00482	0.01529	0.0028	0.06173	0.01761	7e-05	0.01011	0.0	0.00463	0.0	0.00484	0.05513	0.01054	0.0	0.05731	7e-05	7e-05	0.00629	0.00732	0.01226	0.00705	7e-05	0.01625	0.02195	0.0	0.0	0.01358	0.01609	0.01045	0.0	0.0	0.0	0.0	0.00604	0.00929	0.0	0.00536	0.01493	0.05361	0.01402	0.01634	0.01778	0.04605	0.02357	0.00705	0.02012	0.0199	0.02071	0.01755	0.0229	0.01334	0.05819	0.06748	0.0328	0.04661	0.00796	0.01687	
0.04509	0.02865	0.06252	0.00904	0.01076	0.01307	0.0132	0.01238	0.02915	0.01109	0.02368	0.04188	0.01383	0.02347	0.03589	0.10348	0.13262	0.01019	0.09391	0.01041	0.05442	1e-05	0.1206	0.01605	0.01408	0.00189	0.02192	0.0	0.05236	0.04058	0.01586	0.00749	0.07061	0.05351	0.01808	0.05351	0.05116	0.05895	0.05284	0.01402	1e-05	0.01586	0.0	0.01041	0.0	0.02272	0.07394	0.02952	0.0	0.0346	1e-05	1e-05	0.01613	0.01842	0.03453	0.01871	1e-05	0.06034	0.01291	0.0	0.0	0.09771	0.05938	0.03912	0.0	0.0	0.0	0.0	0.01447	0.02701	0.0	0.06498	0.06253	0.00964	0.01212	0.00651	0.03478	0.05963	0.0118	0.02538	0.03892	0.02076	0.03218	0.01155	0.0624	0.0108	0.02266	0.07609	0.02287	0.04803	0.0266	0.04229	
0.01929	0.02031	0.05671	0.01995	0.02376	0.01173	0.02253	0.04272	0.0442	0.03494	0.02735	0.04455	0.02509	0.04357	0.04904	0.07489	0.06236	0.03773	0.0373	0.02326	0.02057	1e-05	0.05428	0.02835	0.03369	0.05675	0.04125	0.05236	0.0	0.03629	0.15062	0.01654	0.03207	0.02448	0.03588	0.02448	0.05768	0.04316	0.04454	0.02474	1e-05	0.00434	0.0	0.02326	0.0	0.07807	0.03898	0.00604	0.0	0.15101	1e-05	1e-05	0.03712	0.03277	0.04268	0.03359	1e-05	0.01912	0.05169	0.0	0.0	0.07298	0.06836	0.00594	0.0	0.0	0.0	0.0	0.00173	0.04971	0.0	0.02539	0.02376	0.01709	0.01852	0.00947	0.05013	0.06906	0.02377	0.01926	0.01501	0.17238	0.04283	0.02215	0.04153	0.02677	0.03373	0.0715	0.04992	0.01335	0.05975	0.04131	
0.03441	0.01362	0.03752	0.02835	0.03238	0.03384	0.0434	0.04999	0.03716	0.05314	0.03974	0.02665	0.04723	0.03861	0.04755	0.01256	0.01074	0.01078	0.005	0.00339	0.00585	5e-05	0.00661	0.00476	0.00511	0.00775	0.00619	0.04058	0.03629	0.0	0.0045	0.0026	0.00443	0.00353	0.00494	0.00353	0.00728	0.03424	0.0269	0.01032	5e-05	0.07969	0.0	0.00339	0.0	0.01868	0.02957	0.00753	0.0	0.00471	5e-05	5e-05	0.38258	0.00529	0.0737	0.00507	5e-05	0.00633	0.1888	0.0	0.0	0.00954	0.00782	0.00747	0.0	0.0	0.0	0.0	0.0044	0.00663	0.0	0.00389	0.01053	0.07209	0.00893	0.01144	0.03607	0.02838	0.03316	0.02988	0.01394	0.06421	0.01445	0.01218	0.01576	0.00937	0.01318	0.05336	0.06709	0.01625	0.03486	0.08703	
0.01892	0.01366	0.10921	0.02754	0.05215	0.03219	0.03367	0.0422	0.03265	0.02835	0.03497	0.04383	0.02077	0.03337	0.05091	0.09799	0.09538	0.1186	0.00503	0.00341	0.00588	5e-05	0.00663	0.00478	0.00513	0.0078	0.00625	0.01586	0.15062	0.0045	0.0	0.00261	0.06029	0.00355	0.00497	0.00355	0.00733	0.03578	0.02823	0.05346	5e-05	0.01223	0.0	0.00341	0.0	0.10555	0.03013	0.00756	0.0	0.41268	5e-05	5e-05	0.00457	0.00531	0.00867	0.00509	5e-05	0.00635	0.01013	0.0	0.0	0.09602	0.00787	0.0075	0.0	0.0	0.0	0.0	0.00442	0.00665	0.0	0.00391	0.01056	0.01128	0.00896	0.01148	0.03448	0.02772	0.01632	0.01874	0.01398	0.16306	0.08796	0.01222	0.05684	0.0094	0.01322	0.07146	0.01193	0.0163	0.04913	0.01528	
0.00849	0.00622	0.00664	0.05055	0.01835	0.00911	0.01283	0.02763	0.02005	0.01234	0.02113	0.01556	0.00918	0.01671	0.00745	0.00579	0.00502	0.00538	0.00282	0.00222	0.00317	0.00017	0.00348	0.00287	0.00288	0.00419	0.00352	0.00749	0.01654	0.0026	0.00261	0.0	0.00273	0.00229	0.00279	0.00229	0.00379	0.02097	0.01213	0.00501	0.00017	0.0061	0.0	0.00222	0.0	0.02152	0.01166	0.00408	0.0	0.00272	0.00017	0.00017	0.00262	0.0031	0.00421	0.00285	0.00017	0.00337	0.00492	0.0	0.0	0.00466	0.00389	0.00405	0.0	0.0	0.0	0.0	0.0027	0.0035	0.0	0.00234	0.06676	0.00548	0.08502	0.00547	0.012	0.01205	0.04997	0.04441	0.00637	0.00634	0.00689	0.00567	0.00713	0.00449	0.00611	0.00605	0.00549	0.02988	0.02113	0.00692	
0.00737	0.01243	0.01416	0.03541	0.02748	0.01841	0.01289	0.01988	0.02552	0.00678	0.01329	0.00885	0.01992	0.02468	0.01503	0.01153	0.00989	0.01112	0.0049	0.00349	0.00566	0.0001	0.07887	0.00479	0.00501	0.0075	0.00611	0.07061	0.03207	0.00443	0.06029	0.00273	0.0	0.00362	0.00488	0.00362	0.00697	0.01884	0.02999	0.01035	0.0001	0.01148	0.0	0.00349	0.0	0.00556	0.00263	0.0073	0.0	0.0047	0.0001	0.0001	0.00449	0.00527	0.00805	0.00497	0.0001	0.00612	0.00942	0.0	0.0	0.02987	0.07066	0.00725	0.0	0.0	0.0	0.0	0.00443	0.00636	0.0	0.0039	0.00988	0.01789	0.03285	0.0106	0.02486	0.02847	0.01488	0.01705	0.02283	0.01697	0.0124	0.01118	0.03215	0.00867	0.01211	0.01211	0.0246	0.02219	0.02881	0.01391	
0.0126	0.00919	0.00983	0.01445	0.02767	0.03563	0.01926	0.01489	0.02237	0.01845	0.02062	0.01752	0.0137	0.01774	0.01104	0.06175	0.00736	0.1144	0.00387	0.00288	0.00442	0.00012	0.0049	0.00384	0.00395	0.00584	0.00482	0.05351	0.02448	0.00353	0.00355	0.00229	0.00362	0.0	0.00383	0.99971	0.34872	0.01386	0.02167	0.00726	0.00012	0.00873	0.0	0.00288	0.0	0.01257	0.02269	0.00568	0.0	0.0037	0.00012	0.00012	0.00357	0.0042	0.00609	0.00391	0.00012	0.26849	0.15193	0.0	0.0	0.00674	0.00558	0.00564	0.0	0.0	0.0	0.0	0.00359	0.00492	0.0	0.00314	0.00749	0.00792	0.0064	0.00796	0.01794	0.01794	0.03926	0.03139	0.05111	0.07131	0.0589	0.00832	0.01056	0.00653	0.00899	0.00894	0.00808	0.01084	0.04527	0.0527	
0.02182	0.05222	0.01689	0.02511	0.03863	0.04319	0.04669	0.03585	0.04008	0.033	0.04586	0.0349	0.05191	0.06403	0.08316	0.06796	0.16247	0.01227	0.00555	0.00368	0.00653	5e-05	0.00741	0.00522	0.00567	0.00867	0.00689	0.01808	0.03588	0.00494	0.00497	0.00279	0.00488	0.00383	0.0	0.00383	0.00821	0.0236	0.09527	0.08127	5e-05	0.05057	0.0	0.00368	0.0	0.03767	0.02982	0.15323	0.0	0.00521	5e-05	5e-05	0.00502	0.00583	0.00982	0.00563	5e-05	0.00708	0.08248	0.0	0.0	0.04529	0.00889	0.00833	0.0	0.0	0.0	0.0	0.00481	0.00743	0.0	0.00427	0.01194	0.0712	0.0101	0.07244	0.04777	0.0323	0.04238	0.0216	0.01607	0.01587	0.0165	0.07946	0.05654	0.01069	0.05233	0.13812	0.07724	0.05762	0.05687	0.04985	
0.0126	0.00919	0.00983	0.01445	0.02767	0.03563	0.01926	0.01489	0.02237	0.01845	0.02062	0.01752	0.0137	0.01774	0.01104	0.06175	0.00736	0.1144	0.00387	0.00288	0.00442	0.00012	0.0049	0.00384	0.00395	0.00584	0.00482	0.05351	0.02448	0.00353	0.00355	0.00229	0.00362	0.99971	0.00383	0.0	0.34872	0.01386	0.02167	0.00726	0.00012	0.00873	0.0	0.00288	0.0	0.01257	0.02269	0.00568	0.0	0.0037	0.00012	0.00012	0.00357	0.0042	0.00609	0.00391	0.00012	0.26849	0.15193	0.0	0.0	0.00674	0.00558	0.00564	0.0	0.0	0.0	0.0	0.00359	0.00492	0.0	0.00314	0.00749	0.00792	0.0064	0.00796	0.01794	0.01794	0.03926	0.03139	0.05111	0.07131	0.0589	0.00832	0.01056	0.00653	0.00899	0.00894	0.00808	0.01084	0.04527	0.0527	
0.02487	0.02743	0.03027	0.02046	0.03491	0.07244	0.03414	0.03845	0.05486	0.07095	0.04195	0.03365	0.04303	0.03344	0.02864	0.11046	0.06651	0.11331	0.0083	0.00513	0.00998	3e-05	0.01156	0.00757	0.00848	0.01329	0.01529	0.05116	0.05768	0.00728	0.00733	0.00379	0.00697	0.34872	0.00821	0.34872	0.0	0.12955	0.0551	0.02336	3e-05	0.02171	0.0	0.00513	0.0	0.03802	0.12462	0.01289	0.0	0.00774	3e-05	3e-05	0.00742	0.00855	0.01614	0.00844	3e-05	0.16723	0.12224	0.0	0.0	0.01785	0.12492	0.06189	0.0	0.0	0.0	0.0	0.0069	0.01156	0.0	0.00618	0.01945	0.02064	0.01632	0.04156	0.07873	0.15125	0.04367	0.09055	0.07425	0.07495	0.05759	0.02397	0.06998	0.01782	0.03289	0.02665	0.02358	0.03266	0.06834	0.07533	
0.08609	0.01681	0.03164	0.04457	0.03854	0.04796	0.05145	0.03728	0.06304	0.04696	0.04294	0.02664	0.0469	0.04435	0.0557	0.098	0.06431	0.02295	0.03486	0.01318	0.03013	0.0	0.03621	0.00644	0.00967	0.00855	0.0028	0.05895	0.04316	0.03424	0.03578	0.02097	0.01884	0.01386	0.0236	0.01386	0.12955	0.0	0.20592	0.03747	0.0	0.0119	0.0	0.01318	0.0	0.0395	0.12534	0.00434	0.0	0.0368	0.0	0.0	0.03462	0.05469	0.03123	0.03755	0.0	0.04768	0.00821	0.0	0.0	0.0301	0.13412	0.07722	0.0	0.0	0.0	0.0	0.01855	0.06432	0.0	0.01684	0.02908	0.03374	0.03454	0.00761	0.05063	0.07641	0.03644	0.0732	0.06319	0.05584	0.04047	0.02778	0.05163	0.03882	0.02912	0.03431	0.02943	0.03174	0.05316	0.03192	
0.03665	0.02606	0.05307	0.02764	0.05647	0.09017	0.04534	0.04431	0.07229	0.09735	0.03593	0.04425	0.03159	0.04447	0.09462	0.01733	0.03348	0.0207	0.03824	0.08414	0.04854	0.0	0.05894	0.00296	0.01414	0.01579	0.06173	0.05284	0.04454	0.0269	0.02823	0.01213	0.02999	0.02167	0.09527	0.02167	0.0551	0.20592	0.0	0.07313	0.0	0.0112	0.0	0.08414	0.0	0.07768	0.05543	0.0306	0.0	0.0302	0.0	0.0	0.02911	0.03133	0.07356	0.03457	0.0	0.04839	0.04595	0.0	0.0	0.04688	0.0419	0.00897	0.0	0.0	0.0	0.0	0.02921	0.04904	0.0	0.02653	0.03516	0.02037	0.02175	0.02309	0.08027	0.04243	0.08158	0.05927	0.04748	0.03841	0.02128	0.04268	0.12423	0.06517	0.11033	0.06946	0.04494	0.06941	0.02393	0.10023	
0.04133	0.02771	0.01701	0.04134	0.03234	0.04598	0.03886	0.04184	0.04741	0.04405	0.04232	0.04281	0.01995	0.04167	0.03287	0.04015	0.03015	0.00964	0.01192	0.00692	0.09821	1e-05	0.0173	0.01738	0.12578	0.01339	0.01761	0.01402	0.02474	0.01032	0.05346	0.00501	0.01035	0.00726	0.08127	0.00726	0.02336	0.03747	0.07313	0.0	1e-05	0.03492	0.0	0.00692	0.0	0.07467	0.04719	0.05422	0.0	0.011	1e-05	1e-05	0.14993	0.03098	0.02559	0.01216	1e-05	0.01628	0.0415	0.0	0.0	0.02695	0.05063	0.01996	0.0	0.0	0.0	0.0	0.00954	0.02876	0.0	0.00861	0.0091	0.03364	0.02536	0.1381	0.0744	0.04146	0.02704	0.0309	0.05813	0.01487	0.03223	0.01776	0.04252	0.07237	0.13713	0.03158	0.022	0.0358	0.03375	0.015	
0.0	0.0	0.0	0.0	0.0	0.0	0.0	0.0	0.0	0.0	0.0	0.0	0.0	0.0	0.0	1e-05	0.0	2e-05	4e-05	0.00013	3e-05	0.0	4e-05	9e-05	4e-05	5e-05	7e-05	1e-05	1e-05	5e-05	5e-05	0.00017	0.0001	0.00012	5e-05	0.00012	3e-05	0.0	0.0	1e-05	0.0	3e-05	0.0	0.00013	0.0	0.0	1e-05	5e-05	0.0	0.0001	0.0	0.0	5e-05	8e-05	1e-05	4e-05	0.0	4e-05	2e-05	0.0	0.0	1e-05	3e-05	5e-05	0.0	0.0	0.0	0.0	0.0001	3e-05	0.0	6e-05	2e-05	2e-05	2e-05	1e-05	0.0	0.0	0.0	0.0	0.0	0.0	1e-05	0.0	0.0	1e-05	0.0	0.0	0.0	0.0	0.0	0.0	
0.02871	0.01514	0.03854	0.01973	0.00559	0.00426	0.04668	0.01963	0.00478	0.03322	0.03581	0.00463	0.02731	0.00436	0.01142	0.01894	0.02784	0.05169	0.01397	0.00833	0.01702	3e-05	0.01992	0.01253	0.01429	0.00108	0.01011	0.01586	0.00434	0.07969	0.01223	0.0061	0.01148	0.00873	0.05057	0.00873	0.02171	0.0119	0.0112	0.03492	3e-05	0.0	0.0	0.00833	0.0	0.01254	0.00959	0.02203	0.0	0.01293	3e-05	3e-05	0.07944	0.01425	0.01253	0.088	3e-05	0.01881	0.03452	0.0	0.0	0.01015	0.0301	0.02181	0.0	0.0	0.0	0.0	0.0254	0.08365	0.0	0.01023	0.00346	0.05339	0.00636	0.0396	0.00785	0.05448	0.0151	0.01839	0.02381	0.00539	0.05057	0.08271	0.02587	0.03207	0.05147	0.03878	0.02781	0.01606	0.01238	0.04137	
0.0	0.0	0.0	0.0	0.0	0.0	0.0	0.0	0.0	0.0	0.0	0.0	0.0	0.0	0.0	0.0	0.0	0.0	0.0	0.0	0.0	0.0	0.0	0.0	0.0	0.0	0.0	0.0	0.0	0.0	0.0	0.0	0.0	0.0	0.0	0.0	0.0	0.0	0.0	0.0	0.0	0.0	0.0	0.0	0.0	0.0	0.0	0.0	0.0	0.0	0.0	0.0	0.0	0.0	0.0	0.0	0.0	0.0	0.0	0.0	0.0	0.0	0.0	0.0	0.0	0.0	0.0	0.0	0.0	0.0	0.0	0.0	0.0	0.0	0.0	0.0	0.0	0.0	0.0	0.0	0.0	0.0	0.0	0.0	0.0	0.0	0.0	0.0	0.0	0.0	0.0	0.0	
0.01197	0.05213	0.00934	0.01372	0.01657	0.01291	0.03329	0.01413	0.0199	0.01928	0.02421	0.01662	0.013	0.03073	0.04086	0.00811	0.00701	0.00737	0.00372	0.9997	0.00424	0.00013	0.00469	0.0037	0.00379	0.0056	0.00463	0.01041	0.02326	0.00339	0.00341	0.00222	0.00349	0.00288	0.00368	0.00288	0.00513	0.01318	0.08414	0.00692	0.00013	0.00833	0.0	0.0	0.0	0.03051	0.01643	0.00544	0.0	0.00356	0.00013	0.00013	0.00344	0.00404	0.16258	0.00376	0.00013	0.00453	0.00678	0.0	0.0	0.00643	0.00533	0.00541	0.0	0.0	0.0	0.0	0.00346	0.00471	0.0	0.00302	0.00715	0.00755	0.00611	0.00758	0.02502	0.01703	0.12927	0.08249	0.09136	0.06743	0.05592	0.08709	0.05257	0.19167	0.10498	0.0085	0.00769	0.0103	0.0123	0.04581	
0.0	0.0	0.0	0.0	0.0	0.0	0.0	0.0	0.0	0.0	0.0	0.0	0.0	0.0	0.0	0.0	0.0	0.0	0.0	0.0	0.0	0.0	0.0	0.0	0.0	0.0	0.0	0.0	0.0	0.0	0.0	0.0	0.0	0.0	0.0	0.0	0.0	0.0	0.0	0.0	0.0	0.0	0.0	0.0	0.0	0.0	0.0	0.0	0.0	0.0	0.0	0.0	0.0	0.0	0.0	0.0	0.0	0.0	0.0	0.0	0.0	0.0	0.0	0.0	0.0	0.0	0.0	0.0	0.0	0.0	0.0	0.0	0.0	0.0	0.0	0.0	0.0	0.0	0.0	0.0	0.0	0.0	0.0	0.0	0.0	0.0	0.0	0.0	0.0	0.0	0.0	0.0	
0.05028	0.02439	0.03707	0.05131	0.04853	0.03961	0.03556	0.04027	0.03125	0.05835	0.03692	0.05764	0.02232	0.02458	0.06062	0.12513	0.07969	0.02178	0.08218	0.03051	0.07046	0.0	0.05861	0.00391	0.05509	0.05146	0.00484	0.02272	0.07807	0.01868	0.10555	0.02152	0.00556	0.01257	0.03767	0.01257	0.03802	0.0395	0.07768	0.07467	0.0	0.01254	0.0	0.03051	0.0	0.0	0.10958	0.01155	0.0	0.09361	0.0	0.0	0.0191	0.02172	0.04329	0.03977	0.0	0.03098	0.03014	0.0	0.0	0.10632	0.04613	0.00612	0.0	0.0	0.0	0.0	0.01685	0.04846	0.0	0.01532	0.03729	0.01829	0.03014	0.01285	0.03695	0.01532	0.06694	0.05633	0.05757	0.06601	0.02307	0.03723	0.06458	0.08162	0.02871	0.03617	0.04423	0.02779	0.03318	0.0346	
0.05779	0.02795	0.06369	0.09405	0.06556	0.06007	0.07403	0.1019	0.05599	0.06731	0.08035	0.04301	0.07887	0.05293	0.06382	0.09067	0.06728	0.02423	0.04004	0.01643	0.01639	1e-05	0.17318	0.00398	0.05812	0.01555	0.05513	0.07394	0.03898	0.02957	0.03013	0.01166	0.00263	0.02269	0.02982	0.02269	0.12462	0.12534	0.05543	0.04719	1e-05	0.00959	0.0	0.01643	0.0	0.10958	0.0	0.005	0.0	0.08477	1e-05	1e-05	0.03479	0.00316	0.0531	0.03425	1e-05	0.06606	0.03782	0.0	0.0	0.03184	0.14981	0.10053	0.0	0.0	0.0	0.0	0.00229	0.04625	0.0	0.07793	0.08782	0.02297	0.07397	0.02458	0.05119	0.09234	0.05287	0.07254	0.05149	0.06512	0.08253	0.08651	0.08298	0.03443	0.03345	0.06943	0.05033	0.05475	0.07196	0.04324	
0.03087	0.013	0.02805	0.01401	0.02124	0.02197	0.03339	0.04435	0.0312	0.01845	0.03086	0.05238	0.01455	0.00625	0.01419	0.02381	0.02722	0.01962	0.00851	0.00544	0.01013	5e-05	0.0116	0.3327	0.0087	0.01346	0.01054	0.02952	0.00604	0.00753	0.00756	0.00408	0.0073	0.00568	0.15323	0.00568	0.01289	0.00434	0.0306	0.05422	5e-05	0.02203	0.0	0.00544	0.0	0.01155	0.005	0.0	0.0	0.00794	5e-05	5e-05	0.00766	0.07136	0.01579	0.14242	5e-05	0.01104	0.01808	0.0	0.0	0.01827	0.01583	0.01292	0.0	0.0	0.0	0.0	0.04486	0.01162	0.0	0.00645	0.01911	0.0983	0.0161	0.04814	0.08173	0.01203	0.01761	0.00895	0.0135	0.0123	0.0019	0.02294	0.02405	0.01732	0.00935	0.02982	0.0225	0.06581	0.01422	0.01539	
0.0	0.0	0.0	0.0	0.0	0.0	0.0	0.0	0.0	0.0	0.0	0.0	0.0	0.0	0.0	0.0	0.0	0.0	0.0	0.0	0.0	0.0	0.0	0.0	0.0	0.0	0.0	0.0	0.0	0.0	0.0	0.0	0.0	0.0	0.0	0.0	0.0	0.0	0.0	0.0	0.0	0.0	0.0	0.0	0.0	0.0	0.0	0.0	0.0	0.0	0.0	0.0	0.0	0.0	0.0	0.0	0.0	0.0	0.0	0.0	0.0	0.0	0.0	0.0	0.0	0.0	0.0	0.0	0.0	0.0	0.0	0.0	0.0	0.0	0.0	0.0	0.0	0.0	0.0	0.0	0.0	0.0	0.0	0.0	0.0	0.0	0.0	0.0	0.0	0.0	0.0	0.0	
0.02015	0.01453	0.09539	0.03003	0.05588	0.02201	0.03541	0.05662	0.04454	0.02996	0.03778	0.0454	0.03255	0.04141	0.05159	0.13716	0.09489	0.05163	0.00527	0.00356	0.00617	0.0001	0.14397	0.005	0.00538	0.05029	0.05731	0.0346	0.15101	0.00471	0.41268	0.00272	0.0047	0.0037	0.00521	0.0037	0.00774	0.0368	0.0302	0.011	0.0001	0.01293	0.0	0.00356	0.0	0.09361	0.08477	0.00794	0.0	0.0	0.0001	0.0001	0.00479	0.00556	0.00917	0.00534	0.0001	0.1386	0.01072	0.0	0.0	0.09501	0.10278	0.00787	0.0	0.0	0.0	0.0	0.00461	0.007	0.0	0.00409	0.01116	0.01193	0.07843	0.01216	0.03612	0.02961	0.01736	0.01995	0.01487	0.13339	0.05747	0.04662	0.0574	0.00996	0.01404	0.07164	0.05429	0.01735	0.05009	0.01626	
0.0	0.0	0.0	0.0	0.0	0.0	0.0	0.0	0.0	0.0	0.0	0.0	0.0	0.0	0.0	1e-05	0.0	2e-05	4e-05	0.00013	3e-05	0.0	4e-05	9e-05	4e-05	5e-05	7e-05	1e-05	1e-05	5e-05	5e-05	0.00017	0.0001	0.00012	5e-05	0.00012	3e-05	0.0	0.0	1e-05	0.0	3e-05	0.0	0.00013	0.0	0.0	1e-05	5e-05	0.0	0.0001	0.0	0.0	5e-05	8e-05	1e-05	4e-05	0.0	4e-05	2e-05	0.0	0.0	1e-05	3e-05	5e-05	0.0	0.0	0.0	0.0	0.0001	3e-05	0.0	6e-05	2e-05	2e-05	2e-05	1e-05	0.0	0.0	0.0	0.0	0.0	0.0	1e-05	0.0	0.0	1e-05	0.0	0.0	0.0	0.0	0.0	0.0	
0.0	0.0	0.0	0.0	0.0	0.0	0.0	0.0	0.0	0.0	0.0	0.0	0.0	0.0	0.0	1e-05	0.0	2e-05	4e-05	0.00013	3e-05	0.0	4e-05	9e-05	4e-05	5e-05	7e-05	1e-05	1e-05	5e-05	5e-05	0.00017	0.0001	0.00012	5e-05	0.00012	3e-05	0.0	0.0	1e-05	0.0	3e-05	0.0	0.00013	0.0	0.0	1e-05	5e-05	0.0	0.0001	0.0	0.0	5e-05	8e-05	1e-05	4e-05	0.0	4e-05	2e-05	0.0	0.0	1e-05	3e-05	5e-05	0.0	0.0	0.0	0.0	0.0001	3e-05	0.0	6e-05	2e-05	2e-05	2e-05	1e-05	0.0	0.0	0.0	0.0	0.0	0.0	1e-05	0.0	0.0	1e-05	0.0	0.0	0.0	0.0	0.0	0.0	
0.0495	0.01393	0.01496	0.02925	0.03338	0.02107	0.03688	0.03308	0.03294	0.03164	0.04033	0.0273	0.04762	0.03322	0.0478	0.01285	0.01098	0.01099	0.00509	0.00344	0.16114	5e-05	0.00673	0.00483	0.00519	0.00788	0.00629	0.01613	0.03712	0.38258	0.00457	0.00262	0.00449	0.00357	0.00502	0.00357	0.00742	0.03462	0.02911	0.14993	5e-05	0.07944	0.0	0.00344	0.0	0.0191	0.03479	0.00766	0.0	0.00479	5e-05	5e-05	0.0	0.00537	0.00882	0.00515	5e-05	0.00644	0.12083	0.0	0.0	0.00974	0.00798	0.0076	0.0	0.0	0.0	0.0	0.00446	0.00675	0.0	0.00395	0.01074	0.07194	0.0091	0.0565	0.07794	0.03169	0.01664	0.01912	0.05101	0.0643	0.01475	0.01245	0.01613	0.07473	0.04159	0.05349	0.06712	0.01663	0.03525	0.08711	
0.04818	0.01583	0.03473	0.02522	0.02075	0.02391	0.02401	0.02621	0.03744	0.03599	0.05821	0.08674	0.05503	0.03146	0.01916	0.0146	0.01249	0.01265	0.0059	0.00404	0.00688	8e-05	0.00775	0.16941	0.00602	0.07046	0.00732	0.01842	0.03277	0.00529	0.00531	0.0031	0.00527	0.0042	0.00583	0.0042	0.00855	0.05469	0.03133	0.03098	8e-05	0.01425	0.0	0.00404	0.0	0.02172	0.00316	0.07136	0.0	0.00556	8e-05	8e-05	0.00537	0.0	0.01008	0.2308	8e-05	0.00742	0.18809	0.0	0.0	0.01115	0.01709	0.00877	0.0	0.0	0.0	0.0	0.00521	0.09543	0.0	0.00461	0.0297	0.13003	0.01043	0.05456	0.02243	0.00442	0.01043	0.05577	0.09284	0.01828	0.01251	0.02217	0.01831	0.01092	0.01605	0.0154	0.03305	0.02855	0.01183	0.09665	
0.0384	0.05899	0.07248	0.04621	0.05066	0.04796	0.08714	0.11602	0.07775	0.06745	0.08819	0.03124	0.05619	0.04133	0.03474	0.0783	0.02854	0.02736	0.10305	0.16258	0.01224	1e-05	0.09503	0.00883	0.10512	0.0163	0.01226	0.03453	0.04268	0.0737	0.00867	0.00421	0.00805	0.00609	0.00982	0.00609	0.01614	0.03123	0.07356	0.02559	1e-05	0.01253	0.0	0.16258	0.0	0.04329	0.0531	0.01579	0.0	0.00917	1e-05	1e-05	0.00882	0.01008	0.0	0.01015	1e-05	0.10766	0.0176	0.0	0.0	0.02611	0.0585	0.03923	0.0	0.0	0.0	0.0	0.00799	0.05772	0.0	0.23025	0.07346	0.02772	0.09976	0.03893	0.04396	0.04551	0.16106	0.11529	0.0667	0.04602	0.12507	0.06129	0.08932	0.10557	0.09778	0.03701	0.06248	0.03377	0.05157	0.04311	
0.1366	0.07098	0.01753	0.02609	0.0606	0.02484	0.03574	0.03833	0.03896	0.03421	0.05163	0.0614	0.0703	0.05395	0.01979	0.01499	0.09803	0.01264	0.0057	0.00376	0.00671	4e-05	0.00763	0.26612	0.00582	0.0089	0.00705	0.01871	0.03359	0.00507	0.00509	0.00285	0.00497	0.00391	0.00563	0.00391	0.00844	0.03755	0.03457	0.01216	4e-05	0.088	0.0	0.00376	0.0	0.03977	0.03425	0.14242	0.0	0.00534	4e-05	4e-05	0.00515	0.2308	0.01015	0.0	4e-05	0.00728	0.08228	0.0	0.0	0.09698	0.04505	0.00857	0.0	0.0	0.0	0.0	0.00493	0.28726	0.0	0.00438	0.09032	0.17907	0.01043	0.01352	0.04991	0.08911	0.01947	0.05776	0.04963	0.09886	0.01708	0.14812	0.04843	0.01107	0.0157	0.06068	0.01418	0.09499	0.02349	0.05203	
0.0	0.0	0.0	0.0	0.0	0.0	0.0	0.0	0.0	0.0	0.0	0.0	0.0	0.0	0.0	1e-05	0.0	2e-05	4e-05	0.00013	3e-05	0.0	4e-05	9e-05	4e-05	5e-05	7e-05	1e-05	1e-05	5e-05	5e-05	0.00017	0.0001	0.00012	5e-05	0.00012	3e-05	0.0	0.0	1e-05	0.0	3e-05	0.0	0.00013	0.0	0.0	1e-05	5e-05	0.0	0.0001	0.0	0.0	5e-05	8e-05	1e-05	4e-05	0.0	4e-05	2e-05	0.0	0.0	1e-05	3e-05	5e-05	0.0	0.0	0.0	0.0	0.0001	3e-05	0.0	6e-05	2e-05	2e-05	2e-05	1e-05	0.0	0.0	0.0	0.0	0.0	0.0	1e-05	0.0	0.0	1e-05	0.0	0.0	0.0	0.0	0.0	0.0	
0.04785	0.08467	0.0579	0.06416	0.04188	0.05396	0.04056	0.06031	0.04226	0.07127	0.04476	0.04572	0.02261	0.02897	0.0275	0.17409	0.01739	0.09404	0.00717	0.00453	0.00857	4e-05	0.06624	0.0066	0.00733	0.0172	0.01625	0.06034	0.01912	0.00633	0.00635	0.00337	0.00612	0.26849	0.00708	0.26849	0.16723	0.04768	0.04839	0.01628	4e-05	0.01881	0.0	0.00453	0.0	0.03098	0.06606	0.01104	0.0	0.1386	4e-05	4e-05	0.00644	0.00742	0.10766	0.00728	4e-05	0.0	0.08125	0.0	0.0	0.01498	0.25624	0.15269	0.0	0.0	0.0	0.0	0.00604	0.17448	0.0	0.0054	0.08893	0.01766	0.23491	0.01823	0.05515	0.02291	0.05106	0.04048	0.03008	0.08524	0.02481	0.01982	0.02625	0.01489	0.02148	0.02186	0.02811	0.06176	0.03678	0.0344	
0.01466	0.02868	0.03779	0.04411	0.0444	0.01702	0.02854	0.02076	0.0154	0.03022	0.0415	0.06692	0.04131	0.02655	0.0436	0.04121	0.02867	0.04538	0.01166	0.00678	0.01433	2e-05	0.01687	0.04397	0.01193	0.01783	0.02195	0.01291	0.05169	0.1888	0.01013	0.00492	0.00942	0.15193	0.08248	0.15193	0.12224	0.00821	0.04595	0.0415	2e-05	0.03452	0.0	0.00678	0.0	0.03014	0.03782	0.01808	0.0	0.01072	2e-05	2e-05	0.12083	0.18809	0.0176	0.08228	2e-05	0.08125	0.0	0.0	0.0	0.02753	0.02191	0.0183	0.0	0.0	0.0	0.0	0.00933	0.03303	0.0	0.00843	0.01237	0.07625	0.02466	0.03722	0.04072	0.01608	0.02225	0.03335	0.04963	0.11252	0.0129	0.02643	0.05368	0.02795	0.03011	0.03885	0.0597	0.02986	0.05328	0.1211	
0.0	0.0	0.0	0.0	0.0	0.0	0.0	0.0	0.0	0.0	0.0	0.0	0.0	0.0	0.0	0.0	0.0	0.0	0.0	0.0	0.0	0.0	0.0	0.0	0.0	0.0	0.0	0.0	0.0	0.0	0.0	0.0	0.0	0.0	0.0	0.0	0.0	0.0	0.0	0.0	0.0	0.0	0.0	0.0	0.0	0.0	0.0	0.0	0.0	0.0	0.0	0.0	0.0	0.0	0.0	0.0	0.0	0.0	0.0	0.0	0.0	0.0	0.0	0.0	0.0	0.0	0.0	0.0	0.0	0.0	0.0	0.0	0.0	0.0	0.0	0.0	0.0	0.0	0.0	0.0	0.0	0.0	0.0	0.0	0.0	0.0	0.0	0.0	0.0	0.0	0.0	0.0	
0.0	0.0	0.0	0.0	0.0	0.0	0.0	0.0	0.0	0.0	0.0	0.0	0.0	0.0	0.0	0.0	0.0	0.0	0.0	0.0	0.0	0.0	0.0	0.0	0.0	0.0	0.0	0.0	0.0	0.0	0.0	0.0	0.0	0.0	0.0	0.0	0.0	0.0	0.0	0.0	0.0	0.0	0.0	0.0	0.0	0.0	0.0	0.0	0.0	0.0	0.0	0.0	0.0	0.0	0.0	0.0	0.0	0.0	0.0	0.0	0.0	0.0	0.0	0.0	0.0	0.0	0.0	0.0	0.0	0.0	0.0	0.0	0.0	0.0	0.0	0.0	0.0	0.0	0.0	0.0	0.0	0.0	0.0	0.0	0.0	0.0	0.0	0.0	0.0	0.0	0.0	0.0	
0.07119	0.06938	0.05934	0.04263	0.06064	0.07026	0.06099	0.04164	0.047	0.04514	0.04909	0.05017	0.05209	0.05952	0.05507	0.07753	0.19659	0.02629	0.02522	0.00643	0.03421	1e-05	0.0159	0.00977	0.01126	0.01264	0.01358	0.09771	0.07298	0.00954	0.09602	0.00466	0.02987	0.00674	0.04529	0.00674	0.01785	0.0301	0.04688	0.02695	1e-05	0.01015	0.0	0.00643	0.0	0.10632	0.03184	0.01827	0.0	0.09501	1e-05	1e-05	0.00974	0.01115	0.02611	0.09698	1e-05	0.01498	0.02753	0.0	0.0	0.0	0.03096	0.01729	0.0	0.0	0.0	0.0	0.00884	0.09115	0.0	0.00798	0.04952	0.03069	0.02321	0.05949	0.06122	0.04612	0.02223	0.03216	0.04323	0.08827	0.02001	0.0682	0.02641	0.06913	0.05895	0.07145	0.06468	0.07423	0.0509	0.04573	
0.04761	0.0607	0.0874	0.06199	0.05891	0.07366	0.06973	0.084	0.06314	0.09819	0.08781	0.07108	0.06431	0.04543	0.06961	0.13069	0.09198	0.04379	0.009	0.00533	0.01098	3e-05	0.0547	0.01926	0.0092	0.01865	0.01609	0.05938	0.06836	0.00782	0.00787	0.00389	0.07066	0.00558	0.00889	0.00558	0.12492	0.13412	0.0419	0.05063	3e-05	0.0301	0.0	0.00533	0.0	0.04613	0.14981	0.01583	0.0	0.10278	3e-05	3e-05	0.00798	0.01709	0.0585	0.04505	3e-05	0.25624	0.02191	0.0	0.0	0.03096	0.0	0.21998	0.0	0.0	0.0	0.0	0.08245	0.08895	0.0	0.00657	0.0426	0.04992	0.22501	0.02565	0.05003	0.10938	0.05602	0.08152	0.08375	0.10007	0.06141	0.02634	0.07384	0.02083	0.05806	0.03218	0.03382	0.05668	0.07466	0.03646	
