0.0	0.12498	0.12529	0.18782	0.0	0.18592	0.10169	0.22332	0.0337	0.00937	0.17197	0.18782	0.01695	0.18782	0.18782	0.01275	0.02228	0.08106	0.01538	0.16132	0.07838	0.03495	0.09072	0.06604	0.05415	0.03422	0.05287	0.03349	0.06924	0.08793	0.05331	0.10465	0.03983	0.12348	0.07729	0.08258	0.04776	0.0	0.0	0.04056	0.05087	0.03059	0.07605	0.06642	0.13574	0.05104	0.0	0.03819	0.07262	0.0	0.0	0.00628	0.0	0.00662	0.00021	0.00688	0.06215	0.03514	0.01104	0.01158	0.04363	0.0	0.0	0.00838	0.08254	0.0919	0.0	0.17448	0.0	0.02067	0.03353	0.16996	0.0	0.0	0.0	0.0	0.05694	0.10948	0.11682	0.06791	0.0	0.1429	0.06258	0.0764	0.01796	0.00884	0.0	0.05195	0.18782	0.11132	0.09768	0.0	0.0135	0.0	0.02849	0.01721	0.05216	0.0545	0.06394	0.05127	0.05112	0.04465	0.0582	0.04437	0.24222	0.06083	0.06261	0.0	0.0	0.0	0.0	0.0	0.08795	0.077	0.04019	0.01025	0.04589	0.02228	0.08734	0.07882	0.05127	0.0622	0.02159	0.0448	0.06208	0.22009	0.15702	0.0	0.23755	0.00361	0.00359	0.01015	0.18782	0.10751	0.0	0.0	0.01015	0.07106	0.12138	0.12569	0.1159	0.01158	0.05349	0.00816	0.0	0.0	0.14049	0.11053	0.08774	
0.12498	0.0	0.01241	0.00902	3e-05	0.01316	0.06524	0.06833	0.02257	0.00708	0.01166	0.00902	0.01198	0.00902	0.00902	0.00952	0.02632	0.02042	0.01127	0.01672	0.06886	0.03876	0.03727	0.03165	0.02646	0.02575	0.02946	0.09739	0.20121	0.07314	0.13154	0.03761	0.02526	0.04563	0.0846	0.06934	0.05487	0.0	0.0	0.08024	0.07194	0.01991	0.03354	0.01685	0.03913	0.03374	0.0	0.06621	0.09199	3e-05	3e-05	0.00498	3e-05	0.00525	0.00022	0.058	0.0204	0.02342	0.0082	0.00873	0.01933	3e-05	3e-05	0.0065	0.43444	0.09692	3e-05	0.02101	3e-05	0.01421	0.02696	0.01225	0.0	0.0	0.0	0.0	0.05272	0.02715	0.04363	0.18778	3e-05	0.0286	0.02281	0.21477	0.01257	0.00683	3e-05	0.02358	0.00902	0.01401	0.01618	3e-05	0.01002	0.0	0.06837	0.01215	0.02552	0.03482	0.04179	0.0274	0.02751	0.08006	0.01371	0.02876	0.21117	0.06961	0.03745	0.0	0.0	0.0	0.0	0.0	0.07497	0.02855	0.02234	0.00782	0.03824	0.0331	0.04337	0.01726	0.0274	0.06802	0.10612	0.02359	0.15397	0.17175	0.2035	0.0	0.19539	0.00296	0.00294	0.00774	0.00902	0.01454	3e-05	3e-05	0.00774	0.1225	0.17865	0.03129	0.01343	0.00873	0.02892	0.00634	3e-05	3e-05	0.03179	0.05668	0.05888	
0.12529	0.01241	0.0	0.4887	7e-05	0.32463	0.07699	0.16652	0.01632	0.0058	0.85308	0.4887	0.13876	0.4887	0.4887	0.0077	0.00763	0.10728	0.05963	0.15166	0.03801	0.02649	0.03173	0.03372	0.0024	0.0328	0.01996	0.0303	0.01941	0.02525	0.01086	0.02431	0.01741	0.03156	0.02663	0.06724	0.0189	0.0	0.0	0.01982	0.0197	0.01402	0.02186	0.01354	0.23754	0.01723	0.0	0.04368	0.05903	7e-05	7e-05	0.00435	7e-05	0.00459	0.00028	0.00453	0.01429	0.01686	0.00658	0.00713	0.01424	7e-05	7e-05	0.00551	0.01161	0.03781	7e-05	0.15913	7e-05	0.0105	0.01845	0.34483	0.0	0.0	0.0	0.0	0.02604	0.10968	0.05524	0.01117	7e-05	0.01938	0.01571	0.01645	0.00946	0.00575	7e-05	0.09214	0.4887	0.20478	0.16029	7e-05	0.00805	0.0	0.0345	0.00923	0.03068	0.02465	0.03324	0.01937	0.01944	0.01862	0.01056	0.02023	0.01145	0.00799	0.03258	0.0	0.0	0.0	0.0	0.0	0.02919	0.01872	0.01616	0.00648	0.02617	0.04677	0.02956	0.0129	0.01937	0.02245	0.01158	0.01633	0.01247	0.14374	0.02822	0.0	0.01637	0.00271	0.0027	0.00643	0.4887	0.19221	7e-05	7e-05	0.00643	0.01705	0.02191	0.12335	0.22013	0.00713	0.03119	0.00539	7e-05	7e-05	0.02345	0.02616	0.02759	
0.18782	0.00902	0.4887	0.0	0.00011	0.55141	0.12829	0.22691	0.0119	0.00451	0.63543	0.99976	0.00682	0.99976	0.99976	0.00596	0.0135	0.21825	0.00682	0.29769	0.02646	0.01881	0.04606	0.02309	0.02273	0.02261	0.01412	0.02078	0.01373	0.0137	0.01536	0.01678	0.01242	0.02225	0.01833	0.0925	0.01321	0.0	0.0	0.01444	0.01373	0.01009	0.01521	0.00966	0.13073	0.01453	0.0	0.0305	0.05421	0.00011	0.00011	0.00352	0.00011	0.00367	0.00021	0.0036	0.01026	0.01227	0.00506	0.00555	0.01048	0.00011	0.00011	0.00438	0.00848	0.02572	0.00011	0.31132	0.00011	0.00774	0.0131	0.59876	0.0	0.0	0.0	0.0	0.01837	0.15894	0.03748	0.00838	0.00011	0.01371	0.01119	0.01172	0.00704	0.00456	0.00011	0.02357	0.99976	0.39655	0.31346	0.00011	0.0062	0.0	0.02425	0.0069	0.02137	0.0172	0.02296	0.01397	0.01401	0.01316	0.00795	0.01455	0.00838	0.02143	0.02222	0.0	0.0	0.0	0.0	0.0	0.02018	0.01307	0.01178	0.00508	0.01859	0.0326	0.02609	0.00956	0.01397	0.02607	0.00865	0.01167	0.00912	0.18809	0.01967	0.0	0.01157	0.00227	0.00226	0.00505	0.99976	0.37276	0.00011	0.00011	0.00505	0.012	0.01529	0.18915	0.42594	0.00555	0.0808	0.00429	0.00011	0.00011	0.01617	0.02881	0.01893	
0.0	3e-05	7e-05	0.00011	0.0	4e-05	1e-05	2e-05	8e-05	7e-05	5e-05	0.00011	5e-05	0.00011	0.00011	0.0001	4e-05	5e-05	0.0001	6e-05	2e-05	3e-05	1e-05	2e-05	2e-05	1e-05	3e-05	2e-05	2e-05	1e-05	2e-05	1e-05	3e-05	3e-05	0.0	1e-05	1e-05	0.0	0.0	7e-05	2e-05	2e-05	1e-05	3e-05	1e-05	1e-05	0.0	3e-05	3e-05	0.0	0.0	0.00019	0.0	0.00019	0.0	0.0001	1e-05	9e-05	7e-05	0.00011	5e-05	0.0	0.0	0.00015	3e-05	1e-05	0.0	7e-05	0.0	3e-05	3e-05	5e-05	0.0	0.0	0.0	0.0	2e-05	2e-05	0.0	6e-05	0.0	3e-05	2e-05	2e-05	4e-05	0.00014	0.0	4e-05	0.00011	8e-05	6e-05	0.0	9e-05	0.0	3e-05	4e-05	2e-05	3e-05	2e-05	6e-05	4e-05	4e-05	7e-05	5e-05	3e-05	0.0	1e-05	0.0	0.0	0.0	0.0	0.0	2e-05	2e-05	4e-05	0.00012	5e-05	3e-05	3e-05	6e-05	6e-05	2e-05	7e-05	2e-05	3e-05	1e-05	1e-05	0.0	1e-05	0.0003	0.00031	0.00013	0.00011	6e-05	0.0	0.0	0.00013	3e-05	1e-05	3e-05	8e-05	0.00011	2e-05	0.00015	0.0	0.0	1e-05	1e-05	0.0	
0.18592	0.01316	0.32463	0.55141	4e-05	0.0	0.12004	0.1938	0.01726	0.00574	0.42156	0.55141	0.00939	0.55141	0.55141	0.00768	0.02344	0.17106	0.009	0.21973	0.05404	0.02879	0.07811	0.03808	0.03619	0.03681	0.02181	0.03425	0.02099	0.02163	0.02422	0.0273	0.01888	0.03451	0.03	0.1019	0.02091	0.0	0.0	0.0204	0.02192	0.01504	0.02434	0.01468	0.1279	0.02287	0.0	0.02613	0.06363	4e-05	4e-05	0.00415	4e-05	0.00432	0.00015	0.0044	0.14506	0.01787	0.00659	0.00707	0.01492	4e-05	4e-05	0.00535	0.01225	0.043	4e-05	0.3004	4e-05	0.01099	0.02003	0.40572	0.0	0.0	0.0	0.0	0.02796	0.15232	0.05112	0.01149	4e-05	0.02118	0.01704	0.0285	0.00981	0.0056	4e-05	0.03736	0.55141	0.27594	0.229	4e-05	0.00806	0.0	0.03782	0.00952	0.03404	0.02734	0.03722	0.02071	0.02079	0.02039	0.01081	0.02169	0.01209	0.03518	0.03702	0.0	0.0	0.0	0.0	0.0	0.0327	0.0208	0.01709	0.00637	0.02842	0.05159	0.02786	0.01342	0.02071	0.03797	0.01194	0.01767	0.01315	0.18387	0.0313	0.0	0.01792	0.00252	0.00251	0.00632	0.55141	0.26282	4e-05	4e-05	0.00632	0.01876	0.02138	0.16864	0.29183	0.00707	0.07928	0.00523	4e-05	4e-05	0.03124	0.05274	0.03115	
0.10169	0.06524	0.07699	0.12829	1e-05	0.12004	0.0	0.09669	0.04386	0.05919	0.12139	0.12829	0.02189	0.12829	0.12829	0.01644	0.0183	0.11062	0.03875	0.05474	0.05632	0.05142	0.05134	0.04981	0.07412	0.07693	0.03138	0.038	0.12219	0.07994	0.07823	0.1855	0.05203	0.03414	0.09193	0.08627	0.15848	0.0	0.0	0.03228	0.11785	0.0412	0.09652	0.04014	0.159	0.09027	0.0	0.04874	0.08875	1e-05	1e-05	0.00808	1e-05	0.06831	0.00522	0.00886	0.02529	0.04576	0.01423	0.09371	0.03672	1e-05	1e-05	0.01079	0.13	0.11137	1e-05	0.05634	1e-05	0.08068	0.0565	0.12076	0.0	0.0	0.0	0.0	0.1501	0.05907	0.07307	0.03517	1e-05	0.09742	0.03583	0.05186	0.15889	0.01137	1e-05	0.05956	0.12829	0.15342	0.08828	1e-05	0.01741	0.0	0.08106	0.09589	0.0114	0.06662	0.0337	0.0788	0.06698	0.1225	0.02478	0.05804	0.10564	0.17451	0.08005	0.0	0.0	0.0	0.0	0.0	0.03962	0.05895	0.01759	0.0817	0.02668	0.05123	0.06833	0.03952	0.0788	0.03479	0.05589	0.03	0.03291	0.08551	0.04323	0.0	0.10319	0.00464	0.00461	0.08079	0.12829	0.12914	1e-05	1e-05	0.08079	0.05455	0.07974	0.143	0.06982	0.09371	0.06586	0.01049	1e-05	1e-05	0.11207	0.06481	0.15682	
0.22332	0.06833	0.16652	0.22691	2e-05	0.1938	0.09669	0.0	0.12093	0.01735	0.21337	0.22691	0.03176	0.22691	0.22691	0.02369	0.01442	0.13103	0.0287	0.12715	0.02156	0.01794	0.07236	0.05939	0.03953	0.06236	0.10742	0.1258	0.03857	0.12516	0.0373	0.12575	0.07284	0.02397	0.086	0.13604	0.10333	0.0	0.0	0.00827	0.14957	0.1006	0.0323	0.09561	0.13927	0.0592	0.0	0.07058	0.06484	2e-05	2e-05	0.01156	2e-05	0.01255	0.00061	0.01269	0.02741	0.10631	0.02049	0.02147	0.00547	2e-05	2e-05	0.01547	0.0296	0.09299	2e-05	0.11761	2e-05	0.039	0.05865	0.23583	0.0	0.0	0.0	0.0	0.04197	0.1673	0.09723	0.00672	2e-05	0.13097	0.05092	0.02527	0.03373	0.01632	2e-05	0.04165	0.22691	0.15404	0.14265	2e-05	0.02511	0.0	0.02122	0.03227	0.04884	0.09065	0.05096	0.07787	0.01861	0.15393	0.02519	0.05528	0.07746	0.08485	0.07709	0.0	0.0	0.0	0.0	0.0	0.02459	0.10538	0.00877	0.01897	0.08321	0.04566	0.12522	0.00941	0.07787	0.04802	0.00847	0.04416	0.01264	0.16029	0.08258	0.0	0.07776	0.00661	0.00657	0.01878	0.22691	0.15077	2e-05	2e-05	0.01878	0.13697	0.09447	0.34063	0.15807	0.02147	0.05164	0.01504	2e-05	2e-05	0.13402	0.11446	0.02157	
0.0337	0.02257	0.01632	0.0119	8e-05	0.01726	0.04386	0.12093	0.0	0.00934	0.01531	0.0119	0.01573	0.0119	0.0119	0.01255	0.03454	0.00228	0.01484	0.02195	0.07683	0.05097	0.05668	0.18767	0.06313	0.07819	0.15682	0.30949	0.03264	0.05163	0.0693	0.19536	0.16568	0.00718	0.04128	0.05834	0.10702	0.0	0.0	0.03507	0.38455	0.10331	0.07081	0.26267	0.20683	0.11258	0.0	0.01984	0.00193	8e-05	8e-05	0.00661	8e-05	0.00716	0.00056	0.00708	0.0097	0.55082	0.0108	0.01151	0.02537	8e-05	8e-05	0.0086	0.02092	0.09651	8e-05	0.02135	8e-05	0.01862	0.26842	0.09212	0.0	0.0	0.0	0.0	0.06093	0.1325	0.06331	0.01922	8e-05	0.3306	0.06586	0.03126	0.0165	0.00903	8e-05	0.11577	0.0119	0.01842	0.02125	8e-05	0.01321	0.0	0.06807	0.01595	0.16107	0.2506	0.11755	0.10397	0.00904	0.48253	0.01802	0.34598	0.01124	0.03853	0.13144	0.0	0.0	0.0	0.0	0.0	0.09117	0.33286	0.0293	0.01032	0.20595	0.08023	0.34929	0.02267	0.10397	0.10983	0.05515	0.12411	0.02246	0.0742	0.14324	0.0	0.03165	0.00395	0.00393	0.01023	0.0119	0.01911	8e-05	8e-05	0.01023	0.50005	0.06571	0.2806	0.01766	0.01151	0.00365	0.00839	8e-05	8e-05	0.09146	0.19383	0.01463	
0.00937	0.00708	0.0058	0.00451	7e-05	0.00574	0.05919	0.01735	0.00934	0.0	0.00526	0.00451	0.00537	0.00451	0.00451	0.00471	0.01058	0.09292	0.00538	0.00733	0.02058	0.01469	0.03658	0.01792	0.03175	0.01757	0.01103	0.02504	0.02571	0.01068	0.01198	0.01306	0.00971	0.03024	0.01425	0.01938	0.06902	0.0	0.0	0.01134	0.01071	0.11113	0.01185	0.00756	0.01336	0.01133	0.0	0.02371	0.04186	7e-05	7e-05	0.00279	7e-05	0.58682	0.00018	0.30949	0.00803	0.00963	0.004	0.00439	0.00823	7e-05	7e-05	0.00347	0.12591	0.04077	7e-05	0.00717	7e-05	0.00608	0.04283	0.00545	0.0	0.0	0.0	0.0	0.01433	0.01638	0.025	0.0066	7e-05	0.01071	0.00876	0.00917	0.00554	0.00361	7e-05	0.01835	0.00451	0.14828	0.00714	7e-05	0.0049	0.0	0.03524	0.2798	0.01664	0.0134	0.01785	0.01094	0.01098	0.01028	0.00627	0.0114	0.00657	0.0288	0.03699	0.0	0.0	0.0	0.0	0.0	0.0157	0.01019	0.00925	0.00403	0.01453	0.02533	0.02025	0.00752	0.01094	0.02023	0.00682	0.00913	0.00716	0.02359	0.01532	0.0	0.00904	0.0018	0.00179	0.004	0.00451	0.00657	7e-05	7e-05	0.004	0.04721	0.01192	0.07956	0.00617	0.00439	0.01386	0.0034	7e-05	7e-05	0.01258	0.03785	0.01471	
0.17197	0.01166	0.85308	0.63543	5e-05	0.42156	0.12139	0.21337	0.01531	0.00526	0.0	0.63543	0.22771	0.63543	0.63543	0.00701	0.0677	0.18198	0.15478	0.23752	0.03642	0.02518	0.06518	0.03263	0.04356	0.03165	0.01904	0.02935	0.01842	0.06887	0.05313	0.02349	0.01655	0.03007	0.02576	0.09785	0.01814	0.0	0.0	0.01836	0.01896	0.01325	0.02104	0.01287	0.22822	0.03697	0.0	0.04172	0.0809	5e-05	5e-05	0.00387	5e-05	0.00408	0.00022	0.00407	0.01353	0.01584	0.006	0.00647	0.0133	5e-05	5e-05	0.00495	0.01088	0.03669	5e-05	0.24675	5e-05	0.00981	0.01755	0.44791	0.0	0.0	0.0	0.0	0.0246	0.15284	0.0534	0.01034	5e-05	0.01848	0.01493	0.01564	0.00879	0.00517	5e-05	0.13836	0.63543	0.30266	0.24819	5e-05	0.00734	0.0	0.0329	0.00855	0.02945	0.02367	0.03204	0.01827	0.01834	0.01778	0.00975	0.01911	0.01074	0.04103	0.03162	0.0	0.0	0.0	0.0	0.0	0.02816	0.01801	0.01516	0.00586	0.02487	0.04467	0.04531	0.01201	0.01827	0.05669	0.01072	0.0155	0.01169	0.18341	0.02709	0.0	0.01563	0.00238	0.00236	0.00581	0.63543	0.28736	5e-05	5e-05	0.00581	0.01632	0.02106	0.17314	0.32127	0.00647	0.07882	0.00483	5e-05	5e-05	0.02267	0.05555	0.02672	
0.18782	0.00902	0.4887	0.99976	0.00011	0.55141	0.12829	0.22691	0.0119	0.00451	0.63543	0.0	0.00682	0.99976	0.99976	0.00596	0.0135	0.21825	0.00682	0.29769	0.02646	0.01881	0.04606	0.02309	0.02273	0.02261	0.01412	0.02078	0.01373	0.0137	0.01536	0.01678	0.01242	0.02225	0.01833	0.0925	0.01321	0.0	0.0	0.01444	0.01373	0.01009	0.01521	0.00966	0.13073	0.01453	0.0	0.0305	0.05421	0.00011	0.00011	0.00352	0.00011	0.00367	0.00021	0.0036	0.01026	0.01227	0.00506	0.00555	0.01048	0.00011	0.00011	0.00438	0.00848	0.02572	0.00011	0.31132	0.00011	0.00774	0.0131	0.59876	0.0	0.0	0.0	0.0	0.01837	0.15894	0.03748	0.00838	0.00011	0.01371	0.01119	0.01172	0.00704	0.00456	0.00011	0.02357	0.99976	0.39655	0.31346	0.00011	0.0062	0.0	0.02425	0.0069	0.02137	0.0172	0.02296	0.01397	0.01401	0.01316	0.00795	0.01455	0.00838	0.02143	0.02222	0.0	0.0	0.0	0.0	0.0	0.02018	0.01307	0.01178	0.00508	0.01859	0.0326	0.02609	0.00956	0.01397	0.02607	0.00865	0.01167	0.00912	0.18809	0.01967	0.0	0.01157	0.00227	0.00226	0.00505	0.99976	0.37276	0.00011	0.00011	0.00505	0.012	0.01529	0.18915	0.42594	0.00555	0.0808	0.00429	0.00011	0.00011	0.01617	0.02881	0.01893	
0.01695	0.01198	0.13876	0.00682	5e-05	0.00939	0.02189	0.03176	0.01573	0.00537	0.22771	0.00682	0.0	0.00682	0.00682	0.16587	0.21763	0.01435	0.15251	0.02796	0.10148	0.02593	0.07566	0.03374	0.02489	0.03269	0.01961	0.02367	0.01903	0.0691	0.05351	0.02426	0.01703	0.03099	0.02662	0.10315	0.01872	0.0	0.0	0.01652	0.01957	0.01363	0.02172	0.01325	0.06772	0.03123	0.0	0.01619	0.02514	5e-05	5e-05	0.00394	5e-05	0.00419	0.00028	0.00415	0.01391	0.01629	0.13754	0.00661	0.01365	5e-05	5e-05	0.00504	0.01118	0.03795	5e-05	0.01166	5e-05	0.01006	0.01809	0.00882	0.0	0.0	0.0	0.0	0.02545	0.01989	0.05526	0.01059	5e-05	0.01904	0.01537	0.0161	0.00902	0.00527	5e-05	0.13868	0.00682	0.01019	0.01161	5e-05	0.00751	0.0	0.01031	0.00876	0.03039	0.02442	0.03309	0.01879	0.01886	0.01832	0.00998	0.0345	0.01103	0.07349	0.0327	0.0	0.0	0.0	0.0	0.0	0.02908	0.01858	0.0175	0.00598	0.02561	0.04609	0.04653	0.01231	0.01879	0.05776	0.01099	0.01596	0.012	0.01762	0.01973	0.0	0.01611	0.00241	0.0024	0.00593	0.00682	0.01053	5e-05	5e-05	0.00593	0.01683	0.02172	0.02065	0.10468	0.00661	0.02481	0.30785	5e-05	5e-05	0.02342	0.04988	0.02382	
0.18782	0.00902	0.4887	0.99976	0.00011	0.55141	0.12829	0.22691	0.0119	0.00451	0.63543	0.99976	0.00682	0.0	0.99976	0.00596	0.0135	0.21825	0.00682	0.29769	0.02646	0.01881	0.04606	0.02309	0.02273	0.02261	0.01412	0.02078	0.01373	0.0137	0.01536	0.01678	0.01242	0.02225	0.01833	0.0925	0.01321	0.0	0.0	0.01444	0.01373	0.01009	0.01521	0.00966	0.13073	0.01453	0.0	0.0305	0.05421	0.00011	0.00011	0.00352	0.00011	0.00367	0.00021	0.0036	0.01026	0.01227	0.00506	0.00555	0.01048	0.00011	0.00011	0.00438	0.00848	0.02572	0.00011	0.31132	0.00011	0.00774	0.0131	0.59876	0.0	0.0	0.0	0.0	0.01837	0.15894	0.03748	0.00838	0.00011	0.01371	0.01119	0.01172	0.00704	0.00456	0.00011	0.02357	0.99976	0.39655	0.31346	0.00011	0.0062	0.0	0.02425	0.0069	0.02137	0.0172	0.02296	0.01397	0.01401	0.01316	0.00795	0.01455	0.00838	0.02143	0.02222	0.0	0.0	0.0	0.0	0.0	0.02018	0.01307	0.01178	0.00508	0.01859	0.0326	0.02609	0.00956	0.01397	0.02607	0.00865	0.01167	0.00912	0.18809	0.01967	0.0	0.01157	0.00227	0.00226	0.00505	0.99976	0.37276	0.00011	0.00011	0.00505	0.012	0.01529	0.18915	0.42594	0.00555	0.0808	0.00429	0.00011	0.00011	0.01617	0.02881	0.01893	
0.18782	0.00902	0.4887	0.99976	0.00011	0.55141	0.12829	0.22691	0.0119	0.00451	0.63543	0.99976	0.00682	0.99976	0.0	0.00596	0.0135	0.21825	0.00682	0.29769	0.02646	0.01881	0.04606	0.02309	0.02273	0.02261	0.01412	0.02078	0.01373	0.0137	0.01536	0.01678	0.01242	0.02225	0.01833	0.0925	0.01321	0.0	0.0	0.01444	0.01373	0.01009	0.01521	0.00966	0.13073	0.01453	0.0	0.0305	0.05421	0.00011	0.00011	0.00352	0.00011	0.00367	0.00021	0.0036	0.01026	0.01227	0.00506	0.00555	0.01048	0.00011	0.00011	0.00438	0.00848	0.02572	0.00011	0.31132	0.00011	0.00774	0.0131	0.59876	0.0	0.0	0.0	0.0	0.01837	0.15894	0.03748	0.00838	0.00011	0.01371	0.01119	0.01172	0.00704	0.00456	0.00011	0.02357	0.99976	0.39655	0.31346	0.00011	0.0062	0.0	0.02425	0.0069	0.02137	0.0172	0.02296	0.01397	0.01401	0.01316	0.00795	0.01455	0.00838	0.02143	0.02222	0.0	0.0	0.0	0.0	0.0	0.02018	0.01307	0.01178	0.00508	0.01859	0.0326	0.02609	0.00956	0.01397	0.02607	0.00865	0.01167	0.00912	0.18809	0.01967	0.0	0.01157	0.00227	0.00226	0.00505	0.99976	0.37276	0.00011	0.00011	0.00505	0.012	0.01529	0.18915	0.42594	0.00555	0.0808	0.00429	0.00011	0.00011	0.01617	0.02881	0.01893	
0.01275	0.00952	0.0077	0.00596	0.0001	0.00768	0.01644	0.02369	0.01255	0.00471	0.00701	0.00596	0.16587	0.00596	0.00596	0.0	0.15996	0.01154	0.00713	0.0098	0.00568	0.01992	0.05404	0.02447	0.00192	0.02406	0.01497	0.01548	0.01454	0.01454	0.0163	0.01786	0.01315	0.0236	0.01302	0.04118	0.01403	0.0	0.0	0.0152	0.01459	0.01067	0.01617	0.01022	0.01119	0.00897	0.0	0.0037	2e-05	0.0001	0.0001	0.00365	0.0001	0.0038	0.00021	0.00375	0.01085	0.01295	0.00529	0.00579	0.01104	0.0001	0.0001	0.14545	0.00894	0.02743	0.0001	0.00958	0.0001	0.00815	0.01387	0.00727	0.0	0.0	0.0	0.0	0.01946	0.01176	0.03998	0.0088	0.0001	0.01453	0.01185	0.01241	0.0074	0.00474	0.0001	0.02503	0.00596	0.0085	0.00954	0.0001	0.00648	0.0	0.02573	0.00725	0.00263	0.0074	0.02442	0.01476	0.01481	0.01395	0.00835	0.0326	0.00883	0.05271	0.01355	0.0	0.0	0.0	0.0	0.0	0.02147	0.01388	0.01243	0.0053	0.01969	0.03463	0.00615	0.01006	0.01476	0.02776	0.00909	0.01235	0.00961	0.00745	0.01232	0.0	0.01226	0.00234	0.00233	0.00526	0.00596	0.00875	0.0001	0.0001	0.00526	0.01273	0.01625	0.01564	0.12674	0.00579	0.01884	0.44531	0.0001	0.0001	0.01721	0.01994	0.02016	
0.02228	0.02632	0.00763	0.0135	4e-05	0.02344	0.0183	0.01442	0.03454	0.01058	0.0677	0.0135	0.21763	0.0135	0.0135	0.15996	0.0	0.03117	0.0108	0.0001	0.02753	0.0149	0.0332	0.0247	0.01527	0.07374	0.01209	0.0325	0.04443	0.02678	0.01694	0.05169	0.03923	0.07369	0.00822	0.03589	0.04474	0.0	0.0	0.0344	0.04713	0.01178	0.0451	0.0302	0.02229	0.01795	0.0	0.0011	0.01185	4e-05	4e-05	0.00739	4e-05	0.00782	0.00032	0.00796	0.0685	0.002	0.06475	0.01305	0.02946	4e-05	4e-05	0.0273	0.02435	0.02975	4e-05	9e-05	4e-05	0.02158	0.04187	0.01852	0.0	0.0	0.0	0.0	0.0142	0.02029	0.02163	0.02212	4e-05	0.00996	0.03518	0.03942	0.10688	0.01016	4e-05	0.10451	0.0135	0.00014	0.02453	4e-05	0.01503	0.0	0.03024	0.01837	0.02944	0.02334	0.05745	0.0422	0.04238	0.04282	0.0207	0.00039	0.02399	0.10222	0.03737	0.0	0.0	0.0	0.0	0.0	0.07217	0.04456	0.02766	0.12592	0.05963	0.11442	0.02503	0.02622	0.0422	0.0567	0.02306	0.03638	0.02613	0.0311	0.00924	0.0	0.01786	0.00437	0.00434	0.01155	0.0135	0.02199	4e-05	4e-05	0.01155	0.03957	0.05227	0.04875	0.0158	0.01305	0.0587	0.09877	4e-05	4e-05	0.01702	0.03158	0.03265	
0.08106	0.02042	0.10728	0.21825	5e-05	0.17106	0.11062	0.13103	0.00228	0.09292	0.18198	0.21825	0.01435	0.21825	0.21825	0.01154	0.03117	0.0	0.08136	0.05798	0.0682	0.04567	0.05734	0.05104	0.00402	0.05988	0.03455	0.05588	0.03346	0.0347	0.03867	0.04409	0.02971	0.05517	0.02879	0.04446	0.02704	0.0	0.0	0.02847	0.03506	0.02693	0.03904	0.02304	0.07064	0.02045	0.0	0.07809	0.02915	5e-05	5e-05	0.00613	5e-05	0.16875	0.01843	0.00654	0.02405	0.02778	0.00992	0.0106	0.02303	5e-05	5e-05	0.00795	0.02103	0.04558	5e-05	0.06167	5e-05	0.13407	0.0317	0.17736	0.0	0.0	0.0	0.0	0.04519	0.08345	0.02803	0.01754	5e-05	0.03352	0.0268	0.02808	0.14057	0.00834	5e-05	0.00392	0.21825	0.23208	0.31638	5e-05	0.01214	0.0	0.01252	0.33012	0.05486	0.04382	0.06049	0.03241	0.00651	0.0323	0.01647	0.03401	0.01122	0.02462	0.03227	0.0	0.0	0.0	0.0	0.0	0.05295	0.03322	0.02653	0.00952	0.04507	0.08397	0.06997	0.02062	0.03241	0.07032	0.01825	0.02776	0.02035	0.1238	0.05033	0.0	0.02835	0.06116	0.00366	0.18023	0.21825	0.43621	5e-05	5e-05	0.18023	0.01739	0.10089	0.18454	0.09168	0.0106	0.00543	0.00776	5e-05	5e-05	0.0426	0.02533	0.05074	
0.01538	0.01127	0.05963	0.00682	0.0001	0.009	0.03875	0.0287	0.01484	0.00538	0.15478	0.00682	0.15251	0.00682	0.00682	0.00713	0.0108	0.08136	0.0	0.01148	0.03404	0.02388	0.02711	0.05391	0.00216	0.02929	0.01797	0.02701	0.01759	0.02723	0.0121	0.02172	0.01572	0.02839	0.02377	0.03268	0.05102	0.0	0.0	0.10108	0.01766	0.0127	0.01959	0.01223	0.03353	0.09756	0.0	0.03916	0.02888	0.0001	0.0001	0.00409	0.0001	0.07123	0.13538	0.00424	0.01293	0.01532	0.00609	0.00662	0.01299	0.0001	0.0001	0.00515	0.01056	0.03361	0.0001	0.01121	0.0001	0.26152	0.01667	0.0085	0.0	0.0	0.0	0.0	0.02365	0.02713	0.00615	0.01025	0.0001	0.01745	0.01418	0.01485	0.2861	0.00537	0.0001	0.12175	0.00682	0.00989	0.12169	0.0001	0.00745	0.0	0.01141	0.2166	0.02749	0.0221	0.0297	0.01755	0.04668	0.01676	0.0097	0.01831	0.01043	0.065	0.02899	0.0	0.0	0.0	0.0	0.0	0.02609	0.01679	0.0147	0.00603	0.0236	0.04191	0.02576	0.01179	0.01755	0.02125	0.01061	0.01476	0.01135	0.03185	0.02529	0.0	0.01474	0.00258	0.00256	0.45389	0.00682	0.14542	0.0001	0.0001	0.45389	0.01533	0.13772	0.01883	0.00954	0.00662	0.02268	0.00504	0.0001	0.0001	0.02094	0.02401	0.02461	
0.16132	0.01672	0.15166	0.29769	6e-05	0.21973	0.05474	0.12715	0.02195	0.00733	0.23752	0.29769	0.02796	0.29769	0.29769	0.0098	0.0001	0.05798	0.01148	0.0	0.04246	0.00249	0.04273	0.04859	0.01089	0.00684	0.02769	0.04357	0.02683	0.02754	0.03075	0.03464	0.02396	0.00036	0.0381	0.09815	0.02654	0.0	0.0	0.01985	0.02778	0.01909	0.03088	0.06375	0.07577	0.02299	0.0	0.00114	0.01421	6e-05	6e-05	0.00532	6e-05	0.0056	0.00025	0.00564	0.01951	0.00076	0.09544	0.00903	0.03406	6e-05	6e-05	0.00685	0.01557	0.0549	6e-05	0.09183	6e-05	0.01397	0.02548	0.22998	0.0	0.0	0.0	0.0	0.03607	0.08987	0.01642	0.01463	6e-05	0.02688	0.02161	0.02264	0.01248	0.00717	6e-05	0.04765	0.29769	0.12136	0.09259	6e-05	0.01028	0.0	0.00748	0.01211	0.00429	0.03472	0.04743	0.02634	0.02645	0.02587	0.07068	0.02758	0.01535	0.01604	0.02315	0.0	0.0	0.0	0.0	0.0	0.01677	0.02635	0.0759	0.00814	0.03619	0.06616	0.05454	0.01708	0.02634	0.05473	0.0152	0.02676	0.01671	0.10746	0.00481	0.0	0.02736	0.00324	0.00322	0.00807	0.29769	0.11327	6e-05	6e-05	0.00807	0.02378	0.03086	0.09271	0.1312	0.00903	0.0836	0.00669	6e-05	6e-05	0.03345	0.01742	0.02245	
0.07838	0.06886	0.03801	0.02646	2e-05	0.05404	0.05632	0.02156	0.07683	0.02058	0.03642	0.02646	0.10148	0.02646	0.02646	0.00568	0.02753	0.0682	0.03404	0.04246	0.0	0.11537	0.01468	0.06779	0.02505	0.05037	0.02041	0.09464	0.08069	0.07422	0.05014	0.06431	0.03069	0.03909	0.10026	0.03846	0.02825	0.0	0.0	0.02133	0.08128	0.0331	0.01868	0.05604	0.04683	0.07793	0.0	0.09193	0.25738	2e-05	2e-05	0.02475	2e-05	0.01489	0.00061	0.01507	0.04044	0.1016	0.11959	0.04651	0.12256	2e-05	2e-05	0.01838	0.02793	0.00977	2e-05	0.01223	2e-05	0.06463	0.06446	0.03862	0.0	0.0	0.0	0.0	0.0358	0.04621	0.0262	0.08613	2e-05	0.10777	0.02408	0.02412	0.0399	0.03512	2e-05	0.03079	0.02646	0.04375	0.05177	2e-05	0.05466	0.0	0.01614	0.03818	0.02238	0.04479	0.01485	0.0137	0.00869	0.058	0.07952	0.00595	0.03846	0.03332	0.03163	0.0	0.0	0.0	0.0	0.0	0.00837	0.03601	0.05607	0.02252	0.00863	0.00771	0.08776	0.00396	0.0137	0.0241	0.04824	0.13156	0.0947	0.09454	0.03323	0.0	0.0553	0.00788	0.00783	0.02229	0.02646	0.04568	2e-05	2e-05	0.02229	0.06251	0.04182	0.12128	0.00136	0.04651	0.02389	0.03234	2e-05	2e-05	0.03406	0.1092	0.09819	
0.03495	0.03876	0.02649	0.01881	3e-05	0.02879	0.05142	0.01794	0.05097	0.01469	0.02518	0.01881	0.02593	0.01881	0.01881	0.01992	0.0149	0.04567	0.02388	0.00249	0.11537	0.0	0.03838	0.09807	0.00878	0.13624	0.07773	0.06886	0.02705	0.09727	0.02823	0.06952	0.05143	0.04728	0.07308	0.02611	0.03636	0.0	0.0	0.00057	0.09083	0.0174	0.11777	0.03504	0.06757	0.10072	0.0	0.30307	0.15395	3e-05	3e-05	0.01003	3e-05	0.01069	0.00041	0.0109	0.04686	0.05308	0.01719	0.08441	0.2327	3e-05	3e-05	0.01327	0.03566	0.02008	3e-05	0.03554	3e-05	0.0938	0.10501	0.02658	0.0	0.0	0.0	0.0	0.08016	0.01719	0.04705	0.0154	3e-05	0.10756	0.09414	0.05581	0.02738	0.06362	3e-05	0.02414	0.01881	0.03023	0.03537	3e-05	0.09944	0.0	0.04495	0.02632	0.02368	0.03	0.06265	0.03126	0.04284	0.04318	0.04359	0.00631	0.09398	0.01613	0.11498	0.0	0.0	0.0	0.0	0.0	0.05648	0.1377	0.0457	0.01613	0.04328	0.02447	0.07381	0.19854	0.03126	0.02562	0.03312	0.22062	0.02613	0.02962	0.01255	0.0	0.10408	0.00584	0.0058	0.01597	0.01881	0.03148	3e-05	3e-05	0.01597	0.06086	0.03698	0.01667	0.02887	0.08441	0.06702	0.01293	3e-05	3e-05	0.07299	0.09329	0.09917	
0.09072	0.03727	0.03173	0.04606	1e-05	0.07811	0.05134	0.07236	0.05668	0.03658	0.06518	0.04606	0.07566	0.04606	0.04606	0.05404	0.0332	0.05734	0.02711	0.04273	0.01468	0.03838	0.0	0.07329	0.11908	0.14488	0.072	0.09909	0.09265	0.11308	0.06004	0.2573	0.0668	0.00363	0.11515	0.11167	0.10859	0.0	0.0	0.03675	0.161	0.08966	0.13269	0.08843	0.11046	0.11672	0.0	0.0809	0.01771	1e-05	1e-05	0.01735	1e-05	0.02607	0.00163	0.02605	0.03137	0.05151	0.04653	0.03313	0.05847	1e-05	1e-05	0.03417	0.05214	0.07783	1e-05	0.06608	1e-05	0.08557	0.07585	0.06058	0.0	0.0	0.0	0.0	0.25656	0.09376	0.13727	0.022	1e-05	0.13926	0.06151	0.07893	0.06007	0.02483	1e-05	0.07819	0.04606	0.03404	0.06434	1e-05	0.05762	0.0	0.00356	0.04645	0.06883	0.17144	0.135	0.11589	0.00518	0.13599	0.00554	0.06457	0.05801	0.13313	0.03611	0.0	0.0	0.0	0.0	0.0	0.04856	0.07541	0.0719	0.02907	0.08781	0.03121	0.06061	0.03179	0.11589	0.11781	0.06578	0.07612	0.05557	0.07272	0.06841	0.0	0.0806	0.01408	0.014	0.03833	0.04606	0.08422	1e-05	1e-05	0.03833	0.10265	0.06848	0.12006	0.0329	0.03313	0.02289	0.03317	1e-05	1e-05	0.08396	0.1195	0.09235	
0.06604	0.03165	0.03372	0.02309	2e-05	0.03808	0.04981	0.05939	0.18767	0.01792	0.03263	0.02309	0.03374	0.02309	0.02309	0.02447	0.0247	0.05104	0.05391	0.04859	0.06779	0.09807	0.07329	0.0	0.06159	0.22527	0.20995	0.19079	0.15883	0.20987	0.14284	0.1593	0.19177	0.0301	0.08928	0.1493	0.20695	0.0	0.0	0.09689	0.30405	0.06041	0.05425	0.22127	0.24239	0.16023	0.0	0.07883	0.04682	2e-05	2e-05	0.02386	2e-05	0.01818	0.00723	0.01298	0.06752	0.1752	0.02131	0.046	0.01679	2e-05	2e-05	0.02685	0.06567	0.14414	2e-05	0.04691	2e-05	0.12295	0.17093	0.09	0.0	0.0	0.0	0.0	0.12318	0.13389	0.09467	0.01526	2e-05	0.1779	0.20738	0.0438	0.09019	0.01672	2e-05	0.27909	0.02309	0.03907	0.04791	2e-05	0.05452	0.0	0.05525	0.06589	0.17851	0.34439	0.26462	0.18855	0.18102	0.27407	0.01489	0.13507	0.06922	0.07475	0.13555	0.0	0.0	0.0	0.0	0.0	0.1821	0.29782	0.01833	0.01953	0.1107	0.06684	0.19482	0.11083	0.18855	0.20812	0.08242	0.12035	0.02624	0.08357	0.07042	0.0	0.04268	0.00664	0.0066	0.08164	0.02309	0.04834	2e-05	2e-05	0.08164	0.22815	0.19236	0.16842	0.0371	0.046	0.04985	0.01538	2e-05	2e-05	0.10592	0.1857	0.08762	
0.05415	0.02646	0.0024	0.02273	2e-05	0.03619	0.07412	0.03953	0.06313	0.03175	0.04356	0.02273	0.02489	0.02273	0.02273	0.00192	0.01527	0.00402	0.00216	0.01089	0.02505	0.00878	0.11908	0.06159	0.0	0.03519	0.06123	0.09084	0.08355	0.1054	0.01321	0.07222	0.04376	0.02724	0.03621	0.07736	0.06617	0.0	0.0	0.08953	0.09553	0.12206	0.09775	0.19482	0.07189	0.04241	0.0	0.01652	0.03564	2e-05	2e-05	0.01181	2e-05	0.02713	0.00054	0.02038	0.02319	0.06116	0.0503	0.02189	0.01541	2e-05	2e-05	0.03763	0.01965	0.06717	2e-05	0.01643	2e-05	0.03962	0.04786	0.04808	0.0	0.0	0.0	0.0	0.05938	0.06902	0.04444	0.03948	2e-05	0.0735	0.03147	0.07421	0.0343	0.03975	2e-05	0.1008	0.02273	0.00363	0.01527	2e-05	0.02559	0.0	0.03206	0.02472	0.04432	0.09989	0.06902	0.06215	0.08335	0.08692	0.02416	0.0491	0.02527	0.028	0.05164	0.0	0.0	0.0	0.0	0.0	0.05689	0.11841	0.00461	0.01935	0.04135	0.06228	0.0759	0.04791	0.06215	0.0697	0.04139	0.02216	0.04894	0.03744	0.05317	0.0	0.04227	0.01584	0.01574	0.01915	0.02273	0.0392	2e-05	2e-05	0.01915	0.06745	0.07901	0.05248	0.03575	0.02189	0.04575	0.01536	2e-05	2e-05	0.13169	0.09565	0.07509	
0.03422	0.02575	0.0328	0.02261	1e-05	0.03681	0.07693	0.06236	0.07819	0.01757	0.03165	0.02261	0.03269	0.02261	0.02261	0.02406	0.07374	0.05988	0.02929	0.00684	0.05037	0.13624	0.14488	0.22527	0.03519	0.0	0.21434	0.09242	0.09323	0.08825	0.08441	0.16753	0.1295	0.04117	0.14012	0.11304	0.16301	0.0	0.0	0.10309	0.17061	0.11739	0.12487	0.02424	0.10159	0.19771	0.0	0.14118	0.09936	1e-05	1e-05	0.0233	1e-05	0.01255	0.00054	0.01277	0.09513	0.07672	0.02084	0.04448	0.03697	1e-05	1e-05	0.01558	0.06255	0.0923	1e-05	0.04532	1e-05	0.06184	0.10978	0.04444	0.0	0.0	0.0	0.0	0.20768	0.09437	0.13779	0.00936	1e-05	0.15854	0.12938	0.06745	0.16454	0.01645	1e-05	0.11096	0.02261	0.03791	0.04508	1e-05	0.05253	0.0	0.04404	0.03323	0.25066	0.14029	0.13539	0.04191	0.10067	0.13814	0.02212	0.07319	0.06583	0.13651	0.13448	0.0	0.0	0.0	0.0	0.0	0.13891	0.17651	0.11045	0.16817	0.06865	0.05828	0.07684	0.10454	0.04191	0.17702	0.15404	0.282	0.02916	0.05452	0.08428	0.0	0.15084	0.00658	0.00654	0.01898	0.02261	0.03964	1e-05	1e-05	0.01898	0.11268	0.0549	0.08472	0.03604	0.04448	0.13041	0.01514	1e-05	1e-05	0.19253	0.10205	0.13272	
0.05287	0.02946	0.01996	0.01412	3e-05	0.02181	0.03138	0.10742	0.15682	0.01103	0.01904	0.01412	0.01961	0.01412	0.01412	0.01497	0.01209	0.03455	0.01797	0.02769	0.02041	0.07773	0.072	0.20995	0.06123	0.21434	0.0	0.2057	0.05737	0.338	0.10778	0.1175	0.19306	0.03341	0.06188	0.09671	0.21314	0.0	0.0	0.05811	0.22647	0.16078	0.11695	0.08381	0.09918	0.17242	0.0	0.09542	0.03768	3e-05	3e-05	0.00749	3e-05	0.00806	0.00045	0.00816	0.0128	0.14562	0.01293	0.01362	0.0279	3e-05	3e-05	0.00993	0.02709	0.18202	3e-05	0.02685	3e-05	0.11227	0.2145	0.06489	0.0	0.0	0.0	0.0	0.14304	0.21555	0.16147	0.02391	3e-05	0.21372	0.29498	0.04253	0.02074	0.01046	3e-05	0.18047	0.01412	0.0228	0.02672	3e-05	0.12441	0.0	0.02918	0.01991	0.1797	0.1152	0.22277	0.11946	0.22122	0.14954	0.02226	0.09778	0.11072	0.04794	0.16224	0.0	0.0	0.0	0.0	0.0	0.10034	0.45415	0.02008	0.01209	0.3417	0.11978	0.15861	0.26621	0.11946	0.17921	0.15909	0.19644	0.04425	0.11117	0.04946	0.0	0.03279	0.00434	0.00432	0.01197	0.01412	0.02375	3e-05	3e-05	0.01197	0.20879	0.24546	0.22156	0.02177	0.01362	0.05476	0.00967	3e-05	3e-05	0.20955	0.17738	0.05291	
0.03349	0.09739	0.0303	0.02078	2e-05	0.03425	0.038	0.1258	0.30949	0.02504	0.02935	0.02078	0.02367	0.02078	0.02078	0.01548	0.0325	0.05588	0.02701	0.04357	0.09464	0.06886	0.09909	0.19079	0.09084	0.09242	0.2057	0.0	0.2953	0.18907	0.16093	0.19107	0.27601	0.07188	0.07427	0.10634	0.20493	0.0	0.0	0.05569	0.55487	0.08262	0.06622	0.15237	0.19465	0.1868	0.0	0.04776	0.02293	2e-05	2e-05	0.01057	2e-05	0.01153	0.0006	0.02102	0.0489	0.29239	0.01919	0.0512	0.12068	2e-05	2e-05	0.01425	0.06856	0.16613	2e-05	0.0156	2e-05	0.17931	0.42367	0.06214	0.0	0.0	0.0	0.0	0.11595	0.19586	0.10504	0.09958	2e-05	0.24378	0.15598	0.03671	0.03236	0.01506	2e-05	0.15965	0.02078	0.0351	0.04186	2e-05	0.18395	0.0	0.08891	0.03084	0.18144	0.1936	0.17769	0.07162	0.1038	0.40475	0.03419	0.21312	0.04477	0.16198	0.18093	0.0	0.0	0.0	0.0	0.0	0.12404	0.36391	0.11807	0.01758	0.25903	0.11367	0.28231	0.12479	0.07162	0.1631	0.07462	0.16033	0.15795	0.17904	0.1822	0.0	0.09164	0.00598	0.00595	0.0174	0.02078	0.03673	2e-05	2e-05	0.0174	0.33324	0.17337	0.23019	0.01244	0.0512	0.07948	0.03491	2e-05	2e-05	0.15003	0.23869	0.08582	
0.06924	0.20121	0.01941	0.01373	2e-05	0.02099	0.12219	0.03857	0.03264	0.02571	0.01842	0.01373	0.01903	0.01373	0.01373	0.01454	0.04443	0.03346	0.01759	0.02683	0.08069	0.02705	0.09265	0.15883	0.08355	0.09323	0.05737	0.2953	0.0	0.17969	0.33867	0.13543	0.09461	0.14898	0.17683	0.1425	0.29101	0.0	0.0	0.04366	0.48412	0.03345	0.05294	0.07725	0.06938	0.24218	0.0	0.00527	0.04636	2e-05	2e-05	0.00733	2e-05	0.00788	0.00039	0.02367	0.0296	0.03327	0.0126	0.18079	0.07667	2e-05	2e-05	0.00969	0.22364	0.23532	2e-05	0.02596	2e-05	0.18123	0.20124	0.04611	0.0	0.0	0.0	0.0	0.25438	0.03422	0.07243	0.22506	2e-05	0.04268	0.11231	0.10749	0.02004	0.0102	2e-05	0.1133	0.01373	0.02207	0.02591	2e-05	0.21344	0.0	0.20895	0.01926	0.13301	0.16703	0.12408	0.0575	0.05154	0.36913	0.01802	0.03987	0.09759	0.19858	0.06952	0.0	0.0	0.0	0.0	0.0	0.05569	0.09184	0.06409	0.01178	0.04692	0.07924	0.11279	0.08911	0.0575	0.16722	0.07724	0.11576	0.4515	0.17515	0.11203	0.0	0.1206	0.00426	0.00424	0.01175	0.01373	0.02306	2e-05	2e-05	0.01175	0.10193	0.20362	0.04694	0.02108	0.18079	0.14581	0.00944	2e-05	2e-05	0.10356	0.13316	0.12409	
0.08793	0.07314	0.02525	0.0137	1e-05	0.02163	0.07994	0.12516	0.05163	0.01068	0.06887	0.0137	0.0691	0.0137	0.0137	0.01454	0.02678	0.0347	0.02723	0.02754	0.07422	0.09727	0.11308	0.20987	0.1054	0.08825	0.338	0.18907	0.17969	0.0	0.21855	0.21206	0.14959	0.06568	0.07584	0.13417	0.1632	0.0	0.0	0.04807	0.25382	0.06875	0.117	0.1517	0.12227	0.14329	0.0	0.04581	0.03147	1e-05	1e-05	0.06846	1e-05	0.00772	0.00041	0.00784	0.03167	0.04876	0.01261	0.01323	0.13614	1e-05	1e-05	0.00955	0.12587	0.18962	1e-05	0.02664	1e-05	0.22959	0.24557	0.04046	0.0	0.0	0.0	0.0	0.10727	0.2032	0.14877	0.02367	1e-05	0.22274	0.33143	0.05578	0.02056	0.01006	1e-05	0.22742	0.0137	0.02248	0.02655	1e-05	0.26291	0.0	0.05596	0.0197	0.10725	0.22625	0.18014	0.23761	0.14428	0.09669	0.01838	0.03937	0.15301	0.08904	0.20077	0.0	0.0	0.0	0.0	0.0	0.24814	0.42242	0.12361	0.01168	0.2639	0.10481	0.12678	0.32696	0.23761	0.17333	0.06576	0.1213	0.15046	0.07676	0.04591	0.0	0.06953	0.00411	0.00408	0.01161	0.0137	0.0235	1e-05	1e-05	0.01161	0.07773	0.31075	0.20238	0.02142	0.01323	0.08638	0.00929	1e-05	1e-05	0.22821	0.16065	0.20657	
0.05331	0.13154	0.01086	0.01536	2e-05	0.02422	0.07823	0.0373	0.0693	0.01198	0.05313	0.01536	0.05351	0.01536	0.01536	0.0163	0.01694	0.03867	0.0121	0.03075	0.05014	0.02823	0.06004	0.14284	0.01321	0.08441	0.10778	0.16093	0.33867	0.21855	0.0	0.15062	0.23827	0.01261	0.09604	0.06552	0.14257	0.0	0.0	0.04891	0.23424	0.07853	0.06153	0.14392	0.05069	0.11913	0.0	0.01906	0.06622	2e-05	2e-05	0.00803	2e-05	0.00867	0.00048	0.0088	0.03346	0.06298	0.01411	0.0148	0.031	2e-05	2e-05	0.01071	0.14529	0.15477	2e-05	0.02978	2e-05	0.10433	0.15388	0.08064	0.0	0.0	0.0	0.0	0.15134	0.13342	0.10217	0.02766	2e-05	0.05104	0.09282	0.07197	0.02299	0.01129	2e-05	0.14487	0.01536	0.02515	0.02963	2e-05	0.11061	0.0	0.01153	0.02202	0.15297	0.11326	0.11358	0.05892	0.07555	0.16841	0.02454	0.03608	0.05806	0.05481	0.0439	0.0	0.0	0.0	0.0	0.0	0.08536	0.12601	0.02521	0.0131	0.05664	0.03522	0.10612	0.03732	0.05892	0.14486	0.14099	0.10413	0.19218	0.10372	0.06113	0.0	0.09108	0.00462	0.00459	0.01297	0.01536	0.02624	2e-05	2e-05	0.01297	0.11153	0.08944	0.04614	0.02397	0.0148	0.04486	0.01042	2e-05	2e-05	0.04958	0.14167	0.05427	
0.10465	0.03761	0.02431	0.01678	1e-05	0.0273	0.1855	0.12575	0.19536	0.01306	0.02349	0.01678	0.02426	0.01678	0.01678	0.01786	0.05169	0.04409	0.02172	0.03464	0.06431	0.06952	0.2573	0.1593	0.07222	0.16753	0.1175	0.19107	0.13543	0.21206	0.15062	0.0	0.08207	0.03531	0.31121	0.20502	0.11028	0.0	0.0	0.02822	0.32913	0.06566	0.26638	0.13246	0.19202	0.18054	0.0	0.02252	0.00141	1e-05	1e-05	0.03457	1e-05	0.0093	0.00047	0.0095	0.04068	0.18001	0.01548	0.11572	0.04127	1e-05	1e-05	0.01157	0.07543	0.22398	1e-05	0.0335	1e-05	0.02998	0.10989	0.05142	0.0	0.0	0.0	0.0	0.41739	0.21533	0.1799	0.06683	1e-05	0.34656	0.09257	0.05451	0.09968	0.01222	1e-05	0.15199	0.01678	0.02806	0.03332	1e-05	0.01895	0.0	0.02002	0.02465	0.21351	0.36883	0.18262	0.19509	0.04922	0.36966	0.02735	0.12426	0.14428	0.19797	0.08477	0.0	0.0	0.0	0.0	0.0	0.09553	0.21241	0.04921	0.09927	0.11533	0.04915	0.17174	0.08659	0.19509	0.20925	0.14208	0.1024	0.03714	0.02318	0.15804	0.0	0.10869	0.00489	0.00486	0.01409	0.01678	0.02933	1e-05	1e-05	0.01409	0.20291	0.08206	0.23425	0.02669	0.11572	0.04043	0.01125	1e-05	1e-05	0.22036	0.1295	0.23248	
0.03983	0.02526	0.01741	0.01242	3e-05	0.01888	0.05203	0.07284	0.16568	0.00971	0.01655	0.01242	0.01703	0.01242	0.01242	0.01315	0.03923	0.02971	0.01572	0.02396	0.03069	0.05143	0.0668	0.19177	0.04376	0.1295	0.19306	0.27601	0.09461	0.14959	0.23827	0.08207	0.0	0.02403	0.04497	0.03255	0.16099	0.0	0.0	0.03008	0.32416	0.08156	0.0752	0.12368	0.08927	0.11823	0.0	0.17185	0.09424	3e-05	3e-05	0.00666	3e-05	0.00715	0.00041	0.00723	0.01328	0.1545	0.01135	0.01199	0.04028	3e-05	3e-05	0.0088	0.02329	0.13892	3e-05	0.02325	3e-05	0.13623	0.39838	0.07533	0.0	0.0	0.0	0.0	0.21007	0.18544	0.05484	0.02077	3e-05	0.11203	0.1673	0.03602	0.01797	0.00925	3e-05	0.16862	0.01242	0.01983	0.02314	3e-05	0.15835	0.0	0.01384	0.01728	0.20254	0.06225	0.23986	0.02232	0.10563	0.15001	0.04436	0.10557	0.02293	0.02959	0.11846	0.0	0.0	0.0	0.0	0.0	0.03773	0.22152	0.02974	0.01067	0.26864	0.13411	0.1667	0.0507	0.02232	0.16083	0.0447	0.14005	0.05831	0.0717	0.0511	0.0	0.03692	0.00389	0.00387	0.01057	0.01242	0.02063	3e-05	3e-05	0.01057	0.15154	0.09549	0.09928	0.01895	0.01199	0.0584	0.00857	3e-05	3e-05	0.06578	0.08024	0.05917	
0.12348	0.04563	0.03156	0.02225	3e-05	0.03451	0.03414	0.02397	0.00718	0.03024	0.03007	0.02225	0.03099	0.02225	0.02225	0.0236	0.07369	0.05517	0.02839	0.00036	0.03909	0.04728	0.00363	0.0301	0.02724	0.04117	0.03341	0.07188	0.14898	0.06568	0.01261	0.03531	0.02403	0.0	0.08518	0.06477	0.06805	0.0	0.0	0.05572	0.06839	0.05538	0.07845	0.04487	0.03042	0.04816	0.0	0.03124	0.05369	3e-05	3e-05	0.03545	3e-05	0.01266	0.00055	0.0266	0.06548	0.00852	0.02036	0.02146	0.04977	3e-05	3e-05	0.01562	0.03021	0.06089	3e-05	0.0026	3e-05	0.07977	0.065	0.0318	0.0	0.0	0.0	0.0	0.07641	0.02279	0.04018	0.00528	3e-05	0.05731	0.12131	0.05388	0.03278	0.01645	3e-05	0.00725	0.02225	0.03612	0.04243	3e-05	0.07818	0.0	0.01722	0.03147	0.01792	8e-05	0.00723	0.00503	0.02469	0.03403	0.00395	0.01841	0.09371	0.01449	0.04024	0.0	0.0	0.0	0.0	0.0	0.10511	0.09644	0.02838	0.01904	0.01773	0.04365	0.05371	0.15308	0.00503	0.00517	0.03966	0.04532	0.12894	0.04531	0.03526	0.0	0.08738	0.00681	0.00677	0.01885	0.02225	0.03765	3e-05	3e-05	0.01885	0.09966	0.08854	0.02276	0.03446	0.02146	0.01849	0.0152	3e-05	3e-05	0.00588	0.05614	0.08135	
0.07729	0.0846	0.02663	0.01833	0.0	0.03	0.09193	0.086	0.04128	0.01425	0.02576	0.01833	0.02662	0.01833	0.01833	0.01302	0.00822	0.02879	0.02377	0.0381	0.10026	0.07308	0.11515	0.08928	0.03621	0.14012	0.06188	0.07427	0.17683	0.07584	0.09604	0.31121	0.04497	0.08518	0.0	0.34477	0.1752	0.0	0.0	0.08903	0.18242	0.04572	0.13211	0.06867	0.14612	0.24066	0.0	0.02279	0.02291	0.0	0.0	0.00936	0.0	0.01013	0.00049	0.01034	0.05661	0.03754	0.01692	0.16972	0.04549	0.0	0.0	0.01686	0.09236	0.129	0.0	0.03683	0.0	0.03298	0.05162	0.05468	0.0	0.0	0.0	0.0	0.31143	0.06326	0.11028	0.16984	0.0	0.16023	0.06076	0.1485	0.06778	0.01331	0.0	0.07439	0.01833	0.03079	0.03663	0.0	0.02072	0.0	0.05036	0.0173	0.08948	0.14423	0.09899	0.1105	0.01467	0.19356	0.03	0.02301	0.12821	0.15372	0.07222	0.0	0.0	0.0	0.0	0.0	0.01827	0.06801	0.02646	0.06137	0.02933	0.04558	0.11421	0.03771	0.1105	0.10042	0.15088	0.15194	0.03222	0.08075	0.11448	0.0	0.09107	0.02014	0.00527	0.01537	0.01833	0.0322	0.0	0.0	0.01537	0.10588	0.0879	0.08266	0.02927	0.16972	0.0922	0.01225	0.0	0.0	0.11685	0.04244	0.13979	
0.08258	0.06934	0.06724	0.0925	1e-05	0.1019	0.08627	0.13604	0.05834	0.01938	0.09785	0.0925	0.10315	0.0925	0.0925	0.04118	0.03589	0.04446	0.03268	0.09815	0.03846	0.02611	0.11167	0.1493	0.07736	0.11304	0.09671	0.10634	0.1425	0.13417	0.06552	0.20502	0.03255	0.06477	0.34477	0.0	0.23838	0.0	0.0	0.05255	0.21933	0.03877	0.11465	0.08477	0.13453	0.19999	0.0	0.00602	0.01076	1e-05	1e-05	0.01259	1e-05	0.01392	0.00078	0.01396	0.04085	0.07164	0.04584	0.06606	0.06441	1e-05	1e-05	0.01704	0.07366	0.16931	1e-05	0.06225	1e-05	0.04625	0.05427	0.11074	0.0	0.0	0.0	0.0	0.1887	0.11778	0.1161	0.05583	1e-05	0.16057	0.07091	0.06214	0.05159	0.01801	1e-05	0.09798	0.0925	0.06385	0.06226	1e-05	0.02836	0.0	0.01156	0.02179	0.09543	0.18263	0.15556	0.12302	0.01403	0.22506	0.01572	0.02986	0.06957	0.12828	0.08156	0.0	0.0	0.0	0.0	0.0	0.05196	0.11801	0.01673	0.03651	0.04086	0.05635	0.08909	0.02207	0.12302	0.15654	0.14435	0.10552	0.02655	0.11807	0.07868	0.0	0.08912	0.01205	0.00704	0.02087	0.0925	0.0632	1e-05	1e-05	0.02087	0.1065	0.11571	0.1599	0.17175	0.06606	0.14307	0.05803	1e-05	1e-05	0.08445	0.13552	0.14722	
