0.0	0.01985	0.07844	0.07844	2e-05	2e-05	2e-05	0.07844	2e-05	2e-05	0.07844	0.07844	2e-05	2e-05	2e-05	2e-05	2e-05	0.00587	0.06989	2e-05	2e-05	2e-05	2e-05	2e-05	2e-05	0.08896	2e-05	0.0532	0.06708	0.09024	0.07844	2e-05	0.03764	2e-05	2e-05	0.14597	2e-05	0.06894	0.05864	0.07844	0.10296	0.17204	0.02325	0.03923	2e-05	2e-05	2e-05	2e-05	2e-05	2e-05	0.14177	0.07844	0.0809	2e-05	2e-05	2e-05	2e-05	2e-05	0.07844	0.00449	2e-05	0.00731	2e-05	2e-05	0.13142	2e-05	2e-05	0.14988	0.07006	0.08526	0.07599	0.01313	0.07844	0.09555	0.22127	0.03659	0.01312	0.01584	2e-05	0.08182	2e-05	0.01684	0.0218	0.15565	0.14129	0.14652	0.0	0.0	0.0	0.02885	0.04917	0.1287	0.11949	0.0	0.01683	2e-05	2e-05	0.22273	0.05233	0.02168	0.07273	0.0	0.0	0.0	0.0	0.0	0.10409	0.18174	0.23924	0.06523	0.05036	0.1218	0.02603	0.06523	0.03623	2e-05	0.01879	0.32474	0.05979	0.01721	0.05266	0.01838	0.03907	0.03125	0.02732	0.05127	0.0	2e-05	2e-05	0.08019	0.03659	0.11863	0.0	0.11152	0.01562	0.01892	0.12098	0.14914	2e-05	0.01266	2e-05	0.26128	0.0	0.12839	0.02729	
0.01985	0.0	0.45717	0.45717	8e-05	8e-05	8e-05	0.45717	8e-05	8e-05	0.45717	0.45717	8e-05	8e-05	8e-05	8e-05	8e-05	0.0235	0.02335	8e-05	8e-05	8e-05	8e-05	8e-05	8e-05	0.02715	8e-05	0.14478	0.02915	0.30812	0.45717	8e-05	0.09173	8e-05	8e-05	0.01853	8e-05	0.05276	0.01877	0.45717	0.03173	0.12964	0.20876	0.10247	8e-05	8e-05	8e-05	8e-05	8e-05	8e-05	0.45213	0.45717	0.3762	8e-05	8e-05	8e-05	8e-05	8e-05	0.45717	0.02628	8e-05	0.52441	8e-05	8e-05	0.02215	8e-05	8e-05	0.05007	0.01617	0.04008	0.12932	0.17627	0.45717	0.07859	0.08587	0.0138	0.04224	0.02302	8e-05	0.15277	8e-05	0.03745	0.03518	0.03906	0.02928	0.0207	0.0	0.0	0.0	0.01256	0.01064	0.02361	0.00956	0.0	0.00711	8e-05	8e-05	0.03388	0.0185	0.00888	0.03129	0.0	0.0	0.0	0.0	0.0	0.04541	0.0686	0.03908	0.01377	0.03381	0.03878	0.02058	0.01377	0.03504	8e-05	0.00783	0.04283	0.05039	0.02235	0.05055	0.06285	0.02957	0.01676	0.02686	0.02093	0.0	8e-05	8e-05	0.01517	0.0138	0.1149	0.0	0.06065	0.00459	0.02328	0.05803	0.21861	8e-05	0.01984	8e-05	0.03709	0.0	0.0478	0.04142	
0.07844	0.45717	0.0	0.99972	0.00011	0.00011	0.00011	0.99972	0.00011	0.00011	0.99972	0.99972	0.00011	0.00011	0.00011	0.00011	0.00011	0.01721	0.01711	0.00011	0.00011	0.00011	0.00011	0.00011	0.00011	0.01939	0.00011	0.0131	0.02056	0.55193	0.99972	0.00011	0.06271	0.00011	0.00011	0.01379	0.00011	0.01523	0.01352	0.99972	0.02279	0.08383	0.00735	0.06973	0.00011	0.00011	0.00011	0.00011	0.00011	0.00011	1.00237	0.99972	0.7382	0.00011	0.00011	0.00011	0.00011	0.00011	0.99972	0.0191	0.00011	0.30564	0.00011	0.00011	0.01592	0.00011	0.00011	0.03384	0.01196	0.02799	0.24811	0.38514	0.99972	0.16712	0.21252	0.0105	0.0146	0.01688	0.00011	0.16077	0.00011	0.02665	0.02512	0.02678	0.02079	0.03816	0.0	0.0	0.0	0.02281	0.02698	0.01672	0.02422	0.0	0.00566	0.00011	0.00011	0.02424	0.01378	0.00697	0.02206	0.0	0.0	0.0	0.0	0.0	0.0309	0.0465	0.0926	0.01047	0.02369	0.02754	0.01521	0.01047	0.02502	0.00011	0.00619	0.03026	0.03481	0.0189	0.03543	0.04362	0.03884	0.03399	0.01908	0.01319	0.0	0.00011	0.00011	0.02516	0.0105	0.01643	0.0	0.01852	0.05639	0.01708	0.03881	0.33344	0.00011	0.0147	0.00011	0.02559	0.0	0.03272	0.05416	
0.07844	0.45717	0.99972	0.0	0.00011	0.00011	0.00011	0.99972	0.00011	0.00011	0.99972	0.99972	0.00011	0.00011	0.00011	0.00011	0.00011	0.01721	0.01711	0.00011	0.00011	0.00011	0.00011	0.00011	0.00011	0.01939	0.00011	0.0131	0.02056	0.55193	0.99972	0.00011	0.06271	0.00011	0.00011	0.01379	0.00011	0.01523	0.01352	0.99972	0.02279	0.08383	0.00735	0.06973	0.00011	0.00011	0.00011	0.00011	0.00011	0.00011	1.00237	0.99972	0.7382	0.00011	0.00011	0.00011	0.00011	0.00011	0.99972	0.0191	0.00011	0.30564	0.00011	0.00011	0.01592	0.00011	0.00011	0.03384	0.01196	0.02799	0.24811	0.38514	0.99972	0.16712	0.21252	0.0105	0.0146	0.01688	0.00011	0.16077	0.00011	0.02665	0.02512	0.02678	0.02079	0.03816	0.0	0.0	0.0	0.02281	0.02698	0.01672	0.02422	0.0	0.00566	0.00011	0.00011	0.02424	0.01378	0.00697	0.02206	0.0	0.0	0.0	0.0	0.0	0.0309	0.0465	0.0926	0.01047	0.02369	0.02754	0.01521	0.01047	0.02502	0.00011	0.00619	0.03026	0.03481	0.0189	0.03543	0.04362	0.03884	0.03399	0.01908	0.01319	0.0	0.00011	0.00011	0.02516	0.0105	0.01643	0.0	0.01852	0.05639	0.01708	0.03881	0.33344	0.00011	0.0147	0.00011	0.02559	0.0	0.03272	0.05416	
2e-05	8e-05	0.00011	0.00011	0.0	0.0	0.0	0.00011	0.0	0.0	0.00011	0.00011	0.0	0.0	0.0	0.0	0.0	8e-05	8e-05	0.0	0.0	0.0	0.0	0.0	0.0	3e-05	0.0	5e-05	3e-05	4e-05	0.00011	0.0	4e-05	0.0	0.0	0.0001	0.0	1e-05	3e-05	0.00011	6e-05	2e-05	0.00019	4e-05	0.0	0.0	0.0	0.0	0.0	0.0	0.00011	0.00011	5e-05	0.0	0.0	0.0	0.0	0.0	0.00011	7e-05	0.0	7e-05	0.0	0.0	4e-05	0.0	0.0	0.0	5e-05	4e-05	3e-05	8e-05	0.00011	2e-05	6e-05	0.00013	9e-05	8e-05	0.0	0.0	0.0	5e-05	6e-05	1e-05	3e-05	2e-05	0.0	0.0	0.0	7e-05	2e-05	1e-05	3e-05	0.0	0.00025	0.0	0.0	6e-05	0.0001	0.00025	3e-05	0.0	0.0	0.0	0.0	0.0	0.0	2e-05	2e-05	0.00013	3e-05	5e-05	9e-05	0.00013	6e-05	0.0	0.00023	5e-05	2e-05	3e-05	5e-05	4e-05	2e-05	2e-05	3e-05	0.00013	0.0	0.0	0.0	2e-05	0.00013	1e-05	0.0	3e-05	4e-05	8e-05	0.0	2e-05	0.0	9e-05	0.0	0.0	0.0	0.0	2e-05	
2e-05	8e-05	0.00011	0.00011	0.0	0.0	0.0	0.00011	0.0	0.0	0.00011	0.00011	0.0	0.0	0.0	0.0	0.0	8e-05	8e-05	0.0	0.0	0.0	0.0	0.0	0.0	3e-05	0.0	5e-05	3e-05	4e-05	0.00011	0.0	4e-05	0.0	0.0	0.0001	0.0	1e-05	3e-05	0.00011	6e-05	2e-05	0.00019	4e-05	0.0	0.0	0.0	0.0	0.0	0.0	0.00011	0.00011	5e-05	0.0	0.0	0.0	0.0	0.0	0.00011	7e-05	0.0	7e-05	0.0	0.0	4e-05	0.0	0.0	0.0	5e-05	4e-05	3e-05	8e-05	0.00011	2e-05	6e-05	0.00013	9e-05	8e-05	0.0	0.0	0.0	5e-05	6e-05	1e-05	3e-05	2e-05	0.0	0.0	0.0	7e-05	2e-05	1e-05	3e-05	0.0	0.00025	0.0	0.0	6e-05	0.0001	0.00025	3e-05	0.0	0.0	0.0	0.0	0.0	0.0	2e-05	2e-05	0.00013	3e-05	5e-05	9e-05	0.00013	6e-05	0.0	0.00023	5e-05	2e-05	3e-05	5e-05	4e-05	2e-05	2e-05	3e-05	0.00013	0.0	0.0	0.0	2e-05	0.00013	1e-05	0.0	3e-05	4e-05	8e-05	0.0	2e-05	0.0	9e-05	0.0	0.0	0.0	0.0	2e-05	
2e-05	8e-05	0.00011	0.00011	0.0	0.0	0.0	0.00011	0.0	0.0	0.00011	0.00011	0.0	0.0	0.0	0.0	0.0	8e-05	8e-05	0.0	0.0	0.0	0.0	0.0	0.0	3e-05	0.0	5e-05	3e-05	4e-05	0.00011	0.0	4e-05	0.0	0.0	0.0001	0.0	1e-05	3e-05	0.00011	6e-05	2e-05	0.00019	4e-05	0.0	0.0	0.0	0.0	0.0	0.0	0.00011	0.00011	5e-05	0.0	0.0	0.0	0.0	0.0	0.00011	7e-05	0.0	7e-05	0.0	0.0	4e-05	0.0	0.0	0.0	5e-05	4e-05	3e-05	8e-05	0.00011	2e-05	6e-05	0.00013	9e-05	8e-05	0.0	0.0	0.0	5e-05	6e-05	1e-05	3e-05	2e-05	0.0	0.0	0.0	7e-05	2e-05	1e-05	3e-05	0.0	0.00025	0.0	0.0	6e-05	0.0001	0.00025	3e-05	0.0	0.0	0.0	0.0	0.0	0.0	2e-05	2e-05	0.00013	3e-05	5e-05	9e-05	0.00013	6e-05	0.0	0.00023	5e-05	2e-05	3e-05	5e-05	4e-05	2e-05	2e-05	3e-05	0.00013	0.0	0.0	0.0	2e-05	0.00013	1e-05	0.0	3e-05	4e-05	8e-05	0.0	2e-05	0.0	9e-05	0.0	0.0	0.0	0.0	2e-05	
0.07844	0.45717	0.99972	0.99972	0.00011	0.00011	0.00011	0.0	0.00011	0.00011	0.99972	0.99972	0.00011	0.00011	0.00011	0.00011	0.00011	0.01721	0.01711	0.00011	0.00011	0.00011	0.00011	0.00011	0.00011	0.01939	0.00011	0.0131	0.02056	0.55193	0.99972	0.00011	0.06271	0.00011	0.00011	0.01379	0.00011	0.01523	0.01352	0.99972	0.02279	0.08383	0.00735	0.06973	0.00011	0.00011	0.00011	0.00011	0.00011	0.00011	1.00237	0.99972	0.7382	0.00011	0.00011	0.00011	0.00011	0.00011	0.99972	0.0191	0.00011	0.30564	0.00011	0.00011	0.01592	0.00011	0.00011	0.03384	0.01196	0.02799	0.24811	0.38514	0.99972	0.16712	0.21252	0.0105	0.0146	0.01688	0.00011	0.16077	0.00011	0.02665	0.02512	0.02678	0.02079	0.03816	0.0	0.0	0.0	0.02281	0.02698	0.01672	0.02422	0.0	0.00566	0.00011	0.00011	0.02424	0.01378	0.00697	0.02206	0.0	0.0	0.0	0.0	0.0	0.0309	0.0465	0.0926	0.01047	0.02369	0.02754	0.01521	0.01047	0.02502	0.00011	0.00619	0.03026	0.03481	0.0189	0.03543	0.04362	0.03884	0.03399	0.01908	0.01319	0.0	0.00011	0.00011	0.02516	0.0105	0.01643	0.0	0.01852	0.05639	0.01708	0.03881	0.33344	0.00011	0.0147	0.00011	0.02559	0.0	0.03272	0.05416	
2e-05	8e-05	0.00011	0.00011	0.0	0.0	0.0	0.00011	0.0	0.0	0.00011	0.00011	0.0	0.0	0.0	0.0	0.0	8e-05	8e-05	0.0	0.0	0.0	0.0	0.0	0.0	3e-05	0.0	5e-05	3e-05	4e-05	0.00011	0.0	4e-05	0.0	0.0	0.0001	0.0	1e-05	3e-05	0.00011	6e-05	2e-05	0.00019	4e-05	0.0	0.0	0.0	0.0	0.0	0.0	0.00011	0.00011	5e-05	0.0	0.0	0.0	0.0	0.0	0.00011	7e-05	0.0	7e-05	0.0	0.0	4e-05	0.0	0.0	0.0	5e-05	4e-05	3e-05	8e-05	0.00011	2e-05	6e-05	0.00013	9e-05	8e-05	0.0	0.0	0.0	5e-05	6e-05	1e-05	3e-05	2e-05	0.0	0.0	0.0	7e-05	2e-05	1e-05	3e-05	0.0	0.00025	0.0	0.0	6e-05	0.0001	0.00025	3e-05	0.0	0.0	0.0	0.0	0.0	0.0	2e-05	2e-05	0.00013	3e-05	5e-05	9e-05	0.00013	6e-05	0.0	0.00023	5e-05	2e-05	3e-05	5e-05	4e-05	2e-05	2e-05	3e-05	0.00013	0.0	0.0	0.0	2e-05	0.00013	1e-05	0.0	3e-05	4e-05	8e-05	0.0	2e-05	0.0	9e-05	0.0	0.0	0.0	0.0	2e-05	
2e-05	8e-05	0.00011	0.00011	0.0	0.0	0.0	0.00011	0.0	0.0	0.00011	0.00011	0.0	0.0	0.0	0.0	0.0	8e-05	8e-05	0.0	0.0	0.0	0.0	0.0	0.0	3e-05	0.0	5e-05	3e-05	4e-05	0.00011	0.0	4e-05	0.0	0.0	0.0001	0.0	1e-05	3e-05	0.00011	6e-05	2e-05	0.00019	4e-05	0.0	0.0	0.0	0.0	0.0	0.0	0.00011	0.00011	5e-05	0.0	0.0	0.0	0.0	0.0	0.00011	7e-05	0.0	7e-05	0.0	0.0	4e-05	0.0	0.0	0.0	5e-05	4e-05	3e-05	8e-05	0.00011	2e-05	6e-05	0.00013	9e-05	8e-05	0.0	0.0	0.0	5e-05	6e-05	1e-05	3e-05	2e-05	0.0	0.0	0.0	7e-05	2e-05	1e-05	3e-05	0.0	0.00025	0.0	0.0	6e-05	0.0001	0.00025	3e-05	0.0	0.0	0.0	0.0	0.0	0.0	2e-05	2e-05	0.00013	3e-05	5e-05	9e-05	0.00013	6e-05	0.0	0.00023	5e-05	2e-05	3e-05	5e-05	4e-05	2e-05	2e-05	3e-05	0.00013	0.0	0.0	0.0	2e-05	0.00013	1e-05	0.0	3e-05	4e-05	8e-05	0.0	2e-05	0.0	9e-05	0.0	0.0	0.0	0.0	2e-05	
0.07844	0.45717	0.99972	0.99972	0.00011	0.00011	0.00011	0.99972	0.00011	0.00011	0.0	0.99972	0.00011	0.00011	0.00011	0.00011	0.00011	0.01721	0.01711	0.00011	0.00011	0.00011	0.00011	0.00011	0.00011	0.01939	0.00011	0.0131	0.02056	0.55193	0.99972	0.00011	0.06271	0.00011	0.00011	0.01379	0.00011	0.01523	0.01352	0.99972	0.02279	0.08383	0.00735	0.06973	0.00011	0.00011	0.00011	0.00011	0.00011	0.00011	1.00237	0.99972	0.7382	0.00011	0.00011	0.00011	0.00011	0.00011	0.99972	0.0191	0.00011	0.30564	0.00011	0.00011	0.01592	0.00011	0.00011	0.03384	0.01196	0.02799	0.24811	0.38514	0.99972	0.16712	0.21252	0.0105	0.0146	0.01688	0.00011	0.16077	0.00011	0.02665	0.02512	0.02678	0.02079	0.03816	0.0	0.0	0.0	0.02281	0.02698	0.01672	0.02422	0.0	0.00566	0.00011	0.00011	0.02424	0.01378	0.00697	0.02206	0.0	0.0	0.0	0.0	0.0	0.0309	0.0465	0.0926	0.01047	0.02369	0.02754	0.01521	0.01047	0.02502	0.00011	0.00619	0.03026	0.03481	0.0189	0.03543	0.04362	0.03884	0.03399	0.01908	0.01319	0.0	0.00011	0.00011	0.02516	0.0105	0.01643	0.0	0.01852	0.05639	0.01708	0.03881	0.33344	0.00011	0.0147	0.00011	0.02559	0.0	0.03272	0.05416	
0.07844	0.45717	0.99972	0.99972	0.00011	0.00011	0.00011	0.99972	0.00011	0.00011	0.99972	0.0	0.00011	0.00011	0.00011	0.00011	0.00011	0.01721	0.01711	0.00011	0.00011	0.00011	0.00011	0.00011	0.00011	0.01939	0.00011	0.0131	0.02056	0.55193	0.99972	0.00011	0.06271	0.00011	0.00011	0.01379	0.00011	0.01523	0.01352	0.99972	0.02279	0.08383	0.00735	0.06973	0.00011	0.00011	0.00011	0.00011	0.00011	0.00011	1.00237	0.99972	0.7382	0.00011	0.00011	0.00011	0.00011	0.00011	0.99972	0.0191	0.00011	0.30564	0.00011	0.00011	0.01592	0.00011	0.00011	0.03384	0.01196	0.02799	0.24811	0.38514	0.99972	0.16712	0.21252	0.0105	0.0146	0.01688	0.00011	0.16077	0.00011	0.02665	0.02512	0.02678	0.02079	0.03816	0.0	0.0	0.0	0.02281	0.02698	0.01672	0.02422	0.0	0.00566	0.00011	0.00011	0.02424	0.01378	0.00697	0.02206	0.0	0.0	0.0	0.0	0.0	0.0309	0.0465	0.0926	0.01047	0.02369	0.02754	0.01521	0.01047	0.02502	0.00011	0.00619	0.03026	0.03481	0.0189	0.03543	0.04362	0.03884	0.03399	0.01908	0.01319	0.0	0.00011	0.00011	0.02516	0.0105	0.01643	0.0	0.01852	0.05639	0.01708	0.03881	0.33344	0.00011	0.0147	0.00011	0.02559	0.0	0.03272	0.05416	
2e-05	8e-05	0.00011	0.00011	0.0	0.0	0.0	0.00011	0.0	0.0	0.00011	0.00011	0.0	0.0	0.0	0.0	0.0	8e-05	8e-05	0.0	0.0	0.0	0.0	0.0	0.0	3e-05	0.0	5e-05	3e-05	4e-05	0.00011	0.0	4e-05	0.0	0.0	0.0001	0.0	1e-05	3e-05	0.00011	6e-05	2e-05	0.00019	4e-05	0.0	0.0	0.0	0.0	0.0	0.0	0.00011	0.00011	5e-05	0.0	0.0	0.0	0.0	0.0	0.00011	7e-05	0.0	7e-05	0.0	0.0	4e-05	0.0	0.0	0.0	5e-05	4e-05	3e-05	8e-05	0.00011	2e-05	6e-05	0.00013	9e-05	8e-05	0.0	0.0	0.0	5e-05	6e-05	1e-05	3e-05	2e-05	0.0	0.0	0.0	7e-05	2e-05	1e-05	3e-05	0.0	0.00025	0.0	0.0	6e-05	0.0001	0.00025	3e-05	0.0	0.0	0.0	0.0	0.0	0.0	2e-05	2e-05	0.00013	3e-05	5e-05	9e-05	0.00013	6e-05	0.0	0.00023	5e-05	2e-05	3e-05	5e-05	4e-05	2e-05	2e-05	3e-05	0.00013	0.0	0.0	0.0	2e-05	0.00013	1e-05	0.0	3e-05	4e-05	8e-05	0.0	2e-05	0.0	9e-05	0.0	0.0	0.0	0.0	2e-05	
2e-05	8e-05	0.00011	0.00011	0.0	0.0	0.0	0.00011	0.0	0.0	0.00011	0.00011	0.0	0.0	0.0	0.0	0.0	8e-05	8e-05	0.0	0.0	0.0	0.0	0.0	0.0	3e-05	0.0	5e-05	3e-05	4e-05	0.00011	0.0	4e-05	0.0	0.0	0.0001	0.0	1e-05	3e-05	0.00011	6e-05	2e-05	0.00019	4e-05	0.0	0.0	0.0	0.0	0.0	0.0	0.00011	0.00011	5e-05	0.0	0.0	0.0	0.0	0.0	0.00011	7e-05	0.0	7e-05	0.0	0.0	4e-05	0.0	0.0	0.0	5e-05	4e-05	3e-05	8e-05	0.00011	2e-05	6e-05	0.00013	9e-05	8e-05	0.0	0.0	0.0	5e-05	6e-05	1e-05	3e-05	2e-05	0.0	0.0	0.0	7e-05	2e-05	1e-05	3e-05	0.0	0.00025	0.0	0.0	6e-05	0.0001	0.00025	3e-05	0.0	0.0	0.0	0.0	0.0	0.0	2e-05	2e-05	0.00013	3e-05	5e-05	9e-05	0.00013	6e-05	0.0	0.00023	5e-05	2e-05	3e-05	5e-05	4e-05	2e-05	2e-05	3e-05	0.00013	0.0	0.0	0.0	2e-05	0.00013	1e-05	0.0	3e-05	4e-05	8e-05	0.0	2e-05	0.0	9e-05	0.0	0.0	0.0	0.0	2e-05	
2e-05	8e-05	0.00011	0.00011	0.0	0.0	0.0	0.00011	0.0	0.0	0.00011	0.00011	0.0	0.0	0.0	0.0	0.0	8e-05	8e-05	0.0	0.0	0.0	0.0	0.0	0.0	3e-05	0.0	5e-05	3e-05	4e-05	0.00011	0.0	4e-05	0.0	0.0	0.0001	0.0	1e-05	3e-05	0.00011	6e-05	2e-05	0.00019	4e-05	0.0	0.0	0.0	0.0	0.0	0.0	0.00011	0.00011	5e-05	0.0	0.0	0.0	0.0	0.0	0.00011	7e-05	0.0	7e-05	0.0	0.0	4e-05	0.0	0.0	0.0	5e-05	4e-05	3e-05	8e-05	0.00011	2e-05	6e-05	0.00013	9e-05	8e-05	0.0	0.0	0.0	5e-05	6e-05	1e-05	3e-05	2e-05	0.0	0.0	0.0	7e-05	2e-05	1e-05	3e-05	0.0	0.00025	0.0	0.0	6e-05	0.0001	0.00025	3e-05	0.0	0.0	0.0	0.0	0.0	0.0	2e-05	2e-05	0.00013	3e-05	5e-05	9e-05	0.00013	6e-05	0.0	0.00023	5e-05	2e-05	3e-05	5e-05	4e-05	2e-05	2e-05	3e-05	0.00013	0.0	0.0	0.0	2e-05	0.00013	1e-05	0.0	3e-05	4e-05	8e-05	0.0	2e-05	0.0	9e-05	0.0	0.0	0.0	0.0	2e-05	
2e-05	8e-05	0.00011	0.00011	0.0	0.0	0.0	0.00011	0.0	0.0	0.00011	0.00011	0.0	0.0	0.0	0.0	0.0	8e-05	8e-05	0.0	0.0	0.0	0.0	0.0	0.0	3e-05	0.0	5e-05	3e-05	4e-05	0.00011	0.0	4e-05	0.0	0.0	0.0001	0.0	1e-05	3e-05	0.00011	6e-05	2e-05	0.00019	4e-05	0.0	0.0	0.0	0.0	0.0	0.0	0.00011	0.00011	5e-05	0.0	0.0	0.0	0.0	0.0	0.00011	7e-05	0.0	7e-05	0.0	0.0	4e-05	0.0	0.0	0.0	5e-05	4e-05	3e-05	8e-05	0.00011	2e-05	6e-05	0.00013	9e-05	8e-05	0.0	0.0	0.0	5e-05	6e-05	1e-05	3e-05	2e-05	0.0	0.0	0.0	7e-05	2e-05	1e-05	3e-05	0.0	0.00025	0.0	0.0	6e-05	0.0001	0.00025	3e-05	0.0	0.0	0.0	0.0	0.0	0.0	2e-05	2e-05	0.00013	3e-05	5e-05	9e-05	0.00013	6e-05	0.0	0.00023	5e-05	2e-05	3e-05	5e-05	4e-05	2e-05	2e-05	3e-05	0.00013	0.0	0.0	0.0	2e-05	0.00013	1e-05	0.0	3e-05	4e-05	8e-05	0.0	2e-05	0.0	9e-05	0.0	0.0	0.0	0.0	2e-05	
2e-05	8e-05	0.00011	0.00011	0.0	0.0	0.0	0.00011	0.0	0.0	0.00011	0.00011	0.0	0.0	0.0	0.0	0.0	8e-05	8e-05	0.0	0.0	0.0	0.0	0.0	0.0	3e-05	0.0	5e-05	3e-05	4e-05	0.00011	0.0	4e-05	0.0	0.0	0.0001	0.0	1e-05	3e-05	0.00011	6e-05	2e-05	0.00019	4e-05	0.0	0.0	0.0	0.0	0.0	0.0	0.00011	0.00011	5e-05	0.0	0.0	0.0	0.0	0.0	0.00011	7e-05	0.0	7e-05	0.0	0.0	4e-05	0.0	0.0	0.0	5e-05	4e-05	3e-05	8e-05	0.00011	2e-05	6e-05	0.00013	9e-05	8e-05	0.0	0.0	0.0	5e-05	6e-05	1e-05	3e-05	2e-05	0.0	0.0	0.0	7e-05	2e-05	1e-05	3e-05	0.0	0.00025	0.0	0.0	6e-05	0.0001	0.00025	3e-05	0.0	0.0	0.0	0.0	0.0	0.0	2e-05	2e-05	0.00013	3e-05	5e-05	9e-05	0.00013	6e-05	0.0	0.00023	5e-05	2e-05	3e-05	5e-05	4e-05	2e-05	2e-05	3e-05	0.00013	0.0	0.0	0.0	2e-05	0.00013	1e-05	0.0	3e-05	4e-05	8e-05	0.0	2e-05	0.0	9e-05	0.0	0.0	0.0	0.0	2e-05	
0.00587	0.0235	0.01721	0.01721	8e-05	8e-05	8e-05	0.01721	8e-05	8e-05	0.01721	0.01721	8e-05	8e-05	8e-05	8e-05	8e-05	0.0	0.02543	8e-05	8e-05	8e-05	8e-05	8e-05	8e-05	0.02976	8e-05	0.01949	0.07303	0.02375	0.01721	8e-05	0.10201	8e-05	8e-05	0.02008	8e-05	0.20324	0.02052	0.01721	0.03473	0.05198	0.01008	0.00057	8e-05	8e-05	8e-05	8e-05	8e-05	8e-05	0.0392	0.01721	0.01913	8e-05	8e-05	8e-05	8e-05	8e-05	0.01721	0.26653	8e-05	0.02944	8e-05	8e-05	0.02423	8e-05	8e-05	0.05943	0.01757	0.07357	0.03248	0.02577	0.01721	0.0398	0.03681	0.01488	0.12955	0.02506	8e-05	0.02232	8e-05	0.02752	0.03284	0.03882	0.03215	0.02922	0.0	0.0	0.0	0.05217	0.03039	0.02594	0.03367	0.0	0.00759	8e-05	8e-05	0.03639	0.02006	0.0095	0.03446	0.0	0.0	0.0	0.0	0.0	0.04139	0.01039	0.0441	0.01484	0.01287	0.04259	0.02236	0.30964	0.03842	8e-05	0.00836	0.01822	0.04606	0.02899	0.00999	0.0034	0.02994	0.05524	0.07557	0.01657	0.0	8e-05	8e-05	0.04035	0.01488	0.18053	0.0	0.02861	0.03011	0.02537	0.05448	0.02342	8e-05	0.02153	8e-05	0.03804	0.0	0.13103	0.03704	
0.06989	0.02335	0.01711	0.01711	8e-05	8e-05	8e-05	0.01711	8e-05	8e-05	0.01711	0.01711	8e-05	8e-05	8e-05	8e-05	8e-05	0.02543	0.0	8e-05	8e-05	8e-05	8e-05	8e-05	8e-05	0.02956	8e-05	0.01937	0.03185	0.03633	0.01711	8e-05	0.09951	8e-05	8e-05	0.01996	8e-05	0.02322	0.1694	0.01711	0.43648	0.13838	0.01003	0.00249	8e-05	8e-05	8e-05	8e-05	8e-05	8e-05	0.02296	0.01711	0.01901	8e-05	8e-05	8e-05	8e-05	8e-05	0.01711	0.02849	8e-05	0.02925	8e-05	8e-05	0.02407	8e-05	8e-05	0.02608	0.08667	0.04391	0.04791	0.05461	0.01711	0.03951	0.03672	0.01479	0.02124	0.0249	8e-05	0.04331	8e-05	0.04083	0.00044	0.01618	0.03365	0.02618	0.0	0.0	0.0	0.03443	0.04251	0.08114	0.02209	0.0	0.13108	8e-05	8e-05	0.03688	0.01994	0.00945	0.15575	0.0	0.0	0.0	0.0	0.0	0.04517	0.09543	0.06254	0.01476	0.037	0.0423	0.02222	0.01476	0.03816	8e-05	0.00832	0.04678	0.0072	0.0288	0.00632	0.01388	0.04749	0.05481	0.15945	0.01881	0.0	8e-05	8e-05	0.03956	0.01479	0.02532	0.0	0.02842	0.02442	0.02515	0.04058	0.04879	8e-05	0.0214	8e-05	0.04076	0.0	0.05576	0.0363	
2e-05	8e-05	0.00011	0.00011	0.0	0.0	0.0	0.00011	0.0	0.0	0.00011	0.00011	0.0	0.0	0.0	0.0	0.0	8e-05	8e-05	0.0	0.0	0.0	0.0	0.0	0.0	3e-05	0.0	5e-05	3e-05	4e-05	0.00011	0.0	4e-05	0.0	0.0	0.0001	0.0	1e-05	3e-05	0.00011	6e-05	2e-05	0.00019	4e-05	0.0	0.0	0.0	0.0	0.0	0.0	0.00011	0.00011	5e-05	0.0	0.0	0.0	0.0	0.0	0.00011	7e-05	0.0	7e-05	0.0	0.0	4e-05	0.0	0.0	0.0	5e-05	4e-05	3e-05	8e-05	0.00011	2e-05	6e-05	0.00013	9e-05	8e-05	0.0	0.0	0.0	5e-05	6e-05	1e-05	3e-05	2e-05	0.0	0.0	0.0	7e-05	2e-05	1e-05	3e-05	0.0	0.00025	0.0	0.0	6e-05	0.0001	0.00025	3e-05	0.0	0.0	0.0	0.0	0.0	0.0	2e-05	2e-05	0.00013	3e-05	5e-05	9e-05	0.00013	6e-05	0.0	0.00023	5e-05	2e-05	3e-05	5e-05	4e-05	2e-05	2e-05	3e-05	0.00013	0.0	0.0	0.0	2e-05	0.00013	1e-05	0.0	3e-05	4e-05	8e-05	0.0	2e-05	0.0	9e-05	0.0	0.0	0.0	0.0	2e-05	
2e-05	8e-05	0.00011	0.00011	0.0	0.0	0.0	0.00011	0.0	0.0	0.00011	0.00011	0.0	0.0	0.0	0.0	0.0	8e-05	8e-05	0.0	0.0	0.0	0.0	0.0	0.0	3e-05	0.0	5e-05	3e-05	4e-05	0.00011	0.0	4e-05	0.0	0.0	0.0001	0.0	1e-05	3e-05	0.00011	6e-05	2e-05	0.00019	4e-05	0.0	0.0	0.0	0.0	0.0	0.0	0.00011	0.00011	5e-05	0.0	0.0	0.0	0.0	0.0	0.00011	7e-05	0.0	7e-05	0.0	0.0	4e-05	0.0	0.0	0.0	5e-05	4e-05	3e-05	8e-05	0.00011	2e-05	6e-05	0.00013	9e-05	8e-05	0.0	0.0	0.0	5e-05	6e-05	1e-05	3e-05	2e-05	0.0	0.0	0.0	7e-05	2e-05	1e-05	3e-05	0.0	0.00025	0.0	0.0	6e-05	0.0001	0.00025	3e-05	0.0	0.0	0.0	0.0	0.0	0.0	2e-05	2e-05	0.00013	3e-05	5e-05	9e-05	0.00013	6e-05	0.0	0.00023	5e-05	2e-05	3e-05	5e-05	4e-05	2e-05	2e-05	3e-05	0.00013	0.0	0.0	0.0	2e-05	0.00013	1e-05	0.0	3e-05	4e-05	8e-05	0.0	2e-05	0.0	9e-05	0.0	0.0	0.0	0.0	2e-05	
2e-05	8e-05	0.00011	0.00011	0.0	0.0	0.0	0.00011	0.0	0.0	0.00011	0.00011	0.0	0.0	0.0	0.0	0.0	8e-05	8e-05	0.0	0.0	0.0	0.0	0.0	0.0	3e-05	0.0	5e-05	3e-05	4e-05	0.00011	0.0	4e-05	0.0	0.0	0.0001	0.0	1e-05	3e-05	0.00011	6e-05	2e-05	0.00019	4e-05	0.0	0.0	0.0	0.0	0.0	0.0	0.00011	0.00011	5e-05	0.0	0.0	0.0	0.0	0.0	0.00011	7e-05	0.0	7e-05	0.0	0.0	4e-05	0.0	0.0	0.0	5e-05	4e-05	3e-05	8e-05	0.00011	2e-05	6e-05	0.00013	9e-05	8e-05	0.0	0.0	0.0	5e-05	6e-05	1e-05	3e-05	2e-05	0.0	0.0	0.0	7e-05	2e-05	1e-05	3e-05	0.0	0.00025	0.0	0.0	6e-05	0.0001	0.00025	3e-05	0.0	0.0	0.0	0.0	0.0	0.0	2e-05	2e-05	0.00013	3e-05	5e-05	9e-05	0.00013	6e-05	0.0	0.00023	5e-05	2e-05	3e-05	5e-05	4e-05	2e-05	2e-05	3e-05	0.00013	0.0	0.0	0.0	2e-05	0.00013	1e-05	0.0	3e-05	4e-05	8e-05	0.0	2e-05	0.0	9e-05	0.0	0.0	0.0	0.0	2e-05	
2e-05	8e-05	0.00011	0.00011	0.0	0.0	0.0	0.00011	0.0	0.0	0.00011	0.00011	0.0	0.0	0.0	0.0	0.0	8e-05	8e-05	0.0	0.0	0.0	0.0	0.0	0.0	3e-05	0.0	5e-05	3e-05	4e-05	0.00011	0.0	4e-05	0.0	0.0	0.0001	0.0	1e-05	3e-05	0.00011	6e-05	2e-05	0.00019	4e-05	0.0	0.0	0.0	0.0	0.0	0.0	0.00011	0.00011	5e-05	0.0	0.0	0.0	0.0	0.0	0.00011	7e-05	0.0	7e-05	0.0	0.0	4e-05	0.0	0.0	0.0	5e-05	4e-05	3e-05	8e-05	0.00011	2e-05	6e-05	0.00013	9e-05	8e-05	0.0	0.0	0.0	5e-05	6e-05	1e-05	3e-05	2e-05	0.0	0.0	0.0	7e-05	2e-05	1e-05	3e-05	0.0	0.00025	0.0	0.0	6e-05	0.0001	0.00025	3e-05	0.0	0.0	0.0	0.0	0.0	0.0	2e-05	2e-05	0.00013	3e-05	5e-05	9e-05	0.00013	6e-05	0.0	0.00023	5e-05	2e-05	3e-05	5e-05	4e-05	2e-05	2e-05	3e-05	0.00013	0.0	0.0	0.0	2e-05	0.00013	1e-05	0.0	3e-05	4e-05	8e-05	0.0	2e-05	0.0	9e-05	0.0	0.0	0.0	0.0	2e-05	
2e-05	8e-05	0.00011	0.00011	0.0	0.0	0.0	0.00011	0.0	0.0	0.00011	0.00011	0.0	0.0	0.0	0.0	0.0	8e-05	8e-05	0.0	0.0	0.0	0.0	0.0	0.0	3e-05	0.0	5e-05	3e-05	4e-05	0.00011	0.0	4e-05	0.0	0.0	0.0001	0.0	1e-05	3e-05	0.00011	6e-05	2e-05	0.00019	4e-05	0.0	0.0	0.0	0.0	0.0	0.0	0.00011	0.00011	5e-05	0.0	0.0	0.0	0.0	0.0	0.00011	7e-05	0.0	7e-05	0.0	0.0	4e-05	0.0	0.0	0.0	5e-05	4e-05	3e-05	8e-05	0.00011	2e-05	6e-05	0.00013	9e-05	8e-05	0.0	0.0	0.0	5e-05	6e-05	1e-05	3e-05	2e-05	0.0	0.0	0.0	7e-05	2e-05	1e-05	3e-05	0.0	0.00025	0.0	0.0	6e-05	0.0001	0.00025	3e-05	0.0	0.0	0.0	0.0	0.0	0.0	2e-05	2e-05	0.00013	3e-05	5e-05	9e-05	0.00013	6e-05	0.0	0.00023	5e-05	2e-05	3e-05	5e-05	4e-05	2e-05	2e-05	3e-05	0.00013	0.0	0.0	0.0	2e-05	0.00013	1e-05	0.0	3e-05	4e-05	8e-05	0.0	2e-05	0.0	9e-05	0.0	0.0	0.0	0.0	2e-05	
2e-05	8e-05	0.00011	0.00011	0.0	0.0	0.0	0.00011	0.0	0.0	0.00011	0.00011	0.0	0.0	0.0	0.0	0.0	8e-05	8e-05	0.0	0.0	0.0	0.0	0.0	0.0	3e-05	0.0	5e-05	3e-05	4e-05	0.00011	0.0	4e-05	0.0	0.0	0.0001	0.0	1e-05	3e-05	0.00011	6e-05	2e-05	0.00019	4e-05	0.0	0.0	0.0	0.0	0.0	0.0	0.00011	0.00011	5e-05	0.0	0.0	0.0	0.0	0.0	0.00011	7e-05	0.0	7e-05	0.0	0.0	4e-05	0.0	0.0	0.0	5e-05	4e-05	3e-05	8e-05	0.00011	2e-05	6e-05	0.00013	9e-05	8e-05	0.0	0.0	0.0	5e-05	6e-05	1e-05	3e-05	2e-05	0.0	0.0	0.0	7e-05	2e-05	1e-05	3e-05	0.0	0.00025	0.0	0.0	6e-05	0.0001	0.00025	3e-05	0.0	0.0	0.0	0.0	0.0	0.0	2e-05	2e-05	0.00013	3e-05	5e-05	9e-05	0.00013	6e-05	0.0	0.00023	5e-05	2e-05	3e-05	5e-05	4e-05	2e-05	2e-05	3e-05	0.00013	0.0	0.0	0.0	2e-05	0.00013	1e-05	0.0	3e-05	4e-05	8e-05	0.0	2e-05	0.0	9e-05	0.0	0.0	0.0	0.0	2e-05	
0.08896	0.02715	0.01939	0.01939	3e-05	3e-05	3e-05	0.01939	3e-05	3e-05	0.01939	0.01939	3e-05	3e-05	3e-05	3e-05	3e-05	0.02976	0.02956	3e-05	3e-05	3e-05	3e-05	3e-05	3e-05	0.0	3e-05	0.1772	0.06057	0.02822	0.01939	3e-05	0.12889	3e-05	3e-05	0.02291	3e-05	0.02807	0.09135	0.01939	0.04136	0.03422	0.01092	0.02201	3e-05	3e-05	3e-05	3e-05	3e-05	3e-05	0.02645	0.01939	0.06228	3e-05	3e-05	3e-05	3e-05	3e-05	0.01939	0.02228	3e-05	0.03462	3e-05	3e-05	0.02885	3e-05	3e-05	0.03387	0.02021	0.13073	0.03967	0.02999	0.01939	0.03662	0.04421	0.21267	0.0245	0.03066	3e-05	0.05561	3e-05	0.02254	0.02591	0.02491	0.03886	0.2155	0.0	0.0	0.0	0.0844	0.1502	0.03149	0.07405	0.0	0.00807	3e-05	3e-05	0.04442	0.105	0.11732	0.03802	0.0	0.0	0.0	0.0	0.0	0.07036	0.02663	0.08943	0.01653	0.03752	0.00707	0.02572	0.01653	0.04608	3e-05	0.00894	0.05725	0.08165	0.03478	0.00921	0.01293	0.08188	0.05122	0.06046	0.21034	0.0	3e-05	3e-05	0.04936	0.21267	0.03097	0.0	0.0893	0.01533	0.02936	0.08518	0.02545	3e-05	0.0247	3e-05	0.05162	0.0	0.06735	0.02336	
2e-05	8e-05	0.00011	0.00011	0.0	0.0	0.0	0.00011	0.0	0.0	0.00011	0.00011	0.0	0.0	0.0	0.0	0.0	8e-05	8e-05	0.0	0.0	0.0	0.0	0.0	0.0	3e-05	0.0	5e-05	3e-05	4e-05	0.00011	0.0	4e-05	0.0	0.0	0.0001	0.0	1e-05	3e-05	0.00011	6e-05	2e-05	0.00019	4e-05	0.0	0.0	0.0	0.0	0.0	0.0	0.00011	0.00011	5e-05	0.0	0.0	0.0	0.0	0.0	0.00011	7e-05	0.0	7e-05	0.0	0.0	4e-05	0.0	0.0	0.0	5e-05	4e-05	3e-05	8e-05	0.00011	2e-05	6e-05	0.00013	9e-05	8e-05	0.0	0.0	0.0	5e-05	6e-05	1e-05	3e-05	2e-05	0.0	0.0	0.0	7e-05	2e-05	1e-05	3e-05	0.0	0.00025	0.0	0.0	6e-05	0.0001	0.00025	3e-05	0.0	0.0	0.0	0.0	0.0	0.0	2e-05	2e-05	0.00013	3e-05	5e-05	9e-05	0.00013	6e-05	0.0	0.00023	5e-05	2e-05	3e-05	5e-05	4e-05	2e-05	2e-05	3e-05	0.00013	0.0	0.0	0.0	2e-05	0.00013	1e-05	0.0	3e-05	4e-05	8e-05	0.0	2e-05	0.0	9e-05	0.0	0.0	0.0	0.0	2e-05	
0.0532	0.14478	0.0131	0.0131	5e-05	5e-05	5e-05	0.0131	5e-05	5e-05	0.0131	0.0131	5e-05	5e-05	5e-05	5e-05	5e-05	0.01949	0.01937	5e-05	5e-05	5e-05	5e-05	5e-05	5e-05	0.1772	5e-05	0.0	0.17515	0.01814	0.0131	5e-05	0.07624	5e-05	5e-05	0.01529	5e-05	0.14112	0.01568	0.0131	0.02645	0.09557	0.41155	0.06823	5e-05	5e-05	5e-05	5e-05	5e-05	5e-05	0.01744	0.0131	0.01459	5e-05	5e-05	5e-05	5e-05	5e-05	0.0131	0.02184	5e-05	0.11492	5e-05	5e-05	0.0185	5e-05	5e-05	0.04239	0.01339	0.03367	0.02479	0.01963	0.0131	0.12528	0.02814	0.59476	0.16035	0.01909	5e-05	0.22118	5e-05	0.13137	0.14115	0.03304	0.02452	0.13743	0.0	0.0	0.0	0.10772	0.3489	0.01983	0.24659	0.0	0.00575	5e-05	5e-05	0.02826	0.33703	0.00721	0.02621	0.0	0.0	0.0	0.0	0.0	0.03836	0.05763	0.04776	0.01129	0.13359	0.03239	0.01703	0.01129	0.02924	5e-05	0.00634	0.03579	0.04234	0.10799	0.04226	0.05249	0.08153	0.16872	0.18654	1.15346	0.0	5e-05	5e-05	0.08201	0.59476	0.20331	0.0	0.14626	0.08381	0.01925	0.04913	0.0974	5e-05	0.0164	5e-05	0.03132	0.0	0.04033	0.08844	
0.06708	0.02915	0.02056	0.02056	3e-05	3e-05	3e-05	0.02056	3e-05	3e-05	0.02056	0.02056	3e-05	3e-05	3e-05	3e-05	3e-05	0.07303	0.03185	3e-05	3e-05	3e-05	3e-05	3e-05	3e-05	0.06057	3e-05	0.17515	0.0	0.03074	0.02056	3e-05	0.12057	3e-05	3e-05	0.02445	3e-05	0.03075	0.02655	0.02056	0.04512	0.08731	0.01137	0.12728	3e-05	3e-05	3e-05	3e-05	3e-05	3e-05	0.03812	0.02056	0.02377	3e-05	3e-05	3e-05	3e-05	3e-05	0.02056	0.06105	3e-05	0.03752	3e-05	3e-05	0.32876	3e-05	3e-05	0.25354	0.02166	0.03805	0.29519	0.03233	0.02056	0.28627	0.04265	0.20337	0.09812	0.2398	3e-05	0.06912	3e-05	0.24486	0.26644	0.24449	0.04273	0.12086	0.0	0.0	0.0	0.05203	0.41002	0.29411	0.04484	0.0	0.00833	3e-05	3e-05	0.20767	0.11002	0.01064	0.04638	0.0	0.0	0.0	0.0	0.0	0.06179	0.06558	0.2768	0.01743	0.21381	0.14279	0.27705	0.20264	0.15469	3e-05	0.00926	0.13481	0.09477	0.03809	0.10201	0.03298	0.11995	0.13621	0.45976	0.20255	0.0	3e-05	3e-05	0.28561	0.20337	0.15034	0.0	0.22887	0.16201	0.2553	0.13538	0.18492	3e-05	0.02643	3e-05	0.25733	0.0	0.21018	0.10347	
0.09024	0.30812	0.55193	0.55193	4e-05	4e-05	4e-05	0.55193	4e-05	4e-05	0.55193	0.55193	4e-05	4e-05	4e-05	4e-05	4e-05	0.02375	0.03633	4e-05	4e-05	4e-05	4e-05	4e-05	4e-05	0.02822	4e-05	0.01814	0.03074	0.0	0.55193	4e-05	0.08681	4e-05	4e-05	0.0184	4e-05	0.0222	0.01936	0.55193	0.02886	0.08383	0.00891	0.08878	4e-05	4e-05	4e-05	4e-05	4e-05	4e-05	0.55501	0.55193	0.46496	4e-05	4e-05	4e-05	4e-05	4e-05	0.55193	0.02676	4e-05	0.2255	4e-05	4e-05	0.02287	4e-05	4e-05	0.05523	0.0162	0.04261	0.20291	0.26989	0.55193	0.14801	0.17051	0.01341	0.01965	0.02324	4e-05	0.15104	4e-05	0.03897	0.03649	0.04249	0.03061	0.06151	0.0	0.0	0.0	0.03245	0.04142	0.10114	0.03584	0.0	0.1584	4e-05	4e-05	0.03506	0.01838	0.00837	0.04224	0.0	0.0	0.0	0.0	0.0	0.04964	0.04395	0.10181	0.01338	0.03588	0.04042	0.02061	0.01338	0.03437	4e-05	0.00733	0.04486	0.05408	0.02748	0.05332	0.06675	0.0444	0.0541	0.02809	0.017	0.0	4e-05	4e-05	0.03851	0.01341	0.0244	0.0	0.02727	0.08774	0.02338	0.05741	0.28693	4e-05	0.01981	4e-05	0.04007	0.0	0.05193	0.05717	
0.07844	0.45717	0.99972	0.99972	0.00011	0.00011	0.00011	0.99972	0.00011	0.00011	0.99972	0.99972	0.00011	0.00011	0.00011	0.00011	0.00011	0.01721	0.01711	0.00011	0.00011	0.00011	0.00011	0.00011	0.00011	0.01939	0.00011	0.0131	0.02056	0.55193	0.0	0.00011	0.06271	0.00011	0.00011	0.01379	0.00011	0.01523	0.01352	0.99972	0.02279	0.08383	0.00735	0.06973	0.00011	0.00011	0.00011	0.00011	0.00011	0.00011	1.00237	0.99972	0.7382	0.00011	0.00011	0.00011	0.00011	0.00011	0.99972	0.0191	0.00011	0.30564	0.00011	0.00011	0.01592	0.00011	0.00011	0.03384	0.01196	0.02799	0.24811	0.38514	0.99972	0.16712	0.21252	0.0105	0.0146	0.01688	0.00011	0.16077	0.00011	0.02665	0.02512	0.02678	0.02079	0.03816	0.0	0.0	0.0	0.02281	0.02698	0.01672	0.02422	0.0	0.00566	0.00011	0.00011	0.02424	0.01378	0.00697	0.02206	0.0	0.0	0.0	0.0	0.0	0.0309	0.0465	0.0926	0.01047	0.02369	0.02754	0.01521	0.01047	0.02502	0.00011	0.00619	0.03026	0.03481	0.0189	0.03543	0.04362	0.03884	0.03399	0.01908	0.01319	0.0	0.00011	0.00011	0.02516	0.0105	0.01643	0.0	0.01852	0.05639	0.01708	0.03881	0.33344	0.00011	0.0147	0.00011	0.02559	0.0	0.03272	0.05416	
2e-05	8e-05	0.00011	0.00011	0.0	0.0	0.0	0.00011	0.0	0.0	0.00011	0.00011	0.0	0.0	0.0	0.0	0.0	8e-05	8e-05	0.0	0.0	0.0	0.0	0.0	0.0	3e-05	0.0	5e-05	3e-05	4e-05	0.00011	0.0	4e-05	0.0	0.0	0.0001	0.0	1e-05	3e-05	0.00011	6e-05	2e-05	0.00019	4e-05	0.0	0.0	0.0	0.0	0.0	0.0	0.00011	0.00011	5e-05	0.0	0.0	0.0	0.0	0.0	0.00011	7e-05	0.0	7e-05	0.0	0.0	4e-05	0.0	0.0	0.0	5e-05	4e-05	3e-05	8e-05	0.00011	2e-05	6e-05	0.00013	9e-05	8e-05	0.0	0.0	0.0	5e-05	6e-05	1e-05	3e-05	2e-05	0.0	0.0	0.0	7e-05	2e-05	1e-05	3e-05	0.0	0.00025	0.0	0.0	6e-05	0.0001	0.00025	3e-05	0.0	0.0	0.0	0.0	0.0	0.0	2e-05	2e-05	0.00013	3e-05	5e-05	9e-05	0.00013	6e-05	0.0	0.00023	5e-05	2e-05	3e-05	5e-05	4e-05	2e-05	2e-05	3e-05	0.00013	0.0	0.0	0.0	2e-05	0.00013	1e-05	0.0	3e-05	4e-05	8e-05	0.0	2e-05	0.0	9e-05	0.0	0.0	0.0	0.0	2e-05	
0.03764	0.09173	0.06271	0.06271	4e-05	4e-05	4e-05	0.06271	4e-05	4e-05	0.06271	0.06271	4e-05	4e-05	4e-05	4e-05	4e-05	0.10201	0.09951	4e-05	4e-05	4e-05	4e-05	4e-05	4e-05	0.12889	4e-05	0.07624	0.12057	0.08681	0.06271	4e-05	0.0	4e-05	4e-05	0.07439	4e-05	0.09865	0.07604	0.06271	0.14819	0.16995	0.03355	0.13674	4e-05	4e-05	4e-05	4e-05	4e-05	4e-05	0.07113	0.06271	0.07371	4e-05	4e-05	4e-05	4e-05	4e-05	0.06271	0.1178	4e-05	0.12183	4e-05	4e-05	0.09908	4e-05	4e-05	0.03275	0.06558	0.01883	0.04488	0.00242	0.06271	0.05851	0.01619	0.05272	0.08157	0.00378	4e-05	0.19864	4e-05	0.0264	0.00417	0.0708	0.14039	0.04857	0.0	0.0	0.0	0.138	0.04756	0.11139	0.03905	0.0	0.02396	4e-05	4e-05	0.0157	0.00682	0.03129	0.04854	0.0	0.0	0.0	0.0	0.0	0.02602	0.10942	0.00169	0.05175	0.0339	0.07083	0.08483	0.05257	0.04815	4e-05	0.02673	0.04186	0.02637	0.01836	0.00029	0.01017	0.03498	0.01031	0.11233	0.0782	0.0	4e-05	4e-05	0.0586	0.05272	0.09617	0.0	0.01091	0.00053	0.00596	0.14084	0.04038	4e-05	0.00287	4e-05	0.07217	0.0	0.13773	0.00785	
2e-05	8e-05	0.00011	0.00011	0.0	0.0	0.0	0.00011	0.0	0.0	0.00011	0.00011	0.0	0.0	0.0	0.0	0.0	8e-05	8e-05	0.0	0.0	0.0	0.0	0.0	0.0	3e-05	0.0	5e-05	3e-05	4e-05	0.00011	0.0	4e-05	0.0	0.0	0.0001	0.0	1e-05	3e-05	0.00011	6e-05	2e-05	0.00019	4e-05	0.0	0.0	0.0	0.0	0.0	0.0	0.00011	0.00011	5e-05	0.0	0.0	0.0	0.0	0.0	0.00011	7e-05	0.0	7e-05	0.0	0.0	4e-05	0.0	0.0	0.0	5e-05	4e-05	3e-05	8e-05	0.00011	2e-05	6e-05	0.00013	9e-05	8e-05	0.0	0.0	0.0	5e-05	6e-05	1e-05	3e-05	2e-05	0.0	0.0	0.0	7e-05	2e-05	1e-05	3e-05	0.0	0.00025	0.0	0.0	6e-05	0.0001	0.00025	3e-05	0.0	0.0	0.0	0.0	0.0	0.0	2e-05	2e-05	0.00013	3e-05	5e-05	9e-05	0.00013	6e-05	0.0	0.00023	5e-05	2e-05	3e-05	5e-05	4e-05	2e-05	2e-05	3e-05	0.00013	0.0	0.0	0.0	2e-05	0.00013	1e-05	0.0	3e-05	4e-05	8e-05	0.0	2e-05	0.0	9e-05	0.0	0.0	0.0	0.0	2e-05	
2e-05	8e-05	0.00011	0.00011	0.0	0.0	0.0	0.00011	0.0	0.0	0.00011	0.00011	0.0	0.0	0.0	0.0	0.0	8e-05	8e-05	0.0	0.0	0.0	0.0	0.0	0.0	3e-05	0.0	5e-05	3e-05	4e-05	0.00011	0.0	4e-05	0.0	0.0	0.0001	0.0	1e-05	3e-05	0.00011	6e-05	2e-05	0.00019	4e-05	0.0	0.0	0.0	0.0	0.0	0.0	0.00011	0.00011	5e-05	0.0	0.0	0.0	0.0	0.0	0.00011	7e-05	0.0	7e-05	0.0	0.0	4e-05	0.0	0.0	0.0	5e-05	4e-05	3e-05	8e-05	0.00011	2e-05	6e-05	0.00013	9e-05	8e-05	0.0	0.0	0.0	5e-05	6e-05	1e-05	3e-05	2e-05	0.0	0.0	0.0	7e-05	2e-05	1e-05	3e-05	0.0	0.00025	0.0	0.0	6e-05	0.0001	0.00025	3e-05	0.0	0.0	0.0	0.0	0.0	0.0	2e-05	2e-05	0.00013	3e-05	5e-05	9e-05	0.00013	6e-05	0.0	0.00023	5e-05	2e-05	3e-05	5e-05	4e-05	2e-05	2e-05	3e-05	0.00013	0.0	0.0	0.0	2e-05	0.00013	1e-05	0.0	3e-05	4e-05	8e-05	0.0	2e-05	0.0	9e-05	0.0	0.0	0.0	0.0	2e-05	
0.14597	0.01853	0.01379	0.01379	0.0001	0.0001	0.0001	0.01379	0.0001	0.0001	0.01379	0.01379	0.0001	0.0001	0.0001	0.0001	0.0001	0.02008	0.01996	0.0001	0.0001	0.0001	0.0001	0.0001	0.0001	0.02291	0.0001	0.01529	0.02445	0.0184	0.01379	0.0001	0.07439	0.0001	0.0001	0.0	0.0001	0.018	0.01591	0.01379	0.02685	0.02915	0.00831	0.06699	0.0001	0.0001	0.0001	0.0001	0.0001	0.0001	0.0184	0.01379	0.01508	0.0001	0.0001	0.0001	0.0001	0.0001	0.01379	0.02237	0.0001	0.02294	0.0001	0.0001	0.27496	0.0001	0.0001	0.04106	0.01389	0.04412	0.02474	0.02022	0.01379	0.03005	0.0285	0.01202	0.01693	0.01969	0.0001	0.03248	0.0001	0.03154	0.02968	0.16987	0.29753	0.02301	0.0	0.0	0.0	0.02677	0.03229	0.23283	0.02876	0.0	0.00633	0.0001	0.0001	0.02862	0.01595	0.00785	0.0173	0.0	0.0	0.0	0.0	0.0	0.05724	0.01669	0.0314	0.01199	0.21798	0.05165	0.01767	0.01199	0.02957	0.0001	0.00695	0.04179	0.0418	0.10505	0.04224	0.01699	0.04703	0.01405	0.02261	0.01521	0.0	0.0001	0.0001	0.03008	0.01202	0.0195	0.0	0.05031	0.06786	0.01992	0.14638	0.03938	0.0001	0.01706	0.0001	0.05576	0.0	0.03056	0.08297	
2e-05	8e-05	0.00011	0.00011	0.0	0.0	0.0	0.00011	0.0	0.0	0.00011	0.00011	0.0	0.0	0.0	0.0	0.0	8e-05	8e-05	0.0	0.0	0.0	0.0	0.0	0.0	3e-05	0.0	5e-05	3e-05	4e-05	0.00011	0.0	4e-05	0.0	0.0	0.0001	0.0	1e-05	3e-05	0.00011	6e-05	2e-05	0.00019	4e-05	0.0	0.0	0.0	0.0	0.0	0.0	0.00011	0.00011	5e-05	0.0	0.0	0.0	0.0	0.0	0.00011	7e-05	0.0	7e-05	0.0	0.0	4e-05	0.0	0.0	0.0	5e-05	4e-05	3e-05	8e-05	0.00011	2e-05	6e-05	0.00013	9e-05	8e-05	0.0	0.0	0.0	5e-05	6e-05	1e-05	3e-05	2e-05	0.0	0.0	0.0	7e-05	2e-05	1e-05	3e-05	0.0	0.00025	0.0	0.0	6e-05	0.0001	0.00025	3e-05	0.0	0.0	0.0	0.0	0.0	0.0	2e-05	2e-05	0.00013	3e-05	5e-05	9e-05	0.00013	6e-05	0.0	0.00023	5e-05	2e-05	3e-05	5e-05	4e-05	2e-05	2e-05	3e-05	0.00013	0.0	0.0	0.0	2e-05	0.00013	1e-05	0.0	3e-05	4e-05	8e-05	0.0	2e-05	0.0	9e-05	0.0	0.0	0.0	0.0	2e-05	
0.06894	0.05276	0.01523	0.01523	1e-05	1e-05	1e-05	0.01523	1e-05	1e-05	0.01523	0.01523	1e-05	1e-05	1e-05	1e-05	1e-05	0.20324	0.02322	1e-05	1e-05	1e-05	1e-05	1e-05	1e-05	0.02807	1e-05	0.14112	0.03075	0.0222	0.01523	1e-05	0.09865	1e-05	1e-05	0.018	1e-05	0.0	0.0192	0.01523	0.03243	0.12464	0.18131	0.11039	1e-05	1e-05	1e-05	1e-05	1e-05	1e-05	0.02055	0.01523	0.0174	1e-05	1e-05	1e-05	1e-05	1e-05	0.01523	0.10273	1e-05	0.21094	1e-05	1e-05	0.0227	1e-05	1e-05	0.06815	0.0159	0.06576	0.03117	0.02355	0.01523	0.03865	0.03465	0.01302	0.05993	0.02286	1e-05	0.18758	1e-05	0.03878	0.03626	0.04304	0.03052	0.07141	0.0	0.0	0.0	0.19265	0.12797	0.02479	0.20062	0.0	0.00632	1e-05	1e-05	0.03481	0.01798	0.00803	0.04051	0.0	0.0	0.0	0.0	0.0	0.07756	0.07581	0.07262	0.01298	0.0833	0.04025	0.02021	0.01298	0.0361	1e-05	0.00701	0.04474	0.06726	0.20257	0.05331	0.06691	0.13223	0.11408	0.028	0.26373	0.0	1e-05	1e-05	0.14231	0.01302	0.1193	0.0	0.0742	0.09744	0.02302	0.06605	0.04817	1e-05	0.01941	1e-05	0.04047	0.0	0.06546	0.13581	
0.05864	0.01877	0.01352	0.01352	3e-05	3e-05	3e-05	0.01352	3e-05	3e-05	0.01352	0.01352	3e-05	3e-05	3e-05	3e-05	3e-05	0.02052	0.1694	3e-05	3e-05	3e-05	3e-05	3e-05	3e-05	0.09135	3e-05	0.01568	0.02655	0.01936	0.01352	3e-05	0.07604	3e-05	3e-05	0.01591	3e-05	0.0192	0.0	0.01352	0.19899	0.10739	0.00771	0.07303	3e-05	3e-05	3e-05	3e-05	3e-05	3e-05	0.01812	0.01352	0.01531	3e-05	3e-05	3e-05	3e-05	3e-05	0.01352	0.02312	3e-05	0.02377	3e-05	3e-05	0.01977	3e-05	3e-05	0.08076	0.01402	0.17781	0.13103	0.16688	0.01352	0.03318	0.03012	0.0116	0.01699	0.02008	3e-05	0.03693	3e-05	0.03361	0.03148	0.07036	0.12212	0.11936	0.0	0.0	0.0	0.02801	0.0357	0.02145	0.10985	0.0	0.00572	3e-05	3e-05	0.03025	0.11532	0.31278	0.33288	0.0	0.0	0.0	0.0	0.0	0.19875	0.16009	0.05311	0.01157	0.03096	0.07663	0.10519	0.01157	0.03134	3e-05	0.00634	0.03865	0.07795	0.02374	0.04586	0.09543	0.08382	0.04652	0.25448	0.01476	0.0	3e-05	3e-05	0.03322	0.0116	0.02109	0.0	0.02356	0.07324	0.06695	0.0906	0.04114	3e-05	0.01712	3e-05	0.13923	0.0	0.07596	0.0758	
0.07844	0.45717	0.99972	0.99972	0.00011	0.00011	0.00011	0.99972	0.00011	0.00011	0.99972	0.99972	0.00011	0.00011	0.00011	0.00011	0.00011	0.01721	0.01711	0.00011	0.00011	0.00011	0.00011	0.00011	0.00011	0.01939	0.00011	0.0131	0.02056	0.55193	0.99972	0.00011	0.06271	0.00011	0.00011	0.01379	0.00011	0.01523	0.01352	0.0	0.02279	0.08383	0.00735	0.06973	0.00011	0.00011	0.00011	0.00011	0.00011	0.00011	1.00237	0.99972	0.7382	0.00011	0.00011	0.00011	0.00011	0.00011	0.99972	0.0191	0.00011	0.30564	0.00011	0.00011	0.01592	0.00011	0.00011	0.03384	0.01196	0.02799	0.24811	0.38514	0.99972	0.16712	0.21252	0.0105	0.0146	0.01688	0.00011	0.16077	0.00011	0.02665	0.02512	0.02678	0.02079	0.03816	0.0	0.0	0.0	0.02281	0.02698	0.01672	0.02422	0.0	0.00566	0.00011	0.00011	0.02424	0.01378	0.00697	0.02206	0.0	0.0	0.0	0.0	0.0	0.0309	0.0465	0.0926	0.01047	0.02369	0.02754	0.01521	0.01047	0.02502	0.00011	0.00619	0.03026	0.03481	0.0189	0.03543	0.04362	0.03884	0.03399	0.01908	0.01319	0.0	0.00011	0.00011	0.02516	0.0105	0.01643	0.0	0.01852	0.05639	0.01708	0.03881	0.33344	0.00011	0.0147	0.00011	0.02559	0.0	0.03272	0.05416	
0.10296	0.03173	0.02279	0.02279	6e-05	6e-05	6e-05	0.02279	6e-05	6e-05	0.02279	0.02279	6e-05	6e-05	6e-05	6e-05	6e-05	0.03473	0.43648	6e-05	6e-05	6e-05	6e-05	6e-05	6e-05	0.04136	6e-05	0.02645	0.04512	0.02886	0.02279	6e-05	0.14819	6e-05	6e-05	0.02685	6e-05	0.03243	0.19899	0.02279	0.0	0.22544	0.01296	0.01942	6e-05	6e-05	6e-05	6e-05	6e-05	6e-05	0.03116	0.02279	0.02582	6e-05	6e-05	6e-05	6e-05	6e-05	0.02279	0.0392	6e-05	0.04032	6e-05	6e-05	0.03342	6e-05	6e-05	0.03134	0.06796	0.063	0.03093	0.02364	0.02279	0.05673	0.05135	0.01954	0.02868	0.03398	6e-05	0.06344	6e-05	0.05748	0.00604	0.0275	0.01613	0.03236	0.0	0.0	0.0	0.04798	0.0612	0.07248	0.00821	0.0	0.08373	6e-05	6e-05	0.05159	0.00684	0.01217	0.12418	0.0	0.0	0.0	0.0	0.0	0.07657	0.1891	0.03602	0.01949	0.05282	0.05967	0.00371	0.01949	0.0535	6e-05	0.09375	0.06641	0.00766	0.08541	0.02057	0.01443	0.06206	0.08071	0.12324	0.02522	0.0	6e-05	6e-05	0.0568	0.01954	0.03568	0.0	0.03994	0.00018	0.03435	0.02481	0.07092	6e-05	0.02892	6e-05	0.08803	0.0	0.03938	0.07012	
0.17204	0.12964	0.08383	0.08383	2e-05	2e-05	2e-05	0.08383	2e-05	2e-05	0.08383	0.08383	2e-05	2e-05	2e-05	2e-05	2e-05	0.05198	0.13838	2e-05	2e-05	2e-05	2e-05	2e-05	2e-05	0.03422	2e-05	0.09557	0.08731	0.08383	0.08383	2e-05	0.16995	2e-05	2e-05	0.02915	2e-05	0.12464	0.10739	0.08383	0.22544	0.0	0.04225	0.23359	2e-05	2e-05	2e-05	2e-05	2e-05	2e-05	0.09859	0.08383	0.09237	2e-05	2e-05	2e-05	2e-05	2e-05	0.08383	0.08534	2e-05	0.18242	2e-05	2e-05	0.1101	2e-05	2e-05	0.14832	0.06967	0.1227	0.09195	0.055	0.08383	0.09623	0.06275	0.06611	0.03167	0.06696	2e-05	0.25196	2e-05	0.01263	0.06145	0.13928	0.06339	0.06951	0.0	0.0	0.0	0.06143	0.10118	0.12242	0.09269	0.0	0.02878	2e-05	2e-05	0.18614	0.09868	0.03923	0.05213	0.0	0.0	0.0	0.0	0.0	0.14651	0.37269	0.13174	0.05251	0.09671	0.12441	0.03671	0.05251	0.09597	2e-05	0.03231	0.2742	0.06697	0.06436	0.0904	0.04821	0.09105	0.03882	0.08192	0.08293	0.0	2e-05	2e-05	0.09717	0.06611	0.12088	0.0	0.05446	0.03009	0.0411	0.11113	0.13384	2e-05	0.03184	2e-05	0.24473	0.0	0.12642	0.04876	
0.02325	0.20876	0.00735	0.00735	0.00019	0.00019	0.00019	0.00735	0.00019	0.00019	0.00735	0.00735	0.00019	0.00019	0.00019	0.00019	0.00019	0.01008	0.01003	0.00019	0.00019	0.00019	0.00019	0.00019	0.00019	0.01092	0.00019	0.41155	0.01137	0.00891	0.00735	0.00019	0.03355	0.00019	0.00019	0.00831	0.00019	0.18131	0.00771	0.00735	0.01296	0.04225	0.0	0.03715	0.00019	0.00019	0.00019	0.00019	0.00019	0.00019	0.00974	0.00735	0.00764	0.00019	0.00019	0.00019	0.00019	0.00019	0.00735	0.01106	0.00019	0.14878	0.00019	0.00019	0.00905	0.00019	0.00019	0.01768	0.00711	0.01529	0.01149	0.01014	0.00735	0.01368	0.01366	0.00656	0.24172	0.00991	0.00019	0.0771	0.00019	0.01495	0.01416	0.01424	0.01161	0.05322	0.0	0.0	0.0	0.13298	0.07281	0.00928	0.09719	0.0	0.00386	0.00019	0.00019	0.01371	0.0083	0.00463	0.01223	0.0	0.0	0.0	0.0	0.0	0.01631	0.02448	0.02032	0.00655	0.01298	0.01541	0.00905	0.00655	0.01411	0.00019	0.00417	0.01681	0.01875	0.13148	0.01948	0.02371	0.06329	0.05705	0.01066	0.15326	0.0	0.00019	0.00019	0.08203	0.00656	0.2614	0.0	0.18198	0.03667	0.01009	0.02004	0.01648	0.00019	0.00878	0.00019	0.01372	0.0	0.01739	0.05631	
