0.0	0.01005	0.01119	0.00372	0.00916	0.03605	0.00341	0.0085	0.12895	0.00335	8e-05	0.00784	0.00798	0.00815	0.17656	0.01131	0.00395	0.0101	0.02495	0.01058	0.04213	0.00432	0.10795	0.00376	0.0	0.0	0.0	0.00758	0.36568	0.00494	8e-05	0.00897	0.02221	0.00737	0.00432	0.25549	0.00664	0.00527	8e-05	0.00836	8e-05	0.10804	0.0	0.0	0.0	0.0	0.00644	0.13168	0.07488	0.00778	0.0632	0.00672	0.0	0.00929	0.00929	0.16895	0.01064	0.13884	0.59632	0.00738	0.01804	0.00745	0.18834	0.07081	0.0069	0.03553	0.0083	0.00339	0.05616	0.38717	0.00808	0.0	0.01385	0.04107	8e-05	0.00571	0.01248	0.0215	0.00678	0.009	0.0071	0.03381	0.0449	8e-05	8e-05	0.00937	0.00557	0.03752	0.04348	8e-05	0.18904	0.0	8e-05	0.00339	0.01094	8e-05	0.00932	
0.01005	0.0	0.02209	0.00572	0.10405	0.04725	0.00517	0.01658	0.02173	0.00506	1e-05	0.01504	0.05995	0.01562	0.0258	0.02352	0.00615	0.02868	0.01538	0.09626	0.06766	0.00685	0.02404	0.0057	0.0	0.0	0.0	0.01362	0.01162	0.00806	1e-05	0.01805	0.06432	0.01391	0.00685	0.01213	0.01157	0.00902	1e-05	0.0171	1e-05	0.02432	0.0	0.0	0.0	0.0	0.01164	0.01646	0.08364	0.01557	0.03173	0.01219	0.0	0.01866	0.11221	0.04823	0.02297	0.00634	0.01084	0.06361	0.05297	0.13121	0.01599	0.03265	0.01283	0.02444	0.01634	0.00513	0.04352	0.12048	0.01476	0.0	0.12164	0.02076	1e-05	0.01014	0.02527	0.0505	0.09134	0.0284	0.01319	0.11392	0.07753	1e-05	1e-05	0.05764	0.00931	0.10601	0.03813	1e-05	0.04623	0.0	1e-05	0.12372	0.02149	1e-05	0.04717	
0.01119	0.02209	0.0	0.00674	0.01932	0.03493	0.00613	0.01767	0.0231	0.006	5e-05	0.01615	0.01658	0.01681	0.00763	0.02437	0.00721	0.0126	0.0087	0.02312	0.01025	0.00798	0.02426	0.00938	0.0	0.0	0.0	0.01693	0.01275	0.00927	5e-05	0.01896	0.01412	0.01503	0.00798	0.01354	0.01296	0.01014	5e-05	0.01782	5e-05	0.02489	0.0	0.0	0.0	0.0	0.01279	0.01746	0.05057	0.07787	0.04229	0.16684	0.0	0.15238	0.07159	0.05365	0.11958	0.00772	0.01232	0.07784	0.05555	0.01525	0.01704	0.03205	0.01397	0.00516	0.01734	0.00609	0.02444	0.01184	0.0162	0.0	0.03057	0.02628	5e-05	0.01126	0.02654	0.01107	0.01369	0.01833	0.01502	0.0149	0.01137	5e-05	5e-05	0.01996	0.0106	0.01435	0.03744	5e-05	0.01772	0.0	5e-05	0.00609	0.09265	5e-05	0.08001	
0.00372	0.00572	0.00674	0.0	0.00547	0.02101	0.00257	0.00516	0.00667	0.00253	0.00018	0.00482	0.00485	0.00498	0.01135	0.0066	0.00289	0.00581	0.0316	0.00607	0.03017	0.00311	0.00617	0.00277	0.0	0.0	0.0	0.00488	0.00406	0.00347	0.00018	0.18374	0.0121	0.00458	0.00311	0.00456	0.00439	0.00356	0.00018	0.00492	0.00018	0.00655	0.0	0.0	0.0	0.0	0.00415	0.00503	0.00727	0.00464	0.05185	0.00425	0.0	0.00552	0.00542	0.00781	0.00603	0.00311	0.00407	0.00459	0.01004	0.00461	0.00499	0.06065	0.00433	0.0252	0.20046	0.00256	0.00998	0.00386	0.00515	0.0	0.00789	0.01873	0.00018	0.00372	0.00741	0.01139	0.00427	0.00562	0.00443	0.01782	0.00863	0.00018	0.00018	0.00553	0.00381	0.04168	0.00891	0.00018	0.18771	0.0	0.00018	0.00256	0.00662	0.00018	0.00557	
0.00916	0.10405	0.01932	0.00547	0.0	0.02461	0.00497	0.01456	0.01903	0.00487	3e-05	0.0133	0.01367	0.01379	0.03911	0.02015	0.16263	0.08657	0.15922	0.01915	0.01429	0.00649	0.08866	0.00546	0.0	0.0	0.0	0.01234	0.01046	0.00756	3e-05	0.01566	0.01352	0.14752	0.00649	0.01109	0.0106	0.0083	3e-05	0.01474	3e-05	0.05865	0.0	0.0	0.0	0.0	0.01051	0.0144	0.03166	0.01354	0.0362	0.01098	0.0	0.01619	0.01638	0.01982	0.14408	0.00607	0.00991	0.01238	0.01269	0.07107	0.01405	0.05491	0.01148	0.02695	0.0143	0.00494	0.01637	0.00971	0.01329	0.0	0.01816	0.02399	3e-05	0.13422	0.01272	0.08184	0.01125	0.01506	0.01179	0.0598	0.03033	3e-05	3e-05	0.01649	0.00865	0.07779	0.04236	3e-05	0.01461	0.0	3e-05	0.00494	0.01883	3e-05	0.0162	
0.03605	0.04725	0.03493	0.02101	0.02461	0.0	0.0166	0.06432	0.02312	0.01623	1e-05	0.05728	0.05674	0.16763	0.04379	0.03691	0.02267	0.12961	0.05145	0.03277	0.06833	0.02548	0.02466	0.02152	0.0	0.0	0.0	0.03135	0.04635	0.0267	1e-05	0.03547	0.05786	0.05181	0.02548	0.00267	0.0027	0.03168	1e-05	0.03633	1e-05	0.00768	0.0	0.0	0.0	0.0	0.04094	0.06047	0.01978	0.05639	0.09376	0.04349	0.0	0.03234	0.07381	0.06249	0.0659	0.01744	0.03576	0.01691	0.06055	0.01629	0.02332	0.01121	0.0717	0.01618	0.02821	0.01648	0.06356	0.0383	0.05216	0.0	0.01926	0.03543	1e-05	0.03974	0.00569	0.06369	0.04434	0.02782	0.04495	0.03625	0.04637	1e-05	1e-05	0.03205	0.03125	0.04503	0.04032	1e-05	0.06205	0.0	1e-05	0.01648	0.00487	1e-05	0.06754	
0.00341	0.00517	0.00613	0.00257	0.00497	0.0166	0.0	0.0047	0.00606	0.00237	0.0002	0.00439	0.00441	0.00453	0.01021	0.00598	0.00269	0.00525	0.01223	0.00548	0.01213	0.00289	0.11017	0.00258	0.0	0.0	0.0	0.00447	0.00371	0.00321	0.0002	0.00484	0.01087	0.00418	0.00289	0.00418	0.00403	0.00328	0.0002	0.00446	0.0002	0.00591	0.0	0.0	0.0	0.0	0.0038	0.00457	0.0873	0.00421	0.00921	0.00388	0.0	0.005	0.00491	0.00703	0.00544	0.0029	0.00373	0.00418	0.00904	0.0042	0.00453	0.00688	0.00395	0.01457	0.00455	0.00239	0.04061	0.00353	0.00471	0.0	0.19129	0.0198	0.0002	0.00341	0.00672	0.01021	0.0039	0.00513	0.00404	0.0168	0.04447	0.0002	0.0002	0.00502	0.00352	0.05927	0.00801	0.0002	0.00462	0.0	0.0002	0.00239	0.00601	0.0002	0.00506	
0.0085	0.01658	0.01767	0.00516	0.01456	0.06432	0.0047	0.0	0.01742	0.0046	5e-05	0.01221	0.01253	0.01271	0.01007	0.1574	0.00552	0.01652	0.04298	0.15154	0.04321	0.0061	0.01818	0.00522	0.0	0.0	0.0	0.04708	0.00967	0.00708	5e-05	0.0143	0.01115	0.01138	0.0061	0.01029	0.05987	0.13292	5e-05	0.01343	5e-05	0.01868	0.0	0.0	0.0	0.0	0.12178	0.26	0.0232	0.01237	0.05455	0.01022	0.0	0.01483	0.0162	0.03261	0.0175	0.01088	0.19643	0.0114	0.03045	0.05538	0.01287	0.0239	0.01059	0.02126	0.01309	0.00467	0.03159	0.00899	0.01228	0.0	0.01367	0.0189	5e-05	0.00856	0.16005	0.03796	0.01038	0.01386	0.01091	0.0268	0.02716	5e-05	5e-05	0.01503	0.00808	0.02574	0.13023	5e-05	0.01337	0.0	5e-05	0.00467	0.01724	5e-05	0.01481	
0.12895	0.02173	0.0231	0.00667	0.01903	0.02312	0.00606	0.01742	0.0	0.00594	6e-05	0.26718	0.01634	0.2657	0.10228	0.02399	0.00713	0.02164	0.00883	0.02275	0.0448	0.15678	0.18038	0.00674	0.0	0.0	0.0	0.01486	0.29263	0.00917	6e-05	0.01868	0.05072	0.01482	0.15678	0.31527	0.0128	0.01001	6e-05	0.01755	6e-05	0.09669	0.0	0.0	0.0	0.0	0.01262	0.0172	0.02838	0.01616	0.01814	0.01686	0.0	0.01939	0.01964	0.0875	0.04856	0.01101	0.01361	0.05448	0.02494	0.01504	0.47534	0.05725	0.01378	0.11553	0.01709	0.00603	0.17581	0.12617	0.01598	0.0	0.03007	0.09743	6e-05	0.01112	0.02613	0.01536	0.01351	0.01807	0.01421	0.05803	0.01091	6e-05	6e-05	0.01965	0.01048	0.09251	0.03678	6e-05	0.05011	0.0	6e-05	0.00603	0.02252	6e-05	0.01934	
0.00335	0.00506	0.006	0.00253	0.00487	0.01623	0.00237	0.0046	0.00594	0.0	0.0002	0.31334	0.00432	0.00444	0.00998	0.00585	0.00265	0.00514	0.01196	0.00537	0.01186	0.00284	0.00545	0.00254	0.0	0.0	0.0	0.00439	0.00364	0.00315	0.0002	0.00474	0.03053	0.0041	0.00284	0.00411	0.00396	0.00323	0.0002	0.00437	0.0002	0.12678	0.0	0.0	0.0	0.0	0.00373	0.00448	0.00642	0.00413	0.00901	0.00381	0.0	0.13934	0.00481	0.00687	0.00532	1.00011	0.00367	0.0041	0.00884	0.00412	0.00444	0.00673	0.00388	0.01424	0.00446	0.00236	0.03967	0.00347	0.00462	0.0	0.00697	0.01935	0.0002	0.00334	0.00658	0.00998	0.00382	0.00503	0.00397	0.01641	0.04343	0.0002	0.0002	0.00491	0.00346	0.01484	0.00783	0.0002	0.00452	0.0	0.0002	0.00236	0.00589	0.0002	0.00496	
8e-05	1e-05	5e-05	0.00018	3e-05	1e-05	0.0002	5e-05	6e-05	0.0002	0.0	4e-05	4e-05	4e-05	2e-05	5e-05	0.00017	2e-05	2e-05	1e-05	2e-05	0.00015	2e-05	0.00018	0.0	0.0	0.0	8e-05	7e-05	0.00013	0.0	4e-05	2e-05	8e-05	0.00015	0.00014	0.0001	0.00024	0.0	4e-05	0.0	3e-05	0.0	0.0	0.0	0.0	0.00019	5e-05	2e-05	2e-05	2e-05	5e-05	0.0	3e-05	1e-05	1e-05	1e-05	0.0002	6e-05	4e-05	4e-05	4e-05	6e-05	2e-05	5e-05	2e-05	4e-05	0.0002	2e-05	7e-05	8e-05	0.0	3e-05	2e-05	0.0	6e-05	5e-05	1e-05	5e-05	6e-05	4e-05	0.0	1e-05	0.0	0.0	3e-05	0.00012	1e-05	2e-05	0.0	4e-05	0.0	0.0	0.0002	5e-05	0.0	3e-05	
0.00784	0.01504	0.01615	0.00482	0.0133	0.05728	0.00439	0.01221	0.26718	0.31334	4e-05	0.0	0.01146	0.52705	0.09629	0.01667	0.00514	0.015	0.07585	0.01576	0.07354	0.25145	0.07613	0.00481	0.0	0.0	0.0	0.01053	0.18947	0.00658	4e-05	0.01304	0.04881	0.01044	0.25145	0.0095	0.0091	0.00715	4e-05	0.01224	4e-05	0.13877	0.0	0.0	0.0	0.0	0.00895	0.01205	0.01954	0.0113	0.02911	0.00933	0.0	0.10175	0.01357	0.02172	0.07691	0.31535	0.00848	0.10111	0.10992	0.01059	0.16396	0.02152	0.00973	0.12268	0.01197	0.00436	0.20623	0.00828	0.0113	0.0	0.02075	0.06465	4e-05	0.00789	0.01821	0.01986	0.00954	0.01273	0.00997	0.05107	0.05679	4e-05	4e-05	0.0137	0.00749	0.05582	0.0251	4e-05	0.01222	0.0	4e-05	0.00436	0.01576	4e-05	0.01352	
0.00798	0.05995	0.01658	0.00485	0.01367	0.05674	0.00441	0.01253	0.01634	0.00432	4e-05	0.01146	0.0	0.01188	0.03284	0.14524	0.00518	0.01549	0.04021	0.01628	0.06989	0.00573	0.01705	0.00484	0.0	0.0	0.0	0.01072	0.00908	0.00665	4e-05	0.01341	0.06715	0.01068	0.00573	0.00966	0.00925	0.00726	4e-05	0.0126	4e-05	0.01752	0.0	0.0	0.0	0.0	0.00913	0.01236	0.02025	0.01161	0.11289	0.00952	0.0	0.01386	0.01398	0.02257	0.01641	0.00537	0.00862	0.0107	0.02852	0.01083	0.01208	0.02239	0.13759	0.04882	0.32955	0.19393	0.02958	0.00844	0.26061	0.0	0.11012	0.03256	4e-05	0.00803	0.01872	0.10818	0.38856	0.22276	0.38349	0.03384	0.14837	4e-05	4e-05	0.29265	0.50088	0.03663	0.19932	4e-05	0.01255	0.0	4e-05	0.19393	0.01617	4e-05	0.01389	
0.00815	0.01562	0.01681	0.00498	0.01379	0.16763	0.00453	0.01271	0.2657	0.00444	4e-05	0.52705	0.01188	0.0	0.12843	0.01739	0.00532	0.1224	0.1031	0.01641	0.09924	0.24977	0.07605	0.00497	0.0	0.0	0.0	0.12733	0.18863	0.0068	4e-05	0.01356	0.05771	0.01085	0.24977	0.0099	0.00942	0.00746	4e-05	0.01271	4e-05	0.04621	0.0	0.0	0.0	0.0	0.00932	0.01252	0.02038	0.01175	0.02956	0.00968	0.0	0.01403	0.01412	0.02273	0.07669	0.00556	0.00883	0.10031	0.10949	0.01097	0.16356	0.0225	0.1408	0.13055	0.01244	0.0045	0.1732	0.0086	0.01171	0.0	0.0216	0.05944	4e-05	0.00817	0.01898	0.0402	0.00988	0.01572	0.01034	0.05565	0.02873	4e-05	4e-05	0.01422	0.00775	0.05663	0.02627	4e-05	0.01269	0.0	4e-05	0.0045	0.01639	4e-05	0.01403	
0.17656	0.0258	0.00763	0.01135	0.03911	0.04379	0.01021	0.01007	0.10228	0.00998	2e-05	0.09629	0.03284	0.12843	0.0	0.01048	0.01221	0.03847	0.05861	0.06657	0.05016	0.05097	0.11813	0.04028	0.0	0.0	0.0	0.11163	0.21694	0.06094	2e-05	0.01888	0.03105	0.04101	0.05097	0.12399	0.09202	0.01833	2e-05	0.06737	2e-05	0.07865	0.0	0.0	0.0	0.0	0.06266	0.01562	0.0278	0.05147	0.04502	0.02559	0.0	0.0403	0.04181	0.13329	0.03707	0.05526	0.09472	0.01814	0.05333	0.01344	0.15324	0.06502	0.07521	0.08403	0.02157	0.01014	0.05222	0.17526	0.00634	0.0	0.01885	0.04193	2e-05	0.04564	0.0059	0.0678	0.02607	0.03044	0.0277	0.09901	0.02831	2e-05	2e-05	0.01815	0.01882	0.05017	0.04065	2e-05	0.12325	0.0	2e-05	0.01014	0.00391	2e-05	0.01381	
0.01131	0.02352	0.02437	0.0066	0.02015	0.03691	0.00598	0.1574	0.02399	0.00585	5e-05	0.01667	0.14524	0.01739	0.01048	0.0	0.00708	0.0233	0.06328	0.19763	0.06642	0.00786	0.02594	0.00668	0.0	0.0	0.0	0.01529	0.01299	0.0092	5e-05	0.05053	0.01323	0.01546	0.00786	0.01367	0.05553	0.08635	5e-05	0.07145	5e-05	0.01368	0.0	0.0	0.0	0.0	0.08253	0.01814	0.0174	0.03297	0.116	0.01376	0.0	0.02002	0.02584	0.03274	0.02272	0.00756	0.01164	0.01547	0.04403	0.01569	0.01766	0.03482	0.01431	0.07772	0.1429	0.00594	0.01794	0.01201	0.34089	0.0	0.02123	0.1092	5e-05	0.0114	0.1158	0.08281	0.1569	0.06003	0.15538	0.03027	0.07329	5e-05	5e-05	0.07661	0.18235	0.04148	0.15899	5e-05	0.01843	0.0	5e-05	0.00594	0.02373	5e-05	0.02047	
0.00395	0.00615	0.00721	0.00289	0.16263	0.02267	0.00269	0.00552	0.00713	0.00265	0.00017	0.00514	0.00518	0.00532	0.01221	0.00708	0.0	0.00623	0.01466	0.00651	0.01456	0.00327	0.00663	0.0029	0.0	0.0	0.0	0.00519	0.00432	0.00366	0.00017	0.00571	0.01303	0.00488	0.00327	0.00483	0.00466	0.00376	0.00017	0.00527	0.00017	0.16195	0.0	0.0	0.0	0.0	0.00441	0.00538	0.00782	0.00497	0.01105	0.00452	0.0	0.0059	0.00581	0.00841	0.00647	0.00326	0.00432	0.00489	0.0108	0.00492	0.00533	0.06577	0.00462	0.0272	0.00535	0.00268	0.01075	0.0041	0.00548	0.0	0.00847	0.02019	0.00017	0.5247	0.00793	0.03321	0.00455	0.00599	0.00472	0.02031	0.0093	0.00017	0.00017	0.00593	0.00403	0.04523	0.05147	0.00017	0.00544	0.0	0.00017	0.00268	0.00707	0.00017	0.00596	
0.0101	0.02868	0.0126	0.00581	0.08657	0.12961	0.00525	0.01652	0.02164	0.00514	2e-05	0.015	0.01549	0.1224	0.03847	0.0233	0.00623	0.0	0.12532	0.02233	0.12198	0.00694	0.02369	0.00582	0.0	0.0	0.0	0.10962	0.01164	0.00814	2e-05	0.01793	0.12271	0.0139	0.00694	0.01219	0.01164	0.00907	2e-05	0.04418	2e-05	0.02403	0.0	0.0	0.0	0.0	0.01167	0.01638	0.02826	0.16309	0.09217	0.01225	0.0	0.01856	0.10427	0.0735	0.09135	0.00656	0.011	0.0139	0.04025	0.01411	0.01593	0.10235	0.03806	0.03948	0.01627	0.00521	0.06339	0.01074	0.01479	0.0	0.01283	0.08016	2e-05	0.01018	0.07216	0.10652	0.08443	0.10307	0.01321	0.07963	0.04462	2e-05	2e-05	0.01894	0.00939	0.08066	0.05993	2e-05	0.01665	0.0	2e-05	0.00521	0.0214	2e-05	0.0185	
0.02495	0.01538	0.0087	0.0316	0.15922	0.05145	0.01223	0.04298	0.00883	0.01196	2e-05	0.07585	0.04021	0.1031	0.05861	0.06328	0.01466	0.12532	0.0	0.06136	0.16113	0.03836	0.08952	0.01375	0.0	0.0	0.0	0.01454	0.04712	0.04577	2e-05	0.05228	0.05205	0.12997	0.03836	0.03015	0.02868	0.02212	2e-05	0.04816	2e-05	0.02258	0.0	0.0	0.0	0.0	0.05151	0.02498	0.00634	0.06468	0.01817	0.05392	0.0	0.04039	0.09695	0.06218	0.13076	0.01307	0.02451	0.06945	0.04128	0.0361	0.05666	0.06256	0.01253	0.04248	0.06935	0.01214	0.09169	0.04124	0.0373	0.0	0.03271	0.0882	2e-05	0.02519	0.06756	0.10304	0.04417	0.00693	0.04648	0.05965	0.03944	2e-05	2e-05	0.03139	0.02272	0.06204	0.11228	2e-05	0.01984	0.0	2e-05	0.01214	0.02404	2e-05	0.10167	
0.01058	0.09626	0.02312	0.00607	0.01915	0.03277	0.00548	0.15154	0.02275	0.00537	1e-05	0.01576	0.01628	0.01641	0.06657	0.19763	0.00651	0.02233	0.06136	0.0	0.06212	0.00725	0.07263	0.09729	0.0	0.0	0.0	0.01433	0.01221	0.00852	1e-05	0.05457	0.05777	0.03592	0.00725	0.01278	0.06003	0.08548	1e-05	0.01784	1e-05	0.02532	0.0	0.0	0.0	0.0	0.0821	0.01722	0.0208	0.01627	0.03831	0.01288	0.0	0.01954	0.14097	0.06356	0.02245	0.00783	0.01164	0.0146	0.02371	0.01482	0.01674	0.03382	0.03961	0.02196	0.0171	0.00545	0.04507	0.01126	0.04165	0.0	0.03568	0.08235	1e-05	0.08604	0.12422	0.06659	0.01318	0.01772	0.01389	0.04837	0.11808	1e-05	1e-05	0.02754	0.00983	0.04876	0.01646	1e-05	0.10083	0.0	1e-05	0.00545	0.02249	1e-05	0.01946	
0.04213	0.06766	0.01025	0.03017	0.01429	0.06833	0.01213	0.04321	0.0448	0.01186	2e-05	0.07354	0.06989	0.09924	0.05016	0.06642	0.01456	0.12198	0.16113	0.06212	0.0	0.03666	0.01722	0.01371	0.0	0.0	0.0	0.0149	0.06729	0.0194	2e-05	0.07122	0.03816	0.04779	0.03666	0.00527	0.02864	0.02208	2e-05	0.0854	2e-05	0.11279	0.0	0.0	0.0	0.0	0.0292	0.02564	0.01012	0.11287	0.05255	0.05238	0.0	0.07403	0.10458	0.1257	0.06057	0.01407	0.02432	0.01508	0.04748	0.02945	0.03527	0.03035	0.01321	0.03823	0.06779	0.01205	0.092	0.04349	0.03735	0.0	0.01559	0.04045	2e-05	0.02518	0.06812	0.03669	0.04336	0.00805	0.03396	0.05269	0.03527	2e-05	2e-05	0.0766	0.02264	0.06677	0.15871	2e-05	0.07174	0.0	2e-05	0.08883	0.01161	2e-05	0.04917	
0.00432	0.00685	0.00798	0.00311	0.00649	0.02548	0.00289	0.0061	0.15678	0.00284	0.00015	0.25145	0.00573	0.24977	0.05097	0.00786	0.00327	0.00694	0.03836	0.00725	0.03666	0.0	0.0074	0.00312	0.0	0.0	0.0	0.0057	0.00474	0.00396	0.00015	0.00633	0.01461	0.00538	0.99965	0.00529	0.00509	0.0041	0.00015	0.00585	0.00015	0.12396	0.0	0.0	0.0	0.0	0.00483	0.00595	0.00873	0.0055	0.01238	0.00497	0.0	0.00654	0.00645	0.00941	0.16701	0.0035	0.00472	0.2842	0.0595	0.00543	0.37864	0.00923	0.00508	0.17027	0.00592	0.00288	0.08546	0.0045	0.00602	0.0	0.00944	0.02673	0.00015	0.00433	0.00879	0.03749	0.005	0.0066	0.0052	0.05653	0.06093	0.00015	0.00015	0.00658	0.00438	0.02372	0.01075	0.00015	0.00602	0.0	0.00015	0.00288	0.00782	0.00015	0.00661	
0.10795	0.02404	0.02426	0.00617	0.08866	0.02466	0.11017	0.01818	0.18038	0.00545	2e-05	0.07613	0.01705	0.07605	0.11813	0.02594	0.00663	0.02369	0.08952	0.07263	0.01722	0.0074	0.0	0.18719	0.0	0.0	0.0	0.01485	0.25651	0.00872	2e-05	0.01984	0.06967	0.19479	0.0074	0.26298	0.01258	0.00979	2e-05	0.01882	2e-05	0.03228	0.0	0.0	0.0	0.0	0.01269	0.01807	0.04389	0.01711	0.04383	0.01812	0.0	0.02056	0.02108	0.09111	0.05062	0.01173	0.01517	0.01522	0.06371	0.01546	0.22377	0.07976	0.10892	0.08244	0.01793	0.00553	0.10993	0.10668	0.0161	0.0	0.13115	0.19695	2e-05	0.16176	0.02781	0.05623	0.01371	0.01846	0.01445	0.03689	0.03486	2e-05	2e-05	0.08762	0.01009	0.10943	0.04257	2e-05	0.05455	0.0	2e-05	0.00553	0.02358	2e-05	0.02045	
0.00376	0.0057	0.00938	0.00277	0.00546	0.02152	0.00258	0.00522	0.00674	0.00254	0.00018	0.00481	0.00484	0.00497	0.04028	0.00668	0.0029	0.00582	0.01375	0.09729	0.01371	0.00312	0.18719	0.0	0.0	0.0	0.0	0.0049	0.00409	0.00347	0.00018	0.00536	0.03346	0.22315	0.00312	0.00465	0.00439	0.00365	0.00018	0.00493	0.00018	0.00659	0.0	0.0	0.0	0.0	0.00422	0.00506	0.0073	0.00467	0.01034	0.00425	0.0	0.01152	0.00542	0.00911	0.00603	0.00315	0.00409	0.00458	0.05253	0.0046	0.00504	0.0077	0.25077	0.02419	0.00504	0.00257	0.01006	0.0039	0.00515	0.0	0.0707	0.14452	0.00018	0.47794	0.00747	0.01148	0.00426	0.00565	0.00429	0.01716	0.00865	0.00018	0.00018	0.1451	0.00382	0.0164	0.00897	0.00018	0.0051	0.0	0.00018	0.00257	0.00955	0.00018	0.00556	
0.0	0.0	0.0	0.0	0.0	0.0	0.0	0.0	0.0	0.0	0.0	0.0	0.0	0.0	0.0	0.0	0.0	0.0	0.0	0.0	0.0	0.0	0.0	0.0	0.0	0.0	0.0	0.0	0.0	0.0	0.0	0.0	0.0	0.0	0.0	0.0	0.0	0.0	0.0	0.0	0.0	0.0	0.0	0.0	0.0	0.0	0.0	0.0	0.0	0.0	0.0	0.0	0.0	0.0	0.0	0.0	0.0	0.0	0.0	0.0	0.0	0.0	0.0	0.0	0.0	0.0	0.0	0.0	0.0	0.0	0.0	0.0	0.0	0.0	0.0	0.0	0.0	0.0	0.0	0.0	0.0	0.0	0.0	0.0	0.0	0.0	0.0	0.0	0.0	0.0	0.0	0.0	0.0	0.0	0.0	0.0	0.0	
0.0	0.0	0.0	0.0	0.0	0.0	0.0	0.0	0.0	0.0	0.0	0.0	0.0	0.0	0.0	0.0	0.0	0.0	0.0	0.0	0.0	0.0	0.0	0.0	0.0	0.0	0.0	0.0	0.0	0.0	0.0	0.0	0.0	0.0	0.0	0.0	0.0	0.0	0.0	0.0	0.0	0.0	0.0	0.0	0.0	0.0	0.0	0.0	0.0	0.0	0.0	0.0	0.0	0.0	0.0	0.0	0.0	0.0	0.0	0.0	0.0	0.0	0.0	0.0	0.0	0.0	0.0	0.0	0.0	0.0	0.0	0.0	0.0	0.0	0.0	0.0	0.0	0.0	0.0	0.0	0.0	0.0	0.0	0.0	0.0	0.0	0.0	0.0	0.0	0.0	0.0	0.0	0.0	0.0	0.0	0.0	0.0	
0.0	0.0	0.0	0.0	0.0	0.0	0.0	0.0	0.0	0.0	0.0	0.0	0.0	0.0	0.0	0.0	0.0	0.0	0.0	0.0	0.0	0.0	0.0	0.0	0.0	0.0	0.0	0.0	0.0	0.0	0.0	0.0	0.0	0.0	0.0	0.0	0.0	0.0	0.0	0.0	0.0	0.0	0.0	0.0	0.0	0.0	0.0	0.0	0.0	0.0	0.0	0.0	0.0	0.0	0.0	0.0	0.0	0.0	0.0	0.0	0.0	0.0	0.0	0.0	0.0	0.0	0.0	0.0	0.0	0.0	0.0	0.0	0.0	0.0	0.0	0.0	0.0	0.0	0.0	0.0	0.0	0.0	0.0	0.0	0.0	0.0	0.0	0.0	0.0	0.0	0.0	0.0	0.0	0.0	0.0	0.0	0.0	
0.00758	0.01362	0.01693	0.00488	0.01234	0.03135	0.00447	0.04708	0.01486	0.00439	8e-05	0.01053	0.01072	0.12733	0.11163	0.01529	0.00519	0.10962	0.01454	0.01433	0.0149	0.0057	0.01485	0.0049	0.0	0.0	0.0	0.0	0.0085	0.00653	8e-05	0.01208	0.02332	0.00986	0.0057	0.0092	0.07655	0.00698	8e-05	0.01127	8e-05	0.01543	0.0	0.0	0.0	0.0	0.00857	0.06762	0.01758	0.11351	0.02294	0.00894	0.0	0.0125	0.01251	0.01886	0.01439	0.00551	0.18017	0.00989	0.02459	0.06696	0.01102	0.01907	0.06595	0.06546	0.01116	0.00444	0.0251	0.00796	0.0108	0.0	0.01134	0.04784	8e-05	0.00761	0.01684	0.0174	0.00907	0.01206	0.00948	0.04532	0.00902	8e-05	8e-05	0.01264	0.00737	0.0452	0.00833	8e-05	0.01137	0.0	8e-05	0.00444	0.01471	8e-05	0.01255	
0.36568	0.01162	0.01275	0.00406	0.01046	0.04635	0.00371	0.00967	0.29263	0.00364	7e-05	0.18947	0.00908	0.18863	0.21694	0.01299	0.00432	0.01164	0.04712	0.01221	0.06729	0.00474	0.25651	0.00409	0.0	0.0	0.0	0.0085	0.0	0.00545	7e-05	0.01025	0.02599	0.00833	0.00474	0.23338	0.00741	0.00586	7e-05	0.00958	7e-05	0.10475	0.0	0.0	0.0	0.0	0.00723	0.00951	0.01501	0.00889	0.06457	0.00755	0.0	0.01062	0.01065	0.16501	0.01229	0.11897	0.08414	0.00835	0.06059	0.00844	0.17701	0.07092	0.00779	0.03521	0.00946	0.00369	0.12766	0.35143	0.00909	0.0	0.01601	0.04831	7e-05	0.0064	0.01428	0.02535	0.00765	0.01017	0.00801	0.04068	0.01851	7e-05	7e-05	0.01074	0.00617	0.04457	0.01903	7e-05	0.17818	0.0	7e-05	0.00369	0.01245	7e-05	0.01064	
0.00494	0.00806	0.00927	0.00347	0.00756	0.0267	0.00321	0.00708	0.00917	0.00315	0.00013	0.00658	0.00665	0.0068	0.06094	0.0092	0.00366	0.00814	0.04577	0.00852	0.0194	0.00396	0.00872	0.00347	0.0	0.0	0.0	0.00653	0.00545	0.0	0.00013	0.00737	0.01733	0.00621	0.00396	0.00603	0.00581	0.00465	0.00013	0.35416	0.00013	0.00918	0.0	0.0	0.0	0.0	0.58972	0.00692	0.12667	0.00641	0.01468	0.00571	0.0	0.00763	0.00754	0.10092	0.00849	0.00388	0.00539	0.00623	0.01425	0.00628	0.00683	0.14056	0.00586	0.03643	0.00688	0.00319	0.06673	0.00515	0.00692	0.0	0.0111	0.02695	0.00013	0.00495	0.01025	0.04505	0.00577	0.00762	0.006	0.06874	0.01236	0.00013	0.00013	0.00768	0.00497	0.02476	0.01274	0.00013	0.007	0.0	0.00013	0.00319	0.19185	0.00013	0.21835	
8e-05	1e-05	5e-05	0.00018	3e-05	1e-05	0.0002	5e-05	6e-05	0.0002	0.0	4e-05	4e-05	4e-05	2e-05	5e-05	0.00017	2e-05	2e-05	1e-05	2e-05	0.00015	2e-05	0.00018	0.0	0.0	0.0	8e-05	7e-05	0.00013	0.0	4e-05	2e-05	8e-05	0.00015	0.00014	0.0001	0.00024	0.0	4e-05	0.0	3e-05	0.0	0.0	0.0	0.0	0.00019	5e-05	2e-05	2e-05	2e-05	5e-05	0.0	3e-05	1e-05	1e-05	1e-05	0.0002	6e-05	4e-05	4e-05	4e-05	6e-05	2e-05	5e-05	2e-05	4e-05	0.0002	2e-05	7e-05	8e-05	0.0	3e-05	2e-05	0.0	6e-05	5e-05	1e-05	5e-05	6e-05	4e-05	0.0	1e-05	0.0	0.0	3e-05	0.00012	1e-05	2e-05	0.0	4e-05	0.0	0.0	0.0002	5e-05	0.0	3e-05	
0.00897	0.01805	0.01896	0.18374	0.01566	0.03547	0.00484	0.0143	0.01868	0.00474	4e-05	0.01304	0.01341	0.01356	0.01888	0.05053	0.00571	0.01793	0.05228	0.05457	0.07122	0.00633	0.01984	0.00536	0.0	0.0	0.0	0.01208	0.01025	0.00737	4e-05	0.0	0.02704	0.13504	0.00633	0.01084	0.11812	0.00812	4e-05	0.01449	4e-05	0.02029	0.0	0.0	0.0	0.0	0.01029	0.0779	0.0236	0.0133	0.05094	0.0108	0.0	0.05165	0.01616	0.02653	0.02295	0.01838	0.01885	0.01214	0.10934	0.0123	0.01379	0.11252	0.01125	0.06788	0.34204	0.00481	0.03488	0.0095	0.0883	0.0	0.02492	0.03089	4e-05	0.00903	0.04594	0.14882	0.01102	0.01475	0.12844	0.03887	0.02995	4e-05	4e-05	0.06623	0.00845	0.1084	0.03071	4e-05	0.06832	0.0	4e-05	0.00481	0.01848	4e-05	0.04219	
0.02221	0.06432	0.01412	0.0121	0.01352	0.05786	0.01087	0.01115	0.05072	0.03053	2e-05	0.04881	0.06715	0.05771	0.03105	0.01323	0.01303	0.12271	0.05205	0.05777	0.03816	0.01461	0.06967	0.03346	0.0	0.0	0.0	0.02332	0.02599	0.01733	2e-05	0.02704	0.0	0.01455	0.01461	0.02681	0.07646	0.01969	2e-05	0.04021	2e-05	0.00942	0.0	0.0	0.0	0.0	0.02597	0.02232	0.01114	0.02186	0.07713	0.05769	0.0	0.04605	0.09024	0.074	0.07541	0.03154	0.04181	0.03158	0.02965	0.09859	0.03686	0.08406	0.08784	0.02603	0.03782	0.03102	0.01599	0.02377	0.0054	0.0	0.05932	0.04142	2e-05	0.04101	0.00922	0.06613	0.0972	0.14823	0.03002	0.03148	0.02684	2e-05	2e-05	0.00703	0.0202	0.05885	0.03242	2e-05	0.03881	0.0	2e-05	0.03102	0.01628	2e-05	0.05645	
0.00737	0.01391	0.01503	0.00458	0.14752	0.05181	0.00418	0.01138	0.01482	0.0041	8e-05	0.01044	0.01068	0.01085	0.04101	0.01546	0.00488	0.0139	0.12997	0.03592	0.04779	0.00538	0.19479	0.22315	0.0	0.0	0.0	0.00986	0.00833	0.00621	8e-05	0.13504	0.01455	0.0	0.00538	0.00892	0.00855	0.00674	8e-05	0.01136	8e-05	0.0157	0.0	0.0	0.0	0.0	0.00839	0.14757	0.01804	0.01051	0.0268	0.00879	0.0	0.01256	0.01266	0.02004	0.11616	0.07992	0.06212	0.00977	0.14353	0.00988	0.01098	0.06219	0.08749	0.02261	0.14199	0.00415	0.0261	0.00777	0.01058	0.0	0.02264	0.11454	8e-05	0.16879	0.01691	0.09717	0.00892	0.01189	0.00936	0.02327	0.02248	8e-05	8e-05	0.0557	0.00706	0.04311	0.02308	8e-05	0.01137	0.0	8e-05	0.00415	0.01467	8e-05	0.01257	
0.00432	0.00685	0.00798	0.00311	0.00649	0.02548	0.00289	0.0061	0.15678	0.00284	0.00015	0.25145	0.00573	0.24977	0.05097	0.00786	0.00327	0.00694	0.03836	0.00725	0.03666	0.99965	0.0074	0.00312	0.0	0.0	0.0	0.0057	0.00474	0.00396	0.00015	0.00633	0.01461	0.00538	0.0	0.00529	0.00509	0.0041	0.00015	0.00585	0.00015	0.12396	0.0	0.0	0.0	0.0	0.00483	0.00595	0.00873	0.0055	0.01238	0.00497	0.0	0.00654	0.00645	0.00941	0.16701	0.0035	0.00472	0.2842	0.0595	0.00543	0.37864	0.00923	0.00508	0.17027	0.00592	0.00288	0.08546	0.0045	0.00602	0.0	0.00944	0.02673	0.00015	0.00433	0.00879	0.03749	0.005	0.0066	0.0052	0.05653	0.06093	0.00015	0.00015	0.00658	0.00438	0.02372	0.01075	0.00015	0.00602	0.0	0.00015	0.00288	0.00782	0.00015	0.00661	
0.25549	0.01213	0.01354	0.00456	0.01109	0.00267	0.00418	0.01029	0.31527	0.00411	0.00014	0.0095	0.00966	0.0099	0.12399	0.01367	0.00483	0.01219	0.03015	0.01278	0.00527	0.00529	0.26298	0.00465	0.0	0.0	0.0	0.0092	0.23338	0.00603	0.00014	0.01084	0.02681	0.00892	0.00529	0.0	0.00808	0.0064	0.00014	0.0101	0.00014	0.04761	0.0	0.0	0.0	0.0	0.0078	0.0101	0.01561	0.00941	0.07069	0.02542	0.0	0.01127	0.01129	0.11649	0.01289	0.03216	0.02432	0.00895	0.02177	0.00903	0.62652	0.15039	0.00837	0.0363	0.01004	0.00416	0.10831	0.24557	0.00981	0.0	0.01673	0.04983	0.00014	0.00695	0.0151	0.02592	0.00823	0.01091	0.00864	0.04149	0.01908	0.00014	0.00014	0.01133	0.00678	0.04544	0.01963	0.00014	0.10409	0.0	0.00014	0.00416	0.01324	0.00014	0.01128	
0.00664	0.01157	0.01296	0.00439	0.0106	0.0027	0.00403	0.05987	0.0128	0.00396	0.0001	0.0091	0.00925	0.00942	0.09202	0.05553	0.00466	0.01164	0.02868	0.06003	0.02864	0.00509	0.01258	0.00439	0.0	0.0	0.0	0.07655	0.00741	0.00581	0.0001	0.11812	0.07646	0.00855	0.00509	0.00808	0.0	0.00615	0.0001	0.00965	0.0001	0.01313	0.0	0.0	0.0	0.0	0.00749	0.08167	0.01488	0.009	0.08273	0.00778	0.0	0.01072	0.01069	0.02301	0.0122	0.0049	0.21623	0.00858	0.02074	0.0831	0.0095	0.01603	0.00803	0.00177	0.00961	0.00401	0.02105	0.00697	0.12216	0.0	0.01679	0.00247	0.0001	0.00667	0.04971	0.0642	0.00789	0.01047	0.00823	0.00944	0.01816	0.0001	0.0001	0.01083	0.00653	0.03738	0.01104	0.0001	0.00979	0.0	0.0001	0.00401	0.01268	0.0001	0.01079	
0.00527	0.00902	0.01014	0.00356	0.0083	0.03168	0.00328	0.13292	0.01001	0.00323	0.00024	0.00715	0.00726	0.00746	0.01833	0.08635	0.00376	0.00907	0.02212	0.08548	0.02208	0.0041	0.00979	0.00365	0.0	0.0	0.0	0.00698	0.00586	0.00465	0.00024	0.00812	0.01969	0.00674	0.0041	0.0064	0.00615	0.0	0.00024	0.12203	0.00024	0.01023	0.0	0.0	0.0	0.0	0.3044	0.00758	0.14601	0.00706	0.01676	0.00623	0.0	0.00844	0.04395	0.03256	0.15049	0.10475	0.06991	0.00675	0.01607	0.00681	0.00746	0.01242	0.00633	0.03242	0.00754	0.00326	0.01627	0.00552	0.00742	0.0	0.01241	0.03256	0.00024	0.00529	0.17177	0.01896	0.00622	0.00823	0.00654	0.03176	0.04391	0.00024	0.00024	0.00847	0.0052	0.0329	0.0802	0.00024	0.00767	0.0	0.00024	0.00326	0.00992	0.00024	0.00845	
8e-05	1e-05	5e-05	0.00018	3e-05	1e-05	0.0002	5e-05	6e-05	0.0002	0.0	4e-05	4e-05	4e-05	2e-05	5e-05	0.00017	2e-05	2e-05	1e-05	2e-05	0.00015	2e-05	0.00018	0.0	0.0	0.0	8e-05	7e-05	0.00013	0.0	4e-05	2e-05	8e-05	0.00015	0.00014	0.0001	0.00024	0.0	4e-05	0.0	3e-05	0.0	0.0	0.0	0.0	0.00019	5e-05	2e-05	2e-05	2e-05	5e-05	0.0	3e-05	1e-05	1e-05	1e-05	0.0002	6e-05	4e-05	4e-05	4e-05	6e-05	2e-05	5e-05	2e-05	4e-05	0.0002	2e-05	7e-05	8e-05	0.0	3e-05	2e-05	0.0	6e-05	5e-05	1e-05	5e-05	6e-05	4e-05	0.0	1e-05	0.0	0.0	3e-05	0.00012	1e-05	2e-05	0.0	4e-05	0.0	0.0	0.0002	5e-05	0.0	3e-05	
0.00836	0.0171	0.01782	0.00492	0.01474	0.03633	0.00446	0.01343	0.01755	0.00437	4e-05	0.01224	0.0126	0.01271	0.06737	0.07145	0.00527	0.04418	0.04816	0.01784	0.0854	0.00585	0.01882	0.00493	0.0	0.0	0.0	0.01127	0.00958	0.35416	4e-05	0.01449	0.04021	0.01136	0.00585	0.0101	0.00965	0.12203	4e-05	0.0	4e-05	0.07248	0.0	0.0	0.0	0.0	0.28812	0.01329	0.12677	0.2373	0.03417	0.01008	0.0	0.04281	0.15824	0.11552	0.05101	0.00556	0.00911	0.01137	0.0317	0.01153	0.01295	0.2031	0.01053	0.07697	0.0132	0.00443	0.1009	0.00886	0.01216	0.0	0.02359	0.06276	4e-05	0.00842	0.02633	0.05525	0.01031	0.01381	0.01083	0.07534	0.02513	4e-05	4e-05	0.01528	0.00784	0.04119	0.11618	4e-05	0.0135	0.0	4e-05	0.00443	0.12548	4e-05	0.14182	
8e-05	1e-05	5e-05	0.00018	3e-05	1e-05	0.0002	5e-05	6e-05	0.0002	0.0	4e-05	4e-05	4e-05	2e-05	5e-05	0.00017	2e-05	2e-05	1e-05	2e-05	0.00015	2e-05	0.00018	0.0	0.0	0.0	8e-05	7e-05	0.00013	0.0	4e-05	2e-05	8e-05	0.00015	0.00014	0.0001	0.00024	0.0	4e-05	0.0	3e-05	0.0	0.0	0.0	0.0	0.00019	5e-05	2e-05	2e-05	2e-05	5e-05	0.0	3e-05	1e-05	1e-05	1e-05	0.0002	6e-05	4e-05	4e-05	4e-05	6e-05	2e-05	5e-05	2e-05	4e-05	0.0002	2e-05	7e-05	8e-05	0.0	3e-05	2e-05	0.0	6e-05	5e-05	1e-05	5e-05	6e-05	4e-05	0.0	1e-05	0.0	0.0	3e-05	0.00012	1e-05	2e-05	0.0	4e-05	0.0	0.0	0.0002	5e-05	0.0	3e-05	
0.10804	0.02432	0.02489	0.00655	0.05865	0.00768	0.00591	0.01868	0.09669	0.12678	3e-05	0.13877	0.01752	0.04621	0.07865	0.01368	0.16195	0.02403	0.02258	0.02532	0.11279	0.12396	0.03228	0.00659	0.0	0.0	0.0	0.01543	0.10475	0.00918	3e-05	0.02029	0.00942	0.0157	0.12396	0.04761	0.01313	0.01023	3e-05	0.07248	3e-05	0.0	0.0	0.0	0.0	0.0	0.01317	0.01853	0.03209	0.14607	0.02765	0.01388	0.0	0.04972	0.0207	0.09627	0.05094	0.14929	0.01429	0.05219	0.01583	0.0785	0.1531	0.04101	0.0145	0.09715	0.0184	0.00588	0.05687	0.10657	0.0167	0.0	0.03366	0.07377	3e-05	0.14059	0.02844	0.02209	0.01419	0.01908	0.01496	0.04329	0.02047	3e-05	3e-05	0.02145	0.01059	0.07369	0.0768	3e-05	0.04971	0.0	3e-05	0.00588	0.01152	3e-05	0.02094	
0.0	0.0	0.0	0.0	0.0	0.0	0.0	0.0	0.0	0.0	0.0	0.0	0.0	0.0	0.0	0.0	0.0	0.0	0.0	0.0	0.0	0.0	0.0	0.0	0.0	0.0	0.0	0.0	0.0	0.0	0.0	0.0	0.0	0.0	0.0	0.0	0.0	0.0	0.0	0.0	0.0	0.0	0.0	0.0	0.0	0.0	0.0	0.0	0.0	0.0	0.0	0.0	0.0	0.0	0.0	0.0	0.0	0.0	0.0	0.0	0.0	0.0	0.0	0.0	0.0	0.0	0.0	0.0	0.0	0.0	0.0	0.0	0.0	0.0	0.0	0.0	0.0	0.0	0.0	0.0	0.0	0.0	0.0	0.0	0.0	0.0	0.0	0.0	0.0	0.0	0.0	0.0	0.0	0.0	0.0	0.0	0.0	
0.0	0.0	0.0	0.0	0.0	0.0	0.0	0.0	0.0	0.0	0.0	0.0	0.0	0.0	0.0	0.0	0.0	0.0	0.0	0.0	0.0	0.0	0.0	0.0	0.0	0.0	0.0	0.0	0.0	0.0	0.0	0.0	0.0	0.0	0.0	0.0	0.0	0.0	0.0	0.0	0.0	0.0	0.0	0.0	0.0	0.0	0.0	0.0	0.0	0.0	0.0	0.0	0.0	0.0	0.0	0.0	0.0	0.0	0.0	0.0	0.0	0.0	0.0	0.0	0.0	0.0	0.0	0.0	0.0	0.0	0.0	0.0	0.0	0.0	0.0	0.0	0.0	0.0	0.0	0.0	0.0	0.0	0.0	0.0	0.0	0.0	0.0	0.0	0.0	0.0	0.0	0.0	0.0	0.0	0.0	0.0	0.0	
0.0	0.0	0.0	0.0	0.0	0.0	0.0	0.0	0.0	0.0	0.0	0.0	0.0	0.0	0.0	0.0	0.0	0.0	0.0	0.0	0.0	0.0	0.0	0.0	0.0	0.0	0.0	0.0	0.0	0.0	0.0	0.0	0.0	0.0	0.0	0.0	0.0	0.0	0.0	0.0	0.0	0.0	0.0	0.0	0.0	0.0	0.0	0.0	0.0	0.0	0.0	0.0	0.0	0.0	0.0	0.0	0.0	0.0	0.0	0.0	0.0	0.0	0.0	0.0	0.0	0.0	0.0	0.0	0.0	0.0	0.0	0.0	0.0	0.0	0.0	0.0	0.0	0.0	0.0	0.0	0.0	0.0	0.0	0.0	0.0	0.0	0.0	0.0	0.0	0.0	0.0	0.0	0.0	0.0	0.0	0.0	0.0	
0.0	0.0	0.0	0.0	0.0	0.0	0.0	0.0	0.0	0.0	0.0	0.0	0.0	0.0	0.0	0.0	0.0	0.0	0.0	0.0	0.0	0.0	0.0	0.0	0.0	0.0	0.0	0.0	0.0	0.0	0.0	0.0	0.0	0.0	0.0	0.0	0.0	0.0	0.0	0.0	0.0	0.0	0.0	0.0	0.0	0.0	0.0	0.0	0.0	0.0	0.0	0.0	0.0	0.0	0.0	0.0	0.0	0.0	0.0	0.0	0.0	0.0	0.0	0.0	0.0	0.0	0.0	0.0	0.0	0.0	0.0	0.0	0.0	0.0	0.0	0.0	0.0	0.0	0.0	0.0	0.0	0.0	0.0	0.0	0.0	0.0	0.0	0.0	0.0	0.0	0.0	0.0	0.0	0.0	0.0	0.0	0.0	
0.00644	0.01164	0.01279	0.00415	0.01051	0.04094	0.0038	0.12178	0.01262	0.00373	0.00019	0.00895	0.00913	0.00932	0.06266	0.08253	0.00441	0.01167	0.05151	0.0821	0.0292	0.00483	0.01269	0.00422	0.0	0.0	0.0	0.00857	0.00723	0.58972	0.00019	0.01029	0.02597	0.00839	0.00483	0.0078	0.00749	0.3044	0.00019	0.28812	0.00019	0.01317	0.0	0.0	0.0	0.0	0.0	0.00956	0.20557	0.00893	0.02208	0.00766	0.0	0.01069	0.04324	0.12751	0.03853	0.0835	0.06157	0.00841	0.02099	0.0085	0.00938	0.13087	0.00785	0.04556	0.0095	0.00378	0.06767	0.00677	0.00916	0.0	0.01603	0.04171	0.00019	0.00647	0.08241	0.05063	0.00771	0.01023	0.0081	0.08015	0.01851	0.00019	0.00019	0.01077	0.00625	0.03916	0.04906	0.00019	0.00969	0.0	0.00019	0.00378	0.15793	0.00019	0.17964	
0.13168	0.01646	0.01746	0.00503	0.0144	0.06047	0.00457	0.26	0.0172	0.00448	5e-05	0.01205	0.01236	0.01252	0.01562	0.01814	0.00538	0.01638	0.02498	0.01722	0.02564	0.00595	0.01807	0.00506	0.0	0.0	0.0	0.06762	0.00951	0.00692	5e-05	0.0779	0.02232	0.14757	0.00595	0.0101	0.08167	0.00758	5e-05	0.01329	5e-05	0.01853	0.0	0.0	0.0	0.0	0.00956	0.0	0.03878	0.01223	0.09957	0.01002	0.0	0.01464	0.01481	0.03314	0.02254	0.02162	0.56936	0.01123	0.11283	0.07399	0.01271	0.03414	0.01042	0.08347	0.08049	0.00454	0.03149	0.00883	0.01208	0.0	0.02735	0.03062	5e-05	0.0084	0.03252	0.06131	0.01021	0.01365	0.01072	0.03748	0.02341	5e-05	5e-05	0.01487	0.00791	0.05484	0.0902	5e-05	0.01321	0.0	5e-05	0.00454	0.01702	5e-05	0.01463	
0.07488	0.08364	0.05057	0.00727	0.03166	0.01978	0.0873	0.0232	0.02838	0.00642	2e-05	0.01954	0.02025	0.02038	0.0278	0.0174	0.00782	0.02826	0.00634	0.0208	0.01012	0.00873	0.04389	0.0073	0.0	0.0	0.0	0.01758	0.01501	0.12667	2e-05	0.0236	0.01114	0.01804	0.00873	0.01561	0.01488	0.14601	2e-05	0.12677	2e-05	0.03209	0.0	0.0	0.0	0.0	0.20557	0.03878	0.0	0.02033	0.06755	0.14695	0.0	0.13474	0.08624	0.08976	0.14252	0.00867	0.0813	0.01805	0.01404	0.04557	0.02083	0.0658	0.01662	0.03218	0.02131	0.00651	0.04926	0.0138	0.01908	0.0	0.06606	0.01656	2e-05	0.01305	0.03538	0.05388	0.01625	0.0219	0.01715	0.08676	0.03061	2e-05	2e-05	0.02501	0.01192	0.10147	0.01867	2e-05	0.02183	0.0	2e-05	0.00651	0.07844	2e-05	0.04301	
0.00778	0.01557	0.07787	0.00464	0.01354	0.05639	0.00421	0.01237	0.01616	0.00413	2e-05	0.0113	0.01161	0.01175	0.05147	0.03297	0.00497	0.16309	0.06468	0.01627	0.11287	0.0055	0.01711	0.00467	0.0	0.0	0.0	0.11351	0.00889	0.00641	2e-05	0.0133	0.02186	0.01051	0.0055	0.00941	0.009	0.00706	2e-05	0.2373	2e-05	0.14607	0.0	0.0	0.0	0.0	0.00893	0.01223	0.02033	0.0	0.07831	0.00937	0.0	0.0201	0.19023	0.02372	0.01648	0.00531	0.00854	0.01052	0.0287	0.12682	0.01194	0.08226	0.00975	0.05962	0.01215	0.00418	0.0253	0.00824	0.01129	0.0	0.02148	0.0583	2e-05	0.00784	0.01858	0.08267	0.00956	0.01278	0.01004	0.06328	0.05204	2e-05	2e-05	0.01401	0.00735	0.05048	0.09024	2e-05	0.01242	0.0	2e-05	0.00418	0.03566	2e-05	0.01376	
0.0632	0.03173	0.04229	0.05185	0.0362	0.09376	0.00921	0.05455	0.01814	0.00901	2e-05	0.02911	0.11289	0.02956	0.04502	0.116	0.01105	0.09217	0.01817	0.03831	0.05255	0.01238	0.04383	0.01034	0.0	0.0	0.0	0.02294	0.06457	0.01468	2e-05	0.05094	0.07713	0.0268	0.01238	0.07069	0.08273	0.01676	2e-05	0.03417	2e-05	0.02765	0.0	0.0	0.0	0.0	0.02208	0.09957	0.06755	0.07831	0.0	0.10323	0.0	0.10655	0.12831	0.1178	0.10684	0.01099	0.06244	0.02674	0.0503	0.02261	0.07211	0.05628	0.02451	0.05708	0.11274	0.00915	0.04423	0.06374	0.22265	0.0	0.02641	0.03562	2e-05	0.01899	0.00626	0.0862	0.1514	0.12567	0.11324	0.08506	0.0644	2e-05	2e-05	0.07103	0.11774	0.0341	0.09092	2e-05	0.1098	0.0	2e-05	0.00915	0.03816	2e-05	0.03677	
0.00672	0.01219	0.16684	0.00425	0.01098	0.04349	0.00388	0.01022	0.01686	0.00381	5e-05	0.00933	0.00952	0.00968	0.02559	0.01376	0.00452	0.01225	0.05392	0.01288	0.05238	0.00497	0.01812	0.00425	0.0	0.0	0.0	0.00894	0.00755	0.00571	5e-05	0.0108	0.05769	0.00879	0.00497	0.02542	0.00778	0.00623	5e-05	0.01008	5e-05	0.01388	0.0	0.0	0.0	0.0	0.00766	0.01002	0.14695	0.00937	0.10323	0.0	0.0	0.33452	0.21762	0.15138	0.25918	0.00476	0.00728	0.00875	0.07464	0.00885	0.02286	0.08851	0.00817	0.0417	0.00996	0.00386	0.1147	0.00706	0.00954	0.0	0.01687	0.04038	5e-05	0.0067	0.0151	0.02704	0.00802	0.01071	0.00838	0.04206	0.01958	5e-05	5e-05	0.01127	0.00647	0.08	0.04573	5e-05	0.12984	0.0	5e-05	0.00386	0.17257	5e-05	0.01117	
0.0	0.0	0.0	0.0	0.0	0.0	0.0	0.0	0.0	0.0	0.0	0.0	0.0	0.0	0.0	0.0	0.0	0.0	0.0	0.0	0.0	0.0	0.0	0.0	0.0	0.0	0.0	0.0	0.0	0.0	0.0	0.0	0.0	0.0	0.0	0.0	0.0	0.0	0.0	0.0	0.0	0.0	0.0	0.0	0.0	0.0	0.0	0.0	0.0	0.0	0.0	0.0	0.0	0.0	0.0	0.0	0.0	0.0	0.0	0.0	0.0	0.0	0.0	0.0	0.0	0.0	0.0	0.0	0.0	0.0	0.0	0.0	0.0	0.0	0.0	0.0	0.0	0.0	0.0	0.0	0.0	0.0	0.0	0.0	0.0	0.0	0.0	0.0	0.0	0.0	0.0	0.0	0.0	0.0	0.0	0.0	0.0	
0.00929	0.01866	0.15238	0.00552	0.01619	0.03234	0.005	0.01483	0.01939	0.13934	3e-05	0.10175	0.01386	0.01403	0.0403	0.02002	0.0059	0.01856	0.04039	0.01954	0.07403	0.00654	0.02056	0.01152	0.0	0.0	0.0	0.0125	0.01062	0.00763	3e-05	0.05165	0.04605	0.01256	0.00654	0.01127	0.01072	0.00844	3e-05	0.04281	3e-05	0.04972	0.0	0.0	0.0	0.0	0.01069	0.01464	0.13474	0.0201	0.10655	0.33452	0.0	0.0	0.18175	0.13599	0.22242	0.13908	0.01017	0.01255	0.06138	0.01272	0.0143	0.02734	0.01163	0.0608	0.01454	0.00497	0.09936	0.00985	0.01347	0.0	0.02583	0.02729	3e-05	0.00933	0.02232	0.02417	0.01139	0.01529	0.15916	0.03601	0.01875	3e-05	3e-05	0.05996	0.00874	0.06828	0.0522	3e-05	0.01486	0.0	3e-05	0.00497	0.15854	3e-05	0.03561	
0.00929	0.11221	0.07159	0.00542	0.01638	0.07381	0.00491	0.0162	0.01964	0.00481	1e-05	0.01357	0.01398	0.01412	0.04181	0.02584	0.00581	0.10427	0.09695	0.14097	0.10458	0.00645	0.02108	0.00542	0.0	0.0	0.0	0.01251	0.01065	0.00754	1e-05	0.01616	0.09024	0.01266	0.00645	0.01129	0.01069	0.04395	1e-05	0.15824	1e-05	0.0207	0.0	0.0	0.0	0.0	0.04324	0.01481	0.08624	0.19023	0.12831	0.21762	0.0	0.18175	0.0	0.31455	0.15424	0.0055	0.00937	0.01261	0.03502	0.01278	0.01447	0.08503	0.01166	0.06499	0.01471	0.00488	0.0702	0.00986	0.01349	0.0	0.01829	0.06557	1e-05	0.00931	0.02093	0.04008	0.10809	0.03164	0.012	0.03937	0.11763	1e-05	1e-05	0.01699	0.00867	0.0664	0.05072	1e-05	0.10806	0.0	1e-05	0.00488	0.07414	1e-05	0.01665	
0.16895	0.04823	0.05365	0.00781	0.01982	0.06249	0.00703	0.03261	0.0875	0.00687	1e-05	0.02172	0.02257	0.02273	0.13329	0.03274	0.00841	0.0735	0.06218	0.06356	0.1257	0.00941	0.09111	0.00911	0.0	0.0	0.0	0.01886	0.16501	0.10092	1e-05	0.02653	0.074	0.02004	0.00941	0.11649	0.02301	0.03256	1e-05	0.11552	1e-05	0.09627	0.0	0.0	0.0	0.0	0.12751	0.03314	0.08976	0.02372	0.1178	0.15138	0.0	0.13599	0.31455	0.0	0.13531	0.04873	0.11245	0.01999	0.02933	0.02718	0.10884	0.11372	0.01835	0.04668	0.02384	0.00698	0.11738	0.16719	0.02104	0.0	0.01457	0.05111	1e-05	0.0143	0.01445	0.03248	0.08293	0.03263	0.01909	0.04292	0.08177	1e-05	1e-05	0.02813	0.01295	0.06886	0.0497	1e-05	0.12229	0.0	1e-05	0.00698	0.1386	1e-05	0.03525	
0.01064	0.02297	0.11958	0.00603	0.14408	0.0659	0.00544	0.0175	0.04856	0.00532	1e-05	0.07691	0.01641	0.07669	0.03707	0.02272	0.00647	0.09135	0.13076	0.02245	0.06057	0.16701	0.05062	0.00603	0.0	0.0	0.0	0.01439	0.01229	0.00849	1e-05	0.02295	0.07541	0.11616	0.16701	0.01289	0.0122	0.15049	1e-05	0.05101	1e-05	0.05094	0.0	0.0	0.0	0.0	0.03853	0.02254	0.14252	0.01648	0.10684	0.25918	0.0	0.22242	0.15424	0.13531	0.0	0.00562	0.0101	0.08372	0.10652	0.0149	0.13244	0.06009	0.01353	0.11323	0.02124	0.0054	0.17575	0.01132	0.01558	0.0	0.03193	0.05714	1e-05	0.01068	0.0454	0.05765	0.01323	0.01787	0.01394	0.08539	0.03726	1e-05	1e-05	0.02017	0.00981	0.13618	0.02799	1e-05	0.0177	0.0	1e-05	0.0054	0.1222	1e-05	0.01966	
0.13884	0.00634	0.00772	0.00311	0.00607	0.01744	0.0029	0.01088	0.01101	1.00011	0.0002	0.31535	0.00537	0.00556	0.05526	0.00756	0.00326	0.00656	0.01307	0.00783	0.01407	0.0035	0.01173	0.00315	0.0	0.0	0.0	0.00551	0.11897	0.00388	0.0002	0.01838	0.03154	0.07992	0.0035	0.03216	0.0049	0.10475	0.0002	0.00556	0.0002	0.14929	0.0	0.0	0.0	0.0	0.0835	0.02162	0.00867	0.00531	0.01099	0.00476	0.0	0.13908	0.0055	0.04873	0.00562	0.0	0.00348	0.00509	0.04691	0.00511	0.02266	0.01885	0.0048	0.0159	0.01919	0.00289	0.04611	0.12957	0.00574	0.0	0.00885	0.02266	0.0002	0.00413	0.00799	0.01658	0.00473	0.00639	0.00495	0.01814	0.04395	0.0002	0.0002	0.00614	0.00426	0.0171	0.00875	0.0002	0.02554	0.0	0.0002	0.00289	0.00753	0.0002	0.00619	
0.59632	0.01084	0.01232	0.00407	0.00991	0.03576	0.00373	0.19643	0.01361	0.00367	6e-05	0.00848	0.00862	0.00883	0.09472	0.01164	0.00432	0.011	0.02451	0.01164	0.02432	0.00472	0.01517	0.00409	0.0	0.0	0.0	0.18017	0.08414	0.00539	6e-05	0.01885	0.04181	0.06212	0.00472	0.02432	0.21623	0.06991	6e-05	0.00911	6e-05	0.01429	0.0	0.0	0.0	0.0	0.06157	0.56936	0.0813	0.00854	0.06244	0.00728	0.0	0.01017	0.00937	0.11245	0.0101	0.00348	0.0	0.00798	0.05044	0.17368	0.02096	0.02286	0.00747	0.04451	0.01878	0.00371	0.01818	0.08848	0.00878	0.0	0.06852	0.03579	6e-05	0.00619	0.01247	0.02666	0.00733	0.00987	0.00769	0.03428	0.04554	6e-05	6e-05	0.01013	0.00607	0.03474	0.09127	6e-05	0.02363	0.0	6e-05	0.00371	0.01201	6e-05	0.01008	
0.00738	0.06361	0.07784	0.00459	0.01238	0.01691	0.00418	0.0114	0.05448	0.0041	4e-05	0.10111	0.0107	0.10031	0.01814	0.01547	0.00489	0.0139	0.06945	0.0146	0.01508	0.2842	0.01522	0.00458	0.0	0.0	0.0	0.00989	0.00835	0.00623	4e-05	0.01214	0.03158	0.00977	0.2842	0.00895	0.00858	0.00675	4e-05	0.01137	4e-05	0.05219	0.0	0.0	0.0	0.0	0.00841	0.01123	0.01805	0.01052	0.02674	0.00875	0.0	0.01255	0.01261	0.01999	0.08372	0.00509	0.00798	0.0	0.13623	0.0099	0.17866	0.01979	0.00911	0.14212	0.01116	0.00416	0.04878	0.16537	0.0106	0.0	0.01919	0.01403	4e-05	0.00742	0.01694	0.0351	0.00894	0.01192	0.00934	0.07576	0.10558	4e-05	4e-05	0.01274	0.00708	0.02059	0.02307	4e-05	0.01139	0.0	4e-05	0.00416	0.0147	4e-05	0.04577	
