0.0	0.24702	0.00117	0.00117	0.19622	0.00117	0.08067	0.00117	0.06824	0.08067	0.00117	0.00117	0.00117	0.08067	0.00117	0.10005	0.19256	0.00117	0.0	0.0	0.10005	0.15141	0.21718	0.08727	0.17449	0.43611	0.00117	0.19845	0.00117	0.11625	0.06844	0.1376	0.06656	0.3578	0.20575	0.08206	0.00117	0.07848	0.38165	0.00117	0.33787	0.24071	0.15229	0.36327	0.30275	0.18835	0.04332	0.00117	0.10005	0.00117	0.03095	0.29704	0.10005	0.00117	0.132	0.10005	0.00117	0.08067	0.02548	0.10005	0.06362	0.00117	0.08206	0.00117	0.21529	0.00117	0.31722	0.15385	0.00117	0.14054	0.07174	0.22594	0.46877	0.0	0.424	0.26408	0.18119	0.33292	0.18713	0.09866	0.16318	0.16318	0.18249	0.19832	0.17139	0.09866	0.09866	0.00117	0.06869	0.00117	0.00117	0.00117	0.00117	0.0376	0.10067	0.06869	0.17711	0.28835	0.07268	0.2198	0.07848	0.03893	0.05981	0.0	0.24606	0.37956	0.48751	0.19925	0.18661	0.09805	0.03451	0.11807	0.0	0.12338	0.03893	0.1466	0.05633	0.08535	0.26679	0.13497	0.00117	0.04066	0.13239	0.04332	0.01478	0.00117	0.03095	0.00117	0.00117	0.29704	0.10005	0.13497	0.07848	0.04332	0.14556	0.00117	0.08206	0.3671	0.31888	0.28595	0.05981	0.00117	0.13322	0.31255	0.04066	
0.24702	0.0	0.00027	0.00027	0.25655	0.00027	0.13092	0.00027	0.05714	0.13092	0.00027	0.00027	0.00027	0.13092	0.00027	0.43053	0.08043	0.00027	0.0	0.0	0.43053	0.25087	0.52147	0.12395	0.25264	0.39831	0.00027	0.22727	0.00027	0.03247	0.12094	0.45494	0.16119	0.21245	0.24421	0.05697	0.00027	0.22556	0.3634	0.00027	0.65208	0.2471	0.11365	0.2488	0.69069	0.27235	0.0302	0.00027	0.43053	0.00027	0.02149	0.03837	0.43053	0.00027	0.20582	0.43053	0.00027	0.13092	0.06309	0.43053	0.04433	0.00027	0.05697	0.00027	0.21818	0.00027	0.08542	0.11202	0.00027	0.09514	0.29855	0.21025	0.32842	0.0	0.81702	0.48885	0.25987	0.2259	0.148	0.00199	0.12551	0.12551	0.43982	0.47294	0.31331	0.00199	0.00199	0.00027	0.04367	0.00027	0.00027	0.00027	0.00027	0.12356	0.00945	0.04367	0.09789	0.63163	0.17383	0.11838	0.22556	0.09393	0.09415	0.0	0.44221	0.38987	0.55298	0.27813	0.24798	0.05683	0.23117	0.19932	0.0	0.45004	0.09393	0.24637	0.39597	0.21257	0.21808	0.47589	0.00027	0.02834	0.38031	0.0302	0.06961	0.00027	0.02149	0.00027	0.00027	0.03837	0.43053	0.47589	0.22556	0.0302	0.27325	0.00027	0.05697	0.40638	0.31041	0.06147	0.03817	0.00027	0.13132	0.1016	0.02834	
0.00117	0.00027	0.0	0.0	0.00118	0.0	0.00028	0.0	0.00026	0.00028	0.0	0.0	0.0	0.00028	0.0	0.00027	0.0012	0.0	0.0	0.0	0.00027	7e-05	9e-05	0.00018	0.00019	0.0003	0.0	0.00023	0.0	0.00116	0.00017	0.00027	0.00051	0.00069	0.00043	0.00018	0.0	0.00034	0.00079	0.0	0.00049	0.00063	0.00056	0.00073	0.00062	0.00031	0.00027	0.0	0.00027	0.0	0.00034	0.00303	0.00027	0.0	0.00031	0.00027	0.0	0.00028	0.00016	0.00027	0.00022	0.0	0.00018	0.0	0.00037	0.0	0.0006	3e-05	0.0	4e-05	9e-05	0.00026	0.00027	0.0	0.00015	0.00012	0.00024	0.00013	0.0001	0.0	0.00016	0.00016	0.0004	0.0002	0.0	0.0	0.0	0.0	0.00021	0.0	0.0	0.0	0.0	9e-05	0.0	0.00021	0.00042	0.00046	0.00032	0.00092	0.00034	0.00026	0.00092	0.0	0.00026	0.0006	0.00088	8e-05	0.00038	0.0007	0.00023	0.00027	0.0	0.0004	0.00026	0.00056	0.00028	8e-05	0.00065	0.00016	0.0	0.00039	0.00017	0.00027	0.00023	0.0	0.00034	0.0	0.0	0.00303	0.00027	0.00016	0.00034	0.00027	0.00025	0.0	0.00018	0.00045	0.00053	0.00167	0.00092	0.0	0.00024	0.00044	0.00039	
0.00117	0.00027	0.0	0.0	0.00118	0.0	0.00028	0.0	0.00026	0.00028	0.0	0.0	0.0	0.00028	0.0	0.00027	0.0012	0.0	0.0	0.0	0.00027	7e-05	9e-05	0.00018	0.00019	0.0003	0.0	0.00023	0.0	0.00116	0.00017	0.00027	0.00051	0.00069	0.00043	0.00018	0.0	0.00034	0.00079	0.0	0.00049	0.00063	0.00056	0.00073	0.00062	0.00031	0.00027	0.0	0.00027	0.0	0.00034	0.00303	0.00027	0.0	0.00031	0.00027	0.0	0.00028	0.00016	0.00027	0.00022	0.0	0.00018	0.0	0.00037	0.0	0.0006	3e-05	0.0	4e-05	9e-05	0.00026	0.00027	0.0	0.00015	0.00012	0.00024	0.00013	0.0001	0.0	0.00016	0.00016	0.0004	0.0002	0.0	0.0	0.0	0.0	0.00021	0.0	0.0	0.0	0.0	9e-05	0.0	0.00021	0.00042	0.00046	0.00032	0.00092	0.00034	0.00026	0.00092	0.0	0.00026	0.0006	0.00088	8e-05	0.00038	0.0007	0.00023	0.00027	0.0	0.0004	0.00026	0.00056	0.00028	8e-05	0.00065	0.00016	0.0	0.00039	0.00017	0.00027	0.00023	0.0	0.00034	0.0	0.0	0.00303	0.00027	0.00016	0.00034	0.00027	0.00025	0.0	0.00018	0.00045	0.00053	0.00167	0.00092	0.0	0.00024	0.00044	0.00039	
0.19622	0.25655	0.00118	0.00118	0.0	0.00118	0.03374	0.00118	0.0019	0.03374	0.00118	0.00118	0.00118	0.03374	0.00118	0.40511	0.03167	0.00118	0.0	0.0	0.40511	0.05997	0.21871	0.04196	0.13366	0.19121	0.00118	0.10291	0.00118	0.06291	0.0926	0.32814	0.38728	0.22715	0.08317	0.03698	0.00118	0.00128	0.10775	0.00118	0.26046	0.27115	0.03801	0.17643	0.50781	0.1153	0.02148	0.00118	0.40511	0.00118	0.01602	0.19272	0.40511	0.00118	0.05752	0.40511	0.00118	0.03374	0.04428	0.40511	0.02986	0.00118	0.03698	0.00118	0.12409	0.00118	0.10734	0.042	0.00118	0.02515	0.11021	0.12257	0.33358	0.0	0.2166	0.07288	0.347	0.22779	0.04957	0.01935	0.03691	0.03691	1.01916	0.57983	0.09518	0.01935	0.01935	0.00118	0.02948	0.00118	0.00118	0.00118	0.00118	0.09476	0.01	0.02948	0.05884	0.21658	0.00098	0.07456	0.00128	0.00939	0.02641	0.0	0.39068	0.12481	0.43703	0.09252	0.06506	0.07373	0.10339	0.06828	0.0	0.30286	0.00939	0.16217	0.09929	0.10539	0.22679	0.2878	0.00118	0.02035	0.3144	0.02148	0.04387	0.00118	0.01602	0.00118	0.00118	0.19272	0.40511	0.2878	0.00128	0.02148	0.17459	0.00118	0.03698	0.10801	0.25929	0.1583	0.02641	0.00118	0.05265	0.12277	0.02035	
0.00117	0.00027	0.0	0.0	0.00118	0.0	0.00028	0.0	0.00026	0.00028	0.0	0.0	0.0	0.00028	0.0	0.00027	0.0012	0.0	0.0	0.0	0.00027	7e-05	9e-05	0.00018	0.00019	0.0003	0.0	0.00023	0.0	0.00116	0.00017	0.00027	0.00051	0.00069	0.00043	0.00018	0.0	0.00034	0.00079	0.0	0.00049	0.00063	0.00056	0.00073	0.00062	0.00031	0.00027	0.0	0.00027	0.0	0.00034	0.00303	0.00027	0.0	0.00031	0.00027	0.0	0.00028	0.00016	0.00027	0.00022	0.0	0.00018	0.0	0.00037	0.0	0.0006	3e-05	0.0	4e-05	9e-05	0.00026	0.00027	0.0	0.00015	0.00012	0.00024	0.00013	0.0001	0.0	0.00016	0.00016	0.0004	0.0002	0.0	0.0	0.0	0.0	0.00021	0.0	0.0	0.0	0.0	9e-05	0.0	0.00021	0.00042	0.00046	0.00032	0.00092	0.00034	0.00026	0.00092	0.0	0.00026	0.0006	0.00088	8e-05	0.00038	0.0007	0.00023	0.00027	0.0	0.0004	0.00026	0.00056	0.00028	8e-05	0.00065	0.00016	0.0	0.00039	0.00017	0.00027	0.00023	0.0	0.00034	0.0	0.0	0.00303	0.00027	0.00016	0.00034	0.00027	0.00025	0.0	0.00018	0.00045	0.00053	0.00167	0.00092	0.0	0.00024	0.00044	0.00039	
0.08067	0.13092	0.00028	0.00028	0.03374	0.00028	0.0	0.00028	0.11789	0.99985	0.00028	0.00028	0.00028	0.99985	0.00028	0.02368	0.02706	0.00028	0.0	0.0	0.02368	0.38831	0.14431	0.06472	0.07264	0.0901	0.00028	0.03859	0.00028	0.0315	0.13675	0.05997	0.15839	0.06802	0.04538	0.02037	0.00028	0.05725	0.13704	0.00028	0.09847	0.05488	0.04003	0.05251	0.12236	0.09972	0.0124	0.00028	0.02368	0.00028	0.00941	0.01605	0.02368	0.00028	0.09956	0.02368	0.00028	0.99985	0.49466	0.02368	0.01678	0.00028	0.02037	0.00028	0.12446	0.00028	0.05183	0.05114	0.00028	0.0741	0.3957	0.14994	0.16543	0.0	0.26275	0.20088	0.03715	0.12133	0.03195	0.00063	0.02074	0.02074	0.02698	0.03501	0.16132	0.00063	0.00063	0.00028	0.01658	0.00028	0.00028	0.00028	0.00028	0.15799	0.00328	0.01658	0.0902	0.13969	0.04746	0.21757	0.05725	0.07851	0.01519	0.0	0.19373	0.08051	0.08416	0.18016	0.08863	0.03677	0.13672	0.06881	0.0	0.02854	0.07851	0.09	0.17094	0.36829	0.06102	0.46018	0.00028	0.01182	0.027	0.0124	0.02379	0.00028	0.00941	0.00028	0.00028	0.01605	0.02368	0.46018	0.05725	0.0124	0.03109	0.00028	0.02037	0.09144	0.10305	0.02097	0.01519	0.00028	0.1832	0.05755	0.01182	
0.00117	0.00027	0.0	0.0	0.00118	0.0	0.00028	0.0	0.00026	0.00028	0.0	0.0	0.0	0.00028	0.0	0.00027	0.0012	0.0	0.0	0.0	0.00027	7e-05	9e-05	0.00018	0.00019	0.0003	0.0	0.00023	0.0	0.00116	0.00017	0.00027	0.00051	0.00069	0.00043	0.00018	0.0	0.00034	0.00079	0.0	0.00049	0.00063	0.00056	0.00073	0.00062	0.00031	0.00027	0.0	0.00027	0.0	0.00034	0.00303	0.00027	0.0	0.00031	0.00027	0.0	0.00028	0.00016	0.00027	0.00022	0.0	0.00018	0.0	0.00037	0.0	0.0006	3e-05	0.0	4e-05	9e-05	0.00026	0.00027	0.0	0.00015	0.00012	0.00024	0.00013	0.0001	0.0	0.00016	0.00016	0.0004	0.0002	0.0	0.0	0.0	0.0	0.00021	0.0	0.0	0.0	0.0	9e-05	0.0	0.00021	0.00042	0.00046	0.00032	0.00092	0.00034	0.00026	0.00092	0.0	0.00026	0.0006	0.00088	8e-05	0.00038	0.0007	0.00023	0.00027	0.0	0.0004	0.00026	0.00056	0.00028	8e-05	0.00065	0.00016	0.0	0.00039	0.00017	0.00027	0.00023	0.0	0.00034	0.0	0.0	0.00303	0.00027	0.00016	0.00034	0.00027	0.00025	0.0	0.00018	0.00045	0.00053	0.00167	0.00092	0.0	0.00024	0.00044	0.00039	
0.06824	0.05714	0.00026	0.00026	0.0019	0.00026	0.11789	0.00026	0.0	0.11789	0.00026	0.00026	0.00026	0.11789	0.00026	0.08014	0.19072	0.00026	0.0	0.0	0.08014	0.16114	0.09518	0.34504	0.10764	0.14246	0.00026	0.14882	0.00026	0.12232	0.06466	0.10413	0.02026	0.10256	0.21242	0.06666	0.00026	0.16009	0.01062	0.00026	0.07635	0.07347	0.00334	0.21856	0.00227	0.1043	0.06902	0.00026	0.08014	0.00026	0.04911	0.08727	0.08014	0.00026	0.0715	0.08014	0.00026	0.11789	0.16534	0.08014	0.10183	0.00026	0.06666	0.00026	0.08114	0.00026	0.2095	0.0923	0.00026	0.12813	0.16623	0.208	0.27814	0.0	0.08961	0.07232	0.10963	0.07169	0.10006	0.0058	0.05756	0.05756	0.07706	0.11152	0.06363	0.0058	0.0058	0.00026	0.05175	0.00026	0.00026	0.00026	0.00026	0.00438	0.03361	0.05175	0.15058	0.11167	0.09026	0.00056	0.16009	0.06909	0.04553	0.0	0.84107	0.30146	0.09547	0.00488	0.10941	0.04624	0.11672	0.06473	0.0	0.10852	0.06909	0.04765	0.02855	0.19866	0.06406	0.13745	0.00026	0.06474	0.10994	0.06902	0.00023	0.00026	0.04911	0.00026	0.00026	0.08727	0.08014	0.13745	0.16009	0.06902	0.00519	0.00026	0.06666	0.16531	0.07198	0.13954	0.04553	0.00026	0.17166	0.2852	0.06474	
0.08067	0.13092	0.00028	0.00028	0.03374	0.00028	0.99985	0.00028	0.11789	0.0	0.00028	0.00028	0.00028	0.99985	0.00028	0.02368	0.02706	0.00028	0.0	0.0	0.02368	0.38831	0.14431	0.06472	0.07264	0.0901	0.00028	0.03859	0.00028	0.0315	0.13675	0.05997	0.15839	0.06802	0.04538	0.02037	0.00028	0.05725	0.13704	0.00028	0.09847	0.05488	0.04003	0.05251	0.12236	0.09972	0.0124	0.00028	0.02368	0.00028	0.00941	0.01605	0.02368	0.00028	0.09956	0.02368	0.00028	0.99985	0.49466	0.02368	0.01678	0.00028	0.02037	0.00028	0.12446	0.00028	0.05183	0.05114	0.00028	0.0741	0.3957	0.14994	0.16543	0.0	0.26275	0.20088	0.03715	0.12133	0.03195	0.00063	0.02074	0.02074	0.02698	0.03501	0.16132	0.00063	0.00063	0.00028	0.01658	0.00028	0.00028	0.00028	0.00028	0.15799	0.00328	0.01658	0.0902	0.13969	0.04746	0.21757	0.05725	0.07851	0.01519	0.0	0.19373	0.08051	0.08416	0.18016	0.08863	0.03677	0.13672	0.06881	0.0	0.02854	0.07851	0.09	0.17094	0.36829	0.06102	0.46018	0.00028	0.01182	0.027	0.0124	0.02379	0.00028	0.00941	0.00028	0.00028	0.01605	0.02368	0.46018	0.05725	0.0124	0.03109	0.00028	0.02037	0.09144	0.10305	0.02097	0.01519	0.00028	0.1832	0.05755	0.01182	
0.00117	0.00027	0.0	0.0	0.00118	0.0	0.00028	0.0	0.00026	0.00028	0.0	0.0	0.0	0.00028	0.0	0.00027	0.0012	0.0	0.0	0.0	0.00027	7e-05	9e-05	0.00018	0.00019	0.0003	0.0	0.00023	0.0	0.00116	0.00017	0.00027	0.00051	0.00069	0.00043	0.00018	0.0	0.00034	0.00079	0.0	0.00049	0.00063	0.00056	0.00073	0.00062	0.00031	0.00027	0.0	0.00027	0.0	0.00034	0.00303	0.00027	0.0	0.00031	0.00027	0.0	0.00028	0.00016	0.00027	0.00022	0.0	0.00018	0.0	0.00037	0.0	0.0006	3e-05	0.0	4e-05	9e-05	0.00026	0.00027	0.0	0.00015	0.00012	0.00024	0.00013	0.0001	0.0	0.00016	0.00016	0.0004	0.0002	0.0	0.0	0.0	0.0	0.00021	0.0	0.0	0.0	0.0	9e-05	0.0	0.00021	0.00042	0.00046	0.00032	0.00092	0.00034	0.00026	0.00092	0.0	0.00026	0.0006	0.00088	8e-05	0.00038	0.0007	0.00023	0.00027	0.0	0.0004	0.00026	0.00056	0.00028	8e-05	0.00065	0.00016	0.0	0.00039	0.00017	0.00027	0.00023	0.0	0.00034	0.0	0.0	0.00303	0.00027	0.00016	0.00034	0.00027	0.00025	0.0	0.00018	0.00045	0.00053	0.00167	0.00092	0.0	0.00024	0.00044	0.00039	
0.00117	0.00027	0.0	0.0	0.00118	0.0	0.00028	0.0	0.00026	0.00028	0.0	0.0	0.0	0.00028	0.0	0.00027	0.0012	0.0	0.0	0.0	0.00027	7e-05	9e-05	0.00018	0.00019	0.0003	0.0	0.00023	0.0	0.00116	0.00017	0.00027	0.00051	0.00069	0.00043	0.00018	0.0	0.00034	0.00079	0.0	0.00049	0.00063	0.00056	0.00073	0.00062	0.00031	0.00027	0.0	0.00027	0.0	0.00034	0.00303	0.00027	0.0	0.00031	0.00027	0.0	0.00028	0.00016	0.00027	0.00022	0.0	0.00018	0.0	0.00037	0.0	0.0006	3e-05	0.0	4e-05	9e-05	0.00026	0.00027	0.0	0.00015	0.00012	0.00024	0.00013	0.0001	0.0	0.00016	0.00016	0.0004	0.0002	0.0	0.0	0.0	0.0	0.00021	0.0	0.0	0.0	0.0	9e-05	0.0	0.00021	0.00042	0.00046	0.00032	0.00092	0.00034	0.00026	0.00092	0.0	0.00026	0.0006	0.00088	8e-05	0.00038	0.0007	0.00023	0.00027	0.0	0.0004	0.00026	0.00056	0.00028	8e-05	0.00065	0.00016	0.0	0.00039	0.00017	0.00027	0.00023	0.0	0.00034	0.0	0.0	0.00303	0.00027	0.00016	0.00034	0.00027	0.00025	0.0	0.00018	0.00045	0.00053	0.00167	0.00092	0.0	0.00024	0.00044	0.00039	
0.00117	0.00027	0.0	0.0	0.00118	0.0	0.00028	0.0	0.00026	0.00028	0.0	0.0	0.0	0.00028	0.0	0.00027	0.0012	0.0	0.0	0.0	0.00027	7e-05	9e-05	0.00018	0.00019	0.0003	0.0	0.00023	0.0	0.00116	0.00017	0.00027	0.00051	0.00069	0.00043	0.00018	0.0	0.00034	0.00079	0.0	0.00049	0.00063	0.00056	0.00073	0.00062	0.00031	0.00027	0.0	0.00027	0.0	0.00034	0.00303	0.00027	0.0	0.00031	0.00027	0.0	0.00028	0.00016	0.00027	0.00022	0.0	0.00018	0.0	0.00037	0.0	0.0006	3e-05	0.0	4e-05	9e-05	0.00026	0.00027	0.0	0.00015	0.00012	0.00024	0.00013	0.0001	0.0	0.00016	0.00016	0.0004	0.0002	0.0	0.0	0.0	0.0	0.00021	0.0	0.0	0.0	0.0	9e-05	0.0	0.00021	0.00042	0.00046	0.00032	0.00092	0.00034	0.00026	0.00092	0.0	0.00026	0.0006	0.00088	8e-05	0.00038	0.0007	0.00023	0.00027	0.0	0.0004	0.00026	0.00056	0.00028	8e-05	0.00065	0.00016	0.0	0.00039	0.00017	0.00027	0.00023	0.0	0.00034	0.0	0.0	0.00303	0.00027	0.00016	0.00034	0.00027	0.00025	0.0	0.00018	0.00045	0.00053	0.00167	0.00092	0.0	0.00024	0.00044	0.00039	
0.08067	0.13092	0.00028	0.00028	0.03374	0.00028	0.99985	0.00028	0.11789	0.99985	0.00028	0.00028	0.00028	0.0	0.00028	0.02368	0.02706	0.00028	0.0	0.0	0.02368	0.38831	0.14431	0.06472	0.07264	0.0901	0.00028	0.03859	0.00028	0.0315	0.13675	0.05997	0.15839	0.06802	0.04538	0.02037	0.00028	0.05725	0.13704	0.00028	0.09847	0.05488	0.04003	0.05251	0.12236	0.09972	0.0124	0.00028	0.02368	0.00028	0.00941	0.01605	0.02368	0.00028	0.09956	0.02368	0.00028	0.99985	0.49466	0.02368	0.01678	0.00028	0.02037	0.00028	0.12446	0.00028	0.05183	0.05114	0.00028	0.0741	0.3957	0.14994	0.16543	0.0	0.26275	0.20088	0.03715	0.12133	0.03195	0.00063	0.02074	0.02074	0.02698	0.03501	0.16132	0.00063	0.00063	0.00028	0.01658	0.00028	0.00028	0.00028	0.00028	0.15799	0.00328	0.01658	0.0902	0.13969	0.04746	0.21757	0.05725	0.07851	0.01519	0.0	0.19373	0.08051	0.08416	0.18016	0.08863	0.03677	0.13672	0.06881	0.0	0.02854	0.07851	0.09	0.17094	0.36829	0.06102	0.46018	0.00028	0.01182	0.027	0.0124	0.02379	0.00028	0.00941	0.00028	0.00028	0.01605	0.02368	0.46018	0.05725	0.0124	0.03109	0.00028	0.02037	0.09144	0.10305	0.02097	0.01519	0.00028	0.1832	0.05755	0.01182	
0.00117	0.00027	0.0	0.0	0.00118	0.0	0.00028	0.0	0.00026	0.00028	0.0	0.0	0.0	0.00028	0.0	0.00027	0.0012	0.0	0.0	0.0	0.00027	7e-05	9e-05	0.00018	0.00019	0.0003	0.0	0.00023	0.0	0.00116	0.00017	0.00027	0.00051	0.00069	0.00043	0.00018	0.0	0.00034	0.00079	0.0	0.00049	0.00063	0.00056	0.00073	0.00062	0.00031	0.00027	0.0	0.00027	0.0	0.00034	0.00303	0.00027	0.0	0.00031	0.00027	0.0	0.00028	0.00016	0.00027	0.00022	0.0	0.00018	0.0	0.00037	0.0	0.0006	3e-05	0.0	4e-05	9e-05	0.00026	0.00027	0.0	0.00015	0.00012	0.00024	0.00013	0.0001	0.0	0.00016	0.00016	0.0004	0.0002	0.0	0.0	0.0	0.0	0.00021	0.0	0.0	0.0	0.0	9e-05	0.0	0.00021	0.00042	0.00046	0.00032	0.00092	0.00034	0.00026	0.00092	0.0	0.00026	0.0006	0.00088	8e-05	0.00038	0.0007	0.00023	0.00027	0.0	0.0004	0.00026	0.00056	0.00028	8e-05	0.00065	0.00016	0.0	0.00039	0.00017	0.00027	0.00023	0.0	0.00034	0.0	0.0	0.00303	0.00027	0.00016	0.00034	0.00027	0.00025	0.0	0.00018	0.00045	0.00053	0.00167	0.00092	0.0	0.00024	0.00044	0.00039	
0.10005	0.43053	0.00027	0.00027	0.40511	0.00027	0.02368	0.00027	0.08014	0.02368	0.00027	0.00027	0.00027	0.02368	0.00027	0.0	0.03456	0.00027	0.0	0.0	0.99997	0.0395	0.34484	0.12873	0.1286	0.18553	0.00027	0.30745	0.00027	0.0419	0.17639	0.4445	0.22176	0.14061	0.18764	0.02584	0.00027	0.07614	0.07104	0.00027	0.41367	0.15791	0.05344	0.19988	0.22926	0.11347	0.0153	0.00027	0.99997	0.00027	0.01145	0.01955	0.99997	0.00027	0.14049	0.99997	0.00027	0.02368	0.03066	0.99997	0.02105	0.00027	0.02584	0.00027	0.0784	0.00027	0.06951	0.06934	0.00027	0.10151	0.25616	0.14515	0.21797	0.0	0.14154	0.07517	0.22675	0.14885	0.0429	0.0024	0.02727	0.02727	1.00221	0.57019	0.229	0.0024	0.0024	0.00027	0.02079	0.00027	0.00027	0.00027	0.00027	0.06282	0.00726	0.02079	0.12594	0.332	0.06264	0.05036	0.07614	0.10581	0.01882	0.0	0.25527	0.12134	0.34129	0.05977	0.12449	0.04873	0.19843	0.09578	0.0	0.61489	0.10581	0.10364	0.24811	0.06772	0.13606	0.5635	0.00027	0.01453	0.65507	0.0153	0.03041	0.00027	0.01145	0.00027	0.00027	0.01955	0.99997	0.5635	0.07614	0.0153	0.45944	0.00027	0.02584	0.18318	0.41565	0.02668	0.01882	0.00027	0.13138	0.07803	0.01453	
0.19256	0.08043	0.0012	0.0012	0.03167	0.0012	0.02706	0.0012	0.19072	0.02706	0.0012	0.0012	0.0012	0.02706	0.0012	0.03456	0.0	0.0012	0.0	0.0	0.03456	0.12521	0.07816	0.10326	0.09834	0.10309	0.0012	0.05799	0.0012	0.04919	0.13247	0.03055	0.008	0.1647	0.07149	0.02952	0.0012	0.20371	0.08192	0.0012	0.10146	0.0174	0.0454	0.10876	0.05205	0.09326	0.21172	0.0012	0.03456	0.0012	0.0133	0.2755	0.03456	0.0012	0.08855	0.03456	0.0012	0.02706	0.03505	0.03456	0.33519	0.0012	0.02952	0.0012	0.09155	0.0012	0.0806	0.04105	0.0012	0.01309	0.06267	0.09646	0.2437	0.0	0.15824	0.05091	0.03606	0.07959	0.04178	0.04388	0.03968	0.03968	0.04283	0.04385	0.0	0.04388	0.04388	0.0012	0.02378	0.0012	0.0012	0.0012	0.0012	0.07238	0.13121	0.02378	0.13491	0.08555	0.0425	0.05774	0.20371	0.13866	0.0215	0.0	0.28541	0.2324	0.1626	0.06942	0.14395	0.05625	0.10223	0.12579	0.0	0.04306	0.13866	0.12044	0.06181	0.02896	0.16082	0.047	0.0012	0.01672	0.1455	0.21172	0.03475	0.0012	0.0133	0.0012	0.0012	0.2755	0.03456	0.047	0.20371	0.21172	0.01501	0.0012	0.02952	0.14022	0.09752	0.51281	0.0215	0.0012	0.11249	0.09095	0.01672	
0.00117	0.00027	0.0	0.0	0.00118	0.0	0.00028	0.0	0.00026	0.00028	0.0	0.0	0.0	0.00028	0.0	0.00027	0.0012	0.0	0.0	0.0	0.00027	7e-05	9e-05	0.00018	0.00019	0.0003	0.0	0.00023	0.0	0.00116	0.00017	0.00027	0.00051	0.00069	0.00043	0.00018	0.0	0.00034	0.00079	0.0	0.00049	0.00063	0.00056	0.00073	0.00062	0.00031	0.00027	0.0	0.00027	0.0	0.00034	0.00303	0.00027	0.0	0.00031	0.00027	0.0	0.00028	0.00016	0.00027	0.00022	0.0	0.00018	0.0	0.00037	0.0	0.0006	3e-05	0.0	4e-05	9e-05	0.00026	0.00027	0.0	0.00015	0.00012	0.00024	0.00013	0.0001	0.0	0.00016	0.00016	0.0004	0.0002	0.0	0.0	0.0	0.0	0.00021	0.0	0.0	0.0	0.0	9e-05	0.0	0.00021	0.00042	0.00046	0.00032	0.00092	0.00034	0.00026	0.00092	0.0	0.00026	0.0006	0.00088	8e-05	0.00038	0.0007	0.00023	0.00027	0.0	0.0004	0.00026	0.00056	0.00028	8e-05	0.00065	0.00016	0.0	0.00039	0.00017	0.00027	0.00023	0.0	0.00034	0.0	0.0	0.00303	0.00027	0.00016	0.00034	0.00027	0.00025	0.0	0.00018	0.00045	0.00053	0.00167	0.00092	0.0	0.00024	0.00044	0.00039	
0.0	0.0	0.0	0.0	0.0	0.0	0.0	0.0	0.0	0.0	0.0	0.0	0.0	0.0	0.0	0.0	0.0	0.0	0.0	0.0	0.0	0.0	0.0	0.0	0.0	0.0	0.0	0.0	0.0	0.0	0.0	0.0	0.0	0.0	0.0	0.0	0.0	0.0	0.0	0.0	0.0	0.0	0.0	0.0	0.0	0.0	0.0	0.0	0.0	0.0	0.0	0.0	0.0	0.0	0.0	0.0	0.0	0.0	0.0	0.0	0.0	0.0	0.0	0.0	0.0	0.0	0.0	0.0	0.0	0.0	0.0	0.0	0.0	0.0	0.0	0.0	0.0	0.0	0.0	0.0	0.0	0.0	0.0	0.0	0.0	0.0	0.0	0.0	0.0	0.0	0.0	0.0	0.0	0.0	0.0	0.0	0.0	0.0	0.0	0.0	0.0	0.0	0.0	0.0	0.0	0.0	0.0	0.0	0.0	0.0	0.0	0.0	0.0	0.0	0.0	0.0	0.0	0.0	0.0	0.0	0.0	0.0	0.0	0.0	0.0	0.0	0.0	0.0	0.0	0.0	0.0	0.0	0.0	0.0	0.0	0.0	0.0	0.0	0.0	0.0	0.0	0.0	0.0	0.0	0.0	
0.0	0.0	0.0	0.0	0.0	0.0	0.0	0.0	0.0	0.0	0.0	0.0	0.0	0.0	0.0	0.0	0.0	0.0	0.0	0.0	0.0	0.0	0.0	0.0	0.0	0.0	0.0	0.0	0.0	0.0	0.0	0.0	0.0	0.0	0.0	0.0	0.0	0.0	0.0	0.0	0.0	0.0	0.0	0.0	0.0	0.0	0.0	0.0	0.0	0.0	0.0	0.0	0.0	0.0	0.0	0.0	0.0	0.0	0.0	0.0	0.0	0.0	0.0	0.0	0.0	0.0	0.0	0.0	0.0	0.0	0.0	0.0	0.0	0.0	0.0	0.0	0.0	0.0	0.0	0.0	0.0	0.0	0.0	0.0	0.0	0.0	0.0	0.0	0.0	0.0	0.0	0.0	0.0	0.0	0.0	0.0	0.0	0.0	0.0	0.0	0.0	0.0	0.0	0.0	0.0	0.0	0.0	0.0	0.0	0.0	0.0	0.0	0.0	0.0	0.0	0.0	0.0	0.0	0.0	0.0	0.0	0.0	0.0	0.0	0.0	0.0	0.0	0.0	0.0	0.0	0.0	0.0	0.0	0.0	0.0	0.0	0.0	0.0	0.0	0.0	0.0	0.0	0.0	0.0	0.0	
0.10005	0.43053	0.00027	0.00027	0.40511	0.00027	0.02368	0.00027	0.08014	0.02368	0.00027	0.00027	0.00027	0.02368	0.00027	0.99997	0.03456	0.00027	0.0	0.0	0.0	0.0395	0.34484	0.12873	0.1286	0.18553	0.00027	0.30745	0.00027	0.0419	0.17639	0.4445	0.22176	0.14061	0.18764	0.02584	0.00027	0.07614	0.07104	0.00027	0.41367	0.15791	0.05344	0.19988	0.22926	0.11347	0.0153	0.00027	0.99997	0.00027	0.01145	0.01955	0.99997	0.00027	0.14049	0.99997	0.00027	0.02368	0.03066	0.99997	0.02105	0.00027	0.02584	0.00027	0.0784	0.00027	0.06951	0.06934	0.00027	0.10151	0.25616	0.14515	0.21797	0.0	0.14154	0.07517	0.22675	0.14885	0.0429	0.0024	0.02727	0.02727	1.00221	0.57019	0.229	0.0024	0.0024	0.00027	0.02079	0.00027	0.00027	0.00027	0.00027	0.06282	0.00726	0.02079	0.12594	0.332	0.06264	0.05036	0.07614	0.10581	0.01882	0.0	0.25527	0.12134	0.34129	0.05977	0.12449	0.04873	0.19843	0.09578	0.0	0.61489	0.10581	0.10364	0.24811	0.06772	0.13606	0.5635	0.00027	0.01453	0.65507	0.0153	0.03041	0.00027	0.01145	0.00027	0.00027	0.01955	0.99997	0.5635	0.07614	0.0153	0.45944	0.00027	0.02584	0.18318	0.41565	0.02668	0.01882	0.00027	0.13138	0.07803	0.01453	
0.15141	0.25087	7e-05	7e-05	0.05997	7e-05	0.38831	7e-05	0.16114	0.38831	7e-05	7e-05	7e-05	0.38831	7e-05	0.0395	0.12521	7e-05	0.0	0.0	0.0395	0.0	0.35114	0.14691	0.21204	0.19505	7e-05	0.07158	7e-05	0.05469	0.1678	0.13541	0.13921	0.12861	0.10025	0.03288	7e-05	0.11815	0.22443	7e-05	0.18797	0.30403	0.20872	0.1153	0.2448	0.4321	0.26143	7e-05	0.0395	7e-05	0.01279	0.02282	0.0395	7e-05	0.13444	0.0395	7e-05	0.38831	0.2513	0.0395	0.17755	7e-05	0.03288	7e-05	0.24577	7e-05	0.12996	0.11296	7e-05	0.1357	0.29464	0.28028	0.45454	0.0	0.37034	0.44127	0.07292	0.24253	0.30437	0.00103	0.38246	0.38246	0.04603	0.30103	0.41665	0.00103	0.00103	7e-05	0.0255	7e-05	7e-05	7e-05	7e-05	0.25889	0.00483	0.0255	0.16304	0.34452	0.09143	0.15774	0.11815	0.13852	0.02247	0.0	1.44742	0.18807	0.17274	0.41468	0.18306	0.07345	0.17221	0.21195	0.0	0.05403	0.13852	0.15561	0.14964	0.3316	0.12708	0.29903	7e-05	0.01678	0.21589	0.26143	0.03976	7e-05	0.01279	7e-05	7e-05	0.02282	0.0395	0.29903	0.11815	0.26143	0.11583	7e-05	0.03288	0.18975	0.13964	0.22229	0.02247	7e-05	0.2249	0.13512	0.01678	
0.21718	0.52147	9e-05	9e-05	0.21871	9e-05	0.14431	9e-05	0.09518	0.14431	9e-05	9e-05	9e-05	0.14431	9e-05	0.34484	0.07816	9e-05	0.0	0.0	0.34484	0.35114	0.0	0.38427	0.29242	0.5026	9e-05	0.48181	9e-05	0.17057	0.24382	0.43212	0.17344	0.20408	0.39056	0.30376	9e-05	0.22893	0.22113	9e-05	0.44652	0.3625	0.21803	0.41987	0.37966	0.29498	0.02839	9e-05	0.34484	9e-05	0.02	0.03625	0.34484	9e-05	0.17554	0.34484	9e-05	0.14431	0.08631	0.34484	0.0422	9e-05	0.30376	9e-05	0.36453	9e-05	0.09829	0.25105	9e-05	0.12745	0.2952	0.30645	0.90857	0.0	0.41136	0.37743	0.19264	0.70421	0.40308	0.00267	0.1404	0.1404	0.35196	0.43666	0.24387	0.00267	0.00267	9e-05	0.04156	9e-05	9e-05	9e-05	9e-05	0.52888	0.01071	0.04156	0.33405	0.60858	0.1742	0.06562	0.22893	0.13957	0.03613	0.0	0.79985	0.36154	0.41007	0.54563	0.21124	0.13918	0.35633	0.31274	0.0	0.31858	0.13957	0.24713	0.28674	0.23728	0.2138	0.43928	9e-05	0.02659	0.31953	0.02839	0.06734	9e-05	0.02	9e-05	9e-05	0.03625	0.34484	0.43928	0.22893	0.02839	0.2305	9e-05	0.30376	0.50803	0.2814	0.05988	0.03613	9e-05	0.43394	0.25944	0.02659	
0.08727	0.12395	0.00018	0.00018	0.04196	0.00018	0.06472	0.00018	0.34504	0.06472	0.00018	0.00018	0.00018	0.06472	0.00018	0.12873	0.10326	0.00018	0.0	0.0	0.12873	0.14691	0.38427	0.0	0.17503	0.18884	0.00018	0.26241	0.00018	0.29825	0.19184	0.27223	0.03228	0.06021	0.36281	0.37431	0.00018	0.07908	0.03654	0.00018	0.1418	0.13455	0.26557	0.26138	0.06809	0.15821	0.03783	0.00018	0.12873	0.00018	0.02678	0.04809	0.12873	0.00018	0.30487	0.12873	0.00018	0.06472	0.09004	0.12873	0.05595	0.00018	0.37431	0.00018	0.18712	0.00018	0.10263	0.22669	0.00018	0.11421	0.22485	0.17859	0.59685	0.0	0.19803	0.1637	0.25759	0.28593	0.3726	0.0025	0.07788	0.07788	0.12628	0.15433	0.52509	0.0025	0.0025	0.00018	0.07837	0.00018	0.00018	0.00018	0.00018	0.22341	0.01298	0.07837	0.38543	0.28435	0.05039	0.03819	0.07908	0.16047	0.06782	0.0	0.70302	0.30917	0.15339	0.30732	0.08343	0.13095	0.23431	0.3397	0.0	0.19269	0.16047	0.06167	0.09023	0.10308	0.09397	0.14826	0.00018	0.03546	0.13609	0.03783	0.02295	0.00018	0.02678	0.00018	0.00018	0.04809	0.12873	0.14826	0.07908	0.03783	0.04865	0.00018	0.37431	0.1959	0.32476	0.07821	0.06782	0.00018	0.08123	0.30315	0.03546	
0.17449	0.25264	0.00019	0.00019	0.13366	0.00019	0.07264	0.00019	0.10764	0.07264	0.00019	0.00019	0.00019	0.07264	0.00019	0.1286	0.09834	0.00019	0.0	0.0	0.1286	0.21204	0.29242	0.17503	0.0	0.34194	0.00019	0.05189	0.00019	0.2061	0.35627	0.2508	0.05388	0.32895	0.21892	0.08203	0.00019	0.27193	0.2792	0.00019	0.29818	0.10392	0.11319	0.14362	0.25631	0.20222	0.11949	0.00019	0.1286	0.00019	0.03582	0.05706	0.1286	0.00019	0.24861	0.1286	0.00019	0.07264	0.03359	0.1286	0.08866	0.00019	0.08203	0.00019	0.53555	0.00019	0.14897	0.16061	0.00019	0.29278	0.24725	0.40508	0.62353	0.0	0.52005	0.3034	0.38113	0.18338	0.15072	0.00019	0.07032	0.07032	0.128	0.15769	0.16313	0.00019	0.00019	0.00019	0.07641	0.00019	0.00019	0.00019	0.00019	0.31151	0.00401	0.07641	0.1348	0.3159	0.16523	0.19678	0.27193	0.11692	0.23841	0.0	0.71467	0.38217	0.33707	0.25269	0.15654	0.18685	0.19819	0.24938	0.0	0.31607	0.11692	0.58065	0.20431	0.26374	0.41365	0.1597	0.00019	0.11015	0.21417	0.11949	0.09272	0.00019	0.03582	0.00019	0.00019	0.05706	0.1286	0.1597	0.27193	0.11949	0.12741	0.00019	0.08203	0.34415	0.17354	0.17233	0.05286	0.00019	0.29384	0.1636	0.11015	
0.43611	0.39831	0.0003	0.0003	0.19121	0.0003	0.0901	0.0003	0.14246	0.0901	0.0003	0.0003	0.0003	0.0901	0.0003	0.18553	0.10309	0.0003	0.0	0.0	0.18553	0.19505	0.5026	0.18884	0.34194	0.0	0.0003	0.54712	0.0003	0.15488	0.26764	0.35168	0.10419	0.18759	0.4896	0.14605	0.0003	0.58576	0.61322	0.0003	0.64049	0.51026	0.14784	0.54201	0.40262	0.35376	0.061	0.0003	0.18553	0.0003	0.04253	0.06267	0.18553	0.0003	0.192	0.18553	0.0003	0.0901	0.04924	0.18553	0.09265	0.0003	0.14605	0.0003	0.43621	0.0003	0.17606	0.16459	0.0003	0.18314	0.14905	0.43511	0.23861	0.0	0.59695	0.28717	0.15586	0.32181	0.18879	0.0003	0.08721	0.08721	0.18486	0.21954	0.61747	0.0003	0.0003	0.0003	0.09093	0.0003	0.0003	0.0003	0.0003	0.12311	0.00656	0.09093	0.27545	0.53113	0.33688	0.27285	0.58576	0.34629	0.06538	0.0	0.49919	0.62779	0.69208	0.203	0.26167	0.13433	0.27209	0.41835	0.0	0.20731	0.34629	0.3899	0.14505	0.53358	0.23845	0.22203	0.0003	0.05678	0.20958	0.061	0.15517	0.0003	0.04253	0.0003	0.0003	0.06267	0.18553	0.22203	0.58576	0.061	0.11795	0.0003	0.14605	1.00382	0.22717	0.11504	0.06538	0.0003	0.43957	0.2041	0.05678	
0.00117	0.00027	0.0	0.0	0.00118	0.0	0.00028	0.0	0.00026	0.00028	0.0	0.0	0.0	0.00028	0.0	0.00027	0.0012	0.0	0.0	0.0	0.00027	7e-05	9e-05	0.00018	0.00019	0.0003	0.0	0.00023	0.0	0.00116	0.00017	0.00027	0.00051	0.00069	0.00043	0.00018	0.0	0.00034	0.00079	0.0	0.00049	0.00063	0.00056	0.00073	0.00062	0.00031	0.00027	0.0	0.00027	0.0	0.00034	0.00303	0.00027	0.0	0.00031	0.00027	0.0	0.00028	0.00016	0.00027	0.00022	0.0	0.00018	0.0	0.00037	0.0	0.0006	3e-05	0.0	4e-05	9e-05	0.00026	0.00027	0.0	0.00015	0.00012	0.00024	0.00013	0.0001	0.0	0.00016	0.00016	0.0004	0.0002	0.0	0.0	0.0	0.0	0.00021	0.0	0.0	0.0	0.0	9e-05	0.0	0.00021	0.00042	0.00046	0.00032	0.00092	0.00034	0.00026	0.00092	0.0	0.00026	0.0006	0.00088	8e-05	0.00038	0.0007	0.00023	0.00027	0.0	0.0004	0.00026	0.00056	0.00028	8e-05	0.00065	0.00016	0.0	0.00039	0.00017	0.00027	0.00023	0.0	0.00034	0.0	0.0	0.00303	0.00027	0.00016	0.00034	0.00027	0.00025	0.0	0.00018	0.00045	0.00053	0.00167	0.00092	0.0	0.00024	0.00044	0.00039	
0.19845	0.22727	0.00023	0.00023	0.10291	0.00023	0.03859	0.00023	0.14882	0.03859	0.00023	0.00023	0.00023	0.03859	0.00023	0.30745	0.05799	0.00023	0.0	0.0	0.30745	0.07158	0.48181	0.26241	0.05189	0.54712	0.00023	0.0	0.00023	0.06818	0.17835	0.33689	0.0342	0.00779	0.54354	0.24247	0.00023	0.14044	0.12959	0.00023	0.23865	0.35834	0.0735	0.58497	0.11099	0.2391	0.02396	0.00023	0.30745	0.00023	0.01751	0.03026	0.30745	0.00023	0.04709	0.30745	0.00023	0.03859	0.05132	0.30745	0.03395	0.00023	0.24247	0.00023	0.09432	0.00023	0.13022	0.07809	0.00023	0.01994	0.08385	0.15959	0.42759	0.0	0.27765	0.08344	0.06824	0.45209	0.19313	0.00322	0.04521	0.04521	0.30313	0.23567	0.03973	0.00322	0.00322	0.00023	0.03349	0.00023	0.00023	0.00023	0.00023	0.01071	0.01059	0.03349	0.27398	0.20005	0.1129	0.08822	0.14044	0.20445	0.02977	0.0	0.12516	0.1976	0.22321	0.09492	0.06562	0.08813	0.1569	0.19995	0.0	0.24379	0.20445	0.00071	0.07232	0.12827	0.02883	0.23518	0.00023	0.02262	0.2506	0.02396	0.05082	0.00023	0.01751	0.00023	0.00023	0.03026	0.30745	0.23518	0.14044	0.02396	0.12286	0.00023	0.24247	0.52842	0.23621	0.04441	0.02977	0.00023	0.28722	0.20707	0.02262	
0.00117	0.00027	0.0	0.0	0.00118	0.0	0.00028	0.0	0.00026	0.00028	0.0	0.0	0.0	0.00028	0.0	0.00027	0.0012	0.0	0.0	0.0	0.00027	7e-05	9e-05	0.00018	0.00019	0.0003	0.0	0.00023	0.0	0.00116	0.00017	0.00027	0.00051	0.00069	0.00043	0.00018	0.0	0.00034	0.00079	0.0	0.00049	0.00063	0.00056	0.00073	0.00062	0.00031	0.00027	0.0	0.00027	0.0	0.00034	0.00303	0.00027	0.0	0.00031	0.00027	0.0	0.00028	0.00016	0.00027	0.00022	0.0	0.00018	0.0	0.00037	0.0	0.0006	3e-05	0.0	4e-05	9e-05	0.00026	0.00027	0.0	0.00015	0.00012	0.00024	0.00013	0.0001	0.0	0.00016	0.00016	0.0004	0.0002	0.0	0.0	0.0	0.0	0.00021	0.0	0.0	0.0	0.0	9e-05	0.0	0.00021	0.00042	0.00046	0.00032	0.00092	0.00034	0.00026	0.00092	0.0	0.00026	0.0006	0.00088	8e-05	0.00038	0.0007	0.00023	0.00027	0.0	0.0004	0.00026	0.00056	0.00028	8e-05	0.00065	0.00016	0.0	0.00039	0.00017	0.00027	0.00023	0.0	0.00034	0.0	0.0	0.00303	0.00027	0.00016	0.00034	0.00027	0.00025	0.0	0.00018	0.00045	0.00053	0.00167	0.00092	0.0	0.00024	0.00044	0.00039	
0.11625	0.03247	0.00116	0.00116	0.06291	0.00116	0.0315	0.00116	0.12232	0.0315	0.00116	0.00116	0.00116	0.0315	0.00116	0.0419	0.04919	0.00116	0.0	0.0	0.0419	0.05469	0.17057	0.29825	0.2061	0.15488	0.00116	0.06818	0.00116	0.0	0.06508	0.08597	0.09336	0.14369	0.49139	0.26771	0.00116	0.11546	0.19532	0.00116	0.14629	0.08058	0.08182	0.08936	0.04653	0.14753	0.02087	0.00116	0.0419	0.00116	0.01572	0.02794	0.0419	0.00116	0.19439	0.0419	0.00116	0.0315	0.04144	0.0419	0.02872	0.00116	0.26771	0.00116	0.29966	0.00116	0.17327	0.32679	0.00116	0.17929	0.07771	0.08274	0.20529	0.0	0.15001	0.04803	0.21561	0.30536	0.19234	0.00025	0.03558	0.03558	0.04872	0.06715	0.15901	0.00025	0.00025	0.00116	0.02781	0.00116	0.00116	0.00116	0.00116	0.07576	0.00337	0.02781	0.23722	0.35937	0.0922	0.33123	0.11546	0.17169	0.30162	0.0	1.68564	0.15086	0.12991	0.10581	0.20014	0.33229	0.49648	0.20646	0.0	0.19717	0.17169	0.20735	0.19097	0.10018	0.13055	0.05691	0.00116	0.01925	0.04937	0.02087	0.04086	0.00116	0.01572	0.00116	0.00116	0.02794	0.0419	0.05691	0.11546	0.02087	0.05662	0.00116	0.26771	0.1608	0.15349	0.03762	0.30162	0.00116	0.07357	0.33951	0.01925	
0.06844	0.12094	0.00017	0.00017	0.0926	0.00017	0.13675	0.00017	0.06466	0.13675	0.00017	0.00017	0.00017	0.13675	0.00017	0.17639	0.13247	0.00017	0.0	0.0	0.17639	0.1678	0.24382	0.19184	0.35627	0.26764	0.00017	0.17835	0.00017	0.06508	0.0	0.22178	0.03542	0.23533	0.24539	0.15634	0.00017	0.23272	0.04724	0.00017	0.13714	0.07891	0.13046	0.24055	0.08633	0.15109	0.04721	0.00017	0.17639	0.00017	0.2483	0.06243	0.17639	0.00017	0.32866	0.17639	0.00017	0.13675	0.21884	0.17639	0.06954	0.00017	0.15634	0.00017	0.19457	0.00017	0.0581	0.1285	0.00017	0.10894	0.36941	0.19442	0.32567	0.0	0.25583	0.13715	0.1788	0.14722	0.1828	0.00415	0.10209	0.10209	0.1888	0.23464	0.36359	0.00415	0.00415	0.00017	0.11108	0.00017	0.00017	0.00017	0.00017	0.12676	0.08946	0.11108	0.4311	0.11306	0.18647	0.09196	0.23272	0.39116	0.05774	0.0	0.32897	0.24486	0.15645	0.07813	0.07782	0.08158	0.37329	0.33575	0.0	0.19086	0.39116	0.26046	0.16939	0.21568	0.27957	0.26964	0.00017	0.04346	0.18444	0.04721	0.06689	0.00017	0.2483	0.00017	0.00017	0.06243	0.17639	0.26964	0.23272	0.04721	0.09675	0.00017	0.15634	0.27294	0.20492	0.09753	0.09801	0.00017	0.35263	0.12213	0.04346	
0.1376	0.45494	0.00027	0.00027	0.32814	0.00027	0.05997	0.00027	0.10413	0.05997	0.00027	0.00027	0.00027	0.05997	0.00027	0.4445	0.03055	0.00027	0.0	0.0	0.4445	0.13541	0.43212	0.27223	0.2508	0.35168	0.00027	0.33689	0.00027	0.08597	0.22178	0.0	0.13776	0.09699	0.36158	0.15438	0.00027	0.05433	0.07853	0.00027	0.30633	0.35346	0.27616	0.27233	0.34012	0.19385	0.0354	0.00027	0.4445	0.00027	0.02514	0.09787	0.4445	0.00027	0.19665	0.4445	0.00027	0.05997	0.0835	0.4445	0.05222	0.00027	0.15438	0.00027	0.09374	0.00027	0.07118	0.34609	0.00027	0.32213	0.4002	0.21564	0.42454	0.0	0.72101	0.19636	0.3691	0.40132	0.22007	0.00899	0.06181	0.06181	0.49312	0.40994	0.12411	0.00899	0.00899	0.00027	0.09637	0.00027	0.00027	0.00027	0.00027	0.05076	0.00606	0.09637	0.13296	0.32521	0.04008	0.04012	0.05433	0.10152	0.04426	0.0	0.48381	0.24633	0.32679	0.13922	0.20075	0.09506	0.24951	0.19851	0.0	0.39059	0.10152	0.09417	0.23932	0.19507	0.16933	0.3888	0.00027	0.03296	0.39471	0.0354	0.06433	0.00027	0.02514	0.00027	0.00027	0.09787	0.4445	0.3888	0.05433	0.0354	0.28082	0.00027	0.15438	0.24085	0.29778	0.10985	0.09674	0.00027	0.1168	0.16263	0.03296	
0.06656	0.16119	0.00051	0.00051	0.38728	0.00051	0.15839	0.00051	0.02026	0.15839	0.00051	0.00051	0.00051	0.15839	0.00051	0.22176	0.008	0.00051	0.0	0.0	0.22176	0.13921	0.17344	0.03228	0.05388	0.10419	0.00051	0.0342	0.00051	0.09336	0.03542	0.13776	0.0	0.04572	0.05559	0.05282	0.00051	0.01835	0.0016	0.00051	0.14159	0.10118	0.04325	0.03859	0.36321	0.0301	0.02939	0.00051	0.22176	0.00051	0.0214	0.11578	0.22176	0.00051	0.15809	0.22176	0.00051	0.15839	0.05769	0.22176	0.04193	0.00051	0.05282	0.00051	0.05637	0.00051	0.17167	0.06371	0.00051	0.07236	0.19418	0.28315	0.54469	0.0	0.20017	0.06211	0.11851	0.18763	0.07567	0.00825	0.04648	0.04648	0.33157	0.25177	0.29813	0.00825	0.00825	0.00051	0.04136	0.00051	0.00051	0.00051	0.00051	0.00025	0.00199	0.04136	0.13878	0.17269	0.00731	0.00517	0.01835	0.04918	0.03659	0.0	0.63794	0.06921	0.29128	0.05703	0.1504	0.11362	0.33333	0.12551	0.0	0.19081	0.04918	0.01788	0.37634	0.18532	0.07451	0.3944	0.00051	0.02772	0.19321	0.02939	0.06348	0.00051	0.0214	0.00051	0.00051	0.11578	0.22176	0.3944	0.01835	0.02939	0.07678	0.00051	0.05282	0.02664	0.14406	0.11176	0.03659	0.00051	0.03659	0.20224	0.02772	
0.3578	0.21245	0.00069	0.00069	0.22715	0.00069	0.06802	0.00069	0.10256	0.06802	0.00069	0.00069	0.00069	0.06802	0.00069	0.14061	0.1647	0.00069	0.0	0.0	0.14061	0.12861	0.20408	0.06021	0.32895	0.18759	0.00069	0.00779	0.00069	0.14369	0.23533	0.09699	0.04572	0.0	0.06064	0.07551	0.00069	0.11978	0.26845	0.00069	0.26135	0.06164	0.00702	0.15368	0.24975	0.05805	0.06097	0.00069	0.14061	0.00069	0.0436	0.07689	0.14061	0.00069	0.0676	0.14061	0.00069	0.06802	0.00819	0.14061	0.08936	0.00069	0.07551	0.00069	0.35759	0.00069	0.23554	0.11271	0.00069	0.16955	0.05203	0.10518	0.30711	0.0	0.28647	0.21193	0.10518	0.23703	0.11427	0.0032	0.0633	0.0633	0.18411	0.17245	0.01325	0.0032	0.0032	0.00069	0.05849	0.00069	0.00069	0.00069	0.00069	0.22858	0.02271	0.05849	0.14005	0.22083	0.0672	0.16945	0.11978	0.0431	0.0514	0.0	0.93182	0.52907	0.26257	0.11187	0.13231	0.05725	0.12531	0.0543	0.0	0.14272	0.0431	0.48119	0.03776	0.07589	0.46336	0.14821	0.00069	0.05724	0.18348	0.06097	0.00125	0.00069	0.0436	0.00069	0.00069	0.07689	0.14061	0.14821	0.11978	0.06097	0.20632	0.00069	0.07551	0.20391	0.2517	0.12171	0.0514	0.00069	0.09122	0.34541	0.05724	
0.20575	0.24421	0.00043	0.00043	0.08317	0.00043	0.04538	0.00043	0.21242	0.04538	0.00043	0.00043	0.00043	0.04538	0.00043	0.18764	0.07149	0.00043	0.0	0.0	0.18764	0.10025	0.39056	0.36281	0.21892	0.4896	0.00043	0.54354	0.00043	0.49139	0.24539	0.36158	0.05559	0.06064	0.0	0.14804	0.00043	0.19826	0.19006	0.00043	0.26877	0.28821	0.09089	0.43952	0.15941	0.25174	0.02677	0.00043	0.18764	0.00043	0.01906	0.03405	0.18764	0.00043	0.25032	0.18764	0.00043	0.04538	0.06257	0.18764	0.03934	0.00043	0.14804	0.00043	0.28146	0.00043	0.19138	0.20324	0.00043	0.09878	0.09369	0.30737	0.62998	0.0	0.47664	0.17538	0.29721	0.40529	0.15537	0.00191	0.0528	0.0528	0.18539	0.18513	0.17404	0.00191	0.00191	0.00043	0.03875	0.00043	0.00043	0.00043	0.00043	0.04344	0.00821	0.03875	0.36746	0.42022	0.15369	0.2223	0.19826	0.31412	0.25595	0.0	0.60398	0.23816	0.25315	0.11685	0.16283	0.24784	0.39547	0.27976	0.0	0.39614	0.31412	0.08243	0.23372	0.19285	0.07989	0.1818	0.00043	0.02513	0.17878	0.02677	0.06186	0.00043	0.01906	0.00043	0.00043	0.03405	0.18764	0.1818	0.19826	0.02677	0.0929	0.00043	0.14804	0.49162	0.27267	0.05492	0.25595	0.00043	0.32436	0.25119	0.02513	
0.08206	0.05697	0.00018	0.00018	0.03698	0.00018	0.02037	0.00018	0.06666	0.02037	0.00018	0.00018	0.00018	0.02037	0.00018	0.02584	0.02952	0.00018	0.0	0.0	0.02584	0.03288	0.30376	0.37431	0.08203	0.14605	0.00018	0.24247	0.00018	0.26771	0.15634	0.15438	0.05282	0.07551	0.14804	0.0	0.00018	0.06343	0.05935	0.00018	0.07113	0.127	0.23358	0.15775	0.06875	0.09197	0.01332	0.00018	0.02584	0.00018	0.01003	0.01717	0.02584	0.00018	0.06197	0.02584	0.00018	0.02037	0.02617	0.02584	0.01817	0.00018	0.9997	0.00018	0.20292	0.00018	0.0576	0.1962	0.00018	0.08774	0.04492	0.08999	0.17872	0.0	0.11605	0.12046	0.04255	0.42543	0.53608	0.00174	0.02319	0.02319	0.03005	0.03917	0.0	0.00174	0.00174	0.00018	0.01795	0.00018	0.00018	0.00018	0.00018	0.17798	0.00574	0.01795	0.10161	0.05966	0.05244	0.04248	0.06343	0.08738	0.01636	0.0	0.24735	0.16941	0.07755	0.24491	0.09166	0.04069	0.14323	0.2774	0.0	0.03145	0.08738	0.10033	0.04447	0.0559	0.06805	0.0341	0.00018	0.01267	0.02974	0.01332	0.02596	0.00018	0.01003	0.00018	0.00018	0.01717	0.02584	0.0341	0.06343	0.01332	0.03411	0.00018	0.9997	0.14453	0.06851	0.02284	0.01636	0.00018	0.10596	0.38041	0.01267	
0.00117	0.00027	0.0	0.0	0.00118	0.0	0.00028	0.0	0.00026	0.00028	0.0	0.0	0.0	0.00028	0.0	0.00027	0.0012	0.0	0.0	0.0	0.00027	7e-05	9e-05	0.00018	0.00019	0.0003	0.0	0.00023	0.0	0.00116	0.00017	0.00027	0.00051	0.00069	0.00043	0.00018	0.0	0.00034	0.00079	0.0	0.00049	0.00063	0.00056	0.00073	0.00062	0.00031	0.00027	0.0	0.00027	0.0	0.00034	0.00303	0.00027	0.0	0.00031	0.00027	0.0	0.00028	0.00016	0.00027	0.00022	0.0	0.00018	0.0	0.00037	0.0	0.0006	3e-05	0.0	4e-05	9e-05	0.00026	0.00027	0.0	0.00015	0.00012	0.00024	0.00013	0.0001	0.0	0.00016	0.00016	0.0004	0.0002	0.0	0.0	0.0	0.0	0.00021	0.0	0.0	0.0	0.0	9e-05	0.0	0.00021	0.00042	0.00046	0.00032	0.00092	0.00034	0.00026	0.00092	0.0	0.00026	0.0006	0.00088	8e-05	0.00038	0.0007	0.00023	0.00027	0.0	0.0004	0.00026	0.00056	0.00028	8e-05	0.00065	0.00016	0.0	0.00039	0.00017	0.00027	0.00023	0.0	0.00034	0.0	0.0	0.00303	0.00027	0.00016	0.00034	0.00027	0.00025	0.0	0.00018	0.00045	0.00053	0.00167	0.00092	0.0	0.00024	0.00044	0.00039	
0.07848	0.22556	0.00034	0.00034	0.00128	0.00034	0.05725	0.00034	0.16009	0.05725	0.00034	0.00034	0.00034	0.05725	0.00034	0.07614	0.20371	0.00034	0.0	0.0	0.07614	0.11815	0.22893	0.07908	0.27193	0.58576	0.00034	0.14044	0.00034	0.11546	0.23272	0.05433	0.01835	0.11978	0.19826	0.06343	0.00034	0.0	0.21386	0.00034	0.311	0.06599	0.00248	0.22056	0.12658	0.04199	0.07312	0.00034	0.07614	0.00034	0.05199	0.09248	0.07614	0.00034	0.21526	0.07614	0.00034	0.05725	0.00361	0.07614	0.10805	0.00034	0.06343	0.00034	0.27112	0.00034	0.04604	0.00149	0.00034	0.09664	0.03801	0.2382	0.02442	0.0	0.33516	0.16865	0.13492	0.07642	0.09418	0.00599	0.05476	0.05476	0.07301	0.10478	0.0	0.00599	0.00599	0.00034	0.10641	0.00034	0.00034	0.00034	0.00034	0.18413	0.03646	0.10641	0.19296	0.26067	0.55841	0.13889	1.00032	0.44294	0.04346	0.0	0.79303	0.38085	0.28611	0.08653	0.14111	0.06997	0.32089	0.34357	0.0	0.10267	0.44294	0.35836	0.15895	0.38642	0.17499	0.11475	0.00034	0.06857	0.10913	0.07312	0.17405	0.00034	0.05199	0.00034	0.00034	0.09248	0.07614	0.11475	1.00032	0.07312	0.00387	0.00034	0.06343	0.6127	0.07794	0.14836	0.04346	0.00034	0.36974	0.06381	0.06857	
