0.0	0.13464	0.06795	2e-05	0.31175	0.06028	0.04634	0.12563	0.05783	0.05553	2e-05	0.08294	0.06028	0.37176	0.23844	0.15972	2e-05	2e-05	2e-05	2e-05	2e-05	2e-05	2e-05	2e-05	2e-05	0.1407	0.41142	2e-05	2e-05	2e-05	2e-05	2e-05	2e-05	2e-05	2e-05	2e-05	2e-05	2e-05	2e-05	0.0562	0.13718	0.45027	0.0	0.10722	0.07819	0.24048	0.09697	0.07459	0.31158	0.10444	0.03634	0.19295	0.24379	0.14933	2e-05	2e-05	2e-05	0.03363	0.09354	2e-05	2e-05	2e-05	2e-05	0.12591	0.35019	0.05588	0.2527	0.08002	0.06028	2e-05	2e-05	2e-05	2e-05	0.06028	2e-05	0.06164	0.20058	0.18844	0.25676	0.04514	2e-05	2e-05	0.06035	0.08226	0.1925	0.03421	0.34999	0.0544	0.07778	0.14071	0.16616	0.12351	
0.13464	0.0	0.19035	1e-05	0.343	0.16024	0.31117	0.18037	0.21833	0.1539	1e-05	0.02377	0.16024	0.07383	0.13843	0.08783	1e-05	1e-05	1e-05	1e-05	1e-05	1e-05	1e-05	1e-05	1e-05	0.05782	0.06358	1e-05	1e-05	1e-05	1e-05	1e-05	1e-05	1e-05	1e-05	1e-05	1e-05	1e-05	1e-05	0.05935	0.3294	0.12377	0.0	0.11015	0.12168	0.19094	0.14118	0.15218	0.25447	0.216	0.13303	0.36463	0.08725	0.12074	1e-05	1e-05	1e-05	0.06162	0.11553	1e-05	1e-05	1e-05	1e-05	0.09419	0.19315	0.11598	0.21248	0.22393	0.16024	1e-05	1e-05	1e-05	1e-05	0.16024	1e-05	0.01153	0.1665	0.36247	0.09436	0.07871	1e-05	1e-05	0.14111	0.28786	0.09432	0.07726	0.14504	0.02942	0.27748	0.27334	0.2288	0.0965	
0.06795	0.19035	0.0	1e-05	0.14559	0.10443	0.31351	0.20696	0.04586	0.09779	1e-05	0.01201	0.10443	0.07136	0.06984	0.0626	1e-05	1e-05	1e-05	1e-05	1e-05	1e-05	1e-05	1e-05	1e-05	0.13082	0.04646	1e-05	1e-05	1e-05	1e-05	1e-05	1e-05	1e-05	1e-05	1e-05	1e-05	1e-05	1e-05	0.17376	0.13375	0.14826	0.0	0.07744	0.16915	0.22437	0.07529	0.06375	0.12034	0.1279	0.16333	0.23009	0.17614	0.24896	1e-05	1e-05	1e-05	0.0554	0.05595	1e-05	1e-05	1e-05	1e-05	0.06268	0.15126	0.049	0.20606	0.11131	0.10443	1e-05	1e-05	1e-05	1e-05	0.10443	1e-05	0.05134	0.14767	0.25092	0.07041	0.05167	1e-05	1e-05	0.25561	0.25132	0.17344	0.05351	0.1891	0.02463	0.1047	0.14403	0.18466	0.20884	
2e-05	1e-05	1e-05	0.0	2e-05	0.0001	2e-05	1e-05	4e-05	4e-05	0.0	0.00013	0.0001	2e-05	3e-05	3e-05	0.0	0.0	0.0	0.0	0.0	0.0	0.0	0.0	0.0	6e-05	5e-05	0.0	0.0	0.0	0.0	0.0	0.0	0.0	0.0	0.0	0.0	0.0	0.0	8e-05	2e-05	5e-05	0.0	1e-05	1e-05	2e-05	1e-05	2e-05	1e-05	0.0	1e-05	2e-05	1e-05	1e-05	0.0	0.0	0.0	0.0001	6e-05	0.0	0.0	0.0	0.0	0.0001	4e-05	2e-05	0.0	9e-05	0.0001	0.0	0.0	0.0	0.0	0.0001	0.0	4e-05	1e-05	4e-05	2e-05	6e-05	0.0	0.0	3e-05	2e-05	1e-05	8e-05	1e-05	0.00018	2e-05	1e-05	0.0	1e-05	
0.31175	0.343	0.14559	2e-05	0.0	0.31007	0.20314	0.26851	0.30704	0.08193	2e-05	0.04096	0.31007	0.44132	0.16579	0.54328	2e-05	2e-05	2e-05	2e-05	2e-05	2e-05	2e-05	2e-05	2e-05	0.1276	0.21628	2e-05	2e-05	2e-05	2e-05	2e-05	2e-05	2e-05	2e-05	2e-05	2e-05	2e-05	2e-05	0.08188	0.13401	0.62718	0.0	0.34501	0.15531	0.20237	0.27677	0.09925	0.47953	0.32695	0.16575	0.40821	0.42943	0.15558	2e-05	2e-05	2e-05	0.12257	0.30568	2e-05	2e-05	2e-05	2e-05	0.05374	0.43089	0.19894	0.22788	0.18277	0.31007	2e-05	2e-05	2e-05	2e-05	0.31007	2e-05	0.18585	0.23609	0.32711	0.41237	0.12991	2e-05	2e-05	0.19827	0.1736	0.15136	0.07946	0.46405	0.02717	0.1347	0.13976	0.27854	0.09692	
0.06028	0.16024	0.10443	0.0001	0.31007	0.0	0.19837	0.02459	0.06176	0.02431	0.0001	0.01241	0.99992	0.11319	0.07476	0.12126	0.0001	0.0001	0.0001	0.0001	0.0001	0.0001	0.0001	0.0001	0.0001	0.04504	0.04037	0.0001	0.0001	0.0001	0.0001	0.0001	0.0001	0.0001	0.0001	0.0001	0.0001	0.0001	0.0001	0.02563	0.03241	0.20512	0.0	0.10184	0.03781	0.14721	0.07197	0.03976	0.14203	0.1044	0.1096	0.35356	0.05505	0.0504	0.0001	0.0001	0.0001	0.01686	0.40516	0.0001	0.0001	0.0001	0.0001	0.01868	0.10102	0.04782	0.11874	0.14517	0.99992	0.0001	0.0001	0.0001	0.0001	0.99992	0.0001	0.06481	0.05869	0.35726	0.15646	0.05087	0.0001	0.0001	0.18707	0.07197	0.10732	0.13879	0.12871	0.00889	0.04558	0.03531	0.06186	0.01073	
0.04634	0.31117	0.31351	2e-05	0.20314	0.19837	0.0	0.25431	0.11166	0.04736	2e-05	0.01214	0.19837	0.12327	0.16564	0.06126	2e-05	2e-05	2e-05	2e-05	2e-05	2e-05	2e-05	2e-05	2e-05	0.18386	0.0367	2e-05	2e-05	2e-05	2e-05	2e-05	2e-05	2e-05	2e-05	2e-05	2e-05	2e-05	2e-05	0.38407	0.12107	0.28503	0.0	0.13449	0.21586	0.14007	0.07191	0.15255	0.12705	0.15561	0.15099	0.30652	0.28117	0.21143	2e-05	2e-05	2e-05	0.02875	0.08575	2e-05	2e-05	2e-05	2e-05	0.11425	0.19364	0.11025	0.15589	0.14207	0.19837	2e-05	2e-05	2e-05	2e-05	0.19837	2e-05	0.10381	0.18229	0.30619	0.11997	0.226	2e-05	2e-05	0.54751	0.14121	0.23781	0.06013	0.207	0.01354	0.04336	0.1435	0.18261	0.09228	
0.12563	0.18037	0.20696	1e-05	0.26851	0.02459	0.25431	0.0	0.15419	0.1721	1e-05	0.02576	0.02459	0.2499	0.1507	0.2022	1e-05	1e-05	1e-05	1e-05	1e-05	1e-05	1e-05	1e-05	1e-05	0.12142	0.11679	1e-05	1e-05	1e-05	1e-05	1e-05	1e-05	1e-05	1e-05	1e-05	1e-05	1e-05	1e-05	0.17644	0.17824	0.34376	0.0	0.15524	0.22945	0.09357	0.22878	0.11945	0.22011	0.18477	0.12736	0.1577	0.40935	0.20779	1e-05	1e-05	1e-05	0.03757	0.04218	1e-05	1e-05	1e-05	1e-05	0.09044	0.24559	0.1197	0.16806	0.13811	0.02459	1e-05	1e-05	1e-05	1e-05	0.02459	1e-05	0.20957	0.31373	0.28322	0.22144	0.04774	1e-05	1e-05	0.22078	0.16801	0.09556	0.07103	0.21448	0.01729	0.214	0.13751	0.28439	0.13522	
0.05783	0.21833	0.04586	4e-05	0.30704	0.06176	0.11166	0.15419	0.0	0.17356	4e-05	0.02537	0.06176	0.17095	0.07088	0.26524	4e-05	4e-05	4e-05	4e-05	4e-05	4e-05	4e-05	4e-05	4e-05	0.00902	0.09822	4e-05	4e-05	4e-05	4e-05	4e-05	4e-05	4e-05	4e-05	4e-05	4e-05	4e-05	4e-05	0.17892	0.28031	0.08702	0.0	0.16231	0.07999	0.02416	0.11223	0.12135	0.14002	0.16432	0.1013	0.13262	0.17719	0.08752	4e-05	4e-05	4e-05	0.03581	0.09299	4e-05	4e-05	4e-05	4e-05	0.11786	0.11018	0.06943	0.07376	0.04124	0.06176	4e-05	4e-05	4e-05	4e-05	0.06176	4e-05	0.06308	0.17262	0.14017	0.255	0.08457	4e-05	4e-05	0.04263	0.38369	0.04514	0.06407	0.2145	0.01752	0.13696	0.13037	0.15053	0.07896	
0.05553	0.1539	0.09779	4e-05	0.08193	0.02431	0.04736	0.1721	0.17356	0.0	4e-05	0.01086	0.02431	0.10115	0.06868	0.08284	4e-05	4e-05	4e-05	4e-05	4e-05	4e-05	4e-05	4e-05	4e-05	0.04794	0.03651	4e-05	4e-05	4e-05	4e-05	4e-05	4e-05	4e-05	4e-05	4e-05	4e-05	4e-05	4e-05	0.02293	0.50583	0.0909	0.0	0.05873	0.03244	0.13547	0.04543	0.03131	0.08171	0.10722	0.10548	0.1938	0.09836	0.04659	4e-05	4e-05	4e-05	0.01489	0.03482	4e-05	4e-05	4e-05	4e-05	0.01655	0.09308	0.04389	0.22363	0.13116	0.02431	4e-05	4e-05	4e-05	4e-05	0.02431	4e-05	0.05893	0.17573	0.20602	0.0479	0.01104	4e-05	4e-05	0.05313	0.19922	0.04823	0.14564	0.07345	0.0077	0.22976	0.10219	0.0797	0.06666	
2e-05	1e-05	1e-05	0.0	2e-05	0.0001	2e-05	1e-05	4e-05	4e-05	0.0	0.00013	0.0001	2e-05	3e-05	3e-05	0.0	0.0	0.0	0.0	0.0	0.0	0.0	0.0	0.0	6e-05	5e-05	0.0	0.0	0.0	0.0	0.0	0.0	0.0	0.0	0.0	0.0	0.0	0.0	8e-05	2e-05	5e-05	0.0	1e-05	1e-05	2e-05	1e-05	2e-05	1e-05	0.0	1e-05	2e-05	1e-05	1e-05	0.0	0.0	0.0	0.0001	6e-05	0.0	0.0	0.0	0.0	0.0001	4e-05	2e-05	0.0	9e-05	0.0001	0.0	0.0	0.0	0.0	0.0001	0.0	4e-05	1e-05	4e-05	2e-05	6e-05	0.0	0.0	3e-05	2e-05	1e-05	8e-05	1e-05	0.00018	2e-05	1e-05	0.0	1e-05	
0.08294	0.02377	0.01201	0.00013	0.04096	0.01241	0.01214	0.02576	0.02537	0.01086	0.00013	0.0	0.01241	0.04674	0.04757	0.04686	0.00013	0.00013	0.00013	0.00013	0.00013	0.00013	0.00013	0.00013	0.00013	0.02214	0.12362	0.00013	0.00013	0.00013	0.00013	0.00013	0.00013	0.00013	0.00013	0.00013	0.00013	0.00013	0.00013	0.01182	0.0134	0.06959	0.0	0.08854	0.01509	0.04004	0.03766	0.0162	0.05394	0.03697	0.02066	0.0213	0.03783	0.01945	0.00013	0.00013	0.00013	0.00835	0.01672	0.00013	0.00013	0.00013	0.00013	0.00909	0.04719	0.01912	0.03085	0.03126	0.01241	0.00013	0.00013	0.00013	0.00013	0.01241	0.00013	0.02649	0.0226	0.02077	0.04189	0.02062	0.00013	0.00013	0.02269	0.02732	0.0428	0.00781	0.04204	0.00491	0.01822	0.03031	0.04438	0.04946	
0.06028	0.16024	0.10443	0.0001	0.31007	0.99992	0.19837	0.02459	0.06176	0.02431	0.0001	0.01241	0.0	0.11319	0.07476	0.12126	0.0001	0.0001	0.0001	0.0001	0.0001	0.0001	0.0001	0.0001	0.0001	0.04504	0.04037	0.0001	0.0001	0.0001	0.0001	0.0001	0.0001	0.0001	0.0001	0.0001	0.0001	0.0001	0.0001	0.02563	0.03241	0.20512	0.0	0.10184	0.03781	0.14721	0.07197	0.03976	0.14203	0.1044	0.1096	0.35356	0.05505	0.0504	0.0001	0.0001	0.0001	0.01686	0.40516	0.0001	0.0001	0.0001	0.0001	0.01868	0.10102	0.04782	0.11874	0.14517	0.99992	0.0001	0.0001	0.0001	0.0001	0.99992	0.0001	0.06481	0.05869	0.35726	0.15646	0.05087	0.0001	0.0001	0.18707	0.07197	0.10732	0.13879	0.12871	0.00889	0.04558	0.03531	0.06186	0.01073	
0.37176	0.07383	0.07136	2e-05	0.44132	0.11319	0.12327	0.2499	0.17095	0.10115	2e-05	0.04674	0.11319	0.0	0.2495	0.33446	2e-05	2e-05	2e-05	2e-05	2e-05	2e-05	2e-05	2e-05	2e-05	0.13804	0.24518	2e-05	2e-05	2e-05	2e-05	2e-05	2e-05	2e-05	2e-05	2e-05	2e-05	2e-05	2e-05	0.12962	0.11304	0.60705	0.0	0.20798	0.1415	0.17266	0.12862	0.0519	0.39792	0.19956	0.12699	0.27321	0.31054	0.31655	2e-05	2e-05	2e-05	0.07287	0.06591	2e-05	2e-05	2e-05	2e-05	0.08349	0.47475	0.22588	0.17847	0.19864	0.11319	2e-05	2e-05	2e-05	2e-05	0.11319	2e-05	0.27285	0.18273	0.25952	0.3617	0.08683	2e-05	2e-05	0.115	0.07693	0.0812	0.06147	0.32775	0.03111	0.10416	0.09518	0.23667	0.05869	
0.23844	0.13843	0.06984	3e-05	0.16579	0.07476	0.16564	0.1507	0.07088	0.06868	3e-05	0.04757	0.07476	0.2495	0.0	0.06002	3e-05	3e-05	3e-05	3e-05	3e-05	3e-05	3e-05	3e-05	3e-05	0.02124	0.23185	3e-05	3e-05	3e-05	3e-05	3e-05	3e-05	3e-05	3e-05	3e-05	3e-05	3e-05	3e-05	0.12041	0.28714	0.12171	0.0	0.05984	0.08466	0.19576	0.0943	0.17303	0.12968	0.14197	0.13457	0.35261	0.14774	0.19021	3e-05	3e-05	3e-05	0.04154	0.11704	3e-05	3e-05	3e-05	3e-05	0.31463	0.20675	0.12856	0.08106	0.24407	0.07476	3e-05	3e-05	3e-05	3e-05	0.07476	3e-05	0.06565	0.22174	0.34567	0.17455	0.08932	3e-05	3e-05	0.07777	0.12818	0.12636	0.04217	0.27133	0.03195	0.18567	0.22012	0.17478	0.1692	
0.15972	0.08783	0.0626	3e-05	0.54328	0.12126	0.06126	0.2022	0.26524	0.08284	3e-05	0.04686	0.12126	0.33446	0.06002	0.0	3e-05	3e-05	3e-05	3e-05	3e-05	3e-05	3e-05	3e-05	3e-05	0.18803	0.20588	3e-05	3e-05	3e-05	3e-05	3e-05	3e-05	3e-05	3e-05	3e-05	3e-05	3e-05	3e-05	0.08506	0.12345	0.6097	0.0	0.45687	0.08765	0.05396	0.22495	0.09427	0.34449	0.26475	0.03937	0.1916	0.50086	0.16827	3e-05	3e-05	3e-05	0.05153	0.01646	3e-05	3e-05	3e-05	3e-05	0.05815	0.32155	0.12524	0.06062	0.01751	0.12126	3e-05	3e-05	3e-05	3e-05	0.12126	3e-05	0.28418	0.28283	0.18643	0.26636	0.01174	3e-05	3e-05	0.00116	0.15186	0.07017	0.056	0.58132	0.03194	0.17496	0.03699	0.19496	0.02565	
2e-05	1e-05	1e-05	0.0	2e-05	0.0001	2e-05	1e-05	4e-05	4e-05	0.0	0.00013	0.0001	2e-05	3e-05	3e-05	0.0	0.0	0.0	0.0	0.0	0.0	0.0	0.0	0.0	6e-05	5e-05	0.0	0.0	0.0	0.0	0.0	0.0	0.0	0.0	0.0	0.0	0.0	0.0	8e-05	2e-05	5e-05	0.0	1e-05	1e-05	2e-05	1e-05	2e-05	1e-05	0.0	1e-05	2e-05	1e-05	1e-05	0.0	0.0	0.0	0.0001	6e-05	0.0	0.0	0.0	0.0	0.0001	4e-05	2e-05	0.0	9e-05	0.0001	0.0	0.0	0.0	0.0	0.0001	0.0	4e-05	1e-05	4e-05	2e-05	6e-05	0.0	0.0	3e-05	2e-05	1e-05	8e-05	1e-05	0.00018	2e-05	1e-05	0.0	1e-05	
2e-05	1e-05	1e-05	0.0	2e-05	0.0001	2e-05	1e-05	4e-05	4e-05	0.0	0.00013	0.0001	2e-05	3e-05	3e-05	0.0	0.0	0.0	0.0	0.0	0.0	0.0	0.0	0.0	6e-05	5e-05	0.0	0.0	0.0	0.0	0.0	0.0	0.0	0.0	0.0	0.0	0.0	0.0	8e-05	2e-05	5e-05	0.0	1e-05	1e-05	2e-05	1e-05	2e-05	1e-05	0.0	1e-05	2e-05	1e-05	1e-05	0.0	0.0	0.0	0.0001	6e-05	0.0	0.0	0.0	0.0	0.0001	4e-05	2e-05	0.0	9e-05	0.0001	0.0	0.0	0.0	0.0	0.0001	0.0	4e-05	1e-05	4e-05	2e-05	6e-05	0.0	0.0	3e-05	2e-05	1e-05	8e-05	1e-05	0.00018	2e-05	1e-05	0.0	1e-05	
2e-05	1e-05	1e-05	0.0	2e-05	0.0001	2e-05	1e-05	4e-05	4e-05	0.0	0.00013	0.0001	2e-05	3e-05	3e-05	0.0	0.0	0.0	0.0	0.0	0.0	0.0	0.0	0.0	6e-05	5e-05	0.0	0.0	0.0	0.0	0.0	0.0	0.0	0.0	0.0	0.0	0.0	0.0	8e-05	2e-05	5e-05	0.0	1e-05	1e-05	2e-05	1e-05	2e-05	1e-05	0.0	1e-05	2e-05	1e-05	1e-05	0.0	0.0	0.0	0.0001	6e-05	0.0	0.0	0.0	0.0	0.0001	4e-05	2e-05	0.0	9e-05	0.0001	0.0	0.0	0.0	0.0	0.0001	0.0	4e-05	1e-05	4e-05	2e-05	6e-05	0.0	0.0	3e-05	2e-05	1e-05	8e-05	1e-05	0.00018	2e-05	1e-05	0.0	1e-05	
2e-05	1e-05	1e-05	0.0	2e-05	0.0001	2e-05	1e-05	4e-05	4e-05	0.0	0.00013	0.0001	2e-05	3e-05	3e-05	0.0	0.0	0.0	0.0	0.0	0.0	0.0	0.0	0.0	6e-05	5e-05	0.0	0.0	0.0	0.0	0.0	0.0	0.0	0.0	0.0	0.0	0.0	0.0	8e-05	2e-05	5e-05	0.0	1e-05	1e-05	2e-05	1e-05	2e-05	1e-05	0.0	1e-05	2e-05	1e-05	1e-05	0.0	0.0	0.0	0.0001	6e-05	0.0	0.0	0.0	0.0	0.0001	4e-05	2e-05	0.0	9e-05	0.0001	0.0	0.0	0.0	0.0	0.0001	0.0	4e-05	1e-05	4e-05	2e-05	6e-05	0.0	0.0	3e-05	2e-05	1e-05	8e-05	1e-05	0.00018	2e-05	1e-05	0.0	1e-05	
2e-05	1e-05	1e-05	0.0	2e-05	0.0001	2e-05	1e-05	4e-05	4e-05	0.0	0.00013	0.0001	2e-05	3e-05	3e-05	0.0	0.0	0.0	0.0	0.0	0.0	0.0	0.0	0.0	6e-05	5e-05	0.0	0.0	0.0	0.0	0.0	0.0	0.0	0.0	0.0	0.0	0.0	0.0	8e-05	2e-05	5e-05	0.0	1e-05	1e-05	2e-05	1e-05	2e-05	1e-05	0.0	1e-05	2e-05	1e-05	1e-05	0.0	0.0	0.0	0.0001	6e-05	0.0	0.0	0.0	0.0	0.0001	4e-05	2e-05	0.0	9e-05	0.0001	0.0	0.0	0.0	0.0	0.0001	0.0	4e-05	1e-05	4e-05	2e-05	6e-05	0.0	0.0	3e-05	2e-05	1e-05	8e-05	1e-05	0.00018	2e-05	1e-05	0.0	1e-05	
2e-05	1e-05	1e-05	0.0	2e-05	0.0001	2e-05	1e-05	4e-05	4e-05	0.0	0.00013	0.0001	2e-05	3e-05	3e-05	0.0	0.0	0.0	0.0	0.0	0.0	0.0	0.0	0.0	6e-05	5e-05	0.0	0.0	0.0	0.0	0.0	0.0	0.0	0.0	0.0	0.0	0.0	0.0	8e-05	2e-05	5e-05	0.0	1e-05	1e-05	2e-05	1e-05	2e-05	1e-05	0.0	1e-05	2e-05	1e-05	1e-05	0.0	0.0	0.0	0.0001	6e-05	0.0	0.0	0.0	0.0	0.0001	4e-05	2e-05	0.0	9e-05	0.0001	0.0	0.0	0.0	0.0	0.0001	0.0	4e-05	1e-05	4e-05	2e-05	6e-05	0.0	0.0	3e-05	2e-05	1e-05	8e-05	1e-05	0.00018	2e-05	1e-05	0.0	1e-05	
2e-05	1e-05	1e-05	0.0	2e-05	0.0001	2e-05	1e-05	4e-05	4e-05	0.0	0.00013	0.0001	2e-05	3e-05	3e-05	0.0	0.0	0.0	0.0	0.0	0.0	0.0	0.0	0.0	6e-05	5e-05	0.0	0.0	0.0	0.0	0.0	0.0	0.0	0.0	0.0	0.0	0.0	0.0	8e-05	2e-05	5e-05	0.0	1e-05	1e-05	2e-05	1e-05	2e-05	1e-05	0.0	1e-05	2e-05	1e-05	1e-05	0.0	0.0	0.0	0.0001	6e-05	0.0	0.0	0.0	0.0	0.0001	4e-05	2e-05	0.0	9e-05	0.0001	0.0	0.0	0.0	0.0	0.0001	0.0	4e-05	1e-05	4e-05	2e-05	6e-05	0.0	0.0	3e-05	2e-05	1e-05	8e-05	1e-05	0.00018	2e-05	1e-05	0.0	1e-05	
2e-05	1e-05	1e-05	0.0	2e-05	0.0001	2e-05	1e-05	4e-05	4e-05	0.0	0.00013	0.0001	2e-05	3e-05	3e-05	0.0	0.0	0.0	0.0	0.0	0.0	0.0	0.0	0.0	6e-05	5e-05	0.0	0.0	0.0	0.0	0.0	0.0	0.0	0.0	0.0	0.0	0.0	0.0	8e-05	2e-05	5e-05	0.0	1e-05	1e-05	2e-05	1e-05	2e-05	1e-05	0.0	1e-05	2e-05	1e-05	1e-05	0.0	0.0	0.0	0.0001	6e-05	0.0	0.0	0.0	0.0	0.0001	4e-05	2e-05	0.0	9e-05	0.0001	0.0	0.0	0.0	0.0	0.0001	0.0	4e-05	1e-05	4e-05	2e-05	6e-05	0.0	0.0	3e-05	2e-05	1e-05	8e-05	1e-05	0.00018	2e-05	1e-05	0.0	1e-05	
2e-05	1e-05	1e-05	0.0	2e-05	0.0001	2e-05	1e-05	4e-05	4e-05	0.0	0.00013	0.0001	2e-05	3e-05	3e-05	0.0	0.0	0.0	0.0	0.0	0.0	0.0	0.0	0.0	6e-05	5e-05	0.0	0.0	0.0	0.0	0.0	0.0	0.0	0.0	0.0	0.0	0.0	0.0	8e-05	2e-05	5e-05	0.0	1e-05	1e-05	2e-05	1e-05	2e-05	1e-05	0.0	1e-05	2e-05	1e-05	1e-05	0.0	0.0	0.0	0.0001	6e-05	0.0	0.0	0.0	0.0	0.0001	4e-05	2e-05	0.0	9e-05	0.0001	0.0	0.0	0.0	0.0	0.0001	0.0	4e-05	1e-05	4e-05	2e-05	6e-05	0.0	0.0	3e-05	2e-05	1e-05	8e-05	1e-05	0.00018	2e-05	1e-05	0.0	1e-05	
0.1407	0.05782	0.13082	6e-05	0.1276	0.04504	0.18386	0.12142	0.00902	0.04794	6e-05	0.02214	0.04504	0.13804	0.02124	0.18803	6e-05	6e-05	6e-05	6e-05	6e-05	6e-05	6e-05	6e-05	6e-05	0.0	0.08315	6e-05	6e-05	6e-05	6e-05	6e-05	6e-05	6e-05	6e-05	6e-05	6e-05	6e-05	6e-05	0.24485	0.06816	1.10105	0.0	0.16235	0.19133	0.2861	0.02435	0.03537	0.09618	0.19759	0.17343	0.04619	0.12321	0.55812	6e-05	6e-05	6e-05	0.13765	0.01377	6e-05	6e-05	6e-05	6e-05	0.03485	0.54423	0.07482	0.28629	0.15493	0.04504	6e-05	6e-05	6e-05	6e-05	0.04504	6e-05	0.46022	0.04379	0.1168	0.12477	0.00179	6e-05	6e-05	0.02318	0.06391	0.1111	0.0697	0.1865	0.0154	0.10054	0.04888	0.12367	0.08422	
0.41142	0.06358	0.04646	5e-05	0.21628	0.04037	0.0367	0.11679	0.09822	0.03651	5e-05	0.12362	0.04037	0.24518	0.23185	0.20588	5e-05	5e-05	5e-05	5e-05	5e-05	5e-05	5e-05	5e-05	5e-05	0.08315	0.0	5e-05	5e-05	5e-05	5e-05	5e-05	5e-05	5e-05	5e-05	5e-05	5e-05	5e-05	5e-05	0.03797	0.05072	0.25564	0.0	0.09075	0.03407	0.1964	0.12974	0.02718	0.21549	0.11006	0.02379	0.09284	0.18088	0.05436	5e-05	5e-05	5e-05	0.02417	0.05901	5e-05	5e-05	5e-05	5e-05	0.02699	0.24735	0.07673	0.14654	0.12598	0.04037	5e-05	5e-05	5e-05	5e-05	0.04037	5e-05	0.10347	0.09682	0.09001	0.2098	0.07638	5e-05	5e-05	0.09421	0.12066	0.13834	0.02388	0.21807	0.08288	0.09808	0.09934	0.13695	0.09103	
2e-05	1e-05	1e-05	0.0	2e-05	0.0001	2e-05	1e-05	4e-05	4e-05	0.0	0.00013	0.0001	2e-05	3e-05	3e-05	0.0	0.0	0.0	0.0	0.0	0.0	0.0	0.0	0.0	6e-05	5e-05	0.0	0.0	0.0	0.0	0.0	0.0	0.0	0.0	0.0	0.0	0.0	0.0	8e-05	2e-05	5e-05	0.0	1e-05	1e-05	2e-05	1e-05	2e-05	1e-05	0.0	1e-05	2e-05	1e-05	1e-05	0.0	0.0	0.0	0.0001	6e-05	0.0	0.0	0.0	0.0	0.0001	4e-05	2e-05	0.0	9e-05	0.0001	0.0	0.0	0.0	0.0	0.0001	0.0	4e-05	1e-05	4e-05	2e-05	6e-05	0.0	0.0	3e-05	2e-05	1e-05	8e-05	1e-05	0.00018	2e-05	1e-05	0.0	1e-05	
2e-05	1e-05	1e-05	0.0	2e-05	0.0001	2e-05	1e-05	4e-05	4e-05	0.0	0.00013	0.0001	2e-05	3e-05	3e-05	0.0	0.0	0.0	0.0	0.0	0.0	0.0	0.0	0.0	6e-05	5e-05	0.0	0.0	0.0	0.0	0.0	0.0	0.0	0.0	0.0	0.0	0.0	0.0	8e-05	2e-05	5e-05	0.0	1e-05	1e-05	2e-05	1e-05	2e-05	1e-05	0.0	1e-05	2e-05	1e-05	1e-05	0.0	0.0	0.0	0.0001	6e-05	0.0	0.0	0.0	0.0	0.0001	4e-05	2e-05	0.0	9e-05	0.0001	0.0	0.0	0.0	0.0	0.0001	0.0	4e-05	1e-05	4e-05	2e-05	6e-05	0.0	0.0	3e-05	2e-05	1e-05	8e-05	1e-05	0.00018	2e-05	1e-05	0.0	1e-05	
2e-05	1e-05	1e-05	0.0	2e-05	0.0001	2e-05	1e-05	4e-05	4e-05	0.0	0.00013	0.0001	2e-05	3e-05	3e-05	0.0	0.0	0.0	0.0	0.0	0.0	0.0	0.0	0.0	6e-05	5e-05	0.0	0.0	0.0	0.0	0.0	0.0	0.0	0.0	0.0	0.0	0.0	0.0	8e-05	2e-05	5e-05	0.0	1e-05	1e-05	2e-05	1e-05	2e-05	1e-05	0.0	1e-05	2e-05	1e-05	1e-05	0.0	0.0	0.0	0.0001	6e-05	0.0	0.0	0.0	0.0	0.0001	4e-05	2e-05	0.0	9e-05	0.0001	0.0	0.0	0.0	0.0	0.0001	0.0	4e-05	1e-05	4e-05	2e-05	6e-05	0.0	0.0	3e-05	2e-05	1e-05	8e-05	1e-05	0.00018	2e-05	1e-05	0.0	1e-05	
2e-05	1e-05	1e-05	0.0	2e-05	0.0001	2e-05	1e-05	4e-05	4e-05	0.0	0.00013	0.0001	2e-05	3e-05	3e-05	0.0	0.0	0.0	0.0	0.0	0.0	0.0	0.0	0.0	6e-05	5e-05	0.0	0.0	0.0	0.0	0.0	0.0	0.0	0.0	0.0	0.0	0.0	0.0	8e-05	2e-05	5e-05	0.0	1e-05	1e-05	2e-05	1e-05	2e-05	1e-05	0.0	1e-05	2e-05	1e-05	1e-05	0.0	0.0	0.0	0.0001	6e-05	0.0	0.0	0.0	0.0	0.0001	4e-05	2e-05	0.0	9e-05	0.0001	0.0	0.0	0.0	0.0	0.0001	0.0	4e-05	1e-05	4e-05	2e-05	6e-05	0.0	0.0	3e-05	2e-05	1e-05	8e-05	1e-05	0.00018	2e-05	1e-05	0.0	1e-05	
2e-05	1e-05	1e-05	0.0	2e-05	0.0001	2e-05	1e-05	4e-05	4e-05	0.0	0.00013	0.0001	2e-05	3e-05	3e-05	0.0	0.0	0.0	0.0	0.0	0.0	0.0	0.0	0.0	6e-05	5e-05	0.0	0.0	0.0	0.0	0.0	0.0	0.0	0.0	0.0	0.0	0.0	0.0	8e-05	2e-05	5e-05	0.0	1e-05	1e-05	2e-05	1e-05	2e-05	1e-05	0.0	1e-05	2e-05	1e-05	1e-05	0.0	0.0	0.0	0.0001	6e-05	0.0	0.0	0.0	0.0	0.0001	4e-05	2e-05	0.0	9e-05	0.0001	0.0	0.0	0.0	0.0	0.0001	0.0	4e-05	1e-05	4e-05	2e-05	6e-05	0.0	0.0	3e-05	2e-05	1e-05	8e-05	1e-05	0.00018	2e-05	1e-05	0.0	1e-05	
2e-05	1e-05	1e-05	0.0	2e-05	0.0001	2e-05	1e-05	4e-05	4e-05	0.0	0.00013	0.0001	2e-05	3e-05	3e-05	0.0	0.0	0.0	0.0	0.0	0.0	0.0	0.0	0.0	6e-05	5e-05	0.0	0.0	0.0	0.0	0.0	0.0	0.0	0.0	0.0	0.0	0.0	0.0	8e-05	2e-05	5e-05	0.0	1e-05	1e-05	2e-05	1e-05	2e-05	1e-05	0.0	1e-05	2e-05	1e-05	1e-05	0.0	0.0	0.0	0.0001	6e-05	0.0	0.0	0.0	0.0	0.0001	4e-05	2e-05	0.0	9e-05	0.0001	0.0	0.0	0.0	0.0	0.0001	0.0	4e-05	1e-05	4e-05	2e-05	6e-05	0.0	0.0	3e-05	2e-05	1e-05	8e-05	1e-05	0.00018	2e-05	1e-05	0.0	1e-05	
2e-05	1e-05	1e-05	0.0	2e-05	0.0001	2e-05	1e-05	4e-05	4e-05	0.0	0.00013	0.0001	2e-05	3e-05	3e-05	0.0	0.0	0.0	0.0	0.0	0.0	0.0	0.0	0.0	6e-05	5e-05	0.0	0.0	0.0	0.0	0.0	0.0	0.0	0.0	0.0	0.0	0.0	0.0	8e-05	2e-05	5e-05	0.0	1e-05	1e-05	2e-05	1e-05	2e-05	1e-05	0.0	1e-05	2e-05	1e-05	1e-05	0.0	0.0	0.0	0.0001	6e-05	0.0	0.0	0.0	0.0	0.0001	4e-05	2e-05	0.0	9e-05	0.0001	0.0	0.0	0.0	0.0	0.0001	0.0	4e-05	1e-05	4e-05	2e-05	6e-05	0.0	0.0	3e-05	2e-05	1e-05	8e-05	1e-05	0.00018	2e-05	1e-05	0.0	1e-05	
2e-05	1e-05	1e-05	0.0	2e-05	0.0001	2e-05	1e-05	4e-05	4e-05	0.0	0.00013	0.0001	2e-05	3e-05	3e-05	0.0	0.0	0.0	0.0	0.0	0.0	0.0	0.0	0.0	6e-05	5e-05	0.0	0.0	0.0	0.0	0.0	0.0	0.0	0.0	0.0	0.0	0.0	0.0	8e-05	2e-05	5e-05	0.0	1e-05	1e-05	2e-05	1e-05	2e-05	1e-05	0.0	1e-05	2e-05	1e-05	1e-05	0.0	0.0	0.0	0.0001	6e-05	0.0	0.0	0.0	0.0	0.0001	4e-05	2e-05	0.0	9e-05	0.0001	0.0	0.0	0.0	0.0	0.0001	0.0	4e-05	1e-05	4e-05	2e-05	6e-05	0.0	0.0	3e-05	2e-05	1e-05	8e-05	1e-05	0.00018	2e-05	1e-05	0.0	1e-05	
2e-05	1e-05	1e-05	0.0	2e-05	0.0001	2e-05	1e-05	4e-05	4e-05	0.0	0.00013	0.0001	2e-05	3e-05	3e-05	0.0	0.0	0.0	0.0	0.0	0.0	0.0	0.0	0.0	6e-05	5e-05	0.0	0.0	0.0	0.0	0.0	0.0	0.0	0.0	0.0	0.0	0.0	0.0	8e-05	2e-05	5e-05	0.0	1e-05	1e-05	2e-05	1e-05	2e-05	1e-05	0.0	1e-05	2e-05	1e-05	1e-05	0.0	0.0	0.0	0.0001	6e-05	0.0	0.0	0.0	0.0	0.0001	4e-05	2e-05	0.0	9e-05	0.0001	0.0	0.0	0.0	0.0	0.0001	0.0	4e-05	1e-05	4e-05	2e-05	6e-05	0.0	0.0	3e-05	2e-05	1e-05	8e-05	1e-05	0.00018	2e-05	1e-05	0.0	1e-05	
2e-05	1e-05	1e-05	0.0	2e-05	0.0001	2e-05	1e-05	4e-05	4e-05	0.0	0.00013	0.0001	2e-05	3e-05	3e-05	0.0	0.0	0.0	0.0	0.0	0.0	0.0	0.0	0.0	6e-05	5e-05	0.0	0.0	0.0	0.0	0.0	0.0	0.0	0.0	0.0	0.0	0.0	0.0	8e-05	2e-05	5e-05	0.0	1e-05	1e-05	2e-05	1e-05	2e-05	1e-05	0.0	1e-05	2e-05	1e-05	1e-05	0.0	0.0	0.0	0.0001	6e-05	0.0	0.0	0.0	0.0	0.0001	4e-05	2e-05	0.0	9e-05	0.0001	0.0	0.0	0.0	0.0	0.0001	0.0	4e-05	1e-05	4e-05	2e-05	6e-05	0.0	0.0	3e-05	2e-05	1e-05	8e-05	1e-05	0.00018	2e-05	1e-05	0.0	1e-05	
2e-05	1e-05	1e-05	0.0	2e-05	0.0001	2e-05	1e-05	4e-05	4e-05	0.0	0.00013	0.0001	2e-05	3e-05	3e-05	0.0	0.0	0.0	0.0	0.0	0.0	0.0	0.0	0.0	6e-05	5e-05	0.0	0.0	0.0	0.0	0.0	0.0	0.0	0.0	0.0	0.0	0.0	0.0	8e-05	2e-05	5e-05	0.0	1e-05	1e-05	2e-05	1e-05	2e-05	1e-05	0.0	1e-05	2e-05	1e-05	1e-05	0.0	0.0	0.0	0.0001	6e-05	0.0	0.0	0.0	0.0	0.0001	4e-05	2e-05	0.0	9e-05	0.0001	0.0	0.0	0.0	0.0	0.0001	0.0	4e-05	1e-05	4e-05	2e-05	6e-05	0.0	0.0	3e-05	2e-05	1e-05	8e-05	1e-05	0.00018	2e-05	1e-05	0.0	1e-05	
2e-05	1e-05	1e-05	0.0	2e-05	0.0001	2e-05	1e-05	4e-05	4e-05	0.0	0.00013	0.0001	2e-05	3e-05	3e-05	0.0	0.0	0.0	0.0	0.0	0.0	0.0	0.0	0.0	6e-05	5e-05	0.0	0.0	0.0	0.0	0.0	0.0	0.0	0.0	0.0	0.0	0.0	0.0	8e-05	2e-05	5e-05	0.0	1e-05	1e-05	2e-05	1e-05	2e-05	1e-05	0.0	1e-05	2e-05	1e-05	1e-05	0.0	0.0	0.0	0.0001	6e-05	0.0	0.0	0.0	0.0	0.0001	4e-05	2e-05	0.0	9e-05	0.0001	0.0	0.0	0.0	0.0	0.0001	0.0	4e-05	1e-05	4e-05	2e-05	6e-05	0.0	0.0	3e-05	2e-05	1e-05	8e-05	1e-05	0.00018	2e-05	1e-05	0.0	1e-05	
0.0562	0.05935	0.17376	8e-05	0.08188	0.02563	0.38407	0.17644	0.17892	0.02293	8e-05	0.01182	0.02563	0.12962	0.12041	0.08506	8e-05	8e-05	8e-05	8e-05	8e-05	8e-05	8e-05	8e-05	8e-05	0.24485	0.03797	8e-05	8e-05	8e-05	8e-05	8e-05	8e-05	8e-05	8e-05	8e-05	8e-05	8e-05	8e-05	0.0	0.03039	0.22821	0.0	0.0649	0.14971	0.10259	0.02523	0.05831	0.0352	0.14816	0.13298	0.05208	0.0608	0.21077	8e-05	8e-05	8e-05	0.01601	0.03626	8e-05	8e-05	8e-05	8e-05	0.01772	0.14976	0.03212	0.10954	0.07264	0.02563	8e-05	8e-05	8e-05	8e-05	0.02563	8e-05	0.16809	0.01969	0.05065	0.10851	0.0187	8e-05	8e-05	0.14857	0.16379	0.04703	0.01553	0.07363	0.00849	0.04262	0.01891	0.19952	0.06677	
0.13718	0.3294	0.13375	2e-05	0.13401	0.03241	0.12107	0.17824	0.28031	0.50583	2e-05	0.0134	0.03241	0.11304	0.28714	0.12345	2e-05	2e-05	2e-05	2e-05	2e-05	2e-05	2e-05	2e-05	2e-05	0.06816	0.05072	2e-05	2e-05	2e-05	2e-05	2e-05	2e-05	2e-05	2e-05	2e-05	2e-05	2e-05	2e-05	0.03039	0.0	0.19354	0.0	0.10624	0.044	0.17286	0.09949	0.26524	0.13373	0.18387	0.1414	0.40695	0.1857	0.19401	2e-05	2e-05	2e-05	0.0189	0.04814	2e-05	2e-05	2e-05	2e-05	0.40184	0.15056	0.13539	0.23516	0.204	0.03241	2e-05	2e-05	2e-05	2e-05	0.03241	2e-05	0.11741	0.39674	0.42315	0.1064	0.11152	2e-05	2e-05	0.12046	0.42772	0.11728	0.10499	0.25492	0.00925	0.36258	0.29099	0.13017	0.12215	
0.45027	0.12377	0.14826	5e-05	0.62718	0.20512	0.28503	0.34376	0.08702	0.0909	5e-05	0.06959	0.20512	0.60705	0.12171	0.6097	5e-05	5e-05	5e-05	5e-05	5e-05	5e-05	5e-05	5e-05	5e-05	1.10105	0.25564	5e-05	5e-05	5e-05	5e-05	5e-05	5e-05	5e-05	5e-05	5e-05	5e-05	5e-05	5e-05	0.22821	0.19354	0.0	0.0	0.48628	0.23456	0.46158	0.26551	0.06241	0.44191	0.40439	0.2153	0.25328	0.51079	0.71396	5e-05	5e-05	5e-05	0.12768	0.13552	5e-05	5e-05	5e-05	5e-05	0.12345	1.19066	0.20975	0.58283	0.42554	0.20512	5e-05	5e-05	5e-05	5e-05	0.20512	5e-05	1.03367	0.2019	0.47076	0.50578	0.18056	5e-05	5e-05	0.15596	0.10844	0.21824	0.11434	0.60596	0.04773	0.23673	0.08661	0.34725	0.10826	
0.0	0.0	0.0	0.0	0.0	0.0	0.0	0.0	0.0	0.0	0.0	0.0	0.0	0.0	0.0	0.0	0.0	0.0	0.0	0.0	0.0	0.0	0.0	0.0	0.0	0.0	0.0	0.0	0.0	0.0	0.0	0.0	0.0	0.0	0.0	0.0	0.0	0.0	0.0	0.0	0.0	0.0	0.0	0.0	0.0	0.0	0.0	0.0	0.0	0.0	0.0	0.0	0.0	0.0	0.0	0.0	0.0	0.0	0.0	0.0	0.0	0.0	0.0	0.0	0.0	0.0	0.0	0.0	0.0	0.0	0.0	0.0	0.0	0.0	0.0	0.0	0.0	0.0	0.0	0.0	0.0	0.0	0.0	0.0	0.0	0.0	0.0	0.0	0.0	0.0	0.0	0.0	
0.10722	0.11015	0.07744	1e-05	0.34501	0.10184	0.13449	0.15524	0.16231	0.05873	1e-05	0.08854	0.10184	0.20798	0.05984	0.45687	1e-05	1e-05	1e-05	1e-05	1e-05	1e-05	1e-05	1e-05	1e-05	0.16235	0.09075	1e-05	1e-05	1e-05	1e-05	1e-05	1e-05	1e-05	1e-05	1e-05	1e-05	1e-05	1e-05	0.0649	0.10624	0.48628	0.0	0.0	0.14042	0.07307	0.25184	0.07193	0.27695	0.33124	0.12016	0.18257	0.27905	0.19364	1e-05	1e-05	1e-05	0.11833	0.09553	1e-05	1e-05	1e-05	1e-05	0.05881	0.21134	0.09674	0.11833	0.03693	0.10184	1e-05	1e-05	1e-05	1e-05	0.10184	1e-05	0.19052	0.29821	0.17644	0.19132	0.00968	1e-05	1e-05	0.02281	0.10949	0.05496	0.05117	0.36876	0.02471	0.14906	0.08287	0.12491	0.09402	
0.07819	0.12168	0.16915	1e-05	0.15531	0.03781	0.21586	0.22945	0.07999	0.03244	1e-05	0.01509	0.03781	0.1415	0.08466	0.08765	1e-05	1e-05	1e-05	1e-05	1e-05	1e-05	1e-05	1e-05	1e-05	0.19133	0.03407	1e-05	1e-05	1e-05	1e-05	1e-05	1e-05	1e-05	1e-05	1e-05	1e-05	1e-05	1e-05	0.14971	0.044	0.23456	0.0	0.14042	0.0	0.1565	0.16321	0.05504	0.12881	0.24685	0.1355	0.16014	0.13794	0.26881	1e-05	1e-05	1e-05	0.202	0.07205	1e-05	1e-05	1e-05	1e-05	0.02432	0.17058	0.1475	0.20841	0.07611	0.03781	1e-05	1e-05	1e-05	1e-05	0.03781	1e-05	0.1129	0.18391	0.07274	0.11631	0.07561	1e-05	1e-05	0.1804	0.11001	0.08097	0.02184	0.10189	0.0103	0.04866	0.17253	0.15004	0.17811	
0.24048	0.19094	0.22437	2e-05	0.20237	0.14721	0.14007	0.09357	0.02416	0.13547	2e-05	0.04004	0.14721	0.17266	0.19576	0.05396	2e-05	2e-05	2e-05	2e-05	2e-05	2e-05	2e-05	2e-05	2e-05	0.2861	0.1964	2e-05	2e-05	2e-05	2e-05	2e-05	2e-05	2e-05	2e-05	2e-05	2e-05	2e-05	2e-05	0.10259	0.17286	0.46158	0.0	0.07307	0.1565	0.0	0.07774	0.07837	0.15818	0.18762	0.23322	0.31551	0.05908	0.27672	2e-05	2e-05	2e-05	0.05811	0.09298	2e-05	2e-05	2e-05	2e-05	0.06788	0.40796	0.08656	0.31398	0.30177	0.14721	2e-05	2e-05	2e-05	2e-05	0.14721	2e-05	0.17504	0.08755	0.33568	0.11261	0.02802	2e-05	2e-05	0.0845	0.13676	0.17071	0.07681	0.17266	0.0266	0.13791	0.20467	0.12205	0.20666	
0.09697	0.14118	0.07529	1e-05	0.27677	0.07197	0.07191	0.22878	0.11223	0.04543	1e-05	0.03766	0.07197	0.12862	0.0943	0.22495	1e-05	1e-05	1e-05	1e-05	1e-05	1e-05	1e-05	1e-05	1e-05	0.02435	0.12974	1e-05	1e-05	1e-05	1e-05	1e-05	1e-05	1e-05	1e-05	1e-05	1e-05	1e-05	1e-05	0.02523	0.09949	0.26551	0.0	0.25184	0.16321	0.07774	0.0	0.09135	0.21033	0.20756	0.07025	0.16501	0.16943	0.077	1e-05	1e-05	1e-05	0.09316	0.16699	1e-05	1e-05	1e-05	1e-05	0.06262	0.13111	0.02653	0.10539	0.0533	0.07197	1e-05	1e-05	1e-05	1e-05	0.07197	1e-05	0.04918	0.18181	0.15764	0.17033	0.11112	1e-05	1e-05	0.07337	0.15171	0.09978	0.07102	0.22724	0.02511	0.15194	0.09583	0.10795	0.09159	
0.07459	0.15218	0.06375	2e-05	0.09925	0.03976	0.15255	0.11945	0.12135	0.03131	2e-05	0.0162	0.03976	0.0519	0.17303	0.09427	2e-05	2e-05	2e-05	2e-05	2e-05	2e-05	2e-05	2e-05	2e-05	0.03537	0.02718	2e-05	2e-05	2e-05	2e-05	2e-05	2e-05	2e-05	2e-05	2e-05	2e-05	2e-05	2e-05	0.05831	0.26524	0.06241	0.0	0.07193	0.05504	0.07837	0.09135	0.0	0.1306	0.14689	0.1415	0.22021	0.11164	0.1313	2e-05	2e-05	2e-05	0.02297	0.05962	2e-05	2e-05	2e-05	2e-05	0.26844	0.07669	0.11676	0.05752	0.08767	0.03976	2e-05	2e-05	2e-05	2e-05	0.03976	2e-05	0.03262	0.18091	0.20556	0.17176	0.06558	2e-05	2e-05	0.0616	0.22959	0.08864	0.02311	0.18109	0.01114	0.18276	0.23177	0.0868	0.07258	
0.31158	0.25447	0.12034	1e-05	0.47953	0.14203	0.12705	0.22011	0.14002	0.08171	1e-05	0.05394	0.14203	0.39792	0.12968	0.34449	1e-05	1e-05	1e-05	1e-05	1e-05	1e-05	1e-05	1e-05	1e-05	0.09618	0.21549	1e-05	1e-05	1e-05	1e-05	1e-05	1e-05	1e-05	1e-05	1e-05	1e-05	1e-05	1e-05	0.0352	0.13373	0.44191	0.0	0.27695	0.12881	0.15818	0.21033	0.1306	0.0	0.19012	0.18404	0.20711	0.28158	0.13963	1e-05	1e-05	1e-05	0.04692	0.08001	1e-05	1e-05	1e-05	1e-05	0.05357	0.37168	0.08309	0.28313	0.13451	0.14203	1e-05	1e-05	1e-05	1e-05	0.14203	1e-05	0.10332	0.14702	0.25919	0.36771	0.07717	1e-05	1e-05	0.12197	0.15877	0.0649	0.05755	0.32612	0.03547	0.21074	0.12153	0.37442	0.06615	
0.10444	0.216	0.1279	0.0	0.32695	0.1044	0.15561	0.18477	0.16432	0.10722	0.0	0.03697	0.1044	0.19956	0.14197	0.26475	0.0	0.0	0.0	0.0	0.0	0.0	0.0	0.0	0.0	0.19759	0.11006	0.0	0.0	0.0	0.0	0.0	0.0	0.0	0.0	0.0	0.0	0.0	0.0	0.14816	0.18387	0.40439	0.0	0.33124	0.24685	0.18762	0.20756	0.14689	0.19012	0.0	0.34389	0.32722	0.16992	0.29157	0.0	0.0	0.0	0.08024	0.07817	0.0	0.0	0.0	0.0	0.06895	0.21122	0.16515	0.23399	0.0978	0.1044	0.0	0.0	0.0	0.0	0.1044	0.0	0.20223	0.22433	0.23719	0.11431	0.02123	0.0	0.0	0.05714	0.21056	0.10379	0.05576	0.26088	0.02456	0.20085	0.18218	0.21369	0.12357	
0.03634	0.13303	0.16333	1e-05	0.16575	0.1096	0.15099	0.12736	0.1013	0.10548	1e-05	0.02066	0.1096	0.12699	0.13457	0.03937	1e-05	1e-05	1e-05	1e-05	1e-05	1e-05	1e-05	1e-05	1e-05	0.17343	0.02379	1e-05	1e-05	1e-05	1e-05	1e-05	1e-05	1e-05	1e-05	1e-05	1e-05	1e-05	1e-05	0.13298	0.1414	0.2153	0.0	0.12016	0.1355	0.23322	0.07025	0.1415	0.18404	0.34389	0.0	0.21843	0.02969	0.25573	1e-05	1e-05	1e-05	0.07279	0.07893	1e-05	1e-05	1e-05	1e-05	0.07429	0.1576	0.14148	0.18743	0.09194	0.1096	1e-05	1e-05	1e-05	1e-05	0.1096	1e-05	0.09337	0.08549	0.19316	0.11808	0.03013	1e-05	1e-05	0.06189	0.14703	0.09117	0.05905	0.12836	0.02866	0.15999	0.15314	0.14536	0.1206	
0.19295	0.36463	0.23009	2e-05	0.40821	0.35356	0.30652	0.1577	0.13262	0.1938	2e-05	0.0213	0.35356	0.27321	0.35261	0.1916	2e-05	2e-05	2e-05	2e-05	2e-05	2e-05	2e-05	2e-05	2e-05	0.04619	0.09284	2e-05	2e-05	2e-05	2e-05	2e-05	2e-05	2e-05	2e-05	2e-05	2e-05	2e-05	2e-05	0.05208	0.40695	0.25328	0.0	0.18257	0.16014	0.31551	0.16501	0.22021	0.20711	0.32722	0.21843	0.0	0.24103	0.26379	2e-05	2e-05	2e-05	0.03088	0.21816	2e-05	2e-05	2e-05	2e-05	0.25588	0.22997	0.16163	0.34555	0.2412	0.35356	2e-05	2e-05	2e-05	2e-05	0.35356	2e-05	0.08934	0.39683	0.53641	0.1751	0.13222	2e-05	2e-05	0.27437	0.29469	0.17005	0.11338	0.34058	0.01436	0.18399	0.29854	0.19324	0.12437	
0.24379	0.08725	0.17614	1e-05	0.42943	0.05505	0.28117	0.40935	0.17719	0.09836	1e-05	0.03783	0.05505	0.31054	0.14774	0.50086	1e-05	1e-05	1e-05	1e-05	1e-05	1e-05	1e-05	1e-05	1e-05	0.12321	0.18088	1e-05	1e-05	1e-05	1e-05	1e-05	1e-05	1e-05	1e-05	1e-05	1e-05	1e-05	1e-05	0.0608	0.1857	0.51079	0.0	0.27905	0.13794	0.05908	0.16943	0.11164	0.28158	0.16992	0.02969	0.24103	0.0	0.1907	1e-05	1e-05	1e-05	0.05719	0.00124	1e-05	1e-05	1e-05	1e-05	0.12936	0.28849	0.09725	0.11666	0.04213	0.05505	1e-05	1e-05	1e-05	1e-05	0.05505	1e-05	0.18385	0.37712	0.23462	0.23319	0.09181	1e-05	1e-05	0.24809	0.09503	0.19343	0.05425	0.4837	0.02535	0.12825	0.10076	0.21073	0.11085	
0.14933	0.12074	0.24896	1e-05	0.15558	0.0504	0.21143	0.20779	0.08752	0.04659	1e-05	0.01945	0.0504	0.31655	0.19021	0.16827	1e-05	1e-05	1e-05	1e-05	1e-05	1e-05	1e-05	1e-05	1e-05	0.55812	0.05436	1e-05	1e-05	1e-05	1e-05	1e-05	1e-05	1e-05	1e-05	1e-05	1e-05	1e-05	1e-05	0.21077	0.19401	0.71396	0.0	0.19364	0.26881	0.27672	0.077	0.1313	0.13963	0.29157	0.25573	0.26379	0.1907	0.0	1e-05	1e-05	1e-05	0.11117	0.03652	1e-05	1e-05	1e-05	1e-05	0.20975	0.38973	0.24755	0.34358	0.12275	0.0504	1e-05	1e-05	1e-05	1e-05	0.0504	1e-05	0.54164	0.20052	0.22468	0.14962	0.0607	1e-05	1e-05	0.08714	0.12096	0.15519	0.02867	0.28053	0.01316	0.10567	0.25751	0.20651	0.22925	
2e-05	1e-05	1e-05	0.0	2e-05	0.0001	2e-05	1e-05	4e-05	4e-05	0.0	0.00013	0.0001	2e-05	3e-05	3e-05	0.0	0.0	0.0	0.0	0.0	0.0	0.0	0.0	0.0	6e-05	5e-05	0.0	0.0	0.0	0.0	0.0	0.0	0.0	0.0	0.0	0.0	0.0	0.0	8e-05	2e-05	5e-05	0.0	1e-05	1e-05	2e-05	1e-05	2e-05	1e-05	0.0	1e-05	2e-05	1e-05	1e-05	0.0	0.0	0.0	0.0001	6e-05	0.0	0.0	0.0	0.0	0.0001	4e-05	2e-05	0.0	9e-05	0.0001	0.0	0.0	0.0	0.0	0.0001	0.0	4e-05	1e-05	4e-05	2e-05	6e-05	0.0	0.0	3e-05	2e-05	1e-05	8e-05	1e-05	0.00018	2e-05	1e-05	0.0	1e-05	
2e-05	1e-05	1e-05	0.0	2e-05	0.0001	2e-05	1e-05	4e-05	4e-05	0.0	0.00013	0.0001	2e-05	3e-05	3e-05	0.0	0.0	0.0	0.0	0.0	0.0	0.0	0.0	0.0	6e-05	5e-05	0.0	0.0	0.0	0.0	0.0	0.0	0.0	0.0	0.0	0.0	0.0	0.0	8e-05	2e-05	5e-05	0.0	1e-05	1e-05	2e-05	1e-05	2e-05	1e-05	0.0	1e-05	2e-05	1e-05	1e-05	0.0	0.0	0.0	0.0001	6e-05	0.0	0.0	0.0	0.0	0.0001	4e-05	2e-05	0.0	9e-05	0.0001	0.0	0.0	0.0	0.0	0.0001	0.0	4e-05	1e-05	4e-05	2e-05	6e-05	0.0	0.0	3e-05	2e-05	1e-05	8e-05	1e-05	0.00018	2e-05	1e-05	0.0	1e-05	
2e-05	1e-05	1e-05	0.0	2e-05	0.0001	2e-05	1e-05	4e-05	4e-05	0.0	0.00013	0.0001	2e-05	3e-05	3e-05	0.0	0.0	0.0	0.0	0.0	0.0	0.0	0.0	0.0	6e-05	5e-05	0.0	0.0	0.0	0.0	0.0	0.0	0.0	0.0	0.0	0.0	0.0	0.0	8e-05	2e-05	5e-05	0.0	1e-05	1e-05	2e-05	1e-05	2e-05	1e-05	0.0	1e-05	2e-05	1e-05	1e-05	0.0	0.0	0.0	0.0001	6e-05	0.0	0.0	0.0	0.0	0.0001	4e-05	2e-05	0.0	9e-05	0.0001	0.0	0.0	0.0	0.0	0.0001	0.0	4e-05	1e-05	4e-05	2e-05	6e-05	0.0	0.0	3e-05	2e-05	1e-05	8e-05	1e-05	0.00018	2e-05	1e-05	0.0	1e-05	
0.03363	0.06162	0.0554	0.0001	0.12257	0.01686	0.02875	0.03757	0.03581	0.01489	0.0001	0.00835	0.01686	0.07287	0.04154	0.05153	0.0001	0.0001	0.0001	0.0001	0.0001	0.0001	0.0001	0.0001	0.0001	0.13765	0.02417	0.0001	0.0001	0.0001	0.0001	0.0001	0.0001	0.0001	0.0001	0.0001	0.0001	0.0001	0.0001	0.01601	0.0189	0.12768	0.0	0.11833	0.202	0.05811	0.09316	0.02297	0.04692	0.08024	0.07279	0.03088	0.05719	0.11117	0.0001	0.0001	0.0001	0.0	0.19604	0.0001	0.0001	0.0001	0.0001	0.01206	0.08295	0.1267	0.06189	0.0444	0.01686	0.0001	0.0001	0.0001	0.0001	0.01686	0.0001	0.09778	0.03265	0.03009	0.07995	0.02886	0.0001	0.0001	0.03256	0.03961	0.04867	0.01044	0.04282	0.00617	0.026	0.04435	0.04581	0.12879	
0.09354	0.11553	0.05595	6e-05	0.30568	0.40516	0.08575	0.04218	0.09299	0.03482	6e-05	0.01672	0.40516	0.06591	0.11704	0.01646	6e-05	6e-05	6e-05	6e-05	6e-05	6e-05	6e-05	6e-05	6e-05	0.01377	0.05901	6e-05	6e-05	6e-05	6e-05	6e-05	6e-05	6e-05	6e-05	6e-05	6e-05	6e-05	6e-05	0.03626	0.04814	0.13552	0.0	0.09553	0.07205	0.09298	0.16699	0.05962	0.08001	0.07817	0.07893	0.21816	0.00124	0.03652	6e-05	6e-05	6e-05	0.19604	0.0	6e-05	6e-05	6e-05	6e-05	0.02584	0.06288	0.02502	0.20233	0.02696	0.40516	6e-05	6e-05	6e-05	6e-05	0.40516	6e-05	2e-05	0.09128	0.21879	0.27926	0.01222	6e-05	6e-05	0.07129	0.11348	0.04806	0.0944	0.05955	0.01175	0.06913	0.02981	0.01182	0.07175	
2e-05	1e-05	1e-05	0.0	2e-05	0.0001	2e-05	1e-05	4e-05	4e-05	0.0	0.00013	0.0001	2e-05	3e-05	3e-05	0.0	0.0	0.0	0.0	0.0	0.0	0.0	0.0	0.0	6e-05	5e-05	0.0	0.0	0.0	0.0	0.0	0.0	0.0	0.0	0.0	0.0	0.0	0.0	8e-05	2e-05	5e-05	0.0	1e-05	1e-05	2e-05	1e-05	2e-05	1e-05	0.0	1e-05	2e-05	1e-05	1e-05	0.0	0.0	0.0	0.0001	6e-05	0.0	0.0	0.0	0.0	0.0001	4e-05	2e-05	0.0	9e-05	0.0001	0.0	0.0	0.0	0.0	0.0001	0.0	4e-05	1e-05	4e-05	2e-05	6e-05	0.0	0.0	3e-05	2e-05	1e-05	8e-05	1e-05	0.00018	2e-05	1e-05	0.0	1e-05	
2e-05	1e-05	1e-05	0.0	2e-05	0.0001	2e-05	1e-05	4e-05	4e-05	0.0	0.00013	0.0001	2e-05	3e-05	3e-05	0.0	0.0	0.0	0.0	0.0	0.0	0.0	0.0	0.0	6e-05	5e-05	0.0	0.0	0.0	0.0	0.0	0.0	0.0	0.0	0.0	0.0	0.0	0.0	8e-05	2e-05	5e-05	0.0	1e-05	1e-05	2e-05	1e-05	2e-05	1e-05	0.0	1e-05	2e-05	1e-05	1e-05	0.0	0.0	0.0	0.0001	6e-05	0.0	0.0	0.0	0.0	0.0001	4e-05	2e-05	0.0	9e-05	0.0001	0.0	0.0	0.0	0.0	0.0001	0.0	4e-05	1e-05	4e-05	2e-05	6e-05	0.0	0.0	3e-05	2e-05	1e-05	8e-05	1e-05	0.00018	2e-05	1e-05	0.0	1e-05	
2e-05	1e-05	1e-05	0.0	2e-05	0.0001	2e-05	1e-05	4e-05	4e-05	0.0	0.00013	0.0001	2e-05	3e-05	3e-05	0.0	0.0	0.0	0.0	0.0	0.0	0.0	0.0	0.0	6e-05	5e-05	0.0	0.0	0.0	0.0	0.0	0.0	0.0	0.0	0.0	0.0	0.0	0.0	8e-05	2e-05	5e-05	0.0	1e-05	1e-05	2e-05	1e-05	2e-05	1e-05	0.0	1e-05	2e-05	1e-05	1e-05	0.0	0.0	0.0	0.0001	6e-05	0.0	0.0	0.0	0.0	0.0001	4e-05	2e-05	0.0	9e-05	0.0001	0.0	0.0	0.0	0.0	0.0001	0.0	4e-05	1e-05	4e-05	2e-05	6e-05	0.0	0.0	3e-05	2e-05	1e-05	8e-05	1e-05	0.00018	2e-05	1e-05	0.0	1e-05	
2e-05	1e-05	1e-05	0.0	2e-05	0.0001	2e-05	1e-05	4e-05	4e-05	0.0	0.00013	0.0001	2e-05	3e-05	3e-05	0.0	0.0	0.0	0.0	0.0	0.0	0.0	0.0	0.0	6e-05	5e-05	0.0	0.0	0.0	0.0	0.0	0.0	0.0	0.0	0.0	0.0	0.0	0.0	8e-05	2e-05	5e-05	0.0	1e-05	1e-05	2e-05	1e-05	2e-05	1e-05	0.0	1e-05	2e-05	1e-05	1e-05	0.0	0.0	0.0	0.0001	6e-05	0.0	0.0	0.0	0.0	0.0001	4e-05	2e-05	0.0	9e-05	0.0001	0.0	0.0	0.0	0.0	0.0001	0.0	4e-05	1e-05	4e-05	2e-05	6e-05	0.0	0.0	3e-05	2e-05	1e-05	8e-05	1e-05	0.00018	2e-05	1e-05	0.0	1e-05	
0.12591	0.09419	0.06268	0.0001	0.05374	0.01868	0.11425	0.09044	0.11786	0.01655	0.0001	0.00909	0.01868	0.08349	0.31463	0.05815	0.0001	0.0001	0.0001	0.0001	0.0001	0.0001	0.0001	0.0001	0.0001	0.03485	0.02699	0.0001	0.0001	0.0001	0.0001	0.0001	0.0001	0.0001	0.0001	0.0001	0.0001	0.0001	0.0001	0.01772	0.40184	0.12345	0.0	0.05881	0.02432	0.06788	0.06262	0.26844	0.05357	0.06895	0.07429	0.25588	0.12936	0.20975	0.0001	0.0001	0.0001	0.01206	0.02584	0.0001	0.0001	0.0001	0.0001	0.0	0.06169	0.14609	0.05161	0.09026	0.01868	0.0001	0.0001	0.0001	0.0001	0.01868	0.0001	0.11116	0.28487	0.25856	0.07084	0.15967	0.0001	0.0001	0.11017	0.12353	0.10471	0.01151	0.24011	0.00667	0.13473	0.2438	0.0523	0.08478	
0.35019	0.19315	0.15126	4e-05	0.43089	0.10102	0.19364	0.24559	0.11018	0.09308	4e-05	0.04719	0.10102	0.47475	0.20675	0.32155	4e-05	4e-05	4e-05	4e-05	4e-05	4e-05	4e-05	4e-05	4e-05	0.54423	0.24735	4e-05	4e-05	4e-05	4e-05	4e-05	4e-05	4e-05	4e-05	4e-05	4e-05	4e-05	4e-05	0.14976	0.15056	1.19066	0.0	0.21134	0.17058	0.40796	0.13111	0.07669	0.37168	0.21122	0.1576	0.22997	0.28849	0.38973	4e-05	4e-05	4e-05	0.08295	0.06288	4e-05	4e-05	4e-05	4e-05	0.06169	0.0	0.08865	0.28061	0.62359	0.10102	4e-05	4e-05	4e-05	4e-05	0.10102	4e-05	0.34357	0.16295	0.4478	0.32779	0.10158	4e-05	4e-05	0.1209	0.13702	0.10852	0.05541	0.3261	0.03142	0.22853	0.10467	0.21862	0.09994	
0.05588	0.11598	0.049	2e-05	0.19894	0.04782	0.11025	0.1197	0.06943	0.04389	2e-05	0.01912	0.04782	0.22588	0.12856	0.12524	2e-05	2e-05	2e-05	2e-05	2e-05	2e-05	2e-05	2e-05	2e-05	0.07482	0.07673	2e-05	2e-05	2e-05	2e-05	2e-05	2e-05	2e-05	2e-05	2e-05	2e-05	2e-05	2e-05	0.03212	0.13539	0.20975	0.0	0.09674	0.1475	0.08656	0.02653	0.11676	0.08309	0.16515	0.14148	0.16163	0.09725	0.24755	2e-05	2e-05	2e-05	0.1267	0.02502	2e-05	2e-05	2e-05	2e-05	0.14609	0.08865	0.0	0.09468	0.00719	0.04782	2e-05	2e-05	2e-05	2e-05	0.04782	2e-05	0.26692	0.11284	0.15212	0.0973	0.02731	2e-05	2e-05	0.10985	0.11333	0.13084	0.02755	0.18176	0.01307	0.05547	0.09633	0.09357	0.08478	
0.2527	0.21248	0.20606	0.0	0.22788	0.11874	0.15589	0.16806	0.07376	0.22363	0.0	0.03085	0.11874	0.17847	0.08106	0.06062	0.0	0.0	0.0	0.0	0.0	0.0	0.0	0.0	0.0	0.28629	0.14654	0.0	0.0	0.0	0.0	0.0	0.0	0.0	0.0	0.0	0.0	0.0	0.0	0.10954	0.23516	0.58283	0.0	0.11833	0.20841	0.31398	0.10539	0.05752	0.28313	0.23399	0.18743	0.34555	0.11666	0.34358	0.0	0.0	0.0	0.06189	0.20233	0.0	0.0	0.0	0.0	0.05161	0.28061	0.09468	0.0	0.0531	0.11874	0.0	0.0	0.0	0.0	0.11874	0.0	0.12989	0.15983	0.22321	0.26665	0.03127	0.0	0.0	0.12634	0.13775	0.08955	0.08226	0.1477	0.02062	0.16677	0.18198	0.25088	0.21415	
0.08002	0.22393	0.11131	9e-05	0.18277	0.14517	0.14207	0.13811	0.04124	0.13116	9e-05	0.03126	0.14517	0.19864	0.24407	0.01751	9e-05	9e-05	9e-05	9e-05	9e-05	9e-05	9e-05	9e-05	9e-05	0.15493	0.12598	9e-05	9e-05	9e-05	9e-05	9e-05	9e-05	9e-05	9e-05	9e-05	9e-05	9e-05	9e-05	0.07264	0.204	0.42554	0.0	0.03693	0.07611	0.30177	0.0533	0.08767	0.13451	0.0978	0.09194	0.2412	0.04213	0.12275	9e-05	9e-05	9e-05	0.0444	0.02696	9e-05	9e-05	9e-05	9e-05	0.09026	0.62359	0.00719	0.0531	0.0	0.14517	9e-05	9e-05	9e-05	9e-05	0.14517	9e-05	0.0271	0.10636	0.6137	0.07875	0.08639	9e-05	9e-05	0.10198	0.16105	0.04291	0.07981	0.08773	0.02149	0.2871	0.11998	0.06191	0.05126	
0.06028	0.16024	0.10443	0.0001	0.31007	0.99992	0.19837	0.02459	0.06176	0.02431	0.0001	0.01241	0.99992	0.11319	0.07476	0.12126	0.0001	0.0001	0.0001	0.0001	0.0001	0.0001	0.0001	0.0001	0.0001	0.04504	0.04037	0.0001	0.0001	0.0001	0.0001	0.0001	0.0001	0.0001	0.0001	0.0001	0.0001	0.0001	0.0001	0.02563	0.03241	0.20512	0.0	0.10184	0.03781	0.14721	0.07197	0.03976	0.14203	0.1044	0.1096	0.35356	0.05505	0.0504	0.0001	0.0001	0.0001	0.01686	0.40516	0.0001	0.0001	0.0001	0.0001	0.01868	0.10102	0.04782	0.11874	0.14517	0.0	0.0001	0.0001	0.0001	0.0001	0.99992	0.0001	0.06481	0.05869	0.35726	0.15646	0.05087	0.0001	0.0001	0.18707	0.07197	0.10732	0.13879	0.12871	0.00889	0.04558	0.03531	0.06186	0.01073	
