0.0	4e-05	4e-05	4e-05	0.06817	0.15572	0.09849	0.06545	0.00718	0.08905	4e-05	4e-05	0.05379	4e-05	4e-05	4e-05	0.00749	0.10759	0.00919	4e-05	0.0903	0.09614	4e-05	4e-05	0.10975	0.08458	0.06449	0.17494	0.06754	0.06416	0.02037	0.01873	0.18651	0.01245	0.0	0.10975	0.05807	4e-05	0.02424	0.03646	0.1042	0.05807	0.08016	0.11268	0.09193	4e-05	0.00726	0.05807	0.05807	0.0	0.0	0.0	0.0	4e-05	0.08852	4e-05	4e-05	0.10465	0.00726	0.06545	0.02747	4e-05	4e-05	4e-05	0.02138	4e-05	0.11317	4e-05	0.10734	0.19135	0.05807	0.06045	0.0	0.04236	0.02503	0.05494	0.01446	0.06045	0.24368	0.09287	0.02616	0.06747	0.06019	0.09029	0.03109	0.0	0.084	0.04568	0.02004	0.26531	0.00811	0.06045	0.14766	0.0	0.11954	0.13104	0.12199	0.09291	0.08865	0.19081	0.05504	0.05909	0.11466	0.08071	0.13024	0.05379	0.01643	4e-05	4e-05	0.03793	4e-05	4e-05	0.00861	0.03793	0.04486	4e-05	0.06045	4e-05	0.09754	0.0	0.46189	0.02884	0.08193	0.0	0.12456	0.16063	0.13539	0.03195	0.125	0.03913	0.15577	0.15506	0.08896	0.16876	0.12199	0.10925	0.16405	0.14913	0.10607	0.07003	4e-05	0.01914	0.09604	0.06045	0.10445	0.05599	0.03289	0.01451	0.08099	0.06155	0.02096	0.05807	0.03395	0.0624	0.17678	0.09331	0.0937	0.03793	0.0	0.03072	0.05807	4e-05	4e-05	4e-05	4e-05	4e-05	4e-05	0.10351	0.06155	0.14505	0.05642	0.01479	0.19343	0.06155	0.06155	0.08122	0.12199	0.16986	0.21202	0.21291	0.0	0.0	0.0	0.09307	0.10465	0.09384	0.10975	0.09862	0.07891	0.15313	4e-05	0.10587	0.01815	0.01471	0.06045	0.07569	4e-05	4e-05	0.02424	0.00646	0.06045	0.06045	4e-05	0.01659	0.00646	0.01131	0.06155	0.08943	0.05807	0.0387	0.12308	4e-05	4e-05	4e-05	0.0499	0.08305	
4e-05	0.0	0.0	0.0	0.00012	5e-05	8e-05	0.00012	9e-05	4e-05	0.0	0.0	0.00011	0.0	0.0	0.0	0.00022	6e-05	0.00011	0.0	6e-05	4e-05	0.0	0.0	6e-05	4e-05	0.00012	0.00014	3e-05	5e-05	5e-05	8e-05	3e-05	0.0	0.0	6e-05	0.00048	0.0	0.00021	2e-05	1e-05	0.00048	0.00011	0.0002	3e-05	0.0	9e-05	0.00048	0.00048	0.0	0.0	0.0	0.0	0.0	0.0002	0.0	0.0	4e-05	9e-05	0.00012	2e-05	0.0	0.0	0.0	5e-05	0.0	7e-05	0.0	5e-05	0.0	0.00048	0.00014	0.0	4e-05	0.00011	2e-05	0.0002	0.00014	0.00021	0.0	0.00021	4e-05	6e-05	2e-05	1e-05	0.0	2e-05	3e-05	9e-05	2e-05	8e-05	0.00014	3e-05	0.0	2e-05	4e-05	6e-05	1e-05	6e-05	3e-05	3e-05	3e-05	3e-05	1e-05	0.00015	0.00011	6e-05	0.0	0.0	0.00019	0.0	0.0	6e-05	0.00019	3e-05	0.0	0.00014	0.0	6e-05	0.0	2e-05	6e-05	8e-05	0.0	1e-05	1e-05	3e-05	1e-05	2e-05	4e-05	3e-05	5e-05	0.00013	2e-05	6e-05	4e-05	5e-05	3e-05	1e-05	2e-05	0.0	0.00014	9e-05	0.00014	0.00031	5e-05	0.0002	5e-05	5e-05	0.00011	0.00025	0.00048	0.00026	6e-05	5e-05	9e-05	2e-05	0.00019	0.0	8e-05	0.00048	0.0	0.0	0.0	0.0	0.0	0.0	4e-05	0.00011	1e-05	0.00019	5e-05	0.00018	0.00011	0.00011	3e-05	6e-05	0.0001	5e-05	3e-05	0.0	0.0	0.0	0.0002	4e-05	0.0002	6e-05	4e-05	7e-05	4e-05	0.0	5e-05	5e-05	0.00032	0.00014	9e-05	0.0	0.0	0.00021	0.00019	0.00014	0.00014	0.0	9e-05	0.00019	0.00012	0.00011	0.00018	0.00048	0.00014	2e-05	0.0	0.0	0.0	2e-05	3e-05	
4e-05	0.0	0.0	0.0	0.00012	5e-05	8e-05	0.00012	9e-05	4e-05	0.0	0.0	0.00011	0.0	0.0	0.0	0.00022	6e-05	0.00011	0.0	6e-05	4e-05	0.0	0.0	6e-05	4e-05	0.00012	0.00014	3e-05	5e-05	5e-05	8e-05	3e-05	0.0	0.0	6e-05	0.00048	0.0	0.00021	2e-05	1e-05	0.00048	0.00011	0.0002	3e-05	0.0	9e-05	0.00048	0.00048	0.0	0.0	0.0	0.0	0.0	0.0002	0.0	0.0	4e-05	9e-05	0.00012	2e-05	0.0	0.0	0.0	5e-05	0.0	7e-05	0.0	5e-05	0.0	0.00048	0.00014	0.0	4e-05	0.00011	2e-05	0.0002	0.00014	0.00021	0.0	0.00021	4e-05	6e-05	2e-05	1e-05	0.0	2e-05	3e-05	9e-05	2e-05	8e-05	0.00014	3e-05	0.0	2e-05	4e-05	6e-05	1e-05	6e-05	3e-05	3e-05	3e-05	3e-05	1e-05	0.00015	0.00011	6e-05	0.0	0.0	0.00019	0.0	0.0	6e-05	0.00019	3e-05	0.0	0.00014	0.0	6e-05	0.0	2e-05	6e-05	8e-05	0.0	1e-05	1e-05	3e-05	1e-05	2e-05	4e-05	3e-05	5e-05	0.00013	2e-05	6e-05	4e-05	5e-05	3e-05	1e-05	2e-05	0.0	0.00014	9e-05	0.00014	0.00031	5e-05	0.0002	5e-05	5e-05	0.00011	0.00025	0.00048	0.00026	6e-05	5e-05	9e-05	2e-05	0.00019	0.0	8e-05	0.00048	0.0	0.0	0.0	0.0	0.0	0.0	4e-05	0.00011	1e-05	0.00019	5e-05	0.00018	0.00011	0.00011	3e-05	6e-05	0.0001	5e-05	3e-05	0.0	0.0	0.0	0.0002	4e-05	0.0002	6e-05	4e-05	7e-05	4e-05	0.0	5e-05	5e-05	0.00032	0.00014	9e-05	0.0	0.0	0.00021	0.00019	0.00014	0.00014	0.0	9e-05	0.00019	0.00012	0.00011	0.00018	0.00048	0.00014	2e-05	0.0	0.0	0.0	2e-05	3e-05	
4e-05	0.0	0.0	0.0	0.00012	5e-05	8e-05	0.00012	9e-05	4e-05	0.0	0.0	0.00011	0.0	0.0	0.0	0.00022	6e-05	0.00011	0.0	6e-05	4e-05	0.0	0.0	6e-05	4e-05	0.00012	0.00014	3e-05	5e-05	5e-05	8e-05	3e-05	0.0	0.0	6e-05	0.00048	0.0	0.00021	2e-05	1e-05	0.00048	0.00011	0.0002	3e-05	0.0	9e-05	0.00048	0.00048	0.0	0.0	0.0	0.0	0.0	0.0002	0.0	0.0	4e-05	9e-05	0.00012	2e-05	0.0	0.0	0.0	5e-05	0.0	7e-05	0.0	5e-05	0.0	0.00048	0.00014	0.0	4e-05	0.00011	2e-05	0.0002	0.00014	0.00021	0.0	0.00021	4e-05	6e-05	2e-05	1e-05	0.0	2e-05	3e-05	9e-05	2e-05	8e-05	0.00014	3e-05	0.0	2e-05	4e-05	6e-05	1e-05	6e-05	3e-05	3e-05	3e-05	3e-05	1e-05	0.00015	0.00011	6e-05	0.0	0.0	0.00019	0.0	0.0	6e-05	0.00019	3e-05	0.0	0.00014	0.0	6e-05	0.0	2e-05	6e-05	8e-05	0.0	1e-05	1e-05	3e-05	1e-05	2e-05	4e-05	3e-05	5e-05	0.00013	2e-05	6e-05	4e-05	5e-05	3e-05	1e-05	2e-05	0.0	0.00014	9e-05	0.00014	0.00031	5e-05	0.0002	5e-05	5e-05	0.00011	0.00025	0.00048	0.00026	6e-05	5e-05	9e-05	2e-05	0.00019	0.0	8e-05	0.00048	0.0	0.0	0.0	0.0	0.0	0.0	4e-05	0.00011	1e-05	0.00019	5e-05	0.00018	0.00011	0.00011	3e-05	6e-05	0.0001	5e-05	3e-05	0.0	0.0	0.0	0.0002	4e-05	0.0002	6e-05	4e-05	7e-05	4e-05	0.0	5e-05	5e-05	0.00032	0.00014	9e-05	0.0	0.0	0.00021	0.00019	0.00014	0.00014	0.0	9e-05	0.00019	0.00012	0.00011	0.00018	0.00048	0.00014	2e-05	0.0	0.0	0.0	2e-05	3e-05	
0.06817	0.00012	0.00012	0.00012	0.0	0.12838	0.04967	0.01221	0.02174	0.01751	0.00012	0.00012	0.01306	0.00012	0.00012	0.00012	0.02113	0.04888	0.01402	0.00012	0.01435	0.01962	0.00012	0.00012	0.02013	0.03239	0.03034	0.03242	0.01154	0.00338	0.0084	0.02732	0.04123	0.00216	0.0	0.02013	0.01133	0.00012	0.00706	0.0239	0.01305	0.01133	0.07744	0.01672	0.01728	0.00012	0.02087	0.01133	0.01133	0.0	0.0	0.0	0.0	0.00012	0.0173	0.00012	0.00012	0.01584	0.02087	0.01221	0.04897	0.00012	0.00012	0.00012	0.00077	0.00012	0.02247	0.00012	0.05632	0.02752	0.01133	0.01426	0.0	0.02659	0.01906	0.08088	0.02665	0.01426	0.01005	0.0645	0.00815	0.03682	0.02478	0.04795	0.02446	0.0	0.1214	0.03838	0.02335	0.0426	0.01992	0.01426	0.02487	0.0	0.11277	0.02271	0.0237	0.02237	0.01753	0.02919	0.02827	0.0192	0.0523	0.04137	0.02812	0.01306	0.0152	0.00012	0.00012	0.36615	0.00012	0.00012	0.02367	0.36615	0.15561	0.00012	0.01426	0.00012	0.02464	0.0	0.18058	0.04041	0.02179	0.0	0.05019	0.02957	0.02385	0.21928	0.0268	0.08573	0.23667	0.03171	0.02155	0.03539	0.0237	0.03478	0.03138	0.02732	0.03916	0.13677	0.00012	0.03048	0.05871	0.01426	0.01835	0.15134	0.30853	0.03762	0.02528	0.01444	0.00628	0.01133	0.00744	0.02291	0.03075	0.01957	0.03842	0.36615	0.0	0.03036	0.01133	0.00012	0.00012	0.00012	0.00012	0.00012	0.00012	0.01934	0.01444	0.02025	0.02025	0.03745	0.01887	0.01444	0.01444	0.04588	0.0237	0.02103	0.03865	0.03883	0.0	0.0	0.0	0.01815	0.01584	0.01829	0.02013	0.01881	0.02285	0.01989	0.00012	0.02021	0.04037	0.00468	0.01426	0.0168	0.00012	0.00012	0.00706	0.01988	0.01426	0.01426	0.00012	0.01596	0.01988	0.06329	0.01444	0.01534	0.01133	0.01018	0.02088	0.00012	0.00012	0.00012	0.02654	0.02704	
0.15572	5e-05	5e-05	5e-05	0.12838	0.0	0.19708	0.12314	0.00823	0.0577	5e-05	5e-05	0.03727	5e-05	5e-05	5e-05	0.06751	0.04956	0.02324	5e-05	0.16888	0.10164	5e-05	5e-05	0.06925	0.02663	0.05979	0.1133	0.02557	0.06465	0.00221	0.05131	0.11149	0.0374	0.0	0.06925	0.03084	5e-05	0.01766	0.02437	0.08949	0.03084	0.1518	0.11636	0.05869	5e-05	0.06675	0.03084	0.03084	0.0	0.0	0.0	0.0	5e-05	0.05663	5e-05	5e-05	0.19747	0.06675	0.12314	0.07673	5e-05	5e-05	5e-05	0.01667	5e-05	0.07318	5e-05	0.1373	0.13146	0.03084	0.04151	0.0	0.12279	0.0202	0.03712	0.00149	0.04151	0.02757	0.0744	0.02156	0.07847	0.19084	0.06579	0.03836	0.0	0.05398	0.01813	0.03947	0.07439	0.00188	0.04151	0.08978	0.0	0.08147	0.08076	0.07821	0.12379	0.09894	0.08654	0.07482	0.11318	0.06363	0.06045	0.08183	0.03727	0.00183	5e-05	5e-05	0.071	5e-05	5e-05	9e-05	0.071	0.09848	5e-05	0.04151	5e-05	0.15984	0.0	0.22634	0.00028	0.12492	0.0	0.13279	0.11882	0.11159	0.15844	0.04881	0.00454	0.06265	0.04283	0.0042	0.05744	0.07821	0.05381	0.05557	0.12464	0.10786	0.05677	5e-05	0.00252	0.18358	0.04151	0.0069	0.03033	0.06159	0.00948	0.10527	0.0422	0.01538	0.03084	0.01874	0.08159	0.10806	0.06158	0.07584	0.071	0.0	0.10628	0.03084	5e-05	5e-05	5e-05	5e-05	5e-05	5e-05	0.06579	0.0422	0.09924	0.06909	0.00488	0.03208	0.0422	0.0422	0.10621	0.07821	0.02715	0.09104	0.09144	0.0	0.0	0.0	0.06017	0.19747	0.06076	0.06925	0.11871	0.07472	0.06644	5e-05	0.06772	0.03357	0.01095	0.04151	0.05097	5e-05	5e-05	0.01766	0.0626	0.04151	0.04151	5e-05	0.04067	0.0626	4e-05	0.0422	0.04537	0.03084	0.02745	0.17073	5e-05	5e-05	5e-05	0.07978	0.08918	
0.09849	8e-05	8e-05	8e-05	0.04967	0.19708	0.0	0.04781	0.10132	0.1472	8e-05	8e-05	0.08898	8e-05	8e-05	8e-05	0.17446	0.14086	0.00029	8e-05	0.06356	0.12753	8e-05	8e-05	0.11746	0.04459	0.09256	0.02044	0.06647	0.03413	0.01306	0.0089	0.02665	0.00955	0.0	0.11746	0.07228	8e-05	0.04013	0.07986	0.21235	0.07228	0.05776	0.0919	0.09633	8e-05	5e-05	0.07228	0.07228	0.0	0.0	0.0	0.0	8e-05	0.14395	8e-05	8e-05	0.07265	5e-05	0.04781	0.05235	8e-05	8e-05	8e-05	0.03267	8e-05	0.00112	8e-05	0.09918	0.1606	0.07228	0.05827	0.0	0.02768	0.10684	0.06456	0.05422	0.05827	0.06917	0.02697	0.05339	0.12071	0.11241	0.01895	0.04237	0.0	0.11125	0.03895	0.01039	0.14946	0.09033	0.05827	0.05352	0.0	0.06297	0.07414	0.00329	0.09204	0.10835	0.08657	0.03333	0.04503	0.05047	0.07686	0.07283	0.08898	0.00851	8e-05	8e-05	0.02853	8e-05	8e-05	0.00336	0.02853	0.15105	8e-05	0.05827	8e-05	0.19035	0.0	0.08182	0.03111	0.04574	0.0	0.08521	0.07868	0.08824	0.07878	0.02984	0.01009	0.02787	0.0496	0.00221	0.04596	0.00329	0.05925	0.17404	0.02934	0.0433	0.04632	8e-05	0.03599	0.06824	0.05827	0.00681	0.15607	0.02489	0.01105	0.09047	0.102	0.03473	0.07228	0.02567	0.12845	0.02966	0.00108	0.03265	0.02853	0.0	0.02765	0.07228	8e-05	8e-05	8e-05	8e-05	8e-05	8e-05	0.1723	0.102	0.02475	0.10764	0.00095	0.05396	0.102	0.102	0.1314	0.00329	0.00353	0.05095	0.13091	0.0	0.0	0.0	0.09807	0.07265	0.15638	0.11746	0.11267	0.06078	0.17331	8e-05	0.02319	0.0006	0.01485	0.05827	0.04338	8e-05	8e-05	0.04013	0.15961	0.05827	0.05827	8e-05	0.00253	0.15961	0.08208	0.102	0.0118	0.07228	0.005	0.11949	8e-05	8e-05	8e-05	0.11536	0.07176	
0.06545	0.00012	0.00012	0.00012	0.01221	0.12314	0.04781	0.0	0.26387	0.01691	0.00012	0.00012	0.01267	0.00012	0.00012	0.00012	0.02043	0.06497	0.0136	0.00012	0.01388	0.019	0.00012	0.00012	0.01942	0.11641	0.084	0.14075	0.0825	0.08504	0.11028	0.25473	0.03974	0.0023	0.0	0.01942	0.01102	0.00012	0.00688	0.02303	0.04227	0.01102	0.01372	0.52835	0.01667	0.00012	0.02018	0.01102	0.01102	0.0	0.0	0.0	0.0	0.00012	0.01672	0.00012	0.00012	0.55861	0.02018	0.9997	0.07221	0.00012	0.00012	0.00012	0.08622	0.00012	0.02171	0.00012	0.01918	0.27112	0.01102	0.01383	0.0	0.02561	0.02409	0.04185	0.02574	0.01383	0.00984	0.05368	0.008	0.38616	0.33027	0.0752	0.02872	0.0	0.09988	0.12002	0.46748	0.02354	0.01927	0.01383	0.02396	0.0	0.03001	0.02189	0.0229	0.3177	0.01693	0.26574	0.02724	0.45609	0.2194	0.07843	0.02714	0.01267	0.03122	0.00012	0.00012	0.00788	0.00012	0.00012	0.02286	0.00788	0.14615	0.00012	0.01383	0.00012	0.03118	0.0	0.06019	0.10454	0.32598	0.0	0.17375	0.02842	0.02295	0.0238	0.05934	0.04451	0.02486	0.08642	0.02088	0.08834	0.0229	0.03345	0.03017	0.02632	0.09487	0.10847	0.00012	0.16855	0.46738	0.01383	0.0178	0.02913	0.00705	0.11431	0.01588	0.014	0.00613	0.01102	0.00725	0.02208	0.02967	0.01893	0.31142	0.00788	0.0	0.02929	0.01102	0.00012	0.00012	0.00012	0.00012	0.00012	0.00012	0.01866	0.014	0.22351	0.01954	0.115	0.01822	0.014	0.014	0.21134	0.0229	0.40196	0.16029	0.15966	0.0	0.0	0.0	0.01753	0.55861	0.01766	0.01942	0.46501	0.02208	0.0192	0.00012	0.01951	0.10431	0.00458	0.01383	0.01627	0.00012	0.00012	0.00688	0.01923	0.01383	0.01383	0.00012	0.47489	0.01923	0.01795	0.014	0.01487	0.01102	0.0099	0.34289	0.00012	0.00012	0.00012	0.08714	0.27678	
0.00718	9e-05	9e-05	9e-05	0.02174	0.00823	0.10132	0.26387	0.0	0.0331	9e-05	9e-05	0.02269	9e-05	9e-05	9e-05	0.03911	0.15599	0.02461	9e-05	0.02633	0.03733	9e-05	9e-05	0.23483	0.30491	0.38483	0.01302	0.19795	0.00069	0.26055	0.04507	0.02829	0.00292	0.0	0.23483	0.01911	9e-05	0.01131	0.04724	0.18701	0.01911	0.02486	0.19728	0.23379	9e-05	0.11439	0.01911	0.01911	0.0	0.0	0.0	0.0	9e-05	0.03257	9e-05	9e-05	0.20229	0.11439	0.26387	0.16377	9e-05	9e-05	9e-05	0.19573	9e-05	0.09492	9e-05	0.23635	0.14607	0.01911	0.34107	0.0	0.05283	0.04883	0.02313	0.05081	0.34107	0.01668	0.12123	0.01316	0.41734	0.36148	0.05831	0.07925	0.0	0.13352	0.30609	0.11067	0.04969	0.12841	0.34107	0.08103	0.0	0.06504	0.13032	0.0828	0.15333	0.03313	0.29193	0.09847	0.18489	0.25479	0.19224	0.12997	0.02269	0.03533	9e-05	9e-05	0.01318	9e-05	9e-05	0.04458	0.01318	0.39578	9e-05	0.34107	9e-05	0.06528	0.0	0.26621	0.13056	0.1549	0.0	0.12233	0.08039	0.12631	0.05009	0.08778	0.09927	0.05388	0.22136	0.03989	0.21902	0.0828	0.20451	0.05185	0.05818	0.13905	0.05791	9e-05	0.02009	0.11662	0.34107	0.03318	0.06421	0.01162	0.27194	0.03063	0.02544	0.00992	0.01911	0.01197	0.12661	0.04102	0.13455	0.24857	0.01318	0.0	0.04266	0.01911	9e-05	9e-05	9e-05	9e-05	9e-05	9e-05	0.0372	0.02544	0.24272	0.15117	0.00621	0.03599	0.02544	0.02544	0.06669	0.0828	0.09205	0.36477	0.04524	0.0	0.0	0.0	0.25046	0.20229	0.03471	0.23483	0.18641	0.04284	0.03784	9e-05	0.11863	0.00383	0.00718	0.34107	0.03024	9e-05	9e-05	0.01131	0.03651	0.34107	0.34107	9e-05	0.11892	0.03651	0.15435	0.02544	0.0272	0.01911	0.01709	0.15848	9e-05	9e-05	9e-05	0.22139	0.47022	
0.08905	4e-05	4e-05	4e-05	0.01751	0.0577	0.1472	0.01691	0.0331	0.0	4e-05	4e-05	0.26084	4e-05	4e-05	4e-05	0.27654	0.13097	0.01988	4e-05	0.02153	0.46784	4e-05	4e-05	0.39189	0.14165	0.05232	0.05196	0.31447	0.111	0.13068	0.25739	0.13898	0.00284	0.0	0.39189	0.01534	4e-05	0.00895	0.03918	0.07932	0.01534	0.02009	0.02575	0.02752	4e-05	0.03158	0.01534	0.01534	0.0	0.0	0.0	0.0	4e-05	0.2011	4e-05	4e-05	0.02423	0.03158	0.01691	0.10103	4e-05	4e-05	4e-05	0.11186	4e-05	0.13778	4e-05	0.03174	0.20652	0.01534	0.02026	0.0	0.0438	0.19112	0.31425	0.19815	0.02026	0.01349	0.09959	0.01065	0.04488	0.04478	0.10834	0.05171	0.0	0.08475	0.14383	0.17515	0.30648	0.02994	0.02026	0.11737	0.0	0.05439	0.36564	0.23142	0.31385	0.43453	0.27994	0.14468	0.03045	0.08306	0.32216	0.13451	0.26084	0.10353	4e-05	4e-05	0.01047	4e-05	4e-05	0.23192	0.01047	0.04554	4e-05	0.02026	4e-05	0.44902	0.0	0.16827	0.12736	0.03649	0.0	0.08889	0.28222	0.31844	0.3062	0.13394	0.17362	0.05588	0.11926	0.03256	0.11533	0.23142	0.13061	0.28507	0.16894	0.13071	0.15651	4e-05	0.18077	0.02334	0.02026	0.02702	0.33694	0.0092	0.13398	0.02517	0.59872	0.16943	0.01534	0.00948	0.36418	0.16532	0.03487	0.11674	0.01047	0.0	0.16796	0.01534	4e-05	4e-05	4e-05	4e-05	4e-05	4e-05	0.73641	0.59872	0.14627	0.03221	0.13455	0.0297	0.59872	0.59872	0.35885	0.23142	0.10464	0.09613	0.49241	0.0	0.0	0.0	0.02836	0.02423	0.42143	0.39189	0.41054	0.24408	0.42525	4e-05	0.1776	0.11454	0.00562	0.02026	0.4082	4e-05	4e-05	0.00895	0.15703	0.02026	0.02026	4e-05	0.02314	0.15703	0.02753	0.59872	0.02204	0.01534	0.01367	0.3309	4e-05	4e-05	4e-05	0.11856	0.18381	
4e-05	0.0	0.0	0.0	0.00012	5e-05	8e-05	0.00012	9e-05	4e-05	0.0	0.0	0.00011	0.0	0.0	0.0	0.00022	6e-05	0.00011	0.0	6e-05	4e-05	0.0	0.0	6e-05	4e-05	0.00012	0.00014	3e-05	5e-05	5e-05	8e-05	3e-05	0.0	0.0	6e-05	0.00048	0.0	0.00021	2e-05	1e-05	0.00048	0.00011	0.0002	3e-05	0.0	9e-05	0.00048	0.00048	0.0	0.0	0.0	0.0	0.0	0.0002	0.0	0.0	4e-05	9e-05	0.00012	2e-05	0.0	0.0	0.0	5e-05	0.0	7e-05	0.0	5e-05	0.0	0.00048	0.00014	0.0	4e-05	0.00011	2e-05	0.0002	0.00014	0.00021	0.0	0.00021	4e-05	6e-05	2e-05	1e-05	0.0	2e-05	3e-05	9e-05	2e-05	8e-05	0.00014	3e-05	0.0	2e-05	4e-05	6e-05	1e-05	6e-05	3e-05	3e-05	3e-05	3e-05	1e-05	0.00015	0.00011	6e-05	0.0	0.0	0.00019	0.0	0.0	6e-05	0.00019	3e-05	0.0	0.00014	0.0	6e-05	0.0	2e-05	6e-05	8e-05	0.0	1e-05	1e-05	3e-05	1e-05	2e-05	4e-05	3e-05	5e-05	0.00013	2e-05	6e-05	4e-05	5e-05	3e-05	1e-05	2e-05	0.0	0.00014	9e-05	0.00014	0.00031	5e-05	0.0002	5e-05	5e-05	0.00011	0.00025	0.00048	0.00026	6e-05	5e-05	9e-05	2e-05	0.00019	0.0	8e-05	0.00048	0.0	0.0	0.0	0.0	0.0	0.0	4e-05	0.00011	1e-05	0.00019	5e-05	0.00018	0.00011	0.00011	3e-05	6e-05	0.0001	5e-05	3e-05	0.0	0.0	0.0	0.0002	4e-05	0.0002	6e-05	4e-05	7e-05	4e-05	0.0	5e-05	5e-05	0.00032	0.00014	9e-05	0.0	0.0	0.00021	0.00019	0.00014	0.00014	0.0	9e-05	0.00019	0.00012	0.00011	0.00018	0.00048	0.00014	2e-05	0.0	0.0	0.0	2e-05	3e-05	
4e-05	0.0	0.0	0.0	0.00012	5e-05	8e-05	0.00012	9e-05	4e-05	0.0	0.0	0.00011	0.0	0.0	0.0	0.00022	6e-05	0.00011	0.0	6e-05	4e-05	0.0	0.0	6e-05	4e-05	0.00012	0.00014	3e-05	5e-05	5e-05	8e-05	3e-05	0.0	0.0	6e-05	0.00048	0.0	0.00021	2e-05	1e-05	0.00048	0.00011	0.0002	3e-05	0.0	9e-05	0.00048	0.00048	0.0	0.0	0.0	0.0	0.0	0.0002	0.0	0.0	4e-05	9e-05	0.00012	2e-05	0.0	0.0	0.0	5e-05	0.0	7e-05	0.0	5e-05	0.0	0.00048	0.00014	0.0	4e-05	0.00011	2e-05	0.0002	0.00014	0.00021	0.0	0.00021	4e-05	6e-05	2e-05	1e-05	0.0	2e-05	3e-05	9e-05	2e-05	8e-05	0.00014	3e-05	0.0	2e-05	4e-05	6e-05	1e-05	6e-05	3e-05	3e-05	3e-05	3e-05	1e-05	0.00015	0.00011	6e-05	0.0	0.0	0.00019	0.0	0.0	6e-05	0.00019	3e-05	0.0	0.00014	0.0	6e-05	0.0	2e-05	6e-05	8e-05	0.0	1e-05	1e-05	3e-05	1e-05	2e-05	4e-05	3e-05	5e-05	0.00013	2e-05	6e-05	4e-05	5e-05	3e-05	1e-05	2e-05	0.0	0.00014	9e-05	0.00014	0.00031	5e-05	0.0002	5e-05	5e-05	0.00011	0.00025	0.00048	0.00026	6e-05	5e-05	9e-05	2e-05	0.00019	0.0	8e-05	0.00048	0.0	0.0	0.0	0.0	0.0	0.0	4e-05	0.00011	1e-05	0.00019	5e-05	0.00018	0.00011	0.00011	3e-05	6e-05	0.0001	5e-05	3e-05	0.0	0.0	0.0	0.0002	4e-05	0.0002	6e-05	4e-05	7e-05	4e-05	0.0	5e-05	5e-05	0.00032	0.00014	9e-05	0.0	0.0	0.00021	0.00019	0.00014	0.00014	0.0	9e-05	0.00019	0.00012	0.00011	0.00018	0.00048	0.00014	2e-05	0.0	0.0	0.0	2e-05	3e-05	
0.05379	0.00011	0.00011	0.00011	0.01306	0.03727	0.08898	0.01267	0.02269	0.26084	0.00011	0.00011	0.0	0.00011	0.00011	0.00011	0.02204	0.14635	0.01457	0.00011	0.01496	0.57665	0.00011	0.00011	0.02106	0.034	0.03201	0.03393	0.04356	0.05006	0.04052	0.0287	0.04339	0.0026	0.0	0.02106	0.01174	0.00011	0.00728	0.02504	0.0464	0.01174	0.0147	0.01746	0.01807	0.00011	0.02178	0.01174	0.01174	0.0	0.0	0.0	0.0	0.00011	0.54567	0.00011	0.00011	0.01654	0.02178	0.01267	0.05144	0.00011	0.00011	0.00011	0.04948	0.00011	0.27737	0.00011	0.0208	0.02901	0.01174	0.01482	0.0	0.02786	0.02615	0.04578	0.02786	0.01482	0.01054	0.05888	0.00856	0.02851	0.02948	0.03078	0.03141	0.0	0.04918	0.04038	0.02461	0.02567	0.02077	0.01482	0.19702	0.0	0.03282	0.02379	0.02475	0.02347	0.01831	0.03067	0.0385	0.02008	0.02119	0.08651	0.02392	0.99972	0.15479	0.00011	0.00011	0.00836	0.00011	0.00011	0.02471	0.00836	0.02903	0.00011	0.01482	0.00011	0.0347	0.0	0.09733	0.01983	0.02285	0.0	0.0643	0.02421	0.02111	0.08392	0.04301	0.02661	0.03185	0.03359	0.02256	0.00777	0.02475	0.03652	0.03299	0.02864	0.04125	0.03511	0.00011	0.03193	0.01674	0.01482	0.01916	0.03177	0.00746	0.03941	0.01718	0.01501	0.23675	0.01174	0.00768	0.024	0.03218	0.09254	0.04036	0.00836	0.0	0.03177	0.01174	0.00011	0.00011	0.00011	0.00011	0.00011	0.00011	0.48246	0.01501	0.04457	0.02118	0.03923	0.01973	0.01501	0.01501	0.02472	0.02475	0.21662	0.10231	0.10182	0.0	0.0	0.0	0.01896	0.01654	0.01911	0.02106	0.01966	0.02385	0.12134	0.00011	0.2949	0.02318	0.00481	0.01482	0.01749	0.00011	0.00011	0.00728	0.34927	0.01482	0.01482	0.00011	0.01661	0.34927	0.01932	0.01501	0.01595	0.01174	0.01054	0.02189	0.00011	0.00011	0.00011	0.06125	0.0284	
4e-05	0.0	0.0	0.0	0.00012	5e-05	8e-05	0.00012	9e-05	4e-05	0.0	0.0	0.00011	0.0	0.0	0.0	0.00022	6e-05	0.00011	0.0	6e-05	4e-05	0.0	0.0	6e-05	4e-05	0.00012	0.00014	3e-05	5e-05	5e-05	8e-05	3e-05	0.0	0.0	6e-05	0.00048	0.0	0.00021	2e-05	1e-05	0.00048	0.00011	0.0002	3e-05	0.0	9e-05	0.00048	0.00048	0.0	0.0	0.0	0.0	0.0	0.0002	0.0	0.0	4e-05	9e-05	0.00012	2e-05	0.0	0.0	0.0	5e-05	0.0	7e-05	0.0	5e-05	0.0	0.00048	0.00014	0.0	4e-05	0.00011	2e-05	0.0002	0.00014	0.00021	0.0	0.00021	4e-05	6e-05	2e-05	1e-05	0.0	2e-05	3e-05	9e-05	2e-05	8e-05	0.00014	3e-05	0.0	2e-05	4e-05	6e-05	1e-05	6e-05	3e-05	3e-05	3e-05	3e-05	1e-05	0.00015	0.00011	6e-05	0.0	0.0	0.00019	0.0	0.0	6e-05	0.00019	3e-05	0.0	0.00014	0.0	6e-05	0.0	2e-05	6e-05	8e-05	0.0	1e-05	1e-05	3e-05	1e-05	2e-05	4e-05	3e-05	5e-05	0.00013	2e-05	6e-05	4e-05	5e-05	3e-05	1e-05	2e-05	0.0	0.00014	9e-05	0.00014	0.00031	5e-05	0.0002	5e-05	5e-05	0.00011	0.00025	0.00048	0.00026	6e-05	5e-05	9e-05	2e-05	0.00019	0.0	8e-05	0.00048	0.0	0.0	0.0	0.0	0.0	0.0	4e-05	0.00011	1e-05	0.00019	5e-05	0.00018	0.00011	0.00011	3e-05	6e-05	0.0001	5e-05	3e-05	0.0	0.0	0.0	0.0002	4e-05	0.0002	6e-05	4e-05	7e-05	4e-05	0.0	5e-05	5e-05	0.00032	0.00014	9e-05	0.0	0.0	0.00021	0.00019	0.00014	0.00014	0.0	9e-05	0.00019	0.00012	0.00011	0.00018	0.00048	0.00014	2e-05	0.0	0.0	0.0	2e-05	3e-05	
4e-05	0.0	0.0	0.0	0.00012	5e-05	8e-05	0.00012	9e-05	4e-05	0.0	0.0	0.00011	0.0	0.0	0.0	0.00022	6e-05	0.00011	0.0	6e-05	4e-05	0.0	0.0	6e-05	4e-05	0.00012	0.00014	3e-05	5e-05	5e-05	8e-05	3e-05	0.0	0.0	6e-05	0.00048	0.0	0.00021	2e-05	1e-05	0.00048	0.00011	0.0002	3e-05	0.0	9e-05	0.00048	0.00048	0.0	0.0	0.0	0.0	0.0	0.0002	0.0	0.0	4e-05	9e-05	0.00012	2e-05	0.0	0.0	0.0	5e-05	0.0	7e-05	0.0	5e-05	0.0	0.00048	0.00014	0.0	4e-05	0.00011	2e-05	0.0002	0.00014	0.00021	0.0	0.00021	4e-05	6e-05	2e-05	1e-05	0.0	2e-05	3e-05	9e-05	2e-05	8e-05	0.00014	3e-05	0.0	2e-05	4e-05	6e-05	1e-05	6e-05	3e-05	3e-05	3e-05	3e-05	1e-05	0.00015	0.00011	6e-05	0.0	0.0	0.00019	0.0	0.0	6e-05	0.00019	3e-05	0.0	0.00014	0.0	6e-05	0.0	2e-05	6e-05	8e-05	0.0	1e-05	1e-05	3e-05	1e-05	2e-05	4e-05	3e-05	5e-05	0.00013	2e-05	6e-05	4e-05	5e-05	3e-05	1e-05	2e-05	0.0	0.00014	9e-05	0.00014	0.00031	5e-05	0.0002	5e-05	5e-05	0.00011	0.00025	0.00048	0.00026	6e-05	5e-05	9e-05	2e-05	0.00019	0.0	8e-05	0.00048	0.0	0.0	0.0	0.0	0.0	0.0	4e-05	0.00011	1e-05	0.00019	5e-05	0.00018	0.00011	0.00011	3e-05	6e-05	0.0001	5e-05	3e-05	0.0	0.0	0.0	0.0002	4e-05	0.0002	6e-05	4e-05	7e-05	4e-05	0.0	5e-05	5e-05	0.00032	0.00014	9e-05	0.0	0.0	0.00021	0.00019	0.00014	0.00014	0.0	9e-05	0.00019	0.00012	0.00011	0.00018	0.00048	0.00014	2e-05	0.0	0.0	0.0	2e-05	3e-05	
4e-05	0.0	0.0	0.0	0.00012	5e-05	8e-05	0.00012	9e-05	4e-05	0.0	0.0	0.00011	0.0	0.0	0.0	0.00022	6e-05	0.00011	0.0	6e-05	4e-05	0.0	0.0	6e-05	4e-05	0.00012	0.00014	3e-05	5e-05	5e-05	8e-05	3e-05	0.0	0.0	6e-05	0.00048	0.0	0.00021	2e-05	1e-05	0.00048	0.00011	0.0002	3e-05	0.0	9e-05	0.00048	0.00048	0.0	0.0	0.0	0.0	0.0	0.0002	0.0	0.0	4e-05	9e-05	0.00012	2e-05	0.0	0.0	0.0	5e-05	0.0	7e-05	0.0	5e-05	0.0	0.00048	0.00014	0.0	4e-05	0.00011	2e-05	0.0002	0.00014	0.00021	0.0	0.00021	4e-05	6e-05	2e-05	1e-05	0.0	2e-05	3e-05	9e-05	2e-05	8e-05	0.00014	3e-05	0.0	2e-05	4e-05	6e-05	1e-05	6e-05	3e-05	3e-05	3e-05	3e-05	1e-05	0.00015	0.00011	6e-05	0.0	0.0	0.00019	0.0	0.0	6e-05	0.00019	3e-05	0.0	0.00014	0.0	6e-05	0.0	2e-05	6e-05	8e-05	0.0	1e-05	1e-05	3e-05	1e-05	2e-05	4e-05	3e-05	5e-05	0.00013	2e-05	6e-05	4e-05	5e-05	3e-05	1e-05	2e-05	0.0	0.00014	9e-05	0.00014	0.00031	5e-05	0.0002	5e-05	5e-05	0.00011	0.00025	0.00048	0.00026	6e-05	5e-05	9e-05	2e-05	0.00019	0.0	8e-05	0.00048	0.0	0.0	0.0	0.0	0.0	0.0	4e-05	0.00011	1e-05	0.00019	5e-05	0.00018	0.00011	0.00011	3e-05	6e-05	0.0001	5e-05	3e-05	0.0	0.0	0.0	0.0002	4e-05	0.0002	6e-05	4e-05	7e-05	4e-05	0.0	5e-05	5e-05	0.00032	0.00014	9e-05	0.0	0.0	0.00021	0.00019	0.00014	0.00014	0.0	9e-05	0.00019	0.00012	0.00011	0.00018	0.00048	0.00014	2e-05	0.0	0.0	0.0	2e-05	3e-05	
0.00749	0.00022	0.00022	0.00022	0.02113	0.06751	0.17446	0.02043	0.03911	0.27654	0.00022	0.00022	0.02204	0.00022	0.00022	0.00022	0.0	0.07154	0.02388	0.00022	0.02547	0.05812	0.00022	0.00022	0.25197	0.05166	0.09688	0.00785	0.25789	0.01275	0.02603	0.10943	0.0351	0.00485	0.0	0.25197	0.24298	0.00022	0.01108	0.04544	0.06258	0.24298	0.02412	0.17738	0.03206	0.00022	0.04263	0.24298	0.24298	0.0	0.0	0.0	0.0	0.00022	0.17481	0.00022	0.00022	0.02854	0.04263	0.02043	0.01205	0.00022	0.00022	0.00022	0.01333	0.00022	0.04058	0.00022	0.03699	0.10479	0.24298	0.02432	0.0	0.05079	0.47238	0.25148	0.48805	0.02432	0.03551	0.07823	0.03522	0.04465	0.03578	0.10361	0.04597	0.0	0.0639	0.16479	0.05967	0.20196	0.03547	0.02432	0.04737	0.0	0.06232	0.23724	0.09617	0.20557	0.27643	0.18766	0.05377	0.03555	0.14393	0.19612	0.38587	0.02204	0.06083	0.00022	0.00022	0.01289	0.00022	0.00022	0.09652	0.01289	0.05287	0.00022	0.02432	0.00022	0.52279	0.0	0.13191	0.25924	0.09362	0.0	0.01937	0.12729	0.20175	0.12328	0.11479	0.11224	0.05085	0.13386	0.03902	0.03594	0.09617	0.04342	0.19175	0.06663	0.06138	0.05109	0.00022	0.41922	0.02788	0.02432	0.07144	0.2218	0.01139	0.02827	0.02988	0.37187	0.00975	0.24298	0.01172	0.23644	0.04973	0.03475	0.03105	0.01289	0.0	0.37201	0.24298	0.00022	0.00022	0.00022	0.00022	0.00022	0.00022	0.25794	0.37187	0.07656	0.16548	0.02865	0.16916	0.37187	0.37187	0.2335	0.09617	0.03826	0.07819	0.23306	0.0	0.0	0.0	0.17159	0.02854	0.80104	0.25197	0.26261	0.10521	0.13972	0.00022	0.03714	0.02275	0.0071	0.02432	0.22581	0.00022	0.00022	0.01108	0.04973	0.02432	0.02432	0.00022	0.02765	0.04973	0.0327	0.37187	0.09946	0.24298	0.01666	0.21533	0.00022	0.00022	0.00022	0.04714	0.09734	
0.10759	6e-05	6e-05	6e-05	0.04888	0.04956	0.14086	0.06497	0.15599	0.13097	6e-05	6e-05	0.14635	6e-05	6e-05	6e-05	0.07154	0.0	0.01548	6e-05	0.07223	0.17525	6e-05	6e-05	0.11462	0.12441	0.17155	0.02845	0.06496	0.06968	0.05932	0.03642	0.07461	0.00229	0.0	0.11462	0.11305	6e-05	0.02251	0.10132	0.15014	0.11305	0.05765	0.15519	0.1145	6e-05	0.09293	0.11305	0.11305	0.0	0.0	0.0	0.0	6e-05	0.3368	6e-05	6e-05	0.10909	0.09293	0.06497	0.0946	6e-05	6e-05	6e-05	0.12954	6e-05	0.11107	6e-05	0.09201	0.13685	0.11305	0.08127	0.0	0.06323	0.09281	0.05508	0.08611	0.08127	0.20021	0.13323	0.04462	0.09226	0.08927	0.11566	0.09937	0.0	0.11221	0.08539	0.11166	0.18134	0.03332	0.08127	0.10485	0.0	0.20653	0.07972	0.03133	0.13386	0.08944	0.16022	0.08558	0.07017	0.11087	0.19487	0.18711	0.14635	0.06618	6e-05	6e-05	0.02687	6e-05	6e-05	0.03123	0.02687	0.09084	6e-05	0.08127	6e-05	0.15428	0.0	0.5713	0.03643	0.12212	0.0	0.14501	0.08441	0.11689	0.11174	0.13334	0.05454	0.14632	0.22642	0.08864	0.1757	0.03133	0.20864	0.17966	0.07072	0.13516	0.06991	6e-05	0.01798	0.02903	0.08127	0.07203	0.08569	0.02324	0.05908	0.04564	0.05932	0.04897	0.11305	0.03276	0.14138	0.04363	0.08128	0.13591	0.02687	0.0	0.0173	0.11305	6e-05	6e-05	6e-05	6e-05	6e-05	6e-05	0.17251	0.05932	0.12827	0.12638	0.06325	0.22314	0.05932	0.05932	0.07005	0.03133	0.17574	0.31227	0.21794	0.0	0.0	0.0	0.16807	0.10909	0.14569	0.11462	0.10252	0.07965	0.15915	6e-05	0.12457	0.01227	0.01349	0.08127	0.07373	6e-05	6e-05	0.02251	0.36698	0.08127	0.08127	6e-05	0.0964	0.36698	0.03709	0.05932	0.08167	0.11305	0.01272	0.13377	6e-05	6e-05	6e-05	0.11857	0.17984	
0.00919	0.00011	0.00011	0.00011	0.01402	0.02324	0.00029	0.0136	0.02461	0.01988	0.00011	0.00011	0.01457	0.00011	0.00011	0.00011	0.02388	0.01548	0.0	0.00011	0.27449	0.02249	0.00011	0.00011	0.02296	0.0373	0.02525	0.02975	0.04791	0.05484	0.04428	0.04434	0.0773	0.1191	0.0	0.02296	0.01256	0.00011	0.00774	0.06472	0.0238	0.01256	0.18336	0.01895	0.12225	0.00011	0.0236	0.01256	0.01256	0.0	0.0	0.0	0.0	0.00011	0.01963	0.00011	0.00011	0.01794	0.0236	0.0136	0.00889	0.00011	0.00011	0.00011	0.05419	0.00011	0.02545	0.00011	0.02267	0.03178	0.01256	0.01595	0.0	0.26338	0.12425	0.00817	0.04775	0.01595	0.01133	0.07516	0.24593	0.03122	0.03229	0.15337	0.02096	0.0	0.09318	0.03366	0.03843	0.02815	0.08997	0.01595	0.05958	0.0	0.10492	0.02598	0.02688	0.11075	0.23805	0.03372	0.03269	0.11478	0.0223	0.04802	0.03255	0.01457	0.03695	0.00011	0.00011	0.00891	0.00011	0.00011	0.02684	0.00891	0.03942	0.00011	0.01595	0.00011	0.03744	0.0	0.12943	0.04508	0.11431	0.0	0.01202	0.02294	0.16372	0.02845	0.04829	0.05377	0.11313	0.03752	0.049	0.04092	0.02688	0.0401	0.03627	0.03132	0.11786	0.00745	0.00011	0.0348	0.01806	0.01595	0.12037	0.03484	0.00794	0.02003	0.49683	0.01616	0.00686	0.01256	0.00816	0.02621	0.00405	0.02208	0.00691	0.00891	0.0	0.03462	0.01256	0.00011	0.00011	0.00011	0.00011	0.00011	0.00011	0.02203	0.01616	0.04923	0.02307	0.04287	0.02146	0.01616	0.01616	0.02702	0.02688	0.02397	0.03059	0.03071	0.0	0.0	0.0	0.02061	0.01794	0.02078	0.02296	0.02141	0.02589	0.02261	0.00011	0.02298	0.04627	0.00509	0.01595	0.01889	0.00011	0.00011	0.00774	0.02243	0.01595	0.01595	0.00011	0.04227	0.02243	0.0209	0.01616	0.01719	0.01256	0.11198	0.02395	0.00011	0.00011	0.00011	0.0356	0.05614	
4e-05	0.0	0.0	0.0	0.00012	5e-05	8e-05	0.00012	9e-05	4e-05	0.0	0.0	0.00011	0.0	0.0	0.0	0.00022	6e-05	0.00011	0.0	6e-05	4e-05	0.0	0.0	6e-05	4e-05	0.00012	0.00014	3e-05	5e-05	5e-05	8e-05	3e-05	0.0	0.0	6e-05	0.00048	0.0	0.00021	2e-05	1e-05	0.00048	0.00011	0.0002	3e-05	0.0	9e-05	0.00048	0.00048	0.0	0.0	0.0	0.0	0.0	0.0002	0.0	0.0	4e-05	9e-05	0.00012	2e-05	0.0	0.0	0.0	5e-05	0.0	7e-05	0.0	5e-05	0.0	0.00048	0.00014	0.0	4e-05	0.00011	2e-05	0.0002	0.00014	0.00021	0.0	0.00021	4e-05	6e-05	2e-05	1e-05	0.0	2e-05	3e-05	9e-05	2e-05	8e-05	0.00014	3e-05	0.0	2e-05	4e-05	6e-05	1e-05	6e-05	3e-05	3e-05	3e-05	3e-05	1e-05	0.00015	0.00011	6e-05	0.0	0.0	0.00019	0.0	0.0	6e-05	0.00019	3e-05	0.0	0.00014	0.0	6e-05	0.0	2e-05	6e-05	8e-05	0.0	1e-05	1e-05	3e-05	1e-05	2e-05	4e-05	3e-05	5e-05	0.00013	2e-05	6e-05	4e-05	5e-05	3e-05	1e-05	2e-05	0.0	0.00014	9e-05	0.00014	0.00031	5e-05	0.0002	5e-05	5e-05	0.00011	0.00025	0.00048	0.00026	6e-05	5e-05	9e-05	2e-05	0.00019	0.0	8e-05	0.00048	0.0	0.0	0.0	0.0	0.0	0.0	4e-05	0.00011	1e-05	0.00019	5e-05	0.00018	0.00011	0.00011	3e-05	6e-05	0.0001	5e-05	3e-05	0.0	0.0	0.0	0.0002	4e-05	0.0002	6e-05	4e-05	7e-05	4e-05	0.0	5e-05	5e-05	0.00032	0.00014	9e-05	0.0	0.0	0.00021	0.00019	0.00014	0.00014	0.0	9e-05	0.00019	0.00012	0.00011	0.00018	0.00048	0.00014	2e-05	0.0	0.0	0.0	2e-05	3e-05	
0.0903	6e-05	6e-05	6e-05	0.01435	0.16888	0.06356	0.01388	0.02633	0.02153	6e-05	6e-05	0.01496	6e-05	6e-05	6e-05	0.02547	0.07223	0.27449	6e-05	0.0	0.31733	6e-05	6e-05	0.0252	0.04209	0.0398	0.19393	0.05452	0.07914	0.0489	0.24158	0.15844	0.0	0.0	0.0252	0.01269	6e-05	0.00755	0.32415	0.116	0.01269	0.27091	0.02042	0.02158	6e-05	0.02517	0.01269	0.01269	0.0	0.0	0.0	0.0	6e-05	0.02122	6e-05	6e-05	0.32077	0.02517	0.01388	0.099	6e-05	6e-05	6e-05	0.07947	6e-05	0.0273	6e-05	0.18528	0.03625	0.01269	0.01649	0.0	0.25541	0.03145	0.05742	0.12147	0.01649	0.01129	0.08615	0.00901	0.03469	0.03501	0.21657	0.16237	0.0	0.10579	0.04943	0.02807	0.11963	0.16982	0.01649	0.03165	0.0	0.36919	0.02879	0.02894	0.16596	0.3055	0.03854	0.16803	0.18169	0.07364	0.07489	0.07722	0.01496	0.09964	6e-05	6e-05	0.00878	6e-05	6e-05	0.13606	0.00878	0.10277	6e-05	0.01649	6e-05	0.18968	0.0	0.09041	0.10011	0.17016	0.0	0.06983	0.03913	0.21784	0.03206	0.1068	0.12047	0.17339	0.07694	0.10556	0.20997	0.02894	0.04537	0.04143	0.25133	0.13253	0.04279	6e-05	0.03788	0.01887	0.01649	0.20516	0.03911	0.00775	0.08979	0.32995	0.01673	0.00663	0.01269	0.00799	0.02905	0.03835	0.02344	0.07876	0.00878	0.0	0.03781	0.01269	6e-05	6e-05	6e-05	6e-05	6e-05	6e-05	0.02411	0.01673	0.08269	0.02526	0.04728	0.17926	0.01673	0.01673	0.03001	0.02894	0.02524	0.11666	0.1165	0.0	0.0	0.0	0.02238	0.32077	0.02258	0.0252	0.02336	0.0278	0.02455	6e-05	0.02497	0.08539	0.00482	0.01649	0.01981	6e-05	6e-05	0.00755	0.02382	0.01649	0.01649	6e-05	0.01872	0.02382	0.02209	0.01673	0.01788	0.01269	0.01133	0.23181	6e-05	6e-05	6e-05	0.10636	0.10824	
0.09614	4e-05	4e-05	4e-05	0.01962	0.10164	0.12753	0.019	0.03733	0.46784	4e-05	4e-05	0.57665	4e-05	4e-05	4e-05	0.05812	0.17525	0.02249	4e-05	0.31733	0.0	4e-05	4e-05	0.13998	0.05909	0.06254	0.10661	0.16192	0.10767	0.06102	0.17311	0.11805	0.19	0.0	0.13998	0.01772	4e-05	0.01011	0.18799	0.10072	0.01772	0.02272	0.02926	0.03071	4e-05	0.03601	0.01772	0.01772	0.0	0.0	0.0	0.0	4e-05	0.40101	4e-05	4e-05	0.30106	0.03601	0.019	0.09912	4e-05	4e-05	4e-05	0.10845	4e-05	0.21228	4e-05	0.18051	0.069	0.01772	0.02258	0.0	0.05003	0.05112	0.16632	0.04971	0.02258	0.0153	0.10266	0.01224	0.05189	0.05364	0.09186	0.17275	0.0	0.10632	0.06464	0.02975	0.24447	0.03378	0.02258	0.17083	0.0	0.21659	0.13784	0.05517	0.12257	0.14671	0.1267	0.2405	0.03432	0.0641	0.25739	0.08122	0.57665	0.23583	4e-05	4e-05	0.01172	4e-05	4e-05	0.2779	0.01172	0.05207	4e-05	0.02258	4e-05	0.53277	0.0	0.14201	0.04825	0.04162	0.0	0.0953	0.13615	0.11598	0.13433	0.10787	0.25965	0.0475	0.06329	0.03704	0.20818	0.05517	0.06103	0.13258	0.30137	0.07578	0.05934	4e-05	0.05297	0.02628	0.02258	0.03133	0.14538	0.01035	0.05932	0.0286	0.18755	0.14497	0.01772	0.01054	0.13782	0.05329	0.07587	0.11405	0.01172	0.0	0.05181	0.01772	4e-05	4e-05	4e-05	4e-05	4e-05	4e-05	0.76313	0.18755	0.11238	0.03649	0.05943	0.17337	0.18755	0.18755	0.13773	0.05517	0.1634	0.20736	0.47499	0.0	0.0	0.0	0.03208	0.30106	0.14445	0.13998	0.14256	0.05698	0.17206	4e-05	0.23035	0.14622	0.00636	0.02258	0.09701	4e-05	4e-05	0.01011	0.25535	0.02258	0.02258	4e-05	0.02606	0.25535	0.03083	0.18755	0.02515	0.01772	0.01534	0.42405	4e-05	4e-05	4e-05	0.12687	0.06625	
4e-05	0.0	0.0	0.0	0.00012	5e-05	8e-05	0.00012	9e-05	4e-05	0.0	0.0	0.00011	0.0	0.0	0.0	0.00022	6e-05	0.00011	0.0	6e-05	4e-05	0.0	0.0	6e-05	4e-05	0.00012	0.00014	3e-05	5e-05	5e-05	8e-05	3e-05	0.0	0.0	6e-05	0.00048	0.0	0.00021	2e-05	1e-05	0.00048	0.00011	0.0002	3e-05	0.0	9e-05	0.00048	0.00048	0.0	0.0	0.0	0.0	0.0	0.0002	0.0	0.0	4e-05	9e-05	0.00012	2e-05	0.0	0.0	0.0	5e-05	0.0	7e-05	0.0	5e-05	0.0	0.00048	0.00014	0.0	4e-05	0.00011	2e-05	0.0002	0.00014	0.00021	0.0	0.00021	4e-05	6e-05	2e-05	1e-05	0.0	2e-05	3e-05	9e-05	2e-05	8e-05	0.00014	3e-05	0.0	2e-05	4e-05	6e-05	1e-05	6e-05	3e-05	3e-05	3e-05	3e-05	1e-05	0.00015	0.00011	6e-05	0.0	0.0	0.00019	0.0	0.0	6e-05	0.00019	3e-05	0.0	0.00014	0.0	6e-05	0.0	2e-05	6e-05	8e-05	0.0	1e-05	1e-05	3e-05	1e-05	2e-05	4e-05	3e-05	5e-05	0.00013	2e-05	6e-05	4e-05	5e-05	3e-05	1e-05	2e-05	0.0	0.00014	9e-05	0.00014	0.00031	5e-05	0.0002	5e-05	5e-05	0.00011	0.00025	0.00048	0.00026	6e-05	5e-05	9e-05	2e-05	0.00019	0.0	8e-05	0.00048	0.0	0.0	0.0	0.0	0.0	0.0	4e-05	0.00011	1e-05	0.00019	5e-05	0.00018	0.00011	0.00011	3e-05	6e-05	0.0001	5e-05	3e-05	0.0	0.0	0.0	0.0002	4e-05	0.0002	6e-05	4e-05	7e-05	4e-05	0.0	5e-05	5e-05	0.00032	0.00014	9e-05	0.0	0.0	0.00021	0.00019	0.00014	0.00014	0.0	9e-05	0.00019	0.00012	0.00011	0.00018	0.00048	0.00014	2e-05	0.0	0.0	0.0	2e-05	3e-05	
4e-05	0.0	0.0	0.0	0.00012	5e-05	8e-05	0.00012	9e-05	4e-05	0.0	0.0	0.00011	0.0	0.0	0.0	0.00022	6e-05	0.00011	0.0	6e-05	4e-05	0.0	0.0	6e-05	4e-05	0.00012	0.00014	3e-05	5e-05	5e-05	8e-05	3e-05	0.0	0.0	6e-05	0.00048	0.0	0.00021	2e-05	1e-05	0.00048	0.00011	0.0002	3e-05	0.0	9e-05	0.00048	0.00048	0.0	0.0	0.0	0.0	0.0	0.0002	0.0	0.0	4e-05	9e-05	0.00012	2e-05	0.0	0.0	0.0	5e-05	0.0	7e-05	0.0	5e-05	0.0	0.00048	0.00014	0.0	4e-05	0.00011	2e-05	0.0002	0.00014	0.00021	0.0	0.00021	4e-05	6e-05	2e-05	1e-05	0.0	2e-05	3e-05	9e-05	2e-05	8e-05	0.00014	3e-05	0.0	2e-05	4e-05	6e-05	1e-05	6e-05	3e-05	3e-05	3e-05	3e-05	1e-05	0.00015	0.00011	6e-05	0.0	0.0	0.00019	0.0	0.0	6e-05	0.00019	3e-05	0.0	0.00014	0.0	6e-05	0.0	2e-05	6e-05	8e-05	0.0	1e-05	1e-05	3e-05	1e-05	2e-05	4e-05	3e-05	5e-05	0.00013	2e-05	6e-05	4e-05	5e-05	3e-05	1e-05	2e-05	0.0	0.00014	9e-05	0.00014	0.00031	5e-05	0.0002	5e-05	5e-05	0.00011	0.00025	0.00048	0.00026	6e-05	5e-05	9e-05	2e-05	0.00019	0.0	8e-05	0.00048	0.0	0.0	0.0	0.0	0.0	0.0	4e-05	0.00011	1e-05	0.00019	5e-05	0.00018	0.00011	0.00011	3e-05	6e-05	0.0001	5e-05	3e-05	0.0	0.0	0.0	0.0002	4e-05	0.0002	6e-05	4e-05	7e-05	4e-05	0.0	5e-05	5e-05	0.00032	0.00014	9e-05	0.0	0.0	0.00021	0.00019	0.00014	0.00014	0.0	9e-05	0.00019	0.00012	0.00011	0.00018	0.00048	0.00014	2e-05	0.0	0.0	0.0	2e-05	3e-05	
0.10975	6e-05	6e-05	6e-05	0.02013	0.06925	0.11746	0.01942	0.23483	0.39189	6e-05	6e-05	0.02106	6e-05	6e-05	6e-05	0.25197	0.11462	0.02296	6e-05	0.0252	0.13998	6e-05	6e-05	0.0	0.45021	0.30462	0.06212	0.3797	0.11911	0.26143	0.23787	0.29191	0.00274	0.0	0.99988	0.01754	6e-05	0.01009	0.04705	0.28442	0.01754	0.02321	0.03035	0.35344	6e-05	0.24836	0.01754	0.01754	0.0	0.0	0.0	0.0	6e-05	0.03167	6e-05	6e-05	0.02851	0.24836	0.01942	0.16603	6e-05	6e-05	6e-05	0.19619	6e-05	0.22469	6e-05	0.35683	0.18912	0.01754	0.50483	0.0	0.0527	0.18274	0.36986	0.18725	0.50483	0.01519	0.12408	0.01187	0.19945	0.13909	0.15461	0.17371	0.0	0.17446	0.31412	0.16185	0.29339	0.2652	0.50483	0.18651	0.0	0.06665	0.71035	0.78613	0.2981	0.39173	0.43581	0.34229	0.03619	0.19597	0.3488	0.4231	0.02106	0.15045	6e-05	6e-05	0.01185	6e-05	6e-05	0.21512	0.01185	0.15839	6e-05	0.50483	6e-05	0.37942	0.0	0.38753	0.24682	0.04406	0.0	0.10867	0.36642	0.59063	0.21435	0.32732	0.20575	0.11826	0.23508	0.03813	0.22961	0.78613	0.42463	0.40596	0.43802	0.24409	0.15534	6e-05	0.17352	0.02712	0.50483	0.03143	0.51316	0.01039	0.27292	0.02956	0.51149	0.0088	0.01754	0.01071	0.69948	0.3888	0.27253	0.22573	0.01185	0.0	0.39935	0.01754	6e-05	6e-05	6e-05	6e-05	6e-05	6e-05	0.36784	0.51149	0.3652	0.26816	0.13599	0.03522	0.51149	0.51149	0.336	0.78613	0.03665	0.34274	0.34608	0.0	0.0	0.0	0.37732	0.02851	0.38201	0.99988	0.3739	0.22517	0.25244	6e-05	0.23976	0.12943	0.00628	0.50483	0.35947	6e-05	6e-05	0.01009	0.03489	0.50483	0.50483	6e-05	0.02687	0.03489	0.29595	0.51149	0.02554	0.01754	0.0156	0.31119	6e-05	6e-05	6e-05	0.17392	0.48361	
0.08458	4e-05	4e-05	4e-05	0.03239	0.02663	0.04459	0.11641	0.30491	0.14165	4e-05	4e-05	0.034	4e-05	4e-05	4e-05	0.05166	0.12441	0.0373	4e-05	0.04209	0.05909	4e-05	4e-05	0.45021	0.0	0.30237	0.02343	0.221	0.10663	0.22274	0.3047	0.11762	0.00434	0.0	0.45021	0.02785	4e-05	0.01556	0.04297	0.26699	0.02785	0.03774	0.11544	0.30153	4e-05	0.21317	0.02785	0.02785	0.0	0.0	0.0	0.0	4e-05	0.05405	4e-05	4e-05	0.1144	0.21317	0.11641	0.12151	4e-05	4e-05	4e-05	0.14444	4e-05	0.19946	4e-05	0.31034	0.33639	0.02785	0.37109	0.0	0.04656	0.04338	0.17192	0.03282	0.37109	0.0728	0.12305	0.01872	0.25276	0.14226	0.16455	0.17353	0.0	0.16521	0.3708	0.10976	0.19742	0.22316	0.37109	0.18741	0.0	0.05444	0.33623	0.31887	0.24047	0.14166	0.41785	0.21437	0.11979	0.18953	0.18185	0.24721	0.034	0.16402	4e-05	4e-05	0.01843	4e-05	4e-05	0.04012	0.01843	0.14913	4e-05	0.37109	4e-05	0.17744	0.0	0.57542	0.22891	0.12176	0.0	0.08739	0.20367	0.31166	0.08839	0.21998	0.07952	0.14024	0.45018	0.01514	0.34855	0.31887	0.33819	0.27035	0.20049	0.44105	0.06555	4e-05	0.14736	0.05075	0.37109	0.05264	0.26047	0.01604	0.23795	0.05041	0.15013	0.01348	0.02785	0.01656	0.33198	0.14936	0.22755	0.18774	0.01843	0.0	0.15399	0.02785	4e-05	4e-05	4e-05	4e-05	4e-05	4e-05	0.14272	0.15013	0.37825	0.23969	0.14826	0.03546	0.15013	0.15013	0.16962	0.31887	0.19693	0.32967	0.25818	0.0	0.0	0.0	0.3167	0.1144	0.14195	0.45021	0.27586	0.13943	0.2224	4e-05	0.21305	0.08196	0.00949	0.37109	0.09017	4e-05	4e-05	0.01556	0.05871	0.37109	0.37109	4e-05	0.05172	0.05871	0.24172	0.15013	0.04181	0.02785	0.02466	0.24563	4e-05	4e-05	4e-05	0.13709	0.38715	
0.06449	0.00012	0.00012	0.00012	0.03034	0.05979	0.09256	0.084	0.38483	0.05232	0.00012	0.00012	0.03201	0.00012	0.00012	0.00012	0.09688	0.17155	0.02525	0.00012	0.0398	0.06254	0.00012	0.00012	0.30462	0.30237	0.0	0.16357	0.17179	0.13543	0.15223	0.0597	0.14679	0.00517	0.0	0.30462	0.22029	0.00012	0.03812	0.08114	0.30204	0.22029	0.03563	0.29841	0.44716	0.00012	0.43179	0.22029	0.22029	0.0	0.0	0.0	0.0	0.00012	0.19585	0.00012	0.00012	0.08991	0.43179	0.084	0.10764	0.00012	0.00012	0.00012	0.11502	0.00012	0.18939	0.00012	0.30519	0.12576	0.22029	0.3705	0.0	0.05345	0.11438	0.13933	0.08751	0.3705	0.05885	0.21985	0.10027	0.3439	0.96655	0.21504	0.25416	0.0	0.29506	0.27626	0.16904	0.08015	0.21479	0.3705	0.24746	0.0	0.12738	0.30457	0.18053	0.11088	0.05249	0.24351	0.20289	0.10012	0.33573	0.2122	0.40035	0.03201	0.15005	0.00012	0.00012	0.0172	0.00012	0.00012	0.05442	0.0172	0.2012	0.00012	0.3705	0.00012	0.1109	0.0	1.04629	0.19477	0.20217	0.0	0.13299	0.27062	0.2149	0.11906	0.20929	0.1841	0.14523	0.21348	0.17424	0.1538	0.18053	0.27338	0.24501	0.15955	0.29443	0.15515	0.00012	0.11097	0.04266	0.3705	0.11452	0.16591	0.01502	0.15459	0.08792	0.03662	0.01269	0.22029	0.11996	0.30261	0.18104	0.21931	0.21697	0.0172	0.0	0.19316	0.22029	0.00012	0.00012	0.00012	0.00012	0.00012	0.00012	0.06058	0.03662	0.24737	0.43348	0.0932	0.19601	0.03662	0.03662	0.06723	0.18053	0.04785	0.33505	0.09158	0.0	0.0	0.0	0.56042	0.08991	0.196	0.30462	0.09886	0.0532	0.06057	0.00012	0.20407	0.06723	0.05865	0.3705	0.04477	0.00012	0.00012	0.03812	0.10126	0.3705	0.3705	0.00012	0.12545	0.10126	0.23424	0.03662	0.24176	0.22029	0.02015	0.1051	0.00012	0.00012	0.00012	0.17687	0.35702	
