0.0	0.11941	0.20615	0.18291	0.14703	0.13981	0.15573	0.09223	0.0	0.02996	3e-05	0.09205	0.0005	0.0005	0.0005	0.20632	0.04373	0.16225	0.08703	0.22027	0.04216	0.01341	0.0	0.0	0.03722	0.05501	0.04621	0.0608	3e-05	3e-05	3e-05	0.00193	0.02397	0.02397	0.04187	3e-05	3e-05	3e-05	3e-05	0.06382	0.08269	0.15812	0.07544	0.0	0.0	0.0525	0.08294	3e-05	3e-05	0.06693	0.06693	0.06012	3e-05	3e-05	0.03619	0.19361	0.0	0.12927	0.04621	0.05951	0.04258	0.07474	0.0	0.10062	0.03583	0.08907	3e-05	3e-05	3e-05	3e-05	0.17863	0.0798	0.13889	0.09661	0.11328	0.1483	
0.11941	0.0	0.1242	0.08138	0.22403	0.09012	0.07343	0.32	0.0	0.01495	7e-05	0.0155	0.00142	0.00142	0.00142	0.17783	0.0532	0.14764	0.17806	0.23268	0.04671	0.03818	0.0	0.0	0.01973	0.02666	0.03232	0.03297	7e-05	7e-05	7e-05	0.00117	0.01293	0.01293	0.12488	7e-05	7e-05	7e-05	7e-05	0.0829	0.00866	0.12177	0.07321	0.0	0.0	0.10826	0.04596	7e-05	7e-05	0.04093	0.04093	0.02819	7e-05	7e-05	0.02055	0.13678	0.0	0.04094	0.03232	0.03077	0.04701	0.05953	0.0	0.18141	0.09954	0.04423	7e-05	7e-05	7e-05	7e-05	0.07826	0.07751	0.06963	0.06443	0.13065	0.20835	
0.20615	0.1242	0.0	0.18206	0.23191	0.24111	0.13569	0.1263	0.0	0.02063	0.00022	0.04041	0.00529	0.00529	0.00529	0.20439	0.15801	0.09381	0.19171	0.15627	0.14085	0.07878	0.0	0.0	0.05254	0.131	0.03418	0.09351	0.00022	0.00022	0.00022	0.0034	0.01776	0.01776	0.02878	0.00022	0.00022	0.00022	0.00022	0.11681	0.13351	0.10861	0.20229	0.0	0.0	0.07311	0.11017	0.00022	0.00022	0.05235	0.05235	0.04075	0.00022	0.00022	0.041	0.08552	0.0	0.12347	0.03418	0.08637	0.03015	0.30107	0.0	0.40676	0.15221	0.1362	0.00022	0.00022	0.00022	0.00022	0.21227	0.20839	0.2555	0.50756	0.22614	0.18361	
0.18291	0.08138	0.18206	0.0	0.36855	0.25456	0.17006	0.18163	0.0	0.01418	4e-05	0.0147	0.00023	0.00023	0.00023	0.4555	0.19002	0.06435	0.19043	0.17734	0.15564	0.08771	0.0	0.0	0.0187	0.02524	0.02297	0.03115	4e-05	4e-05	4e-05	0.00079	0.01228	0.01228	0.0195	4e-05	4e-05	4e-05	4e-05	0.23728	0.09402	0.30833	0.07692	0.0	0.0	0.08857	0.15172	4e-05	4e-05	0.03366	0.03366	0.02646	4e-05	4e-05	0.24997	0.39216	0.0	0.18145	0.02297	0.19986	0.08439	0.10465	0.0	0.22542	0.02513	0.17917	4e-05	4e-05	4e-05	4e-05	0.46538	0.18078	0.62207	0.36853	0.18187	0.35494	
0.14703	0.22403	0.23191	0.36855	0.0	0.37511	0.26461	0.43493	0.0	0.01649	4e-05	0.01711	0.00039	0.00039	0.00039	0.28766	0.17035	0.07275	0.28159	0.29287	0.14033	0.07582	0.0	0.0	0.02201	0.12073	0.02731	0.03773	4e-05	4e-05	4e-05	0.00122	0.01419	0.01419	0.023	4e-05	4e-05	4e-05	4e-05	0.20164	0.16858	0.21932	0.18659	0.0	0.0	0.17315	0.21866	4e-05	4e-05	0.04167	0.04167	0.03207	4e-05	4e-05	0.08726	0.1747	0.0	0.14371	0.02731	0.14557	0.09147	0.3103	0.0	0.3315	0.18549	0.1448	4e-05	4e-05	4e-05	4e-05	0.32897	0.28008	0.34581	0.33374	0.1854	0.5171	
0.13981	0.09012	0.24111	0.25456	0.37511	0.0	0.12776	0.16823	0.0	0.02378	3e-05	0.02467	0.00048	0.00048	0.00048	0.1557	0.0385	0.05964	0.2811	0.10335	0.15118	0.02372	0.0	0.0	0.04913	0.06795	0.03935	0.01537	3e-05	3e-05	3e-05	0.00278	0.02046	0.02046	0.03315	3e-05	3e-05	3e-05	3e-05	0.1417	0.18528	0.18732	0.03578	0.0	0.0	0.2085	0.11009	3e-05	3e-05	0.0598	0.0598	0.04683	3e-05	3e-05	0.11522	0.16602	0.0	0.08978	0.03935	0.07972	0.27962	0.10988	0.0	0.18335	0.03403	0.12225	3e-05	3e-05	3e-05	3e-05	0.27143	0.13683	0.15286	0.14377	0.07976	0.2557	
0.15573	0.07343	0.13569	0.17006	0.26461	0.12776	0.0	0.22901	0.0	0.01207	0.00019	0.01237	0.00019	0.00019	0.00019	0.23741	0.20954	0.04866	0.096	0.15653	0.17338	0.04773	0.0	0.0	0.01562	0.0214	0.01877	0.02507	0.00019	0.00019	0.00019	0.00141	0.01044	0.01044	0.01643	0.00019	0.00019	0.00019	0.00019	0.04366	0.09411	0.05997	0.21108	0.0	0.0	0.15241	0.24702	0.00019	0.00019	0.14148	0.14148	0.03273	0.00019	0.00019	0.10791	0.13521	0.0	0.02992	0.01877	0.02364	0.15388	0.19841	0.0	0.22868	0.14731	0.03215	0.00019	0.00019	0.00019	0.00019	0.144	0.04908	0.26773	0.19297	0.11106	0.24828	
0.09223	0.32	0.1263	0.18163	0.43493	0.16823	0.22901	0.0	0.0	0.01737	1e-05	0.01789	1e-05	1e-05	1e-05	0.3028	0.26323	0.11993	0.37463	0.47813	0.08962	0.04544	0.0	0.0	0.02302	0.07294	0.02826	0.03889	1e-05	1e-05	1e-05	0.00124	0.01489	0.01489	0.02423	1e-05	1e-05	1e-05	1e-05	0.32619	0.12672	0.16445	0.18451	0.0	0.0	0.24187	0.05951	1e-05	1e-05	0.06264	0.06264	0.02964	1e-05	1e-05	0.11786	0.20354	0.0	0.1683	0.02826	0.18022	0.1518	0.18678	0.0	0.24574	0.088	0.1677	1e-05	1e-05	1e-05	1e-05	0.18454	0.28952	0.08392	0.10738	0.17665	0.51835	
0.0	0.0	0.0	0.0	0.0	0.0	0.0	0.0	0.0	0.0	0.0	0.0	0.0	0.0	0.0	0.0	0.0	0.0	0.0	0.0	0.0	0.0	0.0	0.0	0.0	0.0	0.0	0.0	0.0	0.0	0.0	0.0	0.0	0.0	0.0	0.0	0.0	0.0	0.0	0.0	0.0	0.0	0.0	0.0	0.0	0.0	0.0	0.0	0.0	0.0	0.0	0.0	0.0	0.0	0.0	0.0	0.0	0.0	0.0	0.0	0.0	0.0	0.0	0.0	0.0	0.0	0.0	0.0	0.0	0.0	0.0	0.0	0.0	0.0	0.0	0.0	
0.02996	0.01495	0.02063	0.01418	0.01649	0.02378	0.01207	0.01737	0.0	0.0	0.0002	0.00487	0.00021	0.00021	0.00021	0.04933	0.04158	0.01142	0.03676	0.05236	0.02295	0.22426	0.0	0.0	0.0057	0.00711	0.00659	0.00804	0.0002	0.0002	0.0002	0.00039	0.0043	0.0043	0.00585	0.0002	0.0002	0.0002	0.0002	0.01086	0.03344	0.01825	0.02047	0.0	0.0	0.01437	0.01257	0.0002	0.0002	0.00771	0.00771	0.38091	0.0002	0.0002	0.02957	0.02048	0.0	0.00843	0.00659	0.00765	0.01313	0.01421	0.0	0.02662	0.01717	0.00878	0.0002	0.0002	0.0002	0.0002	0.02406	0.07758	0.01188	0.01612	0.03854	0.0211	
3e-05	7e-05	0.00022	4e-05	4e-05	3e-05	0.00019	1e-05	0.0	0.0002	0.0	0.00028	0.0	0.0	0.0	3e-05	0.00034	6e-05	6e-05	0.00013	8e-05	0.00011	0.0	0.0	0.00017	0.0004	0.00024	0.00016	0.0	0.0	0.0	0.0	0.00031	0.00031	0.00014	0.0	0.0	0.0	0.0	6e-05	0.0001	3e-05	3e-05	0.0	0.0	8e-05	3e-05	0.0	0.0	0.00011	0.00011	0.00017	0.0	0.0	4e-05	8e-05	0.0	9e-05	0.00024	0.00012	9e-05	0.0002	0.0	0.00021	8e-05	6e-05	0.0	0.0	0.0	0.0	5e-05	2e-05	5e-05	0.00021	0.0002	0.00015	
0.09205	0.0155	0.04041	0.0147	0.01711	0.02467	0.01237	0.01789	0.0	0.00487	0.00028	0.0	0.00018	0.00018	0.00018	0.02305	0.02258	0.01183	0.03517	0.01858	0.02379	0.00913	0.0	0.0	0.00589	0.00734	0.00681	0.28334	0.00028	0.00028	0.00028	0.00025	0.00444	0.00444	0.00604	0.00028	0.00028	0.00028	0.00028	0.01125	0.04118	0.01894	0.02098	0.0	0.0	0.0149	0.01302	0.00028	0.00028	0.00797	0.00797	0.0074	0.00028	0.00028	0.03065	0.02123	0.0	0.36775	0.00681	0.0079	0.01358	0.01453	0.0	0.02749	0.01778	0.00909	0.00028	0.00028	0.00028	0.00028	0.08373	0.01991	0.01231	0.01671	0.04003	0.0219	
0.0005	0.00142	0.00529	0.00023	0.00039	0.00048	0.00019	1e-05	0.0	0.00021	0.0	0.00018	0.0	0.0	0.0	0.00092	0.0009	0.0003	0.00045	0.00195	0.00063	0.00012	0.0	0.0	0.00016	0.00083	0.00012	0.0001	0.0	0.0	0.0	0.0	0.00021	0.00021	0.00028	0.0	0.0	0.0	0.0	6e-05	0.00033	0.00028	3e-05	0.0	0.0	0.00046	0.00016	0.0	0.0	9e-05	9e-05	0.00012	0.0	0.0	0.00047	0.00046	0.0	6e-05	0.00012	0.00014	0.00041	0.00055	0.0	0.0008	0.00048	6e-05	0.0	0.0	0.0	0.0	5e-05	2e-05	0.00024	0.00092	0.00202	0.00186	
0.0005	0.00142	0.00529	0.00023	0.00039	0.00048	0.00019	1e-05	0.0	0.00021	0.0	0.00018	0.0	0.0	0.0	0.00092	0.0009	0.0003	0.00045	0.00195	0.00063	0.00012	0.0	0.0	0.00016	0.00083	0.00012	0.0001	0.0	0.0	0.0	0.0	0.00021	0.00021	0.00028	0.0	0.0	0.0	0.0	6e-05	0.00033	0.00028	3e-05	0.0	0.0	0.00046	0.00016	0.0	0.0	9e-05	9e-05	0.00012	0.0	0.0	0.00047	0.00046	0.0	6e-05	0.00012	0.00014	0.00041	0.00055	0.0	0.0008	0.00048	6e-05	0.0	0.0	0.0	0.0	5e-05	2e-05	0.00024	0.00092	0.00202	0.00186	
0.0005	0.00142	0.00529	0.00023	0.00039	0.00048	0.00019	1e-05	0.0	0.00021	0.0	0.00018	0.0	0.0	0.0	0.00092	0.0009	0.0003	0.00045	0.00195	0.00063	0.00012	0.0	0.0	0.00016	0.00083	0.00012	0.0001	0.0	0.0	0.0	0.0	0.00021	0.00021	0.00028	0.0	0.0	0.0	0.0	6e-05	0.00033	0.00028	3e-05	0.0	0.0	0.00046	0.00016	0.0	0.0	9e-05	9e-05	0.00012	0.0	0.0	0.00047	0.00046	0.0	6e-05	0.00012	0.00014	0.00041	0.00055	0.0	0.0008	0.00048	6e-05	0.0	0.0	0.0	0.0	5e-05	2e-05	0.00024	0.00092	0.00202	0.00186	
0.20632	0.17783	0.20439	0.4555	0.28766	0.1557	0.23741	0.3028	0.0	0.04933	3e-05	0.02305	0.00092	0.00092	0.00092	0.0	0.14637	0.12714	0.17487	0.23403	0.10291	0.07925	0.0	0.0	0.06737	0.04136	0.03712	0.03573	3e-05	3e-05	3e-05	0.00568	0.01906	0.01906	0.03126	3e-05	3e-05	3e-05	3e-05	0.2428	0.15896	0.27182	0.09281	0.0	0.0	0.09597	0.13593	3e-05	3e-05	0.07929	0.07929	0.03593	3e-05	3e-05	0.09302	0.45375	0.0	0.24159	0.03712	0.24746	0.06233	0.08838	0.0	0.28538	0.03109	0.28831	3e-05	3e-05	3e-05	3e-05	0.36776	0.25573	0.32345	0.28848	0.14264	0.39349	
0.04373	0.0532	0.15801	0.19002	0.17035	0.0385	0.20954	0.26323	0.0	0.04158	0.00034	0.02258	0.0009	0.0009	0.0009	0.14637	0.0	0.07792	0.06529	0.15427	0.02813	0.04028	0.0	0.0	0.02896	0.14799	0.02588	0.04891	0.00034	0.00034	0.00034	0.00268	0.06232	0.06232	0.10523	0.00034	0.00034	0.00034	0.00034	0.17615	0.14898	0.19559	0.0885	0.0	0.0	0.08939	0.05643	0.00034	0.00034	0.08749	0.08749	0.0305	0.00034	0.00034	0.1201	0.02631	0.0	0.16482	0.02588	0.17149	0.04204	0.16306	0.0	0.29527	0.05378	0.16562	0.00034	0.00034	0.00034	0.00034	0.12496	0.38894	0.17452	0.24988	0.24823	0.15596	
0.16225	0.14764	0.09381	0.06435	0.07275	0.05964	0.04866	0.11993	0.0	0.01142	6e-05	0.01183	0.0003	0.0003	0.0003	0.12714	0.07792	0.0	0.09706	0.16457	0.10916	0.02833	0.0	0.0	0.01497	0.1842	0.0183	0.0246	6e-05	6e-05	6e-05	0.00085	0.00992	0.00992	0.13494	6e-05	6e-05	6e-05	6e-05	0.07273	0.11058	0.15215	0.09692	0.0	0.0	0.13254	0.05355	6e-05	6e-05	0.02634	0.02634	0.02104	6e-05	6e-05	0.04238	0.23846	0.0	0.03003	0.0183	0.02301	0.02227	0.22198	0.0	0.15405	0.04589	0.03229	6e-05	6e-05	6e-05	6e-05	0.15097	0.09931	0.04962	0.05656	0.20682	0.11184	
0.08703	0.17806	0.19171	0.19043	0.28159	0.2811	0.096	0.37463	0.0	0.03676	6e-05	0.03517	0.00045	0.00045	0.00045	0.17487	0.06529	0.09706	0.0	0.26122	0.12397	0.10689	0.0	0.0	0.03989	0.06988	0.05761	0.02699	6e-05	6e-05	6e-05	0.00199	0.02895	0.02895	0.04801	6e-05	6e-05	6e-05	6e-05	0.18452	0.0673	0.1186	0.10986	0.0	0.0	0.15409	0.08688	6e-05	6e-05	0.09206	0.09206	0.03158	6e-05	6e-05	0.05429	0.15779	0.0	0.0891	0.05761	0.06527	0.12725	0.15949	0.0	0.16516	0.13278	0.10217	6e-05	6e-05	6e-05	6e-05	0.20643	0.17775	0.10712	0.146	0.09261	0.29671	
0.22027	0.23268	0.15627	0.17734	0.29287	0.10335	0.15653	0.47813	0.0	0.05236	0.00013	0.01858	0.00195	0.00195	0.00195	0.23403	0.15427	0.16457	0.26122	0.0	0.06509	0.02541	0.0	0.0	0.02391	0.1017	0.02969	0.04109	0.00013	0.00013	0.00013	0.00154	0.01541	0.01541	0.02499	0.00013	0.00013	0.00013	0.00013	0.26896	0.05468	0.20721	0.21752	0.0	0.0	0.13726	0.10342	0.00013	0.00013	0.04548	0.04548	0.02746	0.00013	0.00013	0.11947	0.2034	0.0	0.1407	0.02969	0.1401	0.06059	0.14616	0.0	0.20422	0.06151	0.14242	0.00013	0.00013	0.00013	0.00013	0.31868	0.24487	0.09047	0.09025	0.15042	0.40968	
0.04216	0.04671	0.14085	0.15564	0.14033	0.15118	0.17338	0.08962	0.0	0.02295	8e-05	0.02379	0.00063	0.00063	0.00063	0.10291	0.02813	0.10916	0.12397	0.06509	0.0	0.19903	0.0	0.0	0.05134	0.07069	0.0376	0.01049	8e-05	8e-05	8e-05	0.0021	0.01979	0.01979	0.0537	8e-05	8e-05	8e-05	8e-05	0.05228	0.09608	0.1375	0.20712	0.0	0.0	0.20419	0.19027	8e-05	8e-05	0.05622	0.05622	0.04465	8e-05	8e-05	0.20577	0.09427	0.0	0.06487	0.0376	0.04807	0.2085	0.28401	0.0	0.12388	0.09925	0.08028	8e-05	8e-05	8e-05	8e-05	0.17829	0.05642	0.19515	0.08464	0.0697	0.19811	
0.01341	0.03818	0.07878	0.08771	0.07582	0.02372	0.04773	0.04544	0.0	0.22426	0.00011	0.00913	0.00012	0.00012	0.00012	0.07925	0.04028	0.02833	0.10689	0.02541	0.19903	0.0	0.0	0.0	0.01116	0.01441	0.01328	0.01706	0.00011	0.00011	0.00011	0.00037	0.00782	0.00782	0.01156	0.00011	0.00011	0.00011	0.00011	0.02639	0.03303	0.04444	0.08805	0.0	0.0	0.03653	0.22363	0.00011	0.00011	0.01727	0.01727	0.08442	0.00011	0.00011	0.0075	0.02232	0.0	0.01927	0.01328	0.0161	0.03077	0.15241	0.0	0.05555	0.03925	0.02039	0.00011	0.00011	0.00011	0.00011	0.09485	0.0179	0.23007	0.06091	0.01542	0.04896	
0.0	0.0	0.0	0.0	0.0	0.0	0.0	0.0	0.0	0.0	0.0	0.0	0.0	0.0	0.0	0.0	0.0	0.0	0.0	0.0	0.0	0.0	0.0	0.0	0.0	0.0	0.0	0.0	0.0	0.0	0.0	0.0	0.0	0.0	0.0	0.0	0.0	0.0	0.0	0.0	0.0	0.0	0.0	0.0	0.0	0.0	0.0	0.0	0.0	0.0	0.0	0.0	0.0	0.0	0.0	0.0	0.0	0.0	0.0	0.0	0.0	0.0	0.0	0.0	0.0	0.0	0.0	0.0	0.0	0.0	0.0	0.0	0.0	0.0	0.0	0.0	
0.0	0.0	0.0	0.0	0.0	0.0	0.0	0.0	0.0	0.0	0.0	0.0	0.0	0.0	0.0	0.0	0.0	0.0	0.0	0.0	0.0	0.0	0.0	0.0	0.0	0.0	0.0	0.0	0.0	0.0	0.0	0.0	0.0	0.0	0.0	0.0	0.0	0.0	0.0	0.0	0.0	0.0	0.0	0.0	0.0	0.0	0.0	0.0	0.0	0.0	0.0	0.0	0.0	0.0	0.0	0.0	0.0	0.0	0.0	0.0	0.0	0.0	0.0	0.0	0.0	0.0	0.0	0.0	0.0	0.0	0.0	0.0	0.0	0.0	0.0	0.0	
0.03722	0.01973	0.05254	0.0187	0.02201	0.04913	0.01562	0.02302	0.0	0.0057	0.00017	0.00589	0.00016	0.00016	0.00016	0.06737	0.02896	0.01497	0.03989	0.02391	0.05134	0.01116	0.0	0.0	0.0	0.00879	0.00815	0.38363	0.00017	0.00017	0.00017	0.0	0.00514	0.00514	0.00719	0.00017	0.00017	0.00017	0.00017	0.01416	0.04498	0.08242	0.02692	0.0	0.0	0.01895	0.01647	0.00017	0.00017	0.00983	0.00983	0.00897	0.00017	0.00017	0.04774	0.02709	0.0	0.01081	0.00815	0.00958	0.01694	0.01846	0.0	0.03561	0.02238	0.41628	0.00017	0.00017	0.00017	0.00017	0.03211	0.02552	0.01553	0.02128	0.02675	0.02827	
0.05501	0.02666	0.131	0.02524	0.12073	0.06795	0.0214	0.07294	0.0	0.00711	0.0004	0.00734	0.00083	0.00083	0.00083	0.04136	0.14799	0.1842	0.06988	0.1017	0.07069	0.01441	0.0	0.0	0.00879	0.0	0.01032	0.01294	0.0004	0.0004	0.0004	0.00149	0.00639	0.00639	0.00907	0.0004	0.0004	0.0004	0.0004	0.01887	0.06349	0.11805	0.08771	0.0	0.0	0.17007	0.02206	0.0004	0.0004	0.01281	0.01281	0.01177	0.0004	0.0004	0.05271	0.0367	0.0	0.01417	0.01032	0.01227	0.02232	0.45624	0.0	0.10936	0.13144	0.01489	0.0004	0.0004	0.0004	0.0004	0.06534	0.08501	0.02075	0.13058	0.22936	0.08973	
0.04621	0.03232	0.03418	0.02297	0.02731	0.03935	0.01877	0.02826	0.0	0.00659	0.00024	0.00681	0.00012	0.00012	0.00012	0.03712	0.02588	0.0183	0.05761	0.02969	0.0376	0.01328	0.0	0.0	0.00815	0.01032	0.0	0.01195	0.00024	0.00024	0.00024	0.0002	0.34452	0.34452	0.0084	0.00024	0.00024	0.00024	0.00024	0.01724	0.05624	0.03025	0.17238	0.0	0.0	0.02853	0.15569	0.00024	0.00024	0.58558	0.58558	0.01046	0.00024	0.00024	0.04797	0.03337	0.0	0.013	0.99993	0.01133	0.02046	0.0222	0.0	0.04415	0.02723	0.01365	0.00024	0.00024	0.00024	0.00024	0.03971	0.03118	0.01894	0.02618	0.0332	0.03521	
0.0608	0.03297	0.09351	0.03115	0.03773	0.01537	0.02507	0.03889	0.0	0.00804	0.00016	0.28334	0.0001	0.0001	0.0001	0.03573	0.04891	0.0246	0.02699	0.04109	0.01049	0.01706	0.0	0.0	0.38363	0.01294	0.01195	0.0	0.00016	0.00016	0.00016	0.11158	0.00715	0.00715	0.01043	0.00016	0.00016	0.00016	0.00016	0.02301	0.03056	0.0442	0.04481	0.0	0.0	0.03157	0.02704	0.00016	0.00016	0.01527	0.01527	0.01323	0.00016	0.00016	0.00203	0.04555	0.0	0.168	0.01195	0.01439	0.02698	0.02986	0.0	0.06182	0.03639	0.22311	0.00016	0.00016	0.00016	0.00016	0.04472	0.04265	0.02538	0.03565	0.01409	0.04904	
3e-05	7e-05	0.00022	4e-05	4e-05	3e-05	0.00019	1e-05	0.0	0.0002	0.0	0.00028	0.0	0.0	0.0	3e-05	0.00034	6e-05	6e-05	0.00013	8e-05	0.00011	0.0	0.0	0.00017	0.0004	0.00024	0.00016	0.0	0.0	0.0	0.0	0.00031	0.00031	0.00014	0.0	0.0	0.0	0.0	6e-05	0.0001	3e-05	3e-05	0.0	0.0	8e-05	3e-05	0.0	0.0	0.00011	0.00011	0.00017	0.0	0.0	4e-05	8e-05	0.0	9e-05	0.00024	0.00012	9e-05	0.0002	0.0	0.00021	8e-05	6e-05	0.0	0.0	0.0	0.0	5e-05	2e-05	5e-05	0.00021	0.0002	0.00015	
3e-05	7e-05	0.00022	4e-05	4e-05	3e-05	0.00019	1e-05	0.0	0.0002	0.0	0.00028	0.0	0.0	0.0	3e-05	0.00034	6e-05	6e-05	0.00013	8e-05	0.00011	0.0	0.0	0.00017	0.0004	0.00024	0.00016	0.0	0.0	0.0	0.0	0.00031	0.00031	0.00014	0.0	0.0	0.0	0.0	6e-05	0.0001	3e-05	3e-05	0.0	0.0	8e-05	3e-05	0.0	0.0	0.00011	0.00011	0.00017	0.0	0.0	4e-05	8e-05	0.0	9e-05	0.00024	0.00012	9e-05	0.0002	0.0	0.00021	8e-05	6e-05	0.0	0.0	0.0	0.0	5e-05	2e-05	5e-05	0.00021	0.0002	0.00015	
3e-05	7e-05	0.00022	4e-05	4e-05	3e-05	0.00019	1e-05	0.0	0.0002	0.0	0.00028	0.0	0.0	0.0	3e-05	0.00034	6e-05	6e-05	0.00013	8e-05	0.00011	0.0	0.0	0.00017	0.0004	0.00024	0.00016	0.0	0.0	0.0	0.0	0.00031	0.00031	0.00014	0.0	0.0	0.0	0.0	6e-05	0.0001	3e-05	3e-05	0.0	0.0	8e-05	3e-05	0.0	0.0	0.00011	0.00011	0.00017	0.0	0.0	4e-05	8e-05	0.0	9e-05	0.00024	0.00012	9e-05	0.0002	0.0	0.00021	8e-05	6e-05	0.0	0.0	0.0	0.0	5e-05	2e-05	5e-05	0.00021	0.0002	0.00015	
0.00193	0.00117	0.0034	0.00079	0.00122	0.00278	0.00141	0.00124	0.0	0.00039	0.0	0.00025	0.0	0.0	0.0	0.00568	0.00268	0.00085	0.00199	0.00154	0.0021	0.00037	0.0	0.0	0.0	0.00149	0.0002	0.11158	0.0	0.0	0.0	0.0	0.00028	0.00028	0.00061	0.0	0.0	0.0	0.0	0.00034	0.00347	0.00682	0.00126	0.0	0.0	0.00124	0.00063	0.0	0.0	0.00026	0.00026	0.00031	0.0	0.0	0.00248	0.00174	0.0	0.00025	0.0002	0.00038	0.0011	0.00134	0.0	0.00339	0.00138	0.17873	0.0	0.0	0.0	0.0	0.0019	0.00121	0.00075	0.00182	0.00207	0.00216	
0.02397	0.01293	0.01776	0.01228	0.01419	0.02046	0.01044	0.01489	0.0	0.0043	0.00031	0.00444	0.00021	0.00021	0.00021	0.01906	0.06232	0.00992	0.02895	0.01541	0.01979	0.00782	0.0	0.0	0.00514	0.00639	0.34452	0.00715	0.00031	0.00031	0.00031	0.00028	0.0	0.99969	0.00527	0.00031	0.00031	0.00031	0.00031	0.00946	0.02867	0.0157	0.0833	0.0	0.0	0.01244	0.07674	0.00031	0.00031	0.21582	0.21582	0.00641	0.00031	0.00031	0.02559	0.01769	0.0	0.00741	0.34452	0.00681	0.01149	0.01225	0.0	0.02277	0.01495	0.0077	0.00031	0.00031	0.00031	0.00031	0.0206	0.01662	0.01033	0.01395	0.01726	0.01813	
0.02397	0.01293	0.01776	0.01228	0.01419	0.02046	0.01044	0.01489	0.0	0.0043	0.00031	0.00444	0.00021	0.00021	0.00021	0.01906	0.06232	0.00992	0.02895	0.01541	0.01979	0.00782	0.0	0.0	0.00514	0.00639	0.34452	0.00715	0.00031	0.00031	0.00031	0.00028	0.99969	0.0	0.00527	0.00031	0.00031	0.00031	0.00031	0.00946	0.02867	0.0157	0.0833	0.0	0.0	0.01244	0.07674	0.00031	0.00031	0.21582	0.21582	0.00641	0.00031	0.00031	0.02559	0.01769	0.0	0.00741	0.34452	0.00681	0.01149	0.01225	0.0	0.02277	0.01495	0.0077	0.00031	0.00031	0.00031	0.00031	0.0206	0.01662	0.01033	0.01395	0.01726	0.01813	
0.04187	0.12488	0.02878	0.0195	0.023	0.03315	0.01643	0.02423	0.0	0.00585	0.00014	0.00604	0.00028	0.00028	0.00028	0.03126	0.10523	0.13494	0.04801	0.02499	0.0537	0.01156	0.0	0.0	0.00719	0.00907	0.0084	0.01043	0.00014	0.00014	0.00014	0.00061	0.00527	0.00527	0.0	0.00014	0.00014	0.00014	0.00014	0.01474	0.04794	0.18759	0.02843	0.0	0.0	0.01976	0.01716	0.00014	0.00014	0.01019	0.01019	0.00936	0.00014	0.00014	0.04983	0.02827	0.0	0.01122	0.0084	0.0099	0.15386	0.08465	0.0	0.21106	0.02329	0.01175	0.00014	0.00014	0.00014	0.00014	0.03375	0.06594	0.01617	0.0222	0.11475	0.02957	
3e-05	7e-05	0.00022	4e-05	4e-05	3e-05	0.00019	1e-05	0.0	0.0002	0.0	0.00028	0.0	0.0	0.0	3e-05	0.00034	6e-05	6e-05	0.00013	8e-05	0.00011	0.0	0.0	0.00017	0.0004	0.00024	0.00016	0.0	0.0	0.0	0.0	0.00031	0.00031	0.00014	0.0	0.0	0.0	0.0	6e-05	0.0001	3e-05	3e-05	0.0	0.0	8e-05	3e-05	0.0	0.0	0.00011	0.00011	0.00017	0.0	0.0	4e-05	8e-05	0.0	9e-05	0.00024	0.00012	9e-05	0.0002	0.0	0.00021	8e-05	6e-05	0.0	0.0	0.0	0.0	5e-05	2e-05	5e-05	0.00021	0.0002	0.00015	
3e-05	7e-05	0.00022	4e-05	4e-05	3e-05	0.00019	1e-05	0.0	0.0002	0.0	0.00028	0.0	0.0	0.0	3e-05	0.00034	6e-05	6e-05	0.00013	8e-05	0.00011	0.0	0.0	0.00017	0.0004	0.00024	0.00016	0.0	0.0	0.0	0.0	0.00031	0.00031	0.00014	0.0	0.0	0.0	0.0	6e-05	0.0001	3e-05	3e-05	0.0	0.0	8e-05	3e-05	0.0	0.0	0.00011	0.00011	0.00017	0.0	0.0	4e-05	8e-05	0.0	9e-05	0.00024	0.00012	9e-05	0.0002	0.0	0.00021	8e-05	6e-05	0.0	0.0	0.0	0.0	5e-05	2e-05	5e-05	0.00021	0.0002	0.00015	
3e-05	7e-05	0.00022	4e-05	4e-05	3e-05	0.00019	1e-05	0.0	0.0002	0.0	0.00028	0.0	0.0	0.0	3e-05	0.00034	6e-05	6e-05	0.00013	8e-05	0.00011	0.0	0.0	0.00017	0.0004	0.00024	0.00016	0.0	0.0	0.0	0.0	0.00031	0.00031	0.00014	0.0	0.0	0.0	0.0	6e-05	0.0001	3e-05	3e-05	0.0	0.0	8e-05	3e-05	0.0	0.0	0.00011	0.00011	0.00017	0.0	0.0	4e-05	8e-05	0.0	9e-05	0.00024	0.00012	9e-05	0.0002	0.0	0.00021	8e-05	6e-05	0.0	0.0	0.0	0.0	5e-05	2e-05	5e-05	0.00021	0.0002	0.00015	
3e-05	7e-05	0.00022	4e-05	4e-05	3e-05	0.00019	1e-05	0.0	0.0002	0.0	0.00028	0.0	0.0	0.0	3e-05	0.00034	6e-05	6e-05	0.00013	8e-05	0.00011	0.0	0.0	0.00017	0.0004	0.00024	0.00016	0.0	0.0	0.0	0.0	0.00031	0.00031	0.00014	0.0	0.0	0.0	0.0	6e-05	0.0001	3e-05	3e-05	0.0	0.0	8e-05	3e-05	0.0	0.0	0.00011	0.00011	0.00017	0.0	0.0	4e-05	8e-05	0.0	9e-05	0.00024	0.00012	9e-05	0.0002	0.0	0.00021	8e-05	6e-05	0.0	0.0	0.0	0.0	5e-05	2e-05	5e-05	0.00021	0.0002	0.00015	
0.06382	0.0829	0.11681	0.23728	0.20164	0.1417	0.04366	0.32619	0.0	0.01086	6e-05	0.01125	6e-05	6e-05	6e-05	0.2428	0.17615	0.07273	0.18452	0.26896	0.05228	0.02639	0.0	0.0	0.01416	0.01887	0.01724	0.02301	6e-05	6e-05	6e-05	0.00034	0.00946	0.00946	0.01474	6e-05	6e-05	6e-05	6e-05	0.0	0.11465	0.16046	0.08505	0.0	0.0	0.0972	0.0265	6e-05	6e-05	0.02441	0.02441	0.01948	6e-05	6e-05	0.06746	0.10498	0.0	0.37303	0.01724	0.45741	0.07692	0.05318	0.0	0.13373	0.02922	0.35964	6e-05	6e-05	6e-05	6e-05	0.16583	0.34364	0.18571	0.17438	0.11429	0.13213	
0.08269	0.00866	0.13351	0.09402	0.16858	0.18528	0.09411	0.12672	0.0	0.03344	0.0001	0.04118	0.00033	0.00033	0.00033	0.15896	0.14898	0.11058	0.0673	0.05468	0.09608	0.03303	0.0	0.0	0.04498	0.06349	0.05624	0.03056	0.0001	0.0001	0.0001	0.00347	0.02867	0.02867	0.04794	0.0001	0.0001	0.0001	0.0001	0.11465	0.0	0.12421	0.10617	0.0	0.0	0.12644	0.09021	0.0001	0.0001	0.08722	0.08722	0.06155	0.0001	0.0001	0.05883	0.17705	0.0	0.10136	0.05624	0.07458	0.09726	0.10569	0.0	0.31649	0.02806	0.10258	0.0001	0.0001	0.0001	0.0001	0.17583	0.16894	0.10093	0.23093	0.15045	0.17142	
0.15812	0.12177	0.10861	0.30833	0.21932	0.18732	0.05997	0.16445	0.0	0.01825	3e-05	0.01894	0.00028	0.00028	0.00028	0.27182	0.19559	0.15215	0.1186	0.20721	0.1375	0.04444	0.0	0.0	0.08242	0.11805	0.03025	0.0442	3e-05	3e-05	3e-05	0.00682	0.0157	0.0157	0.18759	3e-05	3e-05	3e-05	3e-05	0.16046	0.12421	0.0	0.08524	0.0	0.0	0.13817	0.13295	3e-05	3e-05	0.08264	0.08264	0.03509	3e-05	3e-05	0.18439	0.24169	0.0	0.11294	0.03025	0.10958	0.09846	0.18846	0.0	0.3166	0.01681	0.1714	3e-05	3e-05	3e-05	3e-05	0.21581	0.1835	0.13306	0.08003	0.18403	0.18432	
0.07544	0.07321	0.20229	0.07692	0.18659	0.03578	0.21108	0.18451	0.0	0.02047	3e-05	0.02098	3e-05	3e-05	3e-05	0.09281	0.0885	0.09692	0.10986	0.21752	0.20712	0.08805	0.0	0.0	0.02692	0.08771	0.17238	0.04481	3e-05	3e-05	3e-05	0.00126	0.0833	0.0833	0.02843	3e-05	3e-05	3e-05	3e-05	0.08505	0.10617	0.08524	0.0	0.0	0.0	0.15629	0.28844	3e-05	3e-05	0.15874	0.15874	0.05366	3e-05	3e-05	0.0508	0.08332	0.0	0.05514	0.17238	0.04205	0.05857	0.44532	0.0	0.49942	0.0918	0.05982	3e-05	3e-05	3e-05	3e-05	0.10413	0.09057	0.16997	0.20092	0.16469	0.19373	
0.0	0.0	0.0	0.0	0.0	0.0	0.0	0.0	0.0	0.0	0.0	0.0	0.0	0.0	0.0	0.0	0.0	0.0	0.0	0.0	0.0	0.0	0.0	0.0	0.0	0.0	0.0	0.0	0.0	0.0	0.0	0.0	0.0	0.0	0.0	0.0	0.0	0.0	0.0	0.0	0.0	0.0	0.0	0.0	0.0	0.0	0.0	0.0	0.0	0.0	0.0	0.0	0.0	0.0	0.0	0.0	0.0	0.0	0.0	0.0	0.0	0.0	0.0	0.0	0.0	0.0	0.0	0.0	0.0	0.0	0.0	0.0	0.0	0.0	0.0	0.0	
0.0	0.0	0.0	0.0	0.0	0.0	0.0	0.0	0.0	0.0	0.0	0.0	0.0	0.0	0.0	0.0	0.0	0.0	0.0	0.0	0.0	0.0	0.0	0.0	0.0	0.0	0.0	0.0	0.0	0.0	0.0	0.0	0.0	0.0	0.0	0.0	0.0	0.0	0.0	0.0	0.0	0.0	0.0	0.0	0.0	0.0	0.0	0.0	0.0	0.0	0.0	0.0	0.0	0.0	0.0	0.0	0.0	0.0	0.0	0.0	0.0	0.0	0.0	0.0	0.0	0.0	0.0	0.0	0.0	0.0	0.0	0.0	0.0	0.0	0.0	0.0	
0.0525	0.10826	0.07311	0.08857	0.17315	0.2085	0.15241	0.24187	0.0	0.01437	8e-05	0.0149	0.00046	0.00046	0.00046	0.09597	0.08939	0.13254	0.15409	0.13726	0.20419	0.03653	0.0	0.0	0.01895	0.17007	0.02853	0.03157	8e-05	8e-05	8e-05	0.00124	0.01244	0.01244	0.01976	8e-05	8e-05	8e-05	8e-05	0.0972	0.12644	0.13817	0.15629	0.0	0.0	0.0	0.11006	8e-05	8e-05	0.0369	0.0369	0.02707	8e-05	8e-05	0.03008	0.09614	0.0	0.03909	0.02853	0.02947	0.08155	0.176	0.0	0.13879	0.02635	0.0422	8e-05	8e-05	8e-05	8e-05	0.15686	0.16776	0.06269	0.0711	0.17337	0.13341	
0.08294	0.04596	0.11017	0.15172	0.21866	0.11009	0.24702	0.05951	0.0	0.01257	3e-05	0.01302	0.00016	0.00016	0.00016	0.13593	0.05643	0.05355	0.08688	0.10342	0.19027	0.22363	0.0	0.0	0.01647	0.02206	0.15569	0.02704	3e-05	3e-05	3e-05	0.00063	0.07674	0.07674	0.01716	3e-05	3e-05	3e-05	3e-05	0.0265	0.09021	0.13295	0.28844	0.0	0.0	0.11006	0.0	3e-05	3e-05	0.13897	0.13897	0.02301	3e-05	3e-05	0.04178	0.06452	0.0	0.03293	0.15569	0.0253	0.03117	0.22505	0.0	0.13121	0.09468	0.03541	3e-05	3e-05	3e-05	3e-05	0.1341	0.10142	0.26675	0.12967	0.05023	0.12433	
3e-05	7e-05	0.00022	4e-05	4e-05	3e-05	0.00019	1e-05	0.0	0.0002	0.0	0.00028	0.0	0.0	0.0	3e-05	0.00034	6e-05	6e-05	0.00013	8e-05	0.00011	0.0	0.0	0.00017	0.0004	0.00024	0.00016	0.0	0.0	0.0	0.0	0.00031	0.00031	0.00014	0.0	0.0	0.0	0.0	6e-05	0.0001	3e-05	3e-05	0.0	0.0	8e-05	3e-05	0.0	0.0	0.00011	0.00011	0.00017	0.0	0.0	4e-05	8e-05	0.0	9e-05	0.00024	0.00012	9e-05	0.0002	0.0	0.00021	8e-05	6e-05	0.0	0.0	0.0	0.0	5e-05	2e-05	5e-05	0.00021	0.0002	0.00015	
3e-05	7e-05	0.00022	4e-05	4e-05	3e-05	0.00019	1e-05	0.0	0.0002	0.0	0.00028	0.0	0.0	0.0	3e-05	0.00034	6e-05	6e-05	0.00013	8e-05	0.00011	0.0	0.0	0.00017	0.0004	0.00024	0.00016	0.0	0.0	0.0	0.0	0.00031	0.00031	0.00014	0.0	0.0	0.0	0.0	6e-05	0.0001	3e-05	3e-05	0.0	0.0	8e-05	3e-05	0.0	0.0	0.00011	0.00011	0.00017	0.0	0.0	4e-05	8e-05	0.0	9e-05	0.00024	0.00012	9e-05	0.0002	0.0	0.00021	8e-05	6e-05	0.0	0.0	0.0	0.0	5e-05	2e-05	5e-05	0.00021	0.0002	0.00015	
0.06693	0.04093	0.05235	0.03366	0.04167	0.0598	0.14148	0.06264	0.0	0.00771	0.00011	0.00797	9e-05	9e-05	9e-05	0.07929	0.08749	0.02634	0.09206	0.04548	0.05622	0.01727	0.0	0.0	0.00983	0.01281	0.58558	0.01527	0.00011	0.00011	0.00011	0.00026	0.21582	0.21582	0.01019	0.00011	0.00011	0.00011	0.00011	0.02441	0.08722	0.08264	0.15874	0.0	0.0	0.0369	0.13897	0.00011	0.00011	0.0	0.9999	0.09469	0.00011	0.00011	0.07017	0.04939	0.0	0.01756	0.58558	0.01438	0.02813	0.03152	0.0	0.06822	0.03849	0.01864	0.00011	0.00011	0.00011	0.00011	0.06064	0.09231	0.02703	0.03872	0.05078	0.05457	
0.06693	0.04093	0.05235	0.03366	0.04167	0.0598	0.14148	0.06264	0.0	0.00771	0.00011	0.00797	9e-05	9e-05	9e-05	0.07929	0.08749	0.02634	0.09206	0.04548	0.05622	0.01727	0.0	0.0	0.00983	0.01281	0.58558	0.01527	0.00011	0.00011	0.00011	0.00026	0.21582	0.21582	0.01019	0.00011	0.00011	0.00011	0.00011	0.02441	0.08722	0.08264	0.15874	0.0	0.0	0.0369	0.13897	0.00011	0.00011	0.9999	0.0	0.09469	0.00011	0.00011	0.07017	0.04939	0.0	0.01756	0.58558	0.01438	0.02813	0.03152	0.0	0.06822	0.03849	0.01864	0.00011	0.00011	0.00011	0.00011	0.06064	0.09231	0.02703	0.03872	0.05078	0.05457	
0.06012	0.02819	0.04075	0.02646	0.03207	0.04683	0.03273	0.02964	0.0	0.38091	0.00017	0.0074	0.00012	0.00012	0.00012	0.03593	0.0305	0.02104	0.03158	0.02746	0.04465	0.08442	0.0	0.0	0.00897	0.01177	0.01046	0.01323	0.00017	0.00017	0.00017	0.00031	0.00641	0.00641	0.00936	0.00017	0.00017	0.00017	0.00017	0.01948	0.06155	0.03509	0.05366	0.0	0.0	0.02707	0.02301	0.00017	0.00017	0.09469	0.09469	0.0	0.00017	0.00017	0.05698	0.03933	0.0	0.01452	0.01046	0.0126	0.02348	0.04212	0.0	0.03335	0.00572	0.01531	0.00017	0.00017	0.00017	0.00017	0.04811	0.19275	0.02169	0.03078	0.01555	0.04228	
3e-05	7e-05	0.00022	4e-05	4e-05	3e-05	0.00019	1e-05	0.0	0.0002	0.0	0.00028	0.0	0.0	0.0	3e-05	0.00034	6e-05	6e-05	0.00013	8e-05	0.00011	0.0	0.0	0.00017	0.0004	0.00024	0.00016	0.0	0.0	0.0	0.0	0.00031	0.00031	0.00014	0.0	0.0	0.0	0.0	6e-05	0.0001	3e-05	3e-05	0.0	0.0	8e-05	3e-05	0.0	0.0	0.00011	0.00011	0.00017	0.0	0.0	4e-05	8e-05	0.0	9e-05	0.00024	0.00012	9e-05	0.0002	0.0	0.00021	8e-05	6e-05	0.0	0.0	0.0	0.0	5e-05	2e-05	5e-05	0.00021	0.0002	0.00015	
3e-05	7e-05	0.00022	4e-05	4e-05	3e-05	0.00019	1e-05	0.0	0.0002	0.0	0.00028	0.0	0.0	0.0	3e-05	0.00034	6e-05	6e-05	0.00013	8e-05	0.00011	0.0	0.0	0.00017	0.0004	0.00024	0.00016	0.0	0.0	0.0	0.0	0.00031	0.00031	0.00014	0.0	0.0	0.0	0.0	6e-05	0.0001	3e-05	3e-05	0.0	0.0	8e-05	3e-05	0.0	0.0	0.00011	0.00011	0.00017	0.0	0.0	4e-05	8e-05	0.0	9e-05	0.00024	0.00012	9e-05	0.0002	0.0	0.00021	8e-05	6e-05	0.0	0.0	0.0	0.0	5e-05	2e-05	5e-05	0.00021	0.0002	0.00015	
0.03619	0.02055	0.041	0.24997	0.08726	0.11522	0.10791	0.11786	0.0	0.02957	4e-05	0.03065	0.00047	0.00047	0.00047	0.09302	0.1201	0.04238	0.05429	0.11947	0.20577	0.0075	0.0	0.0	0.04774	0.05271	0.04797	0.00203	4e-05	4e-05	4e-05	0.00248	0.02559	0.02559	0.04983	4e-05	4e-05	4e-05	4e-05	0.06746	0.05883	0.18439	0.0508	0.0	0.0	0.03008	0.04178	4e-05	4e-05	0.07017	0.07017	0.05698	4e-05	4e-05	0.0	0.19642	0.0	0.08594	0.04797	0.07511	0.17666	0.05556	0.0	0.04932	0.00042	0.10862	4e-05	4e-05	4e-05	4e-05	0.18721	0.05492	0.17878	0.09216	0.04725	0.17689	
0.19361	0.13678	0.08552	0.39216	0.1747	0.16602	0.13521	0.20354	0.0	0.02048	8e-05	0.02123	0.00046	0.00046	0.00046	0.45375	0.02631	0.23846	0.15779	0.2034	0.09427	0.02232	0.0	0.0	0.02709	0.0367	0.03337	0.04555	8e-05	8e-05	8e-05	0.00174	0.01769	0.01769	0.02827	8e-05	8e-05	8e-05	8e-05	0.10498	0.17705	0.24169	0.08332	0.0	0.0	0.09614	0.06452	8e-05	8e-05	0.04939	0.04939	0.03933	8e-05	8e-05	0.19642	0.0	0.0	0.09732	0.03337	0.09438	0.06422	0.05841	0.0	0.1873	0.02263	0.09939	8e-05	8e-05	8e-05	8e-05	0.50914	0.09199	0.25284	0.20738	0.08185	0.34717	
0.0	0.0	0.0	0.0	0.0	0.0	0.0	0.0	0.0	0.0	0.0	0.0	0.0	0.0	0.0	0.0	0.0	0.0	0.0	0.0	0.0	0.0	0.0	0.0	0.0	0.0	0.0	0.0	0.0	0.0	0.0	0.0	0.0	0.0	0.0	0.0	0.0	0.0	0.0	0.0	0.0	0.0	0.0	0.0	0.0	0.0	0.0	0.0	0.0	0.0	0.0	0.0	0.0	0.0	0.0	0.0	0.0	0.0	0.0	0.0	0.0	0.0	0.0	0.0	0.0	0.0	0.0	0.0	0.0	0.0	0.0	0.0	0.0	0.0	0.0	0.0	
0.12927	0.04094	0.12347	0.18145	0.14371	0.08978	0.02992	0.1683	0.0	0.00843	9e-05	0.36775	6e-05	6e-05	6e-05	0.24159	0.16482	0.03003	0.0891	0.1407	0.06487	0.01927	0.0	0.0	0.01081	0.01417	0.013	0.168	9e-05	9e-05	9e-05	0.00025	0.00741	0.00741	0.01122	9e-05	9e-05	9e-05	9e-05	0.37303	0.10136	0.11294	0.05514	0.0	0.0	0.03909	0.03293	9e-05	9e-05	0.01756	0.01756	0.01452	9e-05	9e-05	0.08594	0.09732	0.0	0.0	0.013	0.64005	0.03178	0.03589	0.0	0.09269	0.04376	0.45001	9e-05	9e-05	9e-05	9e-05	0.17867	0.34406	0.20489	0.17376	0.12199	0.11478	
0.04621	0.03232	0.03418	0.02297	0.02731	0.03935	0.01877	0.02826	0.0	0.00659	0.00024	0.00681	0.00012	0.00012	0.00012	0.03712	0.02588	0.0183	0.05761	0.02969	0.0376	0.01328	0.0	0.0	0.00815	0.01032	0.99993	0.01195	0.00024	0.00024	0.00024	0.0002	0.34452	0.34452	0.0084	0.00024	0.00024	0.00024	0.00024	0.01724	0.05624	0.03025	0.17238	0.0	0.0	0.02853	0.15569	0.00024	0.00024	0.58558	0.58558	0.01046	0.00024	0.00024	0.04797	0.03337	0.0	0.013	0.0	0.01133	0.02046	0.0222	0.0	0.04415	0.02723	0.01365	0.00024	0.00024	0.00024	0.00024	0.03971	0.03118	0.01894	0.02618	0.0332	0.03521	
0.05951	0.03077	0.08637	0.19986	0.14557	0.07972	0.02364	0.18022	0.0	0.00765	0.00012	0.0079	0.00014	0.00014	0.00014	0.24746	0.17149	0.02301	0.06527	0.1401	0.04807	0.0161	0.0	0.0	0.00958	0.01227	0.01133	0.01439	0.00012	0.00012	0.00012	0.00038	0.00681	0.00681	0.0099	0.00012	0.00012	0.00012	0.00012	0.45741	0.07458	0.10958	0.04205	0.0	0.0	0.02947	0.0253	0.00012	0.00012	0.01438	0.01438	0.0126	0.00012	0.00012	0.07511	0.09438	0.0	0.64005	0.01133	0.0	0.02535	0.02815	0.0	0.07487	0.03409	0.59314	0.00012	0.00012	0.00012	0.00012	0.11805	0.39731	0.23774	0.18632	0.08546	0.10692	
0.04258	0.04701	0.03015	0.08439	0.09147	0.27962	0.15388	0.1518	0.0	0.01313	9e-05	0.01358	0.00041	0.00041	0.00041	0.06233	0.04204	0.02227	0.12725	0.06059	0.2085	0.03077	0.0	0.0	0.01694	0.02232	0.02046	0.02698	9e-05	9e-05	9e-05	0.0011	0.01149	0.01149	0.15386	9e-05	9e-05	9e-05	9e-05	0.07692	0.09726	0.09846	0.05857	0.0	0.0	0.08155	0.03117	9e-05	9e-05	0.02813	0.02813	0.02348	9e-05	9e-05	0.17666	0.06422	0.0	0.03178	0.02046	0.02535	0.0	0.06859	0.0	0.23159	0.0027	0.03393	9e-05	9e-05	9e-05	9e-05	0.11933	0.04838	0.03824	0.05129	0.03086	0.12615	
0.07474	0.05953	0.30107	0.10465	0.3103	0.10988	0.19841	0.18678	0.0	0.01421	0.0002	0.01453	0.00055	0.00055	0.00055	0.08838	0.16306	0.22198	0.15949	0.14616	0.28401	0.15241	0.0	0.0	0.01846	0.45624	0.0222	0.02986	0.0002	0.0002	0.0002	0.00134	0.01225	0.01225	0.08465	0.0002	0.0002	0.0002	0.0002	0.05318	0.10569	0.18846	0.44532	0.0	0.0	0.176	0.22505	0.0002	0.0002	0.03152	0.03152	0.04212	0.0002	0.0002	0.05556	0.05841	0.0	0.03589	0.0222	0.02815	0.06859	0.0	0.0	0.5488	0.46737	0.03868	0.0002	0.0002	0.0002	0.0002	0.1645	0.08729	0.23217	0.21827	0.27271	0.15897	
0.0	0.0	0.0	0.0	0.0	0.0	0.0	0.0	0.0	0.0	0.0	0.0	0.0	0.0	0.0	0.0	0.0	0.0	0.0	0.0	0.0	0.0	0.0	0.0	0.0	0.0	0.0	0.0	0.0	0.0	0.0	0.0	0.0	0.0	0.0	0.0	0.0	0.0	0.0	0.0	0.0	0.0	0.0	0.0	0.0	0.0	0.0	0.0	0.0	0.0	0.0	0.0	0.0	0.0	0.0	0.0	0.0	0.0	0.0	0.0	0.0	0.0	0.0	0.0	0.0	0.0	0.0	0.0	0.0	0.0	0.0	0.0	0.0	0.0	0.0	0.0	
0.10062	0.18141	0.40676	0.22542	0.3315	0.18335	0.22868	0.24574	0.0	0.02662	0.00021	0.02749	0.0008	0.0008	0.0008	0.28538	0.29527	0.15405	0.16516	0.20422	0.12388	0.05555	0.0	0.0	0.03561	0.10936	0.04415	0.06182	0.00021	0.00021	0.00021	0.00339	0.02277	0.02277	0.21106	0.00021	0.00021	0.00021	0.00021	0.13373	0.31649	0.3166	0.49942	0.0	0.0	0.13879	0.13121	0.00021	0.00021	0.06822	0.06822	0.03335	0.00021	0.00021	0.04932	0.1873	0.0	0.09269	0.04415	0.07487	0.23159	0.5488	0.0	0.0	0.1486	0.09912	0.00021	0.00021	0.00021	0.00021	0.33146	0.20956	0.21185	0.5427	0.24616	0.29672	
0.03583	0.09954	0.15221	0.02513	0.18549	0.03403	0.14731	0.088	0.0	0.01717	8e-05	0.01778	0.00048	0.00048	0.00048	0.03109	0.05378	0.04589	0.13278	0.06151	0.09925	0.03925	0.0	0.0	0.02238	0.13144	0.02723	0.03639	8e-05	8e-05	8e-05	0.00138	0.01495	0.01495	0.02329	8e-05	8e-05	8e-05	8e-05	0.02922	0.02806	0.01681	0.0918	0.0	0.0	0.02635	0.09468	8e-05	8e-05	0.03849	0.03849	0.00572	8e-05	8e-05	0.00042	0.02263	0.0	0.04376	0.02723	0.03409	0.0027	0.46737	0.0	0.1486	0.0	0.04696	8e-05	8e-05	8e-05	8e-05	0.03687	0.03193	0.10321	0.1162	0.08049	0.0709	
0.08907	0.04423	0.1362	0.17917	0.1448	0.12225	0.03215	0.1677	0.0	0.00878	6e-05	0.00909	6e-05	6e-05	6e-05	0.28831	0.16562	0.03229	0.10217	0.14242	0.08028	0.02039	0.0	0.0	0.41628	0.01489	0.01365	0.22311	6e-05	6e-05	6e-05	0.17873	0.0077	0.0077	0.01175	6e-05	6e-05	6e-05	6e-05	0.35964	0.10258	0.1714	0.05982	0.0	0.0	0.0422	0.03541	6e-05	6e-05	0.01864	0.01864	0.01531	6e-05	6e-05	0.10862	0.09939	0.0	0.45001	0.01365	0.59314	0.03393	0.03868	0.0	0.09912	0.04696	0.0	6e-05	6e-05	6e-05	6e-05	0.1259	0.3371	0.19988	0.17274	0.0959	0.11822	
3e-05	7e-05	0.00022	4e-05	4e-05	3e-05	0.00019	1e-05	0.0	0.0002	0.0	0.00028	0.0	0.0	0.0	3e-05	0.00034	6e-05	6e-05	0.00013	8e-05	0.00011	0.0	0.0	0.00017	0.0004	0.00024	0.00016	0.0	0.0	0.0	0.0	0.00031	0.00031	0.00014	0.0	0.0	0.0	0.0	6e-05	0.0001	3e-05	3e-05	0.0	0.0	8e-05	3e-05	0.0	0.0	0.00011	0.00011	0.00017	0.0	0.0	4e-05	8e-05	0.0	9e-05	0.00024	0.00012	9e-05	0.0002	0.0	0.00021	8e-05	6e-05	0.0	0.0	0.0	0.0	5e-05	2e-05	5e-05	0.00021	0.0002	0.00015	
3e-05	7e-05	0.00022	4e-05	4e-05	3e-05	0.00019	1e-05	0.0	0.0002	0.0	0.00028	0.0	0.0	0.0	3e-05	0.00034	6e-05	6e-05	0.00013	8e-05	0.00011	0.0	0.0	0.00017	0.0004	0.00024	0.00016	0.0	0.0	0.0	0.0	0.00031	0.00031	0.00014	0.0	0.0	0.0	0.0	6e-05	0.0001	3e-05	3e-05	0.0	0.0	8e-05	3e-05	0.0	0.0	0.00011	0.00011	0.00017	0.0	0.0	4e-05	8e-05	0.0	9e-05	0.00024	0.00012	9e-05	0.0002	0.0	0.00021	8e-05	6e-05	0.0	0.0	0.0	0.0	5e-05	2e-05	5e-05	0.00021	0.0002	0.00015	
3e-05	7e-05	0.00022	4e-05	4e-05	3e-05	0.00019	1e-05	0.0	0.0002	0.0	0.00028	0.0	0.0	0.0	3e-05	0.00034	6e-05	6e-05	0.00013	8e-05	0.00011	0.0	0.0	0.00017	0.0004	0.00024	0.00016	0.0	0.0	0.0	0.0	0.00031	0.00031	0.00014	0.0	0.0	0.0	0.0	6e-05	0.0001	3e-05	3e-05	0.0	0.0	8e-05	3e-05	0.0	0.0	0.00011	0.00011	0.00017	0.0	0.0	4e-05	8e-05	0.0	9e-05	0.00024	0.00012	9e-05	0.0002	0.0	0.00021	8e-05	6e-05	0.0	0.0	0.0	0.0	5e-05	2e-05	5e-05	0.00021	0.0002	0.00015	
3e-05	7e-05	0.00022	4e-05	4e-05	3e-05	0.00019	1e-05	0.0	0.0002	0.0	0.00028	0.0	0.0	0.0	3e-05	0.00034	6e-05	6e-05	0.00013	8e-05	0.00011	0.0	0.0	0.00017	0.0004	0.00024	0.00016	0.0	0.0	0.0	0.0	0.00031	0.00031	0.00014	0.0	0.0	0.0	0.0	6e-05	0.0001	3e-05	3e-05	0.0	0.0	8e-05	3e-05	0.0	0.0	0.00011	0.00011	0.00017	0.0	0.0	4e-05	8e-05	0.0	9e-05	0.00024	0.00012	9e-05	0.0002	0.0	0.00021	8e-05	6e-05	0.0	0.0	0.0	0.0	5e-05	2e-05	5e-05	0.00021	0.0002	0.00015	
0.17863	0.07826	0.21227	0.46538	0.32897	0.27143	0.144	0.18454	0.0	0.02406	5e-05	0.08373	5e-05	5e-05	5e-05	0.36776	0.12496	0.15097	0.20643	0.31868	0.17829	0.09485	0.0	0.0	0.03211	0.06534	0.03971	0.04472	5e-05	5e-05	5e-05	0.0019	0.0206	0.0206	0.03375	5e-05	5e-05	5e-05	5e-05	0.16583	0.17583	0.21581	0.10413	0.0	0.0	0.15686	0.1341	5e-05	5e-05	0.06064	0.06064	0.04811	5e-05	5e-05	0.18721	0.50914	0.0	0.17867	0.03971	0.11805	0.11933	0.1645	0.0	0.33146	0.03687	0.1259	5e-05	5e-05	5e-05	5e-05	0.0	0.13859	0.35102	0.377	0.16563	0.41439	
0.0798	0.07751	0.20839	0.18078	0.28008	0.13683	0.04908	0.28952	0.0	0.07758	2e-05	0.01991	2e-05	2e-05	2e-05	0.25573	0.38894	0.09931	0.17775	0.24487	0.05642	0.0179	0.0	0.0	0.02552	0.08501	0.03118	0.04265	2e-05	2e-05	2e-05	0.00121	0.01662	0.01662	0.06594	2e-05	2e-05	2e-05	2e-05	0.34364	0.16894	0.1835	0.09057	0.0	0.0	0.16776	0.10142	2e-05	2e-05	0.09231	0.09231	0.19275	2e-05	2e-05	0.05492	0.09199	0.0	0.34406	0.03118	0.39731	0.04838	0.08729	0.0	0.20956	0.03193	0.3371	2e-05	2e-05	2e-05	2e-05	0.13859	0.0	0.19765	0.2243	0.22212	0.16023	
0.13889	0.06963	0.2555	0.62207	0.34581	0.15286	0.26773	0.08392	0.0	0.01188	5e-05	0.01231	0.00024	0.00024	0.00024	0.32345	0.17452	0.04962	0.10712	0.09047	0.19515	0.23007	0.0	0.0	0.01553	0.02075	0.01894	0.02538	5e-05	5e-05	5e-05	0.00075	0.01033	0.01033	0.01617	5e-05	5e-05	5e-05	5e-05	0.18571	0.10093	0.13306	0.16997	0.0	0.0	0.06269	0.26675	5e-05	5e-05	0.02703	0.02703	0.02169	5e-05	5e-05	0.17878	0.25284	0.0	0.20489	0.01894	0.23774	0.03824	0.23217	0.0	0.21185	0.10321	0.19988	5e-05	5e-05	5e-05	5e-05	0.35102	0.19765	0.0	0.53884	0.16648	0.18126	
0.09661	0.06443	0.50756	0.36853	0.33374	0.14377	0.19297	0.10738	0.0	0.01612	0.00021	0.01671	0.00092	0.00092	0.00092	0.28848	0.24988	0.05656	0.146	0.09025	0.08464	0.06091	0.0	0.0	0.02128	0.13058	0.02618	0.03565	0.00021	0.00021	0.00021	0.00182	0.01395	0.01395	0.0222	0.00021	0.00021	0.00021	0.00021	0.17438	0.23093	0.08003	0.20092	0.0	0.0	0.0711	0.12967	0.00021	0.00021	0.03872	0.03872	0.03078	0.00021	0.00021	0.09216	0.20738	0.0	0.17376	0.02618	0.18632	0.05129	0.21827	0.0	0.5427	0.1162	0.17274	0.00021	0.00021	0.00021	0.00021	0.377	0.2243	0.53884	0.0	0.24691	0.19804	
0.11328	0.13065	0.22614	0.18187	0.1854	0.07976	0.11106	0.17665	0.0	0.03854	0.0002	0.04003	0.00202	0.00202	0.00202	0.14264	0.24823	0.20682	0.09261	0.15042	0.0697	0.01542	0.0	0.0	0.02675	0.22936	0.0332	0.01409	0.0002	0.0002	0.0002	0.00207	0.01726	0.01726	0.11475	0.0002	0.0002	0.0002	0.0002	0.11429	0.15045	0.18403	0.16469	0.0	0.0	0.17337	0.05023	0.0002	0.0002	0.05078	0.05078	0.01555	0.0002	0.0002	0.04725	0.08185	0.0	0.12199	0.0332	0.08546	0.03086	0.27271	0.0	0.24616	0.08049	0.0959	0.0002	0.0002	0.0002	0.0002	0.16563	0.22212	0.16648	0.24691	0.0	0.20092	
0.1483	0.20835	0.18361	0.35494	0.5171	0.2557	0.24828	0.51835	0.0	0.0211	0.00015	0.0219	0.00186	0.00186	0.00186	0.39349	0.15596	0.11184	0.29671	0.40968	0.19811	0.04896	0.0	0.0	0.02827	0.08973	0.03521	0.04904	0.00015	0.00015	0.00015	0.00216	0.01813	0.01813	0.02957	0.00015	0.00015	0.00015	0.00015	0.13213	0.17142	0.18432	0.19373	0.0	0.0	0.13341	0.12433	0.00015	0.00015	0.05457	0.05457	0.04228	0.00015	0.00015	0.17689	0.34717	0.0	0.11478	0.03521	0.10692	0.12615	0.15897	0.0	0.29672	0.0709	0.11822	0.00015	0.00015	0.00015	0.00015	0.41439	0.16023	0.18126	0.19804	0.20092	0.0	
