0.0	7e-05	0.00094	0.00152	0.0	0.0009	0.00013	0.00024	0.00084	0.00015	0.00062	0.0	0.00023	0.00031	0.00012	0.0	5e-05	0.00047	0.00041	0.0001	0.0	0.00017	0.00034	0.0	0.00021	0.00077	0.00062	0.00441	0.00026	0.00076	0.00441	0.0	0.00016	0.00038	0.0005	0.00028	0.00031	0.0	0.00036	0.00018	0.00071	0.0	0.0005	0.0009	0.0009	0.0009	0.00027	0.00033	0.0	0.0002	0.00073	0.00017	0.00025	0.00027	0.0	0.00033	0.00027	0.0	0.0	0.0007	0.00095	0.0	0.00038	0.00017	0.00025	0.00046	0.00018	0.00024	0.00017	0.0	0.00033	0.0	0.0	0.0	0.00033	0.0	0.0	0.0	0.0	0.0	0.0	0.0	0.0	0.0	0.0	0.0	0.0	0.00023	0.0	0.0	0.0	0.0	0.0	0.0	0.0	0.0	0.0	0.00069	0.0	0.00017	
7e-05	0.0	0.06282	0.11934	7e-05	0.0963	0.07339	0.30623	0.46034	0.06091	0.10121	0.0	0.1635	0.03215	0.08385	0.00436	0.05629	0.03168	0.10843	0.24048	0.00172	0.10336	0.01593	7e-05	0.07274	0.20495	0.14839	0.03501	0.03714	0.06428	0.03501	7e-05	0.09017	0.05296	0.10072	0.02957	0.11771	0.01797	0.06831	0.0555	0.06328	0.0	0.00794	0.0963	0.0963	0.0963	0.20391	0.05271	7e-05	0.11844	0.20269	0.04945	0.02938	0.03032	7e-05	0.05271	0.01216	7e-05	7e-05	0.02406	0.06512	0.01251	0.2489	0.07054	0.03007	0.11256	0.05644	0.0803	0.05864	7e-05	0.05271	7e-05	0.0	7e-05	0.05271	7e-05	7e-05	7e-05	7e-05	7e-05	7e-05	7e-05	7e-05	7e-05	7e-05	7e-05	7e-05	0.02685	7e-05	7e-05	7e-05	7e-05	7e-05	7e-05	7e-05	7e-05	7e-05	0.0668	7e-05	0.02839	
0.00094	0.06282	0.0	0.17444	0.00094	0.03729	0.12519	0.12449	0.48301	0.26581	0.39144	0.0	0.32532	0.1208	0.09162	0.00823	0.04444	0.22424	0.33342	0.3586	0.01152	0.06691	0.11651	0.00094	0.10637	0.22774	0.17133	0.13603	0.04842	0.09274	0.13603	0.00094	0.10423	0.05338	0.0538	0.08949	0.0561	0.05132	0.1448	0.04855	0.138	0.0	0.06968	0.03729	0.03729	0.03729	0.02491	0.04613	0.00094	0.1846	0.10579	0.06287	0.02593	0.09202	0.00094	0.04613	0.07875	0.00094	0.00094	0.02136	0.25165	0.02958	0.08222	0.06192	0.02653	0.07349	0.07658	0.064	0.09028	0.00094	0.04613	0.00094	0.0	0.00094	0.04613	0.00094	0.00094	0.00094	0.00094	0.00094	0.00094	0.00094	0.00094	0.00094	0.00094	0.00094	0.00094	0.02376	0.00094	0.00094	0.00094	0.00094	0.00094	0.00094	0.00094	0.00094	0.00094	0.02662	0.00094	0.08605	
0.00152	0.11934	0.17444	0.0	0.00152	0.2184	0.13633	0.18773	0.28318	0.06369	0.03531	0.0	0.07722	0.18182	0.18544	0.37276	0.16299	0.16443	0.04348	0.04567	0.0142	0.05692	0.04596	0.00152	0.04529	0.06432	0.16814	0.1669	0.02704	0.13102	0.1669	0.00152	0.14445	0.03925	0.19037	0.02001	0.09849	0.02744	0.0694	0.03563	0.04641	0.0	0.04988	0.2184	0.2184	0.2184	0.23548	0.03399	0.00152	0.05419	0.12666	0.08441	0.01989	0.17756	0.00152	0.03399	0.06058	0.00152	0.00152	0.01665	0.17672	0.00596	0.15642	0.04404	0.02032	0.18235	0.10693	0.04477	0.10522	0.00152	0.03399	0.00152	0.0	0.00152	0.03399	0.00152	0.00152	0.00152	0.00152	0.00152	0.00152	0.00152	0.00152	0.00152	0.00152	0.00152	0.00152	0.01833	0.00152	0.00152	0.00152	0.00152	0.00152	0.00152	0.00152	0.00152	0.00152	0.02042	0.00152	0.06877	
0.0	7e-05	0.00094	0.00152	0.0	0.0009	0.00013	0.00024	0.00084	0.00015	0.00062	0.0	0.00023	0.00031	0.00012	0.0	5e-05	0.00047	0.00041	0.0001	0.0	0.00017	0.00034	0.0	0.00021	0.00077	0.00062	0.00441	0.00026	0.00076	0.00441	0.0	0.00016	0.00038	0.0005	0.00028	0.00031	0.0	0.00036	0.00018	0.00071	0.0	0.0005	0.0009	0.0009	0.0009	0.00027	0.00033	0.0	0.0002	0.00073	0.00017	0.00025	0.00027	0.0	0.00033	0.00027	0.0	0.0	0.0007	0.00095	0.0	0.00038	0.00017	0.00025	0.00046	0.00018	0.00024	0.00017	0.0	0.00033	0.0	0.0	0.0	0.00033	0.0	0.0	0.0	0.0	0.0	0.0	0.0	0.0	0.0	0.0	0.0	0.0	0.00023	0.0	0.0	0.0	0.0	0.0	0.0	0.0	0.0	0.0	0.00069	0.0	0.00017	
0.0009	0.0963	0.03729	0.2184	0.0009	0.0	0.05654	0.11365	0.08185	0.03015	0.01759	0.0	0.03628	0.08587	0.08488	0.0	0.09439	0.16178	0.02107	0.0294	0.00312	0.02605	0.03776	0.0009	0.01963	0.03224	0.06805	0.01395	0.01441	0.07519	0.01395	0.0009	0.01874	0.01908	0.59488	0.01083	0.14761	0.0	0.11915	0.01726	0.03199	0.0	0.02279	1.00107	1.00107	1.00107	0.40516	0.01668	0.0009	0.02247	0.03024	0.02446	0.01077	0.01104	0.0009	0.01668	0.02654	0.0009	0.0009	0.00942	0.02997	0.00433	0.01027	0.01922	0.01096	0.46778	0.09388	0.02168	0.25901	0.0009	0.01668	0.0009	0.0	0.0009	0.01668	0.0009	0.0009	0.0009	0.0009	0.0009	0.0009	0.0009	0.0009	0.0009	0.0009	0.0009	0.0009	0.01006	0.0009	0.0009	0.0009	0.0009	0.0009	0.0009	0.0009	0.0009	0.0009	0.01115	0.0009	0.02764	
0.00013	0.07339	0.12519	0.13633	0.00013	0.05654	0.0	0.34996	0.50646	0.13185	0.08286	0.0	0.29886	0.13295	0.27195	0.00512	0.14812	0.17351	0.16975	0.07212	0.00013	0.13974	0.2506	0.00013	0.11663	0.38172	0.29847	0.04687	0.04589	0.23909	0.04687	0.00013	0.16677	0.12332	0.08636	0.03808	0.22724	0.14235	0.15514	0.30155	0.03861	0.0	0.04614	0.05654	0.05654	0.05654	0.02773	0.09927	0.00013	0.33323	0.31183	0.33708	0.11057	0.05336	0.00013	0.09927	0.2283	0.00013	0.00013	0.09061	0.35891	0.00997	0.04772	0.11455	0.03891	0.12824	0.21665	0.11227	0.13197	0.00013	0.09927	0.00013	0.0	0.00013	0.09927	0.00013	0.00013	0.00013	0.00013	0.00013	0.00013	0.00013	0.00013	0.00013	0.00013	0.00013	0.00013	0.03446	0.00013	0.00013	0.00013	0.00013	0.00013	0.00013	0.00013	0.00013	0.00013	0.03874	0.00013	0.22594	
0.00024	0.30623	0.12449	0.18773	0.00024	0.11365	0.34996	0.0	0.59474	0.1288	0.12156	0.0	0.30122	0.13744	0.08961	0.01233	0.11622	0.09276	0.15016	0.01899	0.00024	0.14888	0.12157	0.00024	0.12575	0.16237	0.24714	0.05337	0.06218	0.0992	0.05337	0.00024	0.12103	0.10439	0.13524	0.04813	0.24616	0.05935	0.18698	0.10872	0.10413	0.0	0.07159	0.11365	0.11365	0.11365	0.07101	0.1021	0.00024	0.19045	0.18914	0.11983	0.05383	0.05554	0.00024	0.1021	0.0889	0.00024	0.00024	0.03855	0.13928	0.01473	0.04976	0.12298	0.04915	0.17902	0.14349	0.11999	0.12884	0.00024	0.1021	0.00024	0.0	0.00024	0.1021	0.00024	0.00024	0.00024	0.00024	0.00024	0.00024	0.00024	0.00024	0.00024	0.00024	0.00024	0.00024	0.04355	0.00024	0.00024	0.00024	0.00024	0.00024	0.00024	0.00024	0.00024	0.00024	0.07634	0.00024	0.10462	
0.00084	0.46034	0.48301	0.28318	0.00084	0.08185	0.50646	0.59474	0.0	0.6582	0.60429	0.0	0.83362	0.45909	0.28532	0.00083	0.20498	0.61419	0.6555	0.31426	0.00084	0.20901	0.53266	0.00084	0.18364	0.71699	0.64518	0.05747	0.48308	0.33637	0.05747	0.00084	0.1978	0.13515	0.28459	0.06014	0.58866	0.60239	0.38739	0.11726	0.08905	0.0	0.0792	0.08185	0.08185	0.08185	0.14175	0.11667	0.00084	0.71157	0.26164	0.16695	0.0573	0.0618	0.00084	0.11667	0.52873	0.00084	0.00084	0.18712	0.41301	0.3788	0.05581	0.31224	0.05882	0.20828	0.28389	0.17461	0.26126	0.00084	0.11667	0.00084	0.0	0.00084	0.11667	0.00084	0.00084	0.00084	0.00084	0.00084	0.00084	0.00084	0.00084	0.00084	0.00084	0.00084	0.00084	0.22048	0.00084	0.00084	0.00084	0.00084	0.00084	0.00084	0.00084	0.00084	0.00084	0.11042	0.00084	0.64731	
0.00015	0.06091	0.26581	0.06369	0.00015	0.03015	0.13185	0.1288	0.6582	0.0	0.24262	0.0	0.33505	0.20941	0.12662	0.00265	0.08661	0.11803	0.20858	0.07937	0.00015	0.37951	0.05987	0.00015	0.53998	0.11761	0.21794	0.07457	0.05925	0.13688	0.07457	0.00015	0.04889	0.46555	0.04226	0.14233	0.19826	0.04037	0.19295	0.03852	0.03201	0.0	0.25853	0.03015	0.03015	0.03015	0.04591	0.4621	0.00015	0.20113	0.07579	0.06659	0.02081	0.02128	0.00015	0.4621	0.07677	0.00015	0.00015	0.01689	0.08323	0.05615	0.01924	0.38065	0.02129	0.36023	0.14194	0.38568	0.3438	0.00015	0.4621	0.00015	0.0	0.00015	0.4621	0.00015	0.00015	0.00015	0.00015	0.00015	0.00015	0.00015	0.00015	0.00015	0.00015	0.00015	0.00015	0.01901	0.00015	0.00015	0.00015	0.00015	0.00015	0.00015	0.00015	0.00015	0.00015	0.02105	0.00015	0.07729	
0.00062	0.10121	0.39144	0.03531	0.00062	0.01759	0.08286	0.12156	0.60429	0.24262	0.0	0.0	0.38022	0.12212	0.05923	0.00381	0.04203	0.21303	0.58874	0.26426	0.00063	0.02601	0.17716	0.00062	0.02296	0.25749	0.09131	0.18114	0.38452	0.09974	0.18114	0.00062	0.02213	0.02203	0.02134	0.01233	0.1659	0.0	0.14609	0.02062	0.03765	0.0	0.02642	0.01759	0.01759	0.01759	0.02392	0.01921	0.00062	0.47336	0.03618	0.02939	0.01259	0.01258	0.00062	0.01921	0.25122	0.00062	0.00062	0.01037	0.18371	0.0	0.01157	0.02259	0.01282	0.02626	0.07278	0.02193	0.03018	0.00062	0.01921	0.00062	0.0	0.00062	0.01921	0.00062	0.00062	0.00062	0.00062	0.00062	0.00062	0.00062	0.00062	0.00062	0.00062	0.00062	0.00062	0.01161	0.00062	0.00062	0.00062	0.00062	0.00062	0.00062	0.00062	0.00062	0.00062	0.01238	0.00062	0.19426	
0.0	0.0	0.0	0.0	0.0	0.0	0.0	0.0	0.0	0.0	0.0	0.0	0.0	0.0	0.0	0.0	0.0	0.0	0.0	0.0	0.0	0.0	0.0	0.0	0.0	0.0	0.0	0.0	0.0	0.0	0.0	0.0	0.0	0.0	0.0	0.0	0.0	0.0	0.0	0.0	0.0	0.0	0.0	0.0	0.0	0.0	0.0	0.0	0.0	0.0	0.0	0.0	0.0	0.0	0.0	0.0	0.0	0.0	0.0	0.0	0.0	0.0	0.0	0.0	0.0	0.0	0.0	0.0	0.0	0.0	0.0	0.0	0.0	0.0	0.0	0.0	0.0	0.0	0.0	0.0	0.0	0.0	0.0	0.0	0.0	0.0	0.0	0.0	0.0	0.0	0.0	0.0	0.0	0.0	0.0	0.0	0.0	0.0	0.0	0.0	
0.00023	0.1635	0.32532	0.07722	0.00023	0.03628	0.29886	0.30122	0.83362	0.33505	0.38022	0.0	0.0	0.09679	0.27078	0.00403	0.06232	0.21605	0.41802	0.18478	0.00023	0.17601	0.18393	0.00023	0.17518	0.35852	0.32118	0.06882	0.14725	0.30817	0.06882	0.00023	0.06054	0.19161	0.05165	0.02496	0.17825	0.21137	0.25033	0.20662	0.10403	0.0	0.07993	0.03628	0.03628	0.03628	0.056	0.19285	0.00023	0.51183	0.17942	0.18494	0.09745	0.02559	0.00023	0.19285	0.36207	0.00023	0.00023	0.02026	0.15969	0.16746	0.02311	0.17579	0.02555	0.1748	0.14226	0.17638	0.17672	0.00023	0.19285	0.00023	0.0	0.00023	0.19285	0.00023	0.00023	0.00023	0.00023	0.00023	0.00023	0.00023	0.00023	0.00023	0.00023	0.00023	0.00023	0.02279	0.00023	0.00023	0.00023	0.00023	0.00023	0.00023	0.00023	0.00023	0.00023	0.02532	0.00023	0.31216	
0.00031	0.03215	0.1208	0.18182	0.00031	0.08587	0.13295	0.13744	0.45909	0.20941	0.12212	0.0	0.09679	0.0	0.14917	0.00031	0.14495	0.23722	0.22818	0.03271	0.00031	0.12242	0.07288	0.00031	0.11189	0.13383	0.15806	0.06012	0.13184	0.14833	0.06012	0.00031	0.11014	0.08014	0.10402	0.07622	0.28166	0.18338	0.22859	0.11577	0.04877	0.0	0.07657	0.08587	0.08587	0.08587	0.05631	0.06588	0.00031	0.21735	0.13961	0.13823	0.07609	0.03734	0.00031	0.06588	0.19821	0.00031	0.00031	0.02923	0.09945	0.01421	0.03357	0.09021	0.07806	0.1304	0.14165	0.08592	0.10706	0.00031	0.06588	0.00031	0.0	0.00031	0.06588	0.00031	0.00031	0.00031	0.00031	0.00031	0.00031	0.00031	0.00031	0.00031	0.00031	0.00031	0.00031	0.03322	0.00031	0.00031	0.00031	0.00031	0.00031	0.00031	0.00031	0.00031	0.00031	0.14867	0.00031	0.18684	
0.00012	0.08385	0.09162	0.18544	0.00012	0.08488	0.27195	0.08961	0.28532	0.12662	0.05923	0.0	0.27078	0.14917	0.0	0.00012	0.15609	0.20292	0.16461	0.13092	0.00012	0.20198	0.21614	0.00012	0.20408	0.37795	0.30369	0.05937	0.07546	0.31568	0.05937	0.00012	0.10979	0.13427	0.10527	0.07063	0.11255	0.2069	0.164	0.40811	0.05239	0.0	0.22717	0.08488	0.08488	0.08488	0.05787	0.1351	0.00012	0.36727	0.34896	0.36993	0.1449	0.03926	0.00012	0.1351	0.23395	0.00012	0.00012	0.03068	0.14175	0.00666	0.03528	0.13981	0.07235	0.20335	0.09421	0.1373	0.15932	0.00012	0.1351	0.00012	0.0	0.00012	0.1351	0.00012	0.00012	0.00012	0.00012	0.00012	0.00012	0.00012	0.00012	0.00012	0.00012	0.00012	0.00012	0.03488	0.00012	0.00012	0.00012	0.00012	0.00012	0.00012	0.00012	0.00012	0.00012	0.0717	0.00012	0.23194	
0.0	0.00436	0.00823	0.37276	0.0	0.0	0.00512	0.01233	0.00083	0.00265	0.00381	0.0	0.00403	0.00031	0.00012	0.0	5e-05	0.02439	0.0034	0.00271	0.0	0.00191	0.00521	0.0	0.00333	0.00748	0.01993	0.0	0.00599	0.02254	0.0	0.0	0.00362	0.0037	0.36061	0.00297	0.00272	0.0	0.00704	0.00613	0.00464	0.0	0.00352	0.0	0.0	0.0	0.11557	0.0032	0.0	0.00733	0.0052	0.00544	0.00472	0.00303	0.0	0.0032	0.00954	0.0	0.0	0.0017	0.01944	0.0	0.00252	0.00372	0.00475	0.21711	0.01191	0.00082	0.05252	0.0	0.0032	0.0	0.0	0.0	0.0032	0.0	0.0	0.0	0.0	0.0	0.0	0.0	0.0	0.0	0.0	0.0	0.0	0.00395	0.0	0.0	0.0	0.0	0.0	0.0	0.0	0.0	0.0	0.00179	0.0	0.0088	
5e-05	0.05629	0.04444	0.16299	5e-05	0.09439	0.14812	0.11622	0.20498	0.08661	0.04203	0.0	0.06232	0.14495	0.15609	5e-05	0.0	0.07153	0.06094	0.0882	5e-05	0.17113	0.08027	5e-05	0.15711	0.08068	0.12111	0.066	0.16643	0.19746	0.066	5e-05	0.35299	0.05562	0.10123	0.15861	0.17589	0.00432	0.18045	0.04104	0.0654	0.0	0.07449	0.09439	0.09439	0.09439	0.04981	0.04898	5e-05	0.0646	0.07675	0.35515	0.11694	0.12083	5e-05	0.04898	0.03426	5e-05	5e-05	0.02214	0.16664	0.00438	0.02542	0.06573	0.16256	0.11701	0.165	0.06238	0.08434	5e-05	0.04898	5e-05	0.0	5e-05	0.04898	5e-05	5e-05	5e-05	5e-05	5e-05	5e-05	5e-05	5e-05	5e-05	5e-05	5e-05	5e-05	0.02525	5e-05	5e-05	5e-05	5e-05	5e-05	5e-05	5e-05	5e-05	5e-05	0.02774	5e-05	0.04944	
0.00047	0.03168	0.22424	0.16443	0.00047	0.16178	0.17351	0.09276	0.61419	0.11803	0.21303	0.0	0.21605	0.23722	0.20292	0.02439	0.07153	0.0	0.27852	0.0849	0.00047	0.07496	0.21699	0.00047	0.06381	0.27839	0.1791	0.06447	0.05915	0.21389	0.06447	0.00047	0.06412	0.05443	0.15332	0.02604	0.46933	0.80929	0.33687	0.12704	0.04174	0.0	0.0699	0.16178	0.16178	0.16178	0.07339	0.04617	0.00047	0.39855	0.1304	0.12901	0.12428	0.02669	0.00047	0.04617	0.3956	0.00047	0.00047	0.08326	0.07247	0.04406	0.02411	0.06195	0.02664	0.15774	0.15335	0.05985	0.24093	0.00047	0.04617	0.00047	0.0	0.00047	0.04617	0.00047	0.00047	0.00047	0.00047	0.00047	0.00047	0.00047	0.00047	0.00047	0.00047	0.00047	0.00047	0.02376	0.00047	0.00047	0.00047	0.00047	0.00047	0.00047	0.00047	0.00047	0.00047	0.02642	0.00047	0.34359	
0.00041	0.10843	0.33342	0.04348	0.00041	0.02107	0.16975	0.15016	0.6555	0.20858	0.58874	0.0	0.41802	0.22818	0.16461	0.0034	0.06094	0.27852	0.0	0.20896	0.00041	0.03549	0.27254	0.00041	0.03116	0.37896	0.17849	0.10662	0.20622	0.23318	0.10662	0.00041	0.03064	0.02792	0.02778	0.01463	0.27955	0.0	0.24293	0.20071	0.05174	0.0	0.03493	0.02107	0.02107	0.02107	0.03053	0.02432	0.00041	0.60322	0.14355	0.15256	0.01477	0.01496	0.00041	0.02432	0.40572	0.00041	0.00041	0.01207	0.15129	0.39052	0.01363	0.03047	0.01508	0.03575	0.11204	0.02953	0.04223	0.00041	0.02432	0.00041	0.0	0.00041	0.02432	0.00041	0.00041	0.00041	0.00041	0.00041	0.00041	0.00041	0.00041	0.00041	0.00041	0.00041	0.00041	0.01355	0.00041	0.00041	0.00041	0.00041	0.00041	0.00041	0.00041	0.00041	0.00041	0.01477	0.00041	0.32167	
0.0001	0.24048	0.3586	0.04567	0.0001	0.0294	0.07212	0.01899	0.31426	0.07937	0.26426	0.0	0.18478	0.03271	0.13092	0.00271	0.0882	0.0849	0.20896	0.0	0.0001	0.05028	0.01876	0.0001	0.04419	0.33205	0.04168	0.11204	0.05488	0.09673	0.11204	0.0001	0.04332	0.03925	0.03895	0.02056	0.07318	0.0011	0.17748	0.03661	0.04148	0.0	0.0498	0.0294	0.0294	0.0294	0.01606	0.03447	0.0001	0.19289	0.13205	0.05844	0.02067	0.02103	0.0001	0.03447	0.0425	0.0001	0.0001	0.01692	0.07246	0.06398	0.1492	0.04317	0.02112	0.05051	0.08588	0.04188	0.06003	0.0001	0.03447	0.0001	0.0	0.0001	0.03447	0.0001	0.0001	0.0001	0.0001	0.0001	0.0001	0.0001	0.0001	0.0001	0.0001	0.0001	0.0001	0.01897	0.0001	0.0001	0.0001	0.0001	0.0001	0.0001	0.0001	0.0001	0.0001	0.02079	0.0001	0.04339	
0.0	0.00172	0.01152	0.0142	0.0	0.00312	0.00013	0.00024	0.00084	0.00015	0.00063	0.0	0.00023	0.00031	0.00012	0.0	5e-05	0.00047	0.00041	0.0001	0.0	0.00017	0.00034	0.0	0.00033	0.01062	0.00186	0.0	0.00152	0.00213	0.0	0.0	0.00054	0.00038	0.00221	0.00051	0.00272	0.0	0.00704	0.00149	0.00025	0.0	0.00026	0.00312	0.00312	0.00312	0.00199	0.00036	0.0	0.00187	0.00928	0.00092	0.00124	0.00051	0.0	0.00036	0.00242	0.0	0.0	0.00027	0.02777	0.0	0.00039	0.00049	0.00125	0.00166	0.00018	0.00024	0.00113	0.0	0.00036	0.0	0.0	0.0	0.00036	0.0	0.0	0.0	0.0	0.0	0.0	0.0	0.0	0.0	0.0	0.0	0.0	0.00093	0.0	0.0	0.0	0.0	0.0	0.0	0.0	0.0	0.0	0.00022	0.0	0.0021	
0.00017	0.10336	0.06691	0.05692	0.00017	0.02605	0.13974	0.14888	0.20901	0.37951	0.02601	0.0	0.17601	0.12242	0.20198	0.00191	0.17113	0.07496	0.03549	0.05028	0.00017	0.0	0.05559	0.00017	0.45358	0.0603	0.13335	0.0947	0.40916	0.12953	0.0947	0.00017	0.37725	0.61408	0.03485	0.0176	0.19216	0.1814	0.29948	0.03218	0.06575	0.0	0.30543	0.02605	0.02605	0.02605	0.03821	0.61341	0.00017	0.048	0.05659	0.05361	0.01791	0.10193	0.00017	0.61341	0.05503	0.00017	0.00017	0.01429	0.16891	0.0022	0.01631	0.46209	0.40381	0.42386	0.18757	0.47018	0.39038	0.00017	0.61341	0.00017	0.0	0.00017	0.61341	0.00017	0.00017	0.00017	0.00017	0.00017	0.00017	0.00017	0.00017	0.00017	0.00017	0.00017	0.00017	0.01634	0.00017	0.00017	0.00017	0.00017	0.00017	0.00017	0.00017	0.00017	0.00017	0.01762	0.00017	0.06119	
0.00034	0.01593	0.11651	0.04596	0.00034	0.03776	0.2506	0.12157	0.53266	0.05987	0.17716	0.0	0.18393	0.07288	0.21614	0.00521	0.08027	0.21699	0.27254	0.01876	0.00034	0.05559	0.0	0.00034	0.05911	0.26404	0.13883	0.09701	0.03986	0.29381	0.09701	0.00034	0.10484	0.05256	0.05133	0.0264	0.13398	0.23362	0.16805	0.22666	0.10107	0.0	0.0662	0.03776	0.03776	0.03776	0.05658	0.04507	0.00034	0.42162	0.17447	0.19773	0.11161	0.11514	0.00034	0.04507	0.50664	0.00034	0.00034	0.02166	0.17575	0.02534	0.02454	0.05761	0.02704	0.06775	0.2579	0.05584	0.08156	0.00034	0.04507	0.00034	0.0	0.00034	0.04507	0.00034	0.00034	0.00034	0.00034	0.00034	0.00034	0.00034	0.00034	0.00034	0.00034	0.00034	0.00034	0.02426	0.00034	0.00034	0.00034	0.00034	0.00034	0.00034	0.00034	0.00034	0.00034	0.02674	0.00034	0.40705	
0.0	7e-05	0.00094	0.00152	0.0	0.0009	0.00013	0.00024	0.00084	0.00015	0.00062	0.0	0.00023	0.00031	0.00012	0.0	5e-05	0.00047	0.00041	0.0001	0.0	0.00017	0.00034	0.0	0.00021	0.00077	0.00062	0.00441	0.00026	0.00076	0.00441	0.0	0.00016	0.00038	0.0005	0.00028	0.00031	0.0	0.00036	0.00018	0.00071	0.0	0.0005	0.0009	0.0009	0.0009	0.00027	0.00033	0.0	0.0002	0.00073	0.00017	0.00025	0.00027	0.0	0.00033	0.00027	0.0	0.0	0.0007	0.00095	0.0	0.00038	0.00017	0.00025	0.00046	0.00018	0.00024	0.00017	0.0	0.00033	0.0	0.0	0.0	0.00033	0.0	0.0	0.0	0.0	0.0	0.0	0.0	0.0	0.0	0.0	0.0	0.0	0.00023	0.0	0.0	0.0	0.0	0.0	0.0	0.0	0.0	0.0	0.00069	0.0	0.00017	
0.00021	0.07274	0.10637	0.04529	0.00021	0.01963	0.11663	0.12575	0.18364	0.53998	0.02296	0.0	0.17518	0.11189	0.20408	0.00333	0.15711	0.06381	0.03116	0.04419	0.00033	0.45358	0.05911	0.00021	0.0	0.05421	0.12716	0.01724	0.01682	0.11762	0.01724	0.00021	0.0299	0.61601	0.02633	0.39604	0.19389	0.04389	0.18787	0.02469	0.1101	0.0	0.31099	0.01963	0.01963	0.01963	0.02895	0.61627	0.00021	0.03592	0.05168	0.03975	0.01396	0.01437	0.00021	0.61627	0.04087	0.00021	0.00021	0.0117	0.04729	0.00081	0.01312	0.46143	0.01426	0.41948	0.19426	0.47171	0.38298	0.00021	0.61627	0.00021	0.0	0.00021	0.61627	0.00021	0.00021	0.00021	0.00021	0.00021	0.00021	0.00021	0.00021	0.00021	0.00021	0.00021	0.00021	0.01285	0.00021	0.00021	0.00021	0.00021	0.00021	0.00021	0.00021	0.00021	0.00021	0.01438	0.00021	0.04507	
0.00077	0.20495	0.22774	0.06432	0.00077	0.03224	0.38172	0.16237	0.71699	0.11761	0.25749	0.0	0.35852	0.13383	0.37795	0.00748	0.08068	0.27839	0.37896	0.33205	0.01062	0.0603	0.26404	0.00077	0.05421	0.0	0.19948	0.13185	0.06083	0.27795	0.13185	0.00077	0.05433	0.04618	0.04592	0.02267	0.08403	0.04955	0.15154	0.24305	0.04516	0.0	0.05937	0.03224	0.03224	0.03224	0.04281	0.03968	0.00077	0.40791	0.47935	0.21065	0.11038	0.02322	0.00077	0.03968	0.27631	0.00077	0.00077	0.01861	0.08632	0.05184	0.11906	0.05262	0.02304	0.06212	0.1316	0.05273	0.0757	0.00077	0.03968	0.00077	0.0	0.00077	0.03968	0.00077	0.00077	0.00077	0.00077	0.00077	0.00077	0.00077	0.00077	0.00077	0.00077	0.00077	0.00077	0.02065	0.00077	0.00077	0.00077	0.00077	0.00077	0.00077	0.00077	0.00077	0.00077	0.02313	0.00077	0.24287	
0.00062	0.14839	0.17133	0.16814	0.00062	0.06805	0.29847	0.24714	0.64518	0.21794	0.09131	0.0	0.32118	0.15806	0.30369	0.01993	0.12111	0.1791	0.17849	0.04168	0.00186	0.13335	0.13883	0.00062	0.12716	0.19948	0.0	0.05455	0.04586	0.22132	0.05455	0.00062	0.16571	0.10682	0.09148	0.04905	0.22968	0.14148	0.09366	0.29678	0.11166	0.0	0.04038	0.06805	0.06805	0.06805	0.03167	0.08622	0.00062	0.31678	0.24133	0.31719	0.10934	0.04408	0.00062	0.08622	0.21469	0.00062	0.00062	0.0344	0.09174	0.00462	0.03954	0.10661	0.04381	0.1541	0.09861	0.12288	0.11135	0.00062	0.08622	0.00062	0.0	0.00062	0.08622	0.00062	0.00062	0.00062	0.00062	0.00062	0.00062	0.00062	0.00062	0.00062	0.00062	0.00062	0.00062	0.03882	0.00062	0.00062	0.00062	0.00062	0.00062	0.00062	0.00062	0.00062	0.00062	0.04368	0.00062	0.21844	
0.00441	0.03501	0.13603	0.1669	0.00441	0.01395	0.04687	0.05337	0.05747	0.07457	0.18114	0.0	0.06882	0.06012	0.05937	0.0	0.066	0.06447	0.10662	0.11204	0.0	0.0947	0.09701	0.00441	0.01724	0.13185	0.05455	0.0	0.01555	0.06103	1.00797	0.00441	0.01628	0.01822	0.01572	0.01116	0.06414	0.0647	0.10263	0.01592	0.02736	0.0	0.02018	0.01395	0.01395	0.01395	0.01783	0.01551	0.00441	0.01934	0.1186	0.02083	0.01111	0.01131	0.00441	0.01551	0.02303	0.00441	0.00441	0.0102	0.20388	0.01018	0.01076	0.01694	0.01125	0.01885	0.05378	0.10562	0.02122	0.00441	0.01551	0.00441	0.0	0.00441	0.01551	0.00441	0.00441	0.00441	0.00441	0.00441	0.00441	0.00441	0.00441	0.00441	0.00441	0.00441	0.00441	0.01059	0.00441	0.00441	0.00441	0.00441	0.00441	0.00441	0.00441	0.00441	0.00441	0.01146	0.00441	0.02341	
0.00026	0.03714	0.04842	0.02704	0.00026	0.01441	0.04589	0.06218	0.48308	0.05925	0.38452	0.0	0.14725	0.13184	0.07546	0.00599	0.16643	0.05915	0.20622	0.05488	0.00152	0.40916	0.03986	0.00026	0.01682	0.06083	0.04586	0.01555	0.0	0.0517	0.01555	0.00026	0.33936	0.01639	0.01659	0.00961	0.11633	0.0	0.09392	0.01606	0.02744	0.0	0.01953	0.01441	0.01441	0.01441	0.01865	0.0145	0.00026	0.16501	0.02786	0.02158	0.01007	0.0098	0.00026	0.0145	0.04617	0.00026	0.00026	0.008	0.0209	0.00026	0.00899	0.01667	1.00126	0.01974	0.0684	0.01856	0.02225	0.00026	0.0145	0.00026	0.0	0.00026	0.0145	0.00026	0.00026	0.00026	0.00026	0.00026	0.00026	0.00026	0.00026	0.00026	0.00026	0.00026	0.00026	0.00924	0.00026	0.00026	0.00026	0.00026	0.00026	0.00026	0.00026	0.00026	0.00026	0.00946	0.00026	0.03994	
0.00076	0.06428	0.09274	0.13102	0.00076	0.07519	0.23909	0.0992	0.33637	0.13688	0.09974	0.0	0.30817	0.14833	0.31568	0.02254	0.19746	0.21389	0.23318	0.09673	0.00213	0.12953	0.29381	0.00076	0.11762	0.27795	0.22132	0.06103	0.0517	0.0	0.06103	0.00076	0.13837	0.07952	0.11286	0.04475	0.26558	0.2875	0.15791	0.38465	0.21982	0.0	0.12909	0.07519	0.07519	0.07519	0.02273	0.08194	0.00076	0.47644	0.26307	0.39267	0.13859	0.05227	0.00076	0.08194	0.4032	0.00076	0.00076	0.03605	0.10762	0.00076	0.04132	0.10427	0.05205	0.12254	0.34289	0.10554	0.08143	0.00076	0.08194	0.00076	0.0	0.00076	0.08194	0.00076	0.00076	0.00076	0.00076	0.00076	0.00076	0.00076	0.00076	0.00076	0.00076	0.00076	0.00076	0.04621	0.00076	0.00076	0.00076	0.00076	0.00076	0.00076	0.00076	0.00076	0.00076	0.04544	0.00076	0.38369	
0.00441	0.03501	0.13603	0.1669	0.00441	0.01395	0.04687	0.05337	0.05747	0.07457	0.18114	0.0	0.06882	0.06012	0.05937	0.0	0.066	0.06447	0.10662	0.11204	0.0	0.0947	0.09701	0.00441	0.01724	0.13185	0.05455	1.00797	0.01555	0.06103	0.0	0.00441	0.01628	0.01822	0.01572	0.01116	0.06414	0.0647	0.10263	0.01592	0.02736	0.0	0.02018	0.01395	0.01395	0.01395	0.01783	0.01551	0.00441	0.01934	0.1186	0.02083	0.01111	0.01131	0.00441	0.01551	0.02303	0.00441	0.00441	0.0102	0.20388	0.01018	0.01076	0.01694	0.01125	0.01885	0.05378	0.10562	0.02122	0.00441	0.01551	0.00441	0.0	0.00441	0.01551	0.00441	0.00441	0.00441	0.00441	0.00441	0.00441	0.00441	0.00441	0.00441	0.00441	0.00441	0.00441	0.01059	0.00441	0.00441	0.00441	0.00441	0.00441	0.00441	0.00441	0.00441	0.00441	0.01146	0.00441	0.02341	
0.0	7e-05	0.00094	0.00152	0.0	0.0009	0.00013	0.00024	0.00084	0.00015	0.00062	0.0	0.00023	0.00031	0.00012	0.0	5e-05	0.00047	0.00041	0.0001	0.0	0.00017	0.00034	0.0	0.00021	0.00077	0.00062	0.00441	0.00026	0.00076	0.00441	0.0	0.00016	0.00038	0.0005	0.00028	0.00031	0.0	0.00036	0.00018	0.00071	0.0	0.0005	0.0009	0.0009	0.0009	0.00027	0.00033	0.0	0.0002	0.00073	0.00017	0.00025	0.00027	0.0	0.00033	0.00027	0.0	0.0	0.0007	0.00095	0.0	0.00038	0.00017	0.00025	0.00046	0.00018	0.00024	0.00017	0.0	0.00033	0.0	0.0	0.0	0.00033	0.0	0.0	0.0	0.0	0.0	0.0	0.0	0.0	0.0	0.0	0.0	0.0	0.00023	0.0	0.0	0.0	0.0	0.0	0.0	0.0	0.0	0.0	0.00069	0.0	0.00017	
0.00016	0.09017	0.10423	0.14445	0.00016	0.01874	0.16677	0.12103	0.1978	0.04889	0.02213	0.0	0.06054	0.11014	0.10979	0.00362	0.35299	0.06412	0.03064	0.04332	0.00054	0.37725	0.10484	0.00016	0.0299	0.05433	0.16571	0.01628	0.33936	0.13837	0.01628	0.00016	0.0	0.09968	0.02571	0.01327	0.12308	0.12091	0.21895	0.02378	0.04946	0.0	0.03316	0.01874	0.01874	0.01874	0.02803	0.02271	0.00016	0.03553	0.05207	0.37469	0.01319	0.33978	0.00016	0.02271	0.03999	0.00016	0.00016	0.01099	0.27593	0.00108	0.01237	0.02909	0.33763	0.0339	0.12836	0.03175	0.04046	0.00016	0.02271	0.00016	0.0	0.00016	0.02271	0.00016	0.00016	0.00016	0.00016	0.00016	0.00016	0.00016	0.00016	0.00016	0.00016	0.00016	0.00016	0.01211	0.00016	0.00016	0.00016	0.00016	0.00016	0.00016	0.00016	0.00016	0.00016	0.01359	0.00016	0.04476	
0.00038	0.05296	0.05338	0.03925	0.00038	0.01908	0.12332	0.10439	0.13515	0.46555	0.02203	0.0	0.19161	0.08014	0.13427	0.0037	0.05562	0.05443	0.02792	0.03925	0.00038	0.61408	0.05256	0.00038	0.61601	0.04618	0.10682	0.01822	0.01639	0.07952	0.01822	0.00038	0.09968	0.0	0.02368	0.01344	0.09702	0.05182	0.25524	0.02278	0.04273	0.0	0.41593	0.01908	0.01908	0.01908	0.02649	1.00002	0.00038	0.03098	0.04273	0.04789	0.01362	0.01372	0.00038	1.00002	0.03642	0.00038	0.00038	0.01125	0.05934	0.0009	0.01258	0.63391	0.01389	0.55083	0.16714	0.65385	0.48134	0.00038	1.00002	0.00038	0.0	0.00038	1.00002	0.00038	0.00038	0.00038	0.00038	0.00038	0.00038	0.00038	0.00038	0.00038	0.00038	0.00038	0.00038	0.01256	0.00038	0.00038	0.00038	0.00038	0.00038	0.00038	0.00038	0.00038	0.00038	0.01355	0.00038	0.03856	
0.0005	0.10072	0.0538	0.19037	0.0005	0.59488	0.08636	0.13524	0.28459	0.04226	0.02134	0.0	0.05165	0.10402	0.10527	0.36061	0.10123	0.15332	0.02778	0.03895	0.00221	0.03485	0.05133	0.0005	0.02633	0.04592	0.09148	0.01572	0.01659	0.11286	0.01572	0.0005	0.02571	0.02368	0.0	0.01267	0.25009	0.0	0.20179	0.02175	0.04326	0.0	0.02969	0.59488	0.59488	0.59488	0.29459	0.02086	0.0005	0.03084	0.04363	0.03399	0.0126	0.01295	0.0005	0.02086	0.03535	0.0005	0.0005	0.01068	0.04127	0.00325	0.01188	0.26301	0.01286	0.36564	0.13456	0.0287	0.21925	0.0005	0.02086	0.0005	0.0	0.0005	0.02086	0.0005	0.0005	0.0005	0.0005	0.0005	0.0005	0.0005	0.0005	0.0005	0.0005	0.0005	0.0005	0.41574	0.0005	0.0005	0.0005	0.0005	0.0005	0.0005	0.0005	0.0005	0.0005	0.01299	0.0005	0.23383	
0.00028	0.02957	0.08949	0.02001	0.00028	0.01083	0.03808	0.04813	0.06014	0.14233	0.01233	0.0	0.02496	0.07622	0.07063	0.00297	0.15861	0.02604	0.01463	0.02056	0.00051	0.0176	0.0264	0.00028	0.39604	0.02267	0.04905	0.01116	0.00961	0.04475	0.01116	0.00028	0.01327	0.01344	0.01267	0.0	0.22191	0.03287	0.07968	0.01264	0.12022	0.0	0.01656	0.01083	0.01083	0.01083	0.01441	0.01227	0.00028	0.01594	0.02116	0.01726	0.00804	0.00824	0.00028	0.01227	0.01909	0.00028	0.00028	0.00713	0.02073	0.00093	0.0077	0.01376	0.00818	0.01553	0.0624	0.01502	0.01761	0.00028	0.01227	0.00028	0.0	0.00028	0.01227	0.00028	0.00028	0.00028	0.00028	0.00028	0.00028	0.00028	0.00028	0.00028	0.00028	0.00028	0.00028	0.00752	0.00028	0.00028	0.00028	0.00028	0.00028	0.00028	0.00028	0.00028	0.00028	0.0084	0.00028	0.01951	
0.00031	0.11771	0.0561	0.09849	0.00031	0.14761	0.22724	0.24616	0.58866	0.19826	0.1659	0.0	0.17825	0.28166	0.11255	0.00272	0.17589	0.46933	0.27955	0.07318	0.00272	0.19216	0.13398	0.00031	0.19389	0.08403	0.22968	0.06414	0.11633	0.26558	0.06414	0.00031	0.12308	0.09702	0.25009	0.22191	0.0	0.00031	0.18107	0.21197	0.34077	0.0	0.11919	0.14761	0.14761	0.14761	0.04386	0.07844	0.00031	0.39659	0.07178	0.19554	0.10299	0.04701	0.00031	0.07844	0.39666	0.00031	0.00031	0.17352	0.08516	0.00031	0.0423	0.12867	0.10574	0.15715	0.35732	0.18303	0.16623	0.00031	0.07844	0.00031	0.0	0.00031	0.07844	0.00031	0.00031	0.00031	0.00031	0.00031	0.00031	0.00031	0.00031	0.00031	0.00031	0.00031	0.00031	0.09448	0.00031	0.00031	0.00031	0.00031	0.00031	0.00031	0.00031	0.00031	0.00031	0.04502	0.00031	0.51493	
0.0	0.01797	0.05132	0.02744	0.0	0.0	0.14235	0.05935	0.60239	0.04037	0.0	0.0	0.21137	0.18338	0.2069	0.0	0.00432	0.80929	0.0	0.0011	0.0	0.1814	0.23362	0.0	0.04389	0.04955	0.14148	0.0647	0.0	0.2875	0.0647	0.0	0.12091	0.05182	0.0	0.03287	0.00031	0.0	0.00036	0.0	0.0829	0.0	0.05479	0.0	0.0	0.0	0.03493	0.04233	0.0	0.0	0.03317	0.26549	0.0	0.03333	0.0	0.04233	0.0	0.0	0.0	0.02633	0.04853	0.0	0.03057	0.14628	0.0	0.20524	0.09498	0.05418	0.04116	0.0	0.04233	0.0	0.0	0.0	0.04233	0.0	0.0	0.0	0.0	0.0	0.0	0.0	0.0	0.0	0.0	0.0	0.0	0.0	0.0	0.0	0.0	0.0	0.0	0.0	0.0	0.0	0.0	0.02883	0.0	0.0	
0.00036	0.06831	0.1448	0.0694	0.00036	0.11915	0.15514	0.18698	0.38739	0.19295	0.14609	0.0	0.25033	0.22859	0.164	0.00704	0.18045	0.33687	0.24293	0.17748	0.00704	0.29948	0.16805	0.00036	0.18787	0.15154	0.09366	0.10263	0.09392	0.15791	0.10263	0.00036	0.21895	0.25524	0.20179	0.07968	0.18107	0.00036	0.0	0.17105	0.48307	0.0	0.29848	0.11915	0.11915	0.11915	0.07475	0.1762	0.00036	0.31994	0.25231	0.30269	0.08316	0.09713	0.00036	0.1762	0.32	0.00036	0.00036	0.06353	0.0304	0.00036	0.07336	0.22476	0.08538	0.25231	0.18732	0.19374	0.18169	0.00036	0.1762	0.00036	0.0	0.00036	0.1762	0.00036	0.00036	0.00036	0.00036	0.00036	0.00036	0.00036	0.00036	0.00036	0.00036	0.00036	0.00036	0.0763	0.00036	0.00036	0.00036	0.00036	0.00036	0.00036	0.00036	0.00036	0.00036	0.09484	0.00036	0.41538	
0.00018	0.0555	0.04855	0.03563	0.00018	0.01726	0.30155	0.10872	0.11726	0.03852	0.02062	0.0	0.20662	0.11577	0.40811	0.00613	0.04104	0.12704	0.20071	0.03661	0.00149	0.03218	0.22666	0.00018	0.02469	0.24305	0.29678	0.01592	0.01606	0.38465	0.01592	0.00018	0.02378	0.02278	0.02175	0.01264	0.21197	0.0	0.17105	0.0	0.04055	0.0	0.02834	0.01726	0.01726	0.01726	0.02438	0.02029	0.00018	0.54777	0.21859	0.50507	0.3221	0.0129	0.00018	0.02029	0.33106	0.00018	0.00018	0.01075	0.03781	0.00242	0.01189	0.02413	0.01281	0.02752	0.09216	0.02678	0.03198	0.00018	0.02029	0.00018	0.0	0.00018	0.02029	0.00018	0.00018	0.00018	0.00018	0.00018	0.00018	0.00018	0.00018	0.00018	0.00018	0.00018	0.00018	0.01165	0.00018	0.00018	0.00018	0.00018	0.00018	0.00018	0.00018	0.00018	0.00018	0.01298	0.00018	0.25561	
0.00071	0.06328	0.138	0.04641	0.00071	0.03199	0.03861	0.10413	0.08905	0.03201	0.03765	0.0	0.10403	0.04877	0.05239	0.00464	0.0654	0.04174	0.05174	0.04148	0.00025	0.06575	0.10107	0.00071	0.1101	0.04516	0.11166	0.02736	0.02744	0.21982	0.02736	0.00071	0.04946	0.04273	0.04326	0.12022	0.34077	0.0829	0.48307	0.04055	0.0	0.0	0.0563	0.03199	0.03199	0.03199	0.00735	0.03874	0.00071	0.05969	0.22461	0.06633	0.02282	0.02348	0.00071	0.03874	0.06802	0.00071	0.00071	0.09669	0.04218	0.00085	0.11088	0.04898	0.02331	0.05687	0.14013	0.09722	0.02852	0.00071	0.03874	0.00071	0.0	0.00071	0.03874	0.00071	0.00071	0.00071	0.00071	0.00071	0.00071	0.00071	0.00071	0.00071	0.00071	0.00071	0.00071	0.02102	0.00071	0.00071	0.00071	0.00071	0.00071	0.00071	0.00071	0.00071	0.00071	0.02343	0.00071	0.07557	
0.0	0.0	0.0	0.0	0.0	0.0	0.0	0.0	0.0	0.0	0.0	0.0	0.0	0.0	0.0	0.0	0.0	0.0	0.0	0.0	0.0	0.0	0.0	0.0	0.0	0.0	0.0	0.0	0.0	0.0	0.0	0.0	0.0	0.0	0.0	0.0	0.0	0.0	0.0	0.0	0.0	0.0	0.0	0.0	0.0	0.0	0.0	0.0	0.0	0.0	0.0	0.0	0.0	0.0	0.0	0.0	0.0	0.0	0.0	0.0	0.0	0.0	0.0	0.0	0.0	0.0	0.0	0.0	0.0	0.0	0.0	0.0	0.0	0.0	0.0	0.0	0.0	0.0	0.0	0.0	0.0	0.0	0.0	0.0	0.0	0.0	0.0	0.0	0.0	0.0	0.0	0.0	0.0	0.0	0.0	0.0	0.0	0.0	0.0	0.0	
0.0005	0.00794	0.06968	0.04988	0.0005	0.02279	0.04614	0.07159	0.0792	0.25853	0.02642	0.0	0.07993	0.07657	0.22717	0.00352	0.07449	0.0699	0.03493	0.0498	0.00026	0.30543	0.0662	0.0005	0.31099	0.05937	0.04038	0.02018	0.01953	0.12909	0.02018	0.0005	0.03316	0.41593	0.02969	0.01656	0.11919	0.05479	0.29848	0.02834	0.0563	0.0	0.0	0.02279	0.02279	0.02279	0.033	0.42032	0.0005	0.03988	0.05624	0.04395	0.01646	0.01692	0.0005	0.42032	0.04601	0.0005	0.0005	0.01393	0.05229	0.00073	0.01552	0.31672	0.0168	0.28907	0.10822	0.32009	0.26519	0.0005	0.42032	0.0005	0.0	0.0005	0.42032	0.0005	0.0005	0.0005	0.0005	0.0005	0.0005	0.0005	0.0005	0.0005	0.0005	0.0005	0.0005	0.01522	0.0005	0.0005	0.0005	0.0005	0.0005	0.0005	0.0005	0.0005	0.0005	0.20686	0.0005	0.04986	
0.0009	0.0963	0.03729	0.2184	0.0009	1.00107	0.05654	0.11365	0.08185	0.03015	0.01759	0.0	0.03628	0.08587	0.08488	0.0	0.09439	0.16178	0.02107	0.0294	0.00312	0.02605	0.03776	0.0009	0.01963	0.03224	0.06805	0.01395	0.01441	0.07519	0.01395	0.0009	0.01874	0.01908	0.59488	0.01083	0.14761	0.0	0.11915	0.01726	0.03199	0.0	0.02279	0.0	1.00107	1.00107	0.40516	0.01668	0.0009	0.02247	0.03024	0.02446	0.01077	0.01104	0.0009	0.01668	0.02654	0.0009	0.0009	0.00942	0.02997	0.00433	0.01027	0.01922	0.01096	0.46778	0.09388	0.02168	0.25901	0.0009	0.01668	0.0009	0.0	0.0009	0.01668	0.0009	0.0009	0.0009	0.0009	0.0009	0.0009	0.0009	0.0009	0.0009	0.0009	0.0009	0.0009	0.01006	0.0009	0.0009	0.0009	0.0009	0.0009	0.0009	0.0009	0.0009	0.0009	0.01115	0.0009	0.02764	
0.0009	0.0963	0.03729	0.2184	0.0009	1.00107	0.05654	0.11365	0.08185	0.03015	0.01759	0.0	0.03628	0.08587	0.08488	0.0	0.09439	0.16178	0.02107	0.0294	0.00312	0.02605	0.03776	0.0009	0.01963	0.03224	0.06805	0.01395	0.01441	0.07519	0.01395	0.0009	0.01874	0.01908	0.59488	0.01083	0.14761	0.0	0.11915	0.01726	0.03199	0.0	0.02279	1.00107	0.0	1.00107	0.40516	0.01668	0.0009	0.02247	0.03024	0.02446	0.01077	0.01104	0.0009	0.01668	0.02654	0.0009	0.0009	0.00942	0.02997	0.00433	0.01027	0.01922	0.01096	0.46778	0.09388	0.02168	0.25901	0.0009	0.01668	0.0009	0.0	0.0009	0.01668	0.0009	0.0009	0.0009	0.0009	0.0009	0.0009	0.0009	0.0009	0.0009	0.0009	0.0009	0.0009	0.01006	0.0009	0.0009	0.0009	0.0009	0.0009	0.0009	0.0009	0.0009	0.0009	0.01115	0.0009	0.02764	
0.0009	0.0963	0.03729	0.2184	0.0009	1.00107	0.05654	0.11365	0.08185	0.03015	0.01759	0.0	0.03628	0.08587	0.08488	0.0	0.09439	0.16178	0.02107	0.0294	0.00312	0.02605	0.03776	0.0009	0.01963	0.03224	0.06805	0.01395	0.01441	0.07519	0.01395	0.0009	0.01874	0.01908	0.59488	0.01083	0.14761	0.0	0.11915	0.01726	0.03199	0.0	0.02279	1.00107	1.00107	0.0	0.40516	0.01668	0.0009	0.02247	0.03024	0.02446	0.01077	0.01104	0.0009	0.01668	0.02654	0.0009	0.0009	0.00942	0.02997	0.00433	0.01027	0.01922	0.01096	0.46778	0.09388	0.02168	0.25901	0.0009	0.01668	0.0009	0.0	0.0009	0.01668	0.0009	0.0009	0.0009	0.0009	0.0009	0.0009	0.0009	0.0009	0.0009	0.0009	0.0009	0.0009	0.01006	0.0009	0.0009	0.0009	0.0009	0.0009	0.0009	0.0009	0.0009	0.0009	0.01115	0.0009	0.02764	
0.00027	0.20391	0.02491	0.23548	0.00027	0.40516	0.02773	0.07101	0.14175	0.04591	0.02392	0.0	0.056	0.05631	0.05787	0.11557	0.04981	0.07339	0.03053	0.01606	0.00199	0.03821	0.05658	0.00027	0.02895	0.04281	0.03167	0.01783	0.01865	0.02273	0.01783	0.00027	0.02803	0.02649	0.29459	0.01441	0.04386	0.03493	0.07475	0.02438	0.00735	0.0	0.033	0.40516	0.40516	0.40516	0.0	0.02342	0.00027	0.03369	0.12058	0.03701	0.01432	0.01472	0.00027	0.02342	0.03912	0.00027	0.00027	0.01217	0.04493	0.00312	0.2336	0.02827	0.01461	0.25243	0.07181	0.03155	0.12626	0.00027	0.02342	0.00027	0.0	0.00027	0.02342	0.00027	0.00027	0.00027	0.00027	0.00027	0.00027	0.00027	0.00027	0.00027	0.00027	0.00027	0.00027	0.01325	0.00027	0.00027	0.00027	0.00027	0.00027	0.00027	0.00027	0.00027	0.00027	0.01477	0.00027	0.04196	
0.00033	0.05271	0.04613	0.03399	0.00033	0.01668	0.09927	0.1021	0.11667	0.4621	0.01921	0.0	0.19285	0.06588	0.1351	0.0032	0.04898	0.04617	0.02432	0.03447	0.00036	0.61341	0.04507	0.00033	0.61627	0.03968	0.08622	0.01551	0.0145	0.08194	0.01551	0.00033	0.02271	1.00002	0.02086	0.01227	0.07844	0.04233	0.1762	0.02029	0.03874	0.0	0.42032	0.01668	0.01668	0.01668	0.02342	0.0	0.00033	0.02728	0.03735	0.02984	0.0122	0.01252	0.00033	1.00005	0.03195	0.00033	0.00033	0.01048	0.03546	0.0008	0.01156	0.63413	0.01243	0.54949	0.16474	0.65442	0.47914	0.00033	1.00005	0.00033	0.0	0.00033	1.00005	0.00033	0.00033	0.00033	0.00033	0.00033	0.00033	0.00033	0.00033	0.00033	0.00033	0.00033	0.00033	0.01132	0.00033	0.00033	0.00033	0.00033	0.00033	0.00033	0.00033	0.00033	0.00033	0.01261	0.00033	0.03379	
0.0	7e-05	0.00094	0.00152	0.0	0.0009	0.00013	0.00024	0.00084	0.00015	0.00062	0.0	0.00023	0.00031	0.00012	0.0	5e-05	0.00047	0.00041	0.0001	0.0	0.00017	0.00034	0.0	0.00021	0.00077	0.00062	0.00441	0.00026	0.00076	0.00441	0.0	0.00016	0.00038	0.0005	0.00028	0.00031	0.0	0.00036	0.00018	0.00071	0.0	0.0005	0.0009	0.0009	0.0009	0.00027	0.00033	0.0	0.0002	0.00073	0.00017	0.00025	0.00027	0.0	0.00033	0.00027	0.0	0.0	0.0007	0.00095	0.0	0.00038	0.00017	0.00025	0.00046	0.00018	0.00024	0.00017	0.0	0.00033	0.0	0.0	0.0	0.00033	0.0	0.0	0.0	0.0	0.0	0.0	0.0	0.0	0.0	0.0	0.0	0.0	0.00023	0.0	0.0	0.0	0.0	0.0	0.0	0.0	0.0	0.0	0.00069	0.0	0.00017	
0.0002	0.11844	0.1846	0.05419	0.0002	0.02247	0.33323	0.19045	0.71157	0.20113	0.47336	0.0	0.51183	0.21735	0.36727	0.00733	0.0646	0.39855	0.60322	0.19289	0.00187	0.048	0.42162	0.0002	0.03592	0.40791	0.31678	0.01934	0.16501	0.47644	0.01934	0.0002	0.03553	0.03098	0.03084	0.01594	0.39659	0.0	0.31994	0.54777	0.05969	0.0	0.03988	0.02247	0.02247	0.02247	0.03369	0.02728	0.0002	0.0	0.1956	0.37534	0.19234	0.01632	0.0002	0.02728	0.78335	0.0002	0.0002	0.01318	0.12161	0.24197	0.01485	0.03495	0.01619	0.04073	0.16176	0.03902	0.04871	0.0002	0.02728	0.0002	0.0	0.0002	0.02728	0.0002	0.0002	0.0002	0.0002	0.0002	0.0002	0.0002	0.0002	0.0002	0.0002	0.0002	0.0002	0.01455	0.0002	0.0002	0.0002	0.0002	0.0002	0.0002	0.0002	0.0002	0.0002	0.0163	0.0002	0.60485	
0.00073	0.20269	0.10579	0.12666	0.00073	0.03024	0.31183	0.18914	0.26164	0.07579	0.03618	0.0	0.17942	0.13961	0.34896	0.0052	0.07675	0.1304	0.14355	0.13205	0.00928	0.05659	0.17447	0.00073	0.05168	0.47935	0.24133	0.1186	0.02786	0.26307	0.1186	0.00073	0.05207	0.04273	0.04363	0.02116	0.07178	0.03317	0.25231	0.21859	0.22461	0.0	0.05624	0.03024	0.03024	0.03024	0.12058	0.03735	0.00073	0.1956	0.0	0.19545	0.09923	0.02168	0.00073	0.03735	0.09141	0.00073	0.00073	0.11482	0.07856	0.00387	0.21516	0.05013	0.02151	0.05941	0.16011	0.04988	0.07158	0.00073	0.03735	0.00073	0.0	0.00073	0.03735	0.00073	0.00073	0.00073	0.00073	0.00073	0.00073	0.00073	0.00073	0.00073	0.00073	0.00073	0.00073	0.01925	0.00073	0.00073	0.00073	0.00073	0.00073	0.00073	0.00073	0.00073	0.00073	0.02159	0.00073	0.09215	
0.00017	0.04945	0.06287	0.08441	0.00017	0.02446	0.33708	0.11983	0.16695	0.06659	0.02939	0.0	0.18494	0.13823	0.36993	0.00544	0.35515	0.12901	0.15256	0.05844	0.00092	0.05361	0.19773	0.00017	0.03975	0.21065	0.31719	0.02083	0.02158	0.39267	0.02083	0.00017	0.37469	0.04789	0.03399	0.01726	0.19554	0.26549	0.30269	0.50507	0.06633	0.0	0.04395	0.02446	0.02446	0.02446	0.03701	0.02984	0.00017	0.37534	0.19545	0.0	0.17885	0.1818	0.00017	0.02984	0.23236	0.00017	0.00017	0.01422	0.18697	0.00175	0.01606	0.03865	0.01754	0.0452	0.18778	0.04264	0.05435	0.00017	0.02984	0.00017	0.0	0.00017	0.02984	0.00017	0.00017	0.00017	0.00017	0.00017	0.00017	0.00017	0.00017	0.00017	0.00017	0.00017	0.00017	0.01574	0.00017	0.00017	0.00017	0.00017	0.00017	0.00017	0.00017	0.00017	0.00017	0.01765	0.00017	0.20323	
0.00025	0.02938	0.02593	0.01989	0.00025	0.01077	0.11057	0.05383	0.0573	0.02081	0.01259	0.0	0.09745	0.07609	0.1449	0.00472	0.11694	0.12428	0.01477	0.02067	0.00124	0.01791	0.11161	0.00025	0.01396	0.11038	0.10934	0.01111	0.01007	0.13859	0.01111	0.00025	0.01319	0.01362	0.0126	0.00804	0.10299	0.0	0.08316	0.3221	0.02282	0.0	0.01646	0.01077	0.01077	0.01077	0.01432	0.0122	0.00025	0.19234	0.09923	0.17885	0.0	0.00819	0.00025	0.0122	0.15557	0.00025	0.00025	0.00708	0.02086	0.00194	0.00765	0.01368	0.00813	0.01543	0.04632	0.01516	0.0175	0.00025	0.0122	0.00025	0.0	0.00025	0.0122	0.00025	0.00025	0.00025	0.00025	0.00025	0.00025	0.00025	0.00025	0.00025	0.00025	0.00025	0.00025	0.00747	0.00025	0.00025	0.00025	0.00025	0.00025	0.00025	0.00025	0.00025	0.00025	0.00835	0.00025	0.11926	
0.00027	0.03032	0.09202	0.17756	0.00027	0.01104	0.05336	0.05554	0.0618	0.02128	0.01258	0.0	0.02559	0.03734	0.03926	0.00303	0.12083	0.02669	0.01496	0.02103	0.00051	0.10193	0.11514	0.00027	0.01437	0.02322	0.04408	0.01131	0.0098	0.05227	0.01131	0.00027	0.33978	0.01372	0.01295	0.00824	0.04701	0.03333	0.09713	0.0129	0.02348	0.0	0.01692	0.01104	0.01104	0.01104	0.01472	0.01252	0.00027	0.01632	0.02168	0.1818	0.00819	0.0	0.00027	0.01252	0.01952	0.00027	0.00027	0.00724	0.17377	0.00095	0.00783	0.01408	0.00833	0.01589	0.04762	0.01537	0.01804	0.00027	0.01252	0.00027	0.0	0.00027	0.01252	0.00027	0.00027	0.00027	0.00027	0.00027	0.00027	0.00027	0.00027	0.00027	0.00027	0.00027	0.00027	0.00765	0.00027	0.00027	0.00027	0.00027	0.00027	0.00027	0.00027	0.00027	0.00027	0.00855	0.00027	0.01998	
