0.0	0.0	0.0	0.0	0.0	0.0	0.0	0.0	0.0	0.0	0.0	0.0	0.0	0.0	0.0	0.0	0.0	0.0	0.0	0.0	0.0	0.0	0.0	0.0	0.0	0.0	0.0	0.0	0.0	0.0	0.0	0.0	0.0	0.0	0.0	0.0	0.0	0.0	0.0	0.0	0.0	0.0	0.0	0.0	0.0	0.0	0.0	0.0	0.0	0.0	0.0	0.0	0.0	0.0	0.0	0.0	0.0	0.0	0.0	0.0	0.0	0.0	0.0	0.0	0.0	0.0	0.0	0.0	0.0	0.0	0.0	0.0	0.0	0.0	0.0	0.0	0.0	0.0	0.0	0.0	0.0	0.0	0.0	0.0	0.0	0.0	0.0	0.0	0.0	0.0	0.0	0.0	0.0	0.0	0.0	0.0	0.0	0.0	0.0	0.0	0.0	0.0	0.0	0.0	0.0	0.0	0.0	0.0	0.0	0.0	0.0	0.0	0.0	0.0	0.0	0.0	0.0	0.0	0.0	0.0	0.0	0.0	0.0	0.0	0.0	0.0	0.0	0.0	0.0	0.0	0.0	0.0	0.0	0.0	0.0	0.0	0.0	0.0	0.0	0.0	0.0	0.0	0.0	0.0	0.0	0.0	0.0	0.0	0.0	0.0	0.0	0.0	0.0	0.0	0.0	0.0	0.0	0.0	0.0	0.0	0.0	0.0	0.0	0.0	0.0	0.0	0.0	0.0	0.0	0.0	0.0	0.0	0.0	0.0	0.0	0.0	0.0	0.0	0.0	0.0	0.0	0.0	0.0	0.0	0.0	0.0	0.0	0.0	0.0	0.0	0.0	0.0	0.0	0.0	0.0	0.0	0.0	0.0	0.0	0.0	0.0	0.0	0.0	0.0	0.0	0.0	0.0	0.0	0.0	0.0	0.0	0.0	0.0	0.0	0.0	0.0	0.0	0.0	0.0	0.0	0.0	0.0	0.0	0.0	
0.0	0.0	0.1096	0.19363	0.07743	0.00152	0.01428	0.00152	0.00152	0.01316	0.0	0.04826	0.072	0.072	0.20154	0.1144	0.02085	0.04592	0.00152	0.03238	0.0	0.08896	0.63228	0.03038	0.08004	0.16238	0.09872	0.0	0.06709	0.04373	0.11195	0.09093	0.0	0.12375	0.0	0.02334	0.0554	0.01154	0.05074	0.02851	0.01471	0.03267	0.02654	0.06192	0.03988	0.0	0.02504	0.03065	0.04763	0.01969	0.03986	0.01702	0.03687	0.0	0.03154	0.02159	0.02159	0.03959	0.05639	0.0	0.07438	0.10001	0.07893	0.04373	0.12126	0.0	0.17429	0.03743	0.03743	0.03743	0.09817	0.0543	0.06032	0.05553	0.0528	0.06779	0.11477	0.06477	0.05329	0.04322	0.09337	0.15856	0.1262	0.08762	0.02854	0.07701	0.10345	0.14508	0.08596	0.12115	0.18649	0.06184	0.20766	0.06901	0.20335	0.10684	0.0	0.0	0.0	0.0	0.0	0.0	0.0	0.0	0.0	0.0	0.0	0.0	0.0	0.0	0.0	0.0	0.0	0.0	0.0	0.0	0.0	0.0	0.0	0.0	0.0	0.0	0.0	0.18026	0.08043	0.08523	0.04127	0.08884	0.07242	0.09589	0.1454	0.14965	0.25487	0.58096	0.0	0.0	0.22423	0.06637	0.10447	0.0	0.0	0.0	0.08049	0.06576	0.0	0.03293	0.08884	0.0	0.0	0.11604	0.03703	0.11408	0.07098	0.0	0.0	0.0	0.0	0.0	0.26607	0.08466	0.03014	0.0	0.06857	0.09031	0.0	0.0	0.04312	0.06891	0.0	0.0	0.0	0.0	0.0	0.0813	0.07899	0.07091	0.11517	0.0	0.24837	0.02275	0.16538	0.11112	0.04427	0.15755	0.00026	0.00617	0.00026	0.00026	0.00026	0.03591	0.00026	0.00026	0.09252	0.05432	0.07686	0.05497	0.08729	0.0	0.0	0.0	0.0	0.0	0.0	0.0	0.0	0.0	0.0	0.0	0.0	0.0	0.0	0.0	0.0	0.0	0.0	0.0	0.0	0.0	0.0	0.0	0.0	0.0	0.0	0.0	
0.0	0.1096	0.0	0.09436	0.07419	0.01762	0.02649	0.01762	0.01762	0.02565	0.0	0.05912	0.15877	0.15877	0.12599	0.14501	0.03786	0.09078	0.01762	0.13558	0.0	0.18981	0.40352	0.07159	0.04025	0.12776	0.10492	0.0	0.12149	0.04554	0.05319	0.10961	0.0	0.02858	0.0	0.01351	0.04024	0.06876	0.11919	0.20096	0.07372	0.06325	0.08315	0.05468	0.06537	0.0	0.02108	0.0662	0.0534	0.11734	0.02005	0.01449	0.03032	0.0	0.11468	0.12056	0.12056	0.06698	0.04706	0.0	0.04564	0.02965	0.05498	0.04554	0.12254	0.0	0.08003	0.01757	0.01757	0.01757	0.07587	0.03117	0.0257	0.01303	0.07797	0.29266	0.16039	0.11032	0.06474	0.08847	0.11719	0.11707	0.09939	0.05377	0.1106	0.05305	0.04094	0.07135	0.05522	0.09353	0.15376	0.1308	0.18423	0.09636	0.10955	0.20949	0.0	0.0	0.0	0.0	0.0	0.0	0.0	0.0	0.0	0.0	0.0	0.0	0.0	0.0	0.0	0.0	0.0	0.0	0.0	0.0	0.0	0.0	0.0	0.0	0.0	0.0	0.0	0.26705	0.14311	0.07574	0.04327	0.03887	0.02679	0.02625	0.09065	0.13854	0.18037	0.36286	0.0	0.0	0.23305	0.07421	0.10089	0.0	0.0	0.0	0.10458	0.24962	0.0	0.0796	0.06807	0.0	0.0	0.11554	0.17445	0.1365	0.17505	0.0	0.0	0.0	0.0	0.0	0.11975	0.0848	0.10191	0.0	0.19136	0.05917	0.0	0.0	0.02693	0.12069	0.0	0.0	0.0	0.0	0.0	0.10437	0.0703	0.04322	0.07796	0.0	0.09672	0.06757	0.04504	0.04187	0.03755	0.12707	0.00052	0.00554	0.00052	0.00052	0.00052	0.07681	0.00052	0.00052	0.08965	0.12361	0.09662	0.05632	0.17908	0.0	0.0	0.0	0.0	0.0	0.0	0.0	0.0	0.0	0.0	0.0	0.0	0.0	0.0	0.0	0.0	0.0	0.0	0.0	0.0	0.0	0.0	0.0	0.0	0.0	0.0	0.0	
0.0	0.19363	0.09436	0.0	0.05806	0.02056	0.08608	0.02056	0.02056	0.02818	0.0	0.08187	0.0922	0.0922	0.26922	0.05699	0.17071	0.02886	0.02056	0.08422	0.0	0.07387	0.45576	0.0946	0.07996	0.07878	0.12775	0.0	0.11837	0.06575	0.12659	0.10484	0.0	0.07447	0.0	0.06824	0.13844	0.02843	0.01974	0.03391	0.04264	0.01066	0.02269	0.01327	0.0328	0.0	0.02127	0.01996	0.0535	0.0501	0.01749	0.01454	0.07144	0.0	0.06583	0.01872	0.01872	0.03497	0.0622	0.0	0.09074	0.14728	0.11562	0.06575	0.09086	0.0	0.10218	0.07489	0.07489	0.07489	0.14246	0.03805	0.07346	0.09696	0.06129	0.0273	0.09789	0.08142	0.05307	0.09813	0.09417	0.05125	0.05542	0.02189	0.06285	0.21396	0.06948	0.1606	0.0821	0.07597	0.108	0.07941	0.10887	0.041	0.05728	0.12027	0.0	0.0	0.0	0.0	0.0	0.0	0.0	0.0	0.0	0.0	0.0	0.0	0.0	0.0	0.0	0.0	0.0	0.0	0.0	0.0	0.0	0.0	0.0	0.0	0.0	0.0	0.0	0.34643	0.1014	0.03512	0.13585	0.05557	0.10856	0.03272	0.13489	0.18599	0.16046	0.23494	0.0	0.0	0.14486	0.17229	0.07157	0.0	0.0	0.0	0.06018	0.07934	0.0	0.06476	0.10945	0.0	0.0	0.03568	0.05401	0.06554	0.05941	0.0	0.0	0.0	0.0	0.0	0.15999	0.13766	0.06085	0.0	0.04597	0.06363	0.0	0.0	0.0674	0.21975	0.0	0.0	0.0	0.0	0.0	0.04592	0.07143	0.03976	0.069	0.0	0.16282	0.01192	0.10508	0.06805	0.01853	0.04512	0.00015	0.00541	0.00015	0.00015	0.00015	0.304	0.00015	0.00015	0.04575	0.07245	0.06636	0.12661	0.13092	0.0	0.0	0.0	0.0	0.0	0.0	0.0	0.0	0.0	0.0	0.0	0.0	0.0	0.0	0.0	0.0	0.0	0.0	0.0	0.0	0.0	0.0	0.0	0.0	0.0	0.0	0.0	
0.0	0.07743	0.07419	0.05806	0.0	0.00028	0.02531	0.00028	0.00028	0.02787	0.0	0.23417	0.05089	0.05089	0.09561	0.15457	0.02173	0.0304	0.00028	0.06572	0.0	0.1486	0.46773	0.13349	0.11184	0.20272	0.17316	0.0	0.28929	0.05934	0.30745	0.12149	0.0	0.02873	0.0	0.02883	0.12131	0.04496	0.11928	0.08306	0.13624	0.02642	0.03188	0.10459	0.04587	0.0	0.02084	0.06445	0.02906	0.05559	0.05118	0.03498	0.04342	0.0	0.06393	0.0457	0.0457	0.04263	0.07393	0.0	0.04956	0.09639	0.23638	0.05934	0.20832	0.0	0.07943	0.03742	0.03742	0.03742	0.06934	0.06117	0.06689	0.0284	0.09813	0.08586	0.12424	0.13038	0.1792	0.10576	0.06881	0.04769	0.10879	0.12971	0.05915	0.0757	0.09415	0.13535	0.13459	0.26008	0.16454	0.12179	0.14465	0.0895	0.22457	0.12987	0.0	0.0	0.0	0.0	0.0	0.0	0.0	0.0	0.0	0.0	0.0	0.0	0.0	0.0	0.0	0.0	0.0	0.0	0.0	0.0	0.0	0.0	0.0	0.0	0.0	0.0	0.0	0.38074	0.06991	0.19525	0.05759	0.13888	0.1641	0.08435	0.1296	0.24441	0.27232	0.41292	0.0	0.0	0.34288	0.10228	0.10149	0.0	0.0	0.0	0.03321	0.09378	0.0	0.09677	0.04378	0.0	0.0	0.06569	0.0324	0.06846	0.08766	0.0	0.0	0.0	0.0	0.0	0.11922	0.0338	0.10459	0.0	0.1337	0.12203	0.0	0.0	0.14595	0.10509	0.0	0.0	0.0	0.0	0.0	0.11073	0.12277	0.09665	0.16678	0.0	0.41148	0.06695	0.1005	0.15748	0.05644	0.1582	0.0003	0.01383	0.0003	0.0003	0.0003	0.08528	0.0003	0.0003	0.0644	0.06827	0.05455	0.08704	0.21915	0.0	0.0	0.0	0.0	0.0	0.0	0.0	0.0	0.0	0.0	0.0	0.0	0.0	0.0	0.0	0.0	0.0	0.0	0.0	0.0	0.0	0.0	0.0	0.0	0.0	0.0	0.0	
0.0	0.00152	0.01762	0.02056	0.00028	0.0	0.00056	0.0	0.0	0.00014	0.0	0.00022	0.00012	0.00012	0.00088	0.00165	0.00075	0.00043	0.0	0.00132	0.0	0.00031	0.00469	0.00057	0.00057	0.00056	8e-05	0.0	0.00026	0.00101	0.00023	0.00045	0.0	8e-05	0.0	0.00049	0.00133	0.00048	0.00089	0.00125	0.0003	0.00064	0.00161	0.00075	0.00091	0.0	0.00035	0.00039	0.0005	0.00071	0.00021	0.00021	0.00013	0.0	0.00148	0.00235	0.00235	0.00167	0.00063	0.0	0.00013	0.00034	0.00022	0.00101	0.00078	0.0	0.00079	0.00067	0.00067	0.00067	0.0007	0.0003	0.00051	0.00062	0.0004	0.00059	0.00058	0.00027	8e-05	0.00051	0.00067	0.00026	0.00054	0.00072	0.00021	5e-05	0.00013	0.00033	0.00014	0.00011	0.00038	0.00094	0.00142	0.00028	0.00027	0.00105	0.0	0.0	0.0	0.0	0.0	0.0	0.0	0.0	0.0	0.0	0.0	0.0	0.0	0.0	0.0	0.0	0.0	0.0	0.0	0.0	0.0	0.0	0.0	0.0	0.0	0.0	0.0	0.0007	0.00026	0.00058	0.00086	2e-05	0.00012	0.00087	0.00018	0.00045	0.00043	0.00537	0.0	0.0	0.00108	0.00081	0.00023	0.0	0.0	0.0	0.00113	0.00016	0.0	0.00041	0.00049	0.0	0.0	0.00076	0.00064	0.00061	0.00057	0.0	0.0	0.0	0.0	0.0	0.00026	0.00057	0.00032	0.0	0.00011	0.00063	0.0	0.0	0.00015	0.00041	0.0	0.0	0.0	0.0	0.0	0.00015	0.00041	0.0005	0.0001	0.0	5e-05	0.0	3e-05	2e-05	0.0006	0.00148	0.0	0.0002	0.0	0.0	0.0	6e-05	0.0	0.0	0.0003	0.00021	0.00021	2e-05	0.00013	0.0	0.0	0.0	0.0	0.0	0.0	0.0	0.0	0.0	0.0	0.0	0.0	0.0	0.0	0.0	0.0	0.0	0.0	0.0	0.0	0.0	0.0	0.0	0.0	0.0	0.0	0.0	
0.0	0.01428	0.02649	0.08608	0.02531	0.00056	0.0	0.00056	0.00056	0.00369	0.0	0.0341	0.00544	0.00544	0.01037	0.01068	0.00665	0.00403	0.00056	0.40521	0.0	0.0268	0.04413	0.00971	0.01325	0.02601	0.02675	0.0	0.0583	0.01487	0.02954	0.0125	0.0	0.01344	0.0	0.01473	0.0197	0.00716	0.00948	0.00781	0.00919	0.24339	0.00689	0.01212	0.00754	0.0	0.00591	0.01425	0.02623	0.23138	0.00565	0.00432	0.35695	0.0	0.40538	0.00657	0.00657	0.02009	0.04083	0.0	0.16087	0.04535	0.01949	0.01487	0.03037	0.0	0.0303	0.01389	0.01389	0.01389	0.01147	0.03947	0.01364	0.01481	0.03218	0.12379	0.03953	0.04442	0.02501	0.02256	0.0139	0.02617	0.0391	0.09041	0.02778	0.16178	0.05219	0.01742	0.03133	0.03746	0.04311	0.06099	0.04697	0.03073	0.05739	0.02754	0.0	0.0	0.0	0.0	0.0	0.0	0.0	0.0	0.0	0.0	0.0	0.0	0.0	0.0	0.0	0.0	0.0	0.0	0.0	0.0	0.0	0.0	0.0	0.0	0.0	0.0	0.0	0.08218	0.11939	0.06097	0.18694	0.0474	0.05086	0.1306	0.02623	0.09359	0.07082	0.2073	0.0	0.0	0.13628	0.13053	0.02755	0.0	0.0	0.0	0.05154	0.02178	0.0	0.03559	0.01313	0.0	0.0	0.01363	0.01483	0.02991	0.02894	0.0	0.0	0.0	0.0	0.0	0.02581	0.01222	0.03684	0.0	0.01911	0.02327	0.0	0.0	0.03922	0.01655	0.0	0.0	0.0	0.0	0.0	0.02982	0.03945	0.01817	0.02935	0.0	0.09288	0.0	0.05746	0.0153	0.18236	0.07733	0.00056	0.00242	0.00056	0.00056	0.00056	0.13355	0.00056	0.00056	0.00974	0.00635	0.0109	0.02019	0.0771	0.0	0.0	0.0	0.0	0.0	0.0	0.0	0.0	0.0	0.0	0.0	0.0	0.0	0.0	0.0	0.0	0.0	0.0	0.0	0.0	0.0	0.0	0.0	0.0	0.0	0.0	0.0	
0.0	0.00152	0.01762	0.02056	0.00028	0.0	0.00056	0.0	0.0	0.00014	0.0	0.00022	0.00012	0.00012	0.00088	0.00165	0.00075	0.00043	0.0	0.00132	0.0	0.00031	0.00469	0.00057	0.00057	0.00056	8e-05	0.0	0.00026	0.00101	0.00023	0.00045	0.0	8e-05	0.0	0.00049	0.00133	0.00048	0.00089	0.00125	0.0003	0.00064	0.00161	0.00075	0.00091	0.0	0.00035	0.00039	0.0005	0.00071	0.00021	0.00021	0.00013	0.0	0.00148	0.00235	0.00235	0.00167	0.00063	0.0	0.00013	0.00034	0.00022	0.00101	0.00078	0.0	0.00079	0.00067	0.00067	0.00067	0.0007	0.0003	0.00051	0.00062	0.0004	0.00059	0.00058	0.00027	8e-05	0.00051	0.00067	0.00026	0.00054	0.00072	0.00021	5e-05	0.00013	0.00033	0.00014	0.00011	0.00038	0.00094	0.00142	0.00028	0.00027	0.00105	0.0	0.0	0.0	0.0	0.0	0.0	0.0	0.0	0.0	0.0	0.0	0.0	0.0	0.0	0.0	0.0	0.0	0.0	0.0	0.0	0.0	0.0	0.0	0.0	0.0	0.0	0.0	0.0007	0.00026	0.00058	0.00086	2e-05	0.00012	0.00087	0.00018	0.00045	0.00043	0.00537	0.0	0.0	0.00108	0.00081	0.00023	0.0	0.0	0.0	0.00113	0.00016	0.0	0.00041	0.00049	0.0	0.0	0.00076	0.00064	0.00061	0.00057	0.0	0.0	0.0	0.0	0.0	0.00026	0.00057	0.00032	0.0	0.00011	0.00063	0.0	0.0	0.00015	0.00041	0.0	0.0	0.0	0.0	0.0	0.00015	0.00041	0.0005	0.0001	0.0	5e-05	0.0	3e-05	2e-05	0.0006	0.00148	0.0	0.0002	0.0	0.0	0.0	6e-05	0.0	0.0	0.0003	0.00021	0.00021	2e-05	0.00013	0.0	0.0	0.0	0.0	0.0	0.0	0.0	0.0	0.0	0.0	0.0	0.0	0.0	0.0	0.0	0.0	0.0	0.0	0.0	0.0	0.0	0.0	0.0	0.0	0.0	0.0	0.0	
0.0	0.00152	0.01762	0.02056	0.00028	0.0	0.00056	0.0	0.0	0.00014	0.0	0.00022	0.00012	0.00012	0.00088	0.00165	0.00075	0.00043	0.0	0.00132	0.0	0.00031	0.00469	0.00057	0.00057	0.00056	8e-05	0.0	0.00026	0.00101	0.00023	0.00045	0.0	8e-05	0.0	0.00049	0.00133	0.00048	0.00089	0.00125	0.0003	0.00064	0.00161	0.00075	0.00091	0.0	0.00035	0.00039	0.0005	0.00071	0.00021	0.00021	0.00013	0.0	0.00148	0.00235	0.00235	0.00167	0.00063	0.0	0.00013	0.00034	0.00022	0.00101	0.00078	0.0	0.00079	0.00067	0.00067	0.00067	0.0007	0.0003	0.00051	0.00062	0.0004	0.00059	0.00058	0.00027	8e-05	0.00051	0.00067	0.00026	0.00054	0.00072	0.00021	5e-05	0.00013	0.00033	0.00014	0.00011	0.00038	0.00094	0.00142	0.00028	0.00027	0.00105	0.0	0.0	0.0	0.0	0.0	0.0	0.0	0.0	0.0	0.0	0.0	0.0	0.0	0.0	0.0	0.0	0.0	0.0	0.0	0.0	0.0	0.0	0.0	0.0	0.0	0.0	0.0	0.0007	0.00026	0.00058	0.00086	2e-05	0.00012	0.00087	0.00018	0.00045	0.00043	0.00537	0.0	0.0	0.00108	0.00081	0.00023	0.0	0.0	0.0	0.00113	0.00016	0.0	0.00041	0.00049	0.0	0.0	0.00076	0.00064	0.00061	0.00057	0.0	0.0	0.0	0.0	0.0	0.00026	0.00057	0.00032	0.0	0.00011	0.00063	0.0	0.0	0.00015	0.00041	0.0	0.0	0.0	0.0	0.0	0.00015	0.00041	0.0005	0.0001	0.0	5e-05	0.0	3e-05	2e-05	0.0006	0.00148	0.0	0.0002	0.0	0.0	0.0	6e-05	0.0	0.0	0.0003	0.00021	0.00021	2e-05	0.00013	0.0	0.0	0.0	0.0	0.0	0.0	0.0	0.0	0.0	0.0	0.0	0.0	0.0	0.0	0.0	0.0	0.0	0.0	0.0	0.0	0.0	0.0	0.0	0.0	0.0	0.0	0.0	
0.0	0.01316	0.02565	0.02818	0.02787	0.00014	0.00369	0.00014	0.00014	0.0	0.0	0.01608	0.00493	0.00493	0.00967	0.00989	0.0061	0.00362	0.00014	0.00633	0.0	0.02035	0.03779	0.00892	0.13856	0.02176	0.04248	0.0	0.15447	0.04602	0.03094	0.05469	0.0	0.04976	0.0	0.06252	0.01811	0.00656	0.00873	0.00721	0.00841	0.00652	0.00638	0.06656	0.00694	0.0	0.00539	0.01304	0.02394	0.00994	0.00513	0.00389	0.18837	0.0	0.00645	0.00612	0.00612	0.03272	0.01485	0.0	0.03503	0.04134	0.03226	0.04602	0.0452	0.0	0.02771	0.06227	0.06227	0.06227	0.0993	0.01832	0.04767	0.05091	0.03349	0.01289	0.05005	0.02424	0.02243	0.02074	0.07634	0.02387	0.0192	0.0096	0.03179	0.01633	0.02608	0.01666	0.02705	0.03712	0.02188	0.02396	0.0244	0.02221	0.02352	0.02328	0.0	0.0	0.0	0.0	0.0	0.0	0.0	0.0	0.0	0.0	0.0	0.0	0.0	0.0	0.0	0.0	0.0	0.0	0.0	0.0	0.0	0.0	0.0	0.0	0.0	0.0	0.0	0.0231	0.01074	0.01323	0.00791	0.01595	0.01727	0.01132	0.08527	0.02157	0.02545	0.03172	0.0	0.0	0.02801	0.0159	0.02229	0.0	0.0	0.0	0.03632	0.01986	0.0	0.03844	0.0679	0.0	0.0	0.0125	0.01359	0.0249	0.04905	0.0	0.0	0.0	0.0	0.0	0.07163	0.06521	0.03283	0.0	0.01744	0.06616	0.0	0.0	0.02299	0.01514	0.0	0.0	0.0	0.0	0.0	0.02449	0.03668	0.01714	0.16302	0.0	0.17441	0.0135	0.01147	0.01421	0.00732	0.01161	0.00014	0.00204	0.00014	0.00014	0.00014	0.00754	0.00014	0.00014	0.00892	0.00579	0.01021	0.01883	0.02282	0.0	0.0	0.0	0.0	0.0	0.0	0.0	0.0	0.0	0.0	0.0	0.0	0.0	0.0	0.0	0.0	0.0	0.0	0.0	0.0	0.0	0.0	0.0	0.0	0.0	0.0	0.0	
0.0	0.0	0.0	0.0	0.0	0.0	0.0	0.0	0.0	0.0	0.0	0.0	0.0	0.0	0.0	0.0	0.0	0.0	0.0	0.0	0.0	0.0	0.0	0.0	0.0	0.0	0.0	0.0	0.0	0.0	0.0	0.0	0.0	0.0	0.0	0.0	0.0	0.0	0.0	0.0	0.0	0.0	0.0	0.0	0.0	0.0	0.0	0.0	0.0	0.0	0.0	0.0	0.0	0.0	0.0	0.0	0.0	0.0	0.0	0.0	0.0	0.0	0.0	0.0	0.0	0.0	0.0	0.0	0.0	0.0	0.0	0.0	0.0	0.0	0.0	0.0	0.0	0.0	0.0	0.0	0.0	0.0	0.0	0.0	0.0	0.0	0.0	0.0	0.0	0.0	0.0	0.0	0.0	0.0	0.0	0.0	0.0	0.0	0.0	0.0	0.0	0.0	0.0	0.0	0.0	0.0	0.0	0.0	0.0	0.0	0.0	0.0	0.0	0.0	0.0	0.0	0.0	0.0	0.0	0.0	0.0	0.0	0.0	0.0	0.0	0.0	0.0	0.0	0.0	0.0	0.0	0.0	0.0	0.0	0.0	0.0	0.0	0.0	0.0	0.0	0.0	0.0	0.0	0.0	0.0	0.0	0.0	0.0	0.0	0.0	0.0	0.0	0.0	0.0	0.0	0.0	0.0	0.0	0.0	0.0	0.0	0.0	0.0	0.0	0.0	0.0	0.0	0.0	0.0	0.0	0.0	0.0	0.0	0.0	0.0	0.0	0.0	0.0	0.0	0.0	0.0	0.0	0.0	0.0	0.0	0.0	0.0	0.0	0.0	0.0	0.0	0.0	0.0	0.0	0.0	0.0	0.0	0.0	0.0	0.0	0.0	0.0	0.0	0.0	0.0	0.0	0.0	0.0	0.0	0.0	0.0	0.0	0.0	0.0	0.0	0.0	0.0	0.0	0.0	0.0	0.0	0.0	0.0	0.0	
0.0	0.04826	0.05912	0.08187	0.23417	0.00022	0.0341	0.00022	0.00022	0.01608	0.0	0.0	0.06121	0.06121	0.09329	0.07064	0.03375	0.01751	0.00022	0.1083	0.0	0.13782	0.50177	0.11782	0.06428	0.21758	0.11632	0.0	0.21965	0.11085	0.30333	0.14649	0.0	0.01676	0.0	0.02154	0.12091	0.03647	0.15154	0.10167	0.03725	0.06519	0.0674	0.08491	0.0714	0.0	0.01224	0.08281	0.04582	0.03988	0.02515	0.03004	0.04964	0.0	0.10835	0.08509	0.08509	0.1204	0.04845	0.0	0.04464	0.06337	0.41735	0.11085	0.25548	0.0	0.06523	0.02733	0.02733	0.02733	0.04575	0.1462	0.04466	0.02783	0.17179	0.05824	0.10073	0.19416	0.14792	0.07539	0.12271	0.0989	0.10957	0.0611	0.0251	0.12856	0.0511	0.10625	0.11429	0.221	0.16211	0.0595	0.07134	0.08577	0.11014	0.12655	0.0	0.0	0.0	0.0	0.0	0.0	0.0	0.0	0.0	0.0	0.0	0.0	0.0	0.0	0.0	0.0	0.0	0.0	0.0	0.0	0.0	0.0	0.0	0.0	0.0	0.0	0.0	0.24693	0.20289	0.0822	0.13834	0.10964	0.10806	0.02196	0.22148	0.22275	0.18935	0.32208	0.0	0.0	0.26874	0.12664	0.20018	0.0	0.0	0.0	0.09823	0.09135	0.0	0.07184	0.09412	0.0	0.0	0.06926	0.08114	0.07267	0.09905	0.0	0.0	0.0	0.0	0.0	0.22279	0.07267	0.0954	0.0	0.09815	0.1378	0.0	0.0	0.12396	0.118	0.0	0.0	0.0	0.0	0.0	0.11699	0.14171	0.08904	0.27253	0.0	0.20393	0.01252	0.06183	0.16109	0.06917	0.07743	0.00022	0.01544	0.00022	0.00022	0.00022	0.10578	0.00022	0.00022	0.0994	0.04707	0.07346	0.09889	0.13809	0.0	0.0	0.0	0.0	0.0	0.0	0.0	0.0	0.0	0.0	0.0	0.0	0.0	0.0	0.0	0.0	0.0	0.0	0.0	0.0	0.0	0.0	0.0	0.0	0.0	0.0	0.0	
0.0	0.072	0.15877	0.0922	0.05089	0.00012	0.00544	0.00012	0.00012	0.00493	0.0	0.06121	0.0	0.99995	0.18137	0.01695	0.0097	0.00537	0.00012	0.01002	0.0	0.04714	0.07433	0.23035	0.08617	0.07631	0.04832	0.0	0.04245	0.02466	0.03871	0.04118	0.0	0.09669	0.0	0.01079	0.03326	0.01078	0.01515	0.01185	0.20551	0.01058	0.00963	0.02019	0.01153	0.0	0.00864	0.10422	0.0561	0.14947	0.00826	0.00615	0.0104	0.0	0.01012	0.00867	0.00867	0.03349	0.02747	0.0	0.06806	0.01588	0.0345	0.02466	0.03842	0.0	0.05357	0.11957	0.11957	0.11957	0.1315	0.03381	0.09294	0.09763	0.06625	0.01909	0.09642	0.04723	0.04415	0.08583	0.1753	0.04836	0.07179	0.0174	0.04973	0.11412	0.08515	0.03069	0.05228	0.06892	0.07963	0.07209	0.09674	0.10085	0.03197	0.07949	0.0	0.0	0.0	0.0	0.0	0.0	0.0	0.0	0.0	0.0	0.0	0.0	0.0	0.0	0.0	0.0	0.0	0.0	0.0	0.0	0.0	0.0	0.0	0.0	0.0	0.0	0.0	0.08378	0.04942	0.02392	0.01354	0.03038	0.01241	0.01671	0.0381	0.04489	0.05307	0.06081	0.0	0.0	0.05775	0.02987	0.06189	0.0	0.0	0.0	0.0199	0.04519	0.0	0.03608	0.01925	0.0	0.0	0.0356	0.02542	0.09483	0.06058	0.0	0.0	0.0	0.0	0.0	0.0589	0.02484	0.03283	0.0	0.0489	0.02466	0.0	0.0	0.01471	0.02868	0.0	0.0	0.0	0.0	0.0	0.05135	0.05283	0.01861	0.05864	0.0	0.06631	0.01355	0.02167	0.02665	0.01224	0.01851	0.00012	0.00286	0.00012	0.00012	0.00012	0.2624	0.00012	0.00012	0.13894	0.00988	0.19663	0.04235	0.09814	0.0	0.0	0.0	0.0	0.0	0.0	0.0	0.0	0.0	0.0	0.0	0.0	0.0	0.0	0.0	0.0	0.0	0.0	0.0	0.0	0.0	0.0	0.0	0.0	0.0	0.0	0.0	
0.0	0.072	0.15877	0.0922	0.05089	0.00012	0.00544	0.00012	0.00012	0.00493	0.0	0.06121	0.99995	0.0	0.18137	0.01695	0.0097	0.00537	0.00012	0.01002	0.0	0.04714	0.07433	0.23035	0.08617	0.07631	0.04832	0.0	0.04245	0.02466	0.03871	0.04118	0.0	0.09669	0.0	0.01079	0.03326	0.01078	0.01515	0.01185	0.20551	0.01058	0.00963	0.02019	0.01153	0.0	0.00864	0.10422	0.0561	0.14947	0.00826	0.00615	0.0104	0.0	0.01012	0.00867	0.00867	0.03349	0.02747	0.0	0.06806	0.01588	0.0345	0.02466	0.03842	0.0	0.05357	0.11957	0.11957	0.11957	0.1315	0.03381	0.09294	0.09763	0.06625	0.01909	0.09642	0.04723	0.04415	0.08583	0.1753	0.04836	0.07179	0.0174	0.04973	0.11412	0.08515	0.03069	0.05228	0.06892	0.07963	0.07209	0.09674	0.10085	0.03197	0.07949	0.0	0.0	0.0	0.0	0.0	0.0	0.0	0.0	0.0	0.0	0.0	0.0	0.0	0.0	0.0	0.0	0.0	0.0	0.0	0.0	0.0	0.0	0.0	0.0	0.0	0.0	0.0	0.08378	0.04942	0.02392	0.01354	0.03038	0.01241	0.01671	0.0381	0.04489	0.05307	0.06081	0.0	0.0	0.05775	0.02987	0.06189	0.0	0.0	0.0	0.0199	0.04519	0.0	0.03608	0.01925	0.0	0.0	0.0356	0.02542	0.09483	0.06058	0.0	0.0	0.0	0.0	0.0	0.0589	0.02484	0.03283	0.0	0.0489	0.02466	0.0	0.0	0.01471	0.02868	0.0	0.0	0.0	0.0	0.0	0.05135	0.05283	0.01861	0.05864	0.0	0.06631	0.01355	0.02167	0.02665	0.01224	0.01851	0.00012	0.00286	0.00012	0.00012	0.00012	0.2624	0.00012	0.00012	0.13894	0.00988	0.19663	0.04235	0.09814	0.0	0.0	0.0	0.0	0.0	0.0	0.0	0.0	0.0	0.0	0.0	0.0	0.0	0.0	0.0	0.0	0.0	0.0	0.0	0.0	0.0	0.0	0.0	0.0	0.0	0.0	0.0	
0.0	0.20154	0.12599	0.26922	0.09561	0.00088	0.01037	0.00088	0.00088	0.00967	0.0	0.09329	0.18137	0.18137	0.0	0.12157	0.02437	0.01032	0.00088	0.2932	0.0	0.12059	0.34715	0.37143	0.3203	0.28008	0.09812	0.0	0.08337	0.09798	0.04983	0.27647	0.0	0.0587	0.0	0.17532	0.10524	0.20818	0.2228	0.26806	0.19387	0.21544	0.26412	0.05719	0.19431	0.0	0.01798	0.10381	0.04162	0.13619	0.03491	0.0125	0.02451	0.0	0.29246	0.34877	0.34877	0.0458	0.09938	0.0	0.09566	0.19258	0.03817	0.09798	0.16249	0.0	0.11649	0.28157	0.28157	0.28157	0.38758	0.0344	0.23096	0.21222	0.18287	0.09866	0.16933	0.10948	0.08174	0.14406	0.11826	0.07913	0.07706	0.12754	0.04758	0.08876	0.07124	0.07909	0.10925	0.09642	0.15714	0.12172	0.10885	0.10878	0.068	0.10447	0.0	0.0	0.0	0.0	0.0	0.0	0.0	0.0	0.0	0.0	0.0	0.0	0.0	0.0	0.0	0.0	0.0	0.0	0.0	0.0	0.0	0.0	0.0	0.0	0.0	0.0	0.0	0.27462	0.06952	0.09765	0.0896	0.09775	0.10363	0.09709	0.11244	0.15627	0.18708	0.34118	0.0	0.0	0.30657	0.09341	0.08665	0.0	0.0	0.0	0.07768	0.10046	0.0	0.06771	0.0898	0.0	0.0	0.11361	0.09504	0.07862	0.09122	0.0	0.0	0.0	0.0	0.0	0.12899	0.11647	0.05373	0.0	0.11	0.11322	0.0	0.0	0.08885	0.11844	0.0	0.0	0.0	0.0	0.0	0.08109	0.05797	0.09732	0.14933	0.0	0.17076	0.11661	0.07945	0.09537	0.08392	0.09123	0.00067	0.00511	0.00067	0.00067	0.00067	0.09387	0.00067	0.00067	0.08679	0.023	0.08215	0.04701	0.10291	0.0	0.0	0.0	0.0	0.0	0.0	0.0	0.0	0.0	0.0	0.0	0.0	0.0	0.0	0.0	0.0	0.0	0.0	0.0	0.0	0.0	0.0	0.0	0.0	0.0	0.0	0.0	
0.0	0.1144	0.14501	0.05699	0.15457	0.00165	0.01068	0.00165	0.00165	0.00989	0.0	0.07064	0.01695	0.01695	0.12157	0.0	0.02978	0.1978	0.00165	0.12686	0.0	0.07559	0.27537	0.03178	0.06666	0.16048	0.07315	0.0	0.14156	0.08734	0.06837	0.11975	0.0	0.10863	0.0	0.05477	0.09851	0.10956	0.11973	0.12204	0.03332	0.06739	0.09313	0.06963	0.13133	0.0	0.03571	0.08201	0.09193	0.06326	0.0171	0.06808	0.02478	0.0	0.12686	0.14023	0.14023	0.16682	0.2407	0.0	0.07194	0.10715	0.07172	0.08734	0.15849	0.0	0.17826	0.04212	0.04212	0.04212	0.0608	0.11162	0.07907	0.03726	0.08067	0.07289	0.14535	0.08783	0.05811	0.1297	0.08578	0.1121	0.12997	0.16221	0.029	0.03829	0.08801	0.09737	0.08088	0.1267	0.12013	0.17712	0.22449	0.10245	0.17202	0.18687	0.0	0.0	0.0	0.0	0.0	0.0	0.0	0.0	0.0	0.0	0.0	0.0	0.0	0.0	0.0	0.0	0.0	0.0	0.0	0.0	0.0	0.0	0.0	0.0	0.0	0.0	0.0	0.11942	0.06224	0.08777	0.0531	0.09946	0.08401	0.13408	0.13183	0.18266	0.33872	0.38579	0.0	0.0	0.23828	0.12953	0.104	0.0	0.0	0.0	0.04225	0.09453	0.0	0.0501	0.13589	0.0	0.0	0.1362	0.16303	0.12293	0.16407	0.0	0.0	0.0	0.0	0.0	0.1366	0.16819	0.0944	0.0	0.10741	0.08422	0.0	0.0	0.08425	0.09113	0.0	0.0	0.0	0.0	0.0	0.07965	0.10712	0.12482	0.11922	0.0	0.3508	0.10258	0.09569	0.09228	0.04954	0.13196	0.00143	0.00556	0.00143	0.00143	0.00143	0.03579	0.00143	0.00143	0.0659	0.02312	0.03568	0.07365	0.11115	0.0	0.0	0.0	0.0	0.0	0.0	0.0	0.0	0.0	0.0	0.0	0.0	0.0	0.0	0.0	0.0	0.0	0.0	0.0	0.0	0.0	0.0	0.0	0.0	0.0	0.0	0.0	
0.0	0.02085	0.03786	0.17071	0.02173	0.00075	0.00665	0.00075	0.00075	0.0061	0.0	0.03375	0.0097	0.0097	0.02437	0.02978	0.0	0.00658	0.00075	0.01211	0.0	0.05795	0.19614	0.0515	0.08789	0.05989	0.04923	0.0	0.08173	0.00922	0.06087	0.14529	0.0	0.01534	0.0	0.03071	0.06883	0.01312	0.01867	0.01442	0.0183	0.01285	0.01152	0.03417	0.01407	0.0	0.01052	0.03065	0.03027	0.02177	0.01007	0.00757	0.01283	0.0	0.01221	0.01025	0.01025	0.12677	0.14883	0.0	0.01012	0.14776	0.07927	0.00922	0.06098	0.0	0.11761	0.01833	0.01833	0.01833	0.03321	0.04223	0.01745	0.01337	0.02479	0.02817	0.12688	0.10623	0.05664	0.11325	0.03123	0.02516	0.03059	0.04611	0.05325	0.22388	0.06586	0.10259	0.0396	0.04857	0.03656	0.10427	0.05083	0.05792	0.0597	0.03886	0.0	0.0	0.0	0.0	0.0	0.0	0.0	0.0	0.0	0.0	0.0	0.0	0.0	0.0	0.0	0.0	0.0	0.0	0.0	0.0	0.0	0.0	0.0	0.0	0.0	0.0	0.0	0.0562	0.01831	0.0305	0.4593	0.02576	0.13017	0.01399	0.05015	0.05278	0.06241	0.07065	0.0	0.0	0.0678	0.04327	0.05625	0.0	0.0	0.0	0.02694	0.04978	0.0	0.04662	0.09473	0.0	0.0	0.0414	0.03201	0.02767	0.03344	0.0	0.0	0.0	0.0	0.0	0.1138	0.09875	0.04186	0.0	0.04334	0.03125	0.0	0.0	0.05811	0.13438	0.0	0.0	0.0	0.0	0.0	0.06044	0.04905	0.02514	0.04242	0.0	0.07807	0.00757	0.07185	0.02487	0.07329	0.025	0.00075	0.00372	0.00075	0.00075	0.00075	0.09014	0.00075	0.00075	0.02858	0.01217	0.03787	0.01447	0.05894	0.0	0.0	0.0	0.0	0.0	0.0	0.0	0.0	0.0	0.0	0.0	0.0	0.0	0.0	0.0	0.0	0.0	0.0	0.0	0.0	0.0	0.0	0.0	0.0	0.0	0.0	0.0	
0.0	0.04592	0.09078	0.02886	0.0304	0.00043	0.00403	0.00043	0.00043	0.00362	0.0	0.01751	0.00537	0.00537	0.01032	0.1978	0.00658	0.0	0.00043	0.00679	0.0	0.02667	0.04357	0.00964	0.01317	0.0237	0.02897	0.0	0.05811	0.01479	0.03379	0.01243	0.0	0.05419	0.0	0.01467	0.0196	0.00709	0.00942	0.00775	0.00912	0.00704	0.00683	0.01205	0.00749	0.0	0.00584	0.01417	0.02786	0.01075	0.00558	0.00425	0.00655	0.0	0.00691	0.0065	0.0065	0.01999	0.01599	0.0	0.03816	0.01394	0.03523	0.01479	0.03023	0.0	0.06171	0.01381	0.01381	0.01381	0.0114	0.03928	0.01356	0.01473	0.02157	0.12204	0.03897	0.02202	0.02448	0.02246	0.09013	0.02683	0.03993	0.0104	0.02333	0.01708	0.05201	0.01742	0.02894	0.03984	0.05005	0.06078	0.05231	0.03068	0.03864	0.03734	0.0	0.0	0.0	0.0	0.0	0.0	0.0	0.0	0.0	0.0	0.0	0.0	0.0	0.0	0.0	0.0	0.0	0.0	0.0	0.0	0.0	0.0	0.0	0.0	0.0	0.0	0.0	0.02702	0.04498	0.0141	0.00837	0.01726	0.01871	0.01039	0.04191	0.02526	0.02982	0.15446	0.0	0.0	0.13594	0.05893	0.03373	0.0	0.0	0.0	0.01762	0.03911	0.0	0.04198	0.0512	0.0	0.0	0.01355	0.05897	0.02977	0.10701	0.0	0.0	0.0	0.0	0.0	0.06247	0.06171	0.03582	0.0	0.05354	0.02315	0.0	0.0	0.03902	0.07257	0.0	0.0	0.0	0.0	0.0	0.02874	0.03934	0.01814	0.03682	0.0	0.18644	0.00909	0.07465	0.01524	0.00769	0.01147	0.00043	0.00233	0.00043	0.00043	0.00043	0.00821	0.00043	0.00043	0.0945	0.00629	0.01087	0.03134	0.02678	0.0	0.0	0.0	0.0	0.0	0.0	0.0	0.0	0.0	0.0	0.0	0.0	0.0	0.0	0.0	0.0	0.0	0.0	0.0	0.0	0.0	0.0	0.0	0.0	0.0	0.0	0.0	
0.0	0.00152	0.01762	0.02056	0.00028	0.0	0.00056	0.0	0.0	0.00014	0.0	0.00022	0.00012	0.00012	0.00088	0.00165	0.00075	0.00043	0.0	0.00132	0.0	0.00031	0.00469	0.00057	0.00057	0.00056	8e-05	0.0	0.00026	0.00101	0.00023	0.00045	0.0	8e-05	0.0	0.00049	0.00133	0.00048	0.00089	0.00125	0.0003	0.00064	0.00161	0.00075	0.00091	0.0	0.00035	0.00039	0.0005	0.00071	0.00021	0.00021	0.00013	0.0	0.00148	0.00235	0.00235	0.00167	0.00063	0.0	0.00013	0.00034	0.00022	0.00101	0.00078	0.0	0.00079	0.00067	0.00067	0.00067	0.0007	0.0003	0.00051	0.00062	0.0004	0.00059	0.00058	0.00027	8e-05	0.00051	0.00067	0.00026	0.00054	0.00072	0.00021	5e-05	0.00013	0.00033	0.00014	0.00011	0.00038	0.00094	0.00142	0.00028	0.00027	0.00105	0.0	0.0	0.0	0.0	0.0	0.0	0.0	0.0	0.0	0.0	0.0	0.0	0.0	0.0	0.0	0.0	0.0	0.0	0.0	0.0	0.0	0.0	0.0	0.0	0.0	0.0	0.0	0.0007	0.00026	0.00058	0.00086	2e-05	0.00012	0.00087	0.00018	0.00045	0.00043	0.00537	0.0	0.0	0.00108	0.00081	0.00023	0.0	0.0	0.0	0.00113	0.00016	0.0	0.00041	0.00049	0.0	0.0	0.00076	0.00064	0.00061	0.00057	0.0	0.0	0.0	0.0	0.0	0.00026	0.00057	0.00032	0.0	0.00011	0.00063	0.0	0.0	0.00015	0.00041	0.0	0.0	0.0	0.0	0.0	0.00015	0.00041	0.0005	0.0001	0.0	5e-05	0.0	3e-05	2e-05	0.0006	0.00148	0.0	0.0002	0.0	0.0	0.0	6e-05	0.0	0.0	0.0003	0.00021	0.00021	2e-05	0.00013	0.0	0.0	0.0	0.0	0.0	0.0	0.0	0.0	0.0	0.0	0.0	0.0	0.0	0.0	0.0	0.0	0.0	0.0	0.0	0.0	0.0	0.0	0.0	0.0	0.0	0.0	0.0	
0.0	0.03238	0.13558	0.08422	0.06572	0.00132	0.40521	0.00132	0.00132	0.00633	0.0	0.1083	0.01002	0.01002	0.2932	0.12686	0.01211	0.00679	0.00132	0.0	0.0	0.12856	0.10206	0.1757	0.08201	0.08889	0.06992	0.0	0.09684	0.08294	0.05998	0.1383	0.0	0.03072	0.0	0.08215	0.04546	0.30431	0.30074	0.36778	0.16122	0.84064	0.41916	0.02734	0.26209	0.0	0.01085	0.09763	0.06772	0.3326	0.01039	0.00787	0.2429	0.0	1.00263	0.60382	0.60382	0.06568	0.08871	0.0	0.20013	0.1192	0.04901	0.08294	0.09864	0.0	0.07594	0.10375	0.10375	0.10375	0.17942	0.05859	0.08611	0.08898	0.08494	0.30474	0.09673	0.07237	0.06008	0.11116	0.03358	0.06957	0.06677	0.20789	0.07123	0.15837	0.08736	0.0437	0.08178	0.10154	0.118	0.11604	0.12598	0.08129	0.0923	0.08848	0.0	0.0	0.0	0.0	0.0	0.0	0.0	0.0	0.0	0.0	0.0	0.0	0.0	0.0	0.0	0.0	0.0	0.0	0.0	0.0	0.0	0.0	0.0	0.0	0.0	0.0	0.0	0.24232	0.17823	0.11754	0.26412	0.09165	0.09008	0.32116	0.06449	0.12489	0.10561	0.37975	0.0	0.0	0.25728	0.13859	0.07192	0.0	0.0	0.0	0.11738	0.08179	0.0	0.09448	0.08936	0.0	0.0	0.11225	0.10428	0.07662	0.10792	0.0	0.0	0.0	0.0	0.0	0.06333	0.10492	0.0857	0.0	0.0732	0.06698	0.0	0.0	0.07161	0.03998	0.0	0.0	0.0	0.0	0.0	0.06523	0.077	0.06325	0.0723	0.0	0.1304	0.0	0.10186	0.06172	0.28145	0.18875	0.00132	0.004	0.00132	0.00132	0.00132	0.11124	0.00132	0.00132	0.02112	0.01282	0.02599	0.05093	0.10436	0.0	0.0	0.0	0.0	0.0	0.0	0.0	0.0	0.0	0.0	0.0	0.0	0.0	0.0	0.0	0.0	0.0	0.0	0.0	0.0	0.0	0.0	0.0	0.0	0.0	0.0	0.0	
0.0	0.0	0.0	0.0	0.0	0.0	0.0	0.0	0.0	0.0	0.0	0.0	0.0	0.0	0.0	0.0	0.0	0.0	0.0	0.0	0.0	0.0	0.0	0.0	0.0	0.0	0.0	0.0	0.0	0.0	0.0	0.0	0.0	0.0	0.0	0.0	0.0	0.0	0.0	0.0	0.0	0.0	0.0	0.0	0.0	0.0	0.0	0.0	0.0	0.0	0.0	0.0	0.0	0.0	0.0	0.0	0.0	0.0	0.0	0.0	0.0	0.0	0.0	0.0	0.0	0.0	0.0	0.0	0.0	0.0	0.0	0.0	0.0	0.0	0.0	0.0	0.0	0.0	0.0	0.0	0.0	0.0	0.0	0.0	0.0	0.0	0.0	0.0	0.0	0.0	0.0	0.0	0.0	0.0	0.0	0.0	0.0	0.0	0.0	0.0	0.0	0.0	0.0	0.0	0.0	0.0	0.0	0.0	0.0	0.0	0.0	0.0	0.0	0.0	0.0	0.0	0.0	0.0	0.0	0.0	0.0	0.0	0.0	0.0	0.0	0.0	0.0	0.0	0.0	0.0	0.0	0.0	0.0	0.0	0.0	0.0	0.0	0.0	0.0	0.0	0.0	0.0	0.0	0.0	0.0	0.0	0.0	0.0	0.0	0.0	0.0	0.0	0.0	0.0	0.0	0.0	0.0	0.0	0.0	0.0	0.0	0.0	0.0	0.0	0.0	0.0	0.0	0.0	0.0	0.0	0.0	0.0	0.0	0.0	0.0	0.0	0.0	0.0	0.0	0.0	0.0	0.0	0.0	0.0	0.0	0.0	0.0	0.0	0.0	0.0	0.0	0.0	0.0	0.0	0.0	0.0	0.0	0.0	0.0	0.0	0.0	0.0	0.0	0.0	0.0	0.0	0.0	0.0	0.0	0.0	0.0	0.0	0.0	0.0	0.0	0.0	0.0	0.0	0.0	0.0	0.0	0.0	0.0	0.0	
0.0	0.08896	0.18981	0.07387	0.1486	0.00031	0.0268	0.00031	0.00031	0.02035	0.0	0.13782	0.04714	0.04714	0.12059	0.07559	0.05795	0.02667	0.00031	0.12856	0.0	0.0	1.02025	0.15409	0.06611	0.16539	0.18487	0.0	0.36255	0.06837	0.14498	0.13108	0.0	0.04158	0.0	0.04709	0.07858	0.05606	0.16397	0.14488	0.03595	0.08112	0.08834	0.12592	0.08703	0.0	0.00798	0.12747	0.02579	0.05132	0.04077	0.02896	0.06381	0.0	0.12861	0.11639	0.11639	0.06012	0.0531	0.0	0.13811	0.04295	0.11735	0.06837	0.35835	0.0	0.16724	0.05697	0.05697	0.05697	0.07478	0.09582	0.07984	0.13223	0.13931	0.16151	0.18835	0.13832	0.16189	0.06407	0.16647	0.10783	0.1859	0.1091	0.13198	0.18735	0.33976	0.10146	0.11723	0.09962	0.20856	0.16694	0.28385	0.1544	0.16511	0.07149	0.0	0.0	0.0	0.0	0.0	0.0	0.0	0.0	0.0	0.0	0.0	0.0	0.0	0.0	0.0	0.0	0.0	0.0	0.0	0.0	0.0	0.0	0.0	0.0	0.0	0.0	0.0	0.28438	0.06541	0.22415	0.09796	0.05904	0.16937	0.08655	0.1727	0.21725	0.20312	0.61952	0.0	0.0	0.32178	0.1036	0.07517	0.0	0.0	0.0	0.0765	0.11325	0.0	0.18142	0.11352	0.0	0.0	0.05172	0.11449	0.09041	0.07664	0.0	0.0	0.0	0.0	0.0	0.18713	0.15696	0.18474	0.0	0.13064	0.11575	0.0	0.0	0.07927	0.12568	0.0	0.0	0.0	0.0	0.0	0.09246	0.17619	0.06106	0.12394	0.0	0.28981	0.08832	0.14613	0.06982	0.04708	0.12911	0.00031	0.01032	0.00031	0.00031	0.00031	0.10105	0.00031	0.00031	0.10577	0.06285	0.09272	0.04216	0.24767	0.0	0.0	0.0	0.0	0.0	0.0	0.0	0.0	0.0	0.0	0.0	0.0	0.0	0.0	0.0	0.0	0.0	0.0	0.0	0.0	0.0	0.0	0.0	0.0	0.0	0.0	0.0	
0.0	0.63228	0.40352	0.45576	0.46773	0.00469	0.04413	0.00469	0.00469	0.03779	0.0	0.50177	0.07433	0.07433	0.34715	0.27537	0.19614	0.04357	0.00469	0.10206	0.0	1.02025	0.0	0.19813	0.27501	0.44512	0.70081	0.0	0.43645	0.10462	0.77421	0.27313	0.0	0.34261	0.0	0.08925	0.15648	0.03501	0.31818	0.13555	0.17862	0.10085	0.02487	0.16898	0.05585	0.0	0.03331	0.28001	0.14786	0.17959	0.13734	0.05816	0.13012	0.0	0.10083	0.05999	0.05999	0.06845	0.0797	0.0	0.40044	0.38655	0.71378	0.10462	0.72186	0.0	0.50936	0.25783	0.25783	0.25783	0.29389	0.2301	0.32755	0.43293	0.35646	0.09294	0.60737	0.48742	0.26947	0.22875	0.30647	0.30045	0.46348	0.34035	0.29793	0.886	1.3265	0.43016	0.44091	0.70531	0.57718	0.48487	1.10259	0.26425	0.64677	0.30841	0.0	0.0	0.0	0.0	0.0	0.0	0.0	0.0	0.0	0.0	0.0	0.0	0.0	0.0	0.0	0.0	0.0	0.0	0.0	0.0	0.0	0.0	0.0	0.0	0.0	0.0	0.0	0.42809	0.12646	0.31071	0.18988	0.23053	0.46049	0.03636	0.18267	0.2954	0.31205	0.74045	0.0	0.0	3.75175	0.27093	0.22013	0.0	0.0	0.0	0.24946	0.36996	0.0	0.40843	0.34469	0.0	0.0	0.13342	0.1952	0.19835	0.462	0.0	0.0	0.0	0.0	0.0	1.37894	0.52848	0.49012	0.0	0.49704	0.25999	0.0	0.0	0.28012	0.29221	0.0	0.0	0.0	0.0	0.0	0.40289	0.33218	0.25253	0.2016	0.0	2.06173	0.00469	0.28744	0.30973	0.07433	0.15548	0.00469	0.02987	0.00469	0.00469	0.00469	0.28641	0.00469	0.00469	0.20568	0.11577	0.20385	0.23059	0.38541	0.0	0.0	0.0	0.0	0.0	0.0	0.0	0.0	0.0	0.0	0.0	0.0	0.0	0.0	0.0	0.0	0.0	0.0	0.0	0.0	0.0	0.0	0.0	0.0	0.0	0.0	0.0	
0.0	0.03038	0.07159	0.0946	0.13349	0.00057	0.00971	0.00057	0.00057	0.00892	0.0	0.11782	0.23035	0.23035	0.37143	0.03178	0.0515	0.00964	0.00057	0.1757	0.0	0.15409	0.19813	0.0	0.257	0.24985	0.08777	0.0	0.03741	0.00722	0.09814	0.18004	0.0	0.0568	0.0	0.00937	0.08124	0.08434	0.14352	0.15932	0.25091	0.09058	0.1339	0.04572	0.08317	0.0	0.01609	0.13142	0.01657	0.16814	0.01537	0.01127	0.02133	0.0	0.17586	0.21492	0.21492	0.00551	0.01466	0.0	0.18612	0.05956	0.07666	0.00722	0.09364	0.0	0.14534	0.33905	0.33905	0.33905	0.28086	0.0779	0.26644	0.26883	0.19046	0.01444	0.15909	0.00501	0.11526	0.15511	0.06824	0.00834	0.05544	0.04323	0.05549	0.10551	0.01206	0.04701	0.04172	0.09888	0.25904	0.21815	0.07491	0.05399	0.03244	0.03793	0.0	0.0	0.0	0.0	0.0	0.0	0.0	0.0	0.0	0.0	0.0	0.0	0.0	0.0	0.0	0.0	0.0	0.0	0.0	0.0	0.0	0.0	0.0	0.0	0.0	0.0	0.0	0.10414	0.0761	0.04286	0.07714	0.02906	0.09234	0.01811	0.01225	0.11363	0.13614	0.15663	0.0	0.0	0.12264	0.04908	0.0195	0.0	0.0	0.0	0.04884	0.05806	0.0	0.13839	0.08777	0.0	0.0	0.05019	0.04762	0.04163	0.06205	0.0	0.0	0.0	0.0	0.0	0.08515	0.10376	0.11132	0.0	0.05001	0.08865	0.0	0.0	0.03563	0.10996	0.0	0.0	0.0	0.0	0.0	0.13187	0.0804	0.01762	0.01423	0.0	0.16895	0.00123	0.0695	0.05512	0.02826	0.02612	0.0003	0.00468	0.0003	0.0003	0.0003	0.13394	0.0003	0.0003	0.08787	0.01997	0.07664	0.06111	0.06095	0.0	0.0	0.0	0.0	0.0	0.0	0.0	0.0	0.0	0.0	0.0	0.0	0.0	0.0	0.0	0.0	0.0	0.0	0.0	0.0	0.0	0.0	0.0	0.0	0.0	0.0	0.0	
0.0	0.08004	0.04025	0.07996	0.11184	0.00057	0.01325	0.00057	0.00057	0.13856	0.0	0.06428	0.08617	0.08617	0.3203	0.06666	0.08789	0.01317	0.00057	0.08201	0.0	0.06611	0.27501	0.257	0.0	0.34504	0.09762	0.0	0.15873	0.24438	0.09971	0.27495	0.0	0.11954	0.0	0.0555	0.17183	0.03291	0.13687	0.08588	0.09733	0.03499	0.05019	0.10079	0.07141	0.0	0.02392	0.07394	0.03899	0.12655	0.04269	0.04381	0.09191	0.0	0.08176	0.08057	0.08057	0.09105	0.08724	0.0	0.18688	0.2515	0.08632	0.24438	0.19964	0.0	0.30823	0.60518	0.60518	0.60518	0.56981	0.10522	0.50851	0.43011	0.37884	0.04154	0.28061	0.16993	0.15905	0.12811	0.11791	0.03799	0.09499	0.05308	0.06541	0.08622	0.06324	0.11529	0.1017	0.09267	0.27528	0.26318	0.1069	0.11897	0.09545	0.08595	0.0	0.0	0.0	0.0	0.0	0.0	0.0	0.0	0.0	0.0	0.0	0.0	0.0	0.0	0.0	0.0	0.0	0.0	0.0	0.0	0.0	0.0	0.0	0.0	0.0	0.0	0.0	0.13492	0.04591	0.0912	0.10135	0.02874	0.09363	0.02904	0.12336	0.25326	0.26394	0.24686	0.0	0.0	0.29879	0.12265	0.08141	0.0	0.0	0.0	0.11317	0.05416	0.0	0.10321	0.15794	0.0	0.0	0.12747	0.03274	0.04093	0.11324	0.0	0.0	0.0	0.0	0.0	0.22985	0.15944	0.07406	0.0	0.06391	0.23717	0.0	0.0	0.12414	0.12422	0.0	0.0	0.0	0.0	0.0	0.14081	0.10804	0.13539	0.18616	0.0	0.28443	0.00401	0.06938	0.04802	0.05022	0.05137	0.00026	0.00596	0.00026	0.00026	0.00026	0.05451	0.00026	0.00026	0.0684	0.03238	0.0677	0.13284	0.13545	0.0	0.0	0.0	0.0	0.0	0.0	0.0	0.0	0.0	0.0	0.0	0.0	0.0	0.0	0.0	0.0	0.0	0.0	0.0	0.0	0.0	0.0	0.0	0.0	0.0	0.0	0.0	
0.0	0.16238	0.12776	0.07878	0.20272	0.00056	0.02601	0.00056	0.00056	0.02176	0.0	0.21758	0.07631	0.07631	0.28008	0.16048	0.05989	0.0237	0.00056	0.08889	0.0	0.16539	0.44512	0.24985	0.34504	0.0	0.10742	0.0	0.18896	0.09539	0.22171	0.17574	0.0	0.08552	0.0	0.0154	0.1274	0.05046	0.11387	0.10405	0.12503	0.05157	0.05447	0.09182	0.08014	0.0	0.0368	0.1075	0.03611	0.095	0.03454	0.04771	0.04036	0.0	0.08754	0.07059	0.07059	0.05529	0.07787	0.0	0.14399	0.11267	0.2624	0.09539	0.30452	0.0	0.22618	0.24487	0.24487	0.24487	0.26092	0.13603	0.25688	0.21646	0.2942	0.09544	0.27363	0.12772	0.14438	0.11993	0.06839	0.11689	0.10626	0.07081	0.0694	0.11569	0.10386	0.09618	0.08411	0.1647	0.24912	0.22489	0.17052	0.1403	0.12685	0.0972	0.0	0.0	0.0	0.0	0.0	0.0	0.0	0.0	0.0	0.0	0.0	0.0	0.0	0.0	0.0	0.0	0.0	0.0	0.0	0.0	0.0	0.0	0.0	0.0	0.0	0.0	0.0	0.28736	0.08572	0.12867	0.09366	0.08901	0.12302	0.03427	0.09857	0.20525	0.25625	0.48155	0.0	0.0	0.3922	0.14713	0.14713	0.0	0.0	0.0	0.0929	0.07455	0.0	0.09311	0.09247	0.0	0.0	0.15672	0.10843	0.03976	0.14534	0.0	0.0	0.0	0.0	0.0	0.24901	0.12247	0.10118	0.0	0.08126	0.15571	0.0	0.0	0.10085	0.13271	0.0	0.0	0.0	0.0	0.0	0.1128	0.12202	0.15837	0.10412	0.0	0.35299	0.01404	0.095	0.11713	0.04232	0.1118	0.00034	0.0108	0.00034	0.00034	0.00034	0.09272	0.00034	0.00034	0.10256	0.06345	0.08487	0.05916	0.12983	0.0	0.0	0.0	0.0	0.0	0.0	0.0	0.0	0.0	0.0	0.0	0.0	0.0	0.0	0.0	0.0	0.0	0.0	0.0	0.0	0.0	0.0	0.0	0.0	0.0	0.0	0.0	
0.0	0.09872	0.10492	0.12775	0.17316	8e-05	0.02675	8e-05	8e-05	0.04248	0.0	0.11632	0.04832	0.04832	0.09812	0.07315	0.04923	0.02897	8e-05	0.06992	0.0	0.18487	0.70081	0.08777	0.09762	0.10742	0.0	0.0	0.28517	0.03819	0.22585	0.10219	0.0	0.09005	0.0	0.0284	0.09712	0.01675	0.08708	0.09191	0.09276	0.07223	0.03202	0.07018	0.04898	0.0	0.02167	0.11646	0.14282	0.09348	0.0204	0.03627	0.10717	0.0	0.06993	0.04524	0.04524	0.04065	0.04731	0.0	0.10127	0.08422	0.23139	0.03819	0.15885	0.0	0.1624	0.06512	0.06512	0.06512	0.08022	0.07906	0.08095	0.09377	0.10796	0.11109	0.11715	0.07082	0.14213	0.05214	0.10156	0.13578	0.13592	0.08928	0.13192	0.14092	0.18875	0.14123	0.14696	0.29258	0.29951	0.15834	0.21043	0.09004	0.15641	0.11957	0.0	0.0	0.0	0.0	0.0	0.0	0.0	0.0	0.0	0.0	0.0	0.0	0.0	0.0	0.0	0.0	0.0	0.0	0.0	0.0	0.0	0.0	0.0	0.0	0.0	0.0	0.0	0.35917	0.08503	0.13079	0.081	0.16654	0.16298	0.08981	0.13804	0.40779	0.30076	1.16314	0.0	0.0	0.29697	0.18461	0.10114	0.0	0.0	0.0	0.10637	0.08769	0.0	0.13101	0.11372	0.0	0.0	0.05744	0.08842	0.03777	0.07954	0.0	0.0	0.0	0.0	0.0	0.23688	0.11667	0.15826	0.0	0.11209	0.12269	0.0	0.0	0.08958	0.25799	0.0	0.0	0.0	0.0	0.0	0.07601	0.14632	0.06364	0.20678	0.0	0.58718	0.07097	0.13765	0.17815	0.05481	0.13184	8e-05	0.01181	8e-05	8e-05	8e-05	0.17342	8e-05	8e-05	0.06364	0.06806	0.15582	0.13932	0.14376	0.0	0.0	0.0	0.0	0.0	0.0	0.0	0.0	0.0	0.0	0.0	0.0	0.0	0.0	0.0	0.0	0.0	0.0	0.0	0.0	0.0	0.0	0.0	0.0	0.0	0.0	0.0	
0.0	0.0	0.0	0.0	0.0	0.0	0.0	0.0	0.0	0.0	0.0	0.0	0.0	0.0	0.0	0.0	0.0	0.0	0.0	0.0	0.0	0.0	0.0	0.0	0.0	0.0	0.0	0.0	0.0	0.0	0.0	0.0	0.0	0.0	0.0	0.0	0.0	0.0	0.0	0.0	0.0	0.0	0.0	0.0	0.0	0.0	0.0	0.0	0.0	0.0	0.0	0.0	0.0	0.0	0.0	0.0	0.0	0.0	0.0	0.0	0.0	0.0	0.0	0.0	0.0	0.0	0.0	0.0	0.0	0.0	0.0	0.0	0.0	0.0	0.0	0.0	0.0	0.0	0.0	0.0	0.0	0.0	0.0	0.0	0.0	0.0	0.0	0.0	0.0	0.0	0.0	0.0	0.0	0.0	0.0	0.0	0.0	0.0	0.0	0.0	0.0	0.0	0.0	0.0	0.0	0.0	0.0	0.0	0.0	0.0	0.0	0.0	0.0	0.0	0.0	0.0	0.0	0.0	0.0	0.0	0.0	0.0	0.0	0.0	0.0	0.0	0.0	0.0	0.0	0.0	0.0	0.0	0.0	0.0	0.0	0.0	0.0	0.0	0.0	0.0	0.0	0.0	0.0	0.0	0.0	0.0	0.0	0.0	0.0	0.0	0.0	0.0	0.0	0.0	0.0	0.0	0.0	0.0	0.0	0.0	0.0	0.0	0.0	0.0	0.0	0.0	0.0	0.0	0.0	0.0	0.0	0.0	0.0	0.0	0.0	0.0	0.0	0.0	0.0	0.0	0.0	0.0	0.0	0.0	0.0	0.0	0.0	0.0	0.0	0.0	0.0	0.0	0.0	0.0	0.0	0.0	0.0	0.0	0.0	0.0	0.0	0.0	0.0	0.0	0.0	0.0	0.0	0.0	0.0	0.0	0.0	0.0	0.0	0.0	0.0	0.0	0.0	0.0	0.0	0.0	0.0	0.0	0.0	0.0	
0.0	0.06709	0.12149	0.11837	0.28929	0.00026	0.0583	0.00026	0.00026	0.15447	0.0	0.21965	0.04245	0.04245	0.08337	0.14156	0.08173	0.05811	0.00026	0.09684	0.0	0.36255	0.43645	0.03741	0.15873	0.18896	0.28517	0.0	0.0	0.16072	0.37043	0.21876	0.0	0.05342	0.0	0.14841	0.13686	0.03973	0.097	0.10163	0.04219	0.06554	0.0267	0.16792	0.0447	0.0	0.02328	0.1253	0.11603	0.10184	0.13283	0.03071	0.17722	0.0	0.09703	0.04318	0.04318	0.12013	0.06584	0.0	0.09373	0.22339	0.34586	0.16072	0.51	0.0	0.10943	0.07842	0.07842	0.07842	0.15742	0.35476	0.116	0.08178	0.14271	0.37665	0.25437	0.21283	0.23429	0.22192	0.15915	0.09308	0.25376	0.19307	0.14052	0.24045	0.27906	0.15167	0.14695	0.20918	0.17419	0.19341	0.3968	0.12964	0.31167	0.21791	0.0	0.0	0.0	0.0	0.0	0.0	0.0	0.0	0.0	0.0	0.0	0.0	0.0	0.0	0.0	0.0	0.0	0.0	0.0	0.0	0.0	0.0	0.0	0.0	0.0	0.0	0.0	0.59061	0.07809	0.28248	0.15142	0.24854	0.31009	0.16293	0.34521	0.44932	0.42088	1.48604	0.0	0.0	1.03743	0.19946	0.1748	0.0	0.0	0.0	0.14497	0.08614	0.0	0.22769	0.12451	0.0	0.0	0.06246	0.13486	0.18291	0.29281	0.0	0.0	0.0	0.0	0.0	0.35808	0.12754	0.25549	0.0	0.09495	0.21887	0.0	0.0	0.25763	0.23583	0.0	0.0	0.0	0.0	0.0	0.09182	0.16896	0.10108	0.42057	0.0	0.83671	0.13657	0.34215	0.2522	0.08112	0.26965	0.00041	0.01095	0.00041	0.00041	0.00041	0.15264	0.00041	0.00041	0.11251	0.11167	0.10106	0.06129	0.24295	0.0	0.0	0.0	0.0	0.0	0.0	0.0	0.0	0.0	0.0	0.0	0.0	0.0	0.0	0.0	0.0	0.0	0.0	0.0	0.0	0.0	0.0	0.0	0.0	0.0	0.0	0.0	
