0.0	0.19416	0.08138	0.45555	7e-05	0.17209	0.19282	0.32887	0.26813	0.06868	0.08138	0.09043	7e-05	0.00739	0.03117	0.0	0.14947	0.10774	0.14182	0.0611	0.27012	0.22531	0.05494	0.18702	7e-05	0.19029	0.17541	0.16291	0.1281	0.24076	0.13127	0.23619	0.25883	0.24946	0.27939	0.1144	0.1712	0.16929	0.17691	0.32699	0.27018	0.0	0.0	0.0	0.18389	0.26786	0.1072	0.17545	0.10073	0.09696	0.08705	0.1311	0.03879	7e-05	7e-05	0.23698	7e-05	7e-05	7e-05	7e-05	0.07492	7e-05	0.14164	7e-05	7e-05	7e-05	7e-05	7e-05	0.10002	7e-05	0.09043	7e-05	7e-05	0.12311	0.55704	0.23054	0.27421	0.18479	0.19386	0.12044	0.10926	0.15577	
0.19416	0.0	0.15038	0.25956	0.00087	0.4601	0.33519	0.36715	0.23042	0.11396	0.15038	0.1262	0.00087	0.1947	0.37504	0.0	0.16722	0.08784	0.13647	0.19517	0.24438	0.29136	0.30557	0.08298	0.00087	0.08272	0.18287	0.05784	0.33923	0.23991	0.06437	0.17866	0.14408	0.18047	0.35075	0.14845	0.34324	0.26397	0.28439	0.25205	0.18966	0.0	0.0	0.0	0.47029	0.20098	0.12684	0.17175	0.15328	0.34267	0.05399	0.15694	0.0249	0.00087	0.00087	0.31778	0.00087	0.00087	0.00087	0.00087	0.50297	0.00087	0.19284	0.00087	0.00087	0.00087	0.00087	0.00087	0.41798	0.00087	0.1262	0.00087	0.00087	0.29875	0.56655	0.34666	0.39289	0.20695	0.22808	0.10326	0.49318	0.2655	
0.08138	0.15038	0.0	0.20476	0.00193	0.30932	0.15793	0.19513	0.16464	0.02355	1.00323	0.02437	0.00193	0.00441	0.04195	0.0	0.03818	0.04047	0.03916	0.19247	0.30984	0.05416	0.06015	0.02399	0.00193	0.03974	0.08223	0.0434	0.03599	0.35038	0.05965	1.00476	0.30901	0.16066	0.09983	0.15167	0.02651	0.21637	0.09981	0.11576	0.0908	0.0	0.0	0.0	0.2869	0.1612	0.08773	0.06521	0.05364	0.05331	0.02849	0.03609	0.00391	0.00193	0.00193	0.09223	0.00193	0.00193	0.00193	0.00193	0.12568	0.00193	0.57798	0.00193	0.00193	0.00193	0.00193	0.00193	0.09706	0.00193	0.02437	0.00193	0.00193	0.14163	0.71028	0.16389	0.11126	0.10155	0.052	0.35434	0.34718	0.10904	
0.45555	0.25956	0.20476	0.0	0.00029	0.22184	0.37071	0.29807	0.23993	0.05241	0.20476	0.16231	0.00029	0.01951	0.06951	0.0	0.1092	0.05618	0.18486	0.13779	0.36631	0.15937	0.07284	0.14235	0.00029	0.07639	0.23604	0.1188	0.1717	0.4132	0.06139	0.48951	0.38319	0.23583	0.28013	0.14588	0.15373	0.20508	0.2385	0.34927	0.23735	0.0	0.0	0.0	0.37002	0.30824	0.19101	0.15715	0.17667	0.10854	0.06594	0.08214	0.02085	0.00029	0.00029	0.11056	0.00029	0.00029	0.00029	0.00029	0.18177	0.00029	0.2009	0.00029	0.00029	0.00029	0.00029	0.00029	0.1709	0.00029	0.16231	0.00029	0.00029	0.25295	0.80838	0.34559	0.13859	0.32621	0.21119	0.09099	0.19005	0.22298	
7e-05	0.00087	0.00193	0.00029	0.0	0.00121	0.00106	0.00021	0.00055	0.00072	0.00193	0.00128	0.0	0.0	0.00218	0.0	0.00114	0.00152	0.00097	0.0013	0.00116	0.00035	0.00232	0.00168	0.0	0.0001	0.00112	0.00014	0.00168	0.00114	0.00255	0.00153	0.00011	0.00081	0.00108	0.00141	0.00098	0.0015	0.00023	0.00122	0.0007	0.0	0.0	0.0	0.00389	0.0004	0.00017	0.00138	0.00126	0.00172	0.00187	0.00301	0.0	0.0	0.0	0.00015	0.0	0.0	0.0	0.0	0.00018	0.0	0.00113	0.0	0.0	0.0	0.0	0.0	0.0003	0.0	0.00128	0.0	0.0	0.00185	0.0001	0.00055	0.00136	0.00083	0.00056	0.00114	0.0015	0.00099	
0.17209	0.4601	0.30932	0.22184	0.00121	0.0	0.4104	0.62038	0.26269	0.11821	0.30932	0.13273	0.00121	0.2129	0.39602	0.0	0.37038	0.06842	0.18494	0.29003	0.54996	0.1249	0.31897	0.06294	0.00121	0.13298	0.24192	0.08035	0.35633	0.30889	0.04602	0.37124	0.30729	0.28061	0.32617	0.26118	0.13248	0.37272	0.23913	0.41478	0.17595	0.0	0.0	0.0	1.02089	0.26325	0.14995	0.18925	0.23862	0.48556	0.15562	0.15735	0.02091	0.00121	0.00121	0.24818	0.00121	0.00121	0.00121	0.00121	0.29005	0.00121	0.31104	0.00121	0.00121	0.00121	0.00121	0.00121	0.30008	0.00121	0.13273	0.00121	0.00121	0.40845	1.29534	0.46009	0.50157	0.27316	0.26098	0.20907	0.68968	0.37143	
0.19282	0.33519	0.15793	0.37071	0.00106	0.4104	0.0	0.59362	0.29632	0.13091	0.15793	0.12786	0.00106	0.1991	0.38016	0.0	0.19125	0.12643	0.18409	0.34823	0.30852	0.12496	0.32747	0.11002	0.00106	0.08802	0.18962	0.09309	0.34342	0.39431	0.09887	0.40049	0.33069	0.3592	0.466	0.23509	0.19617	0.37789	0.39961	0.62916	0.25369	0.0	0.0	0.0	0.76241	0.2983	0.1859	0.37795	0.18185	0.39773	0.09482	0.17563	0.03649	0.00106	0.00106	0.09165	0.00106	0.00106	0.00106	0.00106	0.17665	0.00106	0.24212	0.00106	0.00106	0.00106	0.00106	0.00106	0.22136	0.00106	0.12786	0.00106	0.00106	0.33417	1.0314	0.60059	0.31292	0.29933	0.27064	0.14804	0.524	0.29979	
0.32887	0.36715	0.19513	0.29807	0.00021	0.62038	0.59362	0.0	0.5692	0.07798	0.19513	0.07865	0.00021	0.00021	0.1641	0.0	0.49332	0.16105	0.55699	0.41278	0.61837	0.17452	0.26144	0.07491	0.00021	0.14179	0.1134	0.2163	0.16406	0.50472	0.25671	0.1845	0.18805	0.3685	0.34737	0.2981	0.2759	0.4551	0.55962	1.03868	0.41809	0.0	0.0	0.0	1.1492	0.40981	0.34054	0.18996	0.40707	0.57398	0.42189	0.09546	0.00021	0.00021	0.00021	0.33489	0.00021	0.00021	0.00021	0.00021	0.13235	0.00021	0.46452	0.00021	0.00021	0.00021	0.00021	0.00021	0.36043	0.00021	0.07865	0.00021	0.00021	0.50249	0.88715	0.3893	0.7772	0.51347	0.28739	0.55924	0.39778	0.71336	
0.26813	0.23042	0.16464	0.23993	0.00055	0.26269	0.29632	0.5692	0.0	0.06297	0.16464	0.11887	0.00055	0.01553	0.06651	0.0	0.17891	0.13388	0.38361	0.23891	0.26308	0.09665	0.09244	0.06318	0.00055	0.23796	0.06077	0.15221	0.15317	0.29139	0.23943	0.18732	0.48793	0.38847	0.68779	0.27796	0.10292	0.39825	0.2852	0.42772	0.31961	0.0	0.0	0.0	0.69297	0.39879	0.13181	0.21471	0.26697	0.1617	0.15282	0.15086	0.02661	0.00055	0.00055	0.17178	0.00055	0.00055	0.00055	0.00055	0.17248	0.00055	0.37004	0.00055	0.00055	0.00055	0.00055	0.00055	0.19241	0.00055	0.11887	0.00055	0.00055	0.28875	1.12689	0.18564	0.3713	0.2607	0.21944	0.26168	0.29791	0.25445	
0.06868	0.11396	0.02355	0.05241	0.00072	0.11821	0.13091	0.07798	0.06297	0.0	0.02355	0.01906	0.00072	0.01467	0.03248	0.0	0.47286	0.29237	0.02973	0.10691	0.11836	0.18179	0.1636	0.01883	0.00072	0.03043	0.06187	0.03316	0.02756	0.04515	0.1662	0.21994	0.16367	0.0803	0.0828	0.10655	0.08536	0.14801	0.10937	0.08783	0.16692	0.0	0.0	0.0	1.22692	0.09911	0.15225	0.12274	0.04031	0.04018	0.0223	0.26138	0.0	0.00072	0.00072	0.09478	0.00072	0.00072	0.00072	0.00072	0.07025	0.00072	0.02925	0.00072	0.00072	0.00072	0.00072	0.00072	0.07892	0.00072	0.01906	0.00072	0.00072	0.12593	0.09154	0.25362	0.08786	0.09258	0.03899	0.03446	0.28421	0.13109	
0.08138	0.15038	1.00323	0.20476	0.00193	0.30932	0.15793	0.19513	0.16464	0.02355	0.0	0.02437	0.00193	0.00441	0.04195	0.0	0.03818	0.04047	0.03916	0.19247	0.30984	0.05416	0.06015	0.02399	0.00193	0.03974	0.08223	0.0434	0.03599	0.35038	0.05965	1.00476	0.30901	0.16066	0.09983	0.15167	0.02651	0.21637	0.09981	0.11576	0.0908	0.0	0.0	0.0	0.2869	0.1612	0.08773	0.06521	0.05364	0.05331	0.02849	0.03609	0.00391	0.00193	0.00193	0.09223	0.00193	0.00193	0.00193	0.00193	0.12568	0.00193	0.57798	0.00193	0.00193	0.00193	0.00193	0.00193	0.09706	0.00193	0.02437	0.00193	0.00193	0.14163	0.71028	0.16389	0.11126	0.10155	0.052	0.35434	0.34718	0.10904	
0.09043	0.1262	0.02437	0.16231	0.00128	0.13273	0.12786	0.07865	0.11887	0.01906	0.02437	0.0	0.00128	0.0	0.2911	0.0	0.03004	0.03228	0.03074	0.11076	0.13473	0.04252	0.16932	0.01954	0.00128	0.03148	0.11269	0.03428	0.51138	0.04669	0.04711	0.04107	0.22801	0.15658	0.3223	0.07441	0.10123	0.08198	0.07787	0.08196	0.1034	0.0	0.0	0.0	0.17549	0.11636	0.10741	0.0499	0.04166	0.19046	0.02309	0.03603	0.01636	0.00128	0.00128	0.07117	0.00128	0.00128	0.00128	0.00128	0.09598	0.00128	0.03025	0.00128	0.00128	0.00128	0.00128	0.00128	0.07355	0.00128	1.00181	0.00128	0.00128	0.08653	0.09233	0.1045	0.09104	0.12835	0.39977	0.0356	0.14724	0.08482	
7e-05	0.00087	0.00193	0.00029	0.0	0.00121	0.00106	0.00021	0.00055	0.00072	0.00193	0.00128	0.0	0.0	0.00218	0.0	0.00114	0.00152	0.00097	0.0013	0.00116	0.00035	0.00232	0.00168	0.0	0.0001	0.00112	0.00014	0.00168	0.00114	0.00255	0.00153	0.00011	0.00081	0.00108	0.00141	0.00098	0.0015	0.00023	0.00122	0.0007	0.0	0.0	0.0	0.00389	0.0004	0.00017	0.00138	0.00126	0.00172	0.00187	0.00301	0.0	0.0	0.0	0.00015	0.0	0.0	0.0	0.0	0.00018	0.0	0.00113	0.0	0.0	0.0	0.0	0.0	0.0003	0.0	0.00128	0.0	0.0	0.00185	0.0001	0.00055	0.00136	0.00083	0.00056	0.00114	0.0015	0.00099	
0.00739	0.1947	0.00441	0.01951	0.0	0.2129	0.1991	0.00021	0.01553	0.01467	0.00441	0.0	0.0	0.0	0.0	0.0	0.01058	0.02498	0.00879	0.02352	0.01438	0.01619	0.18744	0.01845	0.0	0.01491	0.07316	0.03642	0.0	0.02065	0.0031	0.01304	0.02321	0.0273	0.17067	0.10282	0.00098	0.0015	0.00023	0.00122	0.01236	0.0	0.0	0.0	0.00389	0.02198	0.01208	0.11571	0.01067	0.47984	0.00423	0.0	0.0	0.0	0.0	0.03826	0.0	0.0	0.0	0.0	0.06371	0.0	0.0074	0.0	0.0	0.0	0.0	0.0	0.04043	0.0	0.0	0.0	0.0	0.05437	9e-05	0.0902	0.05655	0.02415	0.299	0.00945	0.25969	0.05865	
0.03117	0.37504	0.04195	0.06951	0.00218	0.39602	0.38016	0.1641	0.06651	0.03248	0.04195	0.2911	0.00218	0.0	0.0	0.0	0.05579	0.05786	0.05743	0.10704	0.08024	0.07967	0.39154	0.03286	0.00218	0.05726	0.23767	0.05214	0.78269	0.06961	0.02212	0.07616	0.03991	0.1103	0.27887	0.19134	0.21042	0.16964	0.16245	0.16991	0.09633	0.0	0.0	0.0	0.3625	0.07422	0.04229	0.17634	0.08061	0.59745	0.03951	0.29458	0.02653	0.00218	0.00218	0.1413	0.00218	0.00218	0.00218	0.00218	0.19813	0.00218	0.0562	0.00218	0.00218	0.00218	0.00218	0.00218	0.15417	0.00218	0.2911	0.00218	0.00218	0.19721	0.19285	0.25349	0.20992	0.08679	0.36057	0.06485	0.44446	0.19137	
0.0	0.0	0.0	0.0	0.0	0.0	0.0	0.0	0.0	0.0	0.0	0.0	0.0	0.0	0.0	0.0	0.0	0.0	0.0	0.0	0.0	0.0	0.0	0.0	0.0	0.0	0.0	0.0	0.0	0.0	0.0	0.0	0.0	0.0	0.0	0.0	0.0	0.0	0.0	0.0	0.0	0.0	0.0	0.0	0.0	0.0	0.0	0.0	0.0	0.0	0.0	0.0	0.0	0.0	0.0	0.0	0.0	0.0	0.0	0.0	0.0	0.0	0.0	0.0	0.0	0.0	0.0	0.0	0.0	0.0	0.0	0.0	0.0	0.0	0.0	0.0	0.0	0.0	0.0	0.0	0.0	0.0	
0.14947	0.16722	0.03818	0.1092	0.00114	0.37038	0.19125	0.49332	0.17891	0.47286	0.03818	0.03004	0.00114	0.01058	0.05579	0.0	0.0	0.20649	0.39337	0.15293	0.37094	0.15781	0.14911	0.02937	0.00114	0.05334	0.11922	0.05891	0.04952	0.09435	0.15023	0.15525	0.1666	0.1945	0.15677	0.16439	0.14476	0.15011	0.18944	0.38469	0.18277	0.0	0.0	0.0	0.8576	0.15783	0.18682	0.1443	0.36014	0.36115	0.55136	0.15718	0.22863	0.00114	0.00114	0.19563	0.00114	0.00114	0.00114	0.00114	0.13881	0.00114	0.05372	0.00114	0.00114	0.00114	0.00114	0.00114	0.17335	0.00114	0.03004	0.00114	0.00114	0.22108	0.75663	0.23166	0.32937	0.15432	0.07614	0.06074	0.27349	0.20023	
0.10774	0.08784	0.04047	0.05618	0.00152	0.06842	0.12643	0.16105	0.13388	0.29237	0.04047	0.03228	0.00152	0.02498	0.05786	0.0	0.20649	0.0	0.05541	0.2448	0.12904	0.02562	0.02024	0.29286	0.00152	0.05527	0.11992	0.06073	0.05028	0.17006	0.3799	0.45323	0.33836	0.1652	0.17009	0.25943	0.18658	0.46468	0.07097	0.22235	0.07626	0.0	0.0	0.0	1.04263	0.21838	0.07872	0.25716	0.07774	0.07703	0.0381	0.53734	0.0	0.00152	0.00152	0.19493	0.00152	0.00152	0.00152	0.00152	0.13907	0.00152	0.05423	0.00152	0.00152	0.00152	0.00152	0.00152	0.16695	0.00152	0.03228	0.00152	0.00152	0.37019	0.18926	0.23486	0.09401	0.21485	0.07538	0.06262	0.17087	0.38888	
0.14182	0.13647	0.03916	0.18486	0.00097	0.18494	0.18409	0.55699	0.38361	0.02973	0.03916	0.03074	0.00097	0.00879	0.05743	0.0	0.39337	0.05541	0.0	0.15473	0.18447	0.04036	0.08656	0.03004	0.00097	0.22381	0.13654	0.06073	0.05105	0.09814	0.08562	0.06259	0.10823	0.27218	0.17666	0.11398	0.14795	0.12919	0.37005	0.48057	0.16253	0.0	0.0	0.0	0.34158	0.11078	0.19878	0.07129	0.35798	0.35889	0.53754	0.0504	0.00806	0.00097	0.00097	0.13759	0.00097	0.00097	0.00097	0.00097	0.13322	0.00097	0.05545	0.00097	0.00097	0.00097	0.00097	0.00097	0.13593	0.00097	0.03074	0.00097	0.00097	0.18569	0.76752	0.10127	0.32494	0.19256	0.07888	0.06261	0.1019	0.32226	
0.0611	0.19517	0.19247	0.13779	0.0013	0.29003	0.34823	0.41278	0.23891	0.10691	0.19247	0.11076	0.0013	0.02352	0.10704	0.0	0.15293	0.2448	0.15473	0.0	0.39717	0.06384	0.18383	0.10716	0.0013	0.14212	0.00399	0.07191	0.20855	0.33911	0.18016	0.2759	0.40847	0.20473	0.29715	0.28983	0.18536	0.59187	0.14208	0.28567	0.15988	0.0	0.0	0.0	0.58555	0.26537	0.12543	0.19411	0.2552	0.13795	0.08634	0.21492	0.07036	0.0013	0.0013	0.11598	0.0013	0.0013	0.0013	0.0013	0.16077	0.0013	0.20698	0.0013	0.0013	0.0013	0.0013	0.0013	0.17842	0.0013	0.11076	0.0013	0.0013	0.28089	0.89808	0.34882	0.25554	0.26357	0.1287	0.10051	0.421	0.24396	
0.27012	0.24438	0.30984	0.36631	0.00116	0.54996	0.30852	0.61837	0.26308	0.11836	0.30984	0.13473	0.00116	0.01438	0.08024	0.0	0.37094	0.12904	0.18447	0.39717	0.0	0.12431	0.04607	0.12982	0.00116	0.13161	0.1668	0.14957	0.16653	0.41032	0.04468	0.41652	0.54483	0.31179	0.41373	0.20108	0.082	0.42896	0.20867	0.48125	0.37187	0.0	0.0	0.0	1.02089	0.3765	0.14874	0.18805	0.23728	0.17836	0.15583	0.08665	0.03207	0.00116	0.00116	0.17268	0.00116	0.00116	0.00116	0.00116	0.14481	0.00116	0.31078	0.00116	0.00116	0.00116	0.00116	0.00116	0.20871	0.00116	0.13473	0.00116	0.00116	0.40998	1.29373	0.3489	0.2823	0.19394	0.2319	0.2087	0.34045	0.27299	
0.22531	0.29136	0.05416	0.15937	0.00035	0.1249	0.12496	0.17452	0.09665	0.18179	0.05416	0.04252	0.00035	0.01619	0.07967	0.0	0.15781	0.02562	0.04036	0.06384	0.12431	0.0	0.00278	0.04151	0.00035	0.07641	0.17665	0.03813	0.06983	0.13557	0.00314	0.06418	0.10207	0.08183	0.08691	0.04235	0.13589	0.12543	0.04292	0.17087	0.37362	0.0	0.0	0.0	0.34977	0.17943	0.03415	0.0498	0.05932	0.06452	0.01657	0.05418	0.01838	0.00035	0.00035	0.30712	0.00035	0.00035	0.00035	0.00035	0.20871	0.00035	0.076	0.00035	0.00035	0.00035	0.00035	0.00035	0.25051	0.00035	0.04252	0.00035	0.00035	0.09326	0.40531	0.12494	0.09229	0.14308	0.05047	0.0871	0.16426	0.0383	
0.05494	0.30557	0.06015	0.07284	0.00232	0.31897	0.32747	0.26144	0.09244	0.1636	0.06015	0.16932	0.00232	0.18744	0.39154	0.0	0.14911	0.02024	0.08656	0.18383	0.04607	0.00278	0.0	0.04633	0.00232	0.08482	0.05339	0.01484	0.33244	0.0698	0.12095	0.06208	0.02804	0.10207	0.26921	0.13328	0.13665	0.19406	0.1527	0.1126	0.05577	0.0	0.0	0.0	1.00344	0.027	0.01458	0.11872	0.12554	0.29572	0.05641	0.27643	0.00264	0.00232	0.00232	0.01219	0.00232	0.00232	0.00232	0.00232	0.03531	0.00232	0.08442	0.00232	0.00232	0.00232	0.00232	0.00232	0.04812	0.00232	0.16932	0.00232	0.00232	0.16162	0.30734	0.32754	0.46918	0.03371	0.14163	0.09664	0.53665	0.15518	
0.18702	0.08298	0.02399	0.14235	0.00168	0.06294	0.11002	0.07491	0.06318	0.01883	0.02399	0.01954	0.00168	0.01845	0.03286	0.0	0.02937	0.29286	0.03004	0.10716	0.12982	0.04151	0.04633	0.0	0.00168	0.03082	0.0622	0.03353	0.02789	0.28704	0.16659	0.21133	0.15722	0.07716	0.07958	0.10677	0.08649	0.14901	0.09936	0.34952	0.10063	0.0	0.0	0.0	0.16731	0.25316	0.06448	0.28801	0.04058	0.04045	0.02275	0.25119	0.0	0.00168	0.00168	0.09512	0.00168	0.00168	0.00168	0.00168	0.07058	0.00168	0.02957	0.00168	0.00168	0.00168	0.00168	0.00168	0.07918	0.00168	0.01954	0.00168	0.00168	0.12613	0.08794	0.11402	0.11978	0.09279	0.03927	0.03484	0.04702	0.13131	
7e-05	0.00087	0.00193	0.00029	0.0	0.00121	0.00106	0.00021	0.00055	0.00072	0.00193	0.00128	0.0	0.0	0.00218	0.0	0.00114	0.00152	0.00097	0.0013	0.00116	0.00035	0.00232	0.00168	0.0	0.0001	0.00112	0.00014	0.00168	0.00114	0.00255	0.00153	0.00011	0.00081	0.00108	0.00141	0.00098	0.0015	0.00023	0.00122	0.0007	0.0	0.0	0.0	0.00389	0.0004	0.00017	0.00138	0.00126	0.00172	0.00187	0.00301	0.0	0.0	0.0	0.00015	0.0	0.0	0.0	0.0	0.00018	0.0	0.00113	0.0	0.0	0.0	0.0	0.0	0.0003	0.0	0.00128	0.0	0.0	0.00185	0.0001	0.00055	0.00136	0.00083	0.00056	0.00114	0.0015	0.00099	
0.19029	0.08272	0.03974	0.07639	0.0001	0.13298	0.08802	0.14179	0.23796	0.03043	0.03974	0.03148	0.0001	0.01491	0.05726	0.0	0.05334	0.05527	0.22381	0.14212	0.13161	0.07641	0.08482	0.03082	0.0001	0.0	0.22804	0.06016	0.04976	0.05813	0.08396	0.06692	0.10995	0.14216	0.19267	0.07019	0.04019	0.19923	0.23841	0.08172	0.22051	0.0	0.0	0.0	0.38809	0.06677	0.12005	0.10683	0.0474	0.07668	0.03735	0.05547	0.01384	0.0001	0.0001	0.13584	0.0001	0.0001	0.0001	0.0001	0.00326	0.0001	0.18723	0.0001	0.0001	0.0001	0.0001	0.0001	0.02061	0.0001	0.03148	0.0001	0.0001	0.09023	0.2066	0.15172	0.17779	0.10511	0.07501	0.03349	0.09391	0.20162	
0.17541	0.18287	0.08223	0.23604	0.00112	0.24192	0.18962	0.1134	0.06077	0.06187	0.08223	0.11269	0.00112	0.07316	0.23767	0.0	0.11922	0.11992	0.13654	0.00399	0.1668	0.17665	0.05339	0.0622	0.00112	0.22804	0.0	0.00199	0.20658	0.20024	0.00543	0.17495	0.02863	0.31586	0.14358	0.18102	0.06191	0.22087	0.26024	0.1762	0.19807	0.0	0.0	0.0	0.85171	0.07194	0.04352	0.11077	0.05227	0.21343	0.07677	0.12977	0.04473	0.00112	0.00112	0.37029	0.00112	0.00112	0.00112	0.00112	0.12374	0.00112	0.1288	0.00112	0.00112	0.00112	0.00112	0.00112	0.11947	0.00112	0.11269	0.00112	0.00112	0.35285	0.45579	0.1534	0.14527	0.16036	0.07982	0.00111	0.20802	0.14679	
0.16291	0.05784	0.0434	0.1188	0.00014	0.08035	0.09309	0.2163	0.15221	0.03316	0.0434	0.03428	0.00014	0.03642	0.05214	0.0	0.05891	0.06073	0.06073	0.07191	0.14957	0.03813	0.01484	0.03353	0.00014	0.06016	0.00199	0.0	0.19773	0.06689	0.01566	0.07501	0.12408	0.08484	0.49318	0.24093	0.11378	0.16931	0.08899	0.37827	0.19909	0.0	0.0	0.0	0.42998	0.07047	0.04851	0.17226	0.07677	0.05708	0.04075	0.25887	0.0165	0.00014	0.00014	0.00354	0.00014	0.00014	0.00014	0.00014	0.00013	0.00014	0.05936	0.00014	0.00014	0.00014	0.00014	0.00014	0.23537	0.00014	0.03428	0.00014	0.00014	0.10932	0.5856	0.06532	0.10959	0.20482	0.63533	0.06836	0.06291	0.05779	
0.1281	0.33923	0.03599	0.1717	0.00168	0.35633	0.34342	0.16406	0.15317	0.02756	0.03599	0.51138	0.00168	0.0	0.78269	0.0	0.04952	0.05028	0.05105	0.20855	0.16653	0.06983	0.33244	0.02789	0.00168	0.04976	0.20658	0.19773	0.0	0.1628	0.15294	0.0642	0.19678	0.21907	0.4065	0.28628	0.21038	0.16961	0.16242	0.16988	0.17362	0.0	0.0	0.0	0.36236	0.16009	0.139	0.279	0.0724	0.51149	0.03381	0.53452	0.02014	0.00168	0.00168	0.1242	0.00168	0.00168	0.00168	0.00168	0.17314	0.00168	0.04988	0.00168	0.00168	0.00168	0.00168	0.00168	0.13862	0.00168	0.51138	0.00168	0.00168	0.18059	0.19278	0.23037	0.19167	0.17293	0.50616	0.05656	0.39509	0.17475	
0.24076	0.23991	0.35038	0.4132	0.00114	0.30889	0.39431	0.50472	0.29139	0.04515	0.35038	0.04669	0.00114	0.02065	0.06961	0.0	0.09435	0.17006	0.09814	0.33911	0.41032	0.13557	0.0698	0.28704	0.00114	0.05813	0.20024	0.06689	0.1628	0.0	0.14039	0.58277	0.31831	0.23063	0.32546	0.3158	0.15795	0.31302	0.2223	0.40822	0.27435	0.0	0.0	0.0	0.516	0.41744	0.16342	0.41944	0.09455	0.10221	0.05671	0.28213	0.10579	0.00114	0.00114	0.2068	0.00114	0.00114	0.00114	0.00114	0.10823	0.00114	0.43629	0.00114	0.00114	0.00114	0.00114	0.00114	0.12854	0.00114	0.04669	0.00114	0.00114	0.23509	0.94484	0.31957	0.21016	0.20692	0.09359	0.31528	0.28575	0.20718	
0.13127	0.06437	0.05965	0.06139	0.00255	0.04602	0.09887	0.25671	0.23943	0.1662	0.05965	0.04711	0.00255	0.0031	0.02212	0.0	0.15023	0.3799	0.08562	0.18016	0.04468	0.00314	0.12095	0.16659	0.00255	0.08396	0.00543	0.01566	0.15294	0.14039	0.0	0.11292	0.12298	0.1458	0.18279	0.33859	0.17731	0.45478	0.06391	0.20018	0.05576	0.0	0.0	0.0	1.00315	0.12525	0.09854	0.34374	0.12398	0.04709	0.05596	1.17043	0.16822	0.00255	0.00255	0.03235	0.00255	0.00255	0.00255	0.00255	0.01069	0.00255	0.08352	0.00255	0.00255	0.00255	0.00255	0.00255	0.05282	0.00255	0.04711	0.00255	0.00255	0.26653	0.30178	0.16744	0.16026	0.12534	0.03741	0.09562	0.13517	0.27227	
0.23619	0.17866	1.00476	0.48951	0.00153	0.37124	0.40049	0.1845	0.18732	0.21994	1.00476	0.04107	0.00153	0.01304	0.07616	0.0	0.15525	0.45323	0.06259	0.2759	0.41652	0.06418	0.06208	0.21133	0.00153	0.06692	0.17495	0.07501	0.0642	0.58277	0.11292	0.0	0.30768	0.15992	0.09912	0.24632	0.08688	0.52625	0.13714	0.33311	0.10416	0.0	0.0	0.0	0.81268	0.29282	0.1353	0.15578	0.09063	0.0974	0.04104	0.03475	0.00153	0.00153	0.00153	0.11532	0.00153	0.00153	0.00153	0.00153	0.13533	0.00153	0.58483	0.00153	0.00153	0.00153	0.00153	0.00153	0.11865	0.00153	0.04107	0.00153	0.00153	0.33443	0.66694	0.57496	0.12261	0.15138	0.09663	0.33996	0.58279	0.28924	
0.25883	0.14408	0.30901	0.38319	0.00011	0.30729	0.33069	0.18805	0.48793	0.16367	0.30901	0.22801	0.00011	0.02321	0.03991	0.0	0.1666	0.33836	0.10823	0.40847	0.54483	0.10207	0.02804	0.15722	0.00011	0.10995	0.02863	0.12408	0.19678	0.31831	0.12298	0.30768	0.0	0.13282	0.19898	0.12928	0.09054	0.5311	0.14038	0.31173	0.21054	0.0	0.0	0.0	0.55328	0.6951	0.04975	0.19935	0.16687	0.06673	0.06661	0.05545	0.00011	0.00011	0.00011	0.16893	0.00011	0.00011	0.00011	0.00011	0.22965	0.00011	0.24579	0.00011	0.00011	0.00011	0.00011	0.00011	0.19422	0.00011	0.22801	0.00011	0.00011	0.21701	0.59913	0.41071	0.09401	0.1162	0.21552	0.07419	0.46705	0.17116	
0.24946	0.18047	0.16066	0.23583	0.00081	0.28061	0.3592	0.3685	0.38847	0.0803	0.16066	0.15658	0.00081	0.0273	0.1103	0.0	0.1945	0.1652	0.27218	0.20473	0.31179	0.08183	0.10207	0.07716	0.00081	0.14216	0.31586	0.08484	0.21907	0.23063	0.1458	0.15992	0.13282	0.0	0.31686	0.54901	0.16243	0.30701	0.41215	0.69937	0.25797	0.0	0.0	0.0	0.92956	0.46432	0.37285	0.32881	0.1751	0.23997	0.12902	0.10298	0.00081	0.00081	0.00081	0.11168	0.00081	0.00081	0.00081	0.00081	0.03753	0.00081	0.24579	0.00081	0.00081	0.00081	0.00081	0.00081	0.19149	0.00081	0.15658	0.00081	0.00081	0.34346	0.9635	0.26804	0.26784	0.41256	0.17232	0.12823	0.24056	0.53465	
0.27939	0.35075	0.09983	0.28013	0.00108	0.32617	0.466	0.34737	0.68779	0.0828	0.09983	0.3223	0.00108	0.17067	0.27887	0.0	0.15677	0.17009	0.17666	0.29715	0.41373	0.08691	0.26921	0.07958	0.00108	0.19267	0.14358	0.49318	0.4065	0.32546	0.18279	0.09912	0.19898	0.31686	0.0	0.32292	0.26677	0.51302	0.28357	0.70197	0.60966	0.0	0.0	0.0	0.0	0.26367	0.31614	0.34932	0.27788	0.28162	0.09213	0.13769	0.00108	0.00108	0.00108	0.09757	0.00108	0.00108	0.00108	0.00108	0.12595	0.00108	0.32077	0.00108	0.00108	0.00108	0.00108	0.00108	0.29598	0.00108	0.3223	0.00108	0.00108	0.47825	0.81265	0.24746	0.47505	0.49629	0.77911	0.19402	0.33631	0.25728	
0.1144	0.14845	0.15167	0.14588	0.00141	0.26118	0.23509	0.2981	0.27796	0.10655	0.15167	0.07441	0.00141	0.10282	0.19134	0.0	0.16439	0.25943	0.11398	0.28983	0.20108	0.04235	0.13328	0.10677	0.00141	0.07019	0.18102	0.24093	0.28628	0.3158	0.33859	0.24632	0.12928	0.54901	0.32292	0.0	0.24923	0.38322	0.17153	0.38646	0.18735	0.0	0.0	0.0	0.64625	0.23018	0.15958	0.33879	0.14984	0.26313	0.09173	0.42402	0.09094	0.00141	0.00141	0.07308	0.00141	0.00141	0.00141	0.00141	0.06454	0.00141	0.18197	0.00141	0.00141	0.00141	0.00141	0.00141	0.21809	0.00141	0.07441	0.00141	0.00141	0.32287	1.06654	0.29015	0.21408	0.29444	0.25826	0.09011	0.31373	0.45749	
0.1712	0.34324	0.02651	0.15373	0.00098	0.13248	0.19617	0.2759	0.10292	0.08536	0.02651	0.10123	0.00098	0.00098	0.21042	0.0	0.14476	0.18658	0.14795	0.18536	0.082	0.13589	0.13665	0.08649	0.00098	0.04019	0.06191	0.11378	0.21038	0.15795	0.17731	0.08688	0.09054	0.16243	0.26677	0.24923	0.0	0.22637	0.21301	0.24979	0.04222	0.0	0.0	0.0	0.20795	0.11002	0.22772	0.17861	0.3408	0.27047	0.11004	0.16712	0.04903	0.00098	0.00098	0.08179	0.00098	0.00098	0.00098	0.00098	0.08396	0.00098	0.1185	0.00098	0.00098	0.00098	0.00098	0.00098	0.12273	0.00098	0.10123	0.00098	0.00098	0.31059	0.28798	0.25095	0.18881	0.17963	0.19967	0.09107	0.21109	0.31756	
0.16929	0.26397	0.21637	0.20508	0.0015	0.37272	0.37789	0.4551	0.39825	0.14801	0.21637	0.08198	0.0015	0.0015	0.16964	0.0	0.15011	0.46468	0.12919	0.59187	0.42896	0.12543	0.19406	0.14901	0.0015	0.19923	0.22087	0.16931	0.16961	0.31302	0.45478	0.52625	0.5311	0.30701	0.51302	0.38322	0.22637	0.0	0.12725	0.26748	0.30384	0.0	0.0	0.0	0.88517	0.39058	0.25158	0.3504	0.2119	0.18061	0.05093	0.41677	0.28411	0.0015	0.0015	0.16434	0.0015	0.0015	0.0015	0.0015	0.14261	0.0015	0.24133	0.0015	0.0015	0.0015	0.0015	0.0015	0.23946	0.0015	0.08198	0.0015	0.0015	0.58483	0.59057	0.41414	0.31924	0.42255	0.24629	0.12323	0.43635	0.41447	
0.17691	0.28439	0.09981	0.2385	0.00023	0.23913	0.39961	0.55962	0.2852	0.10937	0.09981	0.07787	0.00023	0.00023	0.16245	0.0	0.18944	0.07097	0.37005	0.14208	0.20867	0.04292	0.1527	0.09936	0.00023	0.23841	0.26024	0.08899	0.16242	0.2223	0.06391	0.13714	0.14038	0.41215	0.28357	0.17153	0.21301	0.12725	0.0	0.50664	0.22435	0.0	0.0	0.0	0.3267	0.16605	0.21132	0.29498	0.13134	0.25942	0.12421	0.10606	0.01603	0.00023	0.00023	0.2293	0.00023	0.00023	0.00023	0.00023	0.22249	0.00023	0.18688	0.00023	0.00023	0.00023	0.00023	0.00023	0.29771	0.00023	0.07787	0.00023	0.00023	0.25762	0.52261	0.19457	0.40454	0.31986	0.15887	0.16784	0.31346	0.39046	
0.32699	0.25205	0.11576	0.34927	0.00122	0.41478	0.62916	1.03868	0.42772	0.08783	0.11576	0.08196	0.00122	0.00122	0.16991	0.0	0.38469	0.22235	0.48057	0.28567	0.48125	0.17087	0.1126	0.34952	0.00122	0.08172	0.1762	0.37827	0.16988	0.40822	0.20018	0.33311	0.31173	0.69937	0.70197	0.38646	0.24979	0.26748	0.50664	0.0	0.26582	0.0	0.0	0.0	0.48933	0.47046	0.26177	0.47116	0.50375	0.55513	0.39271	0.26268	0.1458	0.00122	0.00122	0.27532	0.00122	0.00122	0.00122	0.00122	0.19572	0.00122	0.2043	0.00122	0.00122	0.00122	0.00122	0.00122	0.46232	0.00122	0.08196	0.00122	0.00122	0.51859	1.20392	0.3594	0.70846	0.60346	0.46503	0.23412	0.32429	0.5892	
0.27018	0.18966	0.0908	0.23735	0.0007	0.17595	0.25369	0.41809	0.31961	0.16692	0.0908	0.1034	0.0007	0.01236	0.09633	0.0	0.18277	0.07626	0.16253	0.15988	0.37187	0.37362	0.05577	0.10063	0.0007	0.22051	0.19807	0.19909	0.17362	0.27435	0.05576	0.10416	0.21054	0.25797	0.60966	0.18735	0.04222	0.30384	0.22435	0.26582	0.0	0.0	0.0	0.0	0.60246	0.47823	0.30451	0.28063	0.19949	0.14883	0.08353	0.13425	0.01716	0.0007	0.0007	0.16885	0.0007	0.0007	0.0007	0.0007	0.13176	0.0007	0.15727	0.0007	0.0007	0.0007	0.0007	0.0007	0.20724	0.0007	0.1034	0.0007	0.0007	0.36568	0.43199	0.41197	0.19848	0.32457	0.22633	0.08928	0.21129	0.19651	
0.0	0.0	0.0	0.0	0.0	0.0	0.0	0.0	0.0	0.0	0.0	0.0	0.0	0.0	0.0	0.0	0.0	0.0	0.0	0.0	0.0	0.0	0.0	0.0	0.0	0.0	0.0	0.0	0.0	0.0	0.0	0.0	0.0	0.0	0.0	0.0	0.0	0.0	0.0	0.0	0.0	0.0	0.0	0.0	0.0	0.0	0.0	0.0	0.0	0.0	0.0	0.0	0.0	0.0	0.0	0.0	0.0	0.0	0.0	0.0	0.0	0.0	0.0	0.0	0.0	0.0	0.0	0.0	0.0	0.0	0.0	0.0	0.0	0.0	0.0	0.0	0.0	0.0	0.0	0.0	0.0	0.0	
0.0	0.0	0.0	0.0	0.0	0.0	0.0	0.0	0.0	0.0	0.0	0.0	0.0	0.0	0.0	0.0	0.0	0.0	0.0	0.0	0.0	0.0	0.0	0.0	0.0	0.0	0.0	0.0	0.0	0.0	0.0	0.0	0.0	0.0	0.0	0.0	0.0	0.0	0.0	0.0	0.0	0.0	0.0	0.0	0.0	0.0	0.0	0.0	0.0	0.0	0.0	0.0	0.0	0.0	0.0	0.0	0.0	0.0	0.0	0.0	0.0	0.0	0.0	0.0	0.0	0.0	0.0	0.0	0.0	0.0	0.0	0.0	0.0	0.0	0.0	0.0	0.0	0.0	0.0	0.0	0.0	0.0	
0.0	0.0	0.0	0.0	0.0	0.0	0.0	0.0	0.0	0.0	0.0	0.0	0.0	0.0	0.0	0.0	0.0	0.0	0.0	0.0	0.0	0.0	0.0	0.0	0.0	0.0	0.0	0.0	0.0	0.0	0.0	0.0	0.0	0.0	0.0	0.0	0.0	0.0	0.0	0.0	0.0	0.0	0.0	0.0	0.0	0.0	0.0	0.0	0.0	0.0	0.0	0.0	0.0	0.0	0.0	0.0	0.0	0.0	0.0	0.0	0.0	0.0	0.0	0.0	0.0	0.0	0.0	0.0	0.0	0.0	0.0	0.0	0.0	0.0	0.0	0.0	0.0	0.0	0.0	0.0	0.0	0.0	
0.18389	0.47029	0.2869	0.37002	0.00389	1.02089	0.76241	1.1492	0.69297	1.22692	0.2869	0.17549	0.00389	0.00389	0.3625	0.0	0.8576	1.04263	0.34158	0.58555	1.02089	0.34977	1.00344	0.16731	0.00389	0.38809	0.85171	0.42998	0.36236	0.516	1.00315	0.81268	0.55328	0.92956	0.0	0.64625	0.20795	0.88517	0.3267	0.48933	0.60246	0.0	0.0	0.0	0.0	0.65416	1.65409	1.35461	0.43861	0.41032	0.26063	0.0	0.0	0.00389	0.00389	0.2021	0.00389	0.00389	0.00389	0.00389	0.15992	0.00389	0.35383	0.00389	0.00389	0.00389	0.00389	0.00389	0.31168	0.00389	0.17549	0.00389	0.00389	2.30219	0.94257	0.62503	0.84458	1.76756	0.65406	0.18765	0.97142	0.65944	
0.26786	0.20098	0.1612	0.30824	0.0004	0.26325	0.2983	0.40981	0.39879	0.09911	0.1612	0.11636	0.0004	0.02198	0.07422	0.0	0.15783	0.21838	0.11078	0.26537	0.3765	0.17943	0.027	0.25316	0.0004	0.06677	0.07194	0.07047	0.16009	0.41744	0.12525	0.29282	0.6951	0.46432	0.26367	0.23018	0.11002	0.39058	0.16605	0.47046	0.47823	0.0	0.0	0.0	0.65416	0.0	0.17028	0.2955	0.14262	0.15172	0.09112	0.16879	0.10978	0.0004	0.0004	0.18351	0.0004	0.0004	0.0004	0.0004	0.17302	0.0004	0.1906	0.0004	0.0004	0.0004	0.0004	0.0004	0.23166	0.0004	0.11636	0.0004	0.0004	0.23451	1.10787	0.36111	0.21152	0.24058	0.13964	0.09782	0.31622	0.2345	
0.1072	0.12684	0.08773	0.19101	0.00017	0.14995	0.1859	0.34054	0.13181	0.15225	0.08773	0.10741	0.00017	0.01208	0.04229	0.0	0.18682	0.07872	0.19878	0.12543	0.14874	0.03415	0.01458	0.06448	0.00017	0.12005	0.04352	0.04851	0.139	0.16342	0.09854	0.1353	0.04975	0.37285	0.31614	0.15958	0.22772	0.25158	0.21132	0.26177	0.30451	0.0	0.0	0.0	1.65409	0.17028	0.0	0.20163	0.25711	0.10171	0.08131	0.10638	0.02197	0.00017	0.00017	0.00294	0.00017	0.00017	0.00017	0.00017	0.0092	0.00017	0.14403	0.00017	0.00017	0.00017	0.00017	0.00017	0.08428	0.00017	0.10741	0.00017	0.00017	0.30058	0.78942	0.26152	0.085	0.32232	0.14817	0.04203	0.1708	0.24686	
0.17545	0.17175	0.06521	0.15715	0.00138	0.18925	0.37795	0.18996	0.21471	0.12274	0.06521	0.0499	0.00138	0.11571	0.17634	0.0	0.1443	0.25716	0.07129	0.19411	0.18805	0.0498	0.11872	0.28801	0.00138	0.10683	0.11077	0.17226	0.279	0.41944	0.34374	0.15578	0.19935	0.32881	0.34932	0.33879	0.17861	0.3504	0.29498	0.47116	0.28063	0.0	0.0	0.0	1.35461	0.2955	0.20163	0.0	0.08491	0.19899	0.06062	0.60311	0.13897	0.00138	0.00138	0.0864	0.00138	0.00138	0.00138	0.00138	0.11123	0.00138	0.13903	0.00138	0.00138	0.00138	0.00138	0.00138	0.16422	0.00138	0.0499	0.00138	0.00138	0.27196	0.51244	0.28739	0.20528	0.33339	0.18972	0.04292	0.2454	0.26953	
0.10073	0.15328	0.05364	0.17667	0.00126	0.23862	0.18185	0.40707	0.26697	0.04031	0.05364	0.04166	0.00126	0.01067	0.08061	0.0	0.36014	0.07774	0.35798	0.2552	0.23728	0.05932	0.12554	0.04058	0.00126	0.0474	0.05227	0.07677	0.0724	0.09455	0.12398	0.09063	0.16687	0.1751	0.27788	0.14984	0.3408	0.2119	0.13134	0.50375	0.19949	0.0	0.0	0.0	0.43861	0.14262	0.25711	0.08491	0.0	0.35417	0.44228	0.0713	0.00965	0.00126	0.00126	0.09634	0.00126	0.00126	0.00126	0.00126	0.22297	0.00126	0.15785	0.00126	0.00126	0.00126	0.00126	0.00126	0.29973	0.00126	0.04166	0.00126	0.00126	0.44242	1.16756	0.18613	0.30827	0.25764	0.0882	0.04277	0.158	0.23376	
0.09696	0.34267	0.05331	0.10854	0.00172	0.48556	0.39773	0.57398	0.1617	0.04018	0.05331	0.19046	0.00172	0.47984	0.59745	0.0	0.36115	0.07703	0.35889	0.13795	0.17836	0.06452	0.29572	0.04045	0.00172	0.07668	0.21343	0.05708	0.51149	0.10221	0.04709	0.0974	0.06673	0.23997	0.28162	0.26313	0.27047	0.18061	0.25942	0.55513	0.14883	0.0	0.0	0.0	0.41032	0.15172	0.10171	0.19899	0.35417	0.0	0.4452	0.19919	0.02068	0.00172	0.00172	0.17415	0.00172	0.00172	0.00172	0.00172	0.19429	0.00172	0.07851	0.00172	0.00172	0.00172	0.00172	0.00172	0.18705	0.00172	0.19046	0.00172	0.00172	0.27122	0.83767	0.33551	0.43969	0.16741	0.28935	0.08782	0.38867	0.42096	
0.08705	0.05399	0.02849	0.06594	0.00187	0.15562	0.09482	0.42189	0.15282	0.0223	0.02849	0.02309	0.00187	0.00423	0.03951	0.0	0.55136	0.0381	0.53754	0.08634	0.15583	0.01657	0.05641	0.02275	0.00187	0.03735	0.07677	0.04075	0.03381	0.05671	0.05596	0.04104	0.06661	0.12902	0.09213	0.09173	0.11004	0.05093	0.12421	0.39271	0.08353	0.0	0.0	0.0	0.26063	0.09112	0.08131	0.06062	0.44228	0.4452	0.0	0.03409	0.00376	0.00187	0.00187	0.1192	0.00187	0.00187	0.00187	0.00187	0.08766	0.00187	0.03605	0.00187	0.00187	0.00187	0.00187	0.00187	0.10016	0.00187	0.02309	0.00187	0.00187	0.12973	0.68489	0.03801	0.28963	0.09369	0.04854	0.04219	0.05874	0.10521	
0.1311	0.15694	0.03609	0.08214	0.00301	0.15735	0.17563	0.09546	0.15086	0.26138	0.03609	0.03603	0.00301	0.0	0.29458	0.0	0.15718	0.53734	0.0504	0.21492	0.08665	0.05418	0.27643	0.25119	0.00301	0.05547	0.12977	0.25887	0.53452	0.28213	1.17043	0.03475	0.05545	0.10298	0.13769	0.42402	0.16712	0.41677	0.10606	0.26268	0.13425	0.0	0.0	0.0	0.0	0.16879	0.10638	0.60311	0.0713	0.19919	0.03409	0.0	0.00301	0.00301	0.00301	0.1024	0.00301	0.00301	0.00301	0.00301	0.11239	0.00301	0.04841	0.00301	0.00301	0.00301	0.00301	0.00301	0.10017	0.00301	0.03603	0.00301	0.00301	0.25875	0.11211	0.23118	0.15554	0.12751	0.18972	0.05821	0.27351	0.26687	
0.03879	0.0249	0.00391	0.02085	0.0	0.02091	0.03649	0.00021	0.02661	0.0	0.00391	0.01636	0.0	0.0	0.02653	0.0	0.22863	0.0	0.00806	0.07036	0.03207	0.01838	0.00264	0.0	0.0	0.01384	0.04473	0.0165	0.02014	0.10579	0.16822	0.00153	0.00011	0.00081	0.00108	0.09094	0.04903	0.28411	0.01603	0.1458	0.01716	0.0	0.0	0.0	0.0	0.10978	0.02197	0.13897	0.00965	0.02068	0.00376	0.00301	0.0	0.0	0.0	0.07026	0.0	0.0	0.0	0.0	0.04375	0.0	0.00672	0.0	0.0	0.0	0.0	0.0	0.04745	0.0	0.01636	0.0	0.0	0.19343	9e-05	0.12429	0.01672	0.06466	0.02128	0.00855	0.11161	0.20863	
7e-05	0.00087	0.00193	0.00029	0.0	0.00121	0.00106	0.00021	0.00055	0.00072	0.00193	0.00128	0.0	0.0	0.00218	0.0	0.00114	0.00152	0.00097	0.0013	0.00116	0.00035	0.00232	0.00168	0.0	0.0001	0.00112	0.00014	0.00168	0.00114	0.00255	0.00153	0.00011	0.00081	0.00108	0.00141	0.00098	0.0015	0.00023	0.00122	0.0007	0.0	0.0	0.0	0.00389	0.0004	0.00017	0.00138	0.00126	0.00172	0.00187	0.00301	0.0	0.0	0.0	0.00015	0.0	0.0	0.0	0.0	0.00018	0.0	0.00113	0.0	0.0	0.0	0.0	0.0	0.0003	0.0	0.00128	0.0	0.0	0.00185	0.0001	0.00055	0.00136	0.00083	0.00056	0.00114	0.0015	0.00099	
7e-05	0.00087	0.00193	0.00029	0.0	0.00121	0.00106	0.00021	0.00055	0.00072	0.00193	0.00128	0.0	0.0	0.00218	0.0	0.00114	0.00152	0.00097	0.0013	0.00116	0.00035	0.00232	0.00168	0.0	0.0001	0.00112	0.00014	0.00168	0.00114	0.00255	0.00153	0.00011	0.00081	0.00108	0.00141	0.00098	0.0015	0.00023	0.00122	0.0007	0.0	0.0	0.0	0.00389	0.0004	0.00017	0.00138	0.00126	0.00172	0.00187	0.00301	0.0	0.0	0.0	0.00015	0.0	0.0	0.0	0.0	0.00018	0.0	0.00113	0.0	0.0	0.0	0.0	0.0	0.0003	0.0	0.00128	0.0	0.0	0.00185	0.0001	0.00055	0.00136	0.00083	0.00056	0.00114	0.0015	0.00099	
0.23698	0.31778	0.09223	0.11056	0.00015	0.24818	0.09165	0.33489	0.17178	0.09478	0.09223	0.07117	0.00015	0.03826	0.1413	0.0	0.19563	0.19493	0.13759	0.11598	0.17268	0.30712	0.01219	0.09512	0.00015	0.13584	0.37029	0.00354	0.1242	0.2068	0.03235	0.11532	0.16893	0.11168	0.09757	0.07308	0.08179	0.16434	0.2293	0.27532	0.16885	0.0	0.0	0.0	0.2021	0.18351	0.00294	0.0864	0.09634	0.17415	0.1192	0.1024	0.07026	0.00015	0.00015	0.0	0.00015	0.00015	0.00015	0.00015	0.46897	0.00015	0.137	0.00015	0.00015	0.00015	0.00015	0.00015	0.38843	0.00015	0.07117	0.00015	0.00015	0.21259	0.65849	0.05865	0.32451	0.15403	0.04706	0.15687	0.21457	0.13748	
7e-05	0.00087	0.00193	0.00029	0.0	0.00121	0.00106	0.00021	0.00055	0.00072	0.00193	0.00128	0.0	0.0	0.00218	0.0	0.00114	0.00152	0.00097	0.0013	0.00116	0.00035	0.00232	0.00168	0.0	0.0001	0.00112	0.00014	0.00168	0.00114	0.00255	0.00153	0.00011	0.00081	0.00108	0.00141	0.00098	0.0015	0.00023	0.00122	0.0007	0.0	0.0	0.0	0.00389	0.0004	0.00017	0.00138	0.00126	0.00172	0.00187	0.00301	0.0	0.0	0.0	0.00015	0.0	0.0	0.0	0.0	0.00018	0.0	0.00113	0.0	0.0	0.0	0.0	0.0	0.0003	0.0	0.00128	0.0	0.0	0.00185	0.0001	0.00055	0.00136	0.00083	0.00056	0.00114	0.0015	0.00099	
7e-05	0.00087	0.00193	0.00029	0.0	0.00121	0.00106	0.00021	0.00055	0.00072	0.00193	0.00128	0.0	0.0	0.00218	0.0	0.00114	0.00152	0.00097	0.0013	0.00116	0.00035	0.00232	0.00168	0.0	0.0001	0.00112	0.00014	0.00168	0.00114	0.00255	0.00153	0.00011	0.00081	0.00108	0.00141	0.00098	0.0015	0.00023	0.00122	0.0007	0.0	0.0	0.0	0.00389	0.0004	0.00017	0.00138	0.00126	0.00172	0.00187	0.00301	0.0	0.0	0.0	0.00015	0.0	0.0	0.0	0.0	0.00018	0.0	0.00113	0.0	0.0	0.0	0.0	0.0	0.0003	0.0	0.00128	0.0	0.0	0.00185	0.0001	0.00055	0.00136	0.00083	0.00056	0.00114	0.0015	0.00099	
7e-05	0.00087	0.00193	0.00029	0.0	0.00121	0.00106	0.00021	0.00055	0.00072	0.00193	0.00128	0.0	0.0	0.00218	0.0	0.00114	0.00152	0.00097	0.0013	0.00116	0.00035	0.00232	0.00168	0.0	0.0001	0.00112	0.00014	0.00168	0.00114	0.00255	0.00153	0.00011	0.00081	0.00108	0.00141	0.00098	0.0015	0.00023	0.00122	0.0007	0.0	0.0	0.0	0.00389	0.0004	0.00017	0.00138	0.00126	0.00172	0.00187	0.00301	0.0	0.0	0.0	0.00015	0.0	0.0	0.0	0.0	0.00018	0.0	0.00113	0.0	0.0	0.0	0.0	0.0	0.0003	0.0	0.00128	0.0	0.0	0.00185	0.0001	0.00055	0.00136	0.00083	0.00056	0.00114	0.0015	0.00099	
7e-05	0.00087	0.00193	0.00029	0.0	0.00121	0.00106	0.00021	0.00055	0.00072	0.00193	0.00128	0.0	0.0	0.00218	0.0	0.00114	0.00152	0.00097	0.0013	0.00116	0.00035	0.00232	0.00168	0.0	0.0001	0.00112	0.00014	0.00168	0.00114	0.00255	0.00153	0.00011	0.00081	0.00108	0.00141	0.00098	0.0015	0.00023	0.00122	0.0007	0.0	0.0	0.0	0.00389	0.0004	0.00017	0.00138	0.00126	0.00172	0.00187	0.00301	0.0	0.0	0.0	0.00015	0.0	0.0	0.0	0.0	0.00018	0.0	0.00113	0.0	0.0	0.0	0.0	0.0	0.0003	0.0	0.00128	0.0	0.0	0.00185	0.0001	0.00055	0.00136	0.00083	0.00056	0.00114	0.0015	0.00099	
0.07492	0.50297	0.12568	0.18177	0.00018	0.29005	0.17665	0.13235	0.17248	0.07025	0.12568	0.09598	0.00018	0.06371	0.19813	0.0	0.13881	0.13907	0.13322	0.16077	0.14481	0.20871	0.03531	0.07058	0.00018	0.00326	0.12374	0.00013	0.17314	0.10823	0.01069	0.13533	0.22965	0.03753	0.12595	0.06454	0.08396	0.14261	0.22249	0.19572	0.13176	0.0	0.0	0.0	0.15992	0.17302	0.0092	0.11123	0.22297	0.19429	0.08766	0.11239	0.04375	0.00018	0.00018	0.46897	0.00018	0.00018	0.00018	0.00018	0.0	0.00018	0.13795	0.00018	0.00018	0.00018	0.00018	0.00018	0.70596	0.00018	0.09598	0.00018	0.00018	0.32738	0.61014	0.08045	0.17177	0.29152	0.06472	0.01026	0.28922	0.13218	
7e-05	0.00087	0.00193	0.00029	0.0	0.00121	0.00106	0.00021	0.00055	0.00072	0.00193	0.00128	0.0	0.0	0.00218	0.0	0.00114	0.00152	0.00097	0.0013	0.00116	0.00035	0.00232	0.00168	0.0	0.0001	0.00112	0.00014	0.00168	0.00114	0.00255	0.00153	0.00011	0.00081	0.00108	0.00141	0.00098	0.0015	0.00023	0.00122	0.0007	0.0	0.0	0.0	0.00389	0.0004	0.00017	0.00138	0.00126	0.00172	0.00187	0.00301	0.0	0.0	0.0	0.00015	0.0	0.0	0.0	0.0	0.00018	0.0	0.00113	0.0	0.0	0.0	0.0	0.0	0.0003	0.0	0.00128	0.0	0.0	0.00185	0.0001	0.00055	0.00136	0.00083	0.00056	0.00114	0.0015	0.00099	
0.14164	0.19284	0.57798	0.2009	0.00113	0.31104	0.24212	0.46452	0.37004	0.02925	0.57798	0.03025	0.00113	0.0074	0.0562	0.0	0.05372	0.05423	0.05545	0.20698	0.31078	0.076	0.08442	0.02957	0.00113	0.18723	0.1288	0.05936	0.04988	0.43629	0.08352	0.58483	0.24579	0.24579	0.32077	0.18197	0.1185	0.24133	0.18688	0.2043	0.15727	0.0	0.0	0.0	0.35383	0.1906	0.14403	0.13903	0.15785	0.07851	0.03605	0.04841	0.00672	0.00113	0.00113	0.137	0.00113	0.00113	0.00113	0.00113	0.13795	0.00113	0.0	0.00113	0.00113	0.00113	0.00113	0.00113	0.13116	0.00113	0.03025	0.00113	0.00113	0.2169	0.7788	0.19163	0.19326	0.15446	0.07674	0.77825	0.31716	0.18794	
7e-05	0.00087	0.00193	0.00029	0.0	0.00121	0.00106	0.00021	0.00055	0.00072	0.00193	0.00128	0.0	0.0	0.00218	0.0	0.00114	0.00152	0.00097	0.0013	0.00116	0.00035	0.00232	0.00168	0.0	0.0001	0.00112	0.00014	0.00168	0.00114	0.00255	0.00153	0.00011	0.00081	0.00108	0.00141	0.00098	0.0015	0.00023	0.00122	0.0007	0.0	0.0	0.0	0.00389	0.0004	0.00017	0.00138	0.00126	0.00172	0.00187	0.00301	0.0	0.0	0.0	0.00015	0.0	0.0	0.0	0.0	0.00018	0.0	0.00113	0.0	0.0	0.0	0.0	0.0	0.0003	0.0	0.00128	0.0	0.0	0.00185	0.0001	0.00055	0.00136	0.00083	0.00056	0.00114	0.0015	0.00099	
7e-05	0.00087	0.00193	0.00029	0.0	0.00121	0.00106	0.00021	0.00055	0.00072	0.00193	0.00128	0.0	0.0	0.00218	0.0	0.00114	0.00152	0.00097	0.0013	0.00116	0.00035	0.00232	0.00168	0.0	0.0001	0.00112	0.00014	0.00168	0.00114	0.00255	0.00153	0.00011	0.00081	0.00108	0.00141	0.00098	0.0015	0.00023	0.00122	0.0007	0.0	0.0	0.0	0.00389	0.0004	0.00017	0.00138	0.00126	0.00172	0.00187	0.00301	0.0	0.0	0.0	0.00015	0.0	0.0	0.0	0.0	0.00018	0.0	0.00113	0.0	0.0	0.0	0.0	0.0	0.0003	0.0	0.00128	0.0	0.0	0.00185	0.0001	0.00055	0.00136	0.00083	0.00056	0.00114	0.0015	0.00099	
7e-05	0.00087	0.00193	0.00029	0.0	0.00121	0.00106	0.00021	0.00055	0.00072	0.00193	0.00128	0.0	0.0	0.00218	0.0	0.00114	0.00152	0.00097	0.0013	0.00116	0.00035	0.00232	0.00168	0.0	0.0001	0.00112	0.00014	0.00168	0.00114	0.00255	0.00153	0.00011	0.00081	0.00108	0.00141	0.00098	0.0015	0.00023	0.00122	0.0007	0.0	0.0	0.0	0.00389	0.0004	0.00017	0.00138	0.00126	0.00172	0.00187	0.00301	0.0	0.0	0.0	0.00015	0.0	0.0	0.0	0.0	0.00018	0.0	0.00113	0.0	0.0	0.0	0.0	0.0	0.0003	0.0	0.00128	0.0	0.0	0.00185	0.0001	0.00055	0.00136	0.00083	0.00056	0.00114	0.0015	0.00099	
7e-05	0.00087	0.00193	0.00029	0.0	0.00121	0.00106	0.00021	0.00055	0.00072	0.00193	0.00128	0.0	0.0	0.00218	0.0	0.00114	0.00152	0.00097	0.0013	0.00116	0.00035	0.00232	0.00168	0.0	0.0001	0.00112	0.00014	0.00168	0.00114	0.00255	0.00153	0.00011	0.00081	0.00108	0.00141	0.00098	0.0015	0.00023	0.00122	0.0007	0.0	0.0	0.0	0.00389	0.0004	0.00017	0.00138	0.00126	0.00172	0.00187	0.00301	0.0	0.0	0.0	0.00015	0.0	0.0	0.0	0.0	0.00018	0.0	0.00113	0.0	0.0	0.0	0.0	0.0	0.0003	0.0	0.00128	0.0	0.0	0.00185	0.0001	0.00055	0.00136	0.00083	0.00056	0.00114	0.0015	0.00099	
