0.0	0.36806	0.05846	0.23486	0.09702	0.03227	0.18602	0.07733	0.08642	0.08939	0.03878	0.20868	0.09421	0.10786	0.00018	0.00018	0.00018	0.00018	0.00018	0.00018	0.00018	0.00018	0.00018	0.00018	0.10554	0.05655	0.00018	0.00018	0.00018	0.09427	0.00018	0.00018	0.00018	0.00018	0.00018	0.00018	0.00018	0.00018	0.03442	0.18777	0.07782	0.03119	0.00018	1.21204	0.16562	0.1048	0.05655	0.00018	0.00018	0.06925	0.00018	0.00018	0.00018	0.00018	0.00018	0.00018	0.00018	0.00018	0.00018	0.00018	0.00018	0.00018	0.00018	0.05008	0.05008	0.00018	0.00018	0.05008	0.00018	0.00018	0.00018	0.00018	0.09782	0.24962	0.06858	0.05546	0.15267	0.00018	0.00018	0.00018	0.14268	0.01109	0.31367	0.03878	0.18777	0.03542	
0.36806	0.0	0.07307	0.38195	0.11584	0.05343	0.17841	0.14761	0.10041	0.08019	0.0656	0.37937	0.32397	0.27531	0.00014	0.00014	0.00014	0.00014	0.00014	0.00014	0.00014	0.00014	0.00014	0.00014	0.13029	0.04912	0.00014	0.00014	0.00014	0.08492	0.00014	0.00014	0.00014	0.00014	0.00014	0.00014	0.00014	0.00014	0.08975	0.36218	0.13966	0.15691	0.00014	1.53055	0.14545	0.11414	0.04912	0.00014	0.00014	0.03579	0.00014	0.00014	0.00014	0.00014	0.00014	0.00014	0.00014	0.00014	0.00014	0.00014	0.00014	0.00014	0.00014	0.08782	0.08782	0.00014	0.00014	0.08782	0.00014	0.00014	0.00014	0.00014	0.13692	0.37391	0.17019	0.06891	0.30231	0.00014	0.00014	0.00014	0.16464	0.10459	0.48843	0.0656	0.36218	0.06273	
0.05846	0.07307	0.0	0.16663	0.01813	0.00959	0.02543	0.01936	0.01857	0.01495	0.01116	0.13497	0.05842	0.1567	0.00013	0.00013	0.00013	0.00013	0.00013	0.00013	0.00013	0.00013	0.00013	0.00013	0.04601	0.01046	0.00013	0.00013	0.00013	0.01556	0.00013	0.00013	0.00013	0.00013	0.00013	0.00013	0.00013	0.00013	0.17612	0.09243	0.04491	0.07085	0.00013	0.13811	0.03045	0.01988	0.01046	0.00013	0.00013	0.01775	0.00013	0.00013	0.00013	0.00013	0.00013	0.00013	0.00013	0.00013	0.00013	0.00013	0.00013	0.00013	0.00013	0.01372	0.01372	0.00013	0.00013	0.01372	0.00013	0.00013	0.00013	0.00013	0.51757	0.14819	0.0489	0.01489	0.17998	0.00013	0.00013	0.00013	0.06393	0.06434	0.13608	0.01116	0.09243	0.05736	
0.23486	0.38195	0.16663	0.0	0.15428	0.02438	0.14283	0.06066	0.09288	0.15607	0.02952	0.46123	0.32159	0.36247	0.00013	0.00013	0.00013	0.00013	0.00013	0.00013	0.00013	0.00013	0.00013	0.00013	0.1968	0.07065	0.00013	0.00013	0.00013	0.12453	0.00013	0.00013	0.00013	0.00013	0.00013	0.00013	0.00013	0.00013	0.36726	0.70028	0.06624	0.23955	0.00013	1.02205	0.22703	0.12925	0.07065	0.00013	0.00013	0.05407	0.00013	0.00013	0.00013	0.00013	0.00013	0.00013	0.00013	0.00013	0.00013	0.00013	0.00013	0.00013	0.00013	0.03854	0.03854	0.00013	0.00013	0.03854	0.00013	0.00013	0.00013	0.00013	0.16874	0.46731	0.23951	0.04288	0.30177	0.00013	0.00013	0.00013	0.14678	0.17641	0.45863	0.02952	0.70028	0.11922	
0.09702	0.11584	0.01813	0.15428	0.0	0.3958	0.22803	0.02317	0.02295	0.61337	0.01255	0.10927	0.07912	0.10341	0.0001	0.0001	0.0001	0.0001	0.0001	0.0001	0.0001	0.0001	0.0001	0.0001	0.11321	0.01168	0.0001	0.0001	0.0001	0.01816	0.0001	0.0001	0.0001	0.0001	0.0001	0.0001	0.0001	0.0001	0.14675	0.09605	0.10391	0.09685	0.0001	0.34364	0.03978	0.02479	0.01168	0.0001	0.0001	0.17125	0.0001	0.0001	0.0001	0.0001	0.0001	0.0001	0.0001	0.0001	0.0001	0.0001	0.0001	0.0001	0.0001	0.0158	0.0158	0.0001	0.0001	0.0158	0.0001	0.0001	0.0001	0.0001	0.02748	0.12168	0.07876	0.01731	0.08594	0.0001	0.0001	0.0001	0.19586	0.14174	0.10854	0.01255	0.09605	0.16064	
0.03227	0.05343	0.00959	0.02438	0.3958	0.0	0.0149	0.01165	0.01083	0.0093	0.00719	0.02577	0.04167	0.02857	0.0002	0.0002	0.0002	0.0002	0.0002	0.0002	0.0002	0.0002	0.0002	0.0002	0.02473	0.00681	0.0002	0.0002	0.0002	0.00963	0.0002	0.0002	0.0002	0.0002	0.0002	0.0002	0.0002	0.0002	0.0204	0.0328	0.02451	0.046	0.0002	0.06948	0.01685	0.0115	0.00681	0.0002	0.0002	0.27136	0.0002	0.0002	0.0002	0.0002	0.0002	0.0002	0.0002	0.0002	0.0002	0.0002	0.0002	0.0002	0.0002	0.00861	0.00861	0.0002	0.0002	0.00861	0.0002	0.0002	0.0002	0.0002	0.01243	0.02533	0.05023	0.00924	0.037	0.0002	0.0002	0.0002	0.03887	0.05131	0.02612	0.00719	0.0328	0.03007	
0.18602	0.17841	0.02543	0.14283	0.22803	0.0149	0.0	0.03251	0.03216	0.28884	0.01761	0.1222	0.11312	0.11893	0.00019	0.00019	0.00019	0.00019	0.00019	0.00019	0.00019	0.00019	0.00019	0.00019	0.03399	0.01638	0.00019	0.00019	0.00019	0.30841	0.00019	0.00019	0.00019	0.00019	0.00019	0.00019	0.00019	0.00019	0.39078	0.18201	0.01475	0.05698	0.00019	1.43452	0.0561	0.23226	0.01638	0.00019	0.00019	0.02952	0.00019	0.00019	0.00019	0.00019	0.00019	0.00019	0.00019	0.00019	0.00019	0.00019	0.00019	0.00019	0.00019	0.02216	0.02216	0.00019	0.00019	0.02216	0.00019	0.00019	0.00019	0.00019	0.03855	0.13184	0.19771	0.02427	0.13805	0.00019	0.00019	0.00019	0.11213	0.07309	0.22393	0.01761	0.18201	0.09364	
0.07733	0.14761	0.01936	0.06066	0.02317	0.01165	0.03251	0.0	0.02377	0.01858	0.01366	0.16243	0.10643	0.07236	0.00011	0.00011	0.00011	0.00011	0.00011	0.00011	0.00011	0.00011	0.00011	0.00011	0.06163	0.01276	0.00011	0.00011	0.00011	0.01939	0.00011	0.00011	0.00011	0.00011	0.00011	0.00011	0.00011	0.00011	0.04669	0.07872	0.14758	0.12391	0.00011	0.19075	0.04006	0.02556	0.01276	0.00011	0.00011	0.02229	0.00011	0.00011	0.00011	0.00011	0.00011	0.00011	0.00011	0.00011	0.00011	0.00011	0.00011	0.00011	0.00011	0.41287	0.41287	0.00011	0.00011	0.41287	0.00011	0.00011	0.00011	0.00011	0.02816	0.06337	0.01022	0.01852	0.06132	0.00011	0.00011	0.00011	0.10093	0.04319	0.06738	0.01366	0.07872	0.02705	
0.08642	0.10041	0.01857	0.09288	0.02295	0.01083	0.03216	0.02377	0.0	0.01777	0.01282	0.0899	0.08126	0.0891	8e-05	8e-05	8e-05	8e-05	8e-05	8e-05	8e-05	8e-05	8e-05	8e-05	0.18106	0.01192	8e-05	8e-05	8e-05	0.01859	8e-05	8e-05	8e-05	8e-05	8e-05	8e-05	8e-05	8e-05	0.04695	0.08647	0.08319	0.11878	8e-05	0.28703	0.11415	0.02552	0.01192	8e-05	8e-05	0.02158	8e-05	8e-05	8e-05	8e-05	8e-05	8e-05	8e-05	8e-05	8e-05	8e-05	8e-05	8e-05	8e-05	0.01617	0.01617	8e-05	8e-05	0.01617	8e-05	8e-05	8e-05	8e-05	0.3807	0.09484	0.06797	0.59262	0.09814	8e-05	8e-05	8e-05	0.08628	0.17752	0.16627	0.01282	0.08647	0.11368	
0.08939	0.08019	0.01495	0.15607	0.61337	0.0093	0.28884	0.01858	0.01777	0.0	0.01079	0.0994	0.05542	0.09275	0.0002	0.0002	0.0002	0.0002	0.0002	0.0002	0.0002	0.0002	0.0002	0.0002	0.10876	0.01013	0.0002	0.0002	0.0002	0.01498	0.0002	0.0002	0.0002	0.0002	0.0002	0.0002	0.0002	0.0002	0.16626	0.08768	0.10147	0.067	0.0002	0.30657	0.02898	0.01901	0.01013	0.0002	0.0002	0.01706	0.0002	0.0002	0.0002	0.0002	0.0002	0.0002	0.0002	0.0002	0.0002	0.0002	0.0002	0.0002	0.0002	0.01323	0.01323	0.0002	0.0002	0.01323	0.0002	0.0002	0.0002	0.0002	0.02079	0.11726	0.04641	0.01434	0.06497	0.0002	0.0002	0.0002	0.18544	0.10523	0.09797	0.01079	0.08768	0.15205	
0.03878	0.0656	0.01116	0.02952	0.01255	0.00719	0.01761	0.01366	0.01282	0.01079	0.0	0.03138	0.05061	0.0347	0.00017	0.00017	0.00017	0.00017	0.00017	0.00017	0.00017	0.00017	0.00017	0.00017	0.02995	0.00779	0.00017	0.00017	0.00017	0.01119	0.00017	0.00017	0.00017	0.00017	0.00017	0.00017	0.00017	0.00017	0.02433	0.03943	0.02956	0.0642	0.00017	0.08582	0.15828	0.01364	0.00779	0.00017	0.00017	0.01261	0.00017	0.00017	0.00017	0.00017	0.00017	0.00017	0.00017	0.00017	0.00017	0.00017	0.00017	0.00017	0.00017	0.00997	0.00997	0.00017	0.00017	0.00997	0.00017	0.00017	0.00017	0.00017	0.01481	0.0307	0.06127	0.01074	0.04505	0.00017	0.00017	0.00017	0.04735	0.06807	0.03182	0.99965	0.03943	0.03667	
0.20868	0.37937	0.13497	0.46123	0.10927	0.02577	0.1222	0.16243	0.0899	0.0994	0.03138	0.0	0.29631	0.59594	9e-05	9e-05	9e-05	9e-05	9e-05	9e-05	9e-05	9e-05	9e-05	9e-05	0.28585	0.05951	9e-05	9e-05	9e-05	0.13499	9e-05	9e-05	9e-05	9e-05	9e-05	9e-05	9e-05	9e-05	0.311	0.56761	0.32869	0.26848	9e-05	1.03364	0.21448	0.14519	0.05951	9e-05	9e-05	0.05879	9e-05	9e-05	9e-05	9e-05	9e-05	9e-05	9e-05	9e-05	9e-05	9e-05	9e-05	9e-05	9e-05	0.22659	0.22659	9e-05	9e-05	0.22659	9e-05	9e-05	9e-05	9e-05	0.15185	0.71887	0.2974	0.04618	0.27897	9e-05	9e-05	9e-05	0.23584	0.28561	0.55582	0.03138	0.56761	0.22279	
0.09421	0.32397	0.05842	0.32159	0.07912	0.04167	0.11312	0.10643	0.08126	0.05542	0.05061	0.29631	0.0	0.19775	9e-05	9e-05	9e-05	9e-05	9e-05	9e-05	9e-05	9e-05	9e-05	9e-05	0.16741	0.03502	9e-05	9e-05	9e-05	0.05843	9e-05	9e-05	9e-05	9e-05	9e-05	9e-05	9e-05	9e-05	0.18408	0.40682	0.04054	0.36303	9e-05	0.93453	0.14743	0.08997	0.03502	9e-05	9e-05	0.09433	9e-05	9e-05	9e-05	9e-05	9e-05	9e-05	9e-05	9e-05	9e-05	9e-05	9e-05	9e-05	9e-05	0.06647	0.06647	9e-05	9e-05	0.06647	9e-05	9e-05	9e-05	9e-05	0.10239	0.26805	0.35495	0.05528	0.46124	9e-05	9e-05	9e-05	0.1786	0.17709	0.49377	0.05061	0.40682	0.04394	
0.10786	0.27531	0.1567	0.36247	0.10341	0.02857	0.11893	0.07236	0.0891	0.09275	0.0347	0.59594	0.19775	0.0	9e-05	9e-05	9e-05	9e-05	9e-05	9e-05	9e-05	9e-05	9e-05	9e-05	0.19124	0.05661	9e-05	9e-05	9e-05	0.15671	9e-05	9e-05	9e-05	9e-05	9e-05	9e-05	9e-05	9e-05	0.33261	0.44717	0.14739	0.17788	9e-05	0.88084	0.19028	0.19368	0.05661	9e-05	9e-05	0.02545	9e-05	9e-05	9e-05	9e-05	9e-05	9e-05	9e-05	9e-05	9e-05	9e-05	9e-05	9e-05	9e-05	0.04551	0.04551	9e-05	9e-05	0.04551	9e-05	9e-05	9e-05	9e-05	0.16993	0.60841	0.169	0.05073	0.18792	9e-05	9e-05	9e-05	0.19946	0.17959	0.46063	0.0347	0.44717	0.29781	
0.00018	0.00014	0.00013	0.00013	0.0001	0.0002	0.00019	0.00011	8e-05	0.0002	0.00017	9e-05	9e-05	9e-05	0.0	0.0	0.0	0.0	0.0	0.0	0.0	0.0	0.0	0.0	7e-05	0.00023	0.0	0.0	0.0	0.00019	0.0	0.0	0.0	0.0	0.0	0.0	0.0	0.0	9e-05	0.00018	7e-05	5e-05	0.0	0.00013	9e-05	9e-05	0.00023	0.0	0.0	0.00012	0.0	0.0	0.0	0.0	0.0	0.0	0.0	0.0	0.0	0.0	0.0	0.0	0.0	0.00014	0.00014	0.0	0.0	0.00014	0.0	0.0	0.0	0.0	6e-05	0.00012	7e-05	0.00014	0.00011	0.0	0.0	0.0	6e-05	2e-05	0.00011	0.00017	0.00018	2e-05	
0.00018	0.00014	0.00013	0.00013	0.0001	0.0002	0.00019	0.00011	8e-05	0.0002	0.00017	9e-05	9e-05	9e-05	0.0	0.0	0.0	0.0	0.0	0.0	0.0	0.0	0.0	0.0	7e-05	0.00023	0.0	0.0	0.0	0.00019	0.0	0.0	0.0	0.0	0.0	0.0	0.0	0.0	9e-05	0.00018	7e-05	5e-05	0.0	0.00013	9e-05	9e-05	0.00023	0.0	0.0	0.00012	0.0	0.0	0.0	0.0	0.0	0.0	0.0	0.0	0.0	0.0	0.0	0.0	0.0	0.00014	0.00014	0.0	0.0	0.00014	0.0	0.0	0.0	0.0	6e-05	0.00012	7e-05	0.00014	0.00011	0.0	0.0	0.0	6e-05	2e-05	0.00011	0.00017	0.00018	2e-05	
0.00018	0.00014	0.00013	0.00013	0.0001	0.0002	0.00019	0.00011	8e-05	0.0002	0.00017	9e-05	9e-05	9e-05	0.0	0.0	0.0	0.0	0.0	0.0	0.0	0.0	0.0	0.0	7e-05	0.00023	0.0	0.0	0.0	0.00019	0.0	0.0	0.0	0.0	0.0	0.0	0.0	0.0	9e-05	0.00018	7e-05	5e-05	0.0	0.00013	9e-05	9e-05	0.00023	0.0	0.0	0.00012	0.0	0.0	0.0	0.0	0.0	0.0	0.0	0.0	0.0	0.0	0.0	0.0	0.0	0.00014	0.00014	0.0	0.0	0.00014	0.0	0.0	0.0	0.0	6e-05	0.00012	7e-05	0.00014	0.00011	0.0	0.0	0.0	6e-05	2e-05	0.00011	0.00017	0.00018	2e-05	
0.00018	0.00014	0.00013	0.00013	0.0001	0.0002	0.00019	0.00011	8e-05	0.0002	0.00017	9e-05	9e-05	9e-05	0.0	0.0	0.0	0.0	0.0	0.0	0.0	0.0	0.0	0.0	7e-05	0.00023	0.0	0.0	0.0	0.00019	0.0	0.0	0.0	0.0	0.0	0.0	0.0	0.0	9e-05	0.00018	7e-05	5e-05	0.0	0.00013	9e-05	9e-05	0.00023	0.0	0.0	0.00012	0.0	0.0	0.0	0.0	0.0	0.0	0.0	0.0	0.0	0.0	0.0	0.0	0.0	0.00014	0.00014	0.0	0.0	0.00014	0.0	0.0	0.0	0.0	6e-05	0.00012	7e-05	0.00014	0.00011	0.0	0.0	0.0	6e-05	2e-05	0.00011	0.00017	0.00018	2e-05	
0.00018	0.00014	0.00013	0.00013	0.0001	0.0002	0.00019	0.00011	8e-05	0.0002	0.00017	9e-05	9e-05	9e-05	0.0	0.0	0.0	0.0	0.0	0.0	0.0	0.0	0.0	0.0	7e-05	0.00023	0.0	0.0	0.0	0.00019	0.0	0.0	0.0	0.0	0.0	0.0	0.0	0.0	9e-05	0.00018	7e-05	5e-05	0.0	0.00013	9e-05	9e-05	0.00023	0.0	0.0	0.00012	0.0	0.0	0.0	0.0	0.0	0.0	0.0	0.0	0.0	0.0	0.0	0.0	0.0	0.00014	0.00014	0.0	0.0	0.00014	0.0	0.0	0.0	0.0	6e-05	0.00012	7e-05	0.00014	0.00011	0.0	0.0	0.0	6e-05	2e-05	0.00011	0.00017	0.00018	2e-05	
0.00018	0.00014	0.00013	0.00013	0.0001	0.0002	0.00019	0.00011	8e-05	0.0002	0.00017	9e-05	9e-05	9e-05	0.0	0.0	0.0	0.0	0.0	0.0	0.0	0.0	0.0	0.0	7e-05	0.00023	0.0	0.0	0.0	0.00019	0.0	0.0	0.0	0.0	0.0	0.0	0.0	0.0	9e-05	0.00018	7e-05	5e-05	0.0	0.00013	9e-05	9e-05	0.00023	0.0	0.0	0.00012	0.0	0.0	0.0	0.0	0.0	0.0	0.0	0.0	0.0	0.0	0.0	0.0	0.0	0.00014	0.00014	0.0	0.0	0.00014	0.0	0.0	0.0	0.0	6e-05	0.00012	7e-05	0.00014	0.00011	0.0	0.0	0.0	6e-05	2e-05	0.00011	0.00017	0.00018	2e-05	
0.00018	0.00014	0.00013	0.00013	0.0001	0.0002	0.00019	0.00011	8e-05	0.0002	0.00017	9e-05	9e-05	9e-05	0.0	0.0	0.0	0.0	0.0	0.0	0.0	0.0	0.0	0.0	7e-05	0.00023	0.0	0.0	0.0	0.00019	0.0	0.0	0.0	0.0	0.0	0.0	0.0	0.0	9e-05	0.00018	7e-05	5e-05	0.0	0.00013	9e-05	9e-05	0.00023	0.0	0.0	0.00012	0.0	0.0	0.0	0.0	0.0	0.0	0.0	0.0	0.0	0.0	0.0	0.0	0.0	0.00014	0.00014	0.0	0.0	0.00014	0.0	0.0	0.0	0.0	6e-05	0.00012	7e-05	0.00014	0.00011	0.0	0.0	0.0	6e-05	2e-05	0.00011	0.00017	0.00018	2e-05	
0.00018	0.00014	0.00013	0.00013	0.0001	0.0002	0.00019	0.00011	8e-05	0.0002	0.00017	9e-05	9e-05	9e-05	0.0	0.0	0.0	0.0	0.0	0.0	0.0	0.0	0.0	0.0	7e-05	0.00023	0.0	0.0	0.0	0.00019	0.0	0.0	0.0	0.0	0.0	0.0	0.0	0.0	9e-05	0.00018	7e-05	5e-05	0.0	0.00013	9e-05	9e-05	0.00023	0.0	0.0	0.00012	0.0	0.0	0.0	0.0	0.0	0.0	0.0	0.0	0.0	0.0	0.0	0.0	0.0	0.00014	0.00014	0.0	0.0	0.00014	0.0	0.0	0.0	0.0	6e-05	0.00012	7e-05	0.00014	0.00011	0.0	0.0	0.0	6e-05	2e-05	0.00011	0.00017	0.00018	2e-05	
0.00018	0.00014	0.00013	0.00013	0.0001	0.0002	0.00019	0.00011	8e-05	0.0002	0.00017	9e-05	9e-05	9e-05	0.0	0.0	0.0	0.0	0.0	0.0	0.0	0.0	0.0	0.0	7e-05	0.00023	0.0	0.0	0.0	0.00019	0.0	0.0	0.0	0.0	0.0	0.0	0.0	0.0	9e-05	0.00018	7e-05	5e-05	0.0	0.00013	9e-05	9e-05	0.00023	0.0	0.0	0.00012	0.0	0.0	0.0	0.0	0.0	0.0	0.0	0.0	0.0	0.0	0.0	0.0	0.0	0.00014	0.00014	0.0	0.0	0.00014	0.0	0.0	0.0	0.0	6e-05	0.00012	7e-05	0.00014	0.00011	0.0	0.0	0.0	6e-05	2e-05	0.00011	0.00017	0.00018	2e-05	
0.00018	0.00014	0.00013	0.00013	0.0001	0.0002	0.00019	0.00011	8e-05	0.0002	0.00017	9e-05	9e-05	9e-05	0.0	0.0	0.0	0.0	0.0	0.0	0.0	0.0	0.0	0.0	7e-05	0.00023	0.0	0.0	0.0	0.00019	0.0	0.0	0.0	0.0	0.0	0.0	0.0	0.0	9e-05	0.00018	7e-05	5e-05	0.0	0.00013	9e-05	9e-05	0.00023	0.0	0.0	0.00012	0.0	0.0	0.0	0.0	0.0	0.0	0.0	0.0	0.0	0.0	0.0	0.0	0.0	0.00014	0.00014	0.0	0.0	0.00014	0.0	0.0	0.0	0.0	6e-05	0.00012	7e-05	0.00014	0.00011	0.0	0.0	0.0	6e-05	2e-05	0.00011	0.00017	0.00018	2e-05	
0.10554	0.13029	0.04601	0.1968	0.11321	0.02473	0.03399	0.06163	0.18106	0.10876	0.02995	0.28585	0.16741	0.19124	7e-05	7e-05	7e-05	7e-05	7e-05	7e-05	7e-05	7e-05	7e-05	7e-05	0.0	0.0992	7e-05	7e-05	7e-05	0.04602	7e-05	7e-05	7e-05	7e-05	7e-05	7e-05	7e-05	7e-05	0.03748	0.10351	0.14754	0.20542	7e-05	0.92227	0.38932	0.07089	0.0992	7e-05	7e-05	0.05492	7e-05	7e-05	7e-05	7e-05	7e-05	7e-05	7e-05	7e-05	7e-05	7e-05	7e-05	7e-05	7e-05	0.03913	0.03913	7e-05	7e-05	0.03913	7e-05	7e-05	7e-05	7e-05	0.12287	0.30234	0.14079	0.10847	0.16799	7e-05	7e-05	7e-05	0.07964	0.14753	0.24993	0.02995	0.10351	0.17112	
0.05655	0.04912	0.01046	0.07065	0.01168	0.00681	0.01638	0.01276	0.01192	0.01013	0.00779	0.05951	0.03502	0.05661	0.00023	0.00023	0.00023	0.00023	0.00023	0.00023	0.00023	0.00023	0.00023	0.00023	0.0992	0.0	0.00023	0.00023	0.00023	0.0105	0.00023	0.00023	0.00023	0.00023	0.00023	0.00023	0.00023	0.00023	0.02254	0.05551	0.0627	0.04137	0.00023	0.20611	0.11966	0.01267	0.00737	0.00023	0.00023	0.0118	0.00023	0.00023	0.00023	0.00023	0.00023	0.00023	0.00023	0.00023	0.00023	0.00023	0.00023	0.00023	0.00023	0.00937	0.00937	0.00023	0.00023	0.00937	0.00023	0.00023	0.00023	0.00023	0.01373	0.07051	0.02937	0.01008	0.04038	0.00023	0.00023	0.00023	0.10505	0.03711	0.05864	0.00779	0.05551	0.17798	
0.00018	0.00014	0.00013	0.00013	0.0001	0.0002	0.00019	0.00011	8e-05	0.0002	0.00017	9e-05	9e-05	9e-05	0.0	0.0	0.0	0.0	0.0	0.0	0.0	0.0	0.0	0.0	7e-05	0.00023	0.0	0.0	0.0	0.00019	0.0	0.0	0.0	0.0	0.0	0.0	0.0	0.0	9e-05	0.00018	7e-05	5e-05	0.0	0.00013	9e-05	9e-05	0.00023	0.0	0.0	0.00012	0.0	0.0	0.0	0.0	0.0	0.0	0.0	0.0	0.0	0.0	0.0	0.0	0.0	0.00014	0.00014	0.0	0.0	0.00014	0.0	0.0	0.0	0.0	6e-05	0.00012	7e-05	0.00014	0.00011	0.0	0.0	0.0	6e-05	2e-05	0.00011	0.00017	0.00018	2e-05	
0.00018	0.00014	0.00013	0.00013	0.0001	0.0002	0.00019	0.00011	8e-05	0.0002	0.00017	9e-05	9e-05	9e-05	0.0	0.0	0.0	0.0	0.0	0.0	0.0	0.0	0.0	0.0	7e-05	0.00023	0.0	0.0	0.0	0.00019	0.0	0.0	0.0	0.0	0.0	0.0	0.0	0.0	9e-05	0.00018	7e-05	5e-05	0.0	0.00013	9e-05	9e-05	0.00023	0.0	0.0	0.00012	0.0	0.0	0.0	0.0	0.0	0.0	0.0	0.0	0.0	0.0	0.0	0.0	0.0	0.00014	0.00014	0.0	0.0	0.00014	0.0	0.0	0.0	0.0	6e-05	0.00012	7e-05	0.00014	0.00011	0.0	0.0	0.0	6e-05	2e-05	0.00011	0.00017	0.00018	2e-05	
0.00018	0.00014	0.00013	0.00013	0.0001	0.0002	0.00019	0.00011	8e-05	0.0002	0.00017	9e-05	9e-05	9e-05	0.0	0.0	0.0	0.0	0.0	0.0	0.0	0.0	0.0	0.0	7e-05	0.00023	0.0	0.0	0.0	0.00019	0.0	0.0	0.0	0.0	0.0	0.0	0.0	0.0	9e-05	0.00018	7e-05	5e-05	0.0	0.00013	9e-05	9e-05	0.00023	0.0	0.0	0.00012	0.0	0.0	0.0	0.0	0.0	0.0	0.0	0.0	0.0	0.0	0.0	0.0	0.0	0.00014	0.00014	0.0	0.0	0.00014	0.0	0.0	0.0	0.0	6e-05	0.00012	7e-05	0.00014	0.00011	0.0	0.0	0.0	6e-05	2e-05	0.00011	0.00017	0.00018	2e-05	
0.09427	0.08492	0.01556	0.12453	0.01816	0.00963	0.30841	0.01939	0.01859	0.01498	0.01119	0.13499	0.05843	0.15671	0.00019	0.00019	0.00019	0.00019	0.00019	0.00019	0.00019	0.00019	0.00019	0.00019	0.04602	0.0105	0.00019	0.00019	0.00019	0.0	0.00019	0.00019	0.00019	0.00019	0.00019	0.00019	0.00019	0.00019	0.17614	0.09246	0.04493	0.10287	0.00019	0.3286	0.03046	0.57179	0.0105	0.00019	0.00019	0.01778	0.00019	0.00019	0.00019	0.00019	0.00019	0.00019	0.00019	0.00019	0.00019	0.00019	0.00019	0.00019	0.00019	0.01376	0.01376	0.00019	0.00019	0.01376	0.00019	0.00019	0.00019	0.00019	0.02179	0.1482	0.33768	0.01492	0.06865	0.00019	0.00019	0.00019	0.06395	0.06436	0.25115	0.01119	0.09246	0.05737	
0.00018	0.00014	0.00013	0.00013	0.0001	0.0002	0.00019	0.00011	8e-05	0.0002	0.00017	9e-05	9e-05	9e-05	0.0	0.0	0.0	0.0	0.0	0.0	0.0	0.0	0.0	0.0	7e-05	0.00023	0.0	0.0	0.0	0.00019	0.0	0.0	0.0	0.0	0.0	0.0	0.0	0.0	9e-05	0.00018	7e-05	5e-05	0.0	0.00013	9e-05	9e-05	0.00023	0.0	0.0	0.00012	0.0	0.0	0.0	0.0	0.0	0.0	0.0	0.0	0.0	0.0	0.0	0.0	0.0	0.00014	0.00014	0.0	0.0	0.00014	0.0	0.0	0.0	0.0	6e-05	0.00012	7e-05	0.00014	0.00011	0.0	0.0	0.0	6e-05	2e-05	0.00011	0.00017	0.00018	2e-05	
0.00018	0.00014	0.00013	0.00013	0.0001	0.0002	0.00019	0.00011	8e-05	0.0002	0.00017	9e-05	9e-05	9e-05	0.0	0.0	0.0	0.0	0.0	0.0	0.0	0.0	0.0	0.0	7e-05	0.00023	0.0	0.0	0.0	0.00019	0.0	0.0	0.0	0.0	0.0	0.0	0.0	0.0	9e-05	0.00018	7e-05	5e-05	0.0	0.00013	9e-05	9e-05	0.00023	0.0	0.0	0.00012	0.0	0.0	0.0	0.0	0.0	0.0	0.0	0.0	0.0	0.0	0.0	0.0	0.0	0.00014	0.00014	0.0	0.0	0.00014	0.0	0.0	0.0	0.0	6e-05	0.00012	7e-05	0.00014	0.00011	0.0	0.0	0.0	6e-05	2e-05	0.00011	0.00017	0.00018	2e-05	
0.00018	0.00014	0.00013	0.00013	0.0001	0.0002	0.00019	0.00011	8e-05	0.0002	0.00017	9e-05	9e-05	9e-05	0.0	0.0	0.0	0.0	0.0	0.0	0.0	0.0	0.0	0.0	7e-05	0.00023	0.0	0.0	0.0	0.00019	0.0	0.0	0.0	0.0	0.0	0.0	0.0	0.0	9e-05	0.00018	7e-05	5e-05	0.0	0.00013	9e-05	9e-05	0.00023	0.0	0.0	0.00012	0.0	0.0	0.0	0.0	0.0	0.0	0.0	0.0	0.0	0.0	0.0	0.0	0.0	0.00014	0.00014	0.0	0.0	0.00014	0.0	0.0	0.0	0.0	6e-05	0.00012	7e-05	0.00014	0.00011	0.0	0.0	0.0	6e-05	2e-05	0.00011	0.00017	0.00018	2e-05	
0.00018	0.00014	0.00013	0.00013	0.0001	0.0002	0.00019	0.00011	8e-05	0.0002	0.00017	9e-05	9e-05	9e-05	0.0	0.0	0.0	0.0	0.0	0.0	0.0	0.0	0.0	0.0	7e-05	0.00023	0.0	0.0	0.0	0.00019	0.0	0.0	0.0	0.0	0.0	0.0	0.0	0.0	9e-05	0.00018	7e-05	5e-05	0.0	0.00013	9e-05	9e-05	0.00023	0.0	0.0	0.00012	0.0	0.0	0.0	0.0	0.0	0.0	0.0	0.0	0.0	0.0	0.0	0.0	0.0	0.00014	0.00014	0.0	0.0	0.00014	0.0	0.0	0.0	0.0	6e-05	0.00012	7e-05	0.00014	0.00011	0.0	0.0	0.0	6e-05	2e-05	0.00011	0.00017	0.00018	2e-05	
0.00018	0.00014	0.00013	0.00013	0.0001	0.0002	0.00019	0.00011	8e-05	0.0002	0.00017	9e-05	9e-05	9e-05	0.0	0.0	0.0	0.0	0.0	0.0	0.0	0.0	0.0	0.0	7e-05	0.00023	0.0	0.0	0.0	0.00019	0.0	0.0	0.0	0.0	0.0	0.0	0.0	0.0	9e-05	0.00018	7e-05	5e-05	0.0	0.00013	9e-05	9e-05	0.00023	0.0	0.0	0.00012	0.0	0.0	0.0	0.0	0.0	0.0	0.0	0.0	0.0	0.0	0.0	0.0	0.0	0.00014	0.00014	0.0	0.0	0.00014	0.0	0.0	0.0	0.0	6e-05	0.00012	7e-05	0.00014	0.00011	0.0	0.0	0.0	6e-05	2e-05	0.00011	0.00017	0.00018	2e-05	
0.00018	0.00014	0.00013	0.00013	0.0001	0.0002	0.00019	0.00011	8e-05	0.0002	0.00017	9e-05	9e-05	9e-05	0.0	0.0	0.0	0.0	0.0	0.0	0.0	0.0	0.0	0.0	7e-05	0.00023	0.0	0.0	0.0	0.00019	0.0	0.0	0.0	0.0	0.0	0.0	0.0	0.0	9e-05	0.00018	7e-05	5e-05	0.0	0.00013	9e-05	9e-05	0.00023	0.0	0.0	0.00012	0.0	0.0	0.0	0.0	0.0	0.0	0.0	0.0	0.0	0.0	0.0	0.0	0.0	0.00014	0.00014	0.0	0.0	0.00014	0.0	0.0	0.0	0.0	6e-05	0.00012	7e-05	0.00014	0.00011	0.0	0.0	0.0	6e-05	2e-05	0.00011	0.00017	0.00018	2e-05	
0.00018	0.00014	0.00013	0.00013	0.0001	0.0002	0.00019	0.00011	8e-05	0.0002	0.00017	9e-05	9e-05	9e-05	0.0	0.0	0.0	0.0	0.0	0.0	0.0	0.0	0.0	0.0	7e-05	0.00023	0.0	0.0	0.0	0.00019	0.0	0.0	0.0	0.0	0.0	0.0	0.0	0.0	9e-05	0.00018	7e-05	5e-05	0.0	0.00013	9e-05	9e-05	0.00023	0.0	0.0	0.00012	0.0	0.0	0.0	0.0	0.0	0.0	0.0	0.0	0.0	0.0	0.0	0.0	0.0	0.00014	0.00014	0.0	0.0	0.00014	0.0	0.0	0.0	0.0	6e-05	0.00012	7e-05	0.00014	0.00011	0.0	0.0	0.0	6e-05	2e-05	0.00011	0.00017	0.00018	2e-05	
0.00018	0.00014	0.00013	0.00013	0.0001	0.0002	0.00019	0.00011	8e-05	0.0002	0.00017	9e-05	9e-05	9e-05	0.0	0.0	0.0	0.0	0.0	0.0	0.0	0.0	0.0	0.0	7e-05	0.00023	0.0	0.0	0.0	0.00019	0.0	0.0	0.0	0.0	0.0	0.0	0.0	0.0	9e-05	0.00018	7e-05	5e-05	0.0	0.00013	9e-05	9e-05	0.00023	0.0	0.0	0.00012	0.0	0.0	0.0	0.0	0.0	0.0	0.0	0.0	0.0	0.0	0.0	0.0	0.0	0.00014	0.00014	0.0	0.0	0.00014	0.0	0.0	0.0	0.0	6e-05	0.00012	7e-05	0.00014	0.00011	0.0	0.0	0.0	6e-05	2e-05	0.00011	0.00017	0.00018	2e-05	
0.03442	0.08975	0.17612	0.36726	0.14675	0.0204	0.39078	0.04669	0.04695	0.16626	0.02433	0.311	0.18408	0.33261	9e-05	9e-05	9e-05	9e-05	9e-05	9e-05	9e-05	9e-05	9e-05	9e-05	0.03748	0.02254	9e-05	9e-05	9e-05	0.17614	9e-05	9e-05	9e-05	9e-05	9e-05	9e-05	9e-05	9e-05	0.0	0.31049	0.01332	0.08696	9e-05	1.20687	0.08587	0.15208	0.02254	9e-05	9e-05	0.04212	9e-05	9e-05	9e-05	9e-05	9e-05	9e-05	9e-05	9e-05	9e-05	9e-05	9e-05	9e-05	9e-05	0.03104	0.03104	9e-05	9e-05	0.03104	9e-05	9e-05	9e-05	9e-05	0.15009	0.29948	0.18445	0.03419	0.13405	9e-05	9e-05	9e-05	0.13227	0.10899	0.19908	0.02433	0.31049	0.11385	
0.18777	0.36218	0.09243	0.70028	0.09605	0.0328	0.18201	0.07872	0.08647	0.08768	0.03943	0.56761	0.40682	0.44717	0.00018	0.00018	0.00018	0.00018	0.00018	0.00018	0.00018	0.00018	0.00018	0.00018	0.10351	0.05551	0.00018	0.00018	0.00018	0.09246	0.00018	0.00018	0.00018	0.00018	0.00018	0.00018	0.00018	0.00018	0.31049	0.0	0.05612	0.23805	0.00018	1.19357	0.16423	0.10394	0.05551	0.00018	0.00018	0.07048	0.00018	0.00018	0.00018	0.00018	0.00018	0.00018	0.00018	0.00018	0.00018	0.00018	0.00018	0.00018	0.00018	0.05094	0.05094	0.00018	0.00018	0.05094	0.00018	0.00018	0.00018	0.00018	0.11058	0.59023	0.23784	0.05642	0.27099	0.00018	0.00018	0.00018	0.14408	0.1324	0.41494	0.03943	1.00013	0.0355	
0.07782	0.13966	0.04491	0.06624	0.10391	0.02451	0.01475	0.14758	0.08319	0.10147	0.02956	0.32869	0.04054	0.14739	7e-05	7e-05	7e-05	7e-05	7e-05	7e-05	7e-05	7e-05	7e-05	7e-05	0.14754	0.0627	7e-05	7e-05	7e-05	0.04493	7e-05	7e-05	7e-05	7e-05	7e-05	7e-05	7e-05	7e-05	0.01332	0.05612	0.0	0.12371	7e-05	0.39999	0.20294	0.06756	0.25228	7e-05	7e-05	0.05334	7e-05	7e-05	7e-05	7e-05	7e-05	7e-05	7e-05	7e-05	7e-05	7e-05	7e-05	7e-05	7e-05	0.0904	0.0904	7e-05	7e-05	0.0904	7e-05	7e-05	7e-05	7e-05	0.07665	0.26339	0.07989	0.04256	0.04821	7e-05	7e-05	7e-05	0.20221	0.03151	0.24428	0.02956	0.05612	0.10086	
0.03119	0.15691	0.07085	0.23955	0.09685	0.046	0.05698	0.12391	0.11878	0.067	0.0642	0.26848	0.36303	0.17788	5e-05	5e-05	5e-05	5e-05	5e-05	5e-05	5e-05	5e-05	5e-05	5e-05	0.20542	0.04137	5e-05	5e-05	5e-05	0.10287	5e-05	5e-05	5e-05	5e-05	5e-05	5e-05	5e-05	5e-05	0.08696	0.23805	0.12371	0.0	5e-05	0.60927	0.13024	0.14055	0.04137	5e-05	5e-05	0.10881	5e-05	5e-05	5e-05	5e-05	5e-05	5e-05	5e-05	5e-05	5e-05	5e-05	5e-05	5e-05	5e-05	0.07498	0.07498	5e-05	5e-05	0.07498	5e-05	5e-05	5e-05	5e-05	0.13913	0.22785	0.27067	0.09669	0.17297	5e-05	5e-05	5e-05	0.12707	0.12257	0.31487	0.0642	0.23805	0.05235	
0.00018	0.00014	0.00013	0.00013	0.0001	0.0002	0.00019	0.00011	8e-05	0.0002	0.00017	9e-05	9e-05	9e-05	0.0	0.0	0.0	0.0	0.0	0.0	0.0	0.0	0.0	0.0	7e-05	0.00023	0.0	0.0	0.0	0.00019	0.0	0.0	0.0	0.0	0.0	0.0	0.0	0.0	9e-05	0.00018	7e-05	5e-05	0.0	0.00013	9e-05	9e-05	0.00023	0.0	0.0	0.00012	0.0	0.0	0.0	0.0	0.0	0.0	0.0	0.0	0.0	0.0	0.0	0.0	0.0	0.00014	0.00014	0.0	0.0	0.00014	0.0	0.0	0.0	0.0	6e-05	0.00012	7e-05	0.00014	0.00011	0.0	0.0	0.0	6e-05	2e-05	0.00011	0.00017	0.00018	2e-05	
1.21204	1.53055	0.13811	1.02205	0.34364	0.06948	1.43452	0.19075	0.28703	0.30657	0.08582	1.03364	0.93453	0.88084	0.00013	0.00013	0.00013	0.00013	0.00013	0.00013	0.00013	0.00013	0.00013	0.00013	0.92227	0.20611	0.00013	0.00013	0.00013	0.3286	0.00013	0.00013	0.00013	0.00013	0.00013	0.00013	0.00013	0.00013	1.20687	1.19357	0.39999	0.60927	0.00013	0.0	1.48894	0.37802	0.20611	0.00013	0.00013	0.16804	0.00013	0.00013	0.00013	0.00013	0.00013	0.00013	0.00013	0.00013	0.00013	0.00013	0.00013	0.00013	0.00013	0.11541	0.11541	0.00013	0.00013	0.11541	0.00013	0.00013	0.00013	0.00013	0.28158	1.01053	0.65465	0.12992	1.21064	0.00013	0.00013	0.00013	0.25483	0.42194	1.20731	0.08582	1.19357	0.6083	
0.16562	0.14545	0.03045	0.22703	0.03978	0.01685	0.0561	0.04006	0.11415	0.02898	0.15828	0.21448	0.14743	0.19028	9e-05	9e-05	9e-05	9e-05	9e-05	9e-05	9e-05	9e-05	9e-05	9e-05	0.38932	0.11966	9e-05	9e-05	9e-05	0.03046	9e-05	9e-05	9e-05	9e-05	9e-05	9e-05	9e-05	9e-05	0.08587	0.16423	0.20294	0.13024	9e-05	1.48894	0.0	0.15548	0.11966	9e-05	9e-05	0.0856	9e-05	9e-05	9e-05	9e-05	9e-05	9e-05	9e-05	9e-05	9e-05	9e-05	9e-05	9e-05	9e-05	0.02613	0.02613	9e-05	9e-05	0.02613	9e-05	9e-05	9e-05	9e-05	0.05071	0.23186	0.15455	0.0289	0.16309	9e-05	9e-05	9e-05	0.08818	0.11706	0.21384	0.15828	0.16423	0.17888	
0.1048	0.11414	0.01988	0.12925	0.02479	0.0115	0.23226	0.02556	0.02552	0.01901	0.01364	0.14519	0.08997	0.19368	9e-05	9e-05	9e-05	9e-05	9e-05	9e-05	9e-05	9e-05	9e-05	9e-05	0.07089	0.01267	9e-05	9e-05	9e-05	0.57179	9e-05	9e-05	9e-05	9e-05	9e-05	9e-05	9e-05	9e-05	0.15208	0.10394	0.06756	0.14055	9e-05	0.37802	0.15548	0.0	0.01267	9e-05	9e-05	0.23034	9e-05	9e-05	9e-05	9e-05	9e-05	9e-05	9e-05	9e-05	9e-05	9e-05	9e-05	9e-05	9e-05	0.01727	0.01727	9e-05	9e-05	0.01727	9e-05	9e-05	9e-05	9e-05	0.03074	0.15125	0.34657	0.01895	0.09675	9e-05	9e-05	9e-05	0.09445	0.12114	0.24774	0.01364	0.10394	0.13863	
0.05655	0.04912	0.01046	0.07065	0.01168	0.00681	0.01638	0.01276	0.01192	0.01013	0.00779	0.05951	0.03502	0.05661	0.00023	0.00023	0.00023	0.00023	0.00023	0.00023	0.00023	0.00023	0.00023	0.00023	0.0992	0.00737	0.00023	0.00023	0.00023	0.0105	0.00023	0.00023	0.00023	0.00023	0.00023	0.00023	0.00023	0.00023	0.02254	0.05551	0.25228	0.04137	0.00023	0.20611	0.11966	0.01267	0.0	0.00023	0.00023	0.0118	0.00023	0.00023	0.00023	0.00023	0.00023	0.00023	0.00023	0.00023	0.00023	0.00023	0.00023	0.00023	0.00023	0.00937	0.00937	0.00023	0.00023	0.00937	0.00023	0.00023	0.00023	0.00023	0.01373	0.07051	0.02937	0.01008	0.04038	0.00023	0.00023	0.00023	0.03776	0.03711	0.05864	0.00779	0.05551	0.04471	
0.00018	0.00014	0.00013	0.00013	0.0001	0.0002	0.00019	0.00011	8e-05	0.0002	0.00017	9e-05	9e-05	9e-05	0.0	0.0	0.0	0.0	0.0	0.0	0.0	0.0	0.0	0.0	7e-05	0.00023	0.0	0.0	0.0	0.00019	0.0	0.0	0.0	0.0	0.0	0.0	0.0	0.0	9e-05	0.00018	7e-05	5e-05	0.0	0.00013	9e-05	9e-05	0.00023	0.0	0.0	0.00012	0.0	0.0	0.0	0.0	0.0	0.0	0.0	0.0	0.0	0.0	0.0	0.0	0.0	0.00014	0.00014	0.0	0.0	0.00014	0.0	0.0	0.0	0.0	6e-05	0.00012	7e-05	0.00014	0.00011	0.0	0.0	0.0	6e-05	2e-05	0.00011	0.00017	0.00018	2e-05	
0.00018	0.00014	0.00013	0.00013	0.0001	0.0002	0.00019	0.00011	8e-05	0.0002	0.00017	9e-05	9e-05	9e-05	0.0	0.0	0.0	0.0	0.0	0.0	0.0	0.0	0.0	0.0	7e-05	0.00023	0.0	0.0	0.0	0.00019	0.0	0.0	0.0	0.0	0.0	0.0	0.0	0.0	9e-05	0.00018	7e-05	5e-05	0.0	0.00013	9e-05	9e-05	0.00023	0.0	0.0	0.00012	0.0	0.0	0.0	0.0	0.0	0.0	0.0	0.0	0.0	0.0	0.0	0.0	0.0	0.00014	0.00014	0.0	0.0	0.00014	0.0	0.0	0.0	0.0	6e-05	0.00012	7e-05	0.00014	0.00011	0.0	0.0	0.0	6e-05	2e-05	0.00011	0.00017	0.00018	2e-05	
0.06925	0.03579	0.01775	0.05407	0.17125	0.27136	0.02952	0.02229	0.02158	0.01706	0.01261	0.05879	0.09433	0.02545	0.00012	0.00012	0.00012	0.00012	0.00012	0.00012	0.00012	0.00012	0.00012	0.00012	0.05492	0.0118	0.00012	0.00012	0.00012	0.01778	0.00012	0.00012	0.00012	0.00012	0.00012	0.00012	0.00012	0.00012	0.04212	0.07048	0.05334	0.10881	0.00012	0.16804	0.0856	0.23034	0.0118	0.00012	0.00012	0.0	0.00012	0.00012	0.00012	0.00012	0.00012	0.00012	0.00012	0.00012	0.00012	0.00012	0.00012	0.00012	0.00012	0.01562	0.01562	0.00012	0.00012	0.01562	0.00012	0.00012	0.00012	0.00012	0.02545	0.05644	0.11668	0.017	0.08474	0.00012	0.00012	0.00012	0.08925	0.06684	0.05972	0.01261	0.07048	0.06662	
0.00018	0.00014	0.00013	0.00013	0.0001	0.0002	0.00019	0.00011	8e-05	0.0002	0.00017	9e-05	9e-05	9e-05	0.0	0.0	0.0	0.0	0.0	0.0	0.0	0.0	0.0	0.0	7e-05	0.00023	0.0	0.0	0.0	0.00019	0.0	0.0	0.0	0.0	0.0	0.0	0.0	0.0	9e-05	0.00018	7e-05	5e-05	0.0	0.00013	9e-05	9e-05	0.00023	0.0	0.0	0.00012	0.0	0.0	0.0	0.0	0.0	0.0	0.0	0.0	0.0	0.0	0.0	0.0	0.0	0.00014	0.00014	0.0	0.0	0.00014	0.0	0.0	0.0	0.0	6e-05	0.00012	7e-05	0.00014	0.00011	0.0	0.0	0.0	6e-05	2e-05	0.00011	0.00017	0.00018	2e-05	
0.00018	0.00014	0.00013	0.00013	0.0001	0.0002	0.00019	0.00011	8e-05	0.0002	0.00017	9e-05	9e-05	9e-05	0.0	0.0	0.0	0.0	0.0	0.0	0.0	0.0	0.0	0.0	7e-05	0.00023	0.0	0.0	0.0	0.00019	0.0	0.0	0.0	0.0	0.0	0.0	0.0	0.0	9e-05	0.00018	7e-05	5e-05	0.0	0.00013	9e-05	9e-05	0.00023	0.0	0.0	0.00012	0.0	0.0	0.0	0.0	0.0	0.0	0.0	0.0	0.0	0.0	0.0	0.0	0.0	0.00014	0.00014	0.0	0.0	0.00014	0.0	0.0	0.0	0.0	6e-05	0.00012	7e-05	0.00014	0.00011	0.0	0.0	0.0	6e-05	2e-05	0.00011	0.00017	0.00018	2e-05	
0.00018	0.00014	0.00013	0.00013	0.0001	0.0002	0.00019	0.00011	8e-05	0.0002	0.00017	9e-05	9e-05	9e-05	0.0	0.0	0.0	0.0	0.0	0.0	0.0	0.0	0.0	0.0	7e-05	0.00023	0.0	0.0	0.0	0.00019	0.0	0.0	0.0	0.0	0.0	0.0	0.0	0.0	9e-05	0.00018	7e-05	5e-05	0.0	0.00013	9e-05	9e-05	0.00023	0.0	0.0	0.00012	0.0	0.0	0.0	0.0	0.0	0.0	0.0	0.0	0.0	0.0	0.0	0.0	0.0	0.00014	0.00014	0.0	0.0	0.00014	0.0	0.0	0.0	0.0	6e-05	0.00012	7e-05	0.00014	0.00011	0.0	0.0	0.0	6e-05	2e-05	0.00011	0.00017	0.00018	2e-05	
0.00018	0.00014	0.00013	0.00013	0.0001	0.0002	0.00019	0.00011	8e-05	0.0002	0.00017	9e-05	9e-05	9e-05	0.0	0.0	0.0	0.0	0.0	0.0	0.0	0.0	0.0	0.0	7e-05	0.00023	0.0	0.0	0.0	0.00019	0.0	0.0	0.0	0.0	0.0	0.0	0.0	0.0	9e-05	0.00018	7e-05	5e-05	0.0	0.00013	9e-05	9e-05	0.00023	0.0	0.0	0.00012	0.0	0.0	0.0	0.0	0.0	0.0	0.0	0.0	0.0	0.0	0.0	0.0	0.0	0.00014	0.00014	0.0	0.0	0.00014	0.0	0.0	0.0	0.0	6e-05	0.00012	7e-05	0.00014	0.00011	0.0	0.0	0.0	6e-05	2e-05	0.00011	0.00017	0.00018	2e-05	
0.00018	0.00014	0.00013	0.00013	0.0001	0.0002	0.00019	0.00011	8e-05	0.0002	0.00017	9e-05	9e-05	9e-05	0.0	0.0	0.0	0.0	0.0	0.0	0.0	0.0	0.0	0.0	7e-05	0.00023	0.0	0.0	0.0	0.00019	0.0	0.0	0.0	0.0	0.0	0.0	0.0	0.0	9e-05	0.00018	7e-05	5e-05	0.0	0.00013	9e-05	9e-05	0.00023	0.0	0.0	0.00012	0.0	0.0	0.0	0.0	0.0	0.0	0.0	0.0	0.0	0.0	0.0	0.0	0.0	0.00014	0.00014	0.0	0.0	0.00014	0.0	0.0	0.0	0.0	6e-05	0.00012	7e-05	0.00014	0.00011	0.0	0.0	0.0	6e-05	2e-05	0.00011	0.00017	0.00018	2e-05	
0.00018	0.00014	0.00013	0.00013	0.0001	0.0002	0.00019	0.00011	8e-05	0.0002	0.00017	9e-05	9e-05	9e-05	0.0	0.0	0.0	0.0	0.0	0.0	0.0	0.0	0.0	0.0	7e-05	0.00023	0.0	0.0	0.0	0.00019	0.0	0.0	0.0	0.0	0.0	0.0	0.0	0.0	9e-05	0.00018	7e-05	5e-05	0.0	0.00013	9e-05	9e-05	0.00023	0.0	0.0	0.00012	0.0	0.0	0.0	0.0	0.0	0.0	0.0	0.0	0.0	0.0	0.0	0.0	0.0	0.00014	0.00014	0.0	0.0	0.00014	0.0	0.0	0.0	0.0	6e-05	0.00012	7e-05	0.00014	0.00011	0.0	0.0	0.0	6e-05	2e-05	0.00011	0.00017	0.00018	2e-05	
0.00018	0.00014	0.00013	0.00013	0.0001	0.0002	0.00019	0.00011	8e-05	0.0002	0.00017	9e-05	9e-05	9e-05	0.0	0.0	0.0	0.0	0.0	0.0	0.0	0.0	0.0	0.0	7e-05	0.00023	0.0	0.0	0.0	0.00019	0.0	0.0	0.0	0.0	0.0	0.0	0.0	0.0	9e-05	0.00018	7e-05	5e-05	0.0	0.00013	9e-05	9e-05	0.00023	0.0	0.0	0.00012	0.0	0.0	0.0	0.0	0.0	0.0	0.0	0.0	0.0	0.0	0.0	0.0	0.0	0.00014	0.00014	0.0	0.0	0.00014	0.0	0.0	0.0	0.0	6e-05	0.00012	7e-05	0.00014	0.00011	0.0	0.0	0.0	6e-05	2e-05	0.00011	0.00017	0.00018	2e-05	
0.00018	0.00014	0.00013	0.00013	0.0001	0.0002	0.00019	0.00011	8e-05	0.0002	0.00017	9e-05	9e-05	9e-05	0.0	0.0	0.0	0.0	0.0	0.0	0.0	0.0	0.0	0.0	7e-05	0.00023	0.0	0.0	0.0	0.00019	0.0	0.0	0.0	0.0	0.0	0.0	0.0	0.0	9e-05	0.00018	7e-05	5e-05	0.0	0.00013	9e-05	9e-05	0.00023	0.0	0.0	0.00012	0.0	0.0	0.0	0.0	0.0	0.0	0.0	0.0	0.0	0.0	0.0	0.0	0.0	0.00014	0.00014	0.0	0.0	0.00014	0.0	0.0	0.0	0.0	6e-05	0.00012	7e-05	0.00014	0.00011	0.0	0.0	0.0	6e-05	2e-05	0.00011	0.00017	0.00018	2e-05	
0.00018	0.00014	0.00013	0.00013	0.0001	0.0002	0.00019	0.00011	8e-05	0.0002	0.00017	9e-05	9e-05	9e-05	0.0	0.0	0.0	0.0	0.0	0.0	0.0	0.0	0.0	0.0	7e-05	0.00023	0.0	0.0	0.0	0.00019	0.0	0.0	0.0	0.0	0.0	0.0	0.0	0.0	9e-05	0.00018	7e-05	5e-05	0.0	0.00013	9e-05	9e-05	0.00023	0.0	0.0	0.00012	0.0	0.0	0.0	0.0	0.0	0.0	0.0	0.0	0.0	0.0	0.0	0.0	0.0	0.00014	0.00014	0.0	0.0	0.00014	0.0	0.0	0.0	0.0	6e-05	0.00012	7e-05	0.00014	0.00011	0.0	0.0	0.0	6e-05	2e-05	0.00011	0.00017	0.00018	2e-05	
0.00018	0.00014	0.00013	0.00013	0.0001	0.0002	0.00019	0.00011	8e-05	0.0002	0.00017	9e-05	9e-05	9e-05	0.0	0.0	0.0	0.0	0.0	0.0	0.0	0.0	0.0	0.0	7e-05	0.00023	0.0	0.0	0.0	0.00019	0.0	0.0	0.0	0.0	0.0	0.0	0.0	0.0	9e-05	0.00018	7e-05	5e-05	0.0	0.00013	9e-05	9e-05	0.00023	0.0	0.0	0.00012	0.0	0.0	0.0	0.0	0.0	0.0	0.0	0.0	0.0	0.0	0.0	0.0	0.0	0.00014	0.00014	0.0	0.0	0.00014	0.0	0.0	0.0	0.0	6e-05	0.00012	7e-05	0.00014	0.00011	0.0	0.0	0.0	6e-05	2e-05	0.00011	0.00017	0.00018	2e-05	
0.00018	0.00014	0.00013	0.00013	0.0001	0.0002	0.00019	0.00011	8e-05	0.0002	0.00017	9e-05	9e-05	9e-05	0.0	0.0	0.0	0.0	0.0	0.0	0.0	0.0	0.0	0.0	7e-05	0.00023	0.0	0.0	0.0	0.00019	0.0	0.0	0.0	0.0	0.0	0.0	0.0	0.0	9e-05	0.00018	7e-05	5e-05	0.0	0.00013	9e-05	9e-05	0.00023	0.0	0.0	0.00012	0.0	0.0	0.0	0.0	0.0	0.0	0.0	0.0	0.0	0.0	0.0	0.0	0.0	0.00014	0.00014	0.0	0.0	0.00014	0.0	0.0	0.0	0.0	6e-05	0.00012	7e-05	0.00014	0.00011	0.0	0.0	0.0	6e-05	2e-05	0.00011	0.00017	0.00018	2e-05	
0.00018	0.00014	0.00013	0.00013	0.0001	0.0002	0.00019	0.00011	8e-05	0.0002	0.00017	9e-05	9e-05	9e-05	0.0	0.0	0.0	0.0	0.0	0.0	0.0	0.0	0.0	0.0	7e-05	0.00023	0.0	0.0	0.0	0.00019	0.0	0.0	0.0	0.0	0.0	0.0	0.0	0.0	9e-05	0.00018	7e-05	5e-05	0.0	0.00013	9e-05	9e-05	0.00023	0.0	0.0	0.00012	0.0	0.0	0.0	0.0	0.0	0.0	0.0	0.0	0.0	0.0	0.0	0.0	0.0	0.00014	0.00014	0.0	0.0	0.00014	0.0	0.0	0.0	0.0	6e-05	0.00012	7e-05	0.00014	0.00011	0.0	0.0	0.0	6e-05	2e-05	0.00011	0.00017	0.00018	2e-05	
0.00018	0.00014	0.00013	0.00013	0.0001	0.0002	0.00019	0.00011	8e-05	0.0002	0.00017	9e-05	9e-05	9e-05	0.0	0.0	0.0	0.0	0.0	0.0	0.0	0.0	0.0	0.0	7e-05	0.00023	0.0	0.0	0.0	0.00019	0.0	0.0	0.0	0.0	0.0	0.0	0.0	0.0	9e-05	0.00018	7e-05	5e-05	0.0	0.00013	9e-05	9e-05	0.00023	0.0	0.0	0.00012	0.0	0.0	0.0	0.0	0.0	0.0	0.0	0.0	0.0	0.0	0.0	0.0	0.0	0.00014	0.00014	0.0	0.0	0.00014	0.0	0.0	0.0	0.0	6e-05	0.00012	7e-05	0.00014	0.00011	0.0	0.0	0.0	6e-05	2e-05	0.00011	0.00017	0.00018	2e-05	
0.05008	0.08782	0.01372	0.03854	0.0158	0.00861	0.02216	0.41287	0.01617	0.01323	0.00997	0.22659	0.06647	0.04551	0.00014	0.00014	0.00014	0.00014	0.00014	0.00014	0.00014	0.00014	0.00014	0.00014	0.03913	0.00937	0.00014	0.00014	0.00014	0.01376	0.00014	0.00014	0.00014	0.00014	0.00014	0.00014	0.00014	0.00014	0.03104	0.05094	0.0904	0.07498	0.00014	0.11541	0.02613	0.01727	0.00937	0.00014	0.00014	0.01562	0.00014	0.00014	0.00014	0.00014	0.00014	0.00014	0.00014	0.00014	0.00014	0.00014	0.00014	0.00014	0.00014	0.0	0.99972	0.00014	0.00014	0.99972	0.00014	0.00014	0.00014	0.00014	0.01885	0.04014	0.04164	0.01318	0.05941	0.00014	0.00014	0.00014	0.06249	0.05401	0.04196	0.00997	0.05094	0.06498	
0.05008	0.08782	0.01372	0.03854	0.0158	0.00861	0.02216	0.41287	0.01617	0.01323	0.00997	0.22659	0.06647	0.04551	0.00014	0.00014	0.00014	0.00014	0.00014	0.00014	0.00014	0.00014	0.00014	0.00014	0.03913	0.00937	0.00014	0.00014	0.00014	0.01376	0.00014	0.00014	0.00014	0.00014	0.00014	0.00014	0.00014	0.00014	0.03104	0.05094	0.0904	0.07498	0.00014	0.11541	0.02613	0.01727	0.00937	0.00014	0.00014	0.01562	0.00014	0.00014	0.00014	0.00014	0.00014	0.00014	0.00014	0.00014	0.00014	0.00014	0.00014	0.00014	0.00014	0.99972	0.0	0.00014	0.00014	0.99972	0.00014	0.00014	0.00014	0.00014	0.01885	0.04014	0.04164	0.01318	0.05941	0.00014	0.00014	0.00014	0.06249	0.05401	0.04196	0.00997	0.05094	0.06498	
0.00018	0.00014	0.00013	0.00013	0.0001	0.0002	0.00019	0.00011	8e-05	0.0002	0.00017	9e-05	9e-05	9e-05	0.0	0.0	0.0	0.0	0.0	0.0	0.0	0.0	0.0	0.0	7e-05	0.00023	0.0	0.0	0.0	0.00019	0.0	0.0	0.0	0.0	0.0	0.0	0.0	0.0	9e-05	0.00018	7e-05	5e-05	0.0	0.00013	9e-05	9e-05	0.00023	0.0	0.0	0.00012	0.0	0.0	0.0	0.0	0.0	0.0	0.0	0.0	0.0	0.0	0.0	0.0	0.0	0.00014	0.00014	0.0	0.0	0.00014	0.0	0.0	0.0	0.0	6e-05	0.00012	7e-05	0.00014	0.00011	0.0	0.0	0.0	6e-05	2e-05	0.00011	0.00017	0.00018	2e-05	
0.00018	0.00014	0.00013	0.00013	0.0001	0.0002	0.00019	0.00011	8e-05	0.0002	0.00017	9e-05	9e-05	9e-05	0.0	0.0	0.0	0.0	0.0	0.0	0.0	0.0	0.0	0.0	7e-05	0.00023	0.0	0.0	0.0	0.00019	0.0	0.0	0.0	0.0	0.0	0.0	0.0	0.0	9e-05	0.00018	7e-05	5e-05	0.0	0.00013	9e-05	9e-05	0.00023	0.0	0.0	0.00012	0.0	0.0	0.0	0.0	0.0	0.0	0.0	0.0	0.0	0.0	0.0	0.0	0.0	0.00014	0.00014	0.0	0.0	0.00014	0.0	0.0	0.0	0.0	6e-05	0.00012	7e-05	0.00014	0.00011	0.0	0.0	0.0	6e-05	2e-05	0.00011	0.00017	0.00018	2e-05	
0.05008	0.08782	0.01372	0.03854	0.0158	0.00861	0.02216	0.41287	0.01617	0.01323	0.00997	0.22659	0.06647	0.04551	0.00014	0.00014	0.00014	0.00014	0.00014	0.00014	0.00014	0.00014	0.00014	0.00014	0.03913	0.00937	0.00014	0.00014	0.00014	0.01376	0.00014	0.00014	0.00014	0.00014	0.00014	0.00014	0.00014	0.00014	0.03104	0.05094	0.0904	0.07498	0.00014	0.11541	0.02613	0.01727	0.00937	0.00014	0.00014	0.01562	0.00014	0.00014	0.00014	0.00014	0.00014	0.00014	0.00014	0.00014	0.00014	0.00014	0.00014	0.00014	0.00014	0.99972	0.99972	0.00014	0.00014	0.0	0.00014	0.00014	0.00014	0.00014	0.01885	0.04014	0.04164	0.01318	0.05941	0.00014	0.00014	0.00014	0.06249	0.05401	0.04196	0.00997	0.05094	0.06498	
0.00018	0.00014	0.00013	0.00013	0.0001	0.0002	0.00019	0.00011	8e-05	0.0002	0.00017	9e-05	9e-05	9e-05	0.0	0.0	0.0	0.0	0.0	0.0	0.0	0.0	0.0	0.0	7e-05	0.00023	0.0	0.0	0.0	0.00019	0.0	0.0	0.0	0.0	0.0	0.0	0.0	0.0	9e-05	0.00018	7e-05	5e-05	0.0	0.00013	9e-05	9e-05	0.00023	0.0	0.0	0.00012	0.0	0.0	0.0	0.0	0.0	0.0	0.0	0.0	0.0	0.0	0.0	0.0	0.0	0.00014	0.00014	0.0	0.0	0.00014	0.0	0.0	0.0	0.0	6e-05	0.00012	7e-05	0.00014	0.00011	0.0	0.0	0.0	6e-05	2e-05	0.00011	0.00017	0.00018	2e-05	
0.00018	0.00014	0.00013	0.00013	0.0001	0.0002	0.00019	0.00011	8e-05	0.0002	0.00017	9e-05	9e-05	9e-05	0.0	0.0	0.0	0.0	0.0	0.0	0.0	0.0	0.0	0.0	7e-05	0.00023	0.0	0.0	0.0	0.00019	0.0	0.0	0.0	0.0	0.0	0.0	0.0	0.0	9e-05	0.00018	7e-05	5e-05	0.0	0.00013	9e-05	9e-05	0.00023	0.0	0.0	0.00012	0.0	0.0	0.0	0.0	0.0	0.0	0.0	0.0	0.0	0.0	0.0	0.0	0.0	0.00014	0.00014	0.0	0.0	0.00014	0.0	0.0	0.0	0.0	6e-05	0.00012	7e-05	0.00014	0.00011	0.0	0.0	0.0	6e-05	2e-05	0.00011	0.00017	0.00018	2e-05	
0.00018	0.00014	0.00013	0.00013	0.0001	0.0002	0.00019	0.00011	8e-05	0.0002	0.00017	9e-05	9e-05	9e-05	0.0	0.0	0.0	0.0	0.0	0.0	0.0	0.0	0.0	0.0	7e-05	0.00023	0.0	0.0	0.0	0.00019	0.0	0.0	0.0	0.0	0.0	0.0	0.0	0.0	9e-05	0.00018	7e-05	5e-05	0.0	0.00013	9e-05	9e-05	0.00023	0.0	0.0	0.00012	0.0	0.0	0.0	0.0	0.0	0.0	0.0	0.0	0.0	0.0	0.0	0.0	0.0	0.00014	0.00014	0.0	0.0	0.00014	0.0	0.0	0.0	0.0	6e-05	0.00012	7e-05	0.00014	0.00011	0.0	0.0	0.0	6e-05	2e-05	0.00011	0.00017	0.00018	2e-05	
0.00018	0.00014	0.00013	0.00013	0.0001	0.0002	0.00019	0.00011	8e-05	0.0002	0.00017	9e-05	9e-05	9e-05	0.0	0.0	0.0	0.0	0.0	0.0	0.0	0.0	0.0	0.0	7e-05	0.00023	0.0	0.0	0.0	0.00019	0.0	0.0	0.0	0.0	0.0	0.0	0.0	0.0	9e-05	0.00018	7e-05	5e-05	0.0	0.00013	9e-05	9e-05	0.00023	0.0	0.0	0.00012	0.0	0.0	0.0	0.0	0.0	0.0	0.0	0.0	0.0	0.0	0.0	0.0	0.0	0.00014	0.00014	0.0	0.0	0.00014	0.0	0.0	0.0	0.0	6e-05	0.00012	7e-05	0.00014	0.00011	0.0	0.0	0.0	6e-05	2e-05	0.00011	0.00017	0.00018	2e-05	
0.09782	0.13692	0.51757	0.16874	0.02748	0.01243	0.03855	0.02816	0.3807	0.02079	0.01481	0.15185	0.10239	0.16993	6e-05	6e-05	6e-05	6e-05	6e-05	6e-05	6e-05	6e-05	6e-05	6e-05	0.12287	0.01373	6e-05	6e-05	6e-05	0.02179	6e-05	6e-05	6e-05	6e-05	6e-05	6e-05	6e-05	6e-05	0.15009	0.11058	0.07665	0.13913	6e-05	0.28158	0.05071	0.03074	0.01373	6e-05	6e-05	0.02545	6e-05	6e-05	6e-05	6e-05	6e-05	6e-05	6e-05	6e-05	6e-05	6e-05	6e-05	6e-05	6e-05	0.01885	0.01885	6e-05	6e-05	0.01885	6e-05	6e-05	6e-05	6e-05	0.0	0.15599	0.08536	0.49717	0.20404	6e-05	6e-05	6e-05	0.11601	0.14598	0.34849	0.01481	0.11058	0.10724	
