0.0	0.00019	0.00019	0.00019	0.01865	0.00019	0.02967	0.01906	0.17513	0.27447	0.27447	0.00019	0.00019	0.00019	0.08251	0.00019	0.08251	0.00019	0.00019	0.18924	0.00019	0.22558	0.08884	0.17543	0.10989	0.48056	0.33635	0.40254	0.16646	0.18279	0.11335	0.20719	0.11076	0.18556	0.24676	0.17278	0.08251	0.00019	0.189	0.11311	0.37495	0.18557	0.06173	0.00019	0.00019	0.08251	0.00019	0.0203	0.02642	0.00019	0.00019	0.00019	0.02642	0.02642	0.00019	0.07797	0.02967	0.00019	0.00019	0.00019	0.00019	0.03838	0.00019	0.09095	0.00019	0.0	0.139	0.13517	0.00019	0.14694	0.07621	0.0	0.0	0.14263	0.09483	0.01052	0.00019	0.00019	0.00019	0.07325	0.26285	0.03079	0.3045	0.02661	0.08251	0.00019	0.08251	0.00019	0.0614	0.02642	0.11047	0.09731	0.23872	0.20536	0.01323	0.1492	0.07323	0.15028	0.21094	0.05462	0.04252	0.11337	0.22267	0.04768	0.0	0.0	0.0	0.05171	0.02512	0.0614	0.13057	0.06931	0.02503	0.21387	0.00019	0.17457	0.16436	0.0245	0.03811	0.0	0.06573	0.0	0.0	0.00019	0.00019	0.27462	0.00019	0.00019	0.08251	0.08948	0.00019	0.27462	0.0	0.00019	0.00019	0.00019	0.02661	0.27667	0.04475	0.30262	0.02661	0.02661	0.01864	0.15616	0.0	0.11443	0.12496	0.11024	0.07842	0.09463	0.0601	
0.00019	0.0	0.0	0.0	0.00029	0.0	0.00023	0.00023	9e-05	0.00046	0.00046	0.0	0.0	0.0	0.00071	0.0	0.00071	0.0	0.0	0.00114	0.0	0.00047	0.00018	0.00024	0.00058	0.0016	0.00435	0.00128	0.00079	0.00758	0.00105	0.00119	0.00023	0.00036	0.00096	0.00044	0.00071	0.0	0.00047	0.0	0.00035	0.00052	0.01533	0.0	0.0	0.00071	0.0	0.00028	0.00017	0.0	0.0	0.0	0.00017	0.00017	0.0	0.00083	0.00024	0.0	0.0	0.0	0.0	8e-05	0.0	0.00047	0.0	0.0	0.00084	0.00093	0.0	0.00053	0.00044	0.0	0.0	0.00036	0.00077	0.00014	0.0	0.0	0.0	0.00015	0.00061	0.00043	0.00142	0.00017	0.00071	0.0	0.00071	0.0	0.00052	0.00017	0.0011	0.00066	0.00092	0.00096	0.00026	0.00059	0.00052	0.00116	0.00368	0.00043	0.00011	0.00082	0.00236	0.00138	0.0	0.0	0.0	0.00138	0.00033	0.00052	0.00077	0.0001	0.00032	0.00144	0.0	0.00102	0.00115	0.0166	0.00174	0.0	0.00053	0.0	0.0	0.0	0.0	0.00102	0.0	0.0	0.00071	0.00047	0.0	0.00102	0.0	0.0	0.0	0.0	0.00017	0.00109	0.00054	0.00138	0.00017	0.00017	0.00022	0.00091	0.0	0.00045	9e-05	7e-05	4e-05	4e-05	4e-05	
0.00019	0.0	0.0	0.0	0.00029	0.0	0.00023	0.00023	9e-05	0.00046	0.00046	0.0	0.0	0.0	0.00071	0.0	0.00071	0.0	0.0	0.00114	0.0	0.00047	0.00018	0.00024	0.00058	0.0016	0.00435	0.00128	0.00079	0.00758	0.00105	0.00119	0.00023	0.00036	0.00096	0.00044	0.00071	0.0	0.00047	0.0	0.00035	0.00052	0.01533	0.0	0.0	0.00071	0.0	0.00028	0.00017	0.0	0.0	0.0	0.00017	0.00017	0.0	0.00083	0.00024	0.0	0.0	0.0	0.0	8e-05	0.0	0.00047	0.0	0.0	0.00084	0.00093	0.0	0.00053	0.00044	0.0	0.0	0.00036	0.00077	0.00014	0.0	0.0	0.0	0.00015	0.00061	0.00043	0.00142	0.00017	0.00071	0.0	0.00071	0.0	0.00052	0.00017	0.0011	0.00066	0.00092	0.00096	0.00026	0.00059	0.00052	0.00116	0.00368	0.00043	0.00011	0.00082	0.00236	0.00138	0.0	0.0	0.0	0.00138	0.00033	0.00052	0.00077	0.0001	0.00032	0.00144	0.0	0.00102	0.00115	0.0166	0.00174	0.0	0.00053	0.0	0.0	0.0	0.0	0.00102	0.0	0.0	0.00071	0.00047	0.0	0.00102	0.0	0.0	0.0	0.0	0.00017	0.00109	0.00054	0.00138	0.00017	0.00017	0.00022	0.00091	0.0	0.00045	9e-05	7e-05	4e-05	4e-05	4e-05	
0.00019	0.0	0.0	0.0	0.00029	0.0	0.00023	0.00023	9e-05	0.00046	0.00046	0.0	0.0	0.0	0.00071	0.0	0.00071	0.0	0.0	0.00114	0.0	0.00047	0.00018	0.00024	0.00058	0.0016	0.00435	0.00128	0.00079	0.00758	0.00105	0.00119	0.00023	0.00036	0.00096	0.00044	0.00071	0.0	0.00047	0.0	0.00035	0.00052	0.01533	0.0	0.0	0.00071	0.0	0.00028	0.00017	0.0	0.0	0.0	0.00017	0.00017	0.0	0.00083	0.00024	0.0	0.0	0.0	0.0	8e-05	0.0	0.00047	0.0	0.0	0.00084	0.00093	0.0	0.00053	0.00044	0.0	0.0	0.00036	0.00077	0.00014	0.0	0.0	0.0	0.00015	0.00061	0.00043	0.00142	0.00017	0.00071	0.0	0.00071	0.0	0.00052	0.00017	0.0011	0.00066	0.00092	0.00096	0.00026	0.00059	0.00052	0.00116	0.00368	0.00043	0.00011	0.00082	0.00236	0.00138	0.0	0.0	0.0	0.00138	0.00033	0.00052	0.00077	0.0001	0.00032	0.00144	0.0	0.00102	0.00115	0.0166	0.00174	0.0	0.00053	0.0	0.0	0.0	0.0	0.00102	0.0	0.0	0.00071	0.00047	0.0	0.00102	0.0	0.0	0.0	0.0	0.00017	0.00109	0.00054	0.00138	0.00017	0.00017	0.00022	0.00091	0.0	0.00045	9e-05	7e-05	4e-05	4e-05	4e-05	
0.01865	0.00029	0.00029	0.00029	0.0	0.00029	0.00389	0.00383	0.00565	0.00697	0.00697	0.00029	0.00029	0.00029	0.00753	0.00029	0.00753	0.00029	0.00029	0.02157	0.00029	0.00804	0.0081	0.00476	0.01128	0.01672	0.02118	0.01988	0.01537	0.02434	0.02649	0.01192	0.00981	0.01038	0.01178	0.01121	0.00753	0.00029	0.01772	0.00367	0.00764	0.01033	0.0182	0.00029	0.00029	0.00753	0.00029	0.00823	0.0047	0.00029	0.00029	0.00029	0.0047	0.0047	0.00029	0.02295	0.0039	0.00029	0.00029	0.00029	0.00029	0.00488	0.00029	0.00994	0.00029	0.0	0.016	0.02238	0.00029	0.01122	0.01154	0.0	0.0	0.12634	0.02011	0.007	0.00029	0.00029	0.00029	0.00872	0.00787	0.00926	0.01761	0.00472	0.00753	0.00029	0.00753	0.00029	0.00626	0.0047	0.02391	0.0136	0.01401	0.01034	0.00829	0.01022	0.01423	0.03132	0.02963	0.01069	0.00796	0.01698	0.01902	0.01595	0.0	0.0	0.0	0.05727	0.19372	0.00626	0.0149	0.0084	0.00767	0.02334	0.00029	0.0164	0.01541	0.01782	0.01816	0.0	0.00643	0.0	0.0	0.00029	0.00029	0.00735	0.00029	0.00029	0.00753	0.00775	0.00029	0.00735	0.0	0.00029	0.00029	0.00029	0.00472	0.01746	0.00838	0.01487	0.00472	0.00472	0.99953	0.0166	0.0	0.00982	0.05651	0.01759	0.06937	0.02113	0.03281	
0.00019	0.0	0.0	0.0	0.00029	0.0	0.00023	0.00023	9e-05	0.00046	0.00046	0.0	0.0	0.0	0.00071	0.0	0.00071	0.0	0.0	0.00114	0.0	0.00047	0.00018	0.00024	0.00058	0.0016	0.00435	0.00128	0.00079	0.00758	0.00105	0.00119	0.00023	0.00036	0.00096	0.00044	0.00071	0.0	0.00047	0.0	0.00035	0.00052	0.01533	0.0	0.0	0.00071	0.0	0.00028	0.00017	0.0	0.0	0.0	0.00017	0.00017	0.0	0.00083	0.00024	0.0	0.0	0.0	0.0	8e-05	0.0	0.00047	0.0	0.0	0.00084	0.00093	0.0	0.00053	0.00044	0.0	0.0	0.00036	0.00077	0.00014	0.0	0.0	0.0	0.00015	0.00061	0.00043	0.00142	0.00017	0.00071	0.0	0.00071	0.0	0.00052	0.00017	0.0011	0.00066	0.00092	0.00096	0.00026	0.00059	0.00052	0.00116	0.00368	0.00043	0.00011	0.00082	0.00236	0.00138	0.0	0.0	0.0	0.00138	0.00033	0.00052	0.00077	0.0001	0.00032	0.00144	0.0	0.00102	0.00115	0.0166	0.00174	0.0	0.00053	0.0	0.0	0.0	0.0	0.00102	0.0	0.0	0.00071	0.00047	0.0	0.00102	0.0	0.0	0.0	0.0	0.00017	0.00109	0.00054	0.00138	0.00017	0.00017	0.00022	0.00091	0.0	0.00045	9e-05	7e-05	4e-05	4e-05	4e-05	
0.02967	0.00023	0.00023	0.00023	0.00389	0.00023	0.0	0.00392	0.00584	0.00719	0.00719	0.00023	0.00023	0.00023	0.00777	0.00023	0.00777	0.00023	0.00023	0.02248	0.00023	0.00834	0.00839	0.00489	0.01173	0.01751	0.02206	0.02082	0.01604	0.05058	0.12858	0.01237	0.01021	0.0108	0.01225	0.01165	0.00777	0.00023	0.01864	0.00415	0.00808	0.01085	0.01835	0.00023	0.00023	0.00777	0.00023	0.00852	0.00483	0.00023	0.00023	0.00023	0.00483	0.00483	0.00023	0.02391	0.99953	0.00023	0.00023	0.00023	0.00023	0.00504	0.00023	0.01033	0.00023	0.0	0.0167	0.02336	0.00023	0.01168	0.01199	0.0	0.0	0.02766	0.02098	0.2349	0.00023	0.00023	0.00023	0.00905	0.00816	0.00959	0.0183	0.00485	0.00777	0.00023	0.00777	0.00023	0.00645	0.00483	0.02499	0.01414	0.01456	0.0107	0.00859	0.01061	0.0148	0.03277	0.0323	0.01113	0.00828	0.0177	0.01979	0.0166	0.0	0.0	0.0	0.0525	0.00793	0.00645	0.01552	0.00871	0.00794	0.0243	0.00023	0.01705	0.01601	0.01799	0.01887	0.0	0.00664	0.0	0.0	0.00023	0.00023	0.00757	0.00023	0.00023	0.00777	0.00804	0.00023	0.00757	0.0	0.00023	0.00023	0.00023	0.00485	0.01819	0.00867	0.01546	0.00485	0.00485	0.00386	0.0173	0.0	0.01023	0.01478	0.04249	0.01718	0.02211	0.02611	
0.01906	0.00023	0.00023	0.00023	0.00383	0.00023	0.00392	0.0	0.00573	0.00707	0.00707	0.00023	0.00023	0.00023	0.00764	0.00023	0.00764	0.00023	0.00023	0.02201	0.00023	0.00818	0.00823	0.00481	0.01149	0.01723	0.02172	0.02043	0.0157	0.02472	0.02865	0.07022	0.01	0.01058	0.01201	0.01142	0.00764	0.00023	0.0183	0.00428	0.00802	0.01068	0.01826	0.00023	0.00023	0.00764	0.00023	0.00836	0.00475	0.00023	0.00023	0.00023	0.00475	0.00475	0.00023	0.02342	0.00392	0.00023	0.00023	0.00023	0.00023	0.00495	0.00023	0.01013	0.00023	0.0	0.06804	0.02286	0.00023	0.01144	0.01176	0.0	0.0	0.02705	0.02054	0.00711	0.00023	0.00023	0.00023	0.00887	0.008	0.00941	0.01795	0.00477	0.00764	0.00023	0.00764	0.00023	0.00634	0.00475	0.02453	0.01386	0.01427	0.01051	0.00843	0.0104	0.0145	0.02416	0.03042	0.0109	0.00811	0.03539	0.01939	0.01626	0.0	0.0	0.0	0.01684	0.00778	0.00634	0.0152	0.00855	0.00779	0.02381	0.00023	0.01671	0.0157	0.01794	0.0185	0.0	0.00654	0.0	0.0	0.00023	0.00023	0.00745	0.00023	0.00023	0.00764	0.00788	0.00023	0.00745	0.0	0.00023	0.00023	0.00023	0.00477	0.01781	0.00851	0.05304	0.00477	0.00477	0.0038	0.05127	0.0	0.01003	0.07336	0.04383	0.07116	0.06262	0.02551	
0.17513	9e-05	9e-05	9e-05	0.00565	9e-05	0.00584	0.00573	0.0	0.01204	0.01204	9e-05	9e-05	9e-05	0.01302	9e-05	0.01302	9e-05	9e-05	0.0558	9e-05	0.30207	0.19389	0.57268	0.02249	0.03329	0.09416	0.09849	0.03382	0.04594	0.06039	0.02233	0.02007	0.02114	0.02379	0.02171	0.01302	9e-05	0.13089	0.00444	0.57666	0.01989	0.02138	9e-05	9e-05	0.01302	9e-05	0.01505	0.00748	9e-05	9e-05	9e-05	0.00748	0.00748	9e-05	0.06067	0.00585	9e-05	9e-05	9e-05	9e-05	0.00842	9e-05	0.02013	9e-05	0.0	0.03511	0.05985	9e-05	0.123	0.11524	0.0	0.0	0.09314	0.04359	0.01244	9e-05	9e-05	9e-05	0.01633	0.01483	0.01723	0.03516	0.00752	0.01302	9e-05	0.01302	9e-05	0.01043	0.00748	0.04867	0.02692	0.02755	0.01909	0.01523	0.02014	0.02853	0.06271	0.06412	0.02206	0.01566	0.0368	0.09388	0.08898	0.0	0.0	0.0	0.05916	0.01373	0.01043	0.03135	0.01565	0.13967	0.04812	9e-05	0.03287	0.03046	0.01968	0.06068	0.0	0.01075	0.0	0.0	9e-05	9e-05	0.01231	9e-05	9e-05	0.01302	0.01461	9e-05	0.01231	0.0	9e-05	9e-05	9e-05	0.00752	0.03703	0.0151	0.2249	0.00752	0.00752	0.00563	0.06332	0.0	0.01922	0.03074	0.04022	0.05643	0.04926	0.08978	
0.27447	0.00046	0.00046	0.00046	0.00697	0.00046	0.00719	0.00707	0.01204	0.0	1.00045	0.00046	0.00046	0.00046	0.01535	0.00046	0.01535	0.00046	0.00046	0.07859	0.00046	0.01789	0.01747	0.00915	0.02596	0.50697	0.45536	0.18861	0.1227	0.12337	0.10557	0.28171	0.02313	0.23779	0.20122	0.26288	0.01535	0.00046	0.09417	0.0	0.39351	0.16845	0.02398	0.00046	0.00046	0.01535	0.00046	0.01767	0.00907	0.00046	0.00046	0.00046	0.00907	0.00907	0.00046	0.08793	0.0072	0.00046	0.00046	0.00046	0.00046	0.01006	0.00046	0.02317	0.00046	0.0	0.09972	0.08366	0.00046	0.02663	0.02608	0.0	0.0	0.05458	0.04991	0.01472	0.00046	0.00046	0.00046	0.01913	0.61618	0.02013	0.13143	0.00912	0.01535	0.00046	0.01535	0.00046	0.01243	0.00907	0.14277	0.1878	0.18323	0.33905	0.01788	0.02326	0.03297	0.07979	0.07511	0.02534	0.0182	0.09084	0.10513	0.03801	0.0	0.0	0.0	0.04078	0.01617	0.01243	0.12549	0.01836	0.01619	0.08896	0.00046	0.14232	0.15925	0.02326	0.04146	0.0	0.01305	0.0	0.0	0.00046	0.00046	1.00101	0.00046	0.00046	0.01535	0.01702	0.00046	1.00101	0.0	0.00046	0.00046	0.00046	0.00912	0.10088	0.01772	0.13648	0.00912	0.00912	0.00694	0.13693	0.0	0.16445	0.02897	0.06634	0.08014	0.02773	0.03201	
0.27447	0.00046	0.00046	0.00046	0.00697	0.00046	0.00719	0.00707	0.01204	1.00045	0.0	0.00046	0.00046	0.00046	0.01535	0.00046	0.01535	0.00046	0.00046	0.07859	0.00046	0.01789	0.01747	0.00915	0.02596	0.50697	0.45536	0.18861	0.1227	0.12337	0.10557	0.28171	0.02313	0.23779	0.20122	0.26288	0.01535	0.00046	0.09417	0.0	0.39351	0.16845	0.02398	0.00046	0.00046	0.01535	0.00046	0.01767	0.00907	0.00046	0.00046	0.00046	0.00907	0.00907	0.00046	0.08793	0.0072	0.00046	0.00046	0.00046	0.00046	0.01006	0.00046	0.02317	0.00046	0.0	0.09972	0.08366	0.00046	0.02663	0.02608	0.0	0.0	0.05458	0.04991	0.01472	0.00046	0.00046	0.00046	0.01913	0.61618	0.02013	0.13143	0.00912	0.01535	0.00046	0.01535	0.00046	0.01243	0.00907	0.14277	0.1878	0.18323	0.33905	0.01788	0.02326	0.03297	0.07979	0.07511	0.02534	0.0182	0.09084	0.10513	0.03801	0.0	0.0	0.0	0.04078	0.01617	0.01243	0.12549	0.01836	0.01619	0.08896	0.00046	0.14232	0.15925	0.02326	0.04146	0.0	0.01305	0.0	0.0	0.00046	0.00046	1.00101	0.00046	0.00046	0.01535	0.01702	0.00046	1.00101	0.0	0.00046	0.00046	0.00046	0.00912	0.10088	0.01772	0.13648	0.00912	0.00912	0.00694	0.13693	0.0	0.16445	0.02897	0.06634	0.08014	0.02773	0.03201	
0.00019	0.0	0.0	0.0	0.00029	0.0	0.00023	0.00023	9e-05	0.00046	0.00046	0.0	0.0	0.0	0.00071	0.0	0.00071	0.0	0.0	0.00114	0.0	0.00047	0.00018	0.00024	0.00058	0.0016	0.00435	0.00128	0.00079	0.00758	0.00105	0.00119	0.00023	0.00036	0.00096	0.00044	0.00071	0.0	0.00047	0.0	0.00035	0.00052	0.01533	0.0	0.0	0.00071	0.0	0.00028	0.00017	0.0	0.0	0.0	0.00017	0.00017	0.0	0.00083	0.00024	0.0	0.0	0.0	0.0	8e-05	0.0	0.00047	0.0	0.0	0.00084	0.00093	0.0	0.00053	0.00044	0.0	0.0	0.00036	0.00077	0.00014	0.0	0.0	0.0	0.00015	0.00061	0.00043	0.00142	0.00017	0.00071	0.0	0.00071	0.0	0.00052	0.00017	0.0011	0.00066	0.00092	0.00096	0.00026	0.00059	0.00052	0.00116	0.00368	0.00043	0.00011	0.00082	0.00236	0.00138	0.0	0.0	0.0	0.00138	0.00033	0.00052	0.00077	0.0001	0.00032	0.00144	0.0	0.00102	0.00115	0.0166	0.00174	0.0	0.00053	0.0	0.0	0.0	0.0	0.00102	0.0	0.0	0.00071	0.00047	0.0	0.00102	0.0	0.0	0.0	0.0	0.00017	0.00109	0.00054	0.00138	0.00017	0.00017	0.00022	0.00091	0.0	0.00045	9e-05	7e-05	4e-05	4e-05	4e-05	
0.00019	0.0	0.0	0.0	0.00029	0.0	0.00023	0.00023	9e-05	0.00046	0.00046	0.0	0.0	0.0	0.00023	0.0	0.00023	0.0	0.0	0.00015	0.0	0.00012	0.0001	0.00017	0.00011	0.0004	0.00048	0.00018	0.00011	0.00017	3e-05	0.00036	7e-05	6e-05	0.00025	7e-05	0.00023	0.0	1e-05	0.0	0.00017	0.00011	0.00011	0.0	0.0	0.00023	0.0	8e-05	0.00026	0.0	0.0	0.0	0.00026	0.00026	0.0	6e-05	0.00024	0.0	0.0	0.0	0.0	0.00014	0.0	9e-05	0.0	0.0	0.0001	7e-05	0.0	7e-05	7e-05	0.0	0.0	9e-05	5e-05	0.00014	0.0	0.0	0.0	0.00011	0.00025	9e-05	0.00034	0.00026	0.00023	0.0	0.00023	0.0	0.00017	0.00026	9e-05	0.0001	0.00055	0.00028	8e-05	0.00015	6e-05	4e-05	0.00015	5e-05	6e-05	0.00014	0.00014	3e-05	0.0	0.0	0.0	6e-05	9e-05	0.00017	0.0001	0.00017	9e-05	0.00022	0.0	0.00019	0.00026	0.00024	4e-05	0.0	0.00017	0.0	0.0	0.0	0.0	0.0004	0.0	0.0	0.00023	0.00014	0.0	0.0004	0.0	0.0	0.0	0.0	0.00026	0.00023	0.00014	6e-05	0.00026	0.00026	0.00031	0.00013	0.0	9e-05	9e-05	7e-05	4e-05	4e-05	4e-05	
0.00019	0.0	0.0	0.0	0.00029	0.0	0.00023	0.00023	9e-05	0.00046	0.00046	0.0	0.0	0.0	0.00023	0.0	0.00023	0.0	0.0	0.00015	0.0	0.00012	0.0001	0.00017	0.00011	0.0004	0.00048	0.00018	0.00011	0.00017	3e-05	0.00036	7e-05	6e-05	0.00025	7e-05	0.00023	0.0	1e-05	0.0	0.00017	0.00011	0.00011	0.0	0.0	0.00023	0.0	8e-05	0.00026	0.0	0.0	0.0	0.00026	0.00026	0.0	6e-05	0.00024	0.0	0.0	0.0	0.0	0.00014	0.0	9e-05	0.0	0.0	0.0001	7e-05	0.0	7e-05	7e-05	0.0	0.0	9e-05	5e-05	0.00014	0.0	0.0	0.0	0.00011	0.00025	9e-05	0.00034	0.00026	0.00023	0.0	0.00023	0.0	0.00017	0.00026	9e-05	0.0001	0.00055	0.00028	8e-05	0.00015	6e-05	4e-05	0.00015	5e-05	6e-05	0.00014	0.00014	3e-05	0.0	0.0	0.0	6e-05	9e-05	0.00017	0.0001	0.00017	9e-05	0.00022	0.0	0.00019	0.00026	0.00024	4e-05	0.0	0.00017	0.0	0.0	0.0	0.0	0.0004	0.0	0.0	0.00023	0.00014	0.0	0.0004	0.0	0.0	0.0	0.0	0.00026	0.00023	0.00014	6e-05	0.00026	0.00026	0.00031	0.00013	0.0	9e-05	9e-05	7e-05	4e-05	4e-05	4e-05	
0.08251	0.00071	0.00071	0.00071	0.00753	0.00071	0.00777	0.00764	0.01302	0.01535	0.01535	0.00071	0.00023	0.00023	0.0	0.00023	1.00002	0.00023	0.00023	0.08665	0.00023	0.63164	0.01772	0.00911	0.24253	0.53579	0.05006	0.42623	0.13641	0.1226	0.08754	0.31584	0.02363	0.02478	0.22531	0.02549	1.00002	0.00023	0.10511	0.0	0.44059	0.18794	0.01812	0.00023	0.00023	1.00002	0.00023	0.01785	0.00909	0.00023	0.00023	0.00023	0.00909	0.00909	0.00023	0.09709	0.00712	0.00023	0.00023	0.00023	0.00023	0.01017	0.00023	0.47282	0.00023	0.0	0.11046	0.13956	0.00023	0.27172	0.27742	0.0	0.0	0.18469	0.08994	0.01491	0.00023	0.00023	0.00023	0.01945	0.01739	0.45391	0.14509	0.00914	1.00002	0.00023	1.00002	0.00023	0.01237	0.00909	0.14344	0.0314	0.17219	0.02223	0.01808	0.29334	0.03334	0.06649	0.07634	0.31182	0.0186	0.1006	0.11137	0.04154	0.0	0.0	0.0	0.11707	0.01629	0.01237	0.13926	0.01872	0.01631	0.09784	0.00023	0.03804	0.17638	0.01955	0.0454	0.0	0.01291	0.0	0.0	0.00023	0.00023	0.01439	0.00023	0.00023	1.00002	0.6852	0.00023	0.01439	0.0	0.00023	0.00023	0.00023	0.00914	0.11151	0.61215	0.03808	0.00914	0.00914	0.00689	0.15197	0.0	0.02276	0.17698	0.13618	0.04704	0.09715	0.1008	
0.00019	0.0	0.0	0.0	0.00029	0.0	0.00023	0.00023	9e-05	0.00046	0.00046	0.0	0.0	0.0	0.00023	0.0	0.00023	0.0	0.0	0.00015	0.0	0.00012	0.0001	0.00017	0.00011	0.0004	0.00048	0.00018	0.00011	0.00017	3e-05	0.00036	7e-05	6e-05	0.00025	7e-05	0.00023	0.0	1e-05	0.0	0.00017	0.00011	0.00011	0.0	0.0	0.00023	0.0	8e-05	0.00026	0.0	0.0	0.0	0.00026	0.00026	0.0	6e-05	0.00024	0.0	0.0	0.0	0.0	0.00014	0.0	9e-05	0.0	0.0	0.0001	7e-05	0.0	7e-05	7e-05	0.0	0.0	9e-05	5e-05	0.00014	0.0	0.0	0.0	0.00011	0.00025	9e-05	0.00034	0.00026	0.00023	0.0	0.00023	0.0	0.00017	0.00026	9e-05	0.0001	0.00055	0.00028	8e-05	0.00015	6e-05	4e-05	0.00015	5e-05	6e-05	0.00014	0.00014	3e-05	0.0	0.0	0.0	6e-05	9e-05	0.00017	0.0001	0.00017	9e-05	0.00022	0.0	0.00019	0.00026	0.00024	4e-05	0.0	0.00017	0.0	0.0	0.0	0.0	0.0004	0.0	0.0	0.00023	0.00014	0.0	0.0004	0.0	0.0	0.0	0.0	0.00026	0.00023	0.00014	6e-05	0.00026	0.00026	0.00031	0.00013	0.0	9e-05	9e-05	7e-05	4e-05	4e-05	4e-05	
0.08251	0.00071	0.00071	0.00071	0.00753	0.00071	0.00777	0.00764	0.01302	0.01535	0.01535	0.00071	0.00023	0.00023	1.00002	0.00023	0.0	0.00023	0.00023	0.08665	0.00023	0.63164	0.01772	0.00911	0.24253	0.53579	0.05006	0.42623	0.13641	0.1226	0.08754	0.31584	0.02363	0.02478	0.22531	0.02549	1.00002	0.00023	0.10511	0.0	0.44059	0.18794	0.01812	0.00023	0.00023	1.00002	0.00023	0.01785	0.00909	0.00023	0.00023	0.00023	0.00909	0.00909	0.00023	0.09709	0.00712	0.00023	0.00023	0.00023	0.00023	0.01017	0.00023	0.47282	0.00023	0.0	0.11046	0.13956	0.00023	0.27172	0.27742	0.0	0.0	0.18469	0.08994	0.01491	0.00023	0.00023	0.00023	0.01945	0.01739	0.45391	0.14509	0.00914	1.00002	0.00023	1.00002	0.00023	0.01237	0.00909	0.14344	0.0314	0.17219	0.02223	0.01808	0.29334	0.03334	0.06649	0.07634	0.31182	0.0186	0.1006	0.11137	0.04154	0.0	0.0	0.0	0.11707	0.01629	0.01237	0.13926	0.01872	0.01631	0.09784	0.00023	0.03804	0.17638	0.01955	0.0454	0.0	0.01291	0.0	0.0	0.00023	0.00023	0.01439	0.00023	0.00023	1.00002	0.6852	0.00023	0.01439	0.0	0.00023	0.00023	0.00023	0.00914	0.11151	0.61215	0.03808	0.00914	0.00914	0.00689	0.15197	0.0	0.02276	0.17698	0.13618	0.04704	0.09715	0.1008	
0.00019	0.0	0.0	0.0	0.00029	0.0	0.00023	0.00023	9e-05	0.00046	0.00046	0.0	0.0	0.0	0.00023	0.0	0.00023	0.0	0.0	0.00015	0.0	0.00012	0.0001	0.00017	0.00011	0.0004	0.00048	0.00018	0.00011	0.00017	3e-05	0.00036	7e-05	6e-05	0.00025	7e-05	0.00023	0.0	1e-05	0.0	0.00017	0.00011	0.00011	0.0	0.0	0.00023	0.0	8e-05	0.00026	0.0	0.0	0.0	0.00026	0.00026	0.0	6e-05	0.00024	0.0	0.0	0.0	0.0	0.00014	0.0	9e-05	0.0	0.0	0.0001	7e-05	0.0	7e-05	7e-05	0.0	0.0	9e-05	5e-05	0.00014	0.0	0.0	0.0	0.00011	0.00025	9e-05	0.00034	0.00026	0.00023	0.0	0.00023	0.0	0.00017	0.00026	9e-05	0.0001	0.00055	0.00028	8e-05	0.00015	6e-05	4e-05	0.00015	5e-05	6e-05	0.00014	0.00014	3e-05	0.0	0.0	0.0	6e-05	9e-05	0.00017	0.0001	0.00017	9e-05	0.00022	0.0	0.00019	0.00026	0.00024	4e-05	0.0	0.00017	0.0	0.0	0.0	0.0	0.0004	0.0	0.0	0.00023	0.00014	0.0	0.0004	0.0	0.0	0.0	0.0	0.00026	0.00023	0.00014	6e-05	0.00026	0.00026	0.00031	0.00013	0.0	9e-05	9e-05	7e-05	4e-05	4e-05	4e-05	
0.00019	0.0	0.0	0.0	0.00029	0.0	0.00023	0.00023	9e-05	0.00046	0.00046	0.0	0.0	0.0	0.00023	0.0	0.00023	0.0	0.0	0.00015	0.0	0.00012	0.0001	0.00017	0.00011	0.0004	0.00048	0.00018	0.00011	0.00017	3e-05	0.00036	7e-05	6e-05	0.00025	7e-05	0.00023	0.0	1e-05	0.0	0.00017	0.00011	0.00011	0.0	0.0	0.00023	0.0	8e-05	0.00026	0.0	0.0	0.0	0.00026	0.00026	0.0	6e-05	0.00024	0.0	0.0	0.0	0.0	0.00014	0.0	9e-05	0.0	0.0	0.0001	7e-05	0.0	7e-05	7e-05	0.0	0.0	9e-05	5e-05	0.00014	0.0	0.0	0.0	0.00011	0.00025	9e-05	0.00034	0.00026	0.00023	0.0	0.00023	0.0	0.00017	0.00026	9e-05	0.0001	0.00055	0.00028	8e-05	0.00015	6e-05	4e-05	0.00015	5e-05	6e-05	0.00014	0.00014	3e-05	0.0	0.0	0.0	6e-05	9e-05	0.00017	0.0001	0.00017	9e-05	0.00022	0.0	0.00019	0.00026	0.00024	4e-05	0.0	0.00017	0.0	0.0	0.0	0.0	0.0004	0.0	0.0	0.00023	0.00014	0.0	0.0004	0.0	0.0	0.0	0.0	0.00026	0.00023	0.00014	6e-05	0.00026	0.00026	0.00031	0.00013	0.0	9e-05	9e-05	7e-05	4e-05	4e-05	4e-05	
0.18924	0.00114	0.00114	0.00114	0.02157	0.00114	0.02248	0.02201	0.0558	0.07859	0.07859	0.00114	0.00015	0.00015	0.08665	0.00015	0.08665	0.00015	0.00015	0.0	0.00015	0.12021	0.00477	0.04384	0.08579	0.26168	0.09573	0.61509	0.21717	0.08629	0.05037	0.16864	0.10827	0.10817	0.23099	0.03545	0.08665	0.00015	0.16779	0.04008	0.11522	0.37463	0.07228	0.00015	0.00015	0.08665	0.00015	0.01307	0.02719	0.00015	0.00015	0.00015	0.02719	0.02719	0.00015	0.02898	0.02019	0.00015	0.00015	0.00015	0.00015	0.03311	0.00015	0.1828	0.00015	0.0	0.12411	0.13273	0.00015	0.11433	0.04016	0.0	0.0	0.14305	0.09656	0.0512	0.00015	0.00015	0.00015	0.07265	0.11293	0.12967	0.39139	0.04386	0.08665	0.00015	0.08665	0.00015	0.06517	0.02719	0.08058	0.03363	0.15992	0.14693	0.06604	0.14953	0.07248	0.21921	0.23398	0.16074	0.21806	0.10743	0.25065	0.0373	0.0	0.0	0.0	0.13533	0.01967	0.06517	0.17049	0.13811	0.01955	0.15503	0.00015	0.08648	0.16971	0.05918	0.0613	0.0	0.06491	0.0	0.0	0.00015	0.00015	0.07908	0.00015	0.00015	0.08665	0.0914	0.00015	0.07908	0.0	0.00015	0.00015	0.00015	0.04386	0.33591	0.04056	0.07289	0.04386	0.04386	0.01933	0.14338	0.0	0.06134	0.11659	0.10818	0.06845	0.08491	0.05912	
0.00019	0.0	0.0	0.0	0.00029	0.0	0.00023	0.00023	9e-05	0.00046	0.00046	0.0	0.0	0.0	0.00023	0.0	0.00023	0.0	0.0	0.00015	0.0	0.00012	0.0001	0.00017	0.00011	0.0004	0.00048	0.00018	0.00011	0.00017	3e-05	0.00036	7e-05	6e-05	0.00025	7e-05	0.00023	0.0	1e-05	0.0	0.00017	0.00011	0.00011	0.0	0.0	0.00023	0.0	8e-05	0.00026	0.0	0.0	0.0	0.00026	0.00026	0.0	6e-05	0.00024	0.0	0.0	0.0	0.0	0.00014	0.0	9e-05	0.0	0.0	0.0001	7e-05	0.0	7e-05	7e-05	0.0	0.0	9e-05	5e-05	0.00014	0.0	0.0	0.0	0.00011	0.00025	9e-05	0.00034	0.00026	0.00023	0.0	0.00023	0.0	0.00017	0.00026	9e-05	0.0001	0.00055	0.00028	8e-05	0.00015	6e-05	4e-05	0.00015	5e-05	6e-05	0.00014	0.00014	3e-05	0.0	0.0	0.0	6e-05	9e-05	0.00017	0.0001	0.00017	9e-05	0.00022	0.0	0.00019	0.00026	0.00024	4e-05	0.0	0.00017	0.0	0.0	0.0	0.0	0.0004	0.0	0.0	0.00023	0.00014	0.0	0.0004	0.0	0.0	0.0	0.0	0.00026	0.00023	0.00014	6e-05	0.00026	0.00026	0.00031	0.00013	0.0	9e-05	9e-05	7e-05	4e-05	4e-05	4e-05	
0.22558	0.00047	0.00047	0.00047	0.00804	0.00047	0.00834	0.00818	0.30207	0.01789	0.01789	0.00047	0.00012	0.00012	0.63164	0.00012	0.63164	0.00012	0.00012	0.12021	0.00012	0.0	0.15802	0.37743	0.20302	0.42502	0.06658	0.46064	0.13586	0.12938	0.10539	0.24938	0.03059	0.03213	0.19517	0.03196	0.63164	0.00012	0.10552	0.44164	1.44105	0.14541	0.02273	0.00012	0.00012	0.63164	0.00012	0.02153	0.0101	0.00012	0.00012	0.00012	0.0101	0.0101	0.00012	0.13192	0.00771	0.00012	0.00012	0.00012	0.00012	0.01177	0.00012	0.3807	0.00012	0.0	0.1131	0.16283	0.00012	0.36402	0.40715	0.0	0.0	0.33451	0.0968	0.01759	0.00012	0.00012	0.00012	0.02368	0.0216	0.33634	0.13346	0.01017	0.63164	0.00012	0.63164	0.00012	0.01426	0.0101	0.14005	0.04012	0.15217	0.02741	0.02184	0.2393	0.04281	0.10067	0.11795	0.26338	0.02335	0.10367	0.16923	0.05645	0.0	0.0	0.0	0.12235	0.01943	0.01426	0.13156	0.02268	0.01946	0.1021	0.00012	0.0493	0.15504	0.0233	0.05958	0.0	0.01484	0.0	0.0	0.00012	0.00012	0.01683	0.00012	0.00012	0.63164	0.49354	0.00012	0.01683	0.0	0.00012	0.00012	0.00012	0.01017	0.11181	0.42894	0.20973	0.01017	0.01017	0.00743	0.14797	0.0	0.02867	0.16485	0.14139	0.06582	0.1127	0.12168	
0.08884	0.00018	0.00018	0.00018	0.0081	0.00018	0.00839	0.00823	0.19389	0.01747	0.01747	0.00018	0.0001	0.0001	0.01772	0.0001	0.01772	0.0001	0.0001	0.00477	0.0001	0.15802	0.0	0.25012	0.0313	0.02874	0.03696	0.04473	0.04753	0.02588	0.03844	0.03059	0.03404	0.02963	0.03296	0.03017	0.01772	0.0001	0.05344	0.00608	0.24758	0.02773	0.02142	0.0001	0.0001	0.01772	0.0001	0.02083	0.01028	0.0001	0.0001	0.0001	0.01028	0.01028	0.0001	0.11909	0.00796	0.0001	0.0001	0.0001	0.0001	0.10867	0.0001	0.02811	0.0001	0.0	0.04928	0.01466	0.0001	0.08357	0.01778	0.0	0.0	0.06695	0.00739	0.01726	0.0001	0.0001	0.0001	0.03964	0.02047	0.02382	0.04854	0.01034	0.01772	0.0001	0.01772	0.0001	0.01419	0.01028	0.06787	0.03742	0.04303	0.02614	0.04762	0.02797	0.0398	0.01504	0.05189	0.03091	0.01596	0.01807	0.03282	0.05053	0.0	0.0	0.0	0.04734	0.01893	0.01419	0.04384	0.02188	0.01896	0.06676	0.0001	0.04557	0.04209	0.02231	0.05467	0.0	0.01465	0.0	0.0	0.0001	0.0001	0.01659	0.0001	0.0001	0.01772	0.0202	0.0001	0.01659	0.0	0.0001	0.0001	0.0001	0.01034	0.05168	0.02075	0.1339	0.01034	0.01034	0.00768	0.05011	0.0	0.09008	0.03992	0.03009	0.05762	0.07665	0.03396	
0.17543	0.00024	0.00024	0.00024	0.00476	0.00024	0.00489	0.00481	0.57268	0.00915	0.00915	0.00024	0.00017	0.00017	0.00911	0.00017	0.00911	0.00017	0.00017	0.04384	0.00017	0.37743	0.25012	0.0	0.01434	0.0206	0.02568	0.0963	0.01981	0.02449	0.03377	0.01461	0.01281	0.01341	0.01479	0.01424	0.00911	0.00017	0.02286	0.00435	1.00377	0.01312	0.01014	0.00017	0.00017	0.00911	0.00017	0.01037	0.00579	0.00017	0.00017	0.00017	0.00579	0.00579	0.00017	0.04987	0.00466	0.00017	0.00017	0.00017	0.00017	0.00617	0.00017	0.01273	0.00017	0.0	0.02056	0.04518	0.00017	0.1329	0.13213	0.0	0.0	0.08129	0.02586	0.00888	0.00017	0.00017	0.00017	0.0112	0.00985	0.01162	0.02189	0.00582	0.00911	0.00017	0.00911	0.00017	0.00755	0.00579	0.02998	0.01723	0.01975	0.01268	0.01049	0.01294	0.01818	0.04274	0.038	0.01379	0.01038	0.02183	0.05248	0.02151	0.0	0.0	0.0	0.02219	0.00957	0.00755	0.01904	0.01085	0.00958	0.02921	0.00017	0.0206	0.01922	0.01119	0.02422	0.0	0.00778	0.0	0.0	0.00017	0.00017	0.0087	0.00017	0.00017	0.00911	0.00974	0.00017	0.0087	0.0	0.00017	0.00017	0.00017	0.00582	0.02218	0.01036	0.23649	0.00582	0.00582	0.00454	0.02123	0.0	0.01251	0.02009	0.0253	0.02361	0.03049	0.03611	
0.10989	0.00058	0.00058	0.00058	0.01128	0.00058	0.01173	0.01149	0.02249	0.02596	0.02596	0.00058	0.00011	0.00011	0.24253	0.00011	0.24253	0.00011	0.00011	0.08579	0.00011	0.20302	0.0313	0.01434	0.0	0.47167	0.06367	0.26814	0.16795	0.0413	0.02472	0.06577	0.14191	0.04902	0.23506	0.04797	0.24253	0.00011	0.19074	0.03417	0.03681	0.31292	0.03395	0.00011	0.00011	0.24253	0.00011	0.0674	0.01427	0.00011	0.00011	0.00011	0.01427	0.01427	0.00011	0.01075	0.01078	0.00011	0.00011	0.00011	0.00011	0.0169	0.00011	0.18357	0.00011	0.0	0.09891	0.22114	0.00011	0.09497	0.05547	0.0	0.0	0.11647	0.14939	0.02552	0.00011	0.00011	0.00011	0.03492	0.03208	0.10643	0.14715	0.01436	0.24253	0.00011	0.24253	0.00011	0.02047	0.01427	0.05767	0.01372	0.02554	0.03833	0.00434	0.07499	0.03977	0.12012	0.14292	0.11222	0.015	0.06027	0.10311	0.059	0.0	0.0	0.0	0.05991	0.08508	0.02047	0.17003	0.03335	0.08478	0.19773	0.00011	0.02886	0.02656	0.02907	0.0274	0.0	0.05219	0.0	0.0	0.00011	0.00011	0.0243	0.00011	0.00011	0.24253	0.20949	0.00011	0.0243	0.0	0.00011	0.00011	0.00011	0.01436	0.12499	0.14899	0.07952	0.01436	0.01436	0.01036	0.07666	0.0	0.04329	0.06034	0.07385	0.1093	0.17663	0.112	
0.48056	0.0016	0.0016	0.0016	0.01672	0.0016	0.01751	0.01723	0.03329	0.50697	0.50697	0.0016	0.0004	0.0004	0.53579	0.0004	0.53579	0.0004	0.0004	0.26168	0.0004	0.42502	0.02874	0.0206	0.47167	0.0	0.2315	0.52689	0.46657	0.38217	0.29945	0.79038	0.1036	0.20127	0.8843	0.20139	0.53579	0.0004	0.56935	0.0	0.94047	1.25146	0.05082	0.0004	0.0004	0.53579	0.0004	0.03715	0.02016	0.0004	0.0004	0.0004	0.02016	0.02016	0.0004	0.17926	0.01538	0.0004	0.0004	0.0004	0.0004	0.0239	0.0004	0.43777	0.0004	0.0	0.365	0.44133	0.0004	0.43402	0.21334	0.0	0.0	0.23677	0.31416	0.0369	0.0004	0.0004	0.0004	0.03263	0.40094	0.29896	0.78892	0.02029	0.53579	0.0004	0.53579	0.0004	0.09801	0.02016	0.33597	0.20628	0.48618	0.50345	0.17534	0.44586	0.16083	0.26568	0.52701	0.30019	0.05605	0.33733	0.28044	0.09911	0.0	0.0	0.0	0.18804	0.04107	0.09801	0.38912	0.04876	0.04098	0.55166	0.0004	0.62395	0.51274	0.04634	0.08287	0.0	0.09917	0.0	0.0	0.0004	0.0004	0.50395	0.0004	0.0004	0.53579	0.44208	0.0004	0.50395	0.0	0.0004	0.0004	0.0004	0.02029	0.55197	0.37234	0.15036	0.02029	0.02029	0.01464	0.43927	0.0	0.21388	0.28386	0.29092	0.25652	0.16597	0.15205	
0.33635	0.00435	0.00435	0.00435	0.02118	0.00435	0.02206	0.02172	0.09416	0.45536	0.45536	0.00435	0.00048	0.00048	0.05006	0.00048	0.05006	0.00048	0.00048	0.09573	0.00048	0.06658	0.03696	0.02568	0.06367	0.2315	0.0	0.1154	0.14991	0.28253	0.17275	0.11742	0.10628	0.21153	0.16719	0.1239	0.05006	0.00048	0.31954	0.05684	0.07506	0.15936	0.14374	0.00048	0.00048	0.05006	0.00048	0.13398	0.11807	0.00048	0.00048	0.00048	0.11807	0.11807	0.00048	0.05223	0.01903	0.00048	0.00048	0.00048	0.00048	0.03039	0.00048	0.07507	0.00048	0.0	0.11419	0.11907	0.00048	0.07258	0.05204	0.0	0.0	0.27543	0.12955	0.07777	0.00048	0.00048	0.00048	0.07869	0.245	0.07238	0.11443	0.02542	0.05006	0.00048	0.05006	0.00048	0.08012	0.11807	0.20114	0.14356	0.2308	0.27539	0.14321	0.05811	0.146	0.20963	0.49789	0.08739	0.06046	0.10719	0.27118	0.13614	0.0	0.0	0.0	0.0614	0.04058	0.08012	0.09425	0.03977	0.10491	0.12349	0.00048	0.36426	0.09445	0.12147	0.03911	0.0	0.08128	0.0	0.0	0.00048	0.00048	0.27576	0.00048	0.00048	0.05006	0.06156	0.00048	0.27576	0.0	0.00048	0.00048	0.00048	0.02542	0.14528	0.06082	0.14394	0.02542	0.02542	0.01813	0.12732	0.0	0.10762	0.11376	0.16687	0.31657	0.10313	0.07653	
0.40254	0.00128	0.00128	0.00128	0.01988	0.00128	0.02082	0.02043	0.09849	0.18861	0.18861	0.00128	0.00018	0.00018	0.42623	0.00018	0.42623	0.00018	0.00018	0.61509	0.00018	0.46064	0.04473	0.0963	0.26814	0.52689	0.1154	0.0	0.28155	0.21871	0.16362	0.38235	0.10772	0.0766	0.45004	0.16596	0.42623	0.00018	0.18208	0.35556	0.60156	0.37077	0.06532	0.00018	0.00018	0.42623	0.00018	0.04132	0.02454	0.00018	0.00018	0.00018	0.02454	0.02454	0.00018	0.12454	0.0184	0.00018	0.00018	0.00018	0.00018	0.02964	0.00018	0.47505	0.00018	0.0	0.20612	0.54011	0.00018	0.47376	0.17631	0.0	0.0	0.21418	0.22595	0.04619	0.00018	0.00018	0.00018	0.04352	0.29899	0.34825	0.38957	0.09606	0.42623	0.00018	0.42623	0.00018	0.0801	0.02454	0.11997	0.05592	0.23131	0.19123	0.05531	0.37831	0.10806	0.27308	0.32713	0.27449	0.04965	0.19548	0.41701	0.12377	0.0	0.0	0.0	0.22681	0.04201	0.0801	0.19924	0.06208	0.04198	0.1999	0.00018	0.14902	0.24508	0.03597	0.12362	0.0	0.08139	0.0	0.0	0.00018	0.00018	0.18874	0.00018	0.00018	0.42623	0.37426	0.00018	0.18874	0.0	0.00018	0.00018	0.00018	0.09606	0.31871	0.3117	0.23854	0.09606	0.09606	0.01754	0.25152	0.0	0.06711	0.25969	0.20409	0.11307	0.17879	0.10676	
0.16646	0.00079	0.00079	0.00079	0.01537	0.00079	0.01604	0.0157	0.03382	0.1227	0.1227	0.00079	0.00011	0.00011	0.13641	0.00011	0.13641	0.00011	0.00011	0.21717	0.00011	0.13586	0.04753	0.01981	0.16795	0.46657	0.14991	0.28155	0.0	0.19894	0.19819	0.3343	0.22584	0.07197	0.53596	0.05025	0.13641	0.00011	0.20617	0.14629	0.13865	0.51664	0.03567	0.00011	0.00011	0.13641	0.00011	0.21685	0.07328	0.00011	0.00011	0.00011	0.07328	0.07328	0.00011	0.08926	0.01452	0.00011	0.00011	0.00011	0.00011	0.0243	0.00011	0.1629	0.00011	0.0	0.33565	0.13536	0.00011	0.10819	0.05693	0.0	0.0	0.10068	0.10397	0.03767	0.00011	0.00011	0.00011	0.05389	0.12389	0.07472	0.34629	0.01982	0.13641	0.00011	0.13641	0.00011	0.1158	0.07328	0.17161	0.11683	0.20381	0.23594	0.04888	0.14104	0.17946	0.28385	0.54329	0.2477	0.09568	0.17109	0.27952	0.17175	0.0	0.0	0.0	0.11796	0.16691	0.1158	0.49042	0.102	0.16673	0.15124	0.00011	0.09323	0.21294	0.1053	0.18809	0.0	0.11601	0.0	0.0	0.00011	0.00011	0.1226	0.00011	0.00011	0.13641	0.13484	0.00011	0.1226	0.0	0.00011	0.00011	0.00011	0.01982	0.34292	0.17623	0.03104	0.01982	0.01982	0.01389	0.29476	0.0	0.0681	0.11832	0.22551	0.15058	0.10133	0.12397	
0.18279	0.00758	0.00758	0.00758	0.02434	0.00758	0.05058	0.02472	0.04594	0.12337	0.12337	0.00758	0.00017	0.00017	0.1226	0.00017	0.1226	0.00017	0.00017	0.08629	0.00017	0.12938	0.02588	0.02449	0.0413	0.38217	0.28253	0.21871	0.19894	0.0	0.24033	0.29192	0.06302	0.09813	0.27727	0.03634	0.1226	0.00017	0.309	0.11366	0.12093	0.13634	0.10396	0.00017	0.00017	0.1226	0.00017	0.06056	0.02432	0.00017	0.00017	0.00017	0.02432	0.02432	0.00017	0.07669	0.04122	0.00017	0.00017	0.00017	0.00017	0.08627	0.00017	0.1301	0.00017	0.0	0.20911	0.039	0.00017	0.11517	0.04215	0.0	0.0	0.09119	0.18973	0.05599	0.00017	0.00017	0.00017	0.07574	0.11863	0.07166	0.11625	0.0245	0.1226	0.00017	0.1226	0.00017	0.07875	0.02432	0.05643	0.01964	0.21166	0.05748	0.14149	0.10698	0.0856	0.09054	0.49353	0.09416	0.06605	0.15915	0.22774	0.25812	0.0	0.0	0.0	0.14688	0.05331	0.07875	0.17658	0.06277	0.05341	0.10757	0.00017	0.06132	0.16037	0.1051	0.06928	0.0	0.07899	0.0	0.0	0.00017	0.00017	0.11032	0.00017	0.00017	0.1226	0.18742	0.00017	0.11032	0.0	0.00017	0.00017	0.00017	0.0245	0.13078	0.0857	0.02455	0.0245	0.0245	0.0171	0.1855	0.0	0.04394	0.13606	0.20978	0.07642	0.11432	0.20458	
0.11335	0.00105	0.00105	0.00105	0.02649	0.00105	0.12858	0.02865	0.06039	0.10557	0.10557	0.00105	3e-05	3e-05	0.08754	3e-05	0.08754	3e-05	3e-05	0.05037	3e-05	0.10539	0.03844	0.03377	0.02472	0.29945	0.17275	0.16362	0.19819	0.24033	0.0	0.0804	0.07957	0.06961	0.10433	0.02177	0.08754	3e-05	0.24156	0.01637	0.0466	0.10565	0.06727	3e-05	3e-05	0.08754	3e-05	0.0285	0.04214	3e-05	3e-05	3e-05	0.04214	0.04214	3e-05	0.07599	0.1251	3e-05	3e-05	3e-05	3e-05	0.04517	3e-05	0.11187	3e-05	0.0	0.19176	0.07013	3e-05	0.08674	0.08787	0.0	0.0	0.07312	0.1874	0.11669	3e-05	3e-05	3e-05	0.01167	0.12146	0.04567	0.03605	0.03374	0.08754	3e-05	0.08754	3e-05	0.06458	0.04214	0.0705	0.01318	0.063	0.06114	0.15258	0.16727	0.01663	0.08703	0.32396	0.1628	0.08616	0.17656	0.09935	0.06834	0.0	0.0	0.0	0.13099	0.07518	0.06458	0.15016	0.0877	0.07533	0.04751	3e-05	0.06414	0.13313	0.06188	0.01905	0.0	0.06474	0.0	0.0	3e-05	3e-05	0.10453	3e-05	3e-05	0.08754	0.11158	3e-05	0.10453	0.0	3e-05	3e-05	3e-05	0.03374	0.06564	0.05529	0.0342	0.03374	0.03374	0.02341	0.05773	0.0	0.08448	0.15094	0.1212	0.10081	0.09515	0.04783	
0.20719	0.00119	0.00119	0.00119	0.01192	0.00119	0.01237	0.07022	0.02233	0.28171	0.28171	0.00119	0.00036	0.00036	0.31584	0.00036	0.31584	0.00036	0.00036	0.16864	0.00036	0.24938	0.03059	0.01461	0.06577	0.79038	0.11742	0.38235	0.3343	0.29192	0.0804	0.0	0.04387	0.06947	0.66036	0.05501	0.31584	0.00036	0.20987	0.0	0.87906	0.37579	0.03255	0.00036	0.00036	0.31584	0.00036	0.03092	0.0145	0.00036	0.00036	0.00036	0.0145	0.0145	0.00036	0.18575	0.01115	0.00036	0.00036	0.00036	0.00036	0.01682	0.00036	0.2155	0.00036	0.0	0.25604	0.09977	0.00036	0.10837	0.06836	0.0	0.0	0.11101	0.01611	0.02518	0.00036	0.00036	0.00036	0.03393	0.22457	0.13461	0.29652	0.01459	0.31584	0.00036	0.31584	0.00036	0.02055	0.0145	0.15919	0.02925	0.36605	0.08147	0.03135	0.09044	0.06227	0.08448	0.15495	0.12926	0.03335	0.23974	0.25747	0.0831	0.0	0.0	0.0	0.05638	0.02791	0.02055	0.30095	0.03243	0.02795	0.18752	0.00036	0.01471	0.37757	0.03444	0.08789	0.0	0.02161	0.0	0.0	0.00036	0.00036	0.28294	0.00036	0.00036	0.31584	0.26023	0.00036	0.28294	0.0	0.00036	0.00036	0.00036	0.01459	0.22967	0.19055	0.02491	0.01459	0.01459	0.01072	0.38261	0.0	0.02389	0.09593	0.28021	0.04751	0.0313	0.10963	
0.11076	0.00023	0.00023	0.00023	0.00981	0.00023	0.01021	0.01	0.02007	0.02313	0.02313	0.00023	7e-05	7e-05	0.02363	7e-05	0.02363	7e-05	7e-05	0.10827	7e-05	0.03059	0.03404	0.01281	0.14191	0.1036	0.10628	0.10772	0.22584	0.06302	0.07957	0.04387	0.0	0.02152	0.26807	0.04345	0.02363	7e-05	0.11331	0.00715	0.02272	0.33524	0.03082	7e-05	7e-05	0.02363	7e-05	0.22773	0.01275	7e-05	7e-05	7e-05	0.01275	0.01275	7e-05	0.0341	0.0096	7e-05	7e-05	7e-05	7e-05	0.09092	7e-05	0.04236	7e-05	0.0	0.17887	0.09037	7e-05	0.0396	0.04523	0.0	0.0	0.05136	0.05942	0.02297	7e-05	7e-05	7e-05	0.09446	0.02909	0.0332	0.11641	0.01283	0.02363	7e-05	0.02363	7e-05	0.01837	0.01275	0.08463	0.10232	0.06444	0.1787	0.03281	0.08629	0.12683	0.19568	0.17462	0.03105	0.03169	0.03581	0.12398	0.15247	0.0	0.0	0.0	0.08946	0.2561	0.01837	0.26337	0.01737	0.25563	0.05961	7e-05	0.11892	0.06304	0.11965	0.02571	0.0	0.01904	0.0	0.0	7e-05	7e-05	0.02186	7e-05	7e-05	0.02363	0.08882	7e-05	0.02186	0.0	7e-05	7e-05	7e-05	0.01283	0.11007	0.02834	0.07249	0.01283	0.01283	0.00922	0.10115	0.0	0.03904	0.05598	0.11509	0.12185	0.09387	0.12173	
0.18556	0.00036	0.00036	0.00036	0.01038	0.00036	0.0108	0.01058	0.02114	0.23779	0.23779	0.00036	6e-05	6e-05	0.02478	6e-05	0.02478	6e-05	6e-05	0.10817	6e-05	0.03213	0.02963	0.01341	0.04902	0.20127	0.21153	0.0766	0.07197	0.09813	0.06961	0.06947	0.02152	0.0	0.0677	0.21586	0.02478	6e-05	0.27201	0.03586	0.03881	0.20548	0.25695	6e-05	6e-05	0.02478	6e-05	0.02991	0.01334	6e-05	6e-05	6e-05	0.01334	0.01334	6e-05	0.0487	0.01004	6e-05	6e-05	6e-05	6e-05	0.0159	6e-05	0.04457	6e-05	0.0	0.09505	0.09525	6e-05	0.05271	0.12672	0.0	0.0	0.05474	0.05149	0.21265	6e-05	6e-05	6e-05	0.16015	0.20177	0.03486	0.0314	0.01343	0.02478	6e-05	0.02478	6e-05	0.01924	0.01334	0.15007	0.22761	0.03664	0.08595	0.03037	0.04337	0.01438	0.12153	0.11638	0.0418	0.1054	0.03859	0.10927	0.06789	0.0	0.0	0.0	0.03856	0.0268	0.01924	0.11507	0.02488	0.02684	0.0269	6e-05	0.03358	0.03742	0.03231	0.02285	0.0	0.02002	0.0	0.0	6e-05	6e-05	0.23883	6e-05	6e-05	0.02478	0.03	6e-05	0.23883	0.0	6e-05	6e-05	6e-05	0.01343	0.14428	0.02974	0.18111	0.01343	0.01343	0.00964	0.11181	0.0	0.03533	0.14278	0.1183	0.0812	0.13899	0.05311	
0.24676	0.00096	0.00096	0.00096	0.01178	0.00096	0.01225	0.01201	0.02379	0.20122	0.20122	0.00096	0.00025	0.00025	0.22531	0.00025	0.22531	0.00025	0.00025	0.23099	0.00025	0.19517	0.03296	0.01479	0.23506	0.8843	0.16719	0.45004	0.53596	0.27727	0.10433	0.66036	0.26807	0.0677	0.0	0.05358	0.22531	0.00025	0.30518	0.63564	0.38136	0.95807	0.03628	0.00025	0.00025	0.22531	0.00025	0.21371	0.01471	0.00025	0.00025	0.00025	0.01471	0.01471	0.00025	0.17534	0.01107	0.00025	0.00025	0.00025	0.00025	0.01761	0.00025	0.18172	0.00025	0.0	0.36457	0.21005	0.00025	0.10189	0.06436	0.0	0.0	0.13396	0.06931	0.0267	0.00025	0.00025	0.00025	0.03691	0.17613	0.10851	0.42268	0.01481	0.22531	0.00025	0.22531	0.00025	0.02128	0.01471	0.25958	0.14958	0.29304	0.37372	0.0338	0.08165	0.13052	0.28061	0.30835	0.11738	0.03732	0.19415	0.33222	0.20764	0.0	0.0	0.0	0.07599	0.23803	0.02128	0.54754	0.03518	0.23763	0.25095	0.00025	0.10286	0.30058	0.11802	0.10144	0.0	0.02235	0.0	0.0	0.00025	0.00025	0.20182	0.00025	0.00025	0.22531	0.2	0.00025	0.20182	0.0	0.00025	0.00025	0.00025	0.01481	0.33492	0.14529	0.03486	0.01481	0.01481	0.01063	0.42088	0.0	0.02974	0.09577	0.27805	0.16156	0.09879	0.14199	
0.17278	0.00044	0.00044	0.00044	0.01121	0.00044	0.01165	0.01142	0.02171	0.26288	0.26288	0.00044	7e-05	7e-05	0.02549	7e-05	0.02549	7e-05	7e-05	0.03545	7e-05	0.03196	0.03017	0.01424	0.04797	0.20139	0.1239	0.16596	0.05025	0.03634	0.02177	0.05501	0.04345	0.21586	0.05358	0.0	0.02549	7e-05	0.18398	0.03643	0.03606	0.03882	0.13525	7e-05	7e-05	0.02549	7e-05	0.03044	0.01418	7e-05	7e-05	7e-05	0.01418	0.01418	7e-05	0.05014	0.0108	7e-05	7e-05	7e-05	7e-05	0.01654	7e-05	0.02992	7e-05	0.0	0.10079	0.06184	7e-05	0.0507	0.00912	0.0	0.0	0.03644	0.0146	0.06938	7e-05	7e-05	7e-05	0.03187	0.39962	0.01135	0.00934	0.13927	0.02549	7e-05	0.02549	7e-05	0.02007	0.01418	0.10483	0.16683	0.01615	0.07496	0.03088	0.0426	0.06124	0.02558	0.07255	0.04806	0.03304	0.01828	0.08704	0.01603	0.0	0.0	0.0	0.09001	0.02744	0.02007	0.02393	0.03206	0.02748	0.00077	7e-05	0.01227	0.01714	0.03306	0.0861	0.0	0.0209	0.0	0.0	7e-05	7e-05	0.26438	7e-05	7e-05	0.02549	0.03002	7e-05	0.26438	0.0	7e-05	7e-05	7e-05	0.13927	0.07293	0.03028	0.29595	0.13927	0.13927	0.01039	0.05048	0.0	0.02255	0.05476	0.02412	0.02972	0.07972	0.02314	
0.08251	0.00071	0.00071	0.00071	0.00753	0.00071	0.00777	0.00764	0.01302	0.01535	0.01535	0.00071	0.00023	0.00023	1.00002	0.00023	1.00002	0.00023	0.00023	0.08665	0.00023	0.63164	0.01772	0.00911	0.24253	0.53579	0.05006	0.42623	0.13641	0.1226	0.08754	0.31584	0.02363	0.02478	0.22531	0.02549	0.0	0.00023	0.10511	0.0	0.44059	0.18794	0.01812	0.00023	0.00023	1.00002	0.00023	0.01785	0.00909	0.00023	0.00023	0.00023	0.00909	0.00909	0.00023	0.09709	0.00712	0.00023	0.00023	0.00023	0.00023	0.01017	0.00023	0.47282	0.00023	0.0	0.11046	0.13956	0.00023	0.27172	0.27742	0.0	0.0	0.18469	0.08994	0.01491	0.00023	0.00023	0.00023	0.01945	0.01739	0.45391	0.14509	0.00914	1.00002	0.00023	1.00002	0.00023	0.01237	0.00909	0.14344	0.0314	0.17219	0.02223	0.01808	0.29334	0.03334	0.06649	0.07634	0.31182	0.0186	0.1006	0.11137	0.04154	0.0	0.0	0.0	0.11707	0.01629	0.01237	0.13926	0.01872	0.01631	0.09784	0.00023	0.03804	0.17638	0.01955	0.0454	0.0	0.01291	0.0	0.0	0.00023	0.00023	0.01439	0.00023	0.00023	1.00002	0.6852	0.00023	0.01439	0.0	0.00023	0.00023	0.00023	0.00914	0.11151	0.61215	0.03808	0.00914	0.00914	0.00689	0.15197	0.0	0.02276	0.17698	0.13618	0.04704	0.09715	0.1008	
