0.0	0.00012	0.00012	0.00012	0.00012	0.08215	0.00012	0.00012	0.08798	0.00012	0.00012	0.08389	0.00012	0.00012	0.08389	0.00012	0.00012	0.00012	0.00012	0.00012	0.00012	0.00012	0.00012	0.74446	0.00012	0.00012	0.06388	0.19617	0.34206	0.40658	0.10528	0.10301	0.24776	0.21948	0.0	0.3458	0.00012	0.00012	0.00012	0.00012	0.00012	0.0474	0.4784	0.00012	0.99984	0.0	0.00012	0.08389	0.10528	0.00012	0.08215	0.08193	0.08389	0.74882	0.00826	0.07502	0.00012	0.05639	0.00012	0.00012	0.14951	0.04884	0.10119	0.00012	0.00012	0.00012	0.00012	0.00012	0.77386	0.00012	0.19645	0.10528	0.26048	0.99984	0.00012	0.99984	0.00012	0.00012	0.00012	0.09102	0.10528	0.00012	0.08503	0.00012	0.16405	0.04094	0.00012	0.08215	0.00012	0.15196	0.00036	0.04793	0.12499	0.00012	0.08389	0.07357	0.68547	0.00012	0.00207	0.13533	0.14357	0.04497	0.46537	0.09549	0.09102	0.46557	0.1552	0.0	0.0	0.0	0.0	0.0	0.0	0.0	0.0	0.24865	0.74371	0.13099	0.10341	0.10341	0.49662	0.19111	0.10528	0.00012	0.00012	0.00052	0.00012	0.34762	0.08503	0.01004	0.01004	0.08409	0.28117	0.10528	0.00012	0.00012	0.00012	0.05025	0.10528	0.00012	0.00012	0.00012	0.08389	0.00012	0.00012	0.00012	0.01833	0.00012	0.00012	0.00012	0.10528	0.01832	0.68547	
0.00012	0.0	0.0	0.0	0.0	0.00089	0.0	0.0	8e-05	0.0	0.0	0.00016	0.0	0.0	0.00016	0.0	0.0	0.0	0.0	0.0	0.0	0.0	0.0	6e-05	0.0	0.0	0.00023	0.00016	0.00026	0.00014	0.00014	0.00204	7e-05	9e-05	0.0	0.00011	0.0	0.0	0.0	0.0	0.0	9e-05	9e-05	0.0	0.00012	0.0	0.0	0.00016	0.00014	0.0	0.00089	0.00023	0.00016	8e-05	0.0	0.00032	0.0	0.00022	0.0	0.0	0.00015	0.00011	0.00014	0.0	0.0	0.0	0.0	0.0	6e-05	0.0	0.00038	0.00014	0.00012	0.00012	0.0	0.00012	0.0	0.0	0.0	0.00048	0.00014	0.0	0.00022	0.0	0.00026	0.00025	0.0	0.00089	0.0	0.00023	0.00021	0.00053	9e-05	0.0	0.00016	6e-05	6e-05	0.0	0.00017	6e-05	5e-05	0.00046	0.0001	0.00026	0.00048	0.00038	0.00011	0.0	0.0	0.0	0.0	0.0	0.0	0.0	0.0	0.0004	0.00018	7e-05	0.00016	0.00016	0.00021	0.00011	0.00014	0.0	0.0	0.00027	0.0	0.00038	0.00022	0.0	0.0	0.00016	0.00037	0.00014	0.0	0.0	0.0	0.00027	0.00014	0.0	0.0	0.0	0.00016	0.0	0.0	0.0	0.0001	0.0	0.0	0.0	0.00014	0.00016	6e-05	
0.00012	0.0	0.0	0.0	0.0	0.00089	0.0	0.0	8e-05	0.0	0.0	0.00016	0.0	0.0	0.00016	0.0	0.0	0.0	0.0	0.0	0.0	0.0	0.0	6e-05	0.0	0.0	0.00023	0.00016	0.00026	0.00014	0.00014	0.00204	7e-05	9e-05	0.0	0.00011	0.0	0.0	0.0	0.0	0.0	9e-05	9e-05	0.0	0.00012	0.0	0.0	0.00016	0.00014	0.0	0.00089	0.00023	0.00016	8e-05	0.0	0.00032	0.0	0.00022	0.0	0.0	0.00015	0.00011	0.00014	0.0	0.0	0.0	0.0	0.0	6e-05	0.0	0.00038	0.00014	0.00012	0.00012	0.0	0.00012	0.0	0.0	0.0	0.00048	0.00014	0.0	0.00022	0.0	0.00026	0.00025	0.0	0.00089	0.0	0.00023	0.00021	0.00053	9e-05	0.0	0.00016	6e-05	6e-05	0.0	0.00017	6e-05	5e-05	0.00046	0.0001	0.00026	0.00048	0.00038	0.00011	0.0	0.0	0.0	0.0	0.0	0.0	0.0	0.0	0.0004	0.00018	7e-05	0.00016	0.00016	0.00021	0.00011	0.00014	0.0	0.0	0.00027	0.0	0.00038	0.00022	0.0	0.0	0.00016	0.00037	0.00014	0.0	0.0	0.0	0.00027	0.00014	0.0	0.0	0.0	0.00016	0.0	0.0	0.0	0.0001	0.0	0.0	0.0	0.00014	0.00016	6e-05	
0.00012	0.0	0.0	0.0	0.0	0.00089	0.0	0.0	8e-05	0.0	0.0	0.00016	0.0	0.0	0.00016	0.0	0.0	0.0	0.0	0.0	0.0	0.0	0.0	6e-05	0.0	0.0	0.00023	0.00016	0.00026	0.00014	0.00014	0.00204	7e-05	9e-05	0.0	0.00011	0.0	0.0	0.0	0.0	0.0	9e-05	9e-05	0.0	0.00012	0.0	0.0	0.00016	0.00014	0.0	0.00089	0.00023	0.00016	8e-05	0.0	0.00032	0.0	0.00022	0.0	0.0	0.00015	0.00011	0.00014	0.0	0.0	0.0	0.0	0.0	6e-05	0.0	0.00038	0.00014	0.00012	0.00012	0.0	0.00012	0.0	0.0	0.0	0.00048	0.00014	0.0	0.00022	0.0	0.00026	0.00025	0.0	0.00089	0.0	0.00023	0.00021	0.00053	9e-05	0.0	0.00016	6e-05	6e-05	0.0	0.00017	6e-05	5e-05	0.00046	0.0001	0.00026	0.00048	0.00038	0.00011	0.0	0.0	0.0	0.0	0.0	0.0	0.0	0.0	0.0004	0.00018	7e-05	0.00016	0.00016	0.00021	0.00011	0.00014	0.0	0.0	0.00027	0.0	0.00038	0.00022	0.0	0.0	0.00016	0.00037	0.00014	0.0	0.0	0.0	0.00027	0.00014	0.0	0.0	0.0	0.00016	0.0	0.0	0.0	0.0001	0.0	0.0	0.0	0.00014	0.00016	6e-05	
0.00012	0.0	0.0	0.0	0.0	0.00089	0.0	0.0	8e-05	0.0	0.0	0.00016	0.0	0.0	0.00016	0.0	0.0	0.0	0.0	0.0	0.0	0.0	0.0	6e-05	0.0	0.0	0.00023	0.00016	0.00026	0.00014	0.00014	0.00204	7e-05	9e-05	0.0	0.00011	0.0	0.0	0.0	0.0	0.0	9e-05	9e-05	0.0	0.00012	0.0	0.0	0.00016	0.00014	0.0	0.00089	0.00023	0.00016	8e-05	0.0	0.00032	0.0	0.00022	0.0	0.0	0.00015	0.00011	0.00014	0.0	0.0	0.0	0.0	0.0	6e-05	0.0	0.00038	0.00014	0.00012	0.00012	0.0	0.00012	0.0	0.0	0.0	0.00048	0.00014	0.0	0.00022	0.0	0.00026	0.00025	0.0	0.00089	0.0	0.00023	0.00021	0.00053	9e-05	0.0	0.00016	6e-05	6e-05	0.0	0.00017	6e-05	5e-05	0.00046	0.0001	0.00026	0.00048	0.00038	0.00011	0.0	0.0	0.0	0.0	0.0	0.0	0.0	0.0	0.0004	0.00018	7e-05	0.00016	0.00016	0.00021	0.00011	0.00014	0.0	0.0	0.00027	0.0	0.00038	0.00022	0.0	0.0	0.00016	0.00037	0.00014	0.0	0.0	0.0	0.00027	0.00014	0.0	0.0	0.0	0.00016	0.0	0.0	0.0	0.0001	0.0	0.0	0.0	0.00014	0.00016	6e-05	
0.08215	0.00089	0.00089	0.00089	0.00089	0.0	0.00089	0.00089	0.01848	0.00089	0.00089	0.01895	0.00089	0.00089	0.01895	0.00089	0.00089	0.00089	0.00089	0.00089	0.00089	0.00089	0.00089	0.0878	0.00089	0.00089	0.22009	0.03532	0.04563	0.05665	0.02245	0.08812	0.12824	0.1423	0.0	0.05143	0.00089	0.00089	0.00089	0.00089	0.00089	0.03724	0.1074	0.00089	0.08215	0.0	0.00089	0.01895	0.02245	0.00089	1.00089	0.0159	0.01895	0.11775	0.00398	0.01493	0.00089	0.01404	0.00089	0.00089	0.02907	0.03292	0.0218	0.00089	0.00089	0.00089	0.00089	0.00089	0.06739	0.00089	0.36017	0.02245	0.1793	0.08215	0.00089	0.08215	0.00089	0.00089	0.00089	0.01731	0.02245	0.00089	0.01634	0.00089	0.29722	0.06001	0.00089	1.00089	0.00089	0.02901	0.01897	0.01071	0.06628	0.00089	0.01895	0.04849	0.06113	0.00089	0.034	0.02768	0.02627	0.01188	0.11337	0.26516	0.01731	0.05037	0.02985	0.0	0.0	0.0	0.0	0.0	0.0	0.0	0.0	0.39243	0.09814	0.1292	0.20116	0.20116	0.1303	0.14853	0.02245	0.00089	0.00089	0.24767	0.00089	0.32998	0.01634	0.0	0.0	0.23268	0.0377	0.02245	0.00089	0.00089	0.00089	0.12369	0.02245	0.00089	0.00089	0.00089	0.01895	0.00089	0.00089	0.00089	0.04	0.00089	0.00089	0.00089	0.02245	0.07087	0.06113	
0.00012	0.0	0.0	0.0	0.0	0.00089	0.0	0.0	8e-05	0.0	0.0	0.00016	0.0	0.0	0.00016	0.0	0.0	0.0	0.0	0.0	0.0	0.0	0.0	6e-05	0.0	0.0	0.00023	0.00016	0.00026	0.00014	0.00014	0.00204	7e-05	9e-05	0.0	0.00011	0.0	0.0	0.0	0.0	0.0	9e-05	9e-05	0.0	0.00012	0.0	0.0	0.00016	0.00014	0.0	0.00089	0.00023	0.00016	8e-05	0.0	0.00032	0.0	0.00022	0.0	0.0	0.00015	0.00011	0.00014	0.0	0.0	0.0	0.0	0.0	6e-05	0.0	0.00038	0.00014	0.00012	0.00012	0.0	0.00012	0.0	0.0	0.0	0.00048	0.00014	0.0	0.00022	0.0	0.00026	0.00025	0.0	0.00089	0.0	0.00023	0.00021	0.00053	9e-05	0.0	0.00016	6e-05	6e-05	0.0	0.00017	6e-05	5e-05	0.00046	0.0001	0.00026	0.00048	0.00038	0.00011	0.0	0.0	0.0	0.0	0.0	0.0	0.0	0.0	0.0004	0.00018	7e-05	0.00016	0.00016	0.00021	0.00011	0.00014	0.0	0.0	0.00027	0.0	0.00038	0.00022	0.0	0.0	0.00016	0.00037	0.00014	0.0	0.0	0.0	0.00027	0.00014	0.0	0.0	0.0	0.00016	0.0	0.0	0.0	0.0001	0.0	0.0	0.0	0.00014	0.00016	6e-05	
0.00012	0.0	0.0	0.0	0.0	0.00089	0.0	0.0	8e-05	0.0	0.0	0.00016	0.0	0.0	0.00016	0.0	0.0	0.0	0.0	0.0	0.0	0.0	0.0	6e-05	0.0	0.0	0.00023	0.00016	0.00026	0.00014	0.00014	0.00204	7e-05	9e-05	0.0	0.00011	0.0	0.0	0.0	0.0	0.0	9e-05	9e-05	0.0	0.00012	0.0	0.0	0.00016	0.00014	0.0	0.00089	0.00023	0.00016	8e-05	0.0	0.00032	0.0	0.00022	0.0	0.0	0.00015	0.00011	0.00014	0.0	0.0	0.0	0.0	0.0	6e-05	0.0	0.00038	0.00014	0.00012	0.00012	0.0	0.00012	0.0	0.0	0.0	0.00048	0.00014	0.0	0.00022	0.0	0.00026	0.00025	0.0	0.00089	0.0	0.00023	0.00021	0.00053	9e-05	0.0	0.00016	6e-05	6e-05	0.0	0.00017	6e-05	5e-05	0.00046	0.0001	0.00026	0.00048	0.00038	0.00011	0.0	0.0	0.0	0.0	0.0	0.0	0.0	0.0	0.0004	0.00018	7e-05	0.00016	0.00016	0.00021	0.00011	0.00014	0.0	0.0	0.00027	0.0	0.00038	0.00022	0.0	0.0	0.00016	0.00037	0.00014	0.0	0.0	0.0	0.00027	0.00014	0.0	0.0	0.0	0.00016	0.0	0.0	0.0	0.0001	0.0	0.0	0.0	0.00014	0.00016	6e-05	
0.08798	8e-05	8e-05	8e-05	8e-05	0.01848	8e-05	8e-05	0.0	8e-05	8e-05	0.02232	8e-05	8e-05	0.02232	8e-05	8e-05	8e-05	8e-05	8e-05	8e-05	8e-05	8e-05	0.07224	8e-05	8e-05	0.15731	0.25369	0.44034	0.13198	0.02708	0.11769	0.28359	0.1444	0.0	0.14857	8e-05	8e-05	8e-05	8e-05	8e-05	0.04873	0.07701	8e-05	0.08798	0.0	8e-05	0.02232	0.02708	8e-05	0.01848	0.01822	0.02232	0.06759	0.00158	0.01692	8e-05	0.55021	8e-05	8e-05	0.03616	0.04329	0.24224	8e-05	8e-05	8e-05	8e-05	8e-05	0.09248	8e-05	0.19169	0.02708	0.0454	0.08798	8e-05	0.08798	8e-05	8e-05	8e-05	0.02002	0.02708	8e-05	0.01881	8e-05	0.03227	0.07886	8e-05	0.01848	8e-05	0.03321	0.02233	0.01143	0.09469	8e-05	0.02232	0.13788	0.11092	8e-05	0.04295	0.03591	0.31672	0.01294	0.06531	1.18987	0.02002	0.06548	0.03724	0.0	0.0	0.0	0.0	0.0	0.0	0.0	0.0	0.04218	0.06681	0.03923	0.03256	0.03256	0.09499	0.05521	0.02708	8e-05	8e-05	0.03632	8e-05	0.10611	0.01881	0.00187	0.00187	0.02693	0.04799	0.02708	8e-05	8e-05	8e-05	0.21198	0.02708	8e-05	8e-05	8e-05	0.02232	8e-05	8e-05	8e-05	0.05127	8e-05	8e-05	8e-05	0.02708	0.08787	0.11092	
0.00012	0.0	0.0	0.0	0.0	0.00089	0.0	0.0	8e-05	0.0	0.0	0.00016	0.0	0.0	0.00016	0.0	0.0	0.0	0.0	0.0	0.0	0.0	0.0	6e-05	0.0	0.0	0.00023	0.00016	0.00026	0.00014	0.00014	0.00204	7e-05	9e-05	0.0	0.00011	0.0	0.0	0.0	0.0	0.0	9e-05	9e-05	0.0	0.00012	0.0	0.0	0.00016	0.00014	0.0	0.00089	0.00023	0.00016	8e-05	0.0	0.00032	0.0	0.00022	0.0	0.0	0.00015	0.00011	0.00014	0.0	0.0	0.0	0.0	0.0	6e-05	0.0	0.00038	0.00014	0.00012	0.00012	0.0	0.00012	0.0	0.0	0.0	0.00048	0.00014	0.0	0.00022	0.0	0.00026	0.00025	0.0	0.00089	0.0	0.00023	0.00021	0.00053	9e-05	0.0	0.00016	6e-05	6e-05	0.0	0.00017	6e-05	5e-05	0.00046	0.0001	0.00026	0.00048	0.00038	0.00011	0.0	0.0	0.0	0.0	0.0	0.0	0.0	0.0	0.0004	0.00018	7e-05	0.00016	0.00016	0.00021	0.00011	0.00014	0.0	0.0	0.00027	0.0	0.00038	0.00022	0.0	0.0	0.00016	0.00037	0.00014	0.0	0.0	0.0	0.00027	0.00014	0.0	0.0	0.0	0.00016	0.0	0.0	0.0	0.0001	0.0	0.0	0.0	0.00014	0.00016	6e-05	
0.00012	0.0	0.0	0.0	0.0	0.00089	0.0	0.0	8e-05	0.0	0.0	0.00016	0.0	0.0	0.00016	0.0	0.0	0.0	0.0	0.0	0.0	0.0	0.0	6e-05	0.0	0.0	0.00023	0.00016	0.00026	0.00014	0.00014	0.00204	7e-05	9e-05	0.0	0.00011	0.0	0.0	0.0	0.0	0.0	9e-05	9e-05	0.0	0.00012	0.0	0.0	0.00016	0.00014	0.0	0.00089	0.00023	0.00016	8e-05	0.0	0.00032	0.0	0.00022	0.0	0.0	0.00015	0.00011	0.00014	0.0	0.0	0.0	0.0	0.0	6e-05	0.0	0.00038	0.00014	0.00012	0.00012	0.0	0.00012	0.0	0.0	0.0	0.00048	0.00014	0.0	0.00022	0.0	0.00026	0.00025	0.0	0.00089	0.0	0.00023	0.00021	0.00053	9e-05	0.0	0.00016	6e-05	6e-05	0.0	0.00017	6e-05	5e-05	0.00046	0.0001	0.00026	0.00048	0.00038	0.00011	0.0	0.0	0.0	0.0	0.0	0.0	0.0	0.0	0.0004	0.00018	7e-05	0.00016	0.00016	0.00021	0.00011	0.00014	0.0	0.0	0.00027	0.0	0.00038	0.00022	0.0	0.0	0.00016	0.00037	0.00014	0.0	0.0	0.0	0.00027	0.00014	0.0	0.0	0.0	0.00016	0.0	0.0	0.0	0.0001	0.0	0.0	0.0	0.00014	0.00016	6e-05	
0.08389	0.00016	0.00016	0.00016	0.00016	0.01895	0.00016	0.00016	0.02232	0.00016	0.00016	0.0	0.00016	0.00016	0.99958	0.00016	0.00016	0.00016	0.00016	0.00016	0.00016	0.00016	0.00016	0.06744	0.00016	0.00016	0.03669	0.0435	0.04889	0.07102	0.027	0.13182	0.04962	0.05704	0.0	0.14101	0.00016	0.00016	0.00016	0.00016	0.00016	0.22928	0.07378	0.00016	0.08389	0.0	0.00016	0.99958	0.027	0.00016	0.01895	0.01864	0.99958	0.06335	0.00142	0.0174	0.00016	0.01629	0.00016	0.00016	0.03548	0.23204	0.02617	0.00016	0.00016	0.00016	0.00016	0.00016	0.08632	0.00016	0.04896	0.027	0.04408	0.08389	0.00016	0.08389	0.00016	0.00016	0.00016	0.02038	0.027	0.00016	0.0192	0.00016	0.03187	0.07535	0.00016	0.01895	0.00016	0.03302	0.02254	0.01207	0.08862	0.00016	0.99958	0.12741	0.10221	0.00016	0.04181	0.03432	0.03246	0.01355	0.06265	0.03834	0.02038	0.06284	0.03649	0.0	0.0	0.0	0.0	0.0	0.0	0.0	0.0	0.04007	0.06263	0.03759	0.03225	0.03225	0.10243	0.22831	0.027	0.00016	0.00016	0.33335	0.00016	0.07661	0.0192	0.00172	0.00172	1.00112	0.04652	0.027	0.00016	0.00016	0.00016	0.11607	0.027	0.00016	0.00016	0.00016	0.99958	0.00016	0.00016	0.00016	0.04954	0.00016	0.00016	0.00016	0.027	0.08948	0.10221	
0.00012	0.0	0.0	0.0	0.0	0.00089	0.0	0.0	8e-05	0.0	0.0	0.00016	0.0	0.0	0.00016	0.0	0.0	0.0	0.0	0.0	0.0	0.0	0.0	6e-05	0.0	0.0	0.00023	0.00016	0.00026	0.00014	0.00014	0.00204	7e-05	9e-05	0.0	0.00011	0.0	0.0	0.0	0.0	0.0	9e-05	9e-05	0.0	0.00012	0.0	0.0	0.00016	0.00014	0.0	0.00089	0.00023	0.00016	8e-05	0.0	0.00032	0.0	0.00022	0.0	0.0	0.00015	0.00011	0.00014	0.0	0.0	0.0	0.0	0.0	6e-05	0.0	0.00038	0.00014	0.00012	0.00012	0.0	0.00012	0.0	0.0	0.0	0.00048	0.00014	0.0	0.00022	0.0	0.00026	0.00025	0.0	0.00089	0.0	0.00023	0.00021	0.00053	9e-05	0.0	0.00016	6e-05	6e-05	0.0	0.00017	6e-05	5e-05	0.00046	0.0001	0.00026	0.00048	0.00038	0.00011	0.0	0.0	0.0	0.0	0.0	0.0	0.0	0.0	0.0004	0.00018	7e-05	0.00016	0.00016	0.00021	0.00011	0.00014	0.0	0.0	0.00027	0.0	0.00038	0.00022	0.0	0.0	0.00016	0.00037	0.00014	0.0	0.0	0.0	0.00027	0.00014	0.0	0.0	0.0	0.00016	0.0	0.0	0.0	0.0001	0.0	0.0	0.0	0.00014	0.00016	6e-05	
0.00012	0.0	0.0	0.0	0.0	0.00089	0.0	0.0	8e-05	0.0	0.0	0.00016	0.0	0.0	0.00016	0.0	0.0	0.0	0.0	0.0	0.0	0.0	0.0	6e-05	0.0	0.0	0.00023	0.00016	0.00026	0.00014	0.00014	0.00204	7e-05	9e-05	0.0	0.00011	0.0	0.0	0.0	0.0	0.0	9e-05	9e-05	0.0	0.00012	0.0	0.0	0.00016	0.00014	0.0	0.00089	0.00023	0.00016	8e-05	0.0	0.00032	0.0	0.00022	0.0	0.0	0.00015	0.00011	0.00014	0.0	0.0	0.0	0.0	0.0	6e-05	0.0	0.00038	0.00014	0.00012	0.00012	0.0	0.00012	0.0	0.0	0.0	0.00048	0.00014	0.0	0.00022	0.0	0.00026	0.00025	0.0	0.00089	0.0	0.00023	0.00021	0.00053	9e-05	0.0	0.00016	6e-05	6e-05	0.0	0.00017	6e-05	5e-05	0.00046	0.0001	0.00026	0.00048	0.00038	0.00011	0.0	0.0	0.0	0.0	0.0	0.0	0.0	0.0	0.0004	0.00018	7e-05	0.00016	0.00016	0.00021	0.00011	0.00014	0.0	0.0	0.00027	0.0	0.00038	0.00022	0.0	0.0	0.00016	0.00037	0.00014	0.0	0.0	0.0	0.00027	0.00014	0.0	0.0	0.0	0.00016	0.0	0.0	0.0	0.0001	0.0	0.0	0.0	0.00014	0.00016	6e-05	
0.08389	0.00016	0.00016	0.00016	0.00016	0.01895	0.00016	0.00016	0.02232	0.00016	0.00016	0.99958	0.00016	0.00016	0.0	0.00016	0.00016	0.00016	0.00016	0.00016	0.00016	0.00016	0.00016	0.06744	0.00016	0.00016	0.03669	0.0435	0.04889	0.07102	0.027	0.13182	0.04962	0.05704	0.0	0.14101	0.00016	0.00016	0.00016	0.00016	0.00016	0.22928	0.07378	0.00016	0.08389	0.0	0.00016	0.99958	0.027	0.00016	0.01895	0.01864	0.99958	0.06335	0.00142	0.0174	0.00016	0.01629	0.00016	0.00016	0.03548	0.23204	0.02617	0.00016	0.00016	0.00016	0.00016	0.00016	0.08632	0.00016	0.04896	0.027	0.04408	0.08389	0.00016	0.08389	0.00016	0.00016	0.00016	0.02038	0.027	0.00016	0.0192	0.00016	0.03187	0.07535	0.00016	0.01895	0.00016	0.03302	0.02254	0.01207	0.08862	0.00016	0.99958	0.12741	0.10221	0.00016	0.04181	0.03432	0.03246	0.01355	0.06265	0.03834	0.02038	0.06284	0.03649	0.0	0.0	0.0	0.0	0.0	0.0	0.0	0.0	0.04007	0.06263	0.03759	0.03225	0.03225	0.10243	0.22831	0.027	0.00016	0.00016	0.33335	0.00016	0.07661	0.0192	0.00172	0.00172	1.00112	0.04652	0.027	0.00016	0.00016	0.00016	0.11607	0.027	0.00016	0.00016	0.00016	0.99958	0.00016	0.00016	0.00016	0.04954	0.00016	0.00016	0.00016	0.027	0.08948	0.10221	
0.00012	0.0	0.0	0.0	0.0	0.00089	0.0	0.0	8e-05	0.0	0.0	0.00016	0.0	0.0	0.00016	0.0	0.0	0.0	0.0	0.0	0.0	0.0	0.0	6e-05	0.0	0.0	0.00023	0.00016	0.00026	0.00014	0.00014	0.00204	7e-05	9e-05	0.0	0.00011	0.0	0.0	0.0	0.0	0.0	9e-05	9e-05	0.0	0.00012	0.0	0.0	0.00016	0.00014	0.0	0.00089	0.00023	0.00016	8e-05	0.0	0.00032	0.0	0.00022	0.0	0.0	0.00015	0.00011	0.00014	0.0	0.0	0.0	0.0	0.0	6e-05	0.0	0.00038	0.00014	0.00012	0.00012	0.0	0.00012	0.0	0.0	0.0	0.00048	0.00014	0.0	0.00022	0.0	0.00026	0.00025	0.0	0.00089	0.0	0.00023	0.00021	0.00053	9e-05	0.0	0.00016	6e-05	6e-05	0.0	0.00017	6e-05	5e-05	0.00046	0.0001	0.00026	0.00048	0.00038	0.00011	0.0	0.0	0.0	0.0	0.0	0.0	0.0	0.0	0.0004	0.00018	7e-05	0.00016	0.00016	0.00021	0.00011	0.00014	0.0	0.0	0.00027	0.0	0.00038	0.00022	0.0	0.0	0.00016	0.00037	0.00014	0.0	0.0	0.0	0.00027	0.00014	0.0	0.0	0.0	0.00016	0.0	0.0	0.0	0.0001	0.0	0.0	0.0	0.00014	0.00016	6e-05	
0.00012	0.0	0.0	0.0	0.0	0.00089	0.0	0.0	8e-05	0.0	0.0	0.00016	0.0	0.0	0.00016	0.0	0.0	0.0	0.0	0.0	0.0	0.0	0.0	6e-05	0.0	0.0	0.00023	0.00016	0.00026	0.00014	0.00014	0.00204	7e-05	9e-05	0.0	0.00011	0.0	0.0	0.0	0.0	0.0	9e-05	9e-05	0.0	0.00012	0.0	0.0	0.00016	0.00014	0.0	0.00089	0.00023	0.00016	8e-05	0.0	0.00032	0.0	0.00022	0.0	0.0	0.00015	0.00011	0.00014	0.0	0.0	0.0	0.0	0.0	6e-05	0.0	0.00038	0.00014	0.00012	0.00012	0.0	0.00012	0.0	0.0	0.0	0.00048	0.00014	0.0	0.00022	0.0	0.00026	0.00025	0.0	0.00089	0.0	0.00023	0.00021	0.00053	9e-05	0.0	0.00016	6e-05	6e-05	0.0	0.00017	6e-05	5e-05	0.00046	0.0001	0.00026	0.00048	0.00038	0.00011	0.0	0.0	0.0	0.0	0.0	0.0	0.0	0.0	0.0004	0.00018	7e-05	0.00016	0.00016	0.00021	0.00011	0.00014	0.0	0.0	0.00027	0.0	0.00038	0.00022	0.0	0.0	0.00016	0.00037	0.00014	0.0	0.0	0.0	0.00027	0.00014	0.0	0.0	0.0	0.00016	0.0	0.0	0.0	0.0001	0.0	0.0	0.0	0.00014	0.00016	6e-05	
0.00012	0.0	0.0	0.0	0.0	0.00089	0.0	0.0	8e-05	0.0	0.0	0.00016	0.0	0.0	0.00016	0.0	0.0	0.0	0.0	0.0	0.0	0.0	0.0	6e-05	0.0	0.0	0.00023	0.00016	0.00026	0.00014	0.00014	0.00204	7e-05	9e-05	0.0	0.00011	0.0	0.0	0.0	0.0	0.0	9e-05	9e-05	0.0	0.00012	0.0	0.0	0.00016	0.00014	0.0	0.00089	0.00023	0.00016	8e-05	0.0	0.00032	0.0	0.00022	0.0	0.0	0.00015	0.00011	0.00014	0.0	0.0	0.0	0.0	0.0	6e-05	0.0	0.00038	0.00014	0.00012	0.00012	0.0	0.00012	0.0	0.0	0.0	0.00048	0.00014	0.0	0.00022	0.0	0.00026	0.00025	0.0	0.00089	0.0	0.00023	0.00021	0.00053	9e-05	0.0	0.00016	6e-05	6e-05	0.0	0.00017	6e-05	5e-05	0.00046	0.0001	0.00026	0.00048	0.00038	0.00011	0.0	0.0	0.0	0.0	0.0	0.0	0.0	0.0	0.0004	0.00018	7e-05	0.00016	0.00016	0.00021	0.00011	0.00014	0.0	0.0	0.00027	0.0	0.00038	0.00022	0.0	0.0	0.00016	0.00037	0.00014	0.0	0.0	0.0	0.00027	0.00014	0.0	0.0	0.0	0.00016	0.0	0.0	0.0	0.0001	0.0	0.0	0.0	0.00014	0.00016	6e-05	
0.00012	0.0	0.0	0.0	0.0	0.00089	0.0	0.0	8e-05	0.0	0.0	0.00016	0.0	0.0	0.00016	0.0	0.0	0.0	0.0	0.0	0.0	0.0	0.0	6e-05	0.0	0.0	0.00023	0.00016	0.00026	0.00014	0.00014	0.00204	7e-05	9e-05	0.0	0.00011	0.0	0.0	0.0	0.0	0.0	9e-05	9e-05	0.0	0.00012	0.0	0.0	0.00016	0.00014	0.0	0.00089	0.00023	0.00016	8e-05	0.0	0.00032	0.0	0.00022	0.0	0.0	0.00015	0.00011	0.00014	0.0	0.0	0.0	0.0	0.0	6e-05	0.0	0.00038	0.00014	0.00012	0.00012	0.0	0.00012	0.0	0.0	0.0	0.00048	0.00014	0.0	0.00022	0.0	0.00026	0.00025	0.0	0.00089	0.0	0.00023	0.00021	0.00053	9e-05	0.0	0.00016	6e-05	6e-05	0.0	0.00017	6e-05	5e-05	0.00046	0.0001	0.00026	0.00048	0.00038	0.00011	0.0	0.0	0.0	0.0	0.0	0.0	0.0	0.0	0.0004	0.00018	7e-05	0.00016	0.00016	0.00021	0.00011	0.00014	0.0	0.0	0.00027	0.0	0.00038	0.00022	0.0	0.0	0.00016	0.00037	0.00014	0.0	0.0	0.0	0.00027	0.00014	0.0	0.0	0.0	0.00016	0.0	0.0	0.0	0.0001	0.0	0.0	0.0	0.00014	0.00016	6e-05	
0.00012	0.0	0.0	0.0	0.0	0.00089	0.0	0.0	8e-05	0.0	0.0	0.00016	0.0	0.0	0.00016	0.0	0.0	0.0	0.0	0.0	0.0	0.0	0.0	6e-05	0.0	0.0	0.00023	0.00016	0.00026	0.00014	0.00014	0.00204	7e-05	9e-05	0.0	0.00011	0.0	0.0	0.0	0.0	0.0	9e-05	9e-05	0.0	0.00012	0.0	0.0	0.00016	0.00014	0.0	0.00089	0.00023	0.00016	8e-05	0.0	0.00032	0.0	0.00022	0.0	0.0	0.00015	0.00011	0.00014	0.0	0.0	0.0	0.0	0.0	6e-05	0.0	0.00038	0.00014	0.00012	0.00012	0.0	0.00012	0.0	0.0	0.0	0.00048	0.00014	0.0	0.00022	0.0	0.00026	0.00025	0.0	0.00089	0.0	0.00023	0.00021	0.00053	9e-05	0.0	0.00016	6e-05	6e-05	0.0	0.00017	6e-05	5e-05	0.00046	0.0001	0.00026	0.00048	0.00038	0.00011	0.0	0.0	0.0	0.0	0.0	0.0	0.0	0.0	0.0004	0.00018	7e-05	0.00016	0.00016	0.00021	0.00011	0.00014	0.0	0.0	0.00027	0.0	0.00038	0.00022	0.0	0.0	0.00016	0.00037	0.00014	0.0	0.0	0.0	0.00027	0.00014	0.0	0.0	0.0	0.00016	0.0	0.0	0.0	0.0001	0.0	0.0	0.0	0.00014	0.00016	6e-05	
0.00012	0.0	0.0	0.0	0.0	0.00089	0.0	0.0	8e-05	0.0	0.0	0.00016	0.0	0.0	0.00016	0.0	0.0	0.0	0.0	0.0	0.0	0.0	0.0	6e-05	0.0	0.0	0.00023	0.00016	0.00026	0.00014	0.00014	0.00204	7e-05	9e-05	0.0	0.00011	0.0	0.0	0.0	0.0	0.0	9e-05	9e-05	0.0	0.00012	0.0	0.0	0.00016	0.00014	0.0	0.00089	0.00023	0.00016	8e-05	0.0	0.00032	0.0	0.00022	0.0	0.0	0.00015	0.00011	0.00014	0.0	0.0	0.0	0.0	0.0	6e-05	0.0	0.00038	0.00014	0.00012	0.00012	0.0	0.00012	0.0	0.0	0.0	0.00048	0.00014	0.0	0.00022	0.0	0.00026	0.00025	0.0	0.00089	0.0	0.00023	0.00021	0.00053	9e-05	0.0	0.00016	6e-05	6e-05	0.0	0.00017	6e-05	5e-05	0.00046	0.0001	0.00026	0.00048	0.00038	0.00011	0.0	0.0	0.0	0.0	0.0	0.0	0.0	0.0	0.0004	0.00018	7e-05	0.00016	0.00016	0.00021	0.00011	0.00014	0.0	0.0	0.00027	0.0	0.00038	0.00022	0.0	0.0	0.00016	0.00037	0.00014	0.0	0.0	0.0	0.00027	0.00014	0.0	0.0	0.0	0.00016	0.0	0.0	0.0	0.0001	0.0	0.0	0.0	0.00014	0.00016	6e-05	
0.00012	0.0	0.0	0.0	0.0	0.00089	0.0	0.0	8e-05	0.0	0.0	0.00016	0.0	0.0	0.00016	0.0	0.0	0.0	0.0	0.0	0.0	0.0	0.0	6e-05	0.0	0.0	0.00023	0.00016	0.00026	0.00014	0.00014	0.00204	7e-05	9e-05	0.0	0.00011	0.0	0.0	0.0	0.0	0.0	9e-05	9e-05	0.0	0.00012	0.0	0.0	0.00016	0.00014	0.0	0.00089	0.00023	0.00016	8e-05	0.0	0.00032	0.0	0.00022	0.0	0.0	0.00015	0.00011	0.00014	0.0	0.0	0.0	0.0	0.0	6e-05	0.0	0.00038	0.00014	0.00012	0.00012	0.0	0.00012	0.0	0.0	0.0	0.00048	0.00014	0.0	0.00022	0.0	0.00026	0.00025	0.0	0.00089	0.0	0.00023	0.00021	0.00053	9e-05	0.0	0.00016	6e-05	6e-05	0.0	0.00017	6e-05	5e-05	0.00046	0.0001	0.00026	0.00048	0.00038	0.00011	0.0	0.0	0.0	0.0	0.0	0.0	0.0	0.0	0.0004	0.00018	7e-05	0.00016	0.00016	0.00021	0.00011	0.00014	0.0	0.0	0.00027	0.0	0.00038	0.00022	0.0	0.0	0.00016	0.00037	0.00014	0.0	0.0	0.0	0.00027	0.00014	0.0	0.0	0.0	0.00016	0.0	0.0	0.0	0.0001	0.0	0.0	0.0	0.00014	0.00016	6e-05	
0.00012	0.0	0.0	0.0	0.0	0.00089	0.0	0.0	8e-05	0.0	0.0	0.00016	0.0	0.0	0.00016	0.0	0.0	0.0	0.0	0.0	0.0	0.0	0.0	6e-05	0.0	0.0	0.00023	0.00016	0.00026	0.00014	0.00014	0.00204	7e-05	9e-05	0.0	0.00011	0.0	0.0	0.0	0.0	0.0	9e-05	9e-05	0.0	0.00012	0.0	0.0	0.00016	0.00014	0.0	0.00089	0.00023	0.00016	8e-05	0.0	0.00032	0.0	0.00022	0.0	0.0	0.00015	0.00011	0.00014	0.0	0.0	0.0	0.0	0.0	6e-05	0.0	0.00038	0.00014	0.00012	0.00012	0.0	0.00012	0.0	0.0	0.0	0.00048	0.00014	0.0	0.00022	0.0	0.00026	0.00025	0.0	0.00089	0.0	0.00023	0.00021	0.00053	9e-05	0.0	0.00016	6e-05	6e-05	0.0	0.00017	6e-05	5e-05	0.00046	0.0001	0.00026	0.00048	0.00038	0.00011	0.0	0.0	0.0	0.0	0.0	0.0	0.0	0.0	0.0004	0.00018	7e-05	0.00016	0.00016	0.00021	0.00011	0.00014	0.0	0.0	0.00027	0.0	0.00038	0.00022	0.0	0.0	0.00016	0.00037	0.00014	0.0	0.0	0.0	0.00027	0.00014	0.0	0.0	0.0	0.00016	0.0	0.0	0.0	0.0001	0.0	0.0	0.0	0.00014	0.00016	6e-05	
0.74446	6e-05	6e-05	6e-05	6e-05	0.0878	6e-05	6e-05	0.07224	6e-05	6e-05	0.06744	6e-05	6e-05	0.06744	6e-05	6e-05	6e-05	6e-05	6e-05	6e-05	6e-05	6e-05	0.0	6e-05	6e-05	0.23862	0.16031	0.23371	0.32696	0.08522	0.28796	0.25661	0.38444	0.0	0.27994	6e-05	6e-05	6e-05	6e-05	6e-05	0.22253	0.40332	6e-05	0.74446	0.0	6e-05	0.06744	0.08522	6e-05	0.0878	0.08762	0.06744	1.00836	0.00861	0.07976	6e-05	0.04473	6e-05	6e-05	0.12192	0.21706	0.08182	6e-05	6e-05	6e-05	6e-05	6e-05	0.61149	6e-05	0.18454	0.08522	0.31585	0.74446	6e-05	0.74446	6e-05	6e-05	6e-05	0.09804	0.08522	6e-05	0.34041	6e-05	0.18625	0.07329	6e-05	0.0878	6e-05	0.11813	0.01015	0.04964	0.13302	6e-05	0.06744	0.23207	0.55495	6e-05	0.02032	0.3257	0.11987	0.03539	0.39915	0.07565	0.09804	0.39931	0.12663	0.0	0.0	0.0	0.0	0.0	0.0	0.0	0.0	0.29801	0.65282	0.11184	0.08642	0.08642	0.39818	0.15926	0.08522	6e-05	6e-05	0.01731	6e-05	0.31227	0.34041	0.01056	0.01056	0.07028	0.28549	0.08522	6e-05	6e-05	6e-05	0.09063	0.08522	6e-05	6e-05	6e-05	0.06744	6e-05	6e-05	6e-05	0.03173	6e-05	6e-05	6e-05	0.08522	0.05253	0.55495	
0.00012	0.0	0.0	0.0	0.0	0.00089	0.0	0.0	8e-05	0.0	0.0	0.00016	0.0	0.0	0.00016	0.0	0.0	0.0	0.0	0.0	0.0	0.0	0.0	6e-05	0.0	0.0	0.00023	0.00016	0.00026	0.00014	0.00014	0.00204	7e-05	9e-05	0.0	0.00011	0.0	0.0	0.0	0.0	0.0	9e-05	9e-05	0.0	0.00012	0.0	0.0	0.00016	0.00014	0.0	0.00089	0.00023	0.00016	8e-05	0.0	0.00032	0.0	0.00022	0.0	0.0	0.00015	0.00011	0.00014	0.0	0.0	0.0	0.0	0.0	6e-05	0.0	0.00038	0.00014	0.00012	0.00012	0.0	0.00012	0.0	0.0	0.0	0.00048	0.00014	0.0	0.00022	0.0	0.00026	0.00025	0.0	0.00089	0.0	0.00023	0.00021	0.00053	9e-05	0.0	0.00016	6e-05	6e-05	0.0	0.00017	6e-05	5e-05	0.00046	0.0001	0.00026	0.00048	0.00038	0.00011	0.0	0.0	0.0	0.0	0.0	0.0	0.0	0.0	0.0004	0.00018	7e-05	0.00016	0.00016	0.00021	0.00011	0.00014	0.0	0.0	0.00027	0.0	0.00038	0.00022	0.0	0.0	0.00016	0.00037	0.00014	0.0	0.0	0.0	0.00027	0.00014	0.0	0.0	0.0	0.00016	0.0	0.0	0.0	0.0001	0.0	0.0	0.0	0.00014	0.00016	6e-05	
0.00012	0.0	0.0	0.0	0.0	0.00089	0.0	0.0	8e-05	0.0	0.0	0.00016	0.0	0.0	0.00016	0.0	0.0	0.0	0.0	0.0	0.0	0.0	0.0	6e-05	0.0	0.0	0.00023	0.00016	0.00026	0.00014	0.00014	0.00204	7e-05	9e-05	0.0	0.00011	0.0	0.0	0.0	0.0	0.0	9e-05	9e-05	0.0	0.00012	0.0	0.0	0.00016	0.00014	0.0	0.00089	0.00023	0.00016	8e-05	0.0	0.00032	0.0	0.00022	0.0	0.0	0.00015	0.00011	0.00014	0.0	0.0	0.0	0.0	0.0	6e-05	0.0	0.00038	0.00014	0.00012	0.00012	0.0	0.00012	0.0	0.0	0.0	0.00048	0.00014	0.0	0.00022	0.0	0.00026	0.00025	0.0	0.00089	0.0	0.00023	0.00021	0.00053	9e-05	0.0	0.00016	6e-05	6e-05	0.0	0.00017	6e-05	5e-05	0.00046	0.0001	0.00026	0.00048	0.00038	0.00011	0.0	0.0	0.0	0.0	0.0	0.0	0.0	0.0	0.0004	0.00018	7e-05	0.00016	0.00016	0.00021	0.00011	0.00014	0.0	0.0	0.00027	0.0	0.00038	0.00022	0.0	0.0	0.00016	0.00037	0.00014	0.0	0.0	0.0	0.00027	0.00014	0.0	0.0	0.0	0.00016	0.0	0.0	0.0	0.0001	0.0	0.0	0.0	0.00014	0.00016	6e-05	
0.06388	0.00023	0.00023	0.00023	0.00023	0.22009	0.00023	0.00023	0.15731	0.00023	0.00023	0.03669	0.00023	0.00023	0.03669	0.00023	0.00023	0.00023	0.00023	0.00023	0.00023	0.00023	0.00023	0.23862	0.00023	0.00023	0.0	0.03426	0.0459	0.04003	0.04541	0.2294	0.3876	0.38182	0.0	0.03657	0.00023	0.00023	0.00023	0.00023	0.00023	0.16859	0.09095	0.00023	0.06388	0.0	0.00023	0.03669	0.04541	0.00023	0.22009	0.02934	0.03669	0.26325	0.00287	0.02702	0.00023	0.17862	0.00023	0.00023	0.06252	0.16407	0.06539	0.00023	0.00023	0.00023	0.00023	0.00023	0.06329	0.00023	0.25035	0.04541	0.04742	0.06388	0.00023	0.06388	0.00023	0.00023	0.00023	0.03243	0.04541	0.00023	0.42029	0.00023	0.07327	0.14103	0.00023	0.22009	0.00023	0.05782	0.03669	0.01764	0.05931	0.00023	0.03669	0.23661	0.06966	0.00023	0.07567	0.31176	0.15549	0.02017	0.09992	0.49883	0.03243	0.14032	0.06463	0.0	0.0	0.0	0.0	0.0	0.0	0.0	0.0	0.31787	0.15264	0.06766	0.06313	0.06313	0.15761	0.08891	0.04541	0.00023	0.00023	0.06177	0.00023	0.22552	0.42029	0.04249	0.04249	0.05748	0.15334	0.04541	0.00023	0.00023	0.00023	0.14951	0.04541	0.00023	0.00023	0.00023	0.03669	0.00023	0.00023	0.00023	0.09218	0.00023	0.00023	0.00023	0.04541	0.05461	0.06966	
0.19617	0.00016	0.00016	0.00016	0.00016	0.03532	0.00016	0.00016	0.25369	0.00016	0.00016	0.0435	0.00016	0.00016	0.0435	0.00016	0.00016	0.00016	0.00016	0.00016	0.00016	0.00016	0.00016	0.16031	0.00016	0.00016	0.03426	0.0	1.2339	0.32232	0.05342	0.3204	0.15486	0.24242	0.0	0.37723	0.00016	0.00016	0.00016	0.00016	0.00016	0.08181	0.13059	0.00016	0.19617	0.0	0.00016	0.0435	0.05342	0.00016	0.03532	0.03508	0.0435	0.15129	0.0034	0.03241	0.00016	0.15222	0.00016	0.00016	0.00037	0.09011	0.30364	0.00016	0.00016	0.00016	0.00016	0.00016	0.21488	0.00016	0.67559	0.05342	0.09325	0.19617	0.00016	0.19617	0.00016	0.00016	0.00016	0.03863	0.05342	0.00016	0.03628	0.00016	0.06438	0.17265	0.00016	0.03532	0.00016	0.25512	0.03058	0.02146	0.21879	0.00016	0.0435	0.03277	0.27346	0.00016	0.08774	0.0736	0.13498	0.1189	0.13946	1.2144	0.03863	0.13963	0.00134	0.0	0.0	0.0	0.0	0.0	0.0	0.0	0.0	0.08741	0.1496	0.13058	0.06658	0.06658	0.03024	0.11814	0.05342	0.00016	0.00016	0.07311	0.00016	0.25435	0.03628	0.00403	0.00403	0.05443	0.09889	0.05342	0.00016	0.00016	0.00016	0.43799	0.05342	0.00016	0.00016	0.00016	0.0435	0.00016	0.00016	0.00016	0.00429	0.00016	0.00016	0.00016	0.05342	0.05073	0.27346	
0.34206	0.00026	0.00026	0.00026	0.00026	0.04563	0.00026	0.00026	0.44034	0.00026	0.00026	0.04889	0.00026	0.00026	0.04889	0.00026	0.00026	0.00026	0.00026	0.00026	0.00026	0.00026	0.00026	0.23371	0.00026	0.00026	0.0459	1.2339	0.0	1.7048	0.48895	0.2003	0.18798	0.3049	0.0	0.21071	0.00026	0.00026	0.00026	0.00026	0.00026	0.08806	0.18064	0.00026	0.34206	0.0	0.00026	0.04889	0.48895	0.00026	0.04563	0.0393	0.04889	0.22731	0.00367	0.03577	0.00026	0.24094	0.00026	0.00026	0.70113	0.0982	1.02156	0.00026	0.00026	0.00026	0.00026	0.00026	0.64482	0.00026	0.57564	0.48895	0.11325	0.34206	0.00026	0.34206	0.00026	0.00026	0.00026	0.04077	0.48895	0.00026	0.04052	0.00026	0.07637	0.06609	0.00026	0.04563	0.00026	1.02476	0.37188	0.02418	0.09507	0.00026	0.04889	0.06484	0.46263	0.00026	0.0633	0.25182	0.77407	0.17958	0.19112	0.0	0.04077	0.18461	1.13492	0.0	0.0	0.0	0.0	0.0	0.0	0.0	0.0	0.09702	0.22182	1.50696	0.49203	0.49203	0.24206	0.05837	0.48895	0.00026	0.00026	0.0878	0.00026	0.78334	0.04052	0.00443	0.00443	0.06713	0.11373	0.48895	0.00026	0.00026	0.00026	0.23246	0.48895	0.00026	0.00026	0.00026	0.04889	0.00026	0.00026	0.00026	0.11987	0.00026	0.00026	0.00026	0.48895	0.07673	0.46263	
0.40658	0.00014	0.00014	0.00014	0.00014	0.05665	0.00014	0.00014	0.13198	0.00014	0.00014	0.07102	0.00014	0.00014	0.07102	0.00014	0.00014	0.00014	0.00014	0.00014	0.00014	0.00014	0.00014	0.32696	0.00014	0.00014	0.04003	0.32232	1.7048	0.0	0.15974	0.14357	0.18222	0.191	0.0	0.07956	0.00014	0.00014	0.00014	0.00014	0.00014	0.1524	0.25983	0.00014	0.40658	0.0	0.00014	0.07102	0.15974	0.00014	0.05665	0.05643	0.07102	0.31367	0.00539	0.05185	0.00014	0.08274	0.00014	0.00014	0.23511	0.16152	0.15307	0.00014	0.00014	0.00014	0.00014	0.00014	0.35784	0.00014	0.27314	0.15974	0.16413	0.40658	0.00014	0.40658	0.00014	0.00014	0.00014	0.06245	0.15974	0.00014	0.05848	0.00014	0.10856	0.00545	0.00014	0.05665	0.00014	0.27266	0.00614	0.03358	0.04069	0.00014	0.07102	0.03794	0.35458	0.00014	0.0182	0.157	0.22601	0.06552	0.2628	0.19062	0.06245	0.26297	0.2453	0.0	0.0	0.0	0.0	0.0	0.0	0.0	0.0	0.15593	0.31054	0.20714	0.15591	0.15591	0.14767	0.01031	0.15974	0.00014	0.00014	0.12489	0.00014	0.72713	0.05848	0.00647	0.00647	0.09332	0.17534	0.15974	0.00014	0.00014	0.00014	0.28884	0.15974	0.00014	0.00014	0.00014	0.07102	0.00014	0.00014	0.00014	0.05799	0.00014	0.00014	0.00014	0.15974	0.00013	0.35458	
0.10528	0.00014	0.00014	0.00014	0.00014	0.02245	0.00014	0.00014	0.02708	0.00014	0.00014	0.027	0.00014	0.00014	0.027	0.00014	0.00014	0.00014	0.00014	0.00014	0.00014	0.00014	0.00014	0.08522	0.00014	0.00014	0.04541	0.05342	0.48895	0.15974	0.0	0.24926	0.06199	0.07255	0.0	0.07997	0.00014	0.00014	0.00014	0.00014	0.00014	0.05763	0.09236	0.00014	0.10528	0.0	0.00014	0.027	0.99963	0.00014	0.02245	0.02216	0.027	0.08008	0.00189	0.02062	0.00014	0.01927	0.00014	0.00014	0.46467	0.05103	0.03155	0.00014	0.00014	0.00014	0.00014	0.00014	0.10977	0.00014	0.06113	0.99963	0.05417	0.10528	0.00014	0.10528	0.00014	0.00014	0.00014	0.02428	0.99963	0.00014	0.02286	0.00014	0.03869	0.14918	0.00014	0.02245	0.00014	0.38405	0.02701	0.01409	0.10707	0.00014	0.027	0.07735	0.41965	0.00014	0.34211	0.58538	0.62046	0.01589	0.07788	0.04728	0.02428	0.07806	0.43877	0.0	0.0	0.0	0.0	0.0	0.0	0.0	0.0	0.04969	0.07916	0.64353	1.00176	1.00176	0.12984	0.30376	0.99963	0.00014	0.00014	0.04345	0.00014	0.12616	0.02286	0.00226	0.00226	0.03267	0.05721	0.99963	0.00014	0.00014	0.00014	0.20373	0.99963	0.00014	0.00014	0.00014	0.027	0.00014	0.00014	0.00014	0.25957	0.00014	0.00014	0.00014	0.99963	0.11254	0.41965	
0.10301	0.00204	0.00204	0.00204	0.00204	0.08812	0.00204	0.00204	0.11769	0.00204	0.00204	0.13182	0.00204	0.00204	0.13182	0.00204	0.00204	0.00204	0.00204	0.00204	0.00204	0.00204	0.00204	0.28796	0.00204	0.00204	0.2294	0.3204	0.2003	0.14357	0.24926	0.0	0.1478	0.40524	1.62093	0.29332	0.00204	0.00204	0.00204	0.00204	0.00204	0.23434	0.0929	0.00204	0.10301	0.0	0.00204	0.13182	0.24926	0.00204	0.08812	0.41041	0.13182	0.27469	0.00204	0.09407	0.00204	0.07223	0.00204	0.00204	0.11791	0.23623	0.13707	0.00204	0.00204	0.00204	0.00204	0.00204	0.1202	0.00204	0.59205	0.24926	0.22594	0.10301	0.00204	0.10301	0.00204	0.00204	0.00204	0.11803	0.24926	0.00204	0.14398	0.00204	0.2435	0.68218	0.00204	0.08812	0.00204	0.17327	0.06052	0.05837	0.35657	0.00204	0.13182	0.21879	0.36787	0.00204	0.24006	0.56005	0.24647	0.05785	0.05375	0.75904	0.11803	0.31087	0.11157	0.0	0.0	0.0	0.0	0.0	0.0	0.0	0.0	0.17676	0.37618	0.26263	0.25019	0.25019	0.10711	0.23569	0.24926	0.00204	0.00204	0.09295	0.00204	0.34102	0.14398	0.00988	0.00988	0.14776	0.19075	0.24926	0.00204	0.00204	0.00204	0.40668	0.24926	0.00204	0.00204	0.00204	0.13182	0.00204	0.00204	0.00204	0.17784	0.00204	0.00204	0.00204	0.24926	0.06781	0.36787	
0.24776	7e-05	7e-05	7e-05	7e-05	0.12824	7e-05	7e-05	0.28359	7e-05	7e-05	0.04962	7e-05	7e-05	0.04962	7e-05	7e-05	7e-05	7e-05	7e-05	7e-05	7e-05	7e-05	0.25661	7e-05	7e-05	0.3876	0.15486	0.18798	0.18222	0.06199	0.1478	0.0	0.5942	0.0	0.17207	7e-05	7e-05	7e-05	7e-05	7e-05	0.04806	0.33731	7e-05	0.24776	0.0	7e-05	0.04962	0.06199	7e-05	0.12824	0.12804	0.04962	0.31609	0.00326	0.03609	7e-05	0.32408	7e-05	7e-05	0.08679	0.04429	0.18746	7e-05	7e-05	7e-05	7e-05	7e-05	0.22238	7e-05	0.20676	0.06199	0.12039	0.24776	7e-05	0.24776	7e-05	7e-05	7e-05	0.04358	0.06199	7e-05	0.1335	7e-05	0.29257	0.04067	7e-05	0.12824	7e-05	0.08165	0.0496	0.02319	0.21583	7e-05	0.04962	0.20628	0.21897	7e-05	0.10629	0.14114	0.27966	0.02664	0.06891	0.39342	0.04358	0.06904	0.08989	0.0	0.0	0.0	0.0	0.0	0.0	0.0	0.0	0.1361	0.27104	0.07995	0.06582	0.06582	0.23165	0.11047	0.06199	7e-05	7e-05	0.02287	7e-05	0.21327	0.1335	0.01671	0.01671	0.0555	0.02011	0.06199	7e-05	7e-05	7e-05	0.11261	0.06199	7e-05	7e-05	7e-05	0.04962	7e-05	7e-05	7e-05	0.02052	7e-05	7e-05	7e-05	0.06199	0.04617	0.21897	
0.21948	9e-05	9e-05	9e-05	9e-05	0.1423	9e-05	9e-05	0.1444	9e-05	9e-05	0.05704	9e-05	9e-05	0.05704	9e-05	9e-05	9e-05	9e-05	9e-05	9e-05	9e-05	9e-05	0.38444	9e-05	9e-05	0.38182	0.24242	0.3049	0.191	0.07255	0.40524	0.5942	0.0	0.0	0.19189	9e-05	9e-05	9e-05	9e-05	9e-05	0.1782	0.27837	9e-05	0.21948	0.0	9e-05	0.05704	0.07255	9e-05	0.1423	0.14174	0.05704	0.4462	0.00399	0.04054	9e-05	0.13956	9e-05	9e-05	0.07718	0.17848	0.36691	9e-05	9e-05	9e-05	9e-05	9e-05	0.26644	9e-05	0.32673	0.07255	0.25149	0.21948	9e-05	0.21948	9e-05	9e-05	9e-05	0.04944	0.07255	9e-05	0.28185	9e-05	0.42398	0.22121	9e-05	0.1423	9e-05	0.143	0.06548	0.02543	0.20786	9e-05	0.05704	0.27172	0.23183	9e-05	0.13093	0.27968	0.16925	0.05094	0.10728	0.34778	0.04944	0.10695	0.06506	0.0	0.0	0.0	0.0	0.0	0.0	0.0	0.0	0.25518	0.25746	0.17081	0.08625	0.08625	0.12569	0.15202	0.07255	9e-05	9e-05	0.06345	9e-05	0.25637	0.28185	0.02294	0.02294	0.07201	0.16529	0.07255	9e-05	9e-05	9e-05	0.35695	0.07255	9e-05	9e-05	9e-05	0.05704	9e-05	9e-05	9e-05	0.06636	9e-05	9e-05	9e-05	0.07255	0.21773	0.23183	
0.0	0.0	0.0	0.0	0.0	0.0	0.0	0.0	0.0	0.0	0.0	0.0	0.0	0.0	0.0	0.0	0.0	0.0	0.0	0.0	0.0	0.0	0.0	0.0	0.0	0.0	0.0	0.0	0.0	0.0	0.0	1.62093	0.0	0.0	0.0	0.0	0.0	0.0	0.0	0.0	0.0	0.87934	0.068	0.0	0.0	0.0	0.0	0.0	0.0	0.0	0.0	0.0	0.0	0.0	0.0	0.67907	0.0	0.0	0.0	0.0	0.0	0.89525	0.0	0.0	0.0	0.0	0.0	0.0	0.0	0.0	0.0	0.0	0.1195	0.0	0.0	0.0	0.0	0.0	0.0	0.86879	0.0	0.0	0.0	0.0	0.0	0.0	0.0	0.0	0.0	0.0	0.15721	0.44541	0.26725	0.0	0.0	0.17131	0.0	0.0	0.28976	0.0	0.0	0.0	0.0	0.0	0.86879	0.0	0.0	0.0	0.0	0.0	0.0	0.0	0.0	0.0	0.0	0.50207	1.50222	0.0	0.0	0.0	0.0	0.0	0.0	0.0	0.0	0.0	0.0	0.0	0.0	0.0	0.0	0.0	0.0	0.0	0.0	0.0	0.0	0.0	0.0	0.0	0.0	0.0	0.0	0.0	0.0	0.0	0.0	0.0	0.0	0.0	0.0	0.0	0.0	
0.3458	0.00011	0.00011	0.00011	0.00011	0.05143	0.00011	0.00011	0.14857	0.00011	0.00011	0.14101	0.00011	0.00011	0.14101	0.00011	0.00011	0.00011	0.00011	0.00011	0.00011	0.00011	0.00011	0.27994	0.00011	0.00011	0.03657	0.37723	0.21071	0.07956	0.07997	0.29332	0.17207	0.19189	0.0	0.0	0.00011	0.00011	0.00011	0.00011	0.00011	0.04457	0.22527	0.00011	0.3458	0.0	0.00011	0.14101	0.07997	0.00011	0.05143	0.05121	0.14101	0.26704	0.00458	0.04711	0.00011	0.09253	0.00011	0.00011	0.00476	0.03811	0.17299	0.00011	0.00011	0.00011	0.00011	0.00011	0.31423	0.00011	0.30802	0.07997	0.14615	0.3458	0.00011	0.3458	0.00011	0.00011	0.00011	0.05663	0.07997	0.00011	0.05306	0.00011	0.09762	0.29559	0.00011	0.05143	0.00011	0.14989	0.00916	0.03061	0.41274	0.00011	0.14101	0.12425	0.66016	0.00011	0.13667	0.11484	0.12231	0.07311	0.22991	0.24003	0.05663	0.23008	0.00282	0.0	0.0	0.0	0.0	0.0	0.0	0.0	0.0	0.13858	0.26426	0.13092	0.10334	0.10334	0.11213	0.00316	0.07997	0.00011	0.00011	0.01549	0.00011	0.08279	0.05306	0.00552	0.00552	0.13838	0.15584	0.07997	0.00011	0.00011	0.00011	0.22125	0.07997	0.00011	0.00011	0.00011	0.14101	0.00011	0.00011	0.00011	0.02669	0.00011	0.00011	0.00011	0.07997	0.00207	0.66016	
0.00012	0.0	0.0	0.0	0.0	0.00089	0.0	0.0	8e-05	0.0	0.0	0.00016	0.0	0.0	0.00016	0.0	0.0	0.0	0.0	0.0	0.0	0.0	0.0	6e-05	0.0	0.0	0.00023	0.00016	0.00026	0.00014	0.00014	0.00204	7e-05	9e-05	0.0	0.00011	0.0	0.0	0.0	0.0	0.0	9e-05	9e-05	0.0	0.00012	0.0	0.0	0.00016	0.00014	0.0	0.00089	0.00023	0.00016	8e-05	0.0	0.00032	0.0	0.00022	0.0	0.0	0.00015	0.00011	0.00014	0.0	0.0	0.0	0.0	0.0	6e-05	0.0	0.00038	0.00014	0.00012	0.00012	0.0	0.00012	0.0	0.0	0.0	0.00048	0.00014	0.0	0.00022	0.0	0.00026	0.00025	0.0	0.00089	0.0	0.00023	0.00021	0.00053	9e-05	0.0	0.00016	6e-05	6e-05	0.0	0.00017	6e-05	5e-05	0.00046	0.0001	0.00026	0.00048	0.00038	0.00011	0.0	0.0	0.0	0.0	0.0	0.0	0.0	0.0	0.0004	0.00018	7e-05	0.00016	0.00016	0.00021	0.00011	0.00014	0.0	0.0	0.00027	0.0	0.00038	0.00022	0.0	0.0	0.00016	0.00037	0.00014	0.0	0.0	0.0	0.00027	0.00014	0.0	0.0	0.0	0.00016	0.0	0.0	0.0	0.0001	0.0	0.0	0.0	0.00014	0.00016	6e-05	
0.00012	0.0	0.0	0.0	0.0	0.00089	0.0	0.0	8e-05	0.0	0.0	0.00016	0.0	0.0	0.00016	0.0	0.0	0.0	0.0	0.0	0.0	0.0	0.0	6e-05	0.0	0.0	0.00023	0.00016	0.00026	0.00014	0.00014	0.00204	7e-05	9e-05	0.0	0.00011	0.0	0.0	0.0	0.0	0.0	9e-05	9e-05	0.0	0.00012	0.0	0.0	0.00016	0.00014	0.0	0.00089	0.00023	0.00016	8e-05	0.0	0.00032	0.0	0.00022	0.0	0.0	0.00015	0.00011	0.00014	0.0	0.0	0.0	0.0	0.0	6e-05	0.0	0.00038	0.00014	0.00012	0.00012	0.0	0.00012	0.0	0.0	0.0	0.00048	0.00014	0.0	0.00022	0.0	0.00026	0.00025	0.0	0.00089	0.0	0.00023	0.00021	0.00053	9e-05	0.0	0.00016	6e-05	6e-05	0.0	0.00017	6e-05	5e-05	0.00046	0.0001	0.00026	0.00048	0.00038	0.00011	0.0	0.0	0.0	0.0	0.0	0.0	0.0	0.0	0.0004	0.00018	7e-05	0.00016	0.00016	0.00021	0.00011	0.00014	0.0	0.0	0.00027	0.0	0.00038	0.00022	0.0	0.0	0.00016	0.00037	0.00014	0.0	0.0	0.0	0.00027	0.00014	0.0	0.0	0.0	0.00016	0.0	0.0	0.0	0.0001	0.0	0.0	0.0	0.00014	0.00016	6e-05	
0.00012	0.0	0.0	0.0	0.0	0.00089	0.0	0.0	8e-05	0.0	0.0	0.00016	0.0	0.0	0.00016	0.0	0.0	0.0	0.0	0.0	0.0	0.0	0.0	6e-05	0.0	0.0	0.00023	0.00016	0.00026	0.00014	0.00014	0.00204	7e-05	9e-05	0.0	0.00011	0.0	0.0	0.0	0.0	0.0	9e-05	9e-05	0.0	0.00012	0.0	0.0	0.00016	0.00014	0.0	0.00089	0.00023	0.00016	8e-05	0.0	0.00032	0.0	0.00022	0.0	0.0	0.00015	0.00011	0.00014	0.0	0.0	0.0	0.0	0.0	6e-05	0.0	0.00038	0.00014	0.00012	0.00012	0.0	0.00012	0.0	0.0	0.0	0.00048	0.00014	0.0	0.00022	0.0	0.00026	0.00025	0.0	0.00089	0.0	0.00023	0.00021	0.00053	9e-05	0.0	0.00016	6e-05	6e-05	0.0	0.00017	6e-05	5e-05	0.00046	0.0001	0.00026	0.00048	0.00038	0.00011	0.0	0.0	0.0	0.0	0.0	0.0	0.0	0.0	0.0004	0.00018	7e-05	0.00016	0.00016	0.00021	0.00011	0.00014	0.0	0.0	0.00027	0.0	0.00038	0.00022	0.0	0.0	0.00016	0.00037	0.00014	0.0	0.0	0.0	0.00027	0.00014	0.0	0.0	0.0	0.00016	0.0	0.0	0.0	0.0001	0.0	0.0	0.0	0.00014	0.00016	6e-05	
0.00012	0.0	0.0	0.0	0.0	0.00089	0.0	0.0	8e-05	0.0	0.0	0.00016	0.0	0.0	0.00016	0.0	0.0	0.0	0.0	0.0	0.0	0.0	0.0	6e-05	0.0	0.0	0.00023	0.00016	0.00026	0.00014	0.00014	0.00204	7e-05	9e-05	0.0	0.00011	0.0	0.0	0.0	0.0	0.0	9e-05	9e-05	0.0	0.00012	0.0	0.0	0.00016	0.00014	0.0	0.00089	0.00023	0.00016	8e-05	0.0	0.00032	0.0	0.00022	0.0	0.0	0.00015	0.00011	0.00014	0.0	0.0	0.0	0.0	0.0	6e-05	0.0	0.00038	0.00014	0.00012	0.00012	0.0	0.00012	0.0	0.0	0.0	0.00048	0.00014	0.0	0.00022	0.0	0.00026	0.00025	0.0	0.00089	0.0	0.00023	0.00021	0.00053	9e-05	0.0	0.00016	6e-05	6e-05	0.0	0.00017	6e-05	5e-05	0.00046	0.0001	0.00026	0.00048	0.00038	0.00011	0.0	0.0	0.0	0.0	0.0	0.0	0.0	0.0	0.0004	0.00018	7e-05	0.00016	0.00016	0.00021	0.00011	0.00014	0.0	0.0	0.00027	0.0	0.00038	0.00022	0.0	0.0	0.00016	0.00037	0.00014	0.0	0.0	0.0	0.00027	0.00014	0.0	0.0	0.0	0.00016	0.0	0.0	0.0	0.0001	0.0	0.0	0.0	0.00014	0.00016	6e-05	
