0.0	0.20373	0.0002	0.29284	0.26908	0.2381	0.10088	0.1304	0.0	0.41385	0.22066	0.01152	0.2681	0.00019	0.16148	0.2681	0.0	0.0	0.04629	0.18698	0.0814	0.19462	0.26943	0.40438	0.46397	0.35984	0.23716	0.2483	0.1723	0.2198	0.1688	0.0	0.10512	0.22562	0.14729	0.24883	0.36425	0.23326	0.09796	0.36347	0.22908	0.33403	0.19105	0.25658	0.35113	0.24104	0.04629	0.15403	0.3322	0.01178	0.15522	0.128	0.11305	0.02254	0.01178	0.27647	0.38058	0.38058	0.12247	0.01617	0.00019	0.00019	0.2681	0.00019	0.06829	0.00926	0.1531	0.01752	0.08487	0.16789	0.00019	0.01752	0.00019	0.08602	0.0	0.15935	0.03409	0.15935	0.13416	0.09794	0.05912	0.05493	0.11159	0.03744	0.04629	0.04124	0.07116	0.04629	0.04629	0.00019	0.0472	0.00019	0.14182	0.00019	0.04629	0.16416	0.09883	0.07013	0.06197	0.13789	0.17926	0.06201	0.16549	0.05504	0.01553	0.17754	0.25059	0.09301	0.14297	0.18243	0.134	0.38245	0.05343	0.00019	0.16268	0.01179	0.0349	0.04629	0.03879	0.00019	0.04179	0.0	0.63329	0.0415	0.15929	0.0	0.04794	0.04794	0.06459	0.23078	0.02233	0.15935	0.04775	0.15935	0.15247	0.15935	0.28858	0.19996	0.1347	
0.20373	0.0	0.00017	0.17612	0.41444	0.01804	0.04812	0.05885	0.0	0.20984	0.04495	0.02012	0.4138	0.00012	0.1899	0.4138	0.0	0.0	0.03088	0.06946	0.03855	0.10011	0.41468	0.20973	0.28204	0.30302	0.01742	0.27028	0.07545	0.04008	0.04567	0.0	0.23236	0.28974	0.2609	0.15632	0.2945	0.05492	0.09603	0.13081	0.15099	0.24522	0.56676	0.05601	0.26581	0.73047	0.03088	0.26936	0.05521	0.00865	0.08587	0.07033	0.06014	0.01595	0.00865	0.17771	0.18142	0.18142	0.062	0.01168	0.00012	0.00012	0.4138	0.00012	0.17782	0.00689	0.05212	0.01261	0.18924	0.13827	0.00012	0.01261	0.00012	0.11232	0.0	0.02725	0.02339	0.02725	0.29584	0.03328	0.06205	0.06416	0.05904	0.07909	0.03088	0.1409	0.11374	0.03088	0.03088	0.00012	0.11059	0.00012	0.06927	0.00012	0.03088	0.22074	0.08834	0.18914	0.04729	0.04489	0.08592	0.03906	0.07642	0.06081	0.0366	0.07355	0.04895	0.18812	0.13898	0.16455	0.02388	0.04709	0.06335	0.00012	0.06889	0.00867	0.06	0.03088	0.36828	0.00012	0.02748	0.0	0.2358	0.08334	0.16327	0.0	0.05428	0.05428	0.24758	0.20583	0.01583	0.02725	0.31373	0.02725	0.0312	0.02725	0.07072	0.23868	0.1043	
0.0002	0.00017	0.0	0.00026	0.00023	0.00028	0.00156	5e-05	0.0	9e-05	0.00019	0.00054	0.00046	0.0	0.00054	0.00046	0.0	0.0	0.00012	0.00021	0.00051	4e-05	0.00048	0.00056	0.00019	0.0002	0.00052	7e-05	0.00013	0.00021	0.00027	0.0	0.00014	0.00024	0.00035	0.0004	0.00034	3e-05	4e-05	0.00015	6e-05	0.00028	0.00023	8e-05	0.00022	0.0002	0.00012	0.00011	0.00013	0.00057	0.00061	0.00021	0.00014	0.00052	0.00057	0.0	0.00016	0.00016	0.0001	0.00054	0.0	0.0	0.00046	0.0	0.00016	0.0	0.00014	0.00065	4e-05	0.00011	0.0	0.00065	0.0	0.00013	0.0	0.0002	0.00063	0.0002	3e-05	0.0001	6e-05	8e-05	0.00014	6e-05	0.00012	0.00013	0.00011	0.00012	0.00012	0.0	0.00015	0.0	0.00022	0.0	0.00012	5e-05	8e-05	0.00019	8e-05	6e-05	6e-05	0.0002	7e-05	7e-05	0.00052	0.00191	7e-05	6e-05	6e-05	2e-05	0.00015	0.00017	0.03079	0.0	3e-05	0.00079	8e-05	0.00012	0.00014	0.0	0.00877	0.0	0.0001	0.00011	7e-05	0.0	7e-05	7e-05	6e-05	8e-05	0.00065	0.0002	0.00016	0.0002	0.00025	0.0002	9e-05	9e-05	5e-05	
0.29284	0.17612	0.00026	0.0	0.25889	0.21525	0.0078	0.00591	0.0	0.21125	0.036	0.02383	0.25899	0.00026	0.07406	0.25899	0.0	0.0	0.03184	0.15292	0.07035	0.0876	0.25795	0.58698	0.23405	0.18523	0.21536	0.03165	0.15419	0.15181	0.22798	0.0	0.05305	0.15615	0.04848	0.25717	0.26719	0.02998	0.05675	0.15087	0.05146	0.13265	0.10936	0.05579	0.24892	0.18214	0.03184	0.04283	0.05353	0.00971	0.03529	0.07618	0.13663	0.01726	0.00971	0.0	0.18196	0.18196	0.10793	0.01289	0.00026	0.00026	0.25899	0.00026	0.04202	0.04447	0.04988	0.01386	0.04972	0.04066	0.00026	0.01386	0.00026	0.03851	0.0	0.02824	0.01482	0.02824	0.05715	0.03409	0.05996	0.12818	0.13536	0.07504	0.03184	0.04637	0.06335	0.03184	0.03184	0.00026	0.08923	0.00026	0.08869	0.00026	0.03184	0.06371	0.15923	0.04183	0.04627	0.04392	0.07689	0.03877	0.08456	0.11269	0.01604	0.06802	0.04758	0.05363	0.11317	0.0702	0.02497	0.04724	0.11891	0.00026	0.12058	0.00976	0.0597	0.03184	0.02736	0.00026	0.02808	0.0	0.13595	0.07121	0.05012	0.0	0.05416	0.05416	0.08085	0.14878	0.01716	0.02824	0.09161	0.02824	0.03152	0.02824	0.0665	0.12253	0.07269	
0.26908	0.41444	0.00023	0.25889	0.0	0.01062	0.05045	0.06074	0.0	0.22983	0.02165	0.01323	1.0001	0.00023	0.26973	1.0001	0.0	0.0	0.01685	0.07363	0.03211	0.03819	1.00048	0.34393	0.39023	0.47212	0.01074	0.09507	0.03669	0.01964	0.02177	0.0	0.13811	0.02026	0.02301	0.21134	0.4238	0.02588	0.067	0.11575	0.16569	0.23953	0.30165	0.02758	0.36307	0.45309	0.01685	0.02086	0.02557	0.00602	0.02046	0.07272	0.06008	0.01	0.00602	0.0	0.07597	0.07597	0.04994	0.00774	0.00023	0.00023	1.0001	0.00023	0.02066	0.07602	0.02337	0.00828	0.02372	0.14087	0.00023	0.00828	0.00023	0.03267	0.0	0.0152	0.01368	0.0152	0.11344	0.01787	0.02827	0.04402	0.06126	0.03596	0.01685	0.02342	0.029	0.01685	0.01685	0.00023	0.0421	0.00023	0.04188	0.00023	0.01685	0.02882	0.06583	0.02021	0.02242	0.02131	0.03509	0.01926	0.03835	0.05191	0.00937	0.03238	0.02285	0.02536	0.04912	0.03132	0.01365	0.02383	0.06909	0.00023	0.05138	0.00609	0.02929	0.01685	0.01477	0.00023	0.01791	0.0	0.05675	0.03432	0.02392	0.0	0.02685	0.02685	0.03675	0.22504	0.00998	0.0152	0.01612	0.0152	0.01625	0.0152	0.02997	0.21057	0.0332	
0.2381	0.01804	0.00028	0.21525	0.01062	0.0	0.06801	0.05365	0.0	0.10229	0.17589	0.01176	0.01075	0.00028	0.01685	0.01075	0.0	0.0	0.0148	0.17527	0.02745	0.03241	0.01136	0.28218	0.16602	0.01562	1.00014	0.05185	0.28337	0.39234	0.23549	0.0	0.0291	0.4238	0.17814	0.17697	0.20549	0.15483	0.05687	0.23923	0.02285	0.06467	0.01771	0.02389	0.01714	0.01629	0.0148	0.01802	0.02201	0.00551	0.20007	0.06138	0.05115	0.00898	0.00551	0.0	0.06333	0.06333	0.04283	0.00702	0.00028	0.00028	0.01075	0.00028	0.01788	0.08593	0.02004	0.0075	0.0204	0.02477	0.00028	0.0075	0.00028	0.02781	0.0	0.01341	0.01216	0.01341	0.03234	0.01566	0.02428	0.03764	0.05241	0.03099	0.0148	0.02038	0.02477	0.0148	0.0148	0.00028	0.03631	0.00028	0.03603	0.00028	0.0148	0.0246	0.05557	0.01743	0.01934	0.01839	0.02998	0.0167	0.03274	0.0445	0.00844	0.02806	0.01968	0.02178	0.04168	0.02664	0.01207	0.02073	0.0632	0.00028	0.04348	0.00558	0.02535	0.0148	0.01303	0.00028	0.01661	0.0	0.0473	0.02962	0.02058	0.0	0.02328	0.02328	0.03138	0.03356	0.00897	0.01341	0.01407	0.01341	0.0142	0.01341	0.02554	0.04967	0.02836	
0.10088	0.04812	0.00156	0.0078	0.05045	0.06801	0.0	0.14422	0.0	0.82478	0.04156	0.09001	0.04743	0.00058	0.03327	0.04743	0.0	0.0	0.07447	0.23558	0.09327	0.11734	0.0459	0.00088	0.03299	0.08883	0.06796	0.28691	0.20296	0.10569	0.12477	0.0	0.19763	0.10597	0.14476	0.00496	0.04097	0.0363	0.15358	0.18899	0.15409	0.15988	0.05664	0.03714	0.10542	0.09428	0.07447	0.1097	0.14239	0.0325	0.1797	0.25816	0.4122	0.06183	0.0325	0.0	0.50986	0.50986	0.3303	0.04445	0.00058	0.00058	0.04743	0.00058	0.0453	0.01584	0.12847	0.0481	0.07476	0.09589	0.00058	0.0481	0.00058	0.12168	0.0	0.065	0.09379	0.065	0.28387	0.01442	0.16341	0.08996	0.4604	0.20558	0.07447	0.11516	0.16956	0.07447	0.07447	0.00058	0.26948	0.00058	0.25402	0.00058	0.07447	0.15627	0.20505	0.07165	0.02859	0.11294	0.05724	0.10228	0.11628	0.04018	0.05684	0.06845	0.05355	0.036	0.11248	0.05881	0.05659	0.11766	0.29922	0.00058	0.17027	0.03253	0.0442	0.07447	0.06274	0.00058	0.05805	0.0	0.38098	0.09013	0.05402	0.0	0.13835	0.13835	0.24119	0.17792	0.06125	0.065	0.08015	0.065	0.07935	0.065	0.08991	0.1818	0.03518	
0.1304	0.05885	5e-05	0.00591	0.06074	0.05365	0.14422	0.0	0.0	0.14638	0.13291	0.0652	0.05789	0.00042	0.11868	0.05789	0.0	0.0	0.10211	0.28099	0.05717	0.12683	0.06175	0.00053	0.13726	0.10163	0.05467	0.2531	0.36665	0.1393	0.08919	0.0	0.20618	0.15144	0.06151	0.00868	0.13537	0.21972	0.10416	0.09918	0.07703	0.32474	0.11704	0.06949	0.11601	0.10754	0.10211	0.15472	0.16428	0.02397	0.01818	0.19115	0.26194	0.04521	0.02397	0.77727	0.30432	0.30432	0.56243	0.03267	0.00042	0.00042	0.05789	0.00042	0.04318	0.01892	0.16594	0.03532	0.11492	0.07034	0.00042	0.03532	0.00042	0.17087	0.0	0.08854	0.06785	0.08854	0.15915	0.02925	0.18891	0.15228	0.28956	0.3093	0.10211	0.16207	0.2408	0.10211	0.10211	0.00042	0.11623	0.00042	0.11419	0.00042	0.10211	0.23709	0.11461	0.06611	0.03564	0.15973	0.10231	0.11363	0.08306	0.09878	0.04162	0.17149	0.08281	0.06859	0.2157	0.10298	0.07669	0.16586	0.14116	0.00042	0.21902	0.02399	0.0812	0.10211	0.08536	0.00042	0.08142	0.0	0.29589	0.02982	0.08481	0.0	0.19787	0.19787	0.14004	0.20665	0.04479	0.08854	0.09303	0.08854	0.09433	0.08854	0.14457	0.24648	0.03078	
0.0	0.0	0.0	0.0	0.0	0.0	0.0	0.0	0.0	0.0	0.0	0.0	0.0	0.0	0.0	0.0	0.0	0.0	0.0	0.0	0.0	0.0	0.0	0.0	0.0	0.0	0.0	0.0	0.0	0.0	0.0	0.0	0.0	0.0	0.0	0.0	0.0	0.0	0.0	0.0	0.0	0.0	0.0	0.0	0.0	0.0	0.0	0.0	0.0	0.0	0.0	0.0	0.0	0.0	0.0	0.0	0.0	0.0	0.0	0.0	0.0	0.0	0.0	0.0	0.0	0.0	0.0	0.0	0.0	0.0	0.0	0.0	0.0	0.0	0.0	0.0	0.0	0.0	0.0	0.0	0.0	0.0	0.0	0.0	0.0	0.0	0.0	0.0	0.0	0.0	0.0	0.0	0.0	0.0	0.0	0.0	0.0	0.0	0.0	0.0	0.0	0.0	0.0	0.0	0.0	0.0	0.0	0.0	0.0	0.0	0.0	0.0	0.0	0.0	0.0	0.0	0.0	0.0	0.0	0.0	0.0	0.0	0.0	0.0	0.0	0.0	0.0	0.0	0.0	0.0	0.0	0.0	0.0	0.0	0.0	0.0	0.0	0.0	0.0	
0.41385	0.20984	9e-05	0.21125	0.22983	0.10229	0.82478	0.14638	0.0	0.0	0.12634	0.1369	0.23142	9e-05	0.25541	0.23142	0.0	0.0	0.12705	0.53289	0.22115	0.34391	0.22932	0.20546	0.19812	0.2204	0.10007	0.34072	0.57125	0.18034	0.20965	0.0	0.35511	0.1932	0.22763	0.03704	0.20438	0.27215	0.4023	0.18566	0.13326	0.41824	0.2108	0.07039	0.83879	0.22483	0.12705	0.29394	0.11473	0.04392	0.30654	0.55138	0.56945	0.09002	0.04392	0.05076	0.54153	0.54153	0.20701	0.06222	9e-05	9e-05	0.23142	9e-05	0.13619	0.03257	0.32921	0.06736	0.19709	0.11728	9e-05	0.06736	9e-05	0.38414	0.0	0.34557	0.14247	0.34557	0.23099	0.32641	0.11094	0.0754	0.5569	0.52729	0.12705	0.20835	0.38986	0.12705	0.12705	9e-05	0.15256	9e-05	0.11925	9e-05	0.12705	0.30555	0.96589	0.17075	0.11543	0.19749	0.30077	0.17496	0.11213	0.03398	0.08192	0.29764	0.27278	0.18404	0.18781	0.27989	0.09239	0.09334	0.16872	9e-05	0.31305	0.0432	0.2165	0.12705	0.10295	9e-05	0.19175	0.0	0.40465	0.05785	0.27314	0.0	0.08217	0.08217	0.16902	0.34066	0.08829	0.34557	0.13177	0.34557	0.37482	0.34557	0.28006	0.60049	0.2676	
0.22066	0.04495	0.00019	0.036	0.02165	0.17589	0.04156	0.13291	0.0	0.12634	0.0	0.22248	0.02085	8e-05	0.14385	0.02085	0.0	0.0	0.03198	0.12839	0.21715	0.11886	0.02193	0.05007	0.49151	0.21428	0.17649	0.15169	0.21267	0.14176	0.08151	0.0	0.07008	0.14436	0.05629	0.02909	0.05854	0.0411	0.14497	0.3779	0.09001	0.13875	0.04399	0.05891	0.04397	0.03954	0.03198	0.04538	0.07266	0.00893	0.04317	0.10804	0.03739	0.34183	0.00893	0.12114	0.1441	0.1441	0.03157	0.01208	8e-05	8e-05	0.02085	8e-05	0.2432	0.0071	0.054	0.01303	0.05309	0.07586	8e-05	0.01303	8e-05	0.21472	0.0	0.02821	0.02421	0.02821	0.09695	0.03447	0.06433	0.10874	0.03264	0.03968	0.03198	0.07929	0.07426	0.03198	0.03198	8e-05	0.09267	8e-05	0.03446	8e-05	0.03198	0.0697	0.07934	0.04446	0.0949	0.20264	0.0526	0.24656	0.20165	0.11649	0.01525	0.13488	0.11909	0.05749	0.11082	0.18064	0.27084	0.077	0.10536	8e-05	0.19979	0.00895	0.05315	0.03198	0.02726	8e-05	0.26885	0.0	0.39681	0.07489	0.05358	0.0	0.05627	0.05627	0.08805	0.08851	0.01637	0.02821	0.03221	0.02821	0.0323	0.02821	0.23387	0.16049	0.1159	
0.01152	0.02012	0.00054	0.02383	0.01323	0.01176	0.09001	0.0652	0.0	0.1369	0.22248	0.0	0.01269	0.00026	0.1008	0.01269	0.0	0.0	0.01802	0.07874	0.18914	0.03782	0.01342	0.01958	0.02445	0.0194	0.01126	0.06061	0.03972	0.02112	0.02342	0.0	0.03616	0.02185	0.0248	0.0258	0.02472	0.02801	0.05791	0.03579	0.02884	0.03229	0.0221	0.02982	0.02154	0.02029	0.01802	0.02276	0.02791	0.00624	0.11198	0.10386	0.06478	0.47491	0.00624	0.0	0.08471	0.08471	0.05391	0.00806	0.00026	0.00026	0.01269	0.00026	0.228	0.00519	0.02541	0.00861	0.02573	0.03125	0.00026	0.00861	0.00026	0.14856	0.0	0.01638	0.01439	0.01638	0.04149	0.01924	0.03077	0.01558	0.06597	0.03885	0.01802	0.02535	0.03156	0.01802	0.01802	0.00026	0.04547	0.00026	0.04542	0.00026	0.01802	0.03143	0.04444	0.02184	0.02431	0.02312	0.03813	0.23757	0.04175	0.01076	0.08942	0.06259	0.02487	0.02749	0.08464	0.09554	0.01465	0.02582	0.04875	0.00026	0.01627	0.00629	0.03154	0.01802	0.01588	0.00026	0.29123	0.0	0.06328	0.03718	0.02603	0.0	0.02901	0.02901	0.04002	0.04295	0.01042	0.01638	0.01739	0.01638	0.01754	0.01638	0.04964	0.0385	0.04249	
0.2681	0.4138	0.00046	0.25899	1.0001	0.01075	0.04743	0.05789	0.0	0.23142	0.02085	0.01269	0.0	0.00022	0.27031	0.99986	0.0	0.0	0.01631	0.06916	0.03054	0.03663	1.0002	0.34484	0.38936	0.4718	0.01031	0.09506	0.03526	0.01892	0.02092	0.0	0.13726	0.01957	0.02214	0.21217	0.42288	0.02497	0.06792	0.11628	0.16617	0.23677	0.30192	0.02675	0.36277	0.4527	0.01631	0.02037	0.02492	0.00578	0.01955	0.06835	0.05732	0.0096	0.00578	0.0	0.07434	0.07434	0.04799	0.00743	0.00022	0.00022	0.99986	0.00022	0.01995	0.00483	0.0226	0.00793	0.02294	0.14134	0.00022	0.00793	0.00022	0.03139	0.0	0.01489	0.0131	0.01489	0.11371	0.0174	0.02741	0.04216	0.05861	0.03471	0.01631	0.02282	0.02799	0.01631	0.01631	0.00022	0.04056	0.00022	0.04054	0.00022	0.01631	0.02784	0.06212	0.01949	0.02172	0.02066	0.03383	0.01856	0.03703	0.04954	0.009	0.03193	0.0222	0.02448	0.04687	0.03011	0.01333	0.02324	0.04332	0.00022	0.04903	0.00583	0.02824	0.01631	0.01443	0.00022	0.01406	0.0	0.05553	0.03325	0.02322	0.0	0.02602	0.02602	0.0355	0.22377	0.00956	0.01489	0.01567	0.01489	0.01582	0.01489	0.02891	0.20795	0.03192	
0.00019	0.00012	0.0	0.00026	0.00023	0.00028	0.00058	0.00042	0.0	9e-05	8e-05	0.00026	0.00022	0.0	0.0002	0.00022	0.0	0.0	0.0001	0.00044	0.00012	0.00023	0.00023	0.00023	7e-05	0.00019	0.00027	0.00033	0.00023	9e-05	0.0001	0.0	0.00056	0.00026	0.00023	0.00012	9e-05	0.00011	0.00019	0.00014	4e-05	0.00024	0.0002	0.00032	0.00021	0.0002	0.0001	0.00038	0.00048	0.00037	0.00024	0.00046	0.00066	0.00028	0.00037	0.0	0.00016	0.00016	0.00058	0.00032	0.0	0.0	0.00022	0.0	0.00011	0.00075	0.00019	0.00038	0.0001	3e-05	0.0	0.00038	0.0	0.00018	0.0	0.00047	0.00031	0.00047	0.00024	0.00027	0.00029	0.00021	0.00082	0.00031	0.0001	0.00041	0.00022	0.0001	0.0001	0.0	0.00068	0.0	0.00081	0.0	0.0001	0.00023	0.00035	0.00012	0.00016	0.00015	0.00027	8e-05	0.00045	0.00018	0.00029	0.00027	0.00026	9e-05	0.00027	7e-05	0.00034	0.0005	0.0005	0.0	0.00039	0.00051	0.00011	0.0001	0.00035	0.0	0.00024	0.0	0.0001	0.00048	0.00025	0.0	0.00025	0.00025	0.00041	0.00017	0.00036	0.00047	0.00024	0.00047	0.00036	0.00047	0.00021	0.00028	0.00011	
0.16148	0.1899	0.00054	0.07406	0.26973	0.01685	0.03327	0.11868	0.0	0.25541	0.14385	0.1008	0.27031	0.0002	0.0	0.27031	0.0	0.0	0.02799	0.12623	0.13297	0.04519	0.26958	0.10142	0.18621	0.19939	0.01608	0.08443	0.07232	0.03565	0.04041	0.0	0.05783	0.03656	0.11024	0.05942	0.19248	0.0488	0.03263	0.05645	0.07079	0.19766	0.12772	0.04986	0.17556	0.19623	0.02799	0.03885	0.04867	0.00815	0.10871	0.24179	0.12193	0.19714	0.00815	0.0	0.18226	0.18226	0.09622	0.01091	0.0002	0.0002	0.27031	0.0002	0.14458	0.00654	0.17977	0.31715	0.04514	0.05996	0.0002	0.31715	0.0002	0.12895	0.0	0.02483	0.0214	0.02483	0.07225	0.03011	0.05448	0.02211	0.11988	0.06716	0.02799	0.04135	0.05805	0.02799	0.02799	0.0002	0.0789	0.0002	0.07946	0.0002	0.02799	0.07818	0.09315	0.03793	0.04185	0.03975	0.09116	0.14609	0.09102	0.02098	0.01368	0.04597	0.04322	0.04873	0.04246	0.05216	0.02184	0.04216	0.08829	0.0002	0.0392	0.00817	0.05329	0.02799	0.02401	0.0002	0.15742	0.0	0.13617	0.06381	0.1064	0.0	0.04837	0.04837	0.07365	0.19243	0.01466	0.02483	0.02798	0.02483	0.02809	0.02483	0.04458	0.19258	0.03754	
0.2681	0.4138	0.00046	0.25899	1.0001	0.01075	0.04743	0.05789	0.0	0.23142	0.02085	0.01269	0.99986	0.00022	0.27031	0.0	0.0	0.0	0.01631	0.06916	0.03054	0.03663	1.0002	0.34484	0.38936	0.4718	0.01031	0.09506	0.03526	0.01892	0.02092	0.0	0.13726	0.01957	0.02214	0.21217	0.42288	0.02497	0.06792	0.11628	0.16617	0.23677	0.30192	0.02675	0.36277	0.4527	0.01631	0.02037	0.02492	0.00578	0.01955	0.06835	0.05732	0.0096	0.00578	0.0	0.07434	0.07434	0.04799	0.00743	0.00022	0.00022	0.99986	0.00022	0.01995	0.00483	0.0226	0.00793	0.02294	0.14134	0.00022	0.00793	0.00022	0.03139	0.0	0.01489	0.0131	0.01489	0.11371	0.0174	0.02741	0.04216	0.05861	0.03471	0.01631	0.02282	0.02799	0.01631	0.01631	0.00022	0.04056	0.00022	0.04054	0.00022	0.01631	0.02784	0.06212	0.01949	0.02172	0.02066	0.03383	0.01856	0.03703	0.04954	0.009	0.03193	0.0222	0.02448	0.04687	0.03011	0.01333	0.02324	0.04332	0.00022	0.04903	0.00583	0.02824	0.01631	0.01443	0.00022	0.01406	0.0	0.05553	0.03325	0.02322	0.0	0.02602	0.02602	0.0355	0.22377	0.00956	0.01489	0.01567	0.01489	0.01582	0.01489	0.02891	0.20795	0.03192	
0.0	0.0	0.0	0.0	0.0	0.0	0.0	0.0	0.0	0.0	0.0	0.0	0.0	0.0	0.0	0.0	0.0	0.0	0.0	0.0	0.0	0.0	0.0	0.0	0.0	0.0	0.0	0.0	0.0	0.0	0.0	0.0	0.0	0.0	0.0	0.0	0.0	0.0	0.0	0.0	0.0	0.0	0.0	0.0	0.0	0.0	0.0	0.0	0.0	0.0	0.0	0.0	0.0	0.0	0.0	0.0	0.0	0.0	0.0	0.0	0.0	0.0	0.0	0.0	0.0	0.0	0.0	0.0	0.0	0.0	0.0	0.0	0.0	0.0	0.0	0.0	0.0	0.0	0.0	0.0	0.0	0.0	0.0	0.0	0.0	0.0	0.0	0.0	0.0	0.0	0.0	0.0	0.0	0.0	0.0	0.0	0.0	0.0	0.0	0.0	0.0	0.0	0.0	0.0	0.0	0.0	0.0	0.0	0.0	0.0	0.0	0.0	0.0	0.0	0.0	0.0	0.0	0.0	0.0	0.0	0.0	0.0	0.0	0.0	0.0	0.0	0.0	0.0	0.0	0.0	0.0	0.0	0.0	0.0	0.0	0.0	0.0	0.0	0.0	
0.0	0.0	0.0	0.0	0.0	0.0	0.0	0.0	0.0	0.0	0.0	0.0	0.0	0.0	0.0	0.0	0.0	0.0	0.0	0.0	0.0	0.0	0.0	0.0	0.0	0.0	0.0	0.0	0.0	0.0	0.0	0.0	0.0	0.0	0.0	0.0	0.0	0.0	0.0	0.0	0.0	0.0	0.0	0.0	0.0	0.0	0.0	0.0	0.0	0.0	0.0	0.0	0.0	0.0	0.0	0.0	0.0	0.0	0.0	0.0	0.0	0.0	0.0	0.0	0.0	0.0	0.0	0.0	0.0	0.0	0.0	0.0	0.0	0.0	0.0	0.0	0.0	0.0	0.0	0.0	0.0	0.0	0.0	0.0	0.0	0.0	0.0	0.0	0.0	0.0	0.0	0.0	0.0	0.0	0.0	0.0	0.0	0.0	0.0	0.0	0.0	0.0	0.0	0.0	0.0	0.0	0.0	0.0	0.0	0.0	0.0	0.0	0.0	0.0	0.0	0.0	0.0	0.0	0.0	0.0	0.0	0.0	0.0	0.0	0.0	0.0	0.0	0.0	0.0	0.0	0.0	0.0	0.0	0.0	0.0	0.0	0.0	0.0	0.0	
0.04629	0.03088	0.00012	0.03184	0.01685	0.0148	0.07447	0.10211	0.0	0.12705	0.03198	0.01802	0.01631	0.0001	0.02799	0.01631	0.0	0.0	0.0	0.06623	0.16994	0.3232	0.01704	0.02597	0.03368	0.0263	0.01433	0.17108	0.15514	0.62261	0.55281	0.0	0.0452	0.03936	0.03419	0.03935	0.22561	0.37264	0.29452	0.11057	0.46761	0.10378	0.03025	0.04058	0.0297	0.02759	0.99979	0.03115	0.03853	0.00759	0.02952	0.06787	0.08881	0.01324	0.00759	0.10829	0.61674	0.61674	0.12702	0.00999	0.0001	0.0001	0.01631	0.0001	0.03047	0.00617	0.43282	0.01072	0.50791	0.44628	0.0001	0.01072	0.0001	0.2531	0.0	0.02139	0.01864	0.02139	0.16353	0.02548	0.23409	0.12629	0.1016	0.19413	0.99979	0.03414	0.39204	0.99979	0.99979	0.0001	0.20836	0.0001	0.06294	0.0001	0.99979	0.37524	0.10131	0.03011	0.03341	0.56101	0.05376	0.63973	0.05894	0.12111	0.01234	0.16037	0.03429	0.36879	0.12493	0.33601	0.01899	0.03478	0.12678	0.0001	0.09204	0.00762	0.26634	0.99979	0.02072	0.0001	0.02074	0.0	0.46085	0.05113	0.036	0.0	0.30905	0.30905	0.15813	0.1601	0.01316	0.02139	0.02326	0.02139	0.02341	0.02139	0.22313	0.09998	0.3176	
0.18698	0.06946	0.00021	0.15292	0.07363	0.17527	0.23558	0.28099	0.0	0.53289	0.12839	0.07874	0.06916	0.00044	0.12623	0.06916	0.0	0.0	0.06623	0.0	0.10759	0.16213	0.09993	0.134	0.13794	0.09526	0.1731	0.2191	0.29943	0.19352	0.15623	0.0	0.12917	0.19961	0.10291	0.05272	0.14732	0.13512	0.092	0.16004	0.06592	0.20025	0.11534	0.04951	0.11714	0.0991	0.06623	0.10355	0.13634	0.02701	0.16268	0.35817	0.43414	0.05293	0.02701	0.0	0.5987	0.5987	0.32207	0.03743	0.00044	0.00044	0.06916	0.00044	0.05457	0.02108	0.13184	0.02461	0.08017	0.0883	0.00044	0.02461	0.00044	0.1364	0.0	0.05728	0.11656	0.05728	0.15725	0.02257	0.15791	0.11433	0.46738	0.19437	0.06623	0.10525	0.24233	0.06623	0.06623	0.00044	0.25645	0.00044	0.24311	0.00044	0.06623	0.18999	0.36319	0.09757	0.04127	0.10684	0.124	0.0961	0.25637	0.05868	0.04697	0.08735	0.06179	0.07206	0.14964	0.08094	0.04945	0.10767	0.27523	0.00044	0.22032	0.12622	0.05687	0.06623	0.05518	0.00044	0.1033	0.0	0.44737	0.17747	0.12707	0.0	0.12787	0.12787	0.24187	0.25034	0.10615	0.05728	0.0733	0.05728	0.15457	0.05728	0.10585	0.22534	0.0591	
0.0814	0.03855	0.00051	0.07035	0.03211	0.02745	0.09327	0.05717	0.0	0.22115	0.21715	0.18914	0.03054	0.00012	0.13297	0.03054	0.0	0.0	0.16994	0.10759	0.0	0.22091	0.03041	0.05429	0.08266	0.06008	0.02608	0.18429	0.0532	0.16079	0.16233	0.0	0.09397	0.05953	0.08467	0.01988	0.05356	0.12829	0.21362	0.06536	0.1712	0.0792	0.04395	0.08222	0.07339	0.06389	0.16994	0.07473	0.09678	0.03711	0.0418	0.1537	0.11666	0.22247	0.03711	0.22243	0.68027	0.68027	0.04515	0.12241	0.00012	0.00012	0.03054	0.00012	0.22863	0.00969	0.15911	0.01841	0.14479	0.1448	0.00012	0.01841	0.00012	0.24135	0.0	0.04242	0.02996	0.04242	0.10194	0.01566	0.06379	0.0639	0.05793	0.03955	0.16994	0.07625	0.19924	0.16994	0.16994	0.00012	0.04562	0.00012	0.16438	0.00012	0.16994	0.16916	0.10189	0.16262	0.0506	0.16202	0.12399	0.35166	0.16949	0.04501	0.06601	0.12632	0.09226	0.18961	0.1238	0.19812	0.03673	0.07793	0.04719	0.00012	0.0851	0.03712	0.06101	0.16994	0.04088	0.00012	0.27707	0.0	0.50832	0.06364	0.09053	0.0	0.05356	0.05356	0.06356	0.10707	0.07346	0.04242	0.05035	0.04242	0.06651	0.04242	0.2124	0.14295	0.24455	
0.19462	0.10011	4e-05	0.0876	0.03819	0.03241	0.11734	0.12683	0.0	0.34391	0.11886	0.03782	0.03663	0.00023	0.04519	0.03663	0.0	0.0	0.3232	0.16213	0.22091	0.0	0.03657	0.06669	0.10566	0.07495	0.03113	0.27623	0.14374	0.30117	0.30214	0.0	0.29596	0.15747	0.15642	0.0704	0.16674	0.3984	0.2337	0.13451	0.31537	0.33857	0.1468	0.17169	0.26782	0.14101	0.3232	0.38101	0.22235	0.01454	0.08466	0.20413	0.18996	0.07071	0.01454	0.18508	0.93224	0.93224	0.17595	0.02008	0.00023	0.00023	0.03663	0.00023	0.15271	0.01138	0.54569	0.0218	0.33956	0.31654	0.00023	0.0218	0.00023	0.27028	0.0	0.29284	0.0328	0.29284	0.43157	0.22416	0.48246	0.37362	0.20311	0.14186	0.3232	0.05809	0.29632	0.3232	0.3232	0.00023	0.47119	0.00023	0.18247	0.00023	0.3232	0.64058	0.27612	0.10419	0.12819	0.30162	0.24035	0.35527	0.22415	0.26221	0.02589	0.48463	0.28478	0.28233	0.22628	0.4372	0.0442	0.1799	0.39212	0.00023	0.41998	0.02326	0.18478	0.3232	0.13275	0.00023	0.08653	0.0	1.18496	0.35666	0.29285	0.0	0.46429	0.46429	0.46671	0.32094	0.02022	0.29284	0.13353	0.29284	0.31596	0.29284	0.44885	0.34251	0.64517	
0.26943	0.41468	0.00048	0.25795	1.00048	0.01136	0.0459	0.06175	0.0	0.22932	0.02193	0.01342	1.0002	0.00023	0.26958	1.0002	0.0	0.0	0.01704	0.09993	0.03041	0.03657	0.0	0.34368	0.39054	0.47226	0.01088	0.09519	0.0372	0.01989	0.02206	0.0	0.13852	0.0205	0.02331	0.21112	0.42413	0.02621	0.06681	0.11564	0.16558	0.24057	0.3016	0.02787	0.36319	0.45324	0.01704	0.02104	0.0258	0.00609	0.02077	0.0743	0.06108	0.01013	0.00609	0.0	0.07651	0.07651	0.05064	0.00784	0.00023	0.00023	1.0002	0.00023	0.02091	0.00514	0.02364	0.00839	0.02399	0.16748	0.00023	0.00839	0.00023	0.03312	0.0	0.01532	0.01795	0.01532	0.11342	0.01804	0.02859	0.04468	0.06222	0.0364	0.01704	0.02365	0.05421	0.01704	0.01704	0.00023	0.04266	0.00023	0.04237	0.00023	0.01704	0.02918	0.06717	0.02045	0.02267	0.02154	0.03554	0.01951	0.03883	0.05275	0.0095	0.03377	0.02308	0.02567	0.04993	0.03175	0.01376	0.02404	0.04569	0.00023	0.05223	0.10033	0.02966	0.01704	0.0149	0.00023	0.0149	0.0	0.05715	0.03433	0.02417	0.0	0.02715	0.02715	0.0372	0.22552	0.02446	0.01532	0.01628	0.01532	0.06023	0.01532	0.03035	0.21158	0.03365	
0.40438	0.20973	0.00056	0.58698	0.34393	0.28218	0.00088	0.00053	0.0	0.20546	0.05007	0.01958	0.34484	0.00023	0.10142	0.34484	0.0	0.0	0.02597	0.134	0.05429	0.06669	0.34368	0.0	0.37736	0.22596	0.28293	0.06991	0.16235	0.17794	0.09458	0.0	0.05044	0.18491	0.06115	0.4457	0.43449	0.04151	0.12547	0.23493	0.06584	0.19065	0.13652	0.04461	0.19075	0.22064	0.02597	0.03431	0.04254	0.0082	0.05217	0.1285	0.1032	0.01434	0.0082	0.0	0.14118	0.14118	0.08358	0.0108	0.00023	0.00023	0.34484	0.00023	0.03355	0.00667	0.03928	0.01158	0.03937	0.05238	0.00023	0.01158	0.00023	0.05629	0.0	0.02328	0.02026	0.02328	0.05945	0.02782	0.0473	0.07439	0.10338	0.05917	0.02597	0.03743	0.0494	0.02597	0.02597	0.00023	0.06955	0.00023	0.06958	0.00023	0.02597	0.04946	0.1164	0.03322	0.03684	0.03501	0.05972	0.03102	0.06552	0.08677	0.01335	0.05597	0.03785	0.04228	0.08546	0.05413	0.02065	0.03813	0.07601	0.00023	0.09033	0.00823	0.04746	0.02597	0.02255	0.00023	0.02269	0.0	0.10548	0.05638	0.03976	0.0	0.04334	0.04334	0.06274	0.15239	0.01425	0.02328	0.02547	0.02328	0.02562	0.02328	0.05156	0.16491	0.05644	
0.46397	0.28204	0.00019	0.23405	0.39023	0.16602	0.03299	0.13726	0.0	0.19812	0.49151	0.02445	0.38936	7e-05	0.18621	0.38936	0.0	0.0	0.03368	0.13794	0.08266	0.10566	0.39054	0.37736	0.0	0.58392	0.16652	0.19869	0.21102	0.13928	0.08205	0.0	0.13549	0.14154	0.05797	0.18041	0.31054	0.04365	0.20273	0.48362	0.31593	0.28726	0.21608	0.06001	0.26141	0.29011	0.03368	0.04833	0.07382	0.00925	0.04414	0.0677	0.04669	0.01722	0.00925	0.15941	0.15764	0.15764	0.03824	0.01256	7e-05	7e-05	0.38936	7e-05	0.04693	0.00734	0.05788	0.01356	0.05673	0.22406	7e-05	0.01356	7e-05	0.08108	0.0	0.02965	0.02539	0.02965	0.15169	0.03634	0.06887	0.11169	0.04142	0.04331	0.03368	0.07853	0.07704	0.03368	0.03368	7e-05	0.0993	7e-05	0.03944	7e-05	0.03368	0.07516	0.08073	0.04743	0.09444	0.19792	0.05691	0.04298	0.20332	0.12847	0.0159	0.08242	0.11815	0.06153	0.10719	0.12476	0.25555	0.07644	0.11339	7e-05	0.20951	0.00928	0.05487	0.03368	0.02864	7e-05	0.03004	0.0	0.41036	0.07992	0.05724	0.0	0.05979	0.05979	0.09488	0.24112	0.01708	0.02965	0.03406	0.02965	0.03414	0.02965	0.17403	0.2952	0.08514	
0.35984	0.30302	0.0002	0.18523	0.47212	0.01562	0.08883	0.10163	0.0	0.2204	0.21428	0.0194	0.4718	0.00019	0.19939	0.4718	0.0	0.0	0.0263	0.09526	0.06008	0.07495	0.47226	0.22596	0.58392	0.0	0.01512	0.14875	0.11599	0.0335	0.03795	0.0	0.12433	0.03386	0.04046	0.1616	0.30908	0.04535	0.13918	0.37996	0.49213	0.31398	0.22906	0.16972	0.27737	0.31715	0.0263	0.03651	0.16866	0.00766	0.03399	0.09585	0.09619	0.01389	0.00766	0.22444	0.18067	0.18067	0.10758	0.01026	0.00019	0.00019	0.4718	0.00019	0.03554	0.00615	0.04286	0.01105	0.04238	0.35795	0.00019	0.01105	0.00019	0.14257	0.0	0.02334	0.02012	0.02334	0.13131	0.02829	0.05113	0.08117	0.10174	0.1311	0.0263	0.20727	0.14956	0.0263	0.0263	0.00019	0.07299	0.00019	0.11802	0.00019	0.0263	0.05453	0.11286	0.03564	0.20483	0.34662	0.12414	0.03269	0.30322	0.09358	0.01286	0.05989	0.23066	0.04575	0.16143	0.19424	0.54163	0.20309	0.08261	0.00019	0.27343	0.00769	0.15877	0.0263	0.02257	0.00019	0.02331	0.0	0.43338	0.05983	0.04279	0.0	0.0454	0.0454	0.069	0.33061	0.01378	0.02334	0.02631	0.02334	0.02641	0.02334	0.25977	0.24733	0.06209	
0.23716	0.01742	0.00052	0.21536	0.01074	1.00014	0.06796	0.05467	0.0	0.10007	0.17649	0.01126	0.01031	0.00027	0.01608	0.01031	0.0	0.0	0.01433	0.1731	0.02608	0.03113	0.01088	0.28293	0.16652	0.01512	0.0	0.05229	0.28164	0.39163	0.23553	0.0	0.02816	0.42329	0.1785	0.17764	0.20588	0.15561	0.05767	0.23821	0.02202	0.06489	0.01711	0.02322	0.01658	0.01578	0.01433	0.01763	0.02151	0.00529	0.20059	0.05779	0.04891	0.00861	0.00529	0.0	0.06195	0.06195	0.04124	0.00673	0.00027	0.00027	0.01031	0.00027	0.01726	0.00446	0.01939	0.00717	0.01975	0.02379	0.00027	0.00717	0.00027	0.02674	0.0	0.01316	0.01162	0.01316	0.03111	0.01528	0.02358	0.03609	0.05025	0.02996	0.01433	0.01989	0.02394	0.01433	0.01433	0.00027	0.03507	0.00027	0.03497	0.00027	0.01433	0.02379	0.05252	0.01681	0.01876	0.01785	0.02894	0.01609	0.03168	0.0425	0.00809	0.02744	0.01916	0.02104	0.03983	0.02563	0.01182	0.02026	0.03715	0.00027	0.04158	0.00533	0.02445	0.01433	0.01276	0.00027	0.01231	0.0	0.04627	0.02875	0.02001	0.0	0.02259	0.02259	0.03037	0.03214	0.00858	0.01316	0.01369	0.01316	0.01384	0.01316	0.02466	0.04995	0.02729	
0.2483	0.27028	7e-05	0.03165	0.09507	0.05185	0.28691	0.2531	0.0	0.34072	0.15169	0.06061	0.09506	0.00033	0.08443	0.09506	0.0	0.0	0.17108	0.2191	0.18429	0.27623	0.09519	0.06991	0.19869	0.14875	0.05229	0.0	0.21468	0.19605	0.16225	0.0	0.26834	0.29538	0.22487	0.13858	0.2601	0.23198	0.36672	0.331	0.29488	0.31924	0.27853	0.12464	0.16454	0.32144	0.17108	0.30211	0.26138	0.02056	0.0534	0.17327	0.24454	0.04058	0.02056	0.45876	0.81358	0.81358	0.20378	0.02859	0.00033	0.00033	0.09506	0.00033	0.21571	0.016	0.22375	0.03108	0.34067	0.24162	0.00033	0.03108	0.00033	0.26193	0.0	0.08942	0.06333	0.08942	0.39299	0.05626	0.16683	0.10338	0.25598	0.18697	0.17108	0.20173	0.30964	0.17108	0.17108	0.00033	0.23893	0.00033	0.34382	0.00033	0.17108	0.40807	0.183	0.23216	0.08858	0.21249	0.18453	0.18585	0.2461	0.06942	0.03711	0.13148	0.13017	0.29428	0.16874	0.28545	0.0761	0.18535	0.18978	0.00033	0.18114	0.02057	0.06731	0.17108	0.25624	0.00033	0.08053	0.0	0.78135	0.17888	0.24353	0.0	0.12493	0.12493	0.33041	0.25212	0.04017	0.08942	0.25682	0.08942	0.09946	0.08942	0.21526	0.4392	0.20362	
0.1723	0.07545	0.00013	0.15419	0.03669	0.28337	0.20296	0.36665	0.0	0.57125	0.21267	0.03972	0.03526	0.00023	0.07232	0.03526	0.0	0.0	0.15514	0.29943	0.0532	0.14374	0.0372	0.16235	0.21102	0.11599	0.28164	0.21468	0.0	0.37153	0.28643	0.0	0.03371	0.4095	0.23027	0.09477	0.22533	0.20164	0.29705	0.27164	0.16038	0.17869	0.13029	0.0143	0.08198	0.12681	0.15514	0.13151	0.03569	0.01451	0.15337	0.20769	0.25006	0.02752	0.01451	0.39118	0.458	0.458	0.35607	0.01984	0.00023	0.00023	0.03526	0.00023	0.06229	0.01143	0.14864	0.02147	0.22442	0.14635	0.00023	0.02147	0.00023	0.40713	0.0	0.04866	0.04133	0.04866	0.07148	0.06052	0.04676	0.08754	0.27351	0.74859	0.15514	0.26742	0.54085	0.15514	0.15514	0.00023	0.06002	0.00023	0.05637	0.00023	0.15514	0.25145	0.34443	0.0801	0.04368	0.27236	0.10843	0.14774	0.09358	0.06921	0.02532	0.11006	0.06698	0.16702	0.29956	0.31361	0.11266	0.01766	0.08358	0.00023	0.23951	0.01453	0.18717	0.15514	0.12682	0.00023	0.05004	0.0	0.42311	0.01673	0.07102	0.0	0.03276	0.03276	0.12158	0.12613	0.02727	0.04866	0.12341	0.04866	0.05719	0.04866	0.15389	0.19413	0.10217	
0.2198	0.04008	0.00021	0.15181	0.01964	0.39234	0.10569	0.1393	0.0	0.18034	0.14176	0.02112	0.01892	9e-05	0.03565	0.01892	0.0	0.0	0.62261	0.19352	0.16079	0.30117	0.01989	0.17794	0.13928	0.0335	0.39163	0.19605	0.37153	0.0	0.73063	0.0	0.05776	0.33672	0.14925	0.17609	0.5474	0.46806	0.29664	0.31739	0.38283	0.14755	0.03923	0.05182	0.03912	0.03534	0.62261	0.04046	0.05083	0.00818	0.14898	0.10085	0.10755	0.01502	0.00818	0.20341	0.66968	0.66968	0.12888	0.01103	9e-05	9e-05	0.01892	9e-05	0.03935	0.00653	0.3581	0.0119	0.40322	0.37236	9e-05	0.0119	9e-05	0.2345	0.0	0.02549	0.02192	0.02549	0.16466	0.03103	0.20279	0.12796	0.11535	0.1707	0.62261	0.04284	0.3384	0.62261	0.62261	9e-05	0.18271	9e-05	0.08306	9e-05	0.62261	0.32662	0.12789	0.03957	0.04362	0.43016	0.07359	0.46893	0.0809	0.12544	0.01389	0.15187	0.0451	0.30529	0.13646	0.30356	0.02237	0.04369	0.12813	9e-05	0.11048	0.00821	0.21736	0.62261	0.02464	9e-05	0.02559	0.0	0.50041	0.06652	0.04759	0.0	0.24464	0.24464	0.15243	0.16336	0.0149	0.02549	0.02893	0.02549	0.02903	0.02549	0.20633	0.15013	0.28089	
0.1688	0.04567	0.00027	0.22798	0.02177	0.23549	0.12477	0.08919	0.0	0.20965	0.08151	0.02342	0.02092	0.0001	0.04041	0.02092	0.0	0.0	0.55281	0.15623	0.16233	0.30214	0.02206	0.09458	0.08205	0.03795	0.23553	0.16225	0.28643	0.73063	0.0	0.0	0.06599	0.2231	0.09188	0.09962	0.39041	0.33635	0.22621	0.24348	0.36569	0.1121	0.04469	0.05887	0.09822	0.04011	0.55281	0.04611	0.05825	0.0089	0.0822	0.07044	0.12041	0.01652	0.0089	0.25573	0.6988	0.6988	0.13518	0.01206	0.0001	0.0001	0.02092	0.0001	0.04478	0.00707	0.34244	0.01302	0.38106	0.35821	0.0001	0.01302	0.0001	0.29018	0.0	0.02839	0.03906	0.02839	0.17058	0.03475	0.1979	0.18917	0.1264	0.16859	0.55281	0.04839	0.32904	0.55281	0.55281	0.0001	0.18106	0.0001	0.09559	0.0001	0.55281	0.31853	0.14547	0.04524	0.04981	0.40201	0.08551	0.43256	0.09419	0.13266	0.01526	0.15614	0.05161	0.29252	0.14667	0.30008	0.02484	0.04937	0.13385	0.0001	0.12303	0.00893	0.20826	0.55281	0.02742	0.0001	0.02873	0.0	0.52217	0.0761	0.05456	0.0	0.23172	0.23172	0.15552	0.1702	0.01639	0.02839	0.1018	0.02839	0.03265	0.02839	0.20594	0.12393	0.27625	
0.0	0.0	0.0	0.0	0.0	0.0	0.0	0.0	0.0	0.0	0.0	0.0	0.0	0.0	0.0	0.0	0.0	0.0	0.0	0.0	0.0	0.0	0.0	0.0	0.0	0.0	0.0	0.0	0.0	0.0	0.0	0.0	0.0	0.0	0.0	0.0	0.0	0.0	0.0	0.0	0.0	0.0	0.0	0.0	0.0	0.0	0.0	0.0	0.0	0.0	0.0	0.0	0.0	0.0	0.0	0.0	0.0	0.0	0.0	0.0	0.0	0.0	0.0	0.0	0.0	0.0	0.0	0.0	0.0	0.0	0.0	0.0	0.0	0.0	0.0	0.0	0.0	0.0	0.0	0.0	0.0	0.0	0.0	0.0	0.0	0.0	0.0	0.0	0.0	0.0	0.0	0.0	0.0	0.0	0.0	0.0	0.0	0.0	0.0	0.0	0.0	0.0	0.0	0.0	0.0	0.0	0.0	0.0	0.0	0.0	0.0	0.0	0.0	0.0	0.0	0.0	0.0	0.0	0.0	0.0	0.0	0.0	0.0	0.0	0.0	0.0	0.0	0.0	0.0	0.0	0.0	0.0	0.0	0.0	0.0	0.0	0.0	0.0	0.0	
0.10512	0.23236	0.00014	0.05305	0.13811	0.0291	0.19763	0.20618	0.0	0.35511	0.07008	0.03616	0.13726	0.00056	0.05783	0.13726	0.0	0.0	0.0452	0.12917	0.09397	0.29596	0.13852	0.05044	0.13549	0.12433	0.02816	0.26834	0.03371	0.05776	0.06599	0.0	0.0	0.21762	0.20505	0.10269	0.15187	0.15443	0.06643	0.12213	0.08295	0.20891	0.28226	0.04019	0.3303	0.37861	0.0452	0.7706	0.06371	0.01439	0.06421	0.13376	0.17823	0.02587	0.01439	0.18921	0.33533	0.33533	0.27889	0.01917	0.00056	0.00056	0.13726	0.00056	0.10829	0.01174	0.2117	0.02069	0.14531	0.08527	0.00056	0.02069	0.00056	0.06822	0.0	0.28721	0.0376	0.28721	0.37608	0.15496	0.08935	0.29075	0.20418	0.02666	0.0452	0.05928	0.06831	0.0452	0.0452	0.00056	0.28248	0.00056	0.2769	0.00056	0.0452	0.59046	0.08587	0.12678	0.07305	0.06421	0.30019	0.05629	0.27373	0.26111	0.02397	0.21	0.21155	0.14033	0.13637	0.09524	0.03704	0.06475	0.28822	0.00056	0.20388	0.01452	0.07321	0.0452	0.27456	0.00056	0.04327	0.0	0.37353	0.39384	0.50162	0.0	0.09838	0.09838	0.33869	0.13687	0.02576	0.28721	0.23448	0.28721	0.2484	0.28721	0.1868	0.37784	0.05289	
0.22562	0.28974	0.00024	0.15615	0.02026	0.4238	0.10597	0.15144	0.0	0.1932	0.14436	0.02185	0.01957	0.00026	0.03656	0.01957	0.0	0.0	0.03936	0.19961	0.05953	0.15747	0.0205	0.18491	0.14154	0.03386	0.42329	0.29538	0.4095	0.33672	0.2231	0.0	0.21762	0.0	0.58086	0.19404	0.32778	0.22919	0.22018	0.23973	0.05974	0.17529	0.39367	0.05249	0.03943	0.41598	0.03936	0.38788	0.05095	0.00862	0.15292	0.10097	0.10842	0.01562	0.00862	0.219	0.22096	0.22096	0.13229	0.01154	0.00026	0.00026	0.01957	0.00026	0.27433	0.00699	0.05295	0.01246	0.32906	0.06459	0.00026	0.01246	0.00026	0.17427	0.0	0.02567	0.0227	0.02567	0.17585	0.03136	0.05315	0.13112	0.11696	0.18374	0.03936	0.23849	0.19437	0.03936	0.03936	0.00026	0.18582	0.00026	0.1265	0.00026	0.03936	0.33686	0.13099	0.28007	0.04399	0.04848	0.1361	0.044	0.12324	0.12739	0.01447	0.05892	0.0453	0.311	0.18023	0.2038	0.02263	0.04399	0.1318	0.00026	0.11144	0.00869	0.05015	0.03936	0.59127	0.00026	0.02631	0.0	0.27714	0.14991	0.24398	0.0	0.04733	0.04733	0.34466	0.06225	0.01554	0.02567	0.4778	0.02567	0.02924	0.02567	0.06087	0.14713	0.17671	
0.14729	0.2609	0.00035	0.04848	0.02301	0.17814	0.14476	0.06151	0.0	0.22763	0.05629	0.0248	0.02214	0.00023	0.11024	0.02214	0.0	0.0	0.03419	0.10291	0.08467	0.15642	0.02331	0.06115	0.05797	0.04046	0.1785	0.22487	0.23027	0.14925	0.09188	0.0	0.20505	0.58086	0.0	0.04211	0.07018	0.05404	0.0793	0.15224	0.06667	0.13291	0.34593	0.06283	0.04788	0.35959	0.03419	0.34289	0.06238	0.00943	0.17603	0.11565	0.12888	0.01747	0.00943	0.3289	0.23799	0.23799	0.13166	0.01275	0.00023	0.00023	0.02214	0.00023	0.247	0.0075	0.10854	0.1187	0.25573	0.07344	0.00023	0.1187	0.00023	0.16805	0.0	0.03008	0.02576	0.03008	0.18243	0.0369	0.07033	0.12829	0.13205	0.14716	0.03419	0.21486	0.171	0.03419	0.03419	0.00023	0.17939	0.00023	0.13747	0.00023	0.03419	0.29107	0.10175	0.2548	0.05325	0.05053	0.12	0.04378	0.10192	0.13097	0.01613	0.08431	0.05523	0.25389	0.16522	0.18648	0.0263	0.05259	0.12868	0.00023	0.09942	0.00945	0.06743	0.03419	0.46619	0.00023	0.03054	0.0	0.28462	0.15158	0.31231	0.0	0.06085	0.06085	0.319	0.06769	0.01733	0.03008	0.39781	0.03008	0.03471	0.03008	0.08112	0.11147	0.1639	
0.24883	0.15632	0.0004	0.25717	0.21134	0.17697	0.00496	0.00868	0.0	0.03704	0.02909	0.0258	0.21217	0.00012	0.05942	0.21217	0.0	0.0	0.03935	0.05272	0.01988	0.0704	0.21112	0.4457	0.18041	0.1616	0.17764	0.13858	0.09477	0.17609	0.09962	0.0	0.10269	0.19404	0.04211	0.0	0.78772	0.13507	0.21214	0.32753	0.07231	0.19101	0.09438	0.0619	0.14478	0.15973	0.03935	0.0478	0.0599	0.01027	0.02664	0.04983	0.02256	0.01854	0.01027	0.04488	0.1858	0.1858	0.00593	0.01373	0.00012	0.00012	0.21217	0.00012	0.04663	0.00823	0.04704	0.01478	0.04793	0.05951	0.00012	0.01478	0.00012	0.04857	0.0	0.03096	0.02675	0.03096	0.03302	0.03748	0.01447	0.00933	0.01405	0.00021	0.03935	0.05133	0.05611	0.03935	0.03935	0.00012	0.00226	0.00012	0.09899	0.00012	0.03935	0.05377	0.05668	0.04657	0.05154	0.04439	0.08632	0.04141	0.09503	0.00698	0.01718	0.05847	0.05314	0.0381	0.03616	0.05994	0.02728	0.05233	0.008	0.00012	0.03382	0.01029	0.00196	0.03935	0.02996	0.00012	0.0307	0.0	0.14419	0.07928	0.05602	0.0	0.00435	0.00435	0.01788	0.11611	0.0184	0.03096	0.03464	0.03096	0.03478	0.03096	0.03646	0.18331	0.05155	
0.36425	0.2945	0.00034	0.26719	0.4238	0.20549	0.04097	0.13537	0.0	0.20438	0.05854	0.02472	0.42288	9e-05	0.19248	0.42288	0.0	0.0	0.22561	0.14732	0.05356	0.16674	0.42413	0.43449	0.31054	0.30908	0.20588	0.2601	0.22533	0.5474	0.39041	0.0	0.15187	0.32778	0.07018	0.78772	0.0	0.26506	0.22572	0.33294	0.3145	0.3047	0.22329	0.06143	0.27125	0.30412	0.22561	0.04749	0.06024	0.00945	0.05811	0.07149	0.04859	0.01747	0.00945	0.19458	0.56467	0.56467	0.03741	0.01278	9e-05	9e-05	0.42288	9e-05	0.04663	0.00757	0.16041	0.01382	0.17481	0.28691	9e-05	0.01382	9e-05	0.10623	0.0	0.02934	0.0257	0.02934	0.13638	0.03608	0.05974	0.03903	0.04306	0.03913	0.22561	0.05024	0.16371	0.22561	0.22561	9e-05	0.04501	9e-05	0.10102	9e-05	0.22561	0.15824	0.08219	0.04702	0.05171	0.17889	0.09005	0.1867	0.09943	0.03709	0.01614	0.06372	0.05341	0.11637	0.06413	0.15668	0.02575	0.05121	0.03855	9e-05	0.05725	0.00951	0.04959	0.22561	0.02841	9e-05	0.0302	0.0	0.39671	0.07984	0.05654	0.0	0.05879	0.05879	0.05154	0.23376	0.01736	0.02934	0.03373	0.02934	0.03378	0.02934	0.08356	0.30661	0.1237	
0.23326	0.05492	3e-05	0.02998	0.02588	0.15483	0.0363	0.21972	0.0	0.27215	0.0411	0.02801	0.02497	0.00011	0.0488	0.02497	0.0	0.0	0.37264	0.13512	0.12829	0.3984	0.02621	0.04151	0.04365	0.04535	0.15561	0.23198	0.20164	0.46806	0.33635	0.0	0.15443	0.22919	0.05404	0.13507	0.26506	0.0	0.18279	0.18722	0.27293	0.2989	0.05369	0.07253	0.21018	0.04797	0.37264	0.22374	0.0897	0.01058	0.03811	0.05373	0.05912	0.0197	0.01058	0.06424	1.09726	1.09726	0.08809	0.01436	0.00011	0.00011	0.02497	0.00011	0.05383	0.00845	0.4948	0.01553	0.27722	0.27242	0.00011	0.01553	0.00011	0.18529	0.0	0.2857	0.02914	0.2857	0.26601	0.17541	0.34866	0.09973	0.0612	0.13064	0.37264	0.05786	0.25432	0.37264	0.37264	0.00011	0.19628	0.00011	0.04138	0.00011	0.37264	0.43985	0.11161	0.05443	0.05988	0.28594	0.2215	0.30119	0.05573	0.08083	0.01818	0.31092	0.21936	0.20809	0.13239	0.24063	0.02928	0.09557	0.09715	0.00011	0.08485	0.01064	0.14505	0.37264	0.03237	0.00011	0.03448	0.0	0.7709	0.05132	0.2179	0.0	0.43977	0.43977	0.16912	0.26272	0.01957	0.2857	0.03866	0.2857	0.25304	0.2857	0.31017	0.12339	0.21305	
0.09796	0.09603	4e-05	0.05675	0.067	0.05687	0.15358	0.10416	0.0	0.4023	0.14497	0.05791	0.06792	0.00019	0.03263	0.06792	0.0	0.0	0.29452	0.092	0.21362	0.2337	0.06681	0.12547	0.20273	0.13918	0.05767	0.36672	0.29705	0.29664	0.22621	0.0	0.06643	0.22018	0.0793	0.21214	0.22572	0.18279	0.0	0.32054	0.36447	0.19577	0.1052	0.01621	0.11593	0.14924	0.29452	0.12285	0.05355	0.02063	0.02482	0.09643	0.10593	0.03965	0.02063	0.15805	1.19106	1.19106	0.07563	0.02837	0.00019	0.00019	0.06792	0.00019	0.05231	0.01622	0.28423	0.03076	0.24648	0.27512	0.00019	0.03076	0.00019	0.28763	0.0	0.07102	0.06038	0.07102	0.27591	0.08959	0.19173	0.06762	0.10632	0.25431	0.29452	0.18374	0.36567	0.29452	0.29452	0.00019	0.09074	0.00019	0.0881	0.00019	0.29452	0.30407	0.30551	0.07329	0.06027	0.31008	0.08628	0.27873	0.08911	0.05697	0.03641	0.10868	0.06959	0.19563	0.25489	0.19553	0.08197	0.01179	0.07275	0.00019	0.12962	0.02068	0.1126	0.29452	0.09183	0.00019	0.07385	0.0	0.83681	0.02544	0.07122	0.0	0.18009	0.18009	0.12942	0.18302	0.0393	0.07102	0.09835	0.07102	0.08447	0.07102	0.22436	0.33489	0.18713	
