0.0	0.00028	0.03444	0.04885	0.00028	0.00028	0.00028	0.00028	0.15163	0.00807	0.00807	0.07314	0.00028	0.00028	0.00028	0.00028	1.00055	0.02518	0.02051	0.0	0.02965	0.02965	0.03444	0.06724	0.00028	0.00028	0.00028	0.02051	0.03444	0.00028	0.03135	0.00028	0.22026	0.00028	0.02518	0.03444	0.06197	0.02518	0.00028	0.00028	0.02051	0.00028	0.15039	0.27759	0.00028	0.00028	0.03997	0.00028	0.03444	0.03444	0.03444	0.00028	0.04076	0.00028	0.02518	0.0	0.00028	0.00028	1.00055	0.03861	0.37426	0.00028	0.00028	0.00028	0.22026	0.03444	0.00028	0.00028	0.00028	1.00055	0.02518	0.07333	0.00028	0.27759	0.03444	0.02051	0.5576	0.1568	0.03509	0.09863	0.00028	0.00028	0.02965	0.00028	0.04497	0.06594	0.00028	0.04675	0.00028	0.03444	0.00028	0.02051	0.22026	0.00028	0.00028	0.00028	0.0559	0.00028	0.09863	0.20502	0.00028	0.00028	0.00028	0.01728	0.27759	0.02965	0.02965	0.04076	0.03444	0.00028	0.00028	0.00028	0.02518	0.00028	0.27759	0.00028	0.00028	0.00028	0.00028	0.27759	0.00028	0.00028	0.00028	0.0	0.02965	0.20649	0.00028	1.00055	0.0571	0.02051	0.00028	0.00028	0.00028	0.01728	0.0571	0.07879	
0.00028	0.0	0.00027	0.0001	0.0	0.0	0.0	0.0	9e-05	0.0	0.0	0.00015	0.0	0.0	0.0	0.0	0.00028	0.00021	0.00024	0.0	0.00017	0.00017	0.00027	0.00013	0.0	0.0	0.0	0.00024	0.00027	0.0	8e-05	0.0	0.00017	0.0	0.00021	0.00027	0.00016	0.00021	0.0	0.0	0.00024	0.0	0.00012	0.00024	0.0	0.0	0.00014	0.0	0.00027	0.00027	0.00027	0.0	5e-05	0.0	0.00021	0.0	0.0	0.0	0.00028	2e-05	6e-05	0.0	0.0	0.0	0.00017	0.00027	0.0	0.0	0.0	0.00028	0.00021	8e-05	0.0	0.00024	0.00027	0.00024	6e-05	9e-05	8e-05	0.0001	0.0	0.0	0.00017	0.0	0.00012	0.00017	0.0	0.00016	0.0	0.00027	0.0	0.00024	0.00017	0.0	0.0	0.0	0.0002	0.0	0.0001	0.00054	0.0	0.0	0.0	0.00032	0.00024	0.00017	0.00017	5e-05	0.00027	0.0	0.0	0.0	0.00021	0.0	0.00024	0.0	0.0	0.0	0.0	0.00024	0.0	0.0	0.0	0.0	0.00017	0.00015	0.0	0.00028	0.00012	0.00024	0.0	0.0	0.0	0.00032	0.00012	0.00018	
0.03444	0.00027	0.0	0.54389	0.00027	0.00027	0.00027	0.00027	0.10781	0.0	0.0	0.31718	0.00027	0.00027	0.00027	0.00027	0.02773	0.03269	0.02643	0.0	0.03917	0.03917	0.99978	0.55104	0.00027	0.00027	0.00027	0.02643	0.99978	0.00027	0.04292	0.00027	0.08544	0.00027	0.03269	0.99978	0.27743	0.03269	0.00027	0.00027	0.02643	0.00027	0.62056	0.02582	0.00027	0.00027	0.05322	0.00027	0.99978	0.99978	0.99978	0.00027	0.05622	0.00027	0.03269	0.0	0.00027	0.00027	0.02773	0.05422	0.08812	0.00027	0.00027	0.00027	0.08544	0.99978	0.00027	0.00027	0.00027	0.02773	0.03269	0.20282	0.00027	0.02582	0.99978	0.02643	0.05889	0.4955	0.04843	0.12915	0.00027	0.00027	0.03917	0.00027	0.5758	0.04233	0.00027	0.43402	0.00027	0.99978	0.00027	0.02643	0.08544	0.00027	0.00027	0.00027	0.32463	0.00027	0.12915	1.12107	0.00027	0.00027	0.00027	0.02222	0.02582	0.03917	0.03917	0.05622	0.99978	0.00027	0.00027	0.00027	0.03269	0.00027	0.02582	0.00027	0.00027	0.00027	0.00027	0.02582	0.00027	0.00027	0.00027	0.0	0.03917	0.06153	0.00027	0.02773	0.07635	0.02643	0.00027	0.00027	0.00027	0.02222	0.07635	0.38259	
0.04885	0.0001	0.54389	0.0	0.0001	0.0001	0.0001	0.0001	0.24847	0.38042	0.40263	0.58208	0.0001	0.0001	0.0001	0.0001	0.03853	0.04655	0.03649	0.0	0.49508	0.49508	0.54389	1.00601	0.0001	0.0001	0.0001	0.03649	0.54389	0.0001	0.06728	0.0001	0.14068	0.0001	0.04655	0.54389	0.73334	0.04655	0.0001	0.0001	0.03649	0.0001	0.4339	0.03554	0.0001	0.0001	0.08153	0.0001	0.54389	0.54389	0.54389	0.0001	0.38956	0.0001	0.04655	0.0	0.0001	0.0001	0.03853	0.09219	0.15674	0.0001	0.0001	0.0001	0.14068	0.54389	0.0001	0.0001	0.0001	0.03853	0.04655	0.53616	0.0001	0.03554	0.54389	0.03649	0.09762	0.40898	0.40648	0.1746	0.0001	0.0001	0.49508	0.0001	0.42164	0.06265	0.0001	0.30061	0.0001	0.54389	0.0001	0.03649	0.14068	0.0001	0.0001	0.0001	0.24818	0.0001	0.1746	1.3347	0.0001	0.0001	0.0001	0.02995	0.03554	0.49508	0.49508	0.38956	0.54389	0.0001	0.0001	0.0001	0.04655	0.0001	0.03554	0.0001	0.0001	0.0001	0.0001	0.03554	0.0001	0.0001	0.0001	0.0	0.49508	0.24727	0.0001	0.03853	0.12354	0.03649	0.0001	0.0001	0.0001	0.02995	0.12354	0.25872	
0.00028	0.0	0.00027	0.0001	0.0	0.0	0.0	0.0	9e-05	0.0	0.0	0.00015	0.0	0.0	0.0	0.0	0.00028	0.00021	0.00024	0.0	0.00017	0.00017	0.00027	0.00013	0.0	0.0	0.0	0.00024	0.00027	0.0	8e-05	0.0	0.00017	0.0	0.00021	0.00027	0.00016	0.00021	0.0	0.0	0.00024	0.0	0.00012	0.00024	0.0	0.0	0.00014	0.0	0.00027	0.00027	0.00027	0.0	5e-05	0.0	0.00021	0.0	0.0	0.0	0.00028	2e-05	6e-05	0.0	0.0	0.0	0.00017	0.00027	0.0	0.0	0.0	0.00028	0.00021	8e-05	0.0	0.00024	0.00027	0.00024	6e-05	9e-05	8e-05	0.0001	0.0	0.0	0.00017	0.0	0.00012	0.00017	0.0	0.00016	0.0	0.00027	0.0	0.00024	0.00017	0.0	0.0	0.0	0.0002	0.0	0.0001	0.00054	0.0	0.0	0.0	0.00032	0.00024	0.00017	0.00017	5e-05	0.00027	0.0	0.0	0.0	0.00021	0.0	0.00024	0.0	0.0	0.0	0.0	0.00024	0.0	0.0	0.0	0.0	0.00017	0.00015	0.0	0.00028	0.00012	0.00024	0.0	0.0	0.0	0.00032	0.00012	0.00018	
0.00028	0.0	0.00027	0.0001	0.0	0.0	0.0	0.0	9e-05	0.0	0.0	0.00015	0.0	0.0	0.0	0.0	0.00028	0.00021	0.00024	0.0	0.00017	0.00017	0.00027	0.00013	0.0	0.0	0.0	0.00024	0.00027	0.0	8e-05	0.0	0.00017	0.0	0.00021	0.00027	0.00016	0.00021	0.0	0.0	0.00024	0.0	0.00012	0.00024	0.0	0.0	0.00014	0.0	0.00027	0.00027	0.00027	0.0	5e-05	0.0	0.00021	0.0	0.0	0.0	0.00028	2e-05	6e-05	0.0	0.0	0.0	0.00017	0.00027	0.0	0.0	0.0	0.00028	0.00021	8e-05	0.0	0.00024	0.00027	0.00024	6e-05	9e-05	8e-05	0.0001	0.0	0.0	0.00017	0.0	0.00012	0.00017	0.0	0.00016	0.0	0.00027	0.0	0.00024	0.00017	0.0	0.0	0.0	0.0002	0.0	0.0001	0.00054	0.0	0.0	0.0	0.00032	0.00024	0.00017	0.00017	5e-05	0.00027	0.0	0.0	0.0	0.00021	0.0	0.00024	0.0	0.0	0.0	0.0	0.00024	0.0	0.0	0.0	0.0	0.00017	0.00015	0.0	0.00028	0.00012	0.00024	0.0	0.0	0.0	0.00032	0.00012	0.00018	
0.00028	0.0	0.00027	0.0001	0.0	0.0	0.0	0.0	9e-05	0.0	0.0	0.00015	0.0	0.0	0.0	0.0	0.00028	0.00021	0.00024	0.0	0.00017	0.00017	0.00027	0.00013	0.0	0.0	0.0	0.00024	0.00027	0.0	8e-05	0.0	0.00017	0.0	0.00021	0.00027	0.00016	0.00021	0.0	0.0	0.00024	0.0	0.00012	0.00024	0.0	0.0	0.00014	0.0	0.00027	0.00027	0.00027	0.0	5e-05	0.0	0.00021	0.0	0.0	0.0	0.00028	2e-05	6e-05	0.0	0.0	0.0	0.00017	0.00027	0.0	0.0	0.0	0.00028	0.00021	8e-05	0.0	0.00024	0.00027	0.00024	6e-05	9e-05	8e-05	0.0001	0.0	0.0	0.00017	0.0	0.00012	0.00017	0.0	0.00016	0.0	0.00027	0.0	0.00024	0.00017	0.0	0.0	0.0	0.0002	0.0	0.0001	0.00054	0.0	0.0	0.0	0.00032	0.00024	0.00017	0.00017	5e-05	0.00027	0.0	0.0	0.0	0.00021	0.0	0.00024	0.0	0.0	0.0	0.0	0.00024	0.0	0.0	0.0	0.0	0.00017	0.00015	0.0	0.00028	0.00012	0.00024	0.0	0.0	0.0	0.00032	0.00012	0.00018	
0.00028	0.0	0.00027	0.0001	0.0	0.0	0.0	0.0	9e-05	0.0	0.0	0.00015	0.0	0.0	0.0	0.0	0.00028	0.00021	0.00024	0.0	0.00017	0.00017	0.00027	0.00013	0.0	0.0	0.0	0.00024	0.00027	0.0	8e-05	0.0	0.00017	0.0	0.00021	0.00027	0.00016	0.00021	0.0	0.0	0.00024	0.0	0.00012	0.00024	0.0	0.0	0.00014	0.0	0.00027	0.00027	0.00027	0.0	5e-05	0.0	0.00021	0.0	0.0	0.0	0.00028	2e-05	6e-05	0.0	0.0	0.0	0.00017	0.00027	0.0	0.0	0.0	0.00028	0.00021	8e-05	0.0	0.00024	0.00027	0.00024	6e-05	9e-05	8e-05	0.0001	0.0	0.0	0.00017	0.0	0.00012	0.00017	0.0	0.00016	0.0	0.00027	0.0	0.00024	0.00017	0.0	0.0	0.0	0.0002	0.0	0.0001	0.00054	0.0	0.0	0.0	0.00032	0.00024	0.00017	0.00017	5e-05	0.00027	0.0	0.0	0.0	0.00021	0.0	0.00024	0.0	0.0	0.0	0.0	0.00024	0.0	0.0	0.0	0.0	0.00017	0.00015	0.0	0.00028	0.00012	0.00024	0.0	0.0	0.0	0.00032	0.00012	0.00018	
0.15163	9e-05	0.10781	0.24847	9e-05	9e-05	9e-05	9e-05	0.0	0.01967	0.02128	0.13236	9e-05	9e-05	9e-05	9e-05	0.12915	0.07266	0.05602	0.0	0.22165	0.22165	0.10781	0.29329	9e-05	9e-05	9e-05	0.05602	0.10781	9e-05	0.13555	9e-05	0.40011	9e-05	0.07266	0.10781	0.097	0.07266	9e-05	9e-05	0.05602	9e-05	0.17825	0.12049	9e-05	9e-05	0.13429	9e-05	0.10781	0.10781	0.10781	9e-05	0.22936	9e-05	0.07266	0.0	9e-05	9e-05	0.12915	0.16608	0.26823	9e-05	9e-05	9e-05	0.40011	0.10781	9e-05	9e-05	9e-05	0.12915	0.07266	0.14751	9e-05	0.12049	0.10781	0.05602	0.1278	0.14075	0.27071	0.13147	9e-05	9e-05	0.22165	9e-05	0.1802	0.0995	9e-05	0.05841	9e-05	0.10781	9e-05	0.05602	0.40011	9e-05	9e-05	9e-05	0.20734	9e-05	0.13147	0.73833	9e-05	9e-05	9e-05	0.09602	0.12049	0.22165	0.22165	0.22936	0.10781	9e-05	9e-05	9e-05	0.07266	9e-05	0.12049	9e-05	9e-05	9e-05	9e-05	0.12049	9e-05	9e-05	9e-05	0.0	0.22165	0.16978	9e-05	0.12915	0.21736	0.05602	9e-05	9e-05	9e-05	0.09602	0.21736	0.09618	
0.00807	0.0	0.0	0.38042	0.0	0.0	0.0	0.0	0.01967	0.0	0.0	0.00601	0.0	0.0	0.0	0.0	0.0166	0.02111	0.01756	0.0	0.02296	0.02296	0.0	0.40171	0.0	0.0	0.0	0.01756	0.0	0.0	0.02121	0.0	0.00015	0.0	0.02111	0.0	0.06689	0.02111	0.0	0.0	0.01756	0.0	0.0	0.0	0.0	0.0	0.031	0.0	0.0	0.0	0.0	0.0	0.02821	0.0	0.02111	0.0	0.0	0.0	0.0166	0.02512	0.04933	0.0	0.0	0.0	0.00015	0.0	0.0	0.0	0.0	0.0166	0.02111	0.04008	0.0	0.0	0.0	0.01756	0.01975	0.32002	0.02323	0.09875	0.0	0.0	0.02296	0.0	0.42994	0.04971	0.0	0.20859	0.0	0.0	0.0	0.01756	0.00015	0.0	0.0	0.0	0.09716	0.0	0.09875	0.0	0.0	0.0	0.0	0.01469	0.0	0.02296	0.02296	0.02821	0.0	0.0	0.0	0.0	0.02111	0.0	0.0	0.0	0.0	0.0	0.0	0.0	0.0	0.0	0.0	0.0	0.02296	0.03394	0.0	0.0166	0.046	0.01756	0.0	0.0	0.0	0.01469	0.046	0.10973	
0.00807	0.0	0.0	0.40263	0.0	0.0	0.0	0.0	0.02128	0.0	0.0	0.00015	0.0	0.0	0.0	0.0	0.00615	0.00841	0.00688	0.0	0.00877	0.00877	0.0	0.42521	0.0	0.0	0.0	0.00688	0.0	0.0	0.00807	0.0	0.01686	0.0	0.00841	0.0	0.10552	0.00841	0.0	0.0	0.00688	0.0	0.55215	0.00708	0.0	0.0	0.01178	0.0	0.0	0.0	0.0	0.0	0.01065	0.0	0.00841	0.0	0.0	0.0	0.00615	0.00936	0.0173	0.0	0.0	0.0	0.01686	0.0	0.0	0.0	0.0	0.00615	0.00841	0.0584	0.0	0.00708	0.0	0.00688	0.01049	0.33163	0.00859	0.03212	0.0	0.0	0.00877	0.0	0.45831	0.00895	0.0	0.2698	0.0	0.0	0.0	0.00688	0.01686	0.0	0.0	0.0	0.14111	0.0	0.03212	0.0	0.0	0.0	0.0	0.00552	0.00708	0.00877	0.00877	0.01065	0.0	0.0	0.0	0.0	0.00841	0.0	0.00708	0.0	0.0	0.0	0.0	0.00708	0.0	0.0	0.0	0.0	0.00877	0.01223	0.0	0.00615	0.01672	0.00688	0.0	0.0	0.0	0.00552	0.01672	0.00018	
0.07314	0.00015	0.31718	0.58208	0.00015	0.00015	0.00015	0.00015	0.13236	0.00601	0.00015	0.0	0.00015	0.00015	0.00015	0.00015	0.05445	0.06616	0.19454	0.0	0.34882	0.34882	0.31718	0.58604	0.00015	0.00015	0.00015	0.19454	0.31718	0.00015	0.09135	0.00015	0.21321	0.00015	0.06616	0.31718	0.40612	0.06616	0.00015	0.00015	0.19454	0.00015	0.25935	0.05084	0.00015	0.00015	0.0174	0.00015	0.31718	0.31718	0.31718	0.00015	0.26797	0.00015	0.06616	0.0	0.00015	0.00015	0.05445	0.16593	0.04492	0.00015	0.00015	0.00015	0.21321	0.31718	0.00015	0.00015	0.00015	0.05445	0.06616	0.30331	0.00015	0.05084	0.31718	0.19454	0.18521	0.29379	0.27761	0.22285	0.00015	0.00015	0.34882	0.00015	0.26173	0.08829	0.00015	0.13525	0.00015	0.31718	0.00015	0.05203	0.21321	0.00015	0.00015	0.00015	0.12384	0.00015	0.22285	0.0	0.00015	0.00015	0.00015	0.04276	0.05084	0.34882	0.34882	0.26797	0.31718	0.00015	0.00015	0.00015	0.06616	0.00015	0.05084	0.00015	0.00015	0.00015	0.00015	0.05084	0.00015	0.00015	0.00015	0.0	0.34882	0.08746	0.00015	0.05445	0.00868	0.05203	0.00015	0.00015	0.00015	0.04276	0.00868	0.08398	
0.00028	0.0	0.00027	0.0001	0.0	0.0	0.0	0.0	9e-05	0.0	0.0	0.00015	0.0	0.0	0.0	0.0	0.00028	0.00021	0.00024	0.0	0.00017	0.00017	0.00027	0.00013	0.0	0.0	0.0	0.00024	0.00027	0.0	8e-05	0.0	0.00017	0.0	0.00021	0.00027	0.00016	0.00021	0.0	0.0	0.00024	0.0	0.00012	0.00024	0.0	0.0	0.00014	0.0	0.00027	0.00027	0.00027	0.0	5e-05	0.0	0.00021	0.0	0.0	0.0	0.00028	2e-05	6e-05	0.0	0.0	0.0	0.00017	0.00027	0.0	0.0	0.0	0.00028	0.00021	8e-05	0.0	0.00024	0.00027	0.00024	6e-05	9e-05	8e-05	0.0001	0.0	0.0	0.00017	0.0	0.00012	0.00017	0.0	0.00016	0.0	0.00027	0.0	0.00024	0.00017	0.0	0.0	0.0	0.0002	0.0	0.0001	0.00054	0.0	0.0	0.0	0.00032	0.00024	0.00017	0.00017	5e-05	0.00027	0.0	0.0	0.0	0.00021	0.0	0.00024	0.0	0.0	0.0	0.0	0.00024	0.0	0.0	0.0	0.0	0.00017	0.00015	0.0	0.00028	0.00012	0.00024	0.0	0.0	0.0	0.00032	0.00012	0.00018	
0.00028	0.0	0.00027	0.0001	0.0	0.0	0.0	0.0	9e-05	0.0	0.0	0.00015	0.0	0.0	0.0	0.0	0.00028	0.00021	0.00024	0.0	0.00017	0.00017	0.00027	0.00013	0.0	0.0	0.0	0.00024	0.00027	0.0	8e-05	0.0	0.00017	0.0	0.00021	0.00027	0.00016	0.00021	0.0	0.0	0.00024	0.0	0.00012	0.00024	0.0	0.0	0.00014	0.0	0.00027	0.00027	0.00027	0.0	5e-05	0.0	0.00021	0.0	0.0	0.0	0.00028	2e-05	6e-05	0.0	0.0	0.0	0.00017	0.00027	0.0	0.0	0.0	0.00028	0.00021	8e-05	0.0	0.00024	0.00027	0.00024	6e-05	9e-05	8e-05	0.0001	0.0	0.0	0.00017	0.0	0.00012	0.00017	0.0	0.00016	0.0	0.00027	0.0	0.00024	0.00017	0.0	0.0	0.0	0.0002	0.0	0.0001	0.00054	0.0	0.0	0.0	0.00032	0.00024	0.00017	0.00017	5e-05	0.00027	0.0	0.0	0.0	0.00021	0.0	0.00024	0.0	0.0	0.0	0.0	0.00024	0.0	0.0	0.0	0.0	0.00017	0.00015	0.0	0.00028	0.00012	0.00024	0.0	0.0	0.0	0.00032	0.00012	0.00018	
0.00028	0.0	0.00027	0.0001	0.0	0.0	0.0	0.0	9e-05	0.0	0.0	0.00015	0.0	0.0	0.0	0.0	0.00028	0.00021	0.00024	0.0	0.00017	0.00017	0.00027	0.00013	0.0	0.0	0.0	0.00024	0.00027	0.0	8e-05	0.0	0.00017	0.0	0.00021	0.00027	0.00016	0.00021	0.0	0.0	0.00024	0.0	0.00012	0.00024	0.0	0.0	0.00014	0.0	0.00027	0.00027	0.00027	0.0	5e-05	0.0	0.00021	0.0	0.0	0.0	0.00028	2e-05	6e-05	0.0	0.0	0.0	0.00017	0.00027	0.0	0.0	0.0	0.00028	0.00021	8e-05	0.0	0.00024	0.00027	0.00024	6e-05	9e-05	8e-05	0.0001	0.0	0.0	0.00017	0.0	0.00012	0.00017	0.0	0.00016	0.0	0.00027	0.0	0.00024	0.00017	0.0	0.0	0.0	0.0002	0.0	0.0001	0.00054	0.0	0.0	0.0	0.00032	0.00024	0.00017	0.00017	5e-05	0.00027	0.0	0.0	0.0	0.00021	0.0	0.00024	0.0	0.0	0.0	0.0	0.00024	0.0	0.0	0.0	0.0	0.00017	0.00015	0.0	0.00028	0.00012	0.00024	0.0	0.0	0.0	0.00032	0.00012	0.00018	
0.00028	0.0	0.00027	0.0001	0.0	0.0	0.0	0.0	9e-05	0.0	0.0	0.00015	0.0	0.0	0.0	0.0	0.00028	0.00021	0.00024	0.0	0.00017	0.00017	0.00027	0.00013	0.0	0.0	0.0	0.00024	0.00027	0.0	8e-05	0.0	0.00017	0.0	0.00021	0.00027	0.00016	0.00021	0.0	0.0	0.00024	0.0	0.00012	0.00024	0.0	0.0	0.00014	0.0	0.00027	0.00027	0.00027	0.0	5e-05	0.0	0.00021	0.0	0.0	0.0	0.00028	2e-05	6e-05	0.0	0.0	0.0	0.00017	0.00027	0.0	0.0	0.0	0.00028	0.00021	8e-05	0.0	0.00024	0.00027	0.00024	6e-05	9e-05	8e-05	0.0001	0.0	0.0	0.00017	0.0	0.00012	0.00017	0.0	0.00016	0.0	0.00027	0.0	0.00024	0.00017	0.0	0.0	0.0	0.0002	0.0	0.0001	0.00054	0.0	0.0	0.0	0.00032	0.00024	0.00017	0.00017	5e-05	0.00027	0.0	0.0	0.0	0.00021	0.0	0.00024	0.0	0.0	0.0	0.0	0.00024	0.0	0.0	0.0	0.0	0.00017	0.00015	0.0	0.00028	0.00012	0.00024	0.0	0.0	0.0	0.00032	0.00012	0.00018	
1.00055	0.00028	0.02773	0.03853	0.00028	0.00028	0.00028	0.00028	0.12915	0.0166	0.00615	0.05445	0.00028	0.00028	0.00028	0.00028	0.0	0.02076	0.01711	0.0	0.02446	0.02446	0.02773	0.05022	0.00028	0.00028	0.00028	0.01711	0.02773	0.00028	0.02577	0.00028	0.13802	0.00028	0.02076	0.02773	0.04823	0.02076	0.00028	0.00028	0.01711	0.00028	0.03283	0.01675	0.00028	0.00028	0.03237	0.00028	0.02773	0.02773	0.02773	0.00028	0.03286	0.00028	0.02076	0.0	0.00028	0.00028	0.99947	0.03124	0.36028	0.00028	0.00028	0.00028	0.13802	0.02773	0.00028	0.00028	0.00028	0.99947	0.02076	0.05538	0.00028	0.01675	0.02773	0.01711	0.21043	0.15555	0.02878	0.07323	0.00028	0.00028	0.02446	0.00028	0.0356	0.02626	0.00028	0.03726	0.00028	0.02773	0.00028	0.01711	0.13802	0.00028	0.00028	0.00028	0.04377	0.00028	0.07323	0.1219	0.00028	0.00028	0.00028	0.01463	0.01675	0.02446	0.02446	0.03286	0.02773	0.00028	0.00028	0.00028	0.02076	0.00028	0.01675	0.00028	0.00028	0.00028	0.00028	0.01675	0.00028	0.00028	0.00028	0.0	0.02446	0.21065	0.00028	0.99947	0.04511	0.01711	0.00028	0.00028	0.00028	0.01463	0.04511	0.03894	
0.02518	0.00021	0.03269	0.04655	0.00021	0.00021	0.00021	0.00021	0.07266	0.02111	0.00841	0.06616	0.00021	0.00021	0.00021	0.00021	0.02076	0.0	0.01983	0.0	0.02874	0.02874	0.03269	0.14175	0.00021	0.00021	0.00021	0.01983	0.03269	0.00021	0.59029	0.00021	0.06008	0.00021	0.99947	0.03269	0.05783	0.99947	0.00021	0.00021	0.01983	0.00021	0.03943	0.0194	0.00021	0.00021	0.33211	0.00021	0.03269	0.03269	0.03269	0.00021	0.47884	0.00021	0.99947	0.0	0.00021	0.00021	0.02076	0.40436	0.14614	0.00021	0.00021	0.00021	0.06008	0.03269	0.00021	0.00021	0.00021	0.02076	0.99947	0.39172	0.00021	0.0194	0.03269	0.01983	0.04134	0.1983	0.03441	0.10785	0.00021	0.00021	0.02874	0.00021	0.45671	0.03092	0.00021	0.04436	0.00021	0.03269	0.00021	0.01983	0.06008	0.00021	0.00021	0.00021	0.20554	0.00021	0.10785	0.20556	0.00021	0.00021	0.00021	0.01685	0.0194	0.02874	0.02874	0.47884	0.03269	0.00021	0.00021	0.00021	0.99947	0.00021	0.0194	0.00021	0.00021	0.00021	0.00021	0.0194	0.00021	0.00021	0.00021	0.0	0.02874	0.04402	0.00021	0.02076	0.19638	0.01983	0.00021	0.00021	0.00021	0.01685	0.19638	0.0471	
0.02051	0.00024	0.02643	0.03649	0.00024	0.00024	0.00024	0.00024	0.05602	0.01756	0.00688	0.19454	0.00024	0.00024	0.00024	0.00024	0.01711	0.01983	0.0	0.0	0.02334	0.02334	0.02643	0.04766	0.00024	0.00024	0.00024	0.99935	0.02643	0.00024	0.02449	0.00024	0.04751	0.00024	0.01983	0.02643	0.04578	0.01983	0.00024	0.00024	0.99935	0.00024	0.03114	0.01604	0.00024	0.00024	0.24303	0.00024	0.02643	0.02643	0.02643	0.00024	0.03116	0.00024	0.01983	0.0	0.00024	0.00024	0.01711	0.33937	0.11024	0.00024	0.00024	0.00024	0.04751	0.02643	0.00024	0.00024	0.00024	0.01711	0.01983	0.05233	0.00024	0.01604	0.02643	0.99935	0.40111	0.04392	0.02733	0.08377	0.00024	0.00024	0.02334	0.00024	0.03374	0.02504	0.00024	0.03543	0.00024	0.02643	0.00024	0.01637	0.04751	0.00024	0.00024	0.00024	0.04157	0.00024	0.08377	0.15697	0.00024	0.00024	0.00024	0.01402	0.01604	0.02334	0.02334	0.03116	0.02643	0.00024	0.00024	0.00024	0.01983	0.00024	0.01604	0.00024	0.00024	0.00024	0.00024	0.01604	0.00024	0.00024	0.00024	0.0	0.02334	0.03516	0.00024	0.01711	0.14899	0.01637	0.00024	0.00024	0.00024	0.01402	0.14899	0.03745	
0.0	0.0	0.0	0.0	0.0	0.0	0.0	0.0	0.0	0.0	0.0	0.0	0.0	0.0	0.0	0.0	0.0	0.0	0.0	0.0	0.0	0.0	0.0	0.0	0.0	0.0	0.0	0.0	0.0	0.0	0.0	0.0	0.0	0.0	0.0	0.0	0.0	0.0	0.0	0.0	0.0	0.0	0.0	0.0	0.0	0.0	0.0	0.0	0.0	0.0	0.0	0.0	0.0	0.0	0.0	0.0	0.0	0.0	0.0	0.0	0.0	0.0	0.0	0.0	0.0	0.0	0.0	0.0	0.0	0.0	0.0	0.0	0.0	0.0	0.0	0.0	0.0	0.0	0.0	0.0	0.0	0.0	0.0	0.0	0.0	0.0	0.0	0.0	0.0	0.0	0.0	0.0	0.0	0.0	0.0	0.0	0.0	0.0	0.0	0.0	0.0	0.0	0.0	0.0	0.0	0.0	0.0	0.0	0.0	0.0	0.0	0.0	0.0	0.0	0.0	0.0	0.0	0.0	0.0	0.0	0.0	0.0	0.0	0.0	0.0	0.0	0.0	0.0	0.0	0.0	0.0	0.0	0.0	0.0	0.0	0.0	
0.02965	0.00017	0.03917	0.49508	0.00017	0.00017	0.00017	0.00017	0.22165	0.02296	0.00877	0.34882	0.00017	0.00017	0.00017	0.00017	0.02446	0.02874	0.02334	0.0	0.0	0.99952	0.03917	0.503	0.00017	0.00017	0.00017	0.02334	0.03917	0.00017	0.03718	0.00017	0.07345	0.00017	0.02874	0.03917	0.22862	0.02874	0.00017	0.00017	0.02334	0.00017	0.04818	0.02281	0.00017	0.00017	0.04626	0.00017	0.03917	0.03917	0.03917	0.00017	0.54955	0.00017	0.02874	0.0	0.00017	0.00017	0.02446	0.04644	0.07498	0.00017	0.00017	0.00017	0.07345	0.03917	0.00017	0.00017	0.00017	0.02446	0.02874	0.16713	0.00017	0.02281	0.03917	0.02334	0.05061	0.06994	0.62571	0.13441	0.00017	0.00017	0.99952	0.00017	0.05262	0.03699	0.00017	0.05372	0.00017	0.03917	0.00017	0.02334	0.07345	0.00017	0.00017	0.00017	0.06369	0.00017	0.13441	0.26269	0.00017	0.00017	0.00017	0.0197	0.02281	0.99952	0.99952	0.54955	0.03917	0.00017	0.00017	0.00017	0.02874	0.00017	0.02281	0.00017	0.00017	0.00017	0.00017	0.02281	0.00017	0.00017	0.00017	0.0	0.99952	0.34954	0.00017	0.02446	0.0658	0.02334	0.00017	0.00017	0.00017	0.0197	0.0658	0.05673	
0.02965	0.00017	0.03917	0.49508	0.00017	0.00017	0.00017	0.00017	0.22165	0.02296	0.00877	0.34882	0.00017	0.00017	0.00017	0.00017	0.02446	0.02874	0.02334	0.0	0.99952	0.0	0.03917	0.503	0.00017	0.00017	0.00017	0.02334	0.03917	0.00017	0.03718	0.00017	0.07345	0.00017	0.02874	0.03917	0.22862	0.02874	0.00017	0.00017	0.02334	0.00017	0.04818	0.02281	0.00017	0.00017	0.04626	0.00017	0.03917	0.03917	0.03917	0.00017	0.54955	0.00017	0.02874	0.0	0.00017	0.00017	0.02446	0.04644	0.07498	0.00017	0.00017	0.00017	0.07345	0.03917	0.00017	0.00017	0.00017	0.02446	0.02874	0.16713	0.00017	0.02281	0.03917	0.02334	0.05061	0.06994	0.62571	0.13441	0.00017	0.00017	0.99952	0.00017	0.05262	0.03699	0.00017	0.05372	0.00017	0.03917	0.00017	0.02334	0.07345	0.00017	0.00017	0.00017	0.06369	0.00017	0.13441	0.26269	0.00017	0.00017	0.00017	0.0197	0.02281	0.99952	0.99952	0.54955	0.03917	0.00017	0.00017	0.00017	0.02874	0.00017	0.02281	0.00017	0.00017	0.00017	0.00017	0.02281	0.00017	0.00017	0.00017	0.0	0.99952	0.34954	0.00017	0.02446	0.0658	0.02334	0.00017	0.00017	0.00017	0.0197	0.0658	0.05673	
0.03444	0.00027	0.99978	0.54389	0.00027	0.00027	0.00027	0.00027	0.10781	0.0	0.0	0.31718	0.00027	0.00027	0.00027	0.00027	0.02773	0.03269	0.02643	0.0	0.03917	0.03917	0.0	0.55104	0.00027	0.00027	0.00027	0.02643	0.99978	0.00027	0.04292	0.00027	0.08544	0.00027	0.03269	0.99978	0.27743	0.03269	0.00027	0.00027	0.02643	0.00027	0.62056	0.02582	0.00027	0.00027	0.05322	0.00027	0.99978	0.99978	0.99978	0.00027	0.05622	0.00027	0.03269	0.0	0.00027	0.00027	0.02773	0.05422	0.08812	0.00027	0.00027	0.00027	0.08544	0.99978	0.00027	0.00027	0.00027	0.02773	0.03269	0.20282	0.00027	0.02582	0.99978	0.02643	0.05889	0.4955	0.04843	0.12915	0.00027	0.00027	0.03917	0.00027	0.5758	0.04233	0.00027	0.43402	0.00027	0.99978	0.00027	0.02643	0.08544	0.00027	0.00027	0.00027	0.32463	0.00027	0.12915	1.12107	0.00027	0.00027	0.00027	0.02222	0.02582	0.03917	0.03917	0.05622	0.99978	0.00027	0.00027	0.00027	0.03269	0.00027	0.02582	0.00027	0.00027	0.00027	0.00027	0.02582	0.00027	0.00027	0.00027	0.0	0.03917	0.06153	0.00027	0.02773	0.07635	0.02643	0.00027	0.00027	0.00027	0.02222	0.07635	0.38259	
0.06724	0.00013	0.55104	1.00601	0.00013	0.00013	0.00013	0.00013	0.29329	0.40171	0.42521	0.58604	0.00013	0.00013	0.00013	0.00013	0.05022	0.14175	0.04766	0.0	0.503	0.503	0.55104	0.0	0.00013	0.00013	0.00013	0.04766	0.55104	0.00013	0.14969	0.00013	0.20732	0.00013	0.14175	0.55104	0.72145	0.14175	0.00013	0.00013	0.04766	0.00013	0.44794	0.04644	0.00013	0.00013	0.08087	0.00013	0.55104	0.55104	0.55104	0.00013	0.64276	0.00013	0.14175	0.0	0.00013	0.00013	0.05022	0.16669	0.14997	0.00013	0.00013	0.00013	0.20732	0.55104	0.00013	0.00013	0.00013	0.05022	0.14175	0.85688	0.00013	0.04644	0.55104	0.04766	0.13628	0.47436	0.41951	0.21185	0.00013	0.00013	0.503	0.00013	0.68962	0.08372	0.00013	0.3027	0.00013	0.55104	0.00013	0.04766	0.20732	0.00013	0.00013	0.00013	0.57208	0.00013	0.21185	1.33975	0.00013	0.00013	0.00013	0.03878	0.04644	0.503	0.503	0.64276	0.55104	0.00013	0.00013	0.00013	0.14175	0.00013	0.04644	0.00013	0.00013	0.00013	0.00013	0.04644	0.00013	0.00013	0.00013	0.0	0.503	0.25221	0.00013	0.05022	0.11088	0.04766	0.00013	0.00013	0.00013	0.03878	0.11088	0.29756	
0.00028	0.0	0.00027	0.0001	0.0	0.0	0.0	0.0	9e-05	0.0	0.0	0.00015	0.0	0.0	0.0	0.0	0.00028	0.00021	0.00024	0.0	0.00017	0.00017	0.00027	0.00013	0.0	0.0	0.0	0.00024	0.00027	0.0	8e-05	0.0	0.00017	0.0	0.00021	0.00027	0.00016	0.00021	0.0	0.0	0.00024	0.0	0.00012	0.00024	0.0	0.0	0.00014	0.0	0.00027	0.00027	0.00027	0.0	5e-05	0.0	0.00021	0.0	0.0	0.0	0.00028	2e-05	6e-05	0.0	0.0	0.0	0.00017	0.00027	0.0	0.0	0.0	0.00028	0.00021	8e-05	0.0	0.00024	0.00027	0.00024	6e-05	9e-05	8e-05	0.0001	0.0	0.0	0.00017	0.0	0.00012	0.00017	0.0	0.00016	0.0	0.00027	0.0	0.00024	0.00017	0.0	0.0	0.0	0.0002	0.0	0.0001	0.00054	0.0	0.0	0.0	0.00032	0.00024	0.00017	0.00017	5e-05	0.00027	0.0	0.0	0.0	0.00021	0.0	0.00024	0.0	0.0	0.0	0.0	0.00024	0.0	0.0	0.0	0.0	0.00017	0.00015	0.0	0.00028	0.00012	0.00024	0.0	0.0	0.0	0.00032	0.00012	0.00018	
0.00028	0.0	0.00027	0.0001	0.0	0.0	0.0	0.0	9e-05	0.0	0.0	0.00015	0.0	0.0	0.0	0.0	0.00028	0.00021	0.00024	0.0	0.00017	0.00017	0.00027	0.00013	0.0	0.0	0.0	0.00024	0.00027	0.0	8e-05	0.0	0.00017	0.0	0.00021	0.00027	0.00016	0.00021	0.0	0.0	0.00024	0.0	0.00012	0.00024	0.0	0.0	0.00014	0.0	0.00027	0.00027	0.00027	0.0	5e-05	0.0	0.00021	0.0	0.0	0.0	0.00028	2e-05	6e-05	0.0	0.0	0.0	0.00017	0.00027	0.0	0.0	0.0	0.00028	0.00021	8e-05	0.0	0.00024	0.00027	0.00024	6e-05	9e-05	8e-05	0.0001	0.0	0.0	0.00017	0.0	0.00012	0.00017	0.0	0.00016	0.0	0.00027	0.0	0.00024	0.00017	0.0	0.0	0.0	0.0002	0.0	0.0001	0.00054	0.0	0.0	0.0	0.00032	0.00024	0.00017	0.00017	5e-05	0.00027	0.0	0.0	0.0	0.00021	0.0	0.00024	0.0	0.0	0.0	0.0	0.00024	0.0	0.0	0.0	0.0	0.00017	0.00015	0.0	0.00028	0.00012	0.00024	0.0	0.0	0.0	0.00032	0.00012	0.00018	
0.00028	0.0	0.00027	0.0001	0.0	0.0	0.0	0.0	9e-05	0.0	0.0	0.00015	0.0	0.0	0.0	0.0	0.00028	0.00021	0.00024	0.0	0.00017	0.00017	0.00027	0.00013	0.0	0.0	0.0	0.00024	0.00027	0.0	8e-05	0.0	0.00017	0.0	0.00021	0.00027	0.00016	0.00021	0.0	0.0	0.00024	0.0	0.00012	0.00024	0.0	0.0	0.00014	0.0	0.00027	0.00027	0.00027	0.0	5e-05	0.0	0.00021	0.0	0.0	0.0	0.00028	2e-05	6e-05	0.0	0.0	0.0	0.00017	0.00027	0.0	0.0	0.0	0.00028	0.00021	8e-05	0.0	0.00024	0.00027	0.00024	6e-05	9e-05	8e-05	0.0001	0.0	0.0	0.00017	0.0	0.00012	0.00017	0.0	0.00016	0.0	0.00027	0.0	0.00024	0.00017	0.0	0.0	0.0	0.0002	0.0	0.0001	0.00054	0.0	0.0	0.0	0.00032	0.00024	0.00017	0.00017	5e-05	0.00027	0.0	0.0	0.0	0.00021	0.0	0.00024	0.0	0.0	0.0	0.0	0.00024	0.0	0.0	0.0	0.0	0.00017	0.00015	0.0	0.00028	0.00012	0.00024	0.0	0.0	0.0	0.00032	0.00012	0.00018	
0.02051	0.00024	0.02643	0.03649	0.00024	0.00024	0.00024	0.00024	0.05602	0.01756	0.00688	0.19454	0.00024	0.00024	0.00024	0.00024	0.01711	0.01983	0.99935	0.0	0.02334	0.02334	0.02643	0.04766	0.00024	0.00024	0.00024	0.0	0.02643	0.00024	0.02449	0.00024	0.04751	0.00024	0.01983	0.02643	0.04578	0.01983	0.00024	0.00024	0.99935	0.00024	0.03114	0.01604	0.00024	0.00024	0.24303	0.00024	0.02643	0.02643	0.02643	0.00024	0.03116	0.00024	0.01983	0.0	0.00024	0.00024	0.01711	0.33937	0.11024	0.00024	0.00024	0.00024	0.04751	0.02643	0.00024	0.00024	0.00024	0.01711	0.01983	0.05233	0.00024	0.01604	0.02643	0.99935	0.40111	0.04392	0.02733	0.08377	0.00024	0.00024	0.02334	0.00024	0.03374	0.02504	0.00024	0.03543	0.00024	0.02643	0.00024	0.01637	0.04751	0.00024	0.00024	0.00024	0.04157	0.00024	0.08377	0.15697	0.00024	0.00024	0.00024	0.01402	0.01604	0.02334	0.02334	0.03116	0.02643	0.00024	0.00024	0.00024	0.01983	0.00024	0.01604	0.00024	0.00024	0.00024	0.00024	0.01604	0.00024	0.00024	0.00024	0.0	0.02334	0.03516	0.00024	0.01711	0.14899	0.01637	0.00024	0.00024	0.00024	0.01402	0.14899	0.03745	
0.03444	0.00027	0.99978	0.54389	0.00027	0.00027	0.00027	0.00027	0.10781	0.0	0.0	0.31718	0.00027	0.00027	0.00027	0.00027	0.02773	0.03269	0.02643	0.0	0.03917	0.03917	0.99978	0.55104	0.00027	0.00027	0.00027	0.02643	0.0	0.00027	0.04292	0.00027	0.08544	0.00027	0.03269	0.99978	0.27743	0.03269	0.00027	0.00027	0.02643	0.00027	0.62056	0.02582	0.00027	0.00027	0.05322	0.00027	0.99978	0.99978	0.99978	0.00027	0.05622	0.00027	0.03269	0.0	0.00027	0.00027	0.02773	0.05422	0.08812	0.00027	0.00027	0.00027	0.08544	0.99978	0.00027	0.00027	0.00027	0.02773	0.03269	0.20282	0.00027	0.02582	0.99978	0.02643	0.05889	0.4955	0.04843	0.12915	0.00027	0.00027	0.03917	0.00027	0.5758	0.04233	0.00027	0.43402	0.00027	0.99978	0.00027	0.02643	0.08544	0.00027	0.00027	0.00027	0.32463	0.00027	0.12915	1.12107	0.00027	0.00027	0.00027	0.02222	0.02582	0.03917	0.03917	0.05622	0.99978	0.00027	0.00027	0.00027	0.03269	0.00027	0.02582	0.00027	0.00027	0.00027	0.00027	0.02582	0.00027	0.00027	0.00027	0.0	0.03917	0.06153	0.00027	0.02773	0.07635	0.02643	0.00027	0.00027	0.00027	0.02222	0.07635	0.38259	
0.00028	0.0	0.00027	0.0001	0.0	0.0	0.0	0.0	9e-05	0.0	0.0	0.00015	0.0	0.0	0.0	0.0	0.00028	0.00021	0.00024	0.0	0.00017	0.00017	0.00027	0.00013	0.0	0.0	0.0	0.00024	0.00027	0.0	8e-05	0.0	0.00017	0.0	0.00021	0.00027	0.00016	0.00021	0.0	0.0	0.00024	0.0	0.00012	0.00024	0.0	0.0	0.00014	0.0	0.00027	0.00027	0.00027	0.0	5e-05	0.0	0.00021	0.0	0.0	0.0	0.00028	2e-05	6e-05	0.0	0.0	0.0	0.00017	0.00027	0.0	0.0	0.0	0.00028	0.00021	8e-05	0.0	0.00024	0.00027	0.00024	6e-05	9e-05	8e-05	0.0001	0.0	0.0	0.00017	0.0	0.00012	0.00017	0.0	0.00016	0.0	0.00027	0.0	0.00024	0.00017	0.0	0.0	0.0	0.0002	0.0	0.0001	0.00054	0.0	0.0	0.0	0.00032	0.00024	0.00017	0.00017	5e-05	0.00027	0.0	0.0	0.0	0.00021	0.0	0.00024	0.0	0.0	0.0	0.0	0.00024	0.0	0.0	0.0	0.0	0.00017	0.00015	0.0	0.00028	0.00012	0.00024	0.0	0.0	0.0	0.00032	0.00012	0.00018	
0.03135	8e-05	0.04292	0.06728	8e-05	8e-05	8e-05	8e-05	0.13555	0.02121	0.00807	0.09135	8e-05	8e-05	8e-05	8e-05	0.02577	0.59029	0.02449	0.0	0.03718	0.03718	0.04292	0.14969	8e-05	8e-05	8e-05	0.02449	0.04292	8e-05	0.0	8e-05	0.11723	8e-05	0.59029	0.04292	0.08052	0.59029	8e-05	8e-05	0.02449	8e-05	0.05563	0.0239	8e-05	8e-05	0.25233	8e-05	0.04292	0.04292	0.04292	8e-05	0.38025	8e-05	0.59029	0.0	8e-05	8e-05	0.02577	0.68478	0.14603	8e-05	8e-05	8e-05	0.11723	0.04292	8e-05	8e-05	8e-05	0.02577	0.59029	0.35188	8e-05	0.0239	0.04292	0.02449	0.05867	0.18812	0.2875	0.12255	8e-05	8e-05	0.03718	8e-05	0.37064	0.18247	8e-05	0.13475	8e-05	0.04292	8e-05	0.02449	0.11723	8e-05	8e-05	8e-05	0.17651	8e-05	0.12255	0.218	8e-05	8e-05	8e-05	0.42617	0.0239	0.03718	0.03718	0.38025	0.04292	8e-05	8e-05	8e-05	0.59029	8e-05	0.0239	8e-05	8e-05	8e-05	8e-05	0.0239	8e-05	8e-05	8e-05	0.0	0.03718	0.05975	8e-05	0.02577	0.171	0.02449	8e-05	8e-05	8e-05	0.02037	0.171	0.1892	
0.00028	0.0	0.00027	0.0001	0.0	0.0	0.0	0.0	9e-05	0.0	0.0	0.00015	0.0	0.0	0.0	0.0	0.00028	0.00021	0.00024	0.0	0.00017	0.00017	0.00027	0.00013	0.0	0.0	0.0	0.00024	0.00027	0.0	8e-05	0.0	0.00017	0.0	0.00021	0.00027	0.00016	0.00021	0.0	0.0	0.00024	0.0	0.00012	0.00024	0.0	0.0	0.00014	0.0	0.00027	0.00027	0.00027	0.0	5e-05	0.0	0.00021	0.0	0.0	0.0	0.00028	2e-05	6e-05	0.0	0.0	0.0	0.00017	0.00027	0.0	0.0	0.0	0.00028	0.00021	8e-05	0.0	0.00024	0.00027	0.00024	6e-05	9e-05	8e-05	0.0001	0.0	0.0	0.00017	0.0	0.00012	0.00017	0.0	0.00016	0.0	0.00027	0.0	0.00024	0.00017	0.0	0.0	0.0	0.0002	0.0	0.0001	0.00054	0.0	0.0	0.0	0.00032	0.00024	0.00017	0.00017	5e-05	0.00027	0.0	0.0	0.0	0.00021	0.0	0.00024	0.0	0.0	0.0	0.0	0.00024	0.0	0.0	0.0	0.0	0.00017	0.00015	0.0	0.00028	0.00012	0.00024	0.0	0.0	0.0	0.00032	0.00012	0.00018	
0.22026	0.00017	0.08544	0.14068	0.00017	0.00017	0.00017	0.00017	0.40011	0.00015	0.01686	0.21321	0.00017	0.00017	0.00017	0.00017	0.13802	0.06008	0.04751	0.0	0.07345	0.07345	0.08544	0.20732	0.00017	0.00017	0.00017	0.04751	0.08544	0.00017	0.11723	0.00017	0.0	0.00017	0.06008	0.08544	0.17043	0.06008	0.00017	0.00017	0.04751	0.00017	0.14243	0.12646	0.00017	0.00017	0.10363	0.00017	0.08544	0.08544	0.08544	0.00017	0.11466	0.00017	0.06008	0.0	0.00017	0.00017	0.13802	0.12698	0.19044	0.00017	0.00017	0.00017	0.99978	0.08544	0.00017	0.00017	0.00017	0.13802	0.06008	0.2258	0.00017	0.12646	0.08544	0.04751	0.2378	0.05847	0.12422	0.29649	0.00017	0.00017	0.07345	0.00017	0.12672	0.24159	0.00017	0.00171	0.00017	0.08544	0.00017	0.04751	0.99978	0.00017	0.00017	0.00017	0.15061	0.00017	0.29649	1.2985	0.00017	0.00017	0.00017	0.10529	0.12646	0.07345	0.07345	0.11466	0.08544	0.00017	0.00017	0.00017	0.06008	0.00017	0.12646	0.00017	0.00017	0.00017	0.00017	0.12646	0.00017	0.00017	0.00017	0.0	0.07345	0.00147	0.00017	0.13802	0.15667	0.04751	0.00017	0.00017	0.00017	0.10529	0.15667	0.23274	
0.00028	0.0	0.00027	0.0001	0.0	0.0	0.0	0.0	9e-05	0.0	0.0	0.00015	0.0	0.0	0.0	0.0	0.00028	0.00021	0.00024	0.0	0.00017	0.00017	0.00027	0.00013	0.0	0.0	0.0	0.00024	0.00027	0.0	8e-05	0.0	0.00017	0.0	0.00021	0.00027	0.00016	0.00021	0.0	0.0	0.00024	0.0	0.00012	0.00024	0.0	0.0	0.00014	0.0	0.00027	0.00027	0.00027	0.0	5e-05	0.0	0.00021	0.0	0.0	0.0	0.00028	2e-05	6e-05	0.0	0.0	0.0	0.00017	0.00027	0.0	0.0	0.0	0.00028	0.00021	8e-05	0.0	0.00024	0.00027	0.00024	6e-05	9e-05	8e-05	0.0001	0.0	0.0	0.00017	0.0	0.00012	0.00017	0.0	0.00016	0.0	0.00027	0.0	0.00024	0.00017	0.0	0.0	0.0	0.0002	0.0	0.0001	0.00054	0.0	0.0	0.0	0.00032	0.00024	0.00017	0.00017	5e-05	0.00027	0.0	0.0	0.0	0.00021	0.0	0.00024	0.0	0.0	0.0	0.0	0.00024	0.0	0.0	0.0	0.0	0.00017	0.00015	0.0	0.00028	0.00012	0.00024	0.0	0.0	0.0	0.00032	0.00012	0.00018	
0.02518	0.00021	0.03269	0.04655	0.00021	0.00021	0.00021	0.00021	0.07266	0.02111	0.00841	0.06616	0.00021	0.00021	0.00021	0.00021	0.02076	0.99947	0.01983	0.0	0.02874	0.02874	0.03269	0.14175	0.00021	0.00021	0.00021	0.01983	0.03269	0.00021	0.59029	0.00021	0.06008	0.00021	0.0	0.03269	0.05783	0.99947	0.00021	0.00021	0.01983	0.00021	0.03943	0.0194	0.00021	0.00021	0.33211	0.00021	0.03269	0.03269	0.03269	0.00021	0.47884	0.00021	0.99947	0.0	0.00021	0.00021	0.02076	0.40436	0.14614	0.00021	0.00021	0.00021	0.06008	0.03269	0.00021	0.00021	0.00021	0.02076	0.99947	0.39172	0.00021	0.0194	0.03269	0.01983	0.04134	0.1983	0.03441	0.10785	0.00021	0.00021	0.02874	0.00021	0.45671	0.03092	0.00021	0.04436	0.00021	0.03269	0.00021	0.01983	0.06008	0.00021	0.00021	0.00021	0.20554	0.00021	0.10785	0.20556	0.00021	0.00021	0.00021	0.01685	0.0194	0.02874	0.02874	0.47884	0.03269	0.00021	0.00021	0.00021	0.99947	0.00021	0.0194	0.00021	0.00021	0.00021	0.00021	0.0194	0.00021	0.00021	0.00021	0.0	0.02874	0.04402	0.00021	0.02076	0.19638	0.01983	0.00021	0.00021	0.00021	0.01685	0.19638	0.0471	
0.03444	0.00027	0.99978	0.54389	0.00027	0.00027	0.00027	0.00027	0.10781	0.0	0.0	0.31718	0.00027	0.00027	0.00027	0.00027	0.02773	0.03269	0.02643	0.0	0.03917	0.03917	0.99978	0.55104	0.00027	0.00027	0.00027	0.02643	0.99978	0.00027	0.04292	0.00027	0.08544	0.00027	0.03269	0.0	0.27743	0.03269	0.00027	0.00027	0.02643	0.00027	0.62056	0.02582	0.00027	0.00027	0.05322	0.00027	0.99978	0.99978	0.99978	0.00027	0.05622	0.00027	0.03269	0.0	0.00027	0.00027	0.02773	0.05422	0.08812	0.00027	0.00027	0.00027	0.08544	0.99978	0.00027	0.00027	0.00027	0.02773	0.03269	0.20282	0.00027	0.02582	0.99978	0.02643	0.05889	0.4955	0.04843	0.12915	0.00027	0.00027	0.03917	0.00027	0.5758	0.04233	0.00027	0.43402	0.00027	0.99978	0.00027	0.02643	0.08544	0.00027	0.00027	0.00027	0.32463	0.00027	0.12915	1.12107	0.00027	0.00027	0.00027	0.02222	0.02582	0.03917	0.03917	0.05622	0.99978	0.00027	0.00027	0.00027	0.03269	0.00027	0.02582	0.00027	0.00027	0.00027	0.00027	0.02582	0.00027	0.00027	0.00027	0.0	0.03917	0.06153	0.00027	0.02773	0.07635	0.02643	0.00027	0.00027	0.00027	0.02222	0.07635	0.38259	
0.06197	0.00016	0.27743	0.73334	0.00016	0.00016	0.00016	0.00016	0.097	0.06689	0.10552	0.40612	0.00016	0.00016	0.00016	0.00016	0.04823	0.05783	0.04578	0.0	0.22862	0.22862	0.27743	0.72145	0.00016	0.00016	0.00016	0.04578	0.27743	0.00016	0.08052	0.00016	0.17043	0.00016	0.05783	0.27743	0.0	0.05783	0.00016	0.00016	0.04578	0.00016	0.23026	0.04464	0.00016	0.00016	0.09939	0.00016	0.27743	0.27743	0.27743	0.00016	0.19474	0.00016	0.05783	0.0	0.00016	0.00016	0.04823	0.10731	0.18456	0.00016	0.00016	0.00016	0.17043	0.27743	0.00016	0.00016	0.00016	0.04823	0.05783	0.6659	0.00016	0.04464	0.27743	0.04578	0.11536	0.22999	0.19722	0.00013	0.00016	0.00016	0.22862	0.00016	0.22682	0.07697	0.00016	0.09135	0.00016	0.27743	0.00016	0.04578	0.17043	0.00016	0.00016	0.00016	0.05335	0.00016	0.00013	1.00009	0.00016	0.00016	0.00016	0.03788	0.04464	0.22862	0.22862	0.19474	0.27743	0.00016	0.00016	0.00016	0.05783	0.00016	0.04464	0.00016	0.00016	0.00016	0.00016	0.04464	0.00016	0.00016	0.00016	0.0	0.22862	0.04628	0.00016	0.04823	0.14966	0.04578	0.00016	0.00016	0.00016	0.03788	0.14966	0.10635	
0.02518	0.00021	0.03269	0.04655	0.00021	0.00021	0.00021	0.00021	0.07266	0.02111	0.00841	0.06616	0.00021	0.00021	0.00021	0.00021	0.02076	0.99947	0.01983	0.0	0.02874	0.02874	0.03269	0.14175	0.00021	0.00021	0.00021	0.01983	0.03269	0.00021	0.59029	0.00021	0.06008	0.00021	0.99947	0.03269	0.05783	0.0	0.00021	0.00021	0.01983	0.00021	0.03943	0.0194	0.00021	0.00021	0.33211	0.00021	0.03269	0.03269	0.03269	0.00021	0.47884	0.00021	0.99947	0.0	0.00021	0.00021	0.02076	0.40436	0.14614	0.00021	0.00021	0.00021	0.06008	0.03269	0.00021	0.00021	0.00021	0.02076	0.99947	0.39172	0.00021	0.0194	0.03269	0.01983	0.04134	0.1983	0.03441	0.10785	0.00021	0.00021	0.02874	0.00021	0.45671	0.03092	0.00021	0.04436	0.00021	0.03269	0.00021	0.01983	0.06008	0.00021	0.00021	0.00021	0.20554	0.00021	0.10785	0.20556	0.00021	0.00021	0.00021	0.01685	0.0194	0.02874	0.02874	0.47884	0.03269	0.00021	0.00021	0.00021	0.99947	0.00021	0.0194	0.00021	0.00021	0.00021	0.00021	0.0194	0.00021	0.00021	0.00021	0.0	0.02874	0.04402	0.00021	0.02076	0.19638	0.01983	0.00021	0.00021	0.00021	0.01685	0.19638	0.0471	
0.00028	0.0	0.00027	0.0001	0.0	0.0	0.0	0.0	9e-05	0.0	0.0	0.00015	0.0	0.0	0.0	0.0	0.00028	0.00021	0.00024	0.0	0.00017	0.00017	0.00027	0.00013	0.0	0.0	0.0	0.00024	0.00027	0.0	8e-05	0.0	0.00017	0.0	0.00021	0.00027	0.00016	0.00021	0.0	0.0	0.00024	0.0	0.00012	0.00024	0.0	0.0	0.00014	0.0	0.00027	0.00027	0.00027	0.0	5e-05	0.0	0.00021	0.0	0.0	0.0	0.00028	2e-05	6e-05	0.0	0.0	0.0	0.00017	0.00027	0.0	0.0	0.0	0.00028	0.00021	8e-05	0.0	0.00024	0.00027	0.00024	6e-05	9e-05	8e-05	0.0001	0.0	0.0	0.00017	0.0	0.00012	0.00017	0.0	0.00016	0.0	0.00027	0.0	0.00024	0.00017	0.0	0.0	0.0	0.0002	0.0	0.0001	0.00054	0.0	0.0	0.0	0.00032	0.00024	0.00017	0.00017	5e-05	0.00027	0.0	0.0	0.0	0.00021	0.0	0.00024	0.0	0.0	0.0	0.0	0.00024	0.0	0.0	0.0	0.0	0.00017	0.00015	0.0	0.00028	0.00012	0.00024	0.0	0.0	0.0	0.00032	0.00012	0.00018	
0.00028	0.0	0.00027	0.0001	0.0	0.0	0.0	0.0	9e-05	0.0	0.0	0.00015	0.0	0.0	0.0	0.0	0.00028	0.00021	0.00024	0.0	0.00017	0.00017	0.00027	0.00013	0.0	0.0	0.0	0.00024	0.00027	0.0	8e-05	0.0	0.00017	0.0	0.00021	0.00027	0.00016	0.00021	0.0	0.0	0.00024	0.0	0.00012	0.00024	0.0	0.0	0.00014	0.0	0.00027	0.00027	0.00027	0.0	5e-05	0.0	0.00021	0.0	0.0	0.0	0.00028	2e-05	6e-05	0.0	0.0	0.0	0.00017	0.00027	0.0	0.0	0.0	0.00028	0.00021	8e-05	0.0	0.00024	0.00027	0.00024	6e-05	9e-05	8e-05	0.0001	0.0	0.0	0.00017	0.0	0.00012	0.00017	0.0	0.00016	0.0	0.00027	0.0	0.00024	0.00017	0.0	0.0	0.0	0.0002	0.0	0.0001	0.00054	0.0	0.0	0.0	0.00032	0.00024	0.00017	0.00017	5e-05	0.00027	0.0	0.0	0.0	0.00021	0.0	0.00024	0.0	0.0	0.0	0.0	0.00024	0.0	0.0	0.0	0.0	0.00017	0.00015	0.0	0.00028	0.00012	0.00024	0.0	0.0	0.0	0.00032	0.00012	0.00018	
0.02051	0.00024	0.02643	0.03649	0.00024	0.00024	0.00024	0.00024	0.05602	0.01756	0.00688	0.19454	0.00024	0.00024	0.00024	0.00024	0.01711	0.01983	0.99935	0.0	0.02334	0.02334	0.02643	0.04766	0.00024	0.00024	0.00024	0.99935	0.02643	0.00024	0.02449	0.00024	0.04751	0.00024	0.01983	0.02643	0.04578	0.01983	0.00024	0.00024	0.0	0.00024	0.03114	0.01604	0.00024	0.00024	0.24303	0.00024	0.02643	0.02643	0.02643	0.00024	0.03116	0.00024	0.01983	0.0	0.00024	0.00024	0.01711	0.33937	0.11024	0.00024	0.00024	0.00024	0.04751	0.02643	0.00024	0.00024	0.00024	0.01711	0.01983	0.05233	0.00024	0.01604	0.02643	0.99935	0.40111	0.04392	0.02733	0.08377	0.00024	0.00024	0.02334	0.00024	0.03374	0.02504	0.00024	0.03543	0.00024	0.02643	0.00024	0.01637	0.04751	0.00024	0.00024	0.00024	0.04157	0.00024	0.08377	0.15697	0.00024	0.00024	0.00024	0.01402	0.01604	0.02334	0.02334	0.03116	0.02643	0.00024	0.00024	0.00024	0.01983	0.00024	0.01604	0.00024	0.00024	0.00024	0.00024	0.01604	0.00024	0.00024	0.00024	0.0	0.02334	0.03516	0.00024	0.01711	0.14899	0.01637	0.00024	0.00024	0.00024	0.01402	0.14899	0.03745	
0.00028	0.0	0.00027	0.0001	0.0	0.0	0.0	0.0	9e-05	0.0	0.0	0.00015	0.0	0.0	0.0	0.0	0.00028	0.00021	0.00024	0.0	0.00017	0.00017	0.00027	0.00013	0.0	0.0	0.0	0.00024	0.00027	0.0	8e-05	0.0	0.00017	0.0	0.00021	0.00027	0.00016	0.00021	0.0	0.0	0.00024	0.0	0.00012	0.00024	0.0	0.0	0.00014	0.0	0.00027	0.00027	0.00027	0.0	5e-05	0.0	0.00021	0.0	0.0	0.0	0.00028	2e-05	6e-05	0.0	0.0	0.0	0.00017	0.00027	0.0	0.0	0.0	0.00028	0.00021	8e-05	0.0	0.00024	0.00027	0.00024	6e-05	9e-05	8e-05	0.0001	0.0	0.0	0.00017	0.0	0.00012	0.00017	0.0	0.00016	0.0	0.00027	0.0	0.00024	0.00017	0.0	0.0	0.0	0.0002	0.0	0.0001	0.00054	0.0	0.0	0.0	0.00032	0.00024	0.00017	0.00017	5e-05	0.00027	0.0	0.0	0.0	0.00021	0.0	0.00024	0.0	0.0	0.0	0.0	0.00024	0.0	0.0	0.0	0.0	0.00017	0.00015	0.0	0.00028	0.00012	0.00024	0.0	0.0	0.0	0.00032	0.00012	0.00018	
0.15039	0.00012	0.62056	0.4339	0.00012	0.00012	0.00012	0.00012	0.17825	0.0	0.55215	0.25935	0.00012	0.00012	0.00012	0.00012	0.03283	0.03943	0.03114	0.0	0.04818	0.04818	0.62056	0.44794	0.00012	0.00012	0.00012	0.03114	0.62056	0.00012	0.05563	0.00012	0.14243	0.00012	0.03943	0.62056	0.23026	0.03943	0.00012	0.00012	0.03114	0.00012	0.0	0.40505	0.00012	0.00012	0.06764	0.00012	0.62056	0.62056	0.62056	0.00012	0.07556	0.00012	0.03943	0.0	0.00012	0.00012	0.03283	0.07447	0.12381	0.00012	0.00012	0.00012	0.14243	0.62056	0.00012	0.00012	0.00012	0.03283	0.03943	0.19692	0.00012	0.40505	0.62056	0.03114	0.16999	0.41691	0.06364	0.17898	0.00012	0.00012	0.04818	0.00012	0.44715	0.20849	0.00012	0.32329	0.00012	0.62056	0.00012	0.03114	0.14243	0.00012	0.00012	0.00012	0.25859	0.00012	0.17898	0.7616	0.00012	0.00012	0.00012	0.0257	0.40505	0.04818	0.04818	0.07556	0.62056	0.00012	0.00012	0.00012	0.03943	0.00012	0.40505	0.00012	0.00012	0.00012	0.00012	0.40505	0.00012	0.00012	0.00012	0.0	0.04818	0.07934	0.00012	0.03283	0.10055	0.03114	0.00012	0.00012	0.00012	0.0257	0.10055	0.62144	
