0.0	1e-05	1e-05	1e-05	1e-05	1e-05	0.19636	0.05629	1e-05	1e-05	1e-05	1e-05	1e-05	1e-05	1e-05	0.09292	1e-05	1e-05	1e-05	0.0658	0.03909	0.03645	0.03356	0.06211	0.08305	0.10793	0.05637	0.08061	1e-05	0.03484	0.06816	0.06236	1e-05	0.02499	0.07614	0.21829	1e-05	0.19636	0.03667	1e-05	0.28062	0.01446	0.03221	1e-05	1e-05	1e-05	1e-05	1e-05	1e-05	0.02868	0.15105	0.00935	1e-05	1e-05	1e-05	1e-05	0.00037	0.08449	1e-05	0.09144	1e-05	0.03644	0.02465	0.02675	0.02589	0.018	0.01733	0.0	0.0	0.0	0.14089	1e-05	1e-05	0.03356	0.03288	0.10564	0.19636	1e-05	0.10564	0.0246	0.07466	0.02392	0.0319	0.08059	0.0	0.03667	0.20571	0.19636	0.12935	0.0799	0.02413	0.07374	1e-05	0.13898	0.12382	0.02164	1e-05	1e-05	0.03667	0.14459	0.01367	0.0658	0.0	0.0	0.0	0.0	0.04201	0.06868	0.10883	0.00492	0.01372	0.05629	0.3948	1e-05	1e-05	0.13987	0.19636	0.13315	0.04833	0.06082	0.05897	0.07947	0.15854	0.1931	0.20732	0.14694	0.02589	0.27667	0.23269	0.0	1e-05	0.03451	0.01163	0.12161	1e-05	0.02392	1e-05	0.04838	0.15167	0.04456	
1e-05	0.0	0.0	0.0	0.0	0.0	9e-05	0.00013	0.0	0.0	0.0	0.0	0.0	0.0	0.0	7e-05	0.0	0.0	0.0	0.00012	0.00013	1e-05	0.0002	2e-05	7e-05	6e-05	5e-05	3e-05	0.0	6e-05	6e-05	5e-05	0.0	0.00019	5e-05	3e-05	0.0	9e-05	0.00019	0.0	6e-05	9e-05	5e-05	0.0	0.0	0.0	0.0	0.0	0.0	0.00017	5e-05	6e-05	0.0	0.0	0.0	0.0	0.0	0.0	0.0	1e-05	0.0	0.00019	0.0001	0.00018	0.00019	8e-05	0.00025	0.0	0.0	0.0	2e-05	0.0	0.0	0.0002	2e-05	0.00014	9e-05	0.0	0.00014	6e-05	5e-05	0.00019	3e-05	2e-05	0.0	0.00019	5e-05	9e-05	0.0	6e-05	7e-05	5e-05	0.0	7e-05	3e-05	0.00021	0.0	0.0	0.00019	3e-05	0.0001	0.00012	0.0	0.0	0.0	0.0	4e-05	1e-05	2e-05	4e-05	9e-05	0.00013	3e-05	0.0	0.0	6e-05	9e-05	8e-05	6e-05	2e-05	5e-05	5e-05	1e-05	4e-05	4e-05	0.0	0.00019	2e-05	0.0	0.0	0.0	0.00014	0.00012	3e-05	0.0	0.00019	0.0	0.0	0.0	2e-05	
1e-05	0.0	0.0	0.0	0.0	0.0	9e-05	0.00013	0.0	0.0	0.0	0.0	0.0	0.0	0.0	7e-05	0.0	0.0	0.0	0.00012	0.00013	1e-05	0.0002	2e-05	7e-05	6e-05	5e-05	3e-05	0.0	6e-05	6e-05	5e-05	0.0	0.00019	5e-05	3e-05	0.0	9e-05	0.00019	0.0	6e-05	9e-05	5e-05	0.0	0.0	0.0	0.0	0.0	0.0	0.00017	5e-05	6e-05	0.0	0.0	0.0	0.0	0.0	0.0	0.0	1e-05	0.0	0.00019	0.0001	0.00018	0.00019	8e-05	0.00025	0.0	0.0	0.0	2e-05	0.0	0.0	0.0002	2e-05	0.00014	9e-05	0.0	0.00014	6e-05	5e-05	0.00019	3e-05	2e-05	0.0	0.00019	5e-05	9e-05	0.0	6e-05	7e-05	5e-05	0.0	7e-05	3e-05	0.00021	0.0	0.0	0.00019	3e-05	0.0001	0.00012	0.0	0.0	0.0	0.0	4e-05	1e-05	2e-05	4e-05	9e-05	0.00013	3e-05	0.0	0.0	6e-05	9e-05	8e-05	6e-05	2e-05	5e-05	5e-05	1e-05	4e-05	4e-05	0.0	0.00019	2e-05	0.0	0.0	0.0	0.00014	0.00012	3e-05	0.0	0.00019	0.0	0.0	0.0	2e-05	
1e-05	0.0	0.0	0.0	0.0	0.0	9e-05	0.00013	0.0	0.0	0.0	0.0	0.0	0.0	0.0	7e-05	0.0	0.0	0.0	0.00012	0.00013	1e-05	0.0002	2e-05	7e-05	6e-05	5e-05	3e-05	0.0	6e-05	6e-05	5e-05	0.0	0.00019	5e-05	3e-05	0.0	9e-05	0.00019	0.0	6e-05	9e-05	5e-05	0.0	0.0	0.0	0.0	0.0	0.0	0.00017	5e-05	6e-05	0.0	0.0	0.0	0.0	0.0	0.0	0.0	1e-05	0.0	0.00019	0.0001	0.00018	0.00019	8e-05	0.00025	0.0	0.0	0.0	2e-05	0.0	0.0	0.0002	2e-05	0.00014	9e-05	0.0	0.00014	6e-05	5e-05	0.00019	3e-05	2e-05	0.0	0.00019	5e-05	9e-05	0.0	6e-05	7e-05	5e-05	0.0	7e-05	3e-05	0.00021	0.0	0.0	0.00019	3e-05	0.0001	0.00012	0.0	0.0	0.0	0.0	4e-05	1e-05	2e-05	4e-05	9e-05	0.00013	3e-05	0.0	0.0	6e-05	9e-05	8e-05	6e-05	2e-05	5e-05	5e-05	1e-05	4e-05	4e-05	0.0	0.00019	2e-05	0.0	0.0	0.0	0.00014	0.00012	3e-05	0.0	0.00019	0.0	0.0	0.0	2e-05	
1e-05	0.0	0.0	0.0	0.0	0.0	9e-05	0.00013	0.0	0.0	0.0	0.0	0.0	0.0	0.0	7e-05	0.0	0.0	0.0	0.00012	0.00013	1e-05	0.0002	2e-05	7e-05	6e-05	5e-05	3e-05	0.0	6e-05	6e-05	5e-05	0.0	0.00019	5e-05	3e-05	0.0	9e-05	0.00019	0.0	6e-05	9e-05	5e-05	0.0	0.0	0.0	0.0	0.0	0.0	0.00017	5e-05	6e-05	0.0	0.0	0.0	0.0	0.0	0.0	0.0	1e-05	0.0	0.00019	0.0001	0.00018	0.00019	8e-05	0.00025	0.0	0.0	0.0	2e-05	0.0	0.0	0.0002	2e-05	0.00014	9e-05	0.0	0.00014	6e-05	5e-05	0.00019	3e-05	2e-05	0.0	0.00019	5e-05	9e-05	0.0	6e-05	7e-05	5e-05	0.0	7e-05	3e-05	0.00021	0.0	0.0	0.00019	3e-05	0.0001	0.00012	0.0	0.0	0.0	0.0	4e-05	1e-05	2e-05	4e-05	9e-05	0.00013	3e-05	0.0	0.0	6e-05	9e-05	8e-05	6e-05	2e-05	5e-05	5e-05	1e-05	4e-05	4e-05	0.0	0.00019	2e-05	0.0	0.0	0.0	0.00014	0.00012	3e-05	0.0	0.00019	0.0	0.0	0.0	2e-05	
1e-05	0.0	0.0	0.0	0.0	0.0	9e-05	0.00013	0.0	0.0	0.0	0.0	0.0	0.0	0.0	7e-05	0.0	0.0	0.0	0.00012	0.00013	1e-05	0.0002	2e-05	7e-05	6e-05	5e-05	3e-05	0.0	6e-05	6e-05	5e-05	0.0	0.00019	5e-05	3e-05	0.0	9e-05	0.00019	0.0	6e-05	9e-05	5e-05	0.0	0.0	0.0	0.0	0.0	0.0	0.00017	5e-05	6e-05	0.0	0.0	0.0	0.0	0.0	0.0	0.0	1e-05	0.0	0.00019	0.0001	0.00018	0.00019	8e-05	0.00025	0.0	0.0	0.0	2e-05	0.0	0.0	0.0002	2e-05	0.00014	9e-05	0.0	0.00014	6e-05	5e-05	0.00019	3e-05	2e-05	0.0	0.00019	5e-05	9e-05	0.0	6e-05	7e-05	5e-05	0.0	7e-05	3e-05	0.00021	0.0	0.0	0.00019	3e-05	0.0001	0.00012	0.0	0.0	0.0	0.0	4e-05	1e-05	2e-05	4e-05	9e-05	0.00013	3e-05	0.0	0.0	6e-05	9e-05	8e-05	6e-05	2e-05	5e-05	5e-05	1e-05	4e-05	4e-05	0.0	0.00019	2e-05	0.0	0.0	0.0	0.00014	0.00012	3e-05	0.0	0.00019	0.0	0.0	0.0	2e-05	
0.19636	9e-05	9e-05	9e-05	9e-05	9e-05	0.0	0.01171	9e-05	9e-05	9e-05	9e-05	9e-05	9e-05	9e-05	0.02322	9e-05	9e-05	9e-05	0.01316	0.01215	0.05023	0.00783	0.03123	0.0214	0.28368	0.01343	0.24295	9e-05	0.03015	0.30789	0.21091	9e-05	0.00853	0.17329	0.59153	9e-05	0.99975	0.0084	9e-05	0.25238	0.01804	0.03242	9e-05	9e-05	9e-05	9e-05	9e-05	9e-05	0.00953	0.14417	0.02956	9e-05	9e-05	9e-05	9e-05	0.00015	0.02924	9e-05	0.02028	9e-05	0.00836	0.01502	0.00901	0.00878	0.01886	0.00631	0.0	0.0	0.0	0.27747	9e-05	9e-05	0.00783	0.05581	0.01129	0.99975	9e-05	0.01129	0.02776	0.22119	0.00824	0.02194	0.03582	0.0	0.0084	0.19306	0.99975	0.22324	0.35478	0.02223	0.19119	9e-05	0.46071	0.30228	0.00759	9e-05	9e-05	0.0084	0.32663	0.01508	0.01316	0.0	0.0	0.0	0.0	0.01657	0.01602	0.08645	0.0728	0.01709	0.01171	0.31307	9e-05	9e-05	0.28882	0.99975	0.52801	0.01152	0.19556	0.01437	0.01597	0.29356	0.73091	0.66733	0.11567	0.00878	0.28021	0.15059	0.0	9e-05	0.01103	0.01339	0.32474	9e-05	0.00824	9e-05	0.1268	0.1364	0.12762	
0.05629	0.00013	0.00013	0.00013	0.00013	0.00013	0.01171	0.0	0.00013	0.00013	0.00013	0.00013	0.00013	0.00013	0.00013	0.01586	0.00013	0.00013	0.00013	0.00943	0.00878	0.0822	0.00588	0.12312	0.01471	0.01927	0.00938	0.01879	0.00013	0.15613	0.01844	0.12857	0.00013	0.00636	0.02593	0.41998	0.00013	0.01171	0.00627	0.00013	0.02057	0.01258	0.14024	0.00013	0.00013	0.00013	0.00013	0.00013	0.00013	0.00704	0.02942	0.01983	0.00013	0.00013	0.00013	0.00013	0.00018	0.14875	0.00013	0.01342	0.00013	0.00625	0.51845	0.00669	0.00653	0.0131	0.00483	0.0	0.0	0.0	0.34529	0.00013	0.00013	0.00588	0.03561	0.00821	0.01171	0.00013	0.00821	0.0187	0.02223	0.00616	0.01476	0.02318	0.0	0.00627	0.02418	0.01171	0.26115	0.01843	0.01523	0.11734	0.00013	0.01515	0.01685	0.00572	0.00013	0.00013	0.00627	0.01643	0.01068	0.00943	0.0	0.0	0.0	0.0	0.01135	0.01085	0.03807	0.04672	0.01197	0.99966	0.01659	0.00013	0.00013	0.17131	0.01171	0.01429	0.00818	0.02264	0.00998	0.01101	0.01619	0.01236	0.01292	0.0273	0.00653	0.01757	0.15027	0.0	0.00013	0.00804	0.00959	0.01636	0.00013	0.00616	0.00013	0.07506	0.02474	0.02777	
1e-05	0.0	0.0	0.0	0.0	0.0	9e-05	0.00013	0.0	0.0	0.0	0.0	0.0	0.0	0.0	7e-05	0.0	0.0	0.0	0.00012	0.00013	1e-05	0.0002	2e-05	7e-05	6e-05	5e-05	3e-05	0.0	6e-05	6e-05	5e-05	0.0	0.00019	5e-05	3e-05	0.0	9e-05	0.00019	0.0	6e-05	9e-05	5e-05	0.0	0.0	0.0	0.0	0.0	0.0	0.00017	5e-05	6e-05	0.0	0.0	0.0	0.0	0.0	0.0	0.0	1e-05	0.0	0.00019	0.0001	0.00018	0.00019	8e-05	0.00025	0.0	0.0	0.0	2e-05	0.0	0.0	0.0002	2e-05	0.00014	9e-05	0.0	0.00014	6e-05	5e-05	0.00019	3e-05	2e-05	0.0	0.00019	5e-05	9e-05	0.0	6e-05	7e-05	5e-05	0.0	7e-05	3e-05	0.00021	0.0	0.0	0.00019	3e-05	0.0001	0.00012	0.0	0.0	0.0	0.0	4e-05	1e-05	2e-05	4e-05	9e-05	0.00013	3e-05	0.0	0.0	6e-05	9e-05	8e-05	6e-05	2e-05	5e-05	5e-05	1e-05	4e-05	4e-05	0.0	0.00019	2e-05	0.0	0.0	0.0	0.00014	0.00012	3e-05	0.0	0.00019	0.0	0.0	0.0	2e-05	
1e-05	0.0	0.0	0.0	0.0	0.0	9e-05	0.00013	0.0	0.0	0.0	0.0	0.0	0.0	0.0	7e-05	0.0	0.0	0.0	0.00012	0.00013	1e-05	0.0002	2e-05	7e-05	6e-05	5e-05	3e-05	0.0	6e-05	6e-05	5e-05	0.0	0.00019	5e-05	3e-05	0.0	9e-05	0.00019	0.0	6e-05	9e-05	5e-05	0.0	0.0	0.0	0.0	0.0	0.0	0.00017	5e-05	6e-05	0.0	0.0	0.0	0.0	0.0	0.0	0.0	1e-05	0.0	0.00019	0.0001	0.00018	0.00019	8e-05	0.00025	0.0	0.0	0.0	2e-05	0.0	0.0	0.0002	2e-05	0.00014	9e-05	0.0	0.00014	6e-05	5e-05	0.00019	3e-05	2e-05	0.0	0.00019	5e-05	9e-05	0.0	6e-05	7e-05	5e-05	0.0	7e-05	3e-05	0.00021	0.0	0.0	0.00019	3e-05	0.0001	0.00012	0.0	0.0	0.0	0.0	4e-05	1e-05	2e-05	4e-05	9e-05	0.00013	3e-05	0.0	0.0	6e-05	9e-05	8e-05	6e-05	2e-05	5e-05	5e-05	1e-05	4e-05	4e-05	0.0	0.00019	2e-05	0.0	0.0	0.0	0.00014	0.00012	3e-05	0.0	0.00019	0.0	0.0	0.0	2e-05	
1e-05	0.0	0.0	0.0	0.0	0.0	9e-05	0.00013	0.0	0.0	0.0	0.0	0.0	0.0	0.0	7e-05	0.0	0.0	0.0	0.00012	0.00013	1e-05	0.0002	2e-05	7e-05	6e-05	5e-05	3e-05	0.0	6e-05	6e-05	5e-05	0.0	0.00019	5e-05	3e-05	0.0	9e-05	0.00019	0.0	6e-05	9e-05	5e-05	0.0	0.0	0.0	0.0	0.0	0.0	0.00017	5e-05	6e-05	0.0	0.0	0.0	0.0	0.0	0.0	0.0	1e-05	0.0	0.00019	0.0001	0.00018	0.00019	8e-05	0.00025	0.0	0.0	0.0	2e-05	0.0	0.0	0.0002	2e-05	0.00014	9e-05	0.0	0.00014	6e-05	5e-05	0.00019	3e-05	2e-05	0.0	0.00019	5e-05	9e-05	0.0	6e-05	7e-05	5e-05	0.0	7e-05	3e-05	0.00021	0.0	0.0	0.00019	3e-05	0.0001	0.00012	0.0	0.0	0.0	0.0	4e-05	1e-05	2e-05	4e-05	9e-05	0.00013	3e-05	0.0	0.0	6e-05	9e-05	8e-05	6e-05	2e-05	5e-05	5e-05	1e-05	4e-05	4e-05	0.0	0.00019	2e-05	0.0	0.0	0.0	0.00014	0.00012	3e-05	0.0	0.00019	0.0	0.0	0.0	2e-05	
1e-05	0.0	0.0	0.0	0.0	0.0	9e-05	0.00013	0.0	0.0	0.0	0.0	0.0	0.0	0.0	7e-05	0.0	0.0	0.0	0.00012	0.00013	1e-05	0.0002	2e-05	7e-05	6e-05	5e-05	3e-05	0.0	6e-05	6e-05	5e-05	0.0	0.00019	5e-05	3e-05	0.0	9e-05	0.00019	0.0	6e-05	9e-05	5e-05	0.0	0.0	0.0	0.0	0.0	0.0	0.00017	5e-05	6e-05	0.0	0.0	0.0	0.0	0.0	0.0	0.0	1e-05	0.0	0.00019	0.0001	0.00018	0.00019	8e-05	0.00025	0.0	0.0	0.0	2e-05	0.0	0.0	0.0002	2e-05	0.00014	9e-05	0.0	0.00014	6e-05	5e-05	0.00019	3e-05	2e-05	0.0	0.00019	5e-05	9e-05	0.0	6e-05	7e-05	5e-05	0.0	7e-05	3e-05	0.00021	0.0	0.0	0.00019	3e-05	0.0001	0.00012	0.0	0.0	0.0	0.0	4e-05	1e-05	2e-05	4e-05	9e-05	0.00013	3e-05	0.0	0.0	6e-05	9e-05	8e-05	6e-05	2e-05	5e-05	5e-05	1e-05	4e-05	4e-05	0.0	0.00019	2e-05	0.0	0.0	0.0	0.00014	0.00012	3e-05	0.0	0.00019	0.0	0.0	0.0	2e-05	
1e-05	0.0	0.0	0.0	0.0	0.0	9e-05	0.00013	0.0	0.0	0.0	0.0	0.0	0.0	0.0	7e-05	0.0	0.0	0.0	0.00012	0.00013	1e-05	0.0002	2e-05	7e-05	6e-05	5e-05	3e-05	0.0	6e-05	6e-05	5e-05	0.0	0.00019	5e-05	3e-05	0.0	9e-05	0.00019	0.0	6e-05	9e-05	5e-05	0.0	0.0	0.0	0.0	0.0	0.0	0.00017	5e-05	6e-05	0.0	0.0	0.0	0.0	0.0	0.0	0.0	1e-05	0.0	0.00019	0.0001	0.00018	0.00019	8e-05	0.00025	0.0	0.0	0.0	2e-05	0.0	0.0	0.0002	2e-05	0.00014	9e-05	0.0	0.00014	6e-05	5e-05	0.00019	3e-05	2e-05	0.0	0.00019	5e-05	9e-05	0.0	6e-05	7e-05	5e-05	0.0	7e-05	3e-05	0.00021	0.0	0.0	0.00019	3e-05	0.0001	0.00012	0.0	0.0	0.0	0.0	4e-05	1e-05	2e-05	4e-05	9e-05	0.00013	3e-05	0.0	0.0	6e-05	9e-05	8e-05	6e-05	2e-05	5e-05	5e-05	1e-05	4e-05	4e-05	0.0	0.00019	2e-05	0.0	0.0	0.0	0.00014	0.00012	3e-05	0.0	0.00019	0.0	0.0	0.0	2e-05	
1e-05	0.0	0.0	0.0	0.0	0.0	9e-05	0.00013	0.0	0.0	0.0	0.0	0.0	0.0	0.0	7e-05	0.0	0.0	0.0	0.00012	0.00013	1e-05	0.0002	2e-05	7e-05	6e-05	5e-05	3e-05	0.0	6e-05	6e-05	5e-05	0.0	0.00019	5e-05	3e-05	0.0	9e-05	0.00019	0.0	6e-05	9e-05	5e-05	0.0	0.0	0.0	0.0	0.0	0.0	0.00017	5e-05	6e-05	0.0	0.0	0.0	0.0	0.0	0.0	0.0	1e-05	0.0	0.00019	0.0001	0.00018	0.00019	8e-05	0.00025	0.0	0.0	0.0	2e-05	0.0	0.0	0.0002	2e-05	0.00014	9e-05	0.0	0.00014	6e-05	5e-05	0.00019	3e-05	2e-05	0.0	0.00019	5e-05	9e-05	0.0	6e-05	7e-05	5e-05	0.0	7e-05	3e-05	0.00021	0.0	0.0	0.00019	3e-05	0.0001	0.00012	0.0	0.0	0.0	0.0	4e-05	1e-05	2e-05	4e-05	9e-05	0.00013	3e-05	0.0	0.0	6e-05	9e-05	8e-05	6e-05	2e-05	5e-05	5e-05	1e-05	4e-05	4e-05	0.0	0.00019	2e-05	0.0	0.0	0.0	0.00014	0.00012	3e-05	0.0	0.00019	0.0	0.0	0.0	2e-05	
1e-05	0.0	0.0	0.0	0.0	0.0	9e-05	0.00013	0.0	0.0	0.0	0.0	0.0	0.0	0.0	7e-05	0.0	0.0	0.0	0.00012	0.00013	1e-05	0.0002	2e-05	7e-05	6e-05	5e-05	3e-05	0.0	6e-05	6e-05	5e-05	0.0	0.00019	5e-05	3e-05	0.0	9e-05	0.00019	0.0	6e-05	9e-05	5e-05	0.0	0.0	0.0	0.0	0.0	0.0	0.00017	5e-05	6e-05	0.0	0.0	0.0	0.0	0.0	0.0	0.0	1e-05	0.0	0.00019	0.0001	0.00018	0.00019	8e-05	0.00025	0.0	0.0	0.0	2e-05	0.0	0.0	0.0002	2e-05	0.00014	9e-05	0.0	0.00014	6e-05	5e-05	0.00019	3e-05	2e-05	0.0	0.00019	5e-05	9e-05	0.0	6e-05	7e-05	5e-05	0.0	7e-05	3e-05	0.00021	0.0	0.0	0.00019	3e-05	0.0001	0.00012	0.0	0.0	0.0	0.0	4e-05	1e-05	2e-05	4e-05	9e-05	0.00013	3e-05	0.0	0.0	6e-05	9e-05	8e-05	6e-05	2e-05	5e-05	5e-05	1e-05	4e-05	4e-05	0.0	0.00019	2e-05	0.0	0.0	0.0	0.00014	0.00012	3e-05	0.0	0.00019	0.0	0.0	0.0	2e-05	
0.09292	7e-05	7e-05	7e-05	7e-05	7e-05	0.02322	0.01586	7e-05	7e-05	7e-05	7e-05	7e-05	7e-05	7e-05	0.0	7e-05	7e-05	7e-05	0.01798	0.01651	0.05087	0.0103	0.11364	0.03907	0.04159	0.01876	0.04213	7e-05	0.46753	0.00723	0.00124	7e-05	0.01129	0.05823	0.03023	7e-05	0.02322	0.01111	7e-05	0.04482	0.02528	0.40393	7e-05	7e-05	7e-05	7e-05	7e-05	7e-05	0.17702	0.06708	0.00457	7e-05	7e-05	7e-05	7e-05	0.00016	0.12063	7e-05	0.13562	7e-05	0.01105	0.02073	0.01198	0.01164	0.03084	0.0082	0.0	0.0	0.0	0.03973	7e-05	7e-05	0.0103	0.18305	0.01525	0.02322	7e-05	0.01525	0.04018	0.04895	0.01087	0.03176	0.03831	0.0	0.01111	0.05382	0.02322	0.04393	0.03771	0.03165	0.0542	7e-05	0.03146	0.03723	0.00997	7e-05	7e-05	0.01111	0.14345	0.02082	0.01798	0.0	0.0	0.0	0.0	0.02357	0.2457	0.00707	0.04336	0.07073	0.01586	0.03663	7e-05	7e-05	0.04112	0.02322	0.02937	0.01587	0.05257	0.17507	0.02258	0.03682	0.08136	0.02743	0.06666	0.01164	0.0394	0.05625	0.0	7e-05	0.21632	0.01833	0.00461	7e-05	0.01087	7e-05	0.04081	0.05254	0.12738	
1e-05	0.0	0.0	0.0	0.0	0.0	9e-05	0.00013	0.0	0.0	0.0	0.0	0.0	0.0	0.0	7e-05	0.0	0.0	0.0	0.00012	0.00013	1e-05	0.0002	2e-05	7e-05	6e-05	5e-05	3e-05	0.0	6e-05	6e-05	5e-05	0.0	0.00019	5e-05	3e-05	0.0	9e-05	0.00019	0.0	6e-05	9e-05	5e-05	0.0	0.0	0.0	0.0	0.0	0.0	0.00017	5e-05	6e-05	0.0	0.0	0.0	0.0	0.0	0.0	0.0	1e-05	0.0	0.00019	0.0001	0.00018	0.00019	8e-05	0.00025	0.0	0.0	0.0	2e-05	0.0	0.0	0.0002	2e-05	0.00014	9e-05	0.0	0.00014	6e-05	5e-05	0.00019	3e-05	2e-05	0.0	0.00019	5e-05	9e-05	0.0	6e-05	7e-05	5e-05	0.0	7e-05	3e-05	0.00021	0.0	0.0	0.00019	3e-05	0.0001	0.00012	0.0	0.0	0.0	0.0	4e-05	1e-05	2e-05	4e-05	9e-05	0.00013	3e-05	0.0	0.0	6e-05	9e-05	8e-05	6e-05	2e-05	5e-05	5e-05	1e-05	4e-05	4e-05	0.0	0.00019	2e-05	0.0	0.0	0.0	0.00014	0.00012	3e-05	0.0	0.00019	0.0	0.0	0.0	2e-05	
1e-05	0.0	0.0	0.0	0.0	0.0	9e-05	0.00013	0.0	0.0	0.0	0.0	0.0	0.0	0.0	7e-05	0.0	0.0	0.0	0.00012	0.00013	1e-05	0.0002	2e-05	7e-05	6e-05	5e-05	3e-05	0.0	6e-05	6e-05	5e-05	0.0	0.00019	5e-05	3e-05	0.0	9e-05	0.00019	0.0	6e-05	9e-05	5e-05	0.0	0.0	0.0	0.0	0.0	0.0	0.00017	5e-05	6e-05	0.0	0.0	0.0	0.0	0.0	0.0	0.0	1e-05	0.0	0.00019	0.0001	0.00018	0.00019	8e-05	0.00025	0.0	0.0	0.0	2e-05	0.0	0.0	0.0002	2e-05	0.00014	9e-05	0.0	0.00014	6e-05	5e-05	0.00019	3e-05	2e-05	0.0	0.00019	5e-05	9e-05	0.0	6e-05	7e-05	5e-05	0.0	7e-05	3e-05	0.00021	0.0	0.0	0.00019	3e-05	0.0001	0.00012	0.0	0.0	0.0	0.0	4e-05	1e-05	2e-05	4e-05	9e-05	0.00013	3e-05	0.0	0.0	6e-05	9e-05	8e-05	6e-05	2e-05	5e-05	5e-05	1e-05	4e-05	4e-05	0.0	0.00019	2e-05	0.0	0.0	0.0	0.00014	0.00012	3e-05	0.0	0.00019	0.0	0.0	0.0	2e-05	
1e-05	0.0	0.0	0.0	0.0	0.0	9e-05	0.00013	0.0	0.0	0.0	0.0	0.0	0.0	0.0	7e-05	0.0	0.0	0.0	0.00012	0.00013	1e-05	0.0002	2e-05	7e-05	6e-05	5e-05	3e-05	0.0	6e-05	6e-05	5e-05	0.0	0.00019	5e-05	3e-05	0.0	9e-05	0.00019	0.0	6e-05	9e-05	5e-05	0.0	0.0	0.0	0.0	0.0	0.0	0.00017	5e-05	6e-05	0.0	0.0	0.0	0.0	0.0	0.0	0.0	1e-05	0.0	0.00019	0.0001	0.00018	0.00019	8e-05	0.00025	0.0	0.0	0.0	2e-05	0.0	0.0	0.0002	2e-05	0.00014	9e-05	0.0	0.00014	6e-05	5e-05	0.00019	3e-05	2e-05	0.0	0.00019	5e-05	9e-05	0.0	6e-05	7e-05	5e-05	0.0	7e-05	3e-05	0.00021	0.0	0.0	0.00019	3e-05	0.0001	0.00012	0.0	0.0	0.0	0.0	4e-05	1e-05	2e-05	4e-05	9e-05	0.00013	3e-05	0.0	0.0	6e-05	9e-05	8e-05	6e-05	2e-05	5e-05	5e-05	1e-05	4e-05	4e-05	0.0	0.00019	2e-05	0.0	0.0	0.0	0.00014	0.00012	3e-05	0.0	0.00019	0.0	0.0	0.0	2e-05	
0.0658	0.00012	0.00012	0.00012	0.00012	0.00012	0.01316	0.00943	0.00012	0.00012	0.00012	0.00012	0.00012	0.00012	0.00012	0.01798	0.00012	0.00012	0.00012	0.0	0.00977	0.09687	0.34151	0.02344	0.01664	0.02196	0.01056	0.02154	0.00012	0.02304	0.02099	0.02616	0.00012	0.00701	0.12482	0.01591	0.00012	0.01316	0.0069	0.00012	0.02347	0.01417	0.0247	0.00012	0.00012	0.00012	0.00012	0.00012	0.00012	0.00778	0.03379	0.18909	0.00012	0.00012	0.00012	0.00012	0.00017	0.02173	0.00012	0.01537	0.00012	0.00687	0.01192	0.00738	0.0072	0.06215	0.00527	0.0	0.0	0.0	0.02029	0.00012	0.00012	0.34151	0.04122	0.00912	0.01316	0.00012	0.00912	0.02129	0.15734	0.00678	0.2685	0.02673	0.0	0.0069	0.02767	0.01316	0.02163	0.02095	0.01725	0.13707	0.00012	0.01715	0.01928	0.00627	0.00012	0.00012	0.0069	0.01881	0.01196	0.99969	0.0	0.0	0.0	0.0	0.01286	0.16937	0.04408	7e-05	0.01346	0.00943	0.01897	0.00012	0.00012	0.02174	0.01316	0.01615	0.00915	0.13659	0.20593	0.01245	0.01861	0.01402	0.01469	0.03168	0.0072	0.02015	0.02708	0.0	0.00012	0.00892	0.0107	0.01868	0.00012	0.00678	0.00012	0.10773	0.02868	0.00798	
0.03909	0.00013	0.00013	0.00013	0.00013	0.00013	0.01215	0.00878	0.00013	0.00013	0.00013	0.00013	0.00013	0.00013	0.00013	0.01651	0.00013	0.00013	0.00013	0.00977	0.0	0.0866	0.00606	0.32504	0.0153	0.17747	0.00974	0.01963	0.00013	0.02107	0.01922	0.02388	0.00013	0.00656	0.02708	0.01455	0.00013	0.01215	0.00647	0.00013	0.15955	0.38737	0.02256	0.00013	0.00013	0.00013	0.00013	0.00013	0.00013	0.00727	0.09436	0.02068	0.00013	0.00013	0.00013	0.00013	0.00018	0.0197	0.00013	0.01401	0.00013	0.00644	0.01104	0.0069	0.00674	0.01361	0.00497	0.0	0.0	0.0	0.16739	0.00013	0.00013	0.00606	0.03731	0.00849	0.01215	0.00013	0.00849	0.0195	0.0232	0.00635	0.23701	0.10536	0.0	0.00647	0.02524	0.01215	0.27096	0.0192	0.01585	0.0254	0.00013	0.01576	0.18236	0.00589	0.00013	0.00013	0.00647	0.01716	0.01108	0.00977	0.0	0.0	0.0	0.0	0.01181	0.01131	0.03989	0.05474	0.01243	0.00878	0.01731	0.00013	0.00013	0.0199	0.01215	0.01486	0.00848	0.02369	0.01037	0.01145	0.01693	0.01287	0.01346	0.07372	0.00674	0.16904	0.09411	0.0	0.00013	0.00831	0.00993	0.01707	0.00013	0.00635	0.00013	0.07914	0.08593	0.0826	
0.03645	1e-05	1e-05	1e-05	1e-05	1e-05	0.05023	0.0822	1e-05	1e-05	1e-05	1e-05	1e-05	1e-05	1e-05	0.05087	1e-05	1e-05	1e-05	0.09687	0.0866	0.0	0.04812	0.08831	0.03258	0.03934	0.06931	0.1124	1e-05	0.01791	0.04018	0.00099	1e-05	0.02134	0.05967	0.10807	1e-05	0.05023	0.02094	1e-05	0.00345	0.0752	0.01137	1e-05	1e-05	1e-05	1e-05	1e-05	1e-05	0.02447	0.01841	0.00914	1e-05	1e-05	1e-05	1e-05	0.00017	0.13344	1e-05	0.10587	1e-05	0.02081	0.04572	0.02284	0.05579	0.02328	0.01482	0.0	0.0	0.0	0.10189	1e-05	1e-05	0.04812	0.13729	0.08103	0.05023	1e-05	0.08103	0.00041	0.04725	0.02043	0.1928	0.0979	0.0	0.02094	0.0596	0.05023	0.18678	0.09783	0.03027	0.07667	1e-05	0.03025	0.04769	0.01849	1e-05	1e-05	0.02094	0.0918	0.02882	0.09687	0.0	0.0	0.0	0.0	0.05416	0.14236	0.04108	0.17012	0.149	0.0822	0.06883	1e-05	1e-05	0.0022	0.05023	0.06709	0.03313	0.07464	0.11376	0.05098	0.0589	0.06019	0.06547	0.09817	0.05579	0.08531	0.06338	0.0	1e-05	0.07846	0.03771	0.09028	1e-05	0.02043	1e-05	0.13459	0.03703	0.02359	
0.03356	0.0002	0.0002	0.0002	0.0002	0.0002	0.00783	0.00588	0.0002	0.0002	0.0002	0.0002	0.0002	0.0002	0.0002	0.0103	0.0002	0.0002	0.0002	0.34151	0.00606	0.04812	0.0	0.01268	0.00962	0.01234	0.00623	0.0118	0.0002	0.01289	0.01184	0.01449	0.0002	0.00456	0.06452	0.00889	0.0002	0.00783	0.00451	0.0002	0.01311	0.00835	0.01374	0.0002	0.0002	0.0002	0.0002	0.0002	0.0002	0.00499	0.0184	0.09565	0.0002	0.0002	0.0002	0.0002	0.00024	0.01154	0.0002	0.00844	0.0002	0.00449	0.00719	0.00477	0.00467	0.00866	0.00358	0.0	0.0	0.0	0.01109	0.0002	0.0002	0.9995	0.02176	0.00571	0.00783	0.0002	0.00571	0.012	0.08045	0.00443	0.12793	0.01431	0.0	0.00451	0.01526	0.00783	0.01152	0.01189	0.00993	0.07057	0.0002	0.00988	0.01065	0.00415	0.0002	0.0002	0.00451	0.01036	0.00721	0.34151	0.0	0.0	0.0	0.0	0.00739	0.31579	0.02325	0.03207	0.00799	0.00588	0.01048	0.0002	0.0002	0.01222	0.00783	0.00937	0.00553	0.0679	0.00659	0.00722	0.01009	0.00802	0.00832	0.01655	0.00467	0.01103	0.01424	0.0	0.0002	0.00561	0.00655	0.01039	0.0002	0.00443	0.0002	0.05193	0.01504	0.01711	
0.06211	2e-05	2e-05	2e-05	2e-05	2e-05	0.03123	0.12312	2e-05	2e-05	2e-05	2e-05	2e-05	2e-05	2e-05	0.11364	2e-05	2e-05	2e-05	0.02344	0.32504	0.08831	0.01268	0.0	0.02245	0.1363	0.02538	0.06323	2e-05	0.25799	0.05685	0.01524	2e-05	0.01401	0.08772	0.11416	2e-05	0.03123	0.01376	2e-05	0.13212	0.19326	0.22258	2e-05	2e-05	2e-05	2e-05	2e-05	2e-05	0.01596	0.12588	0.01391	2e-05	2e-05	2e-05	2e-05	0.00011	0.12368	2e-05	0.10721	2e-05	0.01368	0.06256	0.01495	0.01449	0.00997	0.00989	0.0	0.0	0.0	0.21713	2e-05	2e-05	0.01268	0.03557	0.01952	0.03123	2e-05	0.01952	0.05789	0.07224	0.01345	0.15734	0.10605	0.0	0.01376	0.08034	0.03123	0.29822	0.05634	0.04426	0.01583	2e-05	0.04395	0.14149	0.01222	2e-05	2e-05	0.01376	0.11163	0.02763	0.02344	0.0	0.0	0.0	0.0	0.02645	0.1463	0.04805	0.03601	0.03738	0.12312	0.05415	2e-05	2e-05	0.01655	0.03123	0.04069	0.02096	0.08198	0.10617	0.0312	0.05604	0.06598	0.03907	0.12684	0.01449	0.1404	0.12151	0.0	2e-05	0.11336	0.02395	0.02657	2e-05	0.01345	2e-05	0.08555	0.12671	0.12328	
0.08305	7e-05	7e-05	7e-05	7e-05	7e-05	0.0214	0.01471	7e-05	7e-05	7e-05	7e-05	7e-05	7e-05	7e-05	0.03907	7e-05	7e-05	7e-05	0.01664	0.0153	0.03258	0.00962	0.02245	0.0	0.00402	0.14678	0.01099	7e-05	0.01714	0.03609	0.04599	7e-05	0.17399	0.00022	0.02757	7e-05	0.0214	0.01036	7e-05	0.04083	0.02326	0.013	7e-05	7e-05	7e-05	7e-05	7e-05	7e-05	0.01183	0.06073	0.03918	7e-05	7e-05	7e-05	7e-05	0.00014	0.12615	7e-05	0.30274	7e-05	0.01031	0.01914	0.18708	0.01085	0.02437	0.00768	0.0	0.0	0.0	0.03608	7e-05	7e-05	0.00962	0.13088	0.01415	0.0214	7e-05	0.01415	0.00492	0.04453	0.01014	0.02899	0.01666	0.0	0.01036	0.04889	0.0214	0.03967	0.03588	0.0184	0.00021	7e-05	0.02883	0.03387	0.00931	7e-05	7e-05	0.01036	0.15418	0.0459	0.01664	0.0	0.0	0.0	0.0	0.02161	0.16886	0.07665	0.00178	0.08445	0.01471	0.03333	7e-05	7e-05	0.03752	0.0214	0.02695	0.01466	0.01156	0.19551	0.02073	0.10926	0.02368	0.02509	0.01542	0.01085	0.03578	0.04675	0.0	7e-05	0.24742	0.01696	0.03257	7e-05	0.01014	7e-05	0.04946	0.05379	0.05893	
0.10793	6e-05	6e-05	6e-05	6e-05	6e-05	0.28368	0.01927	6e-05	6e-05	6e-05	6e-05	6e-05	6e-05	6e-05	0.04159	6e-05	6e-05	6e-05	0.02196	0.17747	0.03934	0.01234	0.1363	0.00402	0.0	0.02319	0.06165	6e-05	0.0557	0.06771	0.03408	6e-05	0.11137	0.02156	0.22144	6e-05	0.28368	0.01333	6e-05	0.27272	0.05571	0.06039	6e-05	6e-05	6e-05	6e-05	6e-05	6e-05	0.01533	0.12233	0.05448	6e-05	6e-05	6e-05	6e-05	0.00014	0.05763	6e-05	0.03798	6e-05	0.01326	0.02547	0.01441	0.014	0.03291	0.00975	0.0	0.0	0.0	0.4243	6e-05	6e-05	0.01234	0.02872	0.01851	0.28368	6e-05	0.01851	5e-05	0.03759	0.01304	0.03571	0.01489	0.0	0.01333	0.02806	0.28368	0.21822	0.08181	0.03959	0.10266	6e-05	0.11994	0.45759	0.01192	6e-05	6e-05	0.01333	0.10362	0.0217	0.02196	0.0	0.0	0.0	0.0	0.02943	0.0289	0.06216	0.01193	0.02946	0.01927	0.09178	6e-05	6e-05	0.06107	0.28368	0.14208	0.01946	0.13764	0.02503	0.02811	0.1028	0.24476	0.23437	0.12264	0.014	0.42797	0.18174	0.0	6e-05	0.01803	0.0224	0.09	6e-05	0.01304	6e-05	0.2003	0.15666	0.11774	
0.05637	5e-05	5e-05	5e-05	5e-05	5e-05	0.01343	0.00938	5e-05	5e-05	5e-05	5e-05	5e-05	5e-05	5e-05	0.01876	5e-05	5e-05	5e-05	0.01056	0.00974	0.06931	0.00623	0.02538	0.14678	0.02319	0.0	0.09249	5e-05	0.0244	0.02211	0.02787	5e-05	0.0068	0.07691	0.01688	5e-05	0.01343	0.00669	5e-05	0.02488	0.01454	0.02624	5e-05	5e-05	5e-05	5e-05	5e-05	5e-05	0.00761	0.03633	0.02392	5e-05	5e-05	5e-05	5e-05	0.0001	0.02384	5e-05	0.22648	5e-05	0.00666	0.01207	0.51352	0.007	0.0152	0.00501	0.0	0.0	0.0	0.02182	5e-05	5e-05	0.00623	0.07416	0.00904	0.01343	5e-05	0.00904	0.10214	0.02702	0.00656	0.01777	0.02911	0.0	0.00669	0.02954	0.01343	0.02368	0.02195	0.32715	0.02974	5e-05	0.01785	0.02059	0.00604	5e-05	5e-05	0.00669	0.02014	0.01212	0.01056	0.0	0.0	0.0	0.0	0.0134	0.01298	0.04829	0.05802	0.01376	0.00938	0.02027	5e-05	5e-05	0.0998	0.01343	0.01674	0.00926	0.0283	0.01159	0.0129	0.3198	0.01465	0.01545	0.05945	0.007	0.02165	0.25879	0.0	5e-05	0.00883	0.01075	0.01987	5e-05	0.00656	5e-05	0.10432	0.06246	0.03495	
0.08061	3e-05	3e-05	3e-05	3e-05	3e-05	0.24295	0.01879	3e-05	3e-05	3e-05	3e-05	3e-05	3e-05	3e-05	0.04213	3e-05	3e-05	3e-05	0.02154	0.01963	0.1124	0.0118	0.06323	0.01099	0.06165	0.09249	0.0	3e-05	0.0572	0.06863	0.04096	3e-05	0.01302	0.10012	0.20065	3e-05	0.24295	0.01279	3e-05	0.05265	0.03127	0.06222	3e-05	3e-05	3e-05	3e-05	3e-05	3e-05	0.01479	0.02422	0.05589	3e-05	3e-05	3e-05	3e-05	0.0001	0.06141	3e-05	0.18478	3e-05	0.01272	0.02518	0.1003	0.01346	0.03295	0.06409	0.0	0.0	0.0	0.08426	3e-05	3e-05	0.0118	0.02377	0.01801	0.24295	3e-05	0.01801	0.05193	0.04382	0.25009	0.07393	0.09871	0.0	0.01279	0.03612	0.24295	0.14155	0.08049	0.09397	0.03562	3e-05	0.11168	0.24599	0.01139	3e-05	3e-05	0.01279	0.10077	0.02529	0.02154	0.0	0.0	0.0	0.0	0.02976	0.02947	0.03426	0.1422	0.02934	0.01879	0.09015	3e-05	3e-05	0.06313	0.24295	0.12977	0.06323	0.05738	0.02508	0.06668	0.19249	0.21643	0.20936	0.13053	0.01346	0.08431	0.06784	0.0	3e-05	0.01753	0.022	0.1489	3e-05	0.25009	3e-05	0.0789	0.05118	0.03045	
1e-05	0.0	0.0	0.0	0.0	0.0	9e-05	0.00013	0.0	0.0	0.0	0.0	0.0	0.0	0.0	7e-05	0.0	0.0	0.0	0.00012	0.00013	1e-05	0.0002	2e-05	7e-05	6e-05	5e-05	3e-05	0.0	6e-05	6e-05	5e-05	0.0	0.00019	5e-05	3e-05	0.0	9e-05	0.00019	0.0	6e-05	9e-05	5e-05	0.0	0.0	0.0	0.0	0.0	0.0	0.00017	5e-05	6e-05	0.0	0.0	0.0	0.0	0.0	0.0	0.0	1e-05	0.0	0.00019	0.0001	0.00018	0.00019	8e-05	0.00025	0.0	0.0	0.0	2e-05	0.0	0.0	0.0002	2e-05	0.00014	9e-05	0.0	0.00014	6e-05	5e-05	0.00019	3e-05	2e-05	0.0	0.00019	5e-05	9e-05	0.0	6e-05	7e-05	5e-05	0.0	7e-05	3e-05	0.00021	0.0	0.0	0.00019	3e-05	0.0001	0.00012	0.0	0.0	0.0	0.0	4e-05	1e-05	2e-05	4e-05	9e-05	0.00013	3e-05	0.0	0.0	6e-05	9e-05	8e-05	6e-05	2e-05	5e-05	5e-05	1e-05	4e-05	4e-05	0.0	0.00019	2e-05	0.0	0.0	0.0	0.00014	0.00012	3e-05	0.0	0.00019	0.0	0.0	0.0	2e-05	
0.03484	6e-05	6e-05	6e-05	6e-05	6e-05	0.03015	0.15613	6e-05	6e-05	6e-05	6e-05	6e-05	6e-05	6e-05	0.46753	6e-05	6e-05	6e-05	0.02304	0.02107	0.01791	0.01289	0.25799	0.01714	0.0557	0.0244	0.0572	6e-05	0.0	0.00062	0.03908	6e-05	0.01418	0.07943	0.12644	6e-05	0.03015	0.01394	6e-05	0.06027	0.03296	0.74327	6e-05	6e-05	6e-05	6e-05	6e-05	6e-05	0.11902	0.09222	6e-05	6e-05	6e-05	6e-05	6e-05	0.00016	0.12033	6e-05	0.10977	6e-05	0.01386	0.07213	0.01507	0.01464	0.01325	0.01017	0.0	0.0	0.0	0.12637	6e-05	6e-05	0.01289	0.07591	0.01939	0.03015	6e-05	0.01939	0.05371	0.06614	0.01363	0.0424	0.02241	0.0	0.01394	0.0731	0.03015	0.11671	0.04708	0.04177	0.00018	6e-05	0.0415	0.05023	0.01245	6e-05	6e-05	0.01394	0.11885	0.02689	0.02304	0.0	0.0	0.0	0.0	0.03103	0.17116	0.02127	0.00586	0.03853	0.15613	0.0494	6e-05	6e-05	0.00584	0.03015	0.03861	0.02044	0.07266	0.12595	0.02962	0.05019	0.07104	0.03643	0.09429	0.01464	0.05346	0.06857	0.0	6e-05	0.14411	0.02351	0.00761	6e-05	0.01363	6e-05	0.01462	0.05947	0.12851	
0.06816	6e-05	6e-05	6e-05	6e-05	6e-05	0.30789	0.01844	6e-05	6e-05	6e-05	6e-05	6e-05	6e-05	6e-05	0.00723	6e-05	6e-05	6e-05	0.02099	0.01922	0.04018	0.01184	0.05685	0.03609	0.06771	0.02211	0.06863	6e-05	0.00062	0.0	0.49716	6e-05	0.01301	0.02666	0.23627	6e-05	0.30789	0.01279	6e-05	0.05594	0.02199	9e-05	6e-05	6e-05	6e-05	6e-05	6e-05	6e-05	0.13765	0.09106	0.00086	6e-05	6e-05	6e-05	6e-05	0.00016	0.05434	6e-05	0.03598	6e-05	0.01272	0.02432	0.01382	0.01342	0.01872	0.00937	0.0	0.0	0.0	0.09165	6e-05	6e-05	0.01184	0.1445	0.01771	0.30789	6e-05	0.01771	0.04818	0.04425	0.01251	0.03806	0.06618	0.0	0.01279	0.03383	0.30789	0.08675	0.16178	0.03765	0.03314	6e-05	0.52094	0.09447	0.01144	6e-05	6e-05	0.01279	0.39168	0.03889	0.02099	0.0	0.0	0.0	0.0	0.028	0.02746	0.00862	2e-05	0.02645	0.01844	0.10056	6e-05	6e-05	0.06965	0.30789	0.15649	0.01859	0.05651	0.02385	0.02676	0.11056	0.26323	0.25125	0.03489	0.01342	0.09193	0.05229	0.0	6e-05	0.01726	0.02141	0.09925	6e-05	0.01251	6e-05	0.05718	0.06455	0.2671	
0.06236	5e-05	5e-05	5e-05	5e-05	5e-05	0.21091	0.12857	5e-05	5e-05	5e-05	5e-05	5e-05	5e-05	5e-05	0.00124	5e-05	5e-05	5e-05	0.02616	0.02388	0.00099	0.01449	0.01524	0.04599	0.03408	0.02787	0.04096	5e-05	0.03908	0.49716	0.0	5e-05	0.01596	0.00769	0.32908	5e-05	0.21091	0.01568	5e-05	0.02603	0.00974	0.02999	5e-05	5e-05	5e-05	5e-05	5e-05	5e-05	0.09846	0.03852	0.00054	5e-05	5e-05	5e-05	5e-05	0.00017	0.04826	5e-05	0.04673	5e-05	0.0156	0.05541	0.01698	0.01648	0.00762	0.01139	0.0	0.0	0.0	0.16521	5e-05	5e-05	0.01449	0.16232	0.02195	0.21091	5e-05	0.02195	0.0622	0.01832	0.01533	0.04903	0.08798	0.0	0.01568	0.01183	0.21091	0.14853	0.08288	0.04806	0.10179	5e-05	0.3305	0.06006	0.01399	5e-05	5e-05	0.01568	0.26814	0.02156	0.02616	0.0	0.0	0.0	0.0	0.03565	0.03515	0.00938	0.00717	0.01274	0.12857	0.06516	5e-05	5e-05	0.2025	0.21091	0.0982	0.02325	0.03698	0.03015	0.03397	0.07931	0.18828	0.18258	0.02991	0.01648	0.06096	0.05509	0.0	5e-05	0.02137	0.02671	0.0619	5e-05	0.01533	5e-05	0.11991	0.03059	0.1213	
1e-05	0.0	0.0	0.0	0.0	0.0	9e-05	0.00013	0.0	0.0	0.0	0.0	0.0	0.0	0.0	7e-05	0.0	0.0	0.0	0.00012	0.00013	1e-05	0.0002	2e-05	7e-05	6e-05	5e-05	3e-05	0.0	6e-05	6e-05	5e-05	0.0	0.00019	5e-05	3e-05	0.0	9e-05	0.00019	0.0	6e-05	9e-05	5e-05	0.0	0.0	0.0	0.0	0.0	0.0	0.00017	5e-05	6e-05	0.0	0.0	0.0	0.0	0.0	0.0	0.0	1e-05	0.0	0.00019	0.0001	0.00018	0.00019	8e-05	0.00025	0.0	0.0	0.0	2e-05	0.0	0.0	0.0002	2e-05	0.00014	9e-05	0.0	0.00014	6e-05	5e-05	0.00019	3e-05	2e-05	0.0	0.00019	5e-05	9e-05	0.0	6e-05	7e-05	5e-05	0.0	7e-05	3e-05	0.00021	0.0	0.0	0.00019	3e-05	0.0001	0.00012	0.0	0.0	0.0	0.0	4e-05	1e-05	2e-05	4e-05	9e-05	0.00013	3e-05	0.0	0.0	6e-05	9e-05	8e-05	6e-05	2e-05	5e-05	5e-05	1e-05	4e-05	4e-05	0.0	0.00019	2e-05	0.0	0.0	0.0	0.00014	0.00012	3e-05	0.0	0.00019	0.0	0.0	0.0	2e-05	
0.02499	0.00019	0.00019	0.00019	0.00019	0.00019	0.00853	0.00636	0.00019	0.00019	0.00019	0.00019	0.00019	0.00019	0.00019	0.01129	0.00019	0.00019	0.00019	0.00701	0.00656	0.02134	0.00456	0.01401	0.17399	0.11137	0.0068	0.01302	0.00019	0.01418	0.01301	0.01596	0.00019	0.0	0.01799	0.00978	0.00019	0.00853	0.00484	0.00019	0.01443	0.00911	0.01512	0.00019	0.00019	0.00019	0.00019	0.00019	0.00019	0.00537	0.02031	0.01393	0.00019	0.00019	0.00019	0.00019	0.00023	0.0128	0.00019	0.00931	0.00019	0.00482	0.00782	0.00513	0.00502	0.00946	0.00381	0.0	0.0	0.0	0.01224	0.00019	0.00019	0.00456	0.03882	0.00617	0.00853	0.00019	0.00617	0.1168	0.01553	0.00476	0.01038	0.01585	0.0	0.00484	0.01682	0.00853	0.01277	0.01305	0.01087	0.07842	0.00019	0.01082	0.01174	0.00445	0.00019	0.00019	0.00484	0.01142	0.30746	0.00701	0.0	0.0	0.0	0.0	0.0081	0.00767	0.20036	0.03184	0.00871	0.00636	0.01155	0.00019	0.00019	0.01344	0.00853	0.01025	0.00601	0.07579	0.0072	0.0079	0.01115	0.0088	0.00914	0.01838	0.00502	0.01217	0.01581	0.0	0.00019	0.00606	0.00711	0.01144	0.00019	0.00476	0.00019	0.05821	0.0167	0.01895	
0.07614	5e-05	5e-05	5e-05	5e-05	5e-05	0.17329	0.02593	5e-05	5e-05	5e-05	5e-05	5e-05	5e-05	5e-05	0.05823	5e-05	5e-05	5e-05	0.12482	0.02708	0.05967	0.06452	0.08772	0.00022	0.02156	0.07691	0.10012	5e-05	0.07943	0.02666	0.00769	5e-05	0.01799	0.0	0.15195	5e-05	0.17329	0.07034	5e-05	0.01524	0.04315	0.08658	5e-05	5e-05	5e-05	5e-05	5e-05	5e-05	0.02042	0.00014	0.0016	5e-05	5e-05	5e-05	5e-05	0.00016	0.08492	5e-05	0.08384	5e-05	0.01757	0.03472	0.07672	0.01858	0.00014	0.01279	0.0	0.0	0.0	0.04984	5e-05	5e-05	0.06452	0.02244	0.02485	0.17329	5e-05	0.02485	0.07199	0.11982	0.01727	0.02562	0.10354	0.0	0.07034	0.03781	0.17329	0.05852	0.03501	4e-05	0.09081	5e-05	0.06038	0.04697	0.01574	5e-05	5e-05	0.07034	0.06274	0.03488	0.12482	0.0	0.0	0.0	0.0	0.07675	0.0705	0.02666	0.03369	0.04047	0.02593	0.05163	5e-05	5e-05	0.02263	0.17329	0.07524	0.07038	0.14696	0.06965	0.12683	0.17987	0.15861	0.22677	0.14289	0.01858	0.04946	0.02296	0.0	5e-05	0.02419	0.03035	0.04751	5e-05	0.01727	5e-05	0.12383	0.0982	0.0238	
0.21829	3e-05	3e-05	3e-05	3e-05	3e-05	0.59153	0.41998	3e-05	3e-05	3e-05	3e-05	3e-05	3e-05	3e-05	0.03023	3e-05	3e-05	3e-05	0.01591	0.01455	0.10807	0.00889	0.11416	0.02757	0.22144	0.01688	0.20065	3e-05	0.12644	0.23627	0.32908	3e-05	0.00978	0.15195	0.0	3e-05	0.59153	0.00962	3e-05	0.20199	0.02274	0.11924	3e-05	3e-05	3e-05	3e-05	3e-05	3e-05	0.01107	0.13365	0.03956	3e-05	3e-05	3e-05	3e-05	9e-05	0.13765	3e-05	0.02783	3e-05	0.00956	0.27506	0.0104	0.0101	0.02391	0.00701	0.0	0.0	0.0	0.56597	3e-05	3e-05	0.00889	0.08132	0.01339	0.59153	3e-05	0.01339	0.03689	0.18236	0.0094	0.02925	0.05104	0.0	0.00962	0.16451	0.59153	0.45029	0.26476	0.02877	0.29452	3e-05	0.3255	0.23978	0.00859	3e-05	3e-05	0.00962	0.25872	0.01856	0.01591	0.0	0.0	0.0	0.0	0.02147	0.02113	0.09936	0.10458	0.02139	0.41998	0.24736	3e-05	3e-05	0.48023	0.59153	0.36247	0.01413	0.17252	0.01823	0.02048	0.24124	0.48986	0.46249	0.11891	0.0101	0.22806	0.26816	0.0	3e-05	0.01304	0.01623	0.25235	3e-05	0.0094	3e-05	0.21499	0.13372	0.124	
1e-05	0.0	0.0	0.0	0.0	0.0	9e-05	0.00013	0.0	0.0	0.0	0.0	0.0	0.0	0.0	7e-05	0.0	0.0	0.0	0.00012	0.00013	1e-05	0.0002	2e-05	7e-05	6e-05	5e-05	3e-05	0.0	6e-05	6e-05	5e-05	0.0	0.00019	5e-05	3e-05	0.0	9e-05	0.00019	0.0	6e-05	9e-05	5e-05	0.0	0.0	0.0	0.0	0.0	0.0	0.00017	5e-05	6e-05	0.0	0.0	0.0	0.0	0.0	0.0	0.0	1e-05	0.0	0.00019	0.0001	0.00018	0.00019	8e-05	0.00025	0.0	0.0	0.0	2e-05	0.0	0.0	0.0002	2e-05	0.00014	9e-05	0.0	0.00014	6e-05	5e-05	0.00019	3e-05	2e-05	0.0	0.00019	5e-05	9e-05	0.0	6e-05	7e-05	5e-05	0.0	7e-05	3e-05	0.00021	0.0	0.0	0.00019	3e-05	0.0001	0.00012	0.0	0.0	0.0	0.0	4e-05	1e-05	2e-05	4e-05	9e-05	0.00013	3e-05	0.0	0.0	6e-05	9e-05	8e-05	6e-05	2e-05	5e-05	5e-05	1e-05	4e-05	4e-05	0.0	0.00019	2e-05	0.0	0.0	0.0	0.00014	0.00012	3e-05	0.0	0.00019	0.0	0.0	0.0	2e-05	
0.19636	9e-05	9e-05	9e-05	9e-05	9e-05	0.99975	0.01171	9e-05	9e-05	9e-05	9e-05	9e-05	9e-05	9e-05	0.02322	9e-05	9e-05	9e-05	0.01316	0.01215	0.05023	0.00783	0.03123	0.0214	0.28368	0.01343	0.24295	9e-05	0.03015	0.30789	0.21091	9e-05	0.00853	0.17329	0.59153	9e-05	0.0	0.0084	9e-05	0.25238	0.01804	0.03242	9e-05	9e-05	9e-05	9e-05	9e-05	9e-05	0.00953	0.14417	0.02956	9e-05	9e-05	9e-05	9e-05	0.00015	0.02924	9e-05	0.02028	9e-05	0.00836	0.01502	0.00901	0.00878	0.01886	0.00631	0.0	0.0	0.0	0.27747	9e-05	9e-05	0.00783	0.05581	0.01129	0.99975	9e-05	0.01129	0.02776	0.22119	0.00824	0.02194	0.03582	0.0	0.0084	0.19306	0.99975	0.22324	0.35478	0.02223	0.19119	9e-05	0.46071	0.30228	0.00759	9e-05	9e-05	0.0084	0.32663	0.01508	0.01316	0.0	0.0	0.0	0.0	0.01657	0.01602	0.08645	0.0728	0.01709	0.01171	0.31307	9e-05	9e-05	0.28882	0.99975	0.52801	0.01152	0.19556	0.01437	0.01597	0.29356	0.73091	0.66733	0.11567	0.00878	0.28021	0.15059	0.0	9e-05	0.01103	0.01339	0.32474	9e-05	0.00824	9e-05	0.1268	0.1364	0.12762	
0.03667	0.00019	0.00019	0.00019	0.00019	0.00019	0.0084	0.00627	0.00019	0.00019	0.00019	0.00019	0.00019	0.00019	0.00019	0.01111	0.00019	0.00019	0.00019	0.0069	0.00647	0.02094	0.00451	0.01376	0.01036	0.01333	0.00669	0.01279	0.00019	0.01394	0.01279	0.01568	0.00019	0.00484	0.07034	0.00962	0.00019	0.0084	0.0	0.00019	0.01418	0.00897	0.01486	0.00019	0.00019	0.00019	0.00019	0.00019	0.00019	0.0053	0.01996	0.0137	0.00019	0.00019	0.00019	0.00019	0.00023	0.01256	0.00019	0.00915	0.00019	0.00476	0.0077	0.00506	0.00496	0.00931	0.00377	0.0	0.0	0.0	0.01203	0.00019	0.00019	0.00451	0.03809	0.00609	0.0084	0.00019	0.00609	0.01296	0.01526	0.0047	0.01021	0.01556	0.0	0.99953	0.01653	0.0084	0.01254	0.01283	0.0107	0.01663	0.00019	0.01065	0.01153	0.00439	0.00019	0.00019	0.99953	0.01122	0.00773	0.0069	0.0	0.0	0.0	0.0	0.38711	0.00754	0.03583	0.03127	0.00857	0.00627	0.01135	0.00019	0.00019	0.01321	0.0084	0.01009	0.00592	0.01523	0.00708	0.2464	0.01095	0.00865	0.00898	0.15934	0.00496	0.01196	0.01551	0.0	0.00019	0.00597	0.00701	0.01125	0.00019	0.0047	0.00019	0.01904	0.16343	0.0186	
1e-05	0.0	0.0	0.0	0.0	0.0	9e-05	0.00013	0.0	0.0	0.0	0.0	0.0	0.0	0.0	7e-05	0.0	0.0	0.0	0.00012	0.00013	1e-05	0.0002	2e-05	7e-05	6e-05	5e-05	3e-05	0.0	6e-05	6e-05	5e-05	0.0	0.00019	5e-05	3e-05	0.0	9e-05	0.00019	0.0	6e-05	9e-05	5e-05	0.0	0.0	0.0	0.0	0.0	0.0	0.00017	5e-05	6e-05	0.0	0.0	0.0	0.0	0.0	0.0	0.0	1e-05	0.0	0.00019	0.0001	0.00018	0.00019	8e-05	0.00025	0.0	0.0	0.0	2e-05	0.0	0.0	0.0002	2e-05	0.00014	9e-05	0.0	0.00014	6e-05	5e-05	0.00019	3e-05	2e-05	0.0	0.00019	5e-05	9e-05	0.0	6e-05	7e-05	5e-05	0.0	7e-05	3e-05	0.00021	0.0	0.0	0.00019	3e-05	0.0001	0.00012	0.0	0.0	0.0	0.0	4e-05	1e-05	2e-05	4e-05	9e-05	0.00013	3e-05	0.0	0.0	6e-05	9e-05	8e-05	6e-05	2e-05	5e-05	5e-05	1e-05	4e-05	4e-05	0.0	0.00019	2e-05	0.0	0.0	0.0	0.00014	0.00012	3e-05	0.0	0.00019	0.0	0.0	0.0	2e-05	
0.28062	6e-05	6e-05	6e-05	6e-05	6e-05	0.25238	0.02057	6e-05	6e-05	6e-05	6e-05	6e-05	6e-05	6e-05	0.04482	6e-05	6e-05	6e-05	0.02347	0.15955	0.00345	0.01311	0.13212	0.04083	0.27272	0.02488	0.05265	6e-05	0.06027	0.05594	0.02603	6e-05	0.01443	0.01524	0.20199	6e-05	0.25238	0.01418	6e-05	0.0	0.0473	0.06542	6e-05	6e-05	6e-05	6e-05	6e-05	6e-05	0.01632	0.37328	0.00246	6e-05	6e-05	6e-05	6e-05	0.00015	0.04563	6e-05	0.04113	6e-05	0.0141	0.02728	0.01534	0.01489	0.03535	0.01034	0.0	0.0	0.0	0.3717	6e-05	6e-05	0.01311	0.01927	0.14443	0.25238	6e-05	0.14443	0.05488	0.02911	0.01387	0.03066	0.06297	0.0	0.01418	0.13261	0.25238	0.18959	0.06847	0.04264	0.02026	6e-05	0.10318	0.39798	0.01267	6e-05	6e-05	0.01418	0.09198	0.0274	0.02347	0.0	0.0	0.0	0.0	0.03167	0.03115	0.03999	0.00228	0.03161	0.02057	0.37166	6e-05	6e-05	0.04998	0.25238	0.1233	0.02083	0.04484	0.02688	0.03022	0.09269	0.22064	0.21228	0.20944	0.01489	0.80732	0.53517	0.0	6e-05	0.01924	0.02396	0.07795	6e-05	0.01387	6e-05	0.14413	0.24845	0.09581	
0.01446	9e-05	9e-05	9e-05	9e-05	9e-05	0.01804	0.01258	9e-05	9e-05	9e-05	9e-05	9e-05	9e-05	9e-05	0.02528	9e-05	9e-05	9e-05	0.01417	0.38737	0.0752	0.00835	0.19326	0.02326	0.05571	0.01454	0.03127	9e-05	0.03296	0.02199	0.00974	9e-05	0.00911	0.04315	0.02274	9e-05	0.01804	0.00897	9e-05	0.0473	0.0	0.03548	9e-05	9e-05	9e-05	9e-05	9e-05	9e-05	0.0102	0.16095	0.03231	9e-05	9e-05	9e-05	9e-05	0.00015	0.03227	9e-05	0.02223	9e-05	0.00893	0.01621	0.00964	0.00938	0.02045	0.00671	0.0	0.0	0.0	0.06695	9e-05	9e-05	0.00835	0.06177	0.01212	0.01804	9e-05	0.01212	0.03031	0.03656	0.00879	0.0955	0.03492	0.0	0.00897	0.04002	0.01804	0.16736	0.0297	0.02417	0.04029	9e-05	0.03995	0.07014	0.00809	9e-05	9e-05	0.00897	0.03596	0.09596	0.01417	0.0	0.0	0.0	0.0	0.01802	0.01746	0.06614	0.09059	0.07337	0.01258	0.02736	9e-05	9e-05	0.03098	0.01804	0.02253	0.01243	0.03844	0.01558	0.01734	0.0272	0.01971	0.0208	0.02604	0.00938	0.06729	0.03806	0.0	9e-05	0.01184	0.01443	0.02681	9e-05	0.00879	9e-05	0.03862	0.03321	0.14289	
0.03221	5e-05	5e-05	5e-05	5e-05	5e-05	0.03242	0.14024	5e-05	5e-05	5e-05	5e-05	5e-05	5e-05	5e-05	0.40393	5e-05	5e-05	5e-05	0.0247	0.02256	0.01137	0.01374	0.22258	0.013	0.06039	0.02624	0.06222	5e-05	0.74327	9e-05	0.02999	5e-05	0.01512	0.08658	0.11924	5e-05	0.03242	0.01486	5e-05	0.06542	0.03548	0.0	5e-05	5e-05	5e-05	5e-05	5e-05	5e-05	0.10719	0.10076	0.00011	5e-05	5e-05	5e-05	5e-05	0.00123	0.09482	5e-05	0.10475	5e-05	0.00988	0.0625	0.01608	0.01561	0.00994	0.01082	0.0	0.0	0.0	0.12181	5e-05	5e-05	0.01374	0.06344	0.02075	0.03242	5e-05	0.02075	0.013	0.02222	0.01454	0.04591	0.0084	0.0	0.01486	0.02766	0.03242	0.11471	0.0093	0.0451	5e-05	5e-05	0.04481	0.05454	0.01327	5e-05	5e-05	0.01486	0.11435	0.02887	0.0247	0.0	0.0	0.0	0.0	0.01094	0.15615	0.01431	0.00207	0.03208	0.14024	0.05363	5e-05	5e-05	0.00344	0.03242	0.04165	0.02193	0.05473	0.11583	0.03192	0.05465	0.06937	0.03938	0.10384	0.01561	0.05814	0.06983	0.0	5e-05	0.12956	0.00035	0.00926	5e-05	0.01454	5e-05	0.01658	0.06307	0.08212	
1e-05	0.0	0.0	0.0	0.0	0.0	9e-05	0.00013	0.0	0.0	0.0	0.0	0.0	0.0	0.0	7e-05	0.0	0.0	0.0	0.00012	0.00013	1e-05	0.0002	2e-05	7e-05	6e-05	5e-05	3e-05	0.0	6e-05	6e-05	5e-05	0.0	0.00019	5e-05	3e-05	0.0	9e-05	0.00019	0.0	6e-05	9e-05	5e-05	0.0	0.0	0.0	0.0	0.0	0.0	0.00017	5e-05	6e-05	0.0	0.0	0.0	0.0	0.0	0.0	0.0	1e-05	0.0	0.00019	0.0001	0.00018	0.00019	8e-05	0.00025	0.0	0.0	0.0	2e-05	0.0	0.0	0.0002	2e-05	0.00014	9e-05	0.0	0.00014	6e-05	5e-05	0.00019	3e-05	2e-05	0.0	0.00019	5e-05	9e-05	0.0	6e-05	7e-05	5e-05	0.0	7e-05	3e-05	0.00021	0.0	0.0	0.00019	3e-05	0.0001	0.00012	0.0	0.0	0.0	0.0	4e-05	1e-05	2e-05	4e-05	9e-05	0.00013	3e-05	0.0	0.0	6e-05	9e-05	8e-05	6e-05	2e-05	5e-05	5e-05	1e-05	4e-05	4e-05	0.0	0.00019	2e-05	0.0	0.0	0.0	0.00014	0.00012	3e-05	0.0	0.00019	0.0	0.0	0.0	2e-05	
