0.0	0.0	0.00045	0.0	0.0	0.00045	3e-05	3e-05	0.0	0.0	0.00012	6e-05	0.0	0.0	0.0	0.0	0.0	3e-05	3e-05	0.0	0.0	0.0	0.0	2e-05	0.0	0.0	3e-05	3e-05	0.0	0.0	0.0	0.0	0.0	0.0	0.0	0.0	0.0	0.0	0.0	0.0	0.0	0.0	0.0	5e-05	0.0	3e-05	0.0	0.00045	0.0	0.0	0.0	0.0	0.0	0.0	3e-05	3e-05	0.0	0.0	3e-05	0.0	3e-05	3e-05	0.0	0.0	0.0	0.0	0.0	0.0	0.0	0.0	0.0	3e-05	
0.0	0.0	0.18035	0.01851	0.00857	0.18035	0.00607	0.0	0.00019	0.0	0.08291	0.01873	0.0	0.00019	0.00019	0.0	0.00019	3e-05	3e-05	0.0	0.0	0.0	0.0	0.00109	0.0	0.0	0.02869	0.01411	0.0	0.00019	0.0	0.0	0.19764	0.0	0.0	0.0	0.0	0.01851	0.00019	0.0	0.0	0.0	0.05407	0.03207	0.01835	0.0	0.00019	0.25113	0.01835	0.0	0.0	0.0	0.0	0.05407	3e-05	0.01411	0.0	0.0	3e-05	0.0	3e-05	3e-05	0.0	0.0	0.0	0.0	0.0	0.00019	0.0	0.0	0.0	0.0122	
0.00045	0.18035	0.0	0.01567	3e-05	0.0	0.00154	0.0	0.0	0.0	0.0	3e-05	0.00289	0.0	0.0	0.00673	0.0	0.00231	3e-05	0.0	0.0	0.0	0.00479	0.0	0.0	0.00045	0.391	0.0	0.00045	0.0	0.0	0.0	0.0	0.0	0.0071	0.0	0.0	0.01567	0.0	0.00045	0.00045	0.00587	0.39101	3e-05	3e-05	0.0	0.0	0.0	3e-05	0.0	0.0	0.01138	0.0	0.00045	0.03333	0.0	0.00045	0.00902	0.00127	0.0	3e-05	3e-05	0.0	0.0	0.00045	0.0	0.0	0.0	0.0	0.0	0.0	0.0	
0.0	0.01851	0.01567	0.0	0.0	0.01567	0.0423	0.07666	3e-05	0.00679	0.04245	0.0	0.0	3e-05	3e-05	0.00544	3e-05	0.0	0.00602	3e-05	3e-05	3e-05	0.0	0.00873	3e-05	0.0	0.02162	0.08119	0.0	3e-05	3e-05	0.0	0.00897	0.00849	0.00673	3e-05	0.0	0.0	3e-05	0.0	0.0	0.00299	0.00711	0.00035	0.00014	0.07666	3e-05	0.01632	0.00014	3e-05	3e-05	0.0	3e-05	0.0	0.05763	0.08119	0.0	0.01107	0.01278	3e-05	0.0093	0.0093	3e-05	3e-05	0.0	3e-05	3e-05	3e-05	3e-05	3e-05	3e-05	0.07055	
0.0	0.00857	3e-05	0.0	0.0	3e-05	0.142	3e-05	3e-05	0.00479	3e-05	0.01085	0.00643	3e-05	3e-05	0.00217	3e-05	0.01905	0.00677	3e-05	3e-05	3e-05	0.0	3e-05	3e-05	0.0	0.00711	3e-05	0.0	3e-05	3e-05	0.0	0.00897	0.00896	0.12034	3e-05	0.0	0.0	3e-05	0.0	0.0	0.00136	0.00711	0.00678	0.01057	3e-05	3e-05	3e-05	0.01057	3e-05	3e-05	0.00773	3e-05	0.01687	0.04886	3e-05	0.0	0.0042	0.01043	3e-05	0.01058	0.01058	3e-05	3e-05	0.0	3e-05	3e-05	3e-05	3e-05	3e-05	3e-05	3e-05	
0.00045	0.18035	0.0	0.01567	3e-05	0.0	0.00154	0.0	0.0	0.0	0.0	3e-05	0.00289	0.0	0.0	0.00673	0.0	0.00231	3e-05	0.0	0.0	0.0	0.00479	0.0	0.0	0.00045	0.391	0.0	0.00045	0.0	0.0	0.0	0.0	0.0	0.0071	0.0	0.0	0.01567	0.0	0.00045	0.00045	0.00587	0.39101	3e-05	3e-05	0.0	0.0	0.0	3e-05	0.0	0.0	0.01138	0.0	0.00045	0.03333	0.0	0.00045	0.00902	0.00127	0.0	3e-05	3e-05	0.0	0.0	0.00045	0.0	0.0	0.0	0.0	0.0	0.0	0.0	
3e-05	0.00607	0.00154	0.0423	0.142	0.00154	0.0	0.05139	0.00011	0.00219	0.01194	0.01683	0.00224	0.00011	0.00011	0.10536	0.00011	0.00276	0.01854	6e-05	6e-05	6e-05	0.00648	0.0088	6e-05	3e-05	0.06802	0.00153	3e-05	0.00011	6e-05	0.0255	0.03473	0.01673	0.00218	6e-05	0.0	0.0423	0.00011	3e-05	3e-05	0.00091	0.05055	0.0012	0.1865	0.05139	0.00011	0.00378	0.1865	6e-05	6e-05	0.07164	6e-05	0.07597	0.00311	0.00153	3e-05	0.00363	0.0271	6e-05	0.23554	0.23554	6e-05	6e-05	3e-05	6e-05	6e-05	0.00011	6e-05	6e-05	6e-05	0.06407	
3e-05	0.0	0.0	0.07666	3e-05	0.0	0.05139	0.0	0.0	0.0	0.0	3e-05	0.00168	0.0	0.0	0.0	0.0	0.00616	3e-05	0.0	0.0	0.0	0.00673	0.0	0.0	3e-05	0.01063	0.0	3e-05	0.0	0.0	0.02407	0.0	0.0	0.0	0.0	0.0	0.07666	0.0	3e-05	3e-05	0.0	0.01063	3e-05	3e-05	0.0	0.0	0.0	3e-05	0.0	0.0	0.17557	0.0	0.00045	0.06704	0.0	3e-05	0.0	0.00362	0.0	3e-05	3e-05	0.0	0.0	3e-05	0.0	0.0	0.0	0.0	0.0	0.0	0.0	
0.0	0.00019	0.0	3e-05	3e-05	0.0	0.00011	0.0	0.0	0.00045	0.0	3e-05	1e-05	0.0	0.0	3e-05	0.0	6e-05	3e-05	0.0	0.0	0.0	3e-05	0.0	0.0	0.0	0.0	0.0	0.0	0.0	0.0	0.0	0.0	0.0	3e-05	0.0	0.0	3e-05	0.0	0.0	0.0	3e-05	0.0	3e-05	3e-05	0.0	0.0	0.0	3e-05	0.0	0.0	6e-05	0.0	0.00045	9e-05	0.0	0.0	0.0	4e-05	0.0	3e-05	3e-05	0.0	0.0	0.0	0.0	0.0	0.0	0.0	0.0	0.0	0.0	
0.0	0.0	0.0	0.00679	0.00479	0.0	0.00219	0.0	0.00045	0.0	0.19222	0.00846	0.0	0.00045	0.00045	0.0	0.00045	3e-05	3e-05	0.0	0.0	0.0	0.0	0.04948	0.0	0.0	0.07317	0.01215	0.0	0.00045	0.0	0.0	0.0	0.0	0.0	0.0	0.0	0.00679	0.00045	0.0	0.0	0.0	0.10035	0.06842	0.00673	0.0	0.00045	0.39089	0.00673	0.0	0.0	0.0	0.0	0.10035	3e-05	0.01215	0.0	0.0	3e-05	0.0	3e-05	3e-05	0.0	0.0	0.0	0.0	0.0	0.00045	0.0	0.0	0.0	0.01063	
0.00012	0.08291	0.0	0.04245	3e-05	0.0	0.01194	0.0	0.0	0.19222	0.0	3e-05	0.00539	0.0	0.0	0.16343	0.0	0.04475	3e-05	0.0	0.0	0.0	0.01617	0.0	0.0	0.00012	0.0	0.0	0.00012	0.0	0.0	0.06169	0.0	0.0	0.0	0.0	0.0	0.04245	0.0	0.00012	0.00012	0.0	0.0	3e-05	3e-05	0.0	0.0	0.0	3e-05	0.0	0.0	0.02497	0.0	0.00045	0.13258	0.0	0.00012	0.0	0.01326	0.0	3e-05	3e-05	0.0	0.0	0.00012	0.0	0.0	0.0	0.0	0.0	0.0	0.0	
6e-05	0.01873	3e-05	0.0	0.01085	3e-05	0.01683	3e-05	3e-05	0.00846	3e-05	0.0	0.0006	3e-05	3e-05	0.00709	3e-05	0.0	0.00602	3e-05	3e-05	3e-05	0.13014	3e-05	3e-05	6e-05	0.03514	3e-05	6e-05	3e-05	3e-05	0.05129	0.0085	0.00849	0.0868	3e-05	0.0	0.0	3e-05	6e-05	6e-05	0.00444	0.03514	0.00602	0.0093	3e-05	3e-05	3e-05	0.0093	3e-05	3e-05	0.02505	3e-05	0.01512	0.0098	3e-05	6e-05	0.01248	0.00164	3e-05	0.0093	0.0093	3e-05	3e-05	6e-05	3e-05	3e-05	3e-05	3e-05	3e-05	3e-05	3e-05	
0.0	0.0	0.00289	0.0	0.00643	0.00289	0.00224	0.00168	1e-05	0.0	0.00539	0.0006	0.0	1e-05	1e-05	0.0	1e-05	3e-05	3e-05	0.0	0.0	0.0	0.0	0.01254	0.0	0.0	0.0048	0.0011	0.0	1e-05	0.0	0.0	0.00775	0.0	0.0	0.0	0.0	0.0	1e-05	0.0	0.0	0.0	0.00648	0.00436	0.0	0.00168	1e-05	0.0047	0.0	0.0	0.0	0.0	0.0	0.00647	3e-05	0.0011	0.0	0.0	3e-05	0.0	3e-05	3e-05	0.0	0.0	0.0	0.0	0.0	1e-05	0.0	0.0	0.0	0.001	
0.0	0.00019	0.0	3e-05	3e-05	0.0	0.00011	0.0	0.0	0.00045	0.0	3e-05	1e-05	0.0	0.0	3e-05	0.0	6e-05	3e-05	0.0	0.0	0.0	3e-05	0.0	0.0	0.0	0.0	0.0	0.0	0.0	0.0	0.0	0.0	0.0	3e-05	0.0	0.0	3e-05	0.0	0.0	0.0	3e-05	0.0	3e-05	3e-05	0.0	0.0	0.0	3e-05	0.0	0.0	6e-05	0.0	0.00045	9e-05	0.0	0.0	0.0	4e-05	0.0	3e-05	3e-05	0.0	0.0	0.0	0.0	0.0	0.0	0.0	0.0	0.0	0.0	
0.0	0.00019	0.0	3e-05	3e-05	0.0	0.00011	0.0	0.0	0.00045	0.0	3e-05	1e-05	0.0	0.0	3e-05	0.0	6e-05	3e-05	0.0	0.0	0.0	3e-05	0.0	0.0	0.0	0.0	0.0	0.0	0.0	0.0	0.0	0.0	0.0	3e-05	0.0	0.0	3e-05	0.0	0.0	0.0	3e-05	0.0	3e-05	3e-05	0.0	0.0	0.0	3e-05	0.0	0.0	6e-05	0.0	0.00045	9e-05	0.0	0.0	0.0	4e-05	0.0	3e-05	3e-05	0.0	0.0	0.0	0.0	0.0	0.0	0.0	0.0	0.0	0.0	
0.0	0.0	0.00673	0.00544	0.00217	0.00673	0.10536	0.0	3e-05	0.0	0.16343	0.00709	0.0	3e-05	3e-05	0.0	3e-05	3e-05	3e-05	0.0	0.0	0.0	0.0	0.03681	0.0	0.0	0.0109	0.00667	0.0	3e-05	0.0	0.0	0.00841	0.0	0.0	0.0	0.0	0.00544	3e-05	0.0	0.0	0.0	0.00429	0.03452	0.0	0.0	3e-05	0.0	0.0	0.0	0.0	0.0	0.0	0.00429	3e-05	0.00667	0.0	0.0	3e-05	0.0	3e-05	3e-05	0.0	0.0	0.0	0.0	0.0	3e-05	0.0	0.0	0.0	0.00558	
0.0	0.00019	0.0	3e-05	3e-05	0.0	0.00011	0.0	0.0	0.00045	0.0	3e-05	1e-05	0.0	0.0	3e-05	0.0	6e-05	3e-05	0.0	0.0	0.0	3e-05	0.0	0.0	0.0	0.0	0.0	0.0	0.0	0.0	0.0	0.0	0.0	3e-05	0.0	0.0	3e-05	0.0	0.0	0.0	3e-05	0.0	3e-05	3e-05	0.0	0.0	0.0	3e-05	0.0	0.0	6e-05	0.0	0.00045	9e-05	0.0	0.0	0.0	4e-05	0.0	3e-05	3e-05	0.0	0.0	0.0	0.0	0.0	0.0	0.0	0.0	0.0	0.0	
3e-05	3e-05	0.00231	0.0	0.01905	0.00231	0.00276	0.00616	6e-05	3e-05	0.04475	0.0	3e-05	6e-05	6e-05	3e-05	6e-05	0.0	0.00602	3e-05	3e-05	3e-05	3e-05	0.01241	3e-05	3e-05	0.03636	0.00229	3e-05	6e-05	3e-05	0.02407	0.01586	0.00849	3e-05	3e-05	0.0	0.0	6e-05	3e-05	3e-05	3e-05	0.02425	0.00162	0.04752	0.00616	6e-05	0.00714	0.04752	3e-05	3e-05	3e-05	3e-05	0.02425	0.00408	0.00229	3e-05	3e-05	0.00602	3e-05	0.0093	0.0093	3e-05	3e-05	3e-05	3e-05	3e-05	6e-05	3e-05	3e-05	3e-05	0.0019	
3e-05	3e-05	3e-05	0.00602	0.00677	3e-05	0.01854	3e-05	3e-05	3e-05	3e-05	0.00602	3e-05	3e-05	3e-05	3e-05	3e-05	0.00602	0.0	3e-05	3e-05	3e-05	3e-05	3e-05	3e-05	3e-05	0.01042	3e-05	3e-05	3e-05	3e-05	0.02017	0.0072	0.0072	3e-05	3e-05	0.0	0.00602	3e-05	3e-05	3e-05	3e-05	0.01041	0.0	0.00589	3e-05	3e-05	3e-05	0.00589	3e-05	3e-05	3e-05	3e-05	0.01042	0.00276	3e-05	3e-05	3e-05	0.0	3e-05	0.00589	0.00589	3e-05	3e-05	3e-05	3e-05	3e-05	3e-05	3e-05	3e-05	3e-05	3e-05	
0.0	0.0	0.0	3e-05	3e-05	0.0	6e-05	0.0	0.0	0.0	0.0	3e-05	0.0	0.0	0.0	0.0	0.0	3e-05	3e-05	0.0	0.0	0.0	0.0	0.0	0.0	0.0	0.00045	0.0	0.0	0.0	0.0	0.0	0.0	0.0	0.0	0.0	0.0	3e-05	0.0	0.0	0.0	0.0	0.00045	3e-05	3e-05	0.0	0.0	0.0	3e-05	0.0	0.0	0.0	0.0	0.00045	3e-05	0.0	0.0	0.0	3e-05	0.0	3e-05	3e-05	0.0	0.0	0.0	0.0	0.0	0.0	0.0	0.0	0.0	0.0	
0.0	0.0	0.0	3e-05	3e-05	0.0	6e-05	0.0	0.0	0.0	0.0	3e-05	0.0	0.0	0.0	0.0	0.0	3e-05	3e-05	0.0	0.0	0.0	0.0	0.0	0.0	0.0	0.00045	0.0	0.0	0.0	0.0	0.0	0.0	0.0	0.0	0.0	0.0	3e-05	0.0	0.0	0.0	0.0	0.00045	3e-05	3e-05	0.0	0.0	0.0	3e-05	0.0	0.0	0.0	0.0	0.00045	3e-05	0.0	0.0	0.0	3e-05	0.0	3e-05	3e-05	0.0	0.0	0.0	0.0	0.0	0.0	0.0	0.0	0.0	0.0	
0.0	0.0	0.0	3e-05	3e-05	0.0	6e-05	0.0	0.0	0.0	0.0	3e-05	0.0	0.0	0.0	0.0	0.0	3e-05	3e-05	0.0	0.0	0.0	0.0	0.0	0.0	0.0	0.00045	0.0	0.0	0.0	0.0	0.0	0.0	0.0	0.0	0.0	0.0	3e-05	0.0	0.0	0.0	0.0	0.00045	3e-05	3e-05	0.0	0.0	0.0	3e-05	0.0	0.0	0.0	0.0	0.00045	3e-05	0.0	0.0	0.0	3e-05	0.0	3e-05	3e-05	0.0	0.0	0.0	0.0	0.0	0.0	0.0	0.0	0.0	0.0	
0.0	0.0	0.00479	0.0	0.0	0.00479	0.00648	0.00673	3e-05	0.0	0.01617	0.13014	0.0	3e-05	3e-05	0.0	3e-05	3e-05	3e-05	0.0	0.0	0.0	0.0	0.03984	0.0	0.0	0.01053	0.12033	0.0	3e-05	0.0	0.0	0.00897	0.0	0.0	0.0	0.0	0.0	3e-05	0.0	0.0	0.0	0.00711	0.04008	0.0	0.00673	3e-05	0.01215	0.0	0.0	0.0	0.0	0.0	0.00711	3e-05	0.12033	0.0	0.0	3e-05	0.0	3e-05	3e-05	0.0	0.0	0.0	0.0	0.0	3e-05	0.0	0.0	0.0	0.00224	
2e-05	0.00109	0.0	0.00873	3e-05	0.0	0.0088	0.0	0.0	0.04948	0.0	3e-05	0.01254	0.0	0.0	0.03681	0.0	0.01241	3e-05	0.0	0.0	0.0	0.03984	0.0	0.0	2e-05	0.0	0.0	2e-05	0.0	0.0	0.00019	0.0	0.0	0.0	0.0	0.0	0.00873	0.0	2e-05	2e-05	0.03235	0.0	3e-05	3e-05	0.0	0.0	0.0	3e-05	0.0	0.0	0.06017	0.0	0.00045	0.01521	0.0	2e-05	0.00297	0.03959	0.0	3e-05	3e-05	0.0	0.0	2e-05	0.0	0.0	0.0	0.0	0.0	0.0	0.0	
0.0	0.0	0.0	3e-05	3e-05	0.0	6e-05	0.0	0.0	0.0	0.0	3e-05	0.0	0.0	0.0	0.0	0.0	3e-05	3e-05	0.0	0.0	0.0	0.0	0.0	0.0	0.0	0.00045	0.0	0.0	0.0	0.0	0.0	0.0	0.0	0.0	0.0	0.0	3e-05	0.0	0.0	0.0	0.0	0.00045	3e-05	3e-05	0.0	0.0	0.0	3e-05	0.0	0.0	0.0	0.0	0.00045	3e-05	0.0	0.0	0.0	3e-05	0.0	3e-05	3e-05	0.0	0.0	0.0	0.0	0.0	0.0	0.0	0.0	0.0	0.0	
0.0	0.0	0.00045	0.0	0.0	0.00045	3e-05	3e-05	0.0	0.0	0.00012	6e-05	0.0	0.0	0.0	0.0	0.0	3e-05	3e-05	0.0	0.0	0.0	0.0	2e-05	0.0	0.0	3e-05	3e-05	0.0	0.0	0.0	0.0	0.0	0.0	0.0	0.0	0.0	0.0	0.0	0.0	0.0	0.0	0.0	5e-05	0.0	3e-05	0.0	0.00045	0.0	0.0	0.0	0.0	0.0	0.0	3e-05	3e-05	0.0	0.0	3e-05	0.0	3e-05	3e-05	0.0	0.0	0.0	0.0	0.0	0.0	0.0	0.0	0.0	3e-05	
3e-05	0.02869	0.391	0.02162	0.00711	0.391	0.06802	0.01063	0.0	0.07317	0.0	0.03514	0.0048	0.0	0.0	0.0109	0.0	0.03636	0.01042	0.00045	0.00045	0.00045	0.01053	0.0	0.00045	3e-05	0.0	0.0	3e-05	0.0	0.00045	0.02018	0.0	0.0	0.01237	0.00045	0.0	0.02162	0.0	3e-05	3e-05	0.03562	0.0	0.04982	0.00429	0.01063	0.0	0.0	0.00429	0.00045	0.00045	0.03069	0.00045	0.0	9e-05	0.0	3e-05	0.00918	0.02039	0.00045	0.01481	0.01481	0.00045	0.00045	3e-05	0.00045	0.00045	0.0	0.00045	0.00045	0.00045	0.0	
3e-05	0.01411	0.0	0.08119	3e-05	0.0	0.00153	0.0	0.0	0.01215	0.0	3e-05	0.0011	0.0	0.0	0.00667	0.0	0.00229	3e-05	0.0	0.0	0.0	0.12033	0.0	0.0	3e-05	0.0	0.0	3e-05	0.0	0.0	0.0255	0.0	0.0	0.0	0.0	0.0	0.08119	0.0	3e-05	3e-05	0.00582	0.0	3e-05	3e-05	0.0	0.0	0.0	3e-05	0.0	0.0	0.01129	0.0	0.00045	0.01998	0.0	3e-05	0.00895	0.00126	0.0	3e-05	3e-05	0.0	0.0	3e-05	0.0	0.0	0.0	0.0	0.0	0.0	0.0	
0.0	0.0	0.00045	0.0	0.0	0.00045	3e-05	3e-05	0.0	0.0	0.00012	6e-05	0.0	0.0	0.0	0.0	0.0	3e-05	3e-05	0.0	0.0	0.0	0.0	2e-05	0.0	0.0	3e-05	3e-05	0.0	0.0	0.0	0.0	0.0	0.0	0.0	0.0	0.0	0.0	0.0	0.0	0.0	0.0	0.0	5e-05	0.0	3e-05	0.0	0.00045	0.0	0.0	0.0	0.0	0.0	0.0	3e-05	3e-05	0.0	0.0	3e-05	0.0	3e-05	3e-05	0.0	0.0	0.0	0.0	0.0	0.0	0.0	0.0	0.0	3e-05	
0.0	0.00019	0.0	3e-05	3e-05	0.0	0.00011	0.0	0.0	0.00045	0.0	3e-05	1e-05	0.0	0.0	3e-05	0.0	6e-05	3e-05	0.0	0.0	0.0	3e-05	0.0	0.0	0.0	0.0	0.0	0.0	0.0	0.0	0.0	0.0	0.0	3e-05	0.0	0.0	3e-05	0.0	0.0	0.0	3e-05	0.0	3e-05	3e-05	0.0	0.0	0.0	3e-05	0.0	0.0	6e-05	0.0	0.00045	9e-05	0.0	0.0	0.0	4e-05	0.0	3e-05	3e-05	0.0	0.0	0.0	0.0	0.0	0.0	0.0	0.0	0.0	0.0	
0.0	0.0	0.0	3e-05	3e-05	0.0	6e-05	0.0	0.0	0.0	0.0	3e-05	0.0	0.0	0.0	0.0	0.0	3e-05	3e-05	0.0	0.0	0.0	0.0	0.0	0.0	0.0	0.00045	0.0	0.0	0.0	0.0	0.0	0.0	0.0	0.0	0.0	0.0	3e-05	0.0	0.0	0.0	0.0	0.00045	3e-05	3e-05	0.0	0.0	0.0	3e-05	0.0	0.0	0.0	0.0	0.00045	3e-05	0.0	0.0	0.0	3e-05	0.0	3e-05	3e-05	0.0	0.0	0.0	0.0	0.0	0.0	0.0	0.0	0.0	0.0	
0.0	0.0	0.0	0.0	0.0	0.0	0.0255	0.02407	0.0	0.0	0.06169	0.05129	0.0	0.0	0.0	0.0	0.0	0.02407	0.02017	0.0	0.0	0.0	0.0	0.00019	0.0	0.0	0.02018	0.0255	0.0	0.0	0.0	0.0	0.0	0.0	0.0	0.0	0.0	0.0	0.0	0.0	0.0	0.0	0.0	0.01209	0.0	0.02407	0.0	0.0	0.0	0.0	0.0	0.0	0.0	0.0	0.01788	0.0255	0.0	0.0	0.02018	0.0	0.02381	0.02381	0.0	0.0	0.0	0.0	0.0	0.0	0.0	0.0	0.0	0.02408	
0.0	0.19764	0.0	0.00897	0.00897	0.0	0.03473	0.0	0.0	0.0	0.0	0.0085	0.00775	0.0	0.0	0.00841	0.0	0.01586	0.0072	0.0	0.0	0.0	0.00897	0.0	0.0	0.0	0.0	0.0	0.0	0.0	0.0	0.0	0.0	0.0	0.00896	0.0	0.0	0.00897	0.0	0.0	0.0	0.00719	0.0	0.0072	0.00841	0.0	0.0	0.0	0.00841	0.0	0.0	0.01586	0.0	0.0	0.02889	0.0	0.0	0.01163	0.01069	0.0	0.00841	0.00841	0.0	0.0	0.0	0.0	0.0	0.0	0.0	0.0	0.0	0.0	
0.0	0.0	0.0	0.00849	0.00896	0.0	0.01673	0.0	0.0	0.0	0.0	0.00849	0.0	0.0	0.0	0.0	0.0	0.00849	0.0072	0.0	0.0	0.0	0.0	0.0	0.0	0.0	0.0	0.0	0.0	0.0	0.0	0.0	0.0	0.0	0.0	0.0	0.0	0.00849	0.0	0.0	0.0	0.0	0.0	0.0072	0.00841	0.0	0.0	0.0	0.00841	0.0	0.0	0.0	0.0	0.0	0.00642	0.0	0.0	0.0	0.0072	0.0	0.00841	0.00841	0.0	0.0	0.0	0.0	0.0	0.0	0.0	0.0	0.0	0.0	
0.0	0.0	0.0071	0.00673	0.12034	0.0071	0.00218	0.0	3e-05	0.0	0.0	0.0868	0.0	3e-05	3e-05	0.0	3e-05	3e-05	3e-05	0.0	0.0	0.0	0.0	0.0	0.0	0.0	0.01237	0.0	0.0	3e-05	0.0	0.0	0.00896	0.0	0.0	0.0	0.0	0.00673	3e-05	0.0	0.0	0.0	0.00479	0.05849	0.00667	0.0	3e-05	0.0	0.00667	0.0	0.0	0.0	0.0	0.00479	3e-05	0.0	0.0	0.0	3e-05	0.0	3e-05	3e-05	0.0	0.0	0.0	0.0	0.0	3e-05	0.0	0.0	0.0	0.00589	
0.0	0.0	0.0	3e-05	3e-05	0.0	6e-05	0.0	0.0	0.0	0.0	3e-05	0.0	0.0	0.0	0.0	0.0	3e-05	3e-05	0.0	0.0	0.0	0.0	0.0	0.0	0.0	0.00045	0.0	0.0	0.0	0.0	0.0	0.0	0.0	0.0	0.0	0.0	3e-05	0.0	0.0	0.0	0.0	0.00045	3e-05	3e-05	0.0	0.0	0.0	3e-05	0.0	0.0	0.0	0.0	0.00045	3e-05	0.0	0.0	0.0	3e-05	0.0	3e-05	3e-05	0.0	0.0	0.0	0.0	0.0	0.0	0.0	0.0	0.0	0.0	
0.0	0.0	0.0	0.0	0.0	0.0	0.0	0.0	0.0	0.0	0.0	0.0	0.0	0.0	0.0	0.0	0.0	0.0	0.0	0.0	0.0	0.0	0.0	0.0	0.0	0.0	0.0	0.0	0.0	0.0	0.0	0.0	0.0	0.0	0.0	0.0	0.0	0.0	0.0	0.0	0.0	0.0	0.0	0.0	0.0	0.0	0.0	0.0	0.0	0.0	0.0	0.0	0.0	0.0	0.0	0.0	0.0	0.0	0.0	0.0	0.0	0.0	0.0	0.0	0.0	0.0	0.0	0.0	0.0	0.0	0.0	0.0	
0.0	0.01851	0.01567	0.0	0.0	0.01567	0.0423	0.07666	3e-05	0.00679	0.04245	0.0	0.0	3e-05	3e-05	0.00544	3e-05	0.0	0.00602	3e-05	3e-05	3e-05	0.0	0.00873	3e-05	0.0	0.02162	0.08119	0.0	3e-05	3e-05	0.0	0.00897	0.00849	0.00673	3e-05	0.0	0.0	3e-05	0.0	0.0	0.00299	0.00711	0.00035	0.00014	0.07666	3e-05	0.01632	0.00014	3e-05	3e-05	0.0	3e-05	0.0	0.05763	0.08119	0.0	0.01107	0.01278	3e-05	0.0093	0.0093	3e-05	3e-05	0.0	3e-05	3e-05	3e-05	3e-05	3e-05	3e-05	0.07055	
0.0	0.00019	0.0	3e-05	3e-05	0.0	0.00011	0.0	0.0	0.00045	0.0	3e-05	1e-05	0.0	0.0	3e-05	0.0	6e-05	3e-05	0.0	0.0	0.0	3e-05	0.0	0.0	0.0	0.0	0.0	0.0	0.0	0.0	0.0	0.0	0.0	3e-05	0.0	0.0	3e-05	0.0	0.0	0.0	3e-05	0.0	3e-05	3e-05	0.0	0.0	0.0	3e-05	0.0	0.0	6e-05	0.0	0.00045	9e-05	0.0	0.0	0.0	4e-05	0.0	3e-05	3e-05	0.0	0.0	0.0	0.0	0.0	0.0	0.0	0.0	0.0	0.0	
0.0	0.0	0.00045	0.0	0.0	0.00045	3e-05	3e-05	0.0	0.0	0.00012	6e-05	0.0	0.0	0.0	0.0	0.0	3e-05	3e-05	0.0	0.0	0.0	0.0	2e-05	0.0	0.0	3e-05	3e-05	0.0	0.0	0.0	0.0	0.0	0.0	0.0	0.0	0.0	0.0	0.0	0.0	0.0	0.0	0.0	5e-05	0.0	3e-05	0.0	0.00045	0.0	0.0	0.0	0.0	0.0	0.0	3e-05	3e-05	0.0	0.0	3e-05	0.0	3e-05	3e-05	0.0	0.0	0.0	0.0	0.0	0.0	0.0	0.0	0.0	3e-05	
0.0	0.0	0.00045	0.0	0.0	0.00045	3e-05	3e-05	0.0	0.0	0.00012	6e-05	0.0	0.0	0.0	0.0	0.0	3e-05	3e-05	0.0	0.0	0.0	0.0	2e-05	0.0	0.0	3e-05	3e-05	0.0	0.0	0.0	0.0	0.0	0.0	0.0	0.0	0.0	0.0	0.0	0.0	0.0	0.0	0.0	5e-05	0.0	3e-05	0.0	0.00045	0.0	0.0	0.0	0.0	0.0	0.0	3e-05	3e-05	0.0	0.0	3e-05	0.0	3e-05	3e-05	0.0	0.0	0.0	0.0	0.0	0.0	0.0	0.0	0.0	3e-05	
0.0	0.0	0.00587	0.00299	0.00136	0.00587	0.00091	0.0	3e-05	0.0	0.0	0.00444	0.0	3e-05	3e-05	0.0	3e-05	3e-05	3e-05	0.0	0.0	0.0	0.0	0.03235	0.0	0.0	0.03562	0.00582	0.0	3e-05	0.0	0.0	0.00719	0.0	0.0	0.0	0.0	0.00299	3e-05	0.0	0.0	0.0	0.00321	0.02163	0.00296	0.0	3e-05	0.0	0.00296	0.0	0.0	0.0	0.0	0.00321	3e-05	0.00582	0.0	0.0	3e-05	0.0	3e-05	3e-05	0.0	0.0	0.0	0.0	0.0	3e-05	0.0	0.0	0.0	0.00487	
0.0	0.05407	0.39101	0.00711	0.00711	0.39101	0.05055	0.01063	0.0	0.10035	0.0	0.03514	0.00648	0.0	0.0	0.00429	0.0	0.02425	0.01041	0.00045	0.00045	0.00045	0.00711	0.0	0.00045	0.0	0.0	0.0	0.0	0.0	0.00045	0.0	0.0	0.0	0.00479	0.00045	0.0	0.00711	0.0	0.0	0.0	0.00321	0.0	0.04982	0.00429	0.01063	0.0	0.0	0.00429	0.00045	0.00045	0.01112	0.00045	0.0	0.01058	0.0	0.0	0.00684	0.01442	0.00045	0.01481	0.01481	0.00045	0.00045	0.0	0.00045	0.00045	0.0	0.00045	0.00045	0.00045	0.0	
5e-05	0.03207	3e-05	0.00035	0.00678	3e-05	0.0012	3e-05	3e-05	0.06842	3e-05	0.00602	0.00436	3e-05	3e-05	0.03452	3e-05	0.00162	0.0	3e-05	3e-05	3e-05	0.04008	3e-05	3e-05	5e-05	0.04982	3e-05	5e-05	3e-05	3e-05	0.01209	0.0072	0.0072	0.05849	3e-05	0.0	0.00035	3e-05	5e-05	5e-05	0.02163	0.04982	0.0	0.00589	3e-05	3e-05	3e-05	0.00589	3e-05	3e-05	0.11679	3e-05	0.01042	0.00885	3e-05	5e-05	0.05991	0.0	3e-05	0.00589	0.00589	3e-05	3e-05	5e-05	3e-05	3e-05	3e-05	3e-05	3e-05	3e-05	3e-05	
0.0	0.01835	3e-05	0.00014	0.01057	3e-05	0.1865	3e-05	3e-05	0.00673	3e-05	0.0093	0.0	3e-05	3e-05	0.0	3e-05	0.04752	0.00589	3e-05	3e-05	3e-05	0.0	3e-05	3e-05	0.0	0.00429	3e-05	0.0	3e-05	3e-05	0.0	0.00841	0.00841	0.00667	3e-05	0.0	0.00014	3e-05	0.0	0.0	0.00296	0.00429	0.00589	0.0	3e-05	3e-05	3e-05	0.0	3e-05	3e-05	0.0	3e-05	0.01481	0.04835	3e-05	0.0	0.01097	0.01249	3e-05	0.0	0.0	3e-05	3e-05	0.0	3e-05	3e-05	3e-05	3e-05	3e-05	3e-05	3e-05	
3e-05	0.0	0.0	0.07666	3e-05	0.0	0.05139	0.0	0.0	0.0	0.0	3e-05	0.00168	0.0	0.0	0.0	0.0	0.00616	3e-05	0.0	0.0	0.0	0.00673	0.0	0.0	3e-05	0.01063	0.0	3e-05	0.0	0.0	0.02407	0.0	0.0	0.0	0.0	0.0	0.07666	0.0	3e-05	3e-05	0.0	0.01063	3e-05	3e-05	0.0	0.0	0.0	3e-05	0.0	0.0	0.17557	0.0	0.00045	0.06704	0.0	3e-05	0.0	0.00362	0.0	3e-05	3e-05	0.0	0.0	3e-05	0.0	0.0	0.0	0.0	0.0	0.0	0.0	
0.0	0.00019	0.0	3e-05	3e-05	0.0	0.00011	0.0	0.0	0.00045	0.0	3e-05	1e-05	0.0	0.0	3e-05	0.0	6e-05	3e-05	0.0	0.0	0.0	3e-05	0.0	0.0	0.0	0.0	0.0	0.0	0.0	0.0	0.0	0.0	0.0	3e-05	0.0	0.0	3e-05	0.0	0.0	0.0	3e-05	0.0	3e-05	3e-05	0.0	0.0	0.0	3e-05	0.0	0.0	6e-05	0.0	0.00045	9e-05	0.0	0.0	0.0	4e-05	0.0	3e-05	3e-05	0.0	0.0	0.0	0.0	0.0	0.0	0.0	0.0	0.0	0.0	
0.00045	0.25113	0.0	0.01632	3e-05	0.0	0.00378	0.0	0.0	0.39089	0.0	3e-05	0.0047	0.0	0.0	0.0	0.0	0.00714	3e-05	0.0	0.0	0.0	0.01215	0.0	0.0	0.00045	0.0	0.0	0.00045	0.0	0.0	0.0	0.0	0.0	0.0	0.0	0.0	0.01632	0.0	0.00045	0.00045	0.0	0.0	3e-05	3e-05	0.0	0.0	0.0	3e-05	0.0	0.0	0.0	0.0	0.00045	0.05821	0.0	0.00045	0.0	0.00418	0.0	3e-05	3e-05	0.0	0.0	0.00045	0.0	0.0	0.0	0.0	0.0	0.0	0.0	
0.0	0.01835	3e-05	0.00014	0.01057	3e-05	0.1865	3e-05	3e-05	0.00673	3e-05	0.0093	0.0	3e-05	3e-05	0.0	3e-05	0.04752	0.00589	3e-05	3e-05	3e-05	0.0	3e-05	3e-05	0.0	0.00429	3e-05	0.0	3e-05	3e-05	0.0	0.00841	0.00841	0.00667	3e-05	0.0	0.00014	3e-05	0.0	0.0	0.00296	0.00429	0.00589	0.0	3e-05	3e-05	3e-05	0.0	3e-05	3e-05	0.0	3e-05	0.01481	0.04835	3e-05	0.0	0.01097	0.01249	3e-05	0.0	0.0	3e-05	3e-05	0.0	3e-05	3e-05	3e-05	3e-05	3e-05	3e-05	3e-05	
0.0	0.0	0.0	3e-05	3e-05	0.0	6e-05	0.0	0.0	0.0	0.0	3e-05	0.0	0.0	0.0	0.0	0.0	3e-05	3e-05	0.0	0.0	0.0	0.0	0.0	0.0	0.0	0.00045	0.0	0.0	0.0	0.0	0.0	0.0	0.0	0.0	0.0	0.0	3e-05	0.0	0.0	0.0	0.0	0.00045	3e-05	3e-05	0.0	0.0	0.0	3e-05	0.0	0.0	0.0	0.0	0.00045	3e-05	0.0	0.0	0.0	3e-05	0.0	3e-05	3e-05	0.0	0.0	0.0	0.0	0.0	0.0	0.0	0.0	0.0	0.0	
0.0	0.0	0.0	3e-05	3e-05	0.0	6e-05	0.0	0.0	0.0	0.0	3e-05	0.0	0.0	0.0	0.0	0.0	3e-05	3e-05	0.0	0.0	0.0	0.0	0.0	0.0	0.0	0.00045	0.0	0.0	0.0	0.0	0.0	0.0	0.0	0.0	0.0	0.0	3e-05	0.0	0.0	0.0	0.0	0.00045	3e-05	3e-05	0.0	0.0	0.0	3e-05	0.0	0.0	0.0	0.0	0.00045	3e-05	0.0	0.0	0.0	3e-05	0.0	3e-05	3e-05	0.0	0.0	0.0	0.0	0.0	0.0	0.0	0.0	0.0	0.0	
0.0	0.0	0.01138	0.0	0.00773	0.01138	0.07164	0.17557	6e-05	0.0	0.02497	0.02505	0.0	6e-05	6e-05	0.0	6e-05	3e-05	3e-05	0.0	0.0	0.0	0.0	0.06017	0.0	0.0	0.03069	0.01129	0.0	6e-05	0.0	0.0	0.01586	0.0	0.0	0.0	0.0	0.0	6e-05	0.0	0.0	0.0	0.01112	0.11679	0.0	0.17557	6e-05	0.0	0.0	0.0	0.0	0.0	0.0	0.01112	3e-05	0.01129	0.0	0.0	3e-05	0.0	3e-05	3e-05	0.0	0.0	0.0	0.0	0.0	6e-05	0.0	0.0	0.0	0.08129	
0.0	0.0	0.0	3e-05	3e-05	0.0	6e-05	0.0	0.0	0.0	0.0	3e-05	0.0	0.0	0.0	0.0	0.0	3e-05	3e-05	0.0	0.0	0.0	0.0	0.0	0.0	0.0	0.00045	0.0	0.0	0.0	0.0	0.0	0.0	0.0	0.0	0.0	0.0	3e-05	0.0	0.0	0.0	0.0	0.00045	3e-05	3e-05	0.0	0.0	0.0	3e-05	0.0	0.0	0.0	0.0	0.00045	3e-05	0.0	0.0	0.0	3e-05	0.0	3e-05	3e-05	0.0	0.0	0.0	0.0	0.0	0.0	0.0	0.0	0.0	0.0	
0.0	0.05407	0.00045	0.0	0.01687	0.00045	0.07597	0.00045	0.00045	0.10035	0.00045	0.01512	0.00647	0.00045	0.00045	0.00429	0.00045	0.02425	0.01042	0.00045	0.00045	0.00045	0.00711	0.00045	0.00045	0.0	0.0	0.00045	0.0	0.00045	0.00045	0.0	0.0	0.0	0.00479	0.00045	0.0	0.0	0.00045	0.0	0.0	0.00321	0.0	0.01042	0.01481	0.00045	0.00045	0.00045	0.01481	0.00045	0.00045	0.01112	0.00045	0.0	0.01058	0.00045	0.0	0.00684	0.01442	0.00045	0.01481	0.01481	0.00045	0.00045	0.0	0.00045	0.00045	0.00045	0.00045	0.00045	0.00045	0.00045	
3e-05	3e-05	0.03333	0.05763	0.04886	0.03333	0.00311	0.06704	9e-05	3e-05	0.13258	0.0098	3e-05	9e-05	9e-05	3e-05	9e-05	0.00408	0.00276	3e-05	3e-05	3e-05	3e-05	0.01521	3e-05	3e-05	9e-05	0.01998	3e-05	9e-05	3e-05	0.01788	0.02889	0.00642	3e-05	3e-05	0.0	0.05763	9e-05	3e-05	3e-05	3e-05	0.01058	0.00885	0.04835	0.06704	9e-05	0.05821	0.04835	3e-05	3e-05	3e-05	3e-05	0.01058	0.0	0.01998	3e-05	3e-05	0.00276	3e-05	0.004	0.004	3e-05	3e-05	3e-05	3e-05	3e-05	9e-05	3e-05	3e-05	3e-05	0.01724	
3e-05	0.01411	0.0	0.08119	3e-05	0.0	0.00153	0.0	0.0	0.01215	0.0	3e-05	0.0011	0.0	0.0	0.00667	0.0	0.00229	3e-05	0.0	0.0	0.0	0.12033	0.0	0.0	3e-05	0.0	0.0	3e-05	0.0	0.0	0.0255	0.0	0.0	0.0	0.0	0.0	0.08119	0.0	3e-05	3e-05	0.00582	0.0	3e-05	3e-05	0.0	0.0	0.0	3e-05	0.0	0.0	0.01129	0.0	0.00045	0.01998	0.0	3e-05	0.00895	0.00126	0.0	3e-05	3e-05	0.0	0.0	3e-05	0.0	0.0	0.0	0.0	0.0	0.0	0.0	
0.0	0.0	0.00045	0.0	0.0	0.00045	3e-05	3e-05	0.0	0.0	0.00012	6e-05	0.0	0.0	0.0	0.0	0.0	3e-05	3e-05	0.0	0.0	0.0	0.0	2e-05	0.0	0.0	3e-05	3e-05	0.0	0.0	0.0	0.0	0.0	0.0	0.0	0.0	0.0	0.0	0.0	0.0	0.0	0.0	0.0	5e-05	0.0	3e-05	0.0	0.00045	0.0	0.0	0.0	0.0	0.0	0.0	3e-05	3e-05	0.0	0.0	3e-05	0.0	3e-05	3e-05	0.0	0.0	0.0	0.0	0.0	0.0	0.0	0.0	0.0	3e-05	
0.0	0.0	0.00902	0.01107	0.0042	0.00902	0.00363	0.0	0.0	0.0	0.0	0.01248	0.0	0.0	0.0	0.0	0.0	3e-05	3e-05	0.0	0.0	0.0	0.0	0.00297	0.0	0.0	0.00918	0.00895	0.0	0.0	0.0	0.0	0.01163	0.0	0.0	0.0	0.0	0.01107	0.0	0.0	0.0	0.0	0.00684	0.05991	0.01097	0.0	0.0	0.0	0.01097	0.0	0.0	0.0	0.0	0.00684	3e-05	0.00895	0.0	0.0	3e-05	0.0	3e-05	3e-05	0.0	0.0	0.0	0.0	0.0	0.0	0.0	0.0	0.0	0.00756	
3e-05	3e-05	0.00127	0.01278	0.01043	0.00127	0.0271	0.00362	4e-05	3e-05	0.01326	0.00164	3e-05	4e-05	4e-05	3e-05	4e-05	0.00602	0.0	3e-05	3e-05	3e-05	3e-05	0.03959	3e-05	3e-05	0.02039	0.00126	3e-05	4e-05	3e-05	0.02018	0.01069	0.0072	3e-05	3e-05	0.0	0.01278	4e-05	3e-05	3e-05	3e-05	0.01442	0.0	0.01249	0.00362	4e-05	0.00418	0.01249	3e-05	3e-05	3e-05	3e-05	0.01442	0.00276	0.00126	3e-05	3e-05	0.0	3e-05	0.00589	0.00589	3e-05	3e-05	3e-05	3e-05	3e-05	4e-05	3e-05	3e-05	3e-05	0.00104	
0.0	0.0	0.0	3e-05	3e-05	0.0	6e-05	0.0	0.0	0.0	0.0	3e-05	0.0	0.0	0.0	0.0	0.0	3e-05	3e-05	0.0	0.0	0.0	0.0	0.0	0.0	0.0	0.00045	0.0	0.0	0.0	0.0	0.0	0.0	0.0	0.0	0.0	0.0	3e-05	0.0	0.0	0.0	0.0	0.00045	3e-05	3e-05	0.0	0.0	0.0	3e-05	0.0	0.0	0.0	0.0	0.00045	3e-05	0.0	0.0	0.0	3e-05	0.0	3e-05	3e-05	0.0	0.0	0.0	0.0	0.0	0.0	0.0	0.0	0.0	0.0	
3e-05	3e-05	3e-05	0.0093	0.01058	3e-05	0.23554	3e-05	3e-05	3e-05	3e-05	0.0093	3e-05	3e-05	3e-05	3e-05	3e-05	0.0093	0.00589	3e-05	3e-05	3e-05	3e-05	3e-05	3e-05	3e-05	0.01481	3e-05	3e-05	3e-05	3e-05	0.02381	0.00841	0.00841	3e-05	3e-05	0.0	0.0093	3e-05	3e-05	3e-05	3e-05	0.01481	0.00589	0.0	3e-05	3e-05	3e-05	0.0	3e-05	3e-05	3e-05	3e-05	0.01481	0.004	3e-05	3e-05	3e-05	0.00589	3e-05	0.0	0.0	3e-05	3e-05	3e-05	3e-05	3e-05	3e-05	3e-05	3e-05	3e-05	3e-05	
3e-05	3e-05	3e-05	0.0093	0.01058	3e-05	0.23554	3e-05	3e-05	3e-05	3e-05	0.0093	3e-05	3e-05	3e-05	3e-05	3e-05	0.0093	0.00589	3e-05	3e-05	3e-05	3e-05	3e-05	3e-05	3e-05	0.01481	3e-05	3e-05	3e-05	3e-05	0.02381	0.00841	0.00841	3e-05	3e-05	0.0	0.0093	3e-05	3e-05	3e-05	3e-05	0.01481	0.00589	0.0	3e-05	3e-05	3e-05	0.0	3e-05	3e-05	3e-05	3e-05	0.01481	0.004	3e-05	3e-05	3e-05	0.00589	3e-05	0.0	0.0	3e-05	3e-05	3e-05	3e-05	3e-05	3e-05	3e-05	3e-05	3e-05	3e-05	
0.0	0.0	0.0	3e-05	3e-05	0.0	6e-05	0.0	0.0	0.0	0.0	3e-05	0.0	0.0	0.0	0.0	0.0	3e-05	3e-05	0.0	0.0	0.0	0.0	0.0	0.0	0.0	0.00045	0.0	0.0	0.0	0.0	0.0	0.0	0.0	0.0	0.0	0.0	3e-05	0.0	0.0	0.0	0.0	0.00045	3e-05	3e-05	0.0	0.0	0.0	3e-05	0.0	0.0	0.0	0.0	0.00045	3e-05	0.0	0.0	0.0	3e-05	0.0	3e-05	3e-05	0.0	0.0	0.0	0.0	0.0	0.0	0.0	0.0	0.0	0.0	
0.0	0.0	0.0	3e-05	3e-05	0.0	6e-05	0.0	0.0	0.0	0.0	3e-05	0.0	0.0	0.0	0.0	0.0	3e-05	3e-05	0.0	0.0	0.0	0.0	0.0	0.0	0.0	0.00045	0.0	0.0	0.0	0.0	0.0	0.0	0.0	0.0	0.0	0.0	3e-05	0.0	0.0	0.0	0.0	0.00045	3e-05	3e-05	0.0	0.0	0.0	3e-05	0.0	0.0	0.0	0.0	0.00045	3e-05	0.0	0.0	0.0	3e-05	0.0	3e-05	3e-05	0.0	0.0	0.0	0.0	0.0	0.0	0.0	0.0	0.0	0.0	
0.0	0.0	0.00045	0.0	0.0	0.00045	3e-05	3e-05	0.0	0.0	0.00012	6e-05	0.0	0.0	0.0	0.0	0.0	3e-05	3e-05	0.0	0.0	0.0	0.0	2e-05	0.0	0.0	3e-05	3e-05	0.0	0.0	0.0	0.0	0.0	0.0	0.0	0.0	0.0	0.0	0.0	0.0	0.0	0.0	0.0	5e-05	0.0	3e-05	0.0	0.00045	0.0	0.0	0.0	0.0	0.0	0.0	3e-05	3e-05	0.0	0.0	3e-05	0.0	3e-05	3e-05	0.0	0.0	0.0	0.0	0.0	0.0	0.0	0.0	0.0	3e-05	
0.0	0.0	0.0	3e-05	3e-05	0.0	6e-05	0.0	0.0	0.0	0.0	3e-05	0.0	0.0	0.0	0.0	0.0	3e-05	3e-05	0.0	0.0	0.0	0.0	0.0	0.0	0.0	0.00045	0.0	0.0	0.0	0.0	0.0	0.0	0.0	0.0	0.0	0.0	3e-05	0.0	0.0	0.0	0.0	0.00045	3e-05	3e-05	0.0	0.0	0.0	3e-05	0.0	0.0	0.0	0.0	0.00045	3e-05	0.0	0.0	0.0	3e-05	0.0	3e-05	3e-05	0.0	0.0	0.0	0.0	0.0	0.0	0.0	0.0	0.0	0.0	
0.0	0.0	0.0	3e-05	3e-05	0.0	6e-05	0.0	0.0	0.0	0.0	3e-05	0.0	0.0	0.0	0.0	0.0	3e-05	3e-05	0.0	0.0	0.0	0.0	0.0	0.0	0.0	0.00045	0.0	0.0	0.0	0.0	0.0	0.0	0.0	0.0	0.0	0.0	3e-05	0.0	0.0	0.0	0.0	0.00045	3e-05	3e-05	0.0	0.0	0.0	3e-05	0.0	0.0	0.0	0.0	0.00045	3e-05	0.0	0.0	0.0	3e-05	0.0	3e-05	3e-05	0.0	0.0	0.0	0.0	0.0	0.0	0.0	0.0	0.0	0.0	
0.0	0.00019	0.0	3e-05	3e-05	0.0	0.00011	0.0	0.0	0.00045	0.0	3e-05	1e-05	0.0	0.0	3e-05	0.0	6e-05	3e-05	0.0	0.0	0.0	3e-05	0.0	0.0	0.0	0.0	0.0	0.0	0.0	0.0	0.0	0.0	0.0	3e-05	0.0	0.0	3e-05	0.0	0.0	0.0	3e-05	0.0	3e-05	3e-05	0.0	0.0	0.0	3e-05	0.0	0.0	6e-05	0.0	0.00045	9e-05	0.0	0.0	0.0	4e-05	0.0	3e-05	3e-05	0.0	0.0	0.0	0.0	0.0	0.0	0.0	0.0	0.0	0.0	
0.0	0.0	0.0	3e-05	3e-05	0.0	6e-05	0.0	0.0	0.0	0.0	3e-05	0.0	0.0	0.0	0.0	0.0	3e-05	3e-05	0.0	0.0	0.0	0.0	0.0	0.0	0.0	0.00045	0.0	0.0	0.0	0.0	0.0	0.0	0.0	0.0	0.0	0.0	3e-05	0.0	0.0	0.0	0.0	0.00045	3e-05	3e-05	0.0	0.0	0.0	3e-05	0.0	0.0	0.0	0.0	0.00045	3e-05	0.0	0.0	0.0	3e-05	0.0	3e-05	3e-05	0.0	0.0	0.0	0.0	0.0	0.0	0.0	0.0	0.0	0.0	
0.0	0.0	0.0	3e-05	3e-05	0.0	6e-05	0.0	0.0	0.0	0.0	3e-05	0.0	0.0	0.0	0.0	0.0	3e-05	3e-05	0.0	0.0	0.0	0.0	0.0	0.0	0.0	0.00045	0.0	0.0	0.0	0.0	0.0	0.0	0.0	0.0	0.0	0.0	3e-05	0.0	0.0	0.0	0.0	0.00045	3e-05	3e-05	0.0	0.0	0.0	3e-05	0.0	0.0	0.0	0.0	0.00045	3e-05	0.0	0.0	0.0	3e-05	0.0	3e-05	3e-05	0.0	0.0	0.0	0.0	0.0	0.0	0.0	0.0	0.0	0.0	
0.0	0.0	0.0	3e-05	3e-05	0.0	6e-05	0.0	0.0	0.0	0.0	3e-05	0.0	0.0	0.0	0.0	0.0	3e-05	3e-05	0.0	0.0	0.0	0.0	0.0	0.0	0.0	0.00045	0.0	0.0	0.0	0.0	0.0	0.0	0.0	0.0	0.0	0.0	3e-05	0.0	0.0	0.0	0.0	0.00045	3e-05	3e-05	0.0	0.0	0.0	3e-05	0.0	0.0	0.0	0.0	0.00045	3e-05	0.0	0.0	0.0	3e-05	0.0	3e-05	3e-05	0.0	0.0	0.0	0.0	0.0	0.0	0.0	0.0	0.0	0.0	
3e-05	0.0122	0.0	0.07055	3e-05	0.0	0.06407	0.0	0.0	0.01063	0.0	3e-05	0.001	0.0	0.0	0.00558	0.0	0.0019	3e-05	0.0	0.0	0.0	0.00224	0.0	0.0	3e-05	0.0	0.0	3e-05	0.0	0.0	0.02408	0.0	0.0	0.00589	0.0	0.0	0.07055	0.0	3e-05	3e-05	0.00487	0.0	3e-05	3e-05	0.0	0.0	0.0	3e-05	0.0	0.0	0.08129	0.0	0.00045	0.01724	0.0	3e-05	0.00756	0.00104	0.0	3e-05	3e-05	0.0	0.0	3e-05	0.0	0.0	0.0	0.0	0.0	0.0	0.0	
