0.0	0.21897	0.15169	0.24378	0.19602	0.15121	0.00344	0.00344	0.00344	0.00344	0.00344	0.00344	0.47797	0.26113	0.14498	0.0	0.33165	0.17245	0.04004	0.16988	0.08608	0.54531	0.26222	0.33977	0.34053	0.39692	0.05297	0.05297	0.00344	0.00344	0.00344	0.00344	0.00344	0.00344	0.00344	0.00344	0.34084	0.07542	0.00344	0.00344	0.00344	0.0	0.0	0.0	0.0	0.0	0.0	0.0	0.0	0.0	0.6398	0.61241	0.16033	0.26364	0.12072	0.27021	0.16713	0.31633	0.0	0.33603	0.03961	0.29863	0.30912	0.44791	0.22702	0.30073	0.4102	0.32272	0.3688	0.18906	0.60036	0.12176	0.00344	0.27563	0.0	0.0	0.0	0.0	0.0	0.0	0.0	0.0	0.0	0.90612	0.31009	1.5674	0.57462	1.16676	0.93429	0.31009	0.45484	0.22193	0.09247	0.06493	0.11097	0.00344	0.00344	0.00344	0.14679	0.22276	0.1856	0.29749	
0.21897	0.0	0.08162	0.08467	0.05994	0.04898	0.0005	0.0005	0.0005	0.0005	0.0005	0.0005	0.21327	0.11333	0.08349	0.0	0.14224	0.04951	0.10947	0.18741	0.35706	0.13181	0.33066	0.03247	0.22957	0.65003	0.06813	0.06813	0.0005	0.0005	0.0005	0.0005	0.0005	0.0005	0.0005	0.0005	0.11583	0.08889	0.0005	0.0005	0.0005	0.0	0.0	0.0	0.0	0.0	0.0	0.0	0.0	0.0	0.30848	0.30799	0.02355	0.15798	0.09888	0.17284	0.10338	0.15843	0.0	0.16295	0.1411	0.22706	0.15853	0.14254	0.08337	0.21416	0.37444	0.12122	0.14049	0.05591	0.16068	0.17168	0.0005	0.08133	0.0	0.0	0.0	0.0	0.0	0.0	0.0	0.0	0.0	0.28343	0.15967	0.87002	0.26834	0.6272	0.81933	0.15967	0.2987	0.21385	0.21939	0.12471	0.05262	0.0005	0.0005	0.0005	0.07319	0.16439	0.13932	0.2429	
0.15169	0.08162	0.0	0.28794	0.08232	0.14052	0.00143	0.00143	0.00143	0.00143	0.00143	0.00143	0.04962	0.14774	0.09538	0.0	0.09906	0.01333	0.06951	0.07757	0.0624	0.12728	0.12337	0.21182	0.09288	0.19388	0.08259	0.08259	0.00143	0.00143	0.00143	0.00143	0.00143	0.00143	0.00143	0.00143	0.07401	0.0848	0.00143	0.00143	0.00143	0.0	0.0	0.0	0.0	0.0	0.0	0.0	0.0	0.0	0.28674	0.2295	0.03245	0.13061	0.06956	0.1572	0.17307	0.14648	0.0	0.11779	0.10528	0.1462	0.1137	0.28251	0.0938	0.08102	0.10222	0.29001	0.2214	0.1133	0.05099	0.18502	0.00143	0.05376	0.0	0.0	0.0	0.0	0.0	0.0	0.0	0.0	0.0	0.23242	0.09214	0.81901	0.61164	1.08675	0.3232	0.09214	0.52308	0.14695	0.10974	0.05021	0.09728	0.00143	0.00143	0.00143	0.16692	0.10935	0.1065	0.08423	
0.24378	0.08467	0.28794	0.0	0.10766	0.11133	0.00211	0.00211	0.00211	0.00211	0.00211	0.00211	0.27496	0.20087	0.26993	0.0	0.28245	0.31159	0.09449	0.26854	0.05226	0.65942	0.28817	0.27309	0.28201	1.03946	0.14803	0.14803	0.00211	0.00211	0.00211	0.00211	0.00211	0.00211	0.00211	0.00211	0.13052	0.17502	0.00211	0.00211	0.00211	0.0	0.0	0.0	0.0	0.0	0.0	0.0	0.0	0.0	0.49588	0.31613	0.07382	0.23558	0.06346	0.23983	0.08637	0.45864	0.0	0.25802	0.06038	0.16057	0.27649	0.32391	0.21778	0.14118	0.20504	0.23857	0.42761	0.06432	0.55475	0.28104	0.00211	0.07425	0.0	0.0	0.0	0.0	0.0	0.0	0.0	0.0	0.0	0.40777	0.32429	0.99436	0.84379	1.3189	0.49855	0.32429	0.77254	0.31083	0.25834	0.25103	0.23919	0.00211	0.00211	0.00211	0.21409	0.1627	0.11153	0.14058	
0.19602	0.05994	0.08232	0.10766	0.0	0.11838	0.00018	0.00018	0.00018	0.00018	0.00018	0.00018	0.24355	0.1171	0.02149	0.0	0.10368	0.08254	0.07104	0.05611	0.03444	0.09118	0.09483	0.08743	0.32261	0.14559	0.07072	0.07072	0.00018	0.00018	0.00018	0.00018	0.00018	0.00018	0.00018	0.00018	0.10261	0.1109	0.00018	0.00018	0.00018	0.0	0.0	0.0	0.0	0.0	0.0	0.0	0.0	0.0	0.46181	0.49979	0.06003	0.17385	0.06289	0.11177	0.08833	0.13687	0.0	0.1635	0.05498	0.12632	0.17343	0.16547	0.1423	0.33371	0.13221	0.32658	0.06311	0.18405	0.40648	0.16214	0.00018	0.04604	0.0	0.0	0.0	0.0	0.0	0.0	0.0	0.0	0.0	0.56599	0.03302	0.78389	0.18221	0.54108	0.28808	0.03302	0.22472	0.16219	0.17731	0.1263	0.05509	0.00018	0.00018	0.00018	0.21622	0.12663	0.13963	0.11914	
0.15121	0.04898	0.14052	0.11133	0.11838	0.0	0.00376	0.00376	0.00376	0.00376	0.00376	0.00376	0.09196	0.05838	0.04215	0.0	0.05839	0.02204	0.06686	0.08793	0.06287	0.05226	0.0797	0.09836	0.06122	0.23337	0.37911	0.37911	0.00376	0.00376	0.00376	0.00376	0.00376	0.00376	0.00376	0.00376	0.03298	0.05218	0.00376	0.00376	0.00376	0.0	0.0	0.0	0.0	0.0	0.0	0.0	0.0	0.0	0.58103	0.06033	0.10408	0.23264	0.02251	0.17849	0.05385	0.1958	0.0	0.06635	0.03036	0.04781	0.09437	0.29869	0.06833	0.05859	0.14742	0.4047	0.36479	0.03056	0.09252	0.23553	0.00376	0.22942	0.0	0.0	0.0	0.0	0.0	0.0	0.0	0.0	0.0	0.33606	0.0	0.13391	0.35015	0.17974	0.27425	0.0	0.59163	0.08888	0.09574	0.11203	0.03054	0.00376	0.00376	0.00376	0.23264	0.31715	0.22236	0.05072	
0.00344	0.0005	0.00143	0.00211	0.00018	0.00376	0.0	0.0	0.0	0.0	0.0	0.0	0.00284	0.00117	0.0003	0.0	0.00235	0.00341	0.0035	0.00821	0.00046	0.02026	0.01346	0.01451	0.00522	0.0	0.00499	0.00499	0.0	0.0	0.0	0.0	0.0	0.0	0.0	0.0	0.00349	0.00872	0.0	0.0	0.0	0.0	0.0	0.0	0.0	0.0	0.0	0.0	0.0	0.0	0.00982	8e-05	0.00708	0.0036	0.00047	0.00439	0.0054	0.00379	0.0	0.00788	0.0059	0.00521	0.00144	0.00187	0.00179	0.00168	0.00201	0.00177	0.00032	0.00217	0.0	0.00652	0.0	0.00082	0.0	0.0	0.0	0.0	0.0	0.0	0.0	0.0	0.0	0.01181	0.0	0.00108	0.01319	0.00389	0.00899	0.0	0.0107	0.00442	0.0023	9e-05	0.00637	0.0	0.0	0.0	0.00297	0.00208	0.00165	0.00447	
0.00344	0.0005	0.00143	0.00211	0.00018	0.00376	0.0	0.0	0.0	0.0	0.0	0.0	0.00284	0.00117	0.0003	0.0	0.00235	0.00341	0.0035	0.00821	0.00046	0.02026	0.01346	0.01451	0.00522	0.0	0.00499	0.00499	0.0	0.0	0.0	0.0	0.0	0.0	0.0	0.0	0.00349	0.00872	0.0	0.0	0.0	0.0	0.0	0.0	0.0	0.0	0.0	0.0	0.0	0.0	0.00982	8e-05	0.00708	0.0036	0.00047	0.00439	0.0054	0.00379	0.0	0.00788	0.0059	0.00521	0.00144	0.00187	0.00179	0.00168	0.00201	0.00177	0.00032	0.00217	0.0	0.00652	0.0	0.00082	0.0	0.0	0.0	0.0	0.0	0.0	0.0	0.0	0.0	0.01181	0.0	0.00108	0.01319	0.00389	0.00899	0.0	0.0107	0.00442	0.0023	9e-05	0.00637	0.0	0.0	0.0	0.00297	0.00208	0.00165	0.00447	
0.00344	0.0005	0.00143	0.00211	0.00018	0.00376	0.0	0.0	0.0	0.0	0.0	0.0	0.00284	0.00117	0.0003	0.0	0.00235	0.00341	0.0035	0.00821	0.00046	0.02026	0.01346	0.01451	0.00522	0.0	0.00499	0.00499	0.0	0.0	0.0	0.0	0.0	0.0	0.0	0.0	0.00349	0.00872	0.0	0.0	0.0	0.0	0.0	0.0	0.0	0.0	0.0	0.0	0.0	0.0	0.00982	8e-05	0.00708	0.0036	0.00047	0.00439	0.0054	0.00379	0.0	0.00788	0.0059	0.00521	0.00144	0.00187	0.00179	0.00168	0.00201	0.00177	0.00032	0.00217	0.0	0.00652	0.0	0.00082	0.0	0.0	0.0	0.0	0.0	0.0	0.0	0.0	0.0	0.01181	0.0	0.00108	0.01319	0.00389	0.00899	0.0	0.0107	0.00442	0.0023	9e-05	0.00637	0.0	0.0	0.0	0.00297	0.00208	0.00165	0.00447	
0.00344	0.0005	0.00143	0.00211	0.00018	0.00376	0.0	0.0	0.0	0.0	0.0	0.0	0.00284	0.00117	0.0003	0.0	0.00235	0.00341	0.0035	0.00821	0.00046	0.02026	0.01346	0.01451	0.00522	0.0	0.00499	0.00499	0.0	0.0	0.0	0.0	0.0	0.0	0.0	0.0	0.00349	0.00872	0.0	0.0	0.0	0.0	0.0	0.0	0.0	0.0	0.0	0.0	0.0	0.0	0.00982	8e-05	0.00708	0.0036	0.00047	0.00439	0.0054	0.00379	0.0	0.00788	0.0059	0.00521	0.00144	0.00187	0.00179	0.00168	0.00201	0.00177	0.00032	0.00217	0.0	0.00652	0.0	0.00082	0.0	0.0	0.0	0.0	0.0	0.0	0.0	0.0	0.0	0.01181	0.0	0.00108	0.01319	0.00389	0.00899	0.0	0.0107	0.00442	0.0023	9e-05	0.00637	0.0	0.0	0.0	0.00297	0.00208	0.00165	0.00447	
0.00344	0.0005	0.00143	0.00211	0.00018	0.00376	0.0	0.0	0.0	0.0	0.0	0.0	0.00284	0.00117	0.0003	0.0	0.00235	0.00341	0.0035	0.00821	0.00046	0.02026	0.01346	0.01451	0.00522	0.0	0.00499	0.00499	0.0	0.0	0.0	0.0	0.0	0.0	0.0	0.0	0.00349	0.00872	0.0	0.0	0.0	0.0	0.0	0.0	0.0	0.0	0.0	0.0	0.0	0.0	0.00982	8e-05	0.00708	0.0036	0.00047	0.00439	0.0054	0.00379	0.0	0.00788	0.0059	0.00521	0.00144	0.00187	0.00179	0.00168	0.00201	0.00177	0.00032	0.00217	0.0	0.00652	0.0	0.00082	0.0	0.0	0.0	0.0	0.0	0.0	0.0	0.0	0.0	0.01181	0.0	0.00108	0.01319	0.00389	0.00899	0.0	0.0107	0.00442	0.0023	9e-05	0.00637	0.0	0.0	0.0	0.00297	0.00208	0.00165	0.00447	
0.00344	0.0005	0.00143	0.00211	0.00018	0.00376	0.0	0.0	0.0	0.0	0.0	0.0	0.00284	0.00117	0.0003	0.0	0.00235	0.00341	0.0035	0.00821	0.00046	0.02026	0.01346	0.01451	0.00522	0.0	0.00499	0.00499	0.0	0.0	0.0	0.0	0.0	0.0	0.0	0.0	0.00349	0.00872	0.0	0.0	0.0	0.0	0.0	0.0	0.0	0.0	0.0	0.0	0.0	0.0	0.00982	8e-05	0.00708	0.0036	0.00047	0.00439	0.0054	0.00379	0.0	0.00788	0.0059	0.00521	0.00144	0.00187	0.00179	0.00168	0.00201	0.00177	0.00032	0.00217	0.0	0.00652	0.0	0.00082	0.0	0.0	0.0	0.0	0.0	0.0	0.0	0.0	0.0	0.01181	0.0	0.00108	0.01319	0.00389	0.00899	0.0	0.0107	0.00442	0.0023	9e-05	0.00637	0.0	0.0	0.0	0.00297	0.00208	0.00165	0.00447	
0.47797	0.21327	0.04962	0.27496	0.24355	0.09196	0.00284	0.00284	0.00284	0.00284	0.00284	0.00284	0.0	0.21637	0.16304	0.0	0.24994	0.22107	0.06616	0.25082	0.1089	0.34268	0.16635	0.32282	0.43511	0.36366	0.11952	0.11952	0.00284	0.00284	0.00284	0.00284	0.00284	0.00284	0.00284	0.00284	0.25881	0.08321	0.00284	0.00284	0.00284	0.0	0.0	0.0	0.0	0.0	0.0	0.0	0.0	0.0	0.53375	0.30464	0.07565	0.25013	0.0491	0.14773	0.15077	0.28912	0.0	0.27411	0.09024	0.30991	0.45764	0.21621	0.17712	0.21652	0.29018	0.26583	0.26474	0.10082	0.49193	0.26576	0.00284	0.07837	0.0	0.0	0.0	0.0	0.0	0.0	0.0	0.0	0.0	0.50918	0.45855	1.09577	0.49409	0.85295	1.1182	0.45855	0.52397	0.27874	0.18784	0.09533	0.09374	0.00284	0.00284	0.00284	0.15138	0.16504	0.20438	0.28328	
0.26113	0.11333	0.14774	0.20087	0.1171	0.05838	0.00117	0.00117	0.00117	0.00117	0.00117	0.00117	0.21637	0.0	0.18681	0.0	0.12589	0.12225	0.09589	0.17102	0.06282	0.2537	0.15215	0.25743	0.19992	0.43585	0.06374	0.06374	0.00117	0.00117	0.00117	0.00117	0.00117	0.00117	0.00117	0.00117	0.05713	0.05627	0.00117	0.00117	0.00117	0.0	0.0	0.0	0.0	0.0	0.0	0.0	0.0	0.0	0.60557	0.5703	0.10859	0.19876	0.03575	0.34676	0.03859	0.24091	0.0	0.09648	0.04948	0.10057	0.17437	0.33532	0.14218	0.35132	0.2122	0.21829	0.18466	0.25795	0.69761	0.15747	0.00117	0.10189	0.0	0.0	0.0	0.0	0.0	0.0	0.0	0.0	0.0	0.8002	0.25356	0.92851	0.77996	0.6857	0.92198	0.25356	0.59381	0.17348	0.09022	0.0547	0.10906	0.00117	0.00117	0.00117	0.0803	0.21793	0.15434	0.12041	
0.14498	0.08349	0.09538	0.26993	0.02149	0.04215	0.0003	0.0003	0.0003	0.0003	0.0003	0.0003	0.16304	0.18681	0.0	0.0	0.15315	0.07361	0.05655	0.22498	0.07738	1.0326	0.45294	0.58116	0.65045	0.0	0.18389	0.18389	0.0003	0.0003	0.0003	0.0003	0.0003	0.0003	0.0003	0.0003	0.16411	0.07858	0.0003	0.0003	0.0003	0.0	0.0	0.0	0.0	0.0	0.0	0.0	0.0	0.0	0.36692	0.21722	0.00433	0.26346	0.03062	0.07749	0.02646	0.26687	0.0	0.15977	0.04213	0.14944	0.16764	0.18877	0.65615	0.10693	0.16954	0.23659	0.32574	0.15053	0.17618	0.12767	0.0003	0.03514	0.0	0.0	0.0	0.0	0.0	0.0	0.0	0.0	0.0	0.28095	0.14456	0.56596	0.31179	0.32314	0.07014	0.14456	0.38733	0.38187	0.04796	0.0323	0.04228	0.0003	0.0003	0.0003	0.19325	0.07594	0.14553	0.04007	
0.0	0.0	0.0	0.0	0.0	0.0	0.0	0.0	0.0	0.0	0.0	0.0	0.0	0.0	0.0	0.0	0.0	0.0	0.0	0.0	0.0	0.0	0.0	0.0	0.0	0.0	0.0	0.0	0.0	0.0	0.0	0.0	0.0	0.0	0.0	0.0	0.0	0.0	0.0	0.0	0.0	0.0	0.0	0.0	0.0	0.0	0.0	0.0	0.0	0.0	0.0	0.0	0.0	0.0	0.0	0.0	0.0	0.0	0.0	0.0	0.0	0.0	0.0	0.0	0.0	0.0	0.0	0.0	0.0	0.0	0.0	0.0	0.0	0.0	0.0	0.0	0.0	0.0	0.0	0.0	0.0	0.0	0.0	0.0	0.0	0.0	0.0	0.0	0.0	0.0	0.0	0.0	0.0	0.0	0.0	0.0	0.0	0.0	0.0	0.0	0.0	0.0	
0.33165	0.14224	0.09906	0.28245	0.10368	0.05839	0.00235	0.00235	0.00235	0.00235	0.00235	0.00235	0.24994	0.12589	0.15315	0.0	0.0	0.1035	0.16129	0.26987	0.0469	0.53501	0.39719	0.12327	0.14395	0.0	0.03811	0.03811	0.00235	0.00235	0.00235	0.00235	0.00235	0.00235	0.00235	0.00235	0.45038	0.08501	0.00235	0.00235	0.00235	0.0	0.0	0.0	0.0	0.0	0.0	0.0	0.0	0.0	0.22491	0.09496	0.13135	0.15192	0.02267	0.15844	0.04877	0.27392	0.0	0.36438	0.03095	0.34998	0.32217	0.1016	0.18743	0.13617	0.2411	0.17596	0.1735	0.03182	0.11058	0.06833	0.00235	0.02581	0.0	0.0	0.0	0.0	0.0	0.0	0.0	0.0	0.0	0.26229	0.13168	0.84887	0.65118	1.12629	0.35306	0.13168	0.44934	0.2012	0.07394	0.06906	0.23071	0.00235	0.00235	0.00235	0.06479	0.09385	0.10826	0.11064	
0.17245	0.04951	0.01333	0.31159	0.08254	0.02204	0.00341	0.00341	0.00341	0.00341	0.00341	0.00341	0.22107	0.12225	0.07361	0.0	0.1035	0.0	0.06665	0.36394	0.05274	0.36828	0.39919	0.33884	0.23901	0.0	0.1346	0.1346	0.00341	0.00341	0.00341	0.00341	0.00341	0.00341	0.00341	0.00341	0.12099	0.21264	0.00341	0.00341	0.00341	0.0	0.0	0.0	0.0	0.0	0.0	0.0	0.0	0.0	0.81665	0.54607	0.17722	0.24095	0.04143	0.31708	0.03226	0.3055	0.0	0.33131	0.10498	0.20438	0.3801	0.17898	0.03397	0.26146	0.18849	0.04183	0.23601	0.05831	0.0	0.16485	0.00341	0.04727	0.0	0.0	0.0	0.0	0.0	0.0	0.0	0.0	0.0	1.3745	0.3798	0.55932	0.28468	0.31651	0.4267	0.3798	0.32058	0.28353	0.35258	0.24679	0.10513	0.00341	0.00341	0.00341	0.142	0.05991	0.03879	0.15961	
0.04004	0.10947	0.06951	0.09449	0.07104	0.06686	0.0035	0.0035	0.0035	0.0035	0.0035	0.0035	0.06616	0.09589	0.05655	0.0	0.16129	0.06665	0.0	0.30446	0.25406	0.043	0.11853	0.08489	0.23572	0.0	0.38682	0.38682	0.0035	0.0035	0.0035	0.0035	0.0035	0.0035	0.0035	0.0035	0.01734	0.02534	0.0035	0.0035	0.0035	0.0	0.0	0.0	0.0	0.0	0.0	0.0	0.0	0.0	0.49692	0.0888	0.04969	0.13521	0.01508	0.12976	0.16451	0.12519	0.0	0.02957	0.01608	0.02218	0.06554	0.06187	0.03176	0.06998	0.087	0.05621	0.05849	0.01651	0.0	0.16038	0.0035	0.01712	0.0	0.0	0.0	0.0	0.0	0.0	0.0	0.0	0.0	0.12983	0.0	0.04943	0.13584	0.06789	0.10554	0.0	0.51804	0.06519	0.06733	0.0831	0.01617	0.0035	0.0035	0.0035	0.15704	0.05442	0.06172	0.07693	
0.16988	0.18741	0.07757	0.26854	0.05611	0.08793	0.00821	0.00821	0.00821	0.00821	0.00821	0.00821	0.25082	0.17102	0.22498	0.0	0.26987	0.36394	0.30446	0.0	0.21079	0.31011	0.70384	0.33117	0.38108	0.0	0.12147	0.12147	0.00821	0.00821	0.00821	0.00821	0.00821	0.00821	0.00821	0.00821	0.10236	0.17851	0.00821	0.00821	0.00821	0.0	0.0	0.0	0.0	0.0	0.0	0.0	0.0	0.0	1.64943	0.45777	0.1591	0.36498	0.05572	0.27831	0.22092	0.26445	0.0	0.28876	0.0885	0.17491	0.20451	0.24881	0.11741	0.20441	0.24798	0.1209	0.14727	0.09486	0.0	0.41661	0.00821	0.06371	0.0	0.0	0.0	0.0	0.0	0.0	0.0	0.0	0.0	1.28234	0.0	0.52157	1.33354	0.69296	1.04837	0.0	1.71575	0.40545	0.19053	0.12294	0.08855	0.00821	0.00821	0.00821	0.10808	0.11224	0.08011	0.23251	
0.08608	0.35706	0.0624	0.05226	0.03444	0.06287	0.00046	0.00046	0.00046	0.00046	0.00046	0.00046	0.1089	0.06282	0.07738	0.0	0.0469	0.05274	0.25406	0.21079	0.0	0.05645	0.28553	0.02027	0.23058	0.0	0.22114	0.22114	0.00046	0.00046	0.00046	0.00046	0.00046	0.00046	0.00046	0.00046	0.03052	0.08616	0.00046	0.00046	0.00046	0.0	0.0	0.0	0.0	0.0	0.0	0.0	0.0	0.0	0.2946	0.07578	0.01063	0.1827	0.02233	0.1026	0.04512	0.15871	0.0	0.07378	0.3521	0.23523	0.27859	0.06234	0.06246	0.08203	0.03697	0.09727	0.07329	0.0286	0.09651	0.13259	0.00046	0.02572	0.0	0.0	0.0	0.0	0.0	0.0	0.0	0.0	0.0	0.09286	0.03288	0.40124	0.08771	0.15843	0.19871	0.03288	0.29268	0.09624	0.28818	0.07804	0.02719	0.00046	0.00046	0.00046	0.11801	0.13791	0.0531	0.04924	
0.54531	0.13181	0.12728	0.65942	0.09118	0.05226	0.02026	0.02026	0.02026	0.02026	0.02026	0.02026	0.34268	0.2537	1.0326	0.0	0.53501	0.36828	0.043	0.31011	0.05645	0.0	0.15297	0.13848	0.06589	0.0	0.2864	0.2864	0.02026	0.02026	0.02026	0.02026	0.02026	0.02026	0.02026	0.02026	0.34868	0.2922	0.02026	0.02026	0.02026	0.0	0.0	0.0	0.0	0.0	0.0	0.0	0.0	0.0	1.09747	0.35252	0.1782	0.35094	0.04303	0.16614	0.06917	0.85287	0.0	0.45384	0.03957	0.20498	0.2487	0.18859	0.34527	0.19967	0.21389	0.20048	0.37747	0.31275	0.40953	0.44885	0.02026	0.04787	0.0	0.0	0.0	0.0	0.0	0.0	0.0	0.0	0.0	0.80204	0.40953	2.40356	1.60331	1.91582	1.40416	0.40953	1.89372	0.51719	0.54984	1.0698	1.02609	0.02026	0.02026	0.02026	0.25344	0.07845	0.16074	0.12286	
0.26222	0.33066	0.12337	0.28817	0.09483	0.0797	0.01346	0.01346	0.01346	0.01346	0.01346	0.01346	0.16635	0.15215	0.45294	0.0	0.39719	0.39919	0.11853	0.70384	0.28553	0.15297	0.0	0.09492	0.06997	1.37067	0.129	0.129	0.01346	0.01346	0.01346	0.01346	0.01346	0.01346	0.01346	0.01346	0.15603	0.34707	0.01346	0.01346	0.01346	0.0	0.0	0.0	0.0	0.0	0.0	0.0	0.0	0.0	0.0	0.7138	0.13725	0.60142	0.06737	0.30304	0.07218	0.29356	0.0	0.45779	0.14843	0.25928	0.28858	0.30254	0.21246	0.23715	0.19483	0.25224	0.27921	0.14043	0.0	0.45438	0.01346	0.07701	0.0	0.0	0.0	0.0	0.0	0.0	0.0	0.0	0.0	0.0	0.0	2.21838	1.41812	1.73064	1.21898	0.0	1.70853	0.84415	0.30945	0.1633	0.14828	0.01346	0.01346	0.01346	0.24436	0.12465	0.16987	0.20834	
0.33977	0.03247	0.21182	0.27309	0.08743	0.09836	0.01451	0.01451	0.01451	0.01451	0.01451	0.01451	0.32282	0.25743	0.58116	0.0	0.12327	0.33884	0.08489	0.33117	0.02027	0.13848	0.09492	0.0	0.11797	0.21574	0.16348	0.16348	0.01451	0.01451	0.01451	0.01451	0.01451	0.01451	0.01451	0.01451	0.19834	0.28144	0.01451	0.01451	0.01451	0.0	0.0	0.0	0.0	0.0	0.0	0.0	0.0	0.0	0.0	0.57663	0.4433	0.2968	0.10755	0.23412	0.25623	0.30444	0.0	0.40338	0.13317	0.26281	0.29707	0.16051	0.262	0.18413	0.15786	0.30197	0.3399	0.17823	0.0	0.39962	0.01451	0.0951	0.0	0.0	0.0	0.0	0.0	0.0	0.0	0.0	0.0	0.0	0.0	1.94823	1.14797	1.46049	0.94883	0.0	1.43838	0.49399	0.2506	0.15056	0.13299	0.01451	0.01451	0.01451	0.17753	0.1345	0.25498	0.09798	
0.34053	0.22957	0.09288	0.28201	0.32261	0.06122	0.00522	0.00522	0.00522	0.00522	0.00522	0.00522	0.43511	0.19992	0.65045	0.0	0.14395	0.23901	0.23572	0.38108	0.23058	0.06589	0.06997	0.11797	0.0	0.19419	0.17484	0.17484	0.00522	0.00522	0.00522	0.00522	0.00522	0.00522	0.00522	0.00522	0.21454	0.07495	0.00522	0.00522	0.00522	0.0	0.0	0.0	0.0	0.0	0.0	0.0	0.0	0.0	0.0	1.51377	0.03855	0.26946	0.2282	0.14291	0.06456	0.21717	0.0	0.21583	0.19087	0.42693	0.64937	0.19909	0.23157	0.16655	0.4883	0.21369	0.32474	0.19163	0.0	0.26807	0.00522	0.08254	0.0	0.0	0.0	0.0	0.0	0.0	0.0	0.0	0.0	0.0	0.0	0.0	0.0	0.0	0.0	0.0	0.0	0.36298	0.1954	0.07218	0.07686	0.00522	0.00522	0.00522	0.22802	0.19993	0.08711	0.15596	
0.39692	0.65003	0.19388	1.03946	0.14559	0.23337	0.0	0.0	0.0	0.0	0.0	0.0	0.36366	0.43585	0.0	0.0	0.0	0.0	0.0	0.0	0.0	0.0	1.37067	0.21574	0.19419	0.0	0.0	0.0	0.0	0.0	0.0	0.0	0.0	0.0	0.0	0.0	0.0	0.0	0.0	0.0	0.0	0.0	0.0	0.0	0.0	0.0	0.0	0.0	0.0	0.0	0.81292	1.43186	0.27827	0.80733	0.48477	1.17669	0.97033	0.0	0.0	0.0	0.0	0.0	0.0	0.47728	0.0	0.61709	0.85446	0.81222	0.83145	0.0	1.51348	0.0	0.0	0.51522	0.0	0.0	0.0	0.0	0.0	0.0	0.0	0.0	0.0	1.14595	1.51349	0.4498	1.14267	0.78086	1.11776	1.51349	0.80789	1.31012	0.0	0.0	0.0	0.0	0.0	0.0	0.31137	0.43728	0.1472	0.53495	
0.05297	0.06813	0.08259	0.14803	0.07072	0.37911	0.00499	0.00499	0.00499	0.00499	0.00499	0.00499	0.11952	0.06374	0.18389	0.0	0.03811	0.1346	0.38682	0.12147	0.22114	0.2864	0.129	0.16348	0.17484	0.0	0.0	1.00939	0.00499	0.00499	0.00499	0.00499	0.00499	0.00499	0.00499	0.00499	0.02418	0.03731	0.00499	0.00499	0.00499	0.0	0.0	0.0	0.0	0.0	0.0	0.0	0.0	0.0	0.64781	0.09415	0.06773	0.30464	0.01702	0.19508	0.16425	0.3037	0.0	0.04455	0.02308	0.0329	0.23165	0.09377	0.17959	0.09606	0.05381	0.17412	0.22474	0.02238	0.25953	0.40398	0.00499	0.0188	0.0	0.0	0.0	0.0	0.0	0.0	0.0	0.0	0.0	0.19259	0.0	0.07514	0.20106	0.10193	0.15689	0.0	0.65955	0.1537	0.23994	0.34049	0.02329	0.00499	0.00499	0.00499	0.3915	0.20722	0.12036	0.09271	
0.05297	0.06813	0.08259	0.14803	0.07072	0.37911	0.00499	0.00499	0.00499	0.00499	0.00499	0.00499	0.11952	0.06374	0.18389	0.0	0.03811	0.1346	0.38682	0.12147	0.22114	0.2864	0.129	0.16348	0.17484	0.0	1.00939	0.0	0.00499	0.00499	0.00499	0.00499	0.00499	0.00499	0.00499	0.00499	0.02418	0.03731	0.00499	0.00499	0.00499	0.0	0.0	0.0	0.0	0.0	0.0	0.0	0.0	0.0	0.64781	0.09415	0.06773	0.30464	0.01702	0.19508	0.16425	0.3037	0.0	0.04455	0.02308	0.0329	0.23165	0.09377	0.17959	0.09606	0.05381	0.17412	0.22474	0.02238	0.25953	0.40398	0.00499	0.0188	0.0	0.0	0.0	0.0	0.0	0.0	0.0	0.0	0.0	0.19259	0.0	0.07514	0.20106	0.10193	0.15689	0.0	0.65955	0.1537	0.23994	0.34049	0.02329	0.00499	0.00499	0.00499	0.3915	0.20722	0.12036	0.09271	
0.00344	0.0005	0.00143	0.00211	0.00018	0.00376	0.0	0.0	0.0	0.0	0.0	0.0	0.00284	0.00117	0.0003	0.0	0.00235	0.00341	0.0035	0.00821	0.00046	0.02026	0.01346	0.01451	0.00522	0.0	0.00499	0.00499	0.0	0.0	0.0	0.0	0.0	0.0	0.0	0.0	0.00349	0.00872	0.0	0.0	0.0	0.0	0.0	0.0	0.0	0.0	0.0	0.0	0.0	0.0	0.00982	8e-05	0.00708	0.0036	0.00047	0.00439	0.0054	0.00379	0.0	0.00788	0.0059	0.00521	0.00144	0.00187	0.00179	0.00168	0.00201	0.00177	0.00032	0.00217	0.0	0.00652	0.0	0.00082	0.0	0.0	0.0	0.0	0.0	0.0	0.0	0.0	0.0	0.01181	0.0	0.00108	0.01319	0.00389	0.00899	0.0	0.0107	0.00442	0.0023	9e-05	0.00637	0.0	0.0	0.0	0.00297	0.00208	0.00165	0.00447	
0.00344	0.0005	0.00143	0.00211	0.00018	0.00376	0.0	0.0	0.0	0.0	0.0	0.0	0.00284	0.00117	0.0003	0.0	0.00235	0.00341	0.0035	0.00821	0.00046	0.02026	0.01346	0.01451	0.00522	0.0	0.00499	0.00499	0.0	0.0	0.0	0.0	0.0	0.0	0.0	0.0	0.00349	0.00872	0.0	0.0	0.0	0.0	0.0	0.0	0.0	0.0	0.0	0.0	0.0	0.0	0.00982	8e-05	0.00708	0.0036	0.00047	0.00439	0.0054	0.00379	0.0	0.00788	0.0059	0.00521	0.00144	0.00187	0.00179	0.00168	0.00201	0.00177	0.00032	0.00217	0.0	0.00652	0.0	0.00082	0.0	0.0	0.0	0.0	0.0	0.0	0.0	0.0	0.0	0.01181	0.0	0.00108	0.01319	0.00389	0.00899	0.0	0.0107	0.00442	0.0023	9e-05	0.00637	0.0	0.0	0.0	0.00297	0.00208	0.00165	0.00447	
0.00344	0.0005	0.00143	0.00211	0.00018	0.00376	0.0	0.0	0.0	0.0	0.0	0.0	0.00284	0.00117	0.0003	0.0	0.00235	0.00341	0.0035	0.00821	0.00046	0.02026	0.01346	0.01451	0.00522	0.0	0.00499	0.00499	0.0	0.0	0.0	0.0	0.0	0.0	0.0	0.0	0.00349	0.00872	0.0	0.0	0.0	0.0	0.0	0.0	0.0	0.0	0.0	0.0	0.0	0.0	0.00982	8e-05	0.00708	0.0036	0.00047	0.00439	0.0054	0.00379	0.0	0.00788	0.0059	0.00521	0.00144	0.00187	0.00179	0.00168	0.00201	0.00177	0.00032	0.00217	0.0	0.00652	0.0	0.00082	0.0	0.0	0.0	0.0	0.0	0.0	0.0	0.0	0.0	0.01181	0.0	0.00108	0.01319	0.00389	0.00899	0.0	0.0107	0.00442	0.0023	9e-05	0.00637	0.0	0.0	0.0	0.00297	0.00208	0.00165	0.00447	
0.00344	0.0005	0.00143	0.00211	0.00018	0.00376	0.0	0.0	0.0	0.0	0.0	0.0	0.00284	0.00117	0.0003	0.0	0.00235	0.00341	0.0035	0.00821	0.00046	0.02026	0.01346	0.01451	0.00522	0.0	0.00499	0.00499	0.0	0.0	0.0	0.0	0.0	0.0	0.0	0.0	0.00349	0.00872	0.0	0.0	0.0	0.0	0.0	0.0	0.0	0.0	0.0	0.0	0.0	0.0	0.00982	8e-05	0.00708	0.0036	0.00047	0.00439	0.0054	0.00379	0.0	0.00788	0.0059	0.00521	0.00144	0.00187	0.00179	0.00168	0.00201	0.00177	0.00032	0.00217	0.0	0.00652	0.0	0.00082	0.0	0.0	0.0	0.0	0.0	0.0	0.0	0.0	0.0	0.01181	0.0	0.00108	0.01319	0.00389	0.00899	0.0	0.0107	0.00442	0.0023	9e-05	0.00637	0.0	0.0	0.0	0.00297	0.00208	0.00165	0.00447	
0.00344	0.0005	0.00143	0.00211	0.00018	0.00376	0.0	0.0	0.0	0.0	0.0	0.0	0.00284	0.00117	0.0003	0.0	0.00235	0.00341	0.0035	0.00821	0.00046	0.02026	0.01346	0.01451	0.00522	0.0	0.00499	0.00499	0.0	0.0	0.0	0.0	0.0	0.0	0.0	0.0	0.00349	0.00872	0.0	0.0	0.0	0.0	0.0	0.0	0.0	0.0	0.0	0.0	0.0	0.0	0.00982	8e-05	0.00708	0.0036	0.00047	0.00439	0.0054	0.00379	0.0	0.00788	0.0059	0.00521	0.00144	0.00187	0.00179	0.00168	0.00201	0.00177	0.00032	0.00217	0.0	0.00652	0.0	0.00082	0.0	0.0	0.0	0.0	0.0	0.0	0.0	0.0	0.0	0.01181	0.0	0.00108	0.01319	0.00389	0.00899	0.0	0.0107	0.00442	0.0023	9e-05	0.00637	0.0	0.0	0.0	0.00297	0.00208	0.00165	0.00447	
0.00344	0.0005	0.00143	0.00211	0.00018	0.00376	0.0	0.0	0.0	0.0	0.0	0.0	0.00284	0.00117	0.0003	0.0	0.00235	0.00341	0.0035	0.00821	0.00046	0.02026	0.01346	0.01451	0.00522	0.0	0.00499	0.00499	0.0	0.0	0.0	0.0	0.0	0.0	0.0	0.0	0.00349	0.00872	0.0	0.0	0.0	0.0	0.0	0.0	0.0	0.0	0.0	0.0	0.0	0.0	0.00982	8e-05	0.00708	0.0036	0.00047	0.00439	0.0054	0.00379	0.0	0.00788	0.0059	0.00521	0.00144	0.00187	0.00179	0.00168	0.00201	0.00177	0.00032	0.00217	0.0	0.00652	0.0	0.00082	0.0	0.0	0.0	0.0	0.0	0.0	0.0	0.0	0.0	0.01181	0.0	0.00108	0.01319	0.00389	0.00899	0.0	0.0107	0.00442	0.0023	9e-05	0.00637	0.0	0.0	0.0	0.00297	0.00208	0.00165	0.00447	
0.00344	0.0005	0.00143	0.00211	0.00018	0.00376	0.0	0.0	0.0	0.0	0.0	0.0	0.00284	0.00117	0.0003	0.0	0.00235	0.00341	0.0035	0.00821	0.00046	0.02026	0.01346	0.01451	0.00522	0.0	0.00499	0.00499	0.0	0.0	0.0	0.0	0.0	0.0	0.0	0.0	0.00349	0.00872	0.0	0.0	0.0	0.0	0.0	0.0	0.0	0.0	0.0	0.0	0.0	0.0	0.00982	8e-05	0.00708	0.0036	0.00047	0.00439	0.0054	0.00379	0.0	0.00788	0.0059	0.00521	0.00144	0.00187	0.00179	0.00168	0.00201	0.00177	0.00032	0.00217	0.0	0.00652	0.0	0.00082	0.0	0.0	0.0	0.0	0.0	0.0	0.0	0.0	0.0	0.01181	0.0	0.00108	0.01319	0.00389	0.00899	0.0	0.0107	0.00442	0.0023	9e-05	0.00637	0.0	0.0	0.0	0.00297	0.00208	0.00165	0.00447	
0.00344	0.0005	0.00143	0.00211	0.00018	0.00376	0.0	0.0	0.0	0.0	0.0	0.0	0.00284	0.00117	0.0003	0.0	0.00235	0.00341	0.0035	0.00821	0.00046	0.02026	0.01346	0.01451	0.00522	0.0	0.00499	0.00499	0.0	0.0	0.0	0.0	0.0	0.0	0.0	0.0	0.00349	0.00872	0.0	0.0	0.0	0.0	0.0	0.0	0.0	0.0	0.0	0.0	0.0	0.0	0.00982	8e-05	0.00708	0.0036	0.00047	0.00439	0.0054	0.00379	0.0	0.00788	0.0059	0.00521	0.00144	0.00187	0.00179	0.00168	0.00201	0.00177	0.00032	0.00217	0.0	0.00652	0.0	0.00082	0.0	0.0	0.0	0.0	0.0	0.0	0.0	0.0	0.0	0.01181	0.0	0.00108	0.01319	0.00389	0.00899	0.0	0.0107	0.00442	0.0023	9e-05	0.00637	0.0	0.0	0.0	0.00297	0.00208	0.00165	0.00447	
0.34084	0.11583	0.07401	0.13052	0.10261	0.03298	0.00349	0.00349	0.00349	0.00349	0.00349	0.00349	0.25881	0.05713	0.16411	0.0	0.45038	0.12099	0.01734	0.10236	0.03052	0.34868	0.15603	0.19834	0.21454	0.0	0.02418	0.02418	0.00349	0.00349	0.00349	0.00349	0.00349	0.00349	0.00349	0.00349	0.0	0.03426	0.00349	0.00349	0.00349	0.0	0.0	0.0	0.0	0.0	0.0	0.0	0.0	0.0	0.13482	0.06405	0.14656	0.06329	0.01509	0.09169	0.04977	0.15498	0.0	0.43728	0.02099	0.54254	0.4123	0.0552	0.23971	0.13133	0.30684	0.1407	0.19784	0.02015	0.14848	0.05227	0.00349	0.01676	0.0	0.0	0.0	0.0	0.0	0.0	0.0	0.0	0.0	0.18328	0.16834	0.49128	0.17776	0.65287	0.31792	0.16834	0.13141	0.17338	0.03828	0.03236	0.02121	0.00349	0.00349	0.00349	0.05349	0.04238	0.07606	0.08342	
0.07542	0.08889	0.0848	0.17502	0.1109	0.05218	0.00872	0.00872	0.00872	0.00872	0.00872	0.00872	0.08321	0.05627	0.07858	0.0	0.08501	0.21264	0.02534	0.17851	0.08616	0.2922	0.34707	0.28144	0.07495	0.0	0.03731	0.03731	0.00872	0.00872	0.00872	0.00872	0.00872	0.00872	0.00872	0.00872	0.03426	0.0	0.00872	0.00872	0.00872	0.0	0.0	0.0	0.0	0.0	0.0	0.0	0.0	0.0	0.25336	0.10739	0.2618	0.10974	0.02475	0.16836	0.0815	0.06607	0.0	0.61246	0.30884	0.21621	0.05567	0.0947	0.07078	0.15775	0.0828	0.0952	0.06299	0.03202	0.21097	0.27759	0.00872	0.02721	0.0	0.0	0.0	0.0	0.0	0.0	0.0	0.0	0.0	0.34875	0.24831	0.6178	0.38232	0.37499	0.12199	0.24831	0.27109	0.37132	0.36076	0.05794	0.30908	0.00872	0.00872	0.00872	0.23883	0.10216	0.20744	0.14983	
0.00344	0.0005	0.00143	0.00211	0.00018	0.00376	0.0	0.0	0.0	0.0	0.0	0.0	0.00284	0.00117	0.0003	0.0	0.00235	0.00341	0.0035	0.00821	0.00046	0.02026	0.01346	0.01451	0.00522	0.0	0.00499	0.00499	0.0	0.0	0.0	0.0	0.0	0.0	0.0	0.0	0.00349	0.00872	0.0	0.0	0.0	0.0	0.0	0.0	0.0	0.0	0.0	0.0	0.0	0.0	0.00982	8e-05	0.00708	0.0036	0.00047	0.00439	0.0054	0.00379	0.0	0.00788	0.0059	0.00521	0.00144	0.00187	0.00179	0.00168	0.00201	0.00177	0.00032	0.00217	0.0	0.00652	0.0	0.00082	0.0	0.0	0.0	0.0	0.0	0.0	0.0	0.0	0.0	0.01181	0.0	0.00108	0.01319	0.00389	0.00899	0.0	0.0107	0.00442	0.0023	9e-05	0.00637	0.0	0.0	0.0	0.00297	0.00208	0.00165	0.00447	
0.00344	0.0005	0.00143	0.00211	0.00018	0.00376	0.0	0.0	0.0	0.0	0.0	0.0	0.00284	0.00117	0.0003	0.0	0.00235	0.00341	0.0035	0.00821	0.00046	0.02026	0.01346	0.01451	0.00522	0.0	0.00499	0.00499	0.0	0.0	0.0	0.0	0.0	0.0	0.0	0.0	0.00349	0.00872	0.0	0.0	0.0	0.0	0.0	0.0	0.0	0.0	0.0	0.0	0.0	0.0	0.00982	8e-05	0.00708	0.0036	0.00047	0.00439	0.0054	0.00379	0.0	0.00788	0.0059	0.00521	0.00144	0.00187	0.00179	0.00168	0.00201	0.00177	0.00032	0.00217	0.0	0.00652	0.0	0.00082	0.0	0.0	0.0	0.0	0.0	0.0	0.0	0.0	0.0	0.01181	0.0	0.00108	0.01319	0.00389	0.00899	0.0	0.0107	0.00442	0.0023	9e-05	0.00637	0.0	0.0	0.0	0.00297	0.00208	0.00165	0.00447	
0.00344	0.0005	0.00143	0.00211	0.00018	0.00376	0.0	0.0	0.0	0.0	0.0	0.0	0.00284	0.00117	0.0003	0.0	0.00235	0.00341	0.0035	0.00821	0.00046	0.02026	0.01346	0.01451	0.00522	0.0	0.00499	0.00499	0.0	0.0	0.0	0.0	0.0	0.0	0.0	0.0	0.00349	0.00872	0.0	0.0	0.0	0.0	0.0	0.0	0.0	0.0	0.0	0.0	0.0	0.0	0.00982	8e-05	0.00708	0.0036	0.00047	0.00439	0.0054	0.00379	0.0	0.00788	0.0059	0.00521	0.00144	0.00187	0.00179	0.00168	0.00201	0.00177	0.00032	0.00217	0.0	0.00652	0.0	0.00082	0.0	0.0	0.0	0.0	0.0	0.0	0.0	0.0	0.0	0.01181	0.0	0.00108	0.01319	0.00389	0.00899	0.0	0.0107	0.00442	0.0023	9e-05	0.00637	0.0	0.0	0.0	0.00297	0.00208	0.00165	0.00447	
0.0	0.0	0.0	0.0	0.0	0.0	0.0	0.0	0.0	0.0	0.0	0.0	0.0	0.0	0.0	0.0	0.0	0.0	0.0	0.0	0.0	0.0	0.0	0.0	0.0	0.0	0.0	0.0	0.0	0.0	0.0	0.0	0.0	0.0	0.0	0.0	0.0	0.0	0.0	0.0	0.0	0.0	0.0	0.0	0.0	0.0	0.0	0.0	0.0	0.0	0.0	0.0	0.0	0.0	0.0	0.0	0.0	0.0	0.0	0.0	0.0	0.0	0.0	0.0	0.0	0.0	0.0	0.0	0.0	0.0	0.0	0.0	0.0	0.0	0.0	0.0	0.0	0.0	0.0	0.0	0.0	0.0	0.0	0.0	0.0	0.0	0.0	0.0	0.0	0.0	0.0	0.0	0.0	0.0	0.0	0.0	0.0	0.0	0.0	0.0	0.0	0.0	
0.0	0.0	0.0	0.0	0.0	0.0	0.0	0.0	0.0	0.0	0.0	0.0	0.0	0.0	0.0	0.0	0.0	0.0	0.0	0.0	0.0	0.0	0.0	0.0	0.0	0.0	0.0	0.0	0.0	0.0	0.0	0.0	0.0	0.0	0.0	0.0	0.0	0.0	0.0	0.0	0.0	0.0	0.0	0.0	0.0	0.0	0.0	0.0	0.0	0.0	0.0	0.0	0.0	0.0	0.0	0.0	0.0	0.0	0.0	0.0	0.0	0.0	0.0	0.0	0.0	0.0	0.0	0.0	0.0	0.0	0.0	0.0	0.0	0.0	0.0	0.0	0.0	0.0	0.0	0.0	0.0	0.0	0.0	0.0	0.0	0.0	0.0	0.0	0.0	0.0	0.0	0.0	0.0	0.0	0.0	0.0	0.0	0.0	0.0	0.0	0.0	0.0	
0.0	0.0	0.0	0.0	0.0	0.0	0.0	0.0	0.0	0.0	0.0	0.0	0.0	0.0	0.0	0.0	0.0	0.0	0.0	0.0	0.0	0.0	0.0	0.0	0.0	0.0	0.0	0.0	0.0	0.0	0.0	0.0	0.0	0.0	0.0	0.0	0.0	0.0	0.0	0.0	0.0	0.0	0.0	0.0	0.0	0.0	0.0	0.0	0.0	0.0	0.0	0.0	0.0	0.0	0.0	0.0	0.0	0.0	0.0	0.0	0.0	0.0	0.0	0.0	0.0	0.0	0.0	0.0	0.0	0.0	0.0	0.0	0.0	0.0	0.0	0.0	0.0	0.0	0.0	0.0	0.0	0.0	0.0	0.0	0.0	0.0	0.0	0.0	0.0	0.0	0.0	0.0	0.0	0.0	0.0	0.0	0.0	0.0	0.0	0.0	0.0	0.0	
0.0	0.0	0.0	0.0	0.0	0.0	0.0	0.0	0.0	0.0	0.0	0.0	0.0	0.0	0.0	0.0	0.0	0.0	0.0	0.0	0.0	0.0	0.0	0.0	0.0	0.0	0.0	0.0	0.0	0.0	0.0	0.0	0.0	0.0	0.0	0.0	0.0	0.0	0.0	0.0	0.0	0.0	0.0	0.0	0.0	0.0	0.0	0.0	0.0	0.0	0.0	0.0	0.0	0.0	0.0	0.0	0.0	0.0	0.0	0.0	0.0	0.0	0.0	0.0	0.0	0.0	0.0	0.0	0.0	0.0	0.0	0.0	0.0	0.0	0.0	0.0	0.0	0.0	0.0	0.0	0.0	0.0	0.0	0.0	0.0	0.0	0.0	0.0	0.0	0.0	0.0	0.0	0.0	0.0	0.0	0.0	0.0	0.0	0.0	0.0	0.0	0.0	
0.0	0.0	0.0	0.0	0.0	0.0	0.0	0.0	0.0	0.0	0.0	0.0	0.0	0.0	0.0	0.0	0.0	0.0	0.0	0.0	0.0	0.0	0.0	0.0	0.0	0.0	0.0	0.0	0.0	0.0	0.0	0.0	0.0	0.0	0.0	0.0	0.0	0.0	0.0	0.0	0.0	0.0	0.0	0.0	0.0	0.0	0.0	0.0	0.0	0.0	0.0	0.0	0.0	0.0	0.0	0.0	0.0	0.0	0.0	0.0	0.0	0.0	0.0	0.0	0.0	0.0	0.0	0.0	0.0	0.0	0.0	0.0	0.0	0.0	0.0	0.0	0.0	0.0	0.0	0.0	0.0	0.0	0.0	0.0	0.0	0.0	0.0	0.0	0.0	0.0	0.0	0.0	0.0	0.0	0.0	0.0	0.0	0.0	0.0	0.0	0.0	0.0	
0.0	0.0	0.0	0.0	0.0	0.0	0.0	0.0	0.0	0.0	0.0	0.0	0.0	0.0	0.0	0.0	0.0	0.0	0.0	0.0	0.0	0.0	0.0	0.0	0.0	0.0	0.0	0.0	0.0	0.0	0.0	0.0	0.0	0.0	0.0	0.0	0.0	0.0	0.0	0.0	0.0	0.0	0.0	0.0	0.0	0.0	0.0	0.0	0.0	0.0	0.0	0.0	0.0	0.0	0.0	0.0	0.0	0.0	0.0	0.0	0.0	0.0	0.0	0.0	0.0	0.0	0.0	0.0	0.0	0.0	0.0	0.0	0.0	0.0	0.0	0.0	0.0	0.0	0.0	0.0	0.0	0.0	0.0	0.0	0.0	0.0	0.0	0.0	0.0	0.0	0.0	0.0	0.0	0.0	0.0	0.0	0.0	0.0	0.0	0.0	0.0	0.0	
0.0	0.0	0.0	0.0	0.0	0.0	0.0	0.0	0.0	0.0	0.0	0.0	0.0	0.0	0.0	0.0	0.0	0.0	0.0	0.0	0.0	0.0	0.0	0.0	0.0	0.0	0.0	0.0	0.0	0.0	0.0	0.0	0.0	0.0	0.0	0.0	0.0	0.0	0.0	0.0	0.0	0.0	0.0	0.0	0.0	0.0	0.0	0.0	0.0	0.0	0.0	0.0	0.0	0.0	0.0	0.0	0.0	0.0	0.0	0.0	0.0	0.0	0.0	0.0	0.0	0.0	0.0	0.0	0.0	0.0	0.0	0.0	0.0	0.0	0.0	0.0	0.0	0.0	0.0	0.0	0.0	0.0	0.0	0.0	0.0	0.0	0.0	0.0	0.0	0.0	0.0	0.0	0.0	0.0	0.0	0.0	0.0	0.0	0.0	0.0	0.0	0.0	
0.0	0.0	0.0	0.0	0.0	0.0	0.0	0.0	0.0	0.0	0.0	0.0	0.0	0.0	0.0	0.0	0.0	0.0	0.0	0.0	0.0	0.0	0.0	0.0	0.0	0.0	0.0	0.0	0.0	0.0	0.0	0.0	0.0	0.0	0.0	0.0	0.0	0.0	0.0	0.0	0.0	0.0	0.0	0.0	0.0	0.0	0.0	0.0	0.0	0.0	0.0	0.0	0.0	0.0	0.0	0.0	0.0	0.0	0.0	0.0	0.0	0.0	0.0	0.0	0.0	0.0	0.0	0.0	0.0	0.0	0.0	0.0	0.0	0.0	0.0	0.0	0.0	0.0	0.0	0.0	0.0	0.0	0.0	0.0	0.0	0.0	0.0	0.0	0.0	0.0	0.0	0.0	0.0	0.0	0.0	0.0	0.0	0.0	0.0	0.0	0.0	0.0	
0.0	0.0	0.0	0.0	0.0	0.0	0.0	0.0	0.0	0.0	0.0	0.0	0.0	0.0	0.0	0.0	0.0	0.0	0.0	0.0	0.0	0.0	0.0	0.0	0.0	0.0	0.0	0.0	0.0	0.0	0.0	0.0	0.0	0.0	0.0	0.0	0.0	0.0	0.0	0.0	0.0	0.0	0.0	0.0	0.0	0.0	0.0	0.0	0.0	0.0	0.0	0.0	0.0	0.0	0.0	0.0	0.0	0.0	0.0	0.0	0.0	0.0	0.0	0.0	0.0	0.0	0.0	0.0	0.0	0.0	0.0	0.0	0.0	0.0	0.0	0.0	0.0	0.0	0.0	0.0	0.0	0.0	0.0	0.0	0.0	0.0	0.0	0.0	0.0	0.0	0.0	0.0	0.0	0.0	0.0	0.0	0.0	0.0	0.0	0.0	0.0	0.0	
0.6398	0.30848	0.28674	0.49588	0.46181	0.58103	0.00982	0.00982	0.00982	0.00982	0.00982	0.00982	0.53375	0.60557	0.36692	0.0	0.22491	0.81665	0.49692	1.64943	0.2946	1.09747	0.0	0.0	0.0	0.81292	0.64781	0.64781	0.00982	0.00982	0.00982	0.00982	0.00982	0.00982	0.00982	0.00982	0.13482	0.25336	0.00982	0.00982	0.00982	0.0	0.0	0.0	0.0	0.0	0.0	0.0	0.0	0.0	0.0	0.63352	0.76411	1.41617	0.07478	1.30919	0.64243	0.93766	0.0	0.59949	0.11193	0.24442	0.39806	1.98245	0.51792	0.71672	0.37759	0.77795	0.37115	0.54734	0.38928	0.68306	0.00982	0.08449	0.0	0.0	0.0	0.0	0.0	0.0	0.0	0.0	0.0	1.38979	0.39508	0.56558	0.29308	0.32277	0.4351	0.39508	0.46915	0.92056	0.37171	0.33393	0.1115	0.00982	0.00982	0.00982	0.5945	0.53128	0.60092	1.16791	
0.61241	0.30799	0.2295	0.31613	0.49979	0.06033	8e-05	8e-05	8e-05	8e-05	8e-05	8e-05	0.30464	0.5703	0.21722	0.0	0.09496	0.54607	0.0888	0.45777	0.07578	0.35252	0.7138	0.57663	1.51377	1.43186	0.09415	0.09415	8e-05	8e-05	8e-05	8e-05	8e-05	8e-05	8e-05	8e-05	0.06405	0.10739	8e-05	8e-05	8e-05	0.0	0.0	0.0	0.0	0.0	0.0	0.0	0.0	0.0	0.63352	0.0	0.21649	0.52929	0.46925	0.45379	0.07675	0.42365	0.0	0.16772	0.05308	0.10322	0.21777	0.75705	0.24119	0.58566	0.44509	0.34726	0.21393	0.59536	0.0	0.23874	8e-05	0.09568	0.0	0.0	0.0	0.0	0.0	0.0	0.0	0.0	0.0	1.24701	0.2523	0.50709	0.21461	0.26428	0.35664	0.2523	0.18627	0.32981	0.19966	0.1498	0.05279	8e-05	8e-05	8e-05	0.2227	0.2409	0.22802	0.62647	
0.16033	0.02355	0.03245	0.07382	0.06003	0.10408	0.00708	0.00708	0.00708	0.00708	0.00708	0.00708	0.07565	0.10859	0.00433	0.0	0.13135	0.17722	0.04969	0.1591	0.01063	0.1782	0.13725	0.4433	0.03855	0.27827	0.06773	0.06773	0.00708	0.00708	0.00708	0.00708	0.00708	0.00708	0.00708	0.00708	0.14656	0.2618	0.00708	0.00708	0.00708	0.0	0.0	0.0	0.0	0.0	0.0	0.0	0.0	0.0	0.76411	0.21649	0.0	0.10451	0.09422	0.24191	0.17575	0.2242	0.0	0.43183	0.12667	0.25099	0.10632	0.0993	0.00104	0.21597	0.09926	0.10152	0.03328	0.0561	0.32657	0.08024	0.00708	0.04681	0.0	0.0	0.0	0.0	0.0	0.0	0.0	0.0	0.0	1.43144	0.43674	0.58265	0.31597	0.33983	0.45799	0.43674	0.28204	0.23213	0.09051	0.00688	0.1268	0.00708	0.00708	0.00708	0.06511	0.09683	0.20403	0.245	
0.26364	0.15798	0.13061	0.23558	0.17385	0.23264	0.0036	0.0036	0.0036	0.0036	0.0036	0.0036	0.25013	0.19876	0.26346	0.0	0.15192	0.24095	0.13521	0.36498	0.1827	0.35094	0.60142	0.2968	0.26946	0.80733	0.30464	0.30464	0.0036	0.0036	0.0036	0.0036	0.0036	0.0036	0.0036	0.0036	0.06329	0.10974	0.0036	0.0036	0.0036	0.0	0.0	0.0	0.0	0.0	0.0	0.0	0.0	0.0	1.41617	0.52929	0.10451	0.0	0.06077	0.26798	0.18227	0.4334	0.0	0.17106	0.05507	0.10978	0.22514	0.43867	0.2092	0.2102	0.14323	0.35275	0.21999	0.26842	0.95205	0.4016	0.0036	0.07066	0.0	0.0	0.0	0.0	0.0	0.0	0.0	0.0	0.0	1.92509	0.93038	0.78487	0.58726	0.54206	0.72928	0.93038	0.76027	0.45931	0.2193	0.1993	0.05517	0.0036	0.0036	0.0036	0.304	0.2362	0.24709	0.21014	
0.12072	0.09888	0.06956	0.06346	0.06289	0.02251	0.00047	0.00047	0.00047	0.00047	0.00047	0.00047	0.0491	0.03575	0.03062	0.0	0.02267	0.04143	0.01508	0.05572	0.02233	0.04303	0.06737	0.10755	0.2282	0.48477	0.01702	0.01702	0.00047	0.00047	0.00047	0.00047	0.00047	0.00047	0.00047	0.00047	0.01509	0.02475	0.00047	0.00047	0.00047	0.0	0.0	0.0	0.0	0.0	0.0	0.0	0.0	0.0	0.07478	0.46925	0.09422	0.06077	0.0	0.05372	0.03329	0.03409	0.0	0.02841	0.01503	0.02075	0.02519	0.11178	0.03109	0.07749	0.0792	0.03454	0.02395	0.01359	0.0	0.03514	0.00047	0.01095	0.0	0.0	0.0	0.0	0.0	0.0	0.0	0.0	0.0	0.1239	0.0	0.047	0.12967	0.06468	0.10069	0.0	0.07677	0.04026	0.02507	0.02104	0.0153	0.00047	0.00047	0.00047	0.03467	0.10505	0.0662	0.11989	
0.27021	0.17284	0.1572	0.23983	0.11177	0.17849	0.00439	0.00439	0.00439	0.00439	0.00439	0.00439	0.14773	0.34676	0.07749	0.0	0.15844	0.31708	0.12976	0.27831	0.1026	0.16614	0.30304	0.23412	0.14291	1.17669	0.19508	0.19508	0.00439	0.00439	0.00439	0.00439	0.00439	0.00439	0.00439	0.00439	0.09169	0.16836	0.00439	0.00439	0.00439	0.0	0.0	0.0	0.0	0.0	0.0	0.0	0.0	0.0	1.30919	0.45379	0.24191	0.26798	0.05372	0.0	0.18429	0.31902	0.0	0.30639	0.0786	0.17181	0.22117	0.37768	0.09263	0.24288	0.29126	0.23743	0.20681	0.07888	1.1856	0.22401	0.00439	0.09754	0.0	0.0	0.0	0.0	0.0	0.0	0.0	0.0	0.0	1.84854	0.85384	0.75351	0.54519	0.5107	0.68721	0.85384	0.68181	0.29606	0.20749	0.1473	0.07869	0.00439	0.00439	0.00439	0.17811	0.19442	0.15813	0.25767	
0.16713	0.10338	0.17307	0.08637	0.08833	0.05385	0.0054	0.0054	0.0054	0.0054	0.0054	0.0054	0.15077	0.03859	0.02646	0.0	0.04877	0.03226	0.16451	0.22092	0.04512	0.06917	0.07218	0.25623	0.06456	0.97033	0.16425	0.16425	0.0054	0.0054	0.0054	0.0054	0.0054	0.0054	0.0054	0.0054	0.04977	0.0815	0.0054	0.0054	0.0054	0.0	0.0	0.0	0.0	0.0	0.0	0.0	0.0	0.0	0.64243	0.07675	0.17575	0.18227	0.03329	0.18429	0.0	0.15614	0.0	0.11466	0.04435	0.07876	0.06612	0.17472	0.0332	0.06474	0.07737	0.09353	0.05485	0.04617	0.13594	0.1946	0.0054	0.03773	0.0	0.0	0.0	0.0	0.0	0.0	0.0	0.0	0.0	0.68946	0.0	0.27869	0.71741	0.37141	0.56335	0.0	0.65408	0.12661	0.06319	0.04617	0.04448	0.0054	0.0054	0.0054	0.16748	0.09013	0.09631	0.22814	
0.31633	0.15843	0.14648	0.45864	0.13687	0.1958	0.00379	0.00379	0.00379	0.00379	0.00379	0.00379	0.28912	0.24091	0.26687	0.0	0.27392	0.3055	0.12519	0.26445	0.15871	0.85287	0.29356	0.30444	0.21717	0.0	0.3037	0.3037	0.00379	0.00379	0.00379	0.00379	0.00379	0.00379	0.00379	0.00379	0.15498	0.06607	0.00379	0.00379	0.00379	0.0	0.0	0.0	0.0	0.0	0.0	0.0	0.0	0.0	0.93766	0.42365	0.2242	0.4334	0.03409	0.31902	0.15614	0.0	0.0	0.26602	0.0462	0.16453	0.28526	0.3006	0.36824	0.22	0.23796	0.3504	0.2772	0.16087	0.49219	0.2574	0.00379	0.0391	0.0	0.0	0.0	0.0	0.0	0.0	0.0	0.0	0.0	0.88737	0.34072	0.99349	0.39181	0.75068	0.49768	0.34072	0.60208	0.35282	0.26636	0.28366	0.12982	0.00379	0.00379	0.00379	0.26239	0.2281	0.16134	0.28222	
0.0	0.0	0.0	0.0	0.0	0.0	0.0	0.0	0.0	0.0	0.0	0.0	0.0	0.0	0.0	0.0	0.0	0.0	0.0	0.0	0.0	0.0	0.0	0.0	0.0	0.0	0.0	0.0	0.0	0.0	0.0	0.0	0.0	0.0	0.0	0.0	0.0	0.0	0.0	0.0	0.0	0.0	0.0	0.0	0.0	0.0	0.0	0.0	0.0	0.0	0.0	0.0	0.0	0.0	0.0	0.0	0.0	0.0	0.0	0.0	0.0	0.0	0.0	0.0	0.0	0.0	0.0	0.0	0.0	0.0	0.0	0.0	0.0	0.0	0.0	0.0	0.0	0.0	0.0	0.0	0.0	0.0	0.0	0.0	0.0	0.0	0.0	0.0	0.0	0.0	0.0	0.0	0.0	0.0	0.0	0.0	0.0	0.0	0.0	0.0	0.0	0.0	
0.33603	0.16295	0.11779	0.25802	0.1635	0.06635	0.00788	0.00788	0.00788	0.00788	0.00788	0.00788	0.27411	0.09648	0.15977	0.0	0.36438	0.33131	0.02957	0.28876	0.07378	0.45384	0.45779	0.40338	0.21583	0.0	0.04455	0.04455	0.00788	0.00788	0.00788	0.00788	0.00788	0.00788	0.00788	0.00788	0.43728	0.61246	0.00788	0.00788	0.00788	0.0	0.0	0.0	0.0	0.0	0.0	0.0	0.0	0.0	0.59949	0.16772	0.43183	0.17106	0.02841	0.30639	0.11466	0.26602	0.0	0.0	0.20431	0.56436	0.31333	0.14694	0.18832	0.24468	0.29927	0.18697	0.17845	0.03797	0.28506	0.24674	0.00788	0.03168	0.0	0.0	0.0	0.0	0.0	0.0	0.0	0.0	0.0	0.88016	0.3472	1.0241	0.42242	0.78129	0.52829	0.3472	0.34099	0.49885	0.28896	0.05946	0.20447	0.00788	0.00788	0.00788	0.2214	0.11729	0.23169	0.25482	
0.03961	0.1411	0.10528	0.06038	0.05498	0.03036	0.0059	0.0059	0.0059	0.0059	0.0059	0.0059	0.09024	0.04948	0.04213	0.0	0.03095	0.10498	0.01608	0.0885	0.3521	0.03957	0.14843	0.13317	0.19087	0.0	0.02308	0.02308	0.0059	0.0059	0.0059	0.0059	0.0059	0.0059	0.0059	0.0059	0.02099	0.30884	0.0059	0.0059	0.0059	0.0	0.0	0.0	0.0	0.0	0.0	0.0	0.0	0.0	0.11193	0.05308	0.12667	0.05507	0.01503	0.0786	0.04435	0.0462	0.0	0.20431	0.0	0.48853	0.1703	0.04732	0.03885	0.07318	0.04239	0.04757	0.03329	0.01939	0.12469	0.12526	0.0059	0.01645	0.0	0.0	0.0	0.0	0.0	0.0	0.0	0.0	0.0	0.15009	0.1411	0.4439	0.14574	0.20109	0.25519	0.1411	0.10928	0.13067	0.38615	0.02939	0.02073	0.0059	0.0059	0.0059	0.10943	0.19866	0.0927	0.07188	
0.29863	0.22706	0.1462	0.16057	0.12632	0.04781	0.00521	0.00521	0.00521	0.00521	0.00521	0.00521	0.30991	0.10057	0.14944	0.0	0.34998	0.20438	0.02218	0.17491	0.23523	0.20498	0.25928	0.26281	0.42693	0.0	0.0329	0.0329	0.00521	0.00521	0.00521	0.00521	0.00521	0.00521	0.00521	0.00521	0.54254	0.21621	0.00521	0.00521	0.00521	0.0	0.0	0.0	0.0	0.0	0.0	0.0	0.0	0.0	0.24442	0.10322	0.25099	0.10978	0.02075	0.17181	0.07876	0.16453	0.0	0.56436	0.48853	0.0	0.51072	0.09398	0.19151	0.17576	0.28408	0.15573	0.17422	0.02783	0.167	0.13354	0.00521	0.02316	0.0	0.0	0.0	0.0	0.0	0.0	0.0	0.0	0.0	0.30937	0.19401	0.89595	0.29428	0.65314	0.85367	0.19401	0.23464	0.27095	0.30806	0.04886	0.02775	0.00521	0.00521	0.00521	0.1251	0.19107	0.14001	0.15179	
0.30912	0.15853	0.1137	0.27649	0.17343	0.09437	0.00144	0.00144	0.00144	0.00144	0.00144	0.00144	0.45764	0.17437	0.16764	0.0	0.32217	0.3801	0.06554	0.20451	0.27859	0.2487	0.28858	0.29707	0.64937	0.0	0.23165	0.23165	0.00144	0.00144	0.00144	0.00144	0.00144	0.00144	0.00144	0.00144	0.4123	0.05567	0.00144	0.00144	0.00144	0.0	0.0	0.0	0.0	0.0	0.0	0.0	0.0	0.0	0.39806	0.21777	0.10632	0.22514	0.02519	0.22117	0.06612	0.28526	0.0	0.31333	0.1703	0.51072	0.0	0.11331	0.22956	0.26873	0.30348	0.17996	0.33327	0.03592	0.43311	0.27347	0.00144	0.02888	0.0	0.0	0.0	0.0	0.0	0.0	0.0	0.0	0.0	0.24628	0.11048	0.83286	0.23118	0.59005	0.77014	0.11048	0.38828	0.27381	0.31376	0.08425	0.03476	0.00144	0.00144	0.00144	0.26241	0.22353	0.12303	0.11498	
