0.0	0.06416	0.05463	0.02864	0.07843	0.06816	0.06576	0.02191	0.0	0.0	0.05632	0.0	0.06576	0.0	0.03075	0.07791	0.02685	0.0	0.05463	0.07689	0.01689	0.02429	0.05463	0.0	0.00764	0.0	0.03751	0.0	0.05793	0.02739	0.17203	0.04438	0.08104	0.0201	0.02685	0.02124	0.09585	0.05601	0.00082	0.0691	0.0339	0.14638	0.04295	0.06844	0.0	0.0	0.0	0.0	0.0	0.0	0.0	0.0	0.04822	0.06654	0.04622	0.02648	0.0	0.0	0.05023	0.01967	0.0	0.05463	0.02429	0.07714	0.06576	0.02412	0.14628	0.03766	0.0	0.09365	0.0	0.0	0.09467	0.03362	0.0	0.06017	0.02739	0.13388	0.0	0.14628	0.0	0.14233	0.04386	0.0	0.04621	0.0	0.0	0.02655	0.0691	0.0	0.07817	0.01012	0.0	0.0	0.09733	0.02739	0.01193	0.04299	0.07938	0.11108	0.04745	0.19469	0.02332	0.0	0.03926	0.05283	0.1194	0.13257	0.0	0.01581	0.0	0.03723	0.08216	0.06097	0.0	0.0	0.0	0.02755	0.06966	0.01557	0.11418	0.04892	0.08555	0.12337	0.0	0.05194	0.0	0.0292	0.02991	0.03437	0.03705	0.06277	0.08438	0.04027	0.0	0.06654	0.02332	0.06747	0.07889	0.07194	0.1268	0.16039	0.01058	0.01719	0.0	0.04343	0.02648	0.13916	0.03643	0.09032	
0.06416	0.0	0.00564	0.0711	0.01417	0.00841	0.00681	0.00563	7e-05	0.0	0.00838	7e-05	0.00681	7e-05	0.01025	0.05932	0.00654	7e-05	0.00564	0.01221	0.05115	0.00608	0.00564	7e-05	0.01458	7e-05	0.01724	0.0	0.01111	0.00664	0.01907	0.0189	0.0393	0.02034	0.00654	0.02129	0.01581	0.01094	0.00027	0.00664	0.50993	0.00668	0.03887	0.00789	7e-05	7e-05	7e-05	7e-05	7e-05	7e-05	0.0	0.0	0.01888	0.01241	0.00895	0.00647	7e-05	7e-05	0.01953	0.07765	7e-05	0.00564	0.00608	0.01436	0.00681	0.08824	0.00547	0.00835	0.0	0.00801	0.0	0.0	0.06358	0.00774	7e-05	0.01508	0.00664	0.01414	7e-05	0.00547	0.0	0.01015	0.00932	0.0	0.00967	0.0	7e-05	0.00945	0.00664	0.0	0.01174	0.01544	0.0	7e-05	0.00604	0.00664	0.00351	0.02023	0.02277	0.04834	0.00905	0.01273	0.00597	0.0	0.01127	0.01058	0.01182	0.01204	0.0	0.00829	0.0	0.01452	0.06703	0.00646	0.0	0.0	0.0	0.00803	0.00849	0.01233	0.01418	0.02053	0.01485	0.01344	7e-05	0.11106	7e-05	0.00947	0.01218	0.00782	0.00665	0.01561	0.01338	0.09556	7e-05	0.00754	0.00597	0.00834	0.00923	0.00851	0.01039	0.01025	0.00318	0.01349	7e-05	0.02108	0.00647	0.01329	0.01781	0.02011	
0.05463	0.00564	0.0	0.10924	0.01202	0.00727	0.00619	0.00522	0.00016	0.0	0.00732	0.00016	0.00619	0.00016	0.00894	0.01329	0.00597	0.00016	0.99961	0.0102	0.01988	0.00559	0.99961	0.00016	0.01234	0.00016	0.01443	0.0	0.00921	0.00605	0.01526	0.01573	0.02127	0.01687	0.00597	0.01769	0.01338	0.00955	0.00038	0.00605	0.00404	0.00594	0.03168	0.00689	0.00016	0.00016	0.00016	0.00016	0.00016	0.00016	0.0	0.0	0.0155	0.01064	0.00771	0.00592	0.00016	0.00016	0.01594	0.12436	0.00016	0.99961	0.00559	0.01186	0.00619	0.01068	0.00509	0.00743	0.0	0.00698	0.0	0.0	0.01343	0.00696	0.00016	0.01274	0.00605	0.0115	0.00016	0.00509	0.0	0.00868	0.00822	0.0	0.00849	0.0	0.00016	0.31376	0.00605	0.0	0.00968	0.01302	0.0	0.00016	0.99979	0.00605	0.00342	0.01678	0.01816	0.01564	0.00777	0.01045	0.00553	0.0	0.00952	0.0092	0.2722	0.01007	0.0	0.00738	0.0	0.01186	0.01316	0.00591	0.0	0.0	0.0	0.00718	0.48288	0.01035	0.01156	0.01652	0.01212	0.01145	0.00016	0.01052	0.00016	0.00832	0.01045	0.00701	0.62711	0.01271	0.01093	0.01043	0.00016	0.00662	0.00553	0.00724	0.0079	0.00736	0.00905	0.0087	0.00313	0.01149	0.00016	0.01745	0.00592	0.011	0.01466	0.09952	
0.02864	0.0711	0.10924	0.0	0.0428	0.02366	0.18345	0.02139	4e-05	0.0	0.03142	4e-05	0.18345	4e-05	0.45062	0.12069	0.13608	4e-05	0.10924	0.03868	0.08309	0.0145	0.10924	4e-05	0.05916	4e-05	0.05482	0.0	0.11418	0.0162	0.07391	0.06148	0.05928	0.06736	0.13608	0.06944	0.03576	0.06678	0.01694	0.0162	0.07319	0.01733	0.07895	0.02162	4e-05	4e-05	4e-05	4e-05	4e-05	4e-05	0.0	0.0	0.06491	0.0361	0.12935	0.0157	4e-05	4e-05	0.16826	0.14664	4e-05	0.10924	0.0145	0.09108	0.18345	0.04119	0.01272	0.01249	0.0	0.02208	0.0	0.0	0.05677	0.08849	4e-05	0.01779	0.0162	0.06217	4e-05	0.01272	0.0	0.02964	0.07577	0.0	0.06452	0.0	4e-05	0.03871	0.0162	0.0	0.1136	0.05635	0.0	4e-05	0.10901	0.0162	0.00743	0.0669	0.06987	0.24364	0.02612	0.14459	0.14503	0.0	0.05202	0.05009	0.09678	0.12065	0.0	0.02148	0.0	0.0504	0.07904	0.01567	0.0	0.0	0.0	0.02065	0.10087	0.03842	0.04944	0.09793	0.05183	0.06408	4e-05	0.06993	4e-05	0.0255	0.03952	0.01995	0.07356	0.05573	0.04626	0.0385	4e-05	0.02026	0.14503	0.13064	0.16074	0.02403	0.02872	0.03066	0.00662	0.04481	4e-05	0.07037	0.0157	0.0436	0.06044	0.07149	
0.07843	0.01417	0.01202	0.0428	0.0	0.30719	0.01493	0.01199	6e-05	0.0	0.0197	6e-05	0.01493	6e-05	0.02392	0.01614	0.01425	6e-05	0.01202	0.03079	0.06376	0.17271	0.01202	6e-05	0.03603	6e-05	0.04362	0.0	0.12196	0.0145	0.03303	0.04841	0.048	0.05261	0.01425	0.05532	0.01005	0.02583	0.00048	0.0145	0.00866	0.13105	0.04194	0.0184	6e-05	6e-05	6e-05	6e-05	6e-05	6e-05	0.0	0.0	0.04974	0.02245	0.02131	0.01409	6e-05	6e-05	0.09595	0.00646	6e-05	0.01202	0.17271	0.03705	0.01493	0.0141	0.14922	0.0189	0.0	0.01874	0.0	0.0	0.01383	0.01723	6e-05	0.03746	0.0145	0.054	6e-05	0.14922	0.0	0.03228	0.02142	0.0	0.04963	0.0	6e-05	0.05239	0.0145	0.0	0.10001	0.03848	0.0	6e-05	0.01958	0.0145	0.00704	0.05228	0.02348	0.05365	0.02172	0.08331	0.01269	0.0	0.09235	0.02489	0.03055	0.0303	0.0	0.01874	0.0	0.01796	0.0289	0.01406	0.0	0.0	0.0	0.0556	0.13919	0.03083	0.09824	0.0565	0.03936	0.00899	6e-05	0.02343	6e-05	0.02188	0.02927	0.01752	0.01453	0.04189	0.03528	0.03104	6e-05	0.01739	0.01269	0.12177	0.13465	0.02018	0.02435	0.45405	0.00632	0.03291	6e-05	0.05476	0.01409	0.03412	0.00468	0.02653	
0.06816	0.00841	0.00727	0.02366	0.30719	0.0	0.00893	0.00725	4e-05	0.0	0.01143	4e-05	0.00893	4e-05	0.01396	0.09217	0.00855	4e-05	0.00727	0.01741	0.03509	0.52853	0.00727	4e-05	0.02051	4e-05	0.02455	0.0	0.15715	0.00869	0.0286	0.02708	0.04088	0.02929	0.00855	0.03063	0.13262	0.01495	0.00028	0.00869	0.00531	0.00894	0.0606	0.01076	4e-05	4e-05	4e-05	4e-05	4e-05	4e-05	0.0	0.0	0.0275	0.16695	0.01235	0.00846	4e-05	4e-05	0.07462	0.11734	4e-05	0.00727	0.52853	0.02072	0.00893	0.01836	0.00704	0.01117	0.0	0.01094	0.0	0.0	0.02396	0.01025	4e-05	0.02128	0.00869	0.02078	4e-05	0.00704	0.0	0.01412	0.01259	0.0	0.23839	0.0	4e-05	0.24533	0.00869	0.0	0.21688	0.02182	0.0	4e-05	0.0078	0.00869	0.00435	0.02912	0.14125	0.02906	0.01255	0.0185	0.00769	0.0	0.01589	0.01448	0.0171	0.01714	0.0	0.01108	0.0	0.09545	0.02403	0.00844	0.0	0.0	0.0	0.25586	0.36111	0.01749	0.19538	0.0306	0.02176	0.01878	4e-05	0.16968	4e-05	0.01282	0.01687	0.0104	0.00871	0.02296	0.01956	0.01761	4e-05	0.01021	0.00769	0.32202	0.3383	0.01172	0.01419	0.21075	0.00392	0.01884	4e-05	0.03041	0.00846	0.01913	0.08311	0.09948	
0.06576	0.00681	0.00619	0.18345	0.01493	0.00893	0.0	0.00618	0.00013	0.0	0.00895	0.00013	0.99968	0.00013	0.36827	0.11476	0.00713	0.00013	0.00619	0.01276	0.02509	0.00664	0.00619	0.00013	0.19424	0.00013	0.01804	0.0	0.01157	0.00723	0.10167	0.01973	0.02741	0.02121	0.00713	0.02223	0.01664	0.01169	0.00037	0.00723	0.0047	0.00719	0.04081	0.00842	0.00013	0.00013	0.00013	0.00013	0.00013	0.00013	0.0	0.0	0.01959	0.01313	0.00948	0.00706	0.00013	0.00013	0.0988	0.16176	0.00013	0.00619	0.00664	0.16526	0.99968	0.01339	0.00602	0.00899	0.0	0.00854	0.0	0.0	0.01699	0.00837	0.00013	0.01585	0.00723	0.01459	0.00013	0.00602	0.0	0.01073	0.00999	0.0	0.01034	0.0	0.00013	0.01012	0.00723	0.0	0.0122	0.17642	0.0	0.00013	0.00663	0.00723	0.00394	0.02109	0.06834	0.23119	0.00958	0.31625	0.00653	0.0	0.01184	0.01127	0.01228	0.01259	0.0	0.00893	0.0	0.01502	0.14209	0.00705	0.0	0.0	0.0	0.00867	0.00901	0.01292	0.01465	0.0211	0.01535	0.22325	0.00013	0.26259	0.00013	0.01014	0.01289	0.00845	0.00724	0.01613	0.01383	0.01301	0.00013	0.00807	0.00653	0.00887	0.53352	0.00904	0.01107	0.0108	0.00359	0.01423	0.00013	0.02196	0.00706	0.01383	0.0185	0.02058	
0.02191	0.00563	0.00522	0.02139	0.01199	0.00725	0.00618	0.0	0.00016	0.0	0.0073	0.00016	0.00618	0.00016	0.00892	0.01325	0.00596	0.00016	0.00522	0.01017	0.01981	0.00558	0.00522	0.00016	0.01231	0.00016	0.01439	0.0	0.00918	0.00604	0.01521	0.01569	0.02119	0.01682	0.00596	0.01764	0.01334	0.00952	0.00038	0.00604	0.00403	0.00593	0.03084	0.00687	0.00016	0.00016	0.00016	0.00016	0.00016	0.00016	0.0	0.0	0.01545	0.01061	0.00769	0.0059	0.00016	0.00016	0.01589	0.01644	0.00016	0.00522	0.00558	0.01183	0.00618	0.01065	0.00508	0.07367	0.0	0.00696	0.0	0.0	0.01338	0.08561	0.00016	0.02012	0.00604	0.01146	0.00016	0.00508	0.0	0.00865	0.32225	0.0	0.00846	0.0	0.00016	0.00829	0.00604	0.0	0.00965	0.01298	0.0	0.00016	0.00559	0.00604	0.00341	0.01673	0.01809	0.01559	0.00775	0.01042	0.00552	0.0	0.00949	0.00918	0.00971	0.01004	0.0	0.00736	0.0	0.01182	0.01312	0.0059	0.0	0.0	0.0	0.00716	0.00731	0.03019	0.01152	0.01647	0.01208	0.01142	0.00016	0.01049	0.00016	0.0083	0.01042	0.00699	0.00605	0.01267	0.01089	0.02952	0.00016	0.18359	0.00552	0.00722	0.00788	0.00734	0.00902	0.00868	0.00313	0.01146	0.00016	0.0174	0.0059	0.01097	0.01461	0.01598	
0.0	7e-05	0.00016	4e-05	6e-05	4e-05	0.00013	0.00016	0.0	0.0	5e-05	0.0	0.00013	0.0	0.00012	1e-05	0.00013	0.0	0.00016	3e-05	4e-05	0.00014	0.00016	0.0	6e-05	0.0	5e-05	0.0	1e-05	0.00013	0.0	5e-05	0.0	4e-05	0.00013	5e-05	6e-05	8e-05	0.0	0.00013	0.00021	7e-05	2e-05	5e-05	0.0	0.0	0.0	0.0	0.0	0.0	0.0	0.0	2e-05	7e-05	0.00013	0.00013	0.0	0.0	7e-05	5e-05	0.0	0.00016	0.00014	2e-05	0.00013	3e-05	0.00016	0.0001	0.0	5e-05	0.0	0.0	2e-05	0.0002	0.0	6e-05	0.00013	2e-05	0.0	0.00016	0.0	4e-05	0.00014	0.0	0.00013	0.0	0.0	9e-05	0.00013	0.0	1e-05	6e-05	0.0	0.0	0.00016	0.00013	0.00026	4e-05	0.0	1e-05	4e-05	1e-05	0.00033	0.0	3e-05	8e-05	1e-05	3e-05	0.0	0.0001	0.0	1e-05	0.0	0.00013	0.0	0.0	0.0	0.00011	4e-05	3e-05	1e-05	0.0	0.0	6e-05	0.0	7e-05	0.0	9e-05	7e-05	0.00011	0.00013	0.0	1e-05	3e-05	0.0	6e-05	0.00033	0.00014	4e-05	5e-05	8e-05	4e-05	0.00029	9e-05	0.0	4e-05	0.00013	2e-05	2e-05	0.0	
0.0	0.0	0.0	0.0	0.0	0.0	0.0	0.0	0.0	0.0	0.0	0.0	0.0	0.0	0.0	0.0	0.0	0.0	0.0	0.0	0.0	0.0	0.0	0.0	0.0	0.0	0.0	0.0	0.0	0.0	0.0	0.0	0.0	0.0	0.0	0.0	0.0	0.0	0.0	0.0	0.0	0.0	0.0	0.0	0.0	0.0	0.0	0.0	0.0	0.0	0.0	0.0	0.0	0.0	0.0	0.0	0.0	0.0	0.0	0.0	0.0	0.0	0.0	0.0	0.0	0.0	0.0	0.0	0.0	0.0	0.0	0.0	0.0	0.0	0.0	0.0	0.0	0.0	0.0	0.0	0.0	0.0	0.0	0.0	0.0	0.0	0.0	0.0	0.0	0.0	0.0	0.0	0.0	0.0	0.0	0.0	0.0	0.0	0.0	0.0	0.0	0.0	0.0	0.0	0.0	0.0	0.0	0.0	0.0	0.0	0.0	0.0	0.0	0.0	0.0	0.0	0.0	0.0	0.0	0.0	0.0	0.0	0.0	0.0	0.0	0.0	0.0	0.0	0.0	0.0	0.0	0.0	0.0	0.0	0.0	0.0	0.0	0.0	0.0	0.0	0.0	0.0	0.0	0.0	0.0	0.0	0.0	0.0	0.0	0.0	
0.05632	0.00838	0.00732	0.03142	0.0197	0.01143	0.00895	0.0073	5e-05	0.0	0.0	5e-05	0.00895	5e-05	0.02851	0.23907	0.00858	5e-05	0.00732	0.01709	0.03485	0.00793	0.00732	5e-05	0.02028	5e-05	0.0243	0.0	0.01562	0.00871	0.02804	0.02681	0.04052	0.02901	0.00858	0.02768	0.02025	0.01367	5e-05	0.00871	0.00538	0.00893	0.05539	0.01066	5e-05	5e-05	5e-05	5e-05	5e-05	5e-05	0.0	0.0	0.16026	0.01705	0.76331	0.63125	5e-05	5e-05	0.07716	0.02283	5e-05	0.00732	0.00793	0.02033	0.00895	0.30658	0.00712	0.01114	0.0	0.01087	0.0	0.0	0.02354	0.04893	5e-05	0.14642	0.00871	0.10312	5e-05	0.00712	0.0	0.01398	0.03284	0.0	0.03095	0.0	5e-05	0.01273	0.00871	0.0	0.39588	0.14167	0.0	5e-05	0.0079	0.00871	0.00443	0.02884	0.03384	0.02753	0.40109	0.01809	0.13226	0.0	0.01564	0.01438	0.19241	0.01686	0.0	0.01105	0.0	0.24798	0.02351	0.00847	0.0	0.0	0.0	0.01069	0.01155	0.08412	0.02029	0.03008	0.0213	0.01861	5e-05	0.01684	5e-05	0.01276	0.20022	0.01039	0.00874	0.02255	0.2465	0.01732	5e-05	0.01016	0.13226	0.09395	0.01264	0.01161	0.01412	0.01417	0.00399	0.02348	5e-05	0.03013	0.63125	0.19991	0.10183	0.12412	
0.0	7e-05	0.00016	4e-05	6e-05	4e-05	0.00013	0.00016	0.0	0.0	5e-05	0.0	0.00013	0.0	0.00012	1e-05	0.00013	0.0	0.00016	3e-05	4e-05	0.00014	0.00016	0.0	6e-05	0.0	5e-05	0.0	1e-05	0.00013	0.0	5e-05	0.0	4e-05	0.00013	5e-05	6e-05	8e-05	0.0	0.00013	0.00021	7e-05	2e-05	5e-05	0.0	0.0	0.0	0.0	0.0	0.0	0.0	0.0	2e-05	7e-05	0.00013	0.00013	0.0	0.0	7e-05	5e-05	0.0	0.00016	0.00014	2e-05	0.00013	3e-05	0.00016	0.0001	0.0	5e-05	0.0	0.0	2e-05	0.0002	0.0	6e-05	0.00013	2e-05	0.0	0.00016	0.0	4e-05	0.00014	0.0	0.00013	0.0	0.0	9e-05	0.00013	0.0	1e-05	6e-05	0.0	0.0	0.00016	0.00013	0.00026	4e-05	0.0	1e-05	4e-05	1e-05	0.00033	0.0	3e-05	8e-05	1e-05	3e-05	0.0	0.0001	0.0	1e-05	0.0	0.00013	0.0	0.0	0.0	0.00011	4e-05	3e-05	1e-05	0.0	0.0	6e-05	0.0	7e-05	0.0	9e-05	7e-05	0.00011	0.00013	0.0	1e-05	3e-05	0.0	6e-05	0.00033	0.00014	4e-05	5e-05	8e-05	4e-05	0.00029	9e-05	0.0	4e-05	0.00013	2e-05	2e-05	0.0	
0.06576	0.00681	0.00619	0.18345	0.01493	0.00893	0.99968	0.00618	0.00013	0.0	0.00895	0.00013	0.0	0.00013	0.36827	0.11476	0.00713	0.00013	0.00619	0.01276	0.02509	0.00664	0.00619	0.00013	0.19424	0.00013	0.01804	0.0	0.01157	0.00723	0.10167	0.01973	0.02741	0.02121	0.00713	0.02223	0.01664	0.01169	0.00037	0.00723	0.0047	0.00719	0.04081	0.00842	0.00013	0.00013	0.00013	0.00013	0.00013	0.00013	0.0	0.0	0.01959	0.01313	0.00948	0.00706	0.00013	0.00013	0.0988	0.16176	0.00013	0.00619	0.00664	0.16526	0.99968	0.01339	0.00602	0.00899	0.0	0.00854	0.0	0.0	0.01699	0.00837	0.00013	0.01585	0.00723	0.01459	0.00013	0.00602	0.0	0.01073	0.00999	0.0	0.01034	0.0	0.00013	0.01012	0.00723	0.0	0.0122	0.17642	0.0	0.00013	0.00663	0.00723	0.00394	0.02109	0.06834	0.23119	0.00958	0.31625	0.00653	0.0	0.01184	0.01127	0.01228	0.01259	0.0	0.00893	0.0	0.01502	0.14209	0.00705	0.0	0.0	0.0	0.00867	0.00901	0.01292	0.01465	0.0211	0.01535	0.22325	0.00013	0.26259	0.00013	0.01014	0.01289	0.00845	0.00724	0.01613	0.01383	0.01301	0.00013	0.00807	0.00653	0.00887	0.53352	0.00904	0.01107	0.0108	0.00359	0.01423	0.00013	0.02196	0.00706	0.01383	0.0185	0.02058	
0.0	7e-05	0.00016	4e-05	6e-05	4e-05	0.00013	0.00016	0.0	0.0	5e-05	0.0	0.00013	0.0	0.00012	1e-05	0.00013	0.0	0.00016	3e-05	4e-05	0.00014	0.00016	0.0	6e-05	0.0	5e-05	0.0	1e-05	0.00013	0.0	5e-05	0.0	4e-05	0.00013	5e-05	6e-05	8e-05	0.0	0.00013	0.00021	7e-05	2e-05	5e-05	0.0	0.0	0.0	0.0	0.0	0.0	0.0	0.0	2e-05	7e-05	0.00013	0.00013	0.0	0.0	7e-05	5e-05	0.0	0.00016	0.00014	2e-05	0.00013	3e-05	0.00016	0.0001	0.0	5e-05	0.0	0.0	2e-05	0.0002	0.0	6e-05	0.00013	2e-05	0.0	0.00016	0.0	4e-05	0.00014	0.0	0.00013	0.0	0.0	9e-05	0.00013	0.0	1e-05	6e-05	0.0	0.0	0.00016	0.00013	0.00026	4e-05	0.0	1e-05	4e-05	1e-05	0.00033	0.0	3e-05	8e-05	1e-05	3e-05	0.0	0.0001	0.0	1e-05	0.0	0.00013	0.0	0.0	0.0	0.00011	4e-05	3e-05	1e-05	0.0	0.0	6e-05	0.0	7e-05	0.0	9e-05	7e-05	0.00011	0.00013	0.0	1e-05	3e-05	0.0	6e-05	0.00033	0.00014	4e-05	5e-05	8e-05	4e-05	0.00029	9e-05	0.0	4e-05	0.00013	2e-05	2e-05	0.0	
0.03075	0.01025	0.00894	0.45062	0.02392	0.01396	0.36827	0.00892	0.00012	0.0	0.02851	0.00012	0.36827	0.00012	0.0	0.04238	0.01047	0.00012	0.00894	0.02083	0.04198	0.00968	0.00894	0.00012	0.06216	0.00012	0.02944	0.0	0.01906	0.01064	0.04689	0.03244	0.04844	0.03506	0.01047	0.03599	0.03244	0.03117	0.04887	0.01064	0.00659	0.01088	0.07235	0.01302	0.00012	0.00012	0.00012	0.00012	0.00012	0.00012	0.0	0.0	0.03281	0.02076	0.19924	0.01036	0.00012	0.00012	0.22988	0.04752	0.00012	0.00894	0.00968	0.0639	0.36827	0.02195	0.00866	0.01359	0.0	0.01324	0.0	0.0	0.02853	0.15176	0.00012	0.02556	0.01064	0.05059	0.00012	0.00866	0.0	0.017	0.10169	0.0	0.0939	0.0	0.00012	0.01552	0.01064	0.0	0.02023	0.05413	0.0	0.00012	0.00977	0.01064	0.00542	0.03486	0.02415	0.2066	0.01512	0.17904	0.29116	0.0	0.01907	0.01751	0.02038	0.02052	0.0	0.01348	0.0	0.02527	0.06706	0.01034	0.0	0.0	0.0	0.01304	0.0141	0.02096	0.02469	0.03631	0.02587	0.07516	0.00012	0.09258	0.00012	0.01555	0.02034	0.01267	0.01066	0.02743	0.02326	0.0211	0.00012	0.01238	0.29116	0.20899	0.25482	0.01415	0.01717	0.01726	0.0049	0.04236	0.00012	0.0364	0.01036	0.02284	0.03086	0.03586	
0.07791	0.05932	0.01329	0.12069	0.01614	0.09217	0.11476	0.01325	1e-05	0.0	0.23907	1e-05	0.11476	1e-05	0.04238	0.0	0.26132	1e-05	0.01329	0.03977	0.08598	0.09714	0.01329	1e-05	0.02111	1e-05	0.05637	0.0	0.20133	0.01635	0.04893	0.06333	0.12306	0.06949	0.26132	0.07316	0.10592	0.15496	0.0004	0.01635	0.05895	0.01756	0.09539	0.02199	1e-05	1e-05	1e-05	1e-05	1e-05	1e-05	0.0	0.0	0.15405	0.01948	0.09992	0.10654	1e-05	1e-05	0.07245	0.15286	1e-05	0.01329	0.09714	0.13349	0.11476	0.10288	0.0128	0.02197	0.0	0.02246	0.0	0.0	0.05878	0.0198	1e-05	0.01763	0.01635	0.09588	1e-05	0.0128	0.0	0.03028	0.02529	0.0	0.03234	0.0	1e-05	0.03374	0.01635	0.0	0.35385	0.09572	0.0	1e-05	0.01443	0.01635	0.00742	0.069	0.12847	0.22367	0.09983	0.10374	0.01407	0.0	0.14035	0.14894	0.05602	0.2131	0.0	0.02176	0.0	0.10282	0.04957	0.0158	0.0	0.0	0.0	0.02091	0.09216	0.07799	0.05123	0.17124	0.05371	0.02416	1e-05	0.31521	1e-05	0.0259	0.16582	0.02019	0.01639	0.05777	0.09912	0.01525	1e-05	0.02057	0.01407	0.02366	0.21109	0.02449	0.02923	0.04388	0.00661	0.04104	1e-05	0.07264	0.10654	0.05852	0.02067	0.07471	
0.02685	0.00654	0.00597	0.13608	0.01425	0.00855	0.00713	0.00596	0.00013	0.0	0.00858	0.00013	0.00713	0.00013	0.01047	0.26132	0.0	0.00013	0.00597	0.01217	0.02387	0.00641	0.00597	0.00013	0.01464	0.00013	0.0172	0.0	0.34505	0.00696	0.01853	0.0188	0.05427	0.0202	0.99967	0.02117	0.1788	0.34357	0.00037	0.00696	0.00455	0.00691	0.03865	0.00807	0.00013	0.00013	0.00013	0.00013	0.00013	0.00013	0.0	0.0	0.01863	0.01255	0.00907	0.0068	0.00013	0.00013	0.09334	0.01628	0.00013	0.00597	0.00641	0.15546	0.00713	0.01275	0.00581	0.00863	0.0	0.00818	0.0	0.0	0.01615	0.00805	0.00013	0.01513	0.00696	0.01387	0.00013	0.00581	0.0	0.01025	0.00958	0.0	0.00991	0.0	0.00013	0.0097	0.00696	0.0	0.32102	0.01547	0.0	0.00013	0.0064	0.00696	0.00382	0.02009	0.1283	0.22158	0.00916	0.01256	0.00631	0.0	0.24601	0.32248	0.01169	0.38608	0.0	0.00857	0.0	0.01428	0.0159	0.00679	0.0	0.0	0.0	0.00833	0.00862	0.01232	0.01392	0.17253	0.01459	0.01355	0.00013	0.01241	0.00013	0.00972	0.24996	0.00812	0.00697	0.01533	0.01315	0.01241	0.00013	0.00773	0.00631	0.0085	0.00933	0.00865	0.01061	0.01031	0.00349	0.01359	0.00013	0.02091	0.0068	0.01317	0.0176	0.01951	
0.0	7e-05	0.00016	4e-05	6e-05	4e-05	0.00013	0.00016	0.0	0.0	5e-05	0.0	0.00013	0.0	0.00012	1e-05	0.00013	0.0	0.00016	3e-05	4e-05	0.00014	0.00016	0.0	6e-05	0.0	5e-05	0.0	1e-05	0.00013	0.0	5e-05	0.0	4e-05	0.00013	5e-05	6e-05	8e-05	0.0	0.00013	0.00021	7e-05	2e-05	5e-05	0.0	0.0	0.0	0.0	0.0	0.0	0.0	0.0	2e-05	7e-05	0.00013	0.00013	0.0	0.0	7e-05	5e-05	0.0	0.00016	0.00014	2e-05	0.00013	3e-05	0.00016	0.0001	0.0	5e-05	0.0	0.0	2e-05	0.0002	0.0	6e-05	0.00013	2e-05	0.0	0.00016	0.0	4e-05	0.00014	0.0	0.00013	0.0	0.0	9e-05	0.00013	0.0	1e-05	6e-05	0.0	0.0	0.00016	0.00013	0.00026	4e-05	0.0	1e-05	4e-05	1e-05	0.00033	0.0	3e-05	8e-05	1e-05	3e-05	0.0	0.0001	0.0	1e-05	0.0	0.00013	0.0	0.0	0.0	0.00011	4e-05	3e-05	1e-05	0.0	0.0	6e-05	0.0	7e-05	0.0	9e-05	7e-05	0.00011	0.00013	0.0	1e-05	3e-05	0.0	6e-05	0.00033	0.00014	4e-05	5e-05	8e-05	4e-05	0.00029	9e-05	0.0	4e-05	0.00013	2e-05	2e-05	0.0	
0.05463	0.00564	0.99961	0.10924	0.01202	0.00727	0.00619	0.00522	0.00016	0.0	0.00732	0.00016	0.00619	0.00016	0.00894	0.01329	0.00597	0.00016	0.0	0.0102	0.01988	0.00559	0.99961	0.00016	0.01234	0.00016	0.01443	0.0	0.00921	0.00605	0.01526	0.01573	0.02127	0.01687	0.00597	0.01769	0.01338	0.00955	0.00038	0.00605	0.00404	0.00594	0.03168	0.00689	0.00016	0.00016	0.00016	0.00016	0.00016	0.00016	0.0	0.0	0.0155	0.01064	0.00771	0.00592	0.00016	0.00016	0.01594	0.12436	0.00016	0.99961	0.00559	0.01186	0.00619	0.01068	0.00509	0.00743	0.0	0.00698	0.0	0.0	0.01343	0.00696	0.00016	0.01274	0.00605	0.0115	0.00016	0.00509	0.0	0.00868	0.00822	0.0	0.00849	0.0	0.00016	0.31376	0.00605	0.0	0.00968	0.01302	0.0	0.00016	0.99979	0.00605	0.00342	0.01678	0.01816	0.01564	0.00777	0.01045	0.00553	0.0	0.00952	0.0092	0.2722	0.01007	0.0	0.00738	0.0	0.01186	0.01316	0.00591	0.0	0.0	0.0	0.00718	0.48288	0.01035	0.01156	0.01652	0.01212	0.01145	0.00016	0.01052	0.00016	0.00832	0.01045	0.00701	0.62711	0.01271	0.01093	0.01043	0.00016	0.00662	0.00553	0.00724	0.0079	0.00736	0.00905	0.0087	0.00313	0.01149	0.00016	0.01745	0.00592	0.011	0.01466	0.09952	
0.07689	0.01221	0.0102	0.03868	0.03079	0.01741	0.01276	0.01017	3e-05	0.0	0.01709	3e-05	0.01276	3e-05	0.02083	0.03977	0.01217	3e-05	0.0102	0.0	0.23768	0.01114	0.0102	3e-05	0.03184	3e-05	0.44082	0.0	0.02542	0.22087	0.21785	0.36461	0.22846	0.31736	0.01217	0.33235	0.03479	0.02242	0.00034	0.22087	0.00727	0.01304	0.33201	0.31281	3e-05	3e-05	3e-05	3e-05	3e-05	3e-05	0.0	0.0	0.31228	0.02627	0.01871	0.01202	3e-05	3e-05	0.04705	0.03627	3e-05	0.0102	0.01114	0.15262	0.01276	0.0291	0.00984	0.13141	0.0	0.01634	0.0	0.0	0.10996	0.01481	3e-05	0.12634	0.22087	0.13516	3e-05	0.00984	0.0	0.02157	0.01858	0.0	0.01941	0.0	3e-05	0.01894	0.22087	0.0	0.02725	0.04263	0.0	3e-05	0.011	0.22087	0.00587	0.09965	0.20174	0.03535	0.01908	0.14008	0.01078	0.0	0.16288	0.0846	0.22567	0.15636	0.0	0.01616	0.0	0.1699	0.03988	0.37707	0.0	0.0	0.0	0.01557	0.01761	0.02741	0.0562	0.24006	0.23649	0.05454	3e-05	0.0259	3e-05	0.21105	0.02568	0.01507	0.01242	0.26213	0.26926	0.02758	3e-05	0.0151	0.01078	0.01714	0.01953	0.01767	0.18867	0.02216	0.00525	0.05436	3e-05	0.29788	0.01202	0.14928	0.04186	0.04515	
0.01689	0.05115	0.01988	0.08309	0.06376	0.03509	0.02509	0.01981	4e-05	0.0	0.03485	4e-05	0.02509	4e-05	0.04198	0.08598	0.02387	4e-05	0.01988	0.23768	0.0	0.02179	0.01988	4e-05	0.00015	4e-05	0.389	0.0	0.05297	0.08671	0.10085	0.26002	0.24972	0.55916	0.02387	0.22017	0.00098	0.00718	0.00073	0.08671	0.014	0.02585	0.24	0.11843	4e-05	4e-05	4e-05	4e-05	4e-05	4e-05	0.0	0.0	0.22697	0.00108	0.03783	0.02357	4e-05	4e-05	0.10254	0.0761	4e-05	0.01988	0.02179	0.10265	0.02509	0.01857	0.01915	0.0337	0.0	0.08256	0.0	0.0	0.06739	0.02929	4e-05	0.03472	0.08671	0.09925	4e-05	0.01915	0.0	0.02073	0.03718	0.0	0.03896	0.0	4e-05	0.03797	0.08671	0.0	0.05713	5e-05	0.0	4e-05	0.02181	0.08671	0.01125	0.1864	0.11856	0.07887	0.08052	0.13897	0.021	0.0	0.01866	0.01095	0.06569	0.1479	0.0	0.02318	0.0	0.09362	0.00967	0.08365	0.0	0.0	0.0	0.0309	0.03552	0.01111	0.07668	0.18108	0.3666	0.00112	4e-05	0.05296	4e-05	0.01676	0.05248	0.02987	0.02438	0.20633	0.11523	0.03301	4e-05	0.08211	0.021	0.03446	0.03966	0.08329	0.16458	0.04534	0.01004	0.05969	4e-05	0.18358	0.02357	0.14635	0.01704	0.12032	
0.02429	0.00608	0.00559	0.0145	0.17271	0.52853	0.00664	0.00558	0.00014	0.0	0.00793	0.00014	0.00664	0.00014	0.00968	0.09714	0.00641	0.00014	0.00559	0.01114	0.02179	0.0	0.00559	0.00014	0.01345	0.00014	0.01576	0.0	0.01008	0.00649	0.01681	0.0172	0.02349	0.01846	0.00641	0.01936	0.16092	0.01034	0.00037	0.00649	0.00429	0.00641	0.03498	0.00745	0.00014	0.00014	0.00014	0.00014	0.00014	0.00014	0.0	0.0	0.017	0.21655	0.00836	0.00635	0.00014	0.00014	0.01749	0.13774	0.00014	0.00559	0.99964	0.01299	0.00664	0.01167	0.00544	0.00801	0.0	0.00756	0.0	0.0	0.01473	0.00749	0.00014	0.01389	0.00649	0.01263	0.00014	0.00544	0.0	0.00944	0.00887	0.0	0.34053	0.0	0.00014	0.35334	0.00649	0.0	0.0106	0.0142	0.0	0.00014	0.00599	0.00649	0.00362	0.01837	0.05809	0.01722	0.00844	0.01146	0.00591	0.0	0.01037	0.00997	0.01067	0.01099	0.0	0.00796	0.0	0.01301	0.01447	0.00634	0.0	0.0	0.0	0.00773	0.52246	0.0113	0.01269	0.01819	0.0133	0.01246	0.00014	0.22105	0.00014	0.009	0.01136	0.00755	0.00651	0.01396	0.01199	0.01138	0.00014	0.00716	0.00591	0.00785	0.4729	0.00798	0.0098	0.27467	0.0033	0.0125	0.00014	0.01911	0.00635	0.01204	0.01606	0.01769	
0.05463	0.00564	0.99961	0.10924	0.01202	0.00727	0.00619	0.00522	0.00016	0.0	0.00732	0.00016	0.00619	0.00016	0.00894	0.01329	0.00597	0.00016	0.99961	0.0102	0.01988	0.00559	0.0	0.00016	0.01234	0.00016	0.01443	0.0	0.00921	0.00605	0.01526	0.01573	0.02127	0.01687	0.00597	0.01769	0.01338	0.00955	0.00038	0.00605	0.00404	0.00594	0.03168	0.00689	0.00016	0.00016	0.00016	0.00016	0.00016	0.00016	0.0	0.0	0.0155	0.01064	0.00771	0.00592	0.00016	0.00016	0.01594	0.12436	0.00016	0.99961	0.00559	0.01186	0.00619	0.01068	0.00509	0.00743	0.0	0.00698	0.0	0.0	0.01343	0.00696	0.00016	0.01274	0.00605	0.0115	0.00016	0.00509	0.0	0.00868	0.00822	0.0	0.00849	0.0	0.00016	0.31376	0.00605	0.0	0.00968	0.01302	0.0	0.00016	0.99979	0.00605	0.00342	0.01678	0.01816	0.01564	0.00777	0.01045	0.00553	0.0	0.00952	0.0092	0.2722	0.01007	0.0	0.00738	0.0	0.01186	0.01316	0.00591	0.0	0.0	0.0	0.00718	0.48288	0.01035	0.01156	0.01652	0.01212	0.01145	0.00016	0.01052	0.00016	0.00832	0.01045	0.00701	0.62711	0.01271	0.01093	0.01043	0.00016	0.00662	0.00553	0.00724	0.0079	0.00736	0.00905	0.0087	0.00313	0.01149	0.00016	0.01745	0.00592	0.011	0.01466	0.09952	
0.0	7e-05	0.00016	4e-05	6e-05	4e-05	0.00013	0.00016	0.0	0.0	5e-05	0.0	0.00013	0.0	0.00012	1e-05	0.00013	0.0	0.00016	3e-05	4e-05	0.00014	0.00016	0.0	6e-05	0.0	5e-05	0.0	1e-05	0.00013	0.0	5e-05	0.0	4e-05	0.00013	5e-05	6e-05	8e-05	0.0	0.00013	0.00021	7e-05	2e-05	5e-05	0.0	0.0	0.0	0.0	0.0	0.0	0.0	0.0	2e-05	7e-05	0.00013	0.00013	0.0	0.0	7e-05	5e-05	0.0	0.00016	0.00014	2e-05	0.00013	3e-05	0.00016	0.0001	0.0	5e-05	0.0	0.0	2e-05	0.0002	0.0	6e-05	0.00013	2e-05	0.0	0.00016	0.0	4e-05	0.00014	0.0	0.00013	0.0	0.0	9e-05	0.00013	0.0	1e-05	6e-05	0.0	0.0	0.00016	0.00013	0.00026	4e-05	0.0	1e-05	4e-05	1e-05	0.00033	0.0	3e-05	8e-05	1e-05	3e-05	0.0	0.0001	0.0	1e-05	0.0	0.00013	0.0	0.0	0.0	0.00011	4e-05	3e-05	1e-05	0.0	0.0	6e-05	0.0	7e-05	0.0	9e-05	7e-05	0.00011	0.00013	0.0	1e-05	3e-05	0.0	6e-05	0.00033	0.00014	4e-05	5e-05	8e-05	4e-05	0.00029	9e-05	0.0	4e-05	0.00013	2e-05	2e-05	0.0	
0.00764	0.01458	0.01234	0.05916	0.03603	0.02051	0.19424	0.01231	6e-05	0.0	0.02028	6e-05	0.19424	6e-05	0.06216	0.02111	0.01464	6e-05	0.01234	0.03184	0.00015	0.01345	0.01234	6e-05	0.0	6e-05	0.04512	0.0	0.02934	0.01489	0.02826	0.00339	0.02532	0.00065	0.01464	0.00049	0.00936	0.03956	0.00045	0.01489	0.00888	0.01555	0.02236	0.01896	6e-05	6e-05	6e-05	6e-05	6e-05	6e-05	0.0	0.0	0.05155	0.1297	0.02198	0.01447	6e-05	6e-05	0.01009	0.01237	6e-05	0.01234	0.01345	0.11695	0.19424	0.03369	0.01192	0.01944	0.0	0.01931	0.0	0.0	0.01182	0.01772	6e-05	0.03871	0.01489	0.02702	6e-05	0.01192	0.0	0.02529	0.02206	0.0	0.02302	0.0	6e-05	0.02248	0.01489	0.0	0.03137	0.01566	0.0	6e-05	0.01334	0.01489	0.00721	0.01755	0.01935	0.09987	0.13327	0.12582	0.01302	0.0	0.02878	0.02565	0.03163	0.03132	0.0	0.07281	0.0	0.03977	0.04294	0.01444	0.0	0.0	0.0	0.01859	0.02074	0.02676	0.03919	0.0135	0.02123	0.02678	6e-05	0.0364	6e-05	0.02666	0.0302	0.04657	0.01493	0.03312	0.03655	0.02549	6e-05	0.01791	0.01302	0.0202	0.15461	0.10921	0.0251	0.02589	0.00647	0.03397	6e-05	0.05671	0.01447	0.03531	0.00639	0.01791	
0.0	7e-05	0.00016	4e-05	6e-05	4e-05	0.00013	0.00016	0.0	0.0	5e-05	0.0	0.00013	0.0	0.00012	1e-05	0.00013	0.0	0.00016	3e-05	4e-05	0.00014	0.00016	0.0	6e-05	0.0	5e-05	0.0	1e-05	0.00013	0.0	5e-05	0.0	4e-05	0.00013	5e-05	6e-05	8e-05	0.0	0.00013	0.00021	7e-05	2e-05	5e-05	0.0	0.0	0.0	0.0	0.0	0.0	0.0	0.0	2e-05	7e-05	0.00013	0.00013	0.0	0.0	7e-05	5e-05	0.0	0.00016	0.00014	2e-05	0.00013	3e-05	0.00016	0.0001	0.0	5e-05	0.0	0.0	2e-05	0.0002	0.0	6e-05	0.00013	2e-05	0.0	0.00016	0.0	4e-05	0.00014	0.0	0.00013	0.0	0.0	9e-05	0.00013	0.0	1e-05	6e-05	0.0	0.0	0.00016	0.00013	0.00026	4e-05	0.0	1e-05	4e-05	1e-05	0.00033	0.0	3e-05	8e-05	1e-05	3e-05	0.0	0.0001	0.0	1e-05	0.0	0.00013	0.0	0.0	0.0	0.00011	4e-05	3e-05	1e-05	0.0	0.0	6e-05	0.0	7e-05	0.0	9e-05	7e-05	0.00011	0.00013	0.0	1e-05	3e-05	0.0	6e-05	0.00033	0.00014	4e-05	5e-05	8e-05	4e-05	0.00029	9e-05	0.0	4e-05	0.00013	2e-05	2e-05	0.0	
0.03751	0.01724	0.01443	0.05482	0.04362	0.02455	0.01804	0.01439	5e-05	0.0	0.0243	5e-05	0.01804	5e-05	0.02944	0.05637	0.0172	5e-05	0.01443	0.44082	0.389	0.01576	0.01443	5e-05	0.04512	5e-05	0.0	0.0	0.03583	0.14239	0.27412	0.69075	0.22807	0.5643	0.0172	0.60866	0.04967	0.03193	0.00055	0.14239	0.01029	0.01841	0.22357	0.12193	5e-05	5e-05	5e-05	5e-05	5e-05	5e-05	0.0	0.0	0.56658	0.03717	0.02637	0.017	5e-05	5e-05	0.06698	0.05148	5e-05	0.01443	0.01576	0.11617	0.01804	0.04112	0.01392	0.06824	0.0	0.12132	0.0	0.0	0.05193	0.02093	5e-05	0.08707	0.14239	0.10596	5e-05	0.01392	0.0	0.03962	0.02625	0.0	0.02743	0.0	5e-05	0.02677	0.14239	0.0	0.03843	0.00526	0.0	5e-05	0.01568	0.14239	0.00832	0.16438	0.28242	0.04997	0.02691	0.2	0.01523	0.0	0.0323	0.03258	0.10425	0.22752	0.0	0.02284	0.0	0.10771	0.05651	0.13717	0.0	0.0	0.0	0.02201	0.02484	0.03872	0.02871	0.41008	0.22067	0.01212	5e-05	0.03665	5e-05	0.04174	0.03634	0.02131	0.01755	0.25929	0.1195	0.03898	5e-05	0.12399	0.01523	0.02415	0.02755	0.11909	0.28408	0.03126	0.00745	0.12777	5e-05	0.5179	0.017	0.21456	0.00554	0.07133	
0.0	0.0	0.0	0.0	0.0	0.0	0.0	0.0	0.0	0.0	0.0	0.0	0.0	0.0	0.0	0.0	0.0	0.0	0.0	0.0	0.0	0.0	0.0	0.0	0.0	0.0	0.0	0.0	0.0	0.0	0.0	0.0	0.0	0.0	0.0	0.0	0.0	0.0	0.0	0.0	0.0	0.0	0.0	0.0	0.0	0.0	0.0	0.0	0.0	0.0	0.0	0.0	0.0	0.0	0.0	0.0	0.0	0.0	0.0	0.0	0.0	0.0	0.0	0.0	0.0	0.0	0.0	0.0	0.0	0.0	0.0	0.0	0.0	0.0	0.0	0.0	0.0	0.0	0.0	0.0	0.0	0.0	0.0	0.0	0.0	0.0	0.0	0.0	0.0	0.0	0.0	0.0	0.0	0.0	0.0	0.0	0.0	0.0	0.0	0.0	0.0	0.0	0.0	0.0	0.0	0.0	0.0	0.0	0.0	0.0	0.0	0.0	0.0	0.0	0.0	0.0	0.0	0.0	0.0	0.0	0.0	0.0	0.0	0.0	0.0	0.0	0.0	0.0	0.0	0.0	0.0	0.0	0.0	0.0	0.0	0.0	0.0	0.0	0.0	0.0	0.0	0.0	0.0	0.0	0.0	0.0	0.0	0.0	0.0	0.0	
0.05793	0.01111	0.00921	0.11418	0.12196	0.15715	0.01157	0.00918	1e-05	0.0	0.01562	1e-05	0.01157	1e-05	0.01906	0.20133	0.34505	1e-05	0.00921	0.02542	0.05297	0.01008	0.00921	1e-05	0.02934	1e-05	0.03583	0.0	0.0	0.01122	0.04561	0.03992	0.09558	0.04351	0.34505	0.04549	0.12309	0.18192	0.00028	0.01122	0.00653	0.01188	0.09133	0.01467	1e-05	1e-05	1e-05	1e-05	1e-05	1e-05	0.0	0.0	0.02663	0.02414	0.01719	0.01088	1e-05	1e-05	0.14794	0.03349	1e-05	0.00921	0.01008	0.11843	0.01157	0.10975	0.00888	0.01485	0.0	0.01496	0.0	0.0	0.03643	0.01347	1e-05	0.03057	0.01122	0.03191	1e-05	0.00888	0.0	0.01984	0.01696	0.0	0.01774	0.0	1e-05	0.01729	0.01122	0.0	0.36836	0.03144	0.0	1e-05	0.00992	0.01122	0.00525	0.04323	0.21474	0.18952	0.01754	0.14908	0.00975	0.0	0.35317	0.17445	0.02557	0.239	0.0	0.01471	0.0	0.04947	0.03964	0.01086	0.0	0.0	0.0	0.42874	0.01615	0.10311	0.17618	0.15514	0.03325	0.0266	1e-05	0.02379	1e-05	0.01734	0.14904	0.05537	0.01125	0.04418	0.02979	0.0255	1e-05	0.01379	0.00975	0.15799	0.01796	0.01621	0.01942	0.10791	0.00469	0.02668	1e-05	0.02585	0.01088	0.04794	0.0391	0.09923	
0.02739	0.00664	0.00605	0.0162	0.0145	0.00869	0.00723	0.00604	0.00013	0.0	0.00871	0.00013	0.00723	0.00013	0.01064	0.01635	0.00696	0.00013	0.00605	0.22087	0.08671	0.00649	0.00605	0.00013	0.01489	0.00013	0.14239	0.0	0.01122	0.0	0.0978	0.12347	0.09552	0.11055	0.00696	0.11449	0.01616	0.01137	0.00037	0.00706	0.00461	0.00701	0.12875	0.00819	0.00013	0.00013	0.00013	0.00013	0.00013	0.00013	0.0	0.0	0.10393	0.01276	0.00922	0.00689	0.00013	0.00013	0.01956	0.01657	0.00013	0.00605	0.00649	0.01447	0.00723	0.01298	0.00588	0.53082	0.0	0.00831	0.0	0.0	0.01646	0.00816	0.00013	0.01539	0.99967	0.26697	0.00013	0.00588	0.0	0.01042	0.00973	0.0	0.01007	0.0	0.00013	0.00985	0.00706	0.0	0.01182	0.01574	0.0	0.00013	0.00648	0.99967	0.00386	0.11146	0.06588	0.08169	0.00931	0.01279	0.00639	0.0	0.0115	0.33032	0.0119	0.01221	0.0	0.0087	0.0	0.13713	0.01621	0.00688	0.0	0.0	0.0	0.00845	0.00877	0.01254	0.14436	0.07839	0.13127	0.01378	0.00013	0.01262	0.00013	0.00987	0.01253	0.00824	0.00707	0.16239	0.2845	0.01263	0.00013	0.00785	0.00639	0.00863	0.00948	0.00879	0.01077	0.01049	0.00352	0.01382	0.00013	0.10495	0.00689	0.01341	0.01792	0.08437	
0.17203	0.01907	0.01526	0.07391	0.03303	0.0286	0.10167	0.01521	0.0	0.0	0.02804	0.0	0.10167	0.0	0.04689	0.04893	0.01853	0.0	0.01526	0.21785	0.10085	0.01681	0.01526	0.0	0.02826	0.0	0.27412	0.0	0.04561	0.0978	0.0	0.19214	0.17681	0.15546	0.01853	0.31748	0.06119	0.03699	0.00052	0.11058	0.01055	0.08252	0.10494	0.09321	0.0	0.0	0.0	0.0	0.0	0.0	0.0	0.0	0.17449	0.03046	0.03105	0.01828	0.0	0.0	0.02306	0.03439	0.0	0.01526	0.01681	0.13227	0.10167	0.05196	0.08258	0.05935	0.0	0.19119	0.0	0.0	0.12725	0.02304	0.0	0.10322	0.0978	0.12981	0.0	0.08258	0.0	0.19961	0.02974	0.0	0.03126	0.0	0.0	0.03041	0.11058	0.0	0.04961	0.03869	0.0	0.0	0.02067	0.0978	0.00839	0.13653	0.34148	0.15722	0.03182	0.2874	0.01617	0.0	0.04487	0.04178	0.10016	0.19425	0.0	0.02543	0.0	0.12097	0.07547	0.09395	0.0	0.0	0.0	0.02439	0.02899	0.04798	0.0522	0.26289	0.1949	0.2053	0.0	0.03802	0.0	0.1052	0.04303	0.0405	0.01895	0.23959	0.12732	0.04827	0.0	0.19314	0.01617	0.02804	0.10138	0.26453	0.21199	0.09036	0.00745	0.13652	0.0	0.14143	0.01828	0.19204	0.11014	0.11202	
0.04438	0.0189	0.01573	0.06148	0.04841	0.02708	0.01973	0.01569	5e-05	0.0	0.02681	5e-05	0.01973	5e-05	0.03244	0.06333	0.0188	5e-05	0.01573	0.36461	0.26002	0.0172	0.01573	5e-05	0.00339	5e-05	0.69075	0.0	0.03992	0.12347	0.19214	0.0	0.16333	0.38801	0.0188	0.41712	0.0553	0.03527	0.00059	0.12347	0.01118	0.0202	0.22221	0.1085	5e-05	5e-05	5e-05	5e-05	5e-05	5e-05	0.0	0.0	0.40212	0.04113	0.02912	0.01857	5e-05	5e-05	0.07529	0.05731	5e-05	0.01573	0.0172	0.11048	0.01973	0.0458	0.01518	0.0565	0.0	0.10813	0.0	0.0	0.068	0.02293	5e-05	0.06858	0.12347	0.10238	5e-05	0.01518	0.0	0.03291	0.02887	0.0	0.03019	0.0	5e-05	0.02945	0.12347	0.0	0.04288	0.00251	0.0	5e-05	0.01714	0.12347	0.00902	0.22223	0.20373	0.04302	0.02973	0.17866	0.01661	0.0	0.02717	0.02498	0.09847	0.19979	0.0	0.02507	0.0	0.09309	0.06356	0.119	0.0	0.0	0.0	0.02414	0.0274	0.04304	0.02589	0.30088	0.18193	0.00772	5e-05	0.04054	5e-05	0.03311	0.04019	0.02336	0.01919	0.22283	0.10376	0.04332	5e-05	0.10979	0.01661	0.02663	0.03045	0.10685	0.24199	0.03463	0.00806	0.10392	5e-05	0.35452	0.01857	0.19066	0.00571	0.05434	
0.08104	0.0393	0.02127	0.05928	0.048	0.04088	0.02741	0.02119	0.0	0.0	0.04052	0.0	0.02741	0.0	0.04844	0.12306	0.05427	0.0	0.02127	0.22846	0.24972	0.02349	0.02127	0.0	0.02532	0.0	0.22807	0.0	0.09558	0.09552	0.17681	0.16333	0.0	0.22523	0.05427	0.14366	0.04242	0.10514	0.00076	0.18306	0.01459	0.02892	0.18788	0.07903	0.0	0.0	0.0	0.0	0.0	0.0	0.0	0.0	0.21405	0.0195	0.04453	0.0256	0.0	0.0	0.02968	0.09499	0.0	0.02127	0.02349	0.15258	0.02741	0.0911	0.02043	0.06496	0.0	0.11265	0.0	0.0	0.08406	0.03247	0.0	0.01841	0.09552	0.10482	0.0	0.02043	0.0	0.05958	0.0423	0.0	0.04456	0.0	0.0	0.04331	0.18306	0.0	0.08785	0.12563	0.0	0.0	0.02362	0.09552	0.01156	0.13062	0.12192	0.11502	0.0654	0.13635	0.02255	0.0	0.15012	0.08133	0.06701	0.12226	0.0	0.07672	0.0	0.0631	0.05916	0.05337	0.0	0.0	0.0	0.0114	0.04146	0.06052	0.09626	0.14302	0.21777	0.12285	0.0	0.06292	0.0	0.02114	0.03337	0.0113	0.02656	0.14235	0.17847	0.05767	0.0	0.09485	0.02255	0.04003	0.04702	0.09901	0.07858	0.04665	0.01025	0.12972	0.0	0.22804	0.0256	0.07499	0.03649	0.22571	
0.0201	0.02034	0.01687	0.06736	0.05261	0.02929	0.02121	0.01682	4e-05	0.0	0.02901	4e-05	0.02121	4e-05	0.03506	0.06949	0.0202	4e-05	0.01687	0.31736	0.55916	0.01846	0.01687	4e-05	0.00065	4e-05	0.5643	0.0	0.04351	0.11055	0.15546	0.38801	0.22523	0.0	0.0202	0.33598	0.00055	0.01417	0.00063	0.11055	0.01195	0.02176	0.2243	0.09929	4e-05	4e-05	4e-05	4e-05	4e-05	4e-05	0.0	0.0	0.33074	0.00466	0.03152	0.01995	4e-05	4e-05	0.08266	0.06244	4e-05	0.01687	0.01846	0.10704	0.02121	0.04991	0.01627	0.04846	0.0	0.0991	0.0	0.0	0.03378	0.02468	4e-05	0.05633	0.11055	0.10048	4e-05	0.01627	0.0	0.02844	0.03116	0.0	0.0326	0.0	4e-05	0.03179	0.11055	0.0	0.04679	0.00108	0.0	4e-05	0.01842	0.11055	0.00963	0.28422	0.16904	0.10315	0.09273	0.16437	0.01782	0.0	0.02388	0.01989	0.09483	0.18121	0.0	0.0349	0.0	0.08346	0.06979	0.10658	0.0	0.0	0.0	0.026	0.02964	0.01326	0.09262	0.25244	0.4057	0.00501	4e-05	0.04395	4e-05	0.02727	0.04357	0.02515	0.02062	0.20051	0.09328	0.01222	4e-05	0.10004	0.01782	0.02878	0.03299	0.09848	0.21417	0.03758	0.0086	0.08805	4e-05	0.28446	0.01995	0.17469	0.02749	0.14286	
0.02685	0.00654	0.00597	0.13608	0.01425	0.00855	0.00713	0.00596	0.00013	0.0	0.00858	0.00013	0.00713	0.00013	0.01047	0.26132	0.99967	0.00013	0.00597	0.01217	0.02387	0.00641	0.00597	0.00013	0.01464	0.00013	0.0172	0.0	0.34505	0.00696	0.01853	0.0188	0.05427	0.0202	0.0	0.02117	0.1788	0.34357	0.00037	0.00696	0.00455	0.00691	0.03865	0.00807	0.00013	0.00013	0.00013	0.00013	0.00013	0.00013	0.0	0.0	0.01863	0.01255	0.00907	0.0068	0.00013	0.00013	0.09334	0.01628	0.00013	0.00597	0.00641	0.15546	0.00713	0.01275	0.00581	0.00863	0.0	0.00818	0.0	0.0	0.01615	0.00805	0.00013	0.01513	0.00696	0.01387	0.00013	0.00581	0.0	0.01025	0.00958	0.0	0.00991	0.0	0.00013	0.0097	0.00696	0.0	0.32102	0.01547	0.0	0.00013	0.0064	0.00696	0.00382	0.02009	0.1283	0.22158	0.00916	0.01256	0.00631	0.0	0.24601	0.32248	0.01169	0.38608	0.0	0.00857	0.0	0.01428	0.0159	0.00679	0.0	0.0	0.0	0.00833	0.00862	0.01232	0.01392	0.17253	0.01459	0.01355	0.00013	0.01241	0.00013	0.00972	0.24996	0.00812	0.00697	0.01533	0.01315	0.01241	0.00013	0.00773	0.00631	0.0085	0.00933	0.00865	0.01061	0.01031	0.00349	0.01359	0.00013	0.02091	0.0068	0.01317	0.0176	0.01951	
0.02124	0.02129	0.01769	0.06944	0.05532	0.03063	0.02223	0.01764	5e-05	0.0	0.02768	5e-05	0.02223	5e-05	0.03599	0.07316	0.02117	5e-05	0.01769	0.33235	0.22017	0.01936	0.01769	5e-05	0.00049	5e-05	0.60866	0.0	0.04549	0.11449	0.31748	0.41712	0.14366	0.33598	0.02117	0.0	0.05777	0.03655	5e-05	0.11449	0.01254	0.02279	0.22053	0.1025	5e-05	5e-05	5e-05	5e-05	5e-05	5e-05	0.0	0.0	0.35349	0.00069	0.07791	0.02091	5e-05	5e-05	0.12276	0.06577	5e-05	0.01769	0.01936	0.07353	0.02223	0.05232	0.01708	0.04997	0.0	0.10231	0.0	0.0	0.03491	0.03847	5e-05	0.05837	0.11449	0.11352	5e-05	0.01708	0.0	0.02929	0.03512	0.0	0.03529	0.0	5e-05	0.03333	0.11449	0.0	0.04895	0.00122	0.0	5e-05	0.01943	0.11449	0.01011	0.10787	0.17917	0.06136	0.03368	0.16965	0.07629	0.0	0.02458	0.02045	0.09769	0.18756	0.0	0.02831	0.0	0.08602	0.03481	0.11037	0.0	0.0	0.0	0.02725	0.031	0.04908	0.02761	0.62986	0.16378	0.00521	5e-05	0.04613	5e-05	0.19251	0.04572	0.02088	0.02161	0.23113	0.0961	0.0494	5e-05	0.10333	0.07629	0.07649	0.0345	0.17739	0.22292	0.03934	0.00903	0.23584	5e-05	0.30571	0.02091	0.18064	0.00717	0.06439	
0.09585	0.01581	0.01338	0.03576	0.01005	0.13262	0.01664	0.01334	6e-05	0.0	0.02025	6e-05	0.01664	6e-05	0.03244	0.10592	0.1788	6e-05	0.01338	0.03479	0.00098	0.16092	0.01338	6e-05	0.00936	6e-05	0.04967	0.0	0.12309	0.01616	0.06119	0.0553	0.04242	0.00055	0.1788	0.05777	0.0	0.36842	6e-05	0.01616	0.00961	0.01689	0.03656	0.02059	6e-05	6e-05	6e-05	6e-05	6e-05	6e-05	0.0	0.0	0.05699	0.16516	0.08135	0.0157	6e-05	6e-05	0.04441	0.00434	6e-05	0.01338	0.16092	0.02526	0.01664	0.03686	0.01294	0.02113	0.0	0.02101	0.0	0.0	0.04947	0.04159	6e-05	0.04247	0.01616	0.04438	6e-05	0.01294	0.0	0.02759	0.03362	0.0	0.18198	0.0	6e-05	0.04609	0.01616	0.0	0.12034	0.04363	0.0	6e-05	0.01456	0.01616	0.07841	0.00059	0.03634	0.10512	0.13142	0.03763	0.09369	0.0	0.04493	0.04484	0.03456	0.13221	0.0	0.06951	0.0	0.04367	0.05016	0.01567	0.0	0.0	0.0	0.0202	0.13217	0.02528	0.02767	0.08407	0.02106	0.03708	6e-05	0.01921	6e-05	0.02452	0.02848	0.01957	0.00048	0.04803	0.04007	0.02401	6e-05	0.01947	0.09369	0.08184	0.12848	0.02264	0.02736	0.05432	0.007	0.03551	6e-05	0.06283	0.0157	0.03868	0.00623	0.02873	
0.05601	0.01094	0.00955	0.06678	0.02583	0.01495	0.01169	0.00952	8e-05	0.0	0.01367	8e-05	0.01169	8e-05	0.03117	0.15496	0.34357	8e-05	0.00955	0.02242	0.00718	0.01034	0.00955	8e-05	0.03956	8e-05	0.03193	0.0	0.18192	0.01137	0.03699	0.03527	0.10514	0.01417	0.34357	0.03655	0.36842	0.0	8e-05	0.01137	0.00702	0.01165	0.01117	0.01393	8e-05	8e-05	8e-05	8e-05	8e-05	8e-05	0.0	0.0	0.03569	0.05985	0.09239	0.01107	8e-05	8e-05	0.0729	0.02999	8e-05	0.00955	0.01034	0.05458	0.01169	0.02364	0.00928	0.01455	0.0	0.0142	0.0	0.0	0.03096	0.0499	8e-05	0.02763	0.01137	0.03205	8e-05	0.00928	0.0	0.01829	0.03494	0.0	0.03327	0.0	8e-05	0.01664	0.01137	0.0	0.17352	0.02832	0.0	8e-05	0.01033	0.01137	0.00577	0.01446	0.07592	0.23045	0.21236	0.02375	0.13088	0.0	0.09355	0.10888	0.02193	0.19827	0.0	0.1488	0.0	0.0273	0.03094	0.01105	0.0	0.0	0.0	0.01397	0.0151	0.05885	0.04678	0.1004	0.03836	0.02439	8e-05	0.02206	8e-05	0.01668	0.07927	0.01357	0.0114	0.02972	0.02509	0.05728	8e-05	0.01327	0.13088	0.0957	0.01654	0.01518	0.01846	0.01855	0.00521	0.02787	8e-05	0.0397	0.01107	0.02465	0.02096	0.03011	
0.00082	0.00027	0.00038	0.01694	0.00048	0.00028	0.00037	0.00038	0.0	0.0	5e-05	0.0	0.00037	0.0	0.04887	0.0004	0.00037	0.0	0.00038	0.00034	0.00073	0.00037	0.00038	0.0	0.00045	0.0	0.00055	0.0	0.00028	0.00037	0.00052	0.00059	0.00076	0.00063	0.00037	5e-05	6e-05	8e-05	0.0	0.00037	0.00041	0.00034	0.00129	0.00028	0.0	0.0	0.0	0.0	0.0	0.0	0.0	0.0	0.00054	0.00041	0.20954	0.00037	0.0	0.0	0.07713	0.00049	0.0	0.00038	0.00037	0.00038	0.00037	0.00035	0.00047	0.00037	0.0	0.00034	0.0	0.0	0.00049	0.18462	0.0	0.00051	0.00037	0.01376	0.0	0.00047	0.0	0.00041	0.07229	0.0	0.0619	0.0	0.0	0.00038	0.00037	0.0	0.00029	0.00047	0.0	0.0	0.00041	0.00037	0.00045	0.00062	0.00061	0.00406	0.00029	0.00035	0.0	0.0	0.00033	0.00039	0.00029	0.00037	0.0	0.00037	0.0	0.00036	0.00042	0.00037	0.0	0.0	0.0	0.00037	0.00028	0.00035	0.00035	0.00055	0.0004	0.00047	0.0	0.00041	0.0	0.00038	0.00041	0.00037	0.00037	0.00041	0.00033	0.00035	0.0	0.00035	0.0	0.24832	0.00029	0.00034	0.00045	0.00034	0.00047	0.01814	0.0	0.00065	0.00037	0.00039	0.00051	0.00053	
