0.0	1e-05	0.07855	0.01202	1e-05	0.06081	1e-05	1e-05	0.00176	1e-05	1e-05	0.04971	1e-05	1e-05	0.01033	0.01404	1e-05	0.04752	0.08558	0.5096	0.02329	0.00831	0.02055	0.00879	0.04282	0.07698	0.19162	0.06445	0.0421	0.0421	0.03895	0.10663	0.17313	0.03905	0.08217	0.5392	0.08611	1e-05	1e-05	0.06162	1e-05	0.04845	0.00416	0.05438	1e-05	0.04732	0.19702	1e-05	0.02875	1e-05	1e-05	0.0438	0.05485	0.03974	0.03593	0.16947	0.0	0.01127	0.07106	1e-05	1e-05	0.01737	0.0846	0.04417	0.05816	0.38018	1e-05	0.18413	0.16578	0.22236	0.05185	1e-05	1e-05	0.03187	1e-05	1e-05	0.0607	0.00557	1e-05	0.04789	0.06387	0.06349	0.08104	1e-05	0.00329	0.04572	0.01757	0.01425	0.08353	0.12217	1e-05	0.04697	1e-05	1e-05	0.01226	0.03859	1e-05	0.02356	1e-05	1e-05	0.03059	0.03859	1e-05	0.05644	1e-05	1e-05	0.0135	0.00309	0.01482	0.02505	0.00771	0.04926	0.06178	0.00843	0.00843	0.01343	
1e-05	0.0	0.0	0.0002	0.0	0.0	0.0	0.0	2e-05	0.0	0.0	0.0	0.0	0.0	2e-05	8e-05	0.0	1e-05	0.0	0.00011	0.0	1e-05	0.0	0.00026	0.0	0.0	0.0	0.0	3e-05	3e-05	0.0	0.0	0.0	0.0	0.0	0.0	0.0	0.0	0.0	0.0	0.0	2e-05	2e-05	0.0	0.0	0.0	1e-05	0.0	0.0	0.0	0.0	0.0	1e-05	1e-05	0.0	0.0	0.0	0.0001	0.0	0.0	0.0	1e-05	2e-05	2e-05	0.0	0.0	0.0	0.0	1e-05	2e-05	0.0	0.0	0.0	0.0	0.0	0.0	0.0	1e-05	0.0	0.0	1e-05	1e-05	0.0	0.0	0.00028	0.0	7e-05	0.00017	0.0	1e-05	0.0	0.0	0.0	0.0	0.0	3e-05	0.0	0.0	0.0	0.0	0.0	3e-05	0.0	0.0	0.0	0.0	0.0	0.0003	0.00031	0.0	2e-05	0.0	0.0	0.00027	0.00027	1e-05	
0.07855	0.0	0.0	0.019	0.0	0.02309	0.0	0.0	0.01624	0.0	0.0	0.03018	0.0	0.0	0.02591	0.02698	0.0	0.069	0.01398	0.08744	0.09401	0.01701	0.01782	0.00461	0.02321	0.02548	0.07443	0.11369	0.02775	0.02775	0.05155	0.02569	0.04316	0.03548	0.08107	0.0513	0.03651	0.0	0.0	0.06695	0.0	0.02174	0.04964	0.01915	0.0	0.03424	0.04994	0.0	0.01677	0.0	0.0	0.05407	0.02094	0.02815	0.01142	0.0227	0.0	0.04695	0.05435	0.0	0.0	0.00678	0.00423	0.09019	0.03362	0.04855	0.0	0.06844	0.04926	0.00919	0.06385	0.0	0.0	0.03338	0.0	0.0	0.08575	0.00499	0.0	0.02782	0.01368	0.01098	0.03725	0.0	0.00424	0.02881	0.01737	0.0075	0.03556	0.02625	0.0	0.0458	0.0	0.0	0.01233	0.07362	0.0	0.0509	0.0	0.0	0.03561	0.07362	0.0	0.06093	0.0	0.0	0.02522	0.01187	0.0054	0.04368	0.02275	0.04918	0.06048	0.00442	0.00442	0.04261	
0.01202	0.0002	0.019	0.0	0.0002	0.01146	0.0002	0.0002	0.00449	0.0002	0.0002	0.01166	0.0002	0.0002	0.00506	0.00147	0.0002	0.00228	0.00705	0.01745	0.00869	0.00397	0.0	0.00074	0.01035	0.0043	0.00552	0.01287	0.00247	0.00247	0.00748	0.00684	0.00336	0.00974	0.00494	0.00805	0.01233	0.0002	0.0002	0.00989	0.0002	0.00393	0.00507	0.00384	0.0002	0.00604	0.02584	0.0002	0.01007	0.0002	0.0002	0.00826	0.00597	0.00318	0.0079	0.01453	0.0	0.00133	0.01113	0.0002	0.0002	0.00579	0.01601	0.00229	0.01489	0.00922	0.0002	0.00885	0.01776	0.02704	0.00582	0.0002	0.0002	0.01159	0.0002	0.0002	0.00937	0.01258	0.0002	0.00493	0.01239	0.01273	0.0035	0.0002	0.0007	0.0061	0.00164	0.00095	0.00869	0.00494	0.0002	0.01263	0.0002	0.0002	0.00639	0.00236	0.0002	0.01079	0.0002	0.0002	0.01765	0.00236	0.0002	0.01466	0.0002	0.0002	0.00635	0.00068	0.00066	0.01311	0.00532	0.00408	0.00435	0.00072	0.00072	0.00477	
1e-05	0.0	0.0	0.0002	0.0	0.0	0.0	0.0	2e-05	0.0	0.0	0.0	0.0	0.0	2e-05	8e-05	0.0	1e-05	0.0	0.00011	0.0	1e-05	0.0	0.00026	0.0	0.0	0.0	0.0	3e-05	3e-05	0.0	0.0	0.0	0.0	0.0	0.0	0.0	0.0	0.0	0.0	0.0	2e-05	2e-05	0.0	0.0	0.0	1e-05	0.0	0.0	0.0	0.0	0.0	1e-05	1e-05	0.0	0.0	0.0	0.0001	0.0	0.0	0.0	1e-05	2e-05	2e-05	0.0	0.0	0.0	0.0	1e-05	2e-05	0.0	0.0	0.0	0.0	0.0	0.0	0.0	1e-05	0.0	0.0	1e-05	1e-05	0.0	0.0	0.00028	0.0	7e-05	0.00017	0.0	1e-05	0.0	0.0	0.0	0.0	0.0	3e-05	0.0	0.0	0.0	0.0	0.0	3e-05	0.0	0.0	0.0	0.0	0.0	0.0003	0.00031	0.0	2e-05	0.0	0.0	0.00027	0.00027	1e-05	
0.06081	0.0	0.02309	0.01146	0.0	0.0	0.0	0.0	0.01168	0.0	0.0	0.05385	0.0	0.0	0.06175	0.04197	0.0	0.05771	0.06078	0.27252	0.04051	0.03056	0.02265	0.00835	0.02281	0.06553	0.04561	0.0631	0.01339	0.01339	0.02796	0.07359	0.09702	0.06439	0.04619	0.05797	0.03929	0.0	0.0	0.05063	0.0	0.05674	0.03588	0.03592	0.0	0.08345	0.09374	0.0	0.06612	0.0	0.0	0.07035	0.01719	0.04938	0.03344	0.17124	0.0	0.02729	0.15564	0.0	0.0	0.05006	0.16828	0.03694	0.04393	0.05759	0.0	0.02407	0.16212	0.12067	0.04708	0.0	0.0	0.04521	0.0	0.0	0.04056	0.01512	0.0	0.07276	0.12673	0.13044	0.07526	0.0	0.00357	0.01852	0.02128	0.00631	0.08889	0.05768	0.0	0.08745	0.0	0.0	0.03991	0.01923	0.0	0.09934	0.0	0.0	0.06294	0.01923	0.0	0.04038	0.0	0.0	0.02532	0.0086	0.00319	0.07033	0.00941	0.04644	0.04016	0.008	0.008	0.02403	
1e-05	0.0	0.0	0.0002	0.0	0.0	0.0	0.0	2e-05	0.0	0.0	0.0	0.0	0.0	2e-05	8e-05	0.0	1e-05	0.0	0.00011	0.0	1e-05	0.0	0.00026	0.0	0.0	0.0	0.0	3e-05	3e-05	0.0	0.0	0.0	0.0	0.0	0.0	0.0	0.0	0.0	0.0	0.0	2e-05	2e-05	0.0	0.0	0.0	1e-05	0.0	0.0	0.0	0.0	0.0	1e-05	1e-05	0.0	0.0	0.0	0.0001	0.0	0.0	0.0	1e-05	2e-05	2e-05	0.0	0.0	0.0	0.0	1e-05	2e-05	0.0	0.0	0.0	0.0	0.0	0.0	0.0	1e-05	0.0	0.0	1e-05	1e-05	0.0	0.0	0.00028	0.0	7e-05	0.00017	0.0	1e-05	0.0	0.0	0.0	0.0	0.0	3e-05	0.0	0.0	0.0	0.0	0.0	3e-05	0.0	0.0	0.0	0.0	0.0	0.0003	0.00031	0.0	2e-05	0.0	0.0	0.00027	0.00027	1e-05	
1e-05	0.0	0.0	0.0002	0.0	0.0	0.0	0.0	2e-05	0.0	0.0	0.0	0.0	0.0	2e-05	8e-05	0.0	1e-05	0.0	0.00011	0.0	1e-05	0.0	0.00026	0.0	0.0	0.0	0.0	3e-05	3e-05	0.0	0.0	0.0	0.0	0.0	0.0	0.0	0.0	0.0	0.0	0.0	2e-05	2e-05	0.0	0.0	0.0	1e-05	0.0	0.0	0.0	0.0	0.0	1e-05	1e-05	0.0	0.0	0.0	0.0001	0.0	0.0	0.0	1e-05	2e-05	2e-05	0.0	0.0	0.0	0.0	1e-05	2e-05	0.0	0.0	0.0	0.0	0.0	0.0	0.0	1e-05	0.0	0.0	1e-05	1e-05	0.0	0.0	0.00028	0.0	7e-05	0.00017	0.0	1e-05	0.0	0.0	0.0	0.0	0.0	3e-05	0.0	0.0	0.0	0.0	0.0	3e-05	0.0	0.0	0.0	0.0	0.0	0.0003	0.00031	0.0	2e-05	0.0	0.0	0.00027	0.00027	1e-05	
0.00176	2e-05	0.01624	0.00449	2e-05	0.01168	2e-05	2e-05	0.0	2e-05	2e-05	0.02976	2e-05	2e-05	0.0421	0.01245	2e-05	0.03795	0.02831	0.0655	0.02018	0.00788	0.01324	0.01451	0.00772	0.00863	0.00952	0.02477	0.00649	0.00649	0.02621	0.00023	0.01433	0.01339	0.06167	0.00149	0.03292	2e-05	2e-05	0.00945	2e-05	0.00645	0.0573	0.00383	2e-05	0.02605	0.01885	2e-05	0.0379	2e-05	2e-05	0.00739	0.01751	0.00593	0.00563	0.01553	0.0	0.01011	0.04217	2e-05	2e-05	0.00432	0.00952	0.03575	0.00577	0.01049	2e-05	0.05638	0.01891	0.01347	0.02136	2e-05	2e-05	0.07114	2e-05	2e-05	0.00393	0.0019	2e-05	0.01631	0.03722	0.03153	0.00339	2e-05	0.00306	0.01046	0.01541	0.00529	0.03362	0.00972	2e-05	0.01697	2e-05	2e-05	0.00234	0.03207	2e-05	0.00453	2e-05	2e-05	0.01913	0.03207	2e-05	0.01282	2e-05	2e-05	0.0086	0.00288	0.00274	0.03788	0.00699	0.00748	0.02925	0.00318	0.00318	0.00188	
1e-05	0.0	0.0	0.0002	0.0	0.0	0.0	0.0	2e-05	0.0	0.0	0.0	0.0	0.0	2e-05	8e-05	0.0	1e-05	0.0	0.00011	0.0	1e-05	0.0	0.00026	0.0	0.0	0.0	0.0	3e-05	3e-05	0.0	0.0	0.0	0.0	0.0	0.0	0.0	0.0	0.0	0.0	0.0	2e-05	2e-05	0.0	0.0	0.0	1e-05	0.0	0.0	0.0	0.0	0.0	1e-05	1e-05	0.0	0.0	0.0	0.0001	0.0	0.0	0.0	1e-05	2e-05	2e-05	0.0	0.0	0.0	0.0	1e-05	2e-05	0.0	0.0	0.0	0.0	0.0	0.0	0.0	1e-05	0.0	0.0	1e-05	1e-05	0.0	0.0	0.00028	0.0	7e-05	0.00017	0.0	1e-05	0.0	0.0	0.0	0.0	0.0	3e-05	0.0	0.0	0.0	0.0	0.0	3e-05	0.0	0.0	0.0	0.0	0.0	0.0003	0.00031	0.0	2e-05	0.0	0.0	0.00027	0.00027	1e-05	
1e-05	0.0	0.0	0.0002	0.0	0.0	0.0	0.0	2e-05	0.0	0.0	0.0	0.0	0.0	2e-05	8e-05	0.0	1e-05	0.0	0.00011	0.0	1e-05	0.0	0.00026	0.0	0.0	0.0	0.0	3e-05	3e-05	0.0	0.0	0.0	0.0	0.0	0.0	0.0	0.0	0.0	0.0	0.0	2e-05	2e-05	0.0	0.0	0.0	1e-05	0.0	0.0	0.0	0.0	0.0	1e-05	1e-05	0.0	0.0	0.0	0.0001	0.0	0.0	0.0	1e-05	2e-05	2e-05	0.0	0.0	0.0	0.0	1e-05	2e-05	0.0	0.0	0.0	0.0	0.0	0.0	0.0	1e-05	0.0	0.0	1e-05	1e-05	0.0	0.0	0.00028	0.0	7e-05	0.00017	0.0	1e-05	0.0	0.0	0.0	0.0	0.0	3e-05	0.0	0.0	0.0	0.0	0.0	3e-05	0.0	0.0	0.0	0.0	0.0	0.0003	0.00031	0.0	2e-05	0.0	0.0	0.00027	0.00027	1e-05	
0.04971	0.0	0.03018	0.01166	0.0	0.05385	0.0	0.0	0.02976	0.0	0.0	0.0	0.0	0.0	0.0072	0.03113	0.0	0.03324	0.04963	0.15938	0.03989	0.05238	0.00361	0.00464	0.03616	0.04781	0.03021	0.02919	0.0366	0.0366	0.07557	0.07478	0.07281	0.0703	0.04907	0.03216	0.03164	0.0	0.0	0.02314	0.0	0.01369	0.02114	0.04326	0.0	0.04509	0.04642	0.0	0.02817	0.0	0.0	0.04152	0.03636	0.01899	0.02576	0.08116	0.0	0.0151	0.05597	0.0	0.0	0.02999	0.02087	0.04548	0.07907	0.03678	0.0	0.06495	0.09257	0.04107	0.0781	0.0	0.0	0.04926	0.0	0.0	0.04036	0.01828	0.0	0.06391	0.05924	0.0522	0.05203	0.0	0.00656	0.05217	0.01205	0.01389	0.04092	0.01757	0.0	0.0448	0.0	0.0	0.04533	0.02859	0.0	0.14363	0.0	0.0	0.06195	0.02859	0.0	0.03435	0.0	0.0	0.03932	0.00733	0.00585	0.06084	0.00162	0.06236	0.05955	0.00445	0.00445	0.01411	
1e-05	0.0	0.0	0.0002	0.0	0.0	0.0	0.0	2e-05	0.0	0.0	0.0	0.0	0.0	2e-05	8e-05	0.0	1e-05	0.0	0.00011	0.0	1e-05	0.0	0.00026	0.0	0.0	0.0	0.0	3e-05	3e-05	0.0	0.0	0.0	0.0	0.0	0.0	0.0	0.0	0.0	0.0	0.0	2e-05	2e-05	0.0	0.0	0.0	1e-05	0.0	0.0	0.0	0.0	0.0	1e-05	1e-05	0.0	0.0	0.0	0.0001	0.0	0.0	0.0	1e-05	2e-05	2e-05	0.0	0.0	0.0	0.0	1e-05	2e-05	0.0	0.0	0.0	0.0	0.0	0.0	0.0	1e-05	0.0	0.0	1e-05	1e-05	0.0	0.0	0.00028	0.0	7e-05	0.00017	0.0	1e-05	0.0	0.0	0.0	0.0	0.0	3e-05	0.0	0.0	0.0	0.0	0.0	3e-05	0.0	0.0	0.0	0.0	0.0	0.0003	0.00031	0.0	2e-05	0.0	0.0	0.00027	0.00027	1e-05	
1e-05	0.0	0.0	0.0002	0.0	0.0	0.0	0.0	2e-05	0.0	0.0	0.0	0.0	0.0	2e-05	8e-05	0.0	1e-05	0.0	0.00011	0.0	1e-05	0.0	0.00026	0.0	0.0	0.0	0.0	3e-05	3e-05	0.0	0.0	0.0	0.0	0.0	0.0	0.0	0.0	0.0	0.0	0.0	2e-05	2e-05	0.0	0.0	0.0	1e-05	0.0	0.0	0.0	0.0	0.0	1e-05	1e-05	0.0	0.0	0.0	0.0001	0.0	0.0	0.0	1e-05	2e-05	2e-05	0.0	0.0	0.0	0.0	1e-05	2e-05	0.0	0.0	0.0	0.0	0.0	0.0	0.0	1e-05	0.0	0.0	1e-05	1e-05	0.0	0.0	0.00028	0.0	7e-05	0.00017	0.0	1e-05	0.0	0.0	0.0	0.0	0.0	3e-05	0.0	0.0	0.0	0.0	0.0	3e-05	0.0	0.0	0.0	0.0	0.0	0.0003	0.00031	0.0	2e-05	0.0	0.0	0.00027	0.00027	1e-05	
0.01033	2e-05	0.02591	0.00506	2e-05	0.06175	2e-05	2e-05	0.0421	2e-05	2e-05	0.0072	2e-05	2e-05	0.0	0.04717	2e-05	0.02762	0.01029	0.0269	0.01305	0.00965	0.0148	0.00373	0.00712	0.02952	0.00447	0.05945	0.00304	0.00304	0.01319	0.00092	0.02323	0.01234	0.02468	0.0131	0.02643	2e-05	2e-05	0.02235	2e-05	0.00295	0.06437	0.02029	2e-05	0.01103	0.00373	2e-05	0.0698	2e-05	2e-05	0.03412	0.02606	0.00434	0.00133	0.02579	0.0	0.03786	0.05772	2e-05	2e-05	0.01099	0.00301	0.01312	0.00055	0.00981	2e-05	0.00152	0.01223	0.00175	0.02272	2e-05	2e-05	0.02694	2e-05	2e-05	0.02098	0.00107	2e-05	0.06097	0.01077	0.01536	0.01338	2e-05	0.00345	0.01411	0.00892	0.01938	0.01599	0.00386	2e-05	0.02106	2e-05	2e-05	0.00232	0.0076	2e-05	0.04726	2e-05	2e-05	0.00228	0.0076	2e-05	0.0072	2e-05	2e-05	0.00911	0.01043	0.00993	0.07885	2e-05	0.00137	0.05423	0.00358	0.00358	0.00192	
0.01404	8e-05	0.02698	0.00147	8e-05	0.04197	8e-05	8e-05	0.01245	8e-05	8e-05	0.03113	8e-05	8e-05	0.04717	0.0	8e-05	0.16774	0.02081	0.02296	0.04952	0.01112	0.02944	0.00116	0.01778	0.12767	0.05155	0.06137	0.00628	0.00628	0.03519	0.02558	0.07534	0.02903	0.02932	0.04594	0.06969	8e-05	8e-05	0.04745	8e-05	0.01078	0.04696	0.01107	8e-05	0.03078	0.00879	8e-05	0.02987	8e-05	8e-05	0.0247	0.02728	0.00861	0.03435	0.011	0.0	0.00272	0.03624	8e-05	8e-05	0.01632	0.01438	0.006	0.04539	0.01596	8e-05	0.04204	0.11448	0.01023	0.02739	8e-05	8e-05	0.01551	8e-05	8e-05	0.01511	0.0173	8e-05	0.08295	0.03602	0.03694	0.05753	8e-05	0.00109	0.05658	0.00365	0.00168	0.03555	0.01435	8e-05	0.05051	8e-05	8e-05	0.01904	0.00595	8e-05	0.02977	8e-05	8e-05	0.01814	0.00595	8e-05	0.04073	8e-05	8e-05	0.03952	0.00103	0.00099	0.04186	0.04379	0.08321	0.03504	0.00112	0.00112	0.04687	
1e-05	0.0	0.0	0.0002	0.0	0.0	0.0	0.0	2e-05	0.0	0.0	0.0	0.0	0.0	2e-05	8e-05	0.0	1e-05	0.0	0.00011	0.0	1e-05	0.0	0.00026	0.0	0.0	0.0	0.0	3e-05	3e-05	0.0	0.0	0.0	0.0	0.0	0.0	0.0	0.0	0.0	0.0	0.0	2e-05	2e-05	0.0	0.0	0.0	1e-05	0.0	0.0	0.0	0.0	0.0	1e-05	1e-05	0.0	0.0	0.0	0.0001	0.0	0.0	0.0	1e-05	2e-05	2e-05	0.0	0.0	0.0	0.0	1e-05	2e-05	0.0	0.0	0.0	0.0	0.0	0.0	0.0	1e-05	0.0	0.0	1e-05	1e-05	0.0	0.0	0.00028	0.0	7e-05	0.00017	0.0	1e-05	0.0	0.0	0.0	0.0	0.0	3e-05	0.0	0.0	0.0	0.0	0.0	3e-05	0.0	0.0	0.0	0.0	0.0	0.0003	0.00031	0.0	2e-05	0.0	0.0	0.00027	0.00027	1e-05	
0.04752	1e-05	0.069	0.00228	1e-05	0.05771	1e-05	1e-05	0.03795	1e-05	1e-05	0.03324	1e-05	1e-05	0.02762	0.16774	1e-05	0.0	0.07847	0.09551	0.04838	0.0921	0.04106	0.0017	0.01901	0.096	0.04818	0.06313	0.01578	0.01578	0.07292	0.09181	0.04064	0.03898	0.16664	0.19485	0.04079	1e-05	1e-05	0.04924	1e-05	0.03188	0.16412	0.02246	1e-05	0.03948	0.05133	1e-05	0.08646	1e-05	1e-05	0.0402	0.09809	0.10377	0.06594	0.0213	0.0	0.13152	0.11662	1e-05	1e-05	0.03943	0.0662	0.43128	0.0346	0.05608	1e-05	0.06675	0.05446	0.02991	0.05459	1e-05	1e-05	0.05529	1e-05	1e-05	0.05132	0.00164	1e-05	0.05717	0.12795	0.13061	0.10823	1e-05	0.00157	0.06618	0.00744	0.00268	0.07008	0.0173	1e-05	0.06504	1e-05	1e-05	0.04204	0.50848	1e-05	0.06502	1e-05	1e-05	0.03478	0.50848	1e-05	0.05116	1e-05	1e-05	0.0452	0.00148	0.00141	0.04841	0.15212	0.13982	0.03201	0.00163	0.00163	0.01478	
0.08558	0.0	0.01398	0.00705	0.0	0.06078	0.0	0.0	0.02831	0.0	0.0	0.04963	0.0	0.0	0.01029	0.02081	0.0	0.07847	0.0	0.59088	0.12844	0.04049	0.12665	0.00515	0.07264	0.09709	0.2175	0.09932	0.10265	0.10265	0.04929	0.20149	0.12455	0.09633	0.14208	0.14358	0.09526	0.0	0.0	0.04743	0.0	0.06294	0.0102	0.06399	0.0	0.11486	0.13259	0.0	0.02342	0.0	0.0	0.0409	0.13144	0.03868	0.08207	0.14691	0.0	0.01657	0.09857	0.0	0.0	0.00826	0.1057	0.08326	0.07109	0.13657	0.0	0.1165	0.12663	0.16696	0.02027	0.0	0.0	0.02434	0.0	0.0	0.06682	0.07168	0.0	0.05068	0.1093	0.11329	0.0228	0.0	0.01022	0.02417	0.00814	0.00831	0.07525	0.09303	0.0	0.10506	0.0	0.0	0.0166	0.06116	0.0	0.06476	0.0	0.0	0.06186	0.06116	0.0	0.0689	0.0	0.0	0.05199	0.00931	0.0042	0.05524	0.15371	0.20563	0.0473	0.00493	0.00493	0.02328	
0.5096	0.00011	0.08744	0.01745	0.00011	0.27252	0.00011	0.00011	0.0655	0.00011	0.00011	0.15938	0.00011	0.00011	0.0269	0.02296	0.00011	0.09551	0.59088	0.0	0.20401	0.24301	0.0	0.01282	0.19492	0.19051	0.34712	0.20277	0.11063	0.11063	0.11361	0.58908	0.25346	0.12722	0.18908	0.55288	0.31769	0.00011	0.00011	0.06819	0.00011	0.12871	0.03734	0.08769	0.00011	0.12172	0.36817	0.00011	0.14755	0.00011	0.00011	0.05712	0.15189	0.11008	0.13883	0.5027	0.0	0.01814	0.34082	0.00011	0.00011	0.12472	0.58816	0.1081	0.13977	0.34471	0.00011	0.2023	0.6856	0.6758	0.17741	0.00011	0.00011	0.11907	0.00011	0.00011	0.23768	0.07221	0.00011	0.27921	0.55258	0.55803	0.15644	0.00011	0.03318	0.12495	0.09248	0.00895	0.11916	0.17308	0.00011	0.11996	0.00011	0.00011	0.05798	0.07057	0.00011	0.10635	0.00011	0.00011	0.14738	0.07057	0.00011	0.14766	0.00011	0.00011	0.06716	0.00474	0.00451	0.09644	0.16844	0.27949	0.14103	0.01229	0.01229	0.05472	
0.02329	0.0	0.09401	0.00869	0.0	0.04051	0.0	0.0	0.02018	0.0	0.0	0.03989	0.0	0.0	0.01305	0.04952	0.0	0.04838	0.12844	0.20401	0.0	0.03637	0.13777	0.00635	0.01272	0.087	0.13384	0.10857	0.03837	0.03837	0.04818	0.06101	0.12911	0.07022	0.08943	0.03133	0.02881	0.0	0.0	0.0373	0.0	0.08655	0.00626	0.08367	0.0	0.04467	0.0561	0.0	0.03464	0.0	0.0	0.06165	0.08782	0.00714	0.03362	0.06944	0.0	0.01366	0.02424	0.0	0.0	0.04316	0.01922	0.05865	0.04804	0.04317	0.0	0.05301	0.12131	0.07367	0.03505	0.0	0.0	0.04339	0.0	0.0	0.08428	0.02704	0.0	0.05451	0.02847	0.03537	0.03361	0.0	0.00585	0.01693	0.02151	0.00691	0.05114	0.09159	0.0	0.05151	0.0	0.0	0.02339	0.04863	0.0	0.02918	0.0	0.0	0.03039	0.04863	0.0	0.04235	0.0	0.0	0.05978	0.00368	0.00351	0.02159	0.09106	0.1708	0.04802	0.00609	0.00609	0.01233	
0.00831	1e-05	0.01701	0.00397	1e-05	0.03056	1e-05	1e-05	0.00788	1e-05	1e-05	0.05238	1e-05	1e-05	0.00965	0.01112	1e-05	0.0921	0.04049	0.24301	0.03637	0.0	0.09088	0.00293	0.00774	0.03766	0.02454	0.03907	0.00216	0.00216	0.00855	0.05153	0.0299	0.05145	0.07367	0.01999	0.01949	1e-05	1e-05	0.05029	1e-05	0.00489	0.00624	0.01739	1e-05	0.00715	0.04809	1e-05	0.01399	1e-05	1e-05	0.02927	0.03934	0.05927	0.01898	0.01906	0.0	0.04515	0.01037	1e-05	1e-05	0.0092	0.01476	0.15452	0.00964	0.02736	1e-05	0.01583	0.02103	0.06136	0.04234	1e-05	1e-05	0.02042	1e-05	1e-05	0.07807	0.00764	1e-05	0.04676	0.01329	0.01233	0.01745	1e-05	0.0027	0.01369	0.01379	0.00468	0.01696	0.00862	1e-05	0.02096	1e-05	1e-05	0.01157	0.1658	1e-05	0.04018	1e-05	1e-05	0.02446	0.1658	1e-05	0.01594	1e-05	1e-05	0.02276	0.00254	0.00242	0.0188	0.02932	0.07004	0.01127	0.00281	0.00281	0.00684	
0.02055	0.0	0.01782	0.0	0.0	0.02265	0.0	0.0	0.01324	0.0	0.0	0.00361	0.0	0.0	0.0148	0.02944	0.0	0.04106	0.12665	0.0	0.13777	0.09088	0.0	0.0	0.00188	0.03298	0.05595	0.0211	0.18121	0.18121	0.00629	0.0466	0.0494	0.0323	0.02386	0.01069	0.00145	0.0	0.0	0.00354	0.0	0.02848	0.01322	0.00511	0.0	0.02411	0.48541	0.0	0.13324	0.0	0.0	0.00401	0.05234	0.01115	0.01917	0.14587	0.0	0.02762	0.02306	0.0	0.0	0.01948	0.06215	0.08451	0.0059	0.05887	0.0	0.00611	0.22946	1.9663	0.02837	0.0	0.0	0.01408	0.0	0.0	0.04192	0.01079	0.0	0.00734	0.04632	0.0768	0.00501	0.0	0.0	0.01304	0.0	0.02343	0.03612	0.04413	0.0	0.00583	0.0	0.0	0.00618	0.04405	0.0	0.00279	0.0	0.0	0.05995	0.04405	0.0	0.03959	0.0	0.0	0.01081	0.02076	0.02059	0.0425	0.07701	0.07312	0.09397	0.0	0.0	0.01269	
0.00879	0.00026	0.00461	0.00074	0.00026	0.00835	0.00026	0.00026	0.01451	0.00026	0.00026	0.00464	0.00026	0.00026	0.00373	0.00116	0.00026	0.0017	0.00515	0.01282	0.00635	0.00293	0.0	0.0	0.00769	0.00315	0.00404	0.00419	0.00186	0.00186	0.00841	0.00499	0.00246	0.007	0.00361	0.00589	0.00899	0.00026	0.00026	0.00721	0.00026	0.00291	0.00374	0.00282	0.00026	0.00712	0.01892	0.00026	0.01317	0.00026	0.00026	0.00572	0.00437	0.00236	0.00492	0.0106	0.0	0.00106	0.00811	0.00026	0.00026	0.00995	0.01177	0.00171	0.00306	0.01492	0.00026	0.00645	0.013	0.01987	0.00426	0.00026	0.00026	0.00782	0.00026	0.00026	0.00685	0.00451	0.00026	0.00361	0.00909	0.00934	0.00256	0.00026	0.00062	0.00447	0.00127	0.00079	0.0044	0.00362	0.00026	0.00313	0.00026	0.00026	0.00725	0.00178	0.00026	0.00806	0.00026	0.00026	0.00447	0.00178	0.00026	0.01069	0.00026	0.00026	0.00465	0.0006	0.00059	0.00994	0.00393	0.00299	0.00319	0.00063	0.00063	0.00352	
0.04282	0.0	0.02321	0.01035	0.0	0.02281	0.0	0.0	0.00772	0.0	0.0	0.03616	0.0	0.0	0.00712	0.01778	0.0	0.01901	0.07264	0.19492	0.01272	0.00774	0.00188	0.00769	0.0	0.01727	0.0345	0.06401	0.03835	0.03835	0.05058	0.06101	0.03286	0.04857	0.06422	0.03357	0.0632	0.0	0.0	0.00516	0.0	0.00335	0.01817	0.021	0.0	0.05415	0.06	0.0	0.02525	0.0	0.0	0.06874	0.01697	0.0231	0.04371	0.05623	0.0	0.02478	0.08313	0.0	0.0	0.01493	0.04239	0.02614	0.04074	0.04672	0.0	0.01542	0.07128	0.04239	0.02893	0.0	0.0	0.01279	0.0	0.0	0.01623	0.02941	0.0	0.06519	0.05825	0.05134	0.03939	0.0	0.00402	0.0128	0.01509	0.00711	0.0393	0.02407	0.0	0.09158	0.0	0.0	0.01909	0.01797	0.0	0.05918	0.0	0.0	0.04958	0.01797	0.0	0.03341	0.0	0.0	0.01543	0.00651	0.00359	0.06775	0.00946	0.04383	0.06258	0.00736	0.00736	0.01516	
0.07698	0.0	0.02548	0.0043	0.0	0.06553	0.0	0.0	0.00863	0.0	0.0	0.04781	0.0	0.0	0.02952	0.12767	0.0	0.096	0.09709	0.19051	0.087	0.03766	0.03298	0.00315	0.01727	0.0	0.15063	0.04864	0.06012	0.06012	0.058	0.10862	0.14278	0.0663	0.11633	0.13377	0.05897	0.0	0.0	0.06576	0.0	0.05135	0.02761	0.02113	0.0	0.05346	0.06542	0.0	0.05168	0.0	0.0	0.06018	0.12807	0.02336	0.04858	0.14944	0.0	0.01001	0.04333	0.0	0.0	0.01332	0.03927	0.0401	0.08503	0.08931	0.0	0.09793	0.13758	0.04246	0.02372	0.0	0.0	0.04946	0.0	0.0	0.06563	0.02322	0.0	0.09377	0.05123	0.0569	0.07838	0.0	0.0029	0.06608	0.04738	0.00509	0.05943	0.04853	0.0	0.07524	0.0	0.0	0.02677	0.02351	0.0	0.07111	0.0	0.0	0.03504	0.02351	0.0	0.05259	0.0	0.0	0.04283	0.00791	0.01165	0.05729	0.06053	0.11797	0.05264	0.00302	0.00302	0.03829	
0.19162	0.0	0.07443	0.00552	0.0	0.04561	0.0	0.0	0.00952	0.0	0.0	0.03021	0.0	0.0	0.00447	0.05155	0.0	0.04818	0.2175	0.34712	0.13384	0.02454	0.05595	0.00404	0.0345	0.15063	0.0	0.19933	0.0854	0.0854	0.07231	0.11235	0.06994	0.04056	0.07032	0.32045	0.08795	0.0	0.0	0.0838	0.0	0.07916	0.02144	0.07639	0.0	0.05176	0.1047	0.0	0.05288	0.0	0.0	0.04552	0.13117	0.091	0.03825	0.14425	0.0	0.01296	0.06806	0.0	0.0	0.04803	0.19252	0.05663	0.07539	0.24194	0.0	0.11871	0.14931	0.12874	0.0631	0.0	0.0	0.03346	0.0	0.0	0.03504	0.02793	0.0	0.07913	0.1503	0.15993	0.02599	0.0	0.00599	0.02468	0.00514	0.00655	0.05313	0.05498	0.0	0.06797	0.0	0.0	0.03032	0.04609	0.0	0.03695	0.0	0.0	0.0441	0.04609	0.0	0.0374	0.0	0.0	0.0549	0.00562	0.00333	0.0342	0.04334	0.09011	0.04144	0.00387	0.00387	0.02761	
0.06445	0.0	0.11369	0.01287	0.0	0.0631	0.0	0.0	0.02477	0.0	0.0	0.02919	0.0	0.0	0.05945	0.06137	0.0	0.06313	0.09932	0.20277	0.10857	0.03907	0.0211	0.00419	0.06401	0.04864	0.19933	0.0	0.02318	0.02318	0.10747	0.05912	0.10178	0.06661	0.06919	0.10108	0.113	0.0	0.0	0.07824	0.0	0.07909	0.03316	0.06201	0.0	0.05905	0.05819	0.0	0.04991	0.0	0.0	0.05253	0.08563	0.01899	0.06041	0.05698	0.0	0.01352	0.08041	0.0	0.0	0.01965	0.03469	0.05994	0.05876	0.08389	0.0	0.09813	0.07789	0.05075	0.02213	0.0	0.0	0.05664	0.0	0.0	0.0784	0.01	0.0	0.08129	0.02822	0.02564	0.03407	0.0	0.00591	0.03516	0.02363	0.0068	0.03433	0.04786	0.0	0.08548	0.0	0.0	0.01963	0.049	0.0	0.03578	0.0	0.0	0.0356	0.049	0.0	0.02133	0.0	0.0	0.02621	0.00362	0.0077	0.06456	0.03843	0.12832	0.04033	0.00401	0.00401	0.01581	
0.0421	3e-05	0.02775	0.00247	3e-05	0.01339	3e-05	3e-05	0.00649	3e-05	3e-05	0.0366	3e-05	3e-05	0.00304	0.00628	3e-05	0.01578	0.10265	0.11063	0.03837	0.00216	0.18121	0.00186	0.03835	0.06012	0.0854	0.02318	0.0	0.99992	0.00133	0.05887	0.02876	0.01877	0.09589	0.06433	0.05208	3e-05	3e-05	0.02984	3e-05	0.02944	0.00404	0.0125	3e-05	0.01	0.02461	3e-05	0.00535	3e-05	3e-05	0.03135	0.05259	0.02296	0.01377	0.0466	0.0	0.00521	0.0234	3e-05	3e-05	0.00026	0.04085	0.07907	0.00979	0.07429	3e-05	0.04467	0.03156	0.02771	0.03001	3e-05	3e-05	0.03469	3e-05	3e-05	0.01591	0.05006	3e-05	0.01376	0.04385	0.04375	0.03695	3e-05	0.00172	0.05712	0.00758	0.00288	0.05333	0.04365	3e-05	0.06514	3e-05	3e-05	0.04751	0.01425	3e-05	0.00991	3e-05	3e-05	0.02556	0.01425	3e-05	0.00906	3e-05	3e-05	0.01352	0.00162	0.00155	0.01276	0.00062	0.05034	0.04282	0.00178	0.00178	0.06083	
0.0421	3e-05	0.02775	0.00247	3e-05	0.01339	3e-05	3e-05	0.00649	3e-05	3e-05	0.0366	3e-05	3e-05	0.00304	0.00628	3e-05	0.01578	0.10265	0.11063	0.03837	0.00216	0.18121	0.00186	0.03835	0.06012	0.0854	0.02318	0.99992	0.0	0.00133	0.05887	0.02876	0.01877	0.09589	0.06433	0.05208	3e-05	3e-05	0.02984	3e-05	0.02944	0.00404	0.0125	3e-05	0.01	0.02461	3e-05	0.00535	3e-05	3e-05	0.03135	0.05259	0.02296	0.01377	0.0466	0.0	0.00521	0.0234	3e-05	3e-05	0.00026	0.04085	0.07907	0.00979	0.07429	3e-05	0.04467	0.03156	0.02771	0.03001	3e-05	3e-05	0.03469	3e-05	3e-05	0.01591	0.05006	3e-05	0.01376	0.04385	0.04375	0.03695	3e-05	0.00172	0.05712	0.00758	0.00288	0.05333	0.04365	3e-05	0.06514	3e-05	3e-05	0.04751	0.01425	3e-05	0.00991	3e-05	3e-05	0.02556	0.01425	3e-05	0.00906	3e-05	3e-05	0.01352	0.00162	0.00155	0.01276	0.00062	0.05034	0.04282	0.00178	0.00178	0.06083	
0.03895	0.0	0.05155	0.00748	0.0	0.02796	0.0	0.0	0.02621	0.0	0.0	0.07557	0.0	0.0	0.01319	0.03519	0.0	0.07292	0.04929	0.11361	0.04818	0.00855	0.00629	0.00841	0.05058	0.058	0.07231	0.10747	0.00133	0.00133	0.0	0.09503	0.07056	0.02805	0.07964	0.04524	0.05981	0.0	0.0	0.04019	0.0	0.01781	0.04011	0.05905	0.0	0.055	0.04316	0.0	0.03135	0.0	0.0	0.02084	0.06249	0.0475	0.04743	0.07657	0.0	0.01858	0.0415	0.0	0.0	0.00039	0.02545	0.04994	0.06014	0.0407	0.0	0.06597	0.10513	0.04491	0.05571	0.0	0.0	0.03725	0.0	0.0	0.02881	0.01215	0.0	0.06172	0.03775	0.04271	0.06478	0.0	0.00503	0.03931	0.0119	0.0089	0.03842	0.01924	0.0	0.05126	0.0	0.0	0.0311	0.04043	0.0	0.05187	0.0	0.0	0.03258	0.04043	0.0	0.02672	0.0	0.0	0.03055	0.00472	0.00468	0.04201	0.00784	0.052	0.05265	0.00545	0.00545	0.01306	
0.10663	0.0	0.02569	0.00684	0.0	0.07359	0.0	0.0	0.00023	0.0	0.0	0.07478	0.0	0.0	0.00092	0.02558	0.0	0.09181	0.20149	0.58908	0.06101	0.05153	0.0466	0.00499	0.06101	0.10862	0.11235	0.05912	0.05887	0.05887	0.09503	0.0	0.33356	0.15725	0.19599	0.17538	0.05713	0.0	0.0	0.05237	0.0	0.25234	0.00462	0.13075	0.0	0.11728	0.12281	0.0	0.03001	0.0	0.0	0.02041	0.27527	0.06899	0.0681	0.12656	0.0	0.02282	0.07198	0.0	0.0	0.00806	0.08564	0.05491	0.10075	0.13912	0.0	0.08274	0.14454	0.16294	0.06379	0.0	0.0	0.02679	0.0	0.0	0.09746	0.06027	0.0	0.08098	0.06933	0.07333	0.04962	0.0	0.00641	0.02982	0.03658	0.01014	0.0371	0.12888	0.0	0.1113	0.0	0.0	0.01806	0.04285	0.0	0.05986	0.0	0.0	0.03731	0.04285	0.0	0.0483	0.0	0.0	0.03809	0.00431	0.00511	0.09076	0.19619	0.19787	0.05581	0.00478	0.00478	0.03406	
0.17313	0.0	0.04316	0.00336	0.0	0.09702	0.0	0.0	0.01433	0.0	0.0	0.07281	0.0	0.0	0.02323	0.07534	0.0	0.04064	0.12455	0.25346	0.12911	0.0299	0.0494	0.00246	0.03286	0.14278	0.06994	0.10178	0.02876	0.02876	0.07056	0.33356	0.0	0.15284	0.22088	0.22161	0.05233	0.0	0.0	0.05217	0.0	0.49401	0.06212	0.24033	0.0	0.18891	0.05746	0.0	0.05058	0.0	0.0	0.06831	0.26241	0.03732	0.02869	0.09474	0.0	0.00777	0.04284	0.0	0.0	0.02392	0.08044	0.03016	0.063	0.12521	0.0	0.15383	0.14271	0.06132	0.0459	0.0	0.0	0.0288	0.0	0.0	0.09823	0.05823	0.0	0.04639	0.07617	0.08572	0.05472	0.0	0.00227	0.01498	0.0121	0.02169	0.09346	0.36144	0.0	0.1282	0.0	0.0	0.03462	0.02639	0.0	0.09424	0.0	0.0	0.04344	0.02639	0.0	0.03701	0.0	0.0	0.03626	0.00213	0.01094	0.0735	0.19239	0.26384	0.03492	0.00236	0.00236	0.01981	
0.03905	0.0	0.03548	0.00974	0.0	0.06439	0.0	0.0	0.01339	0.0	0.0	0.0703	0.0	0.0	0.01234	0.02903	0.0	0.03898	0.09633	0.12722	0.07022	0.05145	0.0323	0.007	0.04857	0.0663	0.04056	0.06661	0.01877	0.01877	0.02805	0.15725	0.15284	0.0	0.14805	0.02954	0.03158	0.0	0.0	0.03226	0.0	0.06454	0.0134	0.06015	0.0	0.07245	0.06622	0.0	0.0163	0.0	0.0	0.03277	0.05059	0.02418	0.09291	0.0437	0.0	0.01609	0.04479	0.0	0.0	0.00777	0.01514	0.05326	0.03711	0.02338	0.0	0.0517	0.05609	0.06105	0.02775	0.0	0.0	0.02802	0.0	0.0	0.08781	0.03496	0.0	0.0581	0.03665	0.0397	0.03834	0.0	0.00455	0.03846	0.01548	0.00805	0.02711	0.1028	0.0	0.02001	0.0	0.0	0.03307	0.03609	0.0	0.06036	0.0	0.0	0.0402	0.03609	0.0	0.04948	0.0	0.0	0.03614	0.00613	0.00406	0.09188	0.08965	0.17009	0.04193	0.00671	0.00671	0.01823	
0.08217	0.0	0.08107	0.00494	0.0	0.04619	0.0	0.0	0.06167	0.0	0.0	0.04907	0.0	0.0	0.02468	0.02932	0.0	0.16664	0.14208	0.18908	0.08943	0.07367	0.02386	0.00361	0.06422	0.11633	0.07032	0.06919	0.09589	0.09589	0.07964	0.19599	0.22088	0.14805	0.0	0.09934	0.03618	0.0	0.0	0.06666	0.0	0.09535	0.09905	0.11153	0.0	0.1577	0.09777	0.0	0.03338	0.0	0.0	0.07041	0.15923	0.12805	0.07083	0.12663	0.0	0.04545	0.10004	0.0	0.0	0.02989	0.16803	0.20838	0.08262	0.0656	0.0	0.07123	0.11728	0.06966	0.05702	0.0	0.0	0.0314	0.0	0.0	0.10172	0.11755	0.0	0.04734	0.11431	0.1131	0.13122	0.0	0.00333	0.0734	0.01818	0.01171	0.05997	0.1804	0.0	0.15173	0.0	0.0	0.04841	0.20327	0.0	0.04088	0.0	0.0	0.02798	0.20327	0.0	0.05078	0.0	0.0	0.0368	0.00312	0.00593	0.03972	0.25299	0.27963	0.05545	0.00346	0.00346	0.07257	
0.5392	0.0	0.0513	0.00805	0.0	0.05797	0.0	0.0	0.00149	0.0	0.0	0.03216	0.0	0.0	0.0131	0.04594	0.0	0.19485	0.14358	0.55288	0.03133	0.01999	0.01069	0.00589	0.03357	0.13377	0.32045	0.10108	0.06433	0.06433	0.04524	0.17538	0.22161	0.02954	0.09934	0.0	0.1019	0.0	0.0	0.02658	0.0	0.10762	0.03183	0.05159	0.0	0.05132	0.13465	0.0	0.03444	0.0	0.0	0.04798	0.24752	0.08004	0.02411	0.1528	0.0	0.03639	0.07828	0.0	0.0	0.02043	0.17057	0.1473	0.05643	0.41548	0.0	0.1699	0.16389	0.1813	0.0367	0.0	0.0	0.02618	0.0	0.0	0.0263	0.00394	0.0	0.05524	0.20758	0.22075	0.05122	0.0	0.00471	0.0115	0.02582	0.00956	0.06212	0.10916	0.0	0.04154	0.0	0.0	0.0223	0.14546	0.0	0.02119	0.0	0.0	0.03427	0.14546	0.0	0.03843	0.0	0.0	0.00987	0.00442	0.00485	0.00751	0.1013	0.15503	0.05083	0.00564	0.00564	0.01633	
0.08611	0.0	0.03651	0.01233	0.0	0.03929	0.0	0.0	0.03292	0.0	0.0	0.03164	0.0	0.0	0.02643	0.06969	0.0	0.04079	0.09526	0.31769	0.02881	0.01949	0.00145	0.00899	0.0632	0.05897	0.08795	0.113	0.05208	0.05208	0.05981	0.05713	0.05233	0.03158	0.03618	0.1019	0.0	0.0	0.0	0.08497	0.0	0.00461	0.03284	0.02567	0.0	0.043	0.10837	0.0	0.02977	0.0	0.0	0.03032	0.04935	0.03177	0.0226	0.10972	0.0	0.0224	0.1142	0.0	0.0	0.03024	0.03464	0.02702	0.03978	0.07248	0.0	0.08633	0.14717	0.10458	0.06268	0.0	0.0	0.04621	0.0	0.0	0.04259	0.02067	0.0	0.08023	0.05683	0.05556	0.04863	0.0	0.00376	0.04315	0.03574	0.00663	0.04972	0.02171	0.0	0.07126	0.0	0.0	0.03881	0.01918	0.0	0.02615	0.0	0.0	0.0515	0.01918	0.0	0.06595	0.0	0.0	0.03084	0.00776	0.00738	0.08161	0.01486	0.03343	0.07012	0.00658	0.00658	0.04921	
1e-05	0.0	0.0	0.0002	0.0	0.0	0.0	0.0	2e-05	0.0	0.0	0.0	0.0	0.0	2e-05	8e-05	0.0	1e-05	0.0	0.00011	0.0	1e-05	0.0	0.00026	0.0	0.0	0.0	0.0	3e-05	3e-05	0.0	0.0	0.0	0.0	0.0	0.0	0.0	0.0	0.0	0.0	0.0	2e-05	2e-05	0.0	0.0	0.0	1e-05	0.0	0.0	0.0	0.0	0.0	1e-05	1e-05	0.0	0.0	0.0	0.0001	0.0	0.0	0.0	1e-05	2e-05	2e-05	0.0	0.0	0.0	0.0	1e-05	2e-05	0.0	0.0	0.0	0.0	0.0	0.0	0.0	1e-05	0.0	0.0	1e-05	1e-05	0.0	0.0	0.00028	0.0	7e-05	0.00017	0.0	1e-05	0.0	0.0	0.0	0.0	0.0	3e-05	0.0	0.0	0.0	0.0	0.0	3e-05	0.0	0.0	0.0	0.0	0.0	0.0003	0.00031	0.0	2e-05	0.0	0.0	0.00027	0.00027	1e-05	
1e-05	0.0	0.0	0.0002	0.0	0.0	0.0	0.0	2e-05	0.0	0.0	0.0	0.0	0.0	2e-05	8e-05	0.0	1e-05	0.0	0.00011	0.0	1e-05	0.0	0.00026	0.0	0.0	0.0	0.0	3e-05	3e-05	0.0	0.0	0.0	0.0	0.0	0.0	0.0	0.0	0.0	0.0	0.0	2e-05	2e-05	0.0	0.0	0.0	1e-05	0.0	0.0	0.0	0.0	0.0	1e-05	1e-05	0.0	0.0	0.0	0.0001	0.0	0.0	0.0	1e-05	2e-05	2e-05	0.0	0.0	0.0	0.0	1e-05	2e-05	0.0	0.0	0.0	0.0	0.0	0.0	0.0	1e-05	0.0	0.0	1e-05	1e-05	0.0	0.0	0.00028	0.0	7e-05	0.00017	0.0	1e-05	0.0	0.0	0.0	0.0	0.0	3e-05	0.0	0.0	0.0	0.0	0.0	3e-05	0.0	0.0	0.0	0.0	0.0	0.0003	0.00031	0.0	2e-05	0.0	0.0	0.00027	0.00027	1e-05	
0.06162	0.0	0.06695	0.00989	0.0	0.05063	0.0	0.0	0.00945	0.0	0.0	0.02314	0.0	0.0	0.02235	0.04745	0.0	0.04924	0.04743	0.06819	0.0373	0.05029	0.00354	0.00721	0.00516	0.06576	0.0838	0.07824	0.02984	0.02984	0.04019	0.05237	0.05217	0.03226	0.06666	0.02658	0.08497	0.0	0.0	0.0	0.0	0.00837	0.01907	0.02217	0.0	0.07582	0.0877	0.0	0.03219	0.0	0.0	0.06272	0.0409	0.0705	0.01617	0.04866	0.0	0.01251	0.08352	0.0	0.0	0.01912	0.03253	0.03239	0.02429	0.02498	0.0	0.045	0.04813	0.01448	0.03405	0.0	0.0	0.04023	0.0	0.0	0.05824	0.0266	0.0	0.07395	0.03065	0.03354	0.13792	0.0	0.00357	0.06229	0.01217	0.00629	0.08059	0.01952	0.0	0.06421	0.0	0.0	0.02506	0.0257	0.0	0.10647	0.0	0.0	0.03349	0.0257	0.0	0.05087	0.0	0.0	0.04522	0.00335	0.00593	0.02685	0.00124	0.0332	0.03883	0.00691	0.00691	0.02909	
1e-05	0.0	0.0	0.0002	0.0	0.0	0.0	0.0	2e-05	0.0	0.0	0.0	0.0	0.0	2e-05	8e-05	0.0	1e-05	0.0	0.00011	0.0	1e-05	0.0	0.00026	0.0	0.0	0.0	0.0	3e-05	3e-05	0.0	0.0	0.0	0.0	0.0	0.0	0.0	0.0	0.0	0.0	0.0	2e-05	2e-05	0.0	0.0	0.0	1e-05	0.0	0.0	0.0	0.0	0.0	1e-05	1e-05	0.0	0.0	0.0	0.0001	0.0	0.0	0.0	1e-05	2e-05	2e-05	0.0	0.0	0.0	0.0	1e-05	2e-05	0.0	0.0	0.0	0.0	0.0	0.0	0.0	1e-05	0.0	0.0	1e-05	1e-05	0.0	0.0	0.00028	0.0	7e-05	0.00017	0.0	1e-05	0.0	0.0	0.0	0.0	0.0	3e-05	0.0	0.0	0.0	0.0	0.0	3e-05	0.0	0.0	0.0	0.0	0.0	0.0003	0.00031	0.0	2e-05	0.0	0.0	0.00027	0.00027	1e-05	
0.04845	2e-05	0.02174	0.00393	2e-05	0.05674	2e-05	2e-05	0.00645	2e-05	2e-05	0.01369	2e-05	2e-05	0.00295	0.01078	2e-05	0.03188	0.06294	0.12871	0.08655	0.00489	0.02848	0.00291	0.00335	0.05135	0.07916	0.07909	0.02944	0.02944	0.01781	0.25234	0.49401	0.06454	0.09535	0.10762	0.00461	2e-05	2e-05	0.00837	2e-05	0.0	0.0895	0.3085	2e-05	0.11321	0.0533	2e-05	0.01949	2e-05	2e-05	0.01552	0.22725	0.02281	0.01008	0.05288	0.0	0.00877	0.02858	2e-05	2e-05	0.00447	0.09099	0.03014	0.0374	0.17296	2e-05	0.09277	0.07088	0.05852	0.01926	2e-05	2e-05	0.00942	2e-05	2e-05	0.08376	0.02021	2e-05	0.00905	0.10077	0.11449	0.02265	2e-05	0.00269	0.00274	0.01329	0.02934	0.01137	0.28675	2e-05	0.05491	2e-05	2e-05	0.00713	0.02723	2e-05	0.05873	2e-05	2e-05	0.02279	0.02723	2e-05	0.02795	2e-05	2e-05	0.03957	0.00253	0.01505	0.05209	0.14376	0.14255	0.03135	0.00279	0.00279	0.00224	
0.00416	2e-05	0.04964	0.00507	2e-05	0.03588	2e-05	2e-05	0.0573	2e-05	2e-05	0.02114	2e-05	2e-05	0.06437	0.04696	2e-05	0.16412	0.0102	0.03734	0.00626	0.00624	0.01322	0.00374	0.01817	0.02761	0.02144	0.03316	0.00404	0.00404	0.04011	0.00462	0.06212	0.0134	0.09905	0.03183	0.03284	2e-05	2e-05	0.01907	2e-05	0.0895	0.0	0.00732	2e-05	0.02349	0.04995	2e-05	0.07081	2e-05	2e-05	0.00477	0.01078	0.09391	0.00336	0.01796	0.0	0.0377	0.08884	2e-05	2e-05	0.00719	0.05972	0.15218	0.01205	0.03331	2e-05	0.01794	0.029	0.01332	0.01751	2e-05	2e-05	0.00734	2e-05	2e-05	0.04044	0.00071	2e-05	0.04269	0.08576	0.08624	0.04148	2e-05	0.00346	0.01375	0.00884	0.00598	0.02769	0.05446	2e-05	0.03404	2e-05	2e-05	0.00747	0.13298	2e-05	0.05534	2e-05	2e-05	0.00494	0.13298	2e-05	0.03516	2e-05	2e-05	0.0125	0.00325	0.0031	0.09158	0.00607	0.0104	0.0675	0.00359	0.00359	0.00188	
0.05438	0.0	0.01915	0.00384	0.0	0.03592	0.0	0.0	0.00383	0.0	0.0	0.04326	0.0	0.0	0.02029	0.01107	0.0	0.02246	0.06399	0.08769	0.08367	0.01739	0.00511	0.00282	0.021	0.02113	0.07639	0.06201	0.0125	0.0125	0.05905	0.13075	0.24033	0.06015	0.11153	0.05159	0.02567	0.0	0.0	0.02217	0.0	0.3085	0.00732	0.0	0.0	0.13627	0.067	0.0	0.02774	0.0	0.0	0.03474	0.09384	0.02216	0.04068	0.05562	0.0	0.03958	0.02885	0.0	0.0	0.01176	0.04602	0.01689	0.0765	0.0559	0.0	0.03738	0.04236	0.03252	0.03985	0.0	0.0	0.03422	0.0	0.0	0.11443	0.03105	0.0	0.03998	0.06443	0.07313	0.04535	0.0	0.0026	0.0091	0.01805	0.06672	0.05198	0.16177	0.0	0.01462	0.0	0.0	0.02719	0.01198	0.0	0.0198	0.0	0.0	0.02797	0.01198	0.0	0.02124	0.0	0.0	0.03289	0.00244	0.01205	0.04606	0.06672	0.09903	0.05676	0.0027	0.0027	0.00649	
1e-05	0.0	0.0	0.0002	0.0	0.0	0.0	0.0	2e-05	0.0	0.0	0.0	0.0	0.0	2e-05	8e-05	0.0	1e-05	0.0	0.00011	0.0	1e-05	0.0	0.00026	0.0	0.0	0.0	0.0	3e-05	3e-05	0.0	0.0	0.0	0.0	0.0	0.0	0.0	0.0	0.0	0.0	0.0	2e-05	2e-05	0.0	0.0	0.0	1e-05	0.0	0.0	0.0	0.0	0.0	1e-05	1e-05	0.0	0.0	0.0	0.0001	0.0	0.0	0.0	1e-05	2e-05	2e-05	0.0	0.0	0.0	0.0	1e-05	2e-05	0.0	0.0	0.0	0.0	0.0	0.0	0.0	1e-05	0.0	0.0	1e-05	1e-05	0.0	0.0	0.00028	0.0	7e-05	0.00017	0.0	1e-05	0.0	0.0	0.0	0.0	0.0	3e-05	0.0	0.0	0.0	0.0	0.0	3e-05	0.0	0.0	0.0	0.0	0.0	0.0003	0.00031	0.0	2e-05	0.0	0.0	0.00027	0.00027	1e-05	
0.04732	0.0	0.03424	0.00604	0.0	0.08345	0.0	0.0	0.02605	0.0	0.0	0.04509	0.0	0.0	0.01103	0.03078	0.0	0.03948	0.11486	0.12172	0.04467	0.00715	0.02411	0.00712	0.05415	0.05346	0.05176	0.05905	0.01	0.01	0.055	0.11728	0.18891	0.07245	0.1577	0.05132	0.043	0.0	0.0	0.07582	0.0	0.11321	0.02349	0.13627	0.0	0.0	0.05164	0.0	0.04895	0.0	0.0	0.04154	0.09486	0.02654	0.04901	0.06865	0.0	0.0143	0.05041	0.0	0.0	0.01318	0.08722	0.04501	0.06629	0.05287	0.0	0.06785	0.05917	0.04329	0.01904	0.0	0.0	0.02012	0.0	0.0	0.13684	0.09569	0.0	0.06527	0.06369	0.05985	0.05837	0.0	0.00656	0.01829	0.02024	0.01213	0.04723	0.16276	0.0	0.0741	0.0	0.0	0.00865	0.03595	0.0	0.07495	0.0	0.0	0.05602	0.03595	0.0	0.04036	0.0	0.0	0.04654	0.00381	0.0061	0.04296	0.09801	0.11795	0.056	0.01003	0.01003	0.04514	
0.19702	1e-05	0.04994	0.02584	1e-05	0.09374	1e-05	1e-05	0.01885	1e-05	1e-05	0.04642	1e-05	1e-05	0.00373	0.00879	1e-05	0.05133	0.13259	0.36817	0.0561	0.04809	0.48541	0.01892	0.06	0.06542	0.1047	0.05819	0.02461	0.02461	0.04316	0.12281	0.05746	0.06622	0.09777	0.13465	0.10837	1e-05	1e-05	0.0877	1e-05	0.0533	0.04995	0.067	1e-05	0.05164	0.0	1e-05	0.16164	1e-05	1e-05	0.01494	0.06242	0.01472	0.0509	0.29292	0.0	0.00712	0.16592	1e-05	1e-05	0.03722	0.2311	0.0472	0.03836	0.11963	1e-05	0.04453	0.29741	0.42463	0.05746	1e-05	1e-05	0.05267	1e-05	1e-05	0.17089	0.02244	1e-05	0.08056	0.18338	0.18652	0.10502	1e-05	0.00215	0.04769	0.01089	0.00372	0.06774	0.03971	1e-05	0.03104	1e-05	1e-05	0.0322	0.04718	1e-05	0.03133	1e-05	1e-05	0.0422	0.04718	1e-05	0.07952	1e-05	1e-05	0.01594	0.00202	0.00192	0.0328	0.04529	0.05697	0.05867	0.01813	0.01813	0.03646	
1e-05	0.0	0.0	0.0002	0.0	0.0	0.0	0.0	2e-05	0.0	0.0	0.0	0.0	0.0	2e-05	8e-05	0.0	1e-05	0.0	0.00011	0.0	1e-05	0.0	0.00026	0.0	0.0	0.0	0.0	3e-05	3e-05	0.0	0.0	0.0	0.0	0.0	0.0	0.0	0.0	0.0	0.0	0.0	2e-05	2e-05	0.0	0.0	0.0	1e-05	0.0	0.0	0.0	0.0	0.0	1e-05	1e-05	0.0	0.0	0.0	0.0001	0.0	0.0	0.0	1e-05	2e-05	2e-05	0.0	0.0	0.0	0.0	1e-05	2e-05	0.0	0.0	0.0	0.0	0.0	0.0	0.0	1e-05	0.0	0.0	1e-05	1e-05	0.0	0.0	0.00028	0.0	7e-05	0.00017	0.0	1e-05	0.0	0.0	0.0	0.0	0.0	3e-05	0.0	0.0	0.0	0.0	0.0	3e-05	0.0	0.0	0.0	0.0	0.0	0.0003	0.00031	0.0	2e-05	0.0	0.0	0.00027	0.00027	1e-05	
0.02875	0.0	0.01677	0.01007	0.0	0.06612	0.0	0.0	0.0379	0.0	0.0	0.02817	0.0	0.0	0.0698	0.02987	0.0	0.08646	0.02342	0.14755	0.03464	0.01399	0.13324	0.01317	0.02525	0.05168	0.05288	0.04991	0.00535	0.00535	0.03135	0.03001	0.05058	0.0163	0.03338	0.03444	0.02977	0.0	0.0	0.03219	0.0	0.01949	0.07081	0.02774	0.0	0.04895	0.16164	0.0	0.0	0.0	0.0	0.04315	0.00599	0.01922	0.03613	0.13478	0.0	0.0238	0.06484	0.0	0.0	0.02936	0.08268	0.04561	0.04549	0.03913	0.0	0.03171	0.10322	0.0889	0.07587	0.0	0.0	0.04463	0.0	0.0	0.04137	0.00971	0.0	0.05724	0.10186	0.10177	0.04332	0.0	0.00343	0.03332	0.00867	0.00603	0.01648	0.03531	0.0	0.04115	0.0	0.0	0.02858	0.01738	0.0	0.04743	0.0	0.0	0.05224	0.01738	0.0	0.04129	0.0	0.0	0.05681	0.00322	0.00306	0.07262	0.00299	0.00786	0.03326	0.00705	0.00705	0.00818	
1e-05	0.0	0.0	0.0002	0.0	0.0	0.0	0.0	2e-05	0.0	0.0	0.0	0.0	0.0	2e-05	8e-05	0.0	1e-05	0.0	0.00011	0.0	1e-05	0.0	0.00026	0.0	0.0	0.0	0.0	3e-05	3e-05	0.0	0.0	0.0	0.0	0.0	0.0	0.0	0.0	0.0	0.0	0.0	2e-05	2e-05	0.0	0.0	0.0	1e-05	0.0	0.0	0.0	0.0	0.0	1e-05	1e-05	0.0	0.0	0.0	0.0001	0.0	0.0	0.0	1e-05	2e-05	2e-05	0.0	0.0	0.0	0.0	1e-05	2e-05	0.0	0.0	0.0	0.0	0.0	0.0	0.0	1e-05	0.0	0.0	1e-05	1e-05	0.0	0.0	0.00028	0.0	7e-05	0.00017	0.0	1e-05	0.0	0.0	0.0	0.0	0.0	3e-05	0.0	0.0	0.0	0.0	0.0	3e-05	0.0	0.0	0.0	0.0	0.0	0.0003	0.00031	0.0	2e-05	0.0	0.0	0.00027	0.00027	1e-05	
1e-05	0.0	0.0	0.0002	0.0	0.0	0.0	0.0	2e-05	0.0	0.0	0.0	0.0	0.0	2e-05	8e-05	0.0	1e-05	0.0	0.00011	0.0	1e-05	0.0	0.00026	0.0	0.0	0.0	0.0	3e-05	3e-05	0.0	0.0	0.0	0.0	0.0	0.0	0.0	0.0	0.0	0.0	0.0	2e-05	2e-05	0.0	0.0	0.0	1e-05	0.0	0.0	0.0	0.0	0.0	1e-05	1e-05	0.0	0.0	0.0	0.0001	0.0	0.0	0.0	1e-05	2e-05	2e-05	0.0	0.0	0.0	0.0	1e-05	2e-05	0.0	0.0	0.0	0.0	0.0	0.0	0.0	1e-05	0.0	0.0	1e-05	1e-05	0.0	0.0	0.00028	0.0	7e-05	0.00017	0.0	1e-05	0.0	0.0	0.0	0.0	0.0	3e-05	0.0	0.0	0.0	0.0	0.0	3e-05	0.0	0.0	0.0	0.0	0.0	0.0003	0.00031	0.0	2e-05	0.0	0.0	0.00027	0.00027	1e-05	
0.0438	0.0	0.05407	0.00826	0.0	0.07035	0.0	0.0	0.00739	0.0	0.0	0.04152	0.0	0.0	0.03412	0.0247	0.0	0.0402	0.0409	0.05712	0.06165	0.02927	0.00401	0.00572	0.06874	0.06018	0.04552	0.05253	0.03135	0.03135	0.02084	0.02041	0.06831	0.03277	0.07041	0.04798	0.03032	0.0	0.0	0.06272	0.0	0.01552	0.00477	0.03474	0.0	0.04154	0.01494	0.0	0.04315	0.0	0.0	0.0	0.03853	0.01672	0.02392	0.02431	0.0	0.01964	0.05498	0.0	0.0	0.00997	0.01054	0.03931	0.03018	0.03942	0.0	0.05139	0.04471	0.00242	0.03128	0.0	0.0	0.03728	0.0	0.0	0.0342	0.02368	0.0	0.06967	0.03048	0.02978	0.07395	0.0	0.00561	0.03369	0.01286	0.00993	0.02775	0.04892	0.0	0.06053	0.0	0.0	0.06657	0.02905	0.0	0.06565	0.0	0.0	0.05898	0.02905	0.0	0.02087	0.0	0.0	0.01695	0.00494	0.00501	0.05107	0.03658	0.07004	0.03677	0.00548	0.00548	0.01956	
0.05485	1e-05	0.02094	0.00597	1e-05	0.01719	1e-05	1e-05	0.01751	1e-05	1e-05	0.03636	1e-05	1e-05	0.02606	0.02728	1e-05	0.09809	0.13144	0.15189	0.08782	0.03934	0.05234	0.00437	0.01697	0.12807	0.13117	0.08563	0.05259	0.05259	0.06249	0.27527	0.26241	0.05059	0.15923	0.24752	0.04935	1e-05	1e-05	0.0409	1e-05	0.22725	0.01078	0.09384	1e-05	0.09486	0.06242	1e-05	0.00599	1e-05	1e-05	0.03853	0.0	0.12964	0.0343	0.06681	0.0	0.02182	0.0531	1e-05	1e-05	0.00046	0.00988	0.08092	0.04312	0.10222	1e-05	0.06288	0.05632	0.04735	0.01948	1e-05	1e-05	0.06355	1e-05	1e-05	0.08602	0.00705	1e-05	0.01005	0.0195	0.02715	0.04084	1e-05	0.00403	0.02371	0.02169	0.01105	0.02116	0.12683	1e-05	0.06241	1e-05	1e-05	0.02553	0.07811	1e-05	0.0373	1e-05	1e-05	0.03881	0.07811	1e-05	0.06074	1e-05	1e-05	0.01646	0.00379	0.00562	0.02467	0.22349	0.24523	0.05229	0.00419	0.00419	0.00409	
0.03974	1e-05	0.02815	0.00318	1e-05	0.04938	1e-05	1e-05	0.00593	1e-05	1e-05	0.01899	1e-05	1e-05	0.00434	0.00861	1e-05	0.10377	0.03868	0.11008	0.00714	0.05927	0.01115	0.00236	0.0231	0.02336	0.091	0.01899	0.02296	0.02296	0.0475	0.06899	0.03732	0.02418	0.12805	0.08004	0.03177	1e-05	1e-05	0.0705	1e-05	0.02281	0.09391	0.02216	1e-05	0.02654	0.01472	1e-05	0.01922	1e-05	1e-05	0.01672	0.12964	0.0	0.01868	0.08795	0.0	0.00703	0.04583	1e-05	1e-05	0.01	0.19961	0.10459	0.02563	0.02201	1e-05	0.01723	0.0364	0.02197	0.02076	1e-05	1e-05	0.00776	1e-05	1e-05	0.01134	0.01892	1e-05	0.03123	0.15648	0.15952	0.08201	1e-05	0.00218	0.03781	0.01057	0.00374	0.02526	0.0155	1e-05	0.05378	1e-05	1e-05	0.01027	0.11431	1e-05	0.07389	1e-05	1e-05	0.00822	0.11431	1e-05	0.06947	1e-05	1e-05	0.02851	0.00205	0.00196	0.01061	0.0056	0.02375	0.08779	0.00226	0.00226	0.01694	
