0.0	0.02076	0.01043	0.15061	0.02459	0.01773	0.20305	0.05683	6e-05	6e-05	6e-05	6e-05	6e-05	6e-05	6e-05	6e-05	6e-05	6e-05	0.03084	6e-05	6e-05	6e-05	6e-05	6e-05	6e-05	6e-05	6e-05	6e-05	6e-05	6e-05	6e-05	6e-05	6e-05	0.0566	0.01161	0.06204	0.08988	0.04852	0.06624	0.0	0.0	0.05235	0.07891	0.2598	0.10506	0.30859	0.0136	0.03803	0.0	0.0	0.0	0.0	0.0	6e-05	6e-05	6e-05	6e-05	6e-05	6e-05	0.01452	0.00021	0.02443	6e-05	6e-05	0.03573	6e-05	6e-05	6e-05	6e-05	6e-05	0.02677	6e-05	6e-05	0.17347	0.02625	6e-05	6e-05	0.00824	0.00472	0.0346	0.05906	0.06454	0.10221	
0.02076	0.0	0.31151	0.04759	0.10699	0.04736	0.06486	0.01082	6e-05	6e-05	6e-05	6e-05	6e-05	6e-05	6e-05	6e-05	6e-05	6e-05	0.00293	6e-05	6e-05	6e-05	6e-05	6e-05	6e-05	6e-05	6e-05	6e-05	6e-05	6e-05	6e-05	6e-05	6e-05	0.04268	0.19126	0.23883	0.17736	0.1615	0.21227	0.0	0.0	0.19814	0.10461	0.05904	0.32697	0.16206	0.21526	0.15162	0.0	0.0	0.0	0.0	0.0	6e-05	6e-05	6e-05	6e-05	6e-05	6e-05	0.06229	0.03016	0.01814	6e-05	6e-05	0.02674	6e-05	6e-05	6e-05	6e-05	6e-05	0.05807	6e-05	6e-05	0.03001	0.01952	6e-05	6e-05	0.12959	0.20855	0.02611	0.07813	0.05679	0.03673	
0.01043	0.31151	0.0	0.07682	0.22407	0.31855	0.12069	0.04656	4e-05	4e-05	4e-05	4e-05	4e-05	4e-05	4e-05	4e-05	4e-05	4e-05	0.00445	4e-05	4e-05	4e-05	4e-05	4e-05	4e-05	4e-05	4e-05	4e-05	4e-05	4e-05	4e-05	4e-05	4e-05	0.06647	0.17629	0.19165	0.14083	0.11997	0.06202	0.0	0.0	0.15848	0.14272	0.09268	0.38501	0.34357	0.26534	0.07764	0.0	0.0	0.0	0.0	0.0	4e-05	4e-05	4e-05	4e-05	4e-05	4e-05	0.54466	0.15494	0.08323	4e-05	4e-05	0.04005	4e-05	4e-05	4e-05	4e-05	4e-05	0.25018	4e-05	4e-05	0.04539	0.02868	4e-05	4e-05	0.22325	0.05673	0.03972	0.29708	0.09361	0.04455	
0.15061	0.04759	0.07682	0.0	0.20515	0.03578	0.10704	0.00878	0.00015	0.00015	0.00015	0.00015	0.00015	0.00015	0.00015	0.00015	0.00015	0.00015	0.32882	0.00015	0.00015	0.00015	0.00015	0.00015	0.00015	0.00015	0.00015	0.00015	0.00015	0.00015	0.00015	0.00015	0.00015	0.24555	0.0928	0.14384	0.16245	0.15495	0.38524	0.0	0.0	0.13723	0.1421	0.28283	0.06365	0.19718	0.1542	0.28787	0.0	0.0	0.0	0.0	0.0	0.00015	0.00015	0.00015	0.00015	0.00015	0.00015	0.04703	0.02353	0.01445	0.00015	0.00015	0.48437	0.00015	0.00015	0.00015	0.00015	0.00015	0.42155	0.00015	0.00015	0.53113	0.0155	0.00015	0.00015	0.09313	0.06324	0.02031	0.07979	0.31775	0.13415	
0.02459	0.10699	0.22407	0.20515	0.0	0.0849	0.02412	0.01912	0.00016	0.00016	0.00016	0.00016	0.00016	0.00016	0.00016	0.00016	0.00016	0.00016	0.0137	0.00016	0.00016	0.00016	0.00016	0.00016	0.00016	0.00016	0.00016	0.00016	0.00016	0.00016	0.00016	0.00016	0.00016	0.01481	0.00412	0.08987	0.22104	0.00354	0.0678	0.0	0.0	0.17191	0.0024	0.13924	0.19973	0.20895	0.16349	0.03222	0.0	0.0	0.0	0.0	0.0	0.00016	0.00016	0.00016	0.00016	0.00016	0.00016	0.11365	0.05358	0.03206	0.00016	0.00016	0.10454	0.00016	0.00016	0.00016	0.00016	0.00016	0.23227	0.00016	0.00016	0.11906	0.03451	0.00016	0.00016	0.2586	0.14611	0.04613	0.22294	0.12474	0.05549	
0.01773	0.04736	0.31855	0.03578	0.0849	0.0	0.10633	0.10364	5e-05	5e-05	5e-05	5e-05	5e-05	5e-05	5e-05	5e-05	5e-05	5e-05	0.00206	5e-05	5e-05	5e-05	5e-05	5e-05	5e-05	5e-05	5e-05	5e-05	5e-05	5e-05	5e-05	5e-05	5e-05	0.03278	0.09207	0.06744	0.10668	0.07043	0.03851	0.0	0.0	0.12599	0.13632	0.07326	0.06312	0.13396	0.06096	0.14526	0.0	0.0	0.0	0.0	0.0	5e-05	5e-05	5e-05	5e-05	5e-05	5e-05	0.50851	0.10309	0.36576	5e-05	5e-05	0.02101	5e-05	5e-05	5e-05	5e-05	5e-05	0.09052	5e-05	5e-05	0.02343	0.01552	5e-05	5e-05	0.19122	0.02784	0.02029	0.36056	0.04226	0.07551	
0.20305	0.06486	0.12069	0.10704	0.02412	0.10633	0.0	0.02176	4e-05	4e-05	4e-05	4e-05	4e-05	4e-05	4e-05	4e-05	4e-05	4e-05	0.00593	4e-05	4e-05	4e-05	4e-05	4e-05	4e-05	4e-05	4e-05	4e-05	4e-05	4e-05	4e-05	4e-05	4e-05	0.00542	0.0664	0.19195	0.0346	0.01348	0.11937	0.0	0.0	0.09717	0.03737	0.09433	0.09737	0.16845	0.01817	0.09956	0.0	0.0	0.0	0.0	0.0	4e-05	4e-05	4e-05	4e-05	4e-05	4e-05	0.16089	0.13065	0.03726	4e-05	4e-05	0.05611	4e-05	4e-05	4e-05	4e-05	4e-05	0.09906	4e-05	4e-05	0.06361	0.05193	4e-05	4e-05	0.05127	0.00846	0.07184	0.14392	0.05366	0.2138	
0.05683	0.01082	0.04656	0.00878	0.01912	0.10364	0.02176	0.0	0.00029	0.00029	0.00029	0.00029	0.00029	0.00029	0.00029	0.00029	0.00029	0.00029	0.00167	0.00029	0.00029	0.00029	0.00029	0.00029	0.00029	0.00029	0.00029	0.00029	0.00029	0.00029	0.00029	0.00029	0.00029	0.0091	0.01828	0.01337	0.02055	0.0145	0.06219	0.0	0.0	0.02538	0.02678	0.01085	0.01271	0.0293	0.01622	0.0193	0.0	0.0	0.0	0.0	0.0	0.00029	0.00029	0.00029	0.00029	0.00029	0.00029	0.07983	0.19939	0.00518	0.00029	0.00029	0.00679	0.00029	0.00029	0.00029	0.00029	0.00029	0.01783	0.00029	0.00029	0.00716	0.00543	0.00029	0.00029	0.0321	0.0081	0.00595	0.04304	0.00992	0.01327	
6e-05	6e-05	4e-05	0.00015	0.00016	5e-05	4e-05	0.00029	0.0	0.0	0.0	0.0	0.0	0.0	0.0	0.0	0.0	0.0	0.0	0.0	0.0	0.0	0.0	0.0	0.0	0.0	0.0	0.0	0.0	0.0	0.0	0.0	0.0	0.00014	2e-05	4e-05	5e-05	2e-05	6e-05	0.0	0.0	5e-05	4e-05	2e-05	4e-05	4e-05	3e-05	2e-05	0.0	0.0	0.0	0.0	0.0	0.0	0.0	0.0	0.0	0.0	0.0	7e-05	0.00012	0.00021	0.0	0.0	0.00036	0.0	0.0	0.0	0.0	0.0	8e-05	0.0	0.0	0.00012	0.0002	0.0	0.0	5e-05	0.00014	9e-05	4e-05	0.00014	5e-05	
6e-05	6e-05	4e-05	0.00015	0.00016	5e-05	4e-05	0.00029	0.0	0.0	0.0	0.0	0.0	0.0	0.0	0.0	0.0	0.0	0.0	0.0	0.0	0.0	0.0	0.0	0.0	0.0	0.0	0.0	0.0	0.0	0.0	0.0	0.0	0.00014	2e-05	4e-05	5e-05	2e-05	6e-05	0.0	0.0	5e-05	4e-05	2e-05	4e-05	4e-05	3e-05	2e-05	0.0	0.0	0.0	0.0	0.0	0.0	0.0	0.0	0.0	0.0	0.0	7e-05	0.00012	0.00021	0.0	0.0	0.00036	0.0	0.0	0.0	0.0	0.0	8e-05	0.0	0.0	0.00012	0.0002	0.0	0.0	5e-05	0.00014	9e-05	4e-05	0.00014	5e-05	
6e-05	6e-05	4e-05	0.00015	0.00016	5e-05	4e-05	0.00029	0.0	0.0	0.0	0.0	0.0	0.0	0.0	0.0	0.0	0.0	0.0	0.0	0.0	0.0	0.0	0.0	0.0	0.0	0.0	0.0	0.0	0.0	0.0	0.0	0.0	0.00014	2e-05	4e-05	5e-05	2e-05	6e-05	0.0	0.0	5e-05	4e-05	2e-05	4e-05	4e-05	3e-05	2e-05	0.0	0.0	0.0	0.0	0.0	0.0	0.0	0.0	0.0	0.0	0.0	7e-05	0.00012	0.00021	0.0	0.0	0.00036	0.0	0.0	0.0	0.0	0.0	8e-05	0.0	0.0	0.00012	0.0002	0.0	0.0	5e-05	0.00014	9e-05	4e-05	0.00014	5e-05	
6e-05	6e-05	4e-05	0.00015	0.00016	5e-05	4e-05	0.00029	0.0	0.0	0.0	0.0	0.0	0.0	0.0	0.0	0.0	0.0	0.0	0.0	0.0	0.0	0.0	0.0	0.0	0.0	0.0	0.0	0.0	0.0	0.0	0.0	0.0	0.00014	2e-05	4e-05	5e-05	2e-05	6e-05	0.0	0.0	5e-05	4e-05	2e-05	4e-05	4e-05	3e-05	2e-05	0.0	0.0	0.0	0.0	0.0	0.0	0.0	0.0	0.0	0.0	0.0	7e-05	0.00012	0.00021	0.0	0.0	0.00036	0.0	0.0	0.0	0.0	0.0	8e-05	0.0	0.0	0.00012	0.0002	0.0	0.0	5e-05	0.00014	9e-05	4e-05	0.00014	5e-05	
6e-05	6e-05	4e-05	0.00015	0.00016	5e-05	4e-05	0.00029	0.0	0.0	0.0	0.0	0.0	0.0	0.0	0.0	0.0	0.0	0.0	0.0	0.0	0.0	0.0	0.0	0.0	0.0	0.0	0.0	0.0	0.0	0.0	0.0	0.0	0.00014	2e-05	4e-05	5e-05	2e-05	6e-05	0.0	0.0	5e-05	4e-05	2e-05	4e-05	4e-05	3e-05	2e-05	0.0	0.0	0.0	0.0	0.0	0.0	0.0	0.0	0.0	0.0	0.0	7e-05	0.00012	0.00021	0.0	0.0	0.00036	0.0	0.0	0.0	0.0	0.0	8e-05	0.0	0.0	0.00012	0.0002	0.0	0.0	5e-05	0.00014	9e-05	4e-05	0.00014	5e-05	
6e-05	6e-05	4e-05	0.00015	0.00016	5e-05	4e-05	0.00029	0.0	0.0	0.0	0.0	0.0	0.0	0.0	0.0	0.0	0.0	0.0	0.0	0.0	0.0	0.0	0.0	0.0	0.0	0.0	0.0	0.0	0.0	0.0	0.0	0.0	0.00014	2e-05	4e-05	5e-05	2e-05	6e-05	0.0	0.0	5e-05	4e-05	2e-05	4e-05	4e-05	3e-05	2e-05	0.0	0.0	0.0	0.0	0.0	0.0	0.0	0.0	0.0	0.0	0.0	7e-05	0.00012	0.00021	0.0	0.0	0.00036	0.0	0.0	0.0	0.0	0.0	8e-05	0.0	0.0	0.00012	0.0002	0.0	0.0	5e-05	0.00014	9e-05	4e-05	0.00014	5e-05	
6e-05	6e-05	4e-05	0.00015	0.00016	5e-05	4e-05	0.00029	0.0	0.0	0.0	0.0	0.0	0.0	0.0	0.0	0.0	0.0	0.0	0.0	0.0	0.0	0.0	0.0	0.0	0.0	0.0	0.0	0.0	0.0	0.0	0.0	0.0	0.00014	2e-05	4e-05	5e-05	2e-05	6e-05	0.0	0.0	5e-05	4e-05	2e-05	4e-05	4e-05	3e-05	2e-05	0.0	0.0	0.0	0.0	0.0	0.0	0.0	0.0	0.0	0.0	0.0	7e-05	0.00012	0.00021	0.0	0.0	0.00036	0.0	0.0	0.0	0.0	0.0	8e-05	0.0	0.0	0.00012	0.0002	0.0	0.0	5e-05	0.00014	9e-05	4e-05	0.00014	5e-05	
6e-05	6e-05	4e-05	0.00015	0.00016	5e-05	4e-05	0.00029	0.0	0.0	0.0	0.0	0.0	0.0	0.0	0.0	0.0	0.0	0.0	0.0	0.0	0.0	0.0	0.0	0.0	0.0	0.0	0.0	0.0	0.0	0.0	0.0	0.0	0.00014	2e-05	4e-05	5e-05	2e-05	6e-05	0.0	0.0	5e-05	4e-05	2e-05	4e-05	4e-05	3e-05	2e-05	0.0	0.0	0.0	0.0	0.0	0.0	0.0	0.0	0.0	0.0	0.0	7e-05	0.00012	0.00021	0.0	0.0	0.00036	0.0	0.0	0.0	0.0	0.0	8e-05	0.0	0.0	0.00012	0.0002	0.0	0.0	5e-05	0.00014	9e-05	4e-05	0.00014	5e-05	
6e-05	6e-05	4e-05	0.00015	0.00016	5e-05	4e-05	0.00029	0.0	0.0	0.0	0.0	0.0	0.0	0.0	0.0	0.0	0.0	0.0	0.0	0.0	0.0	0.0	0.0	0.0	0.0	0.0	0.0	0.0	0.0	0.0	0.0	0.0	0.00014	2e-05	4e-05	5e-05	2e-05	6e-05	0.0	0.0	5e-05	4e-05	2e-05	4e-05	4e-05	3e-05	2e-05	0.0	0.0	0.0	0.0	0.0	0.0	0.0	0.0	0.0	0.0	0.0	7e-05	0.00012	0.00021	0.0	0.0	0.00036	0.0	0.0	0.0	0.0	0.0	8e-05	0.0	0.0	0.00012	0.0002	0.0	0.0	5e-05	0.00014	9e-05	4e-05	0.00014	5e-05	
6e-05	6e-05	4e-05	0.00015	0.00016	5e-05	4e-05	0.00029	0.0	0.0	0.0	0.0	0.0	0.0	0.0	0.0	0.0	0.0	0.0	0.0	0.0	0.0	0.0	0.0	0.0	0.0	0.0	0.0	0.0	0.0	0.0	0.0	0.0	0.00014	2e-05	4e-05	5e-05	2e-05	6e-05	0.0	0.0	5e-05	4e-05	2e-05	4e-05	4e-05	3e-05	2e-05	0.0	0.0	0.0	0.0	0.0	0.0	0.0	0.0	0.0	0.0	0.0	7e-05	0.00012	0.00021	0.0	0.0	0.00036	0.0	0.0	0.0	0.0	0.0	8e-05	0.0	0.0	0.00012	0.0002	0.0	0.0	5e-05	0.00014	9e-05	4e-05	0.00014	5e-05	
0.03084	0.00293	0.00445	0.32882	0.0137	0.00206	0.00593	0.00167	0.0	0.0	0.0	0.0	0.0	0.0	0.0	0.0	0.0	0.0	0.0	0.0	0.0	0.0	0.0	0.0	0.0	0.0	0.0	0.0	0.0	0.0	0.0	0.0	0.0	0.00304	0.00505	0.00367	0.00981	0.02887	0.06041	0.0	0.0	0.00773	0.01353	0.14489	0.00319	0.02407	0.0226	0.05221	0.0	0.0	0.0	0.0	0.0	0.0	0.0	0.0	0.0	0.0	0.0	0.00281	0.00207	0.00126	0.0	0.0	0.00331	0.0	0.0	0.0	0.0	0.0	0.03211	0.0	0.0	0.0	0.00128	0.0	0.0	0.00481	0.03048	0.00113	0.00344	0.00268	0.00354	
6e-05	6e-05	4e-05	0.00015	0.00016	5e-05	4e-05	0.00029	0.0	0.0	0.0	0.0	0.0	0.0	0.0	0.0	0.0	0.0	0.0	0.0	0.0	0.0	0.0	0.0	0.0	0.0	0.0	0.0	0.0	0.0	0.0	0.0	0.0	0.00014	2e-05	4e-05	5e-05	2e-05	6e-05	0.0	0.0	5e-05	4e-05	2e-05	4e-05	4e-05	3e-05	2e-05	0.0	0.0	0.0	0.0	0.0	0.0	0.0	0.0	0.0	0.0	0.0	7e-05	0.00012	0.00021	0.0	0.0	0.00036	0.0	0.0	0.0	0.0	0.0	8e-05	0.0	0.0	0.00012	0.0002	0.0	0.0	5e-05	0.00014	9e-05	4e-05	0.00014	5e-05	
6e-05	6e-05	4e-05	0.00015	0.00016	5e-05	4e-05	0.00029	0.0	0.0	0.0	0.0	0.0	0.0	0.0	0.0	0.0	0.0	0.0	0.0	0.0	0.0	0.0	0.0	0.0	0.0	0.0	0.0	0.0	0.0	0.0	0.0	0.0	0.00014	2e-05	4e-05	5e-05	2e-05	6e-05	0.0	0.0	5e-05	4e-05	2e-05	4e-05	4e-05	3e-05	2e-05	0.0	0.0	0.0	0.0	0.0	0.0	0.0	0.0	0.0	0.0	0.0	7e-05	0.00012	0.00021	0.0	0.0	0.00036	0.0	0.0	0.0	0.0	0.0	8e-05	0.0	0.0	0.00012	0.0002	0.0	0.0	5e-05	0.00014	9e-05	4e-05	0.00014	5e-05	
6e-05	6e-05	4e-05	0.00015	0.00016	5e-05	4e-05	0.00029	0.0	0.0	0.0	0.0	0.0	0.0	0.0	0.0	0.0	0.0	0.0	0.0	0.0	0.0	0.0	0.0	0.0	0.0	0.0	0.0	0.0	0.0	0.0	0.0	0.0	0.00014	2e-05	4e-05	5e-05	2e-05	6e-05	0.0	0.0	5e-05	4e-05	2e-05	4e-05	4e-05	3e-05	2e-05	0.0	0.0	0.0	0.0	0.0	0.0	0.0	0.0	0.0	0.0	0.0	7e-05	0.00012	0.00021	0.0	0.0	0.00036	0.0	0.0	0.0	0.0	0.0	8e-05	0.0	0.0	0.00012	0.0002	0.0	0.0	5e-05	0.00014	9e-05	4e-05	0.00014	5e-05	
6e-05	6e-05	4e-05	0.00015	0.00016	5e-05	4e-05	0.00029	0.0	0.0	0.0	0.0	0.0	0.0	0.0	0.0	0.0	0.0	0.0	0.0	0.0	0.0	0.0	0.0	0.0	0.0	0.0	0.0	0.0	0.0	0.0	0.0	0.0	0.00014	2e-05	4e-05	5e-05	2e-05	6e-05	0.0	0.0	5e-05	4e-05	2e-05	4e-05	4e-05	3e-05	2e-05	0.0	0.0	0.0	0.0	0.0	0.0	0.0	0.0	0.0	0.0	0.0	7e-05	0.00012	0.00021	0.0	0.0	0.00036	0.0	0.0	0.0	0.0	0.0	8e-05	0.0	0.0	0.00012	0.0002	0.0	0.0	5e-05	0.00014	9e-05	4e-05	0.00014	5e-05	
6e-05	6e-05	4e-05	0.00015	0.00016	5e-05	4e-05	0.00029	0.0	0.0	0.0	0.0	0.0	0.0	0.0	0.0	0.0	0.0	0.0	0.0	0.0	0.0	0.0	0.0	0.0	0.0	0.0	0.0	0.0	0.0	0.0	0.0	0.0	0.00014	2e-05	4e-05	5e-05	2e-05	6e-05	0.0	0.0	5e-05	4e-05	2e-05	4e-05	4e-05	3e-05	2e-05	0.0	0.0	0.0	0.0	0.0	0.0	0.0	0.0	0.0	0.0	0.0	7e-05	0.00012	0.00021	0.0	0.0	0.00036	0.0	0.0	0.0	0.0	0.0	8e-05	0.0	0.0	0.00012	0.0002	0.0	0.0	5e-05	0.00014	9e-05	4e-05	0.00014	5e-05	
6e-05	6e-05	4e-05	0.00015	0.00016	5e-05	4e-05	0.00029	0.0	0.0	0.0	0.0	0.0	0.0	0.0	0.0	0.0	0.0	0.0	0.0	0.0	0.0	0.0	0.0	0.0	0.0	0.0	0.0	0.0	0.0	0.0	0.0	0.0	0.00014	2e-05	4e-05	5e-05	2e-05	6e-05	0.0	0.0	5e-05	4e-05	2e-05	4e-05	4e-05	3e-05	2e-05	0.0	0.0	0.0	0.0	0.0	0.0	0.0	0.0	0.0	0.0	0.0	7e-05	0.00012	0.00021	0.0	0.0	0.00036	0.0	0.0	0.0	0.0	0.0	8e-05	0.0	0.0	0.00012	0.0002	0.0	0.0	5e-05	0.00014	9e-05	4e-05	0.00014	5e-05	
6e-05	6e-05	4e-05	0.00015	0.00016	5e-05	4e-05	0.00029	0.0	0.0	0.0	0.0	0.0	0.0	0.0	0.0	0.0	0.0	0.0	0.0	0.0	0.0	0.0	0.0	0.0	0.0	0.0	0.0	0.0	0.0	0.0	0.0	0.0	0.00014	2e-05	4e-05	5e-05	2e-05	6e-05	0.0	0.0	5e-05	4e-05	2e-05	4e-05	4e-05	3e-05	2e-05	0.0	0.0	0.0	0.0	0.0	0.0	0.0	0.0	0.0	0.0	0.0	7e-05	0.00012	0.00021	0.0	0.0	0.00036	0.0	0.0	0.0	0.0	0.0	8e-05	0.0	0.0	0.00012	0.0002	0.0	0.0	5e-05	0.00014	9e-05	4e-05	0.00014	5e-05	
6e-05	6e-05	4e-05	0.00015	0.00016	5e-05	4e-05	0.00029	0.0	0.0	0.0	0.0	0.0	0.0	0.0	0.0	0.0	0.0	0.0	0.0	0.0	0.0	0.0	0.0	0.0	0.0	0.0	0.0	0.0	0.0	0.0	0.0	0.0	0.00014	2e-05	4e-05	5e-05	2e-05	6e-05	0.0	0.0	5e-05	4e-05	2e-05	4e-05	4e-05	3e-05	2e-05	0.0	0.0	0.0	0.0	0.0	0.0	0.0	0.0	0.0	0.0	0.0	7e-05	0.00012	0.00021	0.0	0.0	0.00036	0.0	0.0	0.0	0.0	0.0	8e-05	0.0	0.0	0.00012	0.0002	0.0	0.0	5e-05	0.00014	9e-05	4e-05	0.00014	5e-05	
6e-05	6e-05	4e-05	0.00015	0.00016	5e-05	4e-05	0.00029	0.0	0.0	0.0	0.0	0.0	0.0	0.0	0.0	0.0	0.0	0.0	0.0	0.0	0.0	0.0	0.0	0.0	0.0	0.0	0.0	0.0	0.0	0.0	0.0	0.0	0.00014	2e-05	4e-05	5e-05	2e-05	6e-05	0.0	0.0	5e-05	4e-05	2e-05	4e-05	4e-05	3e-05	2e-05	0.0	0.0	0.0	0.0	0.0	0.0	0.0	0.0	0.0	0.0	0.0	7e-05	0.00012	0.00021	0.0	0.0	0.00036	0.0	0.0	0.0	0.0	0.0	8e-05	0.0	0.0	0.00012	0.0002	0.0	0.0	5e-05	0.00014	9e-05	4e-05	0.00014	5e-05	
6e-05	6e-05	4e-05	0.00015	0.00016	5e-05	4e-05	0.00029	0.0	0.0	0.0	0.0	0.0	0.0	0.0	0.0	0.0	0.0	0.0	0.0	0.0	0.0	0.0	0.0	0.0	0.0	0.0	0.0	0.0	0.0	0.0	0.0	0.0	0.00014	2e-05	4e-05	5e-05	2e-05	6e-05	0.0	0.0	5e-05	4e-05	2e-05	4e-05	4e-05	3e-05	2e-05	0.0	0.0	0.0	0.0	0.0	0.0	0.0	0.0	0.0	0.0	0.0	7e-05	0.00012	0.00021	0.0	0.0	0.00036	0.0	0.0	0.0	0.0	0.0	8e-05	0.0	0.0	0.00012	0.0002	0.0	0.0	5e-05	0.00014	9e-05	4e-05	0.00014	5e-05	
6e-05	6e-05	4e-05	0.00015	0.00016	5e-05	4e-05	0.00029	0.0	0.0	0.0	0.0	0.0	0.0	0.0	0.0	0.0	0.0	0.0	0.0	0.0	0.0	0.0	0.0	0.0	0.0	0.0	0.0	0.0	0.0	0.0	0.0	0.0	0.00014	2e-05	4e-05	5e-05	2e-05	6e-05	0.0	0.0	5e-05	4e-05	2e-05	4e-05	4e-05	3e-05	2e-05	0.0	0.0	0.0	0.0	0.0	0.0	0.0	0.0	0.0	0.0	0.0	7e-05	0.00012	0.00021	0.0	0.0	0.00036	0.0	0.0	0.0	0.0	0.0	8e-05	0.0	0.0	0.00012	0.0002	0.0	0.0	5e-05	0.00014	9e-05	4e-05	0.00014	5e-05	
6e-05	6e-05	4e-05	0.00015	0.00016	5e-05	4e-05	0.00029	0.0	0.0	0.0	0.0	0.0	0.0	0.0	0.0	0.0	0.0	0.0	0.0	0.0	0.0	0.0	0.0	0.0	0.0	0.0	0.0	0.0	0.0	0.0	0.0	0.0	0.00014	2e-05	4e-05	5e-05	2e-05	6e-05	0.0	0.0	5e-05	4e-05	2e-05	4e-05	4e-05	3e-05	2e-05	0.0	0.0	0.0	0.0	0.0	0.0	0.0	0.0	0.0	0.0	0.0	7e-05	0.00012	0.00021	0.0	0.0	0.00036	0.0	0.0	0.0	0.0	0.0	8e-05	0.0	0.0	0.00012	0.0002	0.0	0.0	5e-05	0.00014	9e-05	4e-05	0.00014	5e-05	
6e-05	6e-05	4e-05	0.00015	0.00016	5e-05	4e-05	0.00029	0.0	0.0	0.0	0.0	0.0	0.0	0.0	0.0	0.0	0.0	0.0	0.0	0.0	0.0	0.0	0.0	0.0	0.0	0.0	0.0	0.0	0.0	0.0	0.0	0.0	0.00014	2e-05	4e-05	5e-05	2e-05	6e-05	0.0	0.0	5e-05	4e-05	2e-05	4e-05	4e-05	3e-05	2e-05	0.0	0.0	0.0	0.0	0.0	0.0	0.0	0.0	0.0	0.0	0.0	7e-05	0.00012	0.00021	0.0	0.0	0.00036	0.0	0.0	0.0	0.0	0.0	8e-05	0.0	0.0	0.00012	0.0002	0.0	0.0	5e-05	0.00014	9e-05	4e-05	0.00014	5e-05	
6e-05	6e-05	4e-05	0.00015	0.00016	5e-05	4e-05	0.00029	0.0	0.0	0.0	0.0	0.0	0.0	0.0	0.0	0.0	0.0	0.0	0.0	0.0	0.0	0.0	0.0	0.0	0.0	0.0	0.0	0.0	0.0	0.0	0.0	0.0	0.00014	2e-05	4e-05	5e-05	2e-05	6e-05	0.0	0.0	5e-05	4e-05	2e-05	4e-05	4e-05	3e-05	2e-05	0.0	0.0	0.0	0.0	0.0	0.0	0.0	0.0	0.0	0.0	0.0	7e-05	0.00012	0.00021	0.0	0.0	0.00036	0.0	0.0	0.0	0.0	0.0	8e-05	0.0	0.0	0.00012	0.0002	0.0	0.0	5e-05	0.00014	9e-05	4e-05	0.00014	5e-05	
0.0566	0.04268	0.06647	0.24555	0.01481	0.03278	0.00542	0.0091	0.00014	0.00014	0.00014	0.00014	0.00014	0.00014	0.00014	0.00014	0.00014	0.00014	0.00304	0.00014	0.00014	0.00014	0.00014	0.00014	0.00014	0.00014	0.00014	0.00014	0.00014	0.00014	0.00014	0.00014	0.00014	0.0	0.0726	0.14479	0.08692	0.02937	0.11339	0.0	0.0	0.03632	0.04432	0.0457	0.05483	0.08594	0.04978	0.10085	0.0	0.0	0.0	0.0	0.0	0.00014	0.00014	0.00014	0.00014	0.00014	0.00014	0.04348	0.02285	0.01454	0.00014	0.00014	0.37735	0.00014	0.00014	0.00014	0.00014	0.00014	0.07654	0.00014	0.00014	0.02275	0.24948	0.00014	0.00014	0.00428	0.0267	0.0195	0.06754	0.229	0.0487	
0.01161	0.19126	0.17629	0.0928	0.00412	0.09207	0.0664	0.01828	2e-05	2e-05	2e-05	2e-05	2e-05	2e-05	2e-05	2e-05	2e-05	2e-05	0.00505	2e-05	2e-05	2e-05	2e-05	2e-05	2e-05	2e-05	2e-05	2e-05	2e-05	2e-05	2e-05	2e-05	2e-05	0.0726	0.0	0.10381	0.11711	0.14438	0.16271	0.0	0.0	0.06759	0.05019	0.11151	0.21092	0.14606	0.07425	0.10771	0.0	0.0	0.0	0.0	0.0	2e-05	2e-05	2e-05	2e-05	2e-05	2e-05	0.12272	0.05453	0.03153	2e-05	2e-05	0.04776	2e-05	2e-05	2e-05	2e-05	2e-05	0.10948	2e-05	2e-05	0.05423	0.1339	2e-05	2e-05	0.01422	0.02241	0.04738	0.1033	0.06535	0.13225	
0.06204	0.23883	0.19165	0.14384	0.08987	0.06744	0.19195	0.01337	4e-05	4e-05	4e-05	4e-05	4e-05	4e-05	4e-05	4e-05	4e-05	4e-05	0.00367	4e-05	4e-05	4e-05	4e-05	4e-05	4e-05	4e-05	4e-05	4e-05	4e-05	4e-05	4e-05	4e-05	4e-05	0.14479	0.10381	0.0	0.21341	0.21504	0.14588	0.0	0.0	0.26555	0.12023	0.1679	0.16115	0.2407	0.10903	0.36576	0.0	0.0	0.0	0.0	0.0	4e-05	4e-05	4e-05	4e-05	4e-05	4e-05	0.08864	0.03991	0.02308	4e-05	4e-05	0.13887	4e-05	4e-05	4e-05	4e-05	4e-05	0.14232	4e-05	4e-05	0.03969	0.1061	4e-05	4e-05	0.03264	0.15736	0.08606	0.15881	0.29141	0.23795	
0.08988	0.17736	0.14083	0.16245	0.22104	0.10668	0.0346	0.02055	5e-05	5e-05	5e-05	5e-05	5e-05	5e-05	5e-05	5e-05	5e-05	5e-05	0.00981	5e-05	5e-05	5e-05	5e-05	5e-05	5e-05	5e-05	5e-05	5e-05	5e-05	5e-05	5e-05	5e-05	5e-05	0.08692	0.11711	0.21341	0.0	0.14146	0.19375	0.0	0.0	0.14109	0.14976	0.19505	0.11419	0.13099	0.08986	0.20679	0.0	0.0	0.0	0.0	0.0	5e-05	5e-05	5e-05	5e-05	5e-05	5e-05	0.14315	0.0621	0.03561	5e-05	5e-05	0.07799	5e-05	5e-05	5e-05	5e-05	5e-05	0.1438	5e-05	5e-05	0.08931	0.11172	5e-05	5e-05	0.25744	0.01607	0.05395	0.17304	0.15916	0.16135	
0.04852	0.1615	0.11997	0.15495	0.00354	0.07043	0.01348	0.0145	2e-05	2e-05	2e-05	2e-05	2e-05	2e-05	2e-05	2e-05	2e-05	2e-05	0.02887	2e-05	2e-05	2e-05	2e-05	2e-05	2e-05	2e-05	2e-05	2e-05	2e-05	2e-05	2e-05	2e-05	2e-05	0.02937	0.14438	0.21504	0.14146	0.0	0.15468	0.0	0.0	0.20122	0.38791	0.26402	0.18596	0.36273	0.097	0.24537	0.0	0.0	0.0	0.0	0.0	2e-05	2e-05	2e-05	2e-05	2e-05	2e-05	0.09299	0.04254	0.02485	2e-05	2e-05	0.03739	2e-05	2e-05	2e-05	2e-05	2e-05	0.08209	2e-05	2e-05	0.15852	0.09342	2e-05	2e-05	0.02582	0.11967	0.03701	0.16995	0.11605	0.21276	
0.06624	0.21227	0.06202	0.38524	0.0678	0.03851	0.11937	0.06219	6e-05	6e-05	6e-05	6e-05	6e-05	6e-05	6e-05	6e-05	6e-05	6e-05	0.06041	6e-05	6e-05	6e-05	6e-05	6e-05	6e-05	6e-05	6e-05	6e-05	6e-05	6e-05	6e-05	6e-05	6e-05	0.11339	0.16271	0.14588	0.19375	0.15468	0.0	0.0	0.0	0.14191	0.14501	0.2631	0.19053	0.28971	0.10375	0.20878	0.0	0.0	0.0	0.0	0.0	6e-05	6e-05	6e-05	6e-05	6e-05	6e-05	0.02362	0.03094	0.02362	6e-05	6e-05	0.1997	6e-05	6e-05	6e-05	6e-05	6e-05	0.21836	6e-05	6e-05	0.21886	0.02554	6e-05	6e-05	0.13342	0.04414	0.03562	0.08938	0.19908	0.10496	
0.0	0.0	0.0	0.0	0.0	0.0	0.0	0.0	0.0	0.0	0.0	0.0	0.0	0.0	0.0	0.0	0.0	0.0	0.0	0.0	0.0	0.0	0.0	0.0	0.0	0.0	0.0	0.0	0.0	0.0	0.0	0.0	0.0	0.0	0.0	0.0	0.0	0.0	0.0	0.0	0.0	0.0	0.0	0.0	0.0	0.0	0.0	0.0	0.0	0.0	0.0	0.0	0.0	0.0	0.0	0.0	0.0	0.0	0.0	0.0	0.0	0.0	0.0	0.0	0.0	0.0	0.0	0.0	0.0	0.0	0.0	0.0	0.0	0.0	0.0	0.0	0.0	0.0	0.0	0.0	0.0	0.0	0.0	
0.0	0.0	0.0	0.0	0.0	0.0	0.0	0.0	0.0	0.0	0.0	0.0	0.0	0.0	0.0	0.0	0.0	0.0	0.0	0.0	0.0	0.0	0.0	0.0	0.0	0.0	0.0	0.0	0.0	0.0	0.0	0.0	0.0	0.0	0.0	0.0	0.0	0.0	0.0	0.0	0.0	0.0	0.0	0.0	0.0	0.0	0.0	0.0	0.0	0.0	0.0	0.0	0.0	0.0	0.0	0.0	0.0	0.0	0.0	0.0	0.0	0.0	0.0	0.0	0.0	0.0	0.0	0.0	0.0	0.0	0.0	0.0	0.0	0.0	0.0	0.0	0.0	0.0	0.0	0.0	0.0	0.0	0.0	
0.05235	0.19814	0.15848	0.13723	0.17191	0.12599	0.09717	0.02538	5e-05	5e-05	5e-05	5e-05	5e-05	5e-05	5e-05	5e-05	5e-05	5e-05	0.00773	5e-05	5e-05	5e-05	5e-05	5e-05	5e-05	5e-05	5e-05	5e-05	5e-05	5e-05	5e-05	5e-05	5e-05	0.03632	0.06759	0.26555	0.14109	0.20122	0.14191	0.0	0.0	0.0	0.20168	0.20425	0.35688	0.47388	0.07521	0.24724	0.0	0.0	0.0	0.0	0.0	5e-05	5e-05	5e-05	5e-05	5e-05	5e-05	0.08229	0.0809	0.04147	5e-05	5e-05	0.06442	5e-05	5e-05	5e-05	5e-05	5e-05	0.35966	5e-05	5e-05	0.07391	0.04876	5e-05	5e-05	0.05571	0.15943	0.10136	0.28575	0.20412	0.18332	
0.07891	0.10461	0.14272	0.1421	0.0024	0.13632	0.03737	0.02678	4e-05	4e-05	4e-05	4e-05	4e-05	4e-05	4e-05	4e-05	4e-05	4e-05	0.01353	4e-05	4e-05	4e-05	4e-05	4e-05	4e-05	4e-05	4e-05	4e-05	4e-05	4e-05	4e-05	4e-05	4e-05	0.04432	0.05019	0.12023	0.14976	0.38791	0.14501	0.0	0.0	0.20168	0.0	0.23469	0.13229	0.49814	0.11181	0.15753	0.0	0.0	0.0	0.0	0.0	4e-05	4e-05	4e-05	4e-05	4e-05	4e-05	0.08452	0.08391	0.05257	4e-05	4e-05	0.07279	4e-05	4e-05	4e-05	4e-05	4e-05	0.05227	4e-05	4e-05	0.09814	0.05942	4e-05	4e-05	0.07078	0.0434	0.08177	0.107	0.10056	0.11528	
0.2598	0.05904	0.09268	0.28283	0.13924	0.07326	0.09433	0.01085	2e-05	2e-05	2e-05	2e-05	2e-05	2e-05	2e-05	2e-05	2e-05	2e-05	0.14489	2e-05	2e-05	2e-05	2e-05	2e-05	2e-05	2e-05	2e-05	2e-05	2e-05	2e-05	2e-05	2e-05	2e-05	0.0457	0.11151	0.1679	0.19505	0.26402	0.2631	0.0	0.0	0.20425	0.23469	0.0	0.16345	0.30706	0.12333	0.26246	0.0	0.0	0.0	0.0	0.0	2e-05	2e-05	2e-05	2e-05	2e-05	2e-05	0.05292	0.03168	0.01857	2e-05	2e-05	0.02788	2e-05	2e-05	2e-05	2e-05	2e-05	0.21197	2e-05	2e-05	0.33301	0.02005	2e-05	2e-05	0.13364	0.05606	0.02763	0.23082	0.19183	0.23658	
0.10506	0.32697	0.38501	0.06365	0.19973	0.06312	0.09737	0.01271	4e-05	4e-05	4e-05	4e-05	4e-05	4e-05	4e-05	4e-05	4e-05	4e-05	0.00319	4e-05	4e-05	4e-05	4e-05	4e-05	4e-05	4e-05	4e-05	4e-05	4e-05	4e-05	4e-05	4e-05	4e-05	0.05483	0.21092	0.16115	0.11419	0.18596	0.19053	0.0	0.0	0.35688	0.13229	0.16345	0.0	0.28769	0.23093	0.13861	0.0	0.0	0.0	0.0	0.0	4e-05	4e-05	4e-05	4e-05	4e-05	4e-05	0.08286	0.03767	0.02188	4e-05	4e-05	0.03306	4e-05	4e-05	4e-05	4e-05	4e-05	0.23236	4e-05	4e-05	0.03747	0.02364	4e-05	4e-05	0.07918	0.08224	0.07618	0.20761	0.23641	0.22016	
0.30859	0.16206	0.34357	0.19718	0.20895	0.13396	0.16845	0.0293	4e-05	4e-05	4e-05	4e-05	4e-05	4e-05	4e-05	4e-05	4e-05	4e-05	0.02407	4e-05	4e-05	4e-05	4e-05	4e-05	4e-05	4e-05	4e-05	4e-05	4e-05	4e-05	4e-05	4e-05	4e-05	0.08594	0.14606	0.2407	0.13099	0.36273	0.28971	0.0	0.0	0.47388	0.49814	0.30706	0.28769	0.0	0.20433	0.06608	0.0	0.0	0.0	0.0	0.0	4e-05	4e-05	4e-05	4e-05	4e-05	4e-05	0.17437	0.05643	0.0782	4e-05	4e-05	0.08098	4e-05	4e-05	4e-05	4e-05	4e-05	0.25465	4e-05	4e-05	0.13646	0.08502	4e-05	4e-05	0.177	0.06746	0.22353	0.29674	0.15589	0.20343	
0.0136	0.21526	0.26534	0.1542	0.16349	0.06096	0.01817	0.01622	3e-05	3e-05	3e-05	3e-05	3e-05	3e-05	3e-05	3e-05	3e-05	3e-05	0.0226	3e-05	3e-05	3e-05	3e-05	3e-05	3e-05	3e-05	3e-05	3e-05	3e-05	3e-05	3e-05	3e-05	3e-05	0.04978	0.07425	0.10903	0.08986	0.097	0.10375	0.0	0.0	0.07521	0.11181	0.12333	0.23093	0.20433	0.0	0.12389	0.0	0.0	0.0	0.0	0.0	3e-05	3e-05	3e-05	3e-05	3e-05	3e-05	0.08275	0.03253	0.02723	3e-05	3e-05	0.1028	3e-05	3e-05	3e-05	3e-05	3e-05	0.09673	3e-05	3e-05	0.07894	0.02936	3e-05	3e-05	0.22064	0.042	0.21747	0.0941	0.12529	0.06452	
0.03803	0.15162	0.07764	0.28787	0.03222	0.14526	0.09956	0.0193	2e-05	2e-05	2e-05	2e-05	2e-05	2e-05	2e-05	2e-05	2e-05	2e-05	0.05221	2e-05	2e-05	2e-05	2e-05	2e-05	2e-05	2e-05	2e-05	2e-05	2e-05	2e-05	2e-05	2e-05	2e-05	0.10085	0.10771	0.36576	0.20679	0.24537	0.20878	0.0	0.0	0.24724	0.15753	0.26246	0.13861	0.06608	0.12389	0.0	0.0	0.0	0.0	0.0	0.0	2e-05	2e-05	2e-05	2e-05	2e-05	2e-05	0.0686	0.0578	0.10756	2e-05	2e-05	0.08672	2e-05	2e-05	2e-05	2e-05	2e-05	0.18182	2e-05	2e-05	0.21021	0.07499	2e-05	2e-05	0.02136	0.0907	0.04991	0.08138	0.11742	0.13376	
0.0	0.0	0.0	0.0	0.0	0.0	0.0	0.0	0.0	0.0	0.0	0.0	0.0	0.0	0.0	0.0	0.0	0.0	0.0	0.0	0.0	0.0	0.0	0.0	0.0	0.0	0.0	0.0	0.0	0.0	0.0	0.0	0.0	0.0	0.0	0.0	0.0	0.0	0.0	0.0	0.0	0.0	0.0	0.0	0.0	0.0	0.0	0.0	0.0	0.0	0.0	0.0	0.0	0.0	0.0	0.0	0.0	0.0	0.0	0.0	0.0	0.0	0.0	0.0	0.0	0.0	0.0	0.0	0.0	0.0	0.0	0.0	0.0	0.0	0.0	0.0	0.0	0.0	0.0	0.0	0.0	0.0	0.0	
0.0	0.0	0.0	0.0	0.0	0.0	0.0	0.0	0.0	0.0	0.0	0.0	0.0	0.0	0.0	0.0	0.0	0.0	0.0	0.0	0.0	0.0	0.0	0.0	0.0	0.0	0.0	0.0	0.0	0.0	0.0	0.0	0.0	0.0	0.0	0.0	0.0	0.0	0.0	0.0	0.0	0.0	0.0	0.0	0.0	0.0	0.0	0.0	0.0	0.0	0.0	0.0	0.0	0.0	0.0	0.0	0.0	0.0	0.0	0.0	0.0	0.0	0.0	0.0	0.0	0.0	0.0	0.0	0.0	0.0	0.0	0.0	0.0	0.0	0.0	0.0	0.0	0.0	0.0	0.0	0.0	0.0	0.0	
0.0	0.0	0.0	0.0	0.0	0.0	0.0	0.0	0.0	0.0	0.0	0.0	0.0	0.0	0.0	0.0	0.0	0.0	0.0	0.0	0.0	0.0	0.0	0.0	0.0	0.0	0.0	0.0	0.0	0.0	0.0	0.0	0.0	0.0	0.0	0.0	0.0	0.0	0.0	0.0	0.0	0.0	0.0	0.0	0.0	0.0	0.0	0.0	0.0	0.0	0.0	0.0	0.0	0.0	0.0	0.0	0.0	0.0	0.0	0.0	0.0	0.0	0.0	0.0	0.0	0.0	0.0	0.0	0.0	0.0	0.0	0.0	0.0	0.0	0.0	0.0	0.0	0.0	0.0	0.0	0.0	0.0	0.0	
0.0	0.0	0.0	0.0	0.0	0.0	0.0	0.0	0.0	0.0	0.0	0.0	0.0	0.0	0.0	0.0	0.0	0.0	0.0	0.0	0.0	0.0	0.0	0.0	0.0	0.0	0.0	0.0	0.0	0.0	0.0	0.0	0.0	0.0	0.0	0.0	0.0	0.0	0.0	0.0	0.0	0.0	0.0	0.0	0.0	0.0	0.0	0.0	0.0	0.0	0.0	0.0	0.0	0.0	0.0	0.0	0.0	0.0	0.0	0.0	0.0	0.0	0.0	0.0	0.0	0.0	0.0	0.0	0.0	0.0	0.0	0.0	0.0	0.0	0.0	0.0	0.0	0.0	0.0	0.0	0.0	0.0	0.0	
0.0	0.0	0.0	0.0	0.0	0.0	0.0	0.0	0.0	0.0	0.0	0.0	0.0	0.0	0.0	0.0	0.0	0.0	0.0	0.0	0.0	0.0	0.0	0.0	0.0	0.0	0.0	0.0	0.0	0.0	0.0	0.0	0.0	0.0	0.0	0.0	0.0	0.0	0.0	0.0	0.0	0.0	0.0	0.0	0.0	0.0	0.0	0.0	0.0	0.0	0.0	0.0	0.0	0.0	0.0	0.0	0.0	0.0	0.0	0.0	0.0	0.0	0.0	0.0	0.0	0.0	0.0	0.0	0.0	0.0	0.0	0.0	0.0	0.0	0.0	0.0	0.0	0.0	0.0	0.0	0.0	0.0	0.0	
6e-05	6e-05	4e-05	0.00015	0.00016	5e-05	4e-05	0.00029	0.0	0.0	0.0	0.0	0.0	0.0	0.0	0.0	0.0	0.0	0.0	0.0	0.0	0.0	0.0	0.0	0.0	0.0	0.0	0.0	0.0	0.0	0.0	0.0	0.0	0.00014	2e-05	4e-05	5e-05	2e-05	6e-05	0.0	0.0	5e-05	4e-05	2e-05	4e-05	4e-05	3e-05	2e-05	0.0	0.0	0.0	0.0	0.0	0.0	0.0	0.0	0.0	0.0	0.0	7e-05	0.00012	0.00021	0.0	0.0	0.00036	0.0	0.0	0.0	0.0	0.0	8e-05	0.0	0.0	0.00012	0.0002	0.0	0.0	5e-05	0.00014	9e-05	4e-05	0.00014	5e-05	
6e-05	6e-05	4e-05	0.00015	0.00016	5e-05	4e-05	0.00029	0.0	0.0	0.0	0.0	0.0	0.0	0.0	0.0	0.0	0.0	0.0	0.0	0.0	0.0	0.0	0.0	0.0	0.0	0.0	0.0	0.0	0.0	0.0	0.0	0.0	0.00014	2e-05	4e-05	5e-05	2e-05	6e-05	0.0	0.0	5e-05	4e-05	2e-05	4e-05	4e-05	3e-05	2e-05	0.0	0.0	0.0	0.0	0.0	0.0	0.0	0.0	0.0	0.0	0.0	7e-05	0.00012	0.00021	0.0	0.0	0.00036	0.0	0.0	0.0	0.0	0.0	8e-05	0.0	0.0	0.00012	0.0002	0.0	0.0	5e-05	0.00014	9e-05	4e-05	0.00014	5e-05	
6e-05	6e-05	4e-05	0.00015	0.00016	5e-05	4e-05	0.00029	0.0	0.0	0.0	0.0	0.0	0.0	0.0	0.0	0.0	0.0	0.0	0.0	0.0	0.0	0.0	0.0	0.0	0.0	0.0	0.0	0.0	0.0	0.0	0.0	0.0	0.00014	2e-05	4e-05	5e-05	2e-05	6e-05	0.0	0.0	5e-05	4e-05	2e-05	4e-05	4e-05	3e-05	2e-05	0.0	0.0	0.0	0.0	0.0	0.0	0.0	0.0	0.0	0.0	0.0	7e-05	0.00012	0.00021	0.0	0.0	0.00036	0.0	0.0	0.0	0.0	0.0	8e-05	0.0	0.0	0.00012	0.0002	0.0	0.0	5e-05	0.00014	9e-05	4e-05	0.00014	5e-05	
6e-05	6e-05	4e-05	0.00015	0.00016	5e-05	4e-05	0.00029	0.0	0.0	0.0	0.0	0.0	0.0	0.0	0.0	0.0	0.0	0.0	0.0	0.0	0.0	0.0	0.0	0.0	0.0	0.0	0.0	0.0	0.0	0.0	0.0	0.0	0.00014	2e-05	4e-05	5e-05	2e-05	6e-05	0.0	0.0	5e-05	4e-05	2e-05	4e-05	4e-05	3e-05	2e-05	0.0	0.0	0.0	0.0	0.0	0.0	0.0	0.0	0.0	0.0	0.0	7e-05	0.00012	0.00021	0.0	0.0	0.00036	0.0	0.0	0.0	0.0	0.0	8e-05	0.0	0.0	0.00012	0.0002	0.0	0.0	5e-05	0.00014	9e-05	4e-05	0.00014	5e-05	
6e-05	6e-05	4e-05	0.00015	0.00016	5e-05	4e-05	0.00029	0.0	0.0	0.0	0.0	0.0	0.0	0.0	0.0	0.0	0.0	0.0	0.0	0.0	0.0	0.0	0.0	0.0	0.0	0.0	0.0	0.0	0.0	0.0	0.0	0.0	0.00014	2e-05	4e-05	5e-05	2e-05	6e-05	0.0	0.0	5e-05	4e-05	2e-05	4e-05	4e-05	3e-05	2e-05	0.0	0.0	0.0	0.0	0.0	0.0	0.0	0.0	0.0	0.0	0.0	7e-05	0.00012	0.00021	0.0	0.0	0.00036	0.0	0.0	0.0	0.0	0.0	8e-05	0.0	0.0	0.00012	0.0002	0.0	0.0	5e-05	0.00014	9e-05	4e-05	0.00014	5e-05	
6e-05	6e-05	4e-05	0.00015	0.00016	5e-05	4e-05	0.00029	0.0	0.0	0.0	0.0	0.0	0.0	0.0	0.0	0.0	0.0	0.0	0.0	0.0	0.0	0.0	0.0	0.0	0.0	0.0	0.0	0.0	0.0	0.0	0.0	0.0	0.00014	2e-05	4e-05	5e-05	2e-05	6e-05	0.0	0.0	5e-05	4e-05	2e-05	4e-05	4e-05	3e-05	2e-05	0.0	0.0	0.0	0.0	0.0	0.0	0.0	0.0	0.0	0.0	0.0	7e-05	0.00012	0.00021	0.0	0.0	0.00036	0.0	0.0	0.0	0.0	0.0	8e-05	0.0	0.0	0.00012	0.0002	0.0	0.0	5e-05	0.00014	9e-05	4e-05	0.00014	5e-05	
0.01452	0.06229	0.54466	0.04703	0.11365	0.50851	0.16089	0.07983	7e-05	7e-05	7e-05	7e-05	7e-05	7e-05	7e-05	7e-05	7e-05	7e-05	0.00281	7e-05	7e-05	7e-05	7e-05	7e-05	7e-05	7e-05	7e-05	7e-05	7e-05	7e-05	7e-05	7e-05	7e-05	0.04348	0.12272	0.08864	0.14315	0.09299	0.02362	0.0	0.0	0.08229	0.08452	0.05292	0.08286	0.17437	0.08275	0.0686	0.0	0.0	0.0	0.0	0.0	7e-05	7e-05	7e-05	7e-05	7e-05	7e-05	0.0	0.25562	0.13954	7e-05	7e-05	0.02798	7e-05	7e-05	7e-05	7e-05	7e-05	0.12047	7e-05	7e-05	0.03118	0.02076	7e-05	7e-05	0.23094	0.03697	0.02688	0.2922	0.05552	0.02851	
0.00021	0.03016	0.15494	0.02353	0.05358	0.10309	0.13065	0.19939	0.00012	0.00012	0.00012	0.00012	0.00012	0.00012	0.00012	0.00012	0.00012	0.00012	0.00207	0.00012	0.00012	0.00012	0.00012	0.00012	0.00012	0.00012	0.00012	0.00012	0.00012	0.00012	0.00012	0.00012	0.00012	0.02285	0.05453	0.03991	0.0621	0.04254	0.03094	0.0	0.0	0.0809	0.08391	0.03168	0.03767	0.05643	0.03253	0.0578	0.0	0.0	0.0	0.0	0.0	0.00012	0.00012	0.00012	0.00012	0.00012	0.00012	0.25562	0.0	0.0112	0.00012	0.00012	0.01557	0.00012	0.00012	0.00012	0.00012	0.00012	0.05333	0.00012	0.00012	0.01704	0.01191	0.00012	0.00012	0.0968	0.01981	0.0145	0.04958	0.02721	0.03813	
0.02443	0.01814	0.08323	0.01445	0.03206	0.36576	0.03726	0.00518	0.00021	0.00021	0.00021	0.00021	0.00021	0.00021	0.00021	0.00021	0.00021	0.00021	0.00126	0.00021	0.00021	0.00021	0.00021	0.00021	0.00021	0.00021	0.00021	0.00021	0.00021	0.00021	0.00021	0.00021	0.00021	0.01454	0.03153	0.02308	0.03561	0.02485	0.02362	0.0	0.0	0.04147	0.05257	0.01857	0.02188	0.0782	0.02723	0.10756	0.0	0.0	0.0	0.0	0.0	0.00021	0.00021	0.00021	0.00021	0.00021	0.00021	0.13954	0.0112	0.0	0.00021	0.00021	0.01036	0.00021	0.00021	0.00021	0.00021	0.00021	0.03077	0.00021	0.00021	0.01116	0.00812	0.00021	0.00021	0.05543	0.01278	0.00938	0.0781	0.01649	0.08802	
6e-05	6e-05	4e-05	0.00015	0.00016	5e-05	4e-05	0.00029	0.0	0.0	0.0	0.0	0.0	0.0	0.0	0.0	0.0	0.0	0.0	0.0	0.0	0.0	0.0	0.0	0.0	0.0	0.0	0.0	0.0	0.0	0.0	0.0	0.0	0.00014	2e-05	4e-05	5e-05	2e-05	6e-05	0.0	0.0	5e-05	4e-05	2e-05	4e-05	4e-05	3e-05	2e-05	0.0	0.0	0.0	0.0	0.0	0.0	0.0	0.0	0.0	0.0	0.0	7e-05	0.00012	0.00021	0.0	0.0	0.00036	0.0	0.0	0.0	0.0	0.0	8e-05	0.0	0.0	0.00012	0.0002	0.0	0.0	5e-05	0.00014	9e-05	4e-05	0.00014	5e-05	
6e-05	6e-05	4e-05	0.00015	0.00016	5e-05	4e-05	0.00029	0.0	0.0	0.0	0.0	0.0	0.0	0.0	0.0	0.0	0.0	0.0	0.0	0.0	0.0	0.0	0.0	0.0	0.0	0.0	0.0	0.0	0.0	0.0	0.0	0.0	0.00014	2e-05	4e-05	5e-05	2e-05	6e-05	0.0	0.0	5e-05	4e-05	2e-05	4e-05	4e-05	3e-05	2e-05	0.0	0.0	0.0	0.0	0.0	0.0	0.0	0.0	0.0	0.0	0.0	7e-05	0.00012	0.00021	0.0	0.0	0.00036	0.0	0.0	0.0	0.0	0.0	8e-05	0.0	0.0	0.00012	0.0002	0.0	0.0	5e-05	0.00014	9e-05	4e-05	0.00014	5e-05	
0.03573	0.02674	0.04005	0.48437	0.10454	0.02101	0.05611	0.00679	0.00036	0.00036	0.00036	0.00036	0.00036	0.00036	0.00036	0.00036	0.00036	0.00036	0.00331	0.00036	0.00036	0.00036	0.00036	0.00036	0.00036	0.00036	0.00036	0.00036	0.00036	0.00036	0.00036	0.00036	0.00036	0.37735	0.04776	0.13887	0.07799	0.03739	0.1997	0.0	0.0	0.06442	0.07279	0.02788	0.03306	0.08098	0.1028	0.08672	0.0	0.0	0.0	0.0	0.0	0.00036	0.00036	0.00036	0.00036	0.00036	0.00036	0.02798	0.01557	0.01036	0.00036	0.00036	0.0	0.00036	0.00036	0.00036	0.00036	0.00036	0.14634	0.00036	0.00036	0.0155	0.01099	0.00036	0.00036	0.04962	0.01793	0.01316	0.03995	0.43035	0.13873	
6e-05	6e-05	4e-05	0.00015	0.00016	5e-05	4e-05	0.00029	0.0	0.0	0.0	0.0	0.0	0.0	0.0	0.0	0.0	0.0	0.0	0.0	0.0	0.0	0.0	0.0	0.0	0.0	0.0	0.0	0.0	0.0	0.0	0.0	0.0	0.00014	2e-05	4e-05	5e-05	2e-05	6e-05	0.0	0.0	5e-05	4e-05	2e-05	4e-05	4e-05	3e-05	2e-05	0.0	0.0	0.0	0.0	0.0	0.0	0.0	0.0	0.0	0.0	0.0	7e-05	0.00012	0.00021	0.0	0.0	0.00036	0.0	0.0	0.0	0.0	0.0	8e-05	0.0	0.0	0.00012	0.0002	0.0	0.0	5e-05	0.00014	9e-05	4e-05	0.00014	5e-05	
6e-05	6e-05	4e-05	0.00015	0.00016	5e-05	4e-05	0.00029	0.0	0.0	0.0	0.0	0.0	0.0	0.0	0.0	0.0	0.0	0.0	0.0	0.0	0.0	0.0	0.0	0.0	0.0	0.0	0.0	0.0	0.0	0.0	0.0	0.0	0.00014	2e-05	4e-05	5e-05	2e-05	6e-05	0.0	0.0	5e-05	4e-05	2e-05	4e-05	4e-05	3e-05	2e-05	0.0	0.0	0.0	0.0	0.0	0.0	0.0	0.0	0.0	0.0	0.0	7e-05	0.00012	0.00021	0.0	0.0	0.00036	0.0	0.0	0.0	0.0	0.0	8e-05	0.0	0.0	0.00012	0.0002	0.0	0.0	5e-05	0.00014	9e-05	4e-05	0.00014	5e-05	
6e-05	6e-05	4e-05	0.00015	0.00016	5e-05	4e-05	0.00029	0.0	0.0	0.0	0.0	0.0	0.0	0.0	0.0	0.0	0.0	0.0	0.0	0.0	0.0	0.0	0.0	0.0	0.0	0.0	0.0	0.0	0.0	0.0	0.0	0.0	0.00014	2e-05	4e-05	5e-05	2e-05	6e-05	0.0	0.0	5e-05	4e-05	2e-05	4e-05	4e-05	3e-05	2e-05	0.0	0.0	0.0	0.0	0.0	0.0	0.0	0.0	0.0	0.0	0.0	7e-05	0.00012	0.00021	0.0	0.0	0.00036	0.0	0.0	0.0	0.0	0.0	8e-05	0.0	0.0	0.00012	0.0002	0.0	0.0	5e-05	0.00014	9e-05	4e-05	0.00014	5e-05	
6e-05	6e-05	4e-05	0.00015	0.00016	5e-05	4e-05	0.00029	0.0	0.0	0.0	0.0	0.0	0.0	0.0	0.0	0.0	0.0	0.0	0.0	0.0	0.0	0.0	0.0	0.0	0.0	0.0	0.0	0.0	0.0	0.0	0.0	0.0	0.00014	2e-05	4e-05	5e-05	2e-05	6e-05	0.0	0.0	5e-05	4e-05	2e-05	4e-05	4e-05	3e-05	2e-05	0.0	0.0	0.0	0.0	0.0	0.0	0.0	0.0	0.0	0.0	0.0	7e-05	0.00012	0.00021	0.0	0.0	0.00036	0.0	0.0	0.0	0.0	0.0	8e-05	0.0	0.0	0.00012	0.0002	0.0	0.0	5e-05	0.00014	9e-05	4e-05	0.00014	5e-05	
6e-05	6e-05	4e-05	0.00015	0.00016	5e-05	4e-05	0.00029	0.0	0.0	0.0	0.0	0.0	0.0	0.0	0.0	0.0	0.0	0.0	0.0	0.0	0.0	0.0	0.0	0.0	0.0	0.0	0.0	0.0	0.0	0.0	0.0	0.0	0.00014	2e-05	4e-05	5e-05	2e-05	6e-05	0.0	0.0	5e-05	4e-05	2e-05	4e-05	4e-05	3e-05	2e-05	0.0	0.0	0.0	0.0	0.0	0.0	0.0	0.0	0.0	0.0	0.0	7e-05	0.00012	0.00021	0.0	0.0	0.00036	0.0	0.0	0.0	0.0	0.0	8e-05	0.0	0.0	0.00012	0.0002	0.0	0.0	5e-05	0.00014	9e-05	4e-05	0.00014	5e-05	
0.02677	0.05807	0.25018	0.42155	0.23227	0.09052	0.09906	0.01783	8e-05	8e-05	8e-05	8e-05	8e-05	8e-05	8e-05	8e-05	8e-05	8e-05	0.03211	8e-05	8e-05	8e-05	8e-05	8e-05	8e-05	8e-05	8e-05	8e-05	8e-05	8e-05	8e-05	8e-05	8e-05	0.07654	0.10948	0.14232	0.1438	0.08209	0.21836	0.0	0.0	0.35966	0.05227	0.21197	0.23236	0.25465	0.09673	0.18182	0.0	0.0	0.0	0.0	0.0	8e-05	8e-05	8e-05	8e-05	8e-05	8e-05	0.12047	0.05333	0.03077	8e-05	8e-05	0.14634	8e-05	8e-05	8e-05	8e-05	8e-05	0.0	8e-05	8e-05	0.1713	0.03328	8e-05	8e-05	0.09931	0.03903	0.10006	0.42843	0.26769	0.12716	
6e-05	6e-05	4e-05	0.00015	0.00016	5e-05	4e-05	0.00029	0.0	0.0	0.0	0.0	0.0	0.0	0.0	0.0	0.0	0.0	0.0	0.0	0.0	0.0	0.0	0.0	0.0	0.0	0.0	0.0	0.0	0.0	0.0	0.0	0.0	0.00014	2e-05	4e-05	5e-05	2e-05	6e-05	0.0	0.0	5e-05	4e-05	2e-05	4e-05	4e-05	3e-05	2e-05	0.0	0.0	0.0	0.0	0.0	0.0	0.0	0.0	0.0	0.0	0.0	7e-05	0.00012	0.00021	0.0	0.0	0.00036	0.0	0.0	0.0	0.0	0.0	8e-05	0.0	0.0	0.00012	0.0002	0.0	0.0	5e-05	0.00014	9e-05	4e-05	0.00014	5e-05	
6e-05	6e-05	4e-05	0.00015	0.00016	5e-05	4e-05	0.00029	0.0	0.0	0.0	0.0	0.0	0.0	0.0	0.0	0.0	0.0	0.0	0.0	0.0	0.0	0.0	0.0	0.0	0.0	0.0	0.0	0.0	0.0	0.0	0.0	0.0	0.00014	2e-05	4e-05	5e-05	2e-05	6e-05	0.0	0.0	5e-05	4e-05	2e-05	4e-05	4e-05	3e-05	2e-05	0.0	0.0	0.0	0.0	0.0	0.0	0.0	0.0	0.0	0.0	0.0	7e-05	0.00012	0.00021	0.0	0.0	0.00036	0.0	0.0	0.0	0.0	0.0	8e-05	0.0	0.0	0.00012	0.0002	0.0	0.0	5e-05	0.00014	9e-05	4e-05	0.00014	5e-05	
0.17347	0.03001	0.04539	0.53113	0.11906	0.02343	0.06361	0.00716	0.00012	0.00012	0.00012	0.00012	0.00012	0.00012	0.00012	0.00012	0.00012	0.00012	0.0	0.00012	0.00012	0.00012	0.00012	0.00012	0.00012	0.00012	0.00012	0.00012	0.00012	0.00012	0.00012	0.00012	0.00012	0.02275	0.05423	0.03969	0.08931	0.15852	0.21886	0.0	0.0	0.07391	0.09814	0.33301	0.03747	0.13646	0.07894	0.21021	0.0	0.0	0.0	0.0	0.0	0.00012	0.00012	0.00012	0.00012	0.00012	0.00012	0.03118	0.01704	0.01116	0.00012	0.00012	0.0155	0.00012	0.00012	0.00012	0.00012	0.00012	0.1713	0.00012	0.00012	0.0	0.01187	0.00012	0.00012	0.05613	0.07884	0.01444	0.04548	0.02708	0.03793	
0.02625	0.01952	0.02868	0.0155	0.03451	0.01552	0.05193	0.00543	0.0002	0.0002	0.0002	0.0002	0.0002	0.0002	0.0002	0.0002	0.0002	0.0002	0.00128	0.0002	0.0002	0.0002	0.0002	0.0002	0.0002	0.0002	0.0002	0.0002	0.0002	0.0002	0.0002	0.0002	0.0002	0.24948	0.1339	0.1061	0.11172	0.09342	0.02554	0.0	0.0	0.04876	0.05942	0.02005	0.02364	0.08502	0.02936	0.07499	0.0	0.0	0.0	0.0	0.0	0.0002	0.0002	0.0002	0.0002	0.0002	0.0002	0.02076	0.01191	0.00812	0.0002	0.0002	0.01099	0.0002	0.0002	0.0002	0.0002	0.0002	0.03328	0.0002	0.0002	0.01187	0.0	0.0002	0.0002	0.05997	0.01362	0.00999	0.02832	0.01773	0.0243	
6e-05	6e-05	4e-05	0.00015	0.00016	5e-05	4e-05	0.00029	0.0	0.0	0.0	0.0	0.0	0.0	0.0	0.0	0.0	0.0	0.0	0.0	0.0	0.0	0.0	0.0	0.0	0.0	0.0	0.0	0.0	0.0	0.0	0.0	0.0	0.00014	2e-05	4e-05	5e-05	2e-05	6e-05	0.0	0.0	5e-05	4e-05	2e-05	4e-05	4e-05	3e-05	2e-05	0.0	0.0	0.0	0.0	0.0	0.0	0.0	0.0	0.0	0.0	0.0	7e-05	0.00012	0.00021	0.0	0.0	0.00036	0.0	0.0	0.0	0.0	0.0	8e-05	0.0	0.0	0.00012	0.0002	0.0	0.0	5e-05	0.00014	9e-05	4e-05	0.00014	5e-05	
6e-05	6e-05	4e-05	0.00015	0.00016	5e-05	4e-05	0.00029	0.0	0.0	0.0	0.0	0.0	0.0	0.0	0.0	0.0	0.0	0.0	0.0	0.0	0.0	0.0	0.0	0.0	0.0	0.0	0.0	0.0	0.0	0.0	0.0	0.0	0.00014	2e-05	4e-05	5e-05	2e-05	6e-05	0.0	0.0	5e-05	4e-05	2e-05	4e-05	4e-05	3e-05	2e-05	0.0	0.0	0.0	0.0	0.0	0.0	0.0	0.0	0.0	0.0	0.0	7e-05	0.00012	0.00021	0.0	0.0	0.00036	0.0	0.0	0.0	0.0	0.0	8e-05	0.0	0.0	0.00012	0.0002	0.0	0.0	5e-05	0.00014	9e-05	4e-05	0.00014	5e-05	
0.00824	0.12959	0.22325	0.09313	0.2586	0.19122	0.05127	0.0321	5e-05	5e-05	5e-05	5e-05	5e-05	5e-05	5e-05	5e-05	5e-05	5e-05	0.00481	5e-05	5e-05	5e-05	5e-05	5e-05	5e-05	5e-05	5e-05	5e-05	5e-05	5e-05	5e-05	5e-05	5e-05	0.00428	0.01422	0.03264	0.25744	0.02582	0.13342	0.0	0.0	0.05571	0.07078	0.13364	0.07918	0.177	0.22064	0.02136	0.0	0.0	0.0	0.0	0.0	5e-05	5e-05	5e-05	5e-05	5e-05	5e-05	0.23094	0.0968	0.05543	5e-05	5e-05	0.04962	5e-05	5e-05	5e-05	5e-05	5e-05	0.09931	5e-05	5e-05	0.05613	0.05997	5e-05	5e-05	0.0	0.06801	0.04879	0.17771	0.05288	0.06793	
0.00472	0.20855	0.05673	0.06324	0.14611	0.02784	0.00846	0.0081	0.00014	0.00014	0.00014	0.00014	0.00014	0.00014	0.00014	0.00014	0.00014	0.00014	0.03048	0.00014	0.00014	0.00014	0.00014	0.00014	0.00014	0.00014	0.00014	0.00014	0.00014	0.00014	0.00014	0.00014	0.00014	0.0267	0.02241	0.15736	0.01607	0.11967	0.04414	0.0	0.0	0.15943	0.0434	0.05606	0.08224	0.06746	0.042	0.0907	0.0	0.0	0.0	0.0	0.0	0.00014	0.00014	0.00014	0.00014	0.00014	0.00014	0.03697	0.01981	0.01278	0.00014	0.00014	0.01793	0.00014	0.00014	0.00014	0.00014	0.00014	0.03903	0.00014	0.00014	0.07884	0.01362	0.00014	0.00014	0.06801	0.0	0.01685	0.05565	0.03235	0.04577	
0.0346	0.02611	0.03972	0.02031	0.04613	0.02029	0.07184	0.00595	9e-05	9e-05	9e-05	9e-05	9e-05	9e-05	9e-05	9e-05	9e-05	9e-05	0.00113	9e-05	9e-05	9e-05	9e-05	9e-05	9e-05	9e-05	9e-05	9e-05	9e-05	9e-05	9e-05	9e-05	9e-05	0.0195	0.04738	0.08606	0.05395	0.03701	0.03562	0.0	0.0	0.10136	0.08177	0.02763	0.07618	0.22353	0.21747	0.04991	0.0	0.0	0.0	0.0	0.0	9e-05	9e-05	9e-05	9e-05	9e-05	9e-05	0.02688	0.0145	0.00938	9e-05	9e-05	0.01316	9e-05	9e-05	9e-05	9e-05	9e-05	0.10006	9e-05	9e-05	0.01444	0.00999	9e-05	9e-05	0.04879	0.01685	0.0	0.13573	0.11023	0.03311	
0.05906	0.07813	0.29708	0.07979	0.22294	0.36056	0.14392	0.04304	4e-05	4e-05	4e-05	4e-05	4e-05	4e-05	4e-05	4e-05	4e-05	4e-05	0.00344	4e-05	4e-05	4e-05	4e-05	4e-05	4e-05	4e-05	4e-05	4e-05	4e-05	4e-05	4e-05	4e-05	4e-05	0.06754	0.1033	0.15881	0.17304	0.16995	0.08938	0.0	0.0	0.28575	0.107	0.23082	0.20761	0.29674	0.0941	0.08138	0.0	0.0	0.0	0.0	0.0	4e-05	4e-05	4e-05	4e-05	4e-05	4e-05	0.2922	0.04958	0.0781	4e-05	4e-05	0.03995	4e-05	4e-05	4e-05	4e-05	4e-05	0.42843	4e-05	4e-05	0.04548	0.02832	4e-05	4e-05	0.17771	0.05565	0.13573	0.0	0.16589	0.17417	
0.06454	0.05679	0.09361	0.31775	0.12474	0.04226	0.05366	0.00992	0.00014	0.00014	0.00014	0.00014	0.00014	0.00014	0.00014	0.00014	0.00014	0.00014	0.00268	0.00014	0.00014	0.00014	0.00014	0.00014	0.00014	0.00014	0.00014	0.00014	0.00014	0.00014	0.00014	0.00014	0.00014	0.229	0.06535	0.29141	0.15916	0.11605	0.19908	0.0	0.0	0.20412	0.10056	0.19183	0.23641	0.15589	0.12529	0.11742	0.0	0.0	0.0	0.0	0.0	0.00014	0.00014	0.00014	0.00014	0.00014	0.00014	0.05552	0.02721	0.01649	0.00014	0.00014	0.43035	0.00014	0.00014	0.00014	0.00014	0.00014	0.26769	0.00014	0.00014	0.02708	0.01773	0.00014	0.00014	0.05288	0.03235	0.11023	0.16589	0.0	0.31538	
0.10221	0.03673	0.04455	0.13415	0.05549	0.07551	0.2138	0.01327	5e-05	5e-05	5e-05	5e-05	5e-05	5e-05	5e-05	5e-05	5e-05	5e-05	0.00354	5e-05	5e-05	5e-05	5e-05	5e-05	5e-05	5e-05	5e-05	5e-05	5e-05	5e-05	5e-05	5e-05	5e-05	0.0487	0.13225	0.23795	0.16135	0.21276	0.10496	0.0	0.0	0.18332	0.11528	0.23658	0.22016	0.20343	0.06452	0.13376	0.0	0.0	0.0	0.0	0.0	5e-05	5e-05	5e-05	5e-05	5e-05	5e-05	0.02851	0.03813	0.08802	5e-05	5e-05	0.13873	5e-05	5e-05	5e-05	5e-05	5e-05	0.12716	5e-05	5e-05	0.03793	0.0243	5e-05	5e-05	0.06793	0.04577	0.03311	0.17417	0.31538	0.0	
