0.0	4e-05	0.0	0.0001	4e-05	0.0	0.00552	0.00397	0.0	0.0	0.0	0.01248	0.00756	0.0	0.0	0.0	0.0	0.0	0.0	0.0	0.00479	0.0	0.09694	0.04685	0.24635	0.01029	0.0	0.0	0.0	0.0	0.0	0.0	0.0	0.00325	0.0	0.0	0.0	0.0	0.00198	0.00292	0.10779	0.01035	0.0	0.00757	0.01955	0.0	0.00198	0.0	0.0	0.0	0.0	0.0	0.0	0.0	0.0	0.0	0.0	0.00325	0.00325	0.12936	0.0	0.0	0.00325	0.00325	0.0	0.0	0.0	0.01316	0.0	0.0	0.00325	0.00355	0.0	0.0	0.0	0.00435	0.0	7e-05	5e-05	0.00016	0.00016	5e-05	
4e-05	0.0	4e-05	0.19529	0.30151	0.0	0.13767	0.09951	4e-05	4e-05	4e-05	0.29424	0.26754	4e-05	0.13166	0.13166	4e-05	4e-05	4e-05	0.06778	0.16817	4e-05	0.17509	0.27326	0.364	0.29317	4e-05	4e-05	4e-05	4e-05	4e-05	4e-05	4e-05	0.2576	4e-05	4e-05	4e-05	4e-05	0.14422	0.0322	0.07914	0.19038	0.0	0.09329	0.15895	0.13166	0.14422	4e-05	4e-05	4e-05	4e-05	4e-05	4e-05	0.13166	4e-05	4e-05	4e-05	0.2576	0.2576	0.47556	0.13166	4e-05	0.2576	0.2576	4e-05	4e-05	4e-05	0.19398	4e-05	4e-05	0.2576	0.2192	4e-05	4e-05	4e-05	0.36638	4e-05	0.23681	0.17028	0.09918	0.09918	0.22945	
0.0	4e-05	0.0	0.0001	4e-05	0.0	0.00552	0.00397	0.0	0.0	0.0	0.01248	0.00756	0.0	0.0	0.0	0.0	0.0	0.0	0.0	0.00479	0.0	0.09694	0.04685	0.24635	0.01029	0.0	0.0	0.0	0.0	0.0	0.0	0.0	0.00325	0.0	0.0	0.0	0.0	0.00198	0.00292	0.10779	0.01035	0.0	0.00757	0.01955	0.0	0.00198	0.0	0.0	0.0	0.0	0.0	0.0	0.0	0.0	0.0	0.0	0.00325	0.00325	0.12936	0.0	0.0	0.00325	0.00325	0.0	0.0	0.0	0.01316	0.0	0.0	0.00325	0.00355	0.0	0.0	0.0	0.00435	0.0	7e-05	5e-05	0.00016	0.00016	5e-05	
0.0001	0.19529	0.0001	0.0	0.08113	0.0	0.09403	0.00493	0.0001	0.0001	0.0001	0.05738	0.0368	0.0001	0.17354	0.17354	0.0001	0.0001	0.0001	0.00197	0.1498	0.0001	0.10208	0.14855	0.21777	0.08236	0.0001	0.0001	0.0001	0.0001	0.0001	0.0001	0.0001	0.1067	0.0001	0.0001	0.0001	0.0001	0.06728	0.04192	0.09997	0.15687	0.0	0.01031	0.08653	0.17354	0.06728	0.0001	0.0001	0.0001	0.0001	0.0001	0.0001	0.17354	0.0001	0.0001	0.0001	0.1067	0.1067	0.28477	0.17354	0.0001	0.1067	0.1067	0.0001	0.0001	0.0001	0.0171	0.0001	0.0001	0.1067	0.16443	0.0001	0.0001	0.0001	0.00437	0.0001	0.22737	0.19688	0.25175	0.25175	0.70544	
4e-05	0.30151	4e-05	0.08113	0.0	0.0	0.19493	0.11147	4e-05	4e-05	4e-05	0.06857	0.11118	4e-05	0.12795	0.12795	4e-05	4e-05	4e-05	0.07583	0.05731	4e-05	0.08024	0.28639	0.37547	0.30449	4e-05	4e-05	4e-05	4e-05	4e-05	4e-05	4e-05	0.27001	4e-05	4e-05	4e-05	4e-05	0.05242	0.03209	0.07844	0.3353	0.0	0.47122	0.21413	0.12795	0.05242	4e-05	4e-05	4e-05	4e-05	4e-05	4e-05	0.12795	4e-05	4e-05	4e-05	0.27001	0.27001	0.32528	0.12795	4e-05	0.27001	0.27001	4e-05	4e-05	4e-05	0.05067	4e-05	4e-05	0.27001	0.50211	4e-05	4e-05	4e-05	0.65005	4e-05	0.30133	0.3675	0.21689	0.21689	0.16778	
0.0	0.0	0.0	0.0	0.0	0.0	0.0	0.0	0.0	0.0	0.0	0.0	0.0	0.0	0.0	0.0	0.0	0.0	0.0	0.0	0.0	0.0	0.0	0.0	0.0	0.0	0.0	0.0	0.0	0.0	0.0	0.0	0.0	0.0	0.0	0.0	0.0	0.0	0.0	0.0	0.0	0.0	0.0	0.0	0.0	0.0	0.0	0.0	0.0	0.0	0.0	0.0	0.0	0.0	0.0	0.0	0.0	0.0	0.0	0.0	0.0	0.0	0.0	0.0	0.0	0.0	0.0	0.0	0.0	0.0	0.0	0.0	0.0	0.0	0.0	0.0	0.0	0.0	0.0	0.0	0.0	0.0	
0.00552	0.13767	0.00552	0.09403	0.19493	0.0	0.0	0.07825	0.0001	0.0001	0.0001	0.21515	0.00023	0.0001	0.04423	0.04423	0.0001	0.0001	0.0001	0.00585	0.25507	0.0001	0.07315	0.10728	0.07953	0.03686	0.0001	0.0001	0.0001	0.0001	0.0001	0.0001	0.0001	0.0531	0.0001	0.0001	0.0001	0.0001	0.03521	0.12498	0.07083	0.16275	0.0	0.00048	0.0188	0.04423	0.03521	0.0001	0.0001	0.0001	0.0001	0.0001	0.0001	0.04423	0.0001	0.0001	0.0001	0.0531	0.0531	0.11461	0.04423	0.0001	0.0531	0.0531	0.0001	0.0001	0.0001	0.00807	0.0001	0.0001	0.0531	0.16145	0.0001	0.0001	0.0001	0.07937	0.0001	0.33734	0.16956	0.49545	0.49545	0.07627	
0.00397	0.09951	0.00397	0.00493	0.11147	0.0	0.07825	0.0	0.00024	0.00024	0.00024	0.18985	0.03543	0.00024	0.04341	0.04341	0.00024	0.00024	0.00024	0.17986	0.04335	0.00024	0.07154	0.09265	0.28652	0.28043	0.00024	0.00024	0.00024	0.00024	0.00024	0.00024	0.00024	0.40311	0.00024	0.00024	0.00024	0.00024	0.03458	0.02208	0.06929	0.25159	0.0	0.03998	0.1725	0.04341	0.03458	0.00024	0.00024	0.00024	0.00024	0.00024	0.00024	0.04341	0.00024	0.00024	0.00024	0.40311	0.40311	0.22957	0.04341	0.00024	0.40311	0.40311	0.00024	0.00024	0.00024	0.17041	0.00024	0.00024	0.40311	0.25454	0.00024	0.00024	0.00024	0.13983	0.00024	0.22588	0.03181	0.08083	0.08083	0.05422	
0.0	4e-05	0.0	0.0001	4e-05	0.0	0.0001	0.00024	0.0	0.0	0.0	0.00015	0.0003	0.0	0.00307	0.00307	0.0	0.0	0.0	0.0	0.00021	0.0	0.00087	0.0008	0.00143	0.00046	0.0	0.0	0.0	0.0	0.0	0.0	0.0	0.00019	0.0	0.0	0.0	0.0	0.00036	0.00027	0.00094	0.00022	0.0	0.00023	0.00043	0.00307	0.00036	0.0	0.0	0.0	0.0	0.0	0.0	0.00307	0.0	0.0	0.0	0.00019	0.00019	0.00095	0.00307	0.0	0.00019	0.00019	0.0	0.0	0.0	0.00057	0.0	0.0	0.00019	9e-05	0.0	0.0	0.0	0.00018	0.0	7e-05	5e-05	0.00016	0.00016	5e-05	
0.0	4e-05	0.0	0.0001	4e-05	0.0	0.0001	0.00024	0.0	0.0	0.0	0.00015	0.0003	0.0	0.00307	0.00307	0.0	0.0	0.0	0.0	0.00021	0.0	0.00087	0.0008	0.00143	0.00046	0.0	0.0	0.0	0.0	0.0	0.0	0.0	0.00019	0.0	0.0	0.0	0.0	0.00036	0.00027	0.00094	0.00022	0.0	0.00023	0.00043	0.00307	0.00036	0.0	0.0	0.0	0.0	0.0	0.0	0.00307	0.0	0.0	0.0	0.00019	0.00019	0.00095	0.00307	0.0	0.00019	0.00019	0.0	0.0	0.0	0.00057	0.0	0.0	0.00019	9e-05	0.0	0.0	0.0	0.00018	0.0	7e-05	5e-05	0.00016	0.00016	5e-05	
0.0	4e-05	0.0	0.0001	4e-05	0.0	0.0001	0.00024	0.0	0.0	0.0	0.00015	0.0003	0.0	0.00307	0.00307	0.0	0.0	0.0	0.0	0.00021	0.0	0.00087	0.0008	0.00143	0.00046	0.0	0.0	0.0	0.0	0.0	0.0	0.0	0.00019	0.0	0.0	0.0	0.0	0.00036	0.00027	0.00094	0.00022	0.0	0.00023	0.00043	0.00307	0.00036	0.0	0.0	0.0	0.0	0.0	0.0	0.00307	0.0	0.0	0.0	0.00019	0.00019	0.00095	0.00307	0.0	0.00019	0.00019	0.0	0.0	0.0	0.00057	0.0	0.0	0.00019	9e-05	0.0	0.0	0.0	0.00018	0.0	7e-05	5e-05	0.00016	0.00016	5e-05	
0.01248	0.29424	0.01248	0.05738	0.06857	0.0	0.21515	0.18985	0.00015	0.00015	0.00015	0.0	0.01531	0.00015	0.0959	0.0959	0.00015	0.00015	0.00015	0.00488	0.12856	0.00015	0.17438	0.229	0.19965	0.09172	0.00015	0.00015	0.00015	0.00015	0.00015	0.00015	0.00015	0.12033	0.00015	0.00015	0.00015	0.00015	0.07579	0.05015	0.03877	0.054	0.0	0.01141	0.04561	0.0959	0.07579	0.00015	0.00015	0.00015	0.00015	0.00015	0.00015	0.0959	0.00015	0.00015	0.00015	0.12033	0.12033	0.18473	0.0959	0.00015	0.12033	0.12033	0.00015	0.00015	0.00015	0.02438	0.00015	0.00015	0.12033	0.15458	0.00015	0.00015	0.00015	0.0106	0.00015	0.16444	0.06612	0.1498	0.1498	0.09826	
0.00756	0.26754	0.00756	0.0368	0.11118	0.0	0.00023	0.03543	0.0003	0.0003	0.0003	0.01531	0.0	0.0003	0.07498	0.07498	0.0003	0.0003	0.0003	0.02561	0.08128	0.0003	0.00098	0.01164	0.17184	0.29456	0.0003	0.0003	0.0003	0.0003	0.0003	0.0003	0.0003	0.17467	0.0003	0.0003	0.0003	0.0003	0.10716	0.03692	0.02107	0.18974	0.0	0.17535	0.04485	0.07498	0.10716	0.0003	0.0003	0.0003	0.0003	0.0003	0.0003	0.07498	0.0003	0.0003	0.0003	0.17467	0.17467	0.15616	0.07498	0.0003	0.17467	0.17467	0.0003	0.0003	0.0003	0.37888	0.0003	0.0003	0.17467	0.24994	0.0003	0.0003	0.0003	0.03324	0.0003	0.18805	0.20266	0.00742	0.00742	0.09913	
0.0	4e-05	0.0	0.0001	4e-05	0.0	0.0001	0.00024	0.0	0.0	0.0	0.00015	0.0003	0.0	0.00307	0.00307	0.0	0.0	0.0	0.0	0.00021	0.0	0.00087	0.0008	0.00143	0.00046	0.0	0.0	0.0	0.0	0.0	0.0	0.0	0.00019	0.0	0.0	0.0	0.0	0.00036	0.00027	0.00094	0.00022	0.0	0.00023	0.00043	0.00307	0.00036	0.0	0.0	0.0	0.0	0.0	0.0	0.00307	0.0	0.0	0.0	0.00019	0.00019	0.00095	0.00307	0.0	0.00019	0.00019	0.0	0.0	0.0	0.00057	0.0	0.0	0.00019	9e-05	0.0	0.0	0.0	0.00018	0.0	7e-05	5e-05	0.00016	0.00016	5e-05	
0.0	0.13166	0.0	0.17354	0.12795	0.0	0.04423	0.04341	0.00307	0.00307	0.00307	0.0959	0.07498	0.00307	0.0	1.00543	0.00307	0.00307	0.00307	0.03121	0.03146	0.00307	0.32791	0.2284	0.47872	0.09894	0.00307	0.00307	0.00307	0.00307	0.00307	0.00307	0.00307	0.03116	0.00307	0.00307	0.00307	0.00307	0.02222	0.01553	0.34492	0.09042	0.0	0.07173	0.14046	1.00543	0.02222	0.00307	0.00307	0.00307	0.00307	0.00307	0.00307	1.00543	0.00307	0.00307	0.00307	0.03116	0.03116	0.32481	1.00543	0.00307	0.03116	0.03116	0.00307	0.00307	0.00307	0.11521	0.00307	0.00307	0.03116	0.04172	0.00307	0.00307	0.00307	0.04392	0.00307	0.13892	0.1307	0.22444	0.22444	0.12244	
0.0	0.13166	0.0	0.17354	0.12795	0.0	0.04423	0.04341	0.00307	0.00307	0.00307	0.0959	0.07498	0.00307	1.00543	0.0	0.00307	0.00307	0.00307	0.03121	0.03146	0.00307	0.32791	0.2284	0.47872	0.09894	0.00307	0.00307	0.00307	0.00307	0.00307	0.00307	0.00307	0.03116	0.00307	0.00307	0.00307	0.00307	0.02222	0.01553	0.34492	0.09042	0.0	0.07173	0.14046	1.00543	0.02222	0.00307	0.00307	0.00307	0.00307	0.00307	0.00307	1.00543	0.00307	0.00307	0.00307	0.03116	0.03116	0.32481	1.00543	0.00307	0.03116	0.03116	0.00307	0.00307	0.00307	0.11521	0.00307	0.00307	0.03116	0.04172	0.00307	0.00307	0.00307	0.04392	0.00307	0.13892	0.1307	0.22444	0.22444	0.12244	
0.0	4e-05	0.0	0.0001	4e-05	0.0	0.0001	0.00024	0.0	0.0	0.0	0.00015	0.0003	0.0	0.00307	0.00307	0.0	0.0	0.0	0.0	0.00021	0.0	0.00087	0.0008	0.00143	0.00046	0.0	0.0	0.0	0.0	0.0	0.0	0.0	0.00019	0.0	0.0	0.0	0.0	0.00036	0.00027	0.00094	0.00022	0.0	0.00023	0.00043	0.00307	0.00036	0.0	0.0	0.0	0.0	0.0	0.0	0.00307	0.0	0.0	0.0	0.00019	0.00019	0.00095	0.00307	0.0	0.00019	0.00019	0.0	0.0	0.0	0.00057	0.0	0.0	0.00019	9e-05	0.0	0.0	0.0	0.00018	0.0	7e-05	5e-05	0.00016	0.00016	5e-05	
0.0	4e-05	0.0	0.0001	4e-05	0.0	0.0001	0.00024	0.0	0.0	0.0	0.00015	0.0003	0.0	0.00307	0.00307	0.0	0.0	0.0	0.0	0.00021	0.0	0.00087	0.0008	0.00143	0.00046	0.0	0.0	0.0	0.0	0.0	0.0	0.0	0.00019	0.0	0.0	0.0	0.0	0.00036	0.00027	0.00094	0.00022	0.0	0.00023	0.00043	0.00307	0.00036	0.0	0.0	0.0	0.0	0.0	0.0	0.00307	0.0	0.0	0.0	0.00019	0.00019	0.00095	0.00307	0.0	0.00019	0.00019	0.0	0.0	0.0	0.00057	0.0	0.0	0.00019	9e-05	0.0	0.0	0.0	0.00018	0.0	7e-05	5e-05	0.00016	0.00016	5e-05	
0.0	4e-05	0.0	0.0001	4e-05	0.0	0.0001	0.00024	0.0	0.0	0.0	0.00015	0.0003	0.0	0.00307	0.00307	0.0	0.0	0.0	0.0	0.00021	0.0	0.00087	0.0008	0.00143	0.00046	0.0	0.0	0.0	0.0	0.0	0.0	0.0	0.00019	0.0	0.0	0.0	0.0	0.00036	0.00027	0.00094	0.00022	0.0	0.00023	0.00043	0.00307	0.00036	0.0	0.0	0.0	0.0	0.0	0.0	0.00307	0.0	0.0	0.0	0.00019	0.00019	0.00095	0.00307	0.0	0.00019	0.00019	0.0	0.0	0.0	0.00057	0.0	0.0	0.00019	9e-05	0.0	0.0	0.0	0.00018	0.0	7e-05	5e-05	0.00016	0.00016	5e-05	
0.0	0.06778	0.0	0.00197	0.07583	0.0	0.00585	0.17986	0.0	0.0	0.0	0.00488	0.02561	0.0	0.03121	0.03121	0.0	0.0	0.0	0.0	0.0	0.0	0.03254	0.06795	0.40478	0.26461	0.0	0.0	0.0	0.0	0.0	0.0	0.0	0.0	0.0	0.0	0.0	0.0	0.01104	0.01152	0.03212	0.13265	0.0	0.02838	0.04538	0.03121	0.01104	0.0	0.0	0.0	0.0	0.0	0.0	0.03121	0.0	0.0	0.0	0.0	0.0	0.20059	0.03121	0.0	0.0	0.0	0.0	0.0	0.0	0.00704	0.0	0.0	0.0	0.27953	0.0	0.0	0.0	0.167	0.0	0.03291	0.01151	0.01654	0.01654	0.02535	
0.00479	0.16817	0.00479	0.1498	0.05731	0.0	0.25507	0.04335	0.00021	0.00021	0.00021	0.12856	0.08128	0.00021	0.03146	0.03146	0.00021	0.00021	0.00021	0.0	0.0	0.00021	0.04508	0.06566	0.04592	0.11713	0.00021	0.00021	0.00021	0.00021	0.00021	0.00021	0.00021	0.03048	0.00021	0.00021	0.00021	0.00021	0.02074	0.18399	0.04392	0.25563	0.0	0.05497	0.0722	0.03146	0.02074	0.00021	0.00021	0.00021	0.00021	0.00021	0.00021	0.03146	0.00021	0.00021	0.00021	0.03048	0.03048	0.06208	0.03146	0.00021	0.03048	0.03048	0.00021	0.00021	0.00021	0.13954	0.00021	0.00021	0.03048	0.04127	0.00021	0.00021	0.00021	0.04204	0.00021	0.12037	0.14447	0.2518	0.2518	0.431	
0.0	4e-05	0.0	0.0001	4e-05	0.0	0.0001	0.00024	0.0	0.0	0.0	0.00015	0.0003	0.0	0.00307	0.00307	0.0	0.0	0.0	0.0	0.00021	0.0	0.00087	0.0008	0.00143	0.00046	0.0	0.0	0.0	0.0	0.0	0.0	0.0	0.00019	0.0	0.0	0.0	0.0	0.00036	0.00027	0.00094	0.00022	0.0	0.00023	0.00043	0.00307	0.00036	0.0	0.0	0.0	0.0	0.0	0.0	0.00307	0.0	0.0	0.0	0.00019	0.00019	0.00095	0.00307	0.0	0.00019	0.00019	0.0	0.0	0.0	0.00057	0.0	0.0	0.00019	9e-05	0.0	0.0	0.0	0.00018	0.0	7e-05	5e-05	0.00016	0.00016	5e-05	
0.09694	0.17509	0.09694	0.10208	0.08024	0.0	0.07315	0.07154	0.00087	0.00087	0.00087	0.17438	0.00098	0.00087	0.32791	0.32791	0.00087	0.00087	0.00087	0.03254	0.04508	0.00087	0.0	0.04301	0.22807	0.03235	0.00087	0.00087	0.00087	0.00087	0.00087	0.00087	0.00087	0.04902	0.00087	0.00087	0.00087	0.00087	0.24641	0.02129	0.09125	0.09069	0.0	0.12567	0.03275	0.32791	0.24641	0.00087	0.00087	0.00087	0.00087	0.00087	0.00087	0.32791	0.00087	0.00087	0.00087	0.04902	0.04902	0.33812	0.32791	0.00087	0.04902	0.04902	0.00087	0.00087	0.00087	0.00553	0.00087	0.00087	0.04902	0.07281	0.00087	0.00087	0.00087	0.07253	0.00087	0.55349	0.07721	0.07549	0.07549	0.07899	
0.04685	0.27326	0.04685	0.14855	0.28639	0.0	0.10728	0.09265	0.0008	0.0008	0.0008	0.229	0.01164	0.0008	0.2284	0.2284	0.0008	0.0008	0.0008	0.06795	0.06566	0.0008	0.04301	0.0	0.75075	0.29134	0.0008	0.0008	0.0008	0.0008	0.0008	0.0008	0.0008	0.30211	0.0008	0.0008	0.0008	0.0008	0.0453	0.02889	0.0478	0.08226	0.0	0.01458	0.03363	0.2284	0.0453	0.0008	0.0008	0.0008	0.0008	0.0008	0.0008	0.2284	0.0008	0.0008	0.0008	0.30211	0.30211	0.56165	0.2284	0.0008	0.30211	0.30211	0.0008	0.0008	0.0008	0.00118	0.0008	0.0008	0.30211	0.21503	0.0008	0.0008	0.0008	0.08914	0.0008	0.1012	0.0959	0.08463	0.08463	0.11533	
0.24635	0.364	0.24635	0.21777	0.37547	0.0	0.07953	0.28652	0.00143	0.00143	0.00143	0.19965	0.17184	0.00143	0.47872	0.47872	0.00143	0.00143	0.00143	0.40478	0.04592	0.00143	0.22807	0.75075	0.0	0.42524	0.00143	0.00143	0.00143	0.00143	0.00143	0.00143	0.00143	0.55495	0.00143	0.00143	0.00143	0.00143	0.03389	0.02145	0.23533	0.18786	0.0	0.17612	0.15887	0.47872	0.03389	0.00143	0.00143	0.00143	0.00143	0.00143	0.00143	0.47872	0.00143	0.00143	0.00143	0.55495	0.55495	0.68024	0.47872	0.00143	0.55495	0.55495	0.00143	0.00143	0.00143	0.15355	0.00143	0.00143	0.55495	0.3703	0.00143	0.00143	0.00143	0.28161	0.00143	0.21295	0.16932	0.17648	0.17648	0.17139	
0.01029	0.29317	0.01029	0.08236	0.30449	0.0	0.03686	0.28043	0.00046	0.00046	0.00046	0.09172	0.29456	0.00046	0.09894	0.09894	0.00046	0.00046	0.00046	0.26461	0.11713	0.00046	0.03235	0.29134	0.42524	0.0	0.00046	0.00046	0.00046	0.00046	0.00046	0.00046	0.00046	0.4308	0.00046	0.00046	0.00046	0.00046	0.07348	0.0458	0.03252	0.22918	0.0	0.12224	0.09045	0.09894	0.07348	0.00046	0.00046	0.00046	0.00046	0.00046	0.00046	0.09894	0.00046	0.00046	0.00046	0.4308	0.4308	0.32868	0.09894	0.00046	0.4308	0.4308	0.00046	0.00046	0.00046	0.46648	0.00046	0.00046	0.4308	0.40137	0.00046	0.00046	0.00046	0.28212	0.00046	0.24796	0.11537	0.04148	0.04148	0.26057	
0.0	4e-05	0.0	0.0001	4e-05	0.0	0.0001	0.00024	0.0	0.0	0.0	0.00015	0.0003	0.0	0.00307	0.00307	0.0	0.0	0.0	0.0	0.00021	0.0	0.00087	0.0008	0.00143	0.00046	0.0	0.0	0.0	0.0	0.0	0.0	0.0	0.00019	0.0	0.0	0.0	0.0	0.00036	0.00027	0.00094	0.00022	0.0	0.00023	0.00043	0.00307	0.00036	0.0	0.0	0.0	0.0	0.0	0.0	0.00307	0.0	0.0	0.0	0.00019	0.00019	0.00095	0.00307	0.0	0.00019	0.00019	0.0	0.0	0.0	0.00057	0.0	0.0	0.00019	9e-05	0.0	0.0	0.0	0.00018	0.0	7e-05	5e-05	0.00016	0.00016	5e-05	
0.0	4e-05	0.0	0.0001	4e-05	0.0	0.0001	0.00024	0.0	0.0	0.0	0.00015	0.0003	0.0	0.00307	0.00307	0.0	0.0	0.0	0.0	0.00021	0.0	0.00087	0.0008	0.00143	0.00046	0.0	0.0	0.0	0.0	0.0	0.0	0.0	0.00019	0.0	0.0	0.0	0.0	0.00036	0.00027	0.00094	0.00022	0.0	0.00023	0.00043	0.00307	0.00036	0.0	0.0	0.0	0.0	0.0	0.0	0.00307	0.0	0.0	0.0	0.00019	0.00019	0.00095	0.00307	0.0	0.00019	0.00019	0.0	0.0	0.0	0.00057	0.0	0.0	0.00019	9e-05	0.0	0.0	0.0	0.00018	0.0	7e-05	5e-05	0.00016	0.00016	5e-05	
0.0	4e-05	0.0	0.0001	4e-05	0.0	0.0001	0.00024	0.0	0.0	0.0	0.00015	0.0003	0.0	0.00307	0.00307	0.0	0.0	0.0	0.0	0.00021	0.0	0.00087	0.0008	0.00143	0.00046	0.0	0.0	0.0	0.0	0.0	0.0	0.0	0.00019	0.0	0.0	0.0	0.0	0.00036	0.00027	0.00094	0.00022	0.0	0.00023	0.00043	0.00307	0.00036	0.0	0.0	0.0	0.0	0.0	0.0	0.00307	0.0	0.0	0.0	0.00019	0.00019	0.00095	0.00307	0.0	0.00019	0.00019	0.0	0.0	0.0	0.00057	0.0	0.0	0.00019	9e-05	0.0	0.0	0.0	0.00018	0.0	7e-05	5e-05	0.00016	0.00016	5e-05	
0.0	4e-05	0.0	0.0001	4e-05	0.0	0.0001	0.00024	0.0	0.0	0.0	0.00015	0.0003	0.0	0.00307	0.00307	0.0	0.0	0.0	0.0	0.00021	0.0	0.00087	0.0008	0.00143	0.00046	0.0	0.0	0.0	0.0	0.0	0.0	0.0	0.00019	0.0	0.0	0.0	0.0	0.00036	0.00027	0.00094	0.00022	0.0	0.00023	0.00043	0.00307	0.00036	0.0	0.0	0.0	0.0	0.0	0.0	0.00307	0.0	0.0	0.0	0.00019	0.00019	0.00095	0.00307	0.0	0.00019	0.00019	0.0	0.0	0.0	0.00057	0.0	0.0	0.00019	9e-05	0.0	0.0	0.0	0.00018	0.0	7e-05	5e-05	0.00016	0.00016	5e-05	
0.0	4e-05	0.0	0.0001	4e-05	0.0	0.0001	0.00024	0.0	0.0	0.0	0.00015	0.0003	0.0	0.00307	0.00307	0.0	0.0	0.0	0.0	0.00021	0.0	0.00087	0.0008	0.00143	0.00046	0.0	0.0	0.0	0.0	0.0	0.0	0.0	0.00019	0.0	0.0	0.0	0.0	0.00036	0.00027	0.00094	0.00022	0.0	0.00023	0.00043	0.00307	0.00036	0.0	0.0	0.0	0.0	0.0	0.0	0.00307	0.0	0.0	0.0	0.00019	0.00019	0.00095	0.00307	0.0	0.00019	0.00019	0.0	0.0	0.0	0.00057	0.0	0.0	0.00019	9e-05	0.0	0.0	0.0	0.00018	0.0	7e-05	5e-05	0.00016	0.00016	5e-05	
0.0	4e-05	0.0	0.0001	4e-05	0.0	0.0001	0.00024	0.0	0.0	0.0	0.00015	0.0003	0.0	0.00307	0.00307	0.0	0.0	0.0	0.0	0.00021	0.0	0.00087	0.0008	0.00143	0.00046	0.0	0.0	0.0	0.0	0.0	0.0	0.0	0.00019	0.0	0.0	0.0	0.0	0.00036	0.00027	0.00094	0.00022	0.0	0.00023	0.00043	0.00307	0.00036	0.0	0.0	0.0	0.0	0.0	0.0	0.00307	0.0	0.0	0.0	0.00019	0.00019	0.00095	0.00307	0.0	0.00019	0.00019	0.0	0.0	0.0	0.00057	0.0	0.0	0.00019	9e-05	0.0	0.0	0.0	0.00018	0.0	7e-05	5e-05	0.00016	0.00016	5e-05	
0.0	4e-05	0.0	0.0001	4e-05	0.0	0.0001	0.00024	0.0	0.0	0.0	0.00015	0.0003	0.0	0.00307	0.00307	0.0	0.0	0.0	0.0	0.00021	0.0	0.00087	0.0008	0.00143	0.00046	0.0	0.0	0.0	0.0	0.0	0.0	0.0	0.00019	0.0	0.0	0.0	0.0	0.00036	0.00027	0.00094	0.00022	0.0	0.00023	0.00043	0.00307	0.00036	0.0	0.0	0.0	0.0	0.0	0.0	0.00307	0.0	0.0	0.0	0.00019	0.00019	0.00095	0.00307	0.0	0.00019	0.00019	0.0	0.0	0.0	0.00057	0.0	0.0	0.00019	9e-05	0.0	0.0	0.0	0.00018	0.0	7e-05	5e-05	0.00016	0.00016	5e-05	
0.00325	0.2576	0.00325	0.1067	0.27001	0.0	0.0531	0.40311	0.00019	0.00019	0.00019	0.12033	0.17467	0.00019	0.03116	0.03116	0.00019	0.00019	0.00019	0.0	0.03048	0.00019	0.04902	0.30211	0.55495	0.4308	0.00019	0.00019	0.00019	0.00019	0.00019	0.00019	0.00019	0.0	0.00019	0.00019	0.00019	0.00019	0.02473	0.01616	0.04759	0.14301	0.0	0.18453	0.08031	0.03116	0.02473	0.00019	0.00019	0.00019	0.00019	0.00019	0.00019	0.03116	0.00019	0.00019	0.00019	0.99975	0.99975	0.37654	0.03116	0.00019	0.99975	0.99975	0.00019	0.00019	0.00019	0.10925	0.00019	0.00019	0.99975	0.46787	0.00019	0.00019	0.00019	0.39348	0.00019	0.13504	0.07851	0.05445	0.05445	0.08397	
0.0	4e-05	0.0	0.0001	4e-05	0.0	0.0001	0.00024	0.0	0.0	0.0	0.00015	0.0003	0.0	0.00307	0.00307	0.0	0.0	0.0	0.0	0.00021	0.0	0.00087	0.0008	0.00143	0.00046	0.0	0.0	0.0	0.0	0.0	0.0	0.0	0.00019	0.0	0.0	0.0	0.0	0.00036	0.00027	0.00094	0.00022	0.0	0.00023	0.00043	0.00307	0.00036	0.0	0.0	0.0	0.0	0.0	0.0	0.00307	0.0	0.0	0.0	0.00019	0.00019	0.00095	0.00307	0.0	0.00019	0.00019	0.0	0.0	0.0	0.00057	0.0	0.0	0.00019	9e-05	0.0	0.0	0.0	0.00018	0.0	7e-05	5e-05	0.00016	0.00016	5e-05	
0.0	4e-05	0.0	0.0001	4e-05	0.0	0.0001	0.00024	0.0	0.0	0.0	0.00015	0.0003	0.0	0.00307	0.00307	0.0	0.0	0.0	0.0	0.00021	0.0	0.00087	0.0008	0.00143	0.00046	0.0	0.0	0.0	0.0	0.0	0.0	0.0	0.00019	0.0	0.0	0.0	0.0	0.00036	0.00027	0.00094	0.00022	0.0	0.00023	0.00043	0.00307	0.00036	0.0	0.0	0.0	0.0	0.0	0.0	0.00307	0.0	0.0	0.0	0.00019	0.00019	0.00095	0.00307	0.0	0.00019	0.00019	0.0	0.0	0.0	0.00057	0.0	0.0	0.00019	9e-05	0.0	0.0	0.0	0.00018	0.0	7e-05	5e-05	0.00016	0.00016	5e-05	
0.0	4e-05	0.0	0.0001	4e-05	0.0	0.0001	0.00024	0.0	0.0	0.0	0.00015	0.0003	0.0	0.00307	0.00307	0.0	0.0	0.0	0.0	0.00021	0.0	0.00087	0.0008	0.00143	0.00046	0.0	0.0	0.0	0.0	0.0	0.0	0.0	0.00019	0.0	0.0	0.0	0.0	0.00036	0.00027	0.00094	0.00022	0.0	0.00023	0.00043	0.00307	0.00036	0.0	0.0	0.0	0.0	0.0	0.0	0.00307	0.0	0.0	0.0	0.00019	0.00019	0.00095	0.00307	0.0	0.00019	0.00019	0.0	0.0	0.0	0.00057	0.0	0.0	0.00019	9e-05	0.0	0.0	0.0	0.00018	0.0	7e-05	5e-05	0.00016	0.00016	5e-05	
0.0	4e-05	0.0	0.0001	4e-05	0.0	0.0001	0.00024	0.0	0.0	0.0	0.00015	0.0003	0.0	0.00307	0.00307	0.0	0.0	0.0	0.0	0.00021	0.0	0.00087	0.0008	0.00143	0.00046	0.0	0.0	0.0	0.0	0.0	0.0	0.0	0.00019	0.0	0.0	0.0	0.0	0.00036	0.00027	0.00094	0.00022	0.0	0.00023	0.00043	0.00307	0.00036	0.0	0.0	0.0	0.0	0.0	0.0	0.00307	0.0	0.0	0.0	0.00019	0.00019	0.00095	0.00307	0.0	0.00019	0.00019	0.0	0.0	0.0	0.00057	0.0	0.0	0.00019	9e-05	0.0	0.0	0.0	0.00018	0.0	7e-05	5e-05	0.00016	0.00016	5e-05	
0.00198	0.14422	0.00198	0.06728	0.05242	0.0	0.03521	0.03458	0.00036	0.00036	0.00036	0.07579	0.10716	0.00036	0.02222	0.02222	0.00036	0.00036	0.00036	0.01104	0.02074	0.00036	0.24641	0.0453	0.03389	0.07348	0.00036	0.00036	0.00036	0.00036	0.00036	0.00036	0.00036	0.02473	0.00036	0.00036	0.00036	0.00036	0.0	0.01178	0.03203	0.12967	0.0	0.05696	0.05072	0.02222	0.99988	0.00036	0.00036	0.00036	0.00036	0.00036	0.00036	0.02222	0.00036	0.00036	0.00036	0.02473	0.02473	0.17323	0.02222	0.00036	0.02473	0.02473	0.00036	0.00036	0.00036	0.06937	0.00036	0.00036	0.02473	0.03281	0.00036	0.00036	0.00036	0.03498	0.00036	0.57608	0.04906	0.03582	0.03582	0.05206	
0.00292	0.0322	0.00292	0.04192	0.03209	0.0	0.12498	0.02208	0.00027	0.00027	0.00027	0.05015	0.03692	0.00027	0.01553	0.01553	0.00027	0.00027	0.00027	0.01152	0.18399	0.00027	0.02129	0.02889	0.02145	0.0458	0.00027	0.00027	0.00027	0.00027	0.00027	0.00027	0.00027	0.01616	0.00027	0.00027	0.00027	0.00027	0.01178	0.0	0.02079	0.04102	0.0	0.03537	0.03099	0.01553	0.01178	0.00027	0.00027	0.00027	0.00027	0.00027	0.00027	0.01553	0.00027	0.00027	0.00027	0.01616	0.01616	0.02688	0.01553	0.00027	0.01616	0.01616	0.00027	0.00027	0.00027	0.05537	0.00027	0.00027	0.01616	0.02008	0.00027	0.00027	0.00027	0.0223	0.00027	0.07056	0.03017	0.02341	0.02341	0.03177	
0.10779	0.07914	0.10779	0.09997	0.07844	0.0	0.07083	0.06929	0.00094	0.00094	0.00094	0.03877	0.02107	0.00094	0.34492	0.34492	0.00094	0.00094	0.00094	0.03212	0.04392	0.00094	0.09125	0.0478	0.23533	0.03252	0.00094	0.00094	0.00094	0.00094	0.00094	0.00094	0.00094	0.04759	0.00094	0.00094	0.00094	0.00094	0.03203	0.02079	0.0	0.17064	0.0	0.01848	0.03505	0.34492	0.03203	0.00094	0.00094	0.00094	0.00094	0.00094	0.00094	0.34492	0.00094	0.00094	0.00094	0.04759	0.04759	0.19437	0.34492	0.00094	0.04759	0.04759	0.00094	0.00094	0.00094	0.05603	0.00094	0.00094	0.04759	0.0703	0.00094	0.00094	0.00094	0.07024	0.00094	0.06165	0.07572	0.07634	0.07634	0.07712	
0.01035	0.19038	0.01035	0.15687	0.3353	0.0	0.16275	0.25159	0.00022	0.00022	0.00022	0.054	0.18974	0.00022	0.09042	0.09042	0.00022	0.00022	0.00022	0.13265	0.25563	0.00022	0.09069	0.08226	0.18786	0.22918	0.00022	0.00022	0.00022	0.00022	0.00022	0.00022	0.00022	0.14301	0.00022	0.00022	0.00022	0.00022	0.12967	0.04102	0.17064	0.0	0.0	0.11909	0.16573	0.09042	0.12967	0.00022	0.00022	0.00022	0.00022	0.00022	0.00022	0.09042	0.00022	0.00022	0.00022	0.14301	0.14301	0.21035	0.09042	0.00022	0.14301	0.14301	0.00022	0.00022	0.00022	0.17098	0.00022	0.00022	0.14301	0.23673	0.00022	0.00022	0.00022	0.25754	0.00022	0.54352	0.2094	0.25752	0.25752	0.22676	
0.0	0.0	0.0	0.0	0.0	0.0	0.0	0.0	0.0	0.0	0.0	0.0	0.0	0.0	0.0	0.0	0.0	0.0	0.0	0.0	0.0	0.0	0.0	0.0	0.0	0.0	0.0	0.0	0.0	0.0	0.0	0.0	0.0	0.0	0.0	0.0	0.0	0.0	0.0	0.0	0.0	0.0	0.0	0.0	0.0	0.0	0.0	0.0	0.0	0.0	0.0	0.0	0.0	0.0	0.0	0.0	0.0	0.0	0.0	0.0	0.0	0.0	0.0	0.0	0.0	0.0	0.0	0.0	0.0	0.0	0.0	0.0	0.0	0.0	0.0	0.0	0.0	0.0	0.0	0.0	0.0	0.0	
0.00757	0.09329	0.00757	0.01031	0.47122	0.0	0.00048	0.03998	0.00023	0.00023	0.00023	0.01141	0.17535	0.00023	0.07173	0.07173	0.00023	0.00023	0.00023	0.02838	0.05497	0.00023	0.12567	0.01458	0.17612	0.12224	0.00023	0.00023	0.00023	0.00023	0.00023	0.00023	0.00023	0.18453	0.00023	0.00023	0.00023	0.00023	0.05696	0.03537	0.01848	0.11909	0.0	0.0	0.04056	0.07173	0.05696	0.00023	0.00023	0.00023	0.00023	0.00023	0.00023	0.07173	0.00023	0.00023	0.00023	0.18453	0.18453	0.18896	0.07173	0.00023	0.18453	0.18453	0.00023	0.00023	0.00023	0.06379	0.00023	0.00023	0.18453	0.26445	0.00023	0.00023	0.00023	0.31563	0.00023	0.27223	0.19801	0.00878	0.00878	0.00899	
0.01955	0.15895	0.01955	0.08653	0.21413	0.0	0.0188	0.1725	0.00043	0.00043	0.00043	0.04561	0.04485	0.00043	0.14046	0.14046	0.00043	0.00043	0.00043	0.04538	0.0722	0.00043	0.03275	0.03363	0.15887	0.09045	0.00043	0.00043	0.00043	0.00043	0.00043	0.00043	0.00043	0.08031	0.00043	0.00043	0.00043	0.00043	0.05072	0.03099	0.03505	0.16573	0.0	0.04056	0.0	0.14046	0.05072	0.00043	0.00043	0.00043	0.00043	0.00043	0.00043	0.14046	0.00043	0.00043	0.00043	0.08031	0.08031	0.14002	0.14046	0.00043	0.08031	0.08031	0.00043	0.00043	0.00043	0.03666	0.00043	0.00043	0.08031	0.17097	0.00043	0.00043	0.00043	0.12691	0.00043	0.53697	0.27875	0.07274	0.07274	0.28672	
0.0	0.13166	0.0	0.17354	0.12795	0.0	0.04423	0.04341	0.00307	0.00307	0.00307	0.0959	0.07498	0.00307	1.00543	1.00543	0.00307	0.00307	0.00307	0.03121	0.03146	0.00307	0.32791	0.2284	0.47872	0.09894	0.00307	0.00307	0.00307	0.00307	0.00307	0.00307	0.00307	0.03116	0.00307	0.00307	0.00307	0.00307	0.02222	0.01553	0.34492	0.09042	0.0	0.07173	0.14046	0.0	0.02222	0.00307	0.00307	0.00307	0.00307	0.00307	0.00307	1.00543	0.00307	0.00307	0.00307	0.03116	0.03116	0.32481	1.00543	0.00307	0.03116	0.03116	0.00307	0.00307	0.00307	0.11521	0.00307	0.00307	0.03116	0.04172	0.00307	0.00307	0.00307	0.04392	0.00307	0.13892	0.1307	0.22444	0.22444	0.12244	
0.00198	0.14422	0.00198	0.06728	0.05242	0.0	0.03521	0.03458	0.00036	0.00036	0.00036	0.07579	0.10716	0.00036	0.02222	0.02222	0.00036	0.00036	0.00036	0.01104	0.02074	0.00036	0.24641	0.0453	0.03389	0.07348	0.00036	0.00036	0.00036	0.00036	0.00036	0.00036	0.00036	0.02473	0.00036	0.00036	0.00036	0.00036	0.99988	0.01178	0.03203	0.12967	0.0	0.05696	0.05072	0.02222	0.0	0.00036	0.00036	0.00036	0.00036	0.00036	0.00036	0.02222	0.00036	0.00036	0.00036	0.02473	0.02473	0.17323	0.02222	0.00036	0.02473	0.02473	0.00036	0.00036	0.00036	0.06937	0.00036	0.00036	0.02473	0.03281	0.00036	0.00036	0.00036	0.03498	0.00036	0.57608	0.04906	0.03582	0.03582	0.05206	
0.0	4e-05	0.0	0.0001	4e-05	0.0	0.0001	0.00024	0.0	0.0	0.0	0.00015	0.0003	0.0	0.00307	0.00307	0.0	0.0	0.0	0.0	0.00021	0.0	0.00087	0.0008	0.00143	0.00046	0.0	0.0	0.0	0.0	0.0	0.0	0.0	0.00019	0.0	0.0	0.0	0.0	0.00036	0.00027	0.00094	0.00022	0.0	0.00023	0.00043	0.00307	0.00036	0.0	0.0	0.0	0.0	0.0	0.0	0.00307	0.0	0.0	0.0	0.00019	0.00019	0.00095	0.00307	0.0	0.00019	0.00019	0.0	0.0	0.0	0.00057	0.0	0.0	0.00019	9e-05	0.0	0.0	0.0	0.00018	0.0	7e-05	5e-05	0.00016	0.00016	5e-05	
0.0	4e-05	0.0	0.0001	4e-05	0.0	0.0001	0.00024	0.0	0.0	0.0	0.00015	0.0003	0.0	0.00307	0.00307	0.0	0.0	0.0	0.0	0.00021	0.0	0.00087	0.0008	0.00143	0.00046	0.0	0.0	0.0	0.0	0.0	0.0	0.0	0.00019	0.0	0.0	0.0	0.0	0.00036	0.00027	0.00094	0.00022	0.0	0.00023	0.00043	0.00307	0.00036	0.0	0.0	0.0	0.0	0.0	0.0	0.00307	0.0	0.0	0.0	0.00019	0.00019	0.00095	0.00307	0.0	0.00019	0.00019	0.0	0.0	0.0	0.00057	0.0	0.0	0.00019	9e-05	0.0	0.0	0.0	0.00018	0.0	7e-05	5e-05	0.00016	0.00016	5e-05	
0.0	4e-05	0.0	0.0001	4e-05	0.0	0.0001	0.00024	0.0	0.0	0.0	0.00015	0.0003	0.0	0.00307	0.00307	0.0	0.0	0.0	0.0	0.00021	0.0	0.00087	0.0008	0.00143	0.00046	0.0	0.0	0.0	0.0	0.0	0.0	0.0	0.00019	0.0	0.0	0.0	0.0	0.00036	0.00027	0.00094	0.00022	0.0	0.00023	0.00043	0.00307	0.00036	0.0	0.0	0.0	0.0	0.0	0.0	0.00307	0.0	0.0	0.0	0.00019	0.00019	0.00095	0.00307	0.0	0.00019	0.00019	0.0	0.0	0.0	0.00057	0.0	0.0	0.00019	9e-05	0.0	0.0	0.0	0.00018	0.0	7e-05	5e-05	0.00016	0.00016	5e-05	
0.0	4e-05	0.0	0.0001	4e-05	0.0	0.0001	0.00024	0.0	0.0	0.0	0.00015	0.0003	0.0	0.00307	0.00307	0.0	0.0	0.0	0.0	0.00021	0.0	0.00087	0.0008	0.00143	0.00046	0.0	0.0	0.0	0.0	0.0	0.0	0.0	0.00019	0.0	0.0	0.0	0.0	0.00036	0.00027	0.00094	0.00022	0.0	0.00023	0.00043	0.00307	0.00036	0.0	0.0	0.0	0.0	0.0	0.0	0.00307	0.0	0.0	0.0	0.00019	0.00019	0.00095	0.00307	0.0	0.00019	0.00019	0.0	0.0	0.0	0.00057	0.0	0.0	0.00019	9e-05	0.0	0.0	0.0	0.00018	0.0	7e-05	5e-05	0.00016	0.00016	5e-05	
0.0	4e-05	0.0	0.0001	4e-05	0.0	0.0001	0.00024	0.0	0.0	0.0	0.00015	0.0003	0.0	0.00307	0.00307	0.0	0.0	0.0	0.0	0.00021	0.0	0.00087	0.0008	0.00143	0.00046	0.0	0.0	0.0	0.0	0.0	0.0	0.0	0.00019	0.0	0.0	0.0	0.0	0.00036	0.00027	0.00094	0.00022	0.0	0.00023	0.00043	0.00307	0.00036	0.0	0.0	0.0	0.0	0.0	0.0	0.00307	0.0	0.0	0.0	0.00019	0.00019	0.00095	0.00307	0.0	0.00019	0.00019	0.0	0.0	0.0	0.00057	0.0	0.0	0.00019	9e-05	0.0	0.0	0.0	0.00018	0.0	7e-05	5e-05	0.00016	0.00016	5e-05	
0.0	4e-05	0.0	0.0001	4e-05	0.0	0.0001	0.00024	0.0	0.0	0.0	0.00015	0.0003	0.0	0.00307	0.00307	0.0	0.0	0.0	0.0	0.00021	0.0	0.00087	0.0008	0.00143	0.00046	0.0	0.0	0.0	0.0	0.0	0.0	0.0	0.00019	0.0	0.0	0.0	0.0	0.00036	0.00027	0.00094	0.00022	0.0	0.00023	0.00043	0.00307	0.00036	0.0	0.0	0.0	0.0	0.0	0.0	0.00307	0.0	0.0	0.0	0.00019	0.00019	0.00095	0.00307	0.0	0.00019	0.00019	0.0	0.0	0.0	0.00057	0.0	0.0	0.00019	9e-05	0.0	0.0	0.0	0.00018	0.0	7e-05	5e-05	0.00016	0.00016	5e-05	
0.0	0.13166	0.0	0.17354	0.12795	0.0	0.04423	0.04341	0.00307	0.00307	0.00307	0.0959	0.07498	0.00307	1.00543	1.00543	0.00307	0.00307	0.00307	0.03121	0.03146	0.00307	0.32791	0.2284	0.47872	0.09894	0.00307	0.00307	0.00307	0.00307	0.00307	0.00307	0.00307	0.03116	0.00307	0.00307	0.00307	0.00307	0.02222	0.01553	0.34492	0.09042	0.0	0.07173	0.14046	1.00543	0.02222	0.00307	0.00307	0.00307	0.00307	0.00307	0.00307	0.0	0.00307	0.00307	0.00307	0.03116	0.03116	0.32481	1.00543	0.00307	0.03116	0.03116	0.00307	0.00307	0.00307	0.11521	0.00307	0.00307	0.03116	0.04172	0.00307	0.00307	0.00307	0.04392	0.00307	0.13892	0.1307	0.22444	0.22444	0.12244	
0.0	4e-05	0.0	0.0001	4e-05	0.0	0.0001	0.00024	0.0	0.0	0.0	0.00015	0.0003	0.0	0.00307	0.00307	0.0	0.0	0.0	0.0	0.00021	0.0	0.00087	0.0008	0.00143	0.00046	0.0	0.0	0.0	0.0	0.0	0.0	0.0	0.00019	0.0	0.0	0.0	0.0	0.00036	0.00027	0.00094	0.00022	0.0	0.00023	0.00043	0.00307	0.00036	0.0	0.0	0.0	0.0	0.0	0.0	0.00307	0.0	0.0	0.0	0.00019	0.00019	0.00095	0.00307	0.0	0.00019	0.00019	0.0	0.0	0.0	0.00057	0.0	0.0	0.00019	9e-05	0.0	0.0	0.0	0.00018	0.0	7e-05	5e-05	0.00016	0.00016	5e-05	
0.0	4e-05	0.0	0.0001	4e-05	0.0	0.0001	0.00024	0.0	0.0	0.0	0.00015	0.0003	0.0	0.00307	0.00307	0.0	0.0	0.0	0.0	0.00021	0.0	0.00087	0.0008	0.00143	0.00046	0.0	0.0	0.0	0.0	0.0	0.0	0.0	0.00019	0.0	0.0	0.0	0.0	0.00036	0.00027	0.00094	0.00022	0.0	0.00023	0.00043	0.00307	0.00036	0.0	0.0	0.0	0.0	0.0	0.0	0.00307	0.0	0.0	0.0	0.00019	0.00019	0.00095	0.00307	0.0	0.00019	0.00019	0.0	0.0	0.0	0.00057	0.0	0.0	0.00019	9e-05	0.0	0.0	0.0	0.00018	0.0	7e-05	5e-05	0.00016	0.00016	5e-05	
0.0	4e-05	0.0	0.0001	4e-05	0.0	0.0001	0.00024	0.0	0.0	0.0	0.00015	0.0003	0.0	0.00307	0.00307	0.0	0.0	0.0	0.0	0.00021	0.0	0.00087	0.0008	0.00143	0.00046	0.0	0.0	0.0	0.0	0.0	0.0	0.0	0.00019	0.0	0.0	0.0	0.0	0.00036	0.00027	0.00094	0.00022	0.0	0.00023	0.00043	0.00307	0.00036	0.0	0.0	0.0	0.0	0.0	0.0	0.00307	0.0	0.0	0.0	0.00019	0.00019	0.00095	0.00307	0.0	0.00019	0.00019	0.0	0.0	0.0	0.00057	0.0	0.0	0.00019	9e-05	0.0	0.0	0.0	0.00018	0.0	7e-05	5e-05	0.00016	0.00016	5e-05	
0.00325	0.2576	0.00325	0.1067	0.27001	0.0	0.0531	0.40311	0.00019	0.00019	0.00019	0.12033	0.17467	0.00019	0.03116	0.03116	0.00019	0.00019	0.00019	0.0	0.03048	0.00019	0.04902	0.30211	0.55495	0.4308	0.00019	0.00019	0.00019	0.00019	0.00019	0.00019	0.00019	0.99975	0.00019	0.00019	0.00019	0.00019	0.02473	0.01616	0.04759	0.14301	0.0	0.18453	0.08031	0.03116	0.02473	0.00019	0.00019	0.00019	0.00019	0.00019	0.00019	0.03116	0.00019	0.00019	0.00019	0.0	0.99975	0.37654	0.03116	0.00019	0.99975	0.99975	0.00019	0.00019	0.00019	0.10925	0.00019	0.00019	0.99975	0.46787	0.00019	0.00019	0.00019	0.39348	0.00019	0.13504	0.07851	0.05445	0.05445	0.08397	
0.00325	0.2576	0.00325	0.1067	0.27001	0.0	0.0531	0.40311	0.00019	0.00019	0.00019	0.12033	0.17467	0.00019	0.03116	0.03116	0.00019	0.00019	0.00019	0.0	0.03048	0.00019	0.04902	0.30211	0.55495	0.4308	0.00019	0.00019	0.00019	0.00019	0.00019	0.00019	0.00019	0.99975	0.00019	0.00019	0.00019	0.00019	0.02473	0.01616	0.04759	0.14301	0.0	0.18453	0.08031	0.03116	0.02473	0.00019	0.00019	0.00019	0.00019	0.00019	0.00019	0.03116	0.00019	0.00019	0.00019	0.99975	0.0	0.37654	0.03116	0.00019	0.99975	0.99975	0.00019	0.00019	0.00019	0.10925	0.00019	0.00019	0.99975	0.46787	0.00019	0.00019	0.00019	0.39348	0.00019	0.13504	0.07851	0.05445	0.05445	0.08397	
0.12936	0.47556	0.12936	0.28477	0.32528	0.0	0.11461	0.22957	0.00095	0.00095	0.00095	0.18473	0.15616	0.00095	0.32481	0.32481	0.00095	0.00095	0.00095	0.20059	0.06208	0.00095	0.33812	0.56165	0.68024	0.32868	0.00095	0.00095	0.00095	0.00095	0.00095	0.00095	0.00095	0.37654	0.00095	0.00095	0.00095	0.00095	0.17323	0.02688	0.19437	0.21035	0.0	0.18896	0.14002	0.32481	0.17323	0.00095	0.00095	0.00095	0.00095	0.00095	0.00095	0.32481	0.00095	0.00095	0.00095	0.37654	0.37654	0.0	0.32481	0.00095	0.37654	0.37654	0.00095	0.00095	0.00095	0.12135	0.00095	0.00095	0.37654	0.32109	0.00095	0.00095	0.00095	0.22706	0.00095	0.51832	0.1484	0.17605	0.17605	0.23473	
0.0	0.13166	0.0	0.17354	0.12795	0.0	0.04423	0.04341	0.00307	0.00307	0.00307	0.0959	0.07498	0.00307	1.00543	1.00543	0.00307	0.00307	0.00307	0.03121	0.03146	0.00307	0.32791	0.2284	0.47872	0.09894	0.00307	0.00307	0.00307	0.00307	0.00307	0.00307	0.00307	0.03116	0.00307	0.00307	0.00307	0.00307	0.02222	0.01553	0.34492	0.09042	0.0	0.07173	0.14046	1.00543	0.02222	0.00307	0.00307	0.00307	0.00307	0.00307	0.00307	1.00543	0.00307	0.00307	0.00307	0.03116	0.03116	0.32481	0.0	0.00307	0.03116	0.03116	0.00307	0.00307	0.00307	0.11521	0.00307	0.00307	0.03116	0.04172	0.00307	0.00307	0.00307	0.04392	0.00307	0.13892	0.1307	0.22444	0.22444	0.12244	
0.0	4e-05	0.0	0.0001	4e-05	0.0	0.0001	0.00024	0.0	0.0	0.0	0.00015	0.0003	0.0	0.00307	0.00307	0.0	0.0	0.0	0.0	0.00021	0.0	0.00087	0.0008	0.00143	0.00046	0.0	0.0	0.0	0.0	0.0	0.0	0.0	0.00019	0.0	0.0	0.0	0.0	0.00036	0.00027	0.00094	0.00022	0.0	0.00023	0.00043	0.00307	0.00036	0.0	0.0	0.0	0.0	0.0	0.0	0.00307	0.0	0.0	0.0	0.00019	0.00019	0.00095	0.00307	0.0	0.00019	0.00019	0.0	0.0	0.0	0.00057	0.0	0.0	0.00019	9e-05	0.0	0.0	0.0	0.00018	0.0	7e-05	5e-05	0.00016	0.00016	5e-05	
0.00325	0.2576	0.00325	0.1067	0.27001	0.0	0.0531	0.40311	0.00019	0.00019	0.00019	0.12033	0.17467	0.00019	0.03116	0.03116	0.00019	0.00019	0.00019	0.0	0.03048	0.00019	0.04902	0.30211	0.55495	0.4308	0.00019	0.00019	0.00019	0.00019	0.00019	0.00019	0.00019	0.99975	0.00019	0.00019	0.00019	0.00019	0.02473	0.01616	0.04759	0.14301	0.0	0.18453	0.08031	0.03116	0.02473	0.00019	0.00019	0.00019	0.00019	0.00019	0.00019	0.03116	0.00019	0.00019	0.00019	0.99975	0.99975	0.37654	0.03116	0.00019	0.0	0.99975	0.00019	0.00019	0.00019	0.10925	0.00019	0.00019	0.99975	0.46787	0.00019	0.00019	0.00019	0.39348	0.00019	0.13504	0.07851	0.05445	0.05445	0.08397	
0.00325	0.2576	0.00325	0.1067	0.27001	0.0	0.0531	0.40311	0.00019	0.00019	0.00019	0.12033	0.17467	0.00019	0.03116	0.03116	0.00019	0.00019	0.00019	0.0	0.03048	0.00019	0.04902	0.30211	0.55495	0.4308	0.00019	0.00019	0.00019	0.00019	0.00019	0.00019	0.00019	0.99975	0.00019	0.00019	0.00019	0.00019	0.02473	0.01616	0.04759	0.14301	0.0	0.18453	0.08031	0.03116	0.02473	0.00019	0.00019	0.00019	0.00019	0.00019	0.00019	0.03116	0.00019	0.00019	0.00019	0.99975	0.99975	0.37654	0.03116	0.00019	0.99975	0.0	0.00019	0.00019	0.00019	0.10925	0.00019	0.00019	0.99975	0.46787	0.00019	0.00019	0.00019	0.39348	0.00019	0.13504	0.07851	0.05445	0.05445	0.08397	
0.0	4e-05	0.0	0.0001	4e-05	0.0	0.0001	0.00024	0.0	0.0	0.0	0.00015	0.0003	0.0	0.00307	0.00307	0.0	0.0	0.0	0.0	0.00021	0.0	0.00087	0.0008	0.00143	0.00046	0.0	0.0	0.0	0.0	0.0	0.0	0.0	0.00019	0.0	0.0	0.0	0.0	0.00036	0.00027	0.00094	0.00022	0.0	0.00023	0.00043	0.00307	0.00036	0.0	0.0	0.0	0.0	0.0	0.0	0.00307	0.0	0.0	0.0	0.00019	0.00019	0.00095	0.00307	0.0	0.00019	0.00019	0.0	0.0	0.0	0.00057	0.0	0.0	0.00019	9e-05	0.0	0.0	0.0	0.00018	0.0	7e-05	5e-05	0.00016	0.00016	5e-05	
0.0	4e-05	0.0	0.0001	4e-05	0.0	0.0001	0.00024	0.0	0.0	0.0	0.00015	0.0003	0.0	0.00307	0.00307	0.0	0.0	0.0	0.0	0.00021	0.0	0.00087	0.0008	0.00143	0.00046	0.0	0.0	0.0	0.0	0.0	0.0	0.0	0.00019	0.0	0.0	0.0	0.0	0.00036	0.00027	0.00094	0.00022	0.0	0.00023	0.00043	0.00307	0.00036	0.0	0.0	0.0	0.0	0.0	0.0	0.00307	0.0	0.0	0.0	0.00019	0.00019	0.00095	0.00307	0.0	0.00019	0.00019	0.0	0.0	0.0	0.00057	0.0	0.0	0.00019	9e-05	0.0	0.0	0.0	0.00018	0.0	7e-05	5e-05	0.00016	0.00016	5e-05	
0.0	4e-05	0.0	0.0001	4e-05	0.0	0.0001	0.00024	0.0	0.0	0.0	0.00015	0.0003	0.0	0.00307	0.00307	0.0	0.0	0.0	0.0	0.00021	0.0	0.00087	0.0008	0.00143	0.00046	0.0	0.0	0.0	0.0	0.0	0.0	0.0	0.00019	0.0	0.0	0.0	0.0	0.00036	0.00027	0.00094	0.00022	0.0	0.00023	0.00043	0.00307	0.00036	0.0	0.0	0.0	0.0	0.0	0.0	0.00307	0.0	0.0	0.0	0.00019	0.00019	0.00095	0.00307	0.0	0.00019	0.00019	0.0	0.0	0.0	0.00057	0.0	0.0	0.00019	9e-05	0.0	0.0	0.0	0.00018	0.0	7e-05	5e-05	0.00016	0.00016	5e-05	
0.01316	0.19398	0.01316	0.0171	0.05067	0.0	0.00807	0.17041	0.00057	0.00057	0.00057	0.02438	0.37888	0.00057	0.11521	0.11521	0.00057	0.00057	0.00057	0.00704	0.13954	0.00057	0.00553	0.00118	0.15355	0.46648	0.00057	0.00057	0.00057	0.00057	0.00057	0.00057	0.00057	0.10925	0.00057	0.00057	0.00057	0.00057	0.06937	0.05537	0.05603	0.17098	0.0	0.06379	0.03666	0.11521	0.06937	0.00057	0.00057	0.00057	0.00057	0.00057	0.00057	0.11521	0.00057	0.00057	0.00057	0.10925	0.10925	0.12135	0.11521	0.00057	0.10925	0.10925	0.00057	0.00057	0.00057	0.0	0.00057	0.00057	0.10925	0.18569	0.00057	0.00057	0.00057	0.00693	0.00057	0.15899	0.06934	0.00974	0.00974	0.22975	
0.0	4e-05	0.0	0.0001	4e-05	0.0	0.0001	0.00024	0.0	0.0	0.0	0.00015	0.0003	0.0	0.00307	0.00307	0.0	0.0	0.0	0.0	0.00021	0.0	0.00087	0.0008	0.00143	0.00046	0.0	0.0	0.0	0.0	0.0	0.0	0.0	0.00019	0.0	0.0	0.0	0.0	0.00036	0.00027	0.00094	0.00022	0.0	0.00023	0.00043	0.00307	0.00036	0.0	0.0	0.0	0.0	0.0	0.0	0.00307	0.0	0.0	0.0	0.00019	0.00019	0.00095	0.00307	0.0	0.00019	0.00019	0.0	0.0	0.0	0.00057	0.0	0.0	0.00019	9e-05	0.0	0.0	0.0	0.00018	0.0	7e-05	5e-05	0.00016	0.00016	5e-05	
0.0	4e-05	0.0	0.0001	4e-05	0.0	0.0001	0.00024	0.0	0.0	0.0	0.00015	0.0003	0.0	0.00307	0.00307	0.0	0.0	0.0	0.0	0.00021	0.0	0.00087	0.0008	0.00143	0.00046	0.0	0.0	0.0	0.0	0.0	0.0	0.0	0.00019	0.0	0.0	0.0	0.0	0.00036	0.00027	0.00094	0.00022	0.0	0.00023	0.00043	0.00307	0.00036	0.0	0.0	0.0	0.0	0.0	0.0	0.00307	0.0	0.0	0.0	0.00019	0.00019	0.00095	0.00307	0.0	0.00019	0.00019	0.0	0.0	0.0	0.00057	0.0	0.0	0.00019	9e-05	0.0	0.0	0.0	0.00018	0.0	7e-05	5e-05	0.00016	0.00016	5e-05	
0.00325	0.2576	0.00325	0.1067	0.27001	0.0	0.0531	0.40311	0.00019	0.00019	0.00019	0.12033	0.17467	0.00019	0.03116	0.03116	0.00019	0.00019	0.00019	0.0	0.03048	0.00019	0.04902	0.30211	0.55495	0.4308	0.00019	0.00019	0.00019	0.00019	0.00019	0.00019	0.00019	0.99975	0.00019	0.00019	0.00019	0.00019	0.02473	0.01616	0.04759	0.14301	0.0	0.18453	0.08031	0.03116	0.02473	0.00019	0.00019	0.00019	0.00019	0.00019	0.00019	0.03116	0.00019	0.00019	0.00019	0.99975	0.99975	0.37654	0.03116	0.00019	0.99975	0.99975	0.00019	0.00019	0.00019	0.10925	0.00019	0.00019	0.0	0.46787	0.00019	0.00019	0.00019	0.39348	0.00019	0.13504	0.07851	0.05445	0.05445	0.08397	
0.00355	0.2192	0.00355	0.16443	0.50211	0.0	0.16145	0.25454	9e-05	9e-05	9e-05	0.15458	0.24994	9e-05	0.04172	0.04172	9e-05	9e-05	9e-05	0.27953	0.04127	9e-05	0.07281	0.21503	0.3703	0.40137	9e-05	9e-05	9e-05	9e-05	9e-05	9e-05	9e-05	0.46787	9e-05	9e-05	9e-05	9e-05	0.03281	0.02008	0.0703	0.23673	0.0	0.26445	0.17097	0.04172	0.03281	9e-05	9e-05	9e-05	9e-05	9e-05	9e-05	0.04172	9e-05	9e-05	9e-05	0.46787	0.46787	0.32109	0.04172	9e-05	0.46787	0.46787	9e-05	9e-05	9e-05	0.18569	9e-05	9e-05	0.46787	0.0	9e-05	9e-05	9e-05	0.25058	9e-05	0.22564	0.32485	0.19659	0.19659	0.20756	
0.0	4e-05	0.0	0.0001	4e-05	0.0	0.0001	0.00024	0.0	0.0	0.0	0.00015	0.0003	0.0	0.00307	0.00307	0.0	0.0	0.0	0.0	0.00021	0.0	0.00087	0.0008	0.00143	0.00046	0.0	0.0	0.0	0.0	0.0	0.0	0.0	0.00019	0.0	0.0	0.0	0.0	0.00036	0.00027	0.00094	0.00022	0.0	0.00023	0.00043	0.00307	0.00036	0.0	0.0	0.0	0.0	0.0	0.0	0.00307	0.0	0.0	0.0	0.00019	0.00019	0.00095	0.00307	0.0	0.00019	0.00019	0.0	0.0	0.0	0.00057	0.0	0.0	0.00019	9e-05	0.0	0.0	0.0	0.00018	0.0	7e-05	5e-05	0.00016	0.00016	5e-05	
0.0	4e-05	0.0	0.0001	4e-05	0.0	0.0001	0.00024	0.0	0.0	0.0	0.00015	0.0003	0.0	0.00307	0.00307	0.0	0.0	0.0	0.0	0.00021	0.0	0.00087	0.0008	0.00143	0.00046	0.0	0.0	0.0	0.0	0.0	0.0	0.0	0.00019	0.0	0.0	0.0	0.0	0.00036	0.00027	0.00094	0.00022	0.0	0.00023	0.00043	0.00307	0.00036	0.0	0.0	0.0	0.0	0.0	0.0	0.00307	0.0	0.0	0.0	0.00019	0.00019	0.00095	0.00307	0.0	0.00019	0.00019	0.0	0.0	0.0	0.00057	0.0	0.0	0.00019	9e-05	0.0	0.0	0.0	0.00018	0.0	7e-05	5e-05	0.00016	0.00016	5e-05	
