0.0	0.00016	0.63961	0.01476	0.31247	0.99977	0.00016	0.00016	0.00016	0.01181	0.00016	0.0	0.0	0.5996	0.30784	0.01558	0.29708	0.11728	0.02606	0.34011	0.14271	0.16075	0.09513	0.02252	0.0	0.01104	0.0	0.00016	0.00016	0.01476	0.01476	0.00016	0.00016	0.0	0.01511	0.00016	0.02902	0.0	0.11588	0.0389	0.01965	0.0	0.00887	0.03363	0.0287	0.00016	0.00016	0.01262	0.0	0.00992	0.00016	0.00016	0.00016	0.00016	0.01132	0.04005	0.00016	0.2525	0.00016	0.00016	0.00016	0.00016	0.00016	0.00016	0.00016	0.00016	0.00016	0.00016	0.00016	0.00016	0.00016	0.00016	0.47241	0.00016	0.00016	0.01104	0.00016	0.02816	0.04508	0.02979	0.05031	0.02583	0.03758	0.02422	0.02275	
0.00016	0.0	7e-05	0.00012	2e-05	0.00016	0.0	0.0	0.0	0.00013	0.0	0.0	0.0	0.00083	0.00015	0.00011	7e-05	3e-05	4e-05	5e-05	3e-05	0.00016	1e-05	0.00044	0.0	0.00015	0.0	0.0	0.0	0.00012	0.00012	0.0	0.0	0.0	0.00088	0.0	0.00011	0.0	0.00011	4e-05	5e-05	0.0	0.00018	4e-05	4e-05	0.0	0.0	0.00013	0.0	0.00016	0.0	0.0	0.0	0.0	0.00024	0.00011	0.0	0.00033	0.0	0.0	0.0	0.0	0.0	0.0	0.0	0.0	0.0	0.0	0.0	0.0	0.0	0.0	6e-05	0.0	0.0	0.00015	0.0	5e-05	3e-05	4e-05	0.00031	5e-05	4e-05	4e-05	0.0001	
0.63961	7e-05	0.0	0.01757	0.27737	0.63961	7e-05	7e-05	7e-05	0.01369	7e-05	0.0	0.0	0.45314	0.19423	0.01846	0.24633	0.12035	0.03394	0.30449	0.14234	0.24225	0.14466	0.09951	0.0	0.0127	0.0	7e-05	7e-05	0.01757	0.01757	7e-05	7e-05	0.0	0.01842	7e-05	0.03815	0.0	0.11453	0.05292	0.02475	0.0	0.00995	0.04585	0.03805	7e-05	7e-05	0.01475	0.0	0.01156	7e-05	7e-05	7e-05	7e-05	0.01304	0.10477	7e-05	0.21853	7e-05	7e-05	7e-05	7e-05	7e-05	7e-05	7e-05	7e-05	7e-05	7e-05	7e-05	7e-05	7e-05	7e-05	0.38117	7e-05	7e-05	0.0127	7e-05	0.03729	0.06177	0.04029	0.07854	0.03462	0.05065	0.03171	0.02839	
0.01476	0.00012	0.01757	0.0	0.02942	0.01476	0.00012	0.00012	0.00012	0.01352	0.00012	0.0	0.0	0.0189	0.0171	0.01778	0.02516	0.0483	0.03088	0.14326	0.28761	1.10341	0.11781	0.02683	0.0	0.01261	0.0	0.00012	0.00012	0.99976	0.99976	0.00012	0.00012	0.0	0.01754	0.00012	0.18162	0.0	0.14434	0.17886	0.02312	0.0	0.01005	0.13569	0.03433	0.00012	0.00012	0.01449	0.0	0.01137	0.00012	0.00012	0.00012	0.00012	0.01293	0.18796	0.00012	0.46599	0.00012	0.00012	0.00012	0.00012	0.00012	0.00012	0.00012	0.00012	0.00012	0.00012	0.00012	0.00012	0.00012	0.00012	0.5422	0.00012	0.00012	0.01261	0.00012	0.40636	0.14131	0.19422	0.12904	0.20889	0.36093	0.02885	0.33422	
0.31247	2e-05	0.27737	0.02942	0.0	0.31247	2e-05	2e-05	2e-05	0.2874	2e-05	0.0	0.0	0.27308	0.30965	0.2145	0.17914	0.2174	0.24413	0.31913	0.22522	0.22686	0.13439	0.05985	0.0	0.15168	0.0	2e-05	2e-05	0.02942	0.02942	2e-05	2e-05	0.0	0.03209	2e-05	0.07698	0.0	0.39959	0.12654	0.0596	0.0	0.0153	0.14233	0.07808	2e-05	2e-05	0.02402	0.0	0.01869	2e-05	2e-05	2e-05	2e-05	0.02078	0.08092	2e-05	0.17446	2e-05	2e-05	2e-05	2e-05	2e-05	2e-05	2e-05	2e-05	2e-05	2e-05	2e-05	2e-05	2e-05	2e-05	0.2588	2e-05	2e-05	0.15168	2e-05	0.06086	0.24167	0.09261	0.14795	0.21136	0.06313	0.19912	0.05157	
0.99977	0.00016	0.63961	0.01476	0.31247	0.0	0.00016	0.00016	0.00016	0.01181	0.00016	0.0	0.0	0.5996	0.30784	0.01558	0.29708	0.11728	0.02606	0.34011	0.14271	0.16075	0.09513	0.02252	0.0	0.01104	0.0	0.00016	0.00016	0.01476	0.01476	0.00016	0.00016	0.0	0.01511	0.00016	0.02902	0.0	0.11588	0.0389	0.01965	0.0	0.00887	0.03363	0.0287	0.00016	0.00016	0.01262	0.0	0.00992	0.00016	0.00016	0.00016	0.00016	0.01132	0.04005	0.00016	0.2525	0.00016	0.00016	0.00016	0.00016	0.00016	0.00016	0.00016	0.00016	0.00016	0.00016	0.00016	0.00016	0.00016	0.00016	0.47241	0.00016	0.00016	0.01104	0.00016	0.02816	0.04508	0.02979	0.05031	0.02583	0.03758	0.02422	0.02275	
0.00016	0.0	7e-05	0.00012	2e-05	0.00016	0.0	0.0	0.0	0.00013	0.0	0.0	0.0	0.00083	0.00015	0.00011	7e-05	3e-05	4e-05	5e-05	3e-05	0.00016	1e-05	0.00044	0.0	0.00015	0.0	0.0	0.0	0.00012	0.00012	0.0	0.0	0.0	0.00088	0.0	0.00011	0.0	0.00011	4e-05	5e-05	0.0	0.00018	4e-05	4e-05	0.0	0.0	0.00013	0.0	0.00016	0.0	0.0	0.0	0.0	0.00024	0.00011	0.0	0.00033	0.0	0.0	0.0	0.0	0.0	0.0	0.0	0.0	0.0	0.0	0.0	0.0	0.0	0.0	6e-05	0.0	0.0	0.00015	0.0	5e-05	3e-05	4e-05	0.00031	5e-05	4e-05	4e-05	0.0001	
0.00016	0.0	7e-05	0.00012	2e-05	0.00016	0.0	0.0	0.0	0.00013	0.0	0.0	0.0	0.00083	0.00015	0.00011	7e-05	3e-05	4e-05	5e-05	3e-05	0.00016	1e-05	0.00044	0.0	0.00015	0.0	0.0	0.0	0.00012	0.00012	0.0	0.0	0.0	0.00088	0.0	0.00011	0.0	0.00011	4e-05	5e-05	0.0	0.00018	4e-05	4e-05	0.0	0.0	0.00013	0.0	0.00016	0.0	0.0	0.0	0.0	0.00024	0.00011	0.0	0.00033	0.0	0.0	0.0	0.0	0.0	0.0	0.0	0.0	0.0	0.0	0.0	0.0	0.0	0.0	6e-05	0.0	0.0	0.00015	0.0	5e-05	3e-05	4e-05	0.00031	5e-05	4e-05	4e-05	0.0001	
0.00016	0.0	7e-05	0.00012	2e-05	0.00016	0.0	0.0	0.0	0.00013	0.0	0.0	0.0	0.00083	0.00015	0.00011	7e-05	3e-05	4e-05	5e-05	3e-05	0.00016	1e-05	0.00044	0.0	0.00015	0.0	0.0	0.0	0.00012	0.00012	0.0	0.0	0.0	0.00088	0.0	0.00011	0.0	0.00011	4e-05	5e-05	0.0	0.00018	4e-05	4e-05	0.0	0.0	0.00013	0.0	0.00016	0.0	0.0	0.0	0.0	0.00024	0.00011	0.0	0.00033	0.0	0.0	0.0	0.0	0.0	0.0	0.0	0.0	0.0	0.0	0.0	0.0	0.0	0.0	6e-05	0.0	0.0	0.00015	0.0	5e-05	3e-05	4e-05	0.00031	5e-05	4e-05	4e-05	0.0001	
0.01181	0.00013	0.01369	0.01352	0.2874	0.01181	0.00013	0.00013	0.00013	0.0	0.00013	0.0	0.0	0.01481	0.01392	0.56839	0.01932	0.10299	0.17859	0.10275	0.11518	0.14441	0.03768	0.02029	0.0	0.01017	0.0	0.00013	0.00013	0.01352	0.01352	0.00013	0.00013	0.0	0.01382	0.00013	0.02613	0.0	0.26071	0.09973	0.01782	0.0	0.00821	0.09628	0.02581	0.00013	0.00013	0.0116	0.0	0.00912	0.00013	0.00013	0.00013	0.00013	0.01043	0.03584	0.00013	0.02088	0.00013	0.00013	0.00013	0.00013	0.00013	0.00013	0.00013	0.00013	0.00013	0.00013	0.00013	0.00013	0.00013	0.00013	0.0176	0.00013	0.00013	0.01017	0.00013	0.02532	0.10036	0.02667	0.07589	0.02318	0.03369	0.25796	0.02067	
0.00016	0.0	7e-05	0.00012	2e-05	0.00016	0.0	0.0	0.0	0.00013	0.0	0.0	0.0	0.00083	0.00015	0.00011	7e-05	3e-05	4e-05	5e-05	3e-05	0.00016	1e-05	0.00044	0.0	0.00015	0.0	0.0	0.0	0.00012	0.00012	0.0	0.0	0.0	0.00088	0.0	0.00011	0.0	0.00011	4e-05	5e-05	0.0	0.00018	4e-05	4e-05	0.0	0.0	0.00013	0.0	0.00016	0.0	0.0	0.0	0.0	0.00024	0.00011	0.0	0.00033	0.0	0.0	0.0	0.0	0.0	0.0	0.0	0.0	0.0	0.0	0.0	0.0	0.0	0.0	6e-05	0.0	0.0	0.00015	0.0	5e-05	3e-05	4e-05	0.00031	5e-05	4e-05	4e-05	0.0001	
0.0	0.0	0.0	0.0	0.0	0.0	0.0	0.0	0.0	0.0	0.0	0.0	0.0	0.0	0.0	0.0	0.0	0.0	0.0	0.0	0.0	0.0	0.0	0.0	0.0	0.0	0.0	0.0	0.0	0.0	0.0	0.0	0.0	0.0	0.0	0.0	0.0	0.0	0.0	0.0	0.0	0.0	0.0	0.0	0.0	0.0	0.0	0.0	0.0	0.0	0.0	0.0	0.0	0.0	0.0	0.0	0.0	0.0	0.0	0.0	0.0	0.0	0.0	0.0	0.0	0.0	0.0	0.0	0.0	0.0	0.0	0.0	0.0	0.0	0.0	0.0	0.0	0.0	0.0	0.0	0.0	0.0	0.0	0.0	0.0	
0.0	0.0	0.0	0.0	0.0	0.0	0.0	0.0	0.0	0.0	0.0	0.0	0.0	0.0	0.0	0.0	0.0	0.0	0.0	0.0	0.0	0.0	0.0	0.0	0.0	0.0	0.0	0.0	0.0	0.0	0.0	0.0	0.0	0.0	0.0	0.0	0.0	0.0	0.0	0.0	0.0	0.0	0.0	0.0	0.0	0.0	0.0	0.0	0.0	0.0	0.0	0.0	0.0	0.0	0.0	0.0	0.0	0.0	0.0	0.0	0.0	0.0	0.0	0.0	0.0	0.0	0.0	0.0	0.0	0.0	0.0	0.0	0.0	0.0	0.0	0.0	0.0	0.0	0.0	0.0	0.0	0.0	0.0	0.0	0.0	
0.5996	0.00083	0.45314	0.0189	0.27308	0.5996	0.00083	0.00083	0.00083	0.01481	0.00083	0.0	0.0	0.0	0.48314	0.08704	0.36068	0.15127	0.07053	0.39057	0.17672	0.25223	0.12884	0.19817	0.0	0.01377	0.0	0.00083	0.00083	0.0189	0.0189	0.00083	0.00083	0.0	0.28203	0.00083	0.04098	0.0	0.18455	0.05704	0.02656	0.0	0.0109	0.04944	0.04092	0.00083	0.00083	0.01593	0.0	0.01257	0.00083	0.00083	0.00083	0.00083	0.01412	0.05557	0.00083	0.49497	0.00083	0.00083	0.00083	0.00083	0.00083	0.00083	0.00083	0.00083	0.00083	0.00083	0.00083	0.00083	0.00083	0.00083	0.36906	0.00083	0.00083	0.01377	0.00083	0.0401	0.06679	0.04356	0.18625	0.03729	0.05452	0.03408	0.0304	
0.30784	0.00015	0.19423	0.0171	0.30965	0.30784	0.00015	0.00015	0.00015	0.01392	0.00015	0.0	0.0	0.48314	0.0	0.01578	0.06156	0.04446	0.36415	0.13498	0.04944	0.1521	0.13809	0.06874	0.0	0.01281	0.0	0.00015	0.00015	0.0171	0.0171	0.00015	0.00015	0.0	0.09329	0.00015	0.03398	0.0	0.35129	0.04854	0.02278	0.0	0.0105	0.15657	0.03417	0.00015	0.00015	0.0147	0.0	0.01113	0.00015	0.00015	0.00015	0.00015	0.01279	0.05231	0.00015	0.22744	0.00015	0.00015	0.00015	0.00015	0.00015	0.00015	0.00015	0.00015	0.00015	0.00015	0.00015	0.00015	0.00015	0.00015	0.1507	0.00015	0.00015	0.01281	0.00015	0.03327	0.09823	0.03575	0.11635	0.27718	0.08443	0.17398	0.02657	
0.01558	0.00011	0.01846	0.01778	0.2145	0.01558	0.00011	0.00011	0.00011	0.56839	0.00011	0.0	0.0	0.08704	0.01578	0.0	0.02404	0.06518	0.10573	0.05325	0.07643	0.04232	0.0487	0.0709	0.0	0.01315	0.0	0.00011	0.00011	0.01778	0.01778	0.00011	0.00011	0.0	0.08937	0.00011	0.03622	0.0	0.28389	0.05809	0.08917	0.0	0.01054	0.05532	0.03611	0.00011	0.00011	0.01514	0.0	0.01174	0.00011	0.00011	0.00011	0.00011	0.01337	0.05103	0.00011	0.03148	0.00011	0.00011	0.00011	0.00011	0.00011	0.00011	0.00011	0.00011	0.00011	0.00011	0.00011	0.00011	0.00011	0.00011	0.02409	0.00011	0.00011	0.01315	0.00011	0.03533	0.0615	0.03776	0.08301	0.03242	0.04807	0.1751	0.02792	
0.29708	7e-05	0.24633	0.02516	0.17914	0.29708	7e-05	7e-05	7e-05	0.01932	7e-05	0.0	0.0	0.36068	0.06156	0.02404	0.0	0.3571	0.11488	0.30352	0.19816	0.39282	0.05658	0.07662	0.0	0.01777	0.0	7e-05	7e-05	0.02516	0.02516	7e-05	7e-05	0.0	0.07042	7e-05	0.05931	0.0	0.07534	0.08664	0.03689	0.0	0.33945	0.13125	0.10289	7e-05	7e-05	0.02088	0.0	0.0162	7e-05	7e-05	7e-05	7e-05	0.01819	0.13418	7e-05	0.22368	7e-05	7e-05	7e-05	7e-05	7e-05	7e-05	7e-05	7e-05	7e-05	7e-05	7e-05	7e-05	7e-05	7e-05	0.21684	7e-05	7e-05	0.01777	7e-05	0.05836	0.05436	0.12016	0.1431	0.0545	0.05736	0.04891	0.0422	
0.11728	3e-05	0.12035	0.0483	0.2174	0.11728	3e-05	3e-05	3e-05	0.10299	3e-05	0.0	0.0	0.15127	0.04446	0.06518	0.3571	0.0	0.23956	0.29118	0.29709	0.37498	0.13679	0.09988	0.0	0.09954	0.0	3e-05	3e-05	0.0483	0.0483	3e-05	3e-05	0.0	0.06575	3e-05	0.14265	0.0	0.15841	0.11462	0.08032	0.0	0.17734	0.1393	0.09137	3e-05	3e-05	0.01963	0.0	0.03005	3e-05	3e-05	3e-05	3e-05	0.03338	0.12014	3e-05	0.13888	3e-05	3e-05	3e-05	3e-05	3e-05	3e-05	3e-05	3e-05	3e-05	3e-05	3e-05	3e-05	3e-05	3e-05	0.13448	3e-05	3e-05	0.09954	3e-05	0.09444	0.09714	0.14202	0.115	0.08877	0.0713	0.10644	0.04235	
0.02606	4e-05	0.03394	0.03088	0.24413	0.02606	4e-05	4e-05	4e-05	0.17859	4e-05	0.0	0.0	0.07053	0.36415	0.10573	0.11488	0.23956	0.0	0.23874	0.36082	0.5429	0.1669	0.08506	0.0	0.02151	0.0	4e-05	4e-05	0.03088	0.03088	4e-05	4e-05	0.0	0.06816	4e-05	0.0769	0.0	0.34089	0.05776	0.04647	0.0	0.11663	0.20464	0.03425	4e-05	4e-05	0.02542	0.0	0.0197	4e-05	4e-05	4e-05	4e-05	0.02204	0.03167	4e-05	0.05301	4e-05	4e-05	4e-05	4e-05	4e-05	4e-05	4e-05	4e-05	4e-05	4e-05	4e-05	4e-05	4e-05	4e-05	0.04764	4e-05	4e-05	0.02151	4e-05	0.0759	0.15059	0.12154	0.12843	0.2358	0.10347	0.20201	0.05303	
0.34011	5e-05	0.30449	0.14326	0.31913	0.34011	5e-05	5e-05	5e-05	0.10275	5e-05	0.0	0.0	0.39057	0.13498	0.05325	0.30352	0.29118	0.23874	0.0	0.58744	1.21129	0.12443	0.10857	0.0	0.03023	0.0	5e-05	5e-05	0.14326	0.14326	5e-05	5e-05	0.0	0.07126	5e-05	0.03915	0.0	0.32095	0.04907	0.06879	0.0	0.06889	0.12944	0.05062	5e-05	5e-05	0.03601	0.0	0.02783	5e-05	5e-05	5e-05	5e-05	0.03105	0.0325	5e-05	0.42021	5e-05	5e-05	5e-05	5e-05	5e-05	5e-05	5e-05	5e-05	5e-05	5e-05	5e-05	5e-05	5e-05	5e-05	0.41371	5e-05	5e-05	0.03023	5e-05	0.16039	0.07733	0.11203	0.06979	0.07011	0.13093	0.08258	0.03887	
0.14271	3e-05	0.14234	0.28761	0.22522	0.14271	3e-05	3e-05	3e-05	0.11518	3e-05	0.0	0.0	0.17672	0.04944	0.07643	0.19816	0.29709	0.36082	0.58744	0.0	1.08628	0.16792	0.0955	0.0	0.03027	0.0	3e-05	3e-05	0.28761	0.28761	3e-05	3e-05	0.0	0.06271	3e-05	0.16732	0.0	0.3302	0.15633	0.0728	0.0	0.07474	0.16201	0.03672	3e-05	3e-05	0.03634	0.0	0.02805	3e-05	3e-05	3e-05	3e-05	0.03113	0.12841	3e-05	0.40312	3e-05	3e-05	3e-05	3e-05	3e-05	3e-05	3e-05	3e-05	3e-05	3e-05	3e-05	3e-05	3e-05	3e-05	0.39779	3e-05	3e-05	0.03027	3e-05	0.2422	0.17718	0.22832	0.1907	0.18938	0.25484	0.11181	0.17585	
0.16075	0.00016	0.24225	1.10341	0.22686	0.16075	0.00016	0.00016	0.00016	0.14441	0.00016	0.0	0.0	0.25223	0.1521	0.04232	0.39282	0.37498	0.5429	1.21129	1.08628	0.0	0.50795	0.20587	0.0	0.07829	0.0	0.00016	0.00016	1.10341	1.10341	0.00016	0.00016	0.0	0.12374	0.00016	0.3025	0.0	1.29674	0.30151	0.12008	0.0	0.09545	0.37788	0.12379	0.00016	0.00016	0.0432	0.0	0.06732	0.00016	0.00016	0.00016	0.00016	0.07885	0.40313	0.00016	1.32635	0.00016	0.00016	0.00016	0.00016	0.00016	0.00016	0.00016	0.00016	0.00016	0.00016	0.00016	0.00016	0.00016	0.00016	1.245	0.00016	0.00016	0.07829	0.00016	0.58621	0.26579	0.41827	0.28525	0.39347	0.60263	0.06658	0.47074	
0.09513	1e-05	0.14466	0.11781	0.13439	0.09513	1e-05	1e-05	1e-05	0.03768	1e-05	0.0	0.0	0.12884	0.13809	0.0487	0.05658	0.13679	0.1669	0.12443	0.16792	0.50795	0.0	0.09758	0.0	0.03435	0.0	1e-05	1e-05	0.11781	0.11781	1e-05	1e-05	0.0	0.06817	1e-05	0.09406	0.0	0.29768	0.06577	0.03272	0.0	0.02572	0.08611	0.07572	1e-05	1e-05	0.03079	0.0	0.0318	1e-05	1e-05	1e-05	1e-05	0.03533	0.10721	1e-05	0.22911	1e-05	1e-05	1e-05	1e-05	1e-05	1e-05	1e-05	1e-05	1e-05	1e-05	1e-05	1e-05	1e-05	1e-05	0.22431	1e-05	1e-05	0.03435	1e-05	0.12599	0.0845	0.08034	0.13059	0.13551	0.1557	0.05332	0.10534	
0.02252	0.00044	0.09951	0.02683	0.05985	0.02252	0.00044	0.00044	0.00044	0.02029	0.00044	0.0	0.0	0.19817	0.06874	0.0709	0.07662	0.09988	0.08506	0.10857	0.0955	0.20587	0.09758	0.0	0.0	0.01866	0.0	0.00044	0.00044	0.02683	0.02683	0.00044	0.00044	0.0	0.41521	0.00044	0.06281	0.0	0.10472	0.10128	0.0281	0.0	0.01429	0.07212	0.10992	0.00044	0.00044	0.02685	0.0	0.01725	0.00044	0.00044	0.00044	0.00044	0.20136	0.21253	0.00044	0.11421	0.00044	0.00044	0.00044	0.00044	0.00044	0.00044	0.00044	0.00044	0.00044	0.00044	0.00044	0.00044	0.00044	0.00044	0.04193	0.00044	0.00044	0.01866	0.00044	0.08286	0.07828	0.08272	0.25562	0.15792	0.06691	0.05557	0.04618	
0.0	0.0	0.0	0.0	0.0	0.0	0.0	0.0	0.0	0.0	0.0	0.0	0.0	0.0	0.0	0.0	0.0	0.0	0.0	0.0	0.0	0.0	0.0	0.0	0.0	0.0	0.0	0.0	0.0	0.0	0.0	0.0	0.0	0.0	0.0	0.0	0.0	0.0	0.0	0.0	0.0	0.0	0.0	0.0	0.0	0.0	0.0	0.0	0.0	0.0	0.0	0.0	0.0	0.0	0.0	0.0	0.0	0.0	0.0	0.0	0.0	0.0	0.0	0.0	0.0	0.0	0.0	0.0	0.0	0.0	0.0	0.0	0.0	0.0	0.0	0.0	0.0	0.0	0.0	0.0	0.0	0.0	0.0	0.0	0.0	
0.01104	0.00015	0.0127	0.01261	0.15168	0.01104	0.00015	0.00015	0.00015	0.01017	0.00015	0.0	0.0	0.01377	0.01281	0.01315	0.01777	0.09954	0.02151	0.03023	0.03027	0.07829	0.03435	0.01866	0.0	0.0	0.0	0.00015	0.00015	0.01261	0.01261	0.00015	0.00015	0.0	0.01287	0.00015	0.02401	0.0	0.02667	0.09029	0.23088	0.0	0.00774	0.02752	0.02368	0.00015	0.00015	0.01085	0.0	0.00854	0.00015	0.00015	0.00015	0.00015	0.00978	0.12197	0.00015	0.01923	0.00015	0.00015	0.00015	0.00015	0.00015	0.00015	0.00015	0.00015	0.00015	0.00015	0.00015	0.00015	0.00015	0.00015	0.01624	0.00015	0.00015	0.99966	0.00015	0.12762	0.09048	0.15155	0.08214	0.12897	0.03084	0.02007	0.01914	
0.0	0.0	0.0	0.0	0.0	0.0	0.0	0.0	0.0	0.0	0.0	0.0	0.0	0.0	0.0	0.0	0.0	0.0	0.0	0.0	0.0	0.0	0.0	0.0	0.0	0.0	0.0	0.0	0.0	0.0	0.0	0.0	0.0	0.0	0.0	0.0	0.0	0.0	0.0	0.0	0.0	0.0	0.0	0.0	0.0	0.0	0.0	0.0	0.0	0.0	0.0	0.0	0.0	0.0	0.0	0.0	0.0	0.0	0.0	0.0	0.0	0.0	0.0	0.0	0.0	0.0	0.0	0.0	0.0	0.0	0.0	0.0	0.0	0.0	0.0	0.0	0.0	0.0	0.0	0.0	0.0	0.0	0.0	0.0	0.0	
0.00016	0.0	7e-05	0.00012	2e-05	0.00016	0.0	0.0	0.0	0.00013	0.0	0.0	0.0	0.00083	0.00015	0.00011	7e-05	3e-05	4e-05	5e-05	3e-05	0.00016	1e-05	0.00044	0.0	0.00015	0.0	0.0	0.0	0.00012	0.00012	0.0	0.0	0.0	0.00088	0.0	0.00011	0.0	0.00011	4e-05	5e-05	0.0	0.00018	4e-05	4e-05	0.0	0.0	0.00013	0.0	0.00016	0.0	0.0	0.0	0.0	0.00024	0.00011	0.0	0.00033	0.0	0.0	0.0	0.0	0.0	0.0	0.0	0.0	0.0	0.0	0.0	0.0	0.0	0.0	6e-05	0.0	0.0	0.00015	0.0	5e-05	3e-05	4e-05	0.00031	5e-05	4e-05	4e-05	0.0001	
0.00016	0.0	7e-05	0.00012	2e-05	0.00016	0.0	0.0	0.0	0.00013	0.0	0.0	0.0	0.00083	0.00015	0.00011	7e-05	3e-05	4e-05	5e-05	3e-05	0.00016	1e-05	0.00044	0.0	0.00015	0.0	0.0	0.0	0.00012	0.00012	0.0	0.0	0.0	0.00088	0.0	0.00011	0.0	0.00011	4e-05	5e-05	0.0	0.00018	4e-05	4e-05	0.0	0.0	0.00013	0.0	0.00016	0.0	0.0	0.0	0.0	0.00024	0.00011	0.0	0.00033	0.0	0.0	0.0	0.0	0.0	0.0	0.0	0.0	0.0	0.0	0.0	0.0	0.0	0.0	6e-05	0.0	0.0	0.00015	0.0	5e-05	3e-05	4e-05	0.00031	5e-05	4e-05	4e-05	0.0001	
0.01476	0.00012	0.01757	0.99976	0.02942	0.01476	0.00012	0.00012	0.00012	0.01352	0.00012	0.0	0.0	0.0189	0.0171	0.01778	0.02516	0.0483	0.03088	0.14326	0.28761	1.10341	0.11781	0.02683	0.0	0.01261	0.0	0.00012	0.00012	0.0	0.99976	0.00012	0.00012	0.0	0.01754	0.00012	0.18162	0.0	0.14434	0.17886	0.02312	0.0	0.01005	0.13569	0.03433	0.00012	0.00012	0.01449	0.0	0.01137	0.00012	0.00012	0.00012	0.00012	0.01293	0.18796	0.00012	0.46599	0.00012	0.00012	0.00012	0.00012	0.00012	0.00012	0.00012	0.00012	0.00012	0.00012	0.00012	0.00012	0.00012	0.00012	0.5422	0.00012	0.00012	0.01261	0.00012	0.40636	0.14131	0.19422	0.12904	0.20889	0.36093	0.02885	0.33422	
0.01476	0.00012	0.01757	0.99976	0.02942	0.01476	0.00012	0.00012	0.00012	0.01352	0.00012	0.0	0.0	0.0189	0.0171	0.01778	0.02516	0.0483	0.03088	0.14326	0.28761	1.10341	0.11781	0.02683	0.0	0.01261	0.0	0.00012	0.00012	0.99976	0.0	0.00012	0.00012	0.0	0.01754	0.00012	0.18162	0.0	0.14434	0.17886	0.02312	0.0	0.01005	0.13569	0.03433	0.00012	0.00012	0.01449	0.0	0.01137	0.00012	0.00012	0.00012	0.00012	0.01293	0.18796	0.00012	0.46599	0.00012	0.00012	0.00012	0.00012	0.00012	0.00012	0.00012	0.00012	0.00012	0.00012	0.00012	0.00012	0.00012	0.00012	0.5422	0.00012	0.00012	0.01261	0.00012	0.40636	0.14131	0.19422	0.12904	0.20889	0.36093	0.02885	0.33422	
0.00016	0.0	7e-05	0.00012	2e-05	0.00016	0.0	0.0	0.0	0.00013	0.0	0.0	0.0	0.00083	0.00015	0.00011	7e-05	3e-05	4e-05	5e-05	3e-05	0.00016	1e-05	0.00044	0.0	0.00015	0.0	0.0	0.0	0.00012	0.00012	0.0	0.0	0.0	0.00088	0.0	0.00011	0.0	0.00011	4e-05	5e-05	0.0	0.00018	4e-05	4e-05	0.0	0.0	0.00013	0.0	0.00016	0.0	0.0	0.0	0.0	0.00024	0.00011	0.0	0.00033	0.0	0.0	0.0	0.0	0.0	0.0	0.0	0.0	0.0	0.0	0.0	0.0	0.0	0.0	6e-05	0.0	0.0	0.00015	0.0	5e-05	3e-05	4e-05	0.00031	5e-05	4e-05	4e-05	0.0001	
0.00016	0.0	7e-05	0.00012	2e-05	0.00016	0.0	0.0	0.0	0.00013	0.0	0.0	0.0	0.00083	0.00015	0.00011	7e-05	3e-05	4e-05	5e-05	3e-05	0.00016	1e-05	0.00044	0.0	0.00015	0.0	0.0	0.0	0.00012	0.00012	0.0	0.0	0.0	0.00088	0.0	0.00011	0.0	0.00011	4e-05	5e-05	0.0	0.00018	4e-05	4e-05	0.0	0.0	0.00013	0.0	0.00016	0.0	0.0	0.0	0.0	0.00024	0.00011	0.0	0.00033	0.0	0.0	0.0	0.0	0.0	0.0	0.0	0.0	0.0	0.0	0.0	0.0	0.0	0.0	6e-05	0.0	0.0	0.00015	0.0	5e-05	3e-05	4e-05	0.00031	5e-05	4e-05	4e-05	0.0001	
0.0	0.0	0.0	0.0	0.0	0.0	0.0	0.0	0.0	0.0	0.0	0.0	0.0	0.0	0.0	0.0	0.0	0.0	0.0	0.0	0.0	0.0	0.0	0.0	0.0	0.0	0.0	0.0	0.0	0.0	0.0	0.0	0.0	0.0	0.0	0.0	0.0	0.0	0.0	0.0	0.0	0.0	0.0	0.0	0.0	0.0	0.0	0.0	0.0	0.0	0.0	0.0	0.0	0.0	0.0	0.0	0.0	0.0	0.0	0.0	0.0	0.0	0.0	0.0	0.0	0.0	0.0	0.0	0.0	0.0	0.0	0.0	0.0	0.0	0.0	0.0	0.0	0.0	0.0	0.0	0.0	0.0	0.0	0.0	0.0	
0.01511	0.00088	0.01842	0.01754	0.03209	0.01511	0.00088	0.00088	0.00088	0.01382	0.00088	0.0	0.0	0.28203	0.09329	0.08937	0.07042	0.06575	0.06816	0.07126	0.06271	0.12374	0.06817	0.41521	0.0	0.01287	0.0	0.00088	0.00088	0.01754	0.01754	0.00088	0.00088	0.0	0.0	0.00088	0.11361	0.0	0.07914	0.05144	0.02438	0.0	0.01024	0.09476	0.19654	0.00088	0.00088	0.01484	0.0	0.01173	0.00088	0.00088	0.00088	0.00088	0.56699	0.16402	0.00088	0.12178	0.00088	0.00088	0.00088	0.00088	0.00088	0.00088	0.00088	0.00088	0.00088	0.00088	0.00088	0.00088	0.00088	0.00088	0.02448	0.00088	0.00088	0.01287	0.00088	0.03641	0.10425	0.12127	0.2134	0.24118	0.09009	0.03103	0.02793	
0.00016	0.0	7e-05	0.00012	2e-05	0.00016	0.0	0.0	0.0	0.00013	0.0	0.0	0.0	0.00083	0.00015	0.00011	7e-05	3e-05	4e-05	5e-05	3e-05	0.00016	1e-05	0.00044	0.0	0.00015	0.0	0.0	0.0	0.00012	0.00012	0.0	0.0	0.0	0.00088	0.0	0.00011	0.0	0.00011	4e-05	5e-05	0.0	0.00018	4e-05	4e-05	0.0	0.0	0.00013	0.0	0.00016	0.0	0.0	0.0	0.0	0.00024	0.00011	0.0	0.00033	0.0	0.0	0.0	0.0	0.0	0.0	0.0	0.0	0.0	0.0	0.0	0.0	0.0	0.0	6e-05	0.0	0.0	0.00015	0.0	5e-05	3e-05	4e-05	0.00031	5e-05	4e-05	4e-05	0.0001	
0.02902	0.00011	0.03815	0.18162	0.07698	0.02902	0.00011	0.00011	0.00011	0.02613	0.00011	0.0	0.0	0.04098	0.03398	0.03622	0.05931	0.14265	0.0769	0.03915	0.16732	0.3025	0.09406	0.06281	0.0	0.02401	0.0	0.00011	0.00011	0.18162	0.18162	0.00011	0.00011	0.0	0.11361	0.00011	0.0	0.0	0.05147	0.17666	0.13438	0.0	0.01832	0.20992	0.13145	0.00011	0.00011	0.1974	0.0	0.07437	0.00011	0.00011	0.00011	0.00011	0.12086	0.10729	0.00011	0.15885	0.00011	0.00011	0.00011	0.00011	0.00011	0.00011	0.00011	0.00011	0.00011	0.00011	0.00011	0.00011	0.00011	0.00011	0.15917	0.00011	0.00011	0.02401	0.00011	0.13261	0.04158	0.34331	0.09063	0.15538	0.16016	0.10861	0.15465	
0.0	0.0	0.0	0.0	0.0	0.0	0.0	0.0	0.0	0.0	0.0	0.0	0.0	0.0	0.0	0.0	0.0	0.0	0.0	0.0	0.0	0.0	0.0	0.0	0.0	0.0	0.0	0.0	0.0	0.0	0.0	0.0	0.0	0.0	0.0	0.0	0.0	0.0	0.0	0.0	0.0	0.0	0.0	0.0	0.0	0.0	0.0	0.0	0.0	0.0	0.0	0.0	0.0	0.0	0.0	0.0	0.0	0.0	0.0	0.0	0.0	0.0	0.0	0.0	0.0	0.0	0.0	0.0	0.0	0.0	0.0	0.0	0.0	0.0	0.0	0.0	0.0	0.0	0.0	0.0	0.0	0.0	0.0	0.0	0.0	
0.11588	0.00011	0.11453	0.14434	0.39959	0.11588	0.00011	0.00011	0.00011	0.26071	0.00011	0.0	0.0	0.18455	0.35129	0.28389	0.07534	0.15841	0.34089	0.32095	0.3302	1.29674	0.29768	0.10472	0.0	0.02667	0.0	0.00011	0.00011	0.14434	0.14434	0.00011	0.00011	0.0	0.07914	0.00011	0.05147	0.0	0.0	0.13216	0.07315	0.0	0.02011	0.20568	0.11062	0.00011	0.00011	0.03185	0.0	0.02469	0.00011	0.00011	0.00011	0.00011	0.02743	0.0992	0.00011	0.46593	0.00011	0.00011	0.00011	0.00011	0.00011	0.00011	0.00011	0.00011	0.00011	0.00011	0.00011	0.00011	0.00011	0.00011	0.2855	0.00011	0.00011	0.02667	0.00011	0.16139	0.18087	0.08896	0.18792	0.21301	0.20725	0.28002	0.0521	
0.0389	4e-05	0.05292	0.17886	0.12654	0.0389	4e-05	4e-05	4e-05	0.09973	4e-05	0.0	0.0	0.05704	0.04854	0.05809	0.08664	0.11462	0.05776	0.04907	0.15633	0.30151	0.06577	0.10128	0.0	0.09029	0.0	4e-05	4e-05	0.17886	0.17886	4e-05	4e-05	0.0	0.05144	4e-05	0.17666	0.0	0.13216	0.0	0.21094	0.0	0.02394	0.12121	0.03276	4e-05	4e-05	0.1102	0.0	0.07414	4e-05	4e-05	4e-05	4e-05	0.03276	0.11919	4e-05	0.18488	4e-05	4e-05	4e-05	4e-05	4e-05	4e-05	4e-05	4e-05	4e-05	4e-05	4e-05	4e-05	4e-05	4e-05	0.17609	4e-05	4e-05	0.09029	4e-05	0.31173	0.0431	0.18811	0.1593	0.14278	0.24394	0.07071	0.18885	
0.01965	5e-05	0.02475	0.02312	0.0596	0.01965	5e-05	5e-05	5e-05	0.01782	5e-05	0.0	0.0	0.02656	0.02278	0.08917	0.03689	0.08032	0.04647	0.06879	0.0728	0.12008	0.03272	0.0281	0.0	0.23088	0.0	5e-05	5e-05	0.02312	0.02312	5e-05	5e-05	0.0	0.02438	5e-05	0.13438	0.0	0.07315	0.21094	0.0	0.0	0.0128	0.06439	0.02586	5e-05	5e-05	0.0943	0.0	0.01505	5e-05	5e-05	5e-05	5e-05	0.01692	0.11044	5e-05	0.04098	5e-05	5e-05	5e-05	5e-05	5e-05	5e-05	5e-05	5e-05	5e-05	5e-05	5e-05	5e-05	5e-05	5e-05	0.03371	5e-05	5e-05	0.23088	5e-05	0.07741	0.04531	0.26675	0.11878	0.046	0.07089	0.03804	0.03813	
0.0	0.0	0.0	0.0	0.0	0.0	0.0	0.0	0.0	0.0	0.0	0.0	0.0	0.0	0.0	0.0	0.0	0.0	0.0	0.0	0.0	0.0	0.0	0.0	0.0	0.0	0.0	0.0	0.0	0.0	0.0	0.0	0.0	0.0	0.0	0.0	0.0	0.0	0.0	0.0	0.0	0.0	0.0	0.0	0.0	0.0	0.0	0.0	0.0	0.0	0.0	0.0	0.0	0.0	0.0	0.0	0.0	0.0	0.0	0.0	0.0	0.0	0.0	0.0	0.0	0.0	0.0	0.0	0.0	0.0	0.0	0.0	0.0	0.0	0.0	0.0	0.0	0.0	0.0	0.0	0.0	0.0	0.0	0.0	0.0	
0.00887	0.00018	0.00995	0.01005	0.0153	0.00887	0.00018	0.00018	0.00018	0.00821	0.00018	0.0	0.0	0.0109	0.0105	0.01054	0.33945	0.17734	0.11663	0.06889	0.07474	0.09545	0.02572	0.01429	0.0	0.00774	0.0	0.00018	0.00018	0.01005	0.01005	0.00018	0.00018	0.0	0.01024	0.00018	0.01832	0.0	0.02011	0.02394	0.0128	0.0	0.0	0.10424	0.08969	0.00018	0.00018	0.00872	0.0	0.00688	0.00018	0.00018	0.00018	0.00018	0.00793	0.13583	0.00018	0.01479	0.00018	0.00018	0.00018	0.00018	0.00018	0.00018	0.00018	0.00018	0.00018	0.00018	0.00018	0.00018	0.00018	0.00018	0.01253	0.00018	0.00018	0.00774	0.00018	0.01768	0.02755	0.01841	0.03044	0.01609	0.06031	0.01533	0.01492	
0.03363	4e-05	0.04585	0.13569	0.14233	0.03363	4e-05	4e-05	4e-05	0.09628	4e-05	0.0	0.0	0.04944	0.15657	0.05532	0.13125	0.1393	0.20464	0.12944	0.16201	0.37788	0.08611	0.07212	0.0	0.02752	0.0	4e-05	4e-05	0.13569	0.13569	4e-05	4e-05	0.0	0.09476	4e-05	0.20992	0.0	0.20568	0.12121	0.06439	0.0	0.10424	0.0	0.07483	4e-05	4e-05	0.0329	0.0	0.16403	4e-05	4e-05	4e-05	4e-05	0.08993	0.05104	4e-05	0.14459	4e-05	4e-05	4e-05	4e-05	4e-05	4e-05	4e-05	4e-05	4e-05	4e-05	4e-05	4e-05	4e-05	4e-05	0.13668	4e-05	4e-05	0.02752	4e-05	0.18867	0.18312	0.22564	0.16019	0.23191	0.21746	0.0981	0.12355	
0.0287	4e-05	0.03805	0.03433	0.07808	0.0287	4e-05	4e-05	4e-05	0.02581	4e-05	0.0	0.0	0.04092	0.03417	0.03611	0.10289	0.09137	0.03425	0.05062	0.03672	0.12379	0.07572	0.10992	0.0	0.02368	0.0	4e-05	4e-05	0.03433	0.03433	4e-05	4e-05	0.0	0.19654	4e-05	0.13145	0.0	0.11062	0.03276	0.02586	0.0	0.08969	0.07483	0.0	4e-05	4e-05	0.04916	0.0	0.04664	4e-05	4e-05	4e-05	4e-05	0.21987	0.15032	4e-05	0.06744	4e-05	4e-05	4e-05	4e-05	4e-05	4e-05	4e-05	4e-05	4e-05	4e-05	4e-05	4e-05	4e-05	4e-05	0.05416	4e-05	4e-05	0.02368	4e-05	0.04104	0.11684	0.12657	0.10313	0.18442	0.05166	0.04179	0.01599	
0.00016	0.0	7e-05	0.00012	2e-05	0.00016	0.0	0.0	0.0	0.00013	0.0	0.0	0.0	0.00083	0.00015	0.00011	7e-05	3e-05	4e-05	5e-05	3e-05	0.00016	1e-05	0.00044	0.0	0.00015	0.0	0.0	0.0	0.00012	0.00012	0.0	0.0	0.0	0.00088	0.0	0.00011	0.0	0.00011	4e-05	5e-05	0.0	0.00018	4e-05	4e-05	0.0	0.0	0.00013	0.0	0.00016	0.0	0.0	0.0	0.0	0.00024	0.00011	0.0	0.00033	0.0	0.0	0.0	0.0	0.0	0.0	0.0	0.0	0.0	0.0	0.0	0.0	0.0	0.0	6e-05	0.0	0.0	0.00015	0.0	5e-05	3e-05	4e-05	0.00031	5e-05	4e-05	4e-05	0.0001	
0.00016	0.0	7e-05	0.00012	2e-05	0.00016	0.0	0.0	0.0	0.00013	0.0	0.0	0.0	0.00083	0.00015	0.00011	7e-05	3e-05	4e-05	5e-05	3e-05	0.00016	1e-05	0.00044	0.0	0.00015	0.0	0.0	0.0	0.00012	0.00012	0.0	0.0	0.0	0.00088	0.0	0.00011	0.0	0.00011	4e-05	5e-05	0.0	0.00018	4e-05	4e-05	0.0	0.0	0.00013	0.0	0.00016	0.0	0.0	0.0	0.0	0.00024	0.00011	0.0	0.00033	0.0	0.0	0.0	0.0	0.0	0.0	0.0	0.0	0.0	0.0	0.0	0.0	0.0	0.0	6e-05	0.0	0.0	0.00015	0.0	5e-05	3e-05	4e-05	0.00031	5e-05	4e-05	4e-05	0.0001	
0.01262	0.00013	0.01475	0.01449	0.02402	0.01262	0.00013	0.00013	0.00013	0.0116	0.00013	0.0	0.0	0.01593	0.0147	0.01514	0.02088	0.01963	0.02542	0.03601	0.03634	0.0432	0.03079	0.02685	0.0	0.01085	0.0	0.00013	0.00013	0.01449	0.01449	0.00013	0.00013	0.0	0.01484	0.00013	0.1974	0.0	0.03185	0.1102	0.0943	0.0	0.00872	0.0329	0.04916	0.00013	0.00013	0.0	0.0	0.00975	0.00013	0.00013	0.00013	0.00013	0.01112	0.04142	0.00013	0.02266	0.00013	0.00013	0.00013	0.00013	0.00013	0.00013	0.00013	0.00013	0.00013	0.00013	0.00013	0.00013	0.00013	0.00013	0.01907	0.00013	0.00013	0.01085	0.00013	0.02757	0.04404	0.07515	0.04067	0.02528	0.03678	0.07519	0.02232	
0.0	0.0	0.0	0.0	0.0	0.0	0.0	0.0	0.0	0.0	0.0	0.0	0.0	0.0	0.0	0.0	0.0	0.0	0.0	0.0	0.0	0.0	0.0	0.0	0.0	0.0	0.0	0.0	0.0	0.0	0.0	0.0	0.0	0.0	0.0	0.0	0.0	0.0	0.0	0.0	0.0	0.0	0.0	0.0	0.0	0.0	0.0	0.0	0.0	0.0	0.0	0.0	0.0	0.0	0.0	0.0	0.0	0.0	0.0	0.0	0.0	0.0	0.0	0.0	0.0	0.0	0.0	0.0	0.0	0.0	0.0	0.0	0.0	0.0	0.0	0.0	0.0	0.0	0.0	0.0	0.0	0.0	0.0	0.0	0.0	
0.00992	0.00016	0.01156	0.01137	0.01869	0.00992	0.00016	0.00016	0.00016	0.00912	0.00016	0.0	0.0	0.01257	0.01113	0.01174	0.0162	0.03005	0.0197	0.02783	0.02805	0.06732	0.0318	0.01725	0.0	0.00854	0.0	0.00016	0.00016	0.01137	0.01137	0.00016	0.00016	0.0	0.01173	0.00016	0.07437	0.0	0.02469	0.07414	0.01505	0.0	0.00688	0.16403	0.04664	0.00016	0.00016	0.00975	0.0	0.0	0.00016	0.00016	0.00016	0.00016	0.00876	0.02933	0.00016	0.01771	0.00016	0.00016	0.00016	0.00016	0.00016	0.00016	0.00016	0.00016	0.00016	0.00016	0.00016	0.00016	0.00016	0.00016	0.01489	0.00016	0.00016	0.00854	0.00016	0.07973	0.03397	0.02256	0.03785	0.01967	0.02851	0.01848	0.11958	
0.00016	0.0	7e-05	0.00012	2e-05	0.00016	0.0	0.0	0.0	0.00013	0.0	0.0	0.0	0.00083	0.00015	0.00011	7e-05	3e-05	4e-05	5e-05	3e-05	0.00016	1e-05	0.00044	0.0	0.00015	0.0	0.0	0.0	0.00012	0.00012	0.0	0.0	0.0	0.00088	0.0	0.00011	0.0	0.00011	4e-05	5e-05	0.0	0.00018	4e-05	4e-05	0.0	0.0	0.00013	0.0	0.00016	0.0	0.0	0.0	0.0	0.00024	0.00011	0.0	0.00033	0.0	0.0	0.0	0.0	0.0	0.0	0.0	0.0	0.0	0.0	0.0	0.0	0.0	0.0	6e-05	0.0	0.0	0.00015	0.0	5e-05	3e-05	4e-05	0.00031	5e-05	4e-05	4e-05	0.0001	
0.00016	0.0	7e-05	0.00012	2e-05	0.00016	0.0	0.0	0.0	0.00013	0.0	0.0	0.0	0.00083	0.00015	0.00011	7e-05	3e-05	4e-05	5e-05	3e-05	0.00016	1e-05	0.00044	0.0	0.00015	0.0	0.0	0.0	0.00012	0.00012	0.0	0.0	0.0	0.00088	0.0	0.00011	0.0	0.00011	4e-05	5e-05	0.0	0.00018	4e-05	4e-05	0.0	0.0	0.00013	0.0	0.00016	0.0	0.0	0.0	0.0	0.00024	0.00011	0.0	0.00033	0.0	0.0	0.0	0.0	0.0	0.0	0.0	0.0	0.0	0.0	0.0	0.0	0.0	0.0	6e-05	0.0	0.0	0.00015	0.0	5e-05	3e-05	4e-05	0.00031	5e-05	4e-05	4e-05	0.0001	
0.00016	0.0	7e-05	0.00012	2e-05	0.00016	0.0	0.0	0.0	0.00013	0.0	0.0	0.0	0.00083	0.00015	0.00011	7e-05	3e-05	4e-05	5e-05	3e-05	0.00016	1e-05	0.00044	0.0	0.00015	0.0	0.0	0.0	0.00012	0.00012	0.0	0.0	0.0	0.00088	0.0	0.00011	0.0	0.00011	4e-05	5e-05	0.0	0.00018	4e-05	4e-05	0.0	0.0	0.00013	0.0	0.00016	0.0	0.0	0.0	0.0	0.00024	0.00011	0.0	0.00033	0.0	0.0	0.0	0.0	0.0	0.0	0.0	0.0	0.0	0.0	0.0	0.0	0.0	0.0	6e-05	0.0	0.0	0.00015	0.0	5e-05	3e-05	4e-05	0.00031	5e-05	4e-05	4e-05	0.0001	
0.00016	0.0	7e-05	0.00012	2e-05	0.00016	0.0	0.0	0.0	0.00013	0.0	0.0	0.0	0.00083	0.00015	0.00011	7e-05	3e-05	4e-05	5e-05	3e-05	0.00016	1e-05	0.00044	0.0	0.00015	0.0	0.0	0.0	0.00012	0.00012	0.0	0.0	0.0	0.00088	0.0	0.00011	0.0	0.00011	4e-05	5e-05	0.0	0.00018	4e-05	4e-05	0.0	0.0	0.00013	0.0	0.00016	0.0	0.0	0.0	0.0	0.00024	0.00011	0.0	0.00033	0.0	0.0	0.0	0.0	0.0	0.0	0.0	0.0	0.0	0.0	0.0	0.0	0.0	0.0	6e-05	0.0	0.0	0.00015	0.0	5e-05	3e-05	4e-05	0.00031	5e-05	4e-05	4e-05	0.0001	
0.01132	0.00024	0.01304	0.01293	0.02078	0.01132	0.00024	0.00024	0.00024	0.01043	0.00024	0.0	0.0	0.01412	0.01279	0.01337	0.01819	0.03338	0.02204	0.03105	0.03113	0.07885	0.03533	0.20136	0.0	0.00978	0.0	0.00024	0.00024	0.01293	0.01293	0.00024	0.00024	0.0	0.56699	0.00024	0.12086	0.0	0.02743	0.03276	0.01692	0.0	0.00793	0.08993	0.21987	0.00024	0.00024	0.01112	0.0	0.00876	0.00024	0.00024	0.00024	0.00024	0.0	0.18983	0.00024	0.01976	0.00024	0.00024	0.00024	0.00024	0.00024	0.00024	0.00024	0.00024	0.00024	0.00024	0.00024	0.00024	0.00024	0.00024	0.01669	0.00024	0.00024	0.00978	0.00024	0.0239	0.09365	0.12408	0.07091	0.27203	0.08399	0.02063	0.01964	
0.04005	0.00011	0.10477	0.18796	0.08092	0.04005	0.00011	0.00011	0.00011	0.03584	0.00011	0.0	0.0	0.05557	0.05231	0.05103	0.13418	0.12014	0.03167	0.0325	0.12841	0.40313	0.10721	0.21253	0.0	0.12197	0.0	0.00011	0.00011	0.18796	0.18796	0.00011	0.00011	0.0	0.16402	0.00011	0.10729	0.0	0.0992	0.11919	0.11044	0.0	0.13583	0.05104	0.15032	0.00011	0.00011	0.04142	0.0	0.02933	0.00011	0.00011	0.00011	0.00011	0.18983	0.0	0.00011	0.16709	0.00011	0.00011	0.00011	0.00011	0.00011	0.00011	0.00011	0.00011	0.00011	0.00011	0.00011	0.00011	0.00011	0.00011	0.15947	0.00011	0.00011	0.12197	0.00011	0.17294	0.07413	0.34249	0.21322	0.33823	0.21642	0.07216	0.0449	
0.00016	0.0	7e-05	0.00012	2e-05	0.00016	0.0	0.0	0.0	0.00013	0.0	0.0	0.0	0.00083	0.00015	0.00011	7e-05	3e-05	4e-05	5e-05	3e-05	0.00016	1e-05	0.00044	0.0	0.00015	0.0	0.0	0.0	0.00012	0.00012	0.0	0.0	0.0	0.00088	0.0	0.00011	0.0	0.00011	4e-05	5e-05	0.0	0.00018	4e-05	4e-05	0.0	0.0	0.00013	0.0	0.00016	0.0	0.0	0.0	0.0	0.00024	0.00011	0.0	0.00033	0.0	0.0	0.0	0.0	0.0	0.0	0.0	0.0	0.0	0.0	0.0	0.0	0.0	0.0	6e-05	0.0	0.0	0.00015	0.0	5e-05	3e-05	4e-05	0.00031	5e-05	4e-05	4e-05	0.0001	
0.2525	0.00033	0.21853	0.46599	0.17446	0.2525	0.00033	0.00033	0.00033	0.02088	0.00033	0.0	0.0	0.49497	0.22744	0.03148	0.22368	0.13888	0.05301	0.42021	0.40312	1.32635	0.22911	0.11421	0.0	0.01923	0.0	0.00033	0.00033	0.46599	0.46599	0.00033	0.00033	0.0	0.12178	0.00033	0.15885	0.0	0.46593	0.18488	0.04098	0.0	0.01479	0.14459	0.06744	0.00033	0.00033	0.02266	0.0	0.01771	0.00033	0.00033	0.00033	0.00033	0.01976	0.16709	0.00033	0.0	0.00033	0.00033	0.00033	0.00033	0.00033	0.00033	0.00033	0.00033	0.00033	0.00033	0.00033	0.00033	0.00033	0.00033	0.65606	0.00033	0.00033	0.01923	0.00033	0.31579	0.16593	0.18126	0.21367	0.18297	0.3134	0.05509	0.22286	
0.00016	0.0	7e-05	0.00012	2e-05	0.00016	0.0	0.0	0.0	0.00013	0.0	0.0	0.0	0.00083	0.00015	0.00011	7e-05	3e-05	4e-05	5e-05	3e-05	0.00016	1e-05	0.00044	0.0	0.00015	0.0	0.0	0.0	0.00012	0.00012	0.0	0.0	0.0	0.00088	0.0	0.00011	0.0	0.00011	4e-05	5e-05	0.0	0.00018	4e-05	4e-05	0.0	0.0	0.00013	0.0	0.00016	0.0	0.0	0.0	0.0	0.00024	0.00011	0.0	0.00033	0.0	0.0	0.0	0.0	0.0	0.0	0.0	0.0	0.0	0.0	0.0	0.0	0.0	0.0	6e-05	0.0	0.0	0.00015	0.0	5e-05	3e-05	4e-05	0.00031	5e-05	4e-05	4e-05	0.0001	
0.00016	0.0	7e-05	0.00012	2e-05	0.00016	0.0	0.0	0.0	0.00013	0.0	0.0	0.0	0.00083	0.00015	0.00011	7e-05	3e-05	4e-05	5e-05	3e-05	0.00016	1e-05	0.00044	0.0	0.00015	0.0	0.0	0.0	0.00012	0.00012	0.0	0.0	0.0	0.00088	0.0	0.00011	0.0	0.00011	4e-05	5e-05	0.0	0.00018	4e-05	4e-05	0.0	0.0	0.00013	0.0	0.00016	0.0	0.0	0.0	0.0	0.00024	0.00011	0.0	0.00033	0.0	0.0	0.0	0.0	0.0	0.0	0.0	0.0	0.0	0.0	0.0	0.0	0.0	0.0	6e-05	0.0	0.0	0.00015	0.0	5e-05	3e-05	4e-05	0.00031	5e-05	4e-05	4e-05	0.0001	
0.00016	0.0	7e-05	0.00012	2e-05	0.00016	0.0	0.0	0.0	0.00013	0.0	0.0	0.0	0.00083	0.00015	0.00011	7e-05	3e-05	4e-05	5e-05	3e-05	0.00016	1e-05	0.00044	0.0	0.00015	0.0	0.0	0.0	0.00012	0.00012	0.0	0.0	0.0	0.00088	0.0	0.00011	0.0	0.00011	4e-05	5e-05	0.0	0.00018	4e-05	4e-05	0.0	0.0	0.00013	0.0	0.00016	0.0	0.0	0.0	0.0	0.00024	0.00011	0.0	0.00033	0.0	0.0	0.0	0.0	0.0	0.0	0.0	0.0	0.0	0.0	0.0	0.0	0.0	0.0	6e-05	0.0	0.0	0.00015	0.0	5e-05	3e-05	4e-05	0.00031	5e-05	4e-05	4e-05	0.0001	
0.00016	0.0	7e-05	0.00012	2e-05	0.00016	0.0	0.0	0.0	0.00013	0.0	0.0	0.0	0.00083	0.00015	0.00011	7e-05	3e-05	4e-05	5e-05	3e-05	0.00016	1e-05	0.00044	0.0	0.00015	0.0	0.0	0.0	0.00012	0.00012	0.0	0.0	0.0	0.00088	0.0	0.00011	0.0	0.00011	4e-05	5e-05	0.0	0.00018	4e-05	4e-05	0.0	0.0	0.00013	0.0	0.00016	0.0	0.0	0.0	0.0	0.00024	0.00011	0.0	0.00033	0.0	0.0	0.0	0.0	0.0	0.0	0.0	0.0	0.0	0.0	0.0	0.0	0.0	0.0	6e-05	0.0	0.0	0.00015	0.0	5e-05	3e-05	4e-05	0.00031	5e-05	4e-05	4e-05	0.0001	
0.00016	0.0	7e-05	0.00012	2e-05	0.00016	0.0	0.0	0.0	0.00013	0.0	0.0	0.0	0.00083	0.00015	0.00011	7e-05	3e-05	4e-05	5e-05	3e-05	0.00016	1e-05	0.00044	0.0	0.00015	0.0	0.0	0.0	0.00012	0.00012	0.0	0.0	0.0	0.00088	0.0	0.00011	0.0	0.00011	4e-05	5e-05	0.0	0.00018	4e-05	4e-05	0.0	0.0	0.00013	0.0	0.00016	0.0	0.0	0.0	0.0	0.00024	0.00011	0.0	0.00033	0.0	0.0	0.0	0.0	0.0	0.0	0.0	0.0	0.0	0.0	0.0	0.0	0.0	0.0	6e-05	0.0	0.0	0.00015	0.0	5e-05	3e-05	4e-05	0.00031	5e-05	4e-05	4e-05	0.0001	
0.00016	0.0	7e-05	0.00012	2e-05	0.00016	0.0	0.0	0.0	0.00013	0.0	0.0	0.0	0.00083	0.00015	0.00011	7e-05	3e-05	4e-05	5e-05	3e-05	0.00016	1e-05	0.00044	0.0	0.00015	0.0	0.0	0.0	0.00012	0.00012	0.0	0.0	0.0	0.00088	0.0	0.00011	0.0	0.00011	4e-05	5e-05	0.0	0.00018	4e-05	4e-05	0.0	0.0	0.00013	0.0	0.00016	0.0	0.0	0.0	0.0	0.00024	0.00011	0.0	0.00033	0.0	0.0	0.0	0.0	0.0	0.0	0.0	0.0	0.0	0.0	0.0	0.0	0.0	0.0	6e-05	0.0	0.0	0.00015	0.0	5e-05	3e-05	4e-05	0.00031	5e-05	4e-05	4e-05	0.0001	
0.00016	0.0	7e-05	0.00012	2e-05	0.00016	0.0	0.0	0.0	0.00013	0.0	0.0	0.0	0.00083	0.00015	0.00011	7e-05	3e-05	4e-05	5e-05	3e-05	0.00016	1e-05	0.00044	0.0	0.00015	0.0	0.0	0.0	0.00012	0.00012	0.0	0.0	0.0	0.00088	0.0	0.00011	0.0	0.00011	4e-05	5e-05	0.0	0.00018	4e-05	4e-05	0.0	0.0	0.00013	0.0	0.00016	0.0	0.0	0.0	0.0	0.00024	0.00011	0.0	0.00033	0.0	0.0	0.0	0.0	0.0	0.0	0.0	0.0	0.0	0.0	0.0	0.0	0.0	0.0	6e-05	0.0	0.0	0.00015	0.0	5e-05	3e-05	4e-05	0.00031	5e-05	4e-05	4e-05	0.0001	
0.00016	0.0	7e-05	0.00012	2e-05	0.00016	0.0	0.0	0.0	0.00013	0.0	0.0	0.0	0.00083	0.00015	0.00011	7e-05	3e-05	4e-05	5e-05	3e-05	0.00016	1e-05	0.00044	0.0	0.00015	0.0	0.0	0.0	0.00012	0.00012	0.0	0.0	0.0	0.00088	0.0	0.00011	0.0	0.00011	4e-05	5e-05	0.0	0.00018	4e-05	4e-05	0.0	0.0	0.00013	0.0	0.00016	0.0	0.0	0.0	0.0	0.00024	0.00011	0.0	0.00033	0.0	0.0	0.0	0.0	0.0	0.0	0.0	0.0	0.0	0.0	0.0	0.0	0.0	0.0	6e-05	0.0	0.0	0.00015	0.0	5e-05	3e-05	4e-05	0.00031	5e-05	4e-05	4e-05	0.0001	
0.00016	0.0	7e-05	0.00012	2e-05	0.00016	0.0	0.0	0.0	0.00013	0.0	0.0	0.0	0.00083	0.00015	0.00011	7e-05	3e-05	4e-05	5e-05	3e-05	0.00016	1e-05	0.00044	0.0	0.00015	0.0	0.0	0.0	0.00012	0.00012	0.0	0.0	0.0	0.00088	0.0	0.00011	0.0	0.00011	4e-05	5e-05	0.0	0.00018	4e-05	4e-05	0.0	0.0	0.00013	0.0	0.00016	0.0	0.0	0.0	0.0	0.00024	0.00011	0.0	0.00033	0.0	0.0	0.0	0.0	0.0	0.0	0.0	0.0	0.0	0.0	0.0	0.0	0.0	0.0	6e-05	0.0	0.0	0.00015	0.0	5e-05	3e-05	4e-05	0.00031	5e-05	4e-05	4e-05	0.0001	
0.00016	0.0	7e-05	0.00012	2e-05	0.00016	0.0	0.0	0.0	0.00013	0.0	0.0	0.0	0.00083	0.00015	0.00011	7e-05	3e-05	4e-05	5e-05	3e-05	0.00016	1e-05	0.00044	0.0	0.00015	0.0	0.0	0.0	0.00012	0.00012	0.0	0.0	0.0	0.00088	0.0	0.00011	0.0	0.00011	4e-05	5e-05	0.0	0.00018	4e-05	4e-05	0.0	0.0	0.00013	0.0	0.00016	0.0	0.0	0.0	0.0	0.00024	0.00011	0.0	0.00033	0.0	0.0	0.0	0.0	0.0	0.0	0.0	0.0	0.0	0.0	0.0	0.0	0.0	0.0	6e-05	0.0	0.0	0.00015	0.0	5e-05	3e-05	4e-05	0.00031	5e-05	4e-05	4e-05	0.0001	
0.00016	0.0	7e-05	0.00012	2e-05	0.00016	0.0	0.0	0.0	0.00013	0.0	0.0	0.0	0.00083	0.00015	0.00011	7e-05	3e-05	4e-05	5e-05	3e-05	0.00016	1e-05	0.00044	0.0	0.00015	0.0	0.0	0.0	0.00012	0.00012	0.0	0.0	0.0	0.00088	0.0	0.00011	0.0	0.00011	4e-05	5e-05	0.0	0.00018	4e-05	4e-05	0.0	0.0	0.00013	0.0	0.00016	0.0	0.0	0.0	0.0	0.00024	0.00011	0.0	0.00033	0.0	0.0	0.0	0.0	0.0	0.0	0.0	0.0	0.0	0.0	0.0	0.0	0.0	0.0	6e-05	0.0	0.0	0.00015	0.0	5e-05	3e-05	4e-05	0.00031	5e-05	4e-05	4e-05	0.0001	
0.00016	0.0	7e-05	0.00012	2e-05	0.00016	0.0	0.0	0.0	0.00013	0.0	0.0	0.0	0.00083	0.00015	0.00011	7e-05	3e-05	4e-05	5e-05	3e-05	0.00016	1e-05	0.00044	0.0	0.00015	0.0	0.0	0.0	0.00012	0.00012	0.0	0.0	0.0	0.00088	0.0	0.00011	0.0	0.00011	4e-05	5e-05	0.0	0.00018	4e-05	4e-05	0.0	0.0	0.00013	0.0	0.00016	0.0	0.0	0.0	0.0	0.00024	0.00011	0.0	0.00033	0.0	0.0	0.0	0.0	0.0	0.0	0.0	0.0	0.0	0.0	0.0	0.0	0.0	0.0	6e-05	0.0	0.0	0.00015	0.0	5e-05	3e-05	4e-05	0.00031	5e-05	4e-05	4e-05	0.0001	
0.00016	0.0	7e-05	0.00012	2e-05	0.00016	0.0	0.0	0.0	0.00013	0.0	0.0	0.0	0.00083	0.00015	0.00011	7e-05	3e-05	4e-05	5e-05	3e-05	0.00016	1e-05	0.00044	0.0	0.00015	0.0	0.0	0.0	0.00012	0.00012	0.0	0.0	0.0	0.00088	0.0	0.00011	0.0	0.00011	4e-05	5e-05	0.0	0.00018	4e-05	4e-05	0.0	0.0	0.00013	0.0	0.00016	0.0	0.0	0.0	0.0	0.00024	0.00011	0.0	0.00033	0.0	0.0	0.0	0.0	0.0	0.0	0.0	0.0	0.0	0.0	0.0	0.0	0.0	0.0	6e-05	0.0	0.0	0.00015	0.0	5e-05	3e-05	4e-05	0.00031	5e-05	4e-05	4e-05	0.0001	
0.00016	0.0	7e-05	0.00012	2e-05	0.00016	0.0	0.0	0.0	0.00013	0.0	0.0	0.0	0.00083	0.00015	0.00011	7e-05	3e-05	4e-05	5e-05	3e-05	0.00016	1e-05	0.00044	0.0	0.00015	0.0	0.0	0.0	0.00012	0.00012	0.0	0.0	0.0	0.00088	0.0	0.00011	0.0	0.00011	4e-05	5e-05	0.0	0.00018	4e-05	4e-05	0.0	0.0	0.00013	0.0	0.00016	0.0	0.0	0.0	0.0	0.00024	0.00011	0.0	0.00033	0.0	0.0	0.0	0.0	0.0	0.0	0.0	0.0	0.0	0.0	0.0	0.0	0.0	0.0	6e-05	0.0	0.0	0.00015	0.0	5e-05	3e-05	4e-05	0.00031	5e-05	4e-05	4e-05	0.0001	
0.47241	6e-05	0.38117	0.5422	0.2588	0.47241	6e-05	6e-05	6e-05	0.0176	6e-05	0.0	0.0	0.36906	0.1507	0.02409	0.21684	0.13448	0.04764	0.41371	0.39779	1.245	0.22431	0.04193	0.0	0.01624	0.0	6e-05	6e-05	0.5422	0.5422	6e-05	6e-05	0.0	0.02448	6e-05	0.15917	0.0	0.2855	0.17609	0.03371	0.0	0.01253	0.13668	0.05416	6e-05	6e-05	0.01907	0.0	0.01489	6e-05	6e-05	6e-05	6e-05	0.01669	0.15947	6e-05	0.65606	6e-05	6e-05	6e-05	6e-05	6e-05	6e-05	6e-05	6e-05	6e-05	6e-05	6e-05	6e-05	6e-05	6e-05	0.0	6e-05	6e-05	0.01624	6e-05	0.32831	0.15161	0.17859	0.15054	0.18417	0.31472	0.04458	0.2407	
0.00016	0.0	7e-05	0.00012	2e-05	0.00016	0.0	0.0	0.0	0.00013	0.0	0.0	0.0	0.00083	0.00015	0.00011	7e-05	3e-05	4e-05	5e-05	3e-05	0.00016	1e-05	0.00044	0.0	0.00015	0.0	0.0	0.0	0.00012	0.00012	0.0	0.0	0.0	0.00088	0.0	0.00011	0.0	0.00011	4e-05	5e-05	0.0	0.00018	4e-05	4e-05	0.0	0.0	0.00013	0.0	0.00016	0.0	0.0	0.0	0.0	0.00024	0.00011	0.0	0.00033	0.0	0.0	0.0	0.0	0.0	0.0	0.0	0.0	0.0	0.0	0.0	0.0	0.0	0.0	6e-05	0.0	0.0	0.00015	0.0	5e-05	3e-05	4e-05	0.00031	5e-05	4e-05	4e-05	0.0001	
0.00016	0.0	7e-05	0.00012	2e-05	0.00016	0.0	0.0	0.0	0.00013	0.0	0.0	0.0	0.00083	0.00015	0.00011	7e-05	3e-05	4e-05	5e-05	3e-05	0.00016	1e-05	0.00044	0.0	0.00015	0.0	0.0	0.0	0.00012	0.00012	0.0	0.0	0.0	0.00088	0.0	0.00011	0.0	0.00011	4e-05	5e-05	0.0	0.00018	4e-05	4e-05	0.0	0.0	0.00013	0.0	0.00016	0.0	0.0	0.0	0.0	0.00024	0.00011	0.0	0.00033	0.0	0.0	0.0	0.0	0.0	0.0	0.0	0.0	0.0	0.0	0.0	0.0	0.0	0.0	6e-05	0.0	0.0	0.00015	0.0	5e-05	3e-05	4e-05	0.00031	5e-05	4e-05	4e-05	0.0001	
0.01104	0.00015	0.0127	0.01261	0.15168	0.01104	0.00015	0.00015	0.00015	0.01017	0.00015	0.0	0.0	0.01377	0.01281	0.01315	0.01777	0.09954	0.02151	0.03023	0.03027	0.07829	0.03435	0.01866	0.0	0.99966	0.0	0.00015	0.00015	0.01261	0.01261	0.00015	0.00015	0.0	0.01287	0.00015	0.02401	0.0	0.02667	0.09029	0.23088	0.0	0.00774	0.02752	0.02368	0.00015	0.00015	0.01085	0.0	0.00854	0.00015	0.00015	0.00015	0.00015	0.00978	0.12197	0.00015	0.01923	0.00015	0.00015	0.00015	0.00015	0.00015	0.00015	0.00015	0.00015	0.00015	0.00015	0.00015	0.00015	0.00015	0.00015	0.01624	0.00015	0.00015	0.0	0.00015	0.12762	0.09048	0.15155	0.08214	0.12897	0.03084	0.02007	0.01914	
