0.0	0.0	0.05307	0.09812	0.03364	0.06459	0.03019	0.08707	0.0251	0.0	0.0	0.09153	0.026	0.00022	0.00022	0.00022	0.0571	0.03959	0.05946	0.05355	0.01729	0.0328	0.03355	0.08989	0.04648	0.07181	0.0275	0.0	0.06743	0.05199	0.00022	0.05362	0.0	0.06534	0.02668	0.03747	0.02887	0.03766	0.02564	0.09795	0.0	0.26298	0.22343	0.03414	0.05897	0.02585	0.0	0.03418	0.11572	0.0	0.0	0.0	0.0	0.0	0.0	0.0	0.35313	0.0482	0.07212	0.05891	0.09377	0.04981	0.023	0.0	0.02823	0.0	0.05315	0.0	0.03404	0.03119	0.04436	0.00022	0.01793	0.08459	0.0	0.0	0.16178	0.01911	0.04232	0.08793	0.0798	0.0	0.0	0.0	0.0	0.0	0.0	0.19379	0.09379	0.03766	0.13055	0.07656	0.554	
0.0	0.0	0.0	0.0	0.0	0.0	0.0	0.0	0.0	0.0	0.0	0.0	0.0	0.0	0.0	0.0	0.0	0.0	0.0	0.0	0.0	0.0	0.0	0.0	0.0	0.0	0.0	0.0	0.0	0.0	0.0	0.0	0.0	0.0	0.0	0.0	0.0	0.0	0.0	0.0	0.0	0.0	0.0	0.0	0.0	0.0	0.0	0.0	0.0	0.0	0.0	0.0	0.0	0.0	0.0	0.0	0.0	0.0	0.0	0.0	0.0	0.0	0.0	0.0	0.0	0.0	0.0	0.0	0.0	0.0	0.0	0.0	0.0	0.0	0.0	0.0	0.0	0.0	0.0	0.0	0.0	0.0	0.0	0.0	0.0	0.0	0.0	0.0	0.0	0.0	0.0	0.0	0.0	
0.05307	0.0	0.0	0.04842	0.11616	0.02465	0.05866	0.02541	0.03557	0.0	0.0	0.17954	0.01971	4e-05	4e-05	4e-05	0.03899	0.01575	0.04342	0.02178	0.08385	0.03852	0.0731	0.04779	0.02995	0.06879	0.06613	0.0	0.06475	0.02449	4e-05	0.0384	0.0	0.09739	0.07328	0.0267	0.03343	0.06267	0.08141	0.04163	0.0	0.26753	0.19602	0.0334	0.03462	0.06363	0.0	0.06015	0.09934	0.0	0.0	0.0	0.0	0.0	0.0	0.0	0.25816	0.04078	0.04983	0.02657	0.07728	0.05528	0.0498	0.0	0.07674	0.0	0.01961	0.0	0.0744	0.02067	0.08912	4e-05	0.00737	0.11123	0.0	0.0	0.13833	0.07994	0.05338	0.04578	0.05049	0.0	0.0	0.0	0.0	0.0	0.0	0.11253	0.05076	0.09715	0.07502	0.25316	0.04865	
0.09812	0.0	0.04842	0.0	0.10087	0.11136	0.05274	0.13364	0.09096	0.0	0.0	0.15676	0.03149	0.0002	0.0002	0.0002	0.06627	0.02066	0.01719	0.10812	0.03558	0.06484	0.08614	0.10633	0.03142	0.07298	0.03012	0.0	0.06861	0.03614	0.0002	0.04165	0.0	0.11422	0.04678	0.06984	0.04309	0.02832	0.03152	0.04521	0.0	0.35949	0.24978	0.01956	0.06174	0.06288	0.0	0.14756	0.13573	0.0	0.0	0.0	0.0	0.0	0.0	0.0	0.3259	0.04645	0.05955	0.04633	0.06467	0.08088	0.05782	0.0	0.05421	0.0	0.074	0.0	0.05549	0.03031	0.03402	0.0002	0.01332	0.05915	0.0	0.0	0.13621	0.01812	0.0246	0.11282	0.10051	0.0	0.0	0.0	0.0	0.0	0.0	0.17831	0.11668	0.08153	0.4889	0.06902	0.10644	
0.03364	0.0	0.11616	0.10087	0.0	0.12987	0.07544	0.06235	0.0961	0.0	0.0	0.20551	0.01893	0.00028	0.00028	0.00028	0.10108	0.08397	0.03835	0.1081	0.09377	0.05014	0.04613	0.08445	0.06644	0.07641	0.06386	0.0	0.08041	0.07258	0.00028	0.04233	0.0	0.07673	0.05282	0.10129	0.06306	0.02168	0.03574	0.07103	0.0	0.11176	0.11557	0.04292	0.08604	0.06809	0.0	1.00117	0.10176	0.0	0.0	0.0	0.0	0.0	0.0	0.0	0.23202	0.06993	0.11213	0.07437	0.08214	0.04965	0.02577	0.0	0.09047	0.0	0.08032	0.0	0.05498	0.08637	0.05061	0.00028	0.01457	0.04837	0.0	0.0	0.16636	0.06751	0.07753	0.09373	0.03908	0.0	0.0	0.0	0.0	0.0	0.0	0.16703	0.11472	0.41167	0.08409	0.08844	0.03816	
0.06459	0.0	0.02465	0.11136	0.12987	0.0	0.03925	0.02293	0.11092	0.0	0.0	0.09045	0.03183	0.00019	0.00019	0.00019	0.02734	0.03315	0.03521	0.05057	0.03945	0.02444	0.04947	0.07823	0.06394	0.04781	0.01879	0.0	0.08065	0.05375	0.00019	0.03564	0.0	0.07297	0.04147	0.0549	0.03342	0.05017	0.02883	0.04045	0.0	0.12881	0.09841	0.02801	0.03052	0.06262	0.0	0.6551	0.07818	0.0	0.0	0.0	0.0	0.0	0.0	0.0	0.08288	0.04403	0.05684	0.05747	0.05456	0.03563	0.02047	0.0	0.03607	0.0	0.04561	0.0	0.05232	0.02995	0.01781	0.00019	0.00916	0.0665	0.0	0.0	0.13681	0.01498	0.04047	0.04018	0.04775	0.0	0.0	0.0	0.0	0.0	0.0	0.21026	0.44763	0.10306	0.06652	0.07409	0.0372	
0.03019	0.0	0.05866	0.05274	0.07544	0.03925	0.0	0.04541	0.07423	0.0	0.0	0.11431	0.01481	3e-05	3e-05	3e-05	0.05718	0.02626	0.06354	0.09375	0.04553	0.06174	0.0326	0.06072	0.06574	0.04395	0.06752	0.0	0.03192	0.0528	3e-05	0.04825	0.0	0.15368	0.06775	0.08763	0.02626	0.0305	0.03989	0.08963	0.0	0.16078	0.07571	0.05493	0.09751	0.05979	0.0	0.34897	0.07197	0.0	0.0	0.0	0.0	0.0	0.0	0.0	0.36157	0.0705	0.0703	0.03082	0.04808	0.05228	0.03466	0.0	0.08016	0.0	0.10017	0.0	0.05631	0.03083	0.04334	3e-05	0.01163	0.08623	0.0	0.0	0.15198	0.10509	0.08011	0.06148	0.10812	0.0	0.0	0.0	0.0	0.0	0.0	0.2379	0.07469	0.07508	0.04727	0.01929	0.03645	
0.08707	0.0	0.02541	0.13364	0.06235	0.02293	0.04541	0.0	0.06656	0.0	0.0	0.13705	0.01686	5e-05	5e-05	5e-05	0.07917	0.06043	0.11685	0.09879	0.0842	0.06145	0.05461	0.07763	0.09367	0.07409	0.04141	0.0	0.01982	0.04882	5e-05	0.06493	0.0	0.04905	0.07956	0.04876	0.0691	0.0412	0.02273	0.08217	0.0	0.41992	0.13762	0.01284	0.06618	0.07072	0.0	0.11677	0.05165	0.0	0.0	0.0	0.0	0.0	0.0	0.0	0.22725	0.07833	0.07235	0.0758	0.05191	0.07912	0.04246	0.0	0.08124	0.0	0.04857	0.0	0.08443	0.0558	0.06623	5e-05	0.0083	0.05573	0.0	0.0	0.04368	0.1145	0.06276	0.06385	0.02016	0.0	0.0	0.0	0.0	0.0	0.0	0.19215	0.05847	0.04519	0.0803	0.06754	0.0706	
0.0251	0.0	0.03557	0.09096	0.0961	0.11092	0.07423	0.06656	0.0	0.0	0.0	0.14927	0.01312	3e-05	3e-05	3e-05	0.05761	0.01519	0.05949	0.0854	0.05278	0.11418	0.07108	0.05855	0.06015	0.06571	0.07283	0.0	0.06038	0.04056	3e-05	0.06855	0.0	0.01978	0.06828	0.0461	0.07939	0.0724	0.05697	0.06117	0.0	0.19354	0.14309	0.05667	0.03838	0.04707	0.0	0.5244	0.08064	0.0	0.0	0.0	0.0	0.0	0.0	0.0	0.16983	0.05686	0.05083	0.03647	0.06076	0.06053	0.11217	0.0	0.05113	0.0	0.04718	0.0	0.06274	0.02083	0.04151	3e-05	0.01068	0.02998	0.0	0.0	0.0934	0.0352	0.04383	0.04783	0.06509	0.0	0.0	0.0	0.0	0.0	0.0	0.1288	0.18862	0.08451	0.0652	0.07903	0.04415	
0.0	0.0	0.0	0.0	0.0	0.0	0.0	0.0	0.0	0.0	0.0	0.0	0.0	0.0	0.0	0.0	0.0	0.0	0.0	0.0	0.0	0.0	0.0	0.0	0.0	0.0	0.0	0.0	0.0	0.0	0.0	0.0	0.0	0.0	0.0	0.0	0.0	0.0	0.0	0.0	0.0	0.0	0.0	0.0	0.0	0.0	0.0	0.0	0.0	0.0	0.0	0.0	0.0	0.0	0.0	0.0	0.0	0.0	0.0	0.0	0.0	0.0	0.0	0.0	0.0	0.0	0.0	0.0	0.0	0.0	0.0	0.0	0.0	0.0	0.0	0.0	0.0	0.0	0.0	0.0	0.0	0.0	0.0	0.0	0.0	0.0	0.0	0.0	0.0	0.0	0.0	0.0	0.0	
0.0	0.0	0.0	0.0	0.0	0.0	0.0	0.0	0.0	0.0	0.0	0.0	0.0	0.0	0.0	0.0	0.0	0.0	0.0	0.0	0.0	0.0	0.0	0.0	0.0	0.0	0.0	0.0	0.0	0.0	0.0	0.0	0.0	0.0	0.0	0.0	0.0	0.0	0.0	0.0	0.0	0.0	0.0	0.0	0.0	0.0	0.0	0.0	0.0	0.0	0.0	0.0	0.0	0.0	0.0	0.0	0.0	0.0	0.0	0.0	0.0	0.0	0.0	0.0	0.0	0.0	0.0	0.0	0.0	0.0	0.0	0.0	0.0	0.0	0.0	0.0	0.0	0.0	0.0	0.0	0.0	0.0	0.0	0.0	0.0	0.0	0.0	0.0	0.0	0.0	0.0	0.0	0.0	
0.09153	0.0	0.17954	0.15676	0.20551	0.09045	0.11431	0.13705	0.14927	0.0	0.0	0.0	0.05825	0.00057	0.00057	0.00057	0.12822	0.1249	0.20877	0.12417	0.12953	0.17071	0.16276	0.19213	0.10899	0.12173	0.08234	0.0	0.13721	0.09832	0.00057	0.05131	0.0	0.19936	0.20629	0.11437	0.13204	0.11947	0.14456	0.0949	0.0	5.77818	0.30319	0.18598	0.19445	0.23282	0.0	0.01866	0.32965	0.0	0.0	0.0	0.0	0.0	0.0	0.0	0.5329	0.16328	0.12887	0.14402	0.13035	0.14273	0.1545	0.0	0.09933	0.0	0.11026	0.0	0.21171	0.04718	0.12648	0.00057	0.03643	0.1808	0.0	0.0	0.19846	0.13826	0.08188	0.18439	0.18061	0.0	0.0	0.0	0.0	0.0	0.0	0.3639	0.14896	0.17067	0.09732	0.14367	0.08458	
0.026	0.0	0.01971	0.03149	0.01893	0.03183	0.01481	0.01686	0.01312	0.0	0.0	0.05825	0.0	8e-05	8e-05	8e-05	0.0169	0.03024	0.01773	0.02317	0.03583	0.01591	0.00439	0.02674	0.04342	0.05809	0.02662	0.0	0.02233	0.01452	8e-05	0.01363	0.0	0.02813	0.02541	0.04648	0.02512	0.0119	0.03125	0.01222	0.0	0.08418	0.03715	0.04312	0.02268	0.05913	0.0	0.00073	0.00788	0.0	0.0	0.0	0.0	0.0	0.0	0.0	0.32012	0.02055	0.07	0.07649	0.04215	0.01925	0.03052	0.0	0.03883	0.0	0.02456	0.0	0.0241	0.03739	0.02012	8e-05	0.00386	0.03904	0.0	0.0	0.04332	0.01783	0.00658	0.06046	0.02291	0.0	0.0	0.0	0.0	0.0	0.0	0.13656	0.02373	0.03076	0.01703	0.03102	0.03464	
0.00022	0.0	4e-05	0.0002	0.00028	0.00019	3e-05	5e-05	3e-05	0.0	0.0	0.00057	8e-05	0.0	0.0	0.0	6e-05	0.00046	0.00026	0.00016	0.0002	0.0001	0.00029	8e-05	0.00031	2e-05	9e-05	0.0	0.00051	0.00011	0.0	9e-05	0.0	4e-05	4e-05	0.00032	9e-05	0.00012	0.00016	9e-05	0.0	0.00038	0.0	6e-05	8e-05	9e-05	0.0	0.0	1e-05	0.0	0.0	0.0	0.0	0.0	0.0	0.0	0.00047	0.0001	4e-05	0.00047	9e-05	0.0003	0.00021	0.0	0.00021	0.0	0.00018	0.0	0.00016	5e-05	0.00029	0.0	0.0005	0.00012	0.0	0.0	0.00069	9e-05	0.00071	0.00016	0.00013	0.0	0.0	0.0	0.0	0.0	0.0	0.0001	8e-05	0.00021	0.00022	2e-05	0.00014	
0.00022	0.0	4e-05	0.0002	0.00028	0.00019	3e-05	5e-05	3e-05	0.0	0.0	0.00057	8e-05	0.0	0.0	0.0	6e-05	0.00046	0.00026	0.00016	0.0002	0.0001	0.00029	8e-05	0.00031	2e-05	9e-05	0.0	0.00051	0.00011	0.0	9e-05	0.0	4e-05	4e-05	0.00032	9e-05	0.00012	0.00016	9e-05	0.0	0.00038	0.0	6e-05	8e-05	9e-05	0.0	0.0	1e-05	0.0	0.0	0.0	0.0	0.0	0.0	0.0	0.00047	0.0001	4e-05	0.00047	9e-05	0.0003	0.00021	0.0	0.00021	0.0	0.00018	0.0	0.00016	5e-05	0.00029	0.0	0.0005	0.00012	0.0	0.0	0.00069	9e-05	0.00071	0.00016	0.00013	0.0	0.0	0.0	0.0	0.0	0.0	0.0001	8e-05	0.00021	0.00022	2e-05	0.00014	
0.00022	0.0	4e-05	0.0002	0.00028	0.00019	3e-05	5e-05	3e-05	0.0	0.0	0.00057	8e-05	0.0	0.0	0.0	6e-05	0.00046	0.00026	0.00016	0.0002	0.0001	0.00029	8e-05	0.00031	2e-05	9e-05	0.0	0.00051	0.00011	0.0	9e-05	0.0	4e-05	4e-05	0.00032	9e-05	0.00012	0.00016	9e-05	0.0	0.00038	0.0	6e-05	8e-05	9e-05	0.0	0.0	1e-05	0.0	0.0	0.0	0.0	0.0	0.0	0.0	0.00047	0.0001	4e-05	0.00047	9e-05	0.0003	0.00021	0.0	0.00021	0.0	0.00018	0.0	0.00016	5e-05	0.00029	0.0	0.0005	0.00012	0.0	0.0	0.00069	9e-05	0.00071	0.00016	0.00013	0.0	0.0	0.0	0.0	0.0	0.0	0.0001	8e-05	0.00021	0.00022	2e-05	0.00014	
0.0571	0.0	0.03899	0.06627	0.10108	0.02734	0.05718	0.07917	0.05761	0.0	0.0	0.12822	0.0169	6e-05	6e-05	6e-05	0.0	0.05816	0.06031	0.02866	0.04169	0.03858	0.0454	0.02603	0.04146	0.0695	0.02642	0.0	0.05392	0.04376	6e-05	0.06925	0.0	0.15209	0.05097	0.07343	0.05365	0.04797	0.04542	0.13083	0.0	0.20831	0.24819	0.05613	0.09271	0.04866	0.0	0.32375	0.04717	0.0	0.0	0.0	0.0	0.0	0.0	0.0	0.27038	0.04136	0.03617	0.02754	0.05675	0.02858	0.03565	0.0	0.03708	0.0	0.02329	0.0	0.08565	0.06533	0.1111	6e-05	0.0192	0.01918	0.0	0.0	0.07787	0.0489	0.05366	0.07548	0.01472	0.0	0.0	0.0	0.0	0.0	0.0	0.11592	0.06994	0.04005	0.06886	0.05799	0.06582	
0.03959	0.0	0.01575	0.02066	0.08397	0.03315	0.02626	0.06043	0.01519	0.0	0.0	0.1249	0.03024	0.00046	0.00046	0.00046	0.05816	0.0	0.05009	0.07815	0.05234	0.04987	0.04191	0.03537	0.07528	0.13888	0.02855	0.0	0.10742	0.02653	0.00046	0.02422	0.0	0.06281	0.04777	0.06451	0.06303	0.03904	0.0296	0.0481	0.0	0.23636	0.08002	0.08376	0.08376	0.04749	0.0	0.1539	0.06014	0.0	0.0	0.0	0.0	0.0	0.0	0.0	0.20889	0.0717	0.13266	0.0768	0.05921	0.0464	0.04745	0.0	0.05456	0.0	0.0995	0.0	0.05849	0.309	0.11449	0.00046	0.0058	0.05536	0.0	0.0	0.06654	0.04396	0.04493	0.07626	0.06892	0.0	0.0	0.0	0.0	0.0	0.0	0.07042	0.03114	0.02474	0.01808	0.02479	0.03735	
0.05946	0.0	0.04342	0.01719	0.03835	0.03521	0.06354	0.11685	0.05949	0.0	0.0	0.20877	0.01773	0.00026	0.00026	0.00026	0.06031	0.05009	0.0	0.04345	0.0378	0.10745	0.07142	0.04438	0.03822	0.05031	0.05919	0.0	0.08284	0.09035	0.00026	0.04952	0.0	0.06147	0.04937	0.13989	0.04689	0.03576	0.03584	0.07741	0.0	0.53324	0.19661	0.06616	0.08875	0.05414	0.0	0.03375	0.04568	0.0	0.0	0.0	0.0	0.0	0.0	0.0	0.30331	0.04685	0.04526	0.06437	0.03764	0.05152	0.15082	0.0	0.02943	0.0	0.09891	0.0	0.5315	0.03685	0.06785	0.00026	0.01252	0.04568	0.0	0.0	0.09606	0.13898	0.04614	0.0739	0.10707	0.0	0.0	0.0	0.0	0.0	0.0	0.13537	0.06992	0.02862	0.04083	0.046	0.04661	
0.05355	0.0	0.02178	0.10812	0.1081	0.05057	0.09375	0.09879	0.0854	0.0	0.0	0.12417	0.02317	0.00016	0.00016	0.00016	0.02866	0.07815	0.04345	0.0	0.12019	0.09223	0.06397	0.10216	0.12185	0.05933	0.06533	0.0	0.15535	0.02439	0.00016	0.06876	0.0	0.08151	0.03136	0.04814	0.07023	0.0467	0.07459	0.03739	0.0	0.40194	0.13817	0.07034	0.0651	0.04532	0.0	0.0312	0.18481	0.0	0.0	0.0	0.0	0.0	0.0	0.0	0.30953	0.06635	0.05335	0.09976	0.11305	0.05312	0.07594	0.0	0.08359	0.0	0.38388	0.0	0.04962	0.06873	0.06606	0.00016	0.01402	0.06977	0.0	0.0	0.27642	0.09159	0.04172	0.18373	0.06625	0.0	0.0	0.0	0.0	0.0	0.0	0.12311	0.06021	0.0774	0.08187	0.09992	0.06005	
0.01729	0.0	0.08385	0.03558	0.09377	0.03945	0.04553	0.0842	0.05278	0.0	0.0	0.12953	0.03583	0.0002	0.0002	0.0002	0.04169	0.05234	0.0378	0.12019	0.0	0.17708	0.08746	0.07022	0.10248	0.21284	0.0458	0.0	0.04463	0.06257	0.0002	0.03721	0.0	0.05896	0.04017	0.07475	0.09371	0.07945	0.03515	0.09776	0.0	0.27386	0.2332	0.07137	0.11369	0.03952	0.0	0.17715	0.03817	0.0	0.0	0.0	0.0	0.0	0.0	0.0	0.24426	0.14921	0.16071	0.11879	0.06563	0.13326	0.11197	0.0	0.52616	0.0	0.11096	0.0	0.0632	0.02891	0.09544	0.0002	0.01693	0.03717	0.0	0.0	0.12705	0.12409	0.10179	0.05004	0.07147	0.0	0.0	0.0	0.0	0.0	0.0	0.2363	0.07658	0.11114	0.05543	0.06621	0.04522	
0.0328	0.0	0.03852	0.06484	0.05014	0.02444	0.06174	0.06145	0.11418	0.0	0.0	0.17071	0.01591	0.0001	0.0001	0.0001	0.03858	0.04987	0.10745	0.09223	0.17708	0.0	0.16534	0.0924	0.07334	0.13321	0.03286	0.0	0.05666	0.09601	0.0001	0.039	0.0	0.10624	0.1071	0.08362	0.09411	0.09289	0.07217	0.06323	0.0	0.49537	0.16405	0.06994	0.11052	0.15052	0.0	0.03565	0.05602	0.0	0.0	0.0	0.0	0.0	0.0	0.0	0.22939	0.03684	0.1592	0.17741	0.04876	0.1604	0.55563	0.0	0.11219	0.0	0.07127	0.0	0.12069	0.03585	0.0264	0.0001	0.01283	0.10918	0.0	0.0	0.13466	0.0683	0.07713	0.07446	0.05728	0.0	0.0	0.0	0.0	0.0	0.0	0.19851	0.08002	0.02036	0.05936	0.0486	0.03626	
0.03355	0.0	0.0731	0.08614	0.04613	0.04947	0.0326	0.05461	0.07108	0.0	0.0	0.16276	0.00439	0.00029	0.00029	0.00029	0.0454	0.04191	0.07142	0.06397	0.08746	0.16534	0.0	0.17974	0.09736	0.14988	0.07308	0.0	0.13269	0.04954	0.00029	0.07146	0.0	0.18565	0.11892	0.11209	0.05971	0.12135	0.07436	0.10902	0.0	0.49978	0.15705	0.05599	0.06841	0.12003	0.0	0.03002	0.11181	0.0	0.0	0.0	0.0	0.0	0.0	0.0	0.30976	0.036	0.15297	0.10219	0.15543	0.71603	0.16535	0.0	0.07825	0.0	0.08017	0.0	0.091	0.08359	0.09337	0.00029	0.01227	0.07978	0.0	0.0	0.15308	0.05889	0.11215	0.06233	0.03533	0.0	0.0	0.0	0.0	0.0	0.0	0.18686	0.04144	0.06928	0.09835	0.07128	0.02918	
0.08989	0.0	0.04779	0.10633	0.08445	0.07823	0.06072	0.07763	0.05855	0.0	0.0	0.19213	0.02674	8e-05	8e-05	8e-05	0.02603	0.03537	0.04438	0.10216	0.07022	0.0924	0.17974	0.0	0.09665	0.0784	0.04066	0.0	0.1144	0.07506	8e-05	0.0308	0.0	0.1077	0.0542	0.14336	0.05934	0.07068	0.04577	0.06344	0.0	0.42518	0.25382	0.03713	0.13035	0.05411	0.0	0.0784	0.12678	0.0	0.0	0.0	0.0	0.0	0.0	0.0	0.31484	0.05512	0.12028	0.07499	0.43515	0.15096	0.1026	0.0	0.0992	0.0	0.12917	0.0	0.06854	0.07933	0.05695	8e-05	0.01661	0.07062	0.0	0.0	0.14293	0.03072	0.11034	0.09229	0.0436	0.0	0.0	0.0	0.0	0.0	0.0	0.08573	0.05563	0.08348	0.14153	0.08739	0.0822	
0.04648	0.0	0.02995	0.03142	0.06644	0.06394	0.06574	0.09367	0.06015	0.0	0.0	0.10899	0.04342	0.00031	0.00031	0.00031	0.04146	0.07528	0.03822	0.12185	0.10248	0.07334	0.09736	0.09665	0.0	0.05297	0.02885	0.0	0.05932	0.04322	0.00031	0.05426	0.0	0.09061	0.0634	0.1053	0.07097	0.04518	0.0432	0.13387	0.0	0.36494	0.11498	0.02335	0.06258	0.06714	0.0	0.02049	0.08094	0.0	0.0	0.0	0.0	0.0	0.0	0.0	0.47406	0.08052	0.08802	0.42893	0.07518	0.09003	0.09689	0.0	0.09037	0.0	0.06987	0.0	0.07664	0.10286	0.05606	0.00031	0.01412	0.087	0.0	0.0	0.2523	0.03346	0.07574	0.03878	0.08616	0.0	0.0	0.0	0.0	0.0	0.0	0.10254	0.05587	0.04998	0.06141	0.04464	0.06654	
0.07181	0.0	0.06879	0.07298	0.07641	0.04781	0.04395	0.07409	0.06571	0.0	0.0	0.12173	0.05809	2e-05	2e-05	2e-05	0.0695	0.13888	0.05031	0.05933	0.21284	0.13321	0.14988	0.0784	0.05297	0.0	0.04303	0.0	0.09937	0.02187	2e-05	0.05154	0.0	0.0889	0.08242	0.14877	0.11396	0.04637	0.07341	0.12059	0.0	0.14574	0.19214	0.13241	0.08367	0.08271	0.0	0.02443	0.16356	0.0	0.0	0.0	0.0	0.0	0.0	0.0	0.30385	0.09065	0.48448	0.06738	0.06327	0.13174	0.08426	0.0	0.17408	0.0	0.08096	0.0	0.06003	0.11374	0.11107	2e-05	0.02406	0.06355	0.0	0.0	0.07339	0.05826	0.06375	0.08385	0.07784	0.0	0.0	0.0	0.0	0.0	0.0	0.16908	0.04849	0.03619	0.10374	0.11008	0.06145	
0.0275	0.0	0.06613	0.03012	0.06386	0.01879	0.06752	0.04141	0.07283	0.0	0.0	0.08234	0.02662	9e-05	9e-05	9e-05	0.02642	0.02855	0.05919	0.06533	0.0458	0.03286	0.07308	0.04066	0.02885	0.04303	0.0	0.0	0.0551	0.07364	9e-05	0.04007	0.0	0.14031	0.10591	0.07139	0.05542	0.05516	0.09289	0.05657	0.0	0.1728	0.17387	0.04489	0.03995	0.117	0.0	0.1451	0.06099	0.0	0.0	0.0	0.0	0.0	0.0	0.0	0.19038	0.08039	0.04789	0.0414	0.06297	0.07307	0.05827	0.0	0.05979	0.0	0.0343	0.0	0.07601	0.05674	0.03817	9e-05	0.01751	0.04409	0.0	0.0	0.11931	0.03239	0.04084	0.05341	0.05988	0.0	0.0	0.0	0.0	0.0	0.0	0.21251	0.04216	0.07759	0.01827	0.03234	0.02507	
0.0	0.0	0.0	0.0	0.0	0.0	0.0	0.0	0.0	0.0	0.0	0.0	0.0	0.0	0.0	0.0	0.0	0.0	0.0	0.0	0.0	0.0	0.0	0.0	0.0	0.0	0.0	0.0	0.0	0.0	0.0	0.0	0.0	0.0	0.0	0.0	0.0	0.0	0.0	0.0	0.0	0.0	0.0	0.0	0.0	0.0	0.0	0.0	0.0	0.0	0.0	0.0	0.0	0.0	0.0	0.0	0.0	0.0	0.0	0.0	0.0	0.0	0.0	0.0	0.0	0.0	0.0	0.0	0.0	0.0	0.0	0.0	0.0	0.0	0.0	0.0	0.0	0.0	0.0	0.0	0.0	0.0	0.0	0.0	0.0	0.0	0.0	0.0	0.0	0.0	0.0	0.0	0.0	
0.06743	0.0	0.06475	0.06861	0.08041	0.08065	0.03192	0.01982	0.06038	0.0	0.0	0.13721	0.02233	0.00051	0.00051	0.00051	0.05392	0.10742	0.08284	0.15535	0.04463	0.05666	0.13269	0.1144	0.05932	0.09937	0.0551	0.0	0.0	0.05729	0.00051	0.057	0.0	0.08931	0.06735	0.11937	0.04298	0.04152	0.03147	0.06721	0.0	0.23751	0.07816	0.06286	0.05652	0.07371	0.0	0.12935	0.05169	0.0	0.0	0.0	0.0	0.0	0.0	0.0	0.35549	0.03567	0.10134	0.09573	0.12885	0.09468	0.07072	0.0	0.06322	0.0	0.10576	0.0	0.07599	0.09166	0.04979	0.00051	0.02766	0.08447	0.0	0.0	0.22155	0.0406	0.07992	0.14963	0.10396	0.0	0.0	0.0	0.0	0.0	0.0	0.20263	0.08608	0.07267	0.09136	0.07423	0.0529	
0.05199	0.0	0.02449	0.03614	0.07258	0.05375	0.0528	0.04882	0.04056	0.0	0.0	0.09832	0.01452	0.00011	0.00011	0.00011	0.04376	0.02653	0.09035	0.02439	0.06257	0.09601	0.04954	0.07506	0.04322	0.02187	0.07364	0.0	0.05729	0.0	0.00011	0.0118	0.0	0.08317	0.05995	0.02365	0.05031	0.0174	0.0466	0.06616	0.0	0.19744	0.11533	0.03474	0.04434	0.06273	0.0	0.14949	0.09328	0.0	0.0	0.0	0.0	0.0	0.0	0.0	0.07328	0.05827	0.03638	0.03315	0.04648	0.05285	0.07319	0.0	0.07091	0.0	0.02578	0.0	0.10721	0.03842	0.02046	0.00011	0.00332	0.05905	0.0	0.0	0.07273	0.07603	0.08126	0.0422	0.06798	0.0	0.0	0.0	0.0	0.0	0.0	0.05618	0.05385	0.03956	0.03444	0.04181	0.0338	
0.00022	0.0	4e-05	0.0002	0.00028	0.00019	3e-05	5e-05	3e-05	0.0	0.0	0.00057	8e-05	0.0	0.0	0.0	6e-05	0.00046	0.00026	0.00016	0.0002	0.0001	0.00029	8e-05	0.00031	2e-05	9e-05	0.0	0.00051	0.00011	0.0	9e-05	0.0	4e-05	4e-05	0.00032	9e-05	0.00012	0.00016	9e-05	0.0	0.00038	0.0	6e-05	8e-05	9e-05	0.0	0.0	1e-05	0.0	0.0	0.0	0.0	0.0	0.0	0.0	0.00047	0.0001	4e-05	0.00047	9e-05	0.0003	0.00021	0.0	0.00021	0.0	0.00018	0.0	0.00016	5e-05	0.00029	0.0	0.0005	0.00012	0.0	0.0	0.00069	9e-05	0.00071	0.00016	0.00013	0.0	0.0	0.0	0.0	0.0	0.0	0.0001	8e-05	0.00021	0.00022	2e-05	0.00014	
0.05362	0.0	0.0384	0.04165	0.04233	0.03564	0.04825	0.06493	0.06855	0.0	0.0	0.05131	0.01363	9e-05	9e-05	9e-05	0.06925	0.02422	0.04952	0.06876	0.03721	0.039	0.07146	0.0308	0.05426	0.05154	0.04007	0.0	0.057	0.0118	9e-05	0.0	0.0	0.07975	0.05171	0.07033	0.03678	0.03308	0.06141	0.05961	0.0	0.06848	0.06312	0.04334	0.0552	0.05133	0.0	0.0	0.05994	0.0	0.0	0.0	0.0	0.0	0.0	0.0	0.19338	0.03873	0.0546	0.03623	0.04648	0.06794	0.03852	0.0	0.03842	0.0	0.07034	0.0	0.0544	0.03027	0.03152	9e-05	0.00309	0.05802	0.0	0.0	0.04791	0.05857	0.04112	0.03269	0.03101	0.0	0.0	0.0	0.0	0.0	0.0	0.10857	0.04549	0.03302	0.04836	0.07564	0.04625	
0.0	0.0	0.0	0.0	0.0	0.0	0.0	0.0	0.0	0.0	0.0	0.0	0.0	0.0	0.0	0.0	0.0	0.0	0.0	0.0	0.0	0.0	0.0	0.0	0.0	0.0	0.0	0.0	0.0	0.0	0.0	0.0	0.0	0.0	0.0	0.0	0.0	0.0	0.0	0.0	0.0	0.0	0.0	0.0	0.0	0.0	0.0	0.0	0.0	0.0	0.0	0.0	0.0	0.0	0.0	0.0	0.0	0.0	0.0	0.0	0.0	0.0	0.0	0.0	0.0	0.0	0.0	0.0	0.0	0.0	0.0	0.0	0.0	0.0	0.0	0.0	0.0	0.0	0.0	0.0	0.0	0.0	0.0	0.0	0.0	0.0	0.0	0.0	0.0	0.0	0.0	0.0	0.0	
0.06534	0.0	0.09739	0.11422	0.07673	0.07297	0.15368	0.04905	0.01978	0.0	0.0	0.19936	0.02813	4e-05	4e-05	4e-05	0.15209	0.06281	0.06147	0.08151	0.05896	0.10624	0.18565	0.1077	0.09061	0.0889	0.14031	0.0	0.08931	0.08317	4e-05	0.07975	0.0	0.0	0.24676	0.16187	0.11837	0.04874	0.07639	0.08634	0.0	0.22743	0.15448	0.10479	0.13128	0.25538	0.0	0.39686	0.0843	0.0	0.0	0.0	0.0	0.0	0.0	0.0	0.24009	0.16759	0.10796	0.12004	0.16598	0.14585	0.10513	0.0	0.06248	0.0	0.12244	0.0	0.11885	0.04958	0.0791	4e-05	0.01392	0.12215	0.0	0.0	0.35586	0.06755	0.10691	0.14843	0.11395	0.0	0.0	0.0	0.0	0.0	0.0	0.29966	0.0877	0.08812	0.18132	0.06493	0.03692	
0.02668	0.0	0.07328	0.04678	0.05282	0.04147	0.06775	0.07956	0.06828	0.0	0.0	0.20629	0.02541	4e-05	4e-05	4e-05	0.05097	0.04777	0.04937	0.03136	0.04017	0.1071	0.11892	0.0542	0.0634	0.08242	0.10591	0.0	0.06735	0.05995	4e-05	0.05171	0.0	0.24676	0.0	0.11494	0.0171	0.06333	0.0486	0.06401	0.0	0.13878	0.10436	0.03461	0.15529	0.63122	0.0	0.40212	0.05647	0.0	0.0	0.0	0.0	0.0	0.0	0.0	0.24374	0.09914	0.06631	0.07882	0.05991	0.10052	0.08745	0.0	0.03731	0.0	0.01649	0.0	0.07614	0.05761	0.08736	4e-05	0.00833	0.07847	0.0	0.0	0.09917	0.09655	0.12763	0.06266	0.03896	0.0	0.0	0.0	0.0	0.0	0.0	0.22683	0.09122	0.09236	0.06088	0.05835	0.02116	
0.03747	0.0	0.0267	0.06984	0.10129	0.0549	0.08763	0.04876	0.0461	0.0	0.0	0.11437	0.04648	0.00032	0.00032	0.00032	0.07343	0.06451	0.13989	0.04814	0.07475	0.08362	0.11209	0.14336	0.1053	0.14877	0.07139	0.0	0.11937	0.02365	0.00032	0.07033	0.0	0.16187	0.11494	0.0	0.11695	0.06347	0.04546	0.12873	0.0	0.42602	0.12852	0.09138	0.36526	0.11547	0.0	0.26314	0.14746	0.0	0.0	0.0	0.0	0.0	0.0	0.0	0.32033	0.07273	0.14578	0.11874	0.08959	0.0922	0.11393	0.0	0.09338	0.0	0.06846	0.0	0.09767	0.09481	0.04788	0.00032	0.01551	0.10866	0.0	0.0	0.09229	0.05853	0.10793	0.10027	0.05854	0.0	0.0	0.0	0.0	0.0	0.0	0.15891	0.05134	0.07538	0.07796	0.02021	0.02358	
0.02887	0.0	0.03343	0.04309	0.06306	0.03342	0.02626	0.0691	0.07939	0.0	0.0	0.13204	0.02512	9e-05	9e-05	9e-05	0.05365	0.06303	0.04689	0.07023	0.09371	0.09411	0.05971	0.05934	0.07097	0.11396	0.05542	0.0	0.04298	0.05031	9e-05	0.03678	0.0	0.11837	0.0171	0.11695	0.0	0.04862	0.05613	0.09107	0.0	0.36045	0.14759	0.26387	0.05942	0.02401	0.0	0.08285	0.15614	0.0	0.0	0.0	0.0	0.0	0.0	0.0	0.38298	0.07073	0.09882	0.04214	0.04292	0.04083	0.10109	0.0	0.06855	0.0	0.16163	0.0	0.04304	0.07112	0.05113	9e-05	0.00957	0.07606	0.0	0.0	0.07534	0.03447	0.04334	0.05257	0.05741	0.0	0.0	0.0	0.0	0.0	0.0	0.06817	0.03541	0.02679	0.07307	0.04564	0.0406	
0.03766	0.0	0.06267	0.02832	0.02168	0.05017	0.0305	0.0412	0.0724	0.0	0.0	0.11947	0.0119	0.00012	0.00012	0.00012	0.04797	0.03904	0.03576	0.0467	0.07945	0.09289	0.12135	0.07068	0.04518	0.04637	0.05516	0.0	0.04152	0.0174	0.00012	0.03308	0.0	0.04874	0.06333	0.06347	0.04862	0.0	0.10719	0.09658	0.0	0.14474	0.15458	0.03671	0.02488	0.05829	0.0	0.02992	0.07705	0.0	0.0	0.0	0.0	0.0	0.0	0.0	0.13399	0.05476	0.02082	0.08058	0.06901	0.08308	0.07134	0.0	0.05023	0.0	0.04879	0.0	0.0185	0.0373	0.05045	0.00012	0.0116	0.05748	0.0	0.0	0.12372	0.03861	0.03417	0.06192	0.07643	0.0	0.0	0.0	0.0	0.0	0.0	0.16678	0.0505	0.02821	0.03997	0.03308	0.03196	
0.02564	0.0	0.08141	0.03152	0.03574	0.02883	0.03989	0.02273	0.05697	0.0	0.0	0.14456	0.03125	0.00016	0.00016	0.00016	0.04542	0.0296	0.03584	0.07459	0.03515	0.07217	0.07436	0.04577	0.0432	0.07341	0.09289	0.0	0.03147	0.0466	0.00016	0.06141	0.0	0.07639	0.0486	0.04546	0.05613	0.10719	0.0	0.06013	0.0	0.21117	0.15255	0.0313	0.02587	0.06021	0.0	0.07107	0.05103	0.0	0.0	0.0	0.0	0.0	0.0	0.0	0.05581	0.04796	0.0857	0.0258	0.07063	0.04942	0.06196	0.0	0.02188	0.0	0.04117	0.0	0.02688	0.02576	0.08139	0.00016	0.02613	0.04611	0.0	0.0	0.10829	0.02558	0.0529	0.0291	0.06212	0.0	0.0	0.0	0.0	0.0	0.0	0.16729	0.05558	0.02547	0.03289	0.04911	0.04266	
0.09795	0.0	0.04163	0.04521	0.07103	0.04045	0.08963	0.08217	0.06117	0.0	0.0	0.0949	0.01222	9e-05	9e-05	9e-05	0.13083	0.0481	0.07741	0.03739	0.09776	0.06323	0.10902	0.06344	0.13387	0.12059	0.05657	0.0	0.06721	0.06616	9e-05	0.05961	0.0	0.08634	0.06401	0.12873	0.09107	0.09658	0.06013	0.0	0.0	0.1701	0.10761	0.12997	0.10019	0.05036	0.0	0.10265	0.06513	0.0	0.0	0.0	0.0	0.0	0.0	0.0	0.35712	0.10335	0.09024	0.0978	0.06567	0.10651	0.09077	0.0	0.14347	0.0	0.10361	0.0	0.07286	0.04328	0.07858	9e-05	0.01627	0.07697	0.0	0.0	0.20839	0.06858	0.08502	0.11099	0.06829	0.0	0.0	0.0	0.0	0.0	0.0	0.20259	0.06658	0.07691	0.05021	0.05582	0.07972	
0.0	0.0	0.0	0.0	0.0	0.0	0.0	0.0	0.0	0.0	0.0	0.0	0.0	0.0	0.0	0.0	0.0	0.0	0.0	0.0	0.0	0.0	0.0	0.0	0.0	0.0	0.0	0.0	0.0	0.0	0.0	0.0	0.0	0.0	0.0	0.0	0.0	0.0	0.0	0.0	0.0	0.0	0.0	0.0	0.0	0.0	0.0	0.0	0.0	0.0	0.0	0.0	0.0	0.0	0.0	0.0	0.0	0.0	0.0	0.0	0.0	0.0	0.0	0.0	0.0	0.0	0.0	0.0	0.0	0.0	0.0	0.0	0.0	0.0	0.0	0.0	0.0	0.0	0.0	0.0	0.0	0.0	0.0	0.0	0.0	0.0	0.0	0.0	0.0	0.0	0.0	0.0	0.0	
0.26298	0.0	0.26753	0.35949	0.11176	0.12881	0.16078	0.41992	0.19354	0.0	0.0	5.77818	0.08418	0.00038	0.00038	0.00038	0.20831	0.23636	0.53324	0.40194	0.27386	0.49537	0.49978	0.42518	0.36494	0.14574	0.1728	0.0	0.23751	0.19744	0.00038	0.06848	0.0	0.22743	0.13878	0.42602	0.36045	0.14474	0.21117	0.1701	0.0	0.0	0.54134	0.29909	0.349	0.24763	0.0	0.564	0.41041	0.0	0.0	0.0	0.0	0.0	0.0	0.0	0.65882	0.35772	0.14126	0.36091	0.38404	0.39669	0.47752	0.0	0.32599	0.0	0.433	0.0	0.4591	0.22932	0.42741	0.00038	0.01306	0.29977	0.0	0.0	0.46186	0.28742	0.1987	0.33686	0.49933	0.0	0.0	0.0	0.0	0.0	0.0	1.10646	0.16952	0.24759	0.31726	0.28357	0.36839	
0.22343	0.0	0.19602	0.24978	0.11557	0.09841	0.07571	0.13762	0.14309	0.0	0.0	0.30319	0.03715	0.0	0.0	0.0	0.24819	0.08002	0.19661	0.13817	0.2332	0.16405	0.15705	0.25382	0.11498	0.19214	0.17387	0.0	0.07816	0.11533	0.0	0.06312	0.0	0.15448	0.10436	0.12852	0.14759	0.15458	0.15255	0.10761	0.0	0.54134	0.0	0.13551	0.14615	0.15912	0.0	0.2337	0.18588	0.0	0.0	0.0	0.0	0.0	0.0	0.0	0.27417	0.14672	0.16454	0.1147	0.18115	0.18514	0.20703	0.0	0.25695	0.0	0.10665	0.0	0.18947	0.08676	0.1579	0.0	0.03664	0.04016	0.0	0.0	0.25717	0.07013	0.06732	0.14289	0.18397	0.0	0.0	0.0	0.0	0.0	0.0	0.33732	0.11694	0.09339	0.22914	0.10192	0.21891	
0.03414	0.0	0.0334	0.01956	0.04292	0.02801	0.05493	0.01284	0.05667	0.0	0.0	0.18598	0.04312	6e-05	6e-05	6e-05	0.05613	0.08376	0.06616	0.07034	0.07137	0.06994	0.05599	0.03713	0.02335	0.13241	0.04489	0.0	0.06286	0.03474	6e-05	0.04334	0.0	0.10479	0.03461	0.09138	0.26387	0.03671	0.0313	0.12997	0.0	0.29909	0.13551	0.0	0.07001	0.04423	0.0	0.12655	0.13768	0.0	0.0	0.0	0.0	0.0	0.0	0.0	0.35132	0.06099	0.1329	0.02994	0.04215	0.06262	0.05217	0.0	0.0572	0.0	0.16726	0.0	0.04383	0.06479	0.06274	6e-05	0.01457	0.07564	0.0	0.0	0.05375	0.03293	0.04181	0.05044	0.054	0.0	0.0	0.0	0.0	0.0	0.0	0.05858	0.04971	0.02574	0.0341	0.04384	0.01432	
0.05897	0.0	0.03462	0.06174	0.08604	0.03052	0.09751	0.06618	0.03838	0.0	0.0	0.19445	0.02268	8e-05	8e-05	8e-05	0.09271	0.08376	0.08875	0.0651	0.11369	0.11052	0.06841	0.13035	0.06258	0.08367	0.03995	0.0	0.05652	0.04434	8e-05	0.0552	0.0	0.13128	0.15529	0.36526	0.05942	0.02488	0.02587	0.10019	0.0	0.349	0.14615	0.07001	0.0	0.12873	0.0	0.24578	0.18128	0.0	0.0	0.0	0.0	0.0	0.0	0.0	0.19498	0.11343	0.1513	0.10754	0.10008	0.06843	0.1138	0.0	0.08541	0.0	0.04455	0.0	0.08542	0.07481	0.03716	8e-05	0.01305	0.09192	0.0	0.0	0.08512	0.08441	0.12418	0.08884	0.0562	0.0	0.0	0.0	0.0	0.0	0.0	0.08233	0.04342	0.07199	0.05564	0.02756	0.03488	
0.02585	0.0	0.06363	0.06288	0.06809	0.06262	0.05979	0.07072	0.04707	0.0	0.0	0.23282	0.05913	9e-05	9e-05	9e-05	0.04866	0.04749	0.05414	0.04532	0.03952	0.15052	0.12003	0.05411	0.06714	0.08271	0.117	0.0	0.07371	0.06273	9e-05	0.05133	0.0	0.25538	0.63122	0.11547	0.02401	0.05829	0.06021	0.05036	0.0	0.24763	0.15912	0.04423	0.12873	0.0	0.0	0.45618	0.06571	0.0	0.0	0.0	0.0	0.0	0.0	0.0	0.21893	0.07326	0.07888	0.0798	0.07824	0.10279	0.06905	0.0	0.06583	0.0	0.03359	0.0	0.11054	0.05799	0.036	9e-05	0.00913	0.06494	0.0	0.0	0.11971	0.09804	0.11561	0.07044	0.0298	0.0	0.0	0.0	0.0	0.0	0.0	0.28316	0.07933	0.11211	0.06396	0.0592	0.02203	
0.0	0.0	0.0	0.0	0.0	0.0	0.0	0.0	0.0	0.0	0.0	0.0	0.0	0.0	0.0	0.0	0.0	0.0	0.0	0.0	0.0	0.0	0.0	0.0	0.0	0.0	0.0	0.0	0.0	0.0	0.0	0.0	0.0	0.0	0.0	0.0	0.0	0.0	0.0	0.0	0.0	0.0	0.0	0.0	0.0	0.0	0.0	0.0	0.0	0.0	0.0	0.0	0.0	0.0	0.0	0.0	0.0	0.0	0.0	0.0	0.0	0.0	0.0	0.0	0.0	0.0	0.0	0.0	0.0	0.0	0.0	0.0	0.0	0.0	0.0	0.0	0.0	0.0	0.0	0.0	0.0	0.0	0.0	0.0	0.0	0.0	0.0	0.0	0.0	0.0	0.0	0.0	0.0	
0.03418	0.0	0.06015	0.14756	1.00117	0.6551	0.34897	0.11677	0.5244	0.0	0.0	0.01866	0.00073	0.0	0.0	0.0	0.32375	0.1539	0.03375	0.0312	0.17715	0.03565	0.03002	0.0784	0.02049	0.02443	0.1451	0.0	0.12935	0.14949	0.0	0.0	0.0	0.39686	0.40212	0.26314	0.08285	0.02992	0.07107	0.10265	0.0	0.564	0.2337	0.12655	0.24578	0.45618	0.0	0.0	0.20371	0.0	0.0	0.0	0.0	0.0	0.0	0.0	1.36391	0.67603	0.34814	0.23388	0.28025	0.02958	0.0146	0.0	0.36119	0.0	0.02404	0.0	0.05109	0.12749	0.07043	0.0	0.14786	0.03638	0.0	0.0	0.27937	0.0813	0.045	0.17921	0.16791	0.0	0.0	0.0	0.0	0.0	0.0	1.31546	0.81044	1.80882	0.08324	0.07729	0.01247	
0.11572	0.0	0.09934	0.13573	0.10176	0.07818	0.07197	0.05165	0.08064	0.0	0.0	0.32965	0.00788	1e-05	1e-05	1e-05	0.04717	0.06014	0.04568	0.18481	0.03817	0.05602	0.11181	0.12678	0.08094	0.16356	0.06099	0.0	0.05169	0.09328	1e-05	0.05994	0.0	0.0843	0.05647	0.14746	0.15614	0.07705	0.05103	0.06513	0.0	0.41041	0.18588	0.13768	0.18128	0.06571	0.0	0.20371	0.0	0.0	0.0	0.0	0.0	0.0	0.0	0.0	0.23868	0.13907	0.17656	0.11501	0.09606	0.08827	0.12471	0.0	0.04276	0.0	0.13906	0.0	0.1125	0.05962	0.052	1e-05	0.01799	0.0964	0.0	0.0	0.17078	0.05763	0.05405	0.1563	0.09816	0.0	0.0	0.0	0.0	0.0	0.0	0.11331	0.08778	0.08471	0.14905	0.09048	0.06294	
0.0	0.0	0.0	0.0	0.0	0.0	0.0	0.0	0.0	0.0	0.0	0.0	0.0	0.0	0.0	0.0	0.0	0.0	0.0	0.0	0.0	0.0	0.0	0.0	0.0	0.0	0.0	0.0	0.0	0.0	0.0	0.0	0.0	0.0	0.0	0.0	0.0	0.0	0.0	0.0	0.0	0.0	0.0	0.0	0.0	0.0	0.0	0.0	0.0	0.0	0.0	0.0	0.0	0.0	0.0	0.0	0.0	0.0	0.0	0.0	0.0	0.0	0.0	0.0	0.0	0.0	0.0	0.0	0.0	0.0	0.0	0.0	0.0	0.0	0.0	0.0	0.0	0.0	0.0	0.0	0.0	0.0	0.0	0.0	0.0	0.0	0.0	0.0	0.0	0.0	0.0	0.0	0.0	
0.0	0.0	0.0	0.0	0.0	0.0	0.0	0.0	0.0	0.0	0.0	0.0	0.0	0.0	0.0	0.0	0.0	0.0	0.0	0.0	0.0	0.0	0.0	0.0	0.0	0.0	0.0	0.0	0.0	0.0	0.0	0.0	0.0	0.0	0.0	0.0	0.0	0.0	0.0	0.0	0.0	0.0	0.0	0.0	0.0	0.0	0.0	0.0	0.0	0.0	0.0	0.0	0.0	0.0	0.0	0.0	0.0	0.0	0.0	0.0	0.0	0.0	0.0	0.0	0.0	0.0	0.0	0.0	0.0	0.0	0.0	0.0	0.0	0.0	0.0	0.0	0.0	0.0	0.0	0.0	0.0	0.0	0.0	0.0	0.0	0.0	0.0	0.0	0.0	0.0	0.0	0.0	0.0	
0.0	0.0	0.0	0.0	0.0	0.0	0.0	0.0	0.0	0.0	0.0	0.0	0.0	0.0	0.0	0.0	0.0	0.0	0.0	0.0	0.0	0.0	0.0	0.0	0.0	0.0	0.0	0.0	0.0	0.0	0.0	0.0	0.0	0.0	0.0	0.0	0.0	0.0	0.0	0.0	0.0	0.0	0.0	0.0	0.0	0.0	0.0	0.0	0.0	0.0	0.0	0.0	0.0	0.0	0.0	0.0	0.0	0.0	0.0	0.0	0.0	0.0	0.0	0.0	0.0	0.0	0.0	0.0	0.0	0.0	0.0	0.0	0.0	0.0	0.0	0.0	0.0	0.0	0.0	0.0	0.0	0.0	0.0	0.0	0.0	0.0	0.0	0.0	0.0	0.0	0.0	0.0	0.0	
0.0	0.0	0.0	0.0	0.0	0.0	0.0	0.0	0.0	0.0	0.0	0.0	0.0	0.0	0.0	0.0	0.0	0.0	0.0	0.0	0.0	0.0	0.0	0.0	0.0	0.0	0.0	0.0	0.0	0.0	0.0	0.0	0.0	0.0	0.0	0.0	0.0	0.0	0.0	0.0	0.0	0.0	0.0	0.0	0.0	0.0	0.0	0.0	0.0	0.0	0.0	0.0	0.0	0.0	0.0	0.0	0.0	0.0	0.0	0.0	0.0	0.0	0.0	0.0	0.0	0.0	0.0	0.0	0.0	0.0	0.0	0.0	0.0	0.0	0.0	0.0	0.0	0.0	0.0	0.0	0.0	0.0	0.0	0.0	0.0	0.0	0.0	0.0	0.0	0.0	0.0	0.0	0.0	
0.0	0.0	0.0	0.0	0.0	0.0	0.0	0.0	0.0	0.0	0.0	0.0	0.0	0.0	0.0	0.0	0.0	0.0	0.0	0.0	0.0	0.0	0.0	0.0	0.0	0.0	0.0	0.0	0.0	0.0	0.0	0.0	0.0	0.0	0.0	0.0	0.0	0.0	0.0	0.0	0.0	0.0	0.0	0.0	0.0	0.0	0.0	0.0	0.0	0.0	0.0	0.0	0.0	0.0	0.0	0.0	0.0	0.0	0.0	0.0	0.0	0.0	0.0	0.0	0.0	0.0	0.0	0.0	0.0	0.0	0.0	0.0	0.0	0.0	0.0	0.0	0.0	0.0	0.0	0.0	0.0	0.0	0.0	0.0	0.0	0.0	0.0	0.0	0.0	0.0	0.0	0.0	0.0	
0.0	0.0	0.0	0.0	0.0	0.0	0.0	0.0	0.0	0.0	0.0	0.0	0.0	0.0	0.0	0.0	0.0	0.0	0.0	0.0	0.0	0.0	0.0	0.0	0.0	0.0	0.0	0.0	0.0	0.0	0.0	0.0	0.0	0.0	0.0	0.0	0.0	0.0	0.0	0.0	0.0	0.0	0.0	0.0	0.0	0.0	0.0	0.0	0.0	0.0	0.0	0.0	0.0	0.0	0.0	0.0	0.0	0.0	0.0	0.0	0.0	0.0	0.0	0.0	0.0	0.0	0.0	0.0	0.0	0.0	0.0	0.0	0.0	0.0	0.0	0.0	0.0	0.0	0.0	0.0	0.0	0.0	0.0	0.0	0.0	0.0	0.0	0.0	0.0	0.0	0.0	0.0	0.0	
0.0	0.0	0.0	0.0	0.0	0.0	0.0	0.0	0.0	0.0	0.0	0.0	0.0	0.0	0.0	0.0	0.0	0.0	0.0	0.0	0.0	0.0	0.0	0.0	0.0	0.0	0.0	0.0	0.0	0.0	0.0	0.0	0.0	0.0	0.0	0.0	0.0	0.0	0.0	0.0	0.0	0.0	0.0	0.0	0.0	0.0	0.0	0.0	0.0	0.0	0.0	0.0	0.0	0.0	0.0	0.0	0.0	0.0	0.0	0.0	0.0	0.0	0.0	0.0	0.0	0.0	0.0	0.0	0.0	0.0	0.0	0.0	0.0	0.0	0.0	0.0	0.0	0.0	0.0	0.0	0.0	0.0	0.0	0.0	0.0	0.0	0.0	0.0	0.0	0.0	0.0	0.0	0.0	
0.35313	0.0	0.25816	0.3259	0.23202	0.08288	0.36157	0.22725	0.16983	0.0	0.0	0.5329	0.32012	0.00047	0.00047	0.00047	0.27038	0.20889	0.30331	0.30953	0.24426	0.22939	0.30976	0.31484	0.47406	0.30385	0.19038	0.0	0.35549	0.07328	0.00047	0.19338	0.0	0.24009	0.24374	0.32033	0.38298	0.13399	0.05581	0.35712	0.0	0.65882	0.27417	0.35132	0.19498	0.21893	0.0	1.36391	0.23868	0.0	0.0	0.0	0.0	0.0	0.0	0.0	0.0	0.13105	0.31944	0.3638	0.24121	0.21785	0.21898	0.0	0.33303	0.0	0.34039	0.0	0.3892	0.17275	0.17467	0.00047	0.01266	0.26788	0.0	0.0	0.55701	0.20537	0.22692	0.336	0.27659	0.0	0.0	0.0	0.0	0.0	0.0	0.92771	0.15393	0.13514	0.31688	0.1945	0.30425	
0.0482	0.0	0.04078	0.04645	0.06993	0.04403	0.0705	0.07833	0.05686	0.0	0.0	0.16328	0.02055	0.0001	0.0001	0.0001	0.04136	0.0717	0.04685	0.06635	0.14921	0.03684	0.036	0.05512	0.08052	0.09065	0.08039	0.0	0.03567	0.05827	0.0001	0.03873	0.0	0.16759	0.09914	0.07273	0.07073	0.05476	0.04796	0.10335	0.0	0.35772	0.14672	0.06099	0.11343	0.07326	0.0	0.67603	0.13907	0.0	0.0	0.0	0.0	0.0	0.0	0.0	0.13105	0.0	0.07114	0.10091	0.04108	0.03584	0.05326	0.0	0.11209	0.0	0.07847	0.0	0.06203	0.02745	0.09637	0.0001	0.03567	0.07446	0.0	0.0	0.14944	0.11249	0.10147	0.06801	0.14117	0.0	0.0	0.0	0.0	0.0	0.0	0.13872	0.05058	0.03613	0.03361	0.03913	0.06013	
0.07212	0.0	0.04983	0.05955	0.11213	0.05684	0.0703	0.07235	0.05083	0.0	0.0	0.12887	0.07	4e-05	4e-05	4e-05	0.03617	0.13266	0.04526	0.05335	0.16071	0.1592	0.15297	0.12028	0.08802	0.48448	0.04789	0.0	0.10134	0.03638	4e-05	0.0546	0.0	0.10796	0.06631	0.14578	0.09882	0.02082	0.0857	0.09024	0.0	0.14126	0.16454	0.1329	0.1513	0.07888	0.0	0.34814	0.17656	0.0	0.0	0.0	0.0	0.0	0.0	0.0	0.31944	0.07114	0.0	0.09612	0.10462	0.12561	0.10534	0.0	0.11531	0.0	0.06312	0.0	0.05891	0.16633	0.08373	4e-05	0.025	0.07288	0.0	0.0	0.13472	0.04307	0.07532	0.08275	0.10468	0.0	0.0	0.0	0.0	0.0	0.0	0.14801	0.06083	0.1068	0.09366	0.0821	0.04737	
0.05891	0.0	0.02657	0.04633	0.07437	0.05747	0.03082	0.0758	0.03647	0.0	0.0	0.14402	0.07649	0.00047	0.00047	0.00047	0.02754	0.0768	0.06437	0.09976	0.11879	0.17741	0.10219	0.07499	0.42893	0.06738	0.0414	0.0	0.09573	0.03315	0.00047	0.03623	0.0	0.12004	0.07882	0.11874	0.04214	0.08058	0.0258	0.0978	0.0	0.36091	0.1147	0.02994	0.10754	0.0798	0.0	0.23388	0.11501	0.0	0.0	0.0	0.0	0.0	0.0	0.0	0.3638	0.10091	0.09612	0.0	0.08687	0.12768	0.13822	0.0	0.07755	0.0	0.0365	0.0	0.06493	0.08187	0.03836	0.00047	0.01082	0.12217	0.0	0.0	0.32684	0.01334	0.07815	0.05999	0.09606	0.0	0.0	0.0	0.0	0.0	0.0	0.16895	0.06837	0.10782	0.05215	0.06124	0.08135	
0.09377	0.0	0.07728	0.06467	0.08214	0.05456	0.04808	0.05191	0.06076	0.0	0.0	0.13035	0.04215	9e-05	9e-05	9e-05	0.05675	0.05921	0.03764	0.11305	0.06563	0.04876	0.15543	0.43515	0.07518	0.06327	0.06297	0.0	0.12885	0.04648	9e-05	0.04648	0.0	0.16598	0.05991	0.08959	0.04292	0.06901	0.07063	0.06567	0.0	0.38404	0.18115	0.04215	0.10008	0.07824	0.0	0.28025	0.09606	0.0	0.0	0.0	0.0	0.0	0.0	0.0	0.24121	0.04108	0.10462	0.08687	0.0	0.12355	0.07412	0.0	0.07485	0.0	0.12531	0.0	0.03618	0.10209	0.07903	9e-05	0.01238	0.06653	0.0	0.0	0.14355	0.03947	0.05978	0.09271	0.06024	0.0	0.0	0.0	0.0	0.0	0.0	0.10015	0.05182	0.0499	0.07758	0.15011	0.06219	
0.04981	0.0	0.05528	0.08088	0.04965	0.03563	0.05228	0.07912	0.06053	0.0	0.0	0.14273	0.01925	0.0003	0.0003	0.0003	0.02858	0.0464	0.05152	0.05312	0.13326	0.1604	0.71603	0.15096	0.09003	0.13174	0.07307	0.0	0.09468	0.05285	0.0003	0.06794	0.0	0.14585	0.10052	0.0922	0.04083	0.08308	0.04942	0.10651	0.0	0.39669	0.18514	0.06262	0.06843	0.10279	0.0	0.02958	0.08827	0.0	0.0	0.0	0.0	0.0	0.0	0.0	0.21785	0.03584	0.12561	0.12768	0.12355	0.0	0.16996	0.0	0.1107	0.0	0.06203	0.0	0.08942	0.07639	0.07809	0.0003	0.01213	0.0821	0.0	0.0	0.12287	0.0567	0.12764	0.05953	0.03527	0.0	0.0	0.0	0.0	0.0	0.0	0.19357	0.04796	0.0683	0.09522	0.06646	0.0372	
0.023	0.0	0.0498	0.05782	0.02577	0.02047	0.03466	0.04246	0.11217	0.0	0.0	0.1545	0.03052	0.00021	0.00021	0.00021	0.03565	0.04745	0.15082	0.07594	0.11197	0.55563	0.16535	0.1026	0.09689	0.08426	0.05827	0.0	0.07072	0.07319	0.00021	0.03852	0.0	0.10513	0.08745	0.11393	0.10109	0.07134	0.06196	0.09077	0.0	0.47752	0.20703	0.05217	0.1138	0.06905	0.0	0.0146	0.12471	0.0	0.0	0.0	0.0	0.0	0.0	0.0	0.21898	0.05326	0.10534	0.13822	0.07412	0.16996	0.0	0.0	0.07318	0.0	0.09781	0.0	0.14624	0.03434	0.04551	0.00021	0.01157	0.0627	0.0	0.0	0.09648	0.08618	0.08955	0.04902	0.07619	0.0	0.0	0.0	0.0	0.0	0.0	0.17653	0.05304	0.01231	0.06188	0.06581	0.0205	
0.0	0.0	0.0	0.0	0.0	0.0	0.0	0.0	0.0	0.0	0.0	0.0	0.0	0.0	0.0	0.0	0.0	0.0	0.0	0.0	0.0	0.0	0.0	0.0	0.0	0.0	0.0	0.0	0.0	0.0	0.0	0.0	0.0	0.0	0.0	0.0	0.0	0.0	0.0	0.0	0.0	0.0	0.0	0.0	0.0	0.0	0.0	0.0	0.0	0.0	0.0	0.0	0.0	0.0	0.0	0.0	0.0	0.0	0.0	0.0	0.0	0.0	0.0	0.0	0.0	0.0	0.0	0.0	0.0	0.0	0.0	0.0	0.0	0.0	0.0	0.0	0.0	0.0	0.0	0.0	0.0	0.0	0.0	0.0	0.0	0.0	0.0	0.0	0.0	0.0	0.0	0.0	0.0	
0.02823	0.0	0.07674	0.05421	0.09047	0.03607	0.08016	0.08124	0.05113	0.0	0.0	0.09933	0.03883	0.00021	0.00021	0.00021	0.03708	0.05456	0.02943	0.08359	0.52616	0.11219	0.07825	0.0992	0.09037	0.17408	0.05979	0.0	0.06322	0.07091	0.00021	0.03842	0.0	0.06248	0.03731	0.09338	0.06855	0.05023	0.02188	0.14347	0.0	0.32599	0.25695	0.0572	0.08541	0.06583	0.0	0.36119	0.04276	0.0	0.0	0.0	0.0	0.0	0.0	0.0	0.33303	0.11209	0.11531	0.07755	0.07485	0.1107	0.07318	0.0	0.0	0.0	0.17246	0.0	0.05149	0.05218	0.06621	0.00021	0.00898	0.03685	0.0	0.0	0.06543	0.09642	0.08963	0.06611	0.05568	0.0	0.0	0.0	0.0	0.0	0.0	0.17094	0.05587	0.12293	0.06052	0.0658	0.04705	
0.0	0.0	0.0	0.0	0.0	0.0	0.0	0.0	0.0	0.0	0.0	0.0	0.0	0.0	0.0	0.0	0.0	0.0	0.0	0.0	0.0	0.0	0.0	0.0	0.0	0.0	0.0	0.0	0.0	0.0	0.0	0.0	0.0	0.0	0.0	0.0	0.0	0.0	0.0	0.0	0.0	0.0	0.0	0.0	0.0	0.0	0.0	0.0	0.0	0.0	0.0	0.0	0.0	0.0	0.0	0.0	0.0	0.0	0.0	0.0	0.0	0.0	0.0	0.0	0.0	0.0	0.0	0.0	0.0	0.0	0.0	0.0	0.0	0.0	0.0	0.0	0.0	0.0	0.0	0.0	0.0	0.0	0.0	0.0	0.0	0.0	0.0	0.0	0.0	0.0	0.0	0.0	0.0	
0.05315	0.0	0.01961	0.074	0.08032	0.04561	0.10017	0.04857	0.04718	0.0	0.0	0.11026	0.02456	0.00018	0.00018	0.00018	0.02329	0.0995	0.09891	0.38388	0.11096	0.07127	0.08017	0.12917	0.06987	0.08096	0.0343	0.0	0.10576	0.02578	0.00018	0.07034	0.0	0.12244	0.01649	0.06846	0.16163	0.04879	0.04117	0.10361	0.0	0.433	0.10665	0.16726	0.04455	0.03359	0.0	0.02404	0.13906	0.0	0.0	0.0	0.0	0.0	0.0	0.0	0.34039	0.07847	0.06312	0.0365	0.12531	0.06203	0.09781	0.0	0.17246	0.0	0.0	0.0	0.14142	0.0886	0.0542	0.00018	0.01466	0.04825	0.0	0.0	0.11717	0.08445	0.01811	0.11779	0.03694	0.0	0.0	0.0	0.0	0.0	0.0	0.13857	0.04522	0.06541	0.0843	0.06881	0.03591	
0.0	0.0	0.0	0.0	0.0	0.0	0.0	0.0	0.0	0.0	0.0	0.0	0.0	0.0	0.0	0.0	0.0	0.0	0.0	0.0	0.0	0.0	0.0	0.0	0.0	0.0	0.0	0.0	0.0	0.0	0.0	0.0	0.0	0.0	0.0	0.0	0.0	0.0	0.0	0.0	0.0	0.0	0.0	0.0	0.0	0.0	0.0	0.0	0.0	0.0	0.0	0.0	0.0	0.0	0.0	0.0	0.0	0.0	0.0	0.0	0.0	0.0	0.0	0.0	0.0	0.0	0.0	0.0	0.0	0.0	0.0	0.0	0.0	0.0	0.0	0.0	0.0	0.0	0.0	0.0	0.0	0.0	0.0	0.0	0.0	0.0	0.0	0.0	0.0	0.0	0.0	0.0	0.0	
0.03404	0.0	0.0744	0.05549	0.05498	0.05232	0.05631	0.08443	0.06274	0.0	0.0	0.21171	0.0241	0.00016	0.00016	0.00016	0.08565	0.05849	0.5315	0.04962	0.0632	0.12069	0.091	0.06854	0.07664	0.06003	0.07601	0.0	0.07599	0.10721	0.00016	0.0544	0.0	0.11885	0.07614	0.09767	0.04304	0.0185	0.02688	0.07286	0.0	0.4591	0.18947	0.04383	0.08542	0.11054	0.0	0.05109	0.1125	0.0	0.0	0.0	0.0	0.0	0.0	0.0	0.3892	0.06203	0.05891	0.06493	0.03618	0.08942	0.14624	0.0	0.05149	0.0	0.14142	0.0	0.0	0.05356	0.04299	0.00016	0.00888	0.04378	0.0	0.0	0.12902	0.13864	0.0489	0.08209	0.11066	0.0	0.0	0.0	0.0	0.0	0.0	0.20124	0.07178	0.04067	0.09302	0.06546	0.04279	
0.03119	0.0	0.02067	0.03031	0.08637	0.02995	0.03083	0.0558	0.02083	0.0	0.0	0.04718	0.03739	5e-05	5e-05	5e-05	0.06533	0.309	0.03685	0.06873	0.02891	0.03585	0.08359	0.07933	0.10286	0.11374	0.05674	0.0	0.09166	0.03842	5e-05	0.03027	0.0	0.04958	0.05761	0.09481	0.07112	0.0373	0.02576	0.04328	0.0	0.22932	0.08676	0.06479	0.07481	0.05799	0.0	0.12749	0.05962	0.0	0.0	0.0	0.0	0.0	0.0	0.0	0.17275	0.02745	0.16633	0.08187	0.10209	0.07639	0.03434	0.0	0.05218	0.0	0.0886	0.0	0.05356	0.0	0.14119	5e-05	0.00654	0.03388	0.0	0.0	0.08108	0.03259	0.02274	0.07	0.06196	0.0	0.0	0.0	0.0	0.0	0.0	0.15753	0.03099	0.03341	0.0175	0.02702	0.03536	
0.04436	0.0	0.08912	0.03402	0.05061	0.01781	0.04334	0.06623	0.04151	0.0	0.0	0.12648	0.02012	0.00029	0.00029	0.00029	0.1111	0.11449	0.06785	0.06606	0.09544	0.0264	0.09337	0.05695	0.05606	0.11107	0.03817	0.0	0.04979	0.02046	0.00029	0.03152	0.0	0.0791	0.08736	0.04788	0.05113	0.05045	0.08139	0.07858	0.0	0.42741	0.1579	0.06274	0.03716	0.036	0.0	0.07043	0.052	0.0	0.0	0.0	0.0	0.0	0.0	0.0	0.17467	0.09637	0.08373	0.03836	0.07903	0.07809	0.04551	0.0	0.06621	0.0	0.0542	0.0	0.04299	0.14119	0.0	0.00029	0.00648	0.06385	0.0	0.0	0.10402	0.12623	0.05933	0.05746	0.12668	0.0	0.0	0.0	0.0	0.0	0.0	0.12737	0.03486	0.01986	0.03814	0.0473	0.05941	
