0.0	0.1512	5e-05	0.03284	0.03284	0.03284	0.36731	0.15714	0.14129	0.01511	0.17369	0.0	0.0	0.0	0.0	0.11875	0.22283	0.03942	0.34002	0.14431	0.15495	0.84356	0.0	0.27887	0.12993	0.27405	0.23726	0.0237	0.17583	0.01189	0.09788	0.0	0.0	0.36027	0.2058	0.03284	0.10281	0.14653	0.13286	0.18718	0.44197	0.18122	0.35993	0.14171	0.30665	0.24163	0.09052	0.05462	0.17675	0.05647	0.21114	0.1546	0.2331	0.23585	5e-05	0.0	0.12351	0.25875	0.05368	0.0	0.16327	0.02188	0.14157	0.08608	0.0	0.0	0.24655	0.0	0.0	0.0	0.01725	5e-05	0.21412	0.27236	0.01725	0.03284	0.03284	0.03284	0.21552	0.22952	5e-05	0.25141	5e-05	0.21473	0.13716	5e-05	0.13531	0.0	0.0	0.0	0.11111	0.1666	0.0	0.18806	0.0	0.0	0.0	0.24018	0.0	0.0	0.03284	5e-05	5e-05	5e-05	5e-05	0.0237	0.0	0.0	0.13931	0.2217	0.40969	0.03284	5e-05	5e-05	0.01725	5e-05	5e-05	5e-05	0.07111	0.00375	0.11893	0.17971	0.15025	0.23585	0.11893	0.0	0.0	0.2331	0.33606	0.09278	0.13286	0.2331	0.20367	0.1956	0.02997	0.40086	0.11893	0.07368	0.03668	0.13923	0.21484	0.13286	0.18771	0.13289	0.23321	0.00088	0.00088	0.00088	5e-05	0.01941	0.00088	0.00088	0.00088	0.00088	0.00088	0.2008	0.17105	5e-05	0.03421	5e-05	0.01725	5e-05	5e-05	5e-05	5e-05	0.26004	0.22936	
0.1512	0.0	2e-05	0.1619	0.1619	0.1619	0.24693	0.14457	0.11975	0.0157	0.12875	0.0	0.0	0.0	0.0	0.12806	0.17981	0.04086	0.08511	0.26315	0.06868	0.10983	0.0	0.10061	0.19446	0.23387	0.09534	0.0246	0.0735	0.01235	0.05089	0.0	0.0	0.32192	0.14595	0.1619	0.09203	0.05596	0.06247	0.05436	0.14132	0.21259	0.22635	0.18653	0.1368	0.13657	0.21353	0.05649	0.05937	0.11453	0.13866	0.04998	0.03964	0.05269	2e-05	0.0	0.13003	0.1407	0.18406	0.0	0.08465	0.02271	0.05999	0.18531	0.0	0.0	0.13891	0.0	0.0	0.0	0.07374	2e-05	0.15912	0.09464	0.07374	0.1619	0.1619	0.1619	0.14675	0.15428	2e-05	0.06431	2e-05	0.12162	0.12432	2e-05	0.08795	0.0	0.0	0.0	0.19245	0.06566	0.0	0.19606	0.0	0.0	0.0	0.13666	0.0	0.0	0.1619	2e-05	2e-05	2e-05	2e-05	0.0246	0.0	0.0	0.26539	0.05709	0.14405	0.1619	2e-05	2e-05	0.07374	2e-05	2e-05	2e-05	0.08401	0.0036	0.06605	0.1068	0.14402	0.05269	0.06605	0.0	0.0	0.03964	0.14031	0.16371	0.06247	0.03964	0.24429	0.27667	0.08825	0.07241	0.06605	0.0263	0.0418	0.1375	0.0579	0.06247	0.233	0.05262	0.05364	0.00062	0.00062	0.00062	2e-05	0.07387	0.00062	0.00062	0.00062	0.00062	0.00062	0.15136	0.07339	2e-05	0.03548	2e-05	0.07374	2e-05	2e-05	2e-05	2e-05	0.1913	0.15088	
5e-05	2e-05	0.0	0.00016	0.00016	0.00016	0.00012	5e-05	3e-05	0.00023	0.0001	0.0	0.0	0.0	0.0	1e-05	1e-05	0.00028	9e-05	8e-05	0.00072	0.00023	0.0	3e-05	3e-05	4e-05	9e-05	0.00022	5e-05	0.00026	3e-05	0.0	0.0	0.00019	8e-05	0.00016	0.00012	0.0001	8e-05	0.00013	0.00015	0.00011	4e-05	5e-05	0.00013	0.00017	5e-05	8e-05	7e-05	9e-05	5e-05	0.0001	9e-05	6e-05	0.0	0.0	4e-05	0.00027	4e-05	0.0	5e-05	0.00021	0.00015	5e-05	0.0	0.0	0.00012	0.0	0.0	0.0	0.00028	0.0	6e-05	2e-05	0.00028	0.00016	0.00016	0.00016	8e-05	0.00013	0.0	5e-05	0.0	5e-05	6e-05	0.0	0.0	0.0	0.0	0.0	3e-05	5e-05	0.0	0.00012	0.0	0.0	0.0	0.00015	0.0	0.0	0.00016	0.0	0.0	0.0	0.0	0.00022	0.0	0.0	6e-05	4e-05	8e-05	0.00016	0.0	0.0	0.00028	0.0	0.0	0.0	9e-05	0.0	9e-05	7e-05	6e-05	6e-05	9e-05	0.0	0.0	9e-05	3e-05	5e-05	8e-05	9e-05	1e-05	3e-05	0.00011	0.0001	9e-05	0.0002	0.00017	0.00012	6e-05	8e-05	5e-05	0.00012	7e-05	0.0	0.0	0.0	0.0	0.00028	0.0	0.0	0.0	0.0	0.0	7e-05	0.00012	0.0	0.00015	0.0	0.00028	0.0	0.0	0.0	0.0	6e-05	5e-05	
0.03284	0.1619	0.00016	0.0	0.99984	0.99984	0.01892	0.02027	0.25025	0.00786	0.0181	0.0	0.0	0.0	0.0	0.07891	0.03921	0.01653	0.02551	0.04634	0.04294	0.07293	0.0	0.04217	0.18622	0.10726	0.01704	0.0112	0.02382	0.00647	0.13739	0.0	0.0	0.16923	0.02369	0.99984	0.18534	0.02084	0.02262	0.03368	0.01932	0.01726	0.26171	0.37168	0.01608	0.01527	0.05132	0.01981	0.05284	0.42477	0.05641	0.04961	0.01607	0.02437	0.00016	0.0	0.1881	0.01322	0.29163	0.0	0.03865	0.01053	0.02336	0.44795	0.0	0.0	0.01834	0.0	0.0	0.0	0.00875	0.00016	0.47994	0.16213	0.00875	0.99984	0.99984	0.99984	0.03204	0.01905	0.00016	0.03057	0.00016	0.34497	0.02464	0.00016	0.12354	0.0	0.0	0.0	0.04254	0.04235	0.0	0.01665	0.0	0.0	0.0	0.01574	0.0	0.0	0.99984	0.00016	0.00016	0.00016	0.00016	0.0112	0.0	0.0	0.52565	0.02467	0.02345	0.99984	0.00016	0.00016	0.00875	0.00016	0.00016	0.00016	0.13545	0.00142	0.26784	0.07809	0.02658	0.02437	0.26784	0.0	0.0	0.01607	0.02091	0.11432	0.02262	0.01607	0.17505	0.1847	0.0126	0.04803	0.26784	0.01141	0.01473	0.01327	0.01968	0.02262	0.17009	0.02446	0.0262	0.00022	0.00022	0.00022	0.00016	0.00934	0.00022	0.00022	0.00022	0.00022	0.00022	0.32266	0.01845	0.00016	0.0148	0.00016	0.00875	0.00016	0.00016	0.00016	0.00016	0.12407	0.02567	
0.03284	0.1619	0.00016	0.99984	0.0	0.99984	0.01892	0.02027	0.25025	0.00786	0.0181	0.0	0.0	0.0	0.0	0.07891	0.03921	0.01653	0.02551	0.04634	0.04294	0.07293	0.0	0.04217	0.18622	0.10726	0.01704	0.0112	0.02382	0.00647	0.13739	0.0	0.0	0.16923	0.02369	0.99984	0.18534	0.02084	0.02262	0.03368	0.01932	0.01726	0.26171	0.37168	0.01608	0.01527	0.05132	0.01981	0.05284	0.42477	0.05641	0.04961	0.01607	0.02437	0.00016	0.0	0.1881	0.01322	0.29163	0.0	0.03865	0.01053	0.02336	0.44795	0.0	0.0	0.01834	0.0	0.0	0.0	0.00875	0.00016	0.47994	0.16213	0.00875	0.99984	0.99984	0.99984	0.03204	0.01905	0.00016	0.03057	0.00016	0.34497	0.02464	0.00016	0.12354	0.0	0.0	0.0	0.04254	0.04235	0.0	0.01665	0.0	0.0	0.0	0.01574	0.0	0.0	0.99984	0.00016	0.00016	0.00016	0.00016	0.0112	0.0	0.0	0.52565	0.02467	0.02345	0.99984	0.00016	0.00016	0.00875	0.00016	0.00016	0.00016	0.13545	0.00142	0.26784	0.07809	0.02658	0.02437	0.26784	0.0	0.0	0.01607	0.02091	0.11432	0.02262	0.01607	0.17505	0.1847	0.0126	0.04803	0.26784	0.01141	0.01473	0.01327	0.01968	0.02262	0.17009	0.02446	0.0262	0.00022	0.00022	0.00022	0.00016	0.00934	0.00022	0.00022	0.00022	0.00022	0.00022	0.32266	0.01845	0.00016	0.0148	0.00016	0.00875	0.00016	0.00016	0.00016	0.00016	0.12407	0.02567	
0.03284	0.1619	0.00016	0.99984	0.99984	0.0	0.01892	0.02027	0.25025	0.00786	0.0181	0.0	0.0	0.0	0.0	0.07891	0.03921	0.01653	0.02551	0.04634	0.04294	0.07293	0.0	0.04217	0.18622	0.10726	0.01704	0.0112	0.02382	0.00647	0.13739	0.0	0.0	0.16923	0.02369	0.99984	0.18534	0.02084	0.02262	0.03368	0.01932	0.01726	0.26171	0.37168	0.01608	0.01527	0.05132	0.01981	0.05284	0.42477	0.05641	0.04961	0.01607	0.02437	0.00016	0.0	0.1881	0.01322	0.29163	0.0	0.03865	0.01053	0.02336	0.44795	0.0	0.0	0.01834	0.0	0.0	0.0	0.00875	0.00016	0.47994	0.16213	0.00875	0.99984	0.99984	0.99984	0.03204	0.01905	0.00016	0.03057	0.00016	0.34497	0.02464	0.00016	0.12354	0.0	0.0	0.0	0.04254	0.04235	0.0	0.01665	0.0	0.0	0.0	0.01574	0.0	0.0	0.99984	0.00016	0.00016	0.00016	0.00016	0.0112	0.0	0.0	0.52565	0.02467	0.02345	0.99984	0.00016	0.00016	0.00875	0.00016	0.00016	0.00016	0.13545	0.00142	0.26784	0.07809	0.02658	0.02437	0.26784	0.0	0.0	0.01607	0.02091	0.11432	0.02262	0.01607	0.17505	0.1847	0.0126	0.04803	0.26784	0.01141	0.01473	0.01327	0.01968	0.02262	0.17009	0.02446	0.0262	0.00022	0.00022	0.00022	0.00016	0.00934	0.00022	0.00022	0.00022	0.00022	0.00022	0.32266	0.01845	0.00016	0.0148	0.00016	0.00875	0.00016	0.00016	0.00016	0.00016	0.12407	0.02567	
0.36731	0.24693	0.00012	0.01892	0.01892	0.01892	0.0	0.21759	0.0458	0.00949	0.27665	0.0	0.0	0.0	0.0	0.09252	0.24053	0.02221	0.18393	0.31183	0.63071	0.18474	0.0	0.18983	0.19201	0.40342	0.29512	0.01421	0.03536	0.00763	0.11808	0.0	0.0	0.42169	0.28235	0.01892	0.04691	0.02908	0.03195	0.13195	0.39325	0.29734	0.22585	0.13183	0.38949	0.40694	0.08178	0.02847	0.11901	0.02899	0.10653	0.144	0.02159	0.18825	0.00012	0.0	0.04376	0.5039	0.05414	0.0	0.17841	0.01324	0.19605	0.20535	0.0	0.0	0.35552	0.0	0.0	0.0	0.01071	0.00012	0.03205	0.13451	0.01071	0.01892	0.01892	0.01892	0.28595	0.34764	0.00012	0.14638	0.00012	0.03469	0.16929	0.00012	0.07118	0.0	0.0	0.0	0.10265	0.06422	0.0	0.51274	0.0	0.0	0.0	0.39657	0.0	0.0	0.01892	0.00012	0.00012	0.00012	0.00012	0.01421	0.0	0.0	0.34435	0.16849	0.2708	0.01892	0.00012	0.00012	0.01071	0.00012	0.00012	0.00012	0.06497	0.00286	0.03629	0.09634	0.26025	0.18825	0.03629	0.0	0.0	0.02159	0.33328	0.18627	0.03195	0.02159	0.23491	0.23861	0.01696	0.14895	0.03629	0.01526	0.02024	0.50832	0.0287	0.03195	0.13175	0.18768	0.18794	0.00077	0.00077	0.00077	0.00012	0.01191	0.00077	0.00077	0.00077	0.00077	0.00077	0.1362	0.26931	0.00012	0.01961	0.00012	0.01071	0.00012	0.00012	0.00012	0.00012	0.23	0.30551	
0.15714	0.14457	5e-05	0.02027	0.02027	0.02027	0.21759	0.0	0.04817	0.01024	0.1346	0.0	0.0	0.0	0.0	0.06883	0.02969	0.02374	0.09077	0.21015	0.02805	0.17024	0.0	0.07746	0.06228	0.15826	0.16108	0.01527	0.03738	0.00823	0.05576	0.0	0.0	0.30187	0.18111	0.02027	0.01815	0.03098	0.034	0.03518	0.23768	0.5145	0.06202	0.01674	0.2394	0.24882	0.08668	0.0302	0.02374	0.07251	0.03249	0.01784	0.02308	0.03696	5e-05	0.0	0.0481	0.30104	0.08907	0.0	0.02795	0.01423	0.07826	0.03711	0.0	0.0	0.22112	0.0	0.0	0.0	0.01154	5e-05	0.03386	0.05193	0.01154	0.02027	0.02027	0.02027	0.18626	0.21692	5e-05	0.11143	5e-05	0.03661	0.03883	5e-05	0.07439	0.0	0.0	0.0	0.06997	0.06797	0.0	0.02421	0.0	0.0	0.0	0.24322	0.0	0.0	0.02027	5e-05	5e-05	5e-05	5e-05	0.01527	0.0	0.0	0.03044	0.03858	0.17429	0.02027	5e-05	5e-05	0.01154	5e-05	5e-05	5e-05	0.02682	0.00237	0.03855	0.01626	0.04381	0.03696	0.03855	0.0	0.0	0.02308	0.03263	0.01919	0.034	0.02308	0.05895	0.05545	0.0181	0.02676	0.03855	0.01598	0.02156	0.01856	0.03038	0.034	0.03503	0.03709	0.04009	0.00046	0.00046	0.00046	5e-05	0.01263	0.00046	0.00046	0.00046	0.00046	0.00046	0.04856	0.1294	5e-05	0.02099	5e-05	0.01154	5e-05	5e-05	5e-05	5e-05	0.15567	0.01515	
0.14129	0.11975	3e-05	0.25025	0.25025	0.25025	0.0458	0.04817	0.0	0.0966	0.03962	0.0	0.0	0.0	0.0	0.13781	0.09806	0.05905	0.19045	0.05034	0.02891	0.41179	0.0	0.21312	0.18512	0.07546	0.03917	0.13501	0.47308	0.01107	0.11212	0.0	0.0	0.34118	0.05854	0.25025	0.14305	0.13318	0.55829	0.06765	0.06781	0.03729	0.25634	0.22951	0.03674	0.03409	0.01327	0.03573	0.1547	0.16324	0.15615	0.06158	0.24474	0.10197	3e-05	0.0	0.25245	0.02651	0.22844	0.0	0.06665	0.01999	0.05459	0.20976	0.0	0.0	0.04395	0.0	0.0	0.0	0.0159	3e-05	0.43829	0.23533	0.0159	0.25025	0.25025	0.25025	0.08907	0.04618	3e-05	0.27084	3e-05	0.35627	0.06308	3e-05	0.19548	0.0	0.0	0.0	0.06085	0.02453	0.0	0.03601	0.0	0.0	0.0	0.09742	0.0	0.0	0.25025	3e-05	3e-05	3e-05	3e-05	0.13501	0.0	0.0	0.21359	0.09858	0.39877	0.25025	3e-05	3e-05	0.0159	3e-05	3e-05	3e-05	0.03537	0.013	0.30542	0.24401	0.13018	0.10197	0.30542	0.0	0.0	0.24474	0.20907	0.07637	0.55829	0.24474	0.1545	0.47671	0.02673	0.24651	0.30542	0.06306	0.03241	0.02678	0.49161	0.55829	0.12266	0.0345	0.10094	0.00056	0.00056	0.00056	3e-05	0.01757	0.00056	0.00056	0.00056	0.00056	0.00056	0.23384	0.04056	3e-05	0.03067	3e-05	0.0159	3e-05	3e-05	3e-05	3e-05	0.138	0.11375	
0.01511	0.0157	0.00023	0.00786	0.00786	0.00786	0.00949	0.01024	0.0966	0.0	0.00955	0.0	0.0	0.0	0.0	0.03485	0.03442	0.00891	0.10182	0.07181	0.14568	0.04269	0.0	0.01965	0.02733	0.01775	0.00876	0.00639	0.01169	0.00403	0.01627	0.0	0.0	0.38818	0.01135	0.00786	0.01574	0.01079	0.01158	0.01656	0.01013	0.00917	0.06105	0.01491	0.0083	0.00799	0.03718	0.14277	0.09872	0.01005	0.02591	0.02324	0.00862	0.01236	0.00023	0.0	0.01362	0.00737	0.05478	0.0	0.01797	0.00606	0.01194	0.0114	0.0	0.0	0.00924	0.0	0.0	0.0	0.00522	0.00023	0.01061	0.01494	0.00522	0.00786	0.00786	0.00786	0.0152	0.00955	0.00023	0.2479	0.00023	0.01126	0.01205	0.00023	0.01919	0.0	0.0	0.0	0.02007	0.05628	0.0	0.00948	0.0	0.0	0.0	0.37504	0.0	0.0	0.00786	0.00023	0.00023	0.00023	0.00023	0.00639	0.0	0.0	0.00979	0.01215	0.01117	0.00786	0.00023	0.00023	0.00522	0.00023	0.00023	0.00023	0.0208	0.00206	0.0128	0.03636	0.0125	0.01236	0.0128	0.0	0.0	0.00862	0.01031	0.02163	0.01158	0.00862	0.01583	0.01788	0.00675	0.02212	0.0128	0.00704	0.00776	0.00734	0.00981	0.01158	0.01653	0.01243	0.01335	0.00064	0.00064	0.00064	0.00023	0.00572	0.00064	0.00064	0.00064	0.00064	0.00064	0.0137	0.00972	0.00023	0.00806	0.00023	0.00522	0.00023	0.00023	0.00023	0.00023	0.01744	0.01239	
0.17369	0.12875	0.0001	0.0181	0.0181	0.0181	0.27665	0.1346	0.03962	0.00955	0.0	0.0	0.0	0.0	0.0	0.06518	0.05393	0.021	0.11133	0.03176	0.03496	0.03446	0.0	0.05114	0.05331	0.17032	0.21408	0.0139	0.03145	0.00778	0.04595	0.0	0.0	0.32349	0.21584	0.0181	0.04199	0.02689	0.02933	0.04734	0.31324	0.20758	0.06494	0.04231	0.31557	0.33258	0.13766	0.02583	0.01852	0.02615	0.07801	0.01668	0.02042	0.03172	0.0001	0.0	0.03812	0.4308	0.04573	0.0	0.03031	0.01301	0.10778	0.03105	0.0	0.0	0.28294	0.0	0.0	0.0	0.22417	0.0001	0.0285	0.0426	0.22417	0.0181	0.0181	0.0181	0.2857	0.27545	0.0001	0.0662	0.0001	0.03064	0.13197	0.0001	0.0589	0.0	0.0	0.0	0.00343	0.0002	0.0	0.02181	0.0	0.0	0.0	0.32245	0.0	0.0	0.0181	0.0001	0.0001	0.0001	0.0001	0.0139	0.0	0.0	0.02582	0.03254	0.20601	0.0181	0.0001	0.0001	0.22417	0.0001	0.0001	0.0001	0.05735	0.0027	0.03302	0.00798	0.02917	0.03172	0.03302	0.0	0.0	0.02042	0.02754	0.02262	0.02933	0.02042	0.04729	0.04955	0.016	0.02483	0.03302	0.01486	0.07681	0.01666	0.0258	0.02933	0.04713	0.03184	0.03442	0.00064	0.00064	0.00064	0.0001	0.223	0.00064	0.00064	0.00064	0.00064	0.00064	0.03955	0.1793	0.0001	0.0187	0.0001	0.22417	0.0001	0.0001	0.0001	0.0001	0.2129	0.03416	
0.0	0.0	0.0	0.0	0.0	0.0	0.0	0.0	0.0	0.0	0.0	0.0	0.0	0.0	0.0	0.0	0.0	0.0	0.0	0.0	0.0	0.0	0.0	0.0	0.0	0.0	0.0	0.0	0.0	0.0	0.0	0.0	0.0	0.0	0.0	0.0	0.0	0.0	0.0	0.0	0.0	0.0	0.0	0.0	0.0	0.0	0.0	0.0	0.0	0.0	0.0	0.0	0.0	0.0	0.0	0.0	0.0	0.0	0.0	0.0	0.0	0.0	0.0	0.0	0.0	0.0	0.0	0.0	0.0	0.0	0.0	0.0	0.0	0.0	0.0	0.0	0.0	0.0	0.0	0.0	0.0	0.0	0.0	0.0	0.0	0.0	0.0	0.0	0.0	0.0	0.0	0.0	0.0	0.0	0.0	0.0	0.0	0.0	0.0	0.0	0.0	0.0	0.0	0.0	0.0	0.0	0.0	0.0	0.0	0.0	0.0	0.0	0.0	0.0	0.0	0.0	0.0	0.0	0.0	0.0	0.0	0.0	0.0	0.0	0.0	0.0	0.0	0.0	0.0	0.0	0.0	0.0	0.0	0.0	0.0	0.0	0.0	0.0	0.0	0.0	0.0	0.0	0.0	0.0	0.0	0.0	0.0	0.0	0.0	0.0	0.0	0.0	0.0	0.0	0.0	0.0	0.0	0.0	0.0	0.0	0.0	0.0	0.0	0.0	0.0	0.0	0.0	
0.0	0.0	0.0	0.0	0.0	0.0	0.0	0.0	0.0	0.0	0.0	0.0	0.0	0.0	0.0	0.0	0.0	0.0	0.0	0.0	0.0	0.0	0.0	0.0	0.0	0.0	0.0	0.0	0.0	0.0	0.0	0.0	0.0	0.0	0.0	0.0	0.0	0.0	0.0	0.0	0.0	0.0	0.0	0.0	0.0	0.0	0.0	0.0	0.0	0.0	0.0	0.0	0.0	0.0	0.0	0.0	0.0	0.0	0.0	0.0	0.0	0.0	0.0	0.0	0.0	0.0	0.0	0.0	0.0	0.0	0.0	0.0	0.0	0.0	0.0	0.0	0.0	0.0	0.0	0.0	0.0	0.0	0.0	0.0	0.0	0.0	0.0	0.0	0.0	0.0	0.0	0.0	0.0	0.0	0.0	0.0	0.0	0.0	0.0	0.0	0.0	0.0	0.0	0.0	0.0	0.0	0.0	0.0	0.0	0.0	0.0	0.0	0.0	0.0	0.0	0.0	0.0	0.0	0.0	0.0	0.0	0.0	0.0	0.0	0.0	0.0	0.0	0.0	0.0	0.0	0.0	0.0	0.0	0.0	0.0	0.0	0.0	0.0	0.0	0.0	0.0	0.0	0.0	0.0	0.0	0.0	0.0	0.0	0.0	0.0	0.0	0.0	0.0	0.0	0.0	0.0	0.0	0.0	0.0	0.0	0.0	0.0	0.0	0.0	0.0	0.0	0.0	
0.0	0.0	0.0	0.0	0.0	0.0	0.0	0.0	0.0	0.0	0.0	0.0	0.0	0.0	0.0	0.0	0.0	0.0	0.0	0.0	0.0	0.0	0.0	0.0	0.0	0.0	0.0	0.0	0.0	0.0	0.0	0.0	0.0	0.0	0.0	0.0	0.0	0.0	0.0	0.0	0.0	0.0	0.0	0.0	0.0	0.0	0.0	0.0	0.0	0.0	0.0	0.0	0.0	0.0	0.0	0.0	0.0	0.0	0.0	0.0	0.0	0.0	0.0	0.0	0.0	0.0	0.0	0.0	0.0	0.0	0.0	0.0	0.0	0.0	0.0	0.0	0.0	0.0	0.0	0.0	0.0	0.0	0.0	0.0	0.0	0.0	0.0	0.0	0.0	0.0	0.0	0.0	0.0	0.0	0.0	0.0	0.0	0.0	0.0	0.0	0.0	0.0	0.0	0.0	0.0	0.0	0.0	0.0	0.0	0.0	0.0	0.0	0.0	0.0	0.0	0.0	0.0	0.0	0.0	0.0	0.0	0.0	0.0	0.0	0.0	0.0	0.0	0.0	0.0	0.0	0.0	0.0	0.0	0.0	0.0	0.0	0.0	0.0	0.0	0.0	0.0	0.0	0.0	0.0	0.0	0.0	0.0	0.0	0.0	0.0	0.0	0.0	0.0	0.0	0.0	0.0	0.0	0.0	0.0	0.0	0.0	0.0	0.0	0.0	0.0	0.0	0.0	
0.0	0.0	0.0	0.0	0.0	0.0	0.0	0.0	0.0	0.0	0.0	0.0	0.0	0.0	0.0	0.0	0.0	0.0	0.0	0.0	0.0	0.0	0.0	0.0	0.0	0.0	0.0	0.0	0.0	0.0	0.0	0.0	0.0	0.0	0.0	0.0	0.0	0.0	0.0	0.0	0.0	0.0	0.0	0.0	0.0	0.0	0.0	0.0	0.0	0.0	0.0	0.0	0.0	0.0	0.0	0.0	0.0	0.0	0.0	0.0	0.0	0.0	0.0	0.0	0.0	0.0	0.0	0.0	0.0	0.0	0.0	0.0	0.0	0.0	0.0	0.0	0.0	0.0	0.0	0.0	0.0	0.0	0.0	0.0	0.0	0.0	0.0	0.0	0.0	0.0	0.0	0.0	0.0	0.0	0.0	0.0	0.0	0.0	0.0	0.0	0.0	0.0	0.0	0.0	0.0	0.0	0.0	0.0	0.0	0.0	0.0	0.0	0.0	0.0	0.0	0.0	0.0	0.0	0.0	0.0	0.0	0.0	0.0	0.0	0.0	0.0	0.0	0.0	0.0	0.0	0.0	0.0	0.0	0.0	0.0	0.0	0.0	0.0	0.0	0.0	0.0	0.0	0.0	0.0	0.0	0.0	0.0	0.0	0.0	0.0	0.0	0.0	0.0	0.0	0.0	0.0	0.0	0.0	0.0	0.0	0.0	0.0	0.0	0.0	0.0	0.0	0.0	
0.11875	0.12806	1e-05	0.07891	0.07891	0.07891	0.09252	0.06883	0.13781	0.03485	0.06518	0.0	0.0	0.0	0.0	0.0	0.20436	0.05711	0.08736	0.23615	0.05735	0.19901	0.0	0.05009	0.09521	0.08349	0.06529	0.03395	0.0445	0.01686	0.38439	0.0	0.0	0.17006	0.11479	0.07891	0.11073	0.03761	0.03088	0.05488	0.19376	0.05703	0.16077	0.25328	0.1776	0.05613	0.16199	0.03701	0.10718	0.05911	0.16627	0.05663	0.09313	0.17573	1e-05	0.0	0.19486	0.04222	0.11753	0.0	0.10012	0.0313	0.13498	0.19501	0.0	0.0	0.07449	0.0	0.0	0.0	0.02458	1e-05	0.16964	0.1894	0.02458	0.07891	0.07891	0.07891	0.13145	0.11091	1e-05	0.05175	1e-05	0.13232	0.03543	1e-05	0.1303	0.0	0.0	0.0	0.08742	0.02113	0.0	0.14586	0.0	0.0	0.0	0.06573	0.0	0.0	0.07891	1e-05	1e-05	1e-05	1e-05	0.03395	0.0	0.0	0.145	0.17144	0.12218	0.07891	1e-05	1e-05	0.02458	1e-05	1e-05	1e-05	0.03531	0.00529	0.18674	0.03792	0.0846	0.17573	0.18674	0.0	0.0	0.09313	0.16045	0.04056	0.03088	0.09313	0.27761	0.18156	0.13116	0.09365	0.18674	0.07074	0.05307	0.07077	0.10534	0.03088	0.0782	0.01881	0.17341	0.0008	0.0008	0.0008	1e-05	0.02775	0.0008	0.0008	0.0008	0.0008	0.0008	0.25662	0.0132	1e-05	0.01171	1e-05	0.02458	1e-05	1e-05	1e-05	1e-05	0.14788	0.09482	
0.22283	0.17981	1e-05	0.03921	0.03921	0.03921	0.24053	0.02969	0.09806	0.03442	0.05393	0.0	0.0	0.0	0.0	0.20436	0.0	0.0813	0.08554	0.20773	0.1264	0.15133	0.0	0.16799	0.23323	0.23288	0.02843	0.13582	0.10366	0.03892	0.20776	0.0	0.0	0.11822	0.08618	0.03921	0.05446	0.06543	0.07122	0.05552	0.08719	0.01919	0.23234	0.11956	0.07701	0.04653	0.04401	0.06623	0.09299	0.06363	0.20529	0.10527	0.04585	0.1501	1e-05	0.0	0.08832	0.0351	0.0931	0.0	0.14309	0.01594	0.05239	0.24378	0.0	0.0	0.10771	0.0	0.0	0.0	0.02039	1e-05	0.07824	0.12493	0.02039	0.03921	0.03921	0.03921	0.06385	0.05599	1e-05	0.13614	1e-05	0.08655	0.12939	1e-05	0.11753	0.0	0.0	0.0	0.11204	0.05285	0.0	0.30909	0.0	0.0	0.0	0.0634	0.0	0.0	0.03921	1e-05	1e-05	1e-05	1e-05	0.13582	0.0	0.0	0.2412	0.14994	0.15877	0.03921	1e-05	1e-05	0.02039	1e-05	1e-05	1e-05	0.08465	0.0238	0.08545	0.05456	0.35767	0.1501	0.08545	0.0	0.0	0.04585	0.24307	0.10894	0.07122	0.04585	0.19847	0.18771	0.07346	0.12233	0.08545	0.10437	0.04388	0.25508	0.14847	0.07122	0.12724	0.22894	0.15483	0.00086	0.00086	0.00086	1e-05	0.02305	0.00086	0.00086	0.00086	0.00086	0.00086	0.16678	0.05295	1e-05	0.05657	1e-05	0.02039	1e-05	1e-05	1e-05	1e-05	0.07907	0.25472	
0.03942	0.04086	0.00028	0.01653	0.01653	0.01653	0.02221	0.02374	0.05905	0.00891	0.021	0.0	0.0	0.0	0.0	0.05711	0.0813	0.0	0.03023	0.02266	1.01897	0.31895	0.0	0.03385	0.06911	0.03133	0.01989	0.38892	0.06547	0.00732	0.04073	0.0	0.0	0.04303	0.07661	0.01653	0.03751	0.03692	0.07697	0.00724	0.02345	0.01999	0.04484	0.03749	0.01876	0.01777	0.09918	0.04262	0.01289	0.02357	0.1027	0.00312	0.01858	0.02851	0.00028	0.0	0.07059	0.01518	0.02009	0.0	0.04627	0.01201	0.02729	0.02769	0.0	0.0	0.02151	0.0	0.0	0.0	0.00995	0.00028	0.02547	0.03771	0.00995	0.01653	0.01653	0.01653	0.01583	0.02236	0.00028	0.04042	0.00028	0.02733	0.02909	0.00028	0.04528	0.0	0.0	0.0	0.05073	0.05022	0.0	0.02041	0.0	0.0	0.0	0.01833	0.0	0.0	0.01653	0.00028	0.00028	0.00028	0.00028	0.38892	0.0	0.0	0.02315	0.02908	0.17214	0.01653	0.00028	0.00028	0.00995	0.00028	0.00028	0.00028	0.01816	0.09411	0.02965	0.00321	0.16262	0.02851	0.02965	0.0	0.0	0.01858	0.02463	0.0535	0.07697	0.01858	0.04158	0.0578	0.01458	0.01687	0.02965	0.01427	0.0171	0.01526	0.22593	0.07697	0.03973	0.06475	0.03224	0.03741	0.03741	0.03741	0.00028	0.02859	0.03741	0.03741	0.03741	0.03741	0.03741	0.11603	0.02141	0.00028	0.08362	0.00028	0.00995	0.00028	0.00028	0.00028	0.00028	0.04615	0.0304	
0.34002	0.08511	9e-05	0.02551	0.02551	0.02551	0.18393	0.09077	0.19045	0.10182	0.11133	0.0	0.0	0.0	0.0	0.08736	0.08554	0.03023	0.0	0.19389	0.23914	0.72468	0.0	0.28775	0.13263	0.17264	0.13427	0.01882	0.22158	0.00979	0.1511	0.0	0.0	0.70453	0.16771	0.02551	0.17294	0.28156	0.25113	0.2013	0.42327	0.12121	0.28829	0.16951	0.193	0.19724	0.04988	0.02734	0.11099	0.04101	0.14794	0.09266	0.46365	0.22846	9e-05	0.0	0.18747	0.22187	0.05271	0.0	0.12986	0.01746	0.07385	0.05076	0.0	0.0	0.18529	0.0	0.0	0.0	0.01396	9e-05	0.3514	0.31915	0.01396	0.02551	0.02551	0.02551	0.18105	0.18368	9e-05	0.43205	9e-05	0.34191	0.0529	9e-05	0.1705	0.0	0.0	0.0	0.1344	0.11035	0.0	0.02713	0.0	0.0	0.0	0.3535	0.0	0.0	0.02551	9e-05	9e-05	9e-05	9e-05	0.01882	0.0	0.0	0.04083	0.209	0.49566	0.02551	9e-05	9e-05	0.01396	9e-05	9e-05	9e-05	0.09569	0.00334	0.21846	0.12117	0.062	0.22846	0.21846	0.0	0.0	0.46365	0.35653	0.04429	0.25113	0.46365	0.17671	0.22669	0.02305	0.26125	0.21846	0.18862	0.0278	0.02321	0.36813	0.25113	0.20071	0.04907	0.22885	0.00079	0.00079	0.00079	9e-05	0.01555	0.00079	0.00079	0.00079	0.00079	0.00079	0.17838	0.10784	9e-05	0.02649	9e-05	0.01396	9e-05	9e-05	9e-05	9e-05	0.30062	0.21655	
0.14431	0.26315	8e-05	0.04634	0.04634	0.04634	0.31183	0.21015	0.05034	0.07181	0.03176	0.0	0.0	0.0	0.0	0.23615	0.20773	0.02266	0.19389	0.0	0.01647	0.05109	0.0	0.25344	0.15831	0.14058	0.09612	0.11666	0.07644	0.22725	0.07697	0.0	0.0	0.29633	0.32712	0.04634	0.14819	0.07745	0.03286	0.06456	0.13472	0.45599	0.18687	0.11733	0.12403	0.12451	0.10353	0.14692	0.22402	0.20049	0.38347	0.16512	0.05453	0.03306	8e-05	0.0	0.19869	0.14668	0.08829	0.0	0.08302	0.10476	0.06916	0.05792	0.0	0.0	0.35955	0.0	0.0	0.0	0.02573	8e-05	0.08167	0.07107	0.02573	0.04634	0.04634	0.04634	0.10514	0.31417	8e-05	0.08045	8e-05	0.09017	0.06134	8e-05	0.08057	0.0	0.0	0.0	0.18036	0.06206	0.0	0.16527	0.0	0.0	0.0	0.22434	0.0	0.0	0.04634	8e-05	8e-05	8e-05	8e-05	0.11666	0.0	0.0	0.12932	0.14288	0.19597	0.04634	8e-05	8e-05	0.02573	8e-05	8e-05	8e-05	0.12659	8e-05	0.09794	0.09029	0.20183	0.03306	0.09794	0.0	0.0	0.05453	0.13313	0.12772	0.03286	0.05453	0.11474	0.05282	0.08874	0.22252	0.09794	0.04129	0.04767	0.15236	0.11463	0.03286	0.06388	0.37092	0.03746	0.00077	0.00077	0.00077	8e-05	0.02967	0.00077	0.00077	0.00077	0.00077	0.00077	0.07393	0.0303	8e-05	0.05062	8e-05	0.02573	8e-05	8e-05	8e-05	8e-05	0.12159	0.14874	
0.15495	0.06868	0.00072	0.04294	0.04294	0.04294	0.63071	0.02805	0.02891	0.14568	0.03496	0.0	0.0	0.0	0.0	0.05735	0.1264	1.01897	0.23914	0.01647	0.0	0.31758	0.0	0.11531	0.18275	0.14483	0.15052	0.23632	0.07984	0.02029	0.05006	0.0	0.0	0.50273	0.21897	0.04294	0.11446	0.20883	0.02072	0.12406	0.18457	0.04368	0.19508	0.04802	0.17475	0.1847	0.07316	0.2349	0.13874	0.06259	0.19021	0.11095	0.05011	0.02099	0.00072	0.0	0.23062	0.29698	0.12075	0.0	0.0722	0.03141	0.09187	0.0485	0.0	0.0	0.19395	0.0	0.0	0.0	0.02589	0.00072	0.06704	0.05415	0.02589	0.04294	0.04294	0.04294	0.2673	0.63544	0.00072	0.07825	0.00072	0.07329	0.06132	0.00072	0.04603	0.0	0.0	0.0	0.0443	0.03593	0.0	0.33478	0.0	0.0	0.0	0.45391	0.0	0.0	0.04294	0.00072	0.00072	0.00072	0.00072	0.23632	0.0	0.0	0.15764	0.02687	0.24197	0.04294	0.00072	0.00072	0.02589	0.00072	0.00072	0.00072	0.08989	0.00072	0.08403	0.0688	0.23259	0.02099	0.08403	0.0	0.0	0.05011	0.15672	0.03773	0.02072	0.05011	0.13094	0.03192	0.12871	0.25338	0.08403	0.04221	0.04162	0.30845	0.13164	0.02072	0.04071	0.75013	0.15035	0.0	0.0	0.0	0.00072	0.29415	0.0	0.0	0.0	0.0	0.0	0.27131	0.03171	0.00072	0.33526	0.00072	0.02589	0.00072	0.00072	0.00072	0.00072	0.13874	0.15817	
0.84356	0.10983	0.00023	0.07293	0.07293	0.07293	0.18474	0.17024	0.41179	0.04269	0.03446	0.0	0.0	0.0	0.0	0.19901	0.15133	0.31895	0.72468	0.05109	0.31758	0.0	0.0	0.60629	0.29865	0.15981	0.06662	0.06923	0.59036	0.02694	0.21679	0.0	0.0	0.99137	0.1307	0.07293	0.24074	0.71253	0.545	0.65304	0.68553	0.0337	0.54936	0.28432	0.13945	0.09764	0.16623	0.16919	0.65628	0.1337	0.3392	0.57376	0.57964	0.5425	0.00023	0.0	0.36565	0.087	0.26784	0.0	0.41922	0.0484	0.20449	0.09252	0.0	0.0	0.09428	0.0	0.0	0.0	0.03809	0.00023	0.45928	0.43279	0.03809	0.07293	0.07293	0.07293	0.19778	0.18613	0.00023	0.39297	0.00023	0.44639	0.09035	0.00023	0.3513	0.0	0.0	0.0	0.22113	0.20504	0.0	0.10261	0.0	0.0	0.0	0.13296	0.0	0.0	0.07293	0.00023	0.00023	0.00023	0.00023	0.06923	0.0	0.0	0.13162	0.46685	0.72685	0.07293	0.00023	0.00023	0.03809	0.00023	0.00023	0.00023	0.15275	0.00023	0.26908	0.23882	0.21688	0.5425	0.26908	0.0	0.0	0.57964	0.66144	0.13413	0.545	0.57964	0.29236	0.40569	0.07407	1.01997	0.26908	0.2992	0.07827	0.09036	0.64219	0.545	0.22776	0.21972	0.88464	0.12007	0.12007	0.12007	0.00023	0.12928	0.12007	0.12007	0.12007	0.12007	0.12007	0.63699	0.03483	0.00023	0.1933	0.00023	0.03809	0.00023	0.00023	0.00023	0.00023	0.47047	0.36624	
0.0	0.0	0.0	0.0	0.0	0.0	0.0	0.0	0.0	0.0	0.0	0.0	0.0	0.0	0.0	0.0	0.0	0.0	0.0	0.0	0.0	0.0	0.0	0.0	0.0	0.0	0.0	0.0	0.0	0.0	0.0	0.0	0.0	0.0	0.0	0.0	0.0	0.0	0.0	0.0	0.0	0.0	0.0	0.0	0.0	0.0	0.0	0.0	0.0	0.0	0.0	0.0	0.0	0.0	0.0	0.0	0.0	0.0	0.0	0.0	0.0	0.0	0.0	0.0	0.0	0.0	0.0	0.0	0.0	0.0	0.0	0.0	0.0	0.0	0.0	0.0	0.0	0.0	0.0	0.0	0.0	0.0	0.0	0.0	0.0	0.0	0.0	0.0	0.0	0.0	0.0	0.0	0.0	0.0	0.0	0.0	0.0	0.0	0.0	0.0	0.0	0.0	0.0	0.0	0.0	0.0	0.0	0.0	0.0	0.0	0.0	0.0	0.0	0.0	0.0	0.0	0.0	0.0	0.0	0.0	0.0	0.0	0.0	0.0	0.0	0.0	0.0	0.0	0.0	0.0	0.0	0.0	0.0	0.0	0.0	0.0	0.0	0.0	0.0	0.0	0.0	0.0	0.0	0.0	0.0	0.0	0.0	0.0	0.0	0.0	0.0	0.0	0.0	0.0	0.0	0.0	0.0	0.0	0.0	0.0	0.0	0.0	0.0	0.0	0.0	0.0	0.0	
0.27887	0.10061	3e-05	0.04217	0.04217	0.04217	0.18983	0.07746	0.21312	0.01965	0.05114	0.0	0.0	0.0	0.0	0.05009	0.16799	0.03385	0.28775	0.25344	0.11531	0.60629	0.0	0.0	0.19088	0.11808	0.06253	0.09215	0.27204	0.01542	0.08681	0.0	0.0	0.33979	0.15283	0.04217	0.08136	0.18533	0.23412	0.15767	0.2032	0.08755	0.28023	0.23469	0.09352	0.09055	0.03338	0.06986	0.11354	0.03369	0.21656	0.06221	0.29736	0.2404	3e-05	0.0	0.12781	0.0847	0.09914	0.0	0.11811	0.02818	0.05972	0.06882	0.0	0.0	0.09003	0.0	0.0	0.0	0.02225	3e-05	0.26503	0.24886	0.02225	0.04217	0.04217	0.04217	0.16919	0.10528	3e-05	0.22508	3e-05	0.22693	0.13785	3e-05	0.1364	0.0	0.0	0.0	0.0525	0.13274	0.0	0.12027	0.0	0.0	0.0	0.09222	0.0	0.0	0.04217	3e-05	3e-05	3e-05	3e-05	0.09215	0.0	0.0	0.12562	0.22453	0.40714	0.04217	3e-05	3e-05	0.02225	3e-05	3e-05	3e-05	0.01704	0.02894	0.15074	0.09344	0.20107	0.2404	0.15074	0.0	0.0	0.29736	0.35791	0.04012	0.23412	0.29736	0.21017	0.19754	0.03829	0.32228	0.15074	0.10667	0.04659	0.11823	0.33865	0.23412	0.15833	0.33711	0.23696	0.00104	0.00104	0.00104	3e-05	0.02527	0.00104	0.00104	0.00104	0.00104	0.00104	0.20394	0.05081	3e-05	0.04416	3e-05	0.02225	3e-05	3e-05	3e-05	3e-05	0.25514	0.23417	
0.12993	0.19446	3e-05	0.18622	0.18622	0.18622	0.19201	0.06228	0.18512	0.02733	0.05331	0.0	0.0	0.0	0.0	0.09521	0.23323	0.06911	0.13263	0.15831	0.18275	0.29865	0.0	0.19088	0.0	0.28059	0.0643	0.10265	0.13244	0.02126	0.16796	0.0	0.0	0.17546	0.14945	0.18622	0.15569	0.05193	0.09986	0.05267	0.10214	0.05054	0.24543	0.18553	0.08526	0.07887	0.10015	0.05038	0.21857	0.14229	0.16619	0.06627	0.09623	0.11679	3e-05	0.0	0.17182	0.06112	0.28254	0.0	0.22333	0.01384	0.03496	0.2455	0.0	0.0	0.07073	0.0	0.0	0.0	0.03123	3e-05	0.24594	0.21001	0.03123	0.18622	0.18622	0.18622	0.12294	0.07478	3e-05	0.11515	3e-05	0.2082	0.06953	3e-05	0.18462	0.0	0.0	0.0	0.07752	0.08691	0.0	0.1429	0.0	0.0	0.0	0.0825	0.0	0.0	0.18622	3e-05	3e-05	3e-05	3e-05	0.10265	0.0	0.0	0.29644	0.1355	0.22267	0.18622	3e-05	3e-05	0.03123	3e-05	3e-05	3e-05	0.15819	0.01228	0.15412	0.03971	0.26213	0.11679	0.15412	0.0	0.0	0.09623	0.20139	0.06766	0.09986	0.09623	0.37705	0.31844	0.06266	0.24062	0.15412	0.07561	0.07036	0.13577	0.17406	0.09986	0.16022	0.26119	0.11448	0.0015	0.0015	0.0015	3e-05	0.03661	0.0015	0.0015	0.0015	0.0015	0.0015	0.24553	0.06399	3e-05	0.02251	3e-05	0.03123	3e-05	3e-05	3e-05	3e-05	0.26028	0.13667	
0.27405	0.23387	4e-05	0.10726	0.10726	0.10726	0.40342	0.15826	0.07546	0.01775	0.17032	0.0	0.0	0.0	0.0	0.08349	0.23288	0.03133	0.17264	0.14058	0.14483	0.15981	0.0	0.11808	0.28059	0.0	0.18774	0.07435	0.03951	0.01393	0.09705	0.0	0.0	0.30519	0.20039	0.10726	0.03893	0.06484	0.02642	0.14896	0.24695	0.17665	0.23362	0.15459	0.23306	0.29332	0.0653	0.0296	0.08648	0.07863	0.11202	0.0755	0.04552	0.09598	4e-05	0.0	0.06046	0.24556	0.16828	0.0	0.13028	0.02581	0.13047	0.23632	0.0	0.0	0.23339	0.0	0.0	0.0	0.02029	4e-05	0.12288	0.10396	0.02029	0.10726	0.10726	0.10726	0.16875	0.22554	4e-05	0.14991	4e-05	0.09195	0.19729	4e-05	0.18648	0.0	0.0	0.0	0.0535	0.0344	0.0	0.18893	0.0	0.0	0.0	0.23337	0.0	0.0	0.10726	4e-05	4e-05	4e-05	4e-05	0.07435	0.0	0.0	0.2524	0.09973	0.26813	0.10726	4e-05	4e-05	0.02029	4e-05	4e-05	4e-05	0.10242	0.00468	0.03772	0.13247	0.23325	0.09598	0.03772	0.0	0.0	0.04552	0.18168	0.16992	0.02642	0.04552	0.27169	0.20978	0.11452	0.11374	0.03772	0.05918	0.04419	0.17733	0.09801	0.02642	0.09925	0.08224	0.09918	0.00092	0.00092	0.00092	4e-05	0.02291	0.00092	0.00092	0.00092	0.00092	0.00092	0.15852	0.20793	4e-05	0.02169	4e-05	0.02029	4e-05	4e-05	4e-05	4e-05	0.18082	0.22385	
0.23726	0.09534	9e-05	0.01704	0.01704	0.01704	0.29512	0.16108	0.03917	0.00876	0.21408	0.0	0.0	0.0	0.0	0.06529	0.02843	0.01989	0.13427	0.09612	0.15052	0.06662	0.0	0.06253	0.0643	0.18774	0.0	0.01294	0.0307	0.00708	0.04532	0.0	0.0	0.49386	0.23422	0.01704	0.04081	0.02575	0.02818	0.07562	0.33218	0.23422	0.08412	0.04183	0.33304	0.3494	0.06923	0.02498	0.04941	0.02536	0.08101	0.04222	0.01933	0.03057	9e-05	0.0	0.03757	0.44123	0.04576	0.0	0.05303	0.01208	0.13669	0.03042	0.0	0.0	0.3013	0.0	0.0	0.0	0.00985	9e-05	0.02783	0.04216	0.00985	0.01704	0.01704	0.01704	0.27632	0.4301	9e-05	0.09255	9e-05	0.03002	0.03186	9e-05	0.08559	0.0	0.0	0.0	0.05662	0.03337	0.0	0.02061	0.0	0.0	0.0	0.33967	0.0	0.0	0.01704	9e-05	9e-05	9e-05	9e-05	0.01294	0.0	0.0	0.02511	0.0317	0.22413	0.01704	9e-05	9e-05	0.00985	9e-05	9e-05	9e-05	0.01555	0.00263	0.03186	0.04435	0.02035	0.03057	0.03186	0.0	0.0	0.01933	0.02685	0.05053	0.02818	0.01933	0.0474	0.06082	0.01518	0.04783	0.03186	0.01388	0.018	0.01564	0.02507	0.02818	0.07542	0.03068	0.03319	0.00068	0.00068	0.00068	9e-05	0.01091	0.00068	0.00068	0.00068	0.00068	0.00068	0.03935	0.20697	9e-05	0.01763	9e-05	0.00985	9e-05	9e-05	9e-05	9e-05	0.18452	0.03356	
0.0237	0.0246	0.00022	0.0112	0.0112	0.0112	0.01421	0.01527	0.13501	0.00639	0.0139	0.0	0.0	0.0	0.0	0.03395	0.13582	0.38892	0.01882	0.11666	0.23632	0.06923	0.0	0.09215	0.10265	0.07435	0.01294	0.0	0.17015	0.00533	0.02508	0.0	0.0	0.02696	0.16487	0.0112	0.02374	0.01587	0.22094	0.02505	0.01507	0.0133	0.02673	0.02303	0.01223	0.01168	0.05862	0.01492	0.05021	0.01505	0.16685	0.03607	0.01243	0.01839	0.00022	0.0	0.02094	0.0104	0.02426	0.0	0.02802	0.0084	0.01769	0.01735	0.0	0.0	0.0138	0.0	0.0	0.0	0.00708	0.00022	0.01607	0.02312	0.00708	0.0112	0.0112	0.0112	0.02345	0.0143	0.00022	0.09052	0.00022	0.01714	0.01829	0.00022	0.08416	0.0	0.0	0.0	0.03105	0.03121	0.0	0.01364	0.0	0.0	0.0	0.012	0.0	0.0	0.0112	0.00022	0.00022	0.00022	0.00022	0.99981	0.0	0.0	0.01473	0.01838	0.28437	0.0112	0.00022	0.00022	0.00708	0.00022	0.00022	0.00022	0.09663	0.0	0.01907	0.05654	0.26006	0.01839	0.01907	0.0	0.0	0.01243	0.01559	0.03314	0.22094	0.01243	0.0249	0.12552	0.00975	0.06219	0.01907	0.00983	0.0113	0.01041	0.41638	0.22094	0.02503	0.19487	0.01993	0.00081	0.00081	0.00081	0.00022	0.00784	0.00081	0.00081	0.00081	0.00081	0.00081	0.02129	0.01416	0.00022	0.01152	0.00022	0.00708	0.00022	0.00022	0.00022	0.00022	0.02749	0.01894	
0.17583	0.0735	5e-05	0.02382	0.02382	0.02382	0.03536	0.03738	0.47308	0.01169	0.03145	0.0	0.0	0.0	0.0	0.0445	0.10366	0.06547	0.22158	0.07644	0.07984	0.59036	0.0	0.27204	0.13244	0.03951	0.0307	0.17015	0.0	0.00934	0.057	0.0	0.0	0.05326	0.14492	0.02382	0.06595	0.15477	0.72933	0.05946	0.06442	0.02971	0.13138	0.07676	0.02885	0.02694	0.03423	0.03663	0.13906	0.03736	0.27845	0.03353	0.30843	0.11122	5e-05	0.0	0.09161	0.02154	0.07238	0.0	0.04664	0.01646	0.04251	0.04582	0.0	0.0	0.14815	0.0	0.0	0.0	0.01323	5e-05	0.23451	0.26669	0.01323	0.02382	0.02382	0.02382	0.06567	0.03564	5e-05	0.21338	5e-05	0.22829	0.1015	5e-05	0.17907	0.0	0.0	0.0	0.03953	0.04027	0.0	0.0289	0.0	0.0	0.0	0.02803	0.0	0.0	0.02382	5e-05	5e-05	5e-05	5e-05	0.17015	0.0	0.0	0.03716	0.10287	0.46256	0.02382	5e-05	5e-05	0.01323	5e-05	5e-05	5e-05	0.01507	0.1517	0.10307	0.14337	0.1238	0.11122	0.10307	0.0	0.0	0.30843	0.23788	0.09089	0.72933	0.30843	0.09405	0.45205	0.02142	0.27135	0.10307	0.07385	0.02571	0.02172	0.61955	0.72933	0.05927	0.11218	0.10886	0.00065	0.00065	0.00065	5e-05	0.01464	0.00065	0.00065	0.00065	0.00065	0.00065	0.0913	0.03216	5e-05	0.02471	5e-05	0.01323	5e-05	5e-05	5e-05	5e-05	0.11235	0.11629	
0.01189	0.01235	0.00026	0.00647	0.00647	0.00647	0.00763	0.00823	0.01107	0.00403	0.00778	0.0	0.0	0.0	0.0	0.01686	0.03892	0.00732	0.00979	0.22725	0.02029	0.02694	0.0	0.01542	0.02126	0.01393	0.00708	0.00533	0.00934	0.0	0.0129	0.0	0.0	0.0139	0.00901	0.00647	0.0126	0.00874	0.00935	0.01325	0.00803	0.00749	0.0133	0.01181	0.00672	0.00649	0.02921	0.00805	0.01884	0.05662	0.03165	0.16809	0.00705	0.00996	0.00026	0.0	0.01081	0.00611	0.01219	0.0	0.01417	0.36535	0.00965	0.00908	0.0	0.0	0.148	0.0	0.0	0.0	0.00441	0.00026	0.00848	0.01182	0.00441	0.00647	0.00647	0.00647	0.05122	0.00768	0.00026	0.01177	0.00026	0.00897	0.00961	0.00026	0.01502	0.0	0.0	0.0	0.17343	0.01624	0.0	0.00755	0.0	0.0	0.0	0.00662	0.0	0.0	0.00647	0.00026	0.00026	0.00026	0.00026	0.00533	0.0	0.0	0.00785	0.00971	0.00886	0.00647	0.00026	0.00026	0.00441	0.00026	0.00026	0.00026	0.01651	0.00127	0.0103	0.02337	0.00988	0.00996	0.0103	0.0	0.0	0.00705	0.00824	0.04114	0.00935	0.00705	0.01243	0.01404	0.00553	0.01742	0.0103	0.00562	0.00632	0.00606	0.00787	0.00935	0.0132	0.01002	0.01069	0.00036	0.00036	0.00036	0.00026	0.0047	0.00036	0.00036	0.00036	0.00036	0.00036	0.01082	0.00791	0.00026	0.00662	0.00026	0.00441	0.00026	0.00026	0.00026	0.00026	0.04013	0.00985	
0.09788	0.05089	3e-05	0.13739	0.13739	0.13739	0.11808	0.05576	0.11212	0.01627	0.04595	0.0	0.0	0.0	0.0	0.38439	0.20776	0.04073	0.1511	0.07697	0.05006	0.21679	0.0	0.08681	0.16796	0.09705	0.04532	0.02508	0.057	0.0129	0.0	0.0	0.0	0.17807	0.07357	0.13739	0.17483	0.06819	0.05366	0.01867	0.05295	0.04325	0.23656	0.45682	0.04249	0.03944	0.18242	0.12821	0.0631	0.08037	0.0854	0.05733	0.16319	0.32846	3e-05	0.0	0.29047	0.03077	0.23501	0.0	0.21609	0.02323	0.06333	0.35122	0.0	0.0	0.05079	0.0	0.0	0.0	0.01849	3e-05	0.3092	0.44031	0.01849	0.13739	0.13739	0.13739	0.10337	0.05336	3e-05	0.03781	3e-05	0.24281	0.029	3e-05	0.11488	0.0	0.0	0.0	0.07423	0.01493	0.0	0.12151	0.0	0.0	0.0	0.04118	0.0	0.0	0.13739	3e-05	3e-05	3e-05	3e-05	0.02508	0.0	0.0	0.25803	0.29716	0.14084	0.13739	3e-05	3e-05	0.01849	3e-05	3e-05	3e-05	0.03955	0.00337	0.3533	0.04863	0.17976	0.32846	0.3533	0.0	0.0	0.16319	0.28971	0.05006	0.05366	0.16319	0.37013	0.41168	0.03095	0.11794	0.3533	0.33436	0.03751	0.12289	0.14872	0.05366	0.15288	0.01779	0.3251	0.0005	0.0005	0.0005	3e-05	0.02039	0.0005	0.0005	0.0005	0.0005	0.0005	0.5369	0.13402	3e-05	0.15332	3e-05	0.01849	3e-05	3e-05	3e-05	3e-05	0.07872	0.16936	
0.0	0.0	0.0	0.0	0.0	0.0	0.0	0.0	0.0	0.0	0.0	0.0	0.0	0.0	0.0	0.0	0.0	0.0	0.0	0.0	0.0	0.0	0.0	0.0	0.0	0.0	0.0	0.0	0.0	0.0	0.0	0.0	0.0	0.0	0.0	0.0	0.0	0.0	0.0	0.0	0.0	0.0	0.0	0.0	0.0	0.0	0.0	0.0	0.0	0.0	0.0	0.0	0.0	0.0	0.0	0.0	0.0	0.0	0.0	0.0	0.0	0.0	0.0	0.0	0.0	0.0	0.0	0.0	0.0	0.0	0.0	0.0	0.0	0.0	0.0	0.0	0.0	0.0	0.0	0.0	0.0	0.0	0.0	0.0	0.0	0.0	0.0	0.0	0.0	0.0	0.0	0.0	0.0	0.0	0.0	0.0	0.0	0.0	0.0	0.0	0.0	0.0	0.0	0.0	0.0	0.0	0.0	0.0	0.0	0.0	0.0	0.0	0.0	0.0	0.0	0.0	0.0	0.0	0.0	0.0	0.0	0.0	0.0	0.0	0.0	0.0	0.0	0.0	0.0	0.0	0.0	0.0	0.0	0.0	0.0	0.0	0.0	0.0	0.0	0.0	0.0	0.0	0.0	0.0	0.0	0.0	0.0	0.0	0.0	0.0	0.0	0.0	0.0	0.0	0.0	0.0	0.0	0.0	0.0	0.0	0.0	0.0	0.0	0.0	0.0	0.0	0.0	
0.0	0.0	0.0	0.0	0.0	0.0	0.0	0.0	0.0	0.0	0.0	0.0	0.0	0.0	0.0	0.0	0.0	0.0	0.0	0.0	0.0	0.0	0.0	0.0	0.0	0.0	0.0	0.0	0.0	0.0	0.0	0.0	0.0	0.0	0.0	0.0	0.0	0.0	0.0	0.0	0.0	0.0	0.0	0.0	0.0	0.0	0.0	0.0	0.0	0.0	0.0	0.0	0.0	0.0	0.0	0.0	0.0	0.0	0.0	0.0	0.0	0.0	0.0	0.0	0.0	0.0	0.0	0.0	0.0	0.0	0.0	0.0	0.0	0.0	0.0	0.0	0.0	0.0	0.0	0.0	0.0	0.0	0.0	0.0	0.0	0.0	0.0	0.0	0.0	0.0	0.0	0.0	0.0	0.0	0.0	0.0	0.0	0.0	0.0	0.0	0.0	0.0	0.0	0.0	0.0	0.0	0.0	0.0	0.0	0.0	0.0	0.0	0.0	0.0	0.0	0.0	0.0	0.0	0.0	0.0	0.0	0.0	0.0	0.0	0.0	0.0	0.0	0.0	0.0	0.0	0.0	0.0	0.0	0.0	0.0	0.0	0.0	0.0	0.0	0.0	0.0	0.0	0.0	0.0	0.0	0.0	0.0	0.0	0.0	0.0	0.0	0.0	0.0	0.0	0.0	0.0	0.0	0.0	0.0	0.0	0.0	0.0	0.0	0.0	0.0	0.0	0.0	
0.36027	0.32192	0.00019	0.16923	0.16923	0.16923	0.42169	0.30187	0.34118	0.38818	0.32349	0.0	0.0	0.0	0.0	0.17006	0.11822	0.04303	0.70453	0.29633	0.50273	0.99137	0.0	0.33979	0.17546	0.30519	0.49386	0.02696	0.05326	0.0139	0.17807	0.0	0.0	0.0	0.34219	0.16923	0.13112	0.05832	0.04919	0.21743	0.46507	0.35046	0.56475	0.1481	0.47246	0.4955	0.13231	0.15659	0.1715	0.17849	0.13579	0.11097	0.19732	0.04498	0.00019	0.0	0.26714	0.64402	0.27605	0.0	0.19329	0.02372	0.22569	0.13355	0.0	0.0	0.42938	0.0	0.0	0.0	0.01902	0.00019	0.38675	0.15758	0.01902	0.16923	0.16923	0.16923	0.37021	0.42044	0.00019	0.69083	0.00019	0.43201	0.05699	0.00019	0.09221	0.0	0.0	0.0	0.07309	0.10067	0.0	0.04813	0.0	0.0	0.0	1.02155	0.0	0.0	0.16923	0.00019	0.00019	0.00019	0.00019	0.02696	0.0	0.0	0.13472	0.0473	0.56448	0.16923	0.00019	0.00019	0.01902	0.00019	0.00019	0.00019	0.06784	0.00624	0.3868	0.21262	0.05906	0.04498	0.3868	0.0	0.0	0.19732	0.15183	0.12805	0.04919	0.19732	0.1383	0.19042	0.03069	0.22251	0.3868	0.09893	0.03552	0.03228	0.15423	0.04919	0.76587	0.06904	0.04706	0.00158	0.00158	0.00158	0.00019	0.02213	0.00158	0.00158	0.00158	0.00158	0.00158	0.14287	0.63111	0.00019	0.0214	0.00019	0.01902	0.00019	0.00019	0.00019	0.00019	0.34187	0.06288	
0.2058	0.14595	8e-05	0.02369	0.02369	0.02369	0.28235	0.18111	0.05854	0.01135	0.21584	0.0	0.0	0.0	0.0	0.11479	0.08618	0.07661	0.16771	0.32712	0.21897	0.1307	0.0	0.15283	0.14945	0.20039	0.23422	0.16487	0.14492	0.00901	0.07357	0.0	0.0	0.34219	0.0	0.02369	0.06305	0.03766	0.04739	0.12708	0.30739	0.22884	0.11798	0.06819	0.30146	0.3098	0.14304	0.14178	0.13602	0.10948	0.29143	0.11518	0.02731	0.04568	8e-05	0.0	0.0604	0.35553	0.07766	0.0	0.14192	0.02715	0.16501	0.0477	0.0	0.0	0.3256	0.0	0.0	0.0	0.01289	8e-05	0.0431	0.03932	0.01289	0.02369	0.02369	0.02369	0.26119	0.28177	8e-05	0.15113	8e-05	0.04702	0.0296	8e-05	0.1224	0.0	0.0	0.0	0.09756	0.08841	0.0	0.02889	0.0	0.0	0.0	0.30484	0.0	0.0	0.02369	8e-05	8e-05	8e-05	8e-05	0.16487	0.0	0.0	0.03828	0.14599	0.36381	0.02369	8e-05	8e-05	0.01289	8e-05	8e-05	8e-05	0.03713	0.10822	0.04783	0.05688	0.1324	0.04568	0.04783	0.0	0.0	0.02731	0.04135	0.09312	0.04739	0.02731	0.0966	0.10932	0.02145	0.12219	0.04783	0.01857	0.0712	0.02153	0.14111	0.04739	0.12696	0.14246	0.04989	0.00073	0.00073	0.00073	8e-05	0.01434	0.00073	0.00073	0.00073	0.00073	0.00073	0.06532	0.21122	8e-05	0.02461	8e-05	0.01289	8e-05	8e-05	8e-05	8e-05	0.23312	0.05321	
0.03284	0.1619	0.00016	0.99984	0.99984	0.99984	0.01892	0.02027	0.25025	0.00786	0.0181	0.0	0.0	0.0	0.0	0.07891	0.03921	0.01653	0.02551	0.04634	0.04294	0.07293	0.0	0.04217	0.18622	0.10726	0.01704	0.0112	0.02382	0.00647	0.13739	0.0	0.0	0.16923	0.02369	0.0	0.18534	0.02084	0.02262	0.03368	0.01932	0.01726	0.26171	0.37168	0.01608	0.01527	0.05132	0.01981	0.05284	0.42477	0.05641	0.04961	0.01607	0.02437	0.00016	0.0	0.1881	0.01322	0.29163	0.0	0.03865	0.01053	0.02336	0.44795	0.0	0.0	0.01834	0.0	0.0	0.0	0.00875	0.00016	0.47994	0.16213	0.00875	0.99984	0.99984	0.99984	0.03204	0.01905	0.00016	0.03057	0.00016	0.34497	0.02464	0.00016	0.12354	0.0	0.0	0.0	0.04254	0.04235	0.0	0.01665	0.0	0.0	0.0	0.01574	0.0	0.0	0.99984	0.00016	0.00016	0.00016	0.00016	0.0112	0.0	0.0	0.52565	0.02467	0.02345	0.99984	0.00016	0.00016	0.00875	0.00016	0.00016	0.00016	0.13545	0.00142	0.26784	0.07809	0.02658	0.02437	0.26784	0.0	0.0	0.01607	0.02091	0.11432	0.02262	0.01607	0.17505	0.1847	0.0126	0.04803	0.26784	0.01141	0.01473	0.01327	0.01968	0.02262	0.17009	0.02446	0.0262	0.00022	0.00022	0.00022	0.00016	0.00934	0.00022	0.00022	0.00022	0.00022	0.00022	0.32266	0.01845	0.00016	0.0148	0.00016	0.00875	0.00016	0.00016	0.00016	0.00016	0.12407	0.02567	
