0.0	0.0	0.0	0.0	0.0	0.0	0.0	0.0	0.0	0.0	0.0	0.0	0.0	0.0	0.0	0.0	0.0	0.0	0.0	0.0	0.0	0.0	0.0	0.0	0.0	0.0	0.0	0.0	0.0	0.0	0.0	0.0	0.0	0.0	0.0	0.0	0.0	0.0	0.0	0.0	0.0	0.0	0.0	0.0	0.0	0.0	0.0	0.0	0.0	0.0	0.0	0.0	0.0	0.0	0.0	0.0	0.0	0.0	0.0	0.0	0.0	0.0	0.0	0.0	0.0	0.0	0.0	0.0	0.0	0.0	0.0	0.0	0.0	0.0	0.0	0.0	0.0	0.0	0.0	0.0	0.0	0.0	0.0	0.0	0.0	0.0	0.0	0.0	0.0	0.0	0.0	0.0	0.0	0.0	0.0	0.0	0.0	0.0	0.0	0.0	0.0	0.0	0.0	0.0	0.0	0.0	0.0	0.0	0.0	0.0	0.0	0.0	0.0	0.0	0.0	0.0	0.0	0.0	
0.0	0.0	0.0	0.0	0.0	0.0	0.0	0.0	0.0	0.0	0.0	0.0	0.0	0.0	0.0	0.0	0.0	0.0	0.0	0.0	0.0	0.0	0.0	0.0	0.0	0.0	0.0	0.0	0.0	0.0	0.0	0.0	0.0	0.0	0.0	0.0	0.0	0.0	0.0	0.0	0.0	0.0	0.0	0.0	0.0	0.0	0.0	0.0	0.0	0.0	0.0	0.0	0.0	0.0	0.0	0.0	0.0	0.0	0.0	0.0	0.0	0.0	0.0	0.0	0.0	0.0	0.0	0.0	0.0	0.0	0.0	0.0	0.0	0.0	0.0	0.0	0.0	0.0	0.0	0.0	0.0	0.0	0.0	0.0	0.0	0.0	0.0	0.0	0.0	0.0	0.0	0.0	0.0	0.0	0.0	0.0	0.0	0.0	0.0	0.0	0.0	0.0	0.0	0.0	0.0	0.0	0.0	0.0	0.0	0.0	0.0	0.0	0.0	0.0	0.0	0.0	0.0	0.0	
0.0	0.0	0.0	1e-05	0.32688	0.0631	1e-05	0.32688	0.35131	1e-05	0.23869	0.32688	0.47185	0.08896	0.33798	1e-05	0.32688	0.15681	0.08425	0.26741	0.32386	0.08969	0.14613	0.13646	0.03576	1e-05	0.10419	0.0814	1e-05	0.25823	0.2132	1e-05	0.24752	1e-05	1e-05	0.12653	0.18691	1e-05	0.17157	1e-05	0.05053	0.27707	0.1917	1e-05	0.19136	0.15791	1e-05	1e-05	1e-05	1e-05	0.19339	0.32688	0.06467	0.26951	0.13646	0.17792	0.18761	1e-05	1e-05	0.13646	0.0814	0.0814	0.13646	1e-05	0.0814	0.15002	0.37015	1e-05	0.16889	0.05053	1e-05	1e-05	0.3259	1e-05	0.08425	1e-05	0.18332	1e-05	0.1917	0.13646	0.12321	0.13646	1e-05	0.25164	0.13646	1e-05	0.06304	0.36548	1e-05	0.08425	1e-05	1e-05	0.14762	0.27667	1e-05	0.32688	1e-05	1e-05	0.08255	0.36169	1e-05	0.05641	0.19633	0.33539	0.33804	0.13646	1e-05	1e-05	1e-05	1e-05	0.1917	1e-05	0.32688	0.1917	1e-05	1e-05	0.32688	0.32688	
0.0	0.0	1e-05	0.0	0.00663	0.00569	0.0	0.00663	0.00691	0.0	0.00809	0.00663	0.00912	0.02584	0.00963	0.0	0.00663	0.01356	0.00512	0.01377	0.01045	0.0087	0.27765	0.00632	0.0	0.0	0.00766	0.00426	0.0	0.01042	0.11079	0.0	0.01091	0.0	0.0	0.04137	0.00995	0.0	0.00623	0.0	0.0	0.01021	0.00662	0.0	0.01132	0.00597	0.0	0.0	0.0	0.0	0.00624	0.00663	0.00433	0.00752	0.00632	0.14836	0.01316	0.0	0.0	0.00632	0.00426	0.00426	0.00632	0.0	0.00426	0.00556	0.00815	0.0	0.00731	0.0	0.0	0.0	0.00363	0.0	0.00512	0.0	0.04975	0.0	0.00662	0.00632	0.00867	0.00632	0.0	0.01115	0.00632	0.0	0.00545	0.00626	0.0	0.00512	0.0	0.0	0.00836	0.00066	0.0	0.00663	0.0	0.0	0.00373	0.11377	0.0	0.02869	0.02566	0.0328	0.05243	0.00632	0.0	0.0	0.0	0.0	0.00662	0.0	0.00663	0.00662	0.0	0.0	0.00663	0.00663	
0.0	0.0	0.32688	0.00663	0.0	0.02459	0.00013	0.99966	0.56396	0.00013	0.44443	0.99966	0.36536	0.03109	0.27279	0.00013	0.99966	0.18938	0.02061	0.22125	0.05425	0.04193	0.03071	0.02868	0.01204	0.00013	0.03648	0.01365	0.00013	0.20548	0.19664	0.00013	0.25163	0.00013	0.00013	0.02895	0.29128	0.00013	0.03315	0.00013	0.01563	0.22151	0.03582	0.00013	0.054	0.02649	0.00013	0.00013	0.00013	0.00013	0.03322	0.99966	0.01431	0.0357	0.02868	0.03389	0.03687	0.00013	0.00013	0.02868	0.01365	0.01365	0.02868	0.00013	0.01365	0.02946	0.29409	0.00013	0.03984	0.01563	0.00013	0.00013	0.49815	0.00013	0.02061	0.00013	0.03718	0.00013	0.03582	0.02868	0.04648	0.02868	0.00013	0.05699	0.02868	0.00013	0.03197	0.66942	0.00013	0.02061	0.00013	0.00013	0.0405	0.32314	0.00013	0.99966	0.00013	0.00013	0.03424	0.67863	0.00013	0.02258	0.04018	0.34137	0.06856	0.02868	0.00013	0.00013	0.00013	0.00013	0.03582	0.00013	0.99966	0.03582	0.00013	0.00013	0.99966	0.99966	
0.0	0.0	0.0631	0.00569	0.02459	0.0	0.00014	0.02459	0.03247	0.00014	0.04159	0.02459	0.0444	0.02891	0.03916	0.00014	0.02459	0.05613	0.01928	0.06345	0.02162	0.03884	0.02842	0.02671	0.01136	0.00014	0.03386	0.01285	0.00014	0.04726	0.04871	0.00014	0.04605	0.00014	0.00014	0.02682	0.26149	0.00014	0.03066	0.00014	0.01469	0.33239	0.03308	0.00014	0.04986	0.0247	0.00014	0.00014	0.00014	0.00014	0.18242	0.02459	0.01347	0.03314	0.02671	0.03133	0.17646	0.00014	0.00014	0.02671	0.01285	0.01285	0.02671	0.00014	0.01285	0.02728	0.0394	0.00014	0.0727	0.01469	0.00014	0.00014	0.03135	0.00014	0.01928	0.00014	0.0345	0.00014	0.03308	0.02671	0.08126	0.02671	0.00014	0.05233	0.02671	0.00014	0.48415	0.02803	0.00014	0.01928	0.00014	0.00014	0.02998	0.03943	0.00014	0.02459	0.00014	0.00014	0.03181	0.02778	0.00014	0.11542	0.03703	0.03821	0.17626	0.02671	0.00014	0.00014	0.00014	0.00014	0.03308	0.00014	0.02459	0.03308	0.00014	0.00014	0.02459	0.02459	
0.0	0.0	1e-05	0.0	0.00013	0.00014	0.0	0.00013	4e-05	0.0	0.0001	0.00013	1e-05	0.00011	3e-05	0.0	0.00013	8e-05	0.00016	9e-05	4e-05	0.0001	7e-05	0.00012	0.0003	0.0	0.0001	0.00024	0.0	4e-05	4e-05	0.0	8e-05	0.0	0.0	6e-05	9e-05	0.0	5e-05	0.0	0.00025	0.0	4e-05	0.0	9e-05	0.00013	0.0	0.0	0.0	0.0	5e-05	0.00013	0.00023	0.00011	0.00012	6e-05	4e-05	0.0	0.0	0.00012	0.00024	0.00024	0.00012	0.0	0.00024	5e-05	5e-05	0.0	4e-05	0.00025	0.0	0.0	0.00012	0.0	0.00016	0.0	0.0001	0.0	4e-05	0.00012	4e-05	0.00012	0.0	4e-05	0.00012	0.0	0.00011	5e-05	0.0	0.00016	0.0	0.0	9e-05	0.0001	0.0	0.00013	0.0	0.0	0.0001	7e-05	0.0	0.00015	4e-05	0.00012	1e-05	0.00012	0.0	0.0	0.0	0.0	4e-05	0.0	0.00013	4e-05	0.0	0.0	0.00013	0.00013	
0.0	0.0	0.32688	0.00663	0.99966	0.02459	0.00013	0.0	0.56396	0.00013	0.44443	0.99966	0.36536	0.03109	0.27279	0.00013	0.99966	0.18938	0.02061	0.22125	0.05425	0.04193	0.03071	0.02868	0.01204	0.00013	0.03648	0.01365	0.00013	0.20548	0.19664	0.00013	0.25163	0.00013	0.00013	0.02895	0.29128	0.00013	0.03315	0.00013	0.01563	0.22151	0.03582	0.00013	0.054	0.02649	0.00013	0.00013	0.00013	0.00013	0.03322	0.99966	0.01431	0.0357	0.02868	0.03389	0.03687	0.00013	0.00013	0.02868	0.01365	0.01365	0.02868	0.00013	0.01365	0.02946	0.29409	0.00013	0.03984	0.01563	0.00013	0.00013	0.49815	0.00013	0.02061	0.00013	0.03718	0.00013	0.03582	0.02868	0.04648	0.02868	0.00013	0.05699	0.02868	0.00013	0.03197	0.66942	0.00013	0.02061	0.00013	0.00013	0.0405	0.32314	0.00013	0.99966	0.00013	0.00013	0.03424	0.67863	0.00013	0.02258	0.04018	0.34137	0.06856	0.02868	0.00013	0.00013	0.00013	0.00013	0.03582	0.00013	0.99966	0.03582	0.00013	0.00013	0.99966	0.99966	
0.0	0.0	0.35131	0.00691	0.56396	0.03247	4e-05	0.56396	0.0	4e-05	0.30773	0.56396	0.64769	0.23591	0.2357	4e-05	0.56396	0.16812	0.45639	0.20069	0.30748	0.05936	0.33817	0.03868	0.01448	4e-05	0.05077	0.01667	4e-05	0.18056	0.36823	4e-05	0.2026	4e-05	4e-05	0.041	0.22477	4e-05	0.0478	4e-05	0.01941	0.46743	0.05249	4e-05	0.14411	0.03534	4e-05	4e-05	4e-05	4e-05	0.04793	0.56396	0.01759	0.04954	0.03868	0.0491	0.05389	4e-05	4e-05	0.03868	0.01667	0.01667	0.03868	4e-05	0.01667	0.34375	0.2402	4e-05	0.05945	0.01941	4e-05	4e-05	0.33545	4e-05	0.45639	4e-05	0.05187	4e-05	0.05249	0.03868	0.07062	0.03868	4e-05	0.13513	0.03868	4e-05	0.04375	0.4511	4e-05	0.45639	4e-05	4e-05	0.17866	0.24246	4e-05	0.56396	4e-05	4e-05	0.04727	0.45462	4e-05	0.02947	0.06004	0.25249	0.14774	0.03868	4e-05	4e-05	4e-05	4e-05	0.05249	4e-05	0.56396	0.05249	4e-05	4e-05	0.56396	0.56396	
0.0	0.0	1e-05	0.0	0.00013	0.00014	0.0	0.00013	4e-05	0.0	0.0001	0.00013	1e-05	0.00011	3e-05	0.0	0.00013	8e-05	0.00016	9e-05	4e-05	0.0001	7e-05	0.00012	0.0003	0.0	0.0001	0.00024	0.0	4e-05	4e-05	0.0	8e-05	0.0	0.0	6e-05	9e-05	0.0	5e-05	0.0	0.00025	0.0	4e-05	0.0	9e-05	0.00013	0.0	0.0	0.0	0.0	5e-05	0.00013	0.00023	0.00011	0.00012	6e-05	4e-05	0.0	0.0	0.00012	0.00024	0.00024	0.00012	0.0	0.00024	5e-05	5e-05	0.0	4e-05	0.00025	0.0	0.0	0.00012	0.0	0.00016	0.0	0.0001	0.0	4e-05	0.00012	4e-05	0.00012	0.0	4e-05	0.00012	0.0	0.00011	5e-05	0.0	0.00016	0.0	0.0	9e-05	0.0001	0.0	0.00013	0.0	0.0	0.0001	7e-05	0.0	0.00015	4e-05	0.00012	1e-05	0.00012	0.0	0.0	0.0	0.0	4e-05	0.0	0.00013	4e-05	0.0	0.0	0.00013	0.00013	
0.0	0.0	0.23869	0.00809	0.44443	0.04159	0.0001	0.44443	0.30773	0.0001	0.0	0.44443	0.22997	0.0425	0.14094	0.0001	0.44443	0.05774	0.02746	0.10425	0.01632	0.05838	0.04286	0.03902	0.01555	0.0001	0.05037	0.01775	0.0001	0.08071	0.07955	0.0001	0.09037	0.0001	0.0001	0.04018	0.49849	0.0001	0.04639	0.0001	0.02048	0.21965	0.05049	0.0001	0.07631	0.03586	0.0001	0.0001	0.0001	0.0001	0.0465	0.44443	0.01867	0.04922	0.03902	0.04752	0.05193	0.0001	0.0001	0.03902	0.01775	0.01775	0.03902	0.0001	0.01775	0.04099	0.14151	0.0001	0.05095	0.02048	0.0001	0.0001	0.21572	0.0001	0.02746	0.0001	0.0514	0.0001	0.05049	0.03902	0.06666	0.03902	0.0001	0.08255	0.03902	0.0001	0.0173	0.34393	0.0001	0.02746	0.0001	0.0001	0.00539	0.12761	0.0001	0.44443	0.0001	0.0001	0.0471	0.34701	0.0001	0.05278	0.05714	0.137	0.04751	0.03902	0.0001	0.0001	0.0001	0.0001	0.05049	0.0001	0.44443	0.05049	0.0001	0.0001	0.44443	0.44443	
0.0	0.0	0.32688	0.00663	0.99966	0.02459	0.00013	0.99966	0.56396	0.00013	0.44443	0.0	0.36536	0.03109	0.27279	0.00013	0.99966	0.18938	0.02061	0.22125	0.05425	0.04193	0.03071	0.02868	0.01204	0.00013	0.03648	0.01365	0.00013	0.20548	0.19664	0.00013	0.25163	0.00013	0.00013	0.02895	0.29128	0.00013	0.03315	0.00013	0.01563	0.22151	0.03582	0.00013	0.054	0.02649	0.00013	0.00013	0.00013	0.00013	0.03322	0.99966	0.01431	0.0357	0.02868	0.03389	0.03687	0.00013	0.00013	0.02868	0.01365	0.01365	0.02868	0.00013	0.01365	0.02946	0.29409	0.00013	0.03984	0.01563	0.00013	0.00013	0.49815	0.00013	0.02061	0.00013	0.03718	0.00013	0.03582	0.02868	0.04648	0.02868	0.00013	0.05699	0.02868	0.00013	0.03197	0.66942	0.00013	0.02061	0.00013	0.00013	0.0405	0.32314	0.00013	0.99966	0.00013	0.00013	0.03424	0.67863	0.00013	0.02258	0.04018	0.34137	0.06856	0.02868	0.00013	0.00013	0.00013	0.00013	0.03582	0.00013	0.99966	0.03582	0.00013	0.00013	0.99966	0.99966	
0.0	0.0	0.47185	0.00912	0.36536	0.0444	1e-05	0.36536	0.64769	1e-05	0.22997	0.36536	0.0	0.18078	0.53263	1e-05	0.36536	0.35101	0.29566	0.21636	0.40674	0.22269	0.26444	0.39078	0.01854	1e-05	0.25849	0.02156	1e-05	0.4845	0.29807	1e-05	0.55471	1e-05	1e-05	0.05923	0.18799	1e-05	0.34511	1e-05	0.02538	0.39574	0.33813	1e-05	0.32935	0.04873	1e-05	1e-05	1e-05	1e-05	0.34485	0.36536	0.02284	0.07073	0.39078	0.34278	0.08038	1e-05	1e-05	0.39078	0.02156	0.02156	0.39078	1e-05	0.02156	0.26488	0.20993	1e-05	0.33313	0.02538	1e-05	1e-05	0.24459	1e-05	0.29566	1e-05	0.07442	1e-05	0.33813	0.39078	0.22853	0.39078	1e-05	0.30615	0.39078	1e-05	0.06164	0.32747	1e-05	0.29566	1e-05	1e-05	0.15511	0.19652	1e-05	0.36536	1e-05	1e-05	0.06715	0.32851	1e-05	0.03994	0.33291	0.20151	0.38075	0.39078	1e-05	1e-05	1e-05	1e-05	0.33813	1e-05	0.36536	0.33813	1e-05	1e-05	0.36536	0.36536	
0.0	0.0	0.08896	0.02584	0.03109	0.02891	0.00011	0.03109	0.23591	0.00011	0.0425	0.03109	0.18078	0.0	0.0601	0.00011	0.03109	0.07372	0.37175	0.08413	0.21333	0.0502	0.25104	0.03391	0.01382	0.00011	0.04348	0.01573	0.00011	0.06241	0.26679	0.00011	0.05997	0.00011	0.00011	0.0734	0.05443	0.00011	0.03981	0.00011	0.24392	0.17878	0.04318	0.00011	0.03457	0.03123	0.00011	0.00011	0.00011	0.00011	0.0399	0.03109	0.01653	0.04251	0.03391	0.16158	0.03634	0.00011	0.00011	0.03391	0.01573	0.01573	0.03391	0.00011	0.01573	0.2567	0.02992	0.00011	0.04824	0.24392	0.00011	0.00011	0.0401	0.00011	0.37175	0.00011	0.04434	0.00011	0.04318	0.03391	0.05655	0.03391	0.00011	0.03778	0.03391	0.00011	0.03794	0.0362	0.00011	0.37175	0.00011	0.00011	0.47522	0.05099	0.00011	0.03109	0.00011	0.00011	0.04073	0.03585	0.00011	0.02647	0.0663	0.04934	0.05528	0.03391	0.00011	0.00011	0.00011	0.00011	0.04318	0.00011	0.03109	0.04318	0.00011	0.00011	0.03109	0.03109	
0.0	0.0	0.33798	0.00963	0.27279	0.03916	3e-05	0.27279	0.2357	3e-05	0.14094	0.27279	0.53263	0.0601	0.0	3e-05	0.27279	0.2692	0.0366	0.14219	0.20738	0.25579	0.06394	0.47796	0.01937	3e-05	0.30293	0.02244	3e-05	0.40983	0.09488	3e-05	0.47651	3e-05	3e-05	0.05906	0.33823	3e-05	0.40344	3e-05	0.02631	0.20619	0.39067	3e-05	0.2045	0.04953	3e-05	3e-05	3e-05	3e-05	0.51962	0.27279	0.02373	0.07104	0.47796	0.39932	0.12889	3e-05	3e-05	0.47796	0.02244	0.02244	0.47796	3e-05	0.02244	0.06069	0.13074	3e-05	0.37966	0.02631	3e-05	3e-05	0.15492	3e-05	0.0366	3e-05	0.07463	3e-05	0.39067	0.47796	0.24905	0.47796	3e-05	0.19663	0.47796	3e-05	0.03053	0.2433	3e-05	0.0366	3e-05	3e-05	0.08275	0.10901	3e-05	0.27279	3e-05	3e-05	0.06756	0.24408	3e-05	0.04085	0.37902	0.11378	0.17006	0.47796	3e-05	3e-05	3e-05	3e-05	0.39067	3e-05	0.27279	0.39067	3e-05	3e-05	0.27279	0.27279	
0.0	0.0	1e-05	0.0	0.00013	0.00014	0.0	0.00013	4e-05	0.0	0.0001	0.00013	1e-05	0.00011	3e-05	0.0	0.00013	8e-05	0.00016	9e-05	4e-05	0.0001	7e-05	0.00012	0.0003	0.0	0.0001	0.00024	0.0	4e-05	4e-05	0.0	8e-05	0.0	0.0	6e-05	9e-05	0.0	5e-05	0.0	0.00025	0.0	4e-05	0.0	9e-05	0.00013	0.0	0.0	0.0	0.0	5e-05	0.00013	0.00023	0.00011	0.00012	6e-05	4e-05	0.0	0.0	0.00012	0.00024	0.00024	0.00012	0.0	0.00024	5e-05	5e-05	0.0	4e-05	0.00025	0.0	0.0	0.00012	0.0	0.00016	0.0	0.0001	0.0	4e-05	0.00012	4e-05	0.00012	0.0	4e-05	0.00012	0.0	0.00011	5e-05	0.0	0.00016	0.0	0.0	9e-05	0.0001	0.0	0.00013	0.0	0.0	0.0001	7e-05	0.0	0.00015	4e-05	0.00012	1e-05	0.00012	0.0	0.0	0.0	0.0	4e-05	0.0	0.00013	4e-05	0.0	0.0	0.00013	0.00013	
0.0	0.0	0.32688	0.00663	0.99966	0.02459	0.00013	0.99966	0.56396	0.00013	0.44443	0.99966	0.36536	0.03109	0.27279	0.00013	0.0	0.18938	0.02061	0.22125	0.05425	0.04193	0.03071	0.02868	0.01204	0.00013	0.03648	0.01365	0.00013	0.20548	0.19664	0.00013	0.25163	0.00013	0.00013	0.02895	0.29128	0.00013	0.03315	0.00013	0.01563	0.22151	0.03582	0.00013	0.054	0.02649	0.00013	0.00013	0.00013	0.00013	0.03322	0.99966	0.01431	0.0357	0.02868	0.03389	0.03687	0.00013	0.00013	0.02868	0.01365	0.01365	0.02868	0.00013	0.01365	0.02946	0.29409	0.00013	0.03984	0.01563	0.00013	0.00013	0.49815	0.00013	0.02061	0.00013	0.03718	0.00013	0.03582	0.02868	0.04648	0.02868	0.00013	0.05699	0.02868	0.00013	0.03197	0.66942	0.00013	0.02061	0.00013	0.00013	0.0405	0.32314	0.00013	0.99966	0.00013	0.00013	0.03424	0.67863	0.00013	0.02258	0.04018	0.34137	0.06856	0.02868	0.00013	0.00013	0.00013	0.00013	0.03582	0.00013	0.99966	0.03582	0.00013	0.00013	0.99966	0.99966	
0.0	0.0	0.15681	0.01356	0.18938	0.05613	8e-05	0.18938	0.16812	8e-05	0.05774	0.18938	0.35101	0.07372	0.2692	8e-05	0.18938	0.0	0.04579	0.12687	0.12965	0.05045	0.07641	0.21329	0.02487	8e-05	0.08299	0.02865	8e-05	0.45288	0.02781	8e-05	0.54516	8e-05	8e-05	0.10127	0.0212	8e-05	0.28607	8e-05	0.03337	0.21419	0.18542	8e-05	0.09949	0.0612	8e-05	8e-05	8e-05	8e-05	0.18794	0.18938	0.08581	0.00039	0.21329	0.18709	0.01999	8e-05	8e-05	0.21329	0.02865	0.02865	0.21329	8e-05	0.02865	0.07271	0.06267	8e-05	0.1776	0.03337	8e-05	8e-05	0.07097	8e-05	0.04579	8e-05	0.09091	8e-05	0.18542	0.21329	0.26214	0.21329	8e-05	0.03703	0.21329	8e-05	0.07619	0.17052	8e-05	0.04579	8e-05	8e-05	0.10052	0.02845	8e-05	0.18938	8e-05	8e-05	0.08255	0.17091	8e-05	0.05087	0.18477	0.03272	0.08554	0.21329	8e-05	8e-05	8e-05	8e-05	0.18542	8e-05	0.18938	0.18542	8e-05	8e-05	0.18938	0.18938	
0.0	0.0	0.08425	0.00512	0.02061	0.01928	0.00016	0.02061	0.45639	0.00016	0.02746	0.02061	0.29566	0.37175	0.0366	0.00016	0.02061	0.04579	0.0	0.05164	0.36502	0.03203	0.50887	0.02231	0.00982	0.00016	0.02804	0.01105	0.00016	0.03837	0.13777	0.00016	0.03777	0.00016	0.00016	0.02213	0.03452	0.00016	0.02517	0.00016	0.01257	0.2851	0.02705	0.00016	0.15866	0.02069	0.00016	0.00016	0.00016	0.00016	0.02522	0.02061	0.01156	0.02747	0.02231	0.02569	0.02787	0.00016	0.00016	0.02231	0.01105	0.01105	0.02231	0.00016	0.01105	0.52857	0.03205	0.00016	0.0299	0.01257	0.00016	0.00016	0.02604	0.00016	0.99958	0.00016	0.02856	0.00016	0.02705	0.02231	0.03467	0.02231	0.00016	0.12584	0.02231	0.00016	0.02474	0.0231	0.00016	0.99958	0.00016	0.00016	0.23978	0.0325	0.00016	0.02061	0.00016	0.00016	0.0264	0.02291	0.00016	0.01779	0.03014	0.03152	0.11577	0.02231	0.00016	0.00016	0.00016	0.00016	0.02705	0.00016	0.02061	0.02705	0.00016	0.00016	0.02061	0.02061	
0.0	0.0	0.26741	0.01377	0.22125	0.06345	9e-05	0.22125	0.20069	9e-05	0.10425	0.22125	0.21636	0.08413	0.14219	9e-05	0.22125	0.12687	0.05164	0.0	0.18103	0.00354	0.15098	0.07615	0.08296	9e-05	0.00534	0.09643	9e-05	0.11568	0.04976	9e-05	0.10697	9e-05	9e-05	0.08015	0.10162	9e-05	0.09433	9e-05	0.03787	0.15405	0.1476	9e-05	0.16836	0.03747	9e-05	9e-05	9e-05	9e-05	0.0946	0.22125	0.03409	0.00896	0.07615	0.0973	0.10791	9e-05	9e-05	0.07615	0.09643	0.09643	0.07615	9e-05	0.09643	0.13846	0.18612	9e-05	0.12008	0.03787	9e-05	9e-05	0.16806	9e-05	0.05164	9e-05	0.41336	9e-05	0.1476	0.07615	0.14693	0.07615	9e-05	0.19631	0.07615	9e-05	0.00306	0.26478	9e-05	0.05164	9e-05	9e-05	0.11633	0.22649	9e-05	0.22125	9e-05	9e-05	0.35485	0.2614	9e-05	0.00534	0.05811	0.21427	0.1152	0.07615	9e-05	9e-05	9e-05	9e-05	0.1476	9e-05	0.22125	0.1476	9e-05	9e-05	0.22125	0.22125	
0.0	0.0	0.32386	0.01045	0.05425	0.02162	4e-05	0.05425	0.30748	4e-05	0.01632	0.05425	0.40674	0.21333	0.20738	4e-05	0.05425	0.12965	0.36502	0.18103	0.0	0.0833	0.30956	0.22328	0.02127	4e-05	0.11198	0.02465	4e-05	0.06597	0.16818	4e-05	0.06079	4e-05	4e-05	0.10111	0.02289	4e-05	0.32448	4e-05	0.0289	0.20125	0.20032	4e-05	0.46757	0.05455	4e-05	4e-05	4e-05	4e-05	0.20213	0.05425	0.08372	0.01626	0.22328	0.20148	0.03288	4e-05	4e-05	0.22328	0.02465	0.02465	0.22328	4e-05	0.02465	0.31111	0.1063	4e-05	0.5537	0.0289	4e-05	4e-05	0.07322	4e-05	0.36502	4e-05	0.08246	4e-05	0.20032	0.22328	0.30244	0.22328	4e-05	0.18234	0.22328	4e-05	0.01585	0.06845	4e-05	0.36502	4e-05	4e-05	0.14297	0.09731	4e-05	0.05425	4e-05	4e-05	0.07458	0.06757	4e-05	0.02579	0.20051	0.09355	0.24207	0.22328	4e-05	4e-05	4e-05	4e-05	0.20032	4e-05	0.05425	0.20032	4e-05	4e-05	0.05425	0.05425	
0.0	0.0	0.08969	0.0087	0.04193	0.03884	0.0001	0.04193	0.05936	0.0001	0.05838	0.04193	0.22269	0.0502	0.25579	0.0001	0.04193	0.05045	0.03203	0.00354	0.0833	0.0	0.05111	0.38249	0.01787	0.0001	0.18039	0.02047	0.0001	0.07717	0.09258	0.0001	0.08383	0.0001	0.0001	0.04777	0.07587	0.0001	0.30086	0.0001	0.0237	0.09561	0.78072	0.0001	0.06865	0.06906	0.0001	0.0001	0.0001	0.0001	0.30036	0.04193	0.02155	0.02649	0.38249	0.29612	0.06224	0.0001	0.0001	0.38249	0.02047	0.02047	0.38249	0.0001	0.02047	0.15878	0.15686	0.0001	0.27159	0.0237	0.0001	0.0001	0.05489	0.0001	0.03203	0.0001	0.06106	0.0001	0.78072	0.38249	0.13347	0.38249	0.0001	0.31992	0.38249	0.0001	0.05177	0.05006	0.0001	0.03203	0.0001	0.0001	0.06703	0.0708	0.0001	0.04193	0.0001	0.0001	0.03078	0.04952	0.0001	0.03539	0.27067	0.06836	0.16416	0.38249	0.0001	0.0001	0.0001	0.0001	0.78072	0.0001	0.04193	0.78072	0.0001	0.0001	0.04193	0.04193	
0.0	0.0	0.14613	0.27765	0.03071	0.02842	7e-05	0.03071	0.33817	7e-05	0.04286	0.03071	0.26444	0.25104	0.06394	7e-05	0.03071	0.07641	0.50887	0.15098	0.30956	0.05111	0.0	0.0337	0.1829	7e-05	0.0439	0.01483	7e-05	0.06568	0.1339	7e-05	0.06161	7e-05	7e-05	0.03537	0.05565	7e-05	0.04106	7e-05	0.01721	0.26199	0.04492	7e-05	0.14197	0.03087	7e-05	7e-05	7e-05	7e-05	0.04116	0.03071	0.01562	0.04287	0.0337	0.04213	0.04613	7e-05	7e-05	0.0337	0.01483	0.01483	0.0337	7e-05	0.01483	0.36502	0.05447	7e-05	0.05063	0.01721	7e-05	7e-05	0.04298	7e-05	0.50887	7e-05	0.20086	7e-05	0.04492	0.0337	0.05983	0.0337	7e-05	0.12876	0.0337	7e-05	0.04522	0.03706	7e-05	0.50887	7e-05	7e-05	0.18405	0.03677	7e-05	0.03071	7e-05	7e-05	0.04239	0.14213	7e-05	0.06848	0.05112	0.17976	0.20245	0.0337	7e-05	7e-05	7e-05	7e-05	0.04492	7e-05	0.03071	0.04492	7e-05	7e-05	0.03071	0.03071	
0.0	0.0	0.13646	0.00632	0.02868	0.02671	0.00012	0.02868	0.03868	0.00012	0.03902	0.02868	0.39078	0.03391	0.47796	0.00012	0.02868	0.21329	0.02231	0.07615	0.22328	0.38249	0.0337	0.0	0.01292	0.00012	0.50123	0.01467	0.00012	0.23372	0.0586	0.00012	0.28621	0.00012	0.00012	0.03171	0.04977	0.00012	0.65879	0.00012	0.01684	0.059	0.60152	0.00012	0.25315	0.02881	0.00012	0.00012	0.00012	0.00012	0.65684	0.02868	0.0154	0.03903	0.99968	0.6406	0.04055	0.00012	0.00012	0.99968	0.01467	0.01467	0.99968	0.00012	0.01467	0.0323	0.04717	0.00012	0.54633	0.01684	0.00012	0.00012	0.03685	0.00012	0.02231	0.00012	0.04068	0.00012	0.60152	0.99968	0.309	0.99968	0.00012	0.20312	0.99968	0.00012	0.03489	0.03316	0.00012	0.02231	0.00012	0.00012	0.04436	0.04668	0.00012	0.02868	0.00012	0.00012	0.03741	0.03285	0.00012	0.02449	0.54269	0.04519	0.19255	0.99968	0.00012	0.00012	0.00012	0.00012	0.60152	0.00012	0.02868	0.60152	0.00012	0.00012	0.02868	0.02868	
0.0	0.0	0.03576	0.0	0.01204	0.01136	0.0003	0.01204	0.01448	0.0003	0.01555	0.01204	0.01854	0.01382	0.01937	0.0003	0.01204	0.02487	0.00982	0.08296	0.02127	0.01787	0.1829	0.01292	0.0	0.0003	0.01584	0.00702	0.0003	0.02053	0.02098	0.0003	0.0208	0.0003	0.0003	0.01233	0.01914	0.0003	0.01386	0.0003	0.00785	0.02012	0.01474	0.0003	0.02234	0.01208	0.0003	0.0003	0.0003	0.0003	0.01388	0.01204	0.00729	0.01555	0.01292	0.0141	0.0152	0.0003	0.0003	0.01292	0.00702	0.00702	0.01292	0.0003	0.00702	0.01247	0.01723	0.0003	0.0161	0.00785	0.0003	0.0003	0.01482	0.0003	0.00982	0.0003	0.13266	0.0003	0.01474	0.01292	0.01847	0.01292	0.0003	0.0223	0.01292	0.0003	0.16512	0.01285	0.0003	0.00982	0.0003	0.0003	0.01734	0.01811	0.0003	0.01204	0.0003	0.0003	0.14931	0.33313	0.0003	0.01058	0.01622	0.11483	0.02546	0.01292	0.0003	0.0003	0.0003	0.0003	0.01474	0.0003	0.01204	0.01474	0.0003	0.0003	0.01204	0.01204	
0.0	0.0	1e-05	0.0	0.00013	0.00014	0.0	0.00013	4e-05	0.0	0.0001	0.00013	1e-05	0.00011	3e-05	0.0	0.00013	8e-05	0.00016	9e-05	4e-05	0.0001	7e-05	0.00012	0.0003	0.0	0.0001	0.00024	0.0	4e-05	4e-05	0.0	8e-05	0.0	0.0	6e-05	9e-05	0.0	5e-05	0.0	0.00025	0.0	4e-05	0.0	9e-05	0.00013	0.0	0.0	0.0	0.0	5e-05	0.00013	0.00023	0.00011	0.00012	6e-05	4e-05	0.0	0.0	0.00012	0.00024	0.00024	0.00012	0.0	0.00024	5e-05	5e-05	0.0	4e-05	0.00025	0.0	0.0	0.00012	0.0	0.00016	0.0	0.0001	0.0	4e-05	0.00012	4e-05	0.00012	0.0	4e-05	0.00012	0.0	0.00011	5e-05	0.0	0.00016	0.0	0.0	9e-05	0.0001	0.0	0.00013	0.0	0.0	0.0001	7e-05	0.0	0.00015	4e-05	0.00012	1e-05	0.00012	0.0	0.0	0.0	0.0	4e-05	0.0	0.00013	4e-05	0.0	0.0	0.00013	0.00013	
0.0	0.0	0.10419	0.00766	0.03648	0.03386	0.0001	0.03648	0.05077	0.0001	0.05037	0.03648	0.25849	0.04348	0.30293	0.0001	0.03648	0.08299	0.02804	0.00534	0.11198	0.18039	0.0439	0.50123	0.01584	0.0001	0.0	0.0181	0.0001	0.10953	0.01251	0.0001	0.12539	0.0001	0.0001	0.04114	0.065	0.0001	0.37624	0.0001	0.02089	0.08008	0.35308	0.0001	0.10623	0.03666	0.0001	0.0001	0.0001	0.0001	0.37547	0.03648	0.01904	0.05038	0.50123	0.36895	0.05323	0.0001	0.0001	0.50123	0.0181	0.0181	0.50123	0.0001	0.0181	0.04198	0.06248	0.0001	0.33042	0.02089	0.0001	0.0001	0.04744	0.0001	0.02804	0.0001	0.00223	0.0001	0.35308	0.50123	0.1706	0.50123	0.0001	0.09707	0.50123	0.0001	0.0448	0.11537	0.0001	0.02804	0.0001	0.0001	0.05762	0.06078	0.0001	0.03648	0.0001	0.0001	0.00433	0.04263	0.0001	0.03091	0.32893	0.05874	0.11439	0.50123	0.0001	0.0001	0.0001	0.0001	0.35308	0.0001	0.03648	0.35308	0.0001	0.0001	0.03648	0.03648	
0.0	0.0	0.0814	0.00426	0.01365	0.01285	0.00024	0.01365	0.01667	0.00024	0.01775	0.01365	0.02156	0.01573	0.02244	0.00024	0.01365	0.02865	0.01105	0.09643	0.02465	0.02047	0.01483	0.01467	0.00702	0.00024	0.0181	0.0	0.00024	0.02373	0.02428	0.00024	0.02389	0.00024	0.00024	0.01413	0.02195	0.00024	0.01592	0.00024	0.00875	0.02342	0.01697	0.00024	0.02569	0.0137	0.00024	0.00024	0.00024	0.00024	0.01595	0.01365	0.00811	0.01776	0.01467	0.01621	0.0175	0.00024	0.00024	0.01467	0.99939	0.99939	0.01467	0.00024	0.99939	0.0143	0.01989	0.00024	0.01859	0.00875	0.00024	0.00024	0.0169	0.00024	0.01105	0.00024	0.15555	0.00024	0.01697	0.01467	0.02137	0.01467	0.00024	0.02585	0.01467	0.00024	0.01612	0.01473	0.00024	0.01105	0.00024	0.00024	0.01985	0.12845	0.00024	0.01365	0.00024	0.00024	0.01712	0.01463	0.00024	0.01195	0.15391	0.02018	0.0297	0.01467	0.00024	0.00024	0.00024	0.00024	0.01697	0.00024	0.01365	0.01697	0.00024	0.00024	0.01365	0.01365	
0.0	0.0	1e-05	0.0	0.00013	0.00014	0.0	0.00013	4e-05	0.0	0.0001	0.00013	1e-05	0.00011	3e-05	0.0	0.00013	8e-05	0.00016	9e-05	4e-05	0.0001	7e-05	0.00012	0.0003	0.0	0.0001	0.00024	0.0	4e-05	4e-05	0.0	8e-05	0.0	0.0	6e-05	9e-05	0.0	5e-05	0.0	0.00025	0.0	4e-05	0.0	9e-05	0.00013	0.0	0.0	0.0	0.0	5e-05	0.00013	0.00023	0.00011	0.00012	6e-05	4e-05	0.0	0.0	0.00012	0.00024	0.00024	0.00012	0.0	0.00024	5e-05	5e-05	0.0	4e-05	0.00025	0.0	0.0	0.00012	0.0	0.00016	0.0	0.0001	0.0	4e-05	0.00012	4e-05	0.00012	0.0	4e-05	0.00012	0.0	0.00011	5e-05	0.0	0.00016	0.0	0.0	9e-05	0.0001	0.0	0.00013	0.0	0.0	0.0001	7e-05	0.0	0.00015	4e-05	0.00012	1e-05	0.00012	0.0	0.0	0.0	0.0	4e-05	0.0	0.00013	4e-05	0.0	0.0	0.00013	0.00013	
0.0	0.0	0.25823	0.01042	0.20548	0.04726	4e-05	0.20548	0.18056	4e-05	0.08071	0.20548	0.4845	0.06241	0.40983	4e-05	0.20548	0.45288	0.03837	0.11568	0.06597	0.07717	0.06568	0.23372	0.02053	4e-05	0.10953	0.02373	4e-05	0.0	0.04509	4e-05	0.77055	4e-05	4e-05	0.06082	0.04389	4e-05	0.20577	4e-05	0.02775	0.09666	0.20208	4e-05	0.04262	0.13327	4e-05	4e-05	4e-05	4e-05	0.20563	0.20548	0.02507	0.12446	0.23372	0.20451	0.08118	4e-05	4e-05	0.23372	0.02373	0.02373	0.23372	4e-05	0.02373	0.06242	0.07971	4e-05	0.19996	0.02775	4e-05	4e-05	0.09368	4e-05	0.03837	4e-05	0.0772	4e-05	0.20208	0.23372	0.17232	0.23372	4e-05	0.05667	0.23372	4e-05	0.06453	0.18471	4e-05	0.03837	4e-05	4e-05	0.08545	0.05136	4e-05	0.20548	4e-05	4e-05	0.07001	0.18521	4e-05	0.04273	0.19991	0.05572	0.09793	0.23372	4e-05	4e-05	4e-05	4e-05	0.20208	4e-05	0.20548	0.20208	4e-05	4e-05	0.20548	0.20548	
0.0	0.0	0.2132	0.11079	0.19664	0.04871	4e-05	0.19664	0.36823	4e-05	0.07955	0.19664	0.29807	0.26679	0.09488	4e-05	0.19664	0.02781	0.13777	0.04976	0.16818	0.09258	0.1339	0.0586	0.02098	4e-05	0.01251	0.02428	4e-05	0.04509	0.0	4e-05	0.03761	4e-05	4e-05	0.17598	0.04554	4e-05	0.07442	4e-05	0.30078	0.20028	0.08246	4e-05	0.01805	0.05326	4e-05	4e-05	4e-05	4e-05	0.07464	0.19664	0.02567	0.07625	0.0586	0.25969	0.1508	4e-05	4e-05	0.0586	0.02428	0.02428	0.0586	4e-05	0.02428	0.13291	0.25774	4e-05	0.0945	0.30078	4e-05	4e-05	0.09166	4e-05	0.13777	4e-05	0.01302	4e-05	0.08246	0.0586	0.11405	0.0586	4e-05	0.03979	0.0586	4e-05	0.06678	0.26921	4e-05	0.13777	4e-05	4e-05	0.12592	0.05236	4e-05	0.19664	4e-05	4e-05	0.01111	0.17979	4e-05	0.04399	0.1814	0.05637	0.08541	0.0586	4e-05	4e-05	4e-05	4e-05	0.08246	4e-05	0.19664	0.08246	4e-05	4e-05	0.19664	0.19664	
0.0	0.0	1e-05	0.0	0.00013	0.00014	0.0	0.00013	4e-05	0.0	0.0001	0.00013	1e-05	0.00011	3e-05	0.0	0.00013	8e-05	0.00016	9e-05	4e-05	0.0001	7e-05	0.00012	0.0003	0.0	0.0001	0.00024	0.0	4e-05	4e-05	0.0	8e-05	0.0	0.0	6e-05	9e-05	0.0	5e-05	0.0	0.00025	0.0	4e-05	0.0	9e-05	0.00013	0.0	0.0	0.0	0.0	5e-05	0.00013	0.00023	0.00011	0.00012	6e-05	4e-05	0.0	0.0	0.00012	0.00024	0.00024	0.00012	0.0	0.00024	5e-05	5e-05	0.0	4e-05	0.00025	0.0	0.0	0.00012	0.0	0.00016	0.0	0.0001	0.0	4e-05	0.00012	4e-05	0.00012	0.0	4e-05	0.00012	0.0	0.00011	5e-05	0.0	0.00016	0.0	0.0	9e-05	0.0001	0.0	0.00013	0.0	0.0	0.0001	7e-05	0.0	0.00015	4e-05	0.00012	1e-05	0.00012	0.0	0.0	0.0	0.0	4e-05	0.0	0.00013	4e-05	0.0	0.0	0.00013	0.00013	
0.0	0.0	0.24752	0.01091	0.25163	0.04605	8e-05	0.25163	0.2026	8e-05	0.09037	0.25163	0.55471	0.05997	0.47651	8e-05	0.25163	0.54516	0.03777	0.10697	0.06079	0.08383	0.06161	0.28621	0.0208	8e-05	0.12539	0.02389	8e-05	0.77055	0.03761	8e-05	0.0	8e-05	8e-05	0.05741	0.04238	8e-05	0.23722	8e-05	0.02774	0.09075	0.22904	8e-05	0.03834	0.05008	8e-05	8e-05	8e-05	8e-05	0.23694	0.25163	0.02518	0.0701	0.28621	0.23458	0.07547	8e-05	8e-05	0.28621	0.02389	0.02389	0.28621	8e-05	0.02389	0.05874	0.08089	8e-05	0.22203	0.02774	8e-05	8e-05	0.10704	8e-05	0.03777	8e-05	0.0734	8e-05	0.22904	0.28621	0.10292	0.28621	8e-05	0.0495	0.28621	8e-05	0.0619	0.21398	8e-05	0.03777	8e-05	8e-05	0.08084	0.0523	8e-05	0.25163	8e-05	8e-05	0.06689	0.21505	8e-05	0.04185	0.22162	0.05803	0.08621	0.28621	8e-05	8e-05	8e-05	8e-05	0.22904	8e-05	0.25163	0.22904	8e-05	8e-05	0.25163	0.25163	
0.0	0.0	1e-05	0.0	0.00013	0.00014	0.0	0.00013	4e-05	0.0	0.0001	0.00013	1e-05	0.00011	3e-05	0.0	0.00013	8e-05	0.00016	9e-05	4e-05	0.0001	7e-05	0.00012	0.0003	0.0	0.0001	0.00024	0.0	4e-05	4e-05	0.0	8e-05	0.0	0.0	6e-05	9e-05	0.0	5e-05	0.0	0.00025	0.0	4e-05	0.0	9e-05	0.00013	0.0	0.0	0.0	0.0	5e-05	0.00013	0.00023	0.00011	0.00012	6e-05	4e-05	0.0	0.0	0.00012	0.00024	0.00024	0.00012	0.0	0.00024	5e-05	5e-05	0.0	4e-05	0.00025	0.0	0.0	0.00012	0.0	0.00016	0.0	0.0001	0.0	4e-05	0.00012	4e-05	0.00012	0.0	4e-05	0.00012	0.0	0.00011	5e-05	0.0	0.00016	0.0	0.0	9e-05	0.0001	0.0	0.00013	0.0	0.0	0.0001	7e-05	0.0	0.00015	4e-05	0.00012	1e-05	0.00012	0.0	0.0	0.0	0.0	4e-05	0.0	0.00013	4e-05	0.0	0.0	0.00013	0.00013	
0.0	0.0	1e-05	0.0	0.00013	0.00014	0.0	0.00013	4e-05	0.0	0.0001	0.00013	1e-05	0.00011	3e-05	0.0	0.00013	8e-05	0.00016	9e-05	4e-05	0.0001	7e-05	0.00012	0.0003	0.0	0.0001	0.00024	0.0	4e-05	4e-05	0.0	8e-05	0.0	0.0	6e-05	9e-05	0.0	5e-05	0.0	0.00025	0.0	4e-05	0.0	9e-05	0.00013	0.0	0.0	0.0	0.0	5e-05	0.00013	0.00023	0.00011	0.00012	6e-05	4e-05	0.0	0.0	0.00012	0.00024	0.00024	0.00012	0.0	0.00024	5e-05	5e-05	0.0	4e-05	0.00025	0.0	0.0	0.00012	0.0	0.00016	0.0	0.0001	0.0	4e-05	0.00012	4e-05	0.00012	0.0	4e-05	0.00012	0.0	0.00011	5e-05	0.0	0.00016	0.0	0.0	9e-05	0.0001	0.0	0.00013	0.0	0.0	0.0001	7e-05	0.0	0.00015	4e-05	0.00012	1e-05	0.00012	0.0	0.0	0.0	0.0	4e-05	0.0	0.00013	4e-05	0.0	0.0	0.00013	0.00013	
0.0	0.0	0.12653	0.04137	0.02895	0.02682	6e-05	0.02895	0.041	6e-05	0.04018	0.02895	0.05923	0.0734	0.05906	6e-05	0.02895	0.10127	0.02213	0.08015	0.10111	0.04777	0.03537	0.03171	0.01233	6e-05	0.04114	0.01413	6e-05	0.06082	0.17598	6e-05	0.05741	6e-05	6e-05	0.0	0.05194	6e-05	0.25638	6e-05	0.25629	0.1083	0.04179	6e-05	0.10469	0.02909	6e-05	6e-05	6e-05	6e-05	0.03838	0.02895	0.39294	0.13364	0.03171	0.17966	0.58529	6e-05	6e-05	0.03171	0.01413	0.01413	0.03171	6e-05	0.01413	0.03379	0.05562	6e-05	0.14871	0.25629	6e-05	6e-05	0.03781	6e-05	0.02213	6e-05	0.04199	6e-05	0.04179	0.03171	0.11173	0.03171	6e-05	0.03034	0.03171	6e-05	0.03568	0.03463	6e-05	0.02213	6e-05	6e-05	0.04965	0.04855	6e-05	0.02895	6e-05	6e-05	0.03842	0.03426	6e-05	0.02445	0.08982	0.04692	0.08527	0.03171	6e-05	6e-05	6e-05	6e-05	0.04179	6e-05	0.02895	0.04179	6e-05	6e-05	0.02895	0.02895	
0.0	0.0	0.18691	0.00995	0.29128	0.26149	9e-05	0.29128	0.22477	9e-05	0.49849	0.29128	0.18799	0.05443	0.33823	9e-05	0.29128	0.0212	0.03452	0.10162	0.02289	0.07587	0.05565	0.04977	0.01914	9e-05	0.065	0.02195	9e-05	0.04389	0.04554	9e-05	0.04238	9e-05	9e-05	0.05194	0.0	9e-05	0.06038	9e-05	0.02545	0.36455	0.06609	9e-05	0.10051	0.04558	9e-05	9e-05	9e-05	9e-05	0.11705	0.29128	0.02312	0.06345	0.04977	0.06195	0.12022	9e-05	9e-05	0.04977	0.02195	0.02195	0.04977	9e-05	0.02195	0.05311	0.0933	9e-05	0.04731	0.02545	9e-05	9e-05	0.12984	9e-05	0.03452	9e-05	0.06639	9e-05	0.06609	0.04977	0.06414	0.04977	9e-05	0.11089	0.04977	9e-05	0.11047	0.24144	9e-05	0.03452	9e-05	9e-05	0.00028	0.06788	9e-05	0.29128	9e-05	9e-05	0.06059	0.24293	9e-05	0.02983	0.07536	0.07442	0.08539	0.04977	9e-05	9e-05	9e-05	9e-05	0.06609	9e-05	0.29128	0.06609	9e-05	9e-05	0.29128	0.29128	
0.0	0.0	1e-05	0.0	0.00013	0.00014	0.0	0.00013	4e-05	0.0	0.0001	0.00013	1e-05	0.00011	3e-05	0.0	0.00013	8e-05	0.00016	9e-05	4e-05	0.0001	7e-05	0.00012	0.0003	0.0	0.0001	0.00024	0.0	4e-05	4e-05	0.0	8e-05	0.0	0.0	6e-05	9e-05	0.0	5e-05	0.0	0.00025	0.0	4e-05	0.0	9e-05	0.00013	0.0	0.0	0.0	0.0	5e-05	0.00013	0.00023	0.00011	0.00012	6e-05	4e-05	0.0	0.0	0.00012	0.00024	0.00024	0.00012	0.0	0.00024	5e-05	5e-05	0.0	4e-05	0.00025	0.0	0.0	0.00012	0.0	0.00016	0.0	0.0001	0.0	4e-05	0.00012	4e-05	0.00012	0.0	4e-05	0.00012	0.0	0.00011	5e-05	0.0	0.00016	0.0	0.0	9e-05	0.0001	0.0	0.00013	0.0	0.0	0.0001	7e-05	0.0	0.00015	4e-05	0.00012	1e-05	0.00012	0.0	0.0	0.0	0.0	4e-05	0.0	0.00013	4e-05	0.0	0.0	0.00013	0.00013	
0.0	0.0	0.17157	0.00623	0.03315	0.03066	5e-05	0.03315	0.0478	5e-05	0.04639	0.03315	0.34511	0.03981	0.40344	5e-05	0.03315	0.28607	0.02517	0.09433	0.32448	0.30086	0.04106	0.65879	0.01386	5e-05	0.37624	0.01592	5e-05	0.20577	0.07442	5e-05	0.23722	5e-05	5e-05	0.25638	0.06038	5e-05	0.0	5e-05	0.01849	0.11701	0.46908	5e-05	0.34661	0.03331	5e-05	5e-05	5e-05	5e-05	0.4981	0.03315	0.35633	0.13225	0.65879	0.48966	0.12615	5e-05	5e-05	0.65879	0.01592	0.01592	0.65879	5e-05	0.01592	0.03917	0.05921	5e-05	0.64987	0.01849	5e-05	5e-05	0.04358	5e-05	0.02517	5e-05	0.04853	5e-05	0.46908	0.65879	0.53641	0.65879	5e-05	0.18667	0.65879	5e-05	0.04107	0.04012	5e-05	0.02517	5e-05	5e-05	0.05332	0.05634	5e-05	0.03315	5e-05	5e-05	0.04431	0.03968	5e-05	0.02788	0.43761	0.05438	0.19074	0.65879	5e-05	5e-05	5e-05	5e-05	0.46908	5e-05	0.03315	0.46908	5e-05	5e-05	0.03315	0.03315	
0.0	0.0	1e-05	0.0	0.00013	0.00014	0.0	0.00013	4e-05	0.0	0.0001	0.00013	1e-05	0.00011	3e-05	0.0	0.00013	8e-05	0.00016	9e-05	4e-05	0.0001	7e-05	0.00012	0.0003	0.0	0.0001	0.00024	0.0	4e-05	4e-05	0.0	8e-05	0.0	0.0	6e-05	9e-05	0.0	5e-05	0.0	0.00025	0.0	4e-05	0.0	9e-05	0.00013	0.0	0.0	0.0	0.0	5e-05	0.00013	0.00023	0.00011	0.00012	6e-05	4e-05	0.0	0.0	0.00012	0.00024	0.00024	0.00012	0.0	0.00024	5e-05	5e-05	0.0	4e-05	0.00025	0.0	0.0	0.00012	0.0	0.00016	0.0	0.0001	0.0	4e-05	0.00012	4e-05	0.00012	0.0	4e-05	0.00012	0.0	0.00011	5e-05	0.0	0.00016	0.0	0.0	9e-05	0.0001	0.0	0.00013	0.0	0.0	0.0001	7e-05	0.0	0.00015	4e-05	0.00012	1e-05	0.00012	0.0	0.0	0.0	0.0	4e-05	0.0	0.00013	4e-05	0.0	0.0	0.00013	0.00013	
0.0	0.0	0.05053	0.0	0.01563	0.01469	0.00025	0.01563	0.01941	0.00025	0.02048	0.01563	0.02538	0.24392	0.02631	0.00025	0.01563	0.03337	0.01257	0.03787	0.0289	0.0237	0.01721	0.01684	0.00785	0.00025	0.02089	0.00875	0.00025	0.02775	0.30078	0.00025	0.02774	0.00025	0.00025	0.25629	0.02545	0.00025	0.01849	0.00025	0.0	0.02761	0.01976	0.00025	0.02987	0.01569	0.00025	0.00025	0.00025	0.00025	0.01853	0.01563	0.00913	0.02048	0.01684	0.37599	0.16265	0.00025	0.00025	0.01684	0.00875	0.00875	0.01684	0.00025	0.00875	0.01658	0.13205	0.00025	0.0217	0.99953	0.00025	0.00025	0.01947	0.00025	0.01257	0.00025	0.02125	0.00025	0.01976	0.01684	0.02501	0.01684	0.00025	0.03032	0.01684	0.00025	0.01855	0.01707	0.00025	0.01257	0.00025	0.00025	0.16378	0.02403	0.00025	0.01563	0.00025	0.00025	0.01973	0.01694	0.00025	0.01362	0.18802	0.02335	0.0351	0.01684	0.00025	0.00025	0.00025	0.00025	0.01976	0.00025	0.01563	0.01976	0.00025	0.00025	0.01563	0.01563	
0.0	0.0	0.27707	0.01021	0.22151	0.33239	0.0	0.22151	0.46743	0.0	0.21965	0.22151	0.39574	0.17878	0.20619	0.0	0.22151	0.21419	0.2851	0.15405	0.20125	0.09561	0.26199	0.059	0.02012	0.0	0.08008	0.02342	0.0	0.09666	0.20028	0.0	0.09075	0.0	0.0	0.1083	0.36455	0.0	0.11701	0.0	0.02761	0.0	0.08682	0.0	0.10422	0.05335	0.0	0.0	0.0	0.0	0.14398	0.22151	0.08738	0.036	0.059	0.08016	0.11555	0.0	0.0	0.059	0.02342	0.02342	0.059	0.0	0.02342	0.26176	0.12575	0.0	0.13965	0.02761	0.0	0.0	0.13402	0.0	0.2851	0.0	0.08204	0.0	0.08682	0.059	0.07745	0.059	0.0	0.1658	0.059	0.0	0.22565	0.20837	0.0	0.2851	0.0	0.0	0.17051	0.10174	0.0	0.22151	0.0	0.0	0.07389	0.20857	0.0	0.06844	0.10183	0.10492	0.26098	0.059	0.0	0.0	0.0	0.0	0.08682	0.0	0.22151	0.08682	0.0	0.0	0.22151	0.22151	
0.0	0.0	0.1917	0.00662	0.03582	0.03308	4e-05	0.03582	0.05249	4e-05	0.05049	0.03582	0.33813	0.04318	0.39067	4e-05	0.03582	0.18542	0.02705	0.1476	0.20032	0.78072	0.04492	0.60152	0.01474	4e-05	0.35308	0.01697	4e-05	0.20208	0.08246	4e-05	0.22904	4e-05	4e-05	0.04179	0.06609	4e-05	0.46908	4e-05	0.01976	0.08682	0.0	4e-05	0.20923	0.2431	4e-05	4e-05	4e-05	4e-05	0.46824	0.03582	0.0179	0.1777	0.60152	0.4612	0.05495	4e-05	4e-05	0.60152	0.01697	0.01697	0.60152	4e-05	0.01697	0.31338	0.29092	4e-05	0.4196	0.01976	4e-05	4e-05	0.04737	4e-05	0.02705	4e-05	0.05287	4e-05	0.99975	0.60152	0.25943	0.60152	4e-05	0.46269	0.60152	4e-05	0.04458	0.04382	4e-05	0.02705	4e-05	4e-05	0.05821	0.06157	4e-05	0.03582	4e-05	4e-05	0.18467	0.04331	4e-05	0.03002	0.418	0.05939	0.26809	0.60152	4e-05	4e-05	4e-05	4e-05	0.99975	4e-05	0.03582	0.99975	4e-05	4e-05	0.03582	0.03582	
0.0	0.0	1e-05	0.0	0.00013	0.00014	0.0	0.00013	4e-05	0.0	0.0001	0.00013	1e-05	0.00011	3e-05	0.0	0.00013	8e-05	0.00016	9e-05	4e-05	0.0001	7e-05	0.00012	0.0003	0.0	0.0001	0.00024	0.0	4e-05	4e-05	0.0	8e-05	0.0	0.0	6e-05	9e-05	0.0	5e-05	0.0	0.00025	0.0	4e-05	0.0	9e-05	0.00013	0.0	0.0	0.0	0.0	5e-05	0.00013	0.00023	0.00011	0.00012	6e-05	4e-05	0.0	0.0	0.00012	0.00024	0.00024	0.00012	0.0	0.00024	5e-05	5e-05	0.0	4e-05	0.00025	0.0	0.0	0.00012	0.0	0.00016	0.0	0.0001	0.0	4e-05	0.00012	4e-05	0.00012	0.0	4e-05	0.00012	0.0	0.00011	5e-05	0.0	0.00016	0.0	0.0	9e-05	0.0001	0.0	0.00013	0.0	0.0	0.0001	7e-05	0.0	0.00015	4e-05	0.00012	1e-05	0.00012	0.0	0.0	0.0	0.0	4e-05	0.0	0.00013	4e-05	0.0	0.0	0.00013	0.00013	
0.0	0.0	0.19136	0.01132	0.054	0.04986	9e-05	0.054	0.14411	9e-05	0.07631	0.054	0.32935	0.03457	0.2045	9e-05	0.054	0.09949	0.15866	0.16836	0.46757	0.06865	0.14197	0.25315	0.02234	9e-05	0.10623	0.02569	9e-05	0.04262	0.01805	9e-05	0.03834	9e-05	9e-05	0.10469	0.10051	9e-05	0.34661	9e-05	0.02987	0.10422	0.20923	9e-05	0.0	0.05428	9e-05	9e-05	9e-05	9e-05	0.21476	0.054	0.09948	7e-05	0.25315	0.21307	0.01783	9e-05	9e-05	0.25315	0.02569	0.02569	0.25315	9e-05	0.02569	0.14177	0.0985	9e-05	0.21746	0.02987	9e-05	9e-05	0.07154	9e-05	0.15866	9e-05	0.07998	9e-05	0.20923	0.25315	0.30442	0.25315	9e-05	0.24095	0.25315	9e-05	0.06729	0.06562	9e-05	0.15866	9e-05	9e-05	0.00958	0.09345	9e-05	0.054	9e-05	9e-05	0.07278	0.06487	9e-05	0.04526	0.20473	0.09006	0.31997	0.25315	9e-05	9e-05	9e-05	9e-05	0.20923	9e-05	0.054	0.20923	9e-05	9e-05	0.054	0.054	
0.0	0.0	0.15791	0.00597	0.02649	0.0247	0.00013	0.02649	0.03534	0.00013	0.03586	0.02649	0.04873	0.03123	0.04953	0.00013	0.02649	0.0612	0.02069	0.03747	0.05455	0.06906	0.03087	0.02881	0.01208	0.00013	0.03666	0.0137	0.00013	0.13327	0.05326	0.00013	0.05008	0.00013	0.00013	0.02909	0.04558	0.00013	0.03331	0.00013	0.01569	0.05335	0.2431	0.00013	0.05428	0.0	0.00013	0.00013	0.00013	0.00013	0.03339	0.02649	0.01437	0.44808	0.02881	0.03406	0.03706	0.00013	0.00013	0.02881	0.0137	0.0137	0.02881	0.00013	0.0137	0.26812	0.22811	0.00013	0.04005	0.01569	0.00013	0.00013	0.0339	0.00013	0.02069	0.00013	0.03736	0.00013	0.2431	0.02881	0.05245	0.02881	0.00013	0.21549	0.02881	0.00013	0.03212	0.03041	0.00013	0.02069	0.00013	0.00013	0.04069	0.04279	0.00013	0.02649	0.00013	0.00013	0.1059	0.03013	0.00013	0.02268	0.04039	0.04144	0.06449	0.02881	0.00013	0.00013	0.00013	0.00013	0.2431	0.00013	0.02649	0.2431	0.00013	0.00013	0.02649	0.02649	
0.0	0.0	1e-05	0.0	0.00013	0.00014	0.0	0.00013	4e-05	0.0	0.0001	0.00013	1e-05	0.00011	3e-05	0.0	0.00013	8e-05	0.00016	9e-05	4e-05	0.0001	7e-05	0.00012	0.0003	0.0	0.0001	0.00024	0.0	4e-05	4e-05	0.0	8e-05	0.0	0.0	6e-05	9e-05	0.0	5e-05	0.0	0.00025	0.0	4e-05	0.0	9e-05	0.00013	0.0	0.0	0.0	0.0	5e-05	0.00013	0.00023	0.00011	0.00012	6e-05	4e-05	0.0	0.0	0.00012	0.00024	0.00024	0.00012	0.0	0.00024	5e-05	5e-05	0.0	4e-05	0.00025	0.0	0.0	0.00012	0.0	0.00016	0.0	0.0001	0.0	4e-05	0.00012	4e-05	0.00012	0.0	4e-05	0.00012	0.0	0.00011	5e-05	0.0	0.00016	0.0	0.0	9e-05	0.0001	0.0	0.00013	0.0	0.0	0.0001	7e-05	0.0	0.00015	4e-05	0.00012	1e-05	0.00012	0.0	0.0	0.0	0.0	4e-05	0.0	0.00013	4e-05	0.0	0.0	0.00013	0.00013	
0.0	0.0	1e-05	0.0	0.00013	0.00014	0.0	0.00013	4e-05	0.0	0.0001	0.00013	1e-05	0.00011	3e-05	0.0	0.00013	8e-05	0.00016	9e-05	4e-05	0.0001	7e-05	0.00012	0.0003	0.0	0.0001	0.00024	0.0	4e-05	4e-05	0.0	8e-05	0.0	0.0	6e-05	9e-05	0.0	5e-05	0.0	0.00025	0.0	4e-05	0.0	9e-05	0.00013	0.0	0.0	0.0	0.0	5e-05	0.00013	0.00023	0.00011	0.00012	6e-05	4e-05	0.0	0.0	0.00012	0.00024	0.00024	0.00012	0.0	0.00024	5e-05	5e-05	0.0	4e-05	0.00025	0.0	0.0	0.00012	0.0	0.00016	0.0	0.0001	0.0	4e-05	0.00012	4e-05	0.00012	0.0	4e-05	0.00012	0.0	0.00011	5e-05	0.0	0.00016	0.0	0.0	9e-05	0.0001	0.0	0.00013	0.0	0.0	0.0001	7e-05	0.0	0.00015	4e-05	0.00012	1e-05	0.00012	0.0	0.0	0.0	0.0	4e-05	0.0	0.00013	4e-05	0.0	0.0	0.00013	0.00013	
0.0	0.0	1e-05	0.0	0.00013	0.00014	0.0	0.00013	4e-05	0.0	0.0001	0.00013	1e-05	0.00011	3e-05	0.0	0.00013	8e-05	0.00016	9e-05	4e-05	0.0001	7e-05	0.00012	0.0003	0.0	0.0001	0.00024	0.0	4e-05	4e-05	0.0	8e-05	0.0	0.0	6e-05	9e-05	0.0	5e-05	0.0	0.00025	0.0	4e-05	0.0	9e-05	0.00013	0.0	0.0	0.0	0.0	5e-05	0.00013	0.00023	0.00011	0.00012	6e-05	4e-05	0.0	0.0	0.00012	0.00024	0.00024	0.00012	0.0	0.00024	5e-05	5e-05	0.0	4e-05	0.00025	0.0	0.0	0.00012	0.0	0.00016	0.0	0.0001	0.0	4e-05	0.00012	4e-05	0.00012	0.0	4e-05	0.00012	0.0	0.00011	5e-05	0.0	0.00016	0.0	0.0	9e-05	0.0001	0.0	0.00013	0.0	0.0	0.0001	7e-05	0.0	0.00015	4e-05	0.00012	1e-05	0.00012	0.0	0.0	0.0	0.0	4e-05	0.0	0.00013	4e-05	0.0	0.0	0.00013	0.00013	
