0.0	0.04384	0.02813	0.09706	0.0	0.11118	0.16978	0.11702	0.05156	0.12978	0.11129	0.06828	0.12437	0.06477	0.08945	0.06828	0.0	0.0	0.08021	0.11602	0.0	0.0	0.0463	0.0	0.0	0.0	0.07792	0.14286	0.07371	0.0	0.10681	0.07387	0.07293	0.06625	0.09041	0.06883	0.0	0.0	0.09989	0.12307	0.05418	0.10565	0.13166	0.13475	0.0	0.0	0.05486	0.10877	0.0878	0.13206	0.24179	0.13225	0.07203	0.0	0.0	0.1452	0.0189	0.07195	0.06246	0.0	0.0	0.00322	0.09166	0.10586	0.0	0.02553	0.06939	0.06025	0.0	0.09137	0.02995	0.0	0.04823	0.17441	0.04143	0.13021	0.06828	0.05275	0.12778	0.07274	0.0548	0.07511	0.12678	0.16055	0.06956	0.0	0.0	0.0	0.02985	0.06049	0.03624	0.05199	0.1006	0.10059	0.0	0.05214	0.09827	0.1203	0.08433	0.0	0.0	0.0	0.0	0.0	0.02267	0.02217	0.05498	0.08851	0.03088	0.06364	0.08254	0.04974	0.04628	0.05478	0.07805	0.07583	0.12276	0.0	0.0	0.0	0.07752	0.14429	0.11808	0.11411	0.06229	0.0	0.0	0.0	0.0	0.0	0.04734	0.13721	0.08119	0.03742	0.04633	0.11108	0.0	0.08044	0.15855	0.05409	0.0	0.07103	0.05633	0.06828	0.06229	0.02956	0.0	0.0	0.0	0.05325	0.03996	0.16862	0.04123	0.0	0.0	0.01499	0.02921	0.06431	0.01523	0.0	0.0	0.05738	0.14895	0.0	0.07664	0.08162	0.10694	0.09379	0.11537	
0.04384	0.0	0.19167	0.22969	1e-05	0.08997	0.06962	0.05919	0.22683	0.18245	0.25235	0.07221	0.1091	0.06873	0.08273	0.07221	1e-05	1e-05	0.07114	0.15243	0.0	0.0	0.13496	0.0	0.0	0.0	0.27466	0.15286	0.19024	0.0	0.0991	0.1418	0.1126	0.18175	0.21862	0.12088	0.0	0.0	0.12788	0.23539	0.23796	0.12332	0.24138	0.16827	0.0	0.0	0.24653	0.09652	0.16874	0.07561	0.14401	0.16387	0.15452	0.0	0.0	0.25285	0.09274	0.08404	0.05612	1e-05	1e-05	0.00188	0.08348	0.13921	0.0	0.14376	0.04455	0.08786	0.0	0.09469	0.01849	1e-05	0.03376	0.19232	0.02722	0.17947	0.07221	0.07105	0.10356	0.08704	0.03933	0.0655	0.14376	0.13253	0.09551	1e-05	0.0	1e-05	0.08407	0.18154	0.05224	0.07306	0.13222	0.14103	1e-05	0.10128	0.08186	0.08915	0.06288	0.0	0.0	0.0	0.0	0.0	0.01516	0.08852	0.036	0.11346	0.04494	0.05673	0.07844	0.18732	0.13028	0.18272	0.16263	0.01569	0.12317	0.0	0.0	0.0	0.09874	0.16154	0.18709	0.20445	0.20917	0.0	0.0	0.0	0.0	0.0	0.02533	0.19154	0.07003	0.11956	0.15566	0.07788	0.0	0.20042	0.09715	0.10622	0.0	0.07293	0.04269	0.07221	0.20917	0.01688	1e-05	0.0	0.0	0.06625	0.04695	0.13631	0.13159	0.0	0.0	0.11768	0.01941	0.05986	0.02735	1e-05	1e-05	0.1024	0.1586	1e-05	0.2172	0.14252	0.08614	0.14639	0.12645	
0.02813	0.19167	0.0	0.14421	3e-05	0.1715	0.10647	0.07104	0.0377	0.07546	0.13304	0.1159	0.11382	0.05397	0.12742	0.1159	3e-05	3e-05	0.10894	0.1015	0.0	0.0	0.06393	0.0	0.0	0.0	0.15161	0.07742	0.0671	0.0	0.13171	0.04954	0.09215	0.12552	0.16478	0.06062	0.0	0.0	0.16605	0.09576	0.0815	0.08654	0.04999	0.03406	0.0	0.0	0.09722	0.08494	0.19325	0.05955	0.13169	0.07868	0.04714	0.0	0.0	0.13695	0.01661	0.05431	0.04883	3e-05	3e-05	0.00223	0.08136	0.09501	0.0	0.04039	0.07407	0.00261	0.0	0.18824	0.03127	3e-05	0.04462	0.05452	0.03604	0.11972	0.1159	0.10118	0.04524	0.07986	0.03472	0.03432	0.14607	0.0925	0.11699	3e-05	0.0	3e-05	0.07296	0.01942	0.05706	0.03031	0.23662	0.05539	3e-05	0.05252	0.065	0.10185	0.02388	0.0	0.0	0.0	0.0	0.0	0.01842	0.00472	0.05683	0.10189	0.0265	0.0497	0.05079	0.10273	0.11148	0.05575	0.09932	0.03254	0.24585	0.0	0.0	0.0	0.11677	0.09866	0.07667	0.09665	0.0569	0.0	0.0	0.0	0.0	0.0	0.03354	0.07472	0.21303	0.07649	0.09229	0.05074	0.0	0.13367	0.1147	0.01904	0.0	0.1187	0.08188	0.1159	0.0569	0.01537	3e-05	0.0	0.0	0.04576	0.02525	0.20647	0.09254	0.0	0.0	0.04484	0.02575	0.04063	0.01105	3e-05	3e-05	0.08784	0.11359	3e-05	0.06441	0.05952	0.06716	0.16321	0.25159	
0.09706	0.22969	0.14421	0.0	3e-05	0.33887	0.11581	0.11599	0.18107	0.25426	0.27003	0.11161	0.11854	0.02268	0.1111	0.11161	3e-05	3e-05	0.13691	0.1697	0.0	0.0	0.06491	0.0	0.0	0.0	0.285	0.14284	0.10091	0.0	0.12886	0.13212	0.28819	0.08118	0.14137	0.04362	0.0	0.0	0.21725	0.13989	0.0571	0.19582	0.19012	0.2313	0.0	0.0	0.15318	0.11752	0.09941	0.1037	0.23526	0.16128	0.05135	0.0	0.0	0.19265	0.15765	0.03181	0.02617	3e-05	3e-05	0.00835	0.0965	0.06372	0.0	0.08513	0.08411	0.18745	0.0	0.16626	0.02009	3e-05	0.09165	0.15469	0.07261	0.23609	0.11161	0.12164	0.10089	0.09505	0.02056	0.05552	0.31211	0.18729	0.08416	3e-05	0.0	3e-05	0.05773	0.09847	0.05942	0.08309	0.1324	0.18247	3e-05	0.08936	0.0974	0.11596	0.1071	0.0	0.0	0.0	0.0	0.0	0.01003	0.07961	0.06057	0.11804	0.04191	0.07321	0.07452	0.19788	0.19698	0.10478	0.10702	0.0589	0.1798	0.0	0.0	0.0	0.13914	0.15906	0.10342	0.29304	0.17013	0.0	0.0	0.0	0.0	0.0	0.01656	0.15474	0.06215	0.07618	0.16084	0.12689	0.0	0.3001	0.14048	0.18427	0.0	0.15089	0.09396	0.11161	0.17013	0.04435	3e-05	0.0	0.0	0.1207	0.0919	0.14284	0.14317	0.0	0.0	0.04679	0.01277	0.02186	0.02832	3e-05	3e-05	0.11215	0.24377	3e-05	0.16484	0.10398	0.11247	0.17015	0.26665	
0.0	1e-05	3e-05	3e-05	0.0	4e-05	5e-05	3e-05	5e-05	4e-05	5e-05	0.00016	3e-05	5e-05	8e-05	0.00016	0.0	0.0	8e-05	0.00012	0.0	0.0	8e-05	0.0	0.0	0.0	3e-05	1e-05	3e-05	0.0	2e-05	6e-05	6e-05	3e-05	4e-05	4e-05	0.0	0.0	2e-05	4e-05	2e-05	1e-05	5e-05	4e-05	0.0	0.0	4e-05	3e-05	2e-05	3e-05	2e-05	5e-05	0.00013	0.0	0.0	2e-05	5e-05	0.00013	7e-05	0.0	0.0	0.0	7e-05	2e-05	0.0	9e-05	4e-05	6e-05	0.0	5e-05	0.00029	0.0	0.00018	2e-05	0.00015	1e-05	0.00016	0.00014	1e-05	2e-05	9e-05	6e-05	2e-05	2e-05	5e-05	0.0	0.0	0.0	6e-05	8e-05	5e-05	4e-05	6e-05	5e-05	0.0	5e-05	1e-05	6e-05	6e-05	0.0	0.0	0.0	0.0	0.0	0.00026	4e-05	5e-05	3e-05	7e-05	7e-05	3e-05	7e-05	2e-05	8e-05	5e-05	7e-05	1e-05	0.0	0.0	0.0	3e-05	4e-05	3e-05	2e-05	0.00013	0.0	0.0	0.0	0.0	0.0	0.00017	5e-05	5e-05	2e-05	9e-05	2e-05	0.0	4e-05	2e-05	3e-05	0.0	0.00017	0.00013	0.00016	0.00013	0.00011	0.0	0.0	0.0	0.00013	0.00011	2e-05	2e-05	0.0	0.0	4e-05	0.00021	0.00013	4e-05	0.0	0.0	4e-05	2e-05	0.0	7e-05	3e-05	1e-05	2e-05	2e-05	
0.11118	0.08997	0.1715	0.33887	4e-05	0.0	0.116	0.15949	0.08571	0.09407	0.16729	0.09287	0.21644	0.10758	0.09215	0.09287	4e-05	4e-05	0.07033	0.18036	0.0	0.0	0.01369	0.0	0.0	0.0	0.31732	0.14881	0.02691	0.0	0.13977	0.06645	0.30813	0.04802	0.11447	0.04803	0.0	0.0	0.12895	0.05715	0.17023	0.13935	0.18527	0.15803	0.0	0.0	0.07136	0.10234	0.13964	0.08839	0.15641	0.13121	0.0288	0.0	0.0	0.08514	0.04959	0.02909	0.0296	4e-05	4e-05	0.00501	0.08251	0.06732	0.0	0.00829	0.04503	0.01115	0.0	0.10919	0.01612	4e-05	0.07778	0.09308	0.02071	0.10344	0.09287	0.07921	0.04611	0.05652	0.02371	0.06087	0.17295	0.04966	0.04038	4e-05	0.0	4e-05	0.00585	0.0212	0.03036	0.05609	0.13447	0.10664	4e-05	0.03226	0.05355	0.09699	0.00655	0.0	0.0	0.0	0.0	0.0	0.01194	0.03336	0.12145	0.12191	0.10703	0.03009	0.02452	0.18269	0.08492	0.02759	0.15805	0.00712	0.15226	0.0	0.0	0.0	0.14076	0.11115	0.03893	0.11301	0.09932	0.0	0.0	0.0	0.0	0.0	0.01936	0.07684	0.03134	0.05423	0.02714	0.05021	0.0	0.14895	0.14338	0.04994	0.0	0.09205	0.03179	0.09287	0.09932	0.02811	4e-05	0.0	0.0	0.07977	0.04475	0.07892	0.05079	0.0	0.0	0.01225	0.01508	0.02528	0.01591	4e-05	4e-05	0.09177	0.20113	4e-05	0.09726	0.03252	0.02075	0.03666	0.23176	
0.16978	0.06962	0.10647	0.11581	5e-05	0.116	0.0	0.19119	0.05725	0.02147	0.03281	0.35838	0.24992	0.02002	0.30845	0.35838	5e-05	5e-05	0.36888	0.03527	0.0	0.0	0.0396	0.0	0.0	0.0	0.17048	0.12004	0.11276	0.0	0.10951	0.20984	0.17531	0.10598	0.09669	0.04827	0.0	0.0	0.17577	0.16391	0.10172	0.14016	0.18744	0.06188	0.0	0.0	0.04187	0.20182	0.1295	0.17253	0.07354	0.05618	0.02367	0.0	0.0	0.12425	0.06859	0.11641	0.07136	5e-05	5e-05	0.00101	0.1164	0.0458	0.0	0.11672	0.0268	0.10301	0.0	0.215	0.12591	5e-05	0.01721	0.0492	0.01415	0.08404	0.35838	0.02569	0.06935	0.04484	0.016	0.25609	0.07718	0.09367	0.06092	5e-05	0.0	5e-05	0.02501	0.03526	0.08205	0.05099	0.26403	0.12466	5e-05	0.02611	0.03659	0.28176	0.14972	0.0	0.0	0.0	0.0	0.0	0.00824	0.07362	0.03409	0.06439	0.0111	0.07404	0.0213	0.03562	0.14041	0.03237	0.03692	0.03806	0.20287	0.0	0.0	0.0	0.12361	0.1114	0.12248	0.04448	0.02138	0.0	0.0	0.0	0.0	0.0	0.01325	0.05303	0.19001	0.04191	0.03255	0.03993	0.0	0.0394	0.22775	0.0496	0.0	0.36082	0.23432	0.35838	0.02138	0.01906	5e-05	0.0	0.0	0.01759	0.02095	0.0378	0.07888	0.0	0.0	0.02618	0.01038	0.01719	0.06256	5e-05	5e-05	0.07429	0.14952	5e-05	0.02482	0.07847	0.06605	0.11487	0.13571	
0.11702	0.05919	0.07104	0.11599	3e-05	0.15949	0.19119	0.0	0.0642	0.06544	0.02739	0.2686	0.34884	0.02933	0.23035	0.2686	3e-05	3e-05	0.22481	0.08424	0.0	0.0	0.02614	0.0	0.0	0.0	0.07561	0.08482	0.06879	0.0	0.08115	0.12353	0.03252	0.10632	0.06195	0.02667	0.0	0.0	0.14908	0.15935	0.04291	0.26838	0.16091	0.05977	0.0	0.0	0.05455	0.14881	0.06714	0.16394	0.07909	0.06016	0.02072	0.0	0.0	0.08346	0.07668	0.05618	0.01689	3e-05	3e-05	0.04282	0.18441	0.03605	0.0	0.03961	0.02504	0.12783	0.0	0.14707	0.05777	3e-05	0.22513	0.11329	0.01211	0.06133	0.2686	0.0168	0.10862	0.0607	0.01356	0.03274	0.04391	0.06262	0.05176	3e-05	0.0	3e-05	0.0344	0.02958	0.05446	0.03103	0.18516	0.08046	3e-05	0.00249	0.02917	0.20962	0.08098	0.0	0.0	0.0	0.0	0.0	0.00711	0.12795	0.04827	0.07298	0.02313	0.01715	0.03722	0.02987	0.06972	0.02721	0.1001	0.03186	0.09875	0.0	0.0	0.0	0.11779	0.05871	0.04229	0.05128	0.01815	0.0	0.0	0.0	0.0	0.0	0.01135	0.06773	0.1221	0.06861	0.02736	0.07375	0.0	0.03274	0.4033	0.07449	0.0	0.26826	0.15398	0.2686	0.01815	0.01931	3e-05	0.0	0.0	0.01499	0.01779	0.06091	0.0753	0.0	0.0	0.06446	0.00892	0.01466	0.05992	3e-05	3e-05	0.01934	0.09464	3e-05	0.06537	0.01959	0.09562	0.07797	0.07633	
0.05156	0.22683	0.0377	0.18107	5e-05	0.08571	0.05725	0.0642	0.0	0.02342	0.20635	0.0288	0.05875	0.0985	0.03748	0.0288	5e-05	5e-05	0.06139	0.02483	0.0	0.0	0.19284	0.0	0.0	0.0	0.2844	0.07259	0.06758	0.0	0.08177	0.1094	0.10788	0.04419	0.11175	0.02283	0.0	0.0	0.06403	0.03442	0.16626	0.059	0.11671	0.23154	0.0	0.0	0.09497	0.1471	0.06899	0.04021	0.05187	0.10093	0.05625	0.0	0.0	0.08164	0.02255	0.02919	0.02837	5e-05	5e-05	0.00131	0.09143	0.03024	0.0	0.34132	0.04229	0.00021	0.0	0.09994	0.01302	5e-05	0.02461	0.09997	0.0203	0.07502	0.0288	0.13227	0.02998	0.05994	0.02293	0.16767	0.16426	0.21357	0.1252	5e-05	0.0	5e-05	0.07832	0.02482	0.03405	0.01461	0.13911	0.0186	5e-05	0.00174	0.04941	0.04913	0.06863	0.0	0.0	0.0	0.0	0.0	0.01188	0.11694	0.04813	0.10542	0.06275	0.02881	0.02187	0.22898	0.19731	0.0333	0.03989	0.00552	0.02951	0.0	0.0	0.0	0.05957	0.14767	0.21175	0.10962	0.1244	0.0	0.0	0.0	0.0	0.0	0.01902	0.12376	0.05132	0.05185	0.03272	0.09639	0.0	0.17683	0.10232	0.05454	0.0	0.03184	0.04412	0.0288	0.1244	0.02725	5e-05	0.0	0.0	0.10013	0.05601	0.07841	0.08121	0.0	0.0	0.00177	0.01492	0.0246	0.07284	5e-05	5e-05	0.15283	0.06137	5e-05	0.11784	0.03577	0.07383	0.03128	0.06461	
0.12978	0.18245	0.07546	0.25426	4e-05	0.09407	0.02147	0.06544	0.02342	0.0	0.16571	0.01906	0.16618	0.01664	0.02485	0.01906	4e-05	4e-05	0.03415	0.41964	0.0	0.0	0.0292	0.0	0.0	0.0	0.10434	0.20798	0.1687	0.0	0.05092	0.11975	0.1209	0.22937	0.03468	0.02985	0.0	0.0	0.05489	0.09382	0.04106	0.11323	0.19017	0.08795	0.0	0.0	0.23602	0.25156	0.1116	0.1307	0.35083	0.42864	0.45324	0.0	0.0	0.27218	0.06302	0.33817	0.01882	4e-05	4e-05	0.01704	0.13016	0.145	0.0	0.04515	0.02802	0.01948	0.0	0.03404	0.00854	4e-05	0.15074	0.14791	0.01343	0.28429	0.01906	0.01873	0.148	0.08295	0.01511	0.03683	0.03566	0.08931	0.16728	4e-05	0.0	4e-05	0.03855	0.36239	0.09406	0.05432	0.05598	0.04932	4e-05	0.02337	0.03668	0.03252	0.04501	0.0	0.0	0.0	0.0	0.0	0.00786	0.07528	0.03186	0.05605	0.00984	0.07855	0.21371	0.07347	0.11968	0.08654	0.08354	0.03566	0.27578	0.0	0.0	0.0	0.12319	0.15614	0.06289	0.14674	0.19791	0.0	0.0	0.0	0.0	0.0	0.01258	0.35592	0.03392	0.04103	0.08573	0.09339	0.0	0.03675	0.11667	0.10848	0.0	0.0209	0.0289	0.01906	0.19791	0.01803	4e-05	0.0	0.0	0.01665	0.01979	0.16038	0.09312	0.0	0.0	0.02334	0.00987	0.33433	0.06766	4e-05	4e-05	0.14382	0.07327	4e-05	0.18115	0.07874	0.10153	0.09	0.06126	
0.11129	0.25235	0.13304	0.27003	5e-05	0.16729	0.03281	0.02739	0.20635	0.16571	0.0	0.0134	0.02505	0.04118	0.01686	0.0134	5e-05	5e-05	0.03215	0.25649	0.0	0.0	0.21903	0.0	0.0	0.0	0.28206	0.13091	0.13886	0.0	0.02892	0.03313	0.13008	0.09962	0.11839	0.02002	0.0	0.0	0.07608	0.05868	0.06018	0.08536	0.17351	0.24822	0.0	0.0	0.28459	0.03063	0.09578	0.02283	0.26618	0.14578	0.16384	0.0	0.0	0.1596	0.12378	0.01325	0.01303	5e-05	5e-05	0.00058	0.01802	0.02612	0.0	0.18276	0.0188	0.05622	0.0	0.29804	0.0061	5e-05	0.01157	0.2754	0.00964	0.30301	0.0134	0.46474	0.0388	0.09461	0.01055	0.02421	0.28148	0.17471	0.09797	5e-05	0.0	5e-05	0.16417	0.25648	0.03971	0.05604	0.09906	0.16132	5e-05	0.115	0.02141	0.02153	0.02975	0.0	0.0	0.0	0.0	0.0	0.00579	0.04793	0.02113	0.0632	0.02744	0.01322	0.15246	0.25335	0.14161	0.2847	0.24327	0.02398	0.14105	0.0	0.0	0.0	0.09237	0.32655	0.16386	0.42344	0.5454	0.0	0.0	0.0	0.0	0.0	0.00907	0.30568	0.02249	0.10857	0.28278	0.09678	0.0	0.17365	0.03055	0.11365	0.0	0.01451	0.01966	0.0134	0.5454	0.01271	5e-05	0.0	0.0	0.0118	0.01387	0.12517	0.10103	0.0	0.0	0.11485	0.0072	0.01155	0.10239	5e-05	5e-05	0.09416	0.3023	5e-05	0.46176	0.23469	0.14845	0.09704	0.11199	
0.06828	0.07221	0.1159	0.11161	0.00016	0.09287	0.35838	0.2686	0.0288	0.01906	0.0134	0.0	0.36922	0.02589	0.64107	0.99984	0.00016	0.00016	0.363	0.01521	0.0	0.0	0.01376	0.0	0.0	0.0	0.0986	0.02255	0.02498	0.0	0.01753	0.15061	0.07283	0.11406	0.11831	0.01333	0.0	0.0	0.23416	0.20937	0.03527	0.1752	0.11745	0.02614	0.0	0.0	0.02777	0.01838	0.07986	0.01444	0.0238	0.02289	0.01213	0.0	0.0	0.07982	0.1125	0.29921	0.00924	0.00016	0.00016	0.00095	0.01207	0.01615	0.0	0.01925	0.01251	0.0918	0.0	0.34771	0.6425	0.00016	0.0087	0.02656	0.00744	0.09025	0.99984	0.0099	0.02258	0.04533	0.00796	0.01607	0.01575	0.03063	0.03027	0.00016	0.0	0.00016	0.01715	0.01519	0.0239	0.03295	0.32567	0.17898	0.00016	0.02887	0.01357	0.49264	0.2149	0.0	0.0	0.0	0.0	0.0	0.0048	0.11148	0.01378	0.03546	0.01811	0.00935	0.01713	0.0153	0.03942	0.0142	0.01487	0.01612	0.19977	0.0	0.0	0.0	0.06762	0.02569	0.01833	0.02118	0.0103	0.0	0.0	0.0	0.0	0.0	0.00706	0.01943	0.30671	0.02814	0.01427	0.02812	0.0	0.01552	0.17848	0.02509	0.0	1.00039	0.47865	0.99984	0.0103	0.0094	0.00016	0.0	0.0	0.00883	0.01013	0.02258	0.03543	0.0	0.0	0.0289	0.0058	0.00867	0.02715	0.00016	0.00016	0.0336	0.11589	0.00016	0.01105	0.01513	0.03662	0.09815	0.13915	
0.12437	0.1091	0.11382	0.11854	3e-05	0.21644	0.24992	0.34884	0.05875	0.16618	0.02505	0.36922	0.0	0.05182	0.31286	0.36922	3e-05	3e-05	0.2509	0.02696	0.0	0.0	0.02379	0.0	0.0	0.0	0.12752	0.1458	0.06971	0.0	0.03716	0.18445	0.08233	0.16031	0.10948	0.02435	0.0	0.0	0.25978	0.20455	0.05195	0.3243	0.21428	0.05801	0.0	0.0	0.0564	0.1066	0.15792	0.02858	0.08285	0.06277	0.22513	0.0	0.0	0.25305	0.11218	0.46613	0.01535	3e-05	3e-05	0.00065	0.02185	0.08713	0.0	0.03618	0.02287	0.10059	0.0	0.21279	0.12793	3e-05	0.01327	0.06726	0.01093	0.20424	0.36922	0.01511	0.07024	0.05981	0.01221	0.02977	0.03102	0.05978	0.05303	3e-05	0.0	3e-05	0.03138	0.08836	0.11149	0.06571	0.22561	0.13485	3e-05	0.05224	0.02677	0.28123	0.14704	0.0	0.0	0.0	0.0	0.0	0.00639	0.13768	0.10607	0.0608	0.08004	0.01559	0.16847	0.02721	0.06833	0.02477	0.16318	0.02904	0.30667	0.0	0.0	0.0	0.1669	0.08768	0.03895	0.04733	0.01645	0.0	0.0	0.0	0.0	0.0	0.01024	0.07048	0.18773	0.06317	0.0249	0.06675	0.0	0.02998	0.22618	0.07015	0.0	0.37001	0.2358	0.36922	0.01645	0.01468	3e-05	0.0	0.0	0.01356	0.01612	0.0505	0.08474	0.0	0.0	0.02929	0.00803	0.22449	0.05483	3e-05	3e-05	0.0679	0.14879	3e-05	0.01904	0.0288	0.08553	0.15602	0.12339	
0.06477	0.06873	0.05397	0.02268	5e-05	0.10758	0.02002	0.02933	0.0985	0.01664	0.04118	0.02589	0.05182	0.0	0.07002	0.02589	5e-05	5e-05	0.06727	0.04471	0.0	0.0	0.03949	0.0	0.0	0.0	0.11186	0.08361	0.05631	0.0	0.06067	0.06977	0.04427	0.03155	0.08701	0.04015	0.0	0.0	0.13895	0.07113	0.02424	0.01157	0.08866	0.0341	0.0	0.0	0.01859	0.06467	0.12285	0.0219	0.05864	0.07959	0.03161	0.0	0.0	0.02748	0.00069	0.02583	0.13366	5e-05	5e-05	0.00085	0.03598	0.07735	0.0	0.06002	0.21663	0.00901	0.0	0.04564	0.0114	5e-05	0.02218	0.03816	0.09191	0.04828	0.02589	0.02539	0.05555	0.00996	0.06231	0.04373	0.07529	0.04619	0.07793	5e-05	0.0	5e-05	0.05205	0.0447	0.0848	0.15165	0.1423	0.05706	5e-05	0.03901	0.17699	0.12736	0.02341	0.0	0.0	0.0	0.0	0.0	0.01079	0.12221	0.12099	0.06849	0.06527	0.13605	0.01519	0.04515	0.1146	0.04111	0.04631	0.00048	0.0818	0.0	0.0	0.0	0.09239	0.05655	0.06368	0.02467	0.02742	0.0	0.0	0.0	0.0	0.0	0.01719	0.06588	0.07693	0.0354	0.00556	0.05789	0.0	0.04928	0.02691	0.0917	0.0	0.02842	0.00745	0.02589	0.02742	0.1276	5e-05	0.0	0.0	0.02266	0.02688	0.10689	0.05914	0.0	0.0	0.07731	0.06598	0.02216	0.00803	5e-05	5e-05	0.11149	0.03541	5e-05	0.05248	0.04366	0.05273	0.05623	0.08214	
0.08945	0.08273	0.12742	0.1111	8e-05	0.09215	0.30845	0.23035	0.03748	0.02485	0.01686	0.64107	0.31286	0.07002	0.0	0.64107	8e-05	8e-05	0.31141	0.0187	0.0	0.0	0.01673	0.0	0.0	0.0	0.1006	0.03059	0.03412	0.0	0.02322	0.1373	0.07905	0.11039	0.11197	0.01661	0.0	0.0	0.22522	0.20435	0.05881	0.17497	0.11403	0.03519	0.0	0.0	0.03707	0.0245	0.08483	0.01861	0.03252	0.03008	0.01396	0.0	0.0	0.11919	0.10741	0.18787	0.01104	8e-05	8e-05	0.00082	0.01498	0.02113	0.0	0.02426	0.0156	0.09166	0.0	0.28467	0.27174	8e-05	0.00998	0.03643	0.00838	0.09129	0.64107	0.01139	0.03068	0.11053	0.00919	0.05939	0.05236	0.05607	0.09879	8e-05	0.0	8e-05	0.02137	0.01868	0.03178	0.04441	0.29461	0.15808	8e-05	0.03757	0.12227	0.61002	0.18098	0.0	0.0	0.0	0.0	0.0	0.00515	0.15177	0.01741	0.05776	0.09205	0.01119	0.02213	0.01884	0.05524	0.01734	0.01881	0.01996	0.17718	0.0	0.0	0.0	0.07814	0.03522	0.02431	0.07243	0.01208	0.0	0.0	0.0	0.0	0.0	0.00791	0.02545	0.55275	0.03804	0.01742	0.03862	0.0	0.0198	0.16161	0.03373	0.0	0.64124	0.83792	0.64107	0.01208	0.01092	8e-05	0.0	0.0	0.01017	0.01186	0.03051	0.04937	0.0	0.0	0.03762	0.36458	0.00996	0.0352	8e-05	8e-05	0.04522	0.14436	8e-05	0.01342	0.01916	0.05124	0.10106	0.13007	
0.06828	0.07221	0.1159	0.11161	0.00016	0.09287	0.35838	0.2686	0.0288	0.01906	0.0134	0.99984	0.36922	0.02589	0.64107	0.0	0.00016	0.00016	0.363	0.01521	0.0	0.0	0.01376	0.0	0.0	0.0	0.0986	0.02255	0.02498	0.0	0.01753	0.15061	0.07283	0.11406	0.11831	0.01333	0.0	0.0	0.23416	0.20937	0.03527	0.1752	0.11745	0.02614	0.0	0.0	0.02777	0.01838	0.07986	0.01444	0.0238	0.02289	0.01213	0.0	0.0	0.07982	0.1125	0.29921	0.00924	0.00016	0.00016	0.00095	0.01207	0.01615	0.0	0.01925	0.01251	0.0918	0.0	0.34771	0.6425	0.00016	0.0087	0.02656	0.00744	0.09025	0.99984	0.0099	0.02258	0.04533	0.00796	0.01607	0.01575	0.03063	0.03027	0.00016	0.0	0.00016	0.01715	0.01519	0.0239	0.03295	0.32567	0.17898	0.00016	0.02887	0.01357	0.49264	0.2149	0.0	0.0	0.0	0.0	0.0	0.0048	0.11148	0.01378	0.03546	0.01811	0.00935	0.01713	0.0153	0.03942	0.0142	0.01487	0.01612	0.19977	0.0	0.0	0.0	0.06762	0.02569	0.01833	0.02118	0.0103	0.0	0.0	0.0	0.0	0.0	0.00706	0.01943	0.30671	0.02814	0.01427	0.02812	0.0	0.01552	0.17848	0.02509	0.0	1.00039	0.47865	0.99984	0.0103	0.0094	0.00016	0.0	0.0	0.00883	0.01013	0.02258	0.03543	0.0	0.0	0.0289	0.0058	0.00867	0.02715	0.00016	0.00016	0.0336	0.11589	0.00016	0.01105	0.01513	0.03662	0.09815	0.13915	
0.0	1e-05	3e-05	3e-05	0.0	4e-05	5e-05	3e-05	5e-05	4e-05	5e-05	0.00016	3e-05	5e-05	8e-05	0.00016	0.0	0.0	8e-05	0.00012	0.0	0.0	8e-05	0.0	0.0	0.0	3e-05	1e-05	3e-05	0.0	2e-05	6e-05	6e-05	3e-05	4e-05	4e-05	0.0	0.0	2e-05	4e-05	2e-05	1e-05	5e-05	4e-05	0.0	0.0	4e-05	3e-05	2e-05	3e-05	2e-05	5e-05	0.00013	0.0	0.0	2e-05	5e-05	0.00013	7e-05	0.0	0.0	0.0	7e-05	2e-05	0.0	9e-05	4e-05	6e-05	0.0	5e-05	0.00029	0.0	0.00018	2e-05	0.00015	1e-05	0.00016	0.00014	1e-05	2e-05	9e-05	6e-05	2e-05	2e-05	5e-05	0.0	0.0	0.0	6e-05	8e-05	5e-05	4e-05	6e-05	5e-05	0.0	5e-05	1e-05	6e-05	6e-05	0.0	0.0	0.0	0.0	0.0	0.00026	4e-05	5e-05	3e-05	7e-05	7e-05	3e-05	7e-05	2e-05	8e-05	5e-05	7e-05	1e-05	0.0	0.0	0.0	3e-05	4e-05	3e-05	2e-05	0.00013	0.0	0.0	0.0	0.0	0.0	0.00017	5e-05	5e-05	2e-05	9e-05	2e-05	0.0	4e-05	2e-05	3e-05	0.0	0.00017	0.00013	0.00016	0.00013	0.00011	0.0	0.0	0.0	0.00013	0.00011	2e-05	2e-05	0.0	0.0	4e-05	0.00021	0.00013	4e-05	0.0	0.0	4e-05	2e-05	0.0	7e-05	3e-05	1e-05	2e-05	2e-05	
0.0	1e-05	3e-05	3e-05	0.0	4e-05	5e-05	3e-05	5e-05	4e-05	5e-05	0.00016	3e-05	5e-05	8e-05	0.00016	0.0	0.0	8e-05	0.00012	0.0	0.0	8e-05	0.0	0.0	0.0	3e-05	1e-05	3e-05	0.0	2e-05	6e-05	6e-05	3e-05	4e-05	4e-05	0.0	0.0	2e-05	4e-05	2e-05	1e-05	5e-05	4e-05	0.0	0.0	4e-05	3e-05	2e-05	3e-05	2e-05	5e-05	0.00013	0.0	0.0	2e-05	5e-05	0.00013	7e-05	0.0	0.0	0.0	7e-05	2e-05	0.0	9e-05	4e-05	6e-05	0.0	5e-05	0.00029	0.0	0.00018	2e-05	0.00015	1e-05	0.00016	0.00014	1e-05	2e-05	9e-05	6e-05	2e-05	2e-05	5e-05	0.0	0.0	0.0	6e-05	8e-05	5e-05	4e-05	6e-05	5e-05	0.0	5e-05	1e-05	6e-05	6e-05	0.0	0.0	0.0	0.0	0.0	0.00026	4e-05	5e-05	3e-05	7e-05	7e-05	3e-05	7e-05	2e-05	8e-05	5e-05	7e-05	1e-05	0.0	0.0	0.0	3e-05	4e-05	3e-05	2e-05	0.00013	0.0	0.0	0.0	0.0	0.0	0.00017	5e-05	5e-05	2e-05	9e-05	2e-05	0.0	4e-05	2e-05	3e-05	0.0	0.00017	0.00013	0.00016	0.00013	0.00011	0.0	0.0	0.0	0.00013	0.00011	2e-05	2e-05	0.0	0.0	4e-05	0.00021	0.00013	4e-05	0.0	0.0	4e-05	2e-05	0.0	7e-05	3e-05	1e-05	2e-05	2e-05	
0.08021	0.07114	0.10894	0.13691	8e-05	0.07033	0.36888	0.22481	0.06139	0.03415	0.03215	0.363	0.2509	0.06727	0.31141	0.363	8e-05	8e-05	0.0	0.03828	0.0	0.0	0.04181	0.0	0.0	0.0	0.17434	0.21524	0.2669	0.0	0.1444	0.25895	0.1375	0.13618	0.09799	0.05033	0.0	0.0	0.20236	0.28734	0.15214	0.14707	0.21949	0.05023	0.0	0.0	0.17753	0.43357	0.13256	0.18097	0.0595	0.05221	0.02338	0.0	0.0	0.12178	0.13297	0.1173	0.0196	8e-05	8e-05	0.01517	0.28342	0.047	0.0	0.12346	0.02932	0.30959	0.0	0.21618	0.12771	8e-05	0.14239	0.10681	0.01393	0.11624	0.363	0.02536	0.11315	0.05214	0.01582	0.26671	0.03708	0.16649	0.20744	8e-05	0.0	8e-05	0.02658	0.03457	0.29786	0.18284	0.54231	0.14261	8e-05	0.07672	0.03442	0.28369	0.15002	0.0	0.0	0.0	0.0	0.0	0.00813	0.11971	0.03339	0.11428	0.04319	0.01992	0.04402	0.03492	0.17038	0.03174	0.03616	0.0373	0.15787	0.0	0.0	0.0	0.27818	0.36486	0.12753	0.04738	0.02101	0.0	0.0	0.0	0.0	0.0	0.01305	0.03738	0.19102	0.08275	0.03192	0.16502	0.0	0.03857	0.36911	0.13831	0.0	0.36548	0.23651	0.363	0.02101	0.01874	8e-05	0.0	0.0	0.01729	0.02058	0.10714	0.23669	0.0	0.0	0.07684	0.01022	0.0169	0.06699	8e-05	8e-05	0.19108	0.14777	8e-05	0.02435	0.0369	0.25811	0.11501	0.135	
0.11602	0.15243	0.1015	0.1697	0.00012	0.18036	0.03527	0.08424	0.02483	0.41964	0.25649	0.01521	0.02696	0.04471	0.0187	0.01521	0.00012	0.00012	0.03828	0.0	0.0	0.0	0.02221	0.0	0.0	0.0	0.04903	0.05868	0.14634	0.0	0.05958	0.03146	0.13956	0.06622	0.03851	0.02205	0.0	0.0	0.01333	0.03246	0.06411	0.05259	0.18081	0.16451	0.0	0.0	0.27596	0.1375	0.03609	0.16381	0.37033	0.33569	0.05313	0.0	0.0	0.04822	0.02816	0.01544	0.01463	0.00012	0.00012	0.04748	0.19776	0.0281	0.0	0.07347	0.0207	0.00254	0.0	0.02452	0.00755	0.00012	0.27305	0.13246	0.01111	0.16413	0.01521	0.01515	0.08538	0.10041	0.01221	0.02688	0.02922	0.03423	0.1719	0.00012	0.0	0.00012	0.02842	0.12905	0.0228	0.00862	0.10501	0.06947	0.00012	0.02467	0.02321	0.02353	0.03264	0.0	0.0	0.0	0.0	0.0	0.00682	0.05188	0.02312	0.06639	0.03018	0.01483	0.02945	0.12664	0.08184	0.1509	0.13146	0.02652	0.03027	0.0	0.0	0.0	0.06919	0.23904	0.0819	0.16686	0.36439	0.0	0.0	0.0	0.0	0.0	0.01048	0.36388	0.02463	0.03705	0.14941	0.04073	0.0	0.02632	0.14017	0.04453	0.0	0.01667	0.02219	0.01521	0.36439	0.01447	0.00012	0.0	0.0	0.01347	0.01572	0.26621	0.07934	0.0	0.0	0.02456	0.0084	0.0132	0.04709	0.00012	0.00012	0.15813	0.06643	0.00012	0.30871	0.12398	0.10076	0.05688	0.04105	
0.0	0.0	0.0	0.0	0.0	0.0	0.0	0.0	0.0	0.0	0.0	0.0	0.0	0.0	0.0	0.0	0.0	0.0	0.0	0.0	0.0	0.0	0.0	0.0	0.0	0.0	0.0	0.0	0.0	0.0	0.0	0.0	0.0	0.0	0.0	0.0	0.0	0.0	0.0	0.0	0.0	0.0	0.0	0.0	0.0	0.0	0.0	0.0	0.0	0.0	0.0	0.0	0.0	0.0	0.0	0.0	0.0	0.0	0.0	0.0	0.0	0.0	0.0	0.0	0.0	0.0	0.0	0.0	0.0	0.0	0.0	0.0	0.0	0.0	0.0	0.0	0.0	0.0	0.0	0.0	0.0	0.0	0.0	0.0	0.0	0.0	0.0	0.0	0.0	0.0	0.0	0.0	0.0	0.0	0.0	0.0	0.0	0.0	0.0	0.0	0.0	0.0	0.0	0.0	0.0	0.0	0.0	0.0	0.0	0.0	0.0	0.0	0.0	0.0	0.0	0.0	0.0	0.0	0.0	0.0	0.0	0.0	0.0	0.0	0.0	0.0	0.0	0.0	0.0	0.0	0.0	0.0	0.0	0.0	0.0	0.0	0.0	0.0	0.0	0.0	0.0	0.0	0.0	0.0	0.0	0.0	0.0	0.0	0.0	0.0	0.0	0.0	0.0	0.0	0.0	0.0	0.0	0.0	0.0	0.0	0.0	0.0	0.0	0.0	0.0	0.0	0.0	0.0	0.0	
0.0	0.0	0.0	0.0	0.0	0.0	0.0	0.0	0.0	0.0	0.0	0.0	0.0	0.0	0.0	0.0	0.0	0.0	0.0	0.0	0.0	0.0	0.0	0.0	0.0	0.0	0.0	0.0	0.0	0.0	0.0	0.0	0.0	0.0	0.0	0.0	0.0	0.0	0.0	0.0	0.0	0.0	0.0	0.0	0.0	0.0	0.0	0.0	0.0	0.0	0.0	0.0	0.0	0.0	0.0	0.0	0.0	0.0	0.0	0.0	0.0	0.0	0.0	0.0	0.0	0.0	0.0	0.0	0.0	0.0	0.0	0.0	0.0	0.0	0.0	0.0	0.0	0.0	0.0	0.0	0.0	0.0	0.0	0.0	0.0	0.0	0.0	0.0	0.0	0.0	0.0	0.0	0.0	0.0	0.0	0.0	0.0	0.0	0.0	0.0	0.0	0.0	0.0	0.0	0.0	0.0	0.0	0.0	0.0	0.0	0.0	0.0	0.0	0.0	0.0	0.0	0.0	0.0	0.0	0.0	0.0	0.0	0.0	0.0	0.0	0.0	0.0	0.0	0.0	0.0	0.0	0.0	0.0	0.0	0.0	0.0	0.0	0.0	0.0	0.0	0.0	0.0	0.0	0.0	0.0	0.0	0.0	0.0	0.0	0.0	0.0	0.0	0.0	0.0	0.0	0.0	0.0	0.0	0.0	0.0	0.0	0.0	0.0	0.0	0.0	0.0	0.0	0.0	0.0	
0.0463	0.13496	0.06393	0.06491	8e-05	0.01369	0.0396	0.02614	0.19284	0.0292	0.21903	0.01376	0.02379	0.03949	0.01673	0.01376	8e-05	8e-05	0.04181	0.02221	0.0	0.0	0.0	0.0	0.0	0.0	0.20506	0.15217	0.12742	0.0	0.02718	0.03122	0.00978	0.03156	0.02135	0.09724	0.0	0.0	0.01455	0.03586	0.15516	0.11301	0.03762	0.03351	0.0	0.0	0.03894	0.06512	0.07083	0.09678	0.07282	0.03525	0.01627	0.0	0.0	0.02039	0.04654	0.01365	0.01317	8e-05	8e-05	0.00055	0.21321	0.02478	0.0	0.04	0.01846	0.00478	0.0	0.20826	0.00651	8e-05	0.012	0.0512	0.01011	0.02472	0.01376	0.33572	0.07083	0.08671	0.01085	0.0827	0.19328	0.19463	0.01531	8e-05	0.0	8e-05	0.50219	0.02219	0.02532	0.00964	0.01839	0.02946	8e-05	0.04434	0.02055	0.02091	0.02901	0.0	0.0	0.0	0.0	0.0	0.00625	0.04569	0.02056	0.05749	0.02688	0.01334	0.07057	0.02238	0.10426	0.02062	0.02221	0.02368	0.06752	0.0	0.0	0.0	0.03823	0.11871	0.14827	0.18557	0.01447	0.0	0.0	0.0	0.0	0.0	0.00954	0.02988	0.0219	0.04453	0.02072	0.17879	0.0	0.08673	0.1451	0.04581	0.0	0.01485	0.01973	0.01376	0.01447	0.01309	8e-05	0.0	0.0	0.01222	0.01421	0.03335	0.03302	0.0	0.0	0.04439	0.00768	0.01197	0.21123	8e-05	8e-05	0.01027	0.13276	8e-05	0.01596	0.02262	0.12746	0.03671	0.0416	
0.0	0.0	0.0	0.0	0.0	0.0	0.0	0.0	0.0	0.0	0.0	0.0	0.0	0.0	0.0	0.0	0.0	0.0	0.0	0.0	0.0	0.0	0.0	0.0	0.0	0.0	0.0	0.0	0.0	0.0	0.0	0.0	0.0	0.0	0.0	0.0	0.0	0.0	0.0	0.0	0.0	0.0	0.0	0.0	0.0	0.0	0.0	0.0	0.0	0.0	0.0	0.0	0.0	0.0	0.0	0.0	0.0	0.0	0.0	0.0	0.0	0.0	0.0	0.0	0.0	0.0	0.0	0.0	0.0	0.0	0.0	0.0	0.0	0.0	0.0	0.0	0.0	0.0	0.0	0.0	0.0	0.0	0.0	0.0	0.0	0.0	0.0	0.0	0.0	0.0	0.0	0.0	0.0	0.0	0.0	0.0	0.0	0.0	0.0	0.0	0.0	0.0	0.0	0.0	0.0	0.0	0.0	0.0	0.0	0.0	0.0	0.0	0.0	0.0	0.0	0.0	0.0	0.0	0.0	0.0	0.0	0.0	0.0	0.0	0.0	0.0	0.0	0.0	0.0	0.0	0.0	0.0	0.0	0.0	0.0	0.0	0.0	0.0	0.0	0.0	0.0	0.0	0.0	0.0	0.0	0.0	0.0	0.0	0.0	0.0	0.0	0.0	0.0	0.0	0.0	0.0	0.0	0.0	0.0	0.0	0.0	0.0	0.0	0.0	0.0	0.0	0.0	0.0	0.0	
0.0	0.0	0.0	0.0	0.0	0.0	0.0	0.0	0.0	0.0	0.0	0.0	0.0	0.0	0.0	0.0	0.0	0.0	0.0	0.0	0.0	0.0	0.0	0.0	0.0	0.0	0.0	0.0	0.0	0.0	0.0	0.0	0.0	0.0	0.0	0.0	0.0	0.0	0.0	0.0	0.0	0.0	0.0	0.0	0.0	0.0	0.0	0.0	0.0	0.0	0.0	0.0	0.0	0.0	0.0	0.0	0.0	0.0	0.0	0.0	0.0	0.0	0.0	0.0	0.0	0.0	0.0	0.0	0.0	0.0	0.0	0.0	0.0	0.0	0.0	0.0	0.0	0.0	0.0	0.0	0.0	0.0	0.0	0.0	0.0	0.0	0.0	0.0	0.0	0.0	0.0	0.0	0.0	0.0	0.0	0.0	0.0	0.0	0.0	0.0	0.0	0.0	0.0	0.0	0.0	0.0	0.0	0.0	0.0	0.0	0.0	0.0	0.0	0.0	0.0	0.0	0.0	0.0	0.0	0.0	0.0	0.0	0.0	0.0	0.0	0.0	0.0	0.0	0.0	0.0	0.0	0.0	0.0	0.0	0.0	0.0	0.0	0.0	0.0	0.0	0.0	0.0	0.0	0.0	0.0	0.0	0.0	0.0	0.0	0.0	0.0	0.0	0.0	0.0	0.0	0.0	0.0	0.0	0.0	0.0	0.0	0.0	0.0	0.0	0.0	0.0	0.0	0.0	0.0	
0.0	0.0	0.0	0.0	0.0	0.0	0.0	0.0	0.0	0.0	0.0	0.0	0.0	0.0	0.0	0.0	0.0	0.0	0.0	0.0	0.0	0.0	0.0	0.0	0.0	0.0	0.0	0.0	0.0	0.0	0.0	0.0	0.0	0.0	0.0	0.0	0.0	0.0	0.0	0.0	0.0	0.0	0.0	0.0	0.0	0.0	0.0	0.0	0.0	0.0	0.0	0.0	0.0	0.0	0.0	0.0	0.0	0.0	0.0	0.0	0.0	0.0	0.0	0.0	0.0	0.0	0.0	0.0	0.0	0.0	0.0	0.0	0.0	0.0	0.0	0.0	0.0	0.0	0.0	0.0	0.0	0.0	0.0	0.0	0.0	0.0	0.0	0.0	0.0	0.0	0.0	0.0	0.0	0.0	0.0	0.0	0.0	0.0	0.0	0.0	0.0	0.0	0.0	0.0	0.0	0.0	0.0	0.0	0.0	0.0	0.0	0.0	0.0	0.0	0.0	0.0	0.0	0.0	0.0	0.0	0.0	0.0	0.0	0.0	0.0	0.0	0.0	0.0	0.0	0.0	0.0	0.0	0.0	0.0	0.0	0.0	0.0	0.0	0.0	0.0	0.0	0.0	0.0	0.0	0.0	0.0	0.0	0.0	0.0	0.0	0.0	0.0	0.0	0.0	0.0	0.0	0.0	0.0	0.0	0.0	0.0	0.0	0.0	0.0	0.0	0.0	0.0	0.0	0.0	
0.07792	0.27466	0.15161	0.285	3e-05	0.31732	0.17048	0.07561	0.2844	0.10434	0.28206	0.0986	0.12752	0.11186	0.1006	0.0986	3e-05	3e-05	0.17434	0.04903	0.0	0.0	0.20506	0.0	0.0	0.0	0.0	0.33527	0.22939	0.0	0.10465	0.11201	0.25357	0.12504	0.25447	0.05004	0.0	0.0	0.2117	0.18428	0.21407	0.08538	0.1531	0.16902	0.0	0.0	0.23754	0.2865	0.47827	0.0657	0.14551	0.13944	0.15782	0.0	0.0	0.31051	0.19167	0.10886	0.02873	3e-05	3e-05	0.00132	0.09621	0.18706	0.0	0.17824	0.04508	0.03525	0.0	0.22447	0.01849	3e-05	0.02398	0.19351	0.01946	0.217	0.0986	0.22671	0.09018	0.07043	0.02266	0.19114	0.2536	0.33478	0.21922	3e-05	0.0	3e-05	0.12937	0.11272	0.2482	0.19213	0.23373	0.15886	3e-05	0.05388	0.05518	0.10777	0.03859	0.0	0.0	0.0	0.0	0.0	0.01097	0.0564	0.05231	0.17214	0.06756	0.02924	0.19013	0.21259	0.27732	0.05348	0.06078	0.03318	0.25197	0.0	0.0	0.0	0.32443	0.23236	0.1538	0.19945	0.10612	0.0	0.0	0.0	0.0	0.0	0.01813	0.11173	0.05517	0.11371	0.05316	0.22572	0.0	0.18751	0.10862	0.17526	0.0	0.09875	0.05495	0.0986	0.10612	0.0268	3e-05	0.0	0.0	0.08359	0.05827	0.06358	0.25367	0.0	0.0	0.05397	0.01398	0.09281	0.13485	3e-05	3e-05	0.23153	0.35456	3e-05	0.10594	0.05822	0.15859	0.09038	0.25597	
0.14286	0.15286	0.07742	0.14284	1e-05	0.14881	0.12004	0.08482	0.07259	0.20798	0.13091	0.02255	0.1458	0.08361	0.03059	0.02255	1e-05	1e-05	0.21524	0.05868	0.0	0.0	0.15217	0.0	0.0	0.0	0.33527	0.0	0.27474	0.0	0.1786	0.19464	0.23287	0.26131	0.07889	0.19721	0.0	0.0	0.19106	0.18942	0.17407	0.10658	0.1821	0.17092	0.0	0.0	0.12584	0.43796	0.22909	0.15073	0.24025	0.13439	0.26082	0.0	0.0	0.17646	0.04643	0.22887	0.02263	1e-05	1e-05	0.01841	0.21597	0.19893	0.0	0.11654	0.03495	0.05093	0.0	0.13213	0.00962	1e-05	0.13266	0.20978	0.01554	0.18413	0.02255	0.15925	0.16937	0.10807	0.01781	0.22203	0.22556	0.25735	0.13649	1e-05	0.0	1e-05	0.0734	0.12852	0.38611	0.22856	0.15758	0.06277	1e-05	0.09635	0.04219	0.04121	0.05709	0.0	0.0	0.0	0.0	0.0	0.00884	0.09998	0.04029	0.15848	0.0519	0.02302	0.22444	0.0413	0.24084	0.02998	0.04369	0.04433	0.21426	0.0	0.0	0.0	0.22619	0.25692	0.12674	0.09047	0.024	0.0	0.0	0.0	0.0	0.0	0.0145	0.1518	0.03639	0.08661	0.03751	0.21035	0.0	0.12525	0.19253	0.36301	0.0	0.02485	0.03524	0.02255	0.024	0.02126	1e-05	0.0	0.0	0.01953	0.02348	0.07802	0.23416	0.0	0.0	0.09651	0.01123	0.22535	0.08207	1e-05	1e-05	0.10955	0.17178	1e-05	0.02846	0.04463	0.28357	0.05471	0.06199	
0.07371	0.19024	0.0671	0.10091	3e-05	0.02691	0.11276	0.06879	0.06758	0.1687	0.13886	0.02498	0.06971	0.05631	0.03412	0.02498	3e-05	3e-05	0.2669	0.14634	0.0	0.0	0.12742	0.0	0.0	0.0	0.22939	0.27474	0.0	0.0	0.12761	0.25216	0.1626	0.22485	0.10955	0.13163	0.0	0.0	0.17886	0.2517	0.20656	0.10551	0.27681	0.14144	0.0	0.0	0.50999	0.40579	0.242	0.20724	0.15394	0.32027	0.18378	0.0	0.0	0.15713	0.10878	0.09871	0.13433	3e-05	3e-05	0.00921	0.28019	0.18812	0.0	0.21943	0.13554	0.07247	0.0	0.04864	0.01079	3e-05	0.09808	0.28772	0.01715	0.21598	0.02498	0.02749	0.20832	0.08213	0.01985	0.20033	0.083	0.21485	0.37483	3e-05	0.0	3e-05	0.11615	0.14632	0.43427	0.24779	0.14645	0.11657	3e-05	0.18642	0.04747	0.05368	0.03498	0.0	0.0	0.0	0.0	0.0	0.00973	0.06123	0.05245	0.12232	0.03304	0.07913	0.11375	0.07133	0.22165	0.07829	0.0818	0.03119	0.11337	0.0	0.0	0.0	0.22126	0.32869	0.24195	0.20673	0.14339	0.0	0.0	0.0	0.0	0.0	0.016	0.23247	0.04812	0.10827	0.07785	0.21799	0.0	0.05283	0.24945	0.18767	0.0	0.02773	0.03947	0.02498	0.14339	0.02354	3e-05	0.0	0.0	0.0216	0.02603	0.18694	0.5077	0.0	0.0	0.18626	0.01237	0.09807	0.07733	3e-05	3e-05	0.31527	0.10436	3e-05	0.13911	0.1364	0.22823	0.09991	0.09492	
0.0	0.0	0.0	0.0	0.0	0.0	0.0	0.0	0.0	0.0	0.0	0.0	0.0	0.0	0.0	0.0	0.0	0.0	0.0	0.0	0.0	0.0	0.0	0.0	0.0	0.0	0.0	0.0	0.0	0.0	0.0	0.0	0.0	0.0	0.0	0.0	0.0	0.0	0.0	0.0	0.0	0.0	0.0	0.0	0.0	0.0	0.0	0.0	0.0	0.0	0.0	0.0	0.0	0.0	0.0	0.0	0.0	0.0	0.0	0.0	0.0	0.0	0.0	0.0	0.0	0.0	0.0	0.0	0.0	0.0	0.0	0.0	0.0	0.0	0.0	0.0	0.0	0.0	0.0	0.0	0.0	0.0	0.0	0.0	0.0	0.0	0.0	0.0	0.0	0.0	0.0	0.0	0.0	0.0	0.0	0.0	0.0	0.0	0.0	0.0	0.0	0.0	0.0	0.0	0.0	0.0	0.0	0.0	0.0	0.0	0.0	0.0	0.0	0.0	0.0	0.0	0.0	0.0	0.0	0.0	0.0	0.0	0.0	0.0	0.0	0.0	0.0	0.0	0.0	0.0	0.0	0.0	0.0	0.0	0.0	0.0	0.0	0.0	0.0	0.0	0.0	0.0	0.0	0.0	0.0	0.0	0.0	0.0	0.0	0.0	0.0	0.0	0.0	0.0	0.0	0.0	0.0	0.0	0.0	0.0	0.0	0.0	0.0	0.0	0.0	0.0	0.0	0.0	0.0	
0.10681	0.0991	0.13171	0.12886	2e-05	0.13977	0.10951	0.08115	0.08177	0.05092	0.02892	0.01753	0.03716	0.06067	0.02322	0.01753	2e-05	2e-05	0.1444	0.05958	0.0	0.0	0.02718	0.0	0.0	0.0	0.10465	0.1786	0.12761	0.0	0.0	0.23443	0.26382	0.12468	0.15842	0.09159	0.0	0.0	0.199	0.16387	0.07357	0.10462	0.18173	0.26251	0.0	0.0	0.09523	0.22367	0.11437	0.13264	0.09915	0.30045	0.08121	0.0	0.0	0.08371	0.0522	0.0174	0.01744	2e-05	2e-05	0.02378	0.14279	0.12695	0.0	0.11373	0.02632	0.06659	0.0	0.0322	0.00762	2e-05	0.16323	0.1158	0.01225	0.07392	0.01753	0.08178	0.1592	0.13573	0.01382	0.14325	0.25402	0.34162	0.1784	2e-05	0.0	2e-05	0.03616	0.0309	0.1727	0.07634	0.27519	0.04572	2e-05	0.06925	0.03115	0.03071	0.0424	0.0	0.0	0.0	0.0	0.0	0.00708	0.07167	0.03007	0.08195	0.03875	0.01772	0.03983	0.06222	0.11725	0.08612	0.03256	0.0578	0.04239	0.0	0.0	0.0	0.1343	0.11969	0.11002	0.05638	0.01861	0.0	0.0	0.0	0.0	0.0	0.01146	0.05361	0.08458	0.08078	0.02849	0.34755	0.0	0.20291	0.12837	0.35452	0.0	0.01917	0.02677	0.01753	0.01861	0.01656	2e-05	0.0	0.0	0.16821	0.12215	0.09782	0.20966	0.0	0.0	0.06936	0.00894	0.01491	0.10012	2e-05	2e-05	0.22351	0.06184	2e-05	0.02173	0.03323	0.13719	0.11782	0.09479	
0.07387	0.1418	0.04954	0.13212	6e-05	0.06645	0.20984	0.12353	0.1094	0.11975	0.03313	0.15061	0.18445	0.06977	0.1373	0.15061	6e-05	6e-05	0.25895	0.03146	0.0	0.0	0.03122	0.0	0.0	0.0	0.11201	0.19464	0.25216	0.0	0.23443	0.0	0.3718	0.38302	0.0294	0.03213	0.0	0.0	0.22962	0.30782	0.10989	0.2079	0.64611	0.10073	0.0	0.0	0.1514	0.26031	0.17042	0.10803	0.06468	0.15592	0.23411	0.0	0.0	0.22291	0.07155	0.21346	0.02002	6e-05	6e-05	0.01181	0.11278	0.21427	0.0	0.12084	0.03016	0.10368	0.0	0.08311	0.02227	6e-05	0.12423	0.19911	0.01411	0.10426	0.15061	0.08762	0.07947	0.04797	0.01606	0.15102	0.03714	0.15769	0.10875	6e-05	0.0	6e-05	0.04152	0.03144	0.1748	0.08648	0.17164	0.03687	6e-05	0.07973	0.03562	0.13205	0.02958	0.0	0.0	0.0	0.0	0.0	0.00819	0.01959	0.03444	0.12013	0.04449	0.02034	0.11399	0.03585	0.09665	0.03254	0.0373	0.03833	0.15132	0.0	0.0	0.0	0.15035	0.12638	0.14252	0.06452	0.0214	0.0	0.0	0.0	0.0	0.0	0.0132	0.13068	0.06114	0.08679	0.03272	0.0998	0.0	0.03986	0.14388	0.12532	0.0	0.14979	0.07339	0.15061	0.0214	0.01905	6e-05	0.0	0.0	0.01757	0.02096	0.03772	0.15798	0.0	0.0	0.07986	0.01032	0.12422	0.10931	6e-05	6e-05	0.09126	0.07091	6e-05	0.02494	0.03807	0.09746	0.10597	0.04237	
0.07293	0.1126	0.09215	0.28819	6e-05	0.30813	0.17531	0.03252	0.10788	0.1209	0.13008	0.07283	0.08233	0.04427	0.07905	0.07283	6e-05	6e-05	0.1375	0.13956	0.0	0.0	0.00978	0.0	0.0	0.0	0.25357	0.23287	0.1626	0.0	0.26382	0.3718	0.0	0.22083	0.07474	0.06405	0.0	0.0	0.16316	0.15645	0.12623	0.06476	0.36194	0.1993	0.0	0.0	0.1323	0.16726	0.18809	0.08945	0.23151	0.37498	0.17217	0.0	0.0	0.14894	0.01978	0.08127	0.0387	6e-05	6e-05	0.00348	0.07588	0.17904	0.0	0.09221	0.07309	0.06238	0.0	0.08238	0.01693	6e-05	0.0611	0.24101	0.04937	0.20384	0.07283	0.14159	0.06368	0.14013	0.03136	0.17204	0.13713	0.24295	0.14849	6e-05	0.0	6e-05	0.00818	0.13949	0.10615	0.0592	0.13748	0.12199	6e-05	0.0306	0.08137	0.0906	0.02907	0.0	0.0	0.0	0.0	0.0	0.01525	0.01614	0.04704	0.20679	0.0908	0.03932	0.05303	0.09106	0.11453	0.01891	0.03158	0.05842	0.17872	0.0	0.0	0.0	0.1359	0.11287	0.14602	0.1091	0.07779	0.0	0.0	0.0	0.0	0.0	0.025	0.11246	0.02835	0.01695	0.12658	0.15378	0.0	0.08871	0.06908	0.19142	0.0	0.08637	0.0306	0.07283	0.07779	0.01765	6e-05	0.0	0.0	0.0694	0.04783	0.0986	0.10493	0.0	0.0	0.01525	0.01939	0.06103	0.05656	6e-05	6e-05	0.14036	0.17054	6e-05	0.08022	0.02871	0.08048	0.08892	0.15063	
0.06625	0.18175	0.12552	0.08118	3e-05	0.04802	0.10598	0.10632	0.04419	0.22937	0.09962	0.11406	0.16031	0.03155	0.11039	0.11406	3e-05	3e-05	0.13618	0.06622	0.0	0.0	0.03156	0.0	0.0	0.0	0.12504	0.26131	0.22485	0.0	0.12468	0.38302	0.22083	0.0	0.03767	0.04225	0.0	0.0	0.21039	0.20438	0.15628	0.13231	0.32924	0.08549	0.0	0.0	0.21264	0.24443	0.11133	0.1391	0.14756	0.21857	0.1646	0.0	0.0	0.28045	0.04039	0.17636	0.07049	3e-05	3e-05	0.02097	0.14121	0.12685	0.0	0.01929	0.03615	0.08008	0.0	0.15597	0.01903	3e-05	0.14959	0.18748	0.01792	0.14488	0.11406	0.13358	0.15604	0.08615	0.02057	0.03426	0.11373	0.13552	0.1201	3e-05	0.0	3e-05	0.02226	0.06621	0.1717	0.10934	0.08585	0.0361	3e-05	0.03936	0.04749	0.12598	0.07381	0.0	0.0	0.0	0.0	0.0	0.01027	0.04107	0.03961	0.10005	0.01655	0.07068	0.12589	0.04703	0.14732	0.04251	0.04943	0.01507	0.30392	0.0	0.0	0.0	0.103	0.06006	0.04158	0.08084	0.02752	0.0	0.0	0.0	0.0	0.0	0.01674	0.24051	0.0499	0.1218	0.04276	0.09823	0.0	0.03879	0.13133	0.13023	0.0	0.11363	0.05416	0.11406	0.02752	0.02442	3e-05	0.0	0.0	0.02246	0.02694	0.0798	0.1307	0.0	0.0	0.03946	0.01301	0.14958	0.04665	3e-05	3e-05	0.10544	0.10679	3e-05	0.03244	0.05048	0.17304	0.09757	0.11034	
0.09041	0.21862	0.16478	0.14137	4e-05	0.11447	0.09669	0.06195	0.11175	0.03468	0.11839	0.11831	0.10948	0.08701	0.11197	0.11831	4e-05	4e-05	0.09799	0.03851	0.0	0.0	0.02135	0.0	0.0	0.0	0.25447	0.07889	0.10955	0.0	0.15842	0.0294	0.07474	0.03767	0.0	0.16271	0.0	0.0	0.22269	0.21515	0.15988	0.07506	0.06545	0.11794	0.0	0.0	0.15704	0.04728	0.18285	0.04609	0.05364	0.19235	0.0274	0.0	0.0	0.11033	0.17773	0.02791	0.02443	4e-05	4e-05	0.00114	0.09211	0.05499	0.0	0.10662	0.03702	0.0282	0.0	0.06623	0.01806	4e-05	0.02089	0.07021	0.01713	0.09726	0.11831	0.02424	0.12417	0.1145	0.0195	0.02801	0.23875	0.16752	0.14327	4e-05	0.0	4e-05	0.01236	0.03849	0.02961	0.03079	0.33245	0.15019	4e-05	0.01521	0.04391	0.1121	0.01675	0.0	0.0	0.0	0.0	0.0	0.00989	0.01631	0.04237	0.19798	0.05487	0.02483	0.05642	0.26838	0.09708	0.21393	0.0509	0.14921	0.04514	0.0	0.0	0.0	0.2535	0.10756	0.10452	0.10847	0.12691	0.0	0.0	0.0	0.0	0.0	0.01602	0.12571	0.18549	0.07019	0.04581	0.097	0.0	0.20581	0.10221	0.09966	0.0	0.11746	0.05051	0.11831	0.12691	0.0232	4e-05	0.0	0.0	0.29219	0.23304	0.11268	0.12984	0.0	0.0	0.01523	0.01249	0.02088	0.01657	4e-05	4e-05	0.18267	0.20359	4e-05	0.12099	0.04716	0.06813	0.06614	0.10725	
0.06883	0.12088	0.06062	0.04362	4e-05	0.04803	0.04827	0.02667	0.02283	0.02985	0.02002	0.01333	0.02435	0.04015	0.01661	0.01333	4e-05	4e-05	0.05033	0.02205	0.0	0.0	0.09724	0.0	0.0	0.0	0.05004	0.19721	0.13163	0.0	0.09159	0.03213	0.06405	0.04225	0.16271	0.0	0.0	0.0	0.02953	0.14041	0.17073	0.02821	0.03929	0.04277	0.0	0.0	0.04323	0.1272	0.07854	0.10104	0.04717	0.03616	0.01571	0.0	0.0	0.04235	0.04275	0.01317	0.0129	4e-05	4e-05	0.00051	0.2057	0.02538	0.0	0.04971	0.01846	0.01766	0.0	0.02198	0.00609	4e-05	0.01154	0.04456	0.00965	0.04462	0.01333	0.01299	0.07742	0.02432	0.01048	0.26009	0.02403	0.10908	0.02594	4e-05	0.0	4e-05	0.06265	0.02204	0.14929	0.11139	0.09079	0.03008	4e-05	0.06531	0.02088	0.02108	0.02916	0.0	0.0	0.0	0.0	0.0	0.26586	0.04664	0.0207	0.0658	0.02693	0.01309	0.0265	0.02224	0.03326	0.05795	0.02237	0.0236	0.02739	0.0	0.0	0.0	0.06257	0.04795	0.14967	0.05512	0.01406	0.0	0.0	0.0	0.0	0.0	0.00908	0.03062	0.05534	0.05459	0.02051	0.04138	0.0	0.14776	0.14678	0.04039	0.0	0.0144	0.01941	0.01333	0.01406	0.01266	4e-05	0.0	0.0	0.01177	0.01379	0.13213	0.04281	0.0	0.0	0.04528	0.00724	0.01152	0.05576	4e-05	4e-05	0.02188	0.0502	4e-05	0.01576	0.02279	0.09045	0.03438	0.0567	
0.0	0.0	0.0	0.0	0.0	0.0	0.0	0.0	0.0	0.0	0.0	0.0	0.0	0.0	0.0	0.0	0.0	0.0	0.0	0.0	0.0	0.0	0.0	0.0	0.0	0.0	0.0	0.0	0.0	0.0	0.0	0.0	0.0	0.0	0.0	0.0	0.0	0.0	0.0	0.0	0.0	0.0	0.0	0.0	0.0	0.0	0.0	0.0	0.0	0.0	0.0	0.0	0.0	0.0	0.0	0.0	0.0	0.0	0.0	0.0	0.0	0.0	0.0	0.0	0.0	0.0	0.0	0.0	0.0	0.0	0.0	0.0	0.0	0.0	0.0	0.0	0.0	0.0	0.0	0.0	0.0	0.0	0.0	0.0	0.0	0.0	0.0	0.0	0.0	0.0	0.0	0.0	0.0	0.0	0.0	0.0	0.0	0.0	0.0	0.0	0.0	0.0	0.0	0.0	0.0	0.0	0.0	0.0	0.0	0.0	0.0	0.0	0.0	0.0	0.0	0.0	0.0	0.0	0.0	0.0	0.0	0.0	0.0	0.0	0.0	0.0	0.0	0.0	0.0	0.0	0.0	0.0	0.0	0.0	0.0	0.0	0.0	0.0	0.0	0.0	0.0	0.0	0.0	0.0	0.0	0.0	0.0	0.0	0.0	0.0	0.0	0.0	0.0	0.0	0.0	0.0	0.0	0.0	0.0	0.0	0.0	0.0	0.0	0.0	0.0	0.0	0.0	0.0	0.0	
