0.0	0.00154	0.0	0.0	0.00246	0.00735	0.01932	0.08551	0.05701	0.0	0.0	0.0	0.0	0.0	0.00106	0.01163	0.01163	0.0	0.0	0.0	0.0	0.0	0.0	0.0	0.0	0.13283	0.0	0.13283	0.01932	0.01932	0.0	0.02079	0.02232	0.00661	0.0076	0.00028	0.008	0.00011	0.0	0.0	0.00301	0.0178	0.00471	0.0	0.00051	0.03306	0.02855	0.09054	0.03649	0.0	0.0	0.0	0.03635	0.0	0.03306	0.03306	0.00721	0.0	0.0	0.03306	0.0	0.0	0.00635	0.00256	0.02899	0.0	0.03306	0.0	0.0	0.0	0.01744	0.0	0.0	0.0	0.0	0.0	0.0	0.0	0.0	0.0158	0.01697	0.0	0.01697	0.02838	0.0	0.0	0.0	0.0	0.01697	0.01705	0.0	0.02018	0.0	0.03306	0.03306	0.03306	0.01697	0.02838	0.0	0.0	0.0	0.02838	0.01705	0.03306	0.02848	0.0	0.0	0.0	0.0	0.00635	0.0	0.01798	0.0	0.03306	0.0	0.26218	0.0	0.0	0.0	0.00779	0.03306	0.0	0.0	0.0	0.0	0.0	0.03306	0.0	0.0	0.0	0.02848	0.01705	0.0	0.02499	0.0	0.02499	0.01705	0.03635	0.0	0.0	0.03306	0.0	0.03306	0.00879	0.07032	0.0	0.0	0.0	0.0	0.0	0.03306	0.03306	0.0	0.0	0.00779	0.0	0.0	0.0	0.0	0.03306	0.0	0.004	0.0	0.0	0.0	0.04067	0.03306	0.0	0.04067	0.00779	0.04067	0.0	0.0	0.0	0.03306	0.0	0.0	0.03306	0.0	0.0	0.0	0.02153	0.03306	0.03306	0.03306	0.01798	0.0	0.26218	0.0	0.0	0.0	0.0	0.0	0.0	0.01705	0.0	0.0	0.01798	0.0	0.0	0.0	0.0	0.03658	0.0	0.0	0.17575	0.16151	0.02555	0.02917	0.01431	0.0289	0.0	0.0	0.04271	0.01798	0.08921	0.10416	0.00629	0.0	0.0	0.0	0.0	0.00258	0.0	0.0061	0.0	0.00261	0.0	0.0	0.0	0.0	0.0	0.0	
0.00154	0.0	0.00154	0.00154	0.63633	0.63942	0.64701	0.68893	0.57543	0.00154	0.06762	0.00154	0.00154	0.00154	0.33147	0.64214	0.64214	0.00154	0.0	0.0	0.00154	0.00154	0.00154	0.00154	0.00154	0.71891	0.00154	0.71891	0.64701	0.64701	0.08136	0.18739	0.60756	0.76104	0.40031	0.10734	0.37664	0.54452	0.00154	0.00154	0.54423	0.63387	0.37052	0.00154	0.44647	0.65571	0.61951	1.01247	0.46154	0.00154	0.00154	0.00154	0.11658	0.00154	0.65571	0.65571	0.4001	0.00154	0.00154	0.65571	0.00154	0.00154	0.1584	0.49488	0.70441	0.00154	0.65571	0.00154	0.00154	0.00154	0.63421	0.73988	0.03287	0.03287	0.00154	0.00154	0.0	0.00154	0.0	0.09985	0.1693	0.00154	0.1693	0.58603	0.00154	0.00154	0.73988	0.03287	0.1693	0.16933	0.00154	0.10198	0.0	0.65571	0.65571	0.65571	0.1693	0.58603	0.73988	0.73988	0.73988	0.58603	0.16933	0.65571	0.58608	0.00154	0.00154	0.00154	0.00154	0.1584	0.00154	0.40804	0.00154	0.65571	0.00154	0.10985	0.0	0.00154	0.00154	0.5487	0.65571	0.00154	0.00154	0.00154	0.00154	0.00317	0.65571	0.00154	0.00154	0.00154	0.58608	0.16933	0.00154	0.30124	0.00154	0.30124	0.16933	0.11658	0.00154	0.0	0.65571	0.00154	0.65571	0.33495	0.60667	0.00154	0.00154	0.00154	0.00154	0.00154	0.65571	0.65571	0.00154	0.0	0.5487	0.00154	0.00154	0.06762	0.00154	0.65571	0.00154	0.33279	0.00154	0.00154	0.00154	1.04194	0.65571	0.00154	1.04194	0.5487	1.04194	0.00154	0.00154	0.00154	0.65571	0.00154	0.00154	0.65571	0.00154	0.00154	0.00154	0.77409	0.65571	0.65571	0.65571	0.40804	0.00154	0.10985	0.0	0.0	0.0	0.0	0.0	0.00154	0.16933	0.00154	0.00154	0.40804	0.00154	0.03066	0.03066	0.00154	0.44581	0.00154	0.03287	0.72462	0.65768	0.22426	0.19287	0.16236	0.58397	0.03287	0.00154	0.15499	0.40804	0.27045	0.20779	0.46887	0.0	0.0	1.11424	1.11424	0.1894	0.00154	0.23944	0.00154	0.09422	0.00154	0.03066	0.04375	0.04375	0.00317	0.00317	
0.0	0.00154	0.0	0.0	0.00246	0.00735	0.01932	0.08551	0.01094	0.0	0.01156	0.0	0.0	0.0	0.00106	0.01163	0.01163	0.0	0.0	0.0	0.0	0.0	0.0	0.0	0.0	0.13283	0.0	0.13283	0.01932	0.01932	0.0	0.02079	0.02232	0.00661	0.0076	0.00028	0.008	0.00011	0.0	0.0	0.00301	0.0178	0.00471	0.0	0.00935	0.0131	0.01649	0.02004	0.02269	0.0	0.0	0.0	0.00695	0.0	0.0131	0.0131	0.02516	0.0	0.0	0.0131	0.0	0.0	0.00155	0.00651	0.03063	0.0	0.0131	0.0	0.0	0.0	0.02259	0.0	0.0	0.0	0.0	0.0	0.0	0.0	0.0	0.03252	0.00705	0.0	0.00705	0.01095	0.0	0.0	0.0	0.0	0.00705	0.0071	0.0	0.00688	0.0	0.0131	0.0131	0.0131	0.00705	0.01095	0.0	0.0	0.0	0.01095	0.0071	0.0131	0.011	0.0	0.0	0.0	0.0	0.00155	0.0	0.03753	0.0	0.0131	0.0	0.31335	0.0	0.0	0.0	0.00137	0.0131	0.0	0.0	0.0	0.0	0.0	0.0131	0.0	0.0	0.0	0.011	0.0071	0.0	0.00688	0.0	0.00688	0.0071	0.00695	0.0	0.0	0.0131	0.0	0.0131	0.00204	0.01968	0.0	0.0	0.0	0.0	0.0	0.0131	0.0131	0.0	0.0	0.00137	0.0	0.0	0.01156	0.0	0.0131	0.0	0.00656	0.0	0.0	0.0	0.01273	0.0131	0.0	0.01273	0.00137	0.01273	0.0	0.0	0.0	0.0131	0.0	0.0	0.0131	0.0	0.0	0.0	0.0211	0.0131	0.0131	0.0131	0.03753	0.0	0.31335	0.0	0.0	0.0	0.0	0.0	0.0	0.0071	0.0	0.0	0.03753	0.0	0.0	0.0	0.0	0.01268	0.0	0.0	0.0215	0.01624	0.03543	0.03778	0.00477	0.01042	0.0	0.0	0.06688	0.03753	0.10724	0.12276	0.00141	0.0	0.0	0.0	0.0	0.0002	0.0	0.00164	0.0	0.00037	0.0	0.0	0.0	0.0	0.0	0.0	
0.0	0.00154	0.0	0.0	0.00246	0.00735	0.01932	0.08551	0.01094	0.0	0.01156	0.0	0.0	0.0	0.00106	0.01163	0.01163	0.0	0.0	0.0	0.0	0.0	0.0	0.0	0.0	0.13283	0.0	0.13283	0.01932	0.01932	0.0	0.02079	0.02232	0.00661	0.0076	0.00028	0.008	0.00011	0.0	0.0	0.00301	0.0178	0.00471	0.0	0.00935	0.0131	0.01649	0.02004	0.02269	0.0	0.0	0.0	0.00695	0.0	0.0131	0.0131	0.02516	0.0	0.0	0.0131	0.0	0.0	0.00155	0.00651	0.03063	0.0	0.0131	0.0	0.0	0.0	0.02259	0.0	0.0	0.0	0.0	0.0	0.0	0.0	0.0	0.03252	0.00705	0.0	0.00705	0.01095	0.0	0.0	0.0	0.0	0.00705	0.0071	0.0	0.00688	0.0	0.0131	0.0131	0.0131	0.00705	0.01095	0.0	0.0	0.0	0.01095	0.0071	0.0131	0.011	0.0	0.0	0.0	0.0	0.00155	0.0	0.03753	0.0	0.0131	0.0	0.31335	0.0	0.0	0.0	0.00137	0.0131	0.0	0.0	0.0	0.0	0.0	0.0131	0.0	0.0	0.0	0.011	0.0071	0.0	0.00688	0.0	0.00688	0.0071	0.00695	0.0	0.0	0.0131	0.0	0.0131	0.00204	0.01968	0.0	0.0	0.0	0.0	0.0	0.0131	0.0131	0.0	0.0	0.00137	0.0	0.0	0.01156	0.0	0.0131	0.0	0.00656	0.0	0.0	0.0	0.01273	0.0131	0.0	0.01273	0.00137	0.01273	0.0	0.0	0.0	0.0131	0.0	0.0	0.0131	0.0	0.0	0.0	0.0211	0.0131	0.0131	0.0131	0.03753	0.0	0.31335	0.0	0.0	0.0	0.0	0.0	0.0	0.0071	0.0	0.0	0.03753	0.0	0.0	0.0	0.0	0.01268	0.0	0.0	0.0215	0.01624	0.03543	0.03778	0.00477	0.01042	0.0	0.0	0.06688	0.03753	0.10724	0.12276	0.00141	0.0	0.0	0.0	0.0	0.0002	0.0	0.00164	0.0	0.00037	0.0	0.0	0.0	0.0	0.0	0.0	
0.00246	0.63633	0.00246	0.00246	0.0	1.00939	1.02135	1.08754	0.20894	0.00246	0.10677	0.00246	0.00246	0.00246	0.154	1.01367	1.01367	0.00246	0.0	0.0	0.00246	0.00246	0.00246	0.00246	0.00246	1.13487	0.00246	1.13487	1.02135	1.02135	0.12846	0.10815	0.80793	0.64527	0.4573	0.06518	0.37118	0.17803	0.00246	0.00246	0.23273	0.70111	0.33881	0.00246	0.5813	1.0351	0.75068	0.83013	0.32374	0.00246	0.00246	0.00246	0.07755	0.00246	1.0351	1.0351	0.45702	0.00246	0.00246	1.0351	0.00246	0.00246	0.09126	0.43388	0.67956	0.00246	1.0351	0.00246	0.00246	0.00246	1.12127	0.0	0.06112	0.06112	0.00246	0.00246	0.0	0.00246	0.0	0.09525	0.23757	0.00246	0.23757	1.08888	0.00246	0.00246	0.0	0.06112	0.23757	0.23761	0.00246	0.03792	0.0	1.0351	1.0351	1.0351	0.23757	1.08888	0.0	0.0	0.0	1.08888	0.23761	1.0351	1.08897	0.00246	0.00246	0.00246	0.00246	0.09126	0.00246	0.24156	0.00246	1.0351	0.00246	0.10775	0.0	0.00246	0.00246	0.18221	1.0351	0.00246	0.00246	0.00246	0.00246	0.00417	1.0351	0.00246	0.00246	0.00246	1.08897	0.23761	0.00246	0.01394	0.00246	0.01394	0.23761	0.07755	0.00246	0.0	1.0351	0.00246	1.0351	0.15798	0.24018	0.00246	0.00246	0.00246	0.00246	0.00246	1.0351	1.0351	0.00246	0.0	0.18221	0.00246	0.00246	0.10677	0.00246	1.0351	0.00246	0.15551	0.00246	0.00246	0.00246	0.67545	1.0351	0.00246	0.67545	0.18221	0.67545	0.00246	0.00246	0.00246	1.0351	0.00246	0.00246	1.0351	0.00246	0.00246	0.00246	0.66019	1.0351	1.0351	1.0351	0.24156	0.00246	0.10775	0.0	0.0	0.0	0.0	0.0	0.00246	0.23761	0.00246	0.00246	0.24156	0.00246	0.01981	0.01981	0.00246	0.53253	0.00246	0.06112	1.1987	1.22201	0.24554	0.23618	0.09627	0.68704	0.06112	0.00246	0.15966	0.24156	0.1727	0.1476	0.15585	0.0	0.0	0.0	0.0	0.09232	0.00246	0.11014	0.00246	0.05476	0.00246	0.01981	0.02553	0.02553	0.00417	0.00417	
0.00735	0.63942	0.00735	0.00735	1.00939	0.0	1.0113	0.79645	0.21204	0.00735	0.10758	0.00205	0.00735	0.00735	0.15711	1.01856	1.01856	0.00735	0.0	0.0	0.00735	0.00735	0.00735	0.00205	0.00205	1.1309	0.00205	1.1309	1.0113	1.0113	0.12953	0.11849	0.70579	0.63292	0.46517	0.05751	0.38	0.15275	0.00205	0.00205	0.1935	0.6906	0.27212	0.00205	0.42651	1.02156	0.74624	0.7323	0.32599	0.00205	0.00205	0.00205	0.07302	0.00205	1.02156	1.02156	0.46505	0.00205	0.00205	1.02156	0.00205	0.00205	0.07905	0.33068	0.64071	0.00205	1.02156	0.00205	0.00205	0.00205	1.12455	0.0	0.0631	0.0631	0.00205	0.00205	0.0	0.00205	0.0	0.0467	0.24026	0.00205	0.24026	1.07939	0.00205	0.00205	0.0	0.0631	0.24026	0.24029	0.00205	0.03913	0.0	1.02156	1.02156	1.02156	0.24026	1.07939	0.0	0.0	0.0	1.07939	0.24029	1.02156	1.07946	0.00205	0.00205	0.00205	0.00205	0.07905	0.00205	0.24859	0.00205	1.02156	0.00205	0.08151	0.0	0.00205	0.00205	0.15398	1.02156	0.00205	0.00205	0.00205	0.00205	0.00345	1.02156	0.00205	0.00205	0.00205	1.07946	0.24029	0.00205	0.00898	0.00205	0.00898	0.24029	0.07302	0.00205	0.0	1.02156	0.00205	1.02156	0.13438	0.2368	0.00205	0.00205	0.00205	0.00205	0.00205	1.02156	1.02156	0.00205	0.0	0.15398	0.00205	0.00205	0.10758	0.00205	1.02156	0.00205	0.13667	0.00205	0.00205	0.00205	0.6467	1.02156	0.00205	0.6467	0.15398	0.6467	0.00205	0.00205	0.00205	1.02156	0.00205	0.00205	1.02156	0.00205	0.00205	0.00205	0.64457	1.02156	1.02156	1.02156	0.24859	0.00205	0.08151	0.0	0.0	0.0	0.0	0.0	0.00205	0.24029	0.00205	0.00205	0.24859	0.00205	0.01604	0.01604	0.00205	0.53226	0.00205	0.0631	1.19613	1.22065	0.2423	0.22962	0.08825	0.67509	0.0631	0.00205	0.16179	0.24859	0.14569	0.12234	0.13286	0.0	0.0	0.0	0.0	0.08043	0.00205	0.09516	0.00205	0.04793	0.00205	0.01604	0.02057	0.02057	0.00345	0.00345	
0.01932	0.64701	0.01932	0.01932	1.02135	1.0113	0.0	0.79178	0.21247	0.01932	0.10947	0.00137	0.01932	0.01932	0.12237	1.00633	1.00633	0.01932	0.0	0.0	0.01932	0.01932	0.01932	0.00966	0.00137	0.72531	0.00137	0.72531	1.00235	1.00235	0.04763	0.12335	0.71115	0.63773	0.47067	0.06301	0.38519	0.1575	0.00966	0.00137	0.15042	0.68273	0.20342	0.00137	0.29828	1.00732	0.74665	0.65029	0.33772	0.00137	0.00137	0.00137	0.06864	0.00137	1.00732	1.00732	0.48282	0.00137	0.00137	1.00732	0.00137	0.00137	0.06393	0.24021	0.61022	0.00137	1.00732	0.00137	0.00137	0.00137	1.14353	0.0	0.06696	0.06696	0.00137	0.00137	0.0	0.00137	0.0	0.01861	0.24563	0.00137	0.24563	1.07151	0.00137	0.00137	0.0	0.06696	0.24563	0.24565	0.00137	0.0437	0.0	1.00732	1.00732	1.00732	0.24563	1.07151	0.0	0.0	0.0	1.07151	0.24565	1.00732	1.07155	0.00137	0.00137	0.00137	0.00137	0.06393	0.00137	0.26775	0.00137	1.00732	0.00137	0.09645	0.0	0.00137	0.00137	0.12104	1.00732	0.00137	0.00137	0.00137	0.00137	0.00235	1.00732	0.00137	0.00137	0.00137	1.07155	0.24565	0.00137	0.0074	0.00137	0.0074	0.24565	0.06864	0.00137	0.0	1.00732	0.00137	1.00732	0.1063	0.24182	0.00137	0.00137	0.00137	0.00137	0.00137	1.00732	1.00732	0.00137	0.0	0.12104	0.00137	0.00137	0.10947	0.00137	1.00732	0.00137	0.11578	0.00137	0.00137	0.00137	0.61859	1.00732	0.00137	0.61859	0.12104	0.61859	0.00137	0.00137	0.00137	1.00732	0.00137	0.00137	1.00732	0.00137	0.00137	0.00137	0.63367	1.00732	1.00732	1.00732	0.26775	0.00137	0.09645	0.0	0.0	0.0	0.0	0.0	0.00137	0.24565	0.00137	0.00137	0.26775	0.00137	0.01116	0.01116	0.00137	0.53709	0.00137	0.06696	1.20335	1.22638	0.25028	0.23735	0.07975	0.66454	0.06696	0.00137	0.17942	0.26775	0.14945	0.12927	0.10564	0.0	0.0	0.0	0.0	0.06586	0.00137	0.07681	0.00137	0.03939	0.00137	0.01116	0.01428	0.01428	0.00235	0.00235	
0.08551	0.68893	0.08551	0.08551	1.08754	0.79645	0.79178	0.0	0.25687	0.08551	0.08651	0.00113	0.08551	0.08551	0.16766	1.07857	1.07857	0.08551	0.0	0.0	0.08551	0.08551	0.08551	0.00882	0.00113	0.6199	0.00113	0.6199	0.79178	0.79178	0.04747	0.1664	0.76314	0.58085	0.40705	0.06315	0.34272	0.16623	0.00882	0.00113	0.1628	0.59374	0.21843	0.00113	0.32778	0.7957	0.63781	0.52224	0.31491	0.00113	0.00113	0.00113	0.06519	0.00113	0.7957	0.7957	0.41499	0.00113	0.00113	0.7957	0.00113	0.00113	0.06465	0.26876	0.57332	0.00113	0.7957	0.00113	0.00113	0.00113	0.70498	1.54836	0.04784	0.04784	0.00113	0.00113	0.0	0.00113	0.0	0.06438	0.20619	0.00113	0.20619	0.76461	0.00113	0.00113	1.54836	0.04784	0.20619	0.2062	0.00113	0.04668	0.0	0.7957	0.7957	0.7957	0.20619	0.76461	1.54836	1.54836	1.54836	0.76461	0.2062	0.7957	0.76463	0.00113	0.00113	0.00113	0.00113	0.06465	0.00113	0.25119	0.00113	0.7957	0.00113	0.14505	0.0	0.00113	0.00113	0.12642	0.7957	0.00113	0.00113	0.00113	0.00113	0.00201	0.7957	0.00113	0.00113	0.00113	0.76463	0.2062	0.00113	0.02339	0.00113	0.02339	0.2062	0.06519	0.00113	0.0	0.7957	0.00113	0.7957	0.11027	0.23237	0.00113	0.00113	0.00113	0.00113	0.00113	0.7957	0.7957	0.00113	0.0	0.12642	0.00113	0.00113	0.08651	0.00113	0.7957	0.00113	0.11854	0.00113	0.00113	0.00113	0.56286	0.7957	0.00113	0.56286	0.12642	0.56286	0.00113	0.00113	0.00113	0.7957	0.00113	0.00113	0.7957	0.00113	0.00113	0.00113	0.57058	0.7957	0.7957	0.7957	0.25119	0.00113	0.14505	0.0	0.0	0.0	0.0	0.0	0.00113	0.2062	0.00113	0.00113	0.25119	0.00113	0.01022	0.01022	0.00113	0.45621	0.00113	0.04784	0.85766	0.87511	0.25032	0.24511	0.07454	0.54761	0.04784	0.00113	0.1875	0.25119	0.18462	0.16714	0.11208	0.0	0.0	1.08176	1.08176	0.06786	0.00113	0.07984	0.00113	0.03894	0.00113	0.01022	0.01317	0.01317	0.00201	0.00201	
0.05701	0.57543	0.01094	0.01094	0.20894	0.21204	0.21247	0.25687	0.0	0.05701	0.09739	9e-05	0.01094	0.05701	0.10621	0.21034	0.21034	0.05701	0.0	0.0	0.05701	0.05701	0.05701	0.05701	9e-05	0.22758	0.01084	0.22758	0.21247	0.21247	0.13774	0.10143	0.23157	0.38505	0.29958	0.07664	0.35296	1.05662	0.05701	0.01084	0.34637	0.27979	0.12632	9e-05	0.08335	0.22523	0.1742	0.52608	0.3263	9e-05	9e-05	9e-05	0.0049	9e-05	0.22523	0.22523	0.11177	9e-05	9e-05	0.22523	9e-05	9e-05	0.06571	0.17483	0.21671	9e-05	0.22523	9e-05	9e-05	9e-05	0.08772	0.14345	0.02092	0.02092	9e-05	9e-05	0.0	9e-05	0.0	0.01304	0.09887	9e-05	0.09887	0.17747	9e-05	9e-05	0.14345	0.02092	0.09887	0.09888	9e-05	0.17219	0.0	0.22523	0.22523	0.22523	0.09887	0.17747	0.14345	0.14345	0.14345	0.17747	0.09888	0.22523	0.17749	9e-05	9e-05	9e-05	9e-05	0.06571	9e-05	0.27316	9e-05	0.22523	9e-05	0.02281	0.0	9e-05	9e-05	0.28468	0.22523	9e-05	9e-05	9e-05	9e-05	0.00054	0.22523	9e-05	9e-05	9e-05	0.17749	0.09888	9e-05	0.03029	9e-05	0.03029	0.09888	0.0049	9e-05	0.0	0.22523	9e-05	0.22523	0.11017	0.00108	9e-05	9e-05	9e-05	9e-05	9e-05	0.22523	0.22523	9e-05	0.0	0.28468	9e-05	9e-05	0.09739	9e-05	0.22523	9e-05	0.00723	9e-05	9e-05	9e-05	0.29091	0.22523	9e-05	0.29091	0.28468	0.29091	9e-05	9e-05	9e-05	0.22523	9e-05	9e-05	0.22523	9e-05	9e-05	9e-05	0.25643	0.22523	0.22523	0.22523	0.27316	9e-05	0.02281	0.0	0.0	0.0	0.0	0.0	9e-05	0.09888	9e-05	9e-05	0.27316	9e-05	0.01374	0.01374	9e-05	0.0737	9e-05	0.02092	0.18293	0.18789	0.13894	0.11338	0.11053	0.18905	0.02092	9e-05	0.13089	0.27316	0.14841	0.10507	0.2449	0.0	0.0	0.78985	0.78985	0.13971	9e-05	0.1662	9e-05	0.07826	9e-05	0.01374	0.02007	0.02007	0.00054	0.00054	
0.0	0.00154	0.0	0.0	0.00246	0.00735	0.01932	0.08551	0.05701	0.0	0.0	0.0	0.0	0.0	0.00106	0.01163	0.01163	0.0	0.0	0.0	0.0	0.0	0.0	0.0	0.0	0.13283	0.0	0.13283	0.01932	0.01932	0.0	0.02079	0.02232	0.00661	0.0076	0.00028	0.008	0.00011	0.0	0.0	0.00301	0.0178	0.00471	0.0	0.00051	0.03306	0.02855	0.09054	0.03649	0.0	0.0	0.0	0.03635	0.0	0.03306	0.03306	0.00721	0.0	0.0	0.03306	0.0	0.0	0.00635	0.00256	0.02899	0.0	0.03306	0.0	0.0	0.0	0.01744	0.0	0.0	0.0	0.0	0.0	0.0	0.0	0.0	0.0158	0.01697	0.0	0.01697	0.02838	0.0	0.0	0.0	0.0	0.01697	0.01705	0.0	0.02018	0.0	0.03306	0.03306	0.03306	0.01697	0.02838	0.0	0.0	0.0	0.02838	0.01705	0.03306	0.02848	0.0	0.0	0.0	0.0	0.00635	0.0	0.01798	0.0	0.03306	0.0	0.26218	0.0	0.0	0.0	0.00779	0.03306	0.0	0.0	0.0	0.0	0.0	0.03306	0.0	0.0	0.0	0.02848	0.01705	0.0	0.02499	0.0	0.02499	0.01705	0.03635	0.0	0.0	0.03306	0.0	0.03306	0.00879	0.07032	0.0	0.0	0.0	0.0	0.0	0.03306	0.03306	0.0	0.0	0.00779	0.0	0.0	0.0	0.0	0.03306	0.0	0.004	0.0	0.0	0.0	0.04067	0.03306	0.0	0.04067	0.00779	0.04067	0.0	0.0	0.0	0.03306	0.0	0.0	0.03306	0.0	0.0	0.0	0.02153	0.03306	0.03306	0.03306	0.01798	0.0	0.26218	0.0	0.0	0.0	0.0	0.0	0.0	0.01705	0.0	0.0	0.01798	0.0	0.0	0.0	0.0	0.03658	0.0	0.0	0.17575	0.16151	0.02555	0.02917	0.01431	0.0289	0.0	0.0	0.04271	0.01798	0.08921	0.10416	0.00629	0.0	0.0	0.0	0.0	0.00258	0.0	0.0061	0.0	0.00261	0.0	0.0	0.0	0.0	0.0	0.0	
0.0	0.06762	0.01156	0.01156	0.10677	0.10758	0.10947	0.08651	0.09739	0.0	0.0	0.0032	0.01156	0.0	0.13616	0.10818	0.10818	0.0	0.0	0.0	0.0	0.0	0.0	0.0	0.0032	0.07949	0.0	0.07949	0.10947	0.10947	0.24231	0.14097	0.07563	0.06782	0.10424	0.22817	0.10452	0.12588	0.0	0.0	0.08825	0.07455	0.11053	0.0032	0.06818	0.04085	0.15138	0.0951	0.14937	0.0032	0.0032	0.0032	0.30711	0.0032	0.04085	0.04085	0.06604	0.0032	0.0032	0.04085	0.0032	0.0032	0.01754	0.07391	0.06604	0.0032	0.04085	0.0032	0.0032	0.0032	0.30409	0.04708	0.01626	0.01626	0.0032	0.0032	0.0	0.0032	0.0	0.04073	0.02303	0.0032	0.02303	0.03571	0.0032	0.0032	0.04708	0.01626	0.02303	0.02304	0.0032	0.03374	0.0	0.04085	0.04085	0.04085	0.02303	0.03571	0.04708	0.04708	0.04708	0.03571	0.02304	0.04085	0.03572	0.0032	0.0032	0.0032	0.0032	0.01754	0.0032	0.04707	0.0032	0.04085	0.0032	0.02299	0.0	0.0032	0.0032	0.02798	0.04085	0.0032	0.0032	0.0032	0.0032	0.00392	0.04085	0.0032	0.0032	0.0032	0.03572	0.02304	0.0032	0.04645	0.0032	0.04645	0.02304	0.30711	0.0032	0.0	0.04085	0.0032	0.04085	0.0251	0.07809	0.0032	0.0032	0.0032	0.0032	0.0032	0.04085	0.04085	0.0032	0.0	0.02798	0.0032	0.0032	1.00554	0.0032	0.04085	0.0032	0.15309	0.0032	0.0032	0.0032	0.05576	0.04085	0.0032	0.05576	0.02798	0.05576	0.0032	0.0032	0.0032	0.04085	0.0032	0.0032	0.04085	0.0032	0.0032	0.0032	0.09187	0.04085	0.04085	0.04085	0.04707	0.0032	0.02299	0.0	0.0	0.0	0.0	0.0	0.0032	0.02304	0.0032	0.0032	0.04707	0.0032	0.00837	0.00837	0.0032	0.04892	0.0032	0.01626	0.41442	0.40269	0.04489	0.04022	0.0256	0.03943	0.01626	0.0032	0.03626	0.04707	0.02965	0.0262	0.0238	0.0	0.0	0.0	0.0	0.01773	0.0032	0.01885	0.0032	0.0132	0.0032	0.00837	0.00965	0.00965	0.00392	0.00392	
0.0	0.00154	0.0	0.0	0.00246	0.00205	0.00137	0.00113	9e-05	0.0	0.0032	0.0	0.0	0.0	0.00048	0.00164	0.00164	0.0	0.0	0.0	0.0	0.0	0.0	0.0	0.0	0.0013	0.0	0.0013	0.00137	0.00137	0.00055	0.00037	0.00142	0.00127	0.00146	0.00038	0.0013	0.00097	0.0	0.0	0.00081	0.00091	0.00114	0.0	0.00062	0.00073	0.00085	0.00091	0.00052	0.0	0.0	0.0	0.00051	0.0	0.00073	0.00073	0.00127	0.0	0.0	0.00073	0.0	0.0	0.00056	0.00046	0.00041	0.0	0.00073	0.0	0.0	0.0	0.00121	0.0	0.0	0.0	0.0	0.0	0.0	0.0	0.0	0.00025	0.00047	0.0	0.00047	0.0005	0.0	0.0	0.0	0.0	0.00047	0.00048	0.0	9e-05	0.0	0.00073	0.00073	0.00073	0.00047	0.0005	0.0	0.0	0.0	0.0005	0.00048	0.00073	0.00051	0.0	0.0	0.0	0.0	0.00056	0.0	0.00077	0.0	0.00073	0.0	0.00011	0.0	0.0	0.0	0.00135	0.00073	0.0	0.0	0.0	0.0	0.0	0.00073	0.0	0.0	0.0	0.00051	0.00048	0.0	0.00029	0.0	0.00029	0.00048	0.00051	0.0	0.0	0.00073	0.0	0.00073	0.00066	8e-05	0.0	0.0	0.0	0.0	0.0	0.00073	0.00073	0.0	0.0	0.00135	0.0	0.0	0.0032	0.0	0.00073	0.0	9e-05	0.0	0.0	0.0	0.00077	0.00073	0.0	0.00077	0.00135	0.00077	0.0	0.0	0.0	0.00073	0.0	0.0	0.00073	0.0	0.0	0.0	0.00054	0.00073	0.00073	0.00073	0.00077	0.0	0.00011	0.0	0.0	0.0	0.0	0.0	0.0	0.00048	0.0	0.0	0.00077	0.0	0.0	0.0	0.0	0.00021	0.0	0.0	0.00224	0.00206	0.00054	0.00021	0.00018	0.00029	0.0	0.0	0.00085	0.00077	0.00113	4e-05	0.00139	0.0	0.0	0.0	0.0	0.0019	0.0	0.0008	0.0	0.00182	0.0	0.0	0.0	0.0	0.0	0.0	
0.0	0.00154	0.0	0.0	0.00246	0.00735	0.01932	0.08551	0.01094	0.0	0.01156	0.0	0.0	0.0	0.00106	0.01163	0.01163	0.0	0.0	0.0	0.0	0.0	0.0	0.0	0.0	0.13283	0.0	0.13283	0.01932	0.01932	0.0	0.02079	0.02232	0.00661	0.0076	0.00028	0.008	0.00011	0.0	0.0	0.00301	0.0178	0.00471	0.0	0.00935	0.0131	0.01649	0.02004	0.02269	0.0	0.0	0.0	0.00695	0.0	0.0131	0.0131	0.02516	0.0	0.0	0.0131	0.0	0.0	0.00155	0.00651	0.03063	0.0	0.0131	0.0	0.0	0.0	0.02259	0.0	0.0	0.0	0.0	0.0	0.0	0.0	0.0	0.03252	0.00705	0.0	0.00705	0.01095	0.0	0.0	0.0	0.0	0.00705	0.0071	0.0	0.00688	0.0	0.0131	0.0131	0.0131	0.00705	0.01095	0.0	0.0	0.0	0.01095	0.0071	0.0131	0.011	0.0	0.0	0.0	0.0	0.00155	0.0	0.03753	0.0	0.0131	0.0	0.31335	0.0	0.0	0.0	0.00137	0.0131	0.0	0.0	0.0	0.0	0.0	0.0131	0.0	0.0	0.0	0.011	0.0071	0.0	0.00688	0.0	0.00688	0.0071	0.00695	0.0	0.0	0.0131	0.0	0.0131	0.00204	0.01968	0.0	0.0	0.0	0.0	0.0	0.0131	0.0131	0.0	0.0	0.00137	0.0	0.0	0.01156	0.0	0.0131	0.0	0.00656	0.0	0.0	0.0	0.01273	0.0131	0.0	0.01273	0.00137	0.01273	0.0	0.0	0.0	0.0131	0.0	0.0	0.0131	0.0	0.0	0.0	0.0211	0.0131	0.0131	0.0131	0.03753	0.0	0.31335	0.0	0.0	0.0	0.0	0.0	0.0	0.0071	0.0	0.0	0.03753	0.0	0.0	0.0	0.0	0.01268	0.0	0.0	0.0215	0.01624	0.03543	0.03778	0.00477	0.01042	0.0	0.0	0.06688	0.03753	0.10724	0.12276	0.00141	0.0	0.0	0.0	0.0	0.0002	0.0	0.00164	0.0	0.00037	0.0	0.0	0.0	0.0	0.0	0.0	
0.0	0.00154	0.0	0.0	0.00246	0.00735	0.01932	0.08551	0.05701	0.0	0.0	0.0	0.0	0.0	0.00106	0.01163	0.01163	0.0	0.0	0.0	0.0	0.0	0.0	0.0	0.0	0.13283	0.0	0.13283	0.01932	0.01932	0.0	0.02079	0.02232	0.00661	0.0076	0.00028	0.008	0.00011	0.0	0.0	0.00301	0.0178	0.00471	0.0	0.00051	0.03306	0.02855	0.09054	0.03649	0.0	0.0	0.0	0.03635	0.0	0.03306	0.03306	0.00721	0.0	0.0	0.03306	0.0	0.0	0.00635	0.00256	0.02899	0.0	0.03306	0.0	0.0	0.0	0.01744	0.0	0.0	0.0	0.0	0.0	0.0	0.0	0.0	0.0158	0.01697	0.0	0.01697	0.02838	0.0	0.0	0.0	0.0	0.01697	0.01705	0.0	0.02018	0.0	0.03306	0.03306	0.03306	0.01697	0.02838	0.0	0.0	0.0	0.02838	0.01705	0.03306	0.02848	0.0	0.0	0.0	0.0	0.00635	0.0	0.01798	0.0	0.03306	0.0	0.26218	0.0	0.0	0.0	0.00779	0.03306	0.0	0.0	0.0	0.0	0.0	0.03306	0.0	0.0	0.0	0.02848	0.01705	0.0	0.02499	0.0	0.02499	0.01705	0.03635	0.0	0.0	0.03306	0.0	0.03306	0.00879	0.07032	0.0	0.0	0.0	0.0	0.0	0.03306	0.03306	0.0	0.0	0.00779	0.0	0.0	0.0	0.0	0.03306	0.0	0.004	0.0	0.0	0.0	0.04067	0.03306	0.0	0.04067	0.00779	0.04067	0.0	0.0	0.0	0.03306	0.0	0.0	0.03306	0.0	0.0	0.0	0.02153	0.03306	0.03306	0.03306	0.01798	0.0	0.26218	0.0	0.0	0.0	0.0	0.0	0.0	0.01705	0.0	0.0	0.01798	0.0	0.0	0.0	0.0	0.03658	0.0	0.0	0.17575	0.16151	0.02555	0.02917	0.01431	0.0289	0.0	0.0	0.04271	0.01798	0.08921	0.10416	0.00629	0.0	0.0	0.0	0.0	0.00258	0.0	0.0061	0.0	0.00261	0.0	0.0	0.0	0.0	0.0	0.0	
0.00106	0.33147	0.00106	0.00106	0.154	0.15711	0.12237	0.16766	0.10621	0.00106	0.13616	0.00048	0.00106	0.00106	0.0	0.1202	0.1202	0.00106	0.0	0.0	0.00106	0.00106	0.00106	0.00106	0.00048	0.13806	0.00048	0.13806	0.12237	0.12237	0.0303	0.0841	0.17708	0.52168	0.01127	0.22696	0.00496	0.08638	0.00106	0.00048	0.17276	0.24332	0.02207	0.00048	0.20285	0.12735	0.21035	1.16648	0.21102	0.00048	0.00048	0.00048	0.2567	0.00048	0.12735	0.12735	0.00215	0.00048	0.00048	0.12735	0.00048	0.00048	0.34806	0.28658	0.10148	0.00048	0.12735	0.00048	0.00048	0.00048	0.26861	0.06773	0.00942	0.00942	0.00048	0.00048	0.0	0.00048	0.0	0.09984	0.0601	0.00048	0.0601	0.09703	0.00048	0.00048	0.06773	0.00942	0.0601	0.06013	0.00048	0.04138	0.0	0.12735	0.12735	0.12735	0.0601	0.09703	0.06773	0.06773	0.06773	0.09703	0.06013	0.12735	0.09706	0.00048	0.00048	0.00048	0.00048	0.34806	0.00048	0.12031	0.00048	0.12735	0.00048	0.04664	0.0	0.00048	0.00048	0.07165	0.12735	0.00048	0.00048	0.00048	0.00048	0.0002	0.12735	0.00048	0.00048	0.00048	0.09706	0.06013	0.00048	0.14769	0.00048	0.14769	0.06013	0.2567	0.00048	0.0	0.12735	0.00048	0.12735	1.00199	0.32744	0.00048	0.00048	0.00048	0.00048	0.00048	0.12735	0.12735	0.00048	0.0	0.07165	0.00048	0.00048	0.13616	0.00048	0.12735	0.00048	1.01304	0.00048	0.00048	0.00048	0.22286	0.12735	0.00048	0.22286	0.07165	0.22286	0.00048	0.00048	0.00048	0.12735	0.00048	0.00048	0.12735	0.00048	0.00048	0.00048	0.50256	0.12735	0.12735	0.12735	0.12031	0.00048	0.04664	0.0	0.0	0.0	0.0	0.0	0.00048	0.06013	0.00048	0.00048	0.12031	0.00048	0.00146	0.00146	0.00048	0.16237	0.00048	0.00942	0.22382	0.1747	0.13006	0.11323	0.05463	0.12625	0.00942	0.00048	0.08505	0.12031	0.07248	0.06321	0.06171	0.0	0.0	0.0	0.0	0.03961	0.00048	0.04632	0.00048	0.0249	0.00048	0.00146	0.00239	0.00239	0.0002	0.0002	
0.01163	0.64214	0.01163	0.01163	1.01367	1.01856	1.00633	1.07857	0.21034	0.01163	0.10818	0.00164	0.01163	0.01163	0.1202	0.0	1.00287	0.01163	0.0	0.0	0.01163	0.01163	0.01163	0.01163	0.00164	0.72811	0.00164	0.72811	1.00633	1.00633	0.05342	0.11429	0.81512	0.65111	0.46391	0.07179	0.37744	0.18384	0.01163	0.00164	0.17248	0.6859	0.23807	0.00164	0.35983	1.01428	0.74528	0.69049	0.32987	0.00164	0.00164	0.00164	0.07065	0.00164	1.01428	1.01428	0.47191	0.00164	0.00164	1.01428	0.00164	0.00164	0.07187	0.28423	0.62366	0.00164	1.01428	0.00164	0.00164	0.00164	1.13384	0.0	0.06545	0.06545	0.00164	0.00164	0.0	0.00164	0.0	0.02964	0.24232	0.00164	0.24232	1.07576	0.00164	0.00164	0.0	0.06545	0.24232	0.24235	0.00164	0.04066	0.0	1.01428	1.01428	1.01428	0.24232	1.07576	0.0	0.0	0.0	1.07576	0.24235	1.01428	1.07581	0.00164	0.00164	0.00164	0.00164	0.07187	0.00164	0.25569	0.00164	1.01428	0.00164	0.08257	0.0	0.00164	0.00164	0.13816	1.01428	0.00164	0.00164	0.00164	0.00164	0.00281	1.01428	0.00164	0.00164	0.00164	1.07581	0.24235	0.00164	0.0074	0.00164	0.0074	0.24235	0.07065	0.00164	0.0	1.01428	0.00164	1.01428	0.12096	0.23752	0.00164	0.00164	0.00164	0.00164	0.00164	1.01428	1.01428	0.00164	0.0	0.13816	0.00164	0.00164	0.10818	0.00164	1.01428	0.00164	0.1264	0.00164	0.00164	0.00164	0.63221	1.01428	0.00164	0.63221	0.13816	0.63221	0.00164	0.00164	0.00164	1.01428	0.00164	0.00164	1.01428	0.00164	0.00164	0.00164	0.63793	1.01428	1.01428	1.01428	0.25569	0.00164	0.08257	0.0	0.0	0.0	0.0	0.0	0.00164	0.24235	0.00164	0.00164	0.25569	0.00164	0.01345	0.01345	0.00164	0.53351	0.00164	0.06545	1.19821	1.22278	0.24399	0.23066	0.08449	0.66985	0.06545	0.00164	0.16753	0.25569	0.14259	0.12061	0.11984	0.0	0.0	0.0	0.0	0.07348	0.00164	0.08645	0.00164	0.04384	0.00164	0.01345	0.01726	0.01726	0.00281	0.00281	
0.01163	0.64214	0.01163	0.01163	1.01367	1.01856	1.00633	1.07857	0.21034	0.01163	0.10818	0.00164	0.01163	0.01163	0.1202	1.00287	0.0	0.01163	0.0	0.0	0.01163	0.01163	0.01163	0.01163	0.00164	0.72811	0.00164	0.72811	1.00633	1.00633	0.05342	0.11429	0.81512	0.65111	0.46391	0.07179	0.37744	0.18384	0.01163	0.00164	0.17248	0.6859	0.23807	0.00164	0.35983	1.01428	0.74528	0.69049	0.32987	0.00164	0.00164	0.00164	0.07065	0.00164	1.01428	1.01428	0.47191	0.00164	0.00164	1.01428	0.00164	0.00164	0.07187	0.28423	0.62366	0.00164	1.01428	0.00164	0.00164	0.00164	1.13384	0.0	0.06545	0.06545	0.00164	0.00164	0.0	0.00164	0.0	0.02964	0.24232	0.00164	0.24232	1.07576	0.00164	0.00164	0.0	0.06545	0.24232	0.24235	0.00164	0.04066	0.0	1.01428	1.01428	1.01428	0.24232	1.07576	0.0	0.0	0.0	1.07576	0.24235	1.01428	1.07581	0.00164	0.00164	0.00164	0.00164	0.07187	0.00164	0.25569	0.00164	1.01428	0.00164	0.08257	0.0	0.00164	0.00164	0.13816	1.01428	0.00164	0.00164	0.00164	0.00164	0.00281	1.01428	0.00164	0.00164	0.00164	1.07581	0.24235	0.00164	0.0074	0.00164	0.0074	0.24235	0.07065	0.00164	0.0	1.01428	0.00164	1.01428	0.12096	0.23752	0.00164	0.00164	0.00164	0.00164	0.00164	1.01428	1.01428	0.00164	0.0	0.13816	0.00164	0.00164	0.10818	0.00164	1.01428	0.00164	0.1264	0.00164	0.00164	0.00164	0.63221	1.01428	0.00164	0.63221	0.13816	0.63221	0.00164	0.00164	0.00164	1.01428	0.00164	0.00164	1.01428	0.00164	0.00164	0.00164	0.63793	1.01428	1.01428	1.01428	0.25569	0.00164	0.08257	0.0	0.0	0.0	0.0	0.0	0.00164	0.24235	0.00164	0.00164	0.25569	0.00164	0.01345	0.01345	0.00164	0.53351	0.00164	0.06545	1.19821	1.22278	0.24399	0.23066	0.08449	0.66985	0.06545	0.00164	0.16753	0.25569	0.14259	0.12061	0.11984	0.0	0.0	0.0	0.0	0.07348	0.00164	0.08645	0.00164	0.04384	0.00164	0.01345	0.01726	0.01726	0.00281	0.00281	
0.0	0.00154	0.0	0.0	0.00246	0.00735	0.01932	0.08551	0.05701	0.0	0.0	0.0	0.0	0.0	0.00106	0.01163	0.01163	0.0	0.0	0.0	0.0	0.0	0.0	0.0	0.0	0.13283	0.0	0.13283	0.01932	0.01932	0.0	0.02079	0.02232	0.00661	0.0076	0.00028	0.008	0.00011	0.0	0.0	0.00301	0.0178	0.00471	0.0	0.00051	0.03306	0.02855	0.09054	0.03649	0.0	0.0	0.0	0.03635	0.0	0.03306	0.03306	0.00721	0.0	0.0	0.03306	0.0	0.0	0.00635	0.00256	0.02899	0.0	0.03306	0.0	0.0	0.0	0.01744	0.0	0.0	0.0	0.0	0.0	0.0	0.0	0.0	0.0158	0.01697	0.0	0.01697	0.02838	0.0	0.0	0.0	0.0	0.01697	0.01705	0.0	0.02018	0.0	0.03306	0.03306	0.03306	0.01697	0.02838	0.0	0.0	0.0	0.02838	0.01705	0.03306	0.02848	0.0	0.0	0.0	0.0	0.00635	0.0	0.01798	0.0	0.03306	0.0	0.26218	0.0	0.0	0.0	0.00779	0.03306	0.0	0.0	0.0	0.0	0.0	0.03306	0.0	0.0	0.0	0.02848	0.01705	0.0	0.02499	0.0	0.02499	0.01705	0.03635	0.0	0.0	0.03306	0.0	0.03306	0.00879	0.07032	0.0	0.0	0.0	0.0	0.0	0.03306	0.03306	0.0	0.0	0.00779	0.0	0.0	0.0	0.0	0.03306	0.0	0.004	0.0	0.0	0.0	0.04067	0.03306	0.0	0.04067	0.00779	0.04067	0.0	0.0	0.0	0.03306	0.0	0.0	0.03306	0.0	0.0	0.0	0.02153	0.03306	0.03306	0.03306	0.01798	0.0	0.26218	0.0	0.0	0.0	0.0	0.0	0.0	0.01705	0.0	0.0	0.01798	0.0	0.0	0.0	0.0	0.03658	0.0	0.0	0.17575	0.16151	0.02555	0.02917	0.01431	0.0289	0.0	0.0	0.04271	0.01798	0.08921	0.10416	0.00629	0.0	0.0	0.0	0.0	0.00258	0.0	0.0061	0.0	0.00261	0.0	0.0	0.0	0.0	0.0	0.0	
0.0	0.0	0.0	0.0	0.0	0.0	0.0	0.0	0.0	0.0	0.0	0.0	0.0	0.0	0.0	0.0	0.0	0.0	0.0	0.0	0.0	0.0	0.0	0.0	0.0	0.0	0.0	0.0	0.0	0.0	0.0	0.0	0.0	0.0	0.0	0.0	0.0	0.0	0.0	0.0	0.0	0.0	0.0	0.0	0.0	0.0	0.0	0.0	0.0	0.0	0.0	0.0	0.0	0.0	0.0	0.0	0.0	0.0	0.0	0.0	0.0	0.0	0.0	0.0	0.0	0.0	0.0	0.0	0.0	0.0	0.0	0.0	0.0	0.0	0.0	0.0	0.0	0.0	0.0	0.0	0.0	0.0	0.0	0.0	0.0	0.0	0.0	0.0	0.0	0.0	0.0	0.0	0.0	0.0	0.0	0.0	0.0	0.0	0.0	0.0	0.0	0.0	0.0	0.0	0.0	0.0	0.0	0.0	0.0	0.0	0.0	0.0	0.0	0.0	0.0	0.0	0.0	0.0	0.0	0.0	0.0	0.0	0.0	0.0	0.0	0.0	0.0	0.0	0.0	0.0	0.0	0.0	0.0	0.0	0.0	0.0	0.0	0.0	0.0	0.0	0.0	0.0	0.0	0.0	0.0	0.0	0.0	0.0	0.0	0.0	0.0	0.0	0.0	0.0	0.0	0.0	0.0	0.0	0.0	0.0	0.0	0.0	0.0	0.0	0.0	0.0	0.0	0.0	0.0	0.0	0.0	0.0	0.0	0.0	0.0	0.0	0.0	0.0	0.0	0.0	0.0	0.0	0.0	0.0	0.0	0.0	0.0	0.0	0.0	0.0	0.0	0.0	0.0	0.0	0.0	0.0	0.0	0.0	0.0	0.0	0.0	0.0	0.0	0.0	0.0	0.0	0.0	0.0	0.0	0.0	0.0	0.0	0.0	0.0	0.0	0.0	0.0	0.0	0.0	0.0	0.0	0.0	0.0	0.0	0.0	0.0	0.0	0.0	0.0	0.0	0.0	0.0	0.0	
0.0	0.0	0.0	0.0	0.0	0.0	0.0	0.0	0.0	0.0	0.0	0.0	0.0	0.0	0.0	0.0	0.0	0.0	0.0	0.0	0.0	0.0	0.0	0.0	0.0	0.0	0.0	0.0	0.0	0.0	0.0	0.0	0.0	0.0	0.0	0.0	0.0	0.0	0.0	0.0	0.0	0.0	0.0	0.0	0.0	0.0	0.0	0.0	0.0	0.0	0.0	0.0	0.0	0.0	0.0	0.0	0.0	0.0	0.0	0.0	0.0	0.0	0.0	0.0	0.0	0.0	0.0	0.0	0.0	0.0	0.0	0.0	0.0	0.0	0.0	0.0	0.0	0.0	0.0	0.0	0.0	0.0	0.0	0.0	0.0	0.0	0.0	0.0	0.0	0.0	0.0	0.0	0.0	0.0	0.0	0.0	0.0	0.0	0.0	0.0	0.0	0.0	0.0	0.0	0.0	0.0	0.0	0.0	0.0	0.0	0.0	0.0	0.0	0.0	0.0	0.0	0.0	0.0	0.0	0.0	0.0	0.0	0.0	0.0	0.0	0.0	0.0	0.0	0.0	0.0	0.0	0.0	0.0	0.0	0.0	0.0	0.0	0.0	0.0	0.0	0.0	0.0	0.0	0.0	0.0	0.0	0.0	0.0	0.0	0.0	0.0	0.0	0.0	0.0	0.0	0.0	0.0	0.0	0.0	0.0	0.0	0.0	0.0	0.0	0.0	0.0	0.0	0.0	0.0	0.0	0.0	0.0	0.0	0.0	0.0	0.0	0.0	0.0	0.0	0.0	0.0	0.0	0.0	0.0	0.0	0.0	0.0	0.0	0.0	0.0	0.0	0.0	0.0	0.0	0.0	0.0	0.0	0.0	0.0	0.0	0.0	0.0	0.0	0.0	0.0	0.0	0.0	0.0	0.0	0.0	0.0	0.0	0.0	0.0	0.0	0.0	0.0	0.0	0.0	0.0	0.0	0.0	0.0	0.0	0.0	0.0	0.0	0.0	0.0	0.0	0.0	0.0	0.0	
0.0	0.00154	0.0	0.0	0.00246	0.00735	0.01932	0.08551	0.05701	0.0	0.0	0.0	0.0	0.0	0.00106	0.01163	0.01163	0.0	0.0	0.0	0.0	0.0	0.0	0.0	0.0	0.13283	0.0	0.13283	0.01932	0.01932	0.0	0.02079	0.02232	0.00661	0.0076	0.00028	0.008	0.00011	0.0	0.0	0.00301	0.0178	0.00471	0.0	0.00051	0.03306	0.02855	0.09054	0.03649	0.0	0.0	0.0	0.03635	0.0	0.03306	0.03306	0.00721	0.0	0.0	0.03306	0.0	0.0	0.00635	0.00256	0.02899	0.0	0.03306	0.0	0.0	0.0	0.01744	0.0	0.0	0.0	0.0	0.0	0.0	0.0	0.0	0.0158	0.01697	0.0	0.01697	0.02838	0.0	0.0	0.0	0.0	0.01697	0.01705	0.0	0.02018	0.0	0.03306	0.03306	0.03306	0.01697	0.02838	0.0	0.0	0.0	0.02838	0.01705	0.03306	0.02848	0.0	0.0	0.0	0.0	0.00635	0.0	0.01798	0.0	0.03306	0.0	0.26218	0.0	0.0	0.0	0.00779	0.03306	0.0	0.0	0.0	0.0	0.0	0.03306	0.0	0.0	0.0	0.02848	0.01705	0.0	0.02499	0.0	0.02499	0.01705	0.03635	0.0	0.0	0.03306	0.0	0.03306	0.00879	0.07032	0.0	0.0	0.0	0.0	0.0	0.03306	0.03306	0.0	0.0	0.00779	0.0	0.0	0.0	0.0	0.03306	0.0	0.004	0.0	0.0	0.0	0.04067	0.03306	0.0	0.04067	0.00779	0.04067	0.0	0.0	0.0	0.03306	0.0	0.0	0.03306	0.0	0.0	0.0	0.02153	0.03306	0.03306	0.03306	0.01798	0.0	0.26218	0.0	0.0	0.0	0.0	0.0	0.0	0.01705	0.0	0.0	0.01798	0.0	0.0	0.0	0.0	0.03658	0.0	0.0	0.17575	0.16151	0.02555	0.02917	0.01431	0.0289	0.0	0.0	0.04271	0.01798	0.08921	0.10416	0.00629	0.0	0.0	0.0	0.0	0.00258	0.0	0.0061	0.0	0.00261	0.0	0.0	0.0	0.0	0.0	0.0	
0.0	0.00154	0.0	0.0	0.00246	0.00735	0.01932	0.08551	0.05701	0.0	0.0	0.0	0.0	0.0	0.00106	0.01163	0.01163	0.0	0.0	0.0	0.0	0.0	0.0	0.0	0.0	0.13283	0.0	0.13283	0.01932	0.01932	0.0	0.02079	0.02232	0.00661	0.0076	0.00028	0.008	0.00011	0.0	0.0	0.00301	0.0178	0.00471	0.0	0.00051	0.03306	0.02855	0.09054	0.03649	0.0	0.0	0.0	0.03635	0.0	0.03306	0.03306	0.00721	0.0	0.0	0.03306	0.0	0.0	0.00635	0.00256	0.02899	0.0	0.03306	0.0	0.0	0.0	0.01744	0.0	0.0	0.0	0.0	0.0	0.0	0.0	0.0	0.0158	0.01697	0.0	0.01697	0.02838	0.0	0.0	0.0	0.0	0.01697	0.01705	0.0	0.02018	0.0	0.03306	0.03306	0.03306	0.01697	0.02838	0.0	0.0	0.0	0.02838	0.01705	0.03306	0.02848	0.0	0.0	0.0	0.0	0.00635	0.0	0.01798	0.0	0.03306	0.0	0.26218	0.0	0.0	0.0	0.00779	0.03306	0.0	0.0	0.0	0.0	0.0	0.03306	0.0	0.0	0.0	0.02848	0.01705	0.0	0.02499	0.0	0.02499	0.01705	0.03635	0.0	0.0	0.03306	0.0	0.03306	0.00879	0.07032	0.0	0.0	0.0	0.0	0.0	0.03306	0.03306	0.0	0.0	0.00779	0.0	0.0	0.0	0.0	0.03306	0.0	0.004	0.0	0.0	0.0	0.04067	0.03306	0.0	0.04067	0.00779	0.04067	0.0	0.0	0.0	0.03306	0.0	0.0	0.03306	0.0	0.0	0.0	0.02153	0.03306	0.03306	0.03306	0.01798	0.0	0.26218	0.0	0.0	0.0	0.0	0.0	0.0	0.01705	0.0	0.0	0.01798	0.0	0.0	0.0	0.0	0.03658	0.0	0.0	0.17575	0.16151	0.02555	0.02917	0.01431	0.0289	0.0	0.0	0.04271	0.01798	0.08921	0.10416	0.00629	0.0	0.0	0.0	0.0	0.00258	0.0	0.0061	0.0	0.00261	0.0	0.0	0.0	0.0	0.0	0.0	
0.0	0.00154	0.0	0.0	0.00246	0.00735	0.01932	0.08551	0.05701	0.0	0.0	0.0	0.0	0.0	0.00106	0.01163	0.01163	0.0	0.0	0.0	0.0	0.0	0.0	0.0	0.0	0.13283	0.0	0.13283	0.01932	0.01932	0.0	0.02079	0.02232	0.00661	0.0076	0.00028	0.008	0.00011	0.0	0.0	0.00301	0.0178	0.00471	0.0	0.00051	0.03306	0.02855	0.09054	0.03649	0.0	0.0	0.0	0.03635	0.0	0.03306	0.03306	0.00721	0.0	0.0	0.03306	0.0	0.0	0.00635	0.00256	0.02899	0.0	0.03306	0.0	0.0	0.0	0.01744	0.0	0.0	0.0	0.0	0.0	0.0	0.0	0.0	0.0158	0.01697	0.0	0.01697	0.02838	0.0	0.0	0.0	0.0	0.01697	0.01705	0.0	0.02018	0.0	0.03306	0.03306	0.03306	0.01697	0.02838	0.0	0.0	0.0	0.02838	0.01705	0.03306	0.02848	0.0	0.0	0.0	0.0	0.00635	0.0	0.01798	0.0	0.03306	0.0	0.26218	0.0	0.0	0.0	0.00779	0.03306	0.0	0.0	0.0	0.0	0.0	0.03306	0.0	0.0	0.0	0.02848	0.01705	0.0	0.02499	0.0	0.02499	0.01705	0.03635	0.0	0.0	0.03306	0.0	0.03306	0.00879	0.07032	0.0	0.0	0.0	0.0	0.0	0.03306	0.03306	0.0	0.0	0.00779	0.0	0.0	0.0	0.0	0.03306	0.0	0.004	0.0	0.0	0.0	0.04067	0.03306	0.0	0.04067	0.00779	0.04067	0.0	0.0	0.0	0.03306	0.0	0.0	0.03306	0.0	0.0	0.0	0.02153	0.03306	0.03306	0.03306	0.01798	0.0	0.26218	0.0	0.0	0.0	0.0	0.0	0.0	0.01705	0.0	0.0	0.01798	0.0	0.0	0.0	0.0	0.03658	0.0	0.0	0.17575	0.16151	0.02555	0.02917	0.01431	0.0289	0.0	0.0	0.04271	0.01798	0.08921	0.10416	0.00629	0.0	0.0	0.0	0.0	0.00258	0.0	0.0061	0.0	0.00261	0.0	0.0	0.0	0.0	0.0	0.0	
0.0	0.00154	0.0	0.0	0.00246	0.00205	0.00966	0.00882	0.05701	0.0	0.0	0.0	0.0	0.0	0.00106	0.01163	0.01163	0.0	0.0	0.0	0.0	0.0	0.0	0.0	0.0	0.12926	0.0	0.12926	0.00966	0.00966	0.0	0.00037	0.00142	0.00127	0.00146	0.00038	0.0013	0.00097	0.0	0.0	0.00055	0.00815	0.00088	0.0	0.00083	0.01993	0.02326	0.04015	0.02557	0.0	0.0	0.0	0.04675	0.0	0.01993	0.01993	0.0013	0.0	0.0	0.01993	0.0	0.0	0.00308	0.00272	0.01298	0.0	0.01993	0.0	0.0	0.0	0.03249	0.0	0.0	0.0	0.0	0.0	0.0	0.0	0.0	0.002	0.01052	0.0	0.01052	0.01689	0.0	0.0	0.0	0.0	0.01052	0.01059	0.0	0.01135	0.0	0.01993	0.01993	0.01993	0.01052	0.01689	0.0	0.0	0.0	0.01689	0.01059	0.01993	0.01696	0.0	0.0	0.0	0.0	0.00308	0.0	0.00427	0.0	0.01993	0.0	0.04365	0.0	0.0	0.0	0.0033	0.01993	0.0	0.0	0.0	0.0	0.0	0.01993	0.0	0.0	0.0	0.01696	0.01059	0.0	0.01267	0.0	0.01267	0.01059	0.04675	0.0	0.0	0.01993	0.0	0.01993	0.00417	0.03522	0.0	0.0	0.0	0.0	0.0	0.01993	0.01993	0.0	0.0	0.0033	0.0	0.0	0.0	0.0	0.01993	0.0	0.00875	0.0	0.0	0.0	0.02165	0.01993	0.0	0.02165	0.0033	0.02165	0.0	0.0	0.0	0.01993	0.0	0.0	0.01993	0.0	0.0	0.0	0.01292	0.01993	0.01993	0.01993	0.00427	0.0	0.04365	0.0	0.0	0.0	0.0	0.0	0.0	0.01059	0.0	0.0	0.00427	0.0	0.0	0.0	0.0	0.0206	0.0	0.0	0.16882	0.15815	0.00904	0.00902	0.00796	0.01661	0.0	0.0	0.01142	0.00427	0.02005	0.02329	0.00289	0.0	0.0	0.0	0.0	0.0008	0.0	0.00306	0.0	0.00095	0.0	0.0	0.0	0.0	0.0	0.0	
0.0	0.00154	0.0	0.0	0.00246	0.00205	0.00137	0.00113	9e-05	0.0	0.0032	0.0	0.0	0.0	0.00048	0.00164	0.00164	0.0	0.0	0.0	0.0	0.0	0.0	0.0	0.0	0.0013	0.0	0.0013	0.00137	0.00137	0.00055	0.00037	0.00142	0.00127	0.00146	0.00038	0.0013	0.00097	0.0	0.0	0.00081	0.00091	0.00114	0.0	0.00062	0.00073	0.00085	0.00091	0.00052	0.0	0.0	0.0	0.00051	0.0	0.00073	0.00073	0.00127	0.0	0.0	0.00073	0.0	0.0	0.00056	0.00046	0.00041	0.0	0.00073	0.0	0.0	0.0	0.00121	0.0	0.0	0.0	0.0	0.0	0.0	0.0	0.0	0.00025	0.00047	0.0	0.00047	0.0005	0.0	0.0	0.0	0.0	0.00047	0.00048	0.0	9e-05	0.0	0.00073	0.00073	0.00073	0.00047	0.0005	0.0	0.0	0.0	0.0005	0.00048	0.00073	0.00051	0.0	0.0	0.0	0.0	0.00056	0.0	0.00077	0.0	0.00073	0.0	0.00011	0.0	0.0	0.0	0.00135	0.00073	0.0	0.0	0.0	0.0	0.0	0.00073	0.0	0.0	0.0	0.00051	0.00048	0.0	0.00029	0.0	0.00029	0.00048	0.00051	0.0	0.0	0.00073	0.0	0.00073	0.00066	8e-05	0.0	0.0	0.0	0.0	0.0	0.00073	0.00073	0.0	0.0	0.00135	0.0	0.0	0.0032	0.0	0.00073	0.0	9e-05	0.0	0.0	0.0	0.00077	0.00073	0.0	0.00077	0.00135	0.00077	0.0	0.0	0.0	0.00073	0.0	0.0	0.00073	0.0	0.0	0.0	0.00054	0.00073	0.00073	0.00073	0.00077	0.0	0.00011	0.0	0.0	0.0	0.0	0.0	0.0	0.00048	0.0	0.0	0.00077	0.0	0.0	0.0	0.0	0.00021	0.0	0.0	0.00224	0.00206	0.00054	0.00021	0.00018	0.00029	0.0	0.0	0.00085	0.00077	0.00113	4e-05	0.00139	0.0	0.0	0.0	0.0	0.0019	0.0	0.0008	0.0	0.00182	0.0	0.0	0.0	0.0	0.0	0.0	
0.13283	0.71891	0.13283	0.13283	1.13487	1.1309	0.72531	0.6199	0.22758	0.13283	0.07949	0.0013	0.13283	0.13283	0.13806	0.72811	0.72811	0.13283	0.0	0.0	0.13283	0.13283	0.13283	0.12926	0.0013	0.0	0.0013	1.00231	0.72531	0.72531	0.32463	0.19968	0.79525	0.71315	0.55699	0.14933	0.46668	0.23214	0.12926	0.0013	0.17892	0.56768	0.24069	0.0013	0.37055	0.72891	0.60402	0.51807	0.31356	0.0013	0.0013	0.0013	0.06666	0.0013	0.72891	0.72891	0.39492	0.0013	0.0013	0.72891	0.0013	0.0013	0.06856	0.3046	0.57705	0.0013	0.72891	0.0013	0.0013	0.0013	0.61605	1.07803	0.04286	0.04286	0.0013	0.0013	0.0	0.0013	0.0	0.1032	0.19283	0.0013	0.19283	0.67971	0.0013	0.0013	1.07803	0.04286	0.19283	0.19285	0.0013	0.05074	0.0	0.72891	0.72891	0.72891	0.19283	0.67971	1.07803	1.07803	1.07803	0.67971	0.19285	0.72891	0.67974	0.0013	0.0013	0.0013	0.0013	0.06856	0.0013	0.2527	0.0013	0.72891	0.0013	0.19098	0.0	0.0013	0.0013	0.13634	0.72891	0.0013	0.0013	0.0013	0.0013	0.00229	0.72891	0.0013	0.0013	0.0013	0.67974	0.19285	0.0013	0.03548	0.0013	0.03548	0.19285	0.06666	0.0013	0.0	0.72891	0.0013	0.72891	0.11843	0.23757	0.0013	0.0013	0.0013	0.0013	0.0013	0.72891	0.72891	0.0013	0.0	0.13634	0.0013	0.0013	0.07949	0.0013	0.72891	0.0013	0.12631	0.0013	0.0013	0.0013	0.55336	0.72891	0.0013	0.55336	0.13634	0.55336	0.0013	0.0013	0.0013	0.72891	0.0013	0.0013	0.72891	0.0013	0.0013	0.0013	0.55702	0.72891	0.72891	0.72891	0.2527	0.0013	0.19098	0.0	0.0	0.0	0.0	0.0	0.0013	0.19285	0.0013	0.0013	0.2527	0.0013	0.01129	0.01129	0.0013	0.43136	0.0013	0.04286	0.76735	0.7779	0.26094	0.26144	0.07649	0.51442	0.04286	0.0013	0.20262	0.2527	0.22125	0.20518	0.12148	0.0	0.0	0.86381	0.86381	0.07247	0.0013	0.0856	0.0013	0.04095	0.0013	0.01129	0.01451	0.01451	0.00229	0.00229	
0.0	0.00154	0.0	0.0	0.00246	0.00205	0.00137	0.00113	0.01084	0.0	0.0	0.0	0.0	0.0	0.00048	0.00164	0.00164	0.0	0.0	0.0	0.0	0.0	0.0	0.0	0.0	0.0013	0.0	0.0013	0.00137	0.00137	0.00055	0.00037	0.00142	0.00127	0.00146	0.00038	0.0013	0.00097	0.0	0.0	0.00081	0.00091	0.00115	0.0	0.00993	0.00634	0.02212	0.00508	0.0214	0.0	0.0	0.0	0.0662	0.0	0.00634	0.00634	0.00158	0.0	0.0	0.00634	0.0	0.0	0.00037	0.00921	0.00797	0.0	0.00634	0.0	0.0	0.0	0.06415	0.0	0.0	0.0	0.0	0.0	0.0	0.0	0.0	0.00456	0.00351	0.0	0.00351	0.00513	0.0	0.0	0.0	0.0	0.00351	0.00355	0.0	0.00271	0.0	0.00634	0.00634	0.00634	0.00351	0.00513	0.0	0.0	0.0	0.00513	0.00355	0.00634	0.00516	0.0	0.0	0.0	0.0	0.00037	0.0	0.00112	0.0	0.00634	0.0	0.00172	0.0	0.0	0.0	0.00016	0.00634	0.0	0.0	0.0	0.0	0.0	0.00634	0.0	0.0	0.0	0.00516	0.00355	0.0	0.002	0.0	0.002	0.00355	0.0662	0.0	0.0	0.00634	0.0	0.00634	0.00042	0.0067	0.0	0.0	0.0	0.0	0.0	0.00634	0.00634	0.0	0.0	0.00016	0.0	0.0	0.0	0.0	0.00634	0.0	0.02006	0.0	0.0	0.0	0.00495	0.00634	0.0	0.00495	0.00016	0.00495	0.0	0.0	0.0	0.00634	0.0	0.0	0.00634	0.0	0.0	0.0	0.01023	0.00634	0.00634	0.00634	0.00112	0.0	0.00172	0.0	0.0	0.0	0.0	0.0	0.0	0.00355	0.0	0.0	0.00112	0.0	0.0	0.0	0.0	0.00529	0.0	0.0	0.16888	0.16	0.00262	0.00395	0.00183	0.00453	0.0	0.0	0.00059	0.00112	0.00094	0.00161	0.00047	0.0	0.0	0.0	0.0	0.00015	0.0	0.00056	0.0	0.00028	0.0	0.0	0.0	0.0	0.0	0.0	
