0.0	0.03072	0.07741	0.19439	0.17885	0.11039	0.07365	0.00145	0.00145	0.00145	0.00145	0.03039	0.00145	0.00145	0.04776	0.03382	0.05861	0.03908	0.02407	0.00145	0.0753	0.05742	0.13439	0.0	0.04087	0.05832	0.00145	0.00145	0.06352	0.09786	0.13853	0.0	0.07124	0.14887	0.11442	0.08009	0.047	0.31916	0.0	0.0	0.0	0.21389	0.10763	0.07254	0.11915	0.09164	0.06036	0.06212	0.08878	0.0	0.04842	0.08199	0.08434	0.14098	0.0	0.0	0.08521	0.07144	0.05186	0.093	0.0961	0.1465	0.06035	0.1491	0.08328	0.11141	0.14236	0.0756	0.03675	0.00145	0.00145	0.05455	0.02091	0.08998	0.04181	0.07833	0.03963	0.09694	0.10476	0.02056	0.07494	0.05008	0.00145	0.06227	0.15101	0.03265	0.00145	0.10188	0.0	0.13644	0.12642	0.1063	0.10434	0.09862	0.465	
0.03072	0.0	0.10516	0.02437	0.09305	0.14971	0.23468	0.00107	0.00107	0.00107	0.00107	0.06473	0.00107	0.00107	0.06766	0.01611	0.0729	0.06681	0.12059	0.00107	0.02151	0.12623	0.02106	0.0	0.01148	0.03883	0.00107	0.00107	0.07316	0.06661	0.13022	0.0	0.03709	0.10056	0.1723	0.05141	0.10512	0.11696	0.0	0.0	0.0	0.23656	0.19608	0.12353	0.11681	0.05567	0.12932	0.02781	0.05971	0.0	0.07372	0.08744	0.09839	0.11576	0.0	0.0	0.0898	0.07745	0.11002	0.0883	0.04585	0.08933	0.02838	0.11804	0.03739	0.14899	0.10461	0.07992	0.01433	0.00107	0.00107	0.01489	0.01344	0.02138	0.06389	0.08132	0.09282	0.05739	0.03832	0.02548	0.07596	0.01886	0.00107	0.15667	0.14541	0.01696	0.00107	0.0939	0.0	0.1332	0.01261	0.03498	0.10147	0.24346	0.04267	
0.07741	0.10516	0.0	0.14274	0.12842	0.03651	0.06255	0.00039	0.00039	0.00039	0.00039	0.02607	0.00039	0.00039	0.04824	0.02201	0.0347	0.03909	0.03238	0.00039	0.04455	0.02009	0.00981	0.0	0.04718	0.06629	0.00039	0.00039	0.05727	0.14016	0.11936	0.0	0.13484	0.21108	0.05321	0.14086	0.07309	0.22073	0.0	0.0	0.0	0.12148	0.11776	0.05675	0.06254	0.05839	0.05809	0.06147	0.0341	0.0	0.129	0.1694	0.07508	0.13214	0.0	0.0	0.0861	0.07096	0.06477	0.07584	0.11245	0.09107	0.04854	0.13075	0.08178	0.08935	0.20843	0.04739	0.05089	0.00039	0.00039	0.06525	0.04695	0.17803	0.06938	0.02409	0.04176	0.09073	0.09955	0.03603	0.09871	0.02583	0.00039	0.03913	0.1229	0.01325	0.00039	0.05738	0.0	0.11789	0.09129	0.15612	0.27305	0.06963	0.10264	
0.19439	0.02437	0.14274	0.0	0.28375	0.09719	0.04093	0.00181	0.00181	0.00181	0.00181	0.01595	0.00181	0.00181	0.02256	0.01357	0.02902	0.03737	0.01315	0.00181	0.19394	0.02714	0.01009	0.0	0.06595	0.06334	0.00181	0.00181	0.11169	0.10245	0.03012	0.0	0.08282	0.17237	0.23903	0.27871	0.0894	0.19995	0.0	0.0	0.0	0.18173	0.05109	0.10745	0.08269	0.0441	0.14396	0.08035	0.06554	0.0	0.09819	0.22909	0.24307	0.28207	0.0	0.0	0.04571	0.05179	0.05811	0.03916	0.06955	0.19922	0.03278	0.04142	0.15222	0.14533	0.27846	0.10825	0.01243	0.00181	0.00181	0.02174	0.01178	0.13922	0.08005	0.03366	0.03511	0.03116	0.18925	0.02632	0.09848	0.01586	0.00181	0.03599	0.17762	0.01973	0.00181	0.03309	0.0	0.04636	0.49365	0.48183	0.07394	0.03521	0.24018	
0.17885	0.09305	0.12842	0.28375	0.0	0.10069	0.03478	0.002	0.002	0.002	0.002	0.01402	0.002	0.002	0.01986	0.01198	0.02568	0.02309	0.01161	0.002	0.16265	0.02378	0.10694	0.0	0.11775	0.0563	0.002	0.002	0.26303	0.18099	0.12403	0.0	0.08163	0.20234	0.09364	0.28065	0.10597	0.10653	0.0	0.0	0.0	0.2135	0.14535	0.17776	0.10026	0.10301	0.0997	0.07002	0.11163	0.0	0.11779	0.27619	0.13743	0.2296	0.0	0.0	0.09241	0.1069	0.10345	0.06188	0.07798	0.24294	0.05331	0.03674	0.18294	0.20856	0.34771	0.24693	0.20085	0.002	0.002	0.11442	0.01043	0.10392	0.12446	0.02956	0.0462	0.07407	0.25893	0.0181	0.10551	0.02631	0.002	0.06302	0.12279	0.01742	0.002	0.13077	0.0	0.13325	0.49161	0.1533	0.0997	0.1009	0.19121	
0.11039	0.14971	0.03651	0.09719	0.10069	0.0	0.06474	0.00229	0.00229	0.00229	0.00229	0.05538	0.00229	0.00229	0.09515	0.04821	0.10071	0.088	0.02379	0.00229	0.03586	0.06094	0.03374	0.0	0.05705	0.07337	0.00229	0.00229	0.13624	0.05551	0.10899	0.0	0.10025	0.09071	0.10674	0.05238	0.1354	0.38143	0.0	0.0	0.0	0.20005	0.15812	0.10319	0.14225	0.07323	0.07742	0.09739	0.07271	0.0	0.05748	0.1413	0.06769	0.11124	0.0	0.0	0.14966	0.09666	0.12765	0.0727	0.06582	0.10201	0.05508	0.0733	0.06755	0.07786	0.11955	0.13853	0.02229	0.00229	0.00229	0.05387	0.04824	0.0635	0.07755	0.06832	0.05844	0.06754	0.07639	0.03508	0.18147	0.04479	0.00229	0.13154	0.12149	0.0577	0.00229	0.08507	0.0	0.12369	0.0549	0.10796	0.08408	0.22682	0.08657	
0.07365	0.23468	0.06255	0.04093	0.03478	0.06474	0.0	0.00148	0.00148	0.00148	0.00148	0.33977	0.00148	0.00148	0.25256	0.01058	0.21805	0.02489	0.09896	0.00148	0.0175	1.00152	0.02763	0.0	0.02482	0.03322	0.00148	0.00148	0.02742	0.12383	0.03536	0.0	0.06309	0.06122	0.04816	0.0426	0.06961	0.08645	0.0	0.0	0.0	0.06477	0.34413	0.08456	0.15956	0.03119	0.08923	0.05082	0.08456	0.0	0.09042	0.05668	0.04222	0.0826	0.0	0.0	0.09176	0.03895	0.06814	0.02435	0.03773	0.0293	0.02617	0.17411	0.0222	0.12559	0.02488	0.03033	0.01092	0.00148	0.00148	0.00224	0.00849	0.04761	0.06873	0.22323	0.16408	0.0483	0.0464	0.01486	0.08692	0.01117	0.00148	0.08353	0.09082	0.01327	0.00148	0.24926	0.0	0.09033	0.03513	0.05313	0.09112	0.08931	0.0773	
0.00145	0.00107	0.00039	0.00181	0.002	0.00229	0.00148	0.0	0.0	0.0	0.0	0.00126	0.0	0.0	0.00089	0.00013	0.00161	0.00116	0.00104	0.0	0.0001	0.0019	0.00322	0.0	0.00099	0.00159	0.0	0.0	0.00366	0.00036	0.00088	0.0	0.00054	0.00092	0.00232	0.0005	0.00104	3e-05	0.0	0.0	0.0	0.0001	0.00048	0.00094	0.0011	0.0003	7e-05	0.00014	0.00112	0.0	0.00076	0.00047	0.00143	0.00142	0.0	0.0	0.00127	0.00016	0.00014	0.00082	0.00148	0.00295	0.00062	0.00071	0.00274	0.00159	0.00417	0.00328	0.00103	0.0	0.0	3e-05	0.00221	8e-05	0.00044	0.0007	0.0004	0.00075	0.00208	0.00019	0.0015	0.00141	0.0	0.0041	0.00191	0.00181	0.0	0.0005	0.0	0.0009	0.0022	0.00018	0.00043	0.00057	0.00162	
0.00145	0.00107	0.00039	0.00181	0.002	0.00229	0.00148	0.0	0.0	0.0	0.0	0.00126	0.0	0.0	0.00089	0.00013	0.00161	0.00116	0.00104	0.0	0.0001	0.0019	0.00322	0.0	0.00099	0.00159	0.0	0.0	0.00366	0.00036	0.00088	0.0	0.00054	0.00092	0.00232	0.0005	0.00104	3e-05	0.0	0.0	0.0	0.0001	0.00048	0.00094	0.0011	0.0003	7e-05	0.00014	0.00112	0.0	0.00076	0.00047	0.00143	0.00142	0.0	0.0	0.00127	0.00016	0.00014	0.00082	0.00148	0.00295	0.00062	0.00071	0.00274	0.00159	0.00417	0.00328	0.00103	0.0	0.0	3e-05	0.00221	8e-05	0.00044	0.0007	0.0004	0.00075	0.00208	0.00019	0.0015	0.00141	0.0	0.0041	0.00191	0.00181	0.0	0.0005	0.0	0.0009	0.0022	0.00018	0.00043	0.00057	0.00162	
0.00145	0.00107	0.00039	0.00181	0.002	0.00229	0.00148	0.0	0.0	0.0	0.0	0.00126	0.0	0.0	0.00089	0.00013	0.00161	0.00116	0.00104	0.0	0.0001	0.0019	0.00322	0.0	0.00099	0.00159	0.0	0.0	0.00366	0.00036	0.00088	0.0	0.00054	0.00092	0.00232	0.0005	0.00104	3e-05	0.0	0.0	0.0	0.0001	0.00048	0.00094	0.0011	0.0003	7e-05	0.00014	0.00112	0.0	0.00076	0.00047	0.00143	0.00142	0.0	0.0	0.00127	0.00016	0.00014	0.00082	0.00148	0.00295	0.00062	0.00071	0.00274	0.00159	0.00417	0.00328	0.00103	0.0	0.0	3e-05	0.00221	8e-05	0.00044	0.0007	0.0004	0.00075	0.00208	0.00019	0.0015	0.00141	0.0	0.0041	0.00191	0.00181	0.0	0.0005	0.0	0.0009	0.0022	0.00018	0.00043	0.00057	0.00162	
0.00145	0.00107	0.00039	0.00181	0.002	0.00229	0.00148	0.0	0.0	0.0	0.0	0.00126	0.0	0.0	0.00089	0.00013	0.00161	0.00116	0.00104	0.0	0.0001	0.0019	0.00322	0.0	0.00099	0.00159	0.0	0.0	0.00366	0.00036	0.00088	0.0	0.00054	0.00092	0.00232	0.0005	0.00104	3e-05	0.0	0.0	0.0	0.0001	0.00048	0.00094	0.0011	0.0003	7e-05	0.00014	0.00112	0.0	0.00076	0.00047	0.00143	0.00142	0.0	0.0	0.00127	0.00016	0.00014	0.00082	0.00148	0.00295	0.00062	0.00071	0.00274	0.00159	0.00417	0.00328	0.00103	0.0	0.0	3e-05	0.00221	8e-05	0.00044	0.0007	0.0004	0.00075	0.00208	0.00019	0.0015	0.00141	0.0	0.0041	0.00191	0.00181	0.0	0.0005	0.0	0.0009	0.0022	0.00018	0.00043	0.00057	0.00162	
0.03039	0.06473	0.02607	0.01595	0.01402	0.05538	0.33977	0.00126	0.00126	0.00126	0.00126	0.0	0.00126	0.00126	0.57955	0.00532	0.45843	0.01119	0.00579	0.00126	0.00847	0.34641	0.0159	0.0	0.01236	0.01658	0.00126	0.00126	0.01667	0.19617	0.03958	0.0	0.03075	0.02005	0.02422	0.01782	0.05331	0.04391	0.0	0.0	0.0	0.16587	0.1757	0.04453	0.23148	0.07521	0.12017	0.01936	0.033	0.0	0.08757	0.13474	0.02153	0.01654	0.0	0.0	0.06584	0.03842	0.05582	0.02908	0.04664	0.01241	0.01238	0.1935	0.01008	0.10355	0.01579	0.01712	0.00555	0.00126	0.00126	0.04567	0.00582	0.01283	0.22553	0.23113	0.22551	0.0211	0.02073	0.00753	0.03434	0.0068	0.00126	0.04947	0.03102	0.00804	0.00126	0.37176	0.0	0.03063	0.01452	0.068	0.01703	0.07572	0.03394	
0.00145	0.00107	0.00039	0.00181	0.002	0.00229	0.00148	0.0	0.0	0.0	0.0	0.00126	0.0	0.0	0.00089	0.00013	0.00161	0.00116	0.00104	0.0	0.0001	0.0019	0.00322	0.0	0.00099	0.00159	0.0	0.0	0.00366	0.00036	0.00088	0.0	0.00054	0.00092	0.00232	0.0005	0.00104	3e-05	0.0	0.0	0.0	0.0001	0.00048	0.00094	0.0011	0.0003	7e-05	0.00014	0.00112	0.0	0.00076	0.00047	0.00143	0.00142	0.0	0.0	0.00127	0.00016	0.00014	0.00082	0.00148	0.00295	0.00062	0.00071	0.00274	0.00159	0.00417	0.00328	0.00103	0.0	0.0	3e-05	0.00221	8e-05	0.00044	0.0007	0.0004	0.00075	0.00208	0.00019	0.0015	0.00141	0.0	0.0041	0.00191	0.00181	0.0	0.0005	0.0	0.0009	0.0022	0.00018	0.00043	0.00057	0.00162	
0.00145	0.00107	0.00039	0.00181	0.002	0.00229	0.00148	0.0	0.0	0.0	0.0	0.00126	0.0	0.0	0.00089	0.00013	0.00161	0.00116	0.00104	0.0	0.0001	0.0019	0.00322	0.0	0.00099	0.00159	0.0	0.0	0.00366	0.00036	0.00088	0.0	0.00054	0.00092	0.00232	0.0005	0.00104	3e-05	0.0	0.0	0.0	0.0001	0.00048	0.00094	0.0011	0.0003	7e-05	0.00014	0.00112	0.0	0.00076	0.00047	0.00143	0.00142	0.0	0.0	0.00127	0.00016	0.00014	0.00082	0.00148	0.00295	0.00062	0.00071	0.00274	0.00159	0.00417	0.00328	0.00103	0.0	0.0	3e-05	0.00221	8e-05	0.00044	0.0007	0.0004	0.00075	0.00208	0.00019	0.0015	0.00141	0.0	0.0041	0.00191	0.00181	0.0	0.0005	0.0	0.0009	0.0022	0.00018	0.00043	0.00057	0.00162	
0.04776	0.06766	0.04824	0.02256	0.01986	0.09515	0.25256	0.00089	0.00089	0.00089	0.00089	0.57955	0.00089	0.00089	0.0	0.00642	0.34859	0.0154	0.00658	0.00089	0.01098	0.25564	0.02105	0.0	0.01665	0.024	0.00089	0.00089	0.02262	0.22659	0.05846	0.0	0.05497	0.03105	0.06663	0.02719	0.1055	0.06996	0.0	0.0	0.0	0.19317	0.1984	0.09203	0.31061	0.17431	0.13299	0.06065	0.05237	0.0	0.1148	0.1246	0.04917	0.02484	0.0	0.0	0.0842	0.0582	0.07875	0.05266	0.06099	0.01664	0.01797	0.16988	0.01299	0.10523	0.02218	0.11342	0.00625	0.00089	0.00089	0.05677	0.00627	0.01852	0.17961	0.38018	0.23648	0.03189	0.03046	0.00949	0.08543	0.0079	0.00089	0.05994	0.04825	0.00958	0.00089	0.29901	0.0	0.04806	0.01947	0.07001	0.05893	0.20036	0.05367	
0.03382	0.01611	0.02201	0.01357	0.01198	0.04821	0.01058	0.00013	0.00013	0.00013	0.00013	0.00532	0.00013	0.00013	0.00642	0.0	0.00807	0.00936	0.00443	0.00013	0.00679	0.00834	0.01353	0.0	0.01026	0.05679	0.00013	0.00013	0.01432	0.05822	0.04832	0.0	0.04935	0.09027	0.06323	0.10153	0.04155	0.03333	0.0	0.0	0.0	0.0545	0.07683	0.0873	0.04316	0.08197	0.02841	0.06344	0.0327	0.0	0.03239	0.02267	0.0263	0.09164	0.0	0.0	0.04239	0.03171	0.04012	0.03415	0.03444	0.01063	0.01048	0.01045	0.0087	0.05422	0.01502	0.0147	0.00421	0.00013	0.00013	0.03826	0.00449	0.01065	0.00921	0.00879	0.02651	0.01779	0.01764	0.00596	0.06041	0.00536	0.00013	0.02882	0.0297	0.00651	0.00013	0.00876	0.0	0.0444	0.01232	0.01657	0.01438	0.03254	0.03757	
0.05861	0.0729	0.0347	0.02902	0.02568	0.10071	0.21805	0.00161	0.00161	0.00161	0.00161	0.45843	0.00161	0.00161	0.34859	0.00807	0.0	0.01954	0.00811	0.00161	0.01375	0.22134	0.02616	0.0	0.02092	0.18093	0.00161	0.00161	0.02839	0.23503	0.08488	0.0	0.08597	0.03971	0.04537	0.03359	0.09208	0.13224	0.0	0.0	0.0	0.19917	0.15769	0.11162	0.20006	0.07591	0.11129	0.12404	0.15592	0.0	0.10325	0.12089	0.0407	0.03064	0.0	0.0	0.11306	0.06234	0.08529	0.04031	0.07513	0.02084	0.15826	0.16053	0.01577	0.10934	0.02553	0.03013	0.00772	0.00161	0.00161	0.06812	0.00762	0.0239	0.16172	0.17622	0.2076	0.04199	0.089	0.01184	0.06531	0.00967	0.00161	0.07093	0.06458	0.55268	0.00161	0.26909	0.0	0.0632	0.02584	0.07526	0.0329	0.08222	0.06566	
0.03908	0.06681	0.03909	0.03737	0.02309	0.088	0.02489	0.00116	0.00116	0.00116	0.00116	0.01119	0.00116	0.00116	0.0154	0.00936	0.01954	0.0	0.16389	0.00116	0.01675	0.01875	0.03686	0.0	0.17999	0.06079	0.00116	0.00116	0.0285	0.02643	0.10182	0.0	0.10271	0.04519	0.03273	0.0304	0.05813	0.31843	0.0	0.0	0.0	0.06911	0.10009	0.08376	0.07193	0.10451	0.06627	0.04504	0.04346	0.0	0.08132	0.04169	0.06125	0.04122	0.0	0.0	0.21271	0.08399	0.03739	0.12143	0.05809	0.02639	0.03023	0.03007	0.01953	0.05645	0.02874	0.03038	0.00868	0.00116	0.00116	0.04473	0.16864	0.03689	0.02384	0.02263	0.00837	0.23327	0.053	0.07757	0.05313	0.04924	0.00116	0.05454	0.08247	0.01369	0.00116	0.02399	0.0	0.14546	0.03055	0.03428	0.16997	0.04411	0.04703	
0.02407	0.12059	0.03238	0.01315	0.01161	0.02379	0.09896	0.00104	0.00104	0.00104	0.00104	0.00579	0.00104	0.00104	0.00658	0.00443	0.00811	0.16389	0.0	0.00104	0.00695	0.00855	0.01337	0.0	0.01016	0.01344	0.00104	0.00104	0.09182	0.03628	0.02536	0.0	0.03342	0.07621	0.06661	0.01605	0.04255	0.02796	0.0	0.0	0.0	0.04572	0.02945	0.03163	0.02902	0.02904	0.02978	0.01605	0.02645	0.0	0.04045	0.01414	0.11978	0.10462	0.0	0.0	0.05357	0.03097	0.02801	0.02301	0.0365	0.01045	0.01016	0.01013	0.00888	0.07969	0.05717	0.0822	0.00477	0.00104	0.00104	0.03602	0.00513	0.01026	0.00916	0.00875	0.01778	0.04673	0.01676	0.00624	0.02704	0.00584	0.00104	0.02755	0.06844	0.0069	0.00104	0.00859	0.0	0.02408	0.01222	0.01574	0.05896	0.07233	0.02681	
0.00145	0.00107	0.00039	0.00181	0.002	0.00229	0.00148	0.0	0.0	0.0	0.0	0.00126	0.0	0.0	0.00089	0.00013	0.00161	0.00116	0.00104	0.0	0.0001	0.0019	0.00322	0.0	0.00099	0.00159	0.0	0.0	0.00366	0.00036	0.00088	0.0	0.00054	0.00092	0.00232	0.0005	0.00104	3e-05	0.0	0.0	0.0	0.0001	0.00048	0.00094	0.0011	0.0003	7e-05	0.00014	0.00112	0.0	0.00076	0.00047	0.00143	0.00142	0.0	0.0	0.00127	0.00016	0.00014	0.00082	0.00148	0.00295	0.00062	0.00071	0.00274	0.00159	0.00417	0.00328	0.00103	0.0	0.0	3e-05	0.00221	8e-05	0.00044	0.0007	0.0004	0.00075	0.00208	0.00019	0.0015	0.00141	0.0	0.0041	0.00191	0.00181	0.0	0.0005	0.0	0.0009	0.0022	0.00018	0.00043	0.00057	0.00162	
0.0753	0.02151	0.04455	0.19394	0.16265	0.03586	0.0175	0.0001	0.0001	0.0001	0.0001	0.00847	0.0001	0.0001	0.01098	0.00679	0.01375	0.01675	0.00695	0.0001	0.0	0.01377	0.05384	0.0	0.36892	0.02609	0.0001	0.0001	0.02459	0.00894	0.07503	0.0	0.15582	0.15066	0.02893	0.17245	0.05941	0.07286	0.0	0.0	0.0	0.13559	0.0475	0.09894	0.03011	0.02332	0.0573	0.05323	0.05549	0.0	0.04397	0.14168	0.11689	0.27926	0.0	0.0	0.06298	0.02187	0.0469	0.04015	0.0526	0.01799	0.01959	0.01948	0.01411	0.03602	0.02471	0.02581	0.00658	0.0001	0.0001	0.07674	0.00658	0.05169	0.43097	0.01568	0.00477	0.03473	0.02422	0.11197	0.01694	0.00847	0.0001	0.00653	0.05958	0.01036	0.0001	0.09937	0.0	0.04488	0.06082	0.11802	0.02828	0.03423	0.09275	
0.05742	0.12623	0.02009	0.02714	0.02378	0.06094	1.00152	0.0019	0.0019	0.0019	0.0019	0.34641	0.0019	0.0019	0.25564	0.00834	0.22134	0.01875	0.00855	0.0019	0.01377	0.0	0.02543	0.0	0.02041	0.02889	0.0019	0.0019	0.02708	0.12016	0.03601	0.0	0.05697	0.03642	0.04238	0.03153	0.04858	0.07921	0.0	0.0	0.0	0.07344	0.33849	0.08391	0.15548	0.02837	0.08465	0.03585	0.06241	0.0	0.06741	0.05433	0.03801	0.02872	0.0	0.0	0.06594	0.03342	0.06194	0.02046	0.02912	0.01994	0.02164	0.09581	0.01553	0.07886	0.02475	0.02843	0.00817	0.0019	0.0019	0.00175	0.00814	0.0226	0.07466	0.23207	0.14657	0.03847	0.03656	0.01201	0.06523	0.01008	0.0019	0.08878	0.05794	0.01202	0.0019	0.19316	0.0	0.05799	0.02355	0.05272	0.03133	0.07532	0.06442	
0.13439	0.02106	0.00981	0.01009	0.10694	0.03374	0.02763	0.00322	0.00322	0.00322	0.00322	0.0159	0.00322	0.00322	0.02105	0.01353	0.02616	0.03686	0.01337	0.00322	0.05384	0.02543	0.0	0.0	0.07726	0.10461	0.00322	0.00322	0.04725	0.03454	0.20144	0.0	0.05305	0.06917	0.08027	0.04463	0.05737	0.26613	0.0	0.0	0.0	0.19038	0.09689	0.05321	0.11287	0.10279	0.03413	0.07048	0.08483	0.0	0.08348	0.03018	0.0261	0.11133	0.0	0.0	0.03747	0.0532	0.0574	0.11902	0.03219	0.03441	0.01961	0.0392	0.02565	0.03522	0.04251	0.05067	0.01274	0.00322	0.00322	0.00131	0.10295	0.05402	0.02134	0.03034	0.01775	0.04892	0.01753	0.01975	0.04846	0.01583	0.00322	0.17534	0.04221	0.01903	0.00322	0.03852	0.0	0.02646	0.01059	0.01344	0.01075	0.02589	0.11794	
0.0	0.0	0.0	0.0	0.0	0.0	0.0	0.0	0.0	0.0	0.0	0.0	0.0	0.0	0.0	0.0	0.0	0.0	0.0	0.0	0.0	0.0	0.0	0.0	0.0	0.0	0.0	0.0	0.0	0.0	0.0	0.0	0.0	0.0	0.0	0.0	0.0	0.0	0.0	0.0	0.0	0.0	0.0	0.0	0.0	0.0	0.0	0.0	0.0	0.0	0.0	0.0	0.0	0.0	0.0	0.0	0.0	0.0	0.0	0.0	0.0	0.0	0.0	0.0	0.0	0.0	0.0	0.0	0.0	0.0	0.0	0.0	0.0	0.0	0.0	0.0	0.0	0.0	0.0	0.0	0.0	0.0	0.0	0.0	0.0	0.0	0.0	0.0	0.0	0.0	0.0	0.0	0.0	0.0	0.0	
0.04087	0.01148	0.04718	0.06595	0.11775	0.05705	0.02482	0.00099	0.00099	0.00099	0.00099	0.01236	0.00099	0.00099	0.01665	0.01026	0.02092	0.17999	0.01016	0.00099	0.36892	0.02041	0.07726	0.0	0.0	0.03569	0.00099	0.00099	0.03813	0.01481	0.12948	0.0	0.13949	0.07643	0.05075	0.06303	0.04332	0.27769	0.0	0.0	0.0	0.10839	0.06741	0.02293	0.04698	0.03413	0.01989	0.02552	0.0548	0.0	0.04573	0.04687	0.03361	0.14225	0.0	0.0	0.17565	0.01756	0.02696	0.10072	0.04855	0.02769	0.03152	0.03133	0.02085	0.0603	0.03612	0.04069	0.00962	0.00099	0.00099	0.13219	0.13224	0.07831	0.15753	0.02426	0.00966	0.07567	0.01467	0.28493	0.0318	0.01231	0.00099	0.03545	0.02505	0.01506	0.00099	0.0503	0.0	0.10976	0.01926	0.08511	0.06138	0.02387	0.13876	
0.05832	0.03883	0.06629	0.06334	0.0563	0.07337	0.03322	0.00159	0.00159	0.00159	0.00159	0.01658	0.00159	0.00159	0.024	0.05679	0.18093	0.06079	0.01344	0.00159	0.02609	0.02889	0.10461	0.0	0.03569	0.0	0.00159	0.00159	0.06055	0.16807	0.14447	0.0	0.11709	0.07344	0.04101	0.04361	0.11848	0.34327	0.0	0.0	0.0	0.21143	0.1044	0.06019	0.03869	0.06303	0.05722	0.07237	0.0875	0.0	0.07429	0.06769	0.09306	0.03703	0.0	0.0	0.11187	0.02588	0.10096	0.0947	0.0584	0.03134	0.09239	0.06389	0.03062	0.06514	0.05723	0.06648	0.01267	0.00159	0.00159	0.0032	0.09736	0.04086	0.0383	0.02456	0.05012	0.06417	0.08175	0.02173	0.13581	0.01647	0.00159	0.01395	0.06225	0.20415	0.00159	0.03956	0.0	0.07803	0.05028	0.06237	0.04733	0.05845	0.05451	
0.00145	0.00107	0.00039	0.00181	0.002	0.00229	0.00148	0.0	0.0	0.0	0.0	0.00126	0.0	0.0	0.00089	0.00013	0.00161	0.00116	0.00104	0.0	0.0001	0.0019	0.00322	0.0	0.00099	0.00159	0.0	0.0	0.00366	0.00036	0.00088	0.0	0.00054	0.00092	0.00232	0.0005	0.00104	3e-05	0.0	0.0	0.0	0.0001	0.00048	0.00094	0.0011	0.0003	7e-05	0.00014	0.00112	0.0	0.00076	0.00047	0.00143	0.00142	0.0	0.0	0.00127	0.00016	0.00014	0.00082	0.00148	0.00295	0.00062	0.00071	0.00274	0.00159	0.00417	0.00328	0.00103	0.0	0.0	3e-05	0.00221	8e-05	0.00044	0.0007	0.0004	0.00075	0.00208	0.00019	0.0015	0.00141	0.0	0.0041	0.00191	0.00181	0.0	0.0005	0.0	0.0009	0.0022	0.00018	0.00043	0.00057	0.00162	
0.00145	0.00107	0.00039	0.00181	0.002	0.00229	0.00148	0.0	0.0	0.0	0.0	0.00126	0.0	0.0	0.00089	0.00013	0.00161	0.00116	0.00104	0.0	0.0001	0.0019	0.00322	0.0	0.00099	0.00159	0.0	0.0	0.00366	0.00036	0.00088	0.0	0.00054	0.00092	0.00232	0.0005	0.00104	3e-05	0.0	0.0	0.0	0.0001	0.00048	0.00094	0.0011	0.0003	7e-05	0.00014	0.00112	0.0	0.00076	0.00047	0.00143	0.00142	0.0	0.0	0.00127	0.00016	0.00014	0.00082	0.00148	0.00295	0.00062	0.00071	0.00274	0.00159	0.00417	0.00328	0.00103	0.0	0.0	3e-05	0.00221	8e-05	0.00044	0.0007	0.0004	0.00075	0.00208	0.00019	0.0015	0.00141	0.0	0.0041	0.00191	0.00181	0.0	0.0005	0.0	0.0009	0.0022	0.00018	0.00043	0.00057	0.00162	
0.06352	0.07316	0.05727	0.11169	0.26303	0.13624	0.02742	0.00366	0.00366	0.00366	0.00366	0.01667	0.00366	0.00366	0.02262	0.01432	0.02839	0.0285	0.09182	0.00366	0.02459	0.02708	0.04725	0.0	0.03813	0.06055	0.00366	0.00366	0.0	0.16605	0.0815	0.0	0.0878	0.18419	0.08822	0.14177	0.18136	0.18568	0.0	0.0	0.0	0.30332	0.19297	0.2127	0.15553	0.1924	0.04694	0.0567	0.04429	0.0	0.07679	0.23347	0.18165	0.04135	0.0	0.0	0.07212	0.05287	0.08361	0.06496	0.07292	0.21247	0.03345	0.03863	0.39331	0.28844	0.9031	0.77604	0.08562	0.00366	0.00366	0.02537	0.01284	0.0459	0.03472	0.03298	0.02031	0.05974	0.20521	0.02095	0.16774	0.01659	0.00366	0.12552	0.21415	0.02002	0.00366	0.0352	0.0	0.07266	0.16718	0.05824	0.05446	0.04516	0.07287	
0.09786	0.06661	0.14016	0.10245	0.18099	0.05551	0.12383	0.00036	0.00036	0.00036	0.00036	0.19617	0.00036	0.00036	0.22659	0.05822	0.23503	0.02643	0.03628	0.00036	0.00894	0.12016	0.03454	0.0	0.01481	0.16807	0.00036	0.00036	0.16605	0.0	0.06527	0.0	0.06328	0.16641	0.07894	0.07679	0.23852	0.11397	0.0	0.0	0.0	0.08656	0.15464	0.06954	0.17843	0.12615	0.11732	0.12807	0.10011	0.0	0.18983	0.22358	0.10791	0.12732	0.0	0.0	0.09933	0.08285	0.098	0.04593	0.16318	0.11001	0.05853	0.14496	0.12599	0.13926	0.15233	0.16983	0.03366	0.00036	0.00036	0.04376	0.04086	0.0385	0.06818	0.10042	0.13224	0.02383	0.11572	0.0107	0.10211	0.00677	0.00036	0.08159	0.05795	0.07732	0.00036	0.19288	0.0	0.07109	0.04489	0.11672	0.04035	0.1392	0.10328	
0.13853	0.13022	0.11936	0.03012	0.12403	0.10899	0.03536	0.00088	0.00088	0.00088	0.00088	0.03958	0.00088	0.00088	0.05846	0.04832	0.08488	0.10182	0.02536	0.00088	0.07503	0.03601	0.20144	0.0	0.12948	0.14447	0.00088	0.00088	0.0815	0.06527	0.0	0.0	0.17783	0.20458	0.20434	0.152	0.17413	0.26792	0.0	0.0	0.0	0.20795	0.12216	0.09255	0.2725	0.09074	0.1085	0.16616	0.16864	0.0	0.12981	0.17942	0.30016	0.23271	0.0	0.0	0.11169	0.15177	0.14519	0.14214	0.13029	0.08225	0.09755	0.07264	0.07357	0.09378	0.09805	0.08235	0.02358	0.00088	0.00088	0.15127	0.03768	0.12455	0.03158	0.07521	0.06548	0.09236	0.08811	0.0664	0.14298	0.01593	0.00088	0.12969	0.12973	0.05029	0.00088	0.0861	0.0	0.18578	0.02511	0.04287	0.12602	0.16266	0.13552	
0.0	0.0	0.0	0.0	0.0	0.0	0.0	0.0	0.0	0.0	0.0	0.0	0.0	0.0	0.0	0.0	0.0	0.0	0.0	0.0	0.0	0.0	0.0	0.0	0.0	0.0	0.0	0.0	0.0	0.0	0.0	0.0	0.0	0.0	0.0	0.0	0.0	0.0	0.0	0.0	0.0	0.0	0.0	0.0	0.0	0.0	0.0	0.0	0.0	0.0	0.0	0.0	0.0	0.0	0.0	0.0	0.0	0.0	0.0	0.0	0.0	0.0	0.0	0.0	0.0	0.0	0.0	0.0	0.0	0.0	0.0	0.0	0.0	0.0	0.0	0.0	0.0	0.0	0.0	0.0	0.0	0.0	0.0	0.0	0.0	0.0	0.0	0.0	0.0	0.0	0.0	0.0	0.0	0.0	0.0	
0.07124	0.03709	0.13484	0.08282	0.08163	0.10025	0.06309	0.00054	0.00054	0.00054	0.00054	0.03075	0.00054	0.00054	0.05497	0.04935	0.08597	0.10271	0.03342	0.00054	0.15582	0.05697	0.05305	0.0	0.13949	0.11709	0.00054	0.00054	0.0878	0.06328	0.17783	0.0	0.0	0.29491	0.08991	0.09423	0.14274	0.18978	0.0	0.0	0.0	0.09979	0.21698	0.22669	0.20043	0.15154	0.10145	0.14691	0.08846	0.0	0.11785	0.09473	0.14828	0.22624	0.0	0.0	0.12623	0.07449	0.06759	0.14126	0.08758	0.04864	0.04711	0.02988	0.07515	0.10127	0.08499	0.09034	0.03103	0.00054	0.00054	0.07712	0.16986	0.11129	0.07586	0.02433	0.06626	0.09363	0.08618	0.13232	0.04319	0.05704	0.00054	0.0618	0.08351	0.07344	0.00054	0.03873	0.0	0.1339	0.01623	0.1029	0.11337	0.05027	0.13182	
0.14887	0.10056	0.21108	0.17237	0.20234	0.09071	0.06122	0.00092	0.00092	0.00092	0.00092	0.02005	0.00092	0.00092	0.03105	0.09027	0.03971	0.04519	0.07621	0.00092	0.15066	0.03642	0.06917	0.0	0.07643	0.07344	0.00092	0.00092	0.18419	0.16641	0.20458	0.0	0.29491	0.0	0.05894	0.19253	0.22382	0.3491	0.0	0.0	0.0	0.41029	0.32784	0.19123	0.11789	0.05916	0.0756	0.07758	0.08734	0.0	0.12653	0.13755	0.13004	0.39604	0.0	0.0	0.12278	0.14943	0.11393	0.11313	0.10001	0.05998	0.0633	0.21164	0.12493	0.10699	0.54549	0.13727	0.07068	0.00092	0.00092	0.21426	0.01385	0.1675	0.08223	0.04825	0.0423	0.09082	0.07292	0.02084	0.2172	0.03263	0.00092	0.11149	0.31723	0.025	0.00092	0.09826	0.0	0.10534	0.10984	0.12099	0.11143	0.08362	0.15208	
0.11442	0.1723	0.05321	0.23903	0.09364	0.10674	0.04816	0.00232	0.00232	0.00232	0.00232	0.02422	0.00232	0.00232	0.06663	0.06323	0.04537	0.03273	0.06661	0.00232	0.02893	0.04238	0.08027	0.0	0.05075	0.04101	0.00232	0.00232	0.08822	0.07894	0.20434	0.0	0.08991	0.05894	0.0	0.04778	0.09071	0.32013	0.0	0.0	0.0	0.5229	0.22939	0.17778	0.15075	0.17928	0.10466	0.0437	0.05973	0.0	0.07167	0.07823	0.31311	0.15591	0.0	0.0	0.0787	0.05058	0.09135	0.09059	0.1149	0.13853	0.07104	0.04731	0.13862	0.14152	0.38578	0.13283	0.01985	0.00232	0.00232	0.0322	0.01723	0.09959	0.04481	0.01351	0.02894	0.01976	0.09138	0.02571	0.23294	0.02398	0.00232	0.30087	0.18815	0.02974	0.00232	0.03817	0.0	0.08712	0.06817	0.20228	0.0631	0.15602	0.12274	
0.08009	0.05141	0.14086	0.27871	0.28065	0.05238	0.0426	0.0005	0.0005	0.0005	0.0005	0.01782	0.0005	0.0005	0.02719	0.10153	0.03359	0.0304	0.01605	0.0005	0.17245	0.03153	0.04463	0.0	0.06303	0.04361	0.0005	0.0005	0.14177	0.07679	0.152	0.0	0.09423	0.19253	0.04778	0.0	0.05451	0.23714	0.0	0.0	0.0	0.26581	0.21123	0.20035	0.08646	0.14976	0.03386	0.04791	0.08423	0.0	0.04834	0.28973	0.18778	0.11803	0.0	0.0	0.10918	0.12964	0.13942	0.0683	0.10256	0.11802	0.05212	0.05277	0.19888	0.17047	0.33085	0.08747	0.10877	0.0005	0.0005	0.05797	0.01232	0.10603	0.07264	0.04128	0.05045	0.0271	0.16389	0.02077	0.09362	0.01762	0.0005	0.04904	0.17808	0.02198	0.0005	0.16401	0.0	0.02898	0.30133	0.10652	0.07409	0.07913	0.10266	
0.047	0.10512	0.07309	0.0894	0.10597	0.1354	0.06961	0.00104	0.00104	0.00104	0.00104	0.05331	0.00104	0.00104	0.1055	0.04155	0.09208	0.05813	0.04255	0.00104	0.05941	0.04858	0.05737	0.0	0.04332	0.11848	0.00104	0.00104	0.18136	0.23852	0.17413	0.0	0.14274	0.22382	0.09071	0.05451	0.0	0.34658	0.0	0.0	0.0	0.15505	0.3573	0.18075	0.24096	0.19814	0.11979	0.11254	0.08317	0.0	0.2701	0.15014	0.1211	0.14829	0.0	0.0	0.15085	0.12888	0.06821	0.1322	0.13522	0.08174	0.04194	0.0786	0.09908	0.15373	0.21304	0.24449	0.03958	0.00104	0.00104	0.02476	0.02752	0.04503	0.05041	0.02755	0.07654	0.04708	0.041	0.0325	0.23725	0.03486	0.00104	0.08544	0.1201	0.0522	0.00104	0.0613	0.0	0.0694	0.05055	0.07645	0.07789	0.08444	0.0589	
0.31916	0.11696	0.22073	0.19995	0.10653	0.38143	0.08645	3e-05	3e-05	3e-05	3e-05	0.04391	3e-05	3e-05	0.06996	0.03333	0.13224	0.31843	0.02796	3e-05	0.07286	0.07921	0.26613	0.0	0.27769	0.34327	3e-05	3e-05	0.18568	0.11397	0.26792	0.0	0.18978	0.3491	0.32013	0.23714	0.34658	0.0	0.0	0.0	0.0	0.17127	0.19214	0.10481	0.16485	0.31436	0.20466	0.2564	0.41202	0.0	0.20601	0.23937	0.2887	0.22312	0.0	0.0	0.34012	0.16811	0.31591	0.26317	0.35684	0.13349	0.20606	0.18328	0.08368	0.13163	0.12971	0.21629	0.02593	3e-05	3e-05	0.35359	0.16779	0.15979	0.12057	0.06575	0.23735	0.32568	0.09623	0.31254	0.39285	0.04478	3e-05	0.1792	0.71059	0.10569	3e-05	0.13276	0.0	0.40123	0.13496	0.08458	0.31239	0.20734	0.26499	
0.0	0.0	0.0	0.0	0.0	0.0	0.0	0.0	0.0	0.0	0.0	0.0	0.0	0.0	0.0	0.0	0.0	0.0	0.0	0.0	0.0	0.0	0.0	0.0	0.0	0.0	0.0	0.0	0.0	0.0	0.0	0.0	0.0	0.0	0.0	0.0	0.0	0.0	0.0	0.0	0.0	0.0	0.0	0.0	0.0	0.0	0.0	0.0	0.0	0.0	0.0	0.0	0.0	0.0	0.0	0.0	0.0	0.0	0.0	0.0	0.0	0.0	0.0	0.0	0.0	0.0	0.0	0.0	0.0	0.0	0.0	0.0	0.0	0.0	0.0	0.0	0.0	0.0	0.0	0.0	0.0	0.0	0.0	0.0	0.0	0.0	0.0	0.0	0.0	0.0	0.0	0.0	0.0	0.0	0.0	
0.0	0.0	0.0	0.0	0.0	0.0	0.0	0.0	0.0	0.0	0.0	0.0	0.0	0.0	0.0	0.0	0.0	0.0	0.0	0.0	0.0	0.0	0.0	0.0	0.0	0.0	0.0	0.0	0.0	0.0	0.0	0.0	0.0	0.0	0.0	0.0	0.0	0.0	0.0	0.0	0.0	0.0	0.0	0.0	0.0	0.0	0.0	0.0	0.0	0.0	0.0	0.0	0.0	0.0	0.0	0.0	0.0	0.0	0.0	0.0	0.0	0.0	0.0	0.0	0.0	0.0	0.0	0.0	0.0	0.0	0.0	0.0	0.0	0.0	0.0	0.0	0.0	0.0	0.0	0.0	0.0	0.0	0.0	0.0	0.0	0.0	0.0	0.0	0.0	0.0	0.0	0.0	0.0	0.0	0.0	
0.0	0.0	0.0	0.0	0.0	0.0	0.0	0.0	0.0	0.0	0.0	0.0	0.0	0.0	0.0	0.0	0.0	0.0	0.0	0.0	0.0	0.0	0.0	0.0	0.0	0.0	0.0	0.0	0.0	0.0	0.0	0.0	0.0	0.0	0.0	0.0	0.0	0.0	0.0	0.0	0.0	0.0	0.0	0.0	0.0	0.0	0.0	0.0	0.0	0.0	0.0	0.0	0.0	0.0	0.0	0.0	0.0	0.0	0.0	0.0	0.0	0.0	0.0	0.0	0.0	0.0	0.0	0.0	0.0	0.0	0.0	0.0	0.0	0.0	0.0	0.0	0.0	0.0	0.0	0.0	0.0	0.0	0.0	0.0	0.0	0.0	0.0	0.0	0.0	0.0	0.0	0.0	0.0	0.0	0.0	
0.21389	0.23656	0.12148	0.18173	0.2135	0.20005	0.06477	0.0001	0.0001	0.0001	0.0001	0.16587	0.0001	0.0001	0.19317	0.0545	0.19917	0.06911	0.04572	0.0001	0.13559	0.07344	0.19038	0.0	0.10839	0.21143	0.0001	0.0001	0.30332	0.08656	0.20795	0.0	0.09979	0.41029	0.5229	0.26581	0.15505	0.17127	0.0	0.0	0.0	0.0	0.05321	0.14222	0.25521	0.2669	0.1445	0.21039	0.3077	0.0	0.1655	0.40373	0.25477	0.33437	0.0	0.0	0.16071	0.05967	0.13243	0.11308	0.24745	0.2181	0.0732	0.25542	0.13675	0.13413	0.21191	0.35331	0.0424	0.0001	0.0001	0.18054	0.07839	0.04574	0.32067	0.08557	0.15292	0.12938	0.183	0.08421	0.27481	0.04285	0.0001	0.30386	0.60678	0.06985	0.0001	0.27352	0.0	0.13381	0.13867	0.09942	0.10938	0.28729	0.31083	
0.10763	0.19608	0.11776	0.05109	0.14535	0.15812	0.34413	0.00048	0.00048	0.00048	0.00048	0.1757	0.00048	0.00048	0.1984	0.07683	0.15769	0.10009	0.02945	0.00048	0.0475	0.33849	0.09689	0.0	0.06741	0.1044	0.00048	0.00048	0.19297	0.15464	0.12216	0.0	0.21698	0.32784	0.22939	0.21123	0.3573	0.19214	0.0	0.0	0.0	0.05321	0.0	0.1115	0.17779	0.05103	0.1836	0.15247	0.16018	0.0	0.3036	0.23788	0.23038	0.27214	0.0	0.0	0.27042	0.14592	0.18836	0.22974	0.20589	0.13888	0.10598	0.15398	0.08724	0.26899	0.13484	0.2247	0.02734	0.00048	0.00048	0.05142	0.03838	0.06964	0.07121	0.13312	0.15917	0.10966	0.12283	0.08369	0.47774	0.05707	0.00048	0.13204	0.3332	0.02733	0.00048	0.21994	0.0	0.18991	0.09141	0.06492	0.18614	0.25731	0.12378	
0.07254	0.12353	0.05675	0.10745	0.17776	0.10319	0.08456	0.00094	0.00094	0.00094	0.00094	0.04453	0.00094	0.00094	0.09203	0.0873	0.11162	0.08376	0.03163	0.00094	0.09894	0.08391	0.05321	0.0	0.02293	0.06019	0.00094	0.00094	0.2127	0.06954	0.09255	0.0	0.22669	0.19123	0.17778	0.20035	0.18075	0.10481	0.0	0.0	0.0	0.14222	0.1115	0.0	0.07038	0.07017	0.09764	0.11732	0.13858	0.0	0.15888	0.15931	0.16784	0.164	0.0	0.0	0.19817	0.04733	0.03713	0.10495	0.06572	0.14758	0.05106	0.06146	0.11849	0.08615	0.15783	0.27154	0.0294	0.00094	0.00094	0.01362	0.02996	0.04831	0.02842	0.0195	0.10219	0.11629	0.26284	0.03417	0.06908	0.04399	0.00094	0.17271	0.19054	0.09201	0.00094	0.13126	0.0	0.09266	0.1322	0.02736	0.13025	0.09235	0.08291	
0.11915	0.11681	0.06254	0.08269	0.10026	0.14225	0.15956	0.0011	0.0011	0.0011	0.0011	0.23148	0.0011	0.0011	0.31061	0.04316	0.20006	0.07193	0.02902	0.0011	0.03011	0.15548	0.11287	0.0	0.04698	0.03869	0.0011	0.0011	0.15553	0.17843	0.2725	0.0	0.20043	0.11789	0.15075	0.08646	0.24096	0.16485	0.0	0.0	0.0	0.25521	0.17779	0.07038	0.0	0.18637	0.1905	0.12964	0.23	0.0	0.36174	0.21757	0.16438	0.12166	0.0	0.0	0.25245	0.10224	0.16606	0.12335	0.20035	0.13452	0.03377	0.2119	0.07143	0.20009	0.10364	0.17642	0.02699	0.0011	0.0011	0.10635	0.02503	0.0788	0.11447	0.14028	0.26737	0.0816	0.06951	0.03005	0.12899	0.04135	0.0011	0.19427	0.16729	0.0202	0.0011	0.22539	0.0	0.07755	0.05101	0.12519	0.0972	0.25428	0.14011	
0.09164	0.05567	0.05839	0.0441	0.10301	0.07323	0.03119	0.0003	0.0003	0.0003	0.0003	0.07521	0.0003	0.0003	0.17431	0.08197	0.07591	0.10451	0.02904	0.0003	0.02332	0.02837	0.10279	0.0	0.03413	0.06303	0.0003	0.0003	0.1924	0.12615	0.09074	0.0	0.15154	0.05916	0.17928	0.14976	0.19814	0.31436	0.0	0.0	0.0	0.2669	0.05103	0.07017	0.18637	0.0	0.14486	0.05494	0.05881	0.0	0.15428	0.12892	0.06266	0.05647	0.0	0.0	0.14153	0.16411	0.0764	0.11789	0.18905	0.13761	0.05097	0.10229	0.10294	0.12852	0.13807	0.2348	0.02695	0.0003	0.0003	0.09536	0.10908	0.05066	0.06247	0.07732	0.10017	0.10535	0.08697	0.02368	0.08123	0.05214	0.0003	0.04828	0.11559	0.01561	0.0003	0.09162	0.0	0.11313	0.05413	0.05144	0.08952	0.08178	0.13698	
0.06036	0.12932	0.05809	0.14396	0.0997	0.07742	0.08923	7e-05	7e-05	7e-05	7e-05	0.12017	7e-05	7e-05	0.13299	0.02841	0.11129	0.06627	0.02978	7e-05	0.0573	0.08465	0.03413	0.0	0.01989	0.05722	7e-05	7e-05	0.04694	0.11732	0.1085	0.0	0.10145	0.0756	0.10466	0.03386	0.11979	0.20466	0.0	0.0	0.0	0.1445	0.1836	0.09764	0.1905	0.14486	0.0	0.05446	0.03199	0.0	0.13199	0.12837	0.07765	0.05766	0.0	0.0	0.14221	0.11012	0.08864	0.0654	0.08102	0.07819	0.05654	0.11953	0.07258	0.08117	0.09235	0.06698	0.02455	7e-05	7e-05	0.00599	0.02501	0.07867	0.0893	0.05455	0.11271	0.07796	0.0655	0.00959	0.0399	0.00675	7e-05	0.04636	0.0468	0.01284	7e-05	0.10817	0.0	0.10901	0.06412	0.11254	0.09202	0.09279	0.05336	
0.06212	0.02781	0.06147	0.08035	0.07002	0.09739	0.05082	0.00014	0.00014	0.00014	0.00014	0.01936	0.00014	0.00014	0.06065	0.06344	0.12404	0.04504	0.01605	0.00014	0.05323	0.03585	0.07048	0.0	0.02552	0.07237	0.00014	0.00014	0.0567	0.12807	0.16616	0.0	0.14691	0.07758	0.0437	0.04791	0.11254	0.2564	0.0	0.0	0.0	0.21039	0.15247	0.11732	0.12964	0.05494	0.05446	0.0	0.16613	0.0	0.08175	0.06821	0.08106	0.04773	0.0	0.0	0.08804	0.12111	0.09242	0.04578	0.09895	0.07831	0.08538	0.05431	0.06304	0.07006	0.07793	0.0541	0.01498	0.00014	0.00014	0.00922	0.0132	0.06344	0.05037	0.01872	0.04144	0.02745	0.08434	0.0949	0.14297	0.01916	0.00014	0.05217	0.07916	0.12623	0.00014	0.04429	0.0	0.07762	0.05052	0.08085	0.05378	0.09841	0.05506	
0.08878	0.05971	0.0341	0.06554	0.11163	0.07271	0.08456	0.00112	0.00112	0.00112	0.00112	0.033	0.00112	0.00112	0.05237	0.0327	0.15592	0.04346	0.02645	0.00112	0.05549	0.06241	0.08483	0.0	0.0548	0.0875	0.00112	0.00112	0.04429	0.10011	0.16864	0.0	0.08846	0.08734	0.05973	0.08423	0.08317	0.41202	0.0	0.0	0.0	0.3077	0.16018	0.13858	0.23	0.05881	0.03199	0.16613	0.0	0.0	0.11411	0.10439	0.03494	0.1106	0.0	0.0	0.17637	0.03691	0.1126	0.02931	0.09253	0.0497	0.11372	0.06963	0.05232	0.08512	0.06211	0.03277	0.02856	0.00112	0.00112	0.0397	0.02256	0.03367	0.01855	0.02672	0.09489	0.02852	0.05849	0.03835	0.07933	0.03269	0.00112	0.12653	0.13427	0.14301	0.00112	0.04973	0.0	0.05648	0.05564	0.03951	0.02831	0.05528	0.10468	
0.0	0.0	0.0	0.0	0.0	0.0	0.0	0.0	0.0	0.0	0.0	0.0	0.0	0.0	0.0	0.0	0.0	0.0	0.0	0.0	0.0	0.0	0.0	0.0	0.0	0.0	0.0	0.0	0.0	0.0	0.0	0.0	0.0	0.0	0.0	0.0	0.0	0.0	0.0	0.0	0.0	0.0	0.0	0.0	0.0	0.0	0.0	0.0	0.0	0.0	0.0	0.0	0.0	0.0	0.0	0.0	0.0	0.0	0.0	0.0	0.0	0.0	0.0	0.0	0.0	0.0	0.0	0.0	0.0	0.0	0.0	0.0	0.0	0.0	0.0	0.0	0.0	0.0	0.0	0.0	0.0	0.0	0.0	0.0	0.0	0.0	0.0	0.0	0.0	0.0	0.0	0.0	0.0	0.0	0.0	
0.04842	0.07372	0.129	0.09819	0.11779	0.05748	0.09042	0.00076	0.00076	0.00076	0.00076	0.08757	0.00076	0.00076	0.1148	0.03239	0.10325	0.08132	0.04045	0.00076	0.04397	0.06741	0.08348	0.0	0.04573	0.07429	0.00076	0.00076	0.07679	0.18983	0.12981	0.0	0.11785	0.12653	0.07167	0.04834	0.2701	0.20601	0.0	0.0	0.0	0.1655	0.3036	0.15888	0.36174	0.15428	0.13199	0.08175	0.11411	0.0	0.0	0.18564	0.04355	0.05139	0.0	0.0	0.13948	0.18711	0.04512	0.1074	0.10062	0.09753	0.0538	0.12197	0.08191	0.12744	0.13699	0.10924	0.03992	0.00076	0.00076	0.00815	0.02724	0.05876	0.06875	0.05522	0.1352	0.07333	0.05882	0.03924	0.1217	0.01843	0.00076	0.10192	0.08045	0.03131	0.00076	0.10584	0.0	0.06713	0.0615	0.16543	0.07839	0.08017	0.06738	
0.08199	0.08744	0.1694	0.22909	0.27619	0.1413	0.05668	0.00047	0.00047	0.00047	0.00047	0.13474	0.00047	0.00047	0.1246	0.02267	0.12089	0.04169	0.01414	0.00047	0.14168	0.05433	0.03018	0.0	0.04687	0.06769	0.00047	0.00047	0.23347	0.22358	0.17942	0.0	0.09473	0.13755	0.07823	0.28973	0.15014	0.23937	0.0	0.0	0.0	0.40373	0.23788	0.15931	0.21757	0.12892	0.12837	0.06821	0.10439	0.0	0.18564	0.0	0.10315	0.11812	0.0	0.0	0.13548	0.11185	0.11165	0.08779	0.11477	0.10443	0.04905	0.0922	0.31406	0.1632	0.42124	0.16719	0.14775	0.00047	0.00047	0.12554	0.01096	0.03935	0.3202	0.04224	0.18487	0.05529	0.12652	0.01956	0.19616	0.01567	0.00047	0.07619	0.16499	0.01961	0.00047	0.18192	0.0	0.05616	0.24029	0.26479	0.1198	0.11017	0.10507	
0.08434	0.09839	0.07508	0.24307	0.13743	0.06769	0.04222	0.00143	0.00143	0.00143	0.00143	0.02153	0.00143	0.00143	0.04917	0.0263	0.0407	0.06125	0.11978	0.00143	0.11689	0.03801	0.0261	0.0	0.03361	0.09306	0.00143	0.00143	0.18165	0.10791	0.30016	0.0	0.14828	0.13004	0.31311	0.18778	0.1211	0.2887	0.0	0.0	0.0	0.25477	0.23038	0.16784	0.16438	0.06266	0.07765	0.08106	0.03494	0.0	0.04355	0.10315	0.0	0.18784	0.0	0.0	0.10159	0.10059	0.08608	0.14566	0.08049	0.11733	0.05972	0.05822	0.15612	0.09374	0.56355	0.18569	0.01793	0.00143	0.00143	0.0418	0.01508	0.17656	0.03997	0.03825	0.03091	0.07449	0.21063	0.02255	0.21045	0.0213	0.00143	0.11401	0.16527	0.02652	0.00143	0.23045	0.0	0.09214	0.13192	0.09161	0.03617	0.08671	0.10375	
0.14098	0.11576	0.13214	0.28207	0.2296	0.11124	0.0826	0.00142	0.00142	0.00142	0.00142	0.01654	0.00142	0.00142	0.02484	0.09164	0.03064	0.04122	0.10462	0.00142	0.27926	0.02872	0.11133	0.0	0.14225	0.03703	0.00142	0.00142	0.04135	0.12732	0.23271	0.0	0.22624	0.39604	0.15591	0.11803	0.14829	0.22312	0.0	0.0	0.0	0.33437	0.27214	0.164	0.12166	0.05647	0.05766	0.04773	0.1106	0.0	0.05139	0.11812	0.18784	0.0	0.0	0.0	0.10016	0.10712	0.0946	0.14126	0.14182	0.05779	0.05106	0.10324	0.07266	0.10945	0.29544	0.04626	0.01402	0.00142	0.00142	0.09186	0.01173	0.24906	0.15567	0.03734	0.03806	0.05747	0.12218	0.02044	0.167	0.01637	0.00142	0.14781	0.12056	0.02025	0.00142	0.14694	0.0	0.10903	0.20257	0.17814	0.1044	0.10534	0.16186	
0.0	0.0	0.0	0.0	0.0	0.0	0.0	0.0	0.0	0.0	0.0	0.0	0.0	0.0	0.0	0.0	0.0	0.0	0.0	0.0	0.0	0.0	0.0	0.0	0.0	0.0	0.0	0.0	0.0	0.0	0.0	0.0	0.0	0.0	0.0	0.0	0.0	0.0	0.0	0.0	0.0	0.0	0.0	0.0	0.0	0.0	0.0	0.0	0.0	0.0	0.0	0.0	0.0	0.0	0.0	0.0	0.0	0.0	0.0	0.0	0.0	0.0	0.0	0.0	0.0	0.0	0.0	0.0	0.0	0.0	0.0	0.0	0.0	0.0	0.0	0.0	0.0	0.0	0.0	0.0	0.0	0.0	0.0	0.0	0.0	0.0	0.0	0.0	0.0	0.0	0.0	0.0	0.0	0.0	0.0	
0.0	0.0	0.0	0.0	0.0	0.0	0.0	0.0	0.0	0.0	0.0	0.0	0.0	0.0	0.0	0.0	0.0	0.0	0.0	0.0	0.0	0.0	0.0	0.0	0.0	0.0	0.0	0.0	0.0	0.0	0.0	0.0	0.0	0.0	0.0	0.0	0.0	0.0	0.0	0.0	0.0	0.0	0.0	0.0	0.0	0.0	0.0	0.0	0.0	0.0	0.0	0.0	0.0	0.0	0.0	0.0	0.0	0.0	0.0	0.0	0.0	0.0	0.0	0.0	0.0	0.0	0.0	0.0	0.0	0.0	0.0	0.0	0.0	0.0	0.0	0.0	0.0	0.0	0.0	0.0	0.0	0.0	0.0	0.0	0.0	0.0	0.0	0.0	0.0	0.0	0.0	0.0	0.0	0.0	0.0	
0.08521	0.0898	0.0861	0.04571	0.09241	0.14966	0.09176	0.00127	0.00127	0.00127	0.00127	0.06584	0.00127	0.00127	0.0842	0.04239	0.11306	0.21271	0.05357	0.00127	0.06298	0.06594	0.03747	0.0	0.17565	0.11187	0.00127	0.00127	0.07212	0.09933	0.11169	0.0	0.12623	0.12278	0.0787	0.10918	0.15085	0.34012	0.0	0.0	0.0	0.16071	0.27042	0.19817	0.25245	0.14153	0.14221	0.08804	0.17637	0.0	0.13948	0.13548	0.10159	0.10016	0.0	0.0	0.0	0.11364	0.08079	0.12343	0.12808	0.12452	0.1091	0.10855	0.0722	0.15209	0.10183	0.06917	0.06236	0.00127	0.00127	0.04331	0.07591	0.09122	0.07498	0.05227	0.08129	0.12024	0.10791	0.07653	0.09599	0.04528	0.00127	0.07469	0.13043	0.06594	0.00127	0.09542	0.0	0.17425	0.02134	0.02875	0.11851	0.10933	0.09041	
0.07144	0.07745	0.07096	0.05179	0.1069	0.09666	0.03895	0.00016	0.00016	0.00016	0.00016	0.03842	0.00016	0.00016	0.0582	0.03171	0.06234	0.08399	0.03097	0.00016	0.02187	0.03342	0.0532	0.0	0.01756	0.02588	0.00016	0.00016	0.05287	0.08285	0.15177	0.0	0.07449	0.14943	0.05058	0.12964	0.12888	0.16811	0.0	0.0	0.0	0.05967	0.14592	0.04733	0.10224	0.16411	0.11012	0.12111	0.03691	0.0	0.18711	0.11185	0.10059	0.10712	0.0	0.0	0.11364	0.0	0.07388	0.07783	0.05033	0.20561	0.05262	0.13086	0.09104	0.07729	0.10656	0.05439	0.02882	0.00016	0.00016	0.02689	0.02783	0.11043	0.03423	0.05868	0.04529	0.06113	0.04532	0.03385	0.10689	0.02661	0.00016	0.02993	0.14533	0.02876	0.00016	0.08932	0.0	0.06137	0.0796	0.05209	0.06224	0.04809	0.09493	
0.05186	0.11002	0.06477	0.05811	0.10345	0.12765	0.06814	0.00014	0.00014	0.00014	0.00014	0.05582	0.00014	0.00014	0.07875	0.04012	0.08529	0.03739	0.02801	0.00014	0.0469	0.06194	0.0574	0.0	0.02696	0.10096	0.00014	0.00014	0.08361	0.098	0.14519	0.0	0.06759	0.11393	0.09135	0.13942	0.06821	0.31591	0.0	0.0	0.0	0.13243	0.18836	0.03713	0.16606	0.0764	0.08864	0.09242	0.1126	0.0	0.04512	0.11165	0.08608	0.0946	0.0	0.0	0.08079	0.07388	0.0	0.06654	0.03558	0.08055	0.07131	0.11763	0.0511	0.08722	0.06901	0.08577	0.0261	0.00014	0.00014	0.03657	0.02331	0.05017	0.07279	0.0654	0.0519	0.00808	0.02699	0.03641	0.14337	0.03422	0.00014	0.01912	0.19087	0.04393	0.00014	0.08887	0.0	0.19557	0.06209	0.04223	0.06546	0.11497	0.0643	
0.093	0.0883	0.07584	0.03916	0.06188	0.0727	0.02435	0.00082	0.00082	0.00082	0.00082	0.02908	0.00082	0.00082	0.05266	0.03415	0.04031	0.12143	0.02301	0.00082	0.04015	0.02046	0.11902	0.0	0.10072	0.0947	0.00082	0.00082	0.06496	0.04593	0.14214	0.0	0.14126	0.11313	0.09059	0.0683	0.1322	0.26317	0.0	0.0	0.0	0.11308	0.22974	0.10495	0.12335	0.11789	0.0654	0.04578	0.02931	0.0	0.1074	0.08779	0.14566	0.14126	0.0	0.0	0.12343	0.07783	0.06654	0.0	0.08829	0.05202	0.01826	0.0815	0.05273	0.08112	0.07395	0.08832	0.02148	0.00082	0.00082	0.02056	0.11584	0.05118	0.00519	0.03473	0.04499	0.08915	0.0348	0.08065	0.19462	0.0277	0.00082	0.03822	0.1171	0.01574	0.00082	0.04375	0.0	0.12773	0.05694	0.05269	0.06934	0.08217	0.09317	
