0.0	0.15581	0.0885	0.09793	4e-05	0.02753	0.07273	0.0	0.17465	0.11048	0.0	0.0	0.0	0.04468	0.07765	0.07765	0.01369	0.0853	0.09085	0.02619	4e-05	0.0	0.0	0.15876	0.07647	0.10794	0.17134	0.01745	0.15572	0.05833	0.09446	0.03923	0.06198	4e-05	0.0	0.17604	0.15879	0.17865	0.13921	0.11262	0.17974	0.0	0.16442	0.05887	0.07058	0.02798	0.11632	0.07309	0.07971	0.12785	0.04783	0.12331	0.04058	0.12331	0.11586	0.13027	0.06937	0.08307	0.14004	0.11947	0.11995	0.01369	0.10517	0.06084	0.03149	0.03852	0.07074	4e-05	0.05556	4e-05	0.12873	0.06362	0.0	0.0028	0.0	0.0615	0.10394	0.08979	0.10206	0.0	0.13779	0.04124	0.03368	0.01813	4e-05	0.03757	0.11881	4e-05	4e-05	0.02388	4e-05	4e-05	4e-05	4e-05	4e-05	0.13594	0.17082	0.14935	0.06631	0.09208	0.05831	0.0327	0.03521	0.03521	0.0	0.12304	0.1081	0.0	0.11187	0.15073	0.06327	0.05552	0.12387	4e-05	0.09756	0.13408	0.12228	0.14658	0.08006	0.11598	0.02772	0.05669	4e-05	4e-05	0.02774	0.02774	4e-05	0.09085	0.15825	0.08058	0.05695	0.07028	0.1263	0.02943	0.06753	0.0028	0.0	0.02214	0.02986	0.02802	0.12789	4e-05	0.05242	0.09085	0.10438	0.05475	0.16489	
0.15581	0.0	0.16337	0.22364	1e-05	0.06751	0.1207	0.0	0.08386	0.11171	0.0	0.0	0.0	0.01591	0.0725	0.0725	0.01224	0.04457	0.0234	0.04729	1e-05	0.0	0.0	0.04125	0.01531	0.03391	0.16807	0.11714	0.08989	0.00602	0.11641	0.04701	0.05146	1e-05	0.0	0.13744	0.06631	0.10007	0.11013	0.04712	0.05445	0.0	0.14859	0.06608	0.1208	0.0319	0.09109	0.03625	0.09616	0.12149	0.01923	0.05061	0.06285	0.05061	0.08515	0.12145	0.06488	0.09334	0.09898	0.11269	0.02128	0.01224	0.07965	0.04418	0.08295	0.13824	0.12052	1e-05	0.0247	1e-05	0.04778	0.06408	0.0	0.00084	0.0	0.12878	0.06871	0.07391	0.13182	0.0	0.10921	0.03461	0.05359	0.03033	1e-05	0.00311	0.13525	1e-05	1e-05	0.04402	1e-05	1e-05	1e-05	1e-05	1e-05	0.16478	0.1428	0.02018	0.04037	0.02269	0.02487	0.08989	0.09056	0.09056	0.0	0.20827	0.0491	0.0	0.07966	0.04681	0.06625	0.08598	0.03287	1e-05	0.14742	0.15701	0.17479	0.02129	0.06079	0.12151	0.11732	0.04221	1e-05	1e-05	0.01224	0.01224	1e-05	0.0234	0.06745	0.11897	0.11067	0.12826	0.08477	0.02614	0.07907	0.00084	0.0	0.05305	0.06682	0.13366	0.12126	1e-05	0.02251	0.0234	0.0286	0.05667	0.07519	
0.0885	0.16337	0.0	0.1306	1e-05	0.05236	0.02614	0.0	0.06866	0.15886	0.0	0.0	0.0	0.08242	0.03282	0.03282	0.02547	0.02513	0.0499	0.06014	1e-05	0.0	0.0	0.14112	0.03924	0.15742	0.14397	0.10191	0.04045	0.01176	0.14221	0.09453	0.10613	1e-05	0.0	0.18762	0.11232	0.11514	0.11255	0.0911	0.08805	0.0	0.06223	0.0194	0.0806	0.11768	0.14391	0.04102	0.2181	0.0833	0.11746	0.08063	0.08613	0.08063	0.05743	0.11172	0.10918	0.07781	0.0874	0.21777	0.04866	0.02547	0.10005	0.07134	0.07699	0.27659	0.08041	1e-05	0.04584	1e-05	0.09556	0.05281	0.0	0.00124	0.0	0.06352	0.07696	0.13196	0.11146	0.0	0.08599	0.10863	0.03891	0.19427	1e-05	0.0548	0.08169	1e-05	1e-05	0.04276	1e-05	1e-05	1e-05	1e-05	1e-05	0.12379	0.09303	0.05245	0.03166	0.03415	0.0628	0.07426	0.09829	0.09829	0.0	0.062	0.07768	0.0	0.11123	0.09233	0.17386	0.05897	0.0583	1e-05	0.09417	0.02092	0.07404	0.02964	0.11478	0.06976	0.10635	0.09682	1e-05	1e-05	0.02547	0.02547	1e-05	0.0499	0.09801	0.15602	0.14892	0.09713	0.10768	0.03282	0.02643	0.00124	0.0	0.04313	0.04707	0.06083	0.0687	1e-05	0.02819	0.0499	0.19383	0.11595	0.10732	
0.09793	0.22364	0.1306	0.0	4e-05	0.01016	0.17664	0.0	0.0888	0.17516	0.0	0.0	0.0	0.02167	0.01077	0.01077	0.14419	0.01701	0.00979	0.01784	4e-05	0.0	0.0	0.0664	0.07024	0.03485	0.14221	0.0726	0.10588	0.0479	0.12685	0.02733	0.03299	4e-05	0.0	0.14356	0.06741	0.19408	0.06527	0.04025	0.02081	0.0	0.01755	0.07009	0.06637	0.08724	0.06657	0.07991	0.02799	0.13087	0.03191	0.07354	0.02063	0.07354	0.08814	0.06841	0.02095	0.11712	0.17845	0.07087	0.08429	0.14419	0.01627	0.03463	0.40859	0.10165	0.10298	4e-05	0.08596	4e-05	0.07508	0.08701	0.0	0.00043	0.0	0.1245	0.07225	0.05039	0.01639	0.0	0.10449	0.02599	0.11447	0.01224	4e-05	0.0703	0.12413	4e-05	4e-05	0.02332	4e-05	4e-05	4e-05	4e-05	4e-05	0.11166	0.18187	0.06936	0.01016	0.07035	0.0103	0.01179	0.01303	0.01303	0.0	0.1858	0.03487	0.0	0.04372	0.07476	0.10987	0.17229	0.06239	4e-05	0.01831	0.07411	0.27535	0.07113	0.03426	0.12754	0.18316	0.03131	4e-05	4e-05	0.14419	0.14419	4e-05	0.00979	0.06843	0.11463	0.03117	0.10897	0.03624	0.01077	0.21724	0.00043	0.0	0.16376	0.1377	0.16948	0.03185	4e-05	0.00946	0.00979	0.10543	0.08247	0.08259	
4e-05	1e-05	1e-05	4e-05	0.0	0.00015	0.00013	0.0	8e-05	2e-05	0.0	0.0	0.0	0.00011	0.00016	0.00016	0.00028	0.00021	0.00024	9e-05	0.0	0.0	0.0	2e-05	4e-05	6e-05	2e-05	4e-05	2e-05	4e-05	1e-05	8e-05	6e-05	0.0	0.0	2e-05	2e-05	4e-05	2e-05	3e-05	9e-05	0.0	6e-05	4e-05	2e-05	2e-05	3e-05	5e-05	3e-05	3e-05	7e-05	5e-05	4e-05	5e-05	5e-05	2e-05	4e-05	5e-05	3e-05	0.0	0.00012	0.00028	9e-05	7e-05	0.00012	3e-05	1e-05	0.0	7e-05	0.0	5e-05	1e-05	0.0	0.0	0.0	5e-05	2e-05	1e-05	7e-05	0.0	1e-05	6e-05	5e-05	0.00014	0.0	5e-05	8e-05	0.0	0.0	8e-05	0.0	0.0	0.0	0.0	0.0	3e-05	1e-05	5e-05	9e-05	5e-05	0.00014	0.00015	0.00015	0.00015	0.0	7e-05	3e-05	0.0	4e-05	6e-05	4e-05	6e-05	0.00026	0.0	6e-05	5e-05	8e-05	5e-05	3e-05	5e-05	0.0001	6e-05	0.0	0.0	0.00028	0.00028	0.0	0.00024	2e-05	2e-05	3e-05	3e-05	2e-05	0.00016	0.00014	0.0	0.0	8e-05	8e-05	8e-05	3e-05	0.0	0.00025	0.00024	0.0	0.0	4e-05	
0.02753	0.06751	0.05236	0.01016	0.00015	0.0	0.01098	0.0	0.01298	0.05221	0.0	0.0	0.0	0.01266	0.0072	0.0072	0.00419	0.01034	0.0067	0.01069	0.00015	0.0	0.0	0.02178	0.02853	0.10904	0.03065	0.03239	0.02681	0.03561	0.09543	0.01519	0.01756	0.00015	0.0	0.0151	0.11424	0.09351	0.20168	0.02704	0.01132	0.0	0.00988	0.06823	0.02203	0.05199	0.02164	0.04541	0.01429	0.02234	0.14136	0.01879	0.24419	0.01879	0.01318	0.27724	0.01137	0.01444	0.01982	0.17579	0.0149	0.00419	0.51223	0.01283	0.00878	0.08294	0.03954	0.00015	0.01447	0.00015	0.02038	0.01932	0.0	0.00039	0.0	0.46079	0.03115	0.07582	0.00955	0.0	0.07011	0.18829	0.0345	0.00796	0.00015	0.02866	0.0139	0.00015	0.00015	0.01322	0.00015	0.00015	0.00015	0.00015	0.00015	0.02101	0.0285	0.02455	0.00654	0.02877	0.00695	0.00773	0.00844	0.00844	0.0	0.01502	0.01712	0.0	0.06782	0.01777	0.0612	0.01918	0.00896	0.00015	0.01021	0.01846	0.00964	0.01722	0.11195	0.0221	0.33185	0.14499	0.00015	0.00015	0.00419	0.00419	0.00015	0.0067	0.02001	0.09587	0.01548	0.01759	0.01765	0.0072	0.00939	0.00039	0.0	0.01152	0.01344	0.01131	0.14829	0.00015	0.00653	0.0067	0.06179	0.07438	0.02155	
0.07273	0.1207	0.02614	0.17664	0.00013	0.01098	0.0	0.0	0.07921	0.00632	0.0	0.0	0.0	0.02214	0.01157	0.01157	0.00623	0.0175	0.01062	0.01825	0.00013	0.0	0.0	0.01892	0.00669	0.03264	0.15644	0.062	0.1182	0.00183	0.06931	0.02719	0.03195	0.00013	0.0	0.02822	0.1175	0.13639	0.14358	0.01587	0.11978	0.0	0.23528	0.00707	0.16542	0.0568	0.02016	0.07805	0.02653	0.11934	0.03099	0.02972	0.02026	0.02972	0.07809	0.02781	0.02045	0.02681	0.16166	0.02055	0.05653	0.00623	0.0163	0.02249	0.15199	0.04039	0.03578	0.00013	0.06055	0.00013	0.02802	0.04296	0.0	0.00078	0.0	0.018	0.00921	0.04542	0.01671	0.0	0.02512	0.02566	0.0005	0.01299	0.00013	0.00657	0.05395	0.00013	0.00013	0.02325	0.00013	0.00013	0.00013	0.00013	0.00013	0.11256	0.07841	0.01241	0.01074	0.00645	0.01111	0.01256	0.01401	0.01401	0.0	0.32677	0.06027	0.0	0.04113	0.0457	0.05234	0.03826	0.04066	0.00013	0.22956	0.0313	0.82212	0.03494	0.03206	0.19533	0.09662	0.03045	0.00013	0.00013	0.00623	0.00623	0.00013	0.01062	0.02811	0.02578	0.02914	0.0333	0.04015	0.01157	0.13063	0.00078	0.0	0.01989	0.51151	0.08345	0.02917	0.00013	0.0103	0.01062	0.04727	0.0394	0.0337	
0.0	0.0	0.0	0.0	0.0	0.0	0.0	0.0	0.0	0.0	0.0	0.0	0.0	0.0	0.0	0.0	0.0	0.0	0.0	0.0	0.0	0.0	0.0	0.0	0.0	0.0	0.0	0.0	0.0	0.0	0.0	0.0	0.0	0.0	0.0	0.0	0.0	0.0	0.0	0.0	0.0	0.0	0.0	0.0	0.0	0.0	0.0	0.0	0.0	0.0	0.0	0.0	0.0	0.0	0.0	0.0	0.0	0.0	0.0	0.0	0.0	0.0	0.0	0.0	0.0	0.0	0.0	0.0	0.0	0.0	0.0	0.0	0.0	0.0	0.0	0.0	0.0	0.0	0.0	0.0	0.0	0.0	0.0	0.0	0.0	0.0	0.0	0.0	0.0	0.0	0.0	0.0	0.0	0.0	0.0	0.0	0.0	0.0	0.0	0.0	0.0	0.0	0.0	0.0	0.0	0.0	0.0	0.0	0.0	0.0	0.0	0.0	0.0	0.0	0.0	0.0	0.0	0.0	0.0	0.0	0.0	0.0	0.0	0.0	0.0	0.0	0.0	0.0	0.0	0.0	0.0	0.0	0.0	0.0	0.0	0.0	0.0	0.0	0.0	0.0	0.0	0.0	0.0	0.0	0.0	0.0	0.0	
0.17465	0.08386	0.06866	0.0888	8e-05	0.01298	0.07921	0.0	0.0	0.15296	0.0	0.0	0.0	0.0282	0.01375	0.01375	0.00696	0.18359	0.35024	0.02293	8e-05	0.0	0.0	0.16822	0.14408	0.22153	0.3405	0.02461	0.09977	0.14903	0.07976	0.0906	0.04285	8e-05	0.0	0.08018	0.05134	0.05046	0.17134	0.03191	0.34508	0.0	0.16543	0.14584	0.20715	0.03057	0.1697	0.02736	0.03638	0.36197	0.04141	0.24477	0.02664	0.24477	0.48929	0.20554	0.02707	0.17814	0.2533	0.12596	0.36881	0.00696	0.26974	0.14287	0.01778	0.08661	0.11631	8e-05	0.38949	8e-05	0.24304	0.25446	0.0	0.00078	0.0	0.19591	0.16819	0.0872	0.08395	0.0	0.13248	0.0336	0.0405	0.01566	8e-05	0.19946	0.03502	8e-05	8e-05	0.03009	8e-05	8e-05	8e-05	8e-05	8e-05	0.2005	0.19346	0.16991	0.013	0.14293	0.01316	0.01507	0.0169	0.0169	0.0	0.31304	0.05506	0.0	0.05826	0.51651	0.14121	0.19882	1.58977	8e-05	0.16326	0.25164	0.16728	0.24063	0.0447	0.19397	0.02283	0.04063	8e-05	8e-05	0.00696	0.00696	8e-05	0.35024	0.19385	0.04846	0.04063	0.16692	0.03991	0.01375	0.01935	0.00078	0.0	0.02526	0.05192	0.02469	0.04163	8e-05	0.01207	0.35024	0.08743	0.10568	0.24032	
0.11048	0.11171	0.15886	0.17516	2e-05	0.05221	0.00632	0.0	0.15296	0.0	0.0	0.0	0.0	0.06148	0.05573	0.05573	0.01548	0.05363	0.02896	0.00672	2e-05	0.0	0.0	0.12208	0.10917	0.03699	0.11412	0.02153	0.01459	0.09692	0.0357	0.09532	0.01108	2e-05	0.0	0.18477	0.0387	0.0408	0.12755	0.08236	0.03133	0.0	0.10223	0.12555	0.09801	0.05295	0.13069	0.03008	0.05047	0.10864	0.01617	0.24737	0.01767	0.24737	0.1903	0.28704	0.03787	0.21211	0.18737	0.37467	0.06832	0.01548	0.0671	0.07399	0.04271	0.03881	0.05876	2e-05	0.07403	2e-05	0.2426	0.07556	0.0	0.00112	0.0	0.16874	0.16046	0.04894	0.05399	0.0	0.08198	0.16243	0.1516	0.06459	2e-05	0.08193	0.09506	2e-05	2e-05	0.07723	2e-05	2e-05	2e-05	2e-05	2e-05	0.2219	0.07834	0.03397	0.03075	0.09574	0.0307	0.0356	0.04092	0.04092	0.0	0.07009	0.05929	0.0	0.03565	0.14714	0.27922	0.043	0.07676	2e-05	0.07456	0.08635	0.07087	0.07905	0.11429	0.12055	0.00512	0.20927	2e-05	2e-05	0.01548	0.01548	2e-05	0.02896	0.22249	0.07932	0.09868	0.18811	0.16193	0.05573	0.04692	0.00112	0.0	0.00737	0.00435	0.06166	0.14441	2e-05	0.0279	0.02896	0.08753	0.2102	0.07732	
0.0	0.0	0.0	0.0	0.0	0.0	0.0	0.0	0.0	0.0	0.0	0.0	0.0	0.0	0.0	0.0	0.0	0.0	0.0	0.0	0.0	0.0	0.0	0.0	0.0	0.0	0.0	0.0	0.0	0.0	0.0	0.0	0.0	0.0	0.0	0.0	0.0	0.0	0.0	0.0	0.0	0.0	0.0	0.0	0.0	0.0	0.0	0.0	0.0	0.0	0.0	0.0	0.0	0.0	0.0	0.0	0.0	0.0	0.0	0.0	0.0	0.0	0.0	0.0	0.0	0.0	0.0	0.0	0.0	0.0	0.0	0.0	0.0	0.0	0.0	0.0	0.0	0.0	0.0	0.0	0.0	0.0	0.0	0.0	0.0	0.0	0.0	0.0	0.0	0.0	0.0	0.0	0.0	0.0	0.0	0.0	0.0	0.0	0.0	0.0	0.0	0.0	0.0	0.0	0.0	0.0	0.0	0.0	0.0	0.0	0.0	0.0	0.0	0.0	0.0	0.0	0.0	0.0	0.0	0.0	0.0	0.0	0.0	0.0	0.0	0.0	0.0	0.0	0.0	0.0	0.0	0.0	0.0	0.0	0.0	0.0	0.0	0.0	0.0	0.0	0.0	0.0	0.0	0.0	0.0	0.0	0.0	
0.0	0.0	0.0	0.0	0.0	0.0	0.0	0.0	0.0	0.0	0.0	0.0	0.0	0.0	0.0	0.0	0.0	0.0	0.0	0.0	0.0	0.0	0.0	0.0	0.0	0.0	0.0	0.0	0.0	0.0	0.0	0.0	0.0	0.0	0.0	0.0	0.0	0.0	0.0	0.0	0.0	0.0	0.0	0.0	0.0	0.0	0.0	0.0	0.0	0.0	0.0	0.0	0.0	0.0	0.0	0.0	0.0	0.0	0.0	0.0	0.0	0.0	0.0	0.0	0.0	0.0	0.0	0.0	0.0	0.0	0.0	0.0	0.0	0.0	0.0	0.0	0.0	0.0	0.0	0.0	0.0	0.0	0.0	0.0	0.0	0.0	0.0	0.0	0.0	0.0	0.0	0.0	0.0	0.0	0.0	0.0	0.0	0.0	0.0	0.0	0.0	0.0	0.0	0.0	0.0	0.0	0.0	0.0	0.0	0.0	0.0	0.0	0.0	0.0	0.0	0.0	0.0	0.0	0.0	0.0	0.0	0.0	0.0	0.0	0.0	0.0	0.0	0.0	0.0	0.0	0.0	0.0	0.0	0.0	0.0	0.0	0.0	0.0	0.0	0.0	0.0	0.0	0.0	0.0	0.0	0.0	0.0	
0.0	0.0	0.0	0.0	0.0	0.0	0.0	0.0	0.0	0.0	0.0	0.0	0.0	0.0	0.0	0.0	0.0	0.0	0.0	0.0	0.0	0.0	0.0	0.0	0.0	0.0	0.0	0.0	0.0	0.0	0.0	0.0	0.0	0.0	0.0	0.0	0.0	0.0	0.0	0.0	0.0	0.0	0.0	0.0	0.0	0.0	0.0	0.0	0.0	0.0	0.0	0.0	0.0	0.0	0.0	0.0	0.0	0.0	0.0	0.0	0.0	0.0	0.0	0.0	0.0	0.0	0.0	0.0	0.0	0.0	0.0	0.0	0.0	0.0	0.0	0.0	0.0	0.0	0.0	0.0	0.0	0.0	0.0	0.0	0.0	0.0	0.0	0.0	0.0	0.0	0.0	0.0	0.0	0.0	0.0	0.0	0.0	0.0	0.0	0.0	0.0	0.0	0.0	0.0	0.0	0.0	0.0	0.0	0.0	0.0	0.0	0.0	0.0	0.0	0.0	0.0	0.0	0.0	0.0	0.0	0.0	0.0	0.0	0.0	0.0	0.0	0.0	0.0	0.0	0.0	0.0	0.0	0.0	0.0	0.0	0.0	0.0	0.0	0.0	0.0	0.0	0.0	0.0	0.0	0.0	0.0	0.0	
0.04468	0.01591	0.08242	0.02167	0.00011	0.01266	0.02214	0.0	0.0282	0.06148	0.0	0.0	0.0	0.0	0.01329	0.01329	0.0071	0.02068	0.01243	0.02137	0.00011	0.0	0.0	0.05084	0.06653	0.03903	0.031	0.02372	0.06542	0.07567	0.05804	0.01929	0.03534	0.00011	0.0	0.1216	0.04766	0.02372	0.03983	0.01904	0.02407	0.0	0.02036	0.00627	0.03062	0.01123	0.00891	0.03933	0.11203	0.05323	0.0367	0.04115	0.0238	0.04115	0.02861	0.04319	0.02631	0.0317	0.04639	0.02457	0.03167	0.0071	0.01912	0.02643	0.01698	0.03474	0.0344	0.00011	0.01879	0.00011	0.04521	0.04433	0.0	0.00036	0.0	0.02111	0.06402	0.05281	0.11191	0.0	0.06825	0.04003	0.10956	0.17873	0.00011	0.06709	0.03053	0.00011	0.00011	0.02743	0.00011	0.00011	0.00011	0.00011	0.00011	0.04888	0.03437	0.00147	0.09599	0.06705	0.01286	0.01445	0.0159	0.0159	0.0	0.03291	0.0389	0.0	0.04157	0.0408	0.04021	0.04199	0.01703	0.00011	0.02116	0.01628	0.01992	0.13169	0.04037	0.04969	0.02131	0.03939	0.00011	0.00011	0.0071	0.0071	0.00011	0.01243	0.04654	0.04966	0.03915	0.00911	0.04221	0.01329	0.01842	0.00036	0.0	0.02363	0.02799	0.02281	0.03841	0.00011	0.01204	0.01243	0.05874	0.03486	0.04519	
0.07765	0.0725	0.03282	0.01077	0.00016	0.0072	0.01157	0.0	0.01375	0.05573	0.0	0.0	0.0	0.01329	0.0	0.9997	0.00436	0.01089	0.00702	0.01126	0.00016	0.0	0.0	0.08181	0.07167	0.01844	0.04494	0.03446	0.06114	0.05514	0.0208	0.01602	0.0186	0.00016	0.0	0.17763	0.02114	0.01934	0.02698	0.13564	0.01198	0.0	0.50074	0.07278	0.02345	0.03086	0.08199	0.04284	0.01517	0.08089	0.01809	0.12963	0.012	0.12963	0.01397	0.10106	0.01204	0.20741	0.02106	0.05279	0.01576	0.00436	0.00986	0.01355	0.00923	0.06139	0.04227	0.00016	0.0153	0.00016	0.12804	0.02056	0.0	0.0003	0.0	0.01074	0.25641	0.02442	0.01003	0.0	0.0544	0.01525	0.03671	0.00836	0.00016	0.03047	0.01474	0.00016	0.00016	0.01397	0.00016	0.00016	0.00016	0.00016	0.00016	0.09685	0.06955	0.08738	0.00687	0.07096	0.00728	0.00811	0.0088	0.0088	0.0	0.01592	0.17347	0.0	0.02256	0.15974	0.06801	0.02021	0.00923	0.00016	0.01079	0.13333	0.01018	0.01829	0.01809	0.10139	0.01123	0.0178	0.00016	0.00016	0.00436	0.00436	0.00016	0.00702	0.09251	0.02338	0.17226	0.0187	0.11522	0.00755	0.00987	0.0003	0.0	0.01215	0.0142	0.01193	0.25043	0.00016	0.00683	0.00702	0.05398	0.07857	0.09061	
0.07765	0.0725	0.03282	0.01077	0.00016	0.0072	0.01157	0.0	0.01375	0.05573	0.0	0.0	0.0	0.01329	0.9997	0.0	0.00436	0.01089	0.00702	0.01126	0.00016	0.0	0.0	0.08181	0.07167	0.01844	0.04494	0.03446	0.06114	0.05514	0.0208	0.01602	0.0186	0.00016	0.0	0.17763	0.02114	0.01934	0.02698	0.13564	0.01198	0.0	0.50074	0.07278	0.02345	0.03086	0.08199	0.04284	0.01517	0.08089	0.01809	0.12963	0.012	0.12963	0.01397	0.10106	0.01204	0.20741	0.02106	0.05279	0.01576	0.00436	0.00986	0.01355	0.00923	0.06139	0.04227	0.00016	0.0153	0.00016	0.12804	0.02056	0.0	0.0003	0.0	0.01074	0.25641	0.02442	0.01003	0.0	0.0544	0.01525	0.03671	0.00836	0.00016	0.03047	0.01474	0.00016	0.00016	0.01397	0.00016	0.00016	0.00016	0.00016	0.00016	0.09685	0.06955	0.08738	0.00687	0.07096	0.00728	0.00811	0.0088	0.0088	0.0	0.01592	0.17347	0.0	0.02256	0.15974	0.06801	0.02021	0.00923	0.00016	0.01079	0.13333	0.01018	0.01829	0.01809	0.10139	0.01123	0.0178	0.00016	0.00016	0.00436	0.00436	0.00016	0.00702	0.09251	0.02338	0.17226	0.0187	0.11522	0.00755	0.00987	0.0003	0.0	0.01215	0.0142	0.01193	0.25043	0.00016	0.00683	0.00702	0.05398	0.07857	0.09061	
0.01369	0.01224	0.02547	0.14419	0.00028	0.00419	0.00623	0.0	0.00696	0.01548	0.0	0.0	0.0	0.0071	0.00436	0.00436	0.0	0.00596	0.00414	0.00607	0.00028	0.0	0.0	0.01124	0.01487	0.00908	0.02088	0.0168	0.02836	0.02645	0.0099	0.00832	0.00944	0.00028	0.0	0.00791	0.01007	0.00933	0.01277	0.01371	0.00616	0.0	0.00545	0.0147	0.01135	0.026	0.01115	0.02071	0.00755	0.01141	0.00921	0.01004	0.00618	0.01004	0.00703	0.00984	0.00617	0.00766	0.01023	0.01417	0.00816	0.99941	0.00521	0.11267	0.21898	0.01465	0.02294	0.00028	0.00793	0.00028	0.01087	0.00982	0.0	0.00039	0.0	0.00558	0.01586	0.01159	0.00535	0.0	0.03355	0.0079	0.02739	0.00474	0.00028	0.01494	0.00739	0.00028	0.00028	0.00731	0.00028	0.00028	0.00028	0.00028	0.00028	0.01086	0.05051	0.0129	0.00387	0.01499	0.00422	0.00463	0.00501	0.00501	0.0	0.00801	0.0089	0.0	0.01102	0.00921	0.02994	0.08253	0.00539	0.00028	0.0056	0.00988	0.00534	0.00904	0.0089	0.01168	0.00606	0.00907	0.00028	0.00028	0.00279	0.00279	0.00028	0.00414	0.0103	0.01106	0.00809	0.05174	0.00915	0.00436	0.00545	0.00039	0.0	0.13562	0.00742	0.00638	0.00783	0.00028	0.00405	0.00414	0.02951	0.01344	0.01101	
0.0853	0.04457	0.02513	0.01701	0.00021	0.01034	0.0175	0.0	0.18359	0.05363	0.0	0.0	0.0	0.02068	0.01089	0.01089	0.00596	0.0	0.33751	0.09496	0.00021	0.0	0.0	0.01373	0.04956	0.16236	0.07771	0.00155	0.07065	0.00113	0.02937	0.03551	0.02945	0.00021	0.0	0.02609	0.03689	0.1344	0.04551	0.01249	0.19875	0.0	0.01615	0.04893	0.03869	0.05171	0.038	0.07114	0.02439	0.02027	0.02858	0.0317	0.01874	0.0317	0.02226	0.0329	0.0189	0.02475	0.03493	0.05189	0.04167	0.00596	0.22725	0.06801	0.01362	0.05267	0.02237	0.00021	0.02383	0.00021	0.03601	0.1022	0.0	0.0607	0.0	0.01667	0.04182	0.03128	0.0329	0.0	0.05438	0.02374	0.09608	0.0122	0.00021	0.00485	0.05307	0.00021	0.00021	0.05668	0.00021	0.00021	0.00021	0.00021	0.00021	0.03692	0.02631	0.0078	0.01008	0.04999	0.01047	0.0118	0.01325	0.01325	0.0	0.0254	0.02985	0.0	0.04879	0.03849	0.07883	0.0353	0.33512	0.00021	0.01676	0.0311	0.0157	0.02962	0.0294	0.03775	0.01694	0.02809	0.00021	0.00021	0.00596	0.00596	0.00021	0.33751	0.03514	0.04278	0.02673	0.03051	0.03074	0.01089	0.01467	0.0607	0.0	0.01849	0.02195	0.01812	0.02667	0.00021	0.32227	0.33751	0.03124	0.04976	0.0475	
0.09085	0.0234	0.0499	0.00979	0.00024	0.0067	0.01062	0.0	0.35024	0.02896	0.0	0.0	0.0	0.01243	0.00702	0.00702	0.00414	0.33751	0.0	0.01034	0.00024	0.0	0.0	0.02088	0.02737	0.28304	0.04015	0.03105	0.12423	0.04953	0.04815	0.10977	0.01689	0.00024	0.0	0.0147	0.01907	0.01747	0.0242	0.02587	0.39822	0.0	0.00954	0.02704	0.02112	0.02771	0.02074	0.03854	0.01374	0.02139	0.01644	0.01806	0.01094	0.01806	0.01267	0.01816	0.01096	0.01402	0.01911	0.02713	0.01436	0.00414	0.49431	0.22104	0.00852	0.02784	0.04435	0.00024	0.01395	0.00024	0.0197	0.09087	0.0	0.00087	0.0	0.0098	0.0565	0.04737	0.13126	0.0	0.02828	0.0139	0.05132	0.00774	0.00024	0.06394	0.01336	0.00024	0.00024	0.01275	0.00024	0.00024	0.00024	0.00024	0.00024	0.02023	0.06195	0.02357	0.00637	0.02759	0.00677	0.00752	0.00841	0.00841	0.0	0.01444	0.01649	0.0	0.02074	0.1061	0.04069	0.01878	1.00279	0.00024	0.00985	0.01775	0.00931	0.01653	0.01634	0.02122	0.01031	0.01618	0.00024	0.00024	0.00414	0.00414	0.00024	0.9998	0.01918	0.02097	0.01486	0.01688	0.01693	0.00702	0.0091	0.00087	0.0	0.01114	0.01296	0.01094	0.01458	0.00024	0.00638	0.9998	0.0342	0.02586	0.10369	
0.02619	0.04729	0.06014	0.01784	9e-05	0.01069	0.01825	0.0	0.02293	0.00672	0.0	0.0	0.0	0.02137	0.01126	0.01126	0.00607	0.09496	0.01034	0.0	9e-05	0.0	0.0	0.15321	0.00743	0.03154	0.08267	0.00069	0.08224	0.00227	0.03699	0.02626	0.03093	9e-05	0.0	0.02722	0.21911	0.13045	0.01496	0.10464	0.01968	0.0	0.01689	0.00782	0.04086	0.05475	0.02079	0.07526	0.02565	0.1543	0.03	0.031	0.01963	0.031	0.19779	0.02861	0.01981	0.08583	0.04298	0.02041	0.03668	0.00607	0.01581	0.02181	0.01414	0.05585	0.02429	9e-05	0.02496	9e-05	0.14577	0.03107	0.0	0.05553	0.0	0.01744	0.00947	0.14341	0.01612	0.0	0.04306	0.02487	0.00026	0.01264	9e-05	0.0073	0.04887	9e-05	9e-05	0.05066	9e-05	9e-05	9e-05	9e-05	9e-05	0.02744	0.07192	0.00576	0.01044	0.00718	0.01082	0.01222	0.01351	0.01351	0.0	0.0267	0.0608	0.0	0.33381	0.0773	0.0357	0.03034	0.01428	9e-05	0.01753	0.03268	0.0164	0.0312	0.17665	0.01901	0.01765	0.02949	9e-05	9e-05	0.00607	0.00607	9e-05	0.01034	0.02871	0.04158	0.0733	0.03217	0.09908	0.35714	0.01526	0.05553	0.0	0.01931	0.02297	0.01891	0.02816	9e-05	0.29842	0.01034	0.10373	0.03894	0.04041	
4e-05	1e-05	1e-05	4e-05	0.0	0.00015	0.00013	0.0	8e-05	2e-05	0.0	0.0	0.0	0.00011	0.00016	0.00016	0.00028	0.00021	0.00024	9e-05	0.0	0.0	0.0	2e-05	4e-05	6e-05	2e-05	4e-05	2e-05	4e-05	1e-05	8e-05	6e-05	0.0	0.0	2e-05	2e-05	4e-05	2e-05	3e-05	9e-05	0.0	6e-05	4e-05	2e-05	2e-05	3e-05	5e-05	3e-05	3e-05	7e-05	5e-05	4e-05	5e-05	5e-05	2e-05	4e-05	5e-05	3e-05	0.0	0.00012	0.00028	9e-05	7e-05	0.00012	3e-05	1e-05	0.0	7e-05	0.0	5e-05	1e-05	0.0	0.0	0.0	5e-05	2e-05	1e-05	7e-05	0.0	1e-05	6e-05	5e-05	0.00014	0.0	5e-05	8e-05	0.0	0.0	8e-05	0.0	0.0	0.0	0.0	0.0	3e-05	1e-05	5e-05	9e-05	5e-05	0.00014	0.00015	0.00015	0.00015	0.0	7e-05	3e-05	0.0	4e-05	6e-05	4e-05	6e-05	0.00026	0.0	6e-05	5e-05	8e-05	5e-05	3e-05	5e-05	0.0001	6e-05	0.0	0.0	0.00028	0.00028	0.0	0.00024	2e-05	2e-05	3e-05	3e-05	2e-05	0.00016	0.00014	0.0	0.0	8e-05	8e-05	8e-05	3e-05	0.0	0.00025	0.00024	0.0	0.0	4e-05	
0.0	0.0	0.0	0.0	0.0	0.0	0.0	0.0	0.0	0.0	0.0	0.0	0.0	0.0	0.0	0.0	0.0	0.0	0.0	0.0	0.0	0.0	0.0	0.0	0.0	0.0	0.0	0.0	0.0	0.0	0.0	0.0	0.0	0.0	0.0	0.0	0.0	0.0	0.0	0.0	0.0	0.0	0.0	0.0	0.0	0.0	0.0	0.0	0.0	0.0	0.0	0.0	0.0	0.0	0.0	0.0	0.0	0.0	0.0	0.0	0.0	0.0	0.0	0.0	0.0	0.0	0.0	0.0	0.0	0.0	0.0	0.0	0.0	0.0	0.0	0.0	0.0	0.0	0.0	0.0	0.0	0.0	0.0	0.0	0.0	0.0	0.0	0.0	0.0	0.0	0.0	0.0	0.0	0.0	0.0	0.0	0.0	0.0	0.0	0.0	0.0	0.0	0.0	0.0	0.0	0.0	0.0	0.0	0.0	0.0	0.0	0.0	0.0	0.0	0.0	0.0	0.0	0.0	0.0	0.0	0.0	0.0	0.0	0.0	0.0	0.0	0.0	0.0	0.0	0.0	0.0	0.0	0.0	0.0	0.0	0.0	0.0	0.0	0.0	0.0	0.0	0.0	0.0	0.0	0.0	0.0	0.0	
0.0	0.0	0.0	0.0	0.0	0.0	0.0	0.0	0.0	0.0	0.0	0.0	0.0	0.0	0.0	0.0	0.0	0.0	0.0	0.0	0.0	0.0	0.0	0.0	0.0	0.0	0.0	0.0	0.0	0.0	0.0	0.0	0.0	0.0	0.0	0.0	0.0	0.0	0.0	0.0	0.0	0.0	0.0	0.0	0.0	0.0	0.0	0.0	0.0	0.0	0.0	0.0	0.0	0.0	0.0	0.0	0.0	0.0	0.0	0.0	0.0	0.0	0.0	0.0	0.0	0.0	0.0	0.0	0.0	0.0	0.0	0.0	0.0	0.0	0.0	0.0	0.0	0.0	0.0	0.0	0.0	0.0	0.0	0.0	0.0	0.0	0.0	0.0	0.0	0.0	0.0	0.0	0.0	0.0	0.0	0.0	0.0	0.0	0.0	0.0	0.0	0.0	0.0	0.0	0.0	0.0	0.0	0.0	0.0	0.0	0.0	0.0	0.0	0.0	0.0	0.0	0.0	0.0	0.0	0.0	0.0	0.0	0.0	0.0	0.0	0.0	0.0	0.0	0.0	0.0	0.0	0.0	0.0	0.0	0.0	0.0	0.0	0.0	0.0	0.0	0.0	0.0	0.0	0.0	0.0	0.0	0.0	
0.15876	0.04125	0.14112	0.0664	2e-05	0.02178	0.01892	0.0	0.16822	0.12208	0.0	0.0	0.0	0.05084	0.08181	0.08181	0.01124	0.01373	0.02088	0.15321	2e-05	0.0	0.0	0.0	0.2423	0.12915	0.23586	0.02006	0.06075	0.10817	0.1174	0.13909	0.08042	2e-05	0.0	0.19051	0.26226	0.11633	0.08113	0.17472	0.0386	0.0	0.15549	0.24913	0.10169	0.0541	0.25071	0.06933	0.06903	0.35621	0.12874	0.45849	0.15036	0.45849	0.2646	0.38862	0.04954	0.25698	0.36024	0.17479	0.27628	0.01124	0.03729	0.05215	0.03057	0.09375	0.13065	2e-05	0.08857	2e-05	0.7421	0.05049	0.0	0.00407	0.0	0.09628	0.13051	0.22361	0.03794	0.0	0.14169	0.06139	0.02235	0.02666	2e-05	0.0546	0.02514	2e-05	2e-05	0.00746	2e-05	2e-05	2e-05	2e-05	2e-05	0.37944	0.08662	0.312	0.02212	0.15405	0.26267	0.02558	0.09276	0.09276	0.0	0.07757	0.26747	0.0	0.09479	0.25841	0.11847	0.0385	0.04721	2e-05	0.08712	0.15366	0.08555	0.15881	0.11391	0.26839	0.04014	0.0758	2e-05	2e-05	0.01124	0.01124	2e-05	0.02088	0.53213	0.02299	0.02603	0.17201	0.07379	0.08181	0.03352	0.00407	0.0	0.04485	0.01011	0.04372	0.1055	2e-05	0.07017	0.02088	0.24222	0.11012	0.05006	
0.07647	0.01531	0.03924	0.07024	4e-05	0.02853	0.00669	0.0	0.14408	0.10917	0.0	0.0	0.0	0.06653	0.07167	0.07167	0.01487	0.04956	0.02737	0.00743	4e-05	0.0	0.0	0.2423	0.0	0.01888	0.08658	0.01048	0.02181	0.09581	0.1465	0.00134	0.01191	4e-05	0.0	0.13892	0.07143	0.05258	0.11269	0.08591	0.03142	0.0	0.1295	0.20139	0.04825	0.03323	0.16565	0.00482	0.02495	0.16772	0.00321	0.33312	0.01608	0.33312	0.20777	0.28748	0.08259	0.20008	0.18893	0.18451	0.05044	0.01487	0.04797	0.06742	0.03982	0.00247	0.02875	4e-05	0.05724	4e-05	0.32785	0.0424	0.0	0.00099	0.0	0.08912	0.05877	0.05693	0.04924	0.0	0.10746	0.00268	0.06234	0.03479	4e-05	0.05568	0.08431	4e-05	4e-05	0.07023	4e-05	4e-05	4e-05	4e-05	4e-05	0.27991	0.07226	0.11025	0.0288	0.15021	0.06824	0.03341	0.03478	0.03478	0.0	0.05103	0.18096	0.0	0.04468	0.16886	0.07939	0.01756	0.04539	4e-05	0.08304	0.0983	0.08045	0.11737	0.12164	0.16599	0.05206	0.00932	4e-05	4e-05	0.01487	0.01487	4e-05	0.02737	0.31079	0.01422	0.00572	0.05443	0.111	0.07167	0.04358	0.00099	0.0	0.05807	0.02822	0.05664	0.0439	4e-05	0.0264	0.02737	0.08836	0.10566	0.05334	
0.10794	0.03391	0.15742	0.03485	6e-05	0.10904	0.03264	0.0	0.22153	0.03699	0.0	0.0	0.0	0.03903	0.01844	0.01844	0.00908	0.16236	0.28304	0.03154	6e-05	0.0	0.0	0.12915	0.01888	0.0	0.13414	0.02619	0.09756	0.03626	0.06222	0.21603	0.0139	6e-05	0.0	0.05744	0.09618	0.05101	0.08366	0.04748	0.22597	0.0	0.03153	0.02405	0.04937	0.03687	0.13771	0.04806	0.03701	0.04011	0.73332	0.06676	0.20665	0.06676	0.04671	0.11906	0.05793	0.05244	0.06199	0.09529	0.04918	0.00908	0.34846	0.17667	0.02412	0.13484	0.08918	6e-05	0.04744	6e-05	0.07361	0.10818	0.0	0.0006	0.0	0.10103	0.05082	0.30706	0.20899	0.0	0.09118	0.01332	0.1354	0.02112	6e-05	0.12175	0.11905	6e-05	6e-05	0.02701	6e-05	6e-05	6e-05	6e-05	6e-05	0.13557	0.14611	0.01704	0.01753	0.02199	0.11086	0.13071	0.18752	0.18752	0.0	0.05359	0.05081	0.0	0.07982	0.12002	0.08963	0.01285	0.29347	6e-05	0.11787	0.06525	0.03039	0.01855	0.02128	0.08206	0.03011	0.01068	6e-05	6e-05	0.00908	0.00908	6e-05	0.28304	0.07661	0.0258	0.05903	0.08152	0.06952	0.01844	0.02637	0.0006	0.0	0.03494	0.00847	0.04161	0.04273	6e-05	0.01607	0.28304	0.06449	0.04992	0.08873	
0.17134	0.16807	0.14397	0.14221	2e-05	0.03065	0.15644	0.0	0.3405	0.11412	0.0	0.0	0.0	0.031	0.04494	0.04494	0.02088	0.07771	0.04015	0.08267	2e-05	0.0	0.0	0.23586	0.08658	0.13414	0.0	0.09974	0.23264	0.07857	0.12122	0.08819	0.12703	2e-05	0.0	0.18901	0.14648	0.14894	0.19986	0.1127	0.17936	0.0	0.21924	0.08794	0.2351	0.08486	0.15221	0.37594	0.1098	0.33261	0.12167	0.24006	0.07351	0.24006	0.34183	0.22923	0.07553	0.28314	0.20763	0.15656	0.25763	0.02088	0.06077	0.01549	0.06075	0.0796	0.08343	2e-05	0.2518	2e-05	0.25728	0.19807	0.0	0.00171	0.0	0.22401	0.12299	0.0961	0.04975	0.0	0.12198	0.0938	0.09876	0.03795	2e-05	0.09102	0.11764	2e-05	2e-05	0.01725	2e-05	2e-05	2e-05	2e-05	2e-05	0.24202	0.25993	0.10706	0.0432	0.08572	0.03113	0.03631	0.04236	0.04236	0.0	0.24598	0.09199	0.0	0.10565	0.29604	0.08411	0.11291	0.2035	2e-05	0.20649	0.15595	0.21693	0.21867	0.13141	0.25098	0.01045	0.11879	2e-05	2e-05	0.02088	0.02088	2e-05	0.04015	0.19892	0.08915	0.0201	0.17507	0.07495	0.04494	0.06722	0.00171	0.0	0.02664	0.09591	0.01085	0.0844	2e-05	0.0386	0.04015	0.19013	0.14709	0.1405	
0.01745	0.11714	0.10191	0.0726	4e-05	0.03239	0.062	0.0	0.02461	0.02153	0.0	0.0	0.0	0.02372	0.03446	0.03446	0.0168	0.00155	0.03105	0.00069	4e-05	0.0	0.0	0.02006	0.01048	0.02619	0.09974	0.0	0.26	0.00329	0.0356	0.00117	0.08183	4e-05	0.0	0.06308	0.03763	0.05019	0.0372	0.04111	0.07246	0.0	0.05983	0.02071	0.02936	0.00281	0.05139	0.09517	0.20043	0.02257	0.00511	0.00834	0.07738	0.00834	0.02696	0.03039	0.13688	0.10625	0.04485	0.05281	0.02514	0.0168	0.05493	0.00069	0.04538	0.02975	0.02165	4e-05	3e-05	4e-05	0.00674	0.04469	0.0	0.00256	0.0	0.08291	0.04001	0.02926	0.08991	0.0	0.09187	0.02676	0.00863	0.07099	4e-05	0.00066	0.04715	4e-05	4e-05	0.04234	4e-05	4e-05	4e-05	4e-05	4e-05	0.04781	0.0211	0.00202	0.04092	0.00387	0.03287	0.068	0.0675	0.0675	0.0	0.01988	0.07182	0.0	0.03787	0.04597	0.01865	0.00706	0.03374	4e-05	0.08151	0.00509	0.0576	0.01736	0.02602	0.02091	0.05957	0.00869	4e-05	4e-05	0.0168	0.0168	4e-05	0.03105	0.04493	0.03814	0.00651	0.04864	0.00022	0.03446	0.04973	0.00256	0.0	0.00433	0.08268	0.00514	0.0671	4e-05	0.05311	0.03105	0.01289	0.01721	0.03475	
0.15572	0.08989	0.04045	0.10588	2e-05	0.02681	0.1182	0.0	0.09977	0.01459	0.0	0.0	0.0	0.06542	0.06114	0.06114	0.02836	0.07065	0.12423	0.08224	2e-05	0.0	0.0	0.06075	0.02181	0.09756	0.23264	0.26	0.0	0.06252	0.10417	0.0186	0.10529	2e-05	0.0	0.04035	0.16157	0.13801	0.14547	0.11407	0.1928	0.0	0.1161	0.02325	0.06551	0.06304	0.03636	0.37128	0.09076	0.0325	0.02225	0.04167	0.02469	0.04167	0.11227	0.05128	0.06371	0.12143	0.12469	0.06897	0.015	0.02836	0.12875	0.03273	0.0829	0.04148	0.10835	2e-05	0.01429	2e-05	0.03845	0.07243	0.0	0.00103	0.0	0.05398	0.10145	0.15465	0.05479	0.0	0.08358	0.07901	0.0007	0.03302	2e-05	0.07921	0.04917	2e-05	2e-05	0.01738	2e-05	2e-05	2e-05	2e-05	2e-05	0.06184	0.11984	0.04531	0.04427	0.00409	0.05809	0.03163	0.03315	0.03315	0.0	0.04422	0.14725	0.0	0.14512	0.1496	0.0292	0.02211	0.13256	2e-05	0.07761	0.02745	0.111	0.04053	0.18604	0.06739	0.01291	0.09885	2e-05	2e-05	0.02836	0.02836	2e-05	0.12423	0.11789	0.10154	0.06692	0.04976	0.08814	0.14196	0.09186	0.00103	0.0	0.03951	0.0529	0.01195	0.08173	2e-05	0.0247	0.12423	0.03109	0.07878	0.08323	
0.05833	0.00602	0.01176	0.0479	4e-05	0.03561	0.00183	0.0	0.14903	0.09692	0.0	0.0	0.0	0.07567	0.05514	0.05514	0.02645	0.00113	0.04953	0.00227	4e-05	0.0	0.0	0.10817	0.09581	0.03626	0.07857	0.00329	0.06252	0.0	0.04991	0.00157	0.02153	4e-05	0.0	0.13125	0.08495	0.08846	0.05073	0.06502	0.04542	0.0	0.09837	0.03453	0.03465	0.04479	0.17166	0.00052	0.0313	0.07842	0.0085	0.23617	0.07934	0.23617	0.1539	0.21598	0.12177	0.1475	0.17079	0.07055	0.02925	0.02645	0.06878	0.1294	0.00207	0.01557	0.01866	4e-05	0.03458	4e-05	0.23101	0.16587	0.0	0.00139	0.0	0.07966	0.18651	0.03711	0.07785	0.0	0.05438	0.0006	0.01604	0.00058	4e-05	0.08334	0.10802	4e-05	4e-05	3e-05	4e-05	4e-05	4e-05	4e-05	4e-05	0.27941	0.14148	0.00993	0.03601	0.12726	0.03613	0.061	0.06058	0.06058	0.0	0.03536	0.0337	0.0	0.00632	0.25959	0.09896	0.0363	0.0874	4e-05	0.1035	0.06046	0.07305	0.02497	0.06107	0.10338	0.06583	0.00116	4e-05	4e-05	0.0184	0.0184	4e-05	0.04953	0.2139	0.01802	0.01862	0.04169	0.14087	0.05514	0.05486	0.00139	0.0	0.00085	0.00089	0.00303	0.07594	4e-05	0.03289	0.04953	0.10152	0.02919	0.10861	
0.09446	0.11641	0.14221	0.12685	1e-05	0.09543	0.06931	0.0	0.07976	0.0357	0.0	0.0	0.0	0.05804	0.0208	0.0208	0.0099	0.02937	0.04815	0.03699	1e-05	0.0	0.0	0.1174	0.1465	0.06222	0.12122	0.0356	0.10417	0.04991	0.0	0.02666	0.11212	1e-05	0.0	0.14222	0.10081	0.32746	0.12566	0.10572	0.07041	0.0	0.0377	0.06702	0.06387	0.15949	0.06315	0.14537	0.13956	0.07604	0.02965	0.08365	0.04518	0.08365	0.058	0.13687	0.11156	0.06637	0.11572	0.25062	0.05995	0.0099	0.13905	0.03884	0.08655	0.25067	0.22445	1e-05	0.02745	1e-05	0.09371	0.1313	0.0	0.0007	0.0	0.09927	0.0413	0.06281	0.03123	0.0	0.10198	0.25796	0.03939	0.1217	1e-05	0.05129	0.07335	1e-05	1e-05	0.05047	1e-05	1e-05	1e-05	1e-05	1e-05	0.10742	0.11907	0.05838	0.02	0.05656	0.01985	0.02302	0.0261	0.0261	0.0	0.06466	0.08328	0.0	0.11464	0.07854	0.05257	0.05244	0.05574	1e-05	0.03964	0.08158	0.12971	0.08583	0.35896	0.07331	0.1463	0.2412	1e-05	1e-05	0.0099	0.0099	1e-05	0.04815	0.10788	0.22459	0.07439	0.08837	0.06228	0.0208	0.08035	0.0007	0.0	0.02107	0.07851	0.06754	0.20543	1e-05	0.01807	0.04815	0.17486	0.07756	0.03976	
0.03923	0.04701	0.09453	0.02733	8e-05	0.01519	0.02719	0.0	0.0906	0.09532	0.0	0.0	0.0	0.01929	0.01602	0.01602	0.00832	0.03551	0.10977	0.02626	8e-05	0.0	0.0	0.13909	0.00134	0.21603	0.08819	0.00117	0.0186	0.00157	0.02666	0.0	0.10411	8e-05	0.0	0.04374	0.03553	0.01629	0.01941	0.05621	0.0894	0.0	0.02541	0.00121	0.23904	0.01829	0.12051	0.00946	0.04786	0.06927	0.15786	0.05215	0.05091	0.05215	0.03627	0.05563	0.08798	0.04044	0.05963	0.03309	0.03953	0.00832	0.09068	0.13255	0.02061	0.06629	0.00195	8e-05	0.0067	8e-05	0.05743	0.07615	0.0	0.00048	0.0	0.02636	0.00807	0.0676	0.19669	0.0	0.10743	0.03793	0.00836	0.01827	8e-05	0.0741	0.15896	8e-05	8e-05	0.04734	8e-05	8e-05	8e-05	8e-05	8e-05	0.15606	0.08508	0.02985	0.01505	0.00065	0.19964	0.23655	0.42602	0.42602	0.0	0.04169	0.05221	0.0	0.07893	0.04949	0.15681	0.05313	0.11897	8e-05	0.1795	0.05106	0.02471	0.09971	0.01052	0.06332	0.02618	0.04564	8e-05	8e-05	0.00832	0.00832	8e-05	0.10977	0.07561	0.06988	0.04453	0.13193	0.05193	0.01602	0.0224	0.00048	0.0	0.02877	0.03483	0.07507	0.03362	8e-05	0.01429	0.10977	0.06917	0.05288	0.06417	
0.06198	0.05146	0.10613	0.03299	6e-05	0.01756	0.03195	0.0	0.04285	0.01108	0.0	0.0	0.0	0.03534	0.0186	0.0186	0.00944	0.02945	0.01689	0.03093	6e-05	0.0	0.0	0.08042	0.01191	0.0139	0.12703	0.08183	0.10529	0.02153	0.11212	0.10411	0.0	6e-05	0.0	0.13015	0.07707	0.03447	0.0187	0.02214	0.03608	0.0	0.03037	0.10236	0.02782	0.01632	0.08585	0.18037	0.33073	0.08523	0.00603	0.06287	0.03578	0.06287	0.0439	0.06807	0.36114	0.04907	0.07336	0.08176	0.04707	0.00944	0.02813	0.02715	0.02401	0.00054	0.1169	6e-05	0.00106	6e-05	0.06916	0.08993	0.0	0.00055	0.0	0.0315	0.0268	0.02178	0.14113	0.0	0.09658	0.12355	0.02797	0.16888	6e-05	0.01212	0.12829	6e-05	6e-05	0.02405	6e-05	6e-05	6e-05	6e-05	6e-05	0.13751	0.04857	0.00856	0.01753	0.0029	0.0178	0.1612	0.15959	0.15959	0.0	0.05032	0.0615	0.0	0.13618	0.06451	0.07237	0.06357	0.02374	6e-05	0.13442	0.06152	0.02935	0.05992	0.06639	0.07652	0.0308	0.07838	6e-05	6e-05	0.00944	0.00944	6e-05	0.01689	0.07399	0.01377	0.05038	0.0169	0.00639	0.0186	0.02613	0.00055	0.0	0.00214	0.04142	0.04347	0.03048	6e-05	0.01633	0.01689	0.07744	0.002	0.00202	
4e-05	1e-05	1e-05	4e-05	0.0	0.00015	0.00013	0.0	8e-05	2e-05	0.0	0.0	0.0	0.00011	0.00016	0.00016	0.00028	0.00021	0.00024	9e-05	0.0	0.0	0.0	2e-05	4e-05	6e-05	2e-05	4e-05	2e-05	4e-05	1e-05	8e-05	6e-05	0.0	0.0	2e-05	2e-05	4e-05	2e-05	3e-05	9e-05	0.0	6e-05	4e-05	2e-05	2e-05	3e-05	5e-05	3e-05	3e-05	7e-05	5e-05	4e-05	5e-05	5e-05	2e-05	4e-05	5e-05	3e-05	0.0	0.00012	0.00028	9e-05	7e-05	0.00012	3e-05	1e-05	0.0	7e-05	0.0	5e-05	1e-05	0.0	0.0	0.0	5e-05	2e-05	1e-05	7e-05	0.0	1e-05	6e-05	5e-05	0.00014	0.0	5e-05	8e-05	0.0	0.0	8e-05	0.0	0.0	0.0	0.0	0.0	3e-05	1e-05	5e-05	9e-05	5e-05	0.00014	0.00015	0.00015	0.00015	0.0	7e-05	3e-05	0.0	4e-05	6e-05	4e-05	6e-05	0.00026	0.0	6e-05	5e-05	8e-05	5e-05	3e-05	5e-05	0.0001	6e-05	0.0	0.0	0.00028	0.00028	0.0	0.00024	2e-05	2e-05	3e-05	3e-05	2e-05	0.00016	0.00014	0.0	0.0	8e-05	8e-05	8e-05	3e-05	0.0	0.00025	0.00024	0.0	0.0	4e-05	
0.0	0.0	0.0	0.0	0.0	0.0	0.0	0.0	0.0	0.0	0.0	0.0	0.0	0.0	0.0	0.0	0.0	0.0	0.0	0.0	0.0	0.0	0.0	0.0	0.0	0.0	0.0	0.0	0.0	0.0	0.0	0.0	0.0	0.0	0.0	0.0	0.0	0.0	0.0	0.0	0.0	0.0	0.0	0.0	0.0	0.0	0.0	0.0	0.0	0.0	0.0	0.0	0.0	0.0	0.0	0.0	0.0	0.0	0.0	0.0	0.0	0.0	0.0	0.0	0.0	0.0	0.0	0.0	0.0	0.0	0.0	0.0	0.0	0.0	0.0	0.0	0.0	0.0	0.0	0.0	0.0	0.0	0.0	0.0	0.0	0.0	0.0	0.0	0.0	0.0	0.0	0.0	0.0	0.0	0.0	0.0	0.0	0.0	0.0	0.0	0.0	0.0	0.0	0.0	0.0	0.0	0.0	0.0	0.0	0.0	0.0	0.0	0.0	0.0	0.0	0.0	0.0	0.0	0.0	0.0	0.0	0.0	0.0	0.0	0.0	0.0	0.0	0.0	0.0	0.0	0.0	0.0	0.0	0.0	0.0	0.0	0.0	0.0	0.0	0.0	0.0	0.0	0.0	0.0	0.0	0.0	0.0	
0.17604	0.13744	0.18762	0.14356	2e-05	0.0151	0.02822	0.0	0.08018	0.18477	0.0	0.0	0.0	0.1216	0.17763	0.17763	0.00791	0.02609	0.0147	0.02722	2e-05	0.0	0.0	0.19051	0.13892	0.05744	0.18901	0.06308	0.04035	0.13125	0.14222	0.04374	0.13015	2e-05	0.0	0.0	0.06019	0.22948	0.04496	0.10047	0.03295	0.0	0.14975	0.14029	0.03986	0.06022	0.1614	0.03958	0.26346	0.17478	0.0512	0.22157	0.03236	0.22157	0.07986	0.19144	0.10148	0.31424	0.06282	0.19174	0.08886	0.00791	0.02522	0.03511	0.03334	0.04888	0.16266	2e-05	0.05991	2e-05	0.22046	0.0917	0.0	2e-05	0.0	0.17975	0.21505	0.14833	0.02546	0.0	0.15971	0.1554	0.03669	0.37402	2e-05	0.03439	0.07028	2e-05	2e-05	0.03089	2e-05	2e-05	2e-05	2e-05	2e-05	0.18724	0.145	0.1866	0.01524	0.1379	0.01537	0.01757	0.01984	0.01984	0.0	0.08416	0.07237	0.0	0.11695	0.15371	0.15769	0.0531	0.03853	2e-05	0.02849	0.22734	0.07162	0.0905	0.12425	0.22145	0.0287	0.13478	2e-05	2e-05	0.00791	0.00791	2e-05	0.0147	0.18353	0.17412	0.1862	0.16602	0.09762	0.01598	0.03027	2e-05	0.0	0.10026	0.03179	0.02911	0.12914	2e-05	0.06793	0.0147	0.20411	0.16642	0.22372	
0.15879	0.06631	0.11232	0.06741	2e-05	0.11424	0.1175	0.0	0.05134	0.0387	0.0	0.0	0.0	0.04766	0.02114	0.02114	0.01007	0.03689	0.01907	0.21911	2e-05	0.0	0.0	0.26226	0.07143	0.09618	0.14648	0.03763	0.16157	0.08495	0.10081	0.03553	0.07707	2e-05	0.0	0.06019	0.0	0.3025	0.2084	0.25001	0.06273	0.0	0.10671	0.07884	0.12447	0.22779	0.08666	0.17202	0.04649	0.11852	0.09717	0.08945	0.19475	0.08945	0.20259	0.15628	0.04703	0.14242	0.21738	0.13033	0.10869	0.01007	0.11347	0.04905	0.0299	0.13308	0.09248	2e-05	0.03662	2e-05	0.1136	0.08308	0.0	0.00714	0.0	0.11518	0.0927	0.23579	0.03549	0.0	0.12555	0.04618	0.03099	0.02448	2e-05	0.03861	0.06154	2e-05	2e-05	0.03061	2e-05	2e-05	2e-05	2e-05	2e-05	0.09333	0.13476	0.19137	0.02031	0.03643	0.09844	0.02339	0.02972	0.02972	0.0	0.05095	0.17397	0.0	0.21254	0.12642	0.15802	0.03818	0.02713	2e-05	0.10747	0.03898	0.15119	0.10068	0.19099	0.09162	0.12724	0.04742	2e-05	2e-05	0.01007	0.01007	2e-05	0.01907	0.12505	0.08033	0.12383	0.05087	0.11762	0.22071	0.02934	0.00714	0.0	0.04191	0.12403	0.03387	0.09578	2e-05	0.08818	0.01907	0.09315	0.10728	0.05236	
0.17865	0.10007	0.11514	0.19408	4e-05	0.09351	0.13639	0.0	0.05046	0.0408	0.0	0.0	0.0	0.02372	0.01934	0.01934	0.00933	0.1344	0.01747	0.13045	4e-05	0.0	0.0	0.11633	0.05258	0.05101	0.14894	0.05019	0.13801	0.08846	0.32746	0.01629	0.03447	4e-05	0.0	0.22948	0.3025	0.0	0.09758	0.13182	0.04162	0.0	0.03425	0.0417	0.04381	0.21209	0.04345	0.16863	0.06123	0.11957	0.04576	0.07447	0.07521	0.07447	0.05188	0.12242	0.02361	0.05302	0.15084	0.10525	0.1105	0.00933	0.0923	0.04388	0.16552	0.12237	0.09152	4e-05	0.01527	4e-05	0.11604	0.08795	0.0	0.06775	0.0	0.09362	0.07517	0.05902	0.0318	0.0	0.09883	0.07441	0.06058	0.06805	4e-05	0.06271	0.22664	4e-05	4e-05	0.11515	4e-05	4e-05	4e-05	4e-05	4e-05	0.12392	0.15226	0.05724	0.01852	0.05336	0.01846	0.02135	0.02412	0.02412	0.0	0.11255	0.07639	0.0	0.12576	0.08073	0.06604	0.08265	0.02572	4e-05	0.03595	0.0727	0.20688	0.09886	0.13839	0.11502	0.22364	0.05104	4e-05	4e-05	0.00933	0.00933	4e-05	0.01747	0.09374	0.17138	0.02423	0.07765	0.02641	0.01934	0.15551	0.06775	0.0	0.01204	0.10513	0.13311	0.10634	4e-05	0.22279	0.01747	0.13942	0.04064	0.02673	
0.13921	0.11013	0.11255	0.06527	2e-05	0.20168	0.14358	0.0	0.17134	0.12755	0.0	0.0	0.0	0.03983	0.02698	0.02698	0.01277	0.04551	0.0242	0.01496	2e-05	0.0	0.0	0.08113	0.11269	0.08366	0.19986	0.0372	0.14547	0.05073	0.12566	0.01941	0.0187	2e-05	0.0	0.04496	0.2084	0.09758	0.0	0.09633	0.15522	0.0	0.20618	0.08498	0.14999	0.05755	0.12645	0.10381	0.03594	0.13639	0.07284	0.10467	0.1354	0.10467	0.21395	0.23959	0.07518	0.06786	0.19906	0.28477	0.09656	0.01277	0.19486	0.06331	0.03603	0.101	0.07462	2e-05	0.19675	2e-05	0.1021	0.213	0.0	0.00076	0.0	0.23746	0.07371	0.12574	0.04579	0.0	0.09982	0.08213	0.04004	0.03122	2e-05	0.11164	0.08308	2e-05	2e-05	0.06615	2e-05	2e-05	2e-05	2e-05	2e-05	0.10823	0.07845	0.05636	0.03549	0.1019	0.02569	0.02989	0.03404	0.03404	0.0	0.09608	0.13404	0.0	0.0483	0.0864	0.0838	0.06628	0.0872	2e-05	0.20669	0.0766	0.20589	0.10181	0.12063	0.07276	0.13517	0.08203	2e-05	2e-05	0.01277	0.01277	2e-05	0.0242	0.11226	0.10768	0.05282	0.12559	0.07987	0.0568	0.03968	0.00076	0.0	0.05394	0.09718	0.05252	0.16179	2e-05	0.0233	0.0242	0.12502	0.21402	0.06782	
0.11262	0.04712	0.0911	0.04025	3e-05	0.02704	0.01587	0.0	0.03191	0.08236	0.0	0.0	0.0	0.01904	0.13564	0.13564	0.01371	0.01249	0.02587	0.10464	3e-05	0.0	0.0	0.17472	0.08591	0.04748	0.1127	0.04111	0.11407	0.06502	0.10572	0.05621	0.02214	3e-05	0.0	0.10047	0.25001	0.13182	0.09633	0.0	0.03809	0.0	0.17307	0.08759	0.0714	0.08146	0.15395	0.07454	0.02105	0.11024	0.03429	0.14827	0.02523	0.14827	0.10852	0.1469	0.03978	0.34315	0.03012	0.10138	0.0363	0.01371	0.04772	0.01504	0.03842	0.07312	0.04428	3e-05	0.0151	3e-05	0.15578	0.09735	0.0	0.0027	0.0	0.05455	0.12887	0.10751	0.07416	0.0	0.11461	0.02391	0.04981	0.00901	3e-05	0.00814	0.0633	3e-05	3e-05	0.0598	3e-05	3e-05	3e-05	3e-05	3e-05	0.17963	0.10572	0.03444	0.02764	0.08779	0.0577	0.06761	0.08394	0.08394	0.0	0.02623	0.18358	0.0	0.05559	0.25391	0.12096	0.02344	0.02959	3e-05	0.12219	0.01869	0.07429	0.06924	0.11859	0.11663	0.05105	0.03623	3e-05	3e-05	0.02815	0.02815	3e-05	0.02587	0.13313	0.06454	0.15146	0.05303	0.12838	0.13564	0.04227	0.0027	0.0	0.01611	0.01379	0.01836	0.12747	3e-05	0.05212	0.02587	0.12982	0.1122	0.09125	
