0.0	0.03101	0.03896	0.0	0.0	0.0	0.0	0.0	0.0	0.02612	0.01745	0.0	0.01385	0.0	0.02581	0.01385	0.01447	0.03963	0.10767	0.01691	0.10544	0.07526	0.05273	0.08344	0.08731	0.0514	0.09856	0.07342	0.08976	0.1669	0.14235	0.08873	0.0	0.14408	0.07808	0.09552	0.09036	0.08112	0.20191	0.0	0.10157	0.07984	0.03388	0.0	0.03902	0.07512	0.07216	0.0	0.0	0.02612	0.0	0.0	0.0	0.0144	0.08384	0.0	0.0	0.0	0.02612	0.06465	0.22019	0.0	0.09459	0.0	0.0919	0.12425	0.0	0.0	0.0135	0.15159	0.11371	0.077	0.07531	0.10731	0.14353	0.12594	0.04974	0.17777	0.07305	0.08385	0.11442	0.06345	0.03106	0.0	0.10544	0.02115	0.02235	0.00754	0.09027	0.02898	0.10452	0.0626	0.13306	0.08894	0.14119	0.04472	0.03471	0.04869	0.16345	0.04979	0.11654	0.07004	0.0	0.0	0.0	0.16695	0.08109	0.0758	0.03362	0.05958	0.08363	0.08034	0.0931	0.12593	0.0	0.02581	0.09962	0.0	0.10291	0.10544	0.0	0.06848	0.05654	0.0	0.00781	0.12119	0.0724	0.0	0.05704	0.02735	0.04778	0.07242	0.02612	0.03985	0.06279	0.05344	0.0	0.02612	0.0	0.09202	0.09046	0.14075	
0.03101	0.0	0.02019	6e-05	6e-05	6e-05	6e-05	6e-05	6e-05	0.01443	0.00601	6e-05	0.00828	6e-05	0.02762	0.00828	0.00861	0.32355	0.15205	0.00989	0.0133	0.23341	0.03265	0.03056	0.06825	0.0019	0.16139	0.22636	0.00893	0.08156	0.05233	0.04194	0.0	0.05536	0.01928	0.15265	0.14904	0.03747	0.02822	0.0	0.02341	0.11417	0.02462	6e-05	0.03408	0.01995	0.02425	6e-05	6e-05	0.01443	6e-05	6e-05	6e-05	0.11101	0.045	6e-05	6e-05	6e-05	0.01443	0.00923	0.27876	6e-05	0.08398	6e-05	0.13707	0.05448	0.0	6e-05	0.01959	0.17449	0.05277	0.04375	0.01456	0.02512	0.03563	0.13603	0.01957	0.03132	0.3777	0.01823	0.11654	0.0448	0.01664	6e-05	0.0133	0.02571	0.01902	0.02888	0.09455	0.02072	0.04035	0.00606	0.05812	0.37582	0.10387	0.04782	0.21541	0.10196	0.10533	0.03975	0.06652	0.06178	0.0	0.0	0.0	0.22442	0.16677	0.0291	0.02462	0.08887	0.02337	0.03559	0.24037	0.02544	0.0	0.02762	0.02459	6e-05	0.02956	0.0133	0.0	0.03574	0.02753	0.0	0.00054	0.12075	0.02511	0.0	0.01817	0.02285	0.02808	0.1275	0.01443	0.02059	0.17928	0.14564	6e-05	0.01443	6e-05	0.20755	0.11194	0.19057	
0.03896	0.02019	0.0	0.0001	0.0001	0.0001	0.0001	0.0001	0.0001	0.47511	0.00379	0.0001	0.226	0.0001	0.13975	0.226	0.00521	0.01843	0.08514	0.00588	0.00765	0.0313	0.01354	0.01659	0.01592	0.02437	0.03091	0.05104	0.028	0.03268	0.06557	0.02214	0.0	0.02974	0.01575	0.03131	0.02035	0.04441	0.0448	0.0	0.01845	0.00463	0.00354	0.0001	0.32849	0.01054	0.17437	0.0001	0.0001	0.47511	0.0001	0.0001	0.0001	0.03176	0.28426	0.0001	0.0001	0.0001	0.47511	0.00554	0.02795	0.0001	0.01783	0.0001	0.08445	0.03153	0.0	0.0001	0.01069	0.03782	0.0274	0.03099	0.00825	0.29524	0.01719	0.02567	0.01065	0.01555	0.01812	0.01978	0.04438	0.0688	0.0093	0.0001	0.00765	0.01348	0.01005	0.01489	0.03117	0.01119	0.01859	0.02796	0.02227	0.0182	0.00695	0.03009	0.01009	0.01293	0.04346	0.04747	0.02852	0.04688	0.0	0.0	0.0	0.02767	0.0139	0.01498	0.02073	0.01386	0.01304	0.01866	0.01806	0.01281	0.0	0.13975	0.01249	0.0001	0.01611	0.00765	0.0	0.01789	0.0201	0.0	0.00052	0.03494	0.01329	0.0	0.01009	0.01219	0.01397	0.02577	0.47511	0.01115	0.04936	0.02013	0.0001	0.47511	0.0001	0.02675	0.0389	0.01978	
0.0	6e-05	0.0001	0.0	0.0	0.0	0.0	0.0	0.0	0.00014	0.00044	0.0	0.00024	0.0	8e-05	0.00024	0.00025	7e-05	2e-05	0.0002	0.00024	1e-05	8e-05	4e-05	7e-05	5e-05	2e-05	2e-05	4e-05	2e-05	4e-05	5e-05	0.0	2e-05	7e-05	1e-05	3e-05	2e-05	2e-05	0.0	0.00016	2e-05	4e-05	0.0	7e-05	9e-05	0.00012	0.0	0.0	0.00014	0.0	0.0	0.0	5e-05	4e-05	0.0	0.0	0.0	0.00014	0.00023	0.0	0.0	2e-05	0.0	1e-05	3e-05	0.0	0.0	0.0002	0.0	1e-05	1e-05	0.00014	4e-05	6e-05	3e-05	0.0001	4e-05	3e-05	2e-05	2e-05	3e-05	0.00013	0.0	0.00024	0.00013	7e-05	0.0001	5e-05	0.0001	3e-05	5e-05	1e-05	4e-05	2e-05	2e-05	0.00014	0.00012	2e-05	2e-05	1e-05	3e-05	0.0	0.0	0.0	2e-05	5e-05	8e-05	6e-05	5e-05	1e-05	0.0001	4e-05	4e-05	0.0	8e-05	0.00013	0.0	7e-05	0.00024	0.0	6e-05	7e-05	0.0	5e-05	3e-05	0.00027	0.0	0.00013	0.00015	0.00012	7e-05	0.00014	0.00016	6e-05	3e-05	0.0	0.00014	0.0	2e-05	2e-05	1e-05	
0.0	6e-05	0.0001	0.0	0.0	0.0	0.0	0.0	0.0	0.00014	0.00044	0.0	0.00024	0.0	8e-05	0.00024	0.00025	7e-05	2e-05	0.0002	0.00024	1e-05	8e-05	4e-05	7e-05	5e-05	2e-05	2e-05	4e-05	2e-05	4e-05	5e-05	0.0	2e-05	7e-05	1e-05	3e-05	2e-05	2e-05	0.0	0.00016	2e-05	4e-05	0.0	7e-05	9e-05	0.00012	0.0	0.0	0.00014	0.0	0.0	0.0	5e-05	4e-05	0.0	0.0	0.0	0.00014	0.00023	0.0	0.0	2e-05	0.0	1e-05	3e-05	0.0	0.0	0.0002	0.0	1e-05	1e-05	0.00014	4e-05	6e-05	3e-05	0.0001	4e-05	3e-05	2e-05	2e-05	3e-05	0.00013	0.0	0.00024	0.00013	7e-05	0.0001	5e-05	0.0001	3e-05	5e-05	1e-05	4e-05	2e-05	2e-05	0.00014	0.00012	2e-05	2e-05	1e-05	3e-05	0.0	0.0	0.0	2e-05	5e-05	8e-05	6e-05	5e-05	1e-05	0.0001	4e-05	4e-05	0.0	8e-05	0.00013	0.0	7e-05	0.00024	0.0	6e-05	7e-05	0.0	5e-05	3e-05	0.00027	0.0	0.00013	0.00015	0.00012	7e-05	0.00014	0.00016	6e-05	3e-05	0.0	0.00014	0.0	2e-05	2e-05	1e-05	
0.0	6e-05	0.0001	0.0	0.0	0.0	0.0	0.0	0.0	0.00014	0.00044	0.0	0.00024	0.0	8e-05	0.00024	0.00025	7e-05	2e-05	0.0002	0.00024	1e-05	8e-05	4e-05	7e-05	5e-05	2e-05	2e-05	4e-05	2e-05	4e-05	5e-05	0.0	2e-05	7e-05	1e-05	3e-05	2e-05	2e-05	0.0	0.00016	2e-05	4e-05	0.0	7e-05	9e-05	0.00012	0.0	0.0	0.00014	0.0	0.0	0.0	5e-05	4e-05	0.0	0.0	0.0	0.00014	0.00023	0.0	0.0	2e-05	0.0	1e-05	3e-05	0.0	0.0	0.0002	0.0	1e-05	1e-05	0.00014	4e-05	6e-05	3e-05	0.0001	4e-05	3e-05	2e-05	2e-05	3e-05	0.00013	0.0	0.00024	0.00013	7e-05	0.0001	5e-05	0.0001	3e-05	5e-05	1e-05	4e-05	2e-05	2e-05	0.00014	0.00012	2e-05	2e-05	1e-05	3e-05	0.0	0.0	0.0	2e-05	5e-05	8e-05	6e-05	5e-05	1e-05	0.0001	4e-05	4e-05	0.0	8e-05	0.00013	0.0	7e-05	0.00024	0.0	6e-05	7e-05	0.0	5e-05	3e-05	0.00027	0.0	0.00013	0.00015	0.00012	7e-05	0.00014	0.00016	6e-05	3e-05	0.0	0.00014	0.0	2e-05	2e-05	1e-05	
0.0	6e-05	0.0001	0.0	0.0	0.0	0.0	0.0	0.0	0.00014	0.00044	0.0	0.00024	0.0	8e-05	0.00024	0.00025	7e-05	2e-05	0.0002	0.00024	1e-05	8e-05	4e-05	7e-05	5e-05	2e-05	2e-05	4e-05	2e-05	4e-05	5e-05	0.0	2e-05	7e-05	1e-05	3e-05	2e-05	2e-05	0.0	0.00016	2e-05	4e-05	0.0	7e-05	9e-05	0.00012	0.0	0.0	0.00014	0.0	0.0	0.0	5e-05	4e-05	0.0	0.0	0.0	0.00014	0.00023	0.0	0.0	2e-05	0.0	1e-05	3e-05	0.0	0.0	0.0002	0.0	1e-05	1e-05	0.00014	4e-05	6e-05	3e-05	0.0001	4e-05	3e-05	2e-05	2e-05	3e-05	0.00013	0.0	0.00024	0.00013	7e-05	0.0001	5e-05	0.0001	3e-05	5e-05	1e-05	4e-05	2e-05	2e-05	0.00014	0.00012	2e-05	2e-05	1e-05	3e-05	0.0	0.0	0.0	2e-05	5e-05	8e-05	6e-05	5e-05	1e-05	0.0001	4e-05	4e-05	0.0	8e-05	0.00013	0.0	7e-05	0.00024	0.0	6e-05	7e-05	0.0	5e-05	3e-05	0.00027	0.0	0.00013	0.00015	0.00012	7e-05	0.00014	0.00016	6e-05	3e-05	0.0	0.00014	0.0	2e-05	2e-05	1e-05	
0.0	6e-05	0.0001	0.0	0.0	0.0	0.0	0.0	0.0	0.00014	0.00044	0.0	0.00024	0.0	8e-05	0.00024	0.00025	7e-05	2e-05	0.0002	0.00024	1e-05	8e-05	4e-05	7e-05	5e-05	2e-05	2e-05	4e-05	2e-05	4e-05	5e-05	0.0	2e-05	7e-05	1e-05	3e-05	2e-05	2e-05	0.0	0.00016	2e-05	4e-05	0.0	7e-05	9e-05	0.00012	0.0	0.0	0.00014	0.0	0.0	0.0	5e-05	4e-05	0.0	0.0	0.0	0.00014	0.00023	0.0	0.0	2e-05	0.0	1e-05	3e-05	0.0	0.0	0.0002	0.0	1e-05	1e-05	0.00014	4e-05	6e-05	3e-05	0.0001	4e-05	3e-05	2e-05	2e-05	3e-05	0.00013	0.0	0.00024	0.00013	7e-05	0.0001	5e-05	0.0001	3e-05	5e-05	1e-05	4e-05	2e-05	2e-05	0.00014	0.00012	2e-05	2e-05	1e-05	3e-05	0.0	0.0	0.0	2e-05	5e-05	8e-05	6e-05	5e-05	1e-05	0.0001	4e-05	4e-05	0.0	8e-05	0.00013	0.0	7e-05	0.00024	0.0	6e-05	7e-05	0.0	5e-05	3e-05	0.00027	0.0	0.00013	0.00015	0.00012	7e-05	0.00014	0.00016	6e-05	3e-05	0.0	0.00014	0.0	2e-05	2e-05	1e-05	
0.0	6e-05	0.0001	0.0	0.0	0.0	0.0	0.0	0.0	0.00014	0.00044	0.0	0.00024	0.0	8e-05	0.00024	0.00025	7e-05	2e-05	0.0002	0.00024	1e-05	8e-05	4e-05	7e-05	5e-05	2e-05	2e-05	4e-05	2e-05	4e-05	5e-05	0.0	2e-05	7e-05	1e-05	3e-05	2e-05	2e-05	0.0	0.00016	2e-05	4e-05	0.0	7e-05	9e-05	0.00012	0.0	0.0	0.00014	0.0	0.0	0.0	5e-05	4e-05	0.0	0.0	0.0	0.00014	0.00023	0.0	0.0	2e-05	0.0	1e-05	3e-05	0.0	0.0	0.0002	0.0	1e-05	1e-05	0.00014	4e-05	6e-05	3e-05	0.0001	4e-05	3e-05	2e-05	2e-05	3e-05	0.00013	0.0	0.00024	0.00013	7e-05	0.0001	5e-05	0.0001	3e-05	5e-05	1e-05	4e-05	2e-05	2e-05	0.00014	0.00012	2e-05	2e-05	1e-05	3e-05	0.0	0.0	0.0	2e-05	5e-05	8e-05	6e-05	5e-05	1e-05	0.0001	4e-05	4e-05	0.0	8e-05	0.00013	0.0	7e-05	0.00024	0.0	6e-05	7e-05	0.0	5e-05	3e-05	0.00027	0.0	0.00013	0.00015	0.00012	7e-05	0.00014	0.00016	6e-05	3e-05	0.0	0.00014	0.0	2e-05	2e-05	1e-05	
0.02612	0.01443	0.47511	0.00014	0.00014	0.00014	0.00014	0.00014	0.00014	0.0	0.0031	0.00014	0.00401	0.00014	0.28588	0.00401	0.00415	0.01324	0.16096	0.00463	0.00592	0.02111	0.00995	0.06484	0.01161	0.01728	0.02112	0.03424	0.01933	0.02224	0.11869	0.0154	0.0	0.02047	0.01144	0.02863	0.01421	0.05996	0.05415	0.0	0.01391	0.02573	0.03842	0.00014	0.20853	0.00778	0.35099	0.00014	0.00014	0.99965	0.00014	0.00014	0.00014	0.09231	0.17129	0.00014	0.00014	0.00014	0.99965	0.00439	0.01897	0.00014	0.01241	0.00014	0.01581	0.02126	0.0	0.00014	0.00803	0.02555	0.0459	0.04046	0.00632	0.50128	0.0122	0.01772	0.00799	0.01121	0.01275	0.01384	0.03004	0.14664	0.00708	0.00014	0.00592	0.00992	0.00742	0.01087	0.02177	0.00835	0.0129	0.01962	0.01526	0.0128	0.03372	0.02054	0.0076	0.00955	0.02917	0.03202	0.01931	0.01405	0.0	0.0	0.0	0.01895	0.00996	0.01092	0.01479	0.01	0.02932	0.01341	0.01269	0.00923	0.0	0.28588	0.00905	0.00014	0.06393	0.00592	0.0	0.01288	0.01437	0.0	0.02211	0.0239	0.00984	0.0	0.00769	0.00905	0.01003	0.01786	0.99965	0.00834	0.10115	0.01403	0.00014	0.99965	0.00014	0.0182	0.02608	0.0137	
0.01745	0.00601	0.00379	0.00044	0.00044	0.00044	0.00044	0.00044	0.00044	0.0031	0.0	0.00044	0.00225	0.00044	0.0046	0.00225	0.00231	0.0056	0.00517	0.00249	0.00301	0.02349	0.00442	0.01034	0.00511	0.00713	0.00812	0.01276	0.02183	0.00845	0.00793	0.00613	0.0	0.00794	0.00495	0.02422	0.00566	0.02017	0.03185	0.0	0.00697	0.00984	0.01487	0.00044	0.00529	0.2777	0.00426	0.00044	0.00044	0.0031	0.00044	0.00044	0.00044	0.00815	0.0051	0.00044	0.00044	0.00044	0.0031	0.0024	0.00717	0.00044	0.00491	0.00044	0.00613	0.00797	0.0	0.00044	0.00378	0.00966	0.00769	0.01234	0.00312	0.00403	0.00506	0.00691	0.00372	0.00488	0.00515	0.00553	0.01135	0.05312	0.00348	0.00044	0.00301	0.00443	0.00332	0.00476	0.00869	0.00385	0.00508	0.0079	0.00586	0.00517	0.01446	0.00785	0.0036	0.00429	0.03588	0.01203	0.00727	0.02752	0.0	0.0	0.0	0.00729	0.00417	0.00476	0.00615	0.00425	0.01089	0.00567	0.00512	0.00392	0.0	0.0046	0.00391	0.00044	0.01048	0.00301	0.0	0.00546	0.006	0.0	0.02728	0.01963	0.05367	0.0	0.07561	0.00413	0.00425	0.00704	0.0031	0.00388	0.00588	0.00557	0.00044	0.0031	0.00044	0.00692	0.00968	0.00536	
0.0	6e-05	0.0001	0.0	0.0	0.0	0.0	0.0	0.0	0.00014	0.00044	0.0	0.00024	0.0	8e-05	0.00024	0.00025	7e-05	2e-05	0.0002	0.00024	1e-05	8e-05	4e-05	7e-05	5e-05	2e-05	2e-05	4e-05	2e-05	4e-05	5e-05	0.0	2e-05	7e-05	1e-05	3e-05	2e-05	2e-05	0.0	0.00016	2e-05	4e-05	0.0	7e-05	9e-05	0.00012	0.0	0.0	0.00014	0.0	0.0	0.0	5e-05	4e-05	0.0	0.0	0.0	0.00014	0.00023	0.0	0.0	2e-05	0.0	1e-05	3e-05	0.0	0.0	0.0002	0.0	1e-05	1e-05	0.00014	4e-05	6e-05	3e-05	0.0001	4e-05	3e-05	2e-05	2e-05	3e-05	0.00013	0.0	0.00024	0.00013	7e-05	0.0001	5e-05	0.0001	3e-05	5e-05	1e-05	4e-05	2e-05	2e-05	0.00014	0.00012	2e-05	2e-05	1e-05	3e-05	0.0	0.0	0.0	2e-05	5e-05	8e-05	6e-05	5e-05	1e-05	0.0001	4e-05	4e-05	0.0	8e-05	0.00013	0.0	7e-05	0.00024	0.0	6e-05	7e-05	0.0	5e-05	3e-05	0.00027	0.0	0.00013	0.00015	0.00012	7e-05	0.00014	0.00016	6e-05	3e-05	0.0	0.00014	0.0	2e-05	2e-05	1e-05	
0.01385	0.00828	0.226	0.00024	0.00024	0.00024	0.00024	0.00024	0.00024	0.00401	0.00225	0.00024	0.0	0.00024	0.00622	0.99944	0.00284	0.00767	0.0072	0.00311	0.00385	0.01126	0.00595	0.0145	0.00684	0.0098	0.01144	0.0182	0.01061	0.01199	0.01106	0.00852	0.0	0.01119	0.00673	0.01959	0.00791	0.02894	0.04573	0.0	0.00847	0.02772	0.02282	0.00024	0.1085	0.00468	0.00571	0.00024	0.00024	0.00401	0.00024	0.00024	0.00024	0.01136	0.22523	0.00024	0.00024	0.00024	0.00401	0.00298	0.01019	0.00024	0.00688	0.00024	0.1419	0.01135	0.0	0.00024	0.00498	0.01365	0.01082	0.0175	0.00404	0.00539	0.00692	0.00972	0.00492	0.00646	0.00717	0.00772	0.01612	0.00839	0.00445	0.00024	0.00385	0.00595	0.00446	0.00644	0.01214	0.00511	0.00713	0.01101	0.00829	0.00719	0.02056	0.01111	0.00473	0.00575	0.0155	0.01712	0.01034	0.124	0.0	0.0	0.0	0.0103	0.00573	0.00646	0.00847	0.00581	0.02267	0.00776	0.00713	0.00536	0.0	0.00622	0.00531	0.00024	0.01469	0.00385	0.0	0.00747	0.00825	0.0	0.0455	0.01298	0.00598	0.0	0.0048	0.0055	0.0058	0.00986	0.00401	0.00513	0.00826	0.00779	0.00024	0.00401	0.00024	0.00981	0.01383	0.00753	
0.0	6e-05	0.0001	0.0	0.0	0.0	0.0	0.0	0.0	0.00014	0.00044	0.0	0.00024	0.0	8e-05	0.00024	0.00025	7e-05	2e-05	0.0002	0.00024	1e-05	8e-05	4e-05	7e-05	5e-05	2e-05	2e-05	4e-05	2e-05	4e-05	5e-05	0.0	2e-05	7e-05	1e-05	3e-05	2e-05	2e-05	0.0	0.00016	2e-05	4e-05	0.0	7e-05	9e-05	0.00012	0.0	0.0	0.00014	0.0	0.0	0.0	5e-05	4e-05	0.0	0.0	0.0	0.00014	0.00023	0.0	0.0	2e-05	0.0	1e-05	3e-05	0.0	0.0	0.0002	0.0	1e-05	1e-05	0.00014	4e-05	6e-05	3e-05	0.0001	4e-05	3e-05	2e-05	2e-05	3e-05	0.00013	0.0	0.00024	0.00013	7e-05	0.0001	5e-05	0.0001	3e-05	5e-05	1e-05	4e-05	2e-05	2e-05	0.00014	0.00012	2e-05	2e-05	1e-05	3e-05	0.0	0.0	0.0	2e-05	5e-05	8e-05	6e-05	5e-05	1e-05	0.0001	4e-05	4e-05	0.0	8e-05	0.00013	0.0	7e-05	0.00024	0.0	6e-05	7e-05	0.0	5e-05	3e-05	0.00027	0.0	0.00013	0.00015	0.00012	7e-05	0.00014	0.00016	6e-05	3e-05	0.0	0.00014	0.0	2e-05	2e-05	1e-05	
0.02581	0.02762	0.13975	8e-05	8e-05	8e-05	8e-05	8e-05	8e-05	0.28588	0.0046	8e-05	0.00622	8e-05	0.0	0.00622	0.00646	0.02505	0.05153	0.00736	0.00973	0.07577	0.01801	0.14054	0.02135	0.03364	0.04437	0.00996	0.0397	0.03697	0.0453	0.03114	0.0	0.02264	0.02118	0.03742	0.02847	0.02898	0.02519	0.0	0.03558	0.01303	0.08041	8e-05	0.04982	0.30613	0.09947	8e-05	8e-05	0.28588	8e-05	8e-05	8e-05	0.00939	0.04584	8e-05	8e-05	8e-05	0.28588	0.0069	0.07295	8e-05	0.11227	8e-05	0.03261	0.04737	0.0	8e-05	0.01394	0.02377	0.03252	0.1323	0.01057	0.20126	0.0237	0.03582	0.01391	0.02113	0.02515	0.19638	0.01211	0.03584	0.01199	8e-05	0.00973	0.01791	0.01331	0.01994	0.0193	0.01467	0.02616	0.02659	0.07473	0.02527	0.07232	0.0435	0.01311	0.01713	0.09195	0.01266	0.09741	0.02776	0.0	0.0	0.0	0.05144	0.24044	0.12181	0.0284	0.01876	0.02103	0.02538	0.02508	0.01734	0.0	0.9998	0.01684	8e-05	0.00194	0.00973	0.0	0.08187	0.02748	0.0	0.04432	0.01677	0.01757	0.0	0.01304	0.01607	0.01901	0.03638	0.28588	0.01459	0.02809	0.08011	8e-05	0.28588	8e-05	0.03712	0.05708	0.02792	
0.01385	0.00828	0.226	0.00024	0.00024	0.00024	0.00024	0.00024	0.00024	0.00401	0.00225	0.00024	0.99944	0.00024	0.00622	0.0	0.00284	0.00767	0.0072	0.00311	0.00385	0.01126	0.00595	0.0145	0.00684	0.0098	0.01144	0.0182	0.01061	0.01199	0.01106	0.00852	0.0	0.01119	0.00673	0.01959	0.00791	0.02894	0.04573	0.0	0.00847	0.02772	0.02282	0.00024	0.1085	0.00468	0.00571	0.00024	0.00024	0.00401	0.00024	0.00024	0.00024	0.01136	0.22523	0.00024	0.00024	0.00024	0.00401	0.00298	0.01019	0.00024	0.00688	0.00024	0.1419	0.01135	0.0	0.00024	0.00498	0.01365	0.01082	0.0175	0.00404	0.00539	0.00692	0.00972	0.00492	0.00646	0.00717	0.00772	0.01612	0.00839	0.00445	0.00024	0.00385	0.00595	0.00446	0.00644	0.01214	0.00511	0.00713	0.01101	0.00829	0.00719	0.02056	0.01111	0.00473	0.00575	0.0155	0.01712	0.01034	0.124	0.0	0.0	0.0	0.0103	0.00573	0.00646	0.00847	0.00581	0.02267	0.00776	0.00713	0.00536	0.0	0.00622	0.00531	0.00024	0.01469	0.00385	0.0	0.00747	0.00825	0.0	0.0455	0.01298	0.00598	0.0	0.0048	0.0055	0.0058	0.00986	0.00401	0.00513	0.00826	0.00779	0.00024	0.00401	0.00024	0.00981	0.01383	0.00753	
0.01447	0.00861	0.00521	0.00025	0.00025	0.00025	0.00025	0.00025	0.00025	0.00415	0.00231	0.00025	0.00284	0.00025	0.00646	0.00284	0.0	0.00797	0.0075	0.00321	0.00397	0.01176	0.00618	0.01512	0.00708	0.01019	0.01193	0.01831	0.01106	0.01252	0.01151	0.00887	0.0	0.01167	0.00699	0.01577	0.00824	0.03262	0.02364	0.0	0.00861	0.01454	0.02188	0.00025	0.00751	0.00486	0.00593	0.00025	0.00025	0.00415	0.00025	0.00025	0.00025	0.01183	0.00734	0.00025	0.00025	0.00025	0.00415	0.00307	0.01064	0.00025	0.00717	0.00025	0.00901	0.01185	0.0	0.00025	0.00516	0.01424	0.05249	0.02726	0.00418	0.00559	0.00719	0.01014	0.0051	0.00667	0.00747	0.00805	0.01683	0.00872	0.00459	0.00025	0.00397	0.00618	0.26137	0.00669	0.01265	0.0053	0.00743	0.01147	0.00865	0.00749	0.02147	0.0116	0.0049	0.00597	0.01619	0.01788	0.0108	0.00817	0.0	0.0	0.0	0.01075	0.00596	0.00671	0.00882	0.00604	0.01625	0.00807	0.00742	0.00558	0.0	0.00646	0.00552	0.00025	0.01531	0.00397	0.0	0.00777	0.00859	0.0	0.04749	0.0329	0.00619	0.0	0.00492	0.00571	0.00604	0.01028	0.00415	0.23071	0.00862	0.00812	0.00025	0.00415	0.00025	0.01024	0.01445	0.00786	
0.03963	0.32355	0.01843	7e-05	7e-05	7e-05	7e-05	7e-05	7e-05	0.01324	0.0056	7e-05	0.00767	7e-05	0.02505	0.00767	0.00797	0.0	0.16702	0.00913	0.01223	0.26223	0.0235	0.00146	0.08486	0.00159	0.36498	0.11241	0.0126	0.0588	0.05894	0.04282	0.0	0.01367	0.02791	0.17103	0.16207	0.00688	0.00459	0.0	0.02567	0.14051	0.12524	7e-05	0.03077	0.01814	0.02205	7e-05	7e-05	0.01324	7e-05	7e-05	7e-05	0.1506	0.05574	7e-05	7e-05	7e-05	0.01324	0.00853	0.15796	7e-05	0.22205	7e-05	0.14589	0.04512	0.0	7e-05	0.01789	0.14696	0.06105	0.08754	0.01336	0.02265	0.03192	0.17118	0.01787	0.02804	0.45645	0.0377	0.06344	0.00593	0.0152	7e-05	0.01223	0.00508	0.0173	0.02617	0.13073	0.0189	0.03596	0.01113	0.0631	0.45386	0.18463	0.07014	0.25243	0.12329	0.04049	0.15457	0.03111	0.07216	0.0	0.0	0.0	0.08488	0.18796	0.02636	0.03408	0.1056	0.08417	0.047	0.2986	0.02298	0.0	0.02505	0.02224	7e-05	0.0013	0.01223	0.0	0.03224	0.03753	0.0	0.00819	0.14951	0.0228	0.0	0.01652	0.0208	0.02532	0.16354	0.01324	0.01879	0.2194	0.1874	7e-05	0.01324	7e-05	0.24061	0.10694	0.2335	
0.10767	0.15205	0.08514	2e-05	2e-05	2e-05	2e-05	2e-05	2e-05	0.16096	0.00517	2e-05	0.0072	2e-05	0.05153	0.0072	0.0075	0.16702	0.0	0.00865	0.01179	0.11538	0.07403	0.13706	0.21495	0.03025	0.13028	0.04463	0.06029	0.119	0.05432	0.04643	0.0	0.08665	0.02856	0.1033	0.04452	0.06095	0.08265	0.0	0.12057	0.19586	0.04495	2e-05	0.0879	0.01826	0.06354	2e-05	2e-05	0.16096	2e-05	2e-05	2e-05	0.12351	0.03769	2e-05	2e-05	2e-05	0.16096	0.00805	0.19646	2e-05	0.03714	2e-05	0.22716	0.10942	0.0	2e-05	0.0177	0.1896	0.09578	0.06422	0.01296	0.13595	0.03372	0.11685	0.01529	0.02911	0.16394	0.04049	0.11292	0.07134	0.18122	2e-05	0.01179	0.02357	0.01741	0.02665	0.08696	0.01411	0.06484	0.10499	0.24368	0.16356	0.21754	0.14754	0.01653	0.02241	0.10531	0.11765	0.05547	0.03644	0.0	0.0	0.0	0.1317	0.02633	0.02686	0.03983	0.06826	0.14314	0.03505	0.17018	0.02374	0.0	0.05153	0.02289	2e-05	0.02428	0.01179	0.0	0.03334	0.03645	0.0	0.02585	0.10352	0.02295	0.0	0.01624	0.02082	0.02106	0.11479	0.16096	0.01866	0.13791	0.18889	2e-05	0.16096	2e-05	0.15781	0.06451	0.24173	
0.01691	0.00989	0.00588	0.0002	0.0002	0.0002	0.0002	0.0002	0.0002	0.00463	0.00249	0.0002	0.00311	0.0002	0.00736	0.00311	0.00321	0.00913	0.00865	0.0	0.00442	0.01372	0.00702	0.0175	0.00812	0.01175	0.01389	0.0222	0.01283	0.01457	0.01342	0.01029	0.0	0.01355	0.00798	0.02397	0.00953	0.03545	0.05634	0.0	0.01005	0.01691	0.02539	0.0002	0.00858	0.00551	0.00672	0.0002	0.0002	0.00463	0.0002	0.0002	0.0002	0.01366	0.00844	0.0002	0.0002	0.0002	0.00463	0.00337	0.01239	0.0002	0.00829	0.0002	0.01046	0.01383	0.0	0.0002	0.00581	0.01665	0.06199	0.06074	0.00467	0.00643	0.0083	0.01176	0.00575	0.06968	0.00861	0.00929	0.01961	0.0101	0.00518	0.0002	0.00442	0.00701	0.00525	0.00762	0.01461	0.00599	0.0086	0.01323	0.01006	0.00864	0.02502	0.01349	0.00551	0.00677	0.01891	0.02085	0.01259	0.00948	0.0	0.0	0.0	0.01249	0.00684	0.00764	0.01012	0.16189	0.11969	0.00924	0.00856	0.00638	0.0	0.00736	0.0063	0.0002	0.0419	0.00442	0.0	0.00889	0.00985	0.0	0.01485	0.01574	0.00702	0.0	0.00562	0.00646	0.00691	0.0119	0.00463	0.006	0.17464	0.10448	0.0002	0.00463	0.0002	0.01193	0.04075	0.07654	
0.10544	0.0133	0.00765	0.00024	0.00024	0.00024	0.00024	0.00024	0.00024	0.00592	0.00301	0.00024	0.00385	0.00024	0.00973	0.00385	0.00397	0.01223	0.01179	0.00442	0.0	0.0192	0.00925	0.02402	0.11843	0.08322	0.04755	0.02995	0.0177	0.02027	0.01865	0.01417	0.0	0.0187	0.01061	0.02602	0.11766	0.05424	0.04931	0.0	0.01363	0.02347	0.03508	0.00024	0.01146	0.00725	0.31311	0.00024	0.00024	0.00592	0.00024	0.00024	0.00024	0.01862	0.01142	0.00024	0.00024	0.00024	0.00592	0.00419	0.01728	0.00024	0.01138	0.00024	0.01445	0.01934	0.0	0.00024	0.00752	0.02334	0.08979	0.04543	0.00596	0.10845	0.08002	0.01621	0.00747	0.01057	0.01172	0.0127	0.02735	0.01383	0.00674	0.00024	0.9998	0.00923	0.00691	0.01009	0.01996	0.0078	0.01182	0.01801	0.01394	0.01176	0.03493	0.07468	0.00712	0.00889	0.03526	0.0367	0.01758	0.01302	0.0	0.0	0.0	0.08713	0.0092	0.01013	0.01363	0.00925	0.03916	0.16425	0.01166	0.00854	0.0	0.00973	0.00838	0.00024	0.05823	0.9998	0.0	0.0119	0.01325	0.0	0.0203	0.02183	0.31036	0.0	0.0074	0.00844	0.00927	0.01635	0.00592	0.0078	0.01375	0.01287	0.00024	0.00592	0.00024	0.01659	0.04723	0.10991	
0.07526	0.23341	0.0313	1e-05	1e-05	1e-05	1e-05	1e-05	1e-05	0.02111	0.02349	1e-05	0.01126	1e-05	0.07577	0.01126	0.01176	0.26223	0.11538	0.01372	0.0192	0.0	0.03444	0.03048	0.0707	0.07228	0.19345	0.13455	0.11021	0.07116	0.09191	0.15667	0.0	0.16135	0.05208	0.47717	0.18082	0.09494	0.09995	0.0	0.05175	0.1544	0.15567	1e-05	0.01622	0.14181	0.03891	1e-05	1e-05	0.02111	1e-05	1e-05	1e-05	0.15956	0.06876	1e-05	1e-05	1e-05	0.02111	0.01269	0.24935	1e-05	0.14041	1e-05	0.31847	0.18899	0.0	1e-05	0.03015	0.28503	0.21055	0.18297	0.02133	0.04312	0.05062	0.25192	0.02516	0.09233	0.37277	0.15272	0.18418	0.02971	0.07392	1e-05	0.0192	0.04174	0.02213	0.0147	0.29526	0.07441	0.06523	0.10474	0.29479	0.37443	0.14739	0.24393	0.12135	0.07973	0.13594	0.09942	0.18192	0.08403	0.0	0.0	0.0	0.17075	0.22918	0.12536	0.04578	0.10949	0.18569	0.06231	0.28891	0.1528	0.0	0.07577	0.08501	1e-05	0.1043	0.0192	0.0	0.06922	0.1719	0.0	0.04947	0.19014	0.0392	0.0	0.07986	0.02912	0.08241	0.17586	0.02111	0.032	0.2148	0.2776	1e-05	0.02111	1e-05	0.21702	0.15645	0.21468	
0.05273	0.03265	0.01354	8e-05	8e-05	8e-05	8e-05	8e-05	8e-05	0.00995	0.00442	8e-05	0.00595	8e-05	0.01801	0.00595	0.00618	0.0235	0.07403	0.00702	0.00925	0.03444	0.0	0.12956	0.02011	0.2819	0.04115	0.13124	0.01489	0.02455	0.03163	0.02993	0.0	0.14815	0.0616	0.0336	0.05513	0.05977	0.09799	0.0	0.02309	0.01123	0.00068	8e-05	0.02181	0.01317	0.01601	8e-05	8e-05	0.00995	8e-05	8e-05	8e-05	0.0377	0.02248	8e-05	8e-05	8e-05	0.00995	0.00659	0.15837	8e-05	0.02332	8e-05	0.0378	0.11564	0.0	8e-05	0.01319	0.12068	0.15384	0.10566	0.01004	0.01618	0.02219	0.03383	0.01316	0.01989	0.02349	0.03888	0.34226	0.02754	0.35867	8e-05	0.00925	0.01688	0.01256	0.01877	0.01622	0.01386	0.08083	0.0226	0.06327	0.0236	0.06686	0.04436	0.01241	0.01616	0.05879	0.01134	0.04525	0.02595	0.0	0.0	0.0	0.03299	0.01777	0.01889	0.0266	0.01762	0.04828	0.02381	0.02343	0.01629	0.0	0.01801	0.01583	8e-05	0.00237	0.00925	0.0	0.02278	0.05399	0.0	0.00748	0.04645	0.01659	0.0	0.01241	0.01517	0.01783	0.03386	0.00995	0.0138	0.02861	0.02631	8e-05	0.00995	8e-05	0.03258	0.1424	0.02599	
0.08344	0.03056	0.01659	4e-05	4e-05	4e-05	4e-05	4e-05	4e-05	0.06484	0.01034	4e-05	0.0145	4e-05	0.14054	0.0145	0.01512	0.00146	0.13706	0.0175	0.02402	0.03048	0.12956	0.0	0.01129	0.07552	0.00892	0.06461	0.05564	0.11163	0.05374	0.04492	0.0	0.39097	7e-05	0.05475	0.02323	0.02898	0.0594	0.0	0.0399	0.04876	6e-05	4e-05	6e-05	0.07972	0.00632	4e-05	4e-05	0.06484	4e-05	4e-05	4e-05	0.00208	0.00961	4e-05	4e-05	4e-05	0.06484	0.01626	0.27096	4e-05	0.05388	4e-05	0.08282	0.08389	0.0	4e-05	0.03657	0.11961	0.12386	0.048	0.0265	0.07478	0.07393	0.03925	0.03657	0.05433	0.05845	0.0529	0.11039	0.01593	0.07145	4e-05	0.02402	0.04935	0.03614	0.05617	0.15129	0.02406	0.01401	0.06748	0.18233	0.02449	0.26341	0.03067	0.03407	0.04681	0.03471	0.00755	0.01575	0.0581	0.0	0.0	0.0	0.20106	0.08796	0.00721	0.00724	0.05424	0.04549	0.07523	0.03008	0.08043	0.0	0.14054	0.04813	4e-05	4e-05	0.02402	0.0	0.19646	0.0009	0.0	0.03398	0.04287	0.04826	0.0	0.07163	0.04332	0.03872	0.02089	0.06484	0.03864	0.04698	0.02343	4e-05	0.06484	4e-05	0.09325	0.11827	0.11072	
0.08731	0.06825	0.01592	7e-05	7e-05	7e-05	7e-05	7e-05	7e-05	0.01161	0.00511	7e-05	0.00684	7e-05	0.02135	0.00684	0.00708	0.08486	0.21495	0.00812	0.11843	0.0707	0.02011	0.01129	0.0	0.0349	0.12078	0.01336	0.01377	0.09551	0.03738	0.05156	0.0	0.02519	0.05655	0.05935	0.03316	0.03401	0.10052	0.0	0.46212	0.21141	0.09075	7e-05	0.026	0.01555	0.03198	7e-05	7e-05	0.01161	7e-05	7e-05	7e-05	0.02658	0.02693	7e-05	7e-05	7e-05	0.01161	0.00756	0.15245	7e-05	0.02814	7e-05	0.17686	0.0518	0.0	7e-05	0.01562	0.25356	0.05001	0.07741	0.27069	0.19458	0.16621	0.1822	0.14032	0.18925	0.09111	0.03677	0.01394	0.03348	0.01331	7e-05	0.11843	0.02009	0.01474	0.02239	0.02136	0.01631	0.02958	0.02939	0.08115	0.09078	0.18796	0.05921	0.01448	0.019	0.0158	0.10892	0.04762	0.05365	0.0	0.0	0.0	0.06234	0.02114	0.0224	0.03192	0.02091	0.05897	0.02954	0.09876	0.01937	0.0	0.02135	0.0189	7e-05	0.00431	0.11843	0.0	0.02723	0.03085	0.0	0.05069	0.01869	0.03079	0.0	0.01462	0.01801	0.02139	0.2152	0.01161	0.01634	0.05269	0.12107	7e-05	0.01161	7e-05	0.10975	0.03123	0.20479	
0.0514	0.0019	0.02437	5e-05	5e-05	5e-05	5e-05	5e-05	5e-05	0.01728	0.00713	5e-05	0.0098	5e-05	0.03364	0.0098	0.01019	0.00159	0.03025	0.01175	0.08322	0.07228	0.2819	0.07552	0.0349	0.0	0.0054	0.06314	0.13176	0.05291	0.06801	0.05556	0.0	0.11611	0.01147	0.07272	0.04232	0.05844	0.10259	0.0	0.04522	0.01966	0.01029	5e-05	0.04178	0.02416	0.03336	5e-05	5e-05	0.01728	5e-05	5e-05	5e-05	0.07797	0.04435	5e-05	5e-05	5e-05	0.01728	0.01093	0.07839	5e-05	0.05407	5e-05	0.07613	0.0343	0.0	5e-05	0.02372	0.0705	0.21118	0.21786	0.01745	0.02821	0.0405	0.07179	0.02361	0.03932	0.12006	0.01643	0.14687	0.0114	0.14625	5e-05	0.08322	0.03082	0.02296	0.03531	0.02704	0.06927	0.03196	0.0003	0.11231	0.04743	0.03067	0.03501	0.02203	0.02965	0.03021	0.00613	0.05038	0.05327	0.0	0.0	0.0	0.02918	0.0343	0.03548	0.0052	0.03359	0.00988	0.04121	0.04712	0.12379	0.0	0.03364	0.03007	5e-05	0.00753	0.08322	0.0	0.01261	0.00644	0.0	0.01495	0.01688	0.03286	0.0	0.14575	0.02776	0.06578	0.0714	0.01728	0.02495	0.06018	0.05404	5e-05	0.01728	5e-05	0.02745	0.05059	0.05098	
0.09856	0.16139	0.03091	2e-05	2e-05	2e-05	2e-05	2e-05	2e-05	0.02112	0.00812	2e-05	0.01144	2e-05	0.04437	0.01144	0.01193	0.36498	0.13028	0.01389	0.04755	0.19345	0.04115	0.00892	0.12078	0.0054	0.0	0.08267	0.10023	0.09672	0.10762	0.07856	0.0	0.10056	0.03461	0.125	0.13304	0.04441	0.04881	0.0	0.07709	0.10064	0.05083	2e-05	0.0567	0.03131	0.0316	2e-05	2e-05	0.02112	2e-05	2e-05	2e-05	0.0798	0.04758	2e-05	2e-05	2e-05	0.02112	0.01286	0.11407	2e-05	0.18596	2e-05	0.10816	0.06255	0.0	2e-05	0.02989	0.13359	0.10656	0.124	0.09634	0.09896	0.13746	0.13415	0.05528	0.28151	0.24708	0.04871	0.04644	0.04304	0.02491	2e-05	0.04755	0.00459	0.06133	0.04678	0.09282	0.03184	0.08904	0.00558	0.0734	0.34114	0.16686	0.07332	0.12024	0.06587	0.14641	0.2039	0.0685	0.13214	0.0	0.0	0.0	0.15483	0.11986	0.04417	0.05784	0.06593	0.10917	0.0564	0.24466	0.11133	0.0	0.04437	0.11078	2e-05	0.01144	0.04755	0.0	0.02746	0.03885	0.0	0.00959	0.08308	0.03175	0.0	0.02775	0.03566	0.04734	0.25947	0.02112	0.03165	0.14599	0.11102	2e-05	0.02112	2e-05	0.15371	0.09705	0.18048	
0.07342	0.22636	0.05104	2e-05	2e-05	2e-05	2e-05	2e-05	2e-05	0.03424	0.01276	2e-05	0.0182	2e-05	0.00996	0.0182	0.01831	0.11241	0.04463	0.0222	0.02995	0.13455	0.13124	0.06461	0.01336	0.06314	0.08267	0.0	0.15167	0.11149	0.16046	0.19698	0.0	0.09632	0.08626	0.13555	0.1755	0.05738	0.20067	0.0	0.01219	0.08239	0.10495	2e-05	0.03841	0.04846	0.00843	2e-05	2e-05	0.03424	2e-05	2e-05	2e-05	0.08198	0.12376	2e-05	2e-05	2e-05	0.03424	0.01978	0.19039	2e-05	0.20122	2e-05	0.05778	0.12014	0.0	2e-05	0.01144	0.14024	0.11739	0.09409	0.03461	0.06328	0.09852	0.15271	0.04915	0.08499	0.17084	0.09758	0.14825	0.11456	0.0399	2e-05	0.02995	0.01996	0.0221	0.01215	0.09375	0.05265	0.06887	0.06371	0.09001	0.1713	0.07906	0.15467	0.22923	0.17707	0.05279	0.08092	0.06372	0.15769	0.0	0.0	0.0	0.20561	0.23329	0.01018	0.10169	0.17822	0.08532	0.10346	0.17617	0.07168	0.0	0.00996	0.06849	2e-05	0.09901	0.02995	0.0	0.01698	0.0952	0.0	0.05504	0.17469	0.00901	0.0	0.04745	0.01481	0.0812	0.09942	0.03424	0.01011	0.11886	0.14172	2e-05	0.03424	2e-05	0.34246	0.18565	0.14266	
0.08976	0.00893	0.028	4e-05	4e-05	4e-05	4e-05	4e-05	4e-05	0.01933	0.02183	4e-05	0.01061	4e-05	0.0397	0.01061	0.01106	0.0126	0.06029	0.01283	0.0177	0.11021	0.01489	0.05564	0.01377	0.13176	0.10023	0.15167	0.0	0.25312	0.38492	0.38394	0.0	0.10969	0.08387	0.11826	0.02709	0.03096	0.06506	0.0	0.03548	0.05405	0.06096	4e-05	0.05026	0.0406	0.03433	4e-05	4e-05	0.01933	4e-05	4e-05	4e-05	0.01653	0.05482	4e-05	4e-05	4e-05	0.01933	0.01191	0.10878	4e-05	0.05275	4e-05	0.09155	0.18891	0.0	4e-05	0.03628	0.10916	0.19179	0.1101	0.08172	0.08367	0.25516	0.08185	0.03615	0.21055	0.23241	0.06281	0.04452	0.02349	0.02282	4e-05	0.0177	0.16837	0.02686	0.01375	0.1309	0.20159	0.02334	0.01515	0.18528	0.10255	0.04242	0.05968	0.02516	0.03469	0.14456	0.02703	0.10506	0.03032	0.0	0.0	0.0	0.05223	0.04182	0.01953	0.13065	0.04049	0.0421	0.00905	0.0322	0.32596	0.0	0.0397	0.1658	4e-05	0.03729	0.0177	0.0	0.13904	0.01022	0.0	0.01778	0.06049	0.02098	0.0	0.3084	0.02471	0.24577	0.09545	0.01933	0.03202	0.10568	0.06906	4e-05	0.01933	4e-05	0.10608	0.07629	0.07006	
0.1669	0.08156	0.03268	2e-05	2e-05	2e-05	2e-05	2e-05	2e-05	0.02224	0.00845	2e-05	0.01199	2e-05	0.03697	0.01199	0.01252	0.0588	0.119	0.01457	0.02027	0.07116	0.02455	0.11163	0.09551	0.05291	0.09672	0.11149	0.25312	0.0	0.34806	0.1821	0.0	0.18887	0.03124	0.06369	0.05548	0.00362	0.07509	0.0	0.13251	0.13712	0.03816	2e-05	0.06038	0.09128	0.04041	2e-05	2e-05	0.02224	2e-05	2e-05	2e-05	0.00097	0.06695	2e-05	2e-05	2e-05	0.02224	0.04879	0.13178	2e-05	0.10516	2e-05	0.09876	0.10198	0.0	2e-05	0.04909	0.13702	0.09061	0.04895	0.08471	0.0934	0.31135	0.09867	0.04902	0.26405	0.0503	0.13057	0.03674	0.0468	0.0264	2e-05	0.02027	0.08498	0.03163	0.034	0.0668	0.03367	0.07135	0.05122	0.11865	0.10147	0.06904	0.0445	0.02925	0.02064	0.11745	0.05707	0.05964	0.05785	0.0	0.0	0.0	0.23967	0.09943	0.09921	0.07824	0.0486	0.04419	0.034	0.10632	0.10268	0.0	0.03697	0.18416	2e-05	0.01508	0.02027	0.0	0.03003	0.03817	0.0	0.01271	0.05138	0.03835	0.0	0.02974	0.04071	0.09766	0.14658	0.02224	0.04594	0.08667	0.07841	2e-05	0.02224	2e-05	0.08794	0.04948	0.12475	
0.14235	0.05233	0.06557	4e-05	4e-05	4e-05	4e-05	4e-05	4e-05	0.11869	0.00793	4e-05	0.01106	4e-05	0.0453	0.01106	0.01151	0.05894	0.05432	0.01342	0.01865	0.09191	0.03163	0.05374	0.03738	0.06801	0.10762	0.16046	0.38492	0.34806	0.0	0.39697	0.0	0.1518	0.11458	0.09561	0.05083	0.09575	0.10157	0.0	0.22421	0.1778	0.16719	4e-05	0.03893	0.02979	0.05218	4e-05	4e-05	0.11869	4e-05	4e-05	4e-05	0.00417	0.04355	4e-05	4e-05	4e-05	0.11869	0.0682	0.0995	4e-05	0.05179	4e-05	0.05936	0.13549	0.0	4e-05	0.06172	0.16392	0.17786	0.08547	0.10998	0.20278	0.48046	0.06667	0.06143	0.43539	0.09505	0.05849	0.02995	0.09688	0.02546	4e-05	0.01865	0.04206	0.07346	0.03693	0.09474	0.03617	0.0922	0.00406	0.10576	0.13036	0.03705	0.08686	0.0264	0.02265	0.23104	0.02942	0.07082	0.05413	0.0	0.0	0.0	0.07412	0.04447	0.04641	0.02865	0.043	0.07854	0.0315	0.05624	0.18305	0.0	0.0453	0.24539	4e-05	0.02568	0.01865	0.0	0.044	0.03556	0.0	0.04763	0.02325	0.0451	0.0	0.08288	0.04911	0.13038	0.23859	0.11869	0.05708	0.10042	0.0749	4e-05	0.11869	4e-05	0.07823	0.07696	0.10509	
0.08873	0.04194	0.02214	5e-05	5e-05	5e-05	5e-05	5e-05	5e-05	0.0154	0.00613	5e-05	0.00852	5e-05	0.03114	0.00852	0.00887	0.04282	0.04643	0.01029	0.01417	0.15667	0.02993	0.04492	0.05156	0.05556	0.07856	0.19698	0.38394	0.1821	0.39697	0.0	0.0	0.21224	0.08666	0.1453	0.05899	0.09153	0.08332	0.0	0.03494	0.05703	0.16061	5e-05	0.01724	0.02222	0.02707	5e-05	5e-05	0.0154	5e-05	5e-05	5e-05	0.01385	0.04242	5e-05	5e-05	5e-05	0.0154	0.00954	0.0846	5e-05	0.04691	5e-05	0.19353	0.27125	0.0	5e-05	0.08773	0.20974	0.25533	0.1596	0.14927	0.13313	0.36353	0.09851	0.08751	0.41651	0.14683	0.06526	0.13724	0.02867	0.01807	5e-05	0.01417	0.0599	0.02629	0.10661	0.04247	0.1073	0.06269	0.04257	0.22731	0.1505	0.07095	0.07456	0.0199	0.02726	0.14964	0.09269	0.1922	0.06621	0.0	0.0	0.0	0.07252	0.03252	0.07218	0.04642	0.03158	0.11248	0.03896	0.06962	0.45	0.0	0.03114	0.29542	5e-05	0.09279	0.01417	0.0	0.05397	0.05013	0.0	0.03717	0.1419	0.06425	0.0	0.21444	0.07033	0.21562	0.14345	0.0154	0.08148	0.12839	0.0529	5e-05	0.0154	5e-05	0.07963	0.10856	0.05352	
0.0	0.0	0.0	0.0	0.0	0.0	0.0	0.0	0.0	0.0	0.0	0.0	0.0	0.0	0.0	0.0	0.0	0.0	0.0	0.0	0.0	0.0	0.0	0.0	0.0	0.0	0.0	0.0	0.0	0.0	0.0	0.0	0.0	0.0	0.0	0.0	0.0	0.0	0.0	0.0	0.0	0.0	0.0	0.0	0.0	0.0	0.0	0.0	0.0	0.0	0.0	0.0	0.0	0.0	0.0	0.0	0.0	0.0	0.0	0.0	0.0	0.0	0.0	0.0	0.0	0.0	0.0	0.0	0.0	0.0	0.0	0.0	0.0	0.0	0.0	0.0	0.0	0.0	0.0	0.0	0.0	0.0	0.0	0.0	0.0	0.0	0.0	0.0	0.0	0.0	0.0	0.0	0.0	0.0	0.0	0.0	0.0	0.0	0.0	0.0	0.0	0.0	0.0	0.0	0.0	0.0	0.0	0.0	0.0	0.0	0.0	0.0	0.0	0.0	0.0	0.0	0.0	0.0	0.0	0.0	0.0	0.0	0.0	0.0	0.0	0.0	0.0	0.0	0.0	0.0	0.0	0.0	0.0	0.0	0.0	0.0	0.0	0.0	0.0	0.0	0.0	0.0	
0.14408	0.05536	0.02974	2e-05	2e-05	2e-05	2e-05	2e-05	2e-05	0.02047	0.00794	2e-05	0.01119	2e-05	0.02264	0.01119	0.01167	0.01367	0.08665	0.01355	0.0187	0.16135	0.14815	0.39097	0.02519	0.11611	0.10056	0.09632	0.10969	0.18887	0.1518	0.21224	0.0	0.0	0.0082	0.24171	0.11675	0.09991	0.1771	0.0	0.1307	0.11437	0.04407	2e-05	0.05371	0.08695	0.03651	2e-05	2e-05	0.02047	2e-05	2e-05	2e-05	0.05893	0.05879	2e-05	2e-05	2e-05	0.02047	0.01257	0.33939	2e-05	0.0568	2e-05	0.23985	0.35347	0.0	2e-05	0.02872	0.36673	0.27889	0.12841	0.02068	0.0395	0.16033	0.05923	0.02872	0.25474	0.08221	0.0704	0.29459	0.07616	0.079	2e-05	0.0187	0.039	0.0286	0.0445	0.24349	0.03544	0.04456	0.25398	0.46868	0.19853	0.227	0.2005	0.02672	0.03695	0.06424	0.03713	0.10791	0.07229	0.0	0.0	0.0	0.23122	0.09156	0.22865	0.00899	0.04327	0.17058	0.05986	0.20444	0.3075	0.0	0.02264	0.2399	2e-05	0.04882	0.0187	0.0	0.08697	0.10004	0.0	0.03048	0.14214	0.03798	0.0	0.07901	0.03414	0.04515	0.07479	0.02047	0.03038	0.03037	0.04823	2e-05	0.02047	2e-05	0.0869	0.10257	0.10894	
0.07808	0.01928	0.01575	7e-05	7e-05	7e-05	7e-05	7e-05	7e-05	0.01144	0.00495	7e-05	0.00673	7e-05	0.02118	0.00673	0.00699	0.02791	0.02856	0.00798	0.01061	0.05208	0.0616	7e-05	0.05655	0.01147	0.03461	0.08626	0.08387	0.03124	0.11458	0.08666	0.0	0.0082	0.0	0.0467	0.03206	0.07423	0.06906	0.0	0.01921	0.00715	0.00228	7e-05	0.02584	0.01541	0.01873	7e-05	7e-05	0.01144	7e-05	7e-05	7e-05	0.04549	0.02688	7e-05	7e-05	7e-05	0.01144	0.00747	0.02304	7e-05	0.0282	7e-05	0.03693	0.05661	0.0	7e-05	0.01532	0.0996	0.05172	0.02516	0.24459	0.17942	0.1557	0.06777	0.12642	0.17529	0.02823	0.17649	0.03209	0.09866	0.01722	7e-05	0.01061	0.0198	0.0147	0.0221	0.04921	0.01614	0.02952	0.00021	0.03607	0.02838	0.08273	0.04913	0.01439	0.01892	0.01518	0.01904	0.02509	0.04899	0.0	0.0	0.0	0.02866	0.02114	0.02226	0.03174	0.02087	0.07375	0.02829	0.02817	0.0193	0.0	0.02118	0.01871	7e-05	0.04839	0.01061	0.0	0.02703	0.03069	0.0	0.002	0.0104	0.01942	0.0	0.01439	0.01772	0.02119	0.01342	0.01144	0.01606	0.03477	0.0318	7e-05	0.01144	7e-05	0.01579	0.08332	0.08425	
0.09552	0.15265	0.03131	1e-05	1e-05	1e-05	1e-05	1e-05	1e-05	0.02863	0.02422	1e-05	0.01959	1e-05	0.03742	0.01959	0.01577	0.17103	0.1033	0.02397	0.02602	0.47717	0.0336	0.05475	0.05935	0.07272	0.125	0.13555	0.11826	0.06369	0.09561	0.1453	0.0	0.24171	0.0467	0.0	0.14674	0.21309	0.10106	0.0	0.06021	0.1675	0.1149	1e-05	0.04196	0.08828	0.05383	1e-05	1e-05	0.02863	1e-05	1e-05	1e-05	0.12684	0.07204	1e-05	1e-05	1e-05	0.02863	0.01704	0.2116	1e-05	0.09232	1e-05	0.27315	0.25799	0.0	1e-05	0.0278	0.37539	0.20617	0.33745	0.02894	0.06136	0.06058	0.15023	0.0413	0.08946	0.2573	0.13299	0.29069	0.11526	0.0669	1e-05	0.02602	0.05793	0.03192	0.0344	0.26611	0.03852	0.06898	0.17033	0.35039	0.2586	0.28948	0.16003	0.09462	0.06237	0.11597	0.05463	0.25027	0.12172	0.0	0.0	0.0	0.0933	0.14779	0.1439	0.03097	0.10308	0.15636	0.05862	0.18893	0.12804	0.0	0.03742	0.08255	1e-05	0.07629	0.02602	0.0	0.12609	0.12704	0.0	0.08552	0.18107	0.0548	0.0	0.06402	0.03303	0.05917	0.11502	0.02863	0.04397	0.17739	0.19333	1e-05	0.02863	1e-05	0.23184	0.20096	0.19008	
0.09036	0.14904	0.02035	3e-05	3e-05	3e-05	3e-05	3e-05	3e-05	0.01421	0.00566	3e-05	0.00791	3e-05	0.02847	0.00791	0.00824	0.16207	0.04452	0.00953	0.11766	0.18082	0.05513	0.02323	0.03316	0.04232	0.13304	0.1755	0.02709	0.05548	0.05083	0.05899	0.0	0.11675	0.03206	0.14674	0.0	0.06869	0.08018	0.0	0.02471	0.1028	0.05837	3e-05	0.03568	0.02039	0.03722	3e-05	3e-05	0.01421	3e-05	3e-05	3e-05	0.08753	0.16092	3e-05	3e-05	3e-05	0.01421	0.00886	0.10972	3e-05	0.18587	3e-05	0.11399	0.05408	0.0	3e-05	0.01969	0.07797	0.28075	0.18124	0.01435	0.02788	0.08399	0.12052	0.01968	0.13318	0.16105	0.04608	0.07741	0.04849	0.14614	3e-05	0.11766	0.02636	0.01944	0.02987	0.07645	0.02092	0.05586	0.08606	0.08253	0.27416	0.05127	0.27307	0.36495	0.24155	0.054	0.06748	0.05874	0.17806	0.0	0.0	0.0	0.13392	0.28853	0.0479	0.1458	0.21453	0.16839	0.1739	0.28111	0.13078	0.0	0.02847	0.13166	3e-05	0.05647	0.11766	0.0	0.03755	0.49741	0.0	0.07466	0.19138	0.03661	0.0	0.0181	0.02322	0.02968	0.10143	0.01421	0.02078	0.12657	0.15962	3e-05	0.01421	3e-05	0.18827	0.15761	0.16112	
0.08112	0.03747	0.04441	2e-05	2e-05	2e-05	2e-05	2e-05	2e-05	0.05996	0.02017	2e-05	0.02894	2e-05	0.02898	0.02894	0.03262	0.00688	0.06095	0.03545	0.05424	0.09494	0.05977	0.02898	0.03401	0.05844	0.04441	0.05738	0.03096	0.00362	0.09575	0.09153	0.0	0.09991	0.07423	0.21309	0.06869	0.0	0.1968	0.0	0.08223	0.14808	0.07101	2e-05	0.0757	0.05137	0.11666	2e-05	2e-05	0.05996	2e-05	2e-05	2e-05	0.00808	0.06129	2e-05	2e-05	2e-05	0.05996	0.0353	0.21398	2e-05	0.06071	2e-05	0.12641	0.07201	0.0	2e-05	0.0301	0.21458	0.16212	0.09854	0.0301	0.09014	0.0466	0.05982	0.01632	0.06803	0.05582	0.06331	0.19456	0.09202	0.03587	2e-05	0.05424	0.05313	0.05714	0.06985	0.08031	0.01782	0.0665	0.06492	0.10624	0.0565	0.22323	0.06493	0.03947	0.02338	0.05805	0.06928	0.08092	0.08093	0.0	0.0	0.0	0.07056	0.07016	0.06905	0.0578	0.04076	0.08091	0.00123	0.06086	0.06196	0.0	0.02898	0.07774	2e-05	0.00268	0.05424	0.0	0.08928	0.10588	0.0	0.0657	0.04297	0.05233	0.0	0.03782	0.09877	0.06329	0.09147	0.05996	0.04293	0.07525	0.14838	2e-05	0.05996	2e-05	0.11631	0.07237	0.06485	
0.20191	0.02822	0.0448	2e-05	2e-05	2e-05	2e-05	2e-05	2e-05	0.05415	0.03185	2e-05	0.04573	2e-05	0.02519	0.04573	0.02364	0.00459	0.08265	0.05634	0.04931	0.09995	0.09799	0.0594	0.10052	0.10259	0.04881	0.20067	0.06506	0.07509	0.10157	0.08332	0.0	0.1771	0.06906	0.10106	0.08018	0.1968	0.0	0.0	0.11563	0.07844	0.03702	2e-05	0.09039	0.07578	0.10377	2e-05	2e-05	0.05415	2e-05	2e-05	2e-05	0.00939	0.18756	2e-05	2e-05	2e-05	0.05415	0.0321	0.17681	2e-05	0.08198	2e-05	0.15812	0.19926	0.0	2e-05	0.0341	0.27496	0.13203	0.10155	0.04325	0.09227	0.08879	0.12392	0.0329	0.08553	0.06678	0.06359	0.19654	0.15771	0.0543	2e-05	0.04931	0.03862	0.04388	0.03324	0.05069	0.05828	0.19766	0.20105	0.1923	0.06644	0.18433	0.13634	0.07231	0.10468	0.04689	0.10736	0.13247	0.08231	0.0	0.0	0.0	0.15455	0.10375	0.10158	0.0604	0.08877	0.12037	0.12218	0.1435	0.09211	0.0	0.02519	0.08647	2e-05	0.08626	0.04931	0.0	0.02428	0.02886	0.0	0.07459	0.18141	0.05625	0.0	0.05684	0.02599	0.1024	0.10183	0.05415	0.03592	0.11486	0.05728	2e-05	0.05415	2e-05	0.12925	0.06623	0.12515	
0.0	0.0	0.0	0.0	0.0	0.0	0.0	0.0	0.0	0.0	0.0	0.0	0.0	0.0	0.0	0.0	0.0	0.0	0.0	0.0	0.0	0.0	0.0	0.0	0.0	0.0	0.0	0.0	0.0	0.0	0.0	0.0	0.0	0.0	0.0	0.0	0.0	0.0	0.0	0.0	0.0	0.0	0.0	0.0	0.0	0.0	0.0	0.0	0.0	0.0	0.0	0.0	0.0	0.0	0.0	0.0	0.0	0.0	0.0	0.0	0.0	0.0	0.0	0.0	0.0	0.0	0.0	0.0	0.0	0.0	0.0	0.0	0.0	0.0	0.0	0.0	0.0	0.0	0.0	0.0	0.0	0.0	0.0	0.0	0.0	0.0	0.0	0.0	0.0	0.0	0.0	0.0	0.0	0.0	0.0	0.0	0.0	0.0	0.0	0.0	0.0	0.0	0.0	0.0	0.0	0.0	0.0	0.0	0.0	0.0	0.0	0.0	0.0	0.0	0.0	0.0	0.0	0.0	0.0	0.0	0.0	0.0	0.0	0.0	0.0	0.0	0.0	0.0	0.0	0.0	0.0	0.0	0.0	0.0	0.0	0.0	0.0	0.0	0.0	0.0	0.0	0.0	
