0.0	0.19393	0.15335	0.02445	0.15335	0.16177	0.04874	0.01518	0.25589	0.02924	1e-05	1e-05	0.01778	0.02058	0.16182	0.16177	0.16177	0.01558	0.15475	0.16241	0.26103	0.21104	0.15432	0.20526	0.07968	0.02233	0.0	0.23246	0.21706	0.06509	0.04085	0.20994	0.03835	0.20903	1e-05	0.0	0.04928	0.0	0.03851	0.0	0.0	0.0	0.0	0.03088	0.29637	0.01518	1e-05	0.01518	0.1445	0.11204	0.13502	0.0	0.0	0.074	0.27029	0.20944	0.31142	0.07797	0.04885	1e-05	0.01164	0.16177	1e-05	0.16177	0.00911	0.03841	0.169	0.00629	0.02211	0.19821	1e-05	0.19728	0.14636	0.11016	0.0	0.0	0.0	0.0	0.08179	0.15216	1e-05	0.07779	0.22764	0.04406	0.1977	0.00778	0.37068	0.0282	0.49147	0.01665	1e-05	1e-05	0.01558	1e-05	0.03835	0.0	1e-05	0.0225	0.02478	1e-05	0.1764	0.16294	0.23907	0.33674	0.15065	0.42067	0.24211	0.17085	0.019	0.19319	0.07084	0.23042	0.0	0.0	0.03856	0.20793	0.30265	0.20903	1e-05	0.03224	0.20944	0.04873	0.02246	0.0806	0.14113	0.00737	1e-05	1e-05	0.16177	1e-05	1e-05	1e-05	1e-05	0.00694	0.04026	0.37068	0.04886	0.09621	0.20039	0.16351	0.02683	0.13063	0.16177	0.19419	1e-05	0.32997	0.03223	0.28961	0.06258	0.0999	
0.19393	0.0	0.13451	0.02203	0.13451	0.14431	0.02115	0.01391	0.1894	0.02098	2e-05	2e-05	0.01624	0.26377	0.14366	0.14431	0.14431	0.08766	0.37189	0.14342	0.15349	0.13201	0.2204	0.12552	0.05332	0.02029	0.0	0.10223	0.1625	0.12231	0.1466	0.08569	0.22655	0.10539	2e-05	0.0	0.21938	0.0	0.1066	0.0	0.0	0.0	0.0	0.02764	0.10709	0.01391	2e-05	0.01391	0.05617	0.07088	0.01545	0.0	0.0	0.04514	0.04993	0.11651	0.09408	0.13461	0.0268	2e-05	0.01072	0.14431	2e-05	0.14431	0.00843	0.16551	0.11354	0.00024	0.01637	0.11954	2e-05	0.08507	0.06993	0.10441	0.0	0.0	0.0	0.0	0.07103	0.27218	2e-05	0.00991	0.15824	0.03889	0.04961	0.08561	0.10781	0.02547	0.07845	0.01517	2e-05	2e-05	0.08766	2e-05	0.22655	0.0	2e-05	0.02044	0.1073	2e-05	0.23336	0.11241	0.07099	0.24503	0.24433	0.10569	0.09756	0.10107	0.10589	0.13302	0.0717	0.06412	0.0	0.0	0.08929	0.09558	0.10663	0.10539	2e-05	0.02901	0.11651	0.2483	0.04606	0.05463	0.11404	0.00684	2e-05	2e-05	0.14431	2e-05	2e-05	2e-05	2e-05	0.00645	0.10697	0.10781	0.40275	0.0592	0.10483	0.08701	0.197	0.23113	0.14431	0.15911	2e-05	0.1062	0.23293	0.09606	0.09849	0.15574	
0.15335	0.13451	0.0	0.01184	0.48028	0.64598	0.01187	0.00826	0.09111	0.48292	4e-05	4e-05	0.22718	0.01072	1.12496	0.64598	0.64598	0.00845	0.41997	0.64613	0.04019	0.08292	0.45312	0.32142	0.26108	0.01147	0.0	0.0327	0.24935	0.04761	0.01887	0.10374	0.01693	0.0334	4e-05	0.0	0.0234	0.0	0.01699	0.0	0.0	0.0	0.0	0.01433	0.15299	0.00826	4e-05	0.00826	0.04357	0.04943	0.00906	0.0	0.0	0.01769	0.02907	0.02086	0.04168	0.15111	0.23709	4e-05	0.35982	0.64598	4e-05	0.64598	0.0053	0.01699	0.03478	0.00018	0.00952	0.04862	4e-05	0.02189	0.04822	0.04668	0.0	0.0	0.0	0.0	0.03166	0.42586	4e-05	0.00616	0.03855	0.11982	0.35223	0.00452	0.0258	0.0139	0.22834	0.00867	4e-05	4e-05	0.00845	4e-05	0.01693	0.0	4e-05	0.01153	0.01205	4e-05	0.02664	0.04361	0.0309	0.37292	0.21182	0.02665	0.03475	0.08276	0.07312	0.09116	0.03769	0.02918	0.0	0.0	0.01712	0.04724	0.02924	0.0334	4e-05	0.01553	0.02086	0.02272	0.01151	0.21856	0.02985	0.00439	4e-05	4e-05	0.64598	4e-05	4e-05	4e-05	4e-05	0.00415	0.02531	0.0258	0.017	0.05986	0.0347	0.05954	0.01335	0.01528	0.64598	0.03636	4e-05	0.02742	0.01477	0.03682	0.04435	0.06855	
0.02445	0.02203	0.01184	0.0	0.25645	0.00994	0.00968	0.55646	0.02061	0.00057	6e-05	6e-05	0.00781	0.0088	0.01042	0.00994	0.00994	0.00702	0.01524	0.01112	0.09665	0.02046	0.31703	0.01599	0.01596	0.00938	0.0	0.02484	0.0265	0.03592	0.01502	0.0286	0.01333	0.02587	6e-05	0.0	0.01811	0.0	0.01337	0.0	0.0	0.0	0.0	0.26266	0.02264	0.55646	6e-05	0.55646	0.03341	0.03775	0.00749	0.0	0.0	0.01396	0.02202	0.01651	0.03111	0.09287	0.17474	6e-05	0.00551	0.00994	6e-05	0.00994	0.0045	0.20268	0.02617	0.00011	0.00782	0.03715	6e-05	0.01731	0.03622	0.03503	0.0	0.0	0.0	0.0	0.17699	0.01344	6e-05	0.00521	0.02891	0.01475	0.1735	0.00375	0.0202	0.01124	0.02701	0.35702	6e-05	6e-05	0.00702	6e-05	0.01333	0.0	6e-05	0.00942	0.00971	6e-05	0.02043	0.03344	0.02401	0.01594	0.01734	0.02061	0.02635	0.06817	0.06716	0.03568	0.02866	0.02247	0.0	0.0	0.01344	0.03511	0.02226	0.02587	6e-05	0.01248	0.01651	0.0179	0.00941	0.01676	0.18151	0.00375	6e-05	6e-05	0.00994	6e-05	6e-05	6e-05	6e-05	0.00355	0.01965	0.0202	0.0136	0.04546	0.02658	0.07327	0.01082	0.01211	0.00994	0.10108	6e-05	0.23482	0.33206	0.08803	0.06562	0.09137	
0.15335	0.13451	0.48028	0.25645	0.0	0.64598	0.01187	0.00826	0.09111	0.48292	4e-05	4e-05	0.00946	0.01072	0.64589	0.64598	0.64598	0.00845	0.41997	0.64613	0.04019	0.02668	0.45312	0.32142	0.26108	0.01147	0.0	0.0327	0.24935	0.04761	0.01887	0.10374	0.01693	0.0334	4e-05	0.0	0.0234	0.0	0.01699	0.0	0.0	0.0	0.0	0.23428	0.02982	0.00826	4e-05	0.00826	0.04357	0.04943	0.00906	0.0	0.0	0.01769	0.02907	0.02086	0.04168	0.15111	0.15766	4e-05	0.00656	0.64598	4e-05	0.64598	0.0053	0.01699	0.03478	0.00018	0.00952	0.04862	4e-05	0.02189	0.04822	0.04668	0.0	0.0	0.0	0.0	0.03166	0.42586	4e-05	0.00616	0.03855	0.01886	0.35223	0.00452	0.0258	0.0139	0.11074	0.3004	4e-05	4e-05	0.00845	4e-05	0.01693	0.0	4e-05	0.01153	0.01205	4e-05	0.02664	0.04361	0.0309	0.37292	0.21182	0.02665	0.03475	0.08276	0.07312	0.09116	0.03769	0.02918	0.0	0.0	0.01712	0.04724	0.02924	0.0334	4e-05	0.01553	0.02086	0.02272	0.01151	0.21856	0.02985	0.00439	4e-05	4e-05	0.64598	4e-05	4e-05	4e-05	4e-05	0.00415	0.02531	0.0258	0.017	0.05986	0.0347	0.05954	0.01335	0.01528	0.64598	0.10456	4e-05	0.02742	0.01477	0.03682	0.04435	0.0768	
0.16177	0.14431	0.64598	0.00994	0.64598	0.0	0.01024	0.00741	0.09606	0.0	0.0001	0.0001	0.00836	0.00936	0.99995	0.99976	0.99976	0.00756	0.53642	1.0005	0.0296	0.02048	0.59537	0.38017	0.32946	0.00994	0.0	0.02468	0.27157	0.03564	0.01552	0.10668	0.01363	0.02616	0.0001	0.0	0.01824	0.0	0.0137	0.0	0.0	0.0	0.0	0.01178	0.02248	0.00741	0.0001	0.00741	0.03358	0.03787	0.00804	0.0	0.0	0.0143	0.02181	0.01698	0.03054	0.16394	0.01151	0.0001	0.00602	0.99976	0.0001	0.99976	0.00496	0.01418	0.02588	0.00027	0.00846	0.03737	0.0001	0.01901	0.03594	0.0346	0.0	0.0	0.0	0.0	0.02363	0.54749	0.0001	0.00571	0.02847	0.01499	0.18079	0.00437	0.0206	0.01179	0.11636	0.00756	0.0001	0.0001	0.00756	0.0001	0.01363	0.0	0.0001	0.00998	0.01014	0.0001	0.02045	0.03361	0.02433	0.45817	0.24898	0.02076	0.02617	0.06164	0.03353	0.08474	0.02867	0.0227	0.0	0.0	0.01409	0.03467	0.02214	0.02616	0.0001	0.01302	0.01698	0.01834	0.00997	0.26112	0.02236	0.00417	0.0001	0.0001	0.99976	0.0001	0.0001	0.0001	0.0001	0.00396	0.01988	0.0206	0.01412	0.0455	0.02663	0.03548	0.01138	0.01244	0.99976	0.02741	0.0001	0.02121	0.01208	0.02755	0.03223	0.05329	
0.04874	0.02115	0.01187	0.00968	0.01187	0.01024	0.0	0.00724	0.02005	0.00101	0.00011	0.00011	0.00816	0.00913	0.01081	0.01024	0.01024	0.00739	0.01521	0.01161	0.02499	0.01984	0.01389	0.03688	0.01599	0.0097	0.0	0.05602	0.02812	0.03447	0.0151	0.02418	0.01324	0.03152	0.00011	0.0	0.01769	0.0	0.01332	0.0	0.0	0.0	0.0	0.01146	0.03854	0.00724	0.00011	0.00724	0.01702	0.01228	0.00786	0.0	0.0	0.01389	0.07278	0.08108	0.03139	0.06173	0.0112	0.00011	0.00589	0.01024	0.00011	0.01024	0.2441	0.01381	0.13619	0.00029	0.00828	0.01417	0.00011	0.0359	0.01859	0.08056	0.0	0.0	0.0	0.0	0.0412	0.01334	0.00011	0.0056	0.02491	0.01455	0.05119	0.00432	0.05387	0.046	0.02631	0.00739	0.00011	0.00011	0.00739	0.00011	0.01324	0.0	0.00011	0.00974	0.00988	0.00011	0.06074	0.01699	0.03724	0.0999	0.017	0.04672	0.03447	0.03071	0.03251	0.02766	0.02324	0.11272	0.0	0.0	0.01439	0.10653	0.03969	0.03152	0.00011	0.01268	0.08108	0.01782	0.00973	0.01651	0.02163	0.0041	0.00011	0.00011	0.01024	0.00011	0.00011	0.00011	0.00011	0.00389	0.01928	0.05387	0.01374	0.07	0.16473	0.03426	0.01109	0.0121	0.01024	0.02753	0.00011	0.04497	0.01175	0.03914	0.043	0.04974	
0.01518	0.01391	0.00826	0.55646	0.00826	0.00741	0.00724	0.0	0.01324	0.00061	0.00016	0.00016	0.00604	0.0067	0.00775	0.00741	0.00741	0.00552	0.01033	0.00825	0.09399	0.01321	0.41297	0.01039	0.01112	0.00707	0.0	0.01572	0.01652	0.02255	0.01057	0.01812	0.00912	0.0171	0.00016	0.0	0.01191	0.0	0.00916	0.0	0.0	0.0	0.0	0.00802	0.01432	0.99968	0.00016	0.99968	0.02168	0.02433	0.00584	0.0	0.0	0.00959	0.01384	0.01144	0.01907	0.09617	0.00784	0.00016	0.0045	0.00741	0.00016	0.00741	0.00379	0.26764	0.0163	0.00018	0.00607	0.02403	0.00016	0.01292	0.02262	0.02175	0.0	0.0	0.0	0.0	0.19021	0.00916	0.00016	0.00434	0.01787	0.00992	0.01237	0.00325	0.01368	0.00822	0.01724	0.0054	0.00016	0.00016	0.00552	0.00016	0.00912	0.0	0.00016	0.00708	0.00702	0.00016	0.01319	0.0217	0.01597	0.0106	0.01148	0.01355	0.01665	0.03997	0.02168	0.02158	0.0183	0.01473	0.0	0.0	0.0094	0.02154	0.01415	0.0171	0.00016	0.00899	0.01144	0.01229	0.00707	0.01123	0.19712	0.00324	0.00016	0.00016	0.00741	0.00016	0.00016	0.00016	0.00016	0.00309	0.01303	0.01368	0.00968	0.02904	0.01716	0.04338	0.00797	0.0084	0.00741	0.01745	0.00016	0.27261	0.44216	0.0872	0.05743	0.06616	
0.25589	0.1894	0.09111	0.02061	0.09111	0.09606	0.02005	0.01324	0.0	1e-05	1e-05	1e-05	0.07888	0.01788	0.09727	0.09606	0.09606	0.01358	0.09632	0.09893	0.14924	0.07671	0.09465	0.15208	0.04	0.01933	0.0	0.15248	0.08377	0.21814	0.03433	0.04863	0.03169	0.02521	1e-05	0.0	0.07008	0.0	0.15912	0.0	0.0	0.0	0.0	0.02585	0.0509	0.01324	1e-05	0.01324	0.11487	0.09711	0.15824	0.0	0.0	0.20677	0.14309	0.05235	0.2174	0.08609	0.02507	1e-05	0.01027	0.09606	1e-05	0.09606	0.00817	0.0303	0.27341	0.00013	0.01558	0.09848	1e-05	0.11104	0.11478	0.20297	0.0	0.0	0.0	0.0	0.18328	0.2735	1e-05	0.00964	0.11477	0.03598	0.07414	0.00675	0.04903	0.06875	0.0554	0.01435	1e-05	1e-05	0.01358	1e-05	0.03169	0.0	1e-05	0.01929	0.17115	1e-05	0.0835	0.10664	0.03081	0.14831	0.0469	0.04881	0.0462	0.10582	0.04862	0.15256	0.15065	0.04593	0.0	0.0	0.03176	0.16026	0.05043	0.02521	1e-05	0.02733	0.05235	0.04861	0.01926	0.04349	0.16974	0.00665	1e-05	1e-05	0.09606	1e-05	1e-05	1e-05	1e-05	0.12965	0.04961	0.04903	0.06561	0.167	0.02501	0.13183	0.02297	0.13833	0.09606	0.03408	1e-05	0.04923	0.02683	0.11682	0.11552	0.16741	
0.02924	0.02098	0.48292	0.00057	0.48292	0.0	0.00101	0.00061	1e-05	0.0	0.0	0.0	0.0007	0.00132	0.0	0.0	0.0	0.00061	0.3104	0.0	0.00188	0.00122	0.39418	0.16232	0.0822	0.00137	0.0	0.0014	0.09866	0.00223	0.00172	0.01067	0.00137	0.00181	0.0	0.0	0.00142	0.0	0.00104	0.0	0.0	0.0	0.0	0.00108	0.00137	0.00061	0.0	0.00061	0.00203	0.00229	0.00062	0.0	0.0	0.00065	0.0011	0.00107	0.00179	0.02593	0.00102	0.0	0.00073	0.0	0.0	0.0	0.00117	0.00128	0.00158	0.0	0.00102	0.00234	0.0	0.00119	0.00249	0.00193	0.0	0.0	0.0	0.0	0.00107	0.32022	0.0	0.00172	0.00157	0.00118	0.02913	0.00076	0.00124	0.00087	0.01274	0.00056	0.0	0.0	0.00061	0.0	0.00137	0.0	0.0	0.00064	0.0007	0.0	0.00124	0.00193	0.00137	0.22379	0.05022	0.00141	0.00155	0.00548	0.00257	0.00886	0.00164	0.00162	0.0	0.0	0.001	0.00246	0.00135	0.00181	0.0	0.00123	0.00107	0.00141	0.00064	0.05317	0.00106	0.00116	0.0	0.0	0.0	0.0	0.0	0.0	0.0	0.00066	0.00121	0.00124	0.00129	0.00278	0.00173	0.00194	0.00121	0.00096	0.0	0.00174	0.0	0.00111	0.00097	0.00153	0.00193	0.00387	
1e-05	2e-05	4e-05	6e-05	4e-05	0.0001	0.00011	0.00016	1e-05	0.0	0.0	0.0	0.00013	0.00017	0.0001	0.0001	0.0001	0.00016	7e-05	0.0001	1e-05	2e-05	4e-05	1e-05	9e-05	0.00017	0.0	2e-05	1e-05	2e-05	0.00015	5e-05	0.0001	5e-05	0.0	0.0	6e-05	0.0	7e-05	0.0	0.0	0.0	0.0	8e-05	2e-05	0.00016	0.0	0.00016	4e-05	4e-05	0.00015	0.0	0.0	5e-05	1e-05	6e-05	1e-05	3e-05	7e-05	0.0	0.00018	0.0001	0.0	0.0001	0.00027	9e-05	1e-05	0.0	0.00014	4e-05	0.0	0.00014	2e-05	2e-05	0.0	0.0	0.0	0.0	2e-05	4e-05	0.0	0.00042	1e-05	6e-05	1e-05	0.00032	5e-05	9e-05	2e-05	8e-05	0.0	0.0	0.00016	0.0	0.0001	0.0	0.0	0.00012	7e-05	0.0	2e-05	4e-05	5e-05	3e-05	4e-05	7e-05	2e-05	0.0	5e-05	1e-05	2e-05	7e-05	0.0	0.0	5e-05	1e-05	3e-05	5e-05	0.0	0.0001	6e-05	7e-05	0.00012	5e-05	1e-05	0.00031	0.0	0.0	0.0001	0.0	0.0	0.0	0.0	0.00029	3e-05	5e-05	9e-05	4e-05	3e-05	1e-05	0.00011	7e-05	0.0001	2e-05	0.0	3e-05	8e-05	1e-05	1e-05	1e-05	
1e-05	2e-05	4e-05	6e-05	4e-05	0.0001	0.00011	0.00016	1e-05	0.0	0.0	0.0	0.00013	0.00017	0.0001	0.0001	0.0001	0.00016	7e-05	0.0001	1e-05	2e-05	4e-05	1e-05	9e-05	0.00017	0.0	2e-05	1e-05	2e-05	0.00015	5e-05	0.0001	5e-05	0.0	0.0	6e-05	0.0	7e-05	0.0	0.0	0.0	0.0	8e-05	2e-05	0.00016	0.0	0.00016	4e-05	4e-05	0.00015	0.0	0.0	5e-05	1e-05	6e-05	1e-05	3e-05	7e-05	0.0	0.00018	0.0001	0.0	0.0001	0.00027	9e-05	1e-05	0.0	0.00014	4e-05	0.0	0.00014	2e-05	2e-05	0.0	0.0	0.0	0.0	2e-05	4e-05	0.0	0.00042	1e-05	6e-05	1e-05	0.00032	5e-05	9e-05	2e-05	8e-05	0.0	0.0	0.00016	0.0	0.0001	0.0	0.0	0.00012	7e-05	0.0	2e-05	4e-05	5e-05	3e-05	4e-05	7e-05	2e-05	0.0	5e-05	1e-05	2e-05	7e-05	0.0	0.0	5e-05	1e-05	3e-05	5e-05	0.0	0.0001	6e-05	7e-05	0.00012	5e-05	1e-05	0.00031	0.0	0.0	0.0001	0.0	0.0	0.0	0.0	0.00029	3e-05	5e-05	9e-05	4e-05	3e-05	1e-05	0.00011	7e-05	0.0001	2e-05	0.0	3e-05	8e-05	1e-05	1e-05	1e-05	
0.01778	0.01624	0.22718	0.00781	0.00946	0.00836	0.00816	0.00604	0.07888	0.0007	0.00013	0.00013	0.0	0.00752	0.04242	0.00836	0.00836	0.00615	0.01192	0.00935	0.02175	0.04413	0.01093	0.01207	0.01273	0.00795	0.0	0.01835	0.01934	0.02637	0.01207	0.02115	0.01047	0.01979	0.00013	0.0	0.01488	0.0	0.01052	0.0	0.0	0.0	0.0	0.00916	0.12357	0.00604	0.00013	0.00604	0.0252	0.02832	0.00652	0.0	0.0	0.01101	0.01618	0.01311	0.0224	0.01736	0.23828	0.00013	0.46527	0.00836	0.00013	0.00836	0.00416	0.01106	0.0191	0.0002	0.00681	0.02795	0.00013	0.05615	0.0265	0.00599	0.0	0.0	0.0	0.0	0.01126	0.01054	0.00013	0.00476	0.02096	0.08722	0.14197	0.00359	0.01575	0.03658	0.09604	0.00607	0.00013	0.00013	0.00615	0.00013	0.01047	0.0	0.00013	0.00797	0.00798	0.00013	0.01534	0.02522	0.01846	0.01225	0.01328	0.01569	0.01944	0.02503	0.01812	0.02542	0.02134	0.01709	0.0	0.0	0.0108	0.02534	0.0165	0.01979	0.00013	0.01022	0.01311	0.01411	0.00796	0.01296	0.01658	0.00353	0.00013	0.00013	0.00836	0.00013	0.00013	0.00013	0.00013	0.25302	0.01507	0.01575	0.01103	0.03387	0.01996	0.05139	0.00901	0.00962	0.00836	0.02037	0.00013	0.01596	0.00936	0.02041	0.02354	0.01088	
0.02058	0.26377	0.01072	0.0088	0.01072	0.00936	0.00913	0.0067	0.01788	0.00132	0.00017	0.00017	0.00752	0.0	0.00993	0.00936	0.00936	0.00683	0.47458	0.01071	0.07677	0.16435	0.13349	0.01385	0.01442	0.00889	0.0	0.02117	0.02237	0.03048	0.30247	0.08985	0.48832	0.02265	0.00017	0.0	0.3702	0.0	0.012	0.0	0.0	0.0	0.0	0.01036	0.01928	0.0067	0.00017	0.0067	0.02894	0.03257	0.00724	0.0	0.0	0.01251	0.01868	0.01487	0.026	0.02024	0.01013	0.00017	0.00548	0.00936	0.00017	0.00936	0.00456	0.38971	0.02214	0.00047	0.00769	0.0322	0.00017	0.01746	0.03074	0.02952	0.0	0.0	0.0	0.0	0.02021	0.01199	0.00017	0.00523	0.07841	0.01305	0.01654	0.67705	0.01794	0.01046	0.02314	0.00678	0.00017	0.00017	0.00683	0.00017	0.48832	0.0	0.00017	0.00891	0.00898	0.00017	0.21141	0.02896	0.0211	0.01401	0.20437	0.01797	0.02243	0.04384	0.09778	0.02958	0.02467	0.01968	0.0	0.0	0.01256	0.02958	0.01902	0.02265	0.00017	0.01151	0.01487	0.22353	0.0089	0.01479	0.01915	0.00387	0.00017	0.00017	0.00936	0.00017	0.00017	0.00017	0.00017	0.00368	0.16684	0.01794	0.35974	0.03904	0.02294	0.06019	0.56307	0.5431	0.00936	0.09501	0.00017	0.01831	0.56441	0.02358	0.02737	0.04359	
0.16182	0.14366	1.12496	0.01042	0.64589	0.99995	0.01081	0.00775	0.09727	0.0	0.0001	0.0001	0.04242	0.00993	0.0	0.99995	0.99995	0.00791	0.53692	1.0008	0.03179	0.02322	0.59545	0.38055	0.32809	0.01056	0.0	0.02629	0.27326	0.03837	0.01655	0.10605	0.01451	0.02791	0.0001	0.0	0.01942	0.0	0.01451	0.0	0.0	0.0	0.0	0.01248	0.05748	0.00775	0.0001	0.00775	0.03597	0.0407	0.00841	0.0	0.0	0.01501	0.02315	0.01793	0.0328	0.1634	0.07633	0.0001	0.12531	0.99995	0.0001	0.99995	0.00526	0.01504	0.0277	0.00028	0.00894	0.0402	0.0001	0.0204	0.03887	0.03717	0.0	0.0	0.0	0.0	0.02507	0.54768	0.0001	0.0061	0.03046	0.02379	0.26252	0.0046	0.02182	0.01241	0.14694	0.00793	0.0001	0.0001	0.00791	0.0001	0.01451	0.0	0.0001	0.01045	0.01066	0.0001	0.02172	0.03596	0.02582	0.45886	0.24807	0.02207	0.02793	0.06257	0.03359	0.08484	0.03065	0.02422	0.0	0.0	0.01497	0.03766	0.02357	0.02791	0.0001	0.01379	0.01793	0.01947	0.01044	0.26	0.02372	0.00442	0.0001	0.0001	0.99995	0.0001	0.0001	0.0001	0.0001	0.00414	0.02107	0.02182	0.01497	0.04921	0.02844	0.03587	0.01205	0.01315	0.99995	0.02932	0.0001	0.02247	0.01277	0.02942	0.03472	0.05329	
0.16177	0.14431	0.64598	0.00994	0.64598	0.99976	0.01024	0.00741	0.09606	0.0	0.0001	0.0001	0.00836	0.00936	0.99995	0.0	0.99976	0.00756	0.53642	1.0005	0.0296	0.02048	0.59537	0.38017	0.32946	0.00994	0.0	0.02468	0.27157	0.03564	0.01552	0.10668	0.01363	0.02616	0.0001	0.0	0.01824	0.0	0.0137	0.0	0.0	0.0	0.0	0.01178	0.02248	0.00741	0.0001	0.00741	0.03358	0.03787	0.00804	0.0	0.0	0.0143	0.02181	0.01698	0.03054	0.16394	0.01151	0.0001	0.00602	0.99976	0.0001	0.99976	0.00496	0.01418	0.02588	0.00027	0.00846	0.03737	0.0001	0.01901	0.03594	0.0346	0.0	0.0	0.0	0.0	0.02363	0.54749	0.0001	0.00571	0.02847	0.01499	0.18079	0.00437	0.0206	0.01179	0.11636	0.00756	0.0001	0.0001	0.00756	0.0001	0.01363	0.0	0.0001	0.00998	0.01014	0.0001	0.02045	0.03361	0.02433	0.45817	0.24898	0.02076	0.02617	0.06164	0.03353	0.08474	0.02867	0.0227	0.0	0.0	0.01409	0.03467	0.02214	0.02616	0.0001	0.01302	0.01698	0.01834	0.00997	0.26112	0.02236	0.00417	0.0001	0.0001	0.99976	0.0001	0.0001	0.0001	0.0001	0.00396	0.01988	0.0206	0.01412	0.0455	0.02663	0.03548	0.01138	0.01244	0.99976	0.02741	0.0001	0.02121	0.01208	0.02755	0.03223	0.05329	
0.16177	0.14431	0.64598	0.00994	0.64598	0.99976	0.01024	0.00741	0.09606	0.0	0.0001	0.0001	0.00836	0.00936	0.99995	0.99976	0.0	0.00756	0.53642	1.0005	0.0296	0.02048	0.59537	0.38017	0.32946	0.00994	0.0	0.02468	0.27157	0.03564	0.01552	0.10668	0.01363	0.02616	0.0001	0.0	0.01824	0.0	0.0137	0.0	0.0	0.0	0.0	0.01178	0.02248	0.00741	0.0001	0.00741	0.03358	0.03787	0.00804	0.0	0.0	0.0143	0.02181	0.01698	0.03054	0.16394	0.01151	0.0001	0.00602	0.99976	0.0001	0.99976	0.00496	0.01418	0.02588	0.00027	0.00846	0.03737	0.0001	0.01901	0.03594	0.0346	0.0	0.0	0.0	0.0	0.02363	0.54749	0.0001	0.00571	0.02847	0.01499	0.18079	0.00437	0.0206	0.01179	0.11636	0.00756	0.0001	0.0001	0.00756	0.0001	0.01363	0.0	0.0001	0.00998	0.01014	0.0001	0.02045	0.03361	0.02433	0.45817	0.24898	0.02076	0.02617	0.06164	0.03353	0.08474	0.02867	0.0227	0.0	0.0	0.01409	0.03467	0.02214	0.02616	0.0001	0.01302	0.01698	0.01834	0.00997	0.26112	0.02236	0.00417	0.0001	0.0001	0.99976	0.0001	0.0001	0.0001	0.0001	0.00396	0.01988	0.0206	0.01412	0.0455	0.02663	0.03548	0.01138	0.01244	0.99976	0.02741	0.0001	0.02121	0.01208	0.02755	0.03223	0.05329	
0.01558	0.08766	0.00845	0.00702	0.00845	0.00756	0.00739	0.00552	0.01358	0.00061	0.00016	0.00016	0.00615	0.00683	0.00791	0.00756	0.00756	0.0	0.01058	0.00842	0.01904	0.01355	0.00972	0.01066	0.01138	0.00721	0.0	0.01613	0.06558	0.05009	0.01081	0.01859	0.00933	0.01753	0.00016	0.0	0.01221	0.0	0.00937	0.0	0.0	0.0	0.0	0.0082	0.01469	0.00552	0.00016	0.00552	0.02223	0.05787	0.00595	0.0	0.0	0.00981	0.01421	0.0117	0.01959	0.09903	0.00802	0.00016	0.00458	0.00756	0.00016	0.00756	0.00385	0.00992	0.01674	0.00018	0.00619	0.02464	0.00016	0.01318	0.02322	0.02233	0.0	0.0	0.0	0.0	0.01534	0.00938	0.00016	0.00441	0.13018	0.01016	0.01269	0.0033	0.014	0.00839	0.01768	0.00551	0.00016	0.00016	0.99968	0.00016	0.00933	0.0	0.00016	0.00723	0.00718	0.00016	0.01353	0.02225	0.1054	0.01086	0.01177	0.01388	0.11863	0.05195	0.08326	0.02217	0.01878	0.0151	0.0	0.0	0.48775	0.02213	0.01452	0.01753	0.00016	0.00919	0.0117	0.01258	0.49265	0.0115	0.01456	0.00329	0.00016	0.00016	0.00756	0.00016	0.00016	0.00016	0.00016	0.00313	0.12299	0.014	0.00989	0.04682	0.0176	0.04462	0.00813	0.00859	0.00756	0.01791	0.00016	0.0141	0.00837	0.01791	0.07128	0.03248	
0.15475	0.37189	0.41997	0.01524	0.41997	0.53642	0.01521	0.01033	0.09632	0.3104	7e-05	7e-05	0.01192	0.47458	0.53692	0.53642	0.53642	0.01058	0.0	0.53603	0.1114	0.14224	0.73118	0.29945	0.57005	0.13112	0.0	0.04556	0.24829	0.05761	0.51154	0.30606	0.60516	0.04158	7e-05	0.0	0.3483	0.0	0.10498	0.0	0.0	0.0	0.0	0.1097	0.09524	0.01033	7e-05	0.01033	0.06082	0.06983	0.01137	0.0	0.0	0.02322	0.04038	0.02752	0.05838	0.14893	0.01828	7e-05	0.00817	0.53642	7e-05	0.53642	0.00662	0.24579	0.0475	0.00037	0.0122	0.06881	7e-05	0.0303	0.0884	0.0672	0.0	0.0	0.0	0.0	0.04419	0.38025	7e-05	0.00778	0.0911	0.10108	0.15426	0.17615	0.03452	0.0179	0.11189	0.01098	7e-05	7e-05	0.01058	7e-05	0.60516	0.0	7e-05	0.01464	0.01553	7e-05	0.17841	0.06082	0.04187	0.34131	0.57933	0.03624	0.06088	0.10685	0.11577	0.11401	0.05299	0.04019	0.0	0.0	0.01918	0.05807	0.09656	0.04158	7e-05	0.05237	0.02752	0.16448	0.01461	0.45223	0.04148	0.00545	7e-05	7e-05	0.53642	7e-05	7e-05	7e-05	7e-05	0.00508	0.13602	0.03452	0.23168	0.08628	0.04808	0.08575	0.31948	0.34788	0.53642	0.09944	7e-05	0.03733	0.35527	0.05187	0.06829	0.09364	
0.16241	0.14342	0.64613	0.01112	0.64613	1.0005	0.01161	0.00825	0.09893	0.0	0.0001	0.0001	0.00935	0.01071	1.0008	1.0005	1.0005	0.00842	0.53603	0.0	0.05054	0.02352	0.59596	0.38135	1.06321	0.24453	0.0	0.02856	0.27575	0.03759	0.04767	0.22154	0.14129	0.03263	0.0001	0.0	0.03894	0.0	0.14458	0.0	0.0	0.0	0.0	0.16438	0.09683	0.00825	0.0001	0.00825	0.03933	0.0447	0.00896	0.0	0.0	0.01604	0.02505	0.01928	0.03989	0.16333	0.01311	0.0001	0.00673	1.0005	0.0001	1.0005	0.00566	0.01624	0.03401	0.00032	0.00962	0.04422	0.0001	0.02236	0.07138	0.04086	0.0	0.0	0.0	0.0	0.02716	0.54824	0.0001	0.00662	0.0333	0.13079	0.17925	0.00494	0.02354	0.01329	0.11511	0.00846	0.0001	0.0001	0.00842	0.0001	0.14129	0.0	0.0001	0.01114	0.0114	0.0001	0.0235	0.03929	0.02794	0.46	0.24746	0.02388	0.05067	0.0661	0.03835	0.10424	0.03349	0.02636	0.0	0.0	0.01341	0.03433	0.10016	0.03263	0.0001	0.07554	0.01928	0.02103	0.01112	0.70279	0.02567	0.00476	0.0001	0.0001	1.0005	0.0001	0.0001	0.0001	0.0001	0.0044	0.02275	0.02354	0.01614	0.05449	0.03096	0.04224	0.01298	0.01413	1.0005	0.032	0.0001	0.02425	0.01372	0.03207	0.0479	0.06729	
0.26103	0.15349	0.04019	0.09665	0.04019	0.0296	0.02499	0.09399	0.14924	0.00188	1e-05	1e-05	0.02175	0.07677	0.03179	0.0296	0.0296	0.01904	0.1114	0.05054	0.0	0.21708	0.11062	0.14269	0.08049	0.15129	0.0	0.17923	0.09054	0.06116	0.13512	0.26703	0.20394	0.28595	1e-05	0.0	0.14722	0.0	0.14998	0.0	0.0	0.0	0.0	0.14753	0.36909	0.09399	1e-05	0.09399	0.11189	0.09954	0.18531	0.0	0.0	0.12034	0.25534	0.20162	0.32463	0.0512	0.03694	1e-05	0.01418	0.0296	1e-05	0.0296	0.01109	0.09733	0.15777	0.00035	0.02211	0.14987	1e-05	0.10708	0.16982	0.10864	0.0	0.0	0.0	0.0	0.1542	0.04827	1e-05	0.01307	0.5249	0.15219	0.05422	0.01293	0.29349	0.03471	0.15032	0.02038	1e-05	1e-05	0.01904	1e-05	0.20394	0.0	1e-05	0.02761	0.03049	1e-05	0.22464	0.16426	0.18513	0.12475	0.07743	0.2738	0.24653	0.20746	0.05907	0.09243	0.08257	0.11202	0.0	0.0	0.05681	0.1561	0.37762	0.28595	1e-05	0.09817	0.20162	0.23263	0.02755	0.08418	0.24579	0.00896	1e-05	1e-05	0.0296	1e-05	1e-05	1e-05	1e-05	0.00844	0.06319	0.29349	0.14633	0.10865	0.14735	0.10862	0.04329	0.23819	0.0296	0.45222	1e-05	0.3532	0.15399	0.24643	0.1206	0.18044	
0.21104	0.13201	0.08292	0.02046	0.02668	0.02048	0.01984	0.01321	0.07671	0.00122	2e-05	2e-05	0.04413	0.16435	0.02322	0.02048	0.02048	0.01355	0.14224	0.02352	0.21708	0.0	0.03852	0.06825	0.03621	0.01906	0.0	0.12036	0.0537	0.01382	0.05722	0.12833	0.14162	0.15871	2e-05	0.0	0.16547	0.0	0.03113	0.0	0.0	0.0	0.0	0.02544	0.21001	0.01321	2e-05	0.01321	0.13561	0.13001	0.13063	0.0	0.0	0.04501	0.1471	0.05922	0.20494	0.06323	0.08247	2e-05	0.08653	0.02048	2e-05	0.02048	0.0081	0.07226	0.12344	0.00023	0.01549	0.08818	2e-05	0.15879	0.1356	0.07664	0.0	0.0	0.0	0.0	0.06465	0.0314	2e-05	0.0095	0.18185	0.03475	0.09073	0.02505	0.20037	0.02374	0.16013	0.01429	2e-05	2e-05	0.01355	2e-05	0.14162	0.0	2e-05	0.0192	0.02077	2e-05	0.08958	0.09591	0.16895	0.03885	0.16605	0.18342	0.15835	0.0883	0.02511	0.11612	0.14735	0.04334	0.0	0.0	0.03112	0.13539	0.16623	0.15871	2e-05	0.02692	0.05922	0.09129	0.01916	0.04038	0.07131	0.0066	2e-05	2e-05	0.02048	2e-05	2e-05	2e-05	2e-05	0.00623	0.06865	0.20037	0.06744	0.06563	0.14556	0.13006	0.10165	0.31407	0.02048	0.14274	2e-05	0.17948	0.14518	0.16987	0.07716	0.13851	
0.15432	0.2204	0.45312	0.31703	0.45312	0.59537	0.01389	0.41297	0.09465	0.39418	4e-05	4e-05	0.01093	0.13349	0.59545	0.59537	0.59537	0.00972	0.73118	0.59596	0.11062	0.03852	0.0	0.31224	0.24799	0.0135	0.0	0.04009	0.2507	0.05971	0.03498	0.13399	0.09981	0.04065	4e-05	0.0	0.09463	0.0	0.02024	0.0	0.0	0.0	0.0	0.01698	0.0365	0.41297	4e-05	0.41297	0.05373	0.06149	0.01044	0.0	0.0	0.02086	0.03549	0.02476	0.05232	0.2708	0.01652	4e-05	0.00754	0.59537	4e-05	0.59537	0.00614	0.46082	0.04314	0.00019	0.0111	0.06056	4e-05	0.02659	0.06106	0.05858	0.0	0.0	0.0	0.0	0.17814	0.40571	4e-05	0.00721	0.04383	0.02258	0.15762	0.00421	0.0309	0.01627	0.11079	0.01004	4e-05	4e-05	0.00972	4e-05	0.09981	0.0	4e-05	0.01337	0.0141	4e-05	0.04913	0.05372	0.0373	0.35956	0.43883	0.03222	0.04276	0.09001	0.04592	0.09713	0.04654	0.03557	0.0	0.0	0.02049	0.06067	0.0357	0.04065	4e-05	0.01835	0.02476	0.03305	0.01334	0.21017	0.1806	0.00506	4e-05	4e-05	0.59537	4e-05	4e-05	4e-05	4e-05	0.00472	0.03324	0.0309	0.04008	0.0756	0.04251	0.07797	0.06193	0.10332	0.59537	0.04136	4e-05	0.22164	0.5463	0.09672	0.08182	0.1065	
0.20526	0.12552	0.32142	0.01599	0.32142	0.38017	0.03688	0.01039	0.15208	0.16232	1e-05	1e-05	0.01207	0.01385	0.38055	0.38017	0.38017	0.01066	0.29945	0.38135	0.14269	0.06825	0.31224	0.0	0.18953	0.01494	0.0	0.05106	0.22559	0.05239	0.02612	0.10589	0.02408	0.04947	1e-05	0.0	0.03477	0.0	0.02414	0.0	0.0	0.0	0.0	0.01983	0.0466	0.01039	1e-05	0.01039	0.05067	0.07594	0.20353	0.0	0.0	0.08502	0.13864	0.02928	0.142	0.13868	0.01926	1e-05	0.00808	0.38017	1e-05	0.38017	0.0968	0.02317	0.05562	0.00018	0.01214	0.05062	1e-05	0.02944	0.07743	0.10319	0.0	0.0	0.0	0.0	0.08268	0.30006	1e-05	0.0075	0.10772	0.02728	0.13914	0.0054	0.03714	0.03164	0.10873	0.01122	1e-05	1e-05	0.01066	1e-05	0.02408	0.0	1e-05	0.01505	0.08886	1e-05	0.04048	0.04858	0.04539	0.2786	0.16917	0.03967	0.05447	0.15443	0.06492	0.10653	0.05457	0.10977	0.0	0.0	0.02712	0.06471	0.09085	0.04947	1e-05	0.021	0.02928	0.03221	0.01502	0.1705	0.06439	0.09999	1e-05	1e-05	0.38017	1e-05	1e-05	1e-05	1e-05	0.00492	0.09338	0.03714	0.02325	0.09954	0.0999	0.10669	0.03998	0.16687	0.38017	0.05692	1e-05	0.04124	0.02058	0.05832	0.07394	0.10865	
0.07968	0.05332	0.26108	0.01596	0.26108	0.32946	0.01599	0.01112	0.04	0.0822	9e-05	9e-05	0.01273	0.01442	0.32809	0.32946	0.32946	0.01138	0.57005	1.06321	0.08049	0.03621	0.24799	0.18953	0.0	0.29922	0.0	0.04454	0.16036	0.01027	0.09298	0.25546	0.21431	0.02127	9e-05	0.0	0.06978	0.0	0.21658	0.0	0.0	0.0	0.0	0.23777	0.15504	0.01112	9e-05	0.01112	0.05958	0.06779	0.01219	0.0	0.0	0.0239	0.03954	0.02821	0.04921	0.06354	0.01883	9e-05	0.00884	0.32946	9e-05	0.32946	0.00714	0.02305	0.03942	0.00041	0.01294	0.06681	9e-05	0.03106	0.11071	0.06407	0.0	0.0	0.0	0.0	0.04311	0.23767	9e-05	0.00827	0.05272	0.20226	0.06319	0.00635	0.03496	0.01874	0.02751	0.01168	9e-05	9e-05	0.01138	9e-05	0.21431	0.0	9e-05	0.01553	0.01624	9e-05	0.03616	0.05963	0.04198	0.2147	0.09019	0.03615	0.08519	0.04684	0.01386	0.11244	0.05164	0.0398	0.0	0.0	0.03512	0.04521	0.15986	0.02127	9e-05	0.14091	0.02821	0.03074	0.01551	0.75561	0.04061	0.00591	9e-05	9e-05	0.32946	9e-05	9e-05	9e-05	9e-05	0.00559	0.03432	0.03496	0.02294	0.08254	0.04727	0.06718	0.01799	0.02062	0.32946	0.0496	9e-05	0.03722	0.01992	0.05027	0.07012	0.10445	
0.02233	0.02029	0.01147	0.00938	0.01147	0.00994	0.0097	0.00707	0.01933	0.00137	0.00017	0.00017	0.00795	0.00889	0.01056	0.00994	0.00994	0.00721	0.13112	0.24453	0.15129	0.01906	0.0135	0.01494	0.29922	0.0	0.0	0.02291	0.02425	0.07277	0.33467	0.30021	0.52052	0.13798	0.00017	0.0	0.21195	0.0	0.53238	0.0	0.0	0.0	0.0	0.6319	0.28622	0.00707	0.00017	0.00707	0.03125	0.0352	0.00766	0.0	0.0	0.01341	0.02023	0.01593	0.10666	0.02189	0.01083	0.00017	0.00577	0.00994	0.00017	0.00994	0.00479	0.01342	0.11291	0.00048	0.00814	0.03478	0.00017	0.0186	0.20273	0.03203	0.0	0.0	0.0	0.0	0.0219	0.01287	0.00017	0.00549	0.02635	0.46744	0.01786	0.00446	0.01927	0.01114	0.02502	0.00719	0.00017	0.00017	0.00721	0.00017	0.52052	0.0	0.00017	0.00947	0.00957	0.00017	0.01903	0.03127	0.02271	0.01507	0.01636	0.01936	0.18489	0.06105	0.12106	0.11124	0.02668	0.02122	0.0	0.0	0.16209	0.05901	0.30102	0.13798	0.00017	0.47331	0.01593	0.01719	0.00945	0.23715	0.02074	0.00405	0.00017	0.00017	0.00994	0.00017	0.00017	0.00017	0.00017	0.00385	0.01856	0.01927	0.0133	0.04224	0.02477	0.03277	0.01076	0.01169	0.00994	0.02544	0.00017	0.01976	0.01135	0.02555	0.12341	0.0491	
0.0	0.0	0.0	0.0	0.0	0.0	0.0	0.0	0.0	0.0	0.0	0.0	0.0	0.0	0.0	0.0	0.0	0.0	0.0	0.0	0.0	0.0	0.0	0.0	0.0	0.0	0.0	0.0	0.0	0.0	0.0	0.0	0.0	0.0	0.0	0.0	0.0	0.0	0.0	0.0	0.0	0.0	0.0	0.0	0.0	0.0	0.0	0.0	0.0	0.0	0.0	0.0	0.0	0.0	0.0	0.0	0.0	0.0	0.0	0.0	0.0	0.0	0.0	0.0	0.0	0.0	0.0	0.0	0.0	0.0	0.0	0.0	0.0	0.0	0.0	0.0	0.0	0.0	0.0	0.0	0.0	0.0	0.0	0.0	0.0	0.0	0.0	0.0	0.0	0.0	0.0	0.0	0.0	0.0	0.0	0.0	0.0	0.0	0.0	0.0	0.0	0.0	0.0	0.0	0.0	0.0	0.0	0.0	0.0	0.0	0.0	0.0	0.0	0.0	0.0	0.0	0.0	0.0	0.0	0.0	0.0	0.0	0.0	0.0	0.0	0.0	0.0	0.0	0.0	0.0	0.0	0.0	0.0	0.0	0.0	0.0	0.0	0.0	0.0	0.0	0.0	0.0	0.0	0.0	0.0	0.0	0.0	0.0	0.0	0.0	
0.23246	0.10223	0.0327	0.02484	0.0327	0.02468	0.05602	0.01572	0.15248	0.0014	2e-05	2e-05	0.01835	0.02117	0.02629	0.02468	0.02468	0.01613	0.04556	0.02856	0.17923	0.12036	0.04009	0.05106	0.04454	0.02291	0.0	0.0	0.20093	0.16417	0.04118	0.04633	0.0383	0.21788	2e-05	0.0	0.04117	0.0	0.1145	0.0	0.0	0.0	0.0	0.03113	0.31321	0.01572	2e-05	0.01572	0.2219	0.41746	0.01746	0.0	0.0	0.05061	0.12317	0.22345	0.2237	0.06608	0.0301	2e-05	0.01212	0.02468	2e-05	0.02468	0.00954	0.03545	0.29038	0.00308	0.01944	0.17499	2e-05	0.24157	0.56039	0.27026	0.0	0.0	0.0	0.0	0.05837	0.11445	2e-05	0.06229	0.17943	0.04376	0.09831	0.00809	0.41369	0.02874	0.18867	0.01712	2e-05	2e-05	0.01613	2e-05	0.0383	0.0	2e-05	0.02308	0.11455	2e-05	0.36022	0.14041	0.25387	0.21431	0.11082	0.44892	0.25007	0.10154	0.00441	0.22828	0.23964	0.05816	0.0	0.0	0.03863	0.33951	0.32154	0.21788	2e-05	0.03273	0.22345	0.03682	0.02304	0.08324	0.12646	0.00775	2e-05	2e-05	0.02468	2e-05	2e-05	2e-05	2e-05	0.0073	0.03065	0.41369	0.04648	0.12694	0.24524	0.12384	0.02739	0.0338	0.02468	0.19617	2e-05	0.358	0.03241	0.5739	0.15983	0.15631	
0.21706	0.1625	0.24935	0.0265	0.24935	0.27157	0.02812	0.01652	0.08377	0.09866	1e-05	1e-05	0.01934	0.02237	0.27326	0.27157	0.27157	0.06558	0.24829	0.27575	0.09054	0.0537	0.2507	0.22559	0.16036	0.02425	0.0	0.20093	0.0	0.04718	0.04425	0.09669	0.04142	0.07575	1e-05	0.0	0.06213	0.0	0.04161	0.0	0.0	0.0	0.0	0.03341	0.11339	0.01652	1e-05	0.01652	0.12576	0.10161	0.01838	0.0	0.0	0.09664	0.04252	0.06298	0.10706	0.11506	0.03238	1e-05	0.01268	0.27157	1e-05	0.27157	0.00994	0.03902	0.07203	0.00022	0.07121	0.11706	1e-05	0.1299	0.09896	0.13813	0.0	0.0	0.0	0.0	0.06939	0.24306	1e-05	0.0117	0.15184	0.04266	0.22358	0.0084	0.11919	0.0306	0.17463	0.01809	1e-05	1e-05	0.06558	1e-05	0.04142	0.0	1e-05	0.04709	0.02686	1e-05	0.19905	0.12651	0.20047	0.36897	0.15695	0.11529	0.11374	0.13448	0.03477	0.19477	0.08884	0.04502	0.0	0.0	0.132	0.12235	0.11348	0.07575	1e-05	0.03496	0.06298	0.01655	0.09198	0.15433	0.04085	0.00805	1e-05	1e-05	0.27157	1e-05	1e-05	1e-05	1e-05	0.00758	0.02215	0.11919	0.0203	0.2067	0.07571	0.05355	0.02912	0.0364	0.27157	0.11321	1e-05	0.11511	0.03485	0.12501	0.10492	0.13854	
0.06509	0.12231	0.04761	0.03592	0.04761	0.03564	0.03447	0.02255	0.21814	0.00223	2e-05	2e-05	0.02637	0.03048	0.03837	0.03564	0.03564	0.05009	0.05761	0.03759	0.06116	0.01382	0.05971	0.05239	0.01027	0.07277	0.0	0.16417	0.04718	0.0	0.0124	0.07092	0.08386	0.05719	2e-05	0.0	0.08565	0.0	0.29042	0.0	0.0	0.0	0.0	0.07756	0.07811	0.02255	2e-05	0.02255	0.04672	0.09993	0.05444	0.0	0.0	0.18899	0.14089	0.03862	0.11329	0.05759	0.01835	2e-05	0.01734	0.03564	2e-05	0.03564	0.01361	0.04937	0.22273	0.00098	0.0252	0.08313	2e-05	0.03932	0.10572	0.09435	0.0	0.0	0.0	0.0	0.16012	0.23502	2e-05	0.03416	0.03561	0.08915	0.09397	0.01186	0.01942	0.04165	0.01337	0.02461	2e-05	2e-05	0.05009	2e-05	0.08386	0.0	2e-05	0.03329	0.24173	2e-05	0.01039	0.02054	0.04283	0.03536	0.09289	0.04441	0.11123	0.09301	0.13076	0.2221	0.09846	0.04139	0.0	0.0	0.0737	0.09416	0.07677	0.05719	2e-05	0.02354	0.03862	0.02913	0.01651	0.03543	0.16746	0.01104	2e-05	2e-05	0.03564	2e-05	2e-05	2e-05	2e-05	0.01039	0.02352	0.01942	0.00729	0.05307	0.0276	0.13223	0.03964	0.06975	0.03564	0.0381	2e-05	0.03156	0.04718	0.09042	0.14906	0.15807	
0.04085	0.1466	0.01887	0.01502	0.01887	0.01552	0.0151	0.01057	0.03433	0.00172	0.00015	0.00015	0.01207	0.30247	0.01655	0.01552	0.01552	0.01081	0.51154	0.04767	0.13512	0.05722	0.03498	0.02612	0.09298	0.33467	0.0	0.04118	0.04425	0.0124	0.0	0.24963	0.8141	0.02745	0.00015	0.0	0.40538	0.0	0.23617	0.0	0.0	0.0	0.0	0.26125	0.16324	0.01057	0.00015	0.01057	0.05519	0.06271	0.01157	0.0	0.0	0.02235	0.03654	0.02639	0.05142	0.03916	0.01767	0.00015	0.00843	0.01552	0.00015	0.01552	0.00683	0.11464	0.04311	0.00055	0.01233	0.06185	0.00015	0.02965	0.11506	0.05898	0.0	0.0	0.0	0.0	0.0398	0.02158	0.00015	0.00791	0.02395	0.21909	0.03147	0.04829	0.03261	0.01765	0.0447	0.01106	0.00015	0.00015	0.01081	0.00015	0.8141	0.0	0.00015	0.01468	0.01529	0.00015	0.09042	0.05524	0.03906	0.02583	0.06644	0.0336	0.09073	0.06973	0.13816	0.06555	0.04779	0.03701	0.0	0.0	0.03738	0.04168	0.16874	0.02745	0.00015	0.15984	0.02639	0.05532	0.01465	0.0814	0.03751	0.00568	0.00015	0.00015	0.01552	0.00015	0.00015	0.00015	0.00015	0.00538	0.04142	0.03261	0.10512	0.07618	0.0438	0.02178	0.17371	0.22092	0.01552	0.02274	0.00015	0.03456	0.22564	0.04639	0.07192	0.02233	
0.20994	0.08569	0.10374	0.0286	0.10374	0.10668	0.02418	0.01812	0.04863	0.01067	5e-05	5e-05	0.02115	0.08985	0.10605	0.10668	0.10668	0.01859	0.30606	0.22154	0.26703	0.12833	0.13399	0.10589	0.25546	0.30021	0.0	0.04633	0.09669	0.07092	0.24963	0.0	0.34079	0.17557	5e-05	0.0	0.23683	0.0	0.26284	0.0	0.0	0.0	0.0	0.27011	0.274	0.01812	5e-05	0.01812	0.03437	0.02951	0.02012	0.0	0.0	0.04583	0.13718	0.05326	0.15075	0.02439	0.03477	5e-05	0.01398	0.10668	5e-05	0.10668	0.011	0.0268	0.12806	0.00047	0.02154	0.03178	5e-05	0.05108	0.15269	0.025	0.0	0.0	0.0	0.0	0.04915	0.10507	5e-05	0.01292	0.16563	0.25622	0.21935	0.0135	0.10329	0.03313	0.20306	0.01972	5e-05	5e-05	0.01859	5e-05	0.34079	0.0	5e-05	0.0266	0.02901	5e-05	0.07362	0.03433	0.06744	0.10052	0.28325	0.10004	0.18935	0.15528	0.07533	0.2036	0.03122	0.03512	0.0	0.0	0.10691	0.14789	0.28061	0.17557	5e-05	0.20463	0.05326	0.07036	0.02655	0.23376	0.06369	0.00894	5e-05	5e-05	0.10668	5e-05	5e-05	5e-05	5e-05	0.00843	0.05675	0.10329	0.02408	0.02756	0.05411	0.07749	0.04548	0.09077	0.10668	0.17845	5e-05	0.10005	0.09022	0.11069	0.09947	0.05118	
0.03835	0.22655	0.01693	0.01333	0.01693	0.01363	0.01324	0.00912	0.03169	0.00137	0.0001	0.0001	0.01047	0.48832	0.01451	0.01363	0.01363	0.00933	0.60516	0.14129	0.20394	0.14162	0.09981	0.02408	0.21431	0.52052	0.0	0.0383	0.04142	0.08386	0.8141	0.34079	0.0	0.12126	0.0001	0.0	0.52782	0.0	0.36505	0.0	0.0	0.0	0.0	0.40437	0.24536	0.00912	0.0001	0.00912	0.05065	0.05763	0.01002	0.0	0.0	0.02017	0.03413	0.02372	0.11296	0.03636	0.0158	0.0001	0.00721	0.01363	0.0001	0.01363	0.00579	0.25146	0.11167	0.00043	0.01066	0.0567	0.0001	0.02555	0.19304	0.05516	0.0	0.0	0.0	0.0	0.03724	0.01953	0.0001	0.00674	0.08713	0.33663	0.02908	0.18055	0.02954	0.01559	0.0414	0.00965	0.0001	0.0001	0.00933	0.0001	0.99995	0.0	0.0001	0.01285	0.01356	0.0001	0.17737	0.05069	0.03558	0.02359	0.16253	0.0308	0.16833	0.09995	0.19771	0.12267	0.04416	0.03389	0.0	0.0	0.11387	0.07897	0.25416	0.12126	0.0001	0.30331	0.02372	0.16669	0.01283	0.18435	0.03505	0.00478	0.0001	0.0001	0.01363	0.0001	0.0001	0.0001	0.0001	0.00452	0.13673	0.02954	0.2368	0.07008	0.04038	0.07912	0.32796	0.35337	0.01363	0.0965	0.0001	0.03179	0.36129	0.04329	0.1306	0.07947	
0.20903	0.10539	0.0334	0.02587	0.0334	0.02616	0.03152	0.0171	0.02521	0.00181	5e-05	5e-05	0.01979	0.02265	0.02791	0.02616	0.02616	0.01753	0.04158	0.03263	0.28595	0.15871	0.04065	0.04947	0.02127	0.13798	0.0	0.21788	0.07575	0.05719	0.02745	0.17557	0.12126	0.0	5e-05	0.0	0.13937	0.0	0.12148	0.0	0.0	0.0	0.0	0.12463	0.67165	0.0171	5e-05	0.0171	0.11704	0.08843	0.01888	0.0	0.0	0.04019	0.14653	0.32451	0.30517	0.03848	0.03101	5e-05	0.01336	0.02616	5e-05	0.02616	0.01062	0.03783	0.39554	0.00038	0.02009	0.10117	5e-05	0.17485	0.26952	0.05056	0.0	0.0	0.0	0.0	0.03177	0.03902	5e-05	0.0124	0.16242	0.12037	0.04479	0.00925	0.47714	0.03018	0.17678	0.01832	5e-05	5e-05	0.01753	5e-05	0.12126	0.0	5e-05	0.02457	0.02628	5e-05	0.23453	0.11685	0.26206	0.16428	0.10213	0.4088	0.42958	0.0712	0.10294	0.17579	0.0721	0.03327	0.0	0.0	0.03356	0.2779	0.70639	0.99989	5e-05	0.05195	0.32451	0.0659	0.02452	0.02553	0.15438	0.0087	5e-05	5e-05	0.02616	5e-05	5e-05	5e-05	5e-05	0.00821	0.00541	0.47714	0.01384	0.05732	0.17974	0.13214	0.02884	0.03437	0.02616	0.18439	5e-05	0.39132	0.03307	0.32153	0.05554	0.04395	
1e-05	2e-05	4e-05	6e-05	4e-05	0.0001	0.00011	0.00016	1e-05	0.0	0.0	0.0	0.00013	0.00017	0.0001	0.0001	0.0001	0.00016	7e-05	0.0001	1e-05	2e-05	4e-05	1e-05	9e-05	0.00017	0.0	2e-05	1e-05	2e-05	0.00015	5e-05	0.0001	5e-05	0.0	0.0	6e-05	0.0	7e-05	0.0	0.0	0.0	0.0	8e-05	2e-05	0.00016	0.0	0.00016	4e-05	4e-05	0.00015	0.0	0.0	5e-05	1e-05	6e-05	1e-05	3e-05	7e-05	0.0	0.00018	0.0001	0.0	0.0001	0.00027	9e-05	1e-05	0.0	0.00014	4e-05	0.0	0.00014	2e-05	2e-05	0.0	0.0	0.0	0.0	2e-05	4e-05	0.0	0.00042	1e-05	6e-05	1e-05	0.00032	5e-05	9e-05	2e-05	8e-05	0.0	0.0	0.00016	0.0	0.0001	0.0	0.0	0.00012	7e-05	0.0	2e-05	4e-05	5e-05	3e-05	4e-05	7e-05	2e-05	0.0	5e-05	1e-05	2e-05	7e-05	0.0	0.0	5e-05	1e-05	3e-05	5e-05	0.0	0.0001	6e-05	7e-05	0.00012	5e-05	1e-05	0.00031	0.0	0.0	0.0001	0.0	0.0	0.0	0.0	0.00029	3e-05	5e-05	9e-05	4e-05	3e-05	1e-05	0.00011	7e-05	0.0001	2e-05	0.0	3e-05	8e-05	1e-05	1e-05	1e-05	
0.0	0.0	0.0	0.0	0.0	0.0	0.0	0.0	0.0	0.0	0.0	0.0	0.0	0.0	0.0	0.0	0.0	0.0	0.0	0.0	0.0	0.0	0.0	0.0	0.0	0.0	0.0	0.0	0.0	0.0	0.0	0.0	0.0	0.0	0.0	0.0	0.0	0.0	0.0	0.0	0.0	0.0	0.0	0.0	0.0	0.0	0.0	0.0	0.0	0.0	0.0	0.0	0.0	0.0	0.0	0.0	0.0	0.0	0.0	0.0	0.0	0.0	0.0	0.0	0.0	0.0	0.0	0.0	0.0	0.0	0.0	0.0	0.0	0.0	0.0	0.0	0.0	0.0	0.0	0.0	0.0	0.0	0.0	0.0	0.0	0.0	0.0	0.0	0.0	0.0	0.0	0.0	0.0	0.0	0.0	0.0	0.0	0.0	0.0	0.0	0.0	0.0	0.0	0.0	0.0	0.0	0.0	0.0	0.0	0.0	0.0	0.0	0.0	0.0	0.0	0.0	0.0	0.0	0.0	0.0	0.0	0.0	0.0	0.0	0.0	0.0	0.0	0.0	0.0	0.0	0.0	0.0	0.0	0.0	0.0	0.0	0.0	0.0	0.0	0.0	0.0	0.0	0.0	0.0	0.0	0.0	0.0	0.0	0.0	0.0	
0.04928	0.21938	0.0234	0.01811	0.0234	0.01824	0.01769	0.01191	0.07008	0.00142	6e-05	6e-05	0.01488	0.3702	0.01942	0.01824	0.01824	0.01221	0.3483	0.03894	0.14722	0.16547	0.09463	0.03477	0.06978	0.21195	0.0	0.04117	0.06213	0.08565	0.40538	0.23683	0.52782	0.13937	6e-05	0.0	0.0	0.0	0.1735	0.0	0.0	0.0	0.0	0.18331	0.17135	0.01191	6e-05	0.01191	0.02004	0.02258	0.01316	0.0	0.0	0.02814	0.0636	0.03399	0.07034	0.03425	0.02173	6e-05	0.00929	0.01824	6e-05	0.01824	0.00739	0.20997	0.14887	0.00037	0.01399	0.02221	6e-05	0.0273	0.10844	0.04675	0.0	0.0	0.0	0.0	0.03311	0.02736	6e-05	0.00863	0.08072	0.16693	0.0423	0.12659	0.02428	0.00856	0.02448	0.01279	6e-05	6e-05	0.01221	6e-05	0.52782	0.0	6e-05	0.01713	0.01839	6e-05	0.17016	0.02005	0.01991	0.03357	0.26634	0.02662	0.10443	0.08302	0.19974	0.18693	0.02574	0.02654	0.0	0.0	0.03606	0.10814	0.17591	0.13937	6e-05	0.11046	0.03399	0.18574	0.0171	0.06608	0.06118	0.00604	6e-05	6e-05	0.01824	6e-05	6e-05	6e-05	6e-05	0.0586	0.14436	0.02428	0.1992	0.02886	0.02145	0.07467	0.26214	0.29429	0.01824	0.08655	6e-05	0.02794	0.29885	0.04144	0.08541	0.0861	
0.0	0.0	0.0	0.0	0.0	0.0	0.0	0.0	0.0	0.0	0.0	0.0	0.0	0.0	0.0	0.0	0.0	0.0	0.0	0.0	0.0	0.0	0.0	0.0	0.0	0.0	0.0	0.0	0.0	0.0	0.0	0.0	0.0	0.0	0.0	0.0	0.0	0.0	0.0	0.0	0.0	0.0	0.0	0.0	0.0	0.0	0.0	0.0	0.0	0.0	0.0	0.0	0.0	0.0	0.0	0.0	0.0	0.0	0.0	0.0	0.0	0.0	0.0	0.0	0.0	0.0	0.0	0.0	0.0	0.0	0.0	0.0	0.0	0.0	0.0	0.0	0.0	0.0	0.0	0.0	0.0	0.0	0.0	0.0	0.0	0.0	0.0	0.0	0.0	0.0	0.0	0.0	0.0	0.0	0.0	0.0	0.0	0.0	0.0	0.0	0.0	0.0	0.0	0.0	0.0	0.0	0.0	0.0	0.0	0.0	0.0	0.0	0.0	0.0	0.0	0.0	0.0	0.0	0.0	0.0	0.0	0.0	0.0	0.0	0.0	0.0	0.0	0.0	0.0	0.0	0.0	0.0	0.0	0.0	0.0	0.0	0.0	0.0	0.0	0.0	0.0	0.0	0.0	0.0	0.0	0.0	0.0	0.0	0.0	0.0	
