0.0	0.01269	0.0283	0.00018	0.00018	0.00018	0.00018	0.00841	0.00018	0.00018	0.00018	0.00018	0.00952	0.00018	0.00018	0.00018	0.00018	0.00018	0.20828	0.00783	0.01209	0.00018	0.0	0.02375	0.00939	0.00956	0.00018	0.01297	0.02183	0.0	0.0	0.0	0.15791	0.19094	0.07738	0.06446	0.0132	0.10636	0.01128	0.00018	0.03045	0.03106	0.01262	0.00952	0.99961	0.00057	0.01139	0.01178	0.01158	0.00886	0.00018	0.00018	0.00952	0.00018	0.00018	0.00018	0.00018	0.00018	0.00018	0.00841	0.00018	0.00762	0.00018	0.00018	0.0283	0.01788	0.00018	0.04428	0.00018	0.07611	0.01889	0.00043	0.0241	0.3627	0.01445	0.00018	0.00018	0.00018	0.01527	0.00018	0.02338	0.05281	0.03791	0.00916	0.00018	0.00916	0.00952	0.00916	0.00018	0.00952	0.00916	0.01243	0.01077	0.01399	0.08364	0.00841	0.00716	0.00018	0.01324	0.0	0.01867	0.01949	0.00962	0.1236	0.01105	0.0	0.06427	0.01739	0.0	0.02213	0.00018	0.00841	0.02716	0.0144	0.05151	0.01077	0.00952	0.00916	0.00018	0.00018	0.01077	0.00018	0.01421	0.32185	0.00763	0.01553	0.02723	0.03717	0.01902	0.14476	0.00952	0.016	0.00018	0.00018	0.00018	0.0064	0.00018	0.00018	0.00018	0.01156	0.02383	
0.01269	0.0	0.05385	0.00019	0.00019	0.00019	0.00019	0.01381	0.00019	0.00019	0.00019	0.00019	0.01582	0.00019	0.00019	0.00019	0.00019	0.00019	0.02571	0.01272	0.02095	0.00019	0.0	0.02559	0.01568	0.01667	0.00019	0.02271	0.02756	0.0	0.0	0.0	0.09268	0.04882	0.04423	0.04639	0.02301	0.04431	0.01922	0.00019	0.15383	0.05962	0.02198	0.01582	0.01269	0.00148	0.01956	0.02034	0.06515	0.01465	0.00019	0.00019	0.01582	0.00019	0.00019	0.00019	0.00019	0.00019	0.00019	0.01381	0.00019	0.01232	0.00019	0.00019	0.05385	0.03497	0.00019	0.16103	0.00019	0.1596	0.03584	0.00117	0.04724	0.02779	0.02674	0.00019	0.00019	0.00019	0.0286	0.00019	0.03728	0.06094	0.05524	0.40551	0.00019	0.40551	0.01582	0.40551	0.00019	0.01582	0.40551	0.02155	0.06379	0.0428	0.09114	0.01381	0.0114	0.00019	0.14883	0.0	0.03668	0.06197	0.01672	0.03365	0.01973	0.0	0.08254	0.0332	0.0	0.06402	0.00019	0.01381	0.05554	0.045	0.06174	0.06379	0.01582	0.40551	0.00019	0.00019	0.30146	0.00019	0.12606	0.02136	0.01224	0.02901	0.05508	0.02039	0.32488	0.03191	0.01582	0.11994	0.00019	0.00019	0.00019	0.0101	0.00019	0.00019	0.00019	0.1428	0.01651	
0.0283	0.05385	0.0	0.00016	0.00016	0.00016	0.00016	0.09239	0.00016	0.00016	0.00016	0.00016	0.03638	0.00016	0.00016	0.00016	0.00016	0.00016	0.02564	0.0834	0.0225	0.00016	0.0	0.0128	0.03615	0.08193	0.00016	0.05578	0.04864	0.0	0.0	0.0	1.06974	0.49386	0.08922	0.10951	0.05642	0.00514	0.04566	0.00016	0.00031	0.03773	0.1705	0.03638	0.0283	0.00605	0.02193	0.02567	0.01225	0.09957	0.00016	0.00016	0.03638	0.00016	0.00016	0.00016	0.00016	0.00016	0.00016	0.09239	0.00016	0.08009	0.00016	0.00016	1.00006	0.10769	0.00016	0.28428	0.00016	0.03069	0.01589	0.00204	0.49513	0.17169	0.078	0.00016	0.00016	0.00016	0.14465	0.00016	0.00719	0.26443	0.02285	0.03482	0.00016	0.03482	0.03638	0.03482	0.00016	0.03638	0.03482	0.05231	0.04421	0.07278	0.12103	0.09239	0.02497	0.00016	0.00318	0.0	0.05371	0.11374	0.08197	0.03545	0.0494	0.0	0.06991	0.16512	0.0	0.13584	0.00016	0.09239	0.19493	0.159	0.14784	0.04421	0.03638	0.03482	0.00016	0.00016	0.04722	0.00016	0.00839	0.00803	0.02704	0.06425	0.01726	0.08087	0.05085	0.01781	0.03638	0.14046	0.00016	0.00016	0.00016	0.02183	0.00016	0.00016	0.00016	0.05558	0.07645	
0.00018	0.00019	0.00016	0.0	0.0	0.0	0.0	0.00017	0.0	0.0	0.0	0.0	0.00031	0.0	0.0	0.0	0.0	0.0	4e-05	0.00018	0.0001	0.0	0.0	3e-05	0.00013	7e-05	0.0	0.0001	3e-05	0.0	0.0	0.0	0.00033	8e-05	1e-05	4e-05	0.00031	6e-05	0.0003	0.0	6e-05	6e-05	0.00012	0.00031	0.00018	0.0	0.00012	0.00011	0.00015	0.00017	0.0	0.0	0.00031	0.0	0.0	0.0	0.0	0.0	0.0	0.00017	0.0	0.00019	0.0	0.0	0.00016	1e-05	0.0	0.00017	0.0	4e-05	3e-05	0.0	4e-05	5e-05	0.00012	0.0	0.0	0.0	0.0001	0.0	0.00013	5e-05	3e-05	0.00022	0.0	0.00022	0.00031	0.00022	0.0	0.00031	0.00022	0.00022	0.00034	0.00016	0.00018	0.00017	0.00033	0.0	0.00016	0.0	0.0001	0.00011	0.00017	1e-05	5e-05	0.0	2e-05	6e-05	0.0	0.00012	0.0	0.00017	0.0001	0.0002	0.00023	0.00034	0.00031	0.00022	0.0	0.0	0.00015	0.0	0.00015	0.0001	0.00038	6e-05	8e-05	5e-05	0.00018	0.0001	0.00031	6e-05	0.0	0.0	0.0	0.00021	0.0	0.0	0.0	0.00013	7e-05	
0.00018	0.00019	0.00016	0.0	0.0	0.0	0.0	0.00017	0.0	0.0	0.0	0.0	0.00031	0.0	0.0	0.0	0.0	0.0	4e-05	0.00018	0.0001	0.0	0.0	3e-05	0.00013	7e-05	0.0	0.0001	3e-05	0.0	0.0	0.0	0.00033	8e-05	1e-05	4e-05	0.00031	6e-05	0.0003	0.0	6e-05	6e-05	0.00012	0.00031	0.00018	0.0	0.00012	0.00011	0.00015	0.00017	0.0	0.0	0.00031	0.0	0.0	0.0	0.0	0.0	0.0	0.00017	0.0	0.00019	0.0	0.0	0.00016	1e-05	0.0	0.00017	0.0	4e-05	3e-05	0.0	4e-05	5e-05	0.00012	0.0	0.0	0.0	0.0001	0.0	0.00013	5e-05	3e-05	0.00022	0.0	0.00022	0.00031	0.00022	0.0	0.00031	0.00022	0.00022	0.00034	0.00016	0.00018	0.00017	0.00033	0.0	0.00016	0.0	0.0001	0.00011	0.00017	1e-05	5e-05	0.0	2e-05	6e-05	0.0	0.00012	0.0	0.00017	0.0001	0.0002	0.00023	0.00034	0.00031	0.00022	0.0	0.0	0.00015	0.0	0.00015	0.0001	0.00038	6e-05	8e-05	5e-05	0.00018	0.0001	0.00031	6e-05	0.0	0.0	0.0	0.00021	0.0	0.0	0.0	0.00013	7e-05	
0.00018	0.00019	0.00016	0.0	0.0	0.0	0.0	0.00017	0.0	0.0	0.0	0.0	0.00031	0.0	0.0	0.0	0.0	0.0	4e-05	0.00018	0.0001	0.0	0.0	3e-05	0.00013	7e-05	0.0	0.0001	3e-05	0.0	0.0	0.0	0.00033	8e-05	1e-05	4e-05	0.00031	6e-05	0.0003	0.0	6e-05	6e-05	0.00012	0.00031	0.00018	0.0	0.00012	0.00011	0.00015	0.00017	0.0	0.0	0.00031	0.0	0.0	0.0	0.0	0.0	0.0	0.00017	0.0	0.00019	0.0	0.0	0.00016	1e-05	0.0	0.00017	0.0	4e-05	3e-05	0.0	4e-05	5e-05	0.00012	0.0	0.0	0.0	0.0001	0.0	0.00013	5e-05	3e-05	0.00022	0.0	0.00022	0.00031	0.00022	0.0	0.00031	0.00022	0.00022	0.00034	0.00016	0.00018	0.00017	0.00033	0.0	0.00016	0.0	0.0001	0.00011	0.00017	1e-05	5e-05	0.0	2e-05	6e-05	0.0	0.00012	0.0	0.00017	0.0001	0.0002	0.00023	0.00034	0.00031	0.00022	0.0	0.0	0.00015	0.0	0.00015	0.0001	0.00038	6e-05	8e-05	5e-05	0.00018	0.0001	0.00031	6e-05	0.0	0.0	0.0	0.00021	0.0	0.0	0.0	0.00013	7e-05	
0.00018	0.00019	0.00016	0.0	0.0	0.0	0.0	0.00017	0.0	0.0	0.0	0.0	0.00031	0.0	0.0	0.0	0.0	0.0	4e-05	0.00018	0.0001	0.0	0.0	3e-05	0.00013	7e-05	0.0	0.0001	3e-05	0.0	0.0	0.0	0.00033	8e-05	1e-05	4e-05	0.00031	6e-05	0.0003	0.0	6e-05	6e-05	0.00012	0.00031	0.00018	0.0	0.00012	0.00011	0.00015	0.00017	0.0	0.0	0.00031	0.0	0.0	0.0	0.0	0.0	0.0	0.00017	0.0	0.00019	0.0	0.0	0.00016	1e-05	0.0	0.00017	0.0	4e-05	3e-05	0.0	4e-05	5e-05	0.00012	0.0	0.0	0.0	0.0001	0.0	0.00013	5e-05	3e-05	0.00022	0.0	0.00022	0.00031	0.00022	0.0	0.00031	0.00022	0.00022	0.00034	0.00016	0.00018	0.00017	0.00033	0.0	0.00016	0.0	0.0001	0.00011	0.00017	1e-05	5e-05	0.0	2e-05	6e-05	0.0	0.00012	0.0	0.00017	0.0001	0.0002	0.00023	0.00034	0.00031	0.00022	0.0	0.0	0.00015	0.0	0.00015	0.0001	0.00038	6e-05	8e-05	5e-05	0.00018	0.0001	0.00031	6e-05	0.0	0.0	0.0	0.00021	0.0	0.0	0.0	0.00013	7e-05	
0.00841	0.01381	0.09239	0.00017	0.00017	0.00017	0.00017	0.0	0.00017	0.00017	0.00017	0.00017	0.01028	0.00017	0.00017	0.00017	0.00017	0.00017	0.01534	0.00844	0.01315	0.00017	0.0	0.02637	0.01015	0.01041	0.00017	0.01414	0.02417	0.0	0.0	0.0	0.1733	0.07997	0.08695	0.07199	0.01437	0.02599	0.01224	0.00017	0.0336	0.03429	0.34928	0.01028	0.00841	0.0	0.43127	0.01281	0.01258	0.00957	0.00017	0.00017	0.01028	0.00017	0.00017	0.00017	0.00017	0.00017	0.00017	0.99965	0.00017	0.00819	0.00017	0.00017	0.09239	0.0198	0.00017	0.04082	0.00017	0.04444	0.02083	0.00077	0.12383	0.21002	0.01587	0.00017	0.00017	0.00017	0.01681	0.00017	0.12067	0.05893	0.05322	0.0099	0.00017	0.0099	0.01028	0.0099	0.00017	0.01028	0.0099	0.01352	0.01186	0.01551	0.03605	0.99965	0.00768	0.00017	0.01442	0.0	0.02069	0.02158	0.01047	0.01918	0.01208	0.0	0.07196	0.01934	0.0	0.34323	0.00017	0.99965	0.11539	0.01604	0.08133	0.01186	0.01028	0.0099	0.00017	0.00017	0.01175	0.00017	0.01551	0.01338	0.0082	0.01709	0.07288	0.04149	0.02104	0.16297	0.01028	0.01768	0.00017	0.00017	0.00017	0.00685	0.00017	0.00017	0.00017	0.01269	0.02644	
0.00018	0.00019	0.00016	0.0	0.0	0.0	0.0	0.00017	0.0	0.0	0.0	0.0	0.00031	0.0	0.0	0.0	0.0	0.0	4e-05	0.00018	0.0001	0.0	0.0	3e-05	0.00013	7e-05	0.0	0.0001	3e-05	0.0	0.0	0.0	0.00033	8e-05	1e-05	4e-05	0.00031	6e-05	0.0003	0.0	6e-05	6e-05	0.00012	0.00031	0.00018	0.0	0.00012	0.00011	0.00015	0.00017	0.0	0.0	0.00031	0.0	0.0	0.0	0.0	0.0	0.0	0.00017	0.0	0.00019	0.0	0.0	0.00016	1e-05	0.0	0.00017	0.0	4e-05	3e-05	0.0	4e-05	5e-05	0.00012	0.0	0.0	0.0	0.0001	0.0	0.00013	5e-05	3e-05	0.00022	0.0	0.00022	0.00031	0.00022	0.0	0.00031	0.00022	0.00022	0.00034	0.00016	0.00018	0.00017	0.00033	0.0	0.00016	0.0	0.0001	0.00011	0.00017	1e-05	5e-05	0.0	2e-05	6e-05	0.0	0.00012	0.0	0.00017	0.0001	0.0002	0.00023	0.00034	0.00031	0.00022	0.0	0.0	0.00015	0.0	0.00015	0.0001	0.00038	6e-05	8e-05	5e-05	0.00018	0.0001	0.00031	6e-05	0.0	0.0	0.0	0.00021	0.0	0.0	0.0	0.00013	7e-05	
0.00018	0.00019	0.00016	0.0	0.0	0.0	0.0	0.00017	0.0	0.0	0.0	0.0	0.00031	0.0	0.0	0.0	0.0	0.0	4e-05	0.00018	0.0001	0.0	0.0	3e-05	0.00013	7e-05	0.0	0.0001	3e-05	0.0	0.0	0.0	0.00033	8e-05	1e-05	4e-05	0.00031	6e-05	0.0003	0.0	6e-05	6e-05	0.00012	0.00031	0.00018	0.0	0.00012	0.00011	0.00015	0.00017	0.0	0.0	0.00031	0.0	0.0	0.0	0.0	0.0	0.0	0.00017	0.0	0.00019	0.0	0.0	0.00016	1e-05	0.0	0.00017	0.0	4e-05	3e-05	0.0	4e-05	5e-05	0.00012	0.0	0.0	0.0	0.0001	0.0	0.00013	5e-05	3e-05	0.00022	0.0	0.00022	0.00031	0.00022	0.0	0.00031	0.00022	0.00022	0.00034	0.00016	0.00018	0.00017	0.00033	0.0	0.00016	0.0	0.0001	0.00011	0.00017	1e-05	5e-05	0.0	2e-05	6e-05	0.0	0.00012	0.0	0.00017	0.0001	0.0002	0.00023	0.00034	0.00031	0.00022	0.0	0.0	0.00015	0.0	0.00015	0.0001	0.00038	6e-05	8e-05	5e-05	0.00018	0.0001	0.00031	6e-05	0.0	0.0	0.0	0.00021	0.0	0.0	0.0	0.00013	7e-05	
0.00018	0.00019	0.00016	0.0	0.0	0.0	0.0	0.00017	0.0	0.0	0.0	0.0	0.00031	0.0	0.0	0.0	0.0	0.0	4e-05	0.00018	0.0001	0.0	0.0	3e-05	0.00013	7e-05	0.0	0.0001	3e-05	0.0	0.0	0.0	0.00033	8e-05	1e-05	4e-05	0.00031	6e-05	0.0003	0.0	6e-05	6e-05	0.00012	0.00031	0.00018	0.0	0.00012	0.00011	0.00015	0.00017	0.0	0.0	0.00031	0.0	0.0	0.0	0.0	0.0	0.0	0.00017	0.0	0.00019	0.0	0.0	0.00016	1e-05	0.0	0.00017	0.0	4e-05	3e-05	0.0	4e-05	5e-05	0.00012	0.0	0.0	0.0	0.0001	0.0	0.00013	5e-05	3e-05	0.00022	0.0	0.00022	0.00031	0.00022	0.0	0.00031	0.00022	0.00022	0.00034	0.00016	0.00018	0.00017	0.00033	0.0	0.00016	0.0	0.0001	0.00011	0.00017	1e-05	5e-05	0.0	2e-05	6e-05	0.0	0.00012	0.0	0.00017	0.0001	0.0002	0.00023	0.00034	0.00031	0.00022	0.0	0.0	0.00015	0.0	0.00015	0.0001	0.00038	6e-05	8e-05	5e-05	0.00018	0.0001	0.00031	6e-05	0.0	0.0	0.0	0.00021	0.0	0.0	0.0	0.00013	7e-05	
0.00018	0.00019	0.00016	0.0	0.0	0.0	0.0	0.00017	0.0	0.0	0.0	0.0	0.00031	0.0	0.0	0.0	0.0	0.0	4e-05	0.00018	0.0001	0.0	0.0	3e-05	0.00013	7e-05	0.0	0.0001	3e-05	0.0	0.0	0.0	0.00033	8e-05	1e-05	4e-05	0.00031	6e-05	0.0003	0.0	6e-05	6e-05	0.00012	0.00031	0.00018	0.0	0.00012	0.00011	0.00015	0.00017	0.0	0.0	0.00031	0.0	0.0	0.0	0.0	0.0	0.0	0.00017	0.0	0.00019	0.0	0.0	0.00016	1e-05	0.0	0.00017	0.0	4e-05	3e-05	0.0	4e-05	5e-05	0.00012	0.0	0.0	0.0	0.0001	0.0	0.00013	5e-05	3e-05	0.00022	0.0	0.00022	0.00031	0.00022	0.0	0.00031	0.00022	0.00022	0.00034	0.00016	0.00018	0.00017	0.00033	0.0	0.00016	0.0	0.0001	0.00011	0.00017	1e-05	5e-05	0.0	2e-05	6e-05	0.0	0.00012	0.0	0.00017	0.0001	0.0002	0.00023	0.00034	0.00031	0.00022	0.0	0.0	0.00015	0.0	0.00015	0.0001	0.00038	6e-05	8e-05	5e-05	0.00018	0.0001	0.00031	6e-05	0.0	0.0	0.0	0.00021	0.0	0.0	0.0	0.00013	7e-05	
0.00952	0.01582	0.03638	0.00031	0.00031	0.00031	0.00031	0.01028	0.00031	0.00031	0.00031	0.00031	0.0	0.00031	0.00031	0.00031	0.00031	0.00031	0.01778	0.00954	0.01506	0.00031	0.0	0.03109	0.01154	0.01195	0.00031	0.01621	0.14851	0.0	0.0	0.0	0.17342	0.26653	0.10329	0.04034	0.40198	0.03022	0.01395	0.00031	0.09881	0.04005	0.01574	1.0	0.00952	0.00028	0.01414	0.01465	0.01438	0.01086	0.00031	0.00031	1.0	0.00031	0.00031	0.00031	0.00031	0.00031	0.00031	0.01028	0.00031	0.00926	0.00031	0.00031	0.03638	0.02324	0.00031	0.05882	0.00031	0.10375	0.02429	0.0002	0.03097	0.01908	0.01842	0.00031	0.00031	0.00031	0.01955	0.00031	0.0299	0.03964	0.05039	0.01124	0.00031	0.01124	1.0	0.01124	0.00031	1.0	0.01124	0.45365	1.00009	0.43579	0.1128	0.01028	0.00866	0.00031	0.01654	0.0	0.0243	0.02535	0.012	0.02248	0.01393	0.0	0.04686	0.02202	0.0	0.02831	0.00031	0.01028	0.03465	0.01785	0.06827	1.00009	1.0	0.01124	0.00031	0.00031	0.01352	0.00031	0.01782	0.01532	0.00925	0.23551	0.0873	0.04909	0.0243	0.02174	1.0	0.0207	0.00031	0.00031	0.00031	0.00772	0.00031	0.00031	0.00031	0.01472	0.03115	
0.00018	0.00019	0.00016	0.0	0.0	0.0	0.0	0.00017	0.0	0.0	0.0	0.0	0.00031	0.0	0.0	0.0	0.0	0.0	4e-05	0.00018	0.0001	0.0	0.0	3e-05	0.00013	7e-05	0.0	0.0001	3e-05	0.0	0.0	0.0	0.00033	8e-05	1e-05	4e-05	0.00031	6e-05	0.0003	0.0	6e-05	6e-05	0.00012	0.00031	0.00018	0.0	0.00012	0.00011	0.00015	0.00017	0.0	0.0	0.00031	0.0	0.0	0.0	0.0	0.0	0.0	0.00017	0.0	0.00019	0.0	0.0	0.00016	1e-05	0.0	0.00017	0.0	4e-05	3e-05	0.0	4e-05	5e-05	0.00012	0.0	0.0	0.0	0.0001	0.0	0.00013	5e-05	3e-05	0.00022	0.0	0.00022	0.00031	0.00022	0.0	0.00031	0.00022	0.00022	0.00034	0.00016	0.00018	0.00017	0.00033	0.0	0.00016	0.0	0.0001	0.00011	0.00017	1e-05	5e-05	0.0	2e-05	6e-05	0.0	0.00012	0.0	0.00017	0.0001	0.0002	0.00023	0.00034	0.00031	0.00022	0.0	0.0	0.00015	0.0	0.00015	0.0001	0.00038	6e-05	8e-05	5e-05	0.00018	0.0001	0.00031	6e-05	0.0	0.0	0.0	0.00021	0.0	0.0	0.0	0.00013	7e-05	
0.00018	0.00019	0.00016	0.0	0.0	0.0	0.0	0.00017	0.0	0.0	0.0	0.0	0.00031	0.0	0.0	0.0	0.0	0.0	4e-05	0.00018	0.0001	0.0	0.0	3e-05	0.00013	7e-05	0.0	0.0001	3e-05	0.0	0.0	0.0	0.00033	8e-05	1e-05	4e-05	0.00031	6e-05	0.0003	0.0	6e-05	6e-05	0.00012	0.00031	0.00018	0.0	0.00012	0.00011	0.00015	0.00017	0.0	0.0	0.00031	0.0	0.0	0.0	0.0	0.0	0.0	0.00017	0.0	0.00019	0.0	0.0	0.00016	1e-05	0.0	0.00017	0.0	4e-05	3e-05	0.0	4e-05	5e-05	0.00012	0.0	0.0	0.0	0.0001	0.0	0.00013	5e-05	3e-05	0.00022	0.0	0.00022	0.00031	0.00022	0.0	0.00031	0.00022	0.00022	0.00034	0.00016	0.00018	0.00017	0.00033	0.0	0.00016	0.0	0.0001	0.00011	0.00017	1e-05	5e-05	0.0	2e-05	6e-05	0.0	0.00012	0.0	0.00017	0.0001	0.0002	0.00023	0.00034	0.00031	0.00022	0.0	0.0	0.00015	0.0	0.00015	0.0001	0.00038	6e-05	8e-05	5e-05	0.00018	0.0001	0.00031	6e-05	0.0	0.0	0.0	0.00021	0.0	0.0	0.0	0.00013	7e-05	
0.00018	0.00019	0.00016	0.0	0.0	0.0	0.0	0.00017	0.0	0.0	0.0	0.0	0.00031	0.0	0.0	0.0	0.0	0.0	4e-05	0.00018	0.0001	0.0	0.0	3e-05	0.00013	7e-05	0.0	0.0001	3e-05	0.0	0.0	0.0	0.00033	8e-05	1e-05	4e-05	0.00031	6e-05	0.0003	0.0	6e-05	6e-05	0.00012	0.00031	0.00018	0.0	0.00012	0.00011	0.00015	0.00017	0.0	0.0	0.00031	0.0	0.0	0.0	0.0	0.0	0.0	0.00017	0.0	0.00019	0.0	0.0	0.00016	1e-05	0.0	0.00017	0.0	4e-05	3e-05	0.0	4e-05	5e-05	0.00012	0.0	0.0	0.0	0.0001	0.0	0.00013	5e-05	3e-05	0.00022	0.0	0.00022	0.00031	0.00022	0.0	0.00031	0.00022	0.00022	0.00034	0.00016	0.00018	0.00017	0.00033	0.0	0.00016	0.0	0.0001	0.00011	0.00017	1e-05	5e-05	0.0	2e-05	6e-05	0.0	0.00012	0.0	0.00017	0.0001	0.0002	0.00023	0.00034	0.00031	0.00022	0.0	0.0	0.00015	0.0	0.00015	0.0001	0.00038	6e-05	8e-05	5e-05	0.00018	0.0001	0.00031	6e-05	0.0	0.0	0.0	0.00021	0.0	0.0	0.0	0.00013	7e-05	
0.00018	0.00019	0.00016	0.0	0.0	0.0	0.0	0.00017	0.0	0.0	0.0	0.0	0.00031	0.0	0.0	0.0	0.0	0.0	4e-05	0.00018	0.0001	0.0	0.0	3e-05	0.00013	7e-05	0.0	0.0001	3e-05	0.0	0.0	0.0	0.00033	8e-05	1e-05	4e-05	0.00031	6e-05	0.0003	0.0	6e-05	6e-05	0.00012	0.00031	0.00018	0.0	0.00012	0.00011	0.00015	0.00017	0.0	0.0	0.00031	0.0	0.0	0.0	0.0	0.0	0.0	0.00017	0.0	0.00019	0.0	0.0	0.00016	1e-05	0.0	0.00017	0.0	4e-05	3e-05	0.0	4e-05	5e-05	0.00012	0.0	0.0	0.0	0.0001	0.0	0.00013	5e-05	3e-05	0.00022	0.0	0.00022	0.00031	0.00022	0.0	0.00031	0.00022	0.00022	0.00034	0.00016	0.00018	0.00017	0.00033	0.0	0.00016	0.0	0.0001	0.00011	0.00017	1e-05	5e-05	0.0	2e-05	6e-05	0.0	0.00012	0.0	0.00017	0.0001	0.0002	0.00023	0.00034	0.00031	0.00022	0.0	0.0	0.00015	0.0	0.00015	0.0001	0.00038	6e-05	8e-05	5e-05	0.00018	0.0001	0.00031	6e-05	0.0	0.0	0.0	0.00021	0.0	0.0	0.0	0.00013	7e-05	
0.00018	0.00019	0.00016	0.0	0.0	0.0	0.0	0.00017	0.0	0.0	0.0	0.0	0.00031	0.0	0.0	0.0	0.0	0.0	4e-05	0.00018	0.0001	0.0	0.0	3e-05	0.00013	7e-05	0.0	0.0001	3e-05	0.0	0.0	0.0	0.00033	8e-05	1e-05	4e-05	0.00031	6e-05	0.0003	0.0	6e-05	6e-05	0.00012	0.00031	0.00018	0.0	0.00012	0.00011	0.00015	0.00017	0.0	0.0	0.00031	0.0	0.0	0.0	0.0	0.0	0.0	0.00017	0.0	0.00019	0.0	0.0	0.00016	1e-05	0.0	0.00017	0.0	4e-05	3e-05	0.0	4e-05	5e-05	0.00012	0.0	0.0	0.0	0.0001	0.0	0.00013	5e-05	3e-05	0.00022	0.0	0.00022	0.00031	0.00022	0.0	0.00031	0.00022	0.00022	0.00034	0.00016	0.00018	0.00017	0.00033	0.0	0.00016	0.0	0.0001	0.00011	0.00017	1e-05	5e-05	0.0	2e-05	6e-05	0.0	0.00012	0.0	0.00017	0.0001	0.0002	0.00023	0.00034	0.00031	0.00022	0.0	0.0	0.00015	0.0	0.00015	0.0001	0.00038	6e-05	8e-05	5e-05	0.00018	0.0001	0.00031	6e-05	0.0	0.0	0.0	0.00021	0.0	0.0	0.0	0.00013	7e-05	
0.20828	0.02571	0.02564	4e-05	4e-05	4e-05	4e-05	0.01534	4e-05	4e-05	4e-05	4e-05	0.01778	4e-05	4e-05	4e-05	4e-05	4e-05	0.0	0.01402	0.11951	4e-05	0.0	0.10268	0.01764	0.01941	4e-05	0.13214	0.05505	0.0	0.0	0.0	0.48817	0.22115	0.264	0.18679	0.02688	0.20752	0.02205	4e-05	0.052	0.08999	0.02561	0.01778	0.20828	0.00086	0.02252	0.12624	0.02296	0.25934	4e-05	4e-05	0.01778	4e-05	4e-05	4e-05	4e-05	4e-05	4e-05	0.01534	4e-05	0.01353	4e-05	4e-05	0.02564	0.04514	4e-05	0.04594	4e-05	0.07437	0.20362	0.00063	0.17909	0.33816	0.09032	4e-05	4e-05	4e-05	0.12933	4e-05	0.0906	0.12055	0.11	0.01704	4e-05	0.01704	0.01778	0.01704	4e-05	0.01778	0.01704	0.02502	0.02059	0.03249	0.04978	0.01534	0.01241	4e-05	0.02714	0.0	0.04761	0.09	0.01945	0.18553	0.23186	0.0	0.04402	0.10378	0.0	0.05398	4e-05	0.01534	0.06401	0.20447	0.06551	0.02059	0.01778	0.01704	4e-05	4e-05	0.0225	4e-05	0.08586	0.07202	0.01341	0.07406	0.08906	0.1012	0.04517	0.04058	0.01778	0.03928	4e-05	4e-05	4e-05	0.31928	4e-05	4e-05	4e-05	0.02598	0.06245	
0.00783	0.01272	0.0834	0.00018	0.00018	0.00018	0.00018	0.00844	0.00018	0.00018	0.00018	0.00018	0.00954	0.00018	0.00018	0.00018	0.00018	0.00018	0.01402	0.0	0.01212	0.00018	0.0	0.02383	0.00941	0.00959	0.00018	0.01301	0.10947	0.0	0.0	0.0	0.15495	0.0715	0.07797	0.03113	0.01324	0.02369	0.01131	0.00018	0.07556	0.03117	0.01265	0.00954	0.00783	0.00096	0.01142	0.01182	0.36559	0.00888	0.00018	0.00018	0.00954	0.00018	0.00018	0.00018	0.00018	0.00018	0.00018	0.00844	0.00018	0.00764	0.00018	0.00018	0.0834	0.24032	0.00018	0.03676	0.00018	0.04399	0.12068	0.00077	0.07281	0.01499	0.37477	0.00018	0.00018	0.00018	0.01532	0.00018	0.02346	0.05301	0.0876	0.00919	0.00018	0.00919	0.00954	0.00919	0.00018	0.00954	0.00919	0.01247	0.011	0.01415	0.03257	0.00844	0.00718	0.00018	0.01328	0.0	0.12275	0.01956	0.00965	0.0174	0.01109	0.0	0.03588	0.01763	0.0	0.12682	0.00018	0.00844	0.10397	0.0147	0.04984	0.011	0.00954	0.00919	0.00018	0.00018	0.0108	0.00018	0.01425	0.32327	0.00765	0.01558	0.02733	0.19222	0.13826	0.01702	0.00954	0.15869	0.00018	0.00018	0.00018	0.00641	0.00018	0.00018	0.00018	0.0116	0.07311	
0.01209	0.02095	0.0225	0.0001	0.0001	0.0001	0.0001	0.01315	0.0001	0.0001	0.0001	0.0001	0.01506	0.0001	0.0001	0.0001	0.0001	0.0001	0.11951	0.01212	0.0	0.0001	0.0	0.17879	0.01492	0.01581	0.0001	0.04132	0.04013	0.0	0.0	0.0	0.31254	0.34529	0.22803	0.02354	0.02184	0.03637	0.01827	0.0001	0.01799	0.0001	0.02086	0.01506	0.01209	0.00094	0.01858	0.18939	0.01892	0.41922	0.0001	0.0001	0.01506	0.0001	0.0001	0.0001	0.0001	0.0001	0.0001	0.01315	0.0001	0.01174	0.0001	0.0001	0.0225	0.03287	0.0001	0.01895	0.0001	0.02575	0.03379	0.00071	0.21142	0.10681	0.11845	0.0001	0.0001	0.0001	0.02698	0.0001	0.00396	0.02006	0.07428	0.01447	0.0001	0.01447	0.01506	0.01447	0.0001	0.01506	0.01447	0.02046	0.01737	0.02479	0.06122	0.01315	0.01088	0.0001	0.022	0.0	0.05545	0.03592	0.01586	0.02626	0.01869	0.0	0.02094	0.13287	0.0	0.04019	0.0001	0.01315	0.04852	0.28451	0.0424	0.01737	0.01506	0.01447	0.0001	0.0001	0.01806	0.0001	0.1239	0.02028	0.01167	0.09512	0.01827	0.0193	0.03403	0.0301	0.01506	0.02903	0.0001	0.0001	0.0001	0.00963	0.0001	0.0001	0.0001	0.02009	0.04457	
0.00018	0.00019	0.00016	0.0	0.0	0.0	0.0	0.00017	0.0	0.0	0.0	0.0	0.00031	0.0	0.0	0.0	0.0	0.0	4e-05	0.00018	0.0001	0.0	0.0	3e-05	0.00013	7e-05	0.0	0.0001	3e-05	0.0	0.0	0.0	0.00033	8e-05	1e-05	4e-05	0.00031	6e-05	0.0003	0.0	6e-05	6e-05	0.00012	0.00031	0.00018	0.0	0.00012	0.00011	0.00015	0.00017	0.0	0.0	0.00031	0.0	0.0	0.0	0.0	0.0	0.0	0.00017	0.0	0.00019	0.0	0.0	0.00016	1e-05	0.0	0.00017	0.0	4e-05	3e-05	0.0	4e-05	5e-05	0.00012	0.0	0.0	0.0	0.0001	0.0	0.00013	5e-05	3e-05	0.00022	0.0	0.00022	0.00031	0.00022	0.0	0.00031	0.00022	0.00022	0.00034	0.00016	0.00018	0.00017	0.00033	0.0	0.00016	0.0	0.0001	0.00011	0.00017	1e-05	5e-05	0.0	2e-05	6e-05	0.0	0.00012	0.0	0.00017	0.0001	0.0002	0.00023	0.00034	0.00031	0.00022	0.0	0.0	0.00015	0.0	0.00015	0.0001	0.00038	6e-05	8e-05	5e-05	0.00018	0.0001	0.00031	6e-05	0.0	0.0	0.0	0.00021	0.0	0.0	0.0	0.00013	7e-05	
0.0	0.0	0.0	0.0	0.0	0.0	0.0	0.0	0.0	0.0	0.0	0.0	0.0	0.0	0.0	0.0	0.0	0.0	0.0	0.0	0.0	0.0	0.0	0.0	0.0	0.0	0.0	0.0	0.0	0.0	0.0	0.0	0.0	0.0	0.0	0.0	0.0	0.0	0.0	0.0	0.0	0.0	0.0	0.0	0.0	0.0	0.0	0.0	0.0	0.0	0.0	0.0	0.0	0.0	0.0	0.0	0.0	0.0	0.0	0.0	0.0	0.0	0.0	0.0	0.0	0.0	0.0	0.0	0.0	0.0	0.0	0.0	0.0	0.0	0.0	0.0	0.0	0.0	0.0	0.0	0.0	0.0	0.0	0.0	0.0	0.0	0.0	0.0	0.0	0.0	0.0	0.0	0.0	0.0	0.0	0.0	0.0	0.0	0.0	0.0	0.0	0.0	0.0	0.0	0.0	0.0	0.0	0.0	0.0	0.0	0.0	0.0	0.0	0.0	0.0	0.0	0.0	0.0	0.0	0.0	0.0	0.0	0.0	0.0	0.0	0.0	0.0	0.0	0.0	0.0	0.0	0.0	0.0	0.0	0.0	0.0	0.0	0.0	0.0	0.0	0.0	
0.02375	0.02559	0.0128	3e-05	3e-05	3e-05	3e-05	0.02637	3e-05	3e-05	3e-05	3e-05	0.03109	3e-05	3e-05	3e-05	3e-05	3e-05	0.10268	0.02383	0.17879	3e-05	0.0	0.0	0.15777	0.15104	3e-05	0.07059	0.04949	0.0	0.0	0.0	0.34598	0.30189	0.31914	0.15906	0.04996	0.00922	0.0392	3e-05	0.10787	0.01198	0.04734	0.03109	0.02375	0.00124	0.0274	0.09777	0.02673	0.10387	3e-05	3e-05	0.03109	3e-05	3e-05	3e-05	3e-05	3e-05	3e-05	0.02637	3e-05	0.0229	3e-05	3e-05	0.0128	0.07227	3e-05	0.08695	3e-05	0.11112	0.07868	0.00087	0.11484	0.05588	0.05839	3e-05	3e-05	3e-05	0.05656	3e-05	0.04841	0.15009	0.14335	0.02966	3e-05	0.02966	0.03109	0.02966	3e-05	0.03109	0.02966	0.04604	0.0371	0.15311	0.12083	0.02637	0.02076	3e-05	0.05063	0.0	0.10623	0.07774	0.15107	0.17058	0.20029	0.0	0.10917	0.22386	0.0	0.12367	3e-05	0.02637	0.14211	0.11549	0.07627	0.0371	0.03109	0.02966	3e-05	3e-05	0.04236	3e-05	0.04126	0.04566	0.02261	0.05319	0.10043	0.10611	0.05067	0.05176	0.03109	0.10998	3e-05	3e-05	3e-05	0.06268	3e-05	3e-05	3e-05	0.13644	0.08934	
0.00939	0.01568	0.03615	0.00013	0.00013	0.00013	0.00013	0.01015	0.00013	0.00013	0.00013	0.00013	0.01154	0.00013	0.00013	0.00013	0.00013	0.00013	0.01764	0.00941	0.01492	0.00013	0.0	0.15777	0.0	0.20982	0.00013	0.01607	0.02818	0.0	0.0	0.0	0.20974	0.02681	0.04524	0.06311	0.01632	0.03002	0.01382	0.00013	0.03899	0.0398	0.0156	0.01154	0.00939	0.0007	0.08063	0.01452	0.01424	0.01073	0.00013	0.00013	0.01154	0.00013	0.00013	0.00013	0.00013	0.00013	0.00013	0.01015	0.00013	0.00913	0.00013	0.00013	0.03615	0.02308	0.00013	0.04726	0.00013	0.05254	0.02412	0.00053	0.03105	0.01894	0.01828	0.00013	0.00013	0.00013	0.0194	0.00013	0.0297	0.19791	0.06319	0.01111	0.00013	0.01111	0.01154	0.01111	0.00013	0.01154	0.01111	0.01534	0.01317	0.14807	0.04219	0.01015	0.00853	0.00013	0.0164	0.0	0.16897	0.02518	0.20988	0.31503	0.60887	0.0	0.11865	0.44957	0.0	0.02841	0.00013	0.01015	0.03464	0.01815	0.03187	0.01317	0.01154	0.01111	0.00013	0.00013	0.01339	0.00013	0.01767	0.01518	0.00912	0.01972	0.03554	0.04962	0.02428	0.02159	0.01154	0.02055	0.00013	0.00013	0.00013	0.00759	0.00013	0.00013	0.00013	0.01459	0.03095	
0.00956	0.01667	0.08193	7e-05	7e-05	7e-05	7e-05	0.01041	7e-05	7e-05	7e-05	7e-05	0.01195	7e-05	7e-05	7e-05	7e-05	7e-05	0.01941	0.00959	0.01581	7e-05	0.0	0.15104	0.20982	0.0	7e-05	0.01714	0.03213	0.0	0.0	0.0	0.25735	0.08867	0.07063	0.07122	0.01739	0.03331	0.01452	7e-05	0.04369	0.04462	0.22195	0.01195	0.00956	0.0007	0.01476	0.01535	0.01504	0.01105	7e-05	7e-05	0.01195	7e-05	7e-05	7e-05	7e-05	7e-05	7e-05	0.01041	7e-05	0.57246	7e-05	7e-05	0.08193	0.11674	7e-05	0.05724	7e-05	0.09014	0.02702	0.00053	0.10261	0.02099	0.0202	7e-05	7e-05	7e-05	0.16463	7e-05	0.03293	0.1339	0.07489	0.01147	7e-05	0.01147	0.01195	0.01147	7e-05	0.01195	0.01147	0.01628	0.01371	0.01979	0.04867	0.01041	0.0086	7e-05	0.20686	0.0	0.08157	0.02883	0.28357	0.21861	0.16255	0.0	0.08001	0.14002	0.0	0.11334	7e-05	0.01041	0.09613	0.01978	0.07197	0.01371	0.01195	0.01147	7e-05	7e-05	0.0144	7e-05	0.01897	0.01612	0.00924	0.28369	0.04128	0.1007	0.02716	0.02409	0.01195	0.13755	7e-05	7e-05	7e-05	0.00759	7e-05	7e-05	7e-05	0.01609	0.07527	
0.00018	0.00019	0.00016	0.0	0.0	0.0	0.0	0.00017	0.0	0.0	0.0	0.0	0.00031	0.0	0.0	0.0	0.0	0.0	4e-05	0.00018	0.0001	0.0	0.0	3e-05	0.00013	7e-05	0.0	0.0001	3e-05	0.0	0.0	0.0	0.00033	8e-05	1e-05	4e-05	0.00031	6e-05	0.0003	0.0	6e-05	6e-05	0.00012	0.00031	0.00018	0.0	0.00012	0.00011	0.00015	0.00017	0.0	0.0	0.00031	0.0	0.0	0.0	0.0	0.0	0.0	0.00017	0.0	0.00019	0.0	0.0	0.00016	1e-05	0.0	0.00017	0.0	4e-05	3e-05	0.0	4e-05	5e-05	0.00012	0.0	0.0	0.0	0.0001	0.0	0.00013	5e-05	3e-05	0.00022	0.0	0.00022	0.00031	0.00022	0.0	0.00031	0.00022	0.00022	0.00034	0.00016	0.00018	0.00017	0.00033	0.0	0.00016	0.0	0.0001	0.00011	0.00017	1e-05	5e-05	0.0	2e-05	6e-05	0.0	0.00012	0.0	0.00017	0.0001	0.0002	0.00023	0.00034	0.00031	0.00022	0.0	0.0	0.00015	0.0	0.00015	0.0001	0.00038	6e-05	8e-05	5e-05	0.00018	0.0001	0.00031	6e-05	0.0	0.0	0.0	0.00021	0.0	0.0	0.0	0.00013	7e-05	
0.01297	0.02271	0.05578	0.0001	0.0001	0.0001	0.0001	0.01414	0.0001	0.0001	0.0001	0.0001	0.01621	0.0001	0.0001	0.0001	0.0001	0.0001	0.13214	0.01301	0.04132	0.0001	0.0	0.07059	0.01607	0.01714	0.0001	0.0	0.04429	0.0	0.0	0.0	0.35371	0.18813	0.22984	0.0104	0.02368	0.04584	0.01974	0.0001	0.0001	0.15598	0.02262	0.01621	0.01297	0.00075	0.0201	0.02091	0.02047	0.01501	0.0001	0.0001	0.01621	0.0001	0.0001	0.0001	0.0001	0.0001	0.0001	0.01414	0.0001	0.01259	0.0001	0.0001	0.05578	0.03627	0.0001	0.09719	0.0001	0.02983	0.12427	0.00054	0.04858	0.02872	0.02762	0.0001	0.0001	0.0001	0.04989	0.0001	0.05882	0.06624	0.05404	0.01558	0.0001	0.01558	0.01621	0.01558	0.0001	0.01621	0.01558	0.03101	0.01858	0.02706	0.02719	0.01414	0.01164	0.0001	0.02387	0.0	0.05341	0.02089	0.01719	0.12089	0.14458	0.0	0.04205	0.03388	0.0	0.04411	0.0001	0.01414	0.05319	0.02705	0.06726	0.01858	0.01621	0.01558	0.0001	0.0001	0.01961	0.0001	0.02589	0.02197	0.01251	0.02999	0.04865	0.10849	0.0373	0.03301	0.01621	0.04289	0.0001	0.0001	0.0001	0.21156	0.0001	0.0001	0.0001	0.02195	0.01465	
0.02183	0.02756	0.04864	3e-05	3e-05	3e-05	3e-05	0.02417	3e-05	3e-05	3e-05	3e-05	0.14851	3e-05	3e-05	3e-05	3e-05	3e-05	0.05505	0.10947	0.04013	3e-05	0.0	0.04949	0.02818	0.03213	3e-05	0.04429	0.0	0.0	0.0	0.0	0.15737	0.25751	0.20034	0.1279	0.14786	0.22538	0.23133	3e-05	0.20858	0.18353	0.04254	0.14851	0.02183	0.00099	0.03688	0.0387	0.21417	0.02596	3e-05	3e-05	0.14851	3e-05	3e-05	3e-05	3e-05	3e-05	3e-05	0.02417	3e-05	0.02107	3e-05	3e-05	0.04864	0.26259	3e-05	0.11589	3e-05	0.05273	0.36068	0.01308	0.05092	0.06109	0.11658	3e-05	3e-05	3e-05	0.06774	3e-05	0.04542	0.0834	0.19336	0.0271	3e-05	0.0271	0.14851	0.0271	3e-05	0.14851	0.0271	0.07574	0.14821	0.20593	0.12598	0.02417	0.10469	3e-05	0.04538	0.0	0.17677	0.23847	0.03216	0.08159	0.03972	0.0	0.06861	0.06733	0.0	0.04473	3e-05	0.02417	0.00133	0.05111	0.07895	0.14821	0.14851	0.0271	3e-05	3e-05	0.03787	3e-05	0.0501	0.04115	0.11527	0.06422	0.10713	0.2284	0.09961	0.12776	0.14851	0.12928	3e-05	3e-05	3e-05	0.01666	3e-05	3e-05	3e-05	0.26809	0.14531	
0.0	0.0	0.0	0.0	0.0	0.0	0.0	0.0	0.0	0.0	0.0	0.0	0.0	0.0	0.0	0.0	0.0	0.0	0.0	0.0	0.0	0.0	0.0	0.0	0.0	0.0	0.0	0.0	0.0	0.0	0.0	0.0	0.0	0.0	0.0	0.0	0.0	0.0	0.0	0.0	0.0	0.0	0.0	0.0	0.0	0.0	0.0	0.0	0.0	0.0	0.0	0.0	0.0	0.0	0.0	0.0	0.0	0.0	0.0	0.0	0.0	0.0	0.0	0.0	0.0	0.0	0.0	0.0	0.0	0.0	0.0	0.0	0.0	0.0	0.0	0.0	0.0	0.0	0.0	0.0	0.0	0.0	0.0	0.0	0.0	0.0	0.0	0.0	0.0	0.0	0.0	0.0	0.0	0.0	0.0	0.0	0.0	0.0	0.0	0.0	0.0	0.0	0.0	0.0	0.0	0.0	0.0	0.0	0.0	0.0	0.0	0.0	0.0	0.0	0.0	0.0	0.0	0.0	0.0	0.0	0.0	0.0	0.0	0.0	0.0	0.0	0.0	0.0	0.0	0.0	0.0	0.0	0.0	0.0	0.0	0.0	0.0	0.0	0.0	0.0	0.0	
0.0	0.0	0.0	0.0	0.0	0.0	0.0	0.0	0.0	0.0	0.0	0.0	0.0	0.0	0.0	0.0	0.0	0.0	0.0	0.0	0.0	0.0	0.0	0.0	0.0	0.0	0.0	0.0	0.0	0.0	0.0	0.0	0.0	0.0	0.0	0.0	0.0	0.0	0.0	0.0	0.0	0.0	0.0	0.0	0.0	0.0	0.0	0.0	0.0	0.0	0.0	0.0	0.0	0.0	0.0	0.0	0.0	0.0	0.0	0.0	0.0	0.0	0.0	0.0	0.0	0.0	0.0	0.0	0.0	0.0	0.0	0.0	0.0	0.0	0.0	0.0	0.0	0.0	0.0	0.0	0.0	0.0	0.0	0.0	0.0	0.0	0.0	0.0	0.0	0.0	0.0	0.0	0.0	0.0	0.0	0.0	0.0	0.0	0.0	0.0	0.0	0.0	0.0	0.0	0.0	0.0	0.0	0.0	0.0	0.0	0.0	0.0	0.0	0.0	0.0	0.0	0.0	0.0	0.0	0.0	0.0	0.0	0.0	0.0	0.0	0.0	0.0	0.0	0.0	0.0	0.0	0.0	0.0	0.0	0.0	0.0	0.0	0.0	0.0	0.0	0.0	
0.0	0.0	0.0	0.0	0.0	0.0	0.0	0.0	0.0	0.0	0.0	0.0	0.0	0.0	0.0	0.0	0.0	0.0	0.0	0.0	0.0	0.0	0.0	0.0	0.0	0.0	0.0	0.0	0.0	0.0	0.0	0.0	0.0	0.0	0.0	0.0	0.0	0.0	0.0	0.0	0.0	0.0	0.0	0.0	0.0	0.0	0.0	0.0	0.0	0.0	0.0	0.0	0.0	0.0	0.0	0.0	0.0	0.0	0.0	0.0	0.0	0.0	0.0	0.0	0.0	0.0	0.0	0.0	0.0	0.0	0.0	0.0	0.0	0.0	0.0	0.0	0.0	0.0	0.0	0.0	0.0	0.0	0.0	0.0	0.0	0.0	0.0	0.0	0.0	0.0	0.0	0.0	0.0	0.0	0.0	0.0	0.0	0.0	0.0	0.0	0.0	0.0	0.0	0.0	0.0	0.0	0.0	0.0	0.0	0.0	0.0	0.0	0.0	0.0	0.0	0.0	0.0	0.0	0.0	0.0	0.0	0.0	0.0	0.0	0.0	0.0	0.0	0.0	0.0	0.0	0.0	0.0	0.0	0.0	0.0	0.0	0.0	0.0	0.0	0.0	0.0	
0.15791	0.09268	1.06974	0.00033	0.00033	0.00033	0.00033	0.1733	0.00033	0.00033	0.00033	0.00033	0.17342	0.00033	0.00033	0.00033	0.00033	0.00033	0.48817	0.15495	0.31254	0.00033	0.0	0.34598	0.20974	0.25735	0.00033	0.35371	0.15737	0.0	0.0	0.0	0.0	0.13301	0.20214	0.54998	0.28575	0.05304	0.22086	0.00033	0.10542	0.13097	0.33127	0.17342	0.15791	0.00033	0.28221	0.02375	0.28694	0.18769	0.00033	0.00033	0.17342	0.00033	0.00033	0.00033	0.00033	0.00033	0.00033	0.1733	0.00033	0.1481	0.00033	0.00033	1.06974	0.56299	0.00033	0.54305	0.00033	0.20679	0.11875	0.00033	0.16163	0.55535	0.51581	0.00033	0.00033	0.00033	0.18641	0.00033	0.04348	1.66483	0.2018	0.17685	0.00033	0.17685	0.17342	0.17685	0.00033	0.17342	0.17685	0.10205	0.26983	0.38788	0.92865	0.1733	0.12172	0.00033	0.08315	0.0	0.69514	0.27137	0.25354	0.84359	0.33372	0.0	0.51079	0.60039	0.0	0.12072	0.00033	0.1733	0.0746	0.3451	2.26825	0.26983	0.17342	0.17685	0.00033	0.00033	0.64942	0.00033	0.06993	0.32226	0.14188	0.12813	0.16986	0.65454	0.10686	0.09816	0.17342	0.25652	0.00033	0.00033	0.00033	0.11487	0.00033	0.00033	0.00033	0.2112	0.8967	
0.19094	0.04882	0.49386	8e-05	8e-05	8e-05	8e-05	0.07997	8e-05	8e-05	8e-05	8e-05	0.26653	8e-05	8e-05	8e-05	8e-05	8e-05	0.22115	0.0715	0.34529	8e-05	0.0	0.30189	0.02681	0.08867	8e-05	0.18813	0.25751	0.0	0.0	0.0	0.13301	0.0	1.09386	0.27932	0.11674	0.04479	0.0875	8e-05	0.07817	0.21464	0.15291	0.26653	0.19094	8e-05	0.13025	0.03462	0.13244	0.08661	8e-05	8e-05	0.26653	8e-05	8e-05	8e-05	8e-05	8e-05	8e-05	0.07997	8e-05	0.06833	8e-05	8e-05	0.49386	0.15558	8e-05	0.28215	8e-05	0.44348	0.14273	0.00256	0.18299	0.32758	0.09285	8e-05	8e-05	8e-05	0.13886	8e-05	0.14828	0.32373	0.19692	0.06836	8e-05	0.06836	0.26653	0.06836	8e-05	0.26653	0.06836	0.1295	0.26886	0.27894	0.43293	0.07997	0.04596	8e-05	0.04797	0.0	0.22602	0.15575	0.08738	0.30709	0.06858	0.0	0.13674	0.15009	0.0	0.133	8e-05	0.07997	0.14076	0.17973	0.50347	0.26886	0.26653	0.06836	8e-05	8e-05	0.09205	8e-05	0.04784	0.17439	0.05308	0.30243	0.15689	0.30965	0.113	0.0766	0.26653	0.21186	8e-05	8e-05	8e-05	0.05299	8e-05	8e-05	8e-05	0.11126	0.17786	
0.07738	0.04423	0.08922	1e-05	1e-05	1e-05	1e-05	0.08695	1e-05	1e-05	1e-05	1e-05	0.10329	1e-05	1e-05	1e-05	1e-05	1e-05	0.264	0.07797	0.22803	1e-05	0.0	0.31914	0.04524	0.07063	1e-05	0.22984	0.20034	0.0	0.0	0.0	0.20214	1.09386	0.0	0.24569	0.03468	0.02564	0.05777	1e-05	0.10662	0.23012	0.09118	0.10329	0.07738	0.00902	0.03169	0.04226	0.08092	0.07006	1e-05	1e-05	0.10329	1e-05	1e-05	1e-05	1e-05	1e-05	1e-05	0.08695	1e-05	0.05526	1e-05	1e-05	0.08922	0.13753	1e-05	0.13501	1e-05	0.18466	0.15613	0.0016	0.10711	0.16662	0.10029	1e-05	1e-05	1e-05	0.14893	1e-05	0.09239	0.14678	0.1158	0.04385	1e-05	0.04385	0.10329	0.04385	1e-05	0.10329	0.04385	0.04022	0.10267	0.12259	0.15283	0.08695	0.03001	1e-05	0.04609	0.0	0.13955	0.16599	0.05221	0.31535	0.20729	0.0	0.16017	0.15933	0.0	0.08773	1e-05	0.08695	0.04437	0.11784	0.11139	0.10267	0.10329	0.04385	1e-05	1e-05	0.06177	1e-05	0.05003	0.16208	0.03356	0.16068	0.18541	0.25015	0.04527	0.08779	0.10329	0.13966	1e-05	1e-05	1e-05	0.20916	1e-05	1e-05	1e-05	0.08699	0.08083	
0.06446	0.04639	0.10951	4e-05	4e-05	4e-05	4e-05	0.07199	4e-05	4e-05	4e-05	4e-05	0.04034	4e-05	4e-05	4e-05	4e-05	4e-05	0.18679	0.03113	0.02354	4e-05	0.0	0.15906	0.06311	0.07122	4e-05	0.0104	0.1279	0.0	0.0	0.0	0.54998	0.27932	0.24569	0.0	0.06468	0.02708	0.0841	4e-05	0.02651	0.05044	0.13555	0.04034	0.06446	0.00517	0.09595	0.02551	0.04116	0.07778	4e-05	4e-05	0.04034	4e-05	4e-05	4e-05	4e-05	4e-05	4e-05	0.07199	4e-05	0.06212	4e-05	4e-05	0.10951	0.09759	4e-05	0.17448	4e-05	0.05353	0.10751	0.00153	0.15799	0.21422	0.03931	4e-05	4e-05	4e-05	0.01969	4e-05	0.02223	0.17585	0.10697	0.03869	4e-05	0.03869	0.04034	0.03869	4e-05	0.04034	0.03869	0.05965	0.04956	0.29877	0.03723	0.07199	0.02704	4e-05	0.01167	0.0	0.17438	0.06467	0.04614	0.11688	0.09395	0.0	0.13953	0.1489	0.0	0.07244	4e-05	0.07199	0.02805	0.09915	0.05097	0.04956	0.04034	0.03869	4e-05	4e-05	0.05455	4e-05	0.01582	0.01352	0.0296	0.063	0.13574	0.09861	0.10444	0.14874	0.04034	0.07697	4e-05	4e-05	4e-05	0.0484	4e-05	4e-05	4e-05	0.18669	0.07885	
0.0132	0.02301	0.05642	0.00031	0.00031	0.00031	0.00031	0.01437	0.00031	0.00031	0.00031	0.00031	0.40198	0.00031	0.00031	0.00031	0.00031	0.00031	0.02688	0.01324	0.02184	0.00031	0.0	0.04996	0.01632	0.01739	0.00031	0.02368	0.14786	0.0	0.0	0.0	0.28575	0.11674	0.03468	0.06468	0.0	0.00512	0.07544	0.00031	0.01815	0.00037	0.02292	0.40198	0.0132	0.00028	0.02038	0.0212	0.02075	0.01525	0.00031	0.00031	0.40198	0.00031	0.00031	0.00031	0.00031	0.00031	0.00031	0.01437	0.00031	0.01282	0.00031	0.00031	0.05642	0.03671	0.00031	0.06895	0.00031	0.06806	0.017	0.00018	0.01814	0.02908	0.02797	0.00031	0.00031	0.00031	0.06641	0.00031	0.04581	0.06413	0.02932	0.01582	0.00031	0.01582	0.40198	0.01582	0.00031	0.40198	0.01582	0.18378	0.39798	0.23513	0.09379	0.01437	0.24481	0.00031	0.02418	0.0	0.05531	0.02624	0.01744	0.03531	0.02061	0.0	0.07649	0.03383	0.0	0.0442	0.00031	0.01437	0.00354	0.02676	0.11456	0.39798	0.40198	0.01582	0.00031	0.00031	0.01989	0.00031	0.02622	0.02226	0.01274	0.10267	0.03782	0.05819	0.03753	0.03341	0.40198	0.06274	0.00031	0.00031	0.00031	0.01051	0.00031	0.00031	0.00031	0.14588	0.11797	
0.10636	0.04431	0.00514	6e-05	6e-05	6e-05	6e-05	0.02599	6e-05	6e-05	6e-05	6e-05	0.03022	6e-05	6e-05	6e-05	6e-05	6e-05	0.20752	0.02369	0.03637	6e-05	0.0	0.00922	0.03002	0.03331	6e-05	0.04584	0.22538	0.0	0.0	0.0	0.05304	0.04479	0.02564	0.02708	0.00512	0.0	0.18358	6e-05	0.00829	0.02217	0.04415	0.03022	0.10636	0.00129	0.03863	0.04037	0.03942	0.12795	6e-05	6e-05	0.03022	6e-05	6e-05	6e-05	6e-05	6e-05	6e-05	0.02599	6e-05	0.02284	6e-05	6e-05	0.00514	0.14892	6e-05	0.05731	6e-05	0.04666	0.11499	0.00836	0.07659	0.10052	0.19734	6e-05	6e-05	6e-05	0.04136	6e-05	0.005	0.02645	0.06071	0.02894	6e-05	0.02894	0.03022	0.02894	6e-05	0.03022	0.02894	0.04307	0.03559	0.09341	0.01246	0.02599	0.09262	6e-05	0.0469	0.0	0.14416	0.10284	0.03335	0.02981	0.04052	0.0	0.00841	0.06137	0.0	0.07859	6e-05	0.02599	0.01341	0.1413	0.07064	0.03559	0.03022	0.02894	6e-05	6e-05	0.0388	6e-05	0.0176	0.01588	0.10102	0.0266	0.09776	0.12714	0.0685	0.13627	0.03022	0.04993	6e-05	6e-05	6e-05	0.01828	6e-05	6e-05	6e-05	0.15021	0.11194	
0.01128	0.01922	0.04566	0.0003	0.0003	0.0003	0.0003	0.01224	0.0003	0.0003	0.0003	0.0003	0.01395	0.0003	0.0003	0.0003	0.0003	0.0003	0.02205	0.01131	0.01827	0.0003	0.0	0.0392	0.01382	0.01452	0.0003	0.01974	0.23133	0.0	0.0	0.0	0.22086	0.0875	0.05777	0.0841	0.07544	0.18358	0.0	0.0003	0.04938	0.12393	0.01914	0.01395	0.01128	0.00028	0.0171	0.01776	0.0174	0.01295	0.0003	0.0003	0.01395	0.0003	0.0003	0.0003	0.0003	0.0003	0.0003	0.01224	0.0003	0.01096	0.0003	0.0003	0.04566	0.06187	0.0003	0.18885	0.0003	0.02002	0.21575	0.00018	0.02583	0.02376	0.02289	0.0003	0.0003	0.0003	0.08332	0.0003	0.03731	0.05082	0.05688	0.01342	0.0003	0.01342	0.01395	0.01342	0.0003	0.01395	0.01342	0.01878	0.01554	0.16731	0.15354	0.01224	0.32917	0.0003	0.02015	0.0	0.33555	0.18725	0.01457	0.02842	0.01708	0.0	0.03841	0.02751	0.0	0.03565	0.0003	0.01224	0.0117	0.02202	0.08892	0.01554	0.01395	0.01342	0.0003	0.0003	0.01652	0.0003	0.02178	0.01861	0.01092	0.02476	0.12169	0.19642	0.03044	0.0389	0.01395	0.07504	0.0003	0.0003	0.0003	0.00906	0.0003	0.0003	0.0003	0.56153	0.12605	
0.00018	0.00019	0.00016	0.0	0.0	0.0	0.0	0.00017	0.0	0.0	0.0	0.0	0.00031	0.0	0.0	0.0	0.0	0.0	4e-05	0.00018	0.0001	0.0	0.0	3e-05	0.00013	7e-05	0.0	0.0001	3e-05	0.0	0.0	0.0	0.00033	8e-05	1e-05	4e-05	0.00031	6e-05	0.0003	0.0	6e-05	6e-05	0.00012	0.00031	0.00018	0.0	0.00012	0.00011	0.00015	0.00017	0.0	0.0	0.00031	0.0	0.0	0.0	0.0	0.0	0.0	0.00017	0.0	0.00019	0.0	0.0	0.00016	1e-05	0.0	0.00017	0.0	4e-05	3e-05	0.0	4e-05	5e-05	0.00012	0.0	0.0	0.0	0.0001	0.0	0.00013	5e-05	3e-05	0.00022	0.0	0.00022	0.00031	0.00022	0.0	0.00031	0.00022	0.00022	0.00034	0.00016	0.00018	0.00017	0.00033	0.0	0.00016	0.0	0.0001	0.00011	0.00017	1e-05	5e-05	0.0	2e-05	6e-05	0.0	0.00012	0.0	0.00017	0.0001	0.0002	0.00023	0.00034	0.00031	0.00022	0.0	0.0	0.00015	0.0	0.00015	0.0001	0.00038	6e-05	8e-05	5e-05	0.00018	0.0001	0.00031	6e-05	0.0	0.0	0.0	0.00021	0.0	0.0	0.0	0.00013	7e-05	
0.03045	0.15383	0.00031	6e-05	6e-05	6e-05	6e-05	0.0336	6e-05	6e-05	6e-05	6e-05	0.09881	6e-05	6e-05	6e-05	6e-05	6e-05	0.052	0.07556	0.01799	6e-05	0.0	0.10787	0.03899	0.04369	6e-05	0.0001	0.20858	0.0	0.0	0.0	0.10542	0.07817	0.10662	0.02651	0.01815	0.00829	0.04938	6e-05	0.0	0.06627	0.05814	0.09881	0.03045	0.00217	0.05061	0.02085	0.13406	0.0901	6e-05	6e-05	0.09881	6e-05	6e-05	6e-05	6e-05	6e-05	6e-05	0.0336	6e-05	0.02942	6e-05	6e-05	0.00031	0.11998	6e-05	0.07914	6e-05	0.05012	0.03636	0.00159	0.14373	0.02628	0.06822	6e-05	6e-05	6e-05	0.04208	6e-05	0.00241	0.03496	0.19419	0.09422	6e-05	0.09422	0.09881	0.09422	6e-05	0.09881	0.09422	0.02485	0.13591	0.12027	0.07979	0.0336	0.02682	6e-05	0.0132	0.0	0.05847	0.02461	0.04373	0.11249	0.07483	0.0	0.03208	0.04863	0.0	0.06082	6e-05	0.0336	0.01326	0.1137	0.02955	0.13591	0.09881	0.09422	6e-05	6e-05	0.09503	6e-05	0.18448	0.00555	0.02907	0.17204	0.05873	0.0898	0.20792	0.09588	0.09881	0.06711	6e-05	6e-05	6e-05	0.05706	6e-05	6e-05	6e-05	0.07986	0.04259	
0.03106	0.05962	0.03773	6e-05	6e-05	6e-05	6e-05	0.03429	6e-05	6e-05	6e-05	6e-05	0.04005	6e-05	6e-05	6e-05	6e-05	6e-05	0.08999	0.03117	0.0001	6e-05	0.0	0.01198	0.0398	0.04462	6e-05	0.15598	0.18353	0.0	0.0	0.0	0.13097	0.21464	0.23012	0.05044	0.00037	0.02217	0.12393	6e-05	0.06627	0.0	0.05941	0.04005	0.03106	0.00174	0.0517	0.05419	0.05279	0.03675	6e-05	6e-05	0.04005	6e-05	6e-05	6e-05	6e-05	6e-05	6e-05	0.03429	6e-05	0.03001	6e-05	6e-05	0.03773	0.0936	6e-05	0.04857	6e-05	0.10313	0.10858	0.00477	0.03433	0.08321	0.02258	6e-05	6e-05	6e-05	0.09311	6e-05	0.01278	0.05052	0.11161	0.03831	6e-05	0.03831	0.04005	0.03831	6e-05	0.04005	0.03831	0.00022	0.04814	0.09212	0.03437	0.03429	0.06413	6e-05	0.06328	0.0	0.18618	0.25031	0.07612	0.0557	0.07454	0.0	0.00728	0.0786	0.0	0.10189	6e-05	0.03429	0.00147	0.09351	0.02011	0.04814	0.04005	0.03831	6e-05	6e-05	0.07096	6e-05	0.06972	0.05743	0.06982	0.08756	0.09623	0.08265	0.11927	0.0457	0.04005	0.12139	6e-05	6e-05	6e-05	0.05565	6e-05	6e-05	6e-05	0.11283	0.11602	
0.01262	0.02198	0.1705	0.00012	0.00012	0.00012	0.00012	0.34928	0.00012	0.00012	0.00012	0.00012	0.01574	0.00012	0.00012	0.00012	0.00012	0.00012	0.02561	0.01265	0.02086	0.00012	0.0	0.04734	0.0156	0.22195	0.00012	0.02262	0.04254	0.0	0.0	0.0	0.33127	0.15291	0.09118	0.13555	0.02292	0.04415	0.01914	0.00012	0.05814	0.05941	0.0	0.01574	0.01262	0.0891	0.15185	0.02026	0.01983	0.01458	0.00012	0.00012	0.01574	0.00012	0.00012	0.00012	0.00012	0.00012	0.00012	0.34928	0.00012	0.29367	0.00012	0.00012	0.1705	0.04976	0.00012	0.07554	0.00012	0.05064	0.03571	0.00091	0.24939	0.08082	0.02663	0.00012	0.00012	0.00012	0.07051	0.00012	0.02339	0.11048	0.10172	0.01513	0.00012	0.01513	0.01574	0.01513	0.00012	0.01574	0.01513	0.02146	0.0183	0.02625	0.06519	0.34928	0.01134	0.00012	0.07137	0.0	0.03655	0.03808	0.01664	0.04114	0.01965	0.0	0.02815	0.03291	0.0	0.30635	0.00012	0.34928	0.21802	0.02648	0.04942	0.0183	0.01574	0.01513	0.00012	0.00012	0.01897	0.00012	0.02503	0.02127	0.01217	0.16845	0.0285	0.01987	0.03603	0.05609	0.01574	0.06145	0.00012	0.00012	0.00012	0.01003	0.00012	0.00012	0.00012	0.02118	0.02086	
