0.0	0.11737	0.23337	0.19656	0.61939	0.21032	0.07426	0.19734	0.01349	0.2359	0.01084	0.01349	0.64114	0.00013	0.00013	0.00013	0.00013	0.00013	0.00013	0.00013	0.00013	0.23172	0.00013	0.01084	0.00013	0.00013	0.00013	0.00013	0.00013	0.00013	0.00013	0.11613	0.00013	0.00013	0.00013	0.0	0.15168	0.02422	0.22208	0.11613	0.48912	0.29804	0.00025	0.02422	0.11269	0.25991	0.11613	0.0	0.00013	0.0	0.00013	0.00013	0.00013	0.00013	0.11613	0.00013	0.26157	0.00013	0.37864	0.02631	0.00938	0.19647	0.00041	0.25001	0.00013	0.11613	0.00013	0.00013	0.00013	0.00013	0.08034	0.07846	0.24779	0.0913	0.01084	0.11613	0.01349	0.11613	0.23215	0.62002	0.69499	1.03173	0.01128	0.01084	0.71805	
0.11737	0.0	0.05275	0.16167	0.49832	0.10094	0.11209	0.10093	0.10749	0.53436	0.24458	0.10749	0.16593	0.00041	0.00041	0.00041	0.00041	0.00041	0.00041	0.00041	0.00041	0.10853	0.00041	0.24458	0.00041	0.00041	0.00041	0.00041	0.00041	0.00041	0.00041	0.06577	0.00041	0.00041	0.00041	0.0	0.0809	0.11735	0.05293	0.06577	0.07438	0.43624	0.00434	0.11735	0.20641	0.3044	0.06577	0.0	0.00041	0.0	0.00041	0.00041	0.00041	0.00041	0.06577	0.00041	0.05968	0.00041	0.38977	0.1086	0.44739	0.06686	0.0004	0.27258	0.00041	0.06577	0.00041	0.00041	0.00041	0.00041	0.49832	0.49973	0.12672	0.05294	0.24458	0.06577	0.10749	0.06577	0.54611	0.19234	0.23704	0.3519	0.13834	0.24458	0.0944	
0.23337	0.05275	0.0	0.47076	0.1829	0.43403	0.06952	0.24438	0.36261	0.14182	0.07626	0.36261	0.30679	9e-05	9e-05	9e-05	9e-05	9e-05	9e-05	9e-05	9e-05	0.27982	9e-05	0.07626	9e-05	9e-05	9e-05	9e-05	9e-05	9e-05	9e-05	0.12902	9e-05	9e-05	9e-05	0.0	0.22018	0.06936	0.4614	0.12902	0.74435	0.18718	0.68688	0.06936	0.30947	0.40429	0.12902	0.0	9e-05	0.0	9e-05	9e-05	9e-05	9e-05	0.12902	9e-05	0.11456	9e-05	0.27864	0.0485	0.04858	0.47162	0.15841	0.33868	9e-05	0.12902	9e-05	9e-05	9e-05	9e-05	0.1829	0.41758	0.07017	0.21181	0.07626	0.12902	0.36261	0.12902	0.12961	0.34077	0.48259	0.23959	0.34508	0.07626	0.42549	
0.19656	0.16167	0.47076	0.0	0.22456	0.41407	0.11528	0.10745	0.21217	0.16535	0.13858	0.21217	0.1732	0.00012	0.00012	0.00012	0.00012	0.00012	0.00012	0.00012	0.00012	0.11606	0.00012	0.13858	0.00012	0.00012	0.00012	0.00012	0.00012	0.00012	0.00012	0.06591	0.00012	0.00012	0.00012	0.0	0.08497	0.1209	0.62681	0.06591	0.36463	0.22642	0.20542	0.1209	0.17872	0.20982	0.06591	0.0	0.00012	0.0	0.00012	0.00012	0.00012	0.00012	0.06591	0.00012	0.05946	0.00012	0.20586	0.15116	0.14026	0.47004	0.16489	0.13691	0.00012	0.06591	0.00012	0.00012	0.00012	0.00012	0.21369	0.23877	0.13094	0.05236	0.13858	0.06591	0.21217	0.06591	0.16129	0.17745	0.60832	0.28196	0.14337	0.13858	0.41825	
0.61939	0.49832	0.1829	0.22456	0.0	0.25714	0.23354	0.50072	0.07167	0.53927	0.31726	0.07167	0.56572	0.0002	0.0002	0.0002	0.0002	0.0002	0.0002	0.0002	0.0002	0.27487	0.0002	0.31726	0.0002	0.0002	0.0002	0.0002	0.0002	0.0002	0.0002	0.19127	0.0002	0.0002	0.0002	0.0	0.29805	0.08033	0.15416	0.19127	0.38008	0.57873	0.00316	0.08033	0.34466	0.38737	0.19127	0.0	0.0002	0.0	0.0002	0.0002	0.0002	0.0002	0.19127	0.0002	0.18154	0.0002	0.65536	0.05922	0.33106	0.17823	0.00043	0.29778	0.0002	0.19127	0.0002	0.0002	0.0002	0.0002	0.33448	0.33261	0.62874	0.14279	0.31726	0.19127	0.07167	0.19127	0.53856	0.59213	0.91061	1.35181	0.09219	0.31726	0.4982	
0.21032	0.10094	0.43403	0.41407	0.25714	0.0	0.07927	0.44493	0.21774	0.44702	0.2433	0.21774	0.23429	9e-05	9e-05	9e-05	9e-05	9e-05	9e-05	9e-05	9e-05	0.44507	9e-05	0.2433	9e-05	9e-05	9e-05	9e-05	9e-05	9e-05	9e-05	0.56071	9e-05	9e-05	9e-05	0.0	0.24293	0.19734	0.49173	0.56071	0.48508	0.25656	0.2023	0.19734	0.45711	0.61668	0.56071	0.0	9e-05	0.0	9e-05	9e-05	9e-05	9e-05	0.56071	9e-05	0.08922	9e-05	0.44611	0.02108	0.14653	0.41359	0.20121	0.21857	9e-05	0.56071	9e-05	9e-05	9e-05	9e-05	0.50075	0.25527	0.236	0.07772	0.2433	0.56071	0.21774	0.56071	0.19875	0.51613	0.51904	0.27605	0.22463	0.2433	0.40614	
0.07426	0.11209	0.06952	0.11528	0.23354	0.07927	0.0	0.28797	0.01682	0.09322	0.10142	0.01682	0.16634	3e-05	3e-05	3e-05	3e-05	3e-05	3e-05	3e-05	3e-05	0.03388	3e-05	0.10142	3e-05	3e-05	3e-05	3e-05	3e-05	3e-05	3e-05	0.04403	3e-05	3e-05	3e-05	0.0	0.19196	0.04839	0.08733	0.04403	0.06618	0.14667	3e-05	0.04839	0.07812	0.02566	0.04403	0.0	3e-05	0.0	3e-05	3e-05	3e-05	3e-05	0.04403	3e-05	0.01176	3e-05	0.16014	0.02527	0.16034	0.13696	0.00115	0.00635	3e-05	0.04403	3e-05	3e-05	3e-05	3e-05	0.08691	0.07558	0.29899	0.23507	0.10142	0.04403	0.01682	0.04403	0.1071	0.06442	0.23085	0.25888	0.00763	0.10142	0.08243	
0.19734	0.10093	0.24438	0.10745	0.50072	0.44493	0.28797	0.0	0.21779	0.447	0.24335	0.21779	0.47344	4e-05	4e-05	4e-05	4e-05	4e-05	4e-05	4e-05	4e-05	0.44504	4e-05	0.24335	4e-05	4e-05	4e-05	4e-05	4e-05	4e-05	4e-05	0.5606	4e-05	4e-05	4e-05	0.0	0.65863	0.21029	0.07768	0.5606	0.30952	0.25659	0.20231	0.21029	0.45716	0.33272	0.5606	0.0	4e-05	0.0	4e-05	4e-05	4e-05	4e-05	0.5606	4e-05	0.08921	4e-05	0.57119	0.02105	0.14654	0.18141	0.20122	0.2055	4e-05	0.5606	4e-05	4e-05	4e-05	4e-05	0.25718	0.25531	0.71083	0.49175	0.24335	0.5606	0.21779	0.5606	0.19879	0.49985	0.52035	0.68739	0.22461	0.24335	0.16531	
0.01349	0.10749	0.36261	0.21217	0.07167	0.21774	0.01682	0.21779	0.0	0.21078	0.2487	0.99996	0.30023	3e-05	3e-05	3e-05	3e-05	3e-05	3e-05	3e-05	3e-05	0.19356	3e-05	0.2487	3e-05	3e-05	3e-05	3e-05	3e-05	3e-05	3e-05	0.10636	3e-05	3e-05	3e-05	0.0	0.21051	0.01348	0.2479	0.10636	0.28221	0.20109	0.37958	0.01348	0.50191	0.12489	0.10636	0.0	3e-05	0.0	3e-05	3e-05	3e-05	3e-05	0.10636	3e-05	0.09561	3e-05	0.18264	0.02441	0.15321	0.37381	0.45265	0.00863	3e-05	0.10636	3e-05	3e-05	3e-05	3e-05	0.07167	0.60811	0.00886	0.24803	0.2487	0.10636	0.99996	0.10636	0.195	0.07095	0.25859	0.0156	0.24672	0.2487	0.21467	
0.2359	0.53436	0.14182	0.16535	0.53927	0.44702	0.09322	0.447	0.21078	0.0	0.2354	0.21078	0.512	0.00021	0.00021	0.00021	0.00021	0.00021	0.00021	0.00021	0.00021	0.45043	0.00021	0.2354	0.00021	0.00021	0.00021	0.00021	0.00021	0.00021	0.00021	0.53176	0.00021	0.00021	0.00021	0.0	0.24942	0.23595	0.08904	0.53176	0.339	0.42533	0.11714	0.23595	0.51369	0.36844	0.53176	0.0	0.00021	0.0	0.00021	0.00021	0.00021	0.00021	0.53176	0.00021	0.10265	0.00021	0.72967	0.06307	0.31304	0.12581	0.11397	0.24406	0.00021	0.53176	0.00021	0.00021	0.00021	0.00021	0.53936	0.51851	0.24335	0.08907	0.2354	0.53176	0.21078	0.53176	0.45187	0.53841	0.35515	0.46917	0.23498	0.2354	0.19761	
0.01084	0.24458	0.07626	0.13858	0.31726	0.2433	0.10142	0.24335	0.2487	0.2354	0.0	0.2487	0.06969	0.0001	0.0001	0.0001	0.0001	0.0001	0.0001	0.0001	0.0001	0.21817	0.0001	1.00011	0.0001	0.0001	0.0001	0.0001	0.0001	0.0001	0.0001	0.13776	0.0001	0.0001	0.0001	0.0	0.18341	0.01077	0.10741	0.13776	0.15924	0.55823	0.03606	0.01077	0.52781	0.8153	0.13776	0.0	0.0001	0.0	0.0001	0.0001	0.0001	0.0001	0.13776	0.0001	0.2124	0.0001	0.20227	0.04767	0.38995	0.14506	0.05983	0.01903	0.0001	0.13776	0.0001	0.0001	0.0001	0.0001	0.31719	0.28626	0.30761	0.10745	1.00011	0.13776	0.2487	0.13776	0.69884	0.09182	0.61108	0.28471	0.00273	1.00011	0.20649	
0.01349	0.10749	0.36261	0.21217	0.07167	0.21774	0.01682	0.21779	0.99996	0.21078	0.2487	0.0	0.30023	3e-05	3e-05	3e-05	3e-05	3e-05	3e-05	3e-05	3e-05	0.19356	3e-05	0.2487	3e-05	3e-05	3e-05	3e-05	3e-05	3e-05	3e-05	0.10636	3e-05	3e-05	3e-05	0.0	0.21051	0.01348	0.2479	0.10636	0.28221	0.20109	0.37958	0.01348	0.50191	0.12489	0.10636	0.0	3e-05	0.0	3e-05	3e-05	3e-05	3e-05	0.10636	3e-05	0.09561	3e-05	0.18264	0.02441	0.15321	0.37381	0.45265	0.00863	3e-05	0.10636	3e-05	3e-05	3e-05	3e-05	0.07167	0.60811	0.00886	0.24803	0.2487	0.10636	0.99996	0.10636	0.195	0.07095	0.25859	0.0156	0.24672	0.2487	0.21467	
0.64114	0.16593	0.30679	0.1732	0.56572	0.23429	0.16634	0.47344	0.30023	0.512	0.06969	0.30023	0.0	8e-05	8e-05	8e-05	8e-05	8e-05	8e-05	8e-05	8e-05	0.25203	8e-05	0.06969	8e-05	8e-05	8e-05	8e-05	8e-05	8e-05	8e-05	0.164	8e-05	8e-05	8e-05	0.0	0.43295	0.31096	0.1584	0.164	0.52853	0.3072	0.10466	0.31096	0.32381	0.35842	0.164	0.0	8e-05	0.0	8e-05	8e-05	8e-05	8e-05	0.164	8e-05	0.18656	8e-05	0.63048	0.03138	0.0709	0.25634	0.12797	0.27051	8e-05	0.164	8e-05	8e-05	8e-05	8e-05	0.31164	0.30976	0.26979	0.45025	0.06969	0.164	0.30023	0.164	0.25325	0.56485	0.53843	0.71128	0.06934	0.06969	0.51215	
0.00013	0.00041	9e-05	0.00012	0.0002	9e-05	3e-05	4e-05	3e-05	0.00021	0.0001	3e-05	8e-05	0.0	0.0	0.0	0.0	0.0	0.0	0.0	0.0	0.0001	0.0	0.0001	0.0	0.0	0.0	0.0	0.0	0.0	0.0	9e-05	0.0	0.0	0.0	0.0	3e-05	4e-05	8e-05	9e-05	7e-05	0.00017	5e-05	4e-05	8e-05	2e-05	9e-05	0.0	0.0	0.0	0.0	0.0	0.0	0.0	9e-05	0.0	9e-05	0.0	0.00016	0.00026	0.00021	4e-05	3e-05	0.00029	0.0	9e-05	0.0	0.0	0.0	0.0	0.0002	0.00021	4e-05	4e-05	0.0001	9e-05	3e-05	9e-05	0.00022	0.00017	1e-05	3e-05	0.00015	0.0001	9e-05	
0.00013	0.00041	9e-05	0.00012	0.0002	9e-05	3e-05	4e-05	3e-05	0.00021	0.0001	3e-05	8e-05	0.0	0.0	0.0	0.0	0.0	0.0	0.0	0.0	0.0001	0.0	0.0001	0.0	0.0	0.0	0.0	0.0	0.0	0.0	9e-05	0.0	0.0	0.0	0.0	3e-05	4e-05	8e-05	9e-05	7e-05	0.00017	5e-05	4e-05	8e-05	2e-05	9e-05	0.0	0.0	0.0	0.0	0.0	0.0	0.0	9e-05	0.0	9e-05	0.0	0.00016	0.00026	0.00021	4e-05	3e-05	0.00029	0.0	9e-05	0.0	0.0	0.0	0.0	0.0002	0.00021	4e-05	4e-05	0.0001	9e-05	3e-05	9e-05	0.00022	0.00017	1e-05	3e-05	0.00015	0.0001	9e-05	
0.00013	0.00041	9e-05	0.00012	0.0002	9e-05	3e-05	4e-05	3e-05	0.00021	0.0001	3e-05	8e-05	0.0	0.0	0.0	0.0	0.0	0.0	0.0	0.0	0.0001	0.0	0.0001	0.0	0.0	0.0	0.0	0.0	0.0	0.0	9e-05	0.0	0.0	0.0	0.0	3e-05	4e-05	8e-05	9e-05	7e-05	0.00017	5e-05	4e-05	8e-05	2e-05	9e-05	0.0	0.0	0.0	0.0	0.0	0.0	0.0	9e-05	0.0	9e-05	0.0	0.00016	0.00026	0.00021	4e-05	3e-05	0.00029	0.0	9e-05	0.0	0.0	0.0	0.0	0.0002	0.00021	4e-05	4e-05	0.0001	9e-05	3e-05	9e-05	0.00022	0.00017	1e-05	3e-05	0.00015	0.0001	9e-05	
0.00013	0.00041	9e-05	0.00012	0.0002	9e-05	3e-05	4e-05	3e-05	0.00021	0.0001	3e-05	8e-05	0.0	0.0	0.0	0.0	0.0	0.0	0.0	0.0	0.0001	0.0	0.0001	0.0	0.0	0.0	0.0	0.0	0.0	0.0	9e-05	0.0	0.0	0.0	0.0	3e-05	4e-05	8e-05	9e-05	7e-05	0.00017	5e-05	4e-05	8e-05	2e-05	9e-05	0.0	0.0	0.0	0.0	0.0	0.0	0.0	9e-05	0.0	9e-05	0.0	0.00016	0.00026	0.00021	4e-05	3e-05	0.00029	0.0	9e-05	0.0	0.0	0.0	0.0	0.0002	0.00021	4e-05	4e-05	0.0001	9e-05	3e-05	9e-05	0.00022	0.00017	1e-05	3e-05	0.00015	0.0001	9e-05	
0.00013	0.00041	9e-05	0.00012	0.0002	9e-05	3e-05	4e-05	3e-05	0.00021	0.0001	3e-05	8e-05	0.0	0.0	0.0	0.0	0.0	0.0	0.0	0.0	0.0001	0.0	0.0001	0.0	0.0	0.0	0.0	0.0	0.0	0.0	9e-05	0.0	0.0	0.0	0.0	3e-05	4e-05	8e-05	9e-05	7e-05	0.00017	5e-05	4e-05	8e-05	2e-05	9e-05	0.0	0.0	0.0	0.0	0.0	0.0	0.0	9e-05	0.0	9e-05	0.0	0.00016	0.00026	0.00021	4e-05	3e-05	0.00029	0.0	9e-05	0.0	0.0	0.0	0.0	0.0002	0.00021	4e-05	4e-05	0.0001	9e-05	3e-05	9e-05	0.00022	0.00017	1e-05	3e-05	0.00015	0.0001	9e-05	
0.00013	0.00041	9e-05	0.00012	0.0002	9e-05	3e-05	4e-05	3e-05	0.00021	0.0001	3e-05	8e-05	0.0	0.0	0.0	0.0	0.0	0.0	0.0	0.0	0.0001	0.0	0.0001	0.0	0.0	0.0	0.0	0.0	0.0	0.0	9e-05	0.0	0.0	0.0	0.0	3e-05	4e-05	8e-05	9e-05	7e-05	0.00017	5e-05	4e-05	8e-05	2e-05	9e-05	0.0	0.0	0.0	0.0	0.0	0.0	0.0	9e-05	0.0	9e-05	0.0	0.00016	0.00026	0.00021	4e-05	3e-05	0.00029	0.0	9e-05	0.0	0.0	0.0	0.0	0.0002	0.00021	4e-05	4e-05	0.0001	9e-05	3e-05	9e-05	0.00022	0.00017	1e-05	3e-05	0.00015	0.0001	9e-05	
0.00013	0.00041	9e-05	0.00012	0.0002	9e-05	3e-05	4e-05	3e-05	0.00021	0.0001	3e-05	8e-05	0.0	0.0	0.0	0.0	0.0	0.0	0.0	0.0	0.0001	0.0	0.0001	0.0	0.0	0.0	0.0	0.0	0.0	0.0	9e-05	0.0	0.0	0.0	0.0	3e-05	4e-05	8e-05	9e-05	7e-05	0.00017	5e-05	4e-05	8e-05	2e-05	9e-05	0.0	0.0	0.0	0.0	0.0	0.0	0.0	9e-05	0.0	9e-05	0.0	0.00016	0.00026	0.00021	4e-05	3e-05	0.00029	0.0	9e-05	0.0	0.0	0.0	0.0	0.0002	0.00021	4e-05	4e-05	0.0001	9e-05	3e-05	9e-05	0.00022	0.00017	1e-05	3e-05	0.00015	0.0001	9e-05	
0.00013	0.00041	9e-05	0.00012	0.0002	9e-05	3e-05	4e-05	3e-05	0.00021	0.0001	3e-05	8e-05	0.0	0.0	0.0	0.0	0.0	0.0	0.0	0.0	0.0001	0.0	0.0001	0.0	0.0	0.0	0.0	0.0	0.0	0.0	9e-05	0.0	0.0	0.0	0.0	3e-05	4e-05	8e-05	9e-05	7e-05	0.00017	5e-05	4e-05	8e-05	2e-05	9e-05	0.0	0.0	0.0	0.0	0.0	0.0	0.0	9e-05	0.0	9e-05	0.0	0.00016	0.00026	0.00021	4e-05	3e-05	0.00029	0.0	9e-05	0.0	0.0	0.0	0.0	0.0002	0.00021	4e-05	4e-05	0.0001	9e-05	3e-05	9e-05	0.00022	0.00017	1e-05	3e-05	0.00015	0.0001	9e-05	
0.23172	0.10853	0.27982	0.11606	0.27487	0.44507	0.03388	0.44504	0.19356	0.45043	0.21817	0.19356	0.25203	0.0001	0.0001	0.0001	0.0001	0.0001	0.0001	0.0001	0.0001	0.0	0.0001	0.21817	0.0001	0.0001	0.0001	0.0001	0.0001	0.0001	0.0001	0.54436	0.0001	0.0001	0.0001	0.0	0.24572	0.23164	0.08321	0.54436	0.50344	0.4103	0.3514	0.23164	0.4982	0.63133	0.54436	0.0	0.0001	0.0	0.0001	0.0001	0.0001	0.0001	0.54436	0.0001	0.51478	0.0001	0.37375	0.02232	0.06371	0.11665	0.29763	0.23997	0.0001	0.54436	0.0001	0.0001	0.0001	0.0001	0.27488	0.50129	0.23918	0.08324	0.21817	0.54436	0.19356	0.54436	0.43464	0.53752	0.53649	0.29349	0.69946	0.21817	0.42754	
0.00013	0.00041	9e-05	0.00012	0.0002	9e-05	3e-05	4e-05	3e-05	0.00021	0.0001	3e-05	8e-05	0.0	0.0	0.0	0.0	0.0	0.0	0.0	0.0	0.0001	0.0	0.0001	0.0	0.0	0.0	0.0	0.0	0.0	0.0	9e-05	0.0	0.0	0.0	0.0	3e-05	4e-05	8e-05	9e-05	7e-05	0.00017	5e-05	4e-05	8e-05	2e-05	9e-05	0.0	0.0	0.0	0.0	0.0	0.0	0.0	9e-05	0.0	9e-05	0.0	0.00016	0.00026	0.00021	4e-05	3e-05	0.00029	0.0	9e-05	0.0	0.0	0.0	0.0	0.0002	0.00021	4e-05	4e-05	0.0001	9e-05	3e-05	9e-05	0.00022	0.00017	1e-05	3e-05	0.00015	0.0001	9e-05	
0.01084	0.24458	0.07626	0.13858	0.31726	0.2433	0.10142	0.24335	0.2487	0.2354	1.00011	0.2487	0.06969	0.0001	0.0001	0.0001	0.0001	0.0001	0.0001	0.0001	0.0001	0.21817	0.0001	0.0	0.0001	0.0001	0.0001	0.0001	0.0001	0.0001	0.0001	0.13776	0.0001	0.0001	0.0001	0.0	0.18341	0.01077	0.10741	0.13776	0.15924	0.55823	0.03606	0.01077	0.52781	0.8153	0.13776	0.0	0.0001	0.0	0.0001	0.0001	0.0001	0.0001	0.13776	0.0001	0.2124	0.0001	0.20227	0.04767	0.38995	0.14506	0.05983	0.01903	0.0001	0.13776	0.0001	0.0001	0.0001	0.0001	0.31719	0.28626	0.30761	0.10745	1.00011	0.13776	0.2487	0.13776	0.69884	0.09182	0.61108	0.28471	0.00273	1.00011	0.20649	
0.00013	0.00041	9e-05	0.00012	0.0002	9e-05	3e-05	4e-05	3e-05	0.00021	0.0001	3e-05	8e-05	0.0	0.0	0.0	0.0	0.0	0.0	0.0	0.0	0.0001	0.0	0.0001	0.0	0.0	0.0	0.0	0.0	0.0	0.0	9e-05	0.0	0.0	0.0	0.0	3e-05	4e-05	8e-05	9e-05	7e-05	0.00017	5e-05	4e-05	8e-05	2e-05	9e-05	0.0	0.0	0.0	0.0	0.0	0.0	0.0	9e-05	0.0	9e-05	0.0	0.00016	0.00026	0.00021	4e-05	3e-05	0.00029	0.0	9e-05	0.0	0.0	0.0	0.0	0.0002	0.00021	4e-05	4e-05	0.0001	9e-05	3e-05	9e-05	0.00022	0.00017	1e-05	3e-05	0.00015	0.0001	9e-05	
0.00013	0.00041	9e-05	0.00012	0.0002	9e-05	3e-05	4e-05	3e-05	0.00021	0.0001	3e-05	8e-05	0.0	0.0	0.0	0.0	0.0	0.0	0.0	0.0	0.0001	0.0	0.0001	0.0	0.0	0.0	0.0	0.0	0.0	0.0	9e-05	0.0	0.0	0.0	0.0	3e-05	4e-05	8e-05	9e-05	7e-05	0.00017	5e-05	4e-05	8e-05	2e-05	9e-05	0.0	0.0	0.0	0.0	0.0	0.0	0.0	9e-05	0.0	9e-05	0.0	0.00016	0.00026	0.00021	4e-05	3e-05	0.00029	0.0	9e-05	0.0	0.0	0.0	0.0	0.0002	0.00021	4e-05	4e-05	0.0001	9e-05	3e-05	9e-05	0.00022	0.00017	1e-05	3e-05	0.00015	0.0001	9e-05	
0.00013	0.00041	9e-05	0.00012	0.0002	9e-05	3e-05	4e-05	3e-05	0.00021	0.0001	3e-05	8e-05	0.0	0.0	0.0	0.0	0.0	0.0	0.0	0.0	0.0001	0.0	0.0001	0.0	0.0	0.0	0.0	0.0	0.0	0.0	9e-05	0.0	0.0	0.0	0.0	3e-05	4e-05	8e-05	9e-05	7e-05	0.00017	5e-05	4e-05	8e-05	2e-05	9e-05	0.0	0.0	0.0	0.0	0.0	0.0	0.0	9e-05	0.0	9e-05	0.0	0.00016	0.00026	0.00021	4e-05	3e-05	0.00029	0.0	9e-05	0.0	0.0	0.0	0.0	0.0002	0.00021	4e-05	4e-05	0.0001	9e-05	3e-05	9e-05	0.00022	0.00017	1e-05	3e-05	0.00015	0.0001	9e-05	
0.00013	0.00041	9e-05	0.00012	0.0002	9e-05	3e-05	4e-05	3e-05	0.00021	0.0001	3e-05	8e-05	0.0	0.0	0.0	0.0	0.0	0.0	0.0	0.0	0.0001	0.0	0.0001	0.0	0.0	0.0	0.0	0.0	0.0	0.0	9e-05	0.0	0.0	0.0	0.0	3e-05	4e-05	8e-05	9e-05	7e-05	0.00017	5e-05	4e-05	8e-05	2e-05	9e-05	0.0	0.0	0.0	0.0	0.0	0.0	0.0	9e-05	0.0	9e-05	0.0	0.00016	0.00026	0.00021	4e-05	3e-05	0.00029	0.0	9e-05	0.0	0.0	0.0	0.0	0.0002	0.00021	4e-05	4e-05	0.0001	9e-05	3e-05	9e-05	0.00022	0.00017	1e-05	3e-05	0.00015	0.0001	9e-05	
0.00013	0.00041	9e-05	0.00012	0.0002	9e-05	3e-05	4e-05	3e-05	0.00021	0.0001	3e-05	8e-05	0.0	0.0	0.0	0.0	0.0	0.0	0.0	0.0	0.0001	0.0	0.0001	0.0	0.0	0.0	0.0	0.0	0.0	0.0	9e-05	0.0	0.0	0.0	0.0	3e-05	4e-05	8e-05	9e-05	7e-05	0.00017	5e-05	4e-05	8e-05	2e-05	9e-05	0.0	0.0	0.0	0.0	0.0	0.0	0.0	9e-05	0.0	9e-05	0.0	0.00016	0.00026	0.00021	4e-05	3e-05	0.00029	0.0	9e-05	0.0	0.0	0.0	0.0	0.0002	0.00021	4e-05	4e-05	0.0001	9e-05	3e-05	9e-05	0.00022	0.00017	1e-05	3e-05	0.00015	0.0001	9e-05	
0.00013	0.00041	9e-05	0.00012	0.0002	9e-05	3e-05	4e-05	3e-05	0.00021	0.0001	3e-05	8e-05	0.0	0.0	0.0	0.0	0.0	0.0	0.0	0.0	0.0001	0.0	0.0001	0.0	0.0	0.0	0.0	0.0	0.0	0.0	9e-05	0.0	0.0	0.0	0.0	3e-05	4e-05	8e-05	9e-05	7e-05	0.00017	5e-05	4e-05	8e-05	2e-05	9e-05	0.0	0.0	0.0	0.0	0.0	0.0	0.0	9e-05	0.0	9e-05	0.0	0.00016	0.00026	0.00021	4e-05	3e-05	0.00029	0.0	9e-05	0.0	0.0	0.0	0.0	0.0002	0.00021	4e-05	4e-05	0.0001	9e-05	3e-05	9e-05	0.00022	0.00017	1e-05	3e-05	0.00015	0.0001	9e-05	
0.00013	0.00041	9e-05	0.00012	0.0002	9e-05	3e-05	4e-05	3e-05	0.00021	0.0001	3e-05	8e-05	0.0	0.0	0.0	0.0	0.0	0.0	0.0	0.0	0.0001	0.0	0.0001	0.0	0.0	0.0	0.0	0.0	0.0	0.0	9e-05	0.0	0.0	0.0	0.0	3e-05	4e-05	8e-05	9e-05	7e-05	0.00017	5e-05	4e-05	8e-05	2e-05	9e-05	0.0	0.0	0.0	0.0	0.0	0.0	0.0	9e-05	0.0	9e-05	0.0	0.00016	0.00026	0.00021	4e-05	3e-05	0.00029	0.0	9e-05	0.0	0.0	0.0	0.0	0.0002	0.00021	4e-05	4e-05	0.0001	9e-05	3e-05	9e-05	0.00022	0.00017	1e-05	3e-05	0.00015	0.0001	9e-05	
0.11613	0.06577	0.12902	0.06591	0.19127	0.56071	0.04403	0.5606	0.10636	0.53176	0.13776	0.10636	0.164	9e-05	9e-05	9e-05	9e-05	9e-05	9e-05	9e-05	9e-05	0.54436	9e-05	0.13776	9e-05	9e-05	9e-05	9e-05	9e-05	9e-05	9e-05	0.0	9e-05	9e-05	9e-05	0.0	0.27608	0.11611	0.05234	1.00005	0.21678	0.12519	0.16787	0.11611	0.41044	0.20454	1.00005	0.0	9e-05	0.0	9e-05	9e-05	9e-05	9e-05	1.00005	9e-05	0.05902	9e-05	0.38788	0.01644	0.09047	0.06614	0.14888	0.12639	9e-05	1.00005	9e-05	9e-05	9e-05	9e-05	0.19134	0.17471	0.27141	0.05234	0.13776	1.00005	0.10636	1.00005	0.10806	0.4964	0.18597	0.24567	0.2437	0.13776	0.09338	
0.00013	0.00041	9e-05	0.00012	0.0002	9e-05	3e-05	4e-05	3e-05	0.00021	0.0001	3e-05	8e-05	0.0	0.0	0.0	0.0	0.0	0.0	0.0	0.0	0.0001	0.0	0.0001	0.0	0.0	0.0	0.0	0.0	0.0	0.0	9e-05	0.0	0.0	0.0	0.0	3e-05	4e-05	8e-05	9e-05	7e-05	0.00017	5e-05	4e-05	8e-05	2e-05	9e-05	0.0	0.0	0.0	0.0	0.0	0.0	0.0	9e-05	0.0	9e-05	0.0	0.00016	0.00026	0.00021	4e-05	3e-05	0.00029	0.0	9e-05	0.0	0.0	0.0	0.0	0.0002	0.00021	4e-05	4e-05	0.0001	9e-05	3e-05	9e-05	0.00022	0.00017	1e-05	3e-05	0.00015	0.0001	9e-05	
0.00013	0.00041	9e-05	0.00012	0.0002	9e-05	3e-05	4e-05	3e-05	0.00021	0.0001	3e-05	8e-05	0.0	0.0	0.0	0.0	0.0	0.0	0.0	0.0	0.0001	0.0	0.0001	0.0	0.0	0.0	0.0	0.0	0.0	0.0	9e-05	0.0	0.0	0.0	0.0	3e-05	4e-05	8e-05	9e-05	7e-05	0.00017	5e-05	4e-05	8e-05	2e-05	9e-05	0.0	0.0	0.0	0.0	0.0	0.0	0.0	9e-05	0.0	9e-05	0.0	0.00016	0.00026	0.00021	4e-05	3e-05	0.00029	0.0	9e-05	0.0	0.0	0.0	0.0	0.0002	0.00021	4e-05	4e-05	0.0001	9e-05	3e-05	9e-05	0.00022	0.00017	1e-05	3e-05	0.00015	0.0001	9e-05	
0.00013	0.00041	9e-05	0.00012	0.0002	9e-05	3e-05	4e-05	3e-05	0.00021	0.0001	3e-05	8e-05	0.0	0.0	0.0	0.0	0.0	0.0	0.0	0.0	0.0001	0.0	0.0001	0.0	0.0	0.0	0.0	0.0	0.0	0.0	9e-05	0.0	0.0	0.0	0.0	3e-05	4e-05	8e-05	9e-05	7e-05	0.00017	5e-05	4e-05	8e-05	2e-05	9e-05	0.0	0.0	0.0	0.0	0.0	0.0	0.0	9e-05	0.0	9e-05	0.0	0.00016	0.00026	0.00021	4e-05	3e-05	0.00029	0.0	9e-05	0.0	0.0	0.0	0.0	0.0002	0.00021	4e-05	4e-05	0.0001	9e-05	3e-05	9e-05	0.00022	0.00017	1e-05	3e-05	0.00015	0.0001	9e-05	
0.0	0.0	0.0	0.0	0.0	0.0	0.0	0.0	0.0	0.0	0.0	0.0	0.0	0.0	0.0	0.0	0.0	0.0	0.0	0.0	0.0	0.0	0.0	0.0	0.0	0.0	0.0	0.0	0.0	0.0	0.0	0.0	0.0	0.0	0.0	0.0	0.0	0.0	0.0	0.0	0.0	0.0	0.0	0.0	0.0	0.0	0.0	0.0	0.0	0.0	0.0	0.0	0.0	0.0	0.0	0.0	0.0	0.0	0.0	0.0	0.0	0.0	0.0	0.0	0.0	0.0	0.0	0.0	0.0	0.0	0.0	0.0	0.0	0.0	0.0	0.0	0.0	0.0	0.0	0.0	0.0	0.0	0.0	0.0	0.0	
0.15168	0.0809	0.22018	0.08497	0.29805	0.24293	0.19196	0.65863	0.21051	0.24942	0.18341	0.21051	0.43295	3e-05	3e-05	3e-05	3e-05	3e-05	3e-05	3e-05	3e-05	0.24572	3e-05	0.18341	3e-05	3e-05	3e-05	3e-05	3e-05	3e-05	3e-05	0.27608	3e-05	3e-05	3e-05	0.0	0.0	0.1989	0.06293	0.27608	0.24039	0.18396	0.17295	0.1989	0.28144	0.26419	0.27608	0.0	3e-05	0.0	3e-05	3e-05	3e-05	3e-05	0.27608	3e-05	0.07187	3e-05	0.37864	0.01765	0.11509	0.17302	0.17799	0.1902	3e-05	0.27608	3e-05	3e-05	3e-05	3e-05	0.20839	0.21269	0.40686	0.54327	0.18341	0.27608	0.21051	0.27608	0.14965	0.29727	0.29136	0.37107	0.17265	0.18341	0.12668	
0.02422	0.11735	0.06936	0.1209	0.08033	0.19734	0.04839	0.21029	0.01348	0.23595	0.01077	0.01348	0.31096	4e-05	4e-05	4e-05	4e-05	4e-05	4e-05	4e-05	4e-05	0.23164	4e-05	0.01077	4e-05	4e-05	4e-05	4e-05	4e-05	4e-05	4e-05	0.11611	4e-05	4e-05	4e-05	0.0	0.1989	0.0	0.09124	0.11611	0.2911	0.22346	0.0002	0.99997	0.11268	0.80144	0.11611	0.0	4e-05	0.0	4e-05	4e-05	4e-05	4e-05	0.11611	4e-05	0.2614	4e-05	0.26891	0.02625	0.00934	0.13686	0.00036	0.0043	4e-05	0.11611	4e-05	4e-05	4e-05	4e-05	0.61937	0.07845	0.00444	0.22204	0.01077	0.11611	0.01348	0.11611	0.23207	0.0796	0.26318	0.02018	0.01121	0.01077	0.2254	
0.22208	0.05293	0.4614	0.62681	0.15416	0.49173	0.08733	0.07768	0.2479	0.08904	0.10741	0.2479	0.1584	8e-05	8e-05	8e-05	8e-05	8e-05	8e-05	8e-05	8e-05	0.08321	8e-05	0.10741	8e-05	8e-05	8e-05	8e-05	8e-05	8e-05	8e-05	0.05234	8e-05	8e-05	8e-05	0.0	0.06293	0.09124	0.0	0.05234	0.34341	0.16211	0.14817	0.09124	0.14407	0.14966	0.05234	0.0	8e-05	0.0	8e-05	8e-05	8e-05	8e-05	0.05234	8e-05	0.04765	8e-05	0.14558	0.01386	0.07187	0.62428	0.16735	0.09898	8e-05	0.05234	8e-05	8e-05	8e-05	8e-05	0.14276	0.16894	0.09818	0.04244	0.10741	0.05234	0.2479	0.05234	0.08376	0.15426	0.52784	0.20147	0.10675	0.10741	0.50413	
0.11613	0.06577	0.12902	0.06591	0.19127	0.56071	0.04403	0.5606	0.10636	0.53176	0.13776	0.10636	0.164	9e-05	9e-05	9e-05	9e-05	9e-05	9e-05	9e-05	9e-05	0.54436	9e-05	0.13776	9e-05	9e-05	9e-05	9e-05	9e-05	9e-05	9e-05	1.00005	9e-05	9e-05	9e-05	0.0	0.27608	0.11611	0.05234	0.0	0.21678	0.12519	0.16787	0.11611	0.41044	0.20454	1.00005	0.0	9e-05	0.0	9e-05	9e-05	9e-05	9e-05	1.00005	9e-05	0.05902	9e-05	0.38788	0.01644	0.09047	0.06614	0.14888	0.12639	9e-05	1.00005	9e-05	9e-05	9e-05	9e-05	0.19134	0.17471	0.27141	0.05234	0.13776	1.00005	0.10636	1.00005	0.10806	0.4964	0.18597	0.24567	0.2437	0.13776	0.09338	
0.48912	0.07438	0.74435	0.36463	0.38008	0.48508	0.06618	0.30952	0.28221	0.339	0.15924	0.28221	0.52853	7e-05	7e-05	7e-05	7e-05	7e-05	7e-05	7e-05	7e-05	0.50344	7e-05	0.15924	7e-05	7e-05	7e-05	7e-05	7e-05	7e-05	7e-05	0.21678	7e-05	7e-05	7e-05	0.0	0.24039	0.2911	0.34341	0.21678	0.0	0.37157	0.51123	0.2911	0.50665	0.80119	0.21678	0.0	7e-05	0.0	7e-05	7e-05	7e-05	7e-05	0.21678	7e-05	0.3703	7e-05	0.46505	0.03716	0.04141	0.36538	0.16241	0.30913	7e-05	0.21678	7e-05	7e-05	7e-05	7e-05	0.38008	0.37837	0.15379	0.16485	0.15924	0.21678	0.28221	0.21678	0.32678	0.56439	0.76184	0.51884	0.31433	0.15924	0.68123	
0.29804	0.43624	0.18718	0.22642	0.57873	0.25656	0.14667	0.25659	0.20109	0.42533	0.55823	0.20109	0.3072	0.00017	0.00017	0.00017	0.00017	0.00017	0.00017	0.00017	0.00017	0.4103	0.00017	0.55823	0.00017	0.00017	0.00017	0.00017	0.00017	0.00017	0.00017	0.12519	0.00017	0.00017	0.00017	0.0	0.18396	0.22346	0.16211	0.12519	0.37157	0.0	0.11914	0.22346	0.46984	0.78612	0.12519	0.0	0.00017	0.0	0.00017	0.00017	0.00017	0.00017	0.12519	0.00017	0.41053	0.00017	0.41773	0.05245	0.35412	0.18341	0.11634	0.23059	0.00017	0.12519	0.00017	0.00017	0.00017	0.00017	0.48804	0.46974	0.30493	0.09543	0.55823	0.12519	0.20109	0.12519	0.7991	0.32776	0.82286	0.53977	0.22221	0.55823	0.47727	
0.00025	0.00434	0.68688	0.20542	0.00316	0.2023	3e-05	0.20231	0.37958	0.11714	0.03606	0.37958	0.10466	5e-05	5e-05	5e-05	5e-05	5e-05	5e-05	5e-05	5e-05	0.3514	5e-05	0.03606	5e-05	5e-05	5e-05	5e-05	5e-05	5e-05	5e-05	0.16787	5e-05	5e-05	5e-05	0.0	0.17295	0.0002	0.14817	0.16787	0.51123	0.11914	0.0	0.0002	0.31181	0.17458	0.16787	0.0	5e-05	0.0	5e-05	5e-05	5e-05	5e-05	0.16787	5e-05	0.14932	5e-05	0.10872	0.03994	0.00255	0.20655	0.13111	0.0873	5e-05	0.16787	5e-05	5e-05	5e-05	5e-05	0.00316	0.44208	0.00155	0.14822	0.03606	0.16787	0.37958	0.16787	0.10296	0.13693	0.24409	0.00109	0.46087	0.03606	0.19236	
0.02422	0.11735	0.06936	0.1209	0.08033	0.19734	0.04839	0.21029	0.01348	0.23595	0.01077	0.01348	0.31096	4e-05	4e-05	4e-05	4e-05	4e-05	4e-05	4e-05	4e-05	0.23164	4e-05	0.01077	4e-05	4e-05	4e-05	4e-05	4e-05	4e-05	4e-05	0.11611	4e-05	4e-05	4e-05	0.0	0.1989	0.99997	0.09124	0.11611	0.2911	0.22346	0.0002	0.0	0.11268	0.80144	0.11611	0.0	4e-05	0.0	4e-05	4e-05	4e-05	4e-05	0.11611	4e-05	0.2614	4e-05	0.26891	0.02625	0.00934	0.13686	0.00036	0.0043	4e-05	0.11611	4e-05	4e-05	4e-05	4e-05	0.61937	0.07845	0.00444	0.22204	0.01077	0.11611	0.01348	0.11611	0.23207	0.0796	0.26318	0.02018	0.01121	0.01077	0.2254	
0.11269	0.20641	0.30947	0.17872	0.34466	0.45711	0.07812	0.45716	0.50191	0.51369	0.52781	0.50191	0.32381	8e-05	8e-05	8e-05	8e-05	8e-05	8e-05	8e-05	8e-05	0.4982	8e-05	0.52781	8e-05	8e-05	8e-05	8e-05	8e-05	8e-05	8e-05	0.41044	8e-05	8e-05	8e-05	0.0	0.28144	0.11268	0.14407	0.41044	0.50665	0.46984	0.31181	0.11268	0.0	0.61595	0.41044	0.0	8e-05	0.0	8e-05	8e-05	8e-05	8e-05	0.41044	8e-05	0.18565	8e-05	0.43157	0.03607	0.26579	0.22873	0.53213	0.11893	8e-05	0.41044	8e-05	8e-05	8e-05	8e-05	0.34467	0.5594	0.27906	0.14414	0.52781	0.41044	0.50191	0.41044	0.4995	0.344	0.60409	0.36109	0.30458	0.52781	0.26081	
0.25991	0.3044	0.40429	0.20982	0.38737	0.61668	0.02566	0.33272	0.12489	0.36844	0.8153	0.12489	0.35842	2e-05	2e-05	2e-05	2e-05	2e-05	2e-05	2e-05	2e-05	0.63133	2e-05	0.8153	2e-05	2e-05	2e-05	2e-05	2e-05	2e-05	2e-05	0.20454	2e-05	2e-05	2e-05	0.0	0.26419	0.80144	0.14966	0.20454	0.80119	0.78612	0.17458	0.80144	0.61595	0.0	0.20454	0.0	2e-05	0.0	2e-05	2e-05	2e-05	2e-05	0.20454	2e-05	0.85452	2e-05	0.46109	0.05435	0.2871	0.21297	0.15728	0.62006	2e-05	0.20454	2e-05	2e-05	2e-05	2e-05	1.15701	0.35392	0.1633	0.24028	0.8153	0.20454	0.12489	0.20454	1.11782	0.55681	0.53907	0.19369	0.24252	0.8153	0.60529	
0.11613	0.06577	0.12902	0.06591	0.19127	0.56071	0.04403	0.5606	0.10636	0.53176	0.13776	0.10636	0.164	9e-05	9e-05	9e-05	9e-05	9e-05	9e-05	9e-05	9e-05	0.54436	9e-05	0.13776	9e-05	9e-05	9e-05	9e-05	9e-05	9e-05	9e-05	1.00005	9e-05	9e-05	9e-05	0.0	0.27608	0.11611	0.05234	1.00005	0.21678	0.12519	0.16787	0.11611	0.41044	0.20454	0.0	0.0	9e-05	0.0	9e-05	9e-05	9e-05	9e-05	1.00005	9e-05	0.05902	9e-05	0.38788	0.01644	0.09047	0.06614	0.14888	0.12639	9e-05	1.00005	9e-05	9e-05	9e-05	9e-05	0.19134	0.17471	0.27141	0.05234	0.13776	1.00005	0.10636	1.00005	0.10806	0.4964	0.18597	0.24567	0.2437	0.13776	0.09338	
0.0	0.0	0.0	0.0	0.0	0.0	0.0	0.0	0.0	0.0	0.0	0.0	0.0	0.0	0.0	0.0	0.0	0.0	0.0	0.0	0.0	0.0	0.0	0.0	0.0	0.0	0.0	0.0	0.0	0.0	0.0	0.0	0.0	0.0	0.0	0.0	0.0	0.0	0.0	0.0	0.0	0.0	0.0	0.0	0.0	0.0	0.0	0.0	0.0	0.0	0.0	0.0	0.0	0.0	0.0	0.0	0.0	0.0	0.0	0.0	0.0	0.0	0.0	0.0	0.0	0.0	0.0	0.0	0.0	0.0	0.0	0.0	0.0	0.0	0.0	0.0	0.0	0.0	0.0	0.0	0.0	0.0	0.0	0.0	0.0	
0.00013	0.00041	9e-05	0.00012	0.0002	9e-05	3e-05	4e-05	3e-05	0.00021	0.0001	3e-05	8e-05	0.0	0.0	0.0	0.0	0.0	0.0	0.0	0.0	0.0001	0.0	0.0001	0.0	0.0	0.0	0.0	0.0	0.0	0.0	9e-05	0.0	0.0	0.0	0.0	3e-05	4e-05	8e-05	9e-05	7e-05	0.00017	5e-05	4e-05	8e-05	2e-05	9e-05	0.0	0.0	0.0	0.0	0.0	0.0	0.0	9e-05	0.0	9e-05	0.0	0.00016	0.00026	0.00021	4e-05	3e-05	0.00029	0.0	9e-05	0.0	0.0	0.0	0.0	0.0002	0.00021	4e-05	4e-05	0.0001	9e-05	3e-05	9e-05	0.00022	0.00017	1e-05	3e-05	0.00015	0.0001	9e-05	
0.0	0.0	0.0	0.0	0.0	0.0	0.0	0.0	0.0	0.0	0.0	0.0	0.0	0.0	0.0	0.0	0.0	0.0	0.0	0.0	0.0	0.0	0.0	0.0	0.0	0.0	0.0	0.0	0.0	0.0	0.0	0.0	0.0	0.0	0.0	0.0	0.0	0.0	0.0	0.0	0.0	0.0	0.0	0.0	0.0	0.0	0.0	0.0	0.0	0.0	0.0	0.0	0.0	0.0	0.0	0.0	0.0	0.0	0.0	0.0	0.0	0.0	0.0	0.0	0.0	0.0	0.0	0.0	0.0	0.0	0.0	0.0	0.0	0.0	0.0	0.0	0.0	0.0	0.0	0.0	0.0	0.0	0.0	0.0	0.0	
0.00013	0.00041	9e-05	0.00012	0.0002	9e-05	3e-05	4e-05	3e-05	0.00021	0.0001	3e-05	8e-05	0.0	0.0	0.0	0.0	0.0	0.0	0.0	0.0	0.0001	0.0	0.0001	0.0	0.0	0.0	0.0	0.0	0.0	0.0	9e-05	0.0	0.0	0.0	0.0	3e-05	4e-05	8e-05	9e-05	7e-05	0.00017	5e-05	4e-05	8e-05	2e-05	9e-05	0.0	0.0	0.0	0.0	0.0	0.0	0.0	9e-05	0.0	9e-05	0.0	0.00016	0.00026	0.00021	4e-05	3e-05	0.00029	0.0	9e-05	0.0	0.0	0.0	0.0	0.0002	0.00021	4e-05	4e-05	0.0001	9e-05	3e-05	9e-05	0.00022	0.00017	1e-05	3e-05	0.00015	0.0001	9e-05	
0.00013	0.00041	9e-05	0.00012	0.0002	9e-05	3e-05	4e-05	3e-05	0.00021	0.0001	3e-05	8e-05	0.0	0.0	0.0	0.0	0.0	0.0	0.0	0.0	0.0001	0.0	0.0001	0.0	0.0	0.0	0.0	0.0	0.0	0.0	9e-05	0.0	0.0	0.0	0.0	3e-05	4e-05	8e-05	9e-05	7e-05	0.00017	5e-05	4e-05	8e-05	2e-05	9e-05	0.0	0.0	0.0	0.0	0.0	0.0	0.0	9e-05	0.0	9e-05	0.0	0.00016	0.00026	0.00021	4e-05	3e-05	0.00029	0.0	9e-05	0.0	0.0	0.0	0.0	0.0002	0.00021	4e-05	4e-05	0.0001	9e-05	3e-05	9e-05	0.00022	0.00017	1e-05	3e-05	0.00015	0.0001	9e-05	
0.00013	0.00041	9e-05	0.00012	0.0002	9e-05	3e-05	4e-05	3e-05	0.00021	0.0001	3e-05	8e-05	0.0	0.0	0.0	0.0	0.0	0.0	0.0	0.0	0.0001	0.0	0.0001	0.0	0.0	0.0	0.0	0.0	0.0	0.0	9e-05	0.0	0.0	0.0	0.0	3e-05	4e-05	8e-05	9e-05	7e-05	0.00017	5e-05	4e-05	8e-05	2e-05	9e-05	0.0	0.0	0.0	0.0	0.0	0.0	0.0	9e-05	0.0	9e-05	0.0	0.00016	0.00026	0.00021	4e-05	3e-05	0.00029	0.0	9e-05	0.0	0.0	0.0	0.0	0.0002	0.00021	4e-05	4e-05	0.0001	9e-05	3e-05	9e-05	0.00022	0.00017	1e-05	3e-05	0.00015	0.0001	9e-05	
0.00013	0.00041	9e-05	0.00012	0.0002	9e-05	3e-05	4e-05	3e-05	0.00021	0.0001	3e-05	8e-05	0.0	0.0	0.0	0.0	0.0	0.0	0.0	0.0	0.0001	0.0	0.0001	0.0	0.0	0.0	0.0	0.0	0.0	0.0	9e-05	0.0	0.0	0.0	0.0	3e-05	4e-05	8e-05	9e-05	7e-05	0.00017	5e-05	4e-05	8e-05	2e-05	9e-05	0.0	0.0	0.0	0.0	0.0	0.0	0.0	9e-05	0.0	9e-05	0.0	0.00016	0.00026	0.00021	4e-05	3e-05	0.00029	0.0	9e-05	0.0	0.0	0.0	0.0	0.0002	0.00021	4e-05	4e-05	0.0001	9e-05	3e-05	9e-05	0.00022	0.00017	1e-05	3e-05	0.00015	0.0001	9e-05	
0.11613	0.06577	0.12902	0.06591	0.19127	0.56071	0.04403	0.5606	0.10636	0.53176	0.13776	0.10636	0.164	9e-05	9e-05	9e-05	9e-05	9e-05	9e-05	9e-05	9e-05	0.54436	9e-05	0.13776	9e-05	9e-05	9e-05	9e-05	9e-05	9e-05	9e-05	1.00005	9e-05	9e-05	9e-05	0.0	0.27608	0.11611	0.05234	1.00005	0.21678	0.12519	0.16787	0.11611	0.41044	0.20454	1.00005	0.0	9e-05	0.0	9e-05	9e-05	9e-05	9e-05	0.0	9e-05	0.05902	9e-05	0.38788	0.01644	0.09047	0.06614	0.14888	0.12639	9e-05	1.00005	9e-05	9e-05	9e-05	9e-05	0.19134	0.17471	0.27141	0.05234	0.13776	1.00005	0.10636	1.00005	0.10806	0.4964	0.18597	0.24567	0.2437	0.13776	0.09338	
0.00013	0.00041	9e-05	0.00012	0.0002	9e-05	3e-05	4e-05	3e-05	0.00021	0.0001	3e-05	8e-05	0.0	0.0	0.0	0.0	0.0	0.0	0.0	0.0	0.0001	0.0	0.0001	0.0	0.0	0.0	0.0	0.0	0.0	0.0	9e-05	0.0	0.0	0.0	0.0	3e-05	4e-05	8e-05	9e-05	7e-05	0.00017	5e-05	4e-05	8e-05	2e-05	9e-05	0.0	0.0	0.0	0.0	0.0	0.0	0.0	9e-05	0.0	9e-05	0.0	0.00016	0.00026	0.00021	4e-05	3e-05	0.00029	0.0	9e-05	0.0	0.0	0.0	0.0	0.0002	0.00021	4e-05	4e-05	0.0001	9e-05	3e-05	9e-05	0.00022	0.00017	1e-05	3e-05	0.00015	0.0001	9e-05	
0.26157	0.05968	0.11456	0.05946	0.18154	0.08922	0.01176	0.08921	0.09561	0.10265	0.2124	0.09561	0.18656	9e-05	9e-05	9e-05	9e-05	9e-05	9e-05	9e-05	9e-05	0.51478	9e-05	0.2124	9e-05	9e-05	9e-05	9e-05	9e-05	9e-05	9e-05	0.05902	9e-05	9e-05	9e-05	0.0	0.07187	0.2614	0.04765	0.05902	0.3703	0.41053	0.14932	0.2614	0.18565	0.85452	0.05902	0.0	9e-05	0.0	9e-05	9e-05	9e-05	9e-05	0.05902	9e-05	0.0	9e-05	0.0964	0.01522	0.00536	0.05966	0.13284	0.11323	9e-05	0.05902	9e-05	9e-05	9e-05	9e-05	0.18148	0.15351	0.11232	0.04765	0.2124	0.05902	0.09561	0.05902	0.51393	0.18167	0.56471	0.23834	0.21411	0.2124	0.54362	
0.00013	0.00041	9e-05	0.00012	0.0002	9e-05	3e-05	4e-05	3e-05	0.00021	0.0001	3e-05	8e-05	0.0	0.0	0.0	0.0	0.0	0.0	0.0	0.0	0.0001	0.0	0.0001	0.0	0.0	0.0	0.0	0.0	0.0	0.0	9e-05	0.0	0.0	0.0	0.0	3e-05	4e-05	8e-05	9e-05	7e-05	0.00017	5e-05	4e-05	8e-05	2e-05	9e-05	0.0	0.0	0.0	0.0	0.0	0.0	0.0	9e-05	0.0	9e-05	0.0	0.00016	0.00026	0.00021	4e-05	3e-05	0.00029	0.0	9e-05	0.0	0.0	0.0	0.0	0.0002	0.00021	4e-05	4e-05	0.0001	9e-05	3e-05	9e-05	0.00022	0.00017	1e-05	3e-05	0.00015	0.0001	9e-05	
0.37864	0.38977	0.27864	0.20586	0.65536	0.44611	0.16014	0.57119	0.18264	0.72967	0.20227	0.18264	0.63048	0.00016	0.00016	0.00016	0.00016	0.00016	0.00016	0.00016	0.00016	0.37375	0.00016	0.20227	0.00016	0.00016	0.00016	0.00016	0.00016	0.00016	0.00016	0.38788	0.00016	0.00016	0.00016	0.0	0.37864	0.26891	0.14558	0.38788	0.46505	0.41773	0.10872	0.26891	0.43157	0.46109	0.38788	0.0	0.00016	0.0	0.00016	0.00016	0.00016	0.00016	0.38788	0.00016	0.0964	0.00016	0.0	0.0473	0.24239	0.2098	0.10614	0.38608	0.00016	0.38788	0.00016	0.00016	0.00016	0.00016	0.52363	0.42804	0.38543	0.24471	0.20227	0.38788	0.18264	0.38788	0.37489	0.65457	0.55355	0.66068	0.20194	0.20227	0.34341	
0.02631	0.1086	0.0485	0.15116	0.05922	0.02108	0.02527	0.02105	0.02441	0.06307	0.04767	0.02441	0.03138	0.00026	0.00026	0.00026	0.00026	0.00026	0.00026	0.00026	0.00026	0.02232	0.00026	0.04767	0.00026	0.00026	0.00026	0.00026	0.00026	0.00026	0.00026	0.01644	0.00026	0.00026	0.00026	0.0	0.01765	0.02625	0.01386	0.01644	0.03716	0.05245	0.03994	0.02625	0.03607	0.05435	0.01644	0.0	0.00026	0.0	0.00026	0.00026	0.00026	0.00026	0.01644	0.00026	0.01522	0.00026	0.0473	0.0	0.07382	0.01531	0.03221	0.05197	0.00026	0.01644	0.00026	0.00026	0.00026	0.00026	0.05922	0.05938	0.02796	0.01383	0.04767	0.01644	0.02441	0.01644	0.06432	0.03495	0.04232	0.06284	0.03013	0.04767	0.01998	
0.00938	0.44739	0.04858	0.14026	0.33106	0.14653	0.16034	0.14654	0.15321	0.31304	0.38995	0.15321	0.0709	0.00021	0.00021	0.00021	0.00021	0.00021	0.00021	0.00021	0.00021	0.06371	0.00021	0.38995	0.00021	0.00021	0.00021	0.00021	0.00021	0.00021	0.00021	0.09047	0.00021	0.00021	0.00021	0.0	0.11509	0.00934	0.07187	0.09047	0.04141	0.35412	0.00255	0.00934	0.26579	0.2871	0.09047	0.0	0.00021	0.0	0.00021	0.00021	0.00021	0.00021	0.09047	0.00021	0.00536	0.00021	0.24239	0.07382	0.0	0.09357	0.01309	0.08675	0.00021	0.09047	0.00021	0.00021	0.00021	0.00021	0.33104	0.32064	0.18333	0.07188	0.38995	0.09047	0.15321	0.09047	0.43243	0.09393	0.22475	0.20201	0.01817	0.38995	0.04998	
0.19647	0.06686	0.47162	0.47004	0.17823	0.41359	0.13696	0.18141	0.37381	0.12581	0.14506	0.37381	0.25634	4e-05	4e-05	4e-05	4e-05	4e-05	4e-05	4e-05	4e-05	0.11665	4e-05	0.14506	4e-05	4e-05	4e-05	4e-05	4e-05	4e-05	4e-05	0.06614	4e-05	4e-05	4e-05	0.0	0.17302	0.13686	0.62428	0.06614	0.36538	0.18341	0.20655	0.13686	0.22873	0.21297	0.06614	0.0	4e-05	0.0	4e-05	4e-05	4e-05	4e-05	0.06614	4e-05	0.05966	4e-05	0.2098	0.01531	0.09357	0.0	0.23661	0.13761	4e-05	0.06614	4e-05	4e-05	4e-05	4e-05	0.17243	0.26481	0.13739	0.19305	0.14506	0.06614	0.37381	0.06614	0.11745	0.17797	0.46151	0.20328	0.14406	0.14506	0.41769	
0.00041	0.0004	0.15841	0.16489	0.00043	0.20121	0.00115	0.20122	0.45265	0.11397	0.05983	0.45265	0.12797	3e-05	3e-05	3e-05	3e-05	3e-05	3e-05	3e-05	3e-05	0.29763	3e-05	0.05983	3e-05	3e-05	3e-05	3e-05	3e-05	3e-05	3e-05	0.14888	3e-05	3e-05	3e-05	0.0	0.17799	0.00036	0.16735	0.14888	0.16241	0.11634	0.13111	0.00036	0.53213	0.15728	0.14888	0.0	3e-05	0.0	3e-05	3e-05	3e-05	3e-05	0.14888	3e-05	0.13284	3e-05	0.10614	0.03221	0.01309	0.23661	0.0	0.05695	3e-05	0.14888	3e-05	3e-05	3e-05	3e-05	0.00043	0.43815	6e-05	0.16742	0.05983	0.14888	0.45265	0.14888	0.09978	0.11122	0.24334	0.00035	0.3859	0.05983	0.19324	
0.25001	0.27258	0.33868	0.13691	0.29778	0.21857	0.00635	0.2055	0.00863	0.24406	0.01903	0.00863	0.27051	0.00029	0.00029	0.00029	0.00029	0.00029	0.00029	0.00029	0.00029	0.23997	0.00029	0.01903	0.00029	0.00029	0.00029	0.00029	0.00029	0.00029	0.00029	0.12639	0.00029	0.00029	0.00029	0.0	0.1902	0.0043	0.09898	0.12639	0.30913	0.23059	0.0873	0.0043	0.11893	0.62006	0.12639	0.0	0.00029	0.0	0.00029	0.00029	0.00029	0.00029	0.12639	0.00029	0.11323	0.00029	0.38608	0.05197	0.08675	0.13761	0.05695	0.0	0.00029	0.12639	0.00029	0.00029	0.00029	0.00029	0.31072	0.32789	0.00185	0.20113	0.01903	0.12639	0.00863	0.12639	0.24032	0.63027	0.17657	0.23326	0.30784	0.01903	0.20105	
0.00013	0.00041	9e-05	0.00012	0.0002	9e-05	3e-05	4e-05	3e-05	0.00021	0.0001	3e-05	8e-05	0.0	0.0	0.0	0.0	0.0	0.0	0.0	0.0	0.0001	0.0	0.0001	0.0	0.0	0.0	0.0	0.0	0.0	0.0	9e-05	0.0	0.0	0.0	0.0	3e-05	4e-05	8e-05	9e-05	7e-05	0.00017	5e-05	4e-05	8e-05	2e-05	9e-05	0.0	0.0	0.0	0.0	0.0	0.0	0.0	9e-05	0.0	9e-05	0.0	0.00016	0.00026	0.00021	4e-05	3e-05	0.00029	0.0	9e-05	0.0	0.0	0.0	0.0	0.0002	0.00021	4e-05	4e-05	0.0001	9e-05	3e-05	9e-05	0.00022	0.00017	1e-05	3e-05	0.00015	0.0001	9e-05	
0.11613	0.06577	0.12902	0.06591	0.19127	0.56071	0.04403	0.5606	0.10636	0.53176	0.13776	0.10636	0.164	9e-05	9e-05	9e-05	9e-05	9e-05	9e-05	9e-05	9e-05	0.54436	9e-05	0.13776	9e-05	9e-05	9e-05	9e-05	9e-05	9e-05	9e-05	1.00005	9e-05	9e-05	9e-05	0.0	0.27608	0.11611	0.05234	1.00005	0.21678	0.12519	0.16787	0.11611	0.41044	0.20454	1.00005	0.0	9e-05	0.0	9e-05	9e-05	9e-05	9e-05	1.00005	9e-05	0.05902	9e-05	0.38788	0.01644	0.09047	0.06614	0.14888	0.12639	9e-05	0.0	9e-05	9e-05	9e-05	9e-05	0.19134	0.17471	0.27141	0.05234	0.13776	1.00005	0.10636	1.00005	0.10806	0.4964	0.18597	0.24567	0.2437	0.13776	0.09338	
0.00013	0.00041	9e-05	0.00012	0.0002	9e-05	3e-05	4e-05	3e-05	0.00021	0.0001	3e-05	8e-05	0.0	0.0	0.0	0.0	0.0	0.0	0.0	0.0	0.0001	0.0	0.0001	0.0	0.0	0.0	0.0	0.0	0.0	0.0	9e-05	0.0	0.0	0.0	0.0	3e-05	4e-05	8e-05	9e-05	7e-05	0.00017	5e-05	4e-05	8e-05	2e-05	9e-05	0.0	0.0	0.0	0.0	0.0	0.0	0.0	9e-05	0.0	9e-05	0.0	0.00016	0.00026	0.00021	4e-05	3e-05	0.00029	0.0	9e-05	0.0	0.0	0.0	0.0	0.0002	0.00021	4e-05	4e-05	0.0001	9e-05	3e-05	9e-05	0.00022	0.00017	1e-05	3e-05	0.00015	0.0001	9e-05	
0.00013	0.00041	9e-05	0.00012	0.0002	9e-05	3e-05	4e-05	3e-05	0.00021	0.0001	3e-05	8e-05	0.0	0.0	0.0	0.0	0.0	0.0	0.0	0.0	0.0001	0.0	0.0001	0.0	0.0	0.0	0.0	0.0	0.0	0.0	9e-05	0.0	0.0	0.0	0.0	3e-05	4e-05	8e-05	9e-05	7e-05	0.00017	5e-05	4e-05	8e-05	2e-05	9e-05	0.0	0.0	0.0	0.0	0.0	0.0	0.0	9e-05	0.0	9e-05	0.0	0.00016	0.00026	0.00021	4e-05	3e-05	0.00029	0.0	9e-05	0.0	0.0	0.0	0.0	0.0002	0.00021	4e-05	4e-05	0.0001	9e-05	3e-05	9e-05	0.00022	0.00017	1e-05	3e-05	0.00015	0.0001	9e-05	
0.00013	0.00041	9e-05	0.00012	0.0002	9e-05	3e-05	4e-05	3e-05	0.00021	0.0001	3e-05	8e-05	0.0	0.0	0.0	0.0	0.0	0.0	0.0	0.0	0.0001	0.0	0.0001	0.0	0.0	0.0	0.0	0.0	0.0	0.0	9e-05	0.0	0.0	0.0	0.0	3e-05	4e-05	8e-05	9e-05	7e-05	0.00017	5e-05	4e-05	8e-05	2e-05	9e-05	0.0	0.0	0.0	0.0	0.0	0.0	0.0	9e-05	0.0	9e-05	0.0	0.00016	0.00026	0.00021	4e-05	3e-05	0.00029	0.0	9e-05	0.0	0.0	0.0	0.0	0.0002	0.00021	4e-05	4e-05	0.0001	9e-05	3e-05	9e-05	0.00022	0.00017	1e-05	3e-05	0.00015	0.0001	9e-05	
0.00013	0.00041	9e-05	0.00012	0.0002	9e-05	3e-05	4e-05	3e-05	0.00021	0.0001	3e-05	8e-05	0.0	0.0	0.0	0.0	0.0	0.0	0.0	0.0	0.0001	0.0	0.0001	0.0	0.0	0.0	0.0	0.0	0.0	0.0	9e-05	0.0	0.0	0.0	0.0	3e-05	4e-05	8e-05	9e-05	7e-05	0.00017	5e-05	4e-05	8e-05	2e-05	9e-05	0.0	0.0	0.0	0.0	0.0	0.0	0.0	9e-05	0.0	9e-05	0.0	0.00016	0.00026	0.00021	4e-05	3e-05	0.00029	0.0	9e-05	0.0	0.0	0.0	0.0	0.0002	0.00021	4e-05	4e-05	0.0001	9e-05	3e-05	9e-05	0.00022	0.00017	1e-05	3e-05	0.00015	0.0001	9e-05	
0.08034	0.49832	0.1829	0.21369	0.33448	0.50075	0.08691	0.25718	0.07167	0.53936	0.31719	0.07167	0.31164	0.0002	0.0002	0.0002	0.0002	0.0002	0.0002	0.0002	0.0002	0.27488	0.0002	0.31719	0.0002	0.0002	0.0002	0.0002	0.0002	0.0002	0.0002	0.19134	0.0002	0.0002	0.0002	0.0	0.20839	0.61937	0.14276	0.19134	0.38008	0.48804	0.00316	0.61937	0.34467	1.15701	0.19134	0.0	0.0002	0.0	0.0002	0.0002	0.0002	0.0002	0.19134	0.0002	0.18148	0.0002	0.52363	0.05922	0.33104	0.17243	0.00043	0.31072	0.0002	0.19134	0.0002	0.0002	0.0002	0.0002	0.0	0.33261	0.08658	0.15418	0.31719	0.19134	0.07167	0.19134	0.53848	0.33376	0.42254	0.17954	0.09219	0.31719	0.24262	
0.07846	0.49973	0.41758	0.23877	0.33261	0.25527	0.07558	0.25531	0.60811	0.51851	0.28626	0.60811	0.30976	0.00021	0.00021	0.00021	0.00021	0.00021	0.00021	0.00021	0.00021	0.50129	0.00021	0.28626	0.00021	0.00021	0.00021	0.00021	0.00021	0.00021	0.00021	0.17471	0.00021	0.00021	0.00021	0.0	0.21269	0.07845	0.16894	0.17471	0.37837	0.46974	0.44208	0.07845	0.5594	0.35392	0.17471	0.0	0.00021	0.0	0.00021	0.00021	0.00021	0.00021	0.17471	0.00021	0.15351	0.00021	0.42804	0.05938	0.32064	0.26481	0.43815	0.32789	0.00021	0.17471	0.00021	0.00021	0.00021	0.00021	0.33261	0.0	0.0847	0.16903	0.28626	0.17471	0.60811	0.17471	0.50273	0.33188	0.41973	0.17674	0.63895	0.28626	0.24074	
0.24779	0.12672	0.07017	0.13094	0.62874	0.236	0.29899	0.71083	0.00886	0.24335	0.30761	0.00886	0.26979	4e-05	4e-05	4e-05	4e-05	4e-05	4e-05	4e-05	4e-05	0.23918	4e-05	0.30761	4e-05	4e-05	4e-05	4e-05	4e-05	4e-05	4e-05	0.27141	4e-05	4e-05	4e-05	0.0	0.40686	0.00444	0.09818	0.27141	0.15379	0.30493	0.00155	0.00444	0.27906	0.1633	0.27141	0.0	4e-05	0.0	4e-05	4e-05	4e-05	4e-05	0.27141	4e-05	0.11232	4e-05	0.38543	0.02796	0.18333	0.13739	6e-05	0.00185	4e-05	0.27141	4e-05	4e-05	4e-05	4e-05	0.08658	0.0847	0.0	0.20256	0.30761	0.27141	0.00886	0.27141	0.23967	0.2962	0.69886	1.03747	0.01875	0.30761	0.1993	
