0.0	0.00111	0.33605	0.33604	0.05144	0.00111	0.00111	0.00111	0.00111	0.00111	0.00111	0.00111	0.00111	0.23479	0.00438	0.33604	0.0481	0.0	0.0	0.00111	0.00111	0.00111	0.00111	0.00111	0.00111	0.00111	0.00111	0.00111	0.00111	0.00111	0.00111	0.00111	0.0644	0.00111	0.23479	0.00111	0.00111	0.0	1.16318	0.01199	0.00176	0.0	0.00176	0.01494	0.08516	0.00412	0.00408	0.07798	0.00176	0.0051	0.0	0.0	0.0	0.40359	0.00111	0.03242	0.23479	0.00438	0.00111	0.00111	0.01447	0.00111	0.00111	0.00111	0.14296	0.00111	0.02695	0.14297	0.00111	0.00111	0.00111	0.00111	0.00179	0.00438	0.08516	0.00111	0.33605	0.33605	0.00438	0.44005	0.0	0.00111	0.00111	0.00111	0.00111	0.00111	0.33604	0.33605	0.00111	0.33605	0.0	0.0779	0.00111	0.23479	0.00026	
0.00111	0.0	0.00074	0.00074	0.00193	0.0	0.0	0.0	0.0	0.0	0.0	0.0	0.0	0.00039	0.00021	0.00074	0.00213	0.0	0.0	0.0	0.0	0.0	0.0	0.0	0.0	0.0	0.0	0.0	0.0	0.0	0.0	0.0	0.00142	0.0	0.00039	0.0	0.0	0.00111	0.00036	0.00115	0.0	0.0	0.0	8e-05	0.00245	0.00026	0.00032	0.0	0.0	4e-05	0.0	0.0	0.0	0.0	0.0	3e-05	0.00039	0.00021	0.0	0.0	0.00016	0.0	0.0	0.0	0.00177	0.0	0.00111	0.00177	0.0	0.0	0.0	0.0	1e-05	0.00021	0.00245	0.0	0.00074	0.00074	0.00021	6e-05	0.00111	0.0	0.0	0.0	0.0	0.0	0.00074	0.00074	0.0	0.00074	0.00111	1e-05	0.0	0.00039	0.0	
0.33605	0.00074	0.0	0.30752	0.07889	0.13406	0.00074	0.00074	0.0	0.00074	0.00074	0.00074	0.00074	0.00624	0.16382	0.0	0.0	0.0	0.0	0.00074	0.00074	0.00074	0.0	0.00074	0.00074	0.0	0.00074	0.00074	0.00074	0.00074	0.00074	0.00074	0.0233	0.00074	0.00335	0.00183	0.0	0.33604	0.16914	0.00539	0.00071	0.0	0.00071	0.10883	0.52719	0.10108	0.06263	0.05454	0.00071	0.69046	0.0	0.03673	0.29272	0.11593	0.00074	0.28229	0.0	0.07082	0.00074	0.00074	0.05548	0.00074	0.00074	0.0	0.04467	0.0	0.0	0.01326	0.00074	0.00074	0.00074	0.0	0.3877	0.0909	0.0	0.00074	0.55685	0.0	0.0	0.04481	0.12376	0.00251	0.00074	0.00074	0.00074	0.0	0.0	0.0	0.00074	0.0	0.10604	0.47118	0.03473	0.0	0.0164	
0.33604	0.00074	0.30752	0.0	0.02921	0.00074	0.00074	0.00074	0.00074	0.00074	0.00074	0.00183	0.01518	0.07294	0.16382	0.0	0.12044	0.0	0.0	0.01881	0.00074	0.0	0.00074	0.0	0.00074	0.00074	0.00074	0.00074	0.00074	0.00074	0.0	0.00074	0.0233	0.0	0.00624	0.00074	0.00074	0.33605	0.54637	0.01162	0.01198	0.0	0.0	0.41332	0.11553	0.10107	0.10179	0.02545	0.00071	0.0	0.32307	0.32307	0.32307	0.11595	0.00074	0.13017	0.01473	0.0	0.00074	0.00074	0.0	0.03627	0.00074	0.00074	0.01441	0.00074	0.00171	0.07997	0.00074	0.0	0.0	0.00074	0.20646	0.16381	0.52719	0.00074	0.0	0.19145	0.16383	0.0	0.33604	0.00074	0.0	0.00074	0.00074	0.00074	0.0	0.0	0.0	0.30753	0.33604	0.08893	0.00074	0.01473	7e-05	
0.05144	0.00193	0.07889	0.02921	0.0	0.0	0.00193	0.00193	0.0	0.00193	0.00193	0.00792	0.00138	0.11985	0.41683	0.00508	0.07205	0.00745	0.0	2e-05	0.00193	0.00051	0.0	0.00051	0.00193	0.0	0.00193	0.00193	0.00193	0.00193	0.00051	0.00193	0.03931	0.00051	0.05639	0.14908	0.0	0.05144	0.00328	0.00502	0.01148	0.0	0.00382	0.09258	0.00273	0.03314	0.0656	0.59613	0.00045	0.09559	0.0	0.35505	0.04586	0.20526	0.00193	0.58499	0.0	0.20082	0.00193	0.00193	0.00702	0.02717	0.00193	0.0	0.02606	0.0	0.0	0.01032	0.00193	0.00068	0.00051	0.0	0.22741	0.09143	0.00118	0.00193	0.10924	0.03044	0.10754	0.00592	0.0194	0.0015	0.00051	0.00193	0.00193	0.0	0.00508	0.06374	0.00051	0.02136	0.05255	0.18803	0.09078	0.0	0.01665	
0.00111	0.0	0.13406	0.00074	0.0	0.0	0.0	0.0	0.0	0.0	0.0	0.03045	0.02446	0.03389	0.00021	0.00074	0.00213	0.0	0.0	0.00814	0.0	1e-05	0.0	1e-05	0.0	0.0	0.0	0.0	0.0	0.0	1e-05	0.0	0.00142	1e-05	0.0	0.0	0.0	0.00111	0.01768	0.0005	0.03279	0.0	0.00433	0.00373	0.00071	0.00026	0.00032	0.00968	0.0	1e-05	0.0	0.0	0.0	0.0	0.0	0.04346	0.00039	0.14927	0.0	0.0	0.06776	0.09287	0.0	0.0	0.00054	0.0	0.16518	0.0192	0.0	0.068	1e-05	0.0	0.0	0.00021	0.00246	0.0	0.16989	0.02573	0.00021	0.05935	0.00111	0.0	1e-05	0.0	0.0	0.0	0.00074	0.16989	1e-05	0.13406	0.00111	0.08609	0.0	0.00039	0.0	
0.00111	0.0	0.00074	0.00074	0.00193	0.0	0.0	0.0	0.0	0.0	0.0	0.0	0.0	0.00039	0.00021	0.00074	0.00213	0.0	0.0	0.0	0.0	0.0	0.0	0.0	0.0	0.0	0.0	0.0	0.0	0.0	0.0	0.0	0.00142	0.0	0.00039	0.0	0.0	0.00111	0.00036	0.00115	0.0	0.0	0.0	8e-05	0.00246	0.00026	0.00032	0.0	0.0	4e-05	0.0	0.0	0.0	0.0	0.0	3e-05	0.00039	0.00021	0.0	0.0	0.00016	0.0	0.0	0.0	0.00177	0.0	0.00111	0.00177	0.0	0.0	0.0	0.0	1e-05	0.00021	0.00246	0.0	0.00074	0.00074	0.00021	6e-05	0.00111	0.0	0.0	0.0	0.0	0.0	0.00074	0.00074	0.0	0.00074	0.00111	1e-05	0.0	0.00039	0.0	
0.00111	0.0	0.00074	0.00074	0.00193	0.0	0.0	0.0	0.0	0.0	0.0	0.0	0.0	0.00039	0.00021	0.00074	0.00213	0.0	0.0	0.0	0.0	0.0	0.0	0.0	0.0	0.0	0.0	0.0	0.0	0.0	0.0	0.0	0.00142	0.0	0.00039	0.0	0.0	0.00111	0.00036	0.00115	0.0	0.0	0.0	8e-05	0.00245	0.00026	0.00032	0.0	0.0	4e-05	0.0	0.0	0.0	0.0	0.0	3e-05	0.00039	0.00021	0.0	0.0	0.00016	0.0	0.0	0.0	0.00177	0.0	0.00111	0.00177	0.0	0.0	0.0	0.0	1e-05	0.00021	0.00245	0.0	0.00074	0.00074	0.00021	6e-05	0.00111	0.0	0.0	0.0	0.0	0.0	0.00074	0.00074	0.0	0.00074	0.00111	1e-05	0.0	0.00039	0.0	
0.00111	0.0	0.0	0.00074	0.0	0.0	0.0	0.0	0.0	0.0	0.0	0.00039	0.00014	0.00021	0.00021	0.00074	0.00213	0.0	0.0	0.00111	0.0	0.0	0.0	0.0	0.0	0.0	0.0	0.0	0.0	0.0	0.0	0.0	0.00142	0.0	0.0	0.0	0.0	0.00111	5e-05	0.00148	0.00015	0.0	0.0	1e-05	0.0	0.00026	0.00032	0.00039	0.0	5e-05	0.0	0.0	0.0	0.0	0.0	0.0	0.00039	0.0	0.0	0.0	0.0	0.00021	0.0	0.0	0.00252	0.0	0.0	0.00045	0.0	0.00074	0.0	0.0	0.0	0.00021	0.00246	0.0	0.0	0.00111	0.00021	0.00016	0.00111	0.0	0.0	0.0	0.0	0.0	0.00074	0.0	0.0	0.0	0.00111	0.00111	0.0	0.00039	0.0	
0.00111	0.0	0.00074	0.00074	0.00193	0.0	0.0	0.0	0.0	0.0	0.0	0.0	0.0	0.00039	0.00021	0.00074	0.00213	0.0	0.0	0.0	0.0	0.0	0.0	0.0	0.0	0.0	0.0	0.0	0.0	0.0	0.0	0.0	0.00142	0.0	0.00039	0.0	0.0	0.00111	0.00036	0.00115	0.0	0.0	0.0	8e-05	0.00246	0.00026	0.00032	0.0	0.0	4e-05	0.0	0.0	0.0	0.0	0.0	3e-05	0.00039	0.00021	0.0	0.0	0.00016	0.0	0.0	0.0	0.00177	0.0	0.00111	0.00177	0.0	0.0	0.0	0.0	1e-05	0.00021	0.00246	0.0	0.00074	0.00074	0.00021	6e-05	0.00111	0.0	0.0	0.0	0.0	0.0	0.00074	0.00074	0.0	0.00074	0.00111	1e-05	0.0	0.00039	0.0	
0.00111	0.0	0.00074	0.00074	0.00193	0.0	0.0	0.0	0.0	0.0	0.0	0.0	0.0	0.00039	0.00021	0.00074	0.00213	0.0	0.0	0.0	0.0	0.0	0.0	0.0	0.0	0.0	0.0	0.0	0.0	0.0	0.0	0.0	0.00142	0.0	0.00039	0.0	0.0	0.00111	0.00036	0.00115	0.0	0.0	0.0	8e-05	0.00245	0.00026	0.00032	0.0	0.0	4e-05	0.0	0.0	0.0	0.0	0.0	3e-05	0.00039	0.00021	0.0	0.0	0.00016	0.0	0.0	0.0	0.00177	0.0	0.00111	0.00177	0.0	0.0	0.0	0.0	1e-05	0.00021	0.00245	0.0	0.00074	0.00074	0.00021	6e-05	0.00111	0.0	0.0	0.0	0.0	0.0	0.00074	0.00074	0.0	0.00074	0.00111	1e-05	0.0	0.00039	0.0	
0.00111	0.0	0.00074	0.00183	0.00792	0.03045	0.0	0.0	0.00039	0.0	0.0	0.0	0.0	0.0	0.00021	0.00624	0.03826	0.0	0.0	0.0	0.0	0.0	0.00039	0.0	0.0	0.00039	0.0	0.0	0.0	0.0	0.0	0.0	0.00142	0.0	0.05515	0.33718	0.00039	0.00111	0.00036	0.00115	0.0	0.0	0.0	0.02132	0.00245	0.00026	0.00369	0.00319	0.0	0.0	0.61331	0.0	0.0	0.0	0.0	3e-05	0.13561	0.00479	0.0	0.0	0.09785	0.0	0.0	0.00039	0.00177	0.00039	0.00269	0.02292	0.0	0.0	0.0	0.00039	0.0	0.02846	1e-05	0.0	0.00685	0.00624	0.02982	0.02164	0.05145	0.0	0.0	0.0	0.0	0.00039	0.00624	0.00074	0.0	0.00624	0.03422	1e-05	0.0	0.07773	0.02811	
0.00111	0.0	0.00074	0.01518	0.00138	0.02446	0.0	0.0	0.00014	0.0	0.0	0.0	0.0	0.0	0.00021	0.0	0.00527	0.0	0.0	0.0	0.0	0.0	0.00014	0.0	0.0	0.00014	0.0	0.0	0.0	0.0	0.0	0.0	0.00142	0.0	5e-05	0.01653	0.00014	0.00111	0.00036	0.00115	0.0	0.0	0.0	0.07562	0.00245	0.00026	0.00469	0.04263	0.0	0.0	0.04461	0.05321	0.0	0.0	0.0	3e-05	0.01059	0.00138	0.0	0.0	0.00856	0.0	0.0	0.00014	0.00177	0.00014	0.00389	0.06878	0.0	0.0	0.0	0.00014	4e-05	0.0012	0.02459	0.0	0.0039	0.0	0.00027	0.16547	0.0653	0.0	0.0	0.0	0.0	0.00014	0.0	0.00074	0.0	0.0	0.00136	1e-05	4e-05	0.02833	0.00886	
0.23479	0.00039	0.00624	0.07294	0.11985	0.03389	0.00039	0.00039	0.00021	0.00039	0.00039	0.0	0.0	0.0	0.10895	0.071	0.06312	0.0	0.0	0.0	0.00039	0.0	0.00021	0.0	0.00039	0.00021	0.00039	0.00039	0.00039	0.00039	0.0	0.00039	0.02023	0.0	0.46293	0.02981	0.00021	0.23479	0.00598	0.00441	0.36137	0.0	0.0	0.2556	0.09174	0.17529	0.11493	0.16336	0.00099	0.0	0.03777	0.02185	0.24117	0.10336	0.00039	0.02133	0.19652	0.86581	0.00039	0.00039	0.01027	0.0	0.00039	0.00021	0.00733	0.00021	0.0148	0.00962	0.00039	0.0	0.0	0.00021	0.02887	0.0	0.00193	0.00039	0.00097	0.04873	0.38476	0.12534	0.02989	0.015	0.0	0.00039	0.00039	0.00021	0.071	0.00183	0.0	0.0909	0.00973	0.01983	0.13949	0.09697	0.23894	
0.00438	0.00021	0.16382	0.16382	0.41683	0.00021	0.00021	0.00021	0.00021	0.00021	0.00021	0.00021	0.00021	0.10895	0.0	0.16382	0.19317	0.0	0.0	0.00021	0.00021	0.00021	0.00021	0.00021	0.00021	0.00021	0.00021	0.00021	0.00021	0.00021	0.00021	0.00021	0.12616	0.00021	0.10895	0.00021	0.00021	0.00438	0.00892	0.03111	0.01093	0.0	0.01094	0.26712	0.02313	0.05699	0.05703	0.30089	0.01093	0.0	0.00965	0.00965	0.00965	0.01738	0.00021	0.00202	0.10895	0.0	0.00021	0.00021	0.78669	0.00021	0.00021	0.00021	0.31436	0.00021	0.05635	0.31436	0.00021	0.00021	0.00021	0.00021	0.37454	0.0	0.02314	0.00021	0.16382	0.16382	0.0	0.07035	0.00438	0.00021	0.00021	0.00021	0.00021	0.00021	0.16382	0.16382	0.00021	0.16382	0.00438	0.71537	0.00021	0.10895	0.00539	
0.33604	0.00074	0.0	0.0	0.00508	0.00074	0.00074	0.00074	0.00074	0.00074	0.00074	0.00624	0.0	0.071	0.16382	0.0	0.12042	0.0	0.0	0.0	0.00074	0.0	0.00074	0.0	0.00074	0.00074	0.00074	0.00074	0.00074	0.00074	0.0	0.00074	0.0233	0.0	0.00183	0.00074	0.00074	0.33605	0.2395	0.00671	0.0	0.0	0.0	0.25056	0.31473	0.10107	0.10179	0.02678	0.00071	0.0	0.30324	0.30324	0.30324	0.11594	0.00074	0.0716	0.01473	0.03473	0.00074	0.00074	0.02869	0.09089	0.00074	0.00074	0.00866	0.00074	0.00251	0.08439	0.00074	0.3075	0.0	0.00074	0.18709	0.16382	0.5272	0.00074	0.15086	0.0	0.16382	0.00034	0.33605	0.00074	0.0	0.00074	0.00074	0.00074	0.0	0.15086	0.0	0.0	0.33605	0.04468	0.00074	0.01473	7e-05	
0.0481	0.00213	0.0	0.12044	0.07205	0.00213	0.00213	0.00213	0.00213	0.00213	0.00213	0.03826	0.00527	0.06312	0.19317	0.12042	0.0	0.0	0.0	0.0	0.00213	0.0	0.00213	0.0	0.00213	0.00213	0.00213	0.00213	0.00213	0.00213	0.0	0.00213	0.11543	0.0	0.02757	0.00213	0.00213	0.04809	0.41266	0.03418	0.0	0.0	0.0	0.00053	0.27402	0.11053	0.11	0.00148	0.01667	0.0	0.0	0.0	0.0	0.0	0.00213	0.0	0.00801	0.0	0.00213	0.00213	0.0	0.01904	0.00213	0.00213	0.37218	0.00213	0.06665	0.0	0.00213	0.06475	0.0	0.00213	0.06679	0.19316	0.35405	0.00213	0.03505	0.0	0.19318	0.11133	0.0481	0.00213	0.0	0.00213	0.00213	0.00213	0.12042	0.03505	0.0	0.0	0.0481	0.08845	0.00213	0.00801	0.01011	
0.0	0.0	0.0	0.0	0.00745	0.0	0.0	0.0	0.0	0.0	0.0	0.0	0.0	0.0	0.0	0.0	0.0	0.0	0.0	0.0	0.0	0.0	0.0	0.0	0.0	0.0	0.0	0.0	0.0	0.0	0.0	0.0	0.55904	0.0	0.0	0.0	0.0	0.0	0.15022	0.23708	0.0	0.0	0.0	0.08365	0.00261	0.04809	0.04592	0.0	0.0	0.02064	1.89868	1.87893	2.01986	0.0	0.0	0.11126	0.0	0.0	0.0	0.0	0.15489	0.0	0.0	0.0	0.0	0.0	0.0	0.0	0.0	0.0	0.0	0.0	0.06029	0.0	0.00216	0.0	0.0	0.0	0.0	0.0001	0.0	0.0	0.0	0.0	0.0	0.0	0.0	0.0	0.0	0.0	0.0	0.0	0.0	0.0	0.0	
0.0	0.0	0.0	0.0	0.0	0.0	0.0	0.0	0.0	0.0	0.0	0.0	0.0	0.0	0.0	0.0	0.0	0.0	0.0	0.0	0.0	0.0	0.0	0.0	0.0	0.0	0.0	0.0	0.0	0.0	0.0	0.0	0.0	0.0	0.0	0.0	0.0	0.0	0.0	0.0	0.0	0.0	0.0	0.0	0.0	0.0	0.0	0.0	0.0	0.02064	1.89774	1.87797	2.01898	0.0	0.0	0.0	0.0	0.0	0.0	0.0	0.0	0.0	0.0	0.0	0.0	0.0	0.0	0.0	0.0	0.0	0.0	0.0	0.06028	0.0	0.0	0.0	0.0	0.0	0.0	0.0	0.0	0.0	0.0	0.0	0.0	0.0	0.0	0.0	0.0	0.0	0.0	0.0	0.0	0.0	0.0	
0.00111	0.0	0.00074	0.01881	2e-05	0.00814	0.0	0.0	0.00111	0.0	0.0	0.0	0.0	0.0	0.00021	0.0	0.0	0.0	0.0	0.0	0.0	0.0	0.00111	0.0	0.0	0.00111	0.0	0.0	0.0	0.0	0.0	0.0	0.00142	0.0	0.01683	0.00204	0.00111	0.00111	0.00036	0.00115	0.0	0.0	0.0	0.06647	0.00245	0.00026	0.00099	4e-05	0.0	0.0	0.00832	0.00887	0.0	0.0	0.0	3e-05	0.01471	0.01011	0.0	0.0	0.00058	0.0	0.0	0.00111	0.00177	0.00111	0.00808	0.2493	0.0	0.0	0.0	0.00111	7e-05	0.0	0.00497	0.0	0.00072	0.0	0.09637	0.13331	0.05863	0.0	0.0	0.0	0.0	0.00111	0.0	0.00074	0.0	0.0	0.02058	1e-05	0.0148	0.00938	0.00813	
0.00111	0.0	0.00074	0.00074	0.00193	0.0	0.0	0.0	0.0	0.0	0.0	0.0	0.0	0.00039	0.00021	0.00074	0.00213	0.0	0.0	0.0	0.0	0.0	0.0	0.0	0.0	0.0	0.0	0.0	0.0	0.0	0.0	0.0	0.00142	0.0	0.00039	0.0	0.0	0.00111	0.00036	0.00115	0.0	0.0	0.0	8e-05	0.00246	0.00026	0.00032	0.0	0.0	4e-05	0.0	0.0	0.0	0.0	0.0	3e-05	0.00039	0.00021	0.0	0.0	0.00016	0.0	0.0	0.0	0.00177	0.0	0.00111	0.00177	0.0	0.0	0.0	0.0	1e-05	0.00021	0.00246	0.0	0.00074	0.00074	0.00021	6e-05	0.00111	0.0	0.0	0.0	0.0	0.0	0.00074	0.00074	0.0	0.00074	0.00111	1e-05	0.0	0.00039	0.0	
0.00111	0.0	0.00074	0.0	0.00051	1e-05	0.0	0.0	0.0	0.0	0.0	0.0	0.0	0.0	0.00021	0.0	0.0	0.0	0.0	0.0	0.0	0.0	0.0	0.0	0.0	0.0	0.0	0.0	0.0	0.0	0.0	0.0	0.00142	0.0	0.0	0.00039	0.0	0.00111	0.00036	0.00115	0.0	0.0	0.0	0.0	0.00245	0.00026	0.0	0.0007	0.0	0.0	5e-05	0.00041	0.0	0.0	0.0	3e-05	0.0	0.00113	0.0	0.0	0.00143	0.0	0.0	0.0	0.00177	0.0	0.0	0.0	0.0	0.0	0.0	0.0	0.0001	0.0	0.00074	0.0	1e-05	0.0	0.0	0.0	0.0	0.00111	0.0	0.0	0.0	0.0	0.0	0.00074	0.0	0.0	0.00111	1e-05	0.00021	0.00074	8e-05	
0.00111	0.0	0.0	0.00074	0.0	0.0	0.0	0.0	0.0	0.0	0.0	0.00039	0.00014	0.00021	0.00021	0.00074	0.00213	0.0	0.0	0.00111	0.0	0.0	0.0	0.0	0.0	0.0	0.0	0.0	0.0	0.0	0.0	0.0	0.00142	0.0	0.0	0.0	0.0	0.00111	5e-05	0.00148	0.00015	0.0	0.0	1e-05	0.0	0.00026	0.00032	0.00039	0.0	5e-05	0.0	0.0	0.0	0.0	0.0	0.0	0.00039	0.0	0.0	0.0	0.0	0.00021	0.0	0.0	0.00252	0.0	0.0	0.00045	0.0	0.00074	0.0	0.0	0.0	0.00021	0.00246	0.0	0.0	0.00111	0.00021	0.00016	0.00111	0.0	0.0	0.0	0.0	0.0	0.00074	0.0	0.0	0.0	0.00111	0.00111	0.0	0.00039	0.0	
0.00111	0.0	0.00074	0.0	0.00051	1e-05	0.0	0.0	0.0	0.0	0.0	0.0	0.0	0.0	0.00021	0.0	0.0	0.0	0.0	0.0	0.0	0.0	0.0	0.0	0.0	0.0	0.0	0.0	0.0	0.0	0.0	0.0	0.00142	0.0	0.0	0.00039	0.0	0.00111	0.00036	0.00115	0.0	0.0	0.0	0.0	0.00245	0.00026	0.0	0.0007	0.0	0.0	5e-05	0.00041	0.0	0.0	0.0	3e-05	0.0	0.00113	0.0	0.0	0.00143	0.0	0.0	0.0	0.00177	0.0	0.0	0.0	0.0	0.0	0.0	0.0	0.0001	0.0	0.00074	0.0	1e-05	0.0	0.0	0.0	0.0	0.00111	0.0	0.0	0.0	0.0	0.0	0.00074	0.0	0.0	0.00111	1e-05	0.00021	0.00074	8e-05	
0.00111	0.0	0.00074	0.00074	0.00193	0.0	0.0	0.0	0.0	0.0	0.0	0.0	0.0	0.00039	0.00021	0.00074	0.00213	0.0	0.0	0.0	0.0	0.0	0.0	0.0	0.0	0.0	0.0	0.0	0.0	0.0	0.0	0.0	0.00142	0.0	0.00039	0.0	0.0	0.00111	0.00036	0.00115	0.0	0.0	0.0	8e-05	0.00245	0.00026	0.00032	0.0	0.0	4e-05	0.0	0.0	0.0	0.0	0.0	3e-05	0.00039	0.00021	0.0	0.0	0.00016	0.0	0.0	0.0	0.00177	0.0	0.00111	0.00177	0.0	0.0	0.0	0.0	1e-05	0.00021	0.00245	0.0	0.00074	0.00074	0.00021	6e-05	0.00111	0.0	0.0	0.0	0.0	0.0	0.00074	0.00074	0.0	0.00074	0.00111	1e-05	0.0	0.00039	0.0	
0.00111	0.0	0.0	0.00074	0.0	0.0	0.0	0.0	0.0	0.0	0.0	0.00039	0.00014	0.00021	0.00021	0.00074	0.00213	0.0	0.0	0.00111	0.0	0.0	0.0	0.0	0.0	0.0	0.0	0.0	0.0	0.0	0.0	0.0	0.00142	0.0	0.0	0.0	0.0	0.00111	5e-05	0.00148	0.00015	0.0	0.0	1e-05	0.0	0.00026	0.00032	0.00039	0.0	5e-05	0.0	0.0	0.0	0.0	0.0	0.0	0.00039	0.0	0.0	0.0	0.0	0.00021	0.0	0.0	0.00252	0.0	0.0	0.00045	0.0	0.00074	0.0	0.0	0.0	0.00021	0.00246	0.0	0.0	0.00111	0.00021	0.00016	0.00111	0.0	0.0	0.0	0.0	0.0	0.00074	0.0	0.0	0.0	0.00111	0.00111	0.0	0.00039	0.0	
0.00111	0.0	0.00074	0.00074	0.00193	0.0	0.0	0.0	0.0	0.0	0.0	0.0	0.0	0.00039	0.00021	0.00074	0.00213	0.0	0.0	0.0	0.0	0.0	0.0	0.0	0.0	0.0	0.0	0.0	0.0	0.0	0.0	0.0	0.00142	0.0	0.00039	0.0	0.0	0.00111	0.00036	0.00115	0.0	0.0	0.0	8e-05	0.00246	0.00026	0.00032	0.0	0.0	4e-05	0.0	0.0	0.0	0.0	0.0	3e-05	0.00039	0.00021	0.0	0.0	0.00016	0.0	0.0	0.0	0.00177	0.0	0.00111	0.00177	0.0	0.0	0.0	0.0	1e-05	0.00021	0.00246	0.0	0.00074	0.00074	0.00021	6e-05	0.00111	0.0	0.0	0.0	0.0	0.0	0.00074	0.00074	0.0	0.00074	0.00111	1e-05	0.0	0.00039	0.0	
0.00111	0.0	0.00074	0.00074	0.00193	0.0	0.0	0.0	0.0	0.0	0.0	0.0	0.0	0.00039	0.00021	0.00074	0.00213	0.0	0.0	0.0	0.0	0.0	0.0	0.0	0.0	0.0	0.0	0.0	0.0	0.0	0.0	0.0	0.00142	0.0	0.00039	0.0	0.0	0.00111	0.00036	0.00115	0.0	0.0	0.0	8e-05	0.00245	0.00026	0.00032	0.0	0.0	4e-05	0.0	0.0	0.0	0.0	0.0	3e-05	0.00039	0.00021	0.0	0.0	0.00016	0.0	0.0	0.0	0.00177	0.0	0.00111	0.00177	0.0	0.0	0.0	0.0	1e-05	0.00021	0.00245	0.0	0.00074	0.00074	0.00021	6e-05	0.00111	0.0	0.0	0.0	0.0	0.0	0.00074	0.00074	0.0	0.00074	0.00111	1e-05	0.0	0.00039	0.0	
0.00111	0.0	0.00074	0.00074	0.00193	0.0	0.0	0.0	0.0	0.0	0.0	0.0	0.0	0.00039	0.00021	0.00074	0.00213	0.0	0.0	0.0	0.0	0.0	0.0	0.0	0.0	0.0	0.0	0.0	0.0	0.0	0.0	0.0	0.00142	0.0	0.00039	0.0	0.0	0.00111	0.00036	0.00115	0.0	0.0	0.0	8e-05	0.00245	0.00026	0.00032	0.0	0.0	4e-05	0.0	0.0	0.0	0.0	0.0	3e-05	0.00039	0.00021	0.0	0.0	0.00016	0.0	0.0	0.0	0.00177	0.0	0.00111	0.00177	0.0	0.0	0.0	0.0	1e-05	0.00021	0.00245	0.0	0.00074	0.00074	0.00021	6e-05	0.00111	0.0	0.0	0.0	0.0	0.0	0.00074	0.00074	0.0	0.00074	0.00111	1e-05	0.0	0.00039	0.0	
0.00111	0.0	0.00074	0.00074	0.00193	0.0	0.0	0.0	0.0	0.0	0.0	0.0	0.0	0.00039	0.00021	0.00074	0.00213	0.0	0.0	0.0	0.0	0.0	0.0	0.0	0.0	0.0	0.0	0.0	0.0	0.0	0.0	0.0	0.00142	0.0	0.00039	0.0	0.0	0.00111	0.00036	0.00115	0.0	0.0	0.0	8e-05	0.00246	0.00026	0.00032	0.0	0.0	4e-05	0.0	0.0	0.0	0.0	0.0	3e-05	0.00039	0.00021	0.0	0.0	0.00016	0.0	0.0	0.0	0.00177	0.0	0.00111	0.00177	0.0	0.0	0.0	0.0	1e-05	0.00021	0.00246	0.0	0.00074	0.00074	0.00021	6e-05	0.00111	0.0	0.0	0.0	0.0	0.0	0.00074	0.00074	0.0	0.00074	0.00111	1e-05	0.0	0.00039	0.0	
0.00111	0.0	0.00074	0.0	0.00051	1e-05	0.0	0.0	0.0	0.0	0.0	0.0	0.0	0.0	0.00021	0.0	0.0	0.0	0.0	0.0	0.0	0.0	0.0	0.0	0.0	0.0	0.0	0.0	0.0	0.0	0.0	0.0	0.00142	0.0	0.0	0.00039	0.0	0.00111	0.00036	0.00115	0.0	0.0	0.0	0.0	0.00245	0.00026	0.0	0.0007	0.0	0.0	5e-05	0.00041	0.0	0.0	0.0	3e-05	0.0	0.00113	0.0	0.0	0.00143	0.0	0.0	0.0	0.00177	0.0	0.0	0.0	0.0	0.0	0.0	0.0	0.0001	0.0	0.00074	0.0	1e-05	0.0	0.0	0.0	0.0	0.00111	0.0	0.0	0.0	0.0	0.0	0.00074	0.0	0.0	0.00111	1e-05	0.00021	0.00074	8e-05	
0.00111	0.0	0.00074	0.00074	0.00193	0.0	0.0	0.0	0.0	0.0	0.0	0.0	0.0	0.00039	0.00021	0.00074	0.00213	0.0	0.0	0.0	0.0	0.0	0.0	0.0	0.0	0.0	0.0	0.0	0.0	0.0	0.0	0.0	0.00142	0.0	0.00039	0.0	0.0	0.00111	0.00036	0.00115	0.0	0.0	0.0	8e-05	0.00246	0.00026	0.00032	0.0	0.0	4e-05	0.0	0.0	0.0	0.0	0.0	3e-05	0.00039	0.00021	0.0	0.0	0.00016	0.0	0.0	0.0	0.00177	0.0	0.00111	0.00177	0.0	0.0	0.0	0.0	1e-05	0.00021	0.00246	0.0	0.00074	0.00074	0.00021	6e-05	0.00111	0.0	0.0	0.0	0.0	0.0	0.00074	0.00074	0.0	0.00074	0.00111	1e-05	0.0	0.00039	0.0	
0.0644	0.00142	0.0233	0.0233	0.03931	0.00142	0.00142	0.00142	0.00142	0.00142	0.00142	0.00142	0.00142	0.02023	0.12616	0.0233	0.11543	0.55904	0.0	0.00142	0.00142	0.00142	0.00142	0.00142	0.00142	0.00142	0.00142	0.00142	0.00142	0.00142	0.00142	0.00142	0.0	0.00142	0.02023	0.00142	0.00142	0.0644	0.00022	0.20532	0.05878	0.0	0.05878	0.00073	0.04455	0.00166	0.00156	0.02341	0.05878	0.00032	0.0	0.0	0.0	0.0	0.00142	0.21981	0.02023	0.12616	0.00142	0.00142	0.26309	0.00142	0.00142	0.00142	0.04915	0.00142	0.01923	0.04915	0.00142	0.00142	0.00142	0.00142	0.00011	0.12616	0.04455	0.00142	0.0233	0.0233	0.12616	0.08168	0.0644	0.00142	0.00142	0.00142	0.00142	0.00142	0.0233	0.0233	0.00142	0.0233	0.0644	0.05827	0.00142	0.02023	0.00517	
0.00111	0.0	0.00074	0.0	0.00051	1e-05	0.0	0.0	0.0	0.0	0.0	0.0	0.0	0.0	0.00021	0.0	0.0	0.0	0.0	0.0	0.0	0.0	0.0	0.0	0.0	0.0	0.0	0.0	0.0	0.0	0.0	0.0	0.00142	0.0	0.0	0.00039	0.0	0.00111	0.00036	0.00115	0.0	0.0	0.0	0.0	0.00245	0.00026	0.0	0.0007	0.0	0.0	5e-05	0.00041	0.0	0.0	0.0	3e-05	0.0	0.00113	0.0	0.0	0.00143	0.0	0.0	0.0	0.00177	0.0	0.0	0.0	0.0	0.0	0.0	0.0	0.0001	0.0	0.00074	0.0	1e-05	0.0	0.0	0.0	0.0	0.00111	0.0	0.0	0.0	0.0	0.0	0.00074	0.0	0.0	0.00111	1e-05	0.00021	0.00074	8e-05	
0.23479	0.00039	0.00335	0.00624	0.05639	0.0	0.00039	0.00039	0.0	0.00039	0.00039	0.05515	5e-05	0.46293	0.10895	0.00183	0.02757	0.0	0.0	0.01683	0.00039	0.0	0.0	0.0	0.00039	0.0	0.00039	0.00039	0.00039	0.00039	0.0	0.00039	0.02023	0.0	0.0	0.0	0.0	0.23479	0.03541	0.0093	0.1148	0.0	0.02266	0.05702	0.21698	0.17529	0.21397	0.35275	0.00099	0.03038	0.0	0.65391	0.26373	0.10337	0.00039	0.14717	0.0	0.00391	0.00039	0.00039	0.09328	0.30879	0.00039	0.0	0.00471	0.0	0.0	0.00273	0.00039	0.03207	0.0	0.0	0.0	0.02982	0.01867	0.00039	0.00138	0.06995	0.02846	0.15311	0.07151	0.00204	0.0	0.00039	0.00039	0.0	0.00183	0.00941	0.0	0.02099	0.09956	0.00148	0.06732	0.0	0.0	
0.00111	0.0	0.00183	0.00074	0.14908	0.0	0.0	0.0	0.0	0.0	0.0	0.33718	0.01653	0.02981	0.00021	0.00074	0.00213	0.0	0.0	0.00204	0.0	0.00039	0.0	0.00039	0.0	0.0	0.0	0.0	0.0	0.0	0.00039	0.0	0.00142	0.00039	0.0	0.0	0.0	0.00111	0.08423	0.01623	0.0	0.0	0.00099	0.00155	0.02782	0.00026	0.00032	0.00133	0.0	2e-05	0.0	0.0	0.0	0.0	0.0	0.01623	0.00039	0.02982	0.0	0.0	0.03896	0.06731	0.0	0.0	0.02437	0.0	0.01471	0.09099	0.0	0.0098	0.00039	0.0	0.15352	0.00021	0.00245	0.0	0.00624	0.00751	0.00021	0.00453	0.00111	0.0	0.00039	0.0	0.0	0.0	0.00074	0.00624	0.00039	0.00183	0.00111	0.00614	0.0	0.00039	0.0	
0.00111	0.0	0.0	0.00074	0.0	0.0	0.0	0.0	0.0	0.0	0.0	0.00039	0.00014	0.00021	0.00021	0.00074	0.00213	0.0	0.0	0.00111	0.0	0.0	0.0	0.0	0.0	0.0	0.0	0.0	0.0	0.0	0.0	0.0	0.00142	0.0	0.0	0.0	0.0	0.00111	5e-05	0.00148	0.00015	0.0	0.0	1e-05	0.0	0.00026	0.00032	0.00039	0.0	5e-05	0.0	0.0	0.0	0.0	0.0	0.0	0.00039	0.0	0.0	0.0	0.0	0.00021	0.0	0.0	0.00252	0.0	0.0	0.00045	0.0	0.00074	0.0	0.0	0.0	0.00021	0.00246	0.0	0.0	0.00111	0.00021	0.00016	0.00111	0.0	0.0	0.0	0.0	0.0	0.00074	0.0	0.0	0.0	0.00111	0.00111	0.0	0.00039	0.0	
0.0	0.00111	0.33604	0.33605	0.05144	0.00111	0.00111	0.00111	0.00111	0.00111	0.00111	0.00111	0.00111	0.23479	0.00438	0.33605	0.04809	0.0	0.0	0.00111	0.00111	0.00111	0.00111	0.00111	0.00111	0.00111	0.00111	0.00111	0.00111	0.00111	0.00111	0.00111	0.0644	0.00111	0.23479	0.00111	0.00111	0.0	1.16312	0.01199	0.00176	0.0	0.00176	0.01494	0.08516	0.00412	0.00408	0.07798	0.00176	0.0051	0.0	0.0	0.0	0.40362	0.00111	0.03242	0.23479	0.00438	0.00111	0.00111	0.01446	0.00111	0.00111	0.00111	0.14297	0.00111	0.02695	0.14297	0.00111	0.00111	0.00111	0.00111	0.00179	0.00438	0.08516	0.00111	0.33604	0.33604	0.00438	0.44005	0.0	0.00111	0.00111	0.00111	0.00111	0.00111	0.33605	0.33604	0.00111	0.33604	0.0	0.0779	0.00111	0.23479	0.00026	
1.16318	0.00036	0.16914	0.54637	0.00328	0.01768	0.00036	0.00036	5e-05	0.00036	0.00036	0.00036	0.00036	0.00598	0.00892	0.2395	0.41266	0.15022	0.0	0.00036	0.00036	0.00036	5e-05	0.00036	0.00036	5e-05	0.00036	0.00036	0.00036	0.00036	0.00036	0.00036	0.00022	0.00036	0.03541	0.08423	5e-05	1.16312	0.0	0.03504	0.01275	0.0	0.01275	0.01239	0.02161	0.00574	0.09733	0.28463	0.00536	0.0	0.03927	0.0	0.0	0.21776	0.00036	0.1655	0.00519	0.03188	0.00036	0.00036	0.00534	0.00036	0.00036	5e-05	0.27405	5e-05	0.03787	0.18733	0.00036	0.00036	0.00036	5e-05	0.00143	0.00265	0.03845	0.00036	0.13509	0.2395	0.00395	0.80033	0.67152	0.0005	0.00036	0.00036	0.00036	5e-05	0.2395	0.16913	0.00036	0.23951	0.76682	0.02023	0.01901	0.02287	0.00453	
0.01199	0.00115	0.00539	0.01162	0.00502	0.0005	0.00115	0.00115	0.00148	0.00115	0.00115	0.00115	0.00115	0.00441	0.03111	0.00671	0.03418	0.23708	0.0	0.00115	0.00115	0.00115	0.00148	0.00115	0.00115	0.00148	0.00115	0.00115	0.00115	0.00115	0.00115	0.00115	0.20532	0.00115	0.0093	0.01623	0.00148	0.01199	0.03504	0.0	0.0	0.0	0.0	0.0	0.00701	0.02425	0.00103	0.03856	0.00577	0.0	0.00678	0.01205	0.0	0.0	0.00115	0.04289	0.00952	0.00021	0.00115	0.00115	0.26742	0.00115	0.00115	0.00148	0.01883	0.00148	0.12215	0.08761	0.00115	0.00115	0.00115	0.00148	0.00016	0.04581	0.00124	0.00115	0.0091	0.00671	0.04388	0.05633	0.02948	0.01882	0.00115	0.00115	0.00115	0.00148	0.00671	0.00539	0.00115	0.00671	0.0521	0.01476	0.00218	0.03022	0.02926	
0.00176	0.0	0.00071	0.01198	0.01148	0.03279	0.0	0.0	0.00015	0.0	0.0	0.0	0.0	0.36137	0.01093	0.0	0.0	0.0	0.0	0.0	0.0	0.0	0.00015	0.0	0.0	0.00015	0.0	0.0	0.0	0.0	0.0	0.0	0.05878	0.0	0.1148	0.0	0.00015	0.00176	0.01275	0.0	0.0	0.0	0.0	0.06174	0.00036	0.00891	0.05426	0.00738	0.0	0.61333	0.0	0.02893	0.0	0.0	0.0	0.01228	0.0	0.00703	0.0	0.0	0.03584	0.0	0.0	0.00015	0.01025	0.00015	0.00295	0.0	0.0	0.0	0.0	0.00015	5e-05	0.07485	0.00187	0.0	0.0132	0.0	0.0	0.0	0.0	0.0303	0.0	0.0	0.0	0.00015	0.0	0.00071	0.0	0.0	0.0376	0.00433	0.07751	0.05277	0.00093	
0.0	0.0	0.0	0.0	0.0	0.0	0.0	0.0	0.0	0.0	0.0	0.0	0.0	0.0	0.0	0.0	0.0	0.0	0.0	0.0	0.0	0.0	0.0	0.0	0.0	0.0	0.0	0.0	0.0	0.0	0.0	0.0	0.0	0.0	0.0	0.0	0.0	0.0	0.0	0.0	0.0	0.0	0.0	0.0	0.0	0.0	0.0	0.0	0.0	0.06711	1.05189	1.07238	0.94908	0.0	0.0	0.0	0.0	0.0	0.0	0.0	0.0	0.0	0.0	0.0	0.0	0.0	0.0	0.0	0.0	0.0	0.0	0.0	1.0561	0.0	0.0	0.0	0.0	0.0	0.0	0.0	0.0	0.0	0.0	0.0	0.0	0.0	0.0	0.0	0.0	0.0	0.0	0.0	0.0	0.0	0.0	
0.00176	0.0	0.00071	0.0	0.00382	0.00433	0.0	0.0	0.0	0.0	0.0	0.0	0.0	0.0	0.01094	0.0	0.0	0.0	0.0	0.0	0.0	0.0	0.0	0.0	0.0	0.0	0.0	0.0	0.0	0.0	0.0	0.0	0.05878	0.0	0.02266	0.00099	0.0	0.00176	0.01275	0.0	0.0	0.0	0.0	0.0	0.00036	0.00891	0.03142	0.01991	0.0	0.0	5e-05	0.00041	0.0	0.0	0.0	0.01228	0.0	0.00058	0.0	0.0	0.05878	0.0	0.0	0.0	0.01025	0.0	0.0	0.0	0.0	0.0	0.0	0.0	0.0001	0.0	0.00071	0.0	0.00433	0.0	0.0	0.0	0.0	0.00623	0.0	0.0	0.0	0.0	0.0	0.00071	0.0	0.0	0.00624	0.00433	0.01093	0.00071	0.04195	
0.01494	8e-05	0.10883	0.41332	0.09258	0.00373	8e-05	8e-05	1e-05	8e-05	8e-05	0.02132	0.07562	0.2556	0.26712	0.25056	0.00053	0.08365	0.0	0.06647	8e-05	0.0	1e-05	0.0	8e-05	1e-05	8e-05	8e-05	8e-05	8e-05	0.0	8e-05	0.00073	0.0	0.05702	0.00155	1e-05	0.01494	0.01239	0.0	0.06174	0.0	0.0	0.0	0.01805	0.10462	0.02572	0.15059	0.00927	0.0	0.05555	0.06168	0.02718	0.00516	8e-05	0.08154	0.06067	0.0	8e-05	8e-05	0.03372	0.12408	8e-05	1e-05	0.02817	1e-05	0.04259	0.00294	8e-05	0.0	0.0	1e-05	0.27512	0.56798	0.05278	8e-05	0.04121	0.18948	0.35852	0.01531	0.04485	0.00084	0.0	8e-05	8e-05	1e-05	0.25056	0.05095	0.0	0.1699	0.05394	0.55672	0.00717	0.04421	0.03144	
0.08516	0.00245	0.52719	0.11553	0.00273	0.00071	0.00246	0.00245	0.0	0.00246	0.00245	0.00245	0.00245	0.09174	0.02313	0.31473	0.27402	0.00261	0.0	0.00245	0.00246	0.00245	0.0	0.00245	0.00245	0.0	0.00246	0.00245	0.00245	0.00246	0.00245	0.00246	0.04455	0.00245	0.21698	0.02782	0.0	0.08516	0.02161	0.00701	0.00036	0.0	0.00036	0.01805	0.0	0.31866	0.11689	0.05427	0.00036	0.0	2e-05	0.0017	0.07168	0.2463	0.00245	0.06933	0.37207	0.01765	0.00246	0.00245	0.37016	0.00245	0.00245	0.0	0.09991	0.0	0.0006	7e-05	0.00245	0.00245	0.00245	0.0	0.37945	0.08819	0.0	0.00245	0.14937	0.31472	0.26135	0.07244	0.00037	0.01275	0.00245	0.00246	0.00245	0.0	0.31473	0.52719	0.00245	0.31471	0.02109	0.13394	0.0206	0.62965	0.00217	
0.00412	0.00026	0.10108	0.10107	0.03314	0.00026	0.00026	0.00026	0.00026	0.00026	0.00026	0.00026	0.00026	0.17529	0.05699	0.10107	0.11053	0.04809	0.0	0.00026	0.00026	0.00026	0.00026	0.00026	0.00026	0.00026	0.00026	0.00026	0.00026	0.00026	0.00026	0.00026	0.00166	0.00026	0.17529	0.00026	0.00026	0.00412	0.00574	0.02425	0.00891	0.0	0.00891	0.10462	0.31866	0.0	0.0006	0.05314	0.00944	0.0	0.00789	0.00789	0.00789	0.01261	0.00026	0.06804	0.17529	0.05699	0.00026	0.00026	0.23	0.00026	0.00026	0.00026	0.00392	0.00026	0.04417	0.00392	0.00026	0.00026	0.00026	0.00026	0.0	0.05699	0.31866	0.00026	0.10108	0.10108	0.05699	0.01439	0.00412	0.00026	0.00026	0.00026	0.00026	0.00026	0.10107	0.10108	0.00026	0.10108	0.00412	0.33667	0.00026	0.17529	0.00456	
0.00408	0.00032	0.06263	0.10179	0.0656	0.00032	0.00032	0.00032	0.00032	0.00032	0.00032	0.00369	0.00469	0.11493	0.05703	0.10179	0.11	0.04592	0.0	0.00099	0.00032	0.0	0.00032	0.0	0.00032	0.00032	0.00032	0.00032	0.00032	0.00032	0.0	0.00032	0.00156	0.0	0.21397	0.00032	0.00032	0.00408	0.09733	0.00103	0.05426	0.0	0.03142	0.02572	0.11689	0.0006	0.0	0.64116	0.00929	0.0	0.00792	0.00792	0.00792	0.01215	0.00032	0.02265	0.17418	0.18065	0.00032	0.00032	0.70605	0.0185	0.00032	0.00032	0.00491	0.00032	0.00245	0.00039	0.00032	0.00312	0.0	0.00032	0.0652	0.05703	0.31929	0.00032	0.07267	0.04903	0.05704	0.02851	0.00408	0.00032	0.0	0.00032	0.00032	0.00032	0.10179	0.07267	0.0	0.06263	0.00408	9e-05	0.00032	0.17418	0.00484	
0.07798	0.0	0.05454	0.02545	0.59613	0.00968	0.0	0.0	0.00039	0.0	0.0	0.00319	0.04263	0.16336	0.30089	0.02678	0.00148	0.0	0.0	4e-05	0.0	0.0007	0.00039	0.0007	0.0	0.00039	0.0	0.0	0.0	0.0	0.0007	0.0	0.02341	0.0007	0.35275	0.00133	0.00039	0.07798	0.28463	0.03856	0.00738	0.0	0.01991	0.15059	0.05427	0.05314	0.64116	0.0	0.00378	0.0	0.15996	0.17225	0.10123	0.01562	0.0	0.02058	0.0	0.24158	0.0	0.0	0.40344	0.00975	0.0	0.00039	0.01597	0.00039	0.02699	0.03646	0.0	0.00101	0.0007	0.00039	0.20711	0.16525	0.08905	0.0	0.07869	0.05338	0.21899	0.08756	0.17042	0.00058	0.0007	0.0	0.0	0.00039	0.02678	0.06734	0.0007	0.03939	0.18892	0.16363	0.00838	0.0	0.0319	
0.00176	0.0	0.00071	0.00071	0.00045	0.0	0.0	0.0	0.0	0.0	0.0	0.0	0.0	0.00099	0.01093	0.00071	0.01667	0.0	0.0	0.0	0.0	0.0	0.0	0.0	0.0	0.0	0.0	0.0	0.0	0.0	0.0	0.0	0.05878	0.0	0.00099	0.0	0.0	0.00176	0.00536	0.00577	0.0	0.0	0.0	0.00927	0.00036	0.00944	0.00929	0.00378	0.0	4e-05	0.0	0.0	0.0	0.0	0.0	0.01228	0.00099	0.01093	0.0	0.0	0.01281	0.0	0.0	0.0	0.01024	0.0	0.00624	0.01024	0.0	0.0	0.0	0.0	1e-05	0.01093	0.00036	0.0	0.00071	0.00071	0.01093	0.00706	0.00176	0.0	0.0	0.0	0.0	0.0	0.00071	0.00071	0.0	0.00071	0.00176	0.00433	0.0	0.00099	0.0	
0.0051	4e-05	0.69046	0.0	0.09559	1e-05	4e-05	4e-05	5e-05	4e-05	4e-05	0.0	0.0	0.0	0.0	0.0	0.0	0.02064	0.02064	0.0	4e-05	0.0	5e-05	0.0	4e-05	5e-05	4e-05	4e-05	4e-05	4e-05	0.0	4e-05	0.00032	0.0	0.03038	2e-05	5e-05	0.0051	0.0	0.0	0.61333	0.06711	0.0	0.0	0.0	0.0	0.0	0.0	4e-05	0.0	6e-05	8e-05	0.0	4e-05	4e-05	0.3311	0.0	0.0	4e-05	4e-05	0.0	0.0	4e-05	5e-05	0.0	5e-05	0.01433	0.0	4e-05	0.0	0.0	5e-05	0.19092	0.0	0.0	4e-05	0.0	0.45406	0.0	0.01775	0.00403	2e-05	0.0	4e-05	4e-05	5e-05	0.0	0.0	0.0	0.70008	0.00425	0.0	0.0	0.0	1e-05	
0.0	0.0	0.0	0.32307	0.0	0.0	0.0	0.0	0.0	0.0	0.0	0.61331	0.04461	0.03777	0.00965	0.30324	0.0	1.89868	1.89774	0.00832	0.0	5e-05	0.0	5e-05	0.0	0.0	0.0	0.0	0.0	0.0	5e-05	0.0	0.0	5e-05	0.0	0.0	0.0	0.0	0.03927	0.00678	0.0	1.05189	5e-05	0.05555	2e-05	0.00789	0.00792	0.15996	0.0	6e-05	0.0	0.0	0.0	0.0	0.0	0.0	0.26646	0.24746	0.0	0.0	0.11971	0.15098	0.0	0.0	0.01299	0.0	0.0	0.04041	0.0	0.02867	5e-05	0.0	0.0	0.0111	0.07317	0.0	0.67264	0.0	0.00841	0.0	0.0	0.0	5e-05	0.0	0.0	0.0	0.30324	0.66744	5e-05	0.0	0.0	0.25982	0.0	0.26206	0.0	
0.0	0.0	0.03673	0.32307	0.35505	0.0	0.0	0.0	0.0	0.0	0.0	0.0	0.05321	0.02185	0.00965	0.30324	0.0	1.87893	1.87797	0.00887	0.0	0.00041	0.0	0.00041	0.0	0.0	0.0	0.0	0.0	0.0	0.00041	0.0	0.0	0.00041	0.65391	0.0	0.0	0.0	0.0	0.01205	0.02893	1.07238	0.00041	0.06168	0.0017	0.00789	0.00792	0.17225	0.0	8e-05	0.0	0.0	0.0	0.0	0.0	0.1172	0.26647	0.0	0.0	0.0	0.0	0.0	0.0	0.0	0.00546	0.0	0.0	0.0	0.0	0.0	0.00041	0.0	0.19429	0.0111	0.07317	0.0	0.0	0.00581	0.00841	0.0002	0.0	0.0	0.00041	0.0	0.0	0.0	0.30324	0.0	0.00041	0.03798	0.0	0.0	0.0	0.26206	0.0	
0.0	0.0	0.29272	0.32307	0.04586	0.0	0.0	0.0	0.0	0.0	0.0	0.0	0.0	0.24117	0.00965	0.30324	0.0	2.01986	2.01898	0.0	0.0	0.0	0.0	0.0	0.0	0.0	0.0	0.0	0.0	0.0	0.0	0.0	0.0	0.0	0.26373	0.0	0.0	0.0	0.0	0.0	0.0	0.94908	0.0	0.02718	0.07168	0.00789	0.00792	0.10123	0.0	0.0	0.0	0.0	0.0	0.0	0.0	0.04328	0.26646	0.01171	0.0	0.0	0.01916	0.0	0.0	0.0	0.0	0.0	0.0	0.0	0.0	0.0	0.0	0.0	0.00024	0.01109	0.07317	0.0	0.31451	0.29088	0.00841	0.0	0.0	0.0	0.0	0.0	0.0	0.0	0.30324	0.312	0.0	0.28852	0.0	0.09945	0.0	0.26205	0.0	
0.40359	0.0	0.11593	0.11595	0.20526	0.0	0.0	0.0	0.0	0.0	0.0	0.0	0.0	0.10336	0.01738	0.11594	0.0	0.0	0.0	0.0	0.0	0.0	0.0	0.0	0.0	0.0	0.0	0.0	0.0	0.0	0.0	0.0	0.0	0.0	0.10337	0.0	0.0	0.40362	0.21776	0.0	0.0	0.0	0.0	0.00516	0.2463	0.01261	0.01215	0.01562	0.0	4e-05	0.0	0.0	0.0	0.0	0.0	8e-05	0.10338	0.01739	0.0	0.0	0.00229	0.0	0.0	0.0	0.0	0.0	0.0	0.0	0.0	0.0	0.0	0.0	0.00043	0.01739	0.24631	0.0	0.11594	0.11593	0.01739	0.08877	0.40361	0.0	0.0	0.0	0.0	0.0	0.11594	0.11594	0.0	0.11593	0.4036	0.00808	0.0	0.10337	0.0	
0.00111	0.0	0.00074	0.00074	0.00193	0.0	0.0	0.0	0.0	0.0	0.0	0.0	0.0	0.00039	0.00021	0.00074	0.00213	0.0	0.0	0.0	0.0	0.0	0.0	0.0	0.0	0.0	0.0	0.0	0.0	0.0	0.0	0.0	0.00142	0.0	0.00039	0.0	0.0	0.00111	0.00036	0.00115	0.0	0.0	0.0	8e-05	0.00245	0.00026	0.00032	0.0	0.0	4e-05	0.0	0.0	0.0	0.0	0.0	3e-05	0.00039	0.00021	0.0	0.0	0.00016	0.0	0.0	0.0	0.00177	0.0	0.00111	0.00177	0.0	0.0	0.0	0.0	1e-05	0.00021	0.00245	0.0	0.00074	0.00074	0.00021	6e-05	0.00111	0.0	0.0	0.0	0.0	0.0	0.00074	0.00074	0.0	0.00074	0.00111	1e-05	0.0	0.00039	0.0	
0.03242	3e-05	0.28229	0.13017	0.58499	0.04346	3e-05	3e-05	0.0	3e-05	3e-05	3e-05	3e-05	0.02133	0.00202	0.0716	0.0	0.11126	0.0	3e-05	3e-05	3e-05	0.0	3e-05	3e-05	0.0	3e-05	3e-05	3e-05	3e-05	3e-05	3e-05	0.21981	3e-05	0.14717	0.01623	0.0	0.03242	0.1655	0.04289	0.01228	0.0	0.01228	0.08154	0.06933	0.06804	0.02265	0.02058	0.01228	0.3311	0.0	0.1172	0.04328	8e-05	3e-05	0.0	0.0	0.03818	3e-05	3e-05	0.10149	3e-05	3e-05	0.0	0.16954	0.0	0.0	0.03709	3e-05	3e-05	3e-05	0.0	0.37112	0.00219	0.17113	3e-05	0.11568	0.0716	0.00155	0.09887	0.01231	0.01208	3e-05	3e-05	3e-05	0.0	0.0716	0.2823	3e-05	0.0716	0.04256	0.06248	0.0002	0.0	0.16456	
0.23479	0.00039	0.0	0.01473	0.0	0.00039	0.00039	0.00039	0.00039	0.00039	0.00039	0.13561	0.01059	0.19652	0.10895	0.01473	0.00801	0.0	0.0	0.01471	0.00039	0.0	0.00039	0.0	0.00039	0.00039	0.00039	0.00039	0.00039	0.00039	0.0	0.00039	0.02023	0.0	0.0	0.00039	0.00039	0.23479	0.00519	0.00952	0.0	0.0	0.0	0.06067	0.37207	0.17529	0.17418	0.0	0.00099	0.0	0.26646	0.26647	0.26646	0.10338	0.00039	0.0	0.0	0.06733	0.00039	0.00039	0.1433	0.02982	0.00039	0.00039	0.01218	0.00039	0.00204	0.00606	0.00039	0.00624	0.0	0.00039	0.0	0.10896	0.03459	0.00039	0.0098	0.0008	0.10895	0.15779	0.23478	0.00039	0.0	0.00039	0.00039	0.00039	0.01473	0.0098	0.0	0.0	0.23478	0.03703	0.00039	0.0	0.0002	
0.00438	0.00021	0.07082	0.0	0.20082	0.14927	0.00021	0.00021	0.0	0.00021	0.00021	0.00479	0.00138	0.86581	0.0	0.03473	0.0	0.0	0.0	0.01011	0.00021	0.00113	0.0	0.00113	0.00021	0.0	0.00021	0.00021	0.00021	0.00021	0.00113	0.00021	0.12616	0.00113	0.00391	0.02982	0.0	0.00438	0.03188	0.00021	0.00703	0.0	0.00058	0.0	0.01765	0.05699	0.18065	0.24158	0.01093	0.0	0.24746	0.0	0.01171	0.01739	0.00021	0.03818	0.06733	0.0	0.00021	0.00021	0.489	0.07527	0.00021	0.0	0.16454	0.0	0.0	0.09066	0.00021	0.02264	0.00113	0.0	0.73529	0.0	0.07547	0.00021	0.34129	0.00067	0.18677	0.05724	0.00702	0.0148	0.00113	0.00021	0.00021	0.0	0.03473	0.09043	0.00113	0.01003	0.0071	0.52514	0.0	0.13869	0.0	
0.00111	0.0	0.00074	0.00074	0.00193	0.0	0.0	0.0	0.0	0.0	0.0	0.0	0.0	0.00039	0.00021	0.00074	0.00213	0.0	0.0	0.0	0.0	0.0	0.0	0.0	0.0	0.0	0.0	0.0	0.0	0.0	0.0	0.0	0.00142	0.0	0.00039	0.0	0.0	0.00111	0.00036	0.00115	0.0	0.0	0.0	8e-05	0.00246	0.00026	0.00032	0.0	0.0	4e-05	0.0	0.0	0.0	0.0	0.0	3e-05	0.00039	0.00021	0.0	0.0	0.00016	0.0	0.0	0.0	0.00177	0.0	0.00111	0.00177	0.0	0.0	0.0	0.0	1e-05	0.00021	0.00246	0.0	0.00074	0.00074	0.00021	6e-05	0.00111	0.0	0.0	0.0	0.0	0.0	0.00074	0.00074	0.0	0.00074	0.00111	1e-05	0.0	0.00039	0.0	
0.00111	0.0	0.00074	0.00074	0.00193	0.0	0.0	0.0	0.0	0.0	0.0	0.0	0.0	0.00039	0.00021	0.00074	0.00213	0.0	0.0	0.0	0.0	0.0	0.0	0.0	0.0	0.0	0.0	0.0	0.0	0.0	0.0	0.0	0.00142	0.0	0.00039	0.0	0.0	0.00111	0.00036	0.00115	0.0	0.0	0.0	8e-05	0.00245	0.00026	0.00032	0.0	0.0	4e-05	0.0	0.0	0.0	0.0	0.0	3e-05	0.00039	0.00021	0.0	0.0	0.00016	0.0	0.0	0.0	0.00177	0.0	0.00111	0.00177	0.0	0.0	0.0	0.0	1e-05	0.00021	0.00245	0.0	0.00074	0.00074	0.00021	6e-05	0.00111	0.0	0.0	0.0	0.0	0.0	0.00074	0.00074	0.0	0.00074	0.00111	1e-05	0.0	0.00039	0.0	
0.01447	0.00016	0.05548	0.0	0.00702	0.06776	0.00016	0.00016	0.0	0.00016	0.00016	0.09785	0.00856	0.01027	0.78669	0.02869	0.0	0.15489	0.0	0.00058	0.00016	0.00143	0.0	0.00143	0.00016	0.0	0.00016	0.00016	0.00016	0.00016	0.00143	0.00016	0.26309	0.00143	0.09328	0.03896	0.0	0.01446	0.00534	0.26742	0.03584	0.0	0.05878	0.03372	0.37016	0.23	0.70605	0.40344	0.01281	0.0	0.11971	0.0	0.01916	0.00229	0.00016	0.10149	0.1433	0.489	0.00016	0.00016	0.0	0.03224	0.00016	0.0	0.0669	0.0	0.0	0.01221	0.00016	0.00483	0.00143	0.0	0.0356	0.0	0.14535	0.00016	0.11493	0.00677	0.13834	0.16676	0.00632	0.012	0.00143	0.00016	0.00016	0.0	0.02869	0.04302	0.00143	0.02324	0.03057	0.18044	0.25429	0.13065	0.19012	
0.00111	0.0	0.00074	0.03627	0.02717	0.09287	0.0	0.0	0.00021	0.0	0.0	0.0	0.0	0.0	0.00021	0.09089	0.01904	0.0	0.0	0.0	0.0	0.0	0.00021	0.0	0.0	0.00021	0.0	0.0	0.0	0.0	0.0	0.0	0.00142	0.0	0.30879	0.06731	0.00021	0.00111	0.00036	0.00115	0.0	0.0	0.0	0.12408	0.00245	0.00026	0.0185	0.00975	0.0	0.0	0.15098	0.0	0.0	0.0	0.0	3e-05	0.02982	0.07527	0.0	0.0	0.03224	0.0	0.0	0.00021	0.00177	0.00021	0.0148	0.14411	0.0	0.0	0.0	0.00021	1e-05	0.0	0.0337	0.0	0.02999	0.0909	0.22933	0.03304	0.00014	0.0	0.0	0.0	0.0	0.00021	0.09089	0.00074	0.0	0.0909	0.02021	1e-05	0.0	0.00085	0.1454	
0.00111	0.0	0.00074	0.00074	0.00193	0.0	0.0	0.0	0.0	0.0	0.0	0.0	0.0	0.00039	0.00021	0.00074	0.00213	0.0	0.0	0.0	0.0	0.0	0.0	0.0	0.0	0.0	0.0	0.0	0.0	0.0	0.0	0.0	0.00142	0.0	0.00039	0.0	0.0	0.00111	0.00036	0.00115	0.0	0.0	0.0	8e-05	0.00245	0.00026	0.00032	0.0	0.0	4e-05	0.0	0.0	0.0	0.0	0.0	3e-05	0.00039	0.00021	0.0	0.0	0.00016	0.0	0.0	0.0	0.00177	0.0	0.00111	0.00177	0.0	0.0	0.0	0.0	1e-05	0.00021	0.00245	0.0	0.00074	0.00074	0.00021	6e-05	0.00111	0.0	0.0	0.0	0.0	0.0	0.00074	0.00074	0.0	0.00074	0.00111	1e-05	0.0	0.00039	0.0	
0.00111	0.0	0.0	0.00074	0.0	0.0	0.0	0.0	0.0	0.0	0.0	0.00039	0.00014	0.00021	0.00021	0.00074	0.00213	0.0	0.0	0.00111	0.0	0.0	0.0	0.0	0.0	0.0	0.0	0.0	0.0	0.0	0.0	0.0	0.00142	0.0	0.0	0.0	0.0	0.00111	5e-05	0.00148	0.00015	0.0	0.0	1e-05	0.0	0.00026	0.00032	0.00039	0.0	5e-05	0.0	0.0	0.0	0.0	0.0	0.0	0.00039	0.0	0.0	0.0	0.0	0.00021	0.0	0.0	0.00252	0.0	0.0	0.00045	0.0	0.00074	0.0	0.0	0.0	0.00021	0.00246	0.0	0.0	0.00111	0.00021	0.00016	0.00111	0.0	0.0	0.0	0.0	0.0	0.00074	0.0	0.0	0.0	0.00111	0.00111	0.0	0.00039	0.0	
0.14296	0.00177	0.04467	0.01441	0.02606	0.00054	0.00177	0.00177	0.00252	0.00177	0.00177	0.00177	0.00177	0.00733	0.31436	0.00866	0.37218	0.0	0.0	0.00177	0.00177	0.00177	0.00252	0.00177	0.00177	0.00252	0.00177	0.00177	0.00177	0.00177	0.00177	0.00177	0.04915	0.00177	0.00471	0.02437	0.00252	0.14297	0.27405	0.01883	0.01025	0.0	0.01025	0.02817	0.09991	0.00392	0.00491	0.01597	0.01024	0.0	0.01299	0.00546	0.0	0.0	0.00177	0.16954	0.01218	0.16454	0.00177	0.00177	0.0669	0.00177	0.00177	0.00252	0.0	0.00252	0.06338	0.0	0.00177	0.00177	0.00177	0.00252	0.00059	0.1668	0.2278	0.00177	0.00623	0.00866	0.0	0.05137	0.03102	0.01237	0.00177	0.00177	0.00177	0.00252	0.00866	0.04466	0.00177	0.00866	0.1352	0.01912	0.00802	0.00664	0.00581	
0.00111	0.0	0.0	0.00074	0.0	0.0	0.0	0.0	0.0	0.0	0.0	0.00039	0.00014	0.00021	0.00021	0.00074	0.00213	0.0	0.0	0.00111	0.0	0.0	0.0	0.0	0.0	0.0	0.0	0.0	0.0	0.0	0.0	0.0	0.00142	0.0	0.0	0.0	0.0	0.00111	5e-05	0.00148	0.00015	0.0	0.0	1e-05	0.0	0.00026	0.00032	0.00039	0.0	5e-05	0.0	0.0	0.0	0.0	0.0	0.0	0.00039	0.0	0.0	0.0	0.0	0.00021	0.0	0.0	0.00252	0.0	0.0	0.00045	0.0	0.00074	0.0	0.0	0.0	0.00021	0.00246	0.0	0.0	0.00111	0.00021	0.00016	0.00111	0.0	0.0	0.0	0.0	0.0	0.00074	0.0	0.0	0.0	0.00111	0.00111	0.0	0.00039	0.0	
0.02695	0.00111	0.0	0.00171	0.0	0.16518	0.00111	0.00111	0.0	0.00111	0.00111	0.00269	0.00389	0.0148	0.05635	0.00251	0.06665	0.0	0.0	0.00808	0.00111	0.0	0.0	0.0	0.00111	0.0	0.00111	0.00111	0.00111	0.00111	0.0	0.00111	0.01923	0.0	0.0	0.01471	0.0	0.02695	0.03787	0.12215	0.00295	0.0	0.0	0.04259	0.0006	0.04417	0.00245	0.02699	0.00624	0.01433	0.0	0.0	0.0	0.0	0.00111	0.0	0.00204	0.0	0.00111	0.00111	0.0	0.0148	0.00111	0.0	0.06338	0.0	0.0	0.00967	0.00111	0.00171	0.0	0.0	0.17722	0.0148	0.00998	0.00111	0.0	0.00808	0.00961	0.00986	0.00359	0.00807	0.0	0.00111	0.00111	0.0	0.00251	0.01881	0.0	0.0	0.00098	0.0	0.0	0.0009	0.0	
0.14297	0.00177	0.01326	0.07997	0.01032	0.0192	0.00177	0.00177	0.00045	0.00177	0.00177	0.02292	0.06878	0.00962	0.31436	0.08439	0.0	0.0	0.0	0.2493	0.00177	0.0	0.00045	0.0	0.00177	0.00045	0.00177	0.00177	0.00177	0.00177	0.0	0.00177	0.04915	0.0	0.00273	0.09099	0.00045	0.14297	0.18733	0.08761	0.0	0.0	0.0	0.00294	7e-05	0.00392	0.00039	0.03646	0.01024	0.0	0.04041	0.0	0.0	0.0	0.00177	0.03709	0.00606	0.09066	0.00177	0.00177	0.01221	0.14411	0.00177	0.00045	0.0	0.00045	0.00967	0.0	0.00177	0.0	0.0	0.00045	0.01886	0.1106	0.13449	0.00177	0.00486	0.17237	0.14901	0.23256	0.03259	8e-05	0.0	0.00177	0.00177	0.00045	0.08439	0.01244	0.0	0.05869	0.04989	0.05635	0.02019	2e-05	0.02972	
0.00111	0.0	0.00074	0.00074	0.00193	0.0	0.0	0.0	0.0	0.0	0.0	0.0	0.0	0.00039	0.00021	0.00074	0.00213	0.0	0.0	0.0	0.0	0.0	0.0	0.0	0.0	0.0	0.0	0.0	0.0	0.0	0.0	0.0	0.00142	0.0	0.00039	0.0	0.0	0.00111	0.00036	0.00115	0.0	0.0	0.0	8e-05	0.00245	0.00026	0.00032	0.0	0.0	4e-05	0.0	0.0	0.0	0.0	0.0	3e-05	0.00039	0.00021	0.0	0.0	0.00016	0.0	0.0	0.0	0.00177	0.0	0.00111	0.00177	0.0	0.0	0.0	0.0	1e-05	0.00021	0.00245	0.0	0.00074	0.00074	0.00021	6e-05	0.00111	0.0	0.0	0.0	0.0	0.0	0.00074	0.00074	0.0	0.00074	0.00111	1e-05	0.0	0.00039	0.0	
