0.0	0.01271	0.28499	0.15908	0.14846	0.08333	0.2428	0.0	0.15836	2e-05	2e-05	2e-05	2e-05	2e-05	2e-05	0.0	0.01751	0.02367	0.02923	0.05973	0.07145	0.02367	2e-05	2e-05	0.04887	0.04812	2e-05	0.04536	0.02931	0.01932	2e-05	0.09593	0.05547	0.08586	0.16523	0.15909	0.14669	0.03222	2e-05	0.02367	0.03759	0.14127	0.0484	0.04491	0.00103	0.0175	0.0082	2e-05	2e-05	0.02157	0.02157	0.13579	0.34672	0.24751	0.15969	0.15969	2e-05	0.01921	0.16096	2e-05	0.02994	2e-05	0.36344	0.20636	0.01206	0.26555	2e-05	0.26402	0.27602	0.04216	0.01158	2e-05	0.26495	0.18213	0.01932	0.03814	0.2237	0.24427	0.0	0.0	0.0	0.0	0.0	0.0	0.0	0.0	0.0	0.0	0.0	0.0	0.0	0.20059	0.15739	0.01206	0.0758	0.25421	0.11235	0.13949	0.12698	0.2897	0.1918	0.14495	0.19634	0.01982	0.29425	0.13627	0.40048	0.17892	0.00103	0.24208	0.38779	0.0	0.0	0.0	0.0	0.09282	0.20359	0.07861	0.15348	0.16244	0.03525	0.06309	0.15109	0.16023	0.01344	0.25879	0.41	0.09455	0.13824	0.0	0.2878	0.01039	0.14023	0.33607	0.0	0.16994	0.06825	0.28789	0.03147	0.07176	2e-05	0.14985	0.0	0.0	0.03184	0.21043	0.16054	0.07195	0.15969	0.03872	0.15551	0.30933	0.02157	0.02367	0.32832	0.30839	0.28499	2e-05	0.02367	0.28499	0.05575	0.08187	0.03569	
0.01271	0.0	0.00698	0.0075	0.00917	0.02099	0.0135	0.0	0.02768	0.00021	0.00021	0.00021	0.00021	0.00021	0.00021	0.0	0.00551	0.00723	0.00919	0.09739	0.0088	0.00723	0.00021	0.00021	0.01503	0.01144	0.00021	0.00339	0.15545	0.00586	0.00021	0.05557	0.00974	0.01432	0.04556	0.2011	0.02313	0.00781	0.00021	0.00723	0.00844	0.00821	0.0158	0.01037	0.00072	0.0055	0.00328	0.00021	0.00021	0.0063	0.0063	0.05521	0.02177	0.01317	0.00706	0.00706	0.00021	0.5917	0.30715	0.00021	0.00708	0.00021	0.01116	0.01601	0.00429	0.01099	0.00021	0.00874	0.03332	0.00727	0.00418	0.00021	0.00952	0.05873	0.00586	0.00851	0.01497	0.03249	0.0	0.0	0.0	0.0	0.0	0.0	0.0	0.0	0.0	0.0	0.0	0.0	0.0	0.01999	0.01245	0.00429	0.01379	0.01384	0.01725	0.01906	0.01978	0.02816	0.02099	0.02118	0.01793	0.00659	0.00932	0.00676	0.00903	0.01049	0.00072	0.0114	0.04111	0.0	0.0	0.0	0.0	0.01415	0.04432	0.00956	0.0127	0.01912	0.36005	0.01039	0.02014	0.18245	0.00461	0.00763	0.00902	0.01078	0.01022	0.0	0.00779	0.00387	0.01254	0.0199	0.0	0.03552	0.01064	0.00758	0.02123	0.05871	0.00021	0.3646	0.0	0.0	0.00777	0.00739	0.01021	0.01427	0.00706	0.00919	0.01016	0.04716	0.0063	0.00723	0.0097	0.0107	0.00698	0.00021	0.00723	0.00698	0.01051	0.01042	0.00903	
0.28499	0.00698	0.0	0.0129	0.01678	0.04076	0.02713	0.0	0.0709	0.00012	0.00012	0.00012	0.00012	0.00012	0.00012	0.0	0.009	0.01172	0.01695	0.0228	0.01633	0.01172	0.00012	0.00012	0.02833	0.02197	0.00012	0.00506	0.01822	0.0097	0.00012	0.11295	0.01885	0.02777	0.09891	0.21466	0.0663	0.01368	0.00012	0.01172	0.01513	0.01512	0.02997	0.01864	0.00089	0.00899	0.00489	0.00012	0.00012	0.01055	0.01055	0.1186	0.04462	0.363	0.01208	0.01208	0.00012	0.00916	0.01706	0.00012	0.01269	0.00012	0.40668	0.11332	0.0067	0.22653	0.00012	0.17962	0.08669	0.01233	0.00649	0.00012	0.47245	0.12693	0.0097	0.01529	0.1263	0.06868	0.0	0.0	0.0	0.0	0.0	0.0	0.0	0.0	0.0	0.0	0.0	0.0	0.0	0.07092	0.19837	0.0067	0.02756	0.3775	0.03439	0.13148	0.10556	0.09985	0.11395	0.04381	0.09612	0.00877	1.00282	0.01119	0.59067	0.32438	0.00089	0.44492	0.13087	0.0	0.0	0.0	0.0	0.0281	0.09462	0.01719	0.18724	0.03794	0.01429	0.01874	0.04157	0.02901	0.0073	0.64902	0.50275	0.02114	0.01855	0.0	1.00033	0.00594	0.22293	0.23221	0.0	0.0754	0.01916	0.55659	0.04116	0.0322	0.00012	0.0141	0.0	0.0	0.01358	0.01326	0.33584	0.0281	0.01208	0.01643	0.22758	0.10308	0.01055	0.01172	0.01835	0.30356	0.9997	0.00012	0.01172	0.9997	0.01986	0.01985	0.0173	
0.15908	0.0075	0.0129	0.0	0.52536	0.04094	0.27253	0.0	0.07147	0.00011	0.00011	0.00011	0.00011	0.00011	0.00011	0.0	0.00963	0.01309	0.01875	0.02495	0.08194	0.01309	0.00011	0.00011	0.16727	0.02397	0.00011	0.0054	0.01978	0.0105	0.00011	0.11351	0.0678	0.03083	0.04717	0.02334	0.05399	0.01516	0.00011	0.01309	0.01673	0.01631	0.15326	0.02053	0.00101	0.00965	0.00524	0.00011	0.00011	0.01145	0.01145	0.16029	0.25123	0.02731	0.99995	0.99995	0.00011	0.00985	0.34936	0.00011	0.01374	0.00011	0.23132	0.03489	0.00719	0.02284	0.00011	0.6519	0.32577	0.32529	0.00693	0.00011	0.01956	0.03715	0.0105	0.01694	0.34436	0.06971	0.0	0.0	0.0	0.0	0.0	0.0	0.0	0.0	0.0	0.0	0.0	0.0	0.0	0.25693	0.02662	0.00724	0.13786	0.03002	0.20274	0.13006	0.12057	0.11649	0.04859	0.08897	0.09721	0.0	0.01789	0.01065	0.01828	0.02167	0.00101	0.02404	0.24345	0.0	0.0	0.0	0.0	0.03075	0.03813	0.39483	0.02902	0.08966	0.01544	0.02069	0.0438	0.13108	0.00787	0.01499	0.50973	0.33987	0.3402	0.0	0.01462	0.00637	0.02555	0.15451	0.0	0.11061	0.32625	0.01519	0.04629	0.03378	0.00011	0.64211	0.0	0.0	0.01503	0.71357	0.02509	0.03089	0.99995	0.01791	0.0696	0.06568	0.01145	0.01309	0.46989	0.30799	0.0129	0.00011	0.01309	0.0129	0.02191	0.26594	0.06926	
0.14846	0.00917	0.01678	0.52536	0.0	0.10054	0.2422	0.0	0.1217	0.0005	0.0005	0.0005	0.0005	0.0005	0.0005	0.0	0.01215	0.48822	0.25012	0.03688	0.02526	0.48822	0.0005	0.0005	0.30737	0.03566	0.0005	0.00648	0.02731	0.01324	0.0005	0.11284	0.03093	0.27448	0.07599	0.26411	0.08971	0.38772	0.0005	0.48822	0.35822	0.02321	0.27835	0.11979	0.23295	0.01215	0.00626	0.0005	0.0005	0.01458	0.01458	0.22221	0.26677	0.13197	0.52435	0.52435	0.0005	0.01287	0.2546	0.0005	0.01882	0.0005	0.1896	0.05358	0.00876	0.03382	0.0005	0.41799	0.30062	0.16879	0.00846	0.0005	0.02851	0.13426	0.01324	0.35576	0.28798	0.09506	0.0	0.0	0.0	0.0	0.0	0.0	0.0	0.0	0.0	0.0	0.0	0.0	0.0	0.24577	0.0404	0.00876	0.13312	0.14231	0.26868	0.13552	0.12574	0.15061	0.16179	0.18063	0.17834	0.0	0.12844	0.14439	0.10522	0.10184	0.23295	0.0958	0.29497	0.0	0.0	0.0	0.0	0.08689	0.22379	0.26753	0.04139	0.09982	0.02163	0.20856	0.12041	0.12685	0.00963	0.02085	0.35941	0.19717	0.23929	0.0	0.0195	0.00769	0.03624	0.19615	0.0	0.15703	0.80409	0.02166	0.10471	0.11891	0.0005	0.41205	0.0	0.0	0.39029	0.43772	0.02782	0.04737	0.52435	0.02424	0.03213	0.09632	0.01458	0.48822	0.34233	0.2221	0.01678	0.0005	0.48822	0.01678	0.20599	0.20986	0.02802	
0.08333	0.02099	0.04076	0.04094	0.10054	0.0	0.13862	0.0	0.04208	7e-05	7e-05	7e-05	7e-05	7e-05	7e-05	0.0	0.06792	0.09199	0.04952	0.10113	0.16951	0.09199	7e-05	7e-05	0.00365	0.00423	7e-05	0.01428	0.07004	0.03141	7e-05	0.00138	0.16029	0.08845	0.04159	0.06909	0.06639	0.0929	7e-05	0.09199	0.14795	0.08604	0.00617	0.06072	0.00745	0.06791	0.01374	7e-05	7e-05	0.03491	0.03491	0.15928	0.04685	0.10892	0.04141	0.04141	7e-05	0.03084	0.06898	7e-05	0.04702	7e-05	0.09487	0.04335	0.01996	0.10764	7e-05	0.06492	0.07549	0.04377	0.01918	7e-05	0.07525	0.20884	0.03141	0.09649	0.02721	0.02601	0.0	0.0	0.0	0.0	0.0	0.0	0.0	0.0	0.0	0.0	0.0	0.0	0.0	0.04363	0.00536	0.01996	0.02482	0.11714	0.13154	0.01506	0.01319	0.16041	0.15971	0.02036	0.022	0.00046	0.04404	0.1153	0.09394	0.06844	0.00745	0.07825	0.06868	0.0	0.0	0.0	0.0	0.04124	0.16283	0.00039	0.01645	0.05222	0.10296	0.00531	0.06589	0.07202	0.02215	0.05271	0.06933	0.10427	0.00306	0.0	0.0484	0.04017	0.00318	0.04334	0.0	0.01699	0.00449	0.0555	0.01562	0.00959	7e-05	0.05402	0.0	0.0	0.09272	0.04939	0.00261	0.03544	0.04141	0.06129	0.09662	0.0598	0.03491	0.09199	0.07728	0.07672	0.04076	7e-05	0.09199	0.04076	0.02856	0.02434	0.11354	
0.2428	0.0135	0.02713	0.27253	0.2422	0.13862	0.0	0.0	0.04606	1e-05	1e-05	1e-05	1e-05	1e-05	1e-05	0.0	0.01866	0.02528	0.12004	0.26212	0.04572	0.02528	1e-05	1e-05	0.1961	0.0927	1e-05	0.04644	0.16305	0.1169	1e-05	0.13587	0.12193	0.06209	0.11494	0.06996	0.10363	0.03467	1e-05	0.02528	0.04057	0.15061	0.11956	0.15349	0.00134	0.01865	0.00869	1e-05	1e-05	0.13185	0.13185	0.20975	0.43467	0.08584	0.27079	0.27079	1e-05	0.02054	0.17714	1e-05	0.12755	1e-05	0.20369	0.10342	0.01281	0.07875	1e-05	0.31883	0.26979	0.25906	0.01229	1e-05	0.07508	0.0886	0.1169	0.11749	0.21758	0.21651	0.0	0.0	0.0	0.0	0.0	0.0	0.0	0.0	0.0	0.0	0.0	0.0	0.0	0.35211	0.09072	0.06696	0.21364	0.08435	0.19407	0.14279	0.11934	0.25665	0.10121	0.14668	0.13497	0.13154	0.04161	0.02441	0.04689	0.05831	0.00134	0.13747	0.24588	0.0	0.0	0.0	0.0	0.13185	0.13814	0.17223	0.08387	0.10694	0.03801	0.07541	0.22007	0.14282	0.01429	0.03637	0.24138	0.32655	0.16172	0.0	0.04075	0.01102	0.05076	0.12552	0.0	0.14673	0.15898	0.06537	0.16259	0.11671	1e-05	0.24878	0.0	0.0	0.03425	0.29983	0.02716	0.24976	0.27079	0.15632	0.0609	0.13372	0.13185	0.02528	0.32975	0.15552	0.02713	1e-05	0.02528	0.02713	0.06066	0.266	0.11696	
0.0	0.0	0.0	0.0	0.0	0.0	0.0	0.0	0.0	0.0	0.0	0.0	0.0	0.0	0.0	0.0	0.0	0.0	0.0	0.0	0.0	0.0	0.0	0.0	0.0	0.0	0.0	0.0	0.0	0.0	0.0	0.0	0.0	0.0	0.0	0.0	0.0	0.0	0.0	0.0	0.0	0.0	0.0	0.0	0.0	0.0	0.0	0.0	0.0	0.0	0.0	0.0	0.0	0.0	0.0	0.0	0.0	0.0	0.0	0.0	0.0	0.0	0.0	0.0	0.0	0.0	0.0	0.0	0.0	0.0	0.0	0.0	0.0	0.0	0.0	0.0	0.0	0.0	0.0	0.0	0.0	0.0	0.0	0.0	0.0	0.0	0.0	0.0	0.0	0.0	0.0	0.0	0.0	0.0	0.0	0.0	0.0	0.0	0.0	0.0	0.0	0.0	0.0	0.0	0.0	0.0	0.0	0.0	0.0	0.0	0.0	0.0	0.0	0.0	0.0	0.0	0.0	0.0	0.0	0.0	0.0	0.0	0.0	0.0	0.0	0.0	0.0	0.0	0.0	0.0	0.0	0.0	0.0	0.0	0.0	0.0	0.0	0.0	0.0	0.0	0.0	0.0	0.0	0.0	0.0	0.0	0.0	0.0	0.0	0.0	0.0	0.0	0.0	0.0	0.0	0.0	0.0	0.0	0.0	0.0	0.0	0.0	0.0	
0.15836	0.02768	0.0709	0.07147	0.1217	0.04208	0.04606	0.0	0.0	8e-05	8e-05	8e-05	8e-05	8e-05	8e-05	0.0	0.0379	0.06586	0.09949	0.02209	0.08942	0.06586	8e-05	8e-05	0.10137	0.06043	8e-05	0.02397	0.00464	0.04176	8e-05	0.00013	0.11643	0.05265	0.05189	0.06289	0.05637	0.07622	8e-05	0.06586	0.08385	0.08607	0.07759	0.00635	0.00427	0.0379	0.02307	8e-05	8e-05	0.06025	0.06025	0.02272	0.08128	0.04739	0.07209	0.07209	8e-05	0.04368	0.10752	8e-05	0.07112	8e-05	0.08108	0.03483	0.0263	0.13782	8e-05	0.0981	0.15601	0.07985	0.02527	8e-05	0.05316	0.00287	0.04176	0.08465	0.04971	0.04639	0.0	0.0	0.0	0.0	0.0	0.0	0.0	0.0	0.0	0.0	0.0	0.0	0.0	0.09251	0.01209	0.0263	0.01488	0.04941	0.00379	0.02139	0.01443	0.18321	0.10758	0.06688	0.12338	0.06848	0.12448	0.03774	0.0983	0.13225	0.00427	0.1965	0.19642	0.0	0.0	0.0	0.0	0.14767	0.07277	0.00596	0.00116	0.02287	0.07457	0.13085	0.0293	0.04606	0.02924	0.08031	0.12627	0.08215	0.01389	0.0	0.08802	0.02271	0.0296	0.04595	0.0	0.18689	0.13436	0.09919	0.00286	0.00043	8e-05	0.08194	0.0	0.0	0.0757	0.08721	0.02242	0.00814	0.07209	0.00138	0.03718	0.04065	0.06025	0.06586	0.14248	0.14005	0.0709	8e-05	0.06586	0.0709	0.04879	0.05067	0.10178	
2e-05	0.00021	0.00012	0.00011	0.0005	7e-05	1e-05	0.0	8e-05	0.0	0.0	0.0	0.0	0.0	0.0	0.0	0.0002	0.00107	0.00034	4e-05	4e-05	0.00107	0.0	0.0	0.00024	3e-05	0.0	0.00032	8e-05	0.00015	0.0	6e-05	1e-05	0.00034	1e-05	0.00032	5e-05	0.00064	0.0	0.00107	0.00056	7e-05	0.00018	0.00011	0.0	0.00017	0.00031	0.0	0.0	0.00014	0.00014	2e-05	5e-05	0.0001	0.00011	0.00011	0.0	8e-05	4e-05	0.0	7e-05	0.0	3e-05	4e-05	0.00022	4e-05	0.0	5e-05	4e-05	0.00014	0.00026	0.0	3e-05	0.0001	0.00015	0.00056	2e-05	3e-05	0.0	0.0	0.0	0.0	0.0	0.0	0.0	0.0	0.0	0.0	0.0	0.0	0.0	1e-05	3e-05	0.00022	1e-05	0.00014	8e-05	2e-05	2e-05	3e-05	0.00015	0.00012	7e-05	0.0	0.00012	0.00017	4e-05	4e-05	0.0	3e-05	0.0	0.0	0.0	0.0	0.0	1e-05	0.00023	9e-05	3e-05	6e-05	5e-05	0.00025	6e-05	3e-05	0.0002	5e-05	3e-05	1e-05	8e-05	0.0	0.00012	0.00025	6e-05	6e-05	0.0	2e-05	0.00036	2e-05	0.0001	0.0001	0.0	4e-05	0.0	0.0	0.00066	6e-05	8e-05	5e-05	0.00011	9e-05	1e-05	3e-05	0.00014	0.00107	5e-05	7e-05	0.00012	0.0	0.00107	0.00012	0.00029	4e-05	2e-05	
2e-05	0.00021	0.00012	0.00011	0.0005	7e-05	1e-05	0.0	8e-05	0.0	0.0	0.0	0.0	0.0	0.0	0.0	0.0002	0.00107	0.00034	4e-05	4e-05	0.00107	0.0	0.0	0.00024	3e-05	0.0	0.00032	8e-05	0.00015	0.0	6e-05	1e-05	0.00034	1e-05	0.00032	5e-05	0.00064	0.0	0.00107	0.00056	7e-05	0.00018	0.00011	0.0	0.00017	0.00031	0.0	0.0	0.00014	0.00014	2e-05	5e-05	0.0001	0.00011	0.00011	0.0	8e-05	4e-05	0.0	7e-05	0.0	3e-05	4e-05	0.00022	4e-05	0.0	5e-05	4e-05	0.00014	0.00026	0.0	3e-05	0.0001	0.00015	0.00056	2e-05	3e-05	0.0	0.0	0.0	0.0	0.0	0.0	0.0	0.0	0.0	0.0	0.0	0.0	0.0	1e-05	3e-05	0.00022	1e-05	0.00014	8e-05	2e-05	2e-05	3e-05	0.00015	0.00012	7e-05	0.0	0.00012	0.00017	4e-05	4e-05	0.0	3e-05	0.0	0.0	0.0	0.0	0.0	1e-05	0.00023	9e-05	3e-05	6e-05	5e-05	0.00025	6e-05	3e-05	0.0002	5e-05	3e-05	1e-05	8e-05	0.0	0.00012	0.00025	6e-05	6e-05	0.0	2e-05	0.00036	2e-05	0.0001	0.0001	0.0	4e-05	0.0	0.0	0.00066	6e-05	8e-05	5e-05	0.00011	9e-05	1e-05	3e-05	0.00014	0.00107	5e-05	7e-05	0.00012	0.0	0.00107	0.00012	0.00029	4e-05	2e-05	
2e-05	0.00021	0.00012	0.00011	0.0005	7e-05	1e-05	0.0	8e-05	0.0	0.0	0.0	0.0	0.0	0.0	0.0	0.0002	0.00107	0.00034	4e-05	4e-05	0.00107	0.0	0.0	0.00024	3e-05	0.0	0.00032	8e-05	0.00015	0.0	6e-05	1e-05	0.00034	1e-05	0.00032	5e-05	0.00064	0.0	0.00107	0.00056	7e-05	0.00018	0.00011	0.0	0.00017	0.00031	0.0	0.0	0.00014	0.00014	2e-05	5e-05	0.0001	0.00011	0.00011	0.0	8e-05	4e-05	0.0	7e-05	0.0	3e-05	4e-05	0.00022	4e-05	0.0	5e-05	4e-05	0.00014	0.00026	0.0	3e-05	0.0001	0.00015	0.00056	2e-05	3e-05	0.0	0.0	0.0	0.0	0.0	0.0	0.0	0.0	0.0	0.0	0.0	0.0	0.0	1e-05	3e-05	0.00022	1e-05	0.00014	8e-05	2e-05	2e-05	3e-05	0.00015	0.00012	7e-05	0.0	0.00012	0.00017	4e-05	4e-05	0.0	3e-05	0.0	0.0	0.0	0.0	0.0	1e-05	0.00023	9e-05	3e-05	6e-05	5e-05	0.00025	6e-05	3e-05	0.0002	5e-05	3e-05	1e-05	8e-05	0.0	0.00012	0.00025	6e-05	6e-05	0.0	2e-05	0.00036	2e-05	0.0001	0.0001	0.0	4e-05	0.0	0.0	0.00066	6e-05	8e-05	5e-05	0.00011	9e-05	1e-05	3e-05	0.00014	0.00107	5e-05	7e-05	0.00012	0.0	0.00107	0.00012	0.00029	4e-05	2e-05	
2e-05	0.00021	0.00012	0.00011	0.0005	7e-05	1e-05	0.0	8e-05	0.0	0.0	0.0	0.0	0.0	0.0	0.0	0.0002	0.00107	0.00034	4e-05	4e-05	0.00107	0.0	0.0	0.00024	3e-05	0.0	0.00032	8e-05	0.00015	0.0	6e-05	1e-05	0.00034	1e-05	0.00032	5e-05	0.00064	0.0	0.00107	0.00056	7e-05	0.00018	0.00011	0.0	0.00017	0.00031	0.0	0.0	0.00014	0.00014	2e-05	5e-05	0.0001	0.00011	0.00011	0.0	8e-05	4e-05	0.0	7e-05	0.0	3e-05	4e-05	0.00022	4e-05	0.0	5e-05	4e-05	0.00014	0.00026	0.0	3e-05	0.0001	0.00015	0.00056	2e-05	3e-05	0.0	0.0	0.0	0.0	0.0	0.0	0.0	0.0	0.0	0.0	0.0	0.0	0.0	1e-05	3e-05	0.00022	1e-05	0.00014	8e-05	2e-05	2e-05	3e-05	0.00015	0.00012	7e-05	0.0	0.00012	0.00017	4e-05	4e-05	0.0	3e-05	0.0	0.0	0.0	0.0	0.0	1e-05	0.00023	9e-05	3e-05	6e-05	5e-05	0.00025	6e-05	3e-05	0.0002	5e-05	3e-05	1e-05	8e-05	0.0	0.00012	0.00025	6e-05	6e-05	0.0	2e-05	0.00036	2e-05	0.0001	0.0001	0.0	4e-05	0.0	0.0	0.00066	6e-05	8e-05	5e-05	0.00011	9e-05	1e-05	3e-05	0.00014	0.00107	5e-05	7e-05	0.00012	0.0	0.00107	0.00012	0.00029	4e-05	2e-05	
2e-05	0.00021	0.00012	0.00011	0.0005	7e-05	1e-05	0.0	8e-05	0.0	0.0	0.0	0.0	0.0	0.0	0.0	0.0002	0.00107	0.00034	4e-05	4e-05	0.00107	0.0	0.0	0.00024	3e-05	0.0	0.00032	8e-05	0.00015	0.0	6e-05	1e-05	0.00034	1e-05	0.00032	5e-05	0.00064	0.0	0.00107	0.00056	7e-05	0.00018	0.00011	0.0	0.00017	0.00031	0.0	0.0	0.00014	0.00014	2e-05	5e-05	0.0001	0.00011	0.00011	0.0	8e-05	4e-05	0.0	7e-05	0.0	3e-05	4e-05	0.00022	4e-05	0.0	5e-05	4e-05	0.00014	0.00026	0.0	3e-05	0.0001	0.00015	0.00056	2e-05	3e-05	0.0	0.0	0.0	0.0	0.0	0.0	0.0	0.0	0.0	0.0	0.0	0.0	0.0	1e-05	3e-05	0.00022	1e-05	0.00014	8e-05	2e-05	2e-05	3e-05	0.00015	0.00012	7e-05	0.0	0.00012	0.00017	4e-05	4e-05	0.0	3e-05	0.0	0.0	0.0	0.0	0.0	1e-05	0.00023	9e-05	3e-05	6e-05	5e-05	0.00025	6e-05	3e-05	0.0002	5e-05	3e-05	1e-05	8e-05	0.0	0.00012	0.00025	6e-05	6e-05	0.0	2e-05	0.00036	2e-05	0.0001	0.0001	0.0	4e-05	0.0	0.0	0.00066	6e-05	8e-05	5e-05	0.00011	9e-05	1e-05	3e-05	0.00014	0.00107	5e-05	7e-05	0.00012	0.0	0.00107	0.00012	0.00029	4e-05	2e-05	
2e-05	0.00021	0.00012	0.00011	0.0005	7e-05	1e-05	0.0	8e-05	0.0	0.0	0.0	0.0	0.0	0.0	0.0	0.0002	0.00107	0.00034	4e-05	4e-05	0.00107	0.0	0.0	0.00024	3e-05	0.0	0.00032	8e-05	0.00015	0.0	6e-05	1e-05	0.00034	1e-05	0.00032	5e-05	0.00064	0.0	0.00107	0.00056	7e-05	0.00018	0.00011	0.0	0.00017	0.00031	0.0	0.0	0.00014	0.00014	2e-05	5e-05	0.0001	0.00011	0.00011	0.0	8e-05	4e-05	0.0	7e-05	0.0	3e-05	4e-05	0.00022	4e-05	0.0	5e-05	4e-05	0.00014	0.00026	0.0	3e-05	0.0001	0.00015	0.00056	2e-05	3e-05	0.0	0.0	0.0	0.0	0.0	0.0	0.0	0.0	0.0	0.0	0.0	0.0	0.0	1e-05	3e-05	0.00022	1e-05	0.00014	8e-05	2e-05	2e-05	3e-05	0.00015	0.00012	7e-05	0.0	0.00012	0.00017	4e-05	4e-05	0.0	3e-05	0.0	0.0	0.0	0.0	0.0	1e-05	0.00023	9e-05	3e-05	6e-05	5e-05	0.00025	6e-05	3e-05	0.0002	5e-05	3e-05	1e-05	8e-05	0.0	0.00012	0.00025	6e-05	6e-05	0.0	2e-05	0.00036	2e-05	0.0001	0.0001	0.0	4e-05	0.0	0.0	0.00066	6e-05	8e-05	5e-05	0.00011	9e-05	1e-05	3e-05	0.00014	0.00107	5e-05	7e-05	0.00012	0.0	0.00107	0.00012	0.00029	4e-05	2e-05	
0.0	0.0	0.0	0.0	0.0	0.0	0.0	0.0	0.0	0.0	0.0	0.0	0.0	0.0	0.0	0.0	0.0	0.0	0.0	0.0	0.0	0.0	0.0	0.0	0.0	0.0	0.0	0.0	0.0	0.0	0.0	0.0	0.0	0.0	0.0	0.0	0.0	0.0	0.0	0.0	0.0	0.0	0.0	0.0	0.0	0.0	0.0	0.0	0.0	0.0	0.0	0.0	0.0	0.0	0.0	0.0	0.0	0.0	0.0	0.0	0.0	0.0	0.0	0.0	0.0	0.0	0.0	0.0	0.0	0.0	0.0	0.0	0.0	0.0	0.0	0.0	0.0	0.0	0.0	0.0	0.0	0.0	0.0	0.0	0.0	0.0	0.0	0.0	0.0	0.0	0.0	0.0	0.0	0.0	0.0	0.0	0.0	0.0	0.0	0.0	0.0	0.0	0.0	0.0	0.0	0.0	0.0	0.0	0.0	0.0	0.0	0.0	0.0	0.0	0.0	0.0	0.0	0.0	0.0	0.0	0.0	0.0	0.0	0.0	0.0	0.0	0.0	0.0	0.0	0.0	0.0	0.0	0.0	0.0	0.0	0.0	0.0	0.0	0.0	0.0	0.0	0.0	0.0	0.0	0.0	0.0	0.0	0.0	0.0	0.0	0.0	0.0	0.0	0.0	0.0	0.0	0.0	0.0	0.0	0.0	0.0	0.0	0.0	
0.01751	0.00551	0.009	0.00963	0.01215	0.06792	0.01866	0.0	0.0379	0.0002	0.0002	0.0002	0.0002	0.0002	0.0002	0.0	0.0	0.00906	0.01223	0.01612	0.01176	0.00906	0.0002	0.0002	0.0202	0.01551	0.0002	0.00411	0.0133	0.00744	0.0002	0.02594	0.01326	0.01947	0.05864	0.13498	0.19698	0.01015	0.0002	0.00906	0.01108	0.01093	0.0213	0.01357	0.00057	0.00695	0.00398	0.0002	0.0002	0.00804	0.00804	0.0264	0.04306	0.01795	0.0091	0.0091	0.0002	0.00693	0.01227	0.0002	0.00932	0.0002	0.01514	0.07565	0.00531	0.01487	0.0002	0.01153	0.04628	0.0092	0.00516	0.0002	0.01282	0.02293	0.00744	0.01118	0.02051	0.09759	0.0	0.0	0.0	0.0	0.0	0.0	0.0	0.0	0.0	0.0	0.0	0.0	0.0	0.04754	0.12663	0.00531	0.08825	0.01881	0.08424	0.08566	0.02741	0.05354	0.06979	0.02959	0.02464	0.0067	0.01189	0.00838	0.01197	0.01403	0.00057	0.01537	0.02981	0.0	0.0	0.0	0.0	0.09553	0.06257	0.24431	0.01736	0.06036	0.0104	0.0137	0.02812	0.08527	0.00574	0.0101	0.01211	0.01475	0.01352	0.0	0.00997	0.00475	0.01678	0.02772	0.0	0.03032	0.01401	0.01013	0.02885	0.02225	0.0002	0.01027	0.0	0.0	0.01008	0.00974	0.0135	0.01955	0.0091	0.01208	0.01381	0.06718	0.00804	0.00906	0.01307	0.01421	0.009	0.0002	0.00906	0.009	0.21181	0.16438	0.30805	
0.02367	0.00723	0.01172	0.01309	0.48822	0.09199	0.02528	0.0	0.06586	0.00107	0.00107	0.00107	0.00107	0.00107	0.00107	0.0	0.00906	0.0	0.35018	0.02177	0.01558	1.00157	0.00107	0.00107	0.1522	0.0207	0.00107	0.0055	0.01744	0.00969	0.00107	0.03456	0.01777	0.33334	0.03875	0.3296	0.06144	0.63611	0.00107	1.00157	0.55084	0.01447	0.13972	0.17348	0.0	0.00905	0.00534	0.00107	0.00107	0.01047	0.01047	0.07046	0.05911	0.14674	0.01185	0.01185	0.00107	0.00911	0.01625	0.00107	0.01228	0.00107	0.02023	0.02954	0.00698	0.01981	0.00107	0.01606	0.05116	0.01313	0.00679	0.00107	0.01705	0.13269	0.00969	0.54408	0.02758	0.042	0.0	0.0	0.0	0.0	0.0	0.0	0.0	0.0	0.0	0.0	0.0	0.0	0.0	0.03783	0.0228	0.00698	0.02571	0.16063	0.11779	0.03602	0.0372	0.07622	0.14578	0.11876	0.08861	0.0	0.22445	0.32172	0.13924	0.12308	0.0	0.10488	0.05573	0.0	0.0	0.0	0.0	0.07532	0.23448	0.01649	0.02329	0.03537	0.01373	0.30137	0.09839	0.02738	0.00752	0.01333	0.01608	0.01984	0.01773	0.0	0.01388	0.00629	0.02213	0.06944	0.0	0.06932	0.29159	0.01344	0.09811	0.11582	0.00107	0.01356	0.0	0.0	0.64392	0.01282	0.01771	0.02628	0.01185	0.01581	0.0185	0.04785	0.01047	1.00157	0.0174	0.01866	0.01172	0.00107	1.00157	0.01172	0.26508	0.01876	0.01637	
0.02923	0.00919	0.01695	0.01875	0.25012	0.04952	0.12004	0.0	0.09949	0.00034	0.00034	0.00034	0.00034	0.00034	0.00034	0.0	0.01223	0.35018	0.0	0.12019	0.02561	0.35018	0.00034	0.00034	0.07152	0.12721	0.00034	0.10192	0.17215	0.41697	0.00034	0.06128	0.2356	0.2965	0.09838	0.20232	0.07049	0.28495	0.00034	0.35018	0.26553	0.02902	0.06656	0.29779	0.09779	0.01222	0.00622	0.00034	0.00034	0.0147	0.0147	0.14152	0.1047	0.08134	0.01719	0.01719	0.00034	0.01297	0.02689	0.00034	0.01904	0.00034	0.03547	0.05451	0.00877	0.01936	0.00034	0.02517	0.09902	0.01798	0.00847	0.00034	0.18232	0.14738	0.41697	0.72121	0.09909	0.12393	0.0	0.0	0.0	0.0	0.0	0.0	0.0	0.0	0.0	0.0	0.0	0.0	0.0	0.07437	0.04106	0.00878	0.0484	0.15054	0.11678	0.09383	0.10757	0.10619	0.16298	0.10518	0.05426	0.07525	0.06224	0.06724	0.05753	0.05777	0.09779	0.11218	0.11813	0.0	0.0	0.0	0.0	0.13361	0.17739	0.02587	0.04208	0.02973	0.02191	0.30924	0.108	0.05067	0.00966	0.02111	0.02691	0.03594	0.02825	0.0	0.0197	0.00768	0.03679	0.08955	0.0	0.10906	0.12746	0.07846	0.19123	0.07506	0.00034	0.02158	0.0	0.0	0.28664	0.01994	0.0282	0.02518	0.01719	0.18871	0.13456	0.05916	0.0147	0.35018	0.02614	0.03003	0.01695	0.00034	0.35018	0.01695	0.14261	0.03233	0.02745	
0.05973	0.09739	0.0228	0.02495	0.03688	0.10113	0.26212	0.0	0.02209	4e-05	4e-05	4e-05	4e-05	4e-05	4e-05	0.0	0.01612	0.02177	0.12019	0.0	0.03563	0.02177	4e-05	4e-05	0.06546	0.06906	4e-05	0.06407	0.48398	0.15451	4e-05	0.02179	0.1186	0.02502	0.0429	0.09038	0.04828	0.02816	4e-05	0.02177	0.03225	0.17115	0.07008	0.03856	0.0011	0.01613	0.00788	4e-05	4e-05	0.01965	0.01965	0.05372	0.12706	0.06266	0.02316	0.02316	4e-05	0.09069	0.09096	4e-05	0.02603	4e-05	0.02586	0.15285	0.01137	0.05657	4e-05	0.03439	0.05887	0.02344	0.01092	4e-05	0.0627	0.07021	0.15451	0.13056	0.02511	0.13456	0.0	0.0	0.0	0.0	0.0	0.0	0.0	0.0	0.0	0.0	0.0	0.0	0.0	0.10225	0.05923	0.01139	0.07125	0.0572	0.0729	0.07609	0.04815	0.10022	0.07508	0.13005	0.09223	0.01355	0.03241	0.02062	0.03651	0.20868	0.0011	0.03756	0.14032	0.0	0.0	0.0	0.0	0.16489	0.04377	0.03563	0.105	0.02377	0.08901	0.06189	0.16151	0.10607	0.26946	0.02903	0.03766	0.0325	0.03913	0.0	0.02607	0.00986	0.05185	0.04719	0.0	0.07046	0.04065	0.06456	0.11841	0.07902	4e-05	0.08896	0.0	0.0	0.02785	0.06577	0.00647	0.05269	0.02316	0.04038	0.03859	0.02865	0.01965	0.02177	0.10465	0.04178	0.0228	4e-05	0.02177	0.0228	0.11509	0.04578	0.0235	
0.07145	0.0088	0.01633	0.08194	0.02526	0.16951	0.04572	0.0	0.08942	4e-05	4e-05	4e-05	4e-05	4e-05	4e-05	0.0	0.01176	0.01558	0.02561	0.03563	0.0	0.01558	4e-05	4e-05	0.04376	0.03885	4e-05	0.00611	0.02664	0.01284	4e-05	0.0229	0.24829	0.03681	0.14101	0.03396	0.06464	0.01966	4e-05	0.01558	0.18479	0.18293	0.04663	0.02689	0.00078	0.01176	0.00589	4e-05	4e-05	0.01416	0.01416	0.06498	0.0778	0.08666	0.01656	0.01656	4e-05	0.01246	0.0258	4e-05	0.0183	4e-05	0.03393	0.14464	0.00839	0.16394	4e-05	0.02356	0.11891	0.01656	0.00809	4e-05	0.02772	0.19234	0.01284	0.02258	0.03436	0.08673	0.0	0.0	0.0	0.0	0.0	0.0	0.0	0.0	0.0	0.0	0.0	0.0	0.0	0.03124	0.03921	0.0084	0.04502	0.04638	0.10403	0.06497	0.07797	0.16224	0.11427	0.15257	0.02361	0.00927	0.02234	0.38919	0.15739	0.03006	0.00078	0.03414	0.04195	0.0	0.0	0.0	0.0	0.08635	0.10804	0.0249	0.13557	0.11806	0.02104	0.02742	0.08669	0.20193	0.00926	0.02028	0.0258	0.17525	0.04627	0.0	0.01839	0.00732	0.04286	0.08429	0.0	0.05477	0.02806	0.02105	0.13314	0.09552	4e-05	0.02072	0.0	0.0	0.01947	0.01917	0.11706	0.03213	0.01656	0.02364	0.18745	0.14337	0.01416	0.01558	0.02838	0.02889	0.01633	4e-05	0.01558	0.01633	0.03092	0.03096	0.19066	
0.02367	0.00723	0.01172	0.01309	0.48822	0.09199	0.02528	0.0	0.06586	0.00107	0.00107	0.00107	0.00107	0.00107	0.00107	0.0	0.00906	1.00157	0.35018	0.02177	0.01558	0.0	0.00107	0.00107	0.1522	0.0207	0.00107	0.0055	0.01744	0.00969	0.00107	0.03456	0.01777	0.33334	0.03875	0.3296	0.06144	0.63611	0.00107	1.00157	0.55084	0.01447	0.13972	0.17348	0.0	0.00905	0.00534	0.00107	0.00107	0.01047	0.01047	0.07046	0.05911	0.14674	0.01185	0.01185	0.00107	0.00911	0.01625	0.00107	0.01228	0.00107	0.02023	0.02954	0.00698	0.01981	0.00107	0.01606	0.05116	0.01313	0.00679	0.00107	0.01705	0.13269	0.00969	0.54408	0.02758	0.042	0.0	0.0	0.0	0.0	0.0	0.0	0.0	0.0	0.0	0.0	0.0	0.0	0.0	0.03783	0.0228	0.00698	0.02571	0.16063	0.11779	0.03602	0.0372	0.07622	0.14578	0.11876	0.08861	0.0	0.22445	0.32172	0.13924	0.12308	0.0	0.10488	0.05573	0.0	0.0	0.0	0.0	0.07532	0.23448	0.01649	0.02329	0.03537	0.01373	0.30137	0.09839	0.02738	0.00752	0.01333	0.01608	0.01984	0.01773	0.0	0.01388	0.00629	0.02213	0.06944	0.0	0.06932	0.29159	0.01344	0.09811	0.11582	0.00107	0.01356	0.0	0.0	0.64392	0.01282	0.01771	0.02628	0.01185	0.01581	0.0185	0.04785	0.01047	1.00157	0.0174	0.01866	0.01172	0.00107	1.00157	0.01172	0.26508	0.01876	0.01637	
2e-05	0.00021	0.00012	0.00011	0.0005	7e-05	1e-05	0.0	8e-05	0.0	0.0	0.0	0.0	0.0	0.0	0.0	0.0002	0.00107	0.00034	4e-05	4e-05	0.00107	0.0	0.0	0.00024	3e-05	0.0	0.00032	8e-05	0.00015	0.0	6e-05	1e-05	0.00034	1e-05	0.00032	5e-05	0.00064	0.0	0.00107	0.00056	7e-05	0.00018	0.00011	0.0	0.00017	0.00031	0.0	0.0	0.00014	0.00014	2e-05	5e-05	0.0001	0.00011	0.00011	0.0	8e-05	4e-05	0.0	7e-05	0.0	3e-05	4e-05	0.00022	4e-05	0.0	5e-05	4e-05	0.00014	0.00026	0.0	3e-05	0.0001	0.00015	0.00056	2e-05	3e-05	0.0	0.0	0.0	0.0	0.0	0.0	0.0	0.0	0.0	0.0	0.0	0.0	0.0	1e-05	3e-05	0.00022	1e-05	0.00014	8e-05	2e-05	2e-05	3e-05	0.00015	0.00012	7e-05	0.0	0.00012	0.00017	4e-05	4e-05	0.0	3e-05	0.0	0.0	0.0	0.0	0.0	1e-05	0.00023	9e-05	3e-05	6e-05	5e-05	0.00025	6e-05	3e-05	0.0002	5e-05	3e-05	1e-05	8e-05	0.0	0.00012	0.00025	6e-05	6e-05	0.0	2e-05	0.00036	2e-05	0.0001	0.0001	0.0	4e-05	0.0	0.0	0.00066	6e-05	8e-05	5e-05	0.00011	9e-05	1e-05	3e-05	0.00014	0.00107	5e-05	7e-05	0.00012	0.0	0.00107	0.00012	0.00029	4e-05	2e-05	
2e-05	0.00021	0.00012	0.00011	0.0005	7e-05	1e-05	0.0	8e-05	0.0	0.0	0.0	0.0	0.0	0.0	0.0	0.0002	0.00107	0.00034	4e-05	4e-05	0.00107	0.0	0.0	0.00024	3e-05	0.0	0.00032	8e-05	0.00015	0.0	6e-05	1e-05	0.00034	1e-05	0.00032	5e-05	0.00064	0.0	0.00107	0.00056	7e-05	0.00018	0.00011	0.0	0.00017	0.00031	0.0	0.0	0.00014	0.00014	2e-05	5e-05	0.0001	0.00011	0.00011	0.0	8e-05	4e-05	0.0	7e-05	0.0	3e-05	4e-05	0.00022	4e-05	0.0	5e-05	4e-05	0.00014	0.00026	0.0	3e-05	0.0001	0.00015	0.00056	2e-05	3e-05	0.0	0.0	0.0	0.0	0.0	0.0	0.0	0.0	0.0	0.0	0.0	0.0	0.0	1e-05	3e-05	0.00022	1e-05	0.00014	8e-05	2e-05	2e-05	3e-05	0.00015	0.00012	7e-05	0.0	0.00012	0.00017	4e-05	4e-05	0.0	3e-05	0.0	0.0	0.0	0.0	0.0	1e-05	0.00023	9e-05	3e-05	6e-05	5e-05	0.00025	6e-05	3e-05	0.0002	5e-05	3e-05	1e-05	8e-05	0.0	0.00012	0.00025	6e-05	6e-05	0.0	2e-05	0.00036	2e-05	0.0001	0.0001	0.0	4e-05	0.0	0.0	0.00066	6e-05	8e-05	5e-05	0.00011	9e-05	1e-05	3e-05	0.00014	0.00107	5e-05	7e-05	0.00012	0.0	0.00107	0.00012	0.00029	4e-05	2e-05	
0.04887	0.01503	0.02833	0.16727	0.30737	0.00365	0.1961	0.0	0.10137	0.00024	0.00024	0.00024	0.00024	0.00024	0.00024	0.0	0.0202	0.1522	0.07152	0.06546	0.04376	0.1522	0.00024	0.00024	0.0	0.06301	0.00024	0.01039	0.04721	0.02211	0.00024	0.00022	0.05446	0.13906	0.05713	0.12284	0.03755	0.13584	0.00024	0.1522	0.13228	0.04007	0.34441	0.06411	0.01543	0.02019	0.01002	0.00024	0.00024	0.1386	0.1386	0.07254	0.22587	0.02227	0.16836	0.16836	0.00024	0.02157	0.06398	0.00024	0.12492	0.00024	0.0462	0.07293	0.01432	0.05956	0.00024	0.22348	0.11688	0.23551	0.0138	0.00024	0.04978	0.05061	0.02211	0.13203	0.14961	0.05026	0.0	0.0	0.0	0.0	0.0	0.0	0.0	0.0	0.0	0.0	0.0	0.0	0.0	0.17302	0.05343	0.07569	0.0941	0.02657	0.03789	0.0137	0.05323	0.03527	0.06763	0.26799	0.06961	0.8203	0.07662	0.02497	0.04042	0.04682	0.01543	0.0686	0.16281	0.0	0.0	0.0	0.0	0.14284	0.14155	0.0489	0.07398	0.01196	0.03719	0.02475	0.0385	0.02529	0.01583	0.03577	0.14185	0.10843	0.03718	0.0	0.03242	0.01247	0.00406	0.09258	0.0	0.10676	0.35076	0.03736	0.00133	0.06383	0.00024	0.14859	0.0	0.0	0.13619	0.15267	0.04813	0.17015	0.16836	0.02893	0.05664	0.0833	0.1386	0.1522	0.14057	0.03031	0.02833	0.00024	0.1522	0.02833	0.05803	0.15919	0.06366	
0.04812	0.01144	0.02197	0.02397	0.03566	0.00423	0.0927	0.0	0.06043	3e-05	3e-05	3e-05	3e-05	3e-05	3e-05	0.0	0.01551	0.0207	0.12721	0.06906	0.03885	0.0207	3e-05	3e-05	0.06301	0.0	3e-05	0.00781	0.03507	0.15032	3e-05	0.0863	0.11826	0.09687	0.03447	0.04979	0.0488	0.02708	3e-05	0.0207	0.03112	0.02439	0.06745	0.04227	0.00101	0.01551	0.09936	3e-05	3e-05	0.01888	0.01888	0.06099	0.03988	0.06078	0.02231	0.02231	3e-05	0.09192	0.03648	3e-05	0.02522	3e-05	0.02326	0.02762	0.01088	0.0196	3e-05	0.03315	0.05505	0.02238	0.01047	3e-05	0.06488	0.03511	0.15032	0.12879	0.02928	0.05696	0.0	0.0	0.0	0.0	0.0	0.0	0.0	0.0	0.0	0.0	0.0	0.0	0.0	0.11011	0.0484	0.01088	0.06944	0.02762	0.02945	0.08067	0.02807	0.10706	0.08466	0.08308	0.03015	0.01228	0.03081	0.12415	0.11086	0.07893	0.00101	0.04964	0.06122	0.0	0.0	0.0	0.0	0.0372	0.0427	0.03448	0.15459	0.03006	0.02173	0.00921	0.07978	0.03028	0.01206	0.02817	0.03665	0.05052	0.0231	0.0	0.02499	0.07609	0.05017	0.04358	0.0	0.14531	0.03909	0.08863	0.09262	0.04348	3e-05	0.02885	0.0	0.0	0.0268	0.02646	0.00911	0.0463	0.02231	0.04374	0.04179	0.11698	0.01888	0.0207	0.03785	0.04042	0.02197	3e-05	0.0207	0.02197	0.0445	0.04458	0.03926	
2e-05	0.00021	0.00012	0.00011	0.0005	7e-05	1e-05	0.0	8e-05	0.0	0.0	0.0	0.0	0.0	0.0	0.0	0.0002	0.00107	0.00034	4e-05	4e-05	0.00107	0.0	0.0	0.00024	3e-05	0.0	0.00032	8e-05	0.00015	0.0	6e-05	1e-05	0.00034	1e-05	0.00032	5e-05	0.00064	0.0	0.00107	0.00056	7e-05	0.00018	0.00011	0.0	0.00017	0.00031	0.0	0.0	0.00014	0.00014	2e-05	5e-05	0.0001	0.00011	0.00011	0.0	8e-05	4e-05	0.0	7e-05	0.0	3e-05	4e-05	0.00022	4e-05	0.0	5e-05	4e-05	0.00014	0.00026	0.0	3e-05	0.0001	0.00015	0.00056	2e-05	3e-05	0.0	0.0	0.0	0.0	0.0	0.0	0.0	0.0	0.0	0.0	0.0	0.0	0.0	1e-05	3e-05	0.00022	1e-05	0.00014	8e-05	2e-05	2e-05	3e-05	0.00015	0.00012	7e-05	0.0	0.00012	0.00017	4e-05	4e-05	0.0	3e-05	0.0	0.0	0.0	0.0	0.0	1e-05	0.00023	9e-05	3e-05	6e-05	5e-05	0.00025	6e-05	3e-05	0.0002	5e-05	3e-05	1e-05	8e-05	0.0	0.00012	0.00025	6e-05	6e-05	0.0	2e-05	0.00036	2e-05	0.0001	0.0001	0.0	4e-05	0.0	0.0	0.00066	6e-05	8e-05	5e-05	0.00011	9e-05	1e-05	3e-05	0.00014	0.00107	5e-05	7e-05	0.00012	0.0	0.00107	0.00012	0.00029	4e-05	2e-05	
0.04536	0.00339	0.00506	0.0054	0.00648	0.01428	0.04644	0.0	0.02397	0.00032	0.00032	0.00032	0.00032	0.00032	0.00032	0.0	0.00411	0.0055	0.10192	0.06407	0.00611	0.0055	0.00032	0.00032	0.01039	0.00781	0.00032	0.0	0.10265	0.00432	0.00032	0.01302	0.00663	0.00979	0.0135	0.00752	0.01539	0.00566	0.00032	0.0055	0.00602	0.12562	0.01088	0.00729	0.00063	0.00409	0.0026	0.00032	0.00032	0.00461	0.00461	0.01281	0.05636	0.00895	0.00511	0.00511	0.00032	0.0039	0.00635	0.00032	0.005	0.00032	0.00761	0.0108	0.00328	0.06674	0.00032	0.00608	0.01802	0.00525	0.00322	0.00032	0.00655	0.01119	0.00432	0.00607	0.01011	0.039	0.0	0.0	0.0	0.0	0.0	0.0	0.0	0.0	0.0	0.0	0.0	0.0	0.0	0.01331	0.00844	0.00328	0.00925	0.00941	0.0116	0.01275	0.0132	0.03	0.01394	0.01405	0.01208	0.00551	0.00664	0.00493	0.00625	0.00722	0.00063	0.08036	0.03757	0.0	0.0	0.0	0.0	0.00951	0.01133	0.00674	0.0086	0.02885	0.00549	0.09922	0.04187	0.00982	0.0035	0.00535	0.00622	0.00729	0.00717	0.0	0.00559	0.003	0.00869	0.01323	0.0	0.02335	0.00753	0.22972	0.03505	0.01088	0.00032	0.00542	0.0	0.0	0.00564	0.00521	0.00716	0.04309	0.00511	0.0065	0.00691	0.02026	0.00461	0.0055	0.09079	0.00749	0.00506	0.00032	0.0055	0.00506	0.00727	0.00714	0.08571	
0.02931	0.15545	0.01822	0.01978	0.02731	0.07004	0.16305	0.0	0.00464	8e-05	8e-05	8e-05	8e-05	8e-05	8e-05	0.0	0.0133	0.01744	0.17215	0.48398	0.02664	0.01744	8e-05	8e-05	0.04721	0.03507	8e-05	0.10265	0.0	0.24758	8e-05	0.00193	0.14181	0.01996	0.0129	0.09384	0.01509	0.02153	8e-05	0.01744	0.02426	0.07407	0.05023	0.0602	0.001	0.01329	0.00682	8e-05	8e-05	0.01589	0.01589	0.02578	0.04861	0.04391	0.01848	0.01848	8e-05	0.13231	0.10873	8e-05	0.02009	8e-05	0.03626	0.05506	0.00961	0.02451	8e-05	0.02583	0.0234	0.01868	0.00928	8e-05	0.08042	0.07857	0.24758	0.1759	0.01758	0.08934	0.0	0.0	0.0	0.0	0.0	0.0	0.0	0.0	0.0	0.0	0.0	0.0	0.0	0.0738	0.04167	0.00961	0.04844	0.04156	0.0482	0.05208	0.03442	0.05172	0.04229	0.08076	0.06238	0.01141	0.02512	0.01664	0.02718	0.03259	0.001	0.04061	0.10025	0.0	0.0	0.0	0.0	0.02783	0.02088	0.02734	0.04266	0.00669	0.11308	0.02484	0.06116	0.09988	0.01057	0.02217	0.02785	0.02439	0.02975	0.0	0.02059	0.00842	0.03834	0.02275	0.0	0.03824	0.03067	0.07409	0.05318	0.01978	8e-05	0.11348	0.0	0.0	0.02134	0.08008	0.0297	0.01717	0.01848	0.06345	0.04544	0.00532	0.01589	0.01744	0.05046	0.03155	0.01822	8e-05	0.01744	0.01822	0.03314	0.03321	0.01791	
0.01932	0.00586	0.0097	0.0105	0.01324	0.03141	0.1169	0.0	0.04176	0.00015	0.00015	0.00015	0.00015	0.00015	0.00015	0.0	0.00744	0.00969	0.41697	0.15451	0.01284	0.00969	0.00015	0.00015	0.02211	0.15032	0.00015	0.00432	0.24758	0.0	0.00015	0.0285	0.30787	0.10363	0.06542	0.01633	0.04959	0.01098	0.00015	0.00969	0.01203	0.01192	0.02333	0.29452	0.00099	0.00743	0.00419	0.00015	0.00015	0.00864	0.00864	0.11259	0.04783	0.01974	0.00981	0.00981	0.00015	0.00746	0.0134	0.00015	0.01012	0.00015	0.01662	0.02421	0.00563	0.0163	0.00015	0.01272	0.04138	0.01014	0.00547	0.00015	0.24641	0.09292	0.99964	0.46642	0.09333	0.11037	0.0	0.0	0.0	0.0	0.0	0.0	0.0	0.0	0.0	0.0	0.0	0.0	0.0	0.03078	0.0187	0.00563	0.02099	0.07818	0.06475	0.06038	0.08241	0.06004	0.07818	0.03284	0.02717	0.00834	0.01324	0.00936	0.0132	0.01547	0.00099	0.01698	0.06496	0.0	0.0	0.0	0.0	0.10693	0.02583	0.01369	0.0191	0.02897	0.01132	0.01489	0.03119	0.02218	0.00611	0.01099	0.01323	0.01624	0.01471	0.0	0.01094	0.00503	0.01833	0.05594	0.0	0.03363	0.01523	0.01105	0.07985	0.02455	0.00015	0.01117	0.0	0.0	0.01091	0.01057	0.01469	0.02154	0.00981	0.29742	0.16173	0.03875	0.00864	0.00969	0.01431	0.01547	0.0097	0.00015	0.00969	0.0097	0.01548	0.01543	0.01342	
2e-05	0.00021	0.00012	0.00011	0.0005	7e-05	1e-05	0.0	8e-05	0.0	0.0	0.0	0.0	0.0	0.0	0.0	0.0002	0.00107	0.00034	4e-05	4e-05	0.00107	0.0	0.0	0.00024	3e-05	0.0	0.00032	8e-05	0.00015	0.0	6e-05	1e-05	0.00034	1e-05	0.00032	5e-05	0.00064	0.0	0.00107	0.00056	7e-05	0.00018	0.00011	0.0	0.00017	0.00031	0.0	0.0	0.00014	0.00014	2e-05	5e-05	0.0001	0.00011	0.00011	0.0	8e-05	4e-05	0.0	7e-05	0.0	3e-05	4e-05	0.00022	4e-05	0.0	5e-05	4e-05	0.00014	0.00026	0.0	3e-05	0.0001	0.00015	0.00056	2e-05	3e-05	0.0	0.0	0.0	0.0	0.0	0.0	0.0	0.0	0.0	0.0	0.0	0.0	0.0	1e-05	3e-05	0.00022	1e-05	0.00014	8e-05	2e-05	2e-05	3e-05	0.00015	0.00012	7e-05	0.0	0.00012	0.00017	4e-05	4e-05	0.0	3e-05	0.0	0.0	0.0	0.0	0.0	1e-05	0.00023	9e-05	3e-05	6e-05	5e-05	0.00025	6e-05	3e-05	0.0002	5e-05	3e-05	1e-05	8e-05	0.0	0.00012	0.00025	6e-05	6e-05	0.0	2e-05	0.00036	2e-05	0.0001	0.0001	0.0	4e-05	0.0	0.0	0.00066	6e-05	8e-05	5e-05	0.00011	9e-05	1e-05	3e-05	0.00014	0.00107	5e-05	7e-05	0.00012	0.0	0.00107	0.00012	0.00029	4e-05	2e-05	
0.09593	0.05557	0.11295	0.11351	0.11284	0.00138	0.13587	0.0	0.00013	6e-05	6e-05	6e-05	6e-05	6e-05	6e-05	0.0	0.02594	0.03456	0.06128	0.02179	0.0229	0.03456	6e-05	6e-05	0.00022	0.0863	6e-05	0.01302	0.00193	0.0285	6e-05	0.0	0.13598	0.02879	0.16659	0.06978	0.01557	0.04542	6e-05	0.03456	0.08912	0.08962	0.01697	0.06511	0.00187	0.0769	0.01254	6e-05	6e-05	0.03164	0.03164	0.02197	0.09945	0.0836	0.11493	0.11493	6e-05	0.05889	0.0771	6e-05	0.06509	6e-05	0.10303	0.03253	0.01817	0.07069	6e-05	0.15167	0.1439	0.03823	0.05059	6e-05	0.11404	0.01815	0.0285	0.05309	0.24148	0.06901	0.0	0.0	0.0	0.0	0.0	0.0	0.0	0.0	0.0	0.0	0.0	0.0	0.0	0.13011	0.01507	0.01817	0.06482	0.07171	0.18925	0.04039	0.1498	0.1363	0.03707	0.08585	0.03514	0.00058	0.11258	0.03438	0.1099	0.03804	0.00187	0.12099	0.07358	0.0	0.0	0.0	0.0	0.12519	0.11783	0.02385	0.01506	0.07962	0.06216	0.06482	0.05751	0.11293	0.02015	0.10864	0.20946	0.05997	0.0159	0.0	0.11118	0.01574	0.0573	0.09523	0.0	0.03127	0.01397	0.10564	0.03458	0.0111	6e-05	0.15532	0.0	0.0	0.06698	0.11043	0.01462	0.03648	0.11493	0.05518	0.03614	0.03455	0.03164	0.03456	0.11593	0.23553	0.11295	6e-05	0.03456	0.11295	0.07587	0.0388	0.06668	
0.05547	0.00974	0.01885	0.0678	0.03093	0.16029	0.12193	0.0	0.11643	1e-05	1e-05	1e-05	1e-05	1e-05	1e-05	0.0	0.01326	0.01777	0.2356	0.1186	0.24829	0.01777	1e-05	1e-05	0.05446	0.11826	1e-05	0.00663	0.14181	0.30787	1e-05	0.13598	0.0	0.28069	0.20197	0.04342	0.06394	0.0234	1e-05	0.01777	0.14873	0.14792	0.03309	0.15743	0.00089	0.16401	0.00638	1e-05	1e-05	0.01617	0.01617	0.13441	0.06447	0.09278	0.01914	0.01914	1e-05	0.01434	0.0316	1e-05	0.02176	1e-05	0.04281	0.04251	0.00926	0.14304	1e-05	0.02854	0.1303	0.01911	0.00891	1e-05	0.15975	0.10826	0.30787	0.24378	0.25038	0.15387	0.0	0.0	0.0	0.0	0.0	0.0	0.0	0.0	0.0	0.0	0.0	0.0	0.0	0.11475	0.06635	0.00926	0.11971	0.09243	0.14721	0.08624	0.17896	0.29394	0.15737	0.09048	0.07715	0.01022	0.02625	0.06596	0.03041	0.03717	0.00089	0.04295	0.09252	0.0	0.0	0.0	0.0	0.16303	0.27149	0.02971	0.12322	0.17481	0.08322	0.03293	0.08841	0.21828	0.01028	0.02434	0.03178	0.16128	0.03266	0.0	0.02138	0.00802	0.04261	0.16159	0.0	0.10908	0.03373	0.02564	0.0701	0.0973	1e-05	0.02493	0.0	0.0	0.02315	0.02283	0.10102	0.04469	0.01914	0.15641	0.27891	0.07279	0.01617	0.01777	0.03527	0.03488	0.01885	1e-05	0.01777	0.01885	0.03867	0.03871	0.16665	
0.08586	0.01432	0.02777	0.03083	0.27448	0.08845	0.06209	0.0	0.05265	0.00034	0.00034	0.00034	0.00034	0.00034	0.00034	0.0	0.01947	0.33334	0.2965	0.02502	0.03681	0.33334	0.00034	0.00034	0.13906	0.09687	0.00034	0.00979	0.01996	0.10363	0.00034	0.02879	0.28069	0.0	0.07726	0.24701	0.10345	0.29331	0.00034	0.33334	0.38173	0.09872	0.08259	0.09451	0.12221	0.09303	0.04202	0.00034	0.00034	0.02378	0.02378	0.1141	0.07448	0.1169	0.02821	0.02821	0.00034	0.04805	0.04731	0.00034	0.03226	0.00034	0.06496	0.03556	0.01362	0.10905	0.00034	0.0437	0.05285	0.02926	0.0131	0.00034	0.0511	0.10946	0.10363	0.38467	0.14234	0.0988	0.0	0.0	0.0	0.0	0.0	0.0	0.0	0.0	0.0	0.0	0.0	0.0	0.0	0.05291	0.02727	0.01362	0.03388	0.20634	0.10401	0.06195	0.05894	0.16152	0.17753	0.10054	0.13757	0.12132	0.1138	0.1104	0.1075	0.0761	0.12221	0.11521	0.11093	0.0	0.0	0.0	0.0	0.07135	0.34626	0.0442	0.18546	0.07954	0.04333	0.17546	0.2373	0.13144	0.01511	0.03618	0.04765	0.06724	0.01576	0.0	0.03247	0.01181	0.01398	0.17433	0.0	0.18407	0.17283	0.05895	0.08263	0.10987	0.00034	0.03708	0.0	0.0	0.2943	0.03386	0.04865	0.03698	0.02821	0.02515	0.03466	0.10686	0.02378	0.33334	0.0281	0.05215	0.02777	0.00034	0.33334	0.02777	0.18891	0.05846	0.05153	
0.16523	0.04556	0.09891	0.04717	0.07599	0.04159	0.11494	0.0	0.05189	1e-05	1e-05	1e-05	1e-05	1e-05	1e-05	0.0	0.05864	0.03875	0.09838	0.0429	0.14101	0.03875	1e-05	1e-05	0.05713	0.03447	1e-05	0.0135	0.0129	0.06542	1e-05	0.16659	0.20197	0.07726	0.0	0.13209	0.09069	0.05442	1e-05	0.03875	0.09309	0.09441	0.08408	0.14893	0.00229	0.17147	0.01297	1e-05	1e-05	0.07399	0.07399	0.05931	0.20312	0.19203	0.04259	0.04259	1e-05	0.05393	0.09284	1e-05	0.08294	1e-05	0.14348	0.20305	0.01927	0.11501	1e-05	0.08084	0.17394	0.07573	0.01848	1e-05	0.10793	0.17847	0.06542	0.0892	0.18632	0.20199	0.0	0.0	0.0	0.0	0.0	0.0	0.0	0.0	0.0	0.0	0.0	0.0	0.0	0.13594	0.175	0.03916	0.1559	0.1263	0.07357	0.21202	0.12533	0.21009	0.24028	0.10664	0.08882	0.00986	0.10548	0.06536	0.16366	0.0862	0.00229	0.10907	0.12095	0.0	0.0	0.0	0.0	0.19634	0.29507	0.02946	0.0618	0.12474	0.16177	0.07903	0.20028	0.12699	0.04398	0.10588	0.11951	0.1004	0.03628	0.0	0.10831	0.01652	0.14342	0.14794	0.0	0.09705	0.0812	0.10699	0.02272	0.08183	1e-05	0.07678	0.0	0.0	0.05372	0.0531	0.05028	0.15733	0.04259	0.14816	0.09661	0.13569	0.07399	0.03875	0.08955	0.04957	0.09891	1e-05	0.03875	0.09891	0.04866	0.09197	0.10669	
0.15909	0.2011	0.21466	0.02334	0.26411	0.06909	0.06996	0.0	0.06289	0.00032	0.00032	0.00032	0.00032	0.00032	0.00032	0.0	0.13498	0.3296	0.20232	0.09038	0.03396	0.3296	0.00032	0.00032	0.12284	0.04979	0.00032	0.00752	0.09384	0.01633	0.00032	0.06978	0.04342	0.24701	0.13209	0.0	0.19348	0.28663	0.00032	0.3296	0.27393	0.03103	0.11979	0.1028	0.12015	0.01486	0.00724	0.00032	0.00032	0.01813	0.01813	0.14639	0.07188	0.26784	0.02147	0.02147	0.00032	0.18371	0.16766	0.00032	0.02453	0.00032	0.17419	0.16881	0.01043	0.08208	0.00032	0.0513	0.1178	0.02203	0.01004	0.00032	0.17761	0.18764	0.01633	0.27288	0.05889	0.12926	0.0	0.0	0.0	0.0	0.0	0.0	0.0	0.0	0.0	0.0	0.0	0.0	0.0	0.1333	0.2934	0.01043	0.04936	0.27914	0.11908	0.21717	0.07889	0.13844	0.20731	0.17085	0.10037	0.1133	0.39057	0.10169	0.31421	0.1905	0.12015	0.27509	0.14439	0.0	0.0	0.0	0.0	0.07951	0.39732	0.04222	0.0832	0.0425	0.16979	0.16686	0.14837	0.139	0.01156	0.1912	0.17978	0.05048	0.03684	0.0	0.21411	0.00905	0.06524	0.19823	0.0	0.13199	0.16396	0.18143	0.1169	0.16726	0.00032	0.17003	0.0	0.0	0.28775	0.02572	0.09074	0.06835	0.02147	0.03162	0.08892	0.2581	0.01813	0.3296	0.04007	0.08346	0.21466	0.00032	0.3296	0.21466	0.21691	0.04735	0.11347	
