0.0	0.0	0.0	0.0	0.0	0.00078	0.0	0.0	0.0	0.0	0.0	0.00011	0.0	0.0	0.0	0.0	0.0002	0.00092	0.00064	0.00069	0.00056	0.0	0.0	0.0	0.0	0.0	0.00032	0.0	0.0	0.00052	0.00081	0.00052	0.0	0.0005	0.0	0.0	0.0	0.00052	0.0005	0.0	0.0	0.0	0.0	0.00073	0.0008	0.00071	0.00066	0.00052	0.0005	0.00025	0.00025	0.00028	0.00075	0.00054	0.0	0.0	0.0	0.00059	0.0005	
0.0	0.0	0.0	0.0	0.0	0.00078	0.0	0.0	0.0	0.0	0.0	0.00011	0.0	0.0	0.0	0.0	0.0002	0.00092	0.00064	0.00069	0.00056	0.0	0.0	0.0	0.0	0.0	0.00032	0.0	0.0	0.00052	0.00081	0.00052	0.0	0.0005	0.0	0.0	0.0	0.00052	0.0005	0.0	0.0	0.0	0.0	0.00073	0.0008	0.00071	0.00066	0.00052	0.0005	0.00025	0.00025	0.00028	0.00075	0.00054	0.0	0.0	0.0	0.00059	0.0005	
0.0	0.0	0.0	0.0	0.0	0.00078	0.0	0.0	0.0	0.0	0.0	0.00011	0.0	0.0	0.0	0.0	0.0002	0.00092	0.00064	0.00069	0.00056	0.0	0.0	0.0	0.0	0.0	0.00032	0.0	0.0	0.00052	0.00081	0.00052	0.0	0.0005	0.0	0.0	0.0	0.00052	0.0005	0.0	0.0	0.0	0.0	0.00073	0.0008	0.00071	0.00066	0.00052	0.0005	0.00025	0.00025	0.00028	0.00075	0.00054	0.0	0.0	0.0	0.00059	0.0005	
0.0	0.0	0.0	0.0	0.0	0.00078	0.0	0.0	0.0	0.0	0.0	0.00011	0.0	0.0	0.0	0.0	0.0002	0.00092	0.00064	0.00069	0.00056	0.0	0.0	0.0	0.0	0.0	0.00032	0.0	0.0	0.00052	0.00081	0.00052	0.0	0.0005	0.0	0.0	0.0	0.00052	0.0005	0.0	0.0	0.0	0.0	0.00073	0.0008	0.00071	0.00066	0.00052	0.0005	0.00025	0.00025	0.00028	0.00075	0.00054	0.0	0.0	0.0	0.00059	0.0005	
0.0	0.0	0.0	0.0	0.0	0.00078	0.0	0.0	0.0	0.0	0.0	0.00011	0.0	0.0	0.0	0.0	0.0002	0.00092	0.00064	0.00069	0.00056	0.0	0.0	0.0	0.0	0.0	0.00032	0.0	0.0	0.00052	0.00081	0.00052	0.0	0.0005	0.0	0.0	0.0	0.00052	0.0005	0.0	0.0	0.0	0.0	0.00073	0.0008	0.00071	0.00066	0.00052	0.0005	0.00025	0.00025	0.00028	0.00075	0.00054	0.0	0.0	0.0	0.00059	0.0005	
0.00078	0.00078	0.00078	0.00078	0.00078	0.0	0.00078	0.00078	0.00078	0.00078	0.00078	0.00342	0.00078	0.00078	0.00078	0.00078	0.09536	0.23444	0.36712	0.23661	0.13979	0.00078	0.00078	0.00078	0.00078	0.00078	0.10207	0.00078	0.00078	0.05861	0.2643	0.05861	0.00078	0.04294	0.00078	0.00078	0.00078	0.05861	0.04294	0.00078	0.00078	0.00078	0.00078	0.06675	0.14243	0.2279	0.28156	0.12781	0.23421	0.26268	0.26268	0.70485	0.07589	0.06033	0.00078	0.00078	0.00078	0.06425	0.04294	
0.0	0.0	0.0	0.0	0.0	0.00078	0.0	0.0	0.0	0.0	0.0	0.00011	0.0	0.0	0.0	0.0	0.0002	0.00092	0.00064	0.00069	0.00056	0.0	0.0	0.0	0.0	0.0	0.00032	0.0	0.0	0.00052	0.00081	0.00052	0.0	0.0005	0.0	0.0	0.0	0.00052	0.0005	0.0	0.0	0.0	0.0	0.00073	0.0008	0.00071	0.00066	0.00052	0.0005	0.00025	0.00025	0.00028	0.00075	0.00054	0.0	0.0	0.0	0.00059	0.0005	
0.0	0.0	0.0	0.0	0.0	0.00078	0.0	0.0	0.0	0.0	0.0	0.00011	0.0	0.0	0.0	0.0	0.0002	0.00092	0.00064	0.00069	0.00056	0.0	0.0	0.0	0.0	0.0	0.00032	0.0	0.0	0.00052	0.00081	0.00052	0.0	0.0005	0.0	0.0	0.0	0.00052	0.0005	0.0	0.0	0.0	0.0	0.00073	0.0008	0.00071	0.00066	0.00052	0.0005	0.00025	0.00025	0.00028	0.00075	0.00054	0.0	0.0	0.0	0.00059	0.0005	
0.0	0.0	0.0	0.0	0.0	0.00078	0.0	0.0	0.0	0.0	0.0	0.00011	0.0	0.0	0.0	0.0	0.0002	0.00092	0.00064	0.00069	0.00056	0.0	0.0	0.0	0.0	0.0	0.00032	0.0	0.0	0.00052	0.00081	0.00052	0.0	0.0005	0.0	0.0	0.0	0.00052	0.0005	0.0	0.0	0.0	0.0	0.00073	0.0008	0.00071	0.00066	0.00052	0.0005	0.00025	0.00025	0.00028	0.00075	0.00054	0.0	0.0	0.0	0.00059	0.0005	
0.0	0.0	0.0	0.0	0.0	0.00078	0.0	0.0	0.0	0.0	0.0	0.00011	0.0	0.0	0.0	0.0	0.0002	0.00092	0.00064	0.00069	0.00056	0.0	0.0	0.0	0.0	0.0	0.00032	0.0	0.0	0.00052	0.00081	0.00052	0.0	0.0005	0.0	0.0	0.0	0.00052	0.0005	0.0	0.0	0.0	0.0	0.00073	0.0008	0.00071	0.00066	0.00052	0.0005	0.00025	0.00025	0.00028	0.00075	0.00054	0.0	0.0	0.0	0.00059	0.0005	
0.0	0.0	0.0	0.0	0.0	0.00078	0.0	0.0	0.0	0.0	0.0	0.00011	0.0	0.0	0.0	0.0	0.0002	0.00092	0.00064	0.00069	0.00056	0.0	0.0	0.0	0.0	0.0	0.00032	0.0	0.0	0.00052	0.00081	0.00052	0.0	0.0005	0.0	0.0	0.0	0.00052	0.0005	0.0	0.0	0.0	0.0	0.00073	0.0008	0.00071	0.00066	0.00052	0.0005	0.00025	0.00025	0.00028	0.00075	0.00054	0.0	0.0	0.0	0.00059	0.0005	
0.00011	0.00011	0.00011	0.00011	0.00011	0.00342	0.00011	0.00011	0.00011	0.00011	0.00011	0.0	0.00011	0.00011	0.00011	0.00011	0.04016	0.01206	0.09996	0.20779	0.04588	0.00011	0.00011	0.00011	0.00011	0.00011	0.04677	0.00011	0.00011	0.03888	0.09878	0.03888	0.00011	0.02892	0.00011	0.00011	0.00011	0.03888	0.02892	0.00011	0.00011	0.00011	0.00011	0.11164	0.08868	0.01456	0.07569	0.22351	0.24028	0.14197	0.14197	0.08683	0.19506	0.04321	0.00011	0.00011	0.00011	0.01469	0.02892	
0.0	0.0	0.0	0.0	0.0	0.00078	0.0	0.0	0.0	0.0	0.0	0.00011	0.0	0.0	0.0	0.0	0.0002	0.00092	0.00064	0.00069	0.00056	0.0	0.0	0.0	0.0	0.0	0.00032	0.0	0.0	0.00052	0.00081	0.00052	0.0	0.0005	0.0	0.0	0.0	0.00052	0.0005	0.0	0.0	0.0	0.0	0.00073	0.0008	0.00071	0.00066	0.00052	0.0005	0.00025	0.00025	0.00028	0.00075	0.00054	0.0	0.0	0.0	0.00059	0.0005	
0.0	0.0	0.0	0.0	0.0	0.00078	0.0	0.0	0.0	0.0	0.0	0.00011	0.0	0.0	0.0	0.0	0.0002	0.00092	0.00064	0.00069	0.00056	0.0	0.0	0.0	0.0	0.0	0.00032	0.0	0.0	0.00052	0.00081	0.00052	0.0	0.0005	0.0	0.0	0.0	0.00052	0.0005	0.0	0.0	0.0	0.0	0.00073	0.0008	0.00071	0.00066	0.00052	0.0005	0.00025	0.00025	0.00028	0.00075	0.00054	0.0	0.0	0.0	0.00059	0.0005	
0.0	0.0	0.0	0.0	0.0	0.00078	0.0	0.0	0.0	0.0	0.0	0.00011	0.0	0.0	0.0	0.0	0.0002	0.00092	0.00064	0.00069	0.00056	0.0	0.0	0.0	0.0	0.0	0.00032	0.0	0.0	0.00052	0.00081	0.00052	0.0	0.0005	0.0	0.0	0.0	0.00052	0.0005	0.0	0.0	0.0	0.0	0.00073	0.0008	0.00071	0.00066	0.00052	0.0005	0.00025	0.00025	0.00028	0.00075	0.00054	0.0	0.0	0.0	0.00059	0.0005	
0.0	0.0	0.0	0.0	0.0	0.00078	0.0	0.0	0.0	0.0	0.0	0.00011	0.0	0.0	0.0	0.0	0.0002	0.00092	0.00064	0.00069	0.00056	0.0	0.0	0.0	0.0	0.0	0.00032	0.0	0.0	0.00052	0.00081	0.00052	0.0	0.0005	0.0	0.0	0.0	0.00052	0.0005	0.0	0.0	0.0	0.0	0.00073	0.0008	0.00071	0.00066	0.00052	0.0005	0.00025	0.00025	0.00028	0.00075	0.00054	0.0	0.0	0.0	0.00059	0.0005	
0.0002	0.0002	0.0002	0.0002	0.0002	0.09536	0.0002	0.0002	0.0002	0.0002	0.0002	0.04016	0.0002	0.0002	0.0002	0.0002	0.0	0.09153	0.13936	0.26486	0.05906	0.0002	0.0002	0.0002	0.0002	0.0002	0.25295	0.0002	0.0002	0.02686	0.15176	0.02686	0.0002	0.02005	0.0002	0.0002	0.0002	0.02686	0.02005	0.0002	0.0002	0.0002	0.0002	0.09964	0.06012	0.04709	0.10185	0.01864	0.12269	0.17113	0.17113	0.25353	0.10634	0.10259	0.0002	0.0002	0.0002	0.01025	0.02005	
0.00092	0.00092	0.00092	0.00092	0.00092	0.23444	0.00092	0.00092	0.00092	0.00092	0.00092	0.01206	0.00092	0.00092	0.00092	0.00092	0.09153	0.0	0.36505	0.56608	0.36802	0.00092	0.00092	0.00092	0.00092	0.00092	0.12856	0.00092	0.00092	0.12635	0.43751	0.12635	0.00092	0.08952	0.00092	0.00092	0.00092	0.12635	0.08952	0.00092	0.00092	0.00092	0.00092	0.56021	0.37757	0.16631	0.18637	0.05719	0.36952	0.15262	0.15262	0.84634	0.18702	0.12542	0.00092	0.00092	0.00092	0.03007	0.08952	
0.00064	0.00064	0.00064	0.00064	0.00064	0.36712	0.00064	0.00064	0.00064	0.00064	0.00064	0.09996	0.00064	0.00064	0.00064	0.00064	0.13936	0.36505	0.0	0.72809	0.14996	0.00064	0.00064	0.00064	0.00064	0.00064	0.13605	0.00064	0.00064	0.11611	0.81563	0.11611	0.00064	0.07894	0.00064	0.00064	0.00064	0.11611	0.07894	0.00064	0.00064	0.00064	0.00064	0.38562	0.48038	0.22556	0.26235	0.0634	0.77235	0.9002	0.9002	1.17199	0.26113	0.11894	0.00064	0.00064	0.00064	0.03106	0.07894	
0.00069	0.00069	0.00069	0.00069	0.00069	0.23661	0.00069	0.00069	0.00069	0.00069	0.00069	0.20779	0.00069	0.00069	0.00069	0.00069	0.26486	0.56608	0.72809	0.0	0.28459	0.00069	0.00069	0.00069	0.00069	0.00069	0.13298	0.00069	0.00069	0.12301	0.87259	0.12301	0.00069	0.08371	0.00069	0.00069	0.00069	0.12301	0.08371	0.00069	0.00069	0.00069	0.00069	0.53972	0.51393	0.16091	0.1827	0.04975	0.64199	0.59411	0.59411	0.85787	0.33111	0.12429	0.00069	0.00069	0.00069	0.02489	0.08371	
0.00056	0.00056	0.00056	0.00056	0.00056	0.13979	0.00056	0.00056	0.00056	0.00056	0.00056	0.04588	0.00056	0.00056	0.00056	0.00056	0.05906	0.36802	0.14996	0.28459	0.0	0.00056	0.00056	0.00056	0.00056	0.00056	0.0694	0.00056	0.00056	0.0562	0.17527	0.0562	0.00056	0.14681	0.00056	0.00056	0.00056	0.0562	0.14681	0.00056	0.00056	0.00056	0.00056	0.24661	0.06707	0.10332	0.11436	0.03816	0.23657	0.06864	0.06864	0.54438	0.11437	0.06436	0.00056	0.00056	0.00056	0.02048	0.14681	
0.0	0.0	0.0	0.0	0.0	0.00078	0.0	0.0	0.0	0.0	0.0	0.00011	0.0	0.0	0.0	0.0	0.0002	0.00092	0.00064	0.00069	0.00056	0.0	0.0	0.0	0.0	0.0	0.00032	0.0	0.0	0.00052	0.00081	0.00052	0.0	0.0005	0.0	0.0	0.0	0.00052	0.0005	0.0	0.0	0.0	0.0	0.00073	0.0008	0.00071	0.00066	0.00052	0.0005	0.00025	0.00025	0.00028	0.00075	0.00054	0.0	0.0	0.0	0.00059	0.0005	
0.0	0.0	0.0	0.0	0.0	0.00078	0.0	0.0	0.0	0.0	0.0	0.00011	0.0	0.0	0.0	0.0	0.0002	0.00092	0.00064	0.00069	0.00056	0.0	0.0	0.0	0.0	0.0	0.00032	0.0	0.0	0.00052	0.00081	0.00052	0.0	0.0005	0.0	0.0	0.0	0.00052	0.0005	0.0	0.0	0.0	0.0	0.00073	0.0008	0.00071	0.00066	0.00052	0.0005	0.00025	0.00025	0.00028	0.00075	0.00054	0.0	0.0	0.0	0.00059	0.0005	
0.0	0.0	0.0	0.0	0.0	0.00078	0.0	0.0	0.0	0.0	0.0	0.00011	0.0	0.0	0.0	0.0	0.0002	0.00092	0.00064	0.00069	0.00056	0.0	0.0	0.0	0.0	0.0	0.00032	0.0	0.0	0.00052	0.00081	0.00052	0.0	0.0005	0.0	0.0	0.0	0.00052	0.0005	0.0	0.0	0.0	0.0	0.00073	0.0008	0.00071	0.00066	0.00052	0.0005	0.00025	0.00025	0.00028	0.00075	0.00054	0.0	0.0	0.0	0.00059	0.0005	
0.0	0.0	0.0	0.0	0.0	0.00078	0.0	0.0	0.0	0.0	0.0	0.00011	0.0	0.0	0.0	0.0	0.0002	0.00092	0.00064	0.00069	0.00056	0.0	0.0	0.0	0.0	0.0	0.00032	0.0	0.0	0.00052	0.00081	0.00052	0.0	0.0005	0.0	0.0	0.0	0.00052	0.0005	0.0	0.0	0.0	0.0	0.00073	0.0008	0.00071	0.00066	0.00052	0.0005	0.00025	0.00025	0.00028	0.00075	0.00054	0.0	0.0	0.0	0.00059	0.0005	
0.0	0.0	0.0	0.0	0.0	0.00078	0.0	0.0	0.0	0.0	0.0	0.00011	0.0	0.0	0.0	0.0	0.0002	0.00092	0.00064	0.00069	0.00056	0.0	0.0	0.0	0.0	0.0	0.00032	0.0	0.0	0.00052	0.00081	0.00052	0.0	0.0005	0.0	0.0	0.0	0.00052	0.0005	0.0	0.0	0.0	0.0	0.00073	0.0008	0.00071	0.00066	0.00052	0.0005	0.00025	0.00025	0.00028	0.00075	0.00054	0.0	0.0	0.0	0.00059	0.0005	
0.00032	0.00032	0.00032	0.00032	0.00032	0.10207	0.00032	0.00032	0.00032	0.00032	0.00032	0.04677	0.00032	0.00032	0.00032	0.00032	0.25295	0.12856	0.13605	0.13298	0.0694	0.00032	0.00032	0.00032	0.00032	0.00032	0.0	0.00032	0.00032	0.65769	0.14743	0.65769	0.00032	0.02294	0.00032	0.00032	0.00032	0.65769	0.02294	0.00032	0.00032	0.00032	0.00032	0.15267	0.18388	0.05499	0.10583	0.0213	0.12534	0.21189	0.21189	0.20378	0.11535	1.14242	0.00032	0.00032	0.00032	0.0116	0.02294	
0.0	0.0	0.0	0.0	0.0	0.00078	0.0	0.0	0.0	0.0	0.0	0.00011	0.0	0.0	0.0	0.0	0.0002	0.00092	0.00064	0.00069	0.00056	0.0	0.0	0.0	0.0	0.0	0.00032	0.0	0.0	0.00052	0.00081	0.00052	0.0	0.0005	0.0	0.0	0.0	0.00052	0.0005	0.0	0.0	0.0	0.0	0.00073	0.0008	0.00071	0.00066	0.00052	0.0005	0.00025	0.00025	0.00028	0.00075	0.00054	0.0	0.0	0.0	0.00059	0.0005	
0.0	0.0	0.0	0.0	0.0	0.00078	0.0	0.0	0.0	0.0	0.0	0.00011	0.0	0.0	0.0	0.0	0.0002	0.00092	0.00064	0.00069	0.00056	0.0	0.0	0.0	0.0	0.0	0.00032	0.0	0.0	0.00052	0.00081	0.00052	0.0	0.0005	0.0	0.0	0.0	0.00052	0.0005	0.0	0.0	0.0	0.0	0.00073	0.0008	0.00071	0.00066	0.00052	0.0005	0.00025	0.00025	0.00028	0.00075	0.00054	0.0	0.0	0.0	0.00059	0.0005	
0.00052	0.00052	0.00052	0.00052	0.00052	0.05861	0.00052	0.00052	0.00052	0.00052	0.00052	0.03888	0.00052	0.00052	0.00052	0.00052	0.02686	0.12635	0.11611	0.12301	0.0562	0.00052	0.00052	0.00052	0.00052	0.00052	0.65769	0.00052	0.00052	0.0	0.13813	1.00039	0.00052	0.02037	0.00052	0.00052	0.00052	1.00039	0.02037	0.00052	0.00052	0.00052	0.00052	0.15695	0.20952	0.04529	0.04938	0.01905	0.09864	0.29181	0.29181	0.20527	0.07164	1.00195	0.00052	0.00052	0.00052	0.01097	0.02037	
0.00081	0.00081	0.00081	0.00081	0.00081	0.2643	0.00081	0.00081	0.00081	0.00081	0.00081	0.09878	0.00081	0.00081	0.00081	0.00081	0.15176	0.43751	0.81563	0.87259	0.17527	0.00081	0.00081	0.00081	0.00081	0.00081	0.14743	0.00081	0.00081	0.13813	0.0	0.13813	0.00081	0.0942	0.00081	0.00081	0.00081	0.13813	0.0942	0.00081	0.00081	0.00081	0.00081	0.45756	0.5898	0.17923	0.20359	0.05585	0.58463	0.45942	0.45942	0.69437	0.25828	0.14011	0.00081	0.00081	0.00081	0.02816	0.0942	
0.00052	0.00052	0.00052	0.00052	0.00052	0.05861	0.00052	0.00052	0.00052	0.00052	0.00052	0.03888	0.00052	0.00052	0.00052	0.00052	0.02686	0.12635	0.11611	0.12301	0.0562	0.00052	0.00052	0.00052	0.00052	0.00052	0.65769	0.00052	0.00052	1.00039	0.13813	0.0	0.00052	0.02037	0.00052	0.00052	0.00052	1.00039	0.02037	0.00052	0.00052	0.00052	0.00052	0.15695	0.20952	0.04529	0.04938	0.01905	0.09864	0.29181	0.29181	0.20527	0.07164	1.00195	0.00052	0.00052	0.00052	0.01097	0.02037	
0.0	0.0	0.0	0.0	0.0	0.00078	0.0	0.0	0.0	0.0	0.0	0.00011	0.0	0.0	0.0	0.0	0.0002	0.00092	0.00064	0.00069	0.00056	0.0	0.0	0.0	0.0	0.0	0.00032	0.0	0.0	0.00052	0.00081	0.00052	0.0	0.0005	0.0	0.0	0.0	0.00052	0.0005	0.0	0.0	0.0	0.0	0.00073	0.0008	0.00071	0.00066	0.00052	0.0005	0.00025	0.00025	0.00028	0.00075	0.00054	0.0	0.0	0.0	0.00059	0.0005	
0.0005	0.0005	0.0005	0.0005	0.0005	0.04294	0.0005	0.0005	0.0005	0.0005	0.0005	0.02892	0.0005	0.0005	0.0005	0.0005	0.02005	0.08952	0.07894	0.08371	0.14681	0.0005	0.0005	0.0005	0.0005	0.0005	0.02294	0.0005	0.0005	0.02037	0.0942	0.02037	0.0005	0.0	0.0005	0.0005	0.0005	0.02037	1.00018	0.0005	0.0005	0.0005	0.0005	0.10966	0.14417	0.03358	0.03644	0.01483	0.06789	0.20013	0.20013	0.14081	0.05208	0.02273	0.0005	0.0005	0.0005	0.00883	1.00018	
0.0	0.0	0.0	0.0	0.0	0.00078	0.0	0.0	0.0	0.0	0.0	0.00011	0.0	0.0	0.0	0.0	0.0002	0.00092	0.00064	0.00069	0.00056	0.0	0.0	0.0	0.0	0.0	0.00032	0.0	0.0	0.00052	0.00081	0.00052	0.0	0.0005	0.0	0.0	0.0	0.00052	0.0005	0.0	0.0	0.0	0.0	0.00073	0.0008	0.00071	0.00066	0.00052	0.0005	0.00025	0.00025	0.00028	0.00075	0.00054	0.0	0.0	0.0	0.00059	0.0005	
0.0	0.0	0.0	0.0	0.0	0.00078	0.0	0.0	0.0	0.0	0.0	0.00011	0.0	0.0	0.0	0.0	0.0002	0.00092	0.00064	0.00069	0.00056	0.0	0.0	0.0	0.0	0.0	0.00032	0.0	0.0	0.00052	0.00081	0.00052	0.0	0.0005	0.0	0.0	0.0	0.00052	0.0005	0.0	0.0	0.0	0.0	0.00073	0.0008	0.00071	0.00066	0.00052	0.0005	0.00025	0.00025	0.00028	0.00075	0.00054	0.0	0.0	0.0	0.00059	0.0005	
0.0	0.0	0.0	0.0	0.0	0.00078	0.0	0.0	0.0	0.0	0.0	0.00011	0.0	0.0	0.0	0.0	0.0002	0.00092	0.00064	0.00069	0.00056	0.0	0.0	0.0	0.0	0.0	0.00032	0.0	0.0	0.00052	0.00081	0.00052	0.0	0.0005	0.0	0.0	0.0	0.00052	0.0005	0.0	0.0	0.0	0.0	0.00073	0.0008	0.00071	0.00066	0.00052	0.0005	0.00025	0.00025	0.00028	0.00075	0.00054	0.0	0.0	0.0	0.00059	0.0005	
0.00052	0.00052	0.00052	0.00052	0.00052	0.05861	0.00052	0.00052	0.00052	0.00052	0.00052	0.03888	0.00052	0.00052	0.00052	0.00052	0.02686	0.12635	0.11611	0.12301	0.0562	0.00052	0.00052	0.00052	0.00052	0.00052	0.65769	0.00052	0.00052	1.00039	0.13813	1.00039	0.00052	0.02037	0.00052	0.00052	0.00052	0.0	0.02037	0.00052	0.00052	0.00052	0.00052	0.15695	0.20952	0.04529	0.04938	0.01905	0.09864	0.29181	0.29181	0.20527	0.07164	1.00195	0.00052	0.00052	0.00052	0.01097	0.02037	
0.0005	0.0005	0.0005	0.0005	0.0005	0.04294	0.0005	0.0005	0.0005	0.0005	0.0005	0.02892	0.0005	0.0005	0.0005	0.0005	0.02005	0.08952	0.07894	0.08371	0.14681	0.0005	0.0005	0.0005	0.0005	0.0005	0.02294	0.0005	0.0005	0.02037	0.0942	0.02037	0.0005	1.00018	0.0005	0.0005	0.0005	0.02037	0.0	0.0005	0.0005	0.0005	0.0005	0.10966	0.14417	0.03358	0.03644	0.01483	0.06789	0.20013	0.20013	0.14081	0.05208	0.02273	0.0005	0.0005	0.0005	0.00883	1.00018	
0.0	0.0	0.0	0.0	0.0	0.00078	0.0	0.0	0.0	0.0	0.0	0.00011	0.0	0.0	0.0	0.0	0.0002	0.00092	0.00064	0.00069	0.00056	0.0	0.0	0.0	0.0	0.0	0.00032	0.0	0.0	0.00052	0.00081	0.00052	0.0	0.0005	0.0	0.0	0.0	0.00052	0.0005	0.0	0.0	0.0	0.0	0.00073	0.0008	0.00071	0.00066	0.00052	0.0005	0.00025	0.00025	0.00028	0.00075	0.00054	0.0	0.0	0.0	0.00059	0.0005	
0.0	0.0	0.0	0.0	0.0	0.00078	0.0	0.0	0.0	0.0	0.0	0.00011	0.0	0.0	0.0	0.0	0.0002	0.00092	0.00064	0.00069	0.00056	0.0	0.0	0.0	0.0	0.0	0.00032	0.0	0.0	0.00052	0.00081	0.00052	0.0	0.0005	0.0	0.0	0.0	0.00052	0.0005	0.0	0.0	0.0	0.0	0.00073	0.0008	0.00071	0.00066	0.00052	0.0005	0.00025	0.00025	0.00028	0.00075	0.00054	0.0	0.0	0.0	0.00059	0.0005	
0.0	0.0	0.0	0.0	0.0	0.00078	0.0	0.0	0.0	0.0	0.0	0.00011	0.0	0.0	0.0	0.0	0.0002	0.00092	0.00064	0.00069	0.00056	0.0	0.0	0.0	0.0	0.0	0.00032	0.0	0.0	0.00052	0.00081	0.00052	0.0	0.0005	0.0	0.0	0.0	0.00052	0.0005	0.0	0.0	0.0	0.0	0.00073	0.0008	0.00071	0.00066	0.00052	0.0005	0.00025	0.00025	0.00028	0.00075	0.00054	0.0	0.0	0.0	0.00059	0.0005	
0.0	0.0	0.0	0.0	0.0	0.00078	0.0	0.0	0.0	0.0	0.0	0.00011	0.0	0.0	0.0	0.0	0.0002	0.00092	0.00064	0.00069	0.00056	0.0	0.0	0.0	0.0	0.0	0.00032	0.0	0.0	0.00052	0.00081	0.00052	0.0	0.0005	0.0	0.0	0.0	0.00052	0.0005	0.0	0.0	0.0	0.0	0.00073	0.0008	0.00071	0.00066	0.00052	0.0005	0.00025	0.00025	0.00028	0.00075	0.00054	0.0	0.0	0.0	0.00059	0.0005	
0.00073	0.00073	0.00073	0.00073	0.00073	0.06675	0.00073	0.00073	0.00073	0.00073	0.00073	0.11164	0.00073	0.00073	0.00073	0.00073	0.09964	0.56021	0.38562	0.53972	0.24661	0.00073	0.00073	0.00073	0.00073	0.00073	0.15267	0.00073	0.00073	0.15695	0.45756	0.15695	0.00073	0.10966	0.00073	0.00073	0.00073	0.15695	0.10966	0.00073	0.00073	0.00073	0.00073	0.0	0.55973	0.02906	0.03973	0.0615	0.86241	0.27784	0.27784	0.30831	0.23174	0.15533	0.00073	0.00073	0.00073	0.03227	0.10966	
0.0008	0.0008	0.0008	0.0008	0.0008	0.14243	0.0008	0.0008	0.0008	0.0008	0.0008	0.08868	0.0008	0.0008	0.0008	0.0008	0.06012	0.37757	0.48038	0.51393	0.06707	0.0008	0.0008	0.0008	0.0008	0.0008	0.18388	0.0008	0.0008	0.20952	0.5898	0.20952	0.0008	0.14417	0.0008	0.0008	0.0008	0.20952	0.14417	0.0008	0.0008	0.0008	0.0008	0.55973	0.0	0.10519	0.11646	0.03887	0.33548	0.7797	0.7797	0.54831	0.18664	0.20754	0.0008	0.0008	0.0008	0.02095	0.14417	
0.00071	0.00071	0.00071	0.00071	0.00071	0.2279	0.00071	0.00071	0.00071	0.00071	0.00071	0.01456	0.00071	0.00071	0.00071	0.00071	0.04709	0.16631	0.22556	0.16091	0.10332	0.00071	0.00071	0.00071	0.00071	0.00071	0.05499	0.00071	0.00071	0.04529	0.17923	0.04529	0.00071	0.03358	0.00071	0.00071	0.00071	0.04529	0.03358	0.00071	0.00071	0.00071	0.00071	0.02906	0.10519	0.0	0.1142	0.18093	0.1197	0.16706	0.16706	0.35782	0.00163	0.04968	0.00071	0.00071	0.00071	0.08892	0.03358	
0.00066	0.00066	0.00066	0.00066	0.00066	0.28156	0.00066	0.00066	0.00066	0.00066	0.00066	0.07569	0.00066	0.00066	0.00066	0.00066	0.10185	0.18637	0.26235	0.1827	0.11436	0.00066	0.00066	0.00066	0.00066	0.00066	0.10583	0.00066	0.00066	0.04938	0.20359	0.04938	0.00066	0.03644	0.00066	0.00066	0.00066	0.04938	0.03644	0.00066	0.00066	0.00066	0.00066	0.03973	0.11646	0.1142	0.0	0.03381	0.14876	0.19336	0.19336	0.43531	0.00493	0.05216	0.00066	0.00066	0.00066	0.07929	0.03644	
0.00052	0.00052	0.00052	0.00052	0.00052	0.12781	0.00052	0.00052	0.00052	0.00052	0.00052	0.22351	0.00052	0.00052	0.00052	0.00052	0.01864	0.05719	0.0634	0.04975	0.03816	0.00052	0.00052	0.00052	0.00052	0.00052	0.0213	0.00052	0.00052	0.01905	0.05585	0.01905	0.00052	0.01483	0.00052	0.00052	0.00052	0.01905	0.01483	0.00052	0.00052	0.00052	0.00052	0.0615	0.03887	0.18093	0.03381	0.0	0.07799	0.05509	0.05509	0.0953	0.1388	0.02056	0.00052	0.00052	0.00052	0.00838	0.01483	
0.0005	0.0005	0.0005	0.0005	0.0005	0.23421	0.0005	0.0005	0.0005	0.0005	0.0005	0.24028	0.0005	0.0005	0.0005	0.0005	0.12269	0.36952	0.77235	0.64199	0.23657	0.0005	0.0005	0.0005	0.0005	0.0005	0.12534	0.0005	0.0005	0.09864	0.58463	0.09864	0.0005	0.06789	0.0005	0.0005	0.0005	0.09864	0.06789	0.0005	0.0005	0.0005	0.0005	0.86241	0.33548	0.1197	0.14876	0.07799	0.0	0.5774	0.5774	1.13671	0.45079	0.10103	0.0005	0.0005	0.0005	0.03776	0.06789	
0.00025	0.00025	0.00025	0.00025	0.00025	0.26268	0.00025	0.00025	0.00025	0.00025	0.00025	0.14197	0.00025	0.00025	0.00025	0.00025	0.17113	0.15262	0.9002	0.59411	0.06864	0.00025	0.00025	0.00025	0.00025	0.00025	0.21189	0.00025	0.00025	0.29181	0.45942	0.29181	0.00025	0.20013	0.00025	0.00025	0.00025	0.29181	0.20013	0.00025	0.00025	0.00025	0.00025	0.27784	0.7797	0.16706	0.19336	0.05509	0.5774	0.0	0.99959	1.09238	0.27867	0.29413	0.00025	0.00025	0.00025	0.03056	0.20013	
0.00025	0.00025	0.00025	0.00025	0.00025	0.26268	0.00025	0.00025	0.00025	0.00025	0.00025	0.14197	0.00025	0.00025	0.00025	0.00025	0.17113	0.15262	0.9002	0.59411	0.06864	0.00025	0.00025	0.00025	0.00025	0.00025	0.21189	0.00025	0.00025	0.29181	0.45942	0.29181	0.00025	0.20013	0.00025	0.00025	0.00025	0.29181	0.20013	0.00025	0.00025	0.00025	0.00025	0.27784	0.7797	0.16706	0.19336	0.05509	0.5774	0.99959	0.0	1.09238	0.27867	0.29413	0.00025	0.00025	0.00025	0.03056	0.20013	
0.00028	0.00028	0.00028	0.00028	0.00028	0.70485	0.00028	0.00028	0.00028	0.00028	0.00028	0.08683	0.00028	0.00028	0.00028	0.00028	0.25353	0.84634	1.17199	0.85787	0.54438	0.00028	0.00028	0.00028	0.00028	0.00028	0.20378	0.00028	0.00028	0.20527	0.69437	0.20527	0.00028	0.14081	0.00028	0.00028	0.00028	0.20527	0.14081	0.00028	0.00028	0.00028	0.00028	0.30831	0.54831	0.35782	0.43531	0.0953	1.13671	1.09238	1.09238	0.0	0.04859	0.21807	0.00028	0.00028	0.00028	0.04961	0.14081	
0.00075	0.00075	0.00075	0.00075	0.00075	0.07589	0.00075	0.00075	0.00075	0.00075	0.00075	0.19506	0.00075	0.00075	0.00075	0.00075	0.10634	0.18702	0.26113	0.33111	0.11437	0.00075	0.00075	0.00075	0.00075	0.00075	0.11535	0.00075	0.00075	0.07164	0.25828	0.07164	0.00075	0.05208	0.00075	0.00075	0.00075	0.07164	0.05208	0.00075	0.00075	0.00075	0.00075	0.23174	0.18664	0.00163	0.00493	0.1388	0.45079	0.27867	0.27867	0.04859	0.0	0.0734	0.00075	0.00075	0.00075	0.02508	0.05208	
0.00054	0.00054	0.00054	0.00054	0.00054	0.06033	0.00054	0.00054	0.00054	0.00054	0.00054	0.04321	0.00054	0.00054	0.00054	0.00054	0.10259	0.12542	0.11894	0.12429	0.06436	0.00054	0.00054	0.00054	0.00054	0.00054	1.14242	0.00054	0.00054	1.00195	0.14011	1.00195	0.00054	0.02273	0.00054	0.00054	0.00054	1.00195	0.02273	0.00054	0.00054	0.00054	0.00054	0.15533	0.20754	0.04968	0.05216	0.02056	0.10103	0.29413	0.29413	0.21807	0.0734	0.0	0.00054	0.00054	0.00054	0.0118	0.02273	
0.0	0.0	0.0	0.0	0.0	0.00078	0.0	0.0	0.0	0.0	0.0	0.00011	0.0	0.0	0.0	0.0	0.0002	0.00092	0.00064	0.00069	0.00056	0.0	0.0	0.0	0.0	0.0	0.00032	0.0	0.0	0.00052	0.00081	0.00052	0.0	0.0005	0.0	0.0	0.0	0.00052	0.0005	0.0	0.0	0.0	0.0	0.00073	0.0008	0.00071	0.00066	0.00052	0.0005	0.00025	0.00025	0.00028	0.00075	0.00054	0.0	0.0	0.0	0.00059	0.0005	
0.0	0.0	0.0	0.0	0.0	0.00078	0.0	0.0	0.0	0.0	0.0	0.00011	0.0	0.0	0.0	0.0	0.0002	0.00092	0.00064	0.00069	0.00056	0.0	0.0	0.0	0.0	0.0	0.00032	0.0	0.0	0.00052	0.00081	0.00052	0.0	0.0005	0.0	0.0	0.0	0.00052	0.0005	0.0	0.0	0.0	0.0	0.00073	0.0008	0.00071	0.00066	0.00052	0.0005	0.00025	0.00025	0.00028	0.00075	0.00054	0.0	0.0	0.0	0.00059	0.0005	
0.0	0.0	0.0	0.0	0.0	0.00078	0.0	0.0	0.0	0.0	0.0	0.00011	0.0	0.0	0.0	0.0	0.0002	0.00092	0.00064	0.00069	0.00056	0.0	0.0	0.0	0.0	0.0	0.00032	0.0	0.0	0.00052	0.00081	0.00052	0.0	0.0005	0.0	0.0	0.0	0.00052	0.0005	0.0	0.0	0.0	0.0	0.00073	0.0008	0.00071	0.00066	0.00052	0.0005	0.00025	0.00025	0.00028	0.00075	0.00054	0.0	0.0	0.0	0.00059	0.0005	
0.00059	0.00059	0.00059	0.00059	0.00059	0.06425	0.00059	0.00059	0.00059	0.00059	0.00059	0.01469	0.00059	0.00059	0.00059	0.00059	0.01025	0.03007	0.03106	0.02489	0.02048	0.00059	0.00059	0.00059	0.00059	0.00059	0.0116	0.00059	0.00059	0.01097	0.02816	0.01097	0.00059	0.00883	0.00059	0.00059	0.00059	0.01097	0.00883	0.00059	0.00059	0.00059	0.00059	0.03227	0.02095	0.08892	0.07929	0.00838	0.03776	0.03056	0.03056	0.04961	0.02508	0.0118	0.00059	0.00059	0.00059	0.0	0.00883	
0.0005	0.0005	0.0005	0.0005	0.0005	0.04294	0.0005	0.0005	0.0005	0.0005	0.0005	0.02892	0.0005	0.0005	0.0005	0.0005	0.02005	0.08952	0.07894	0.08371	0.14681	0.0005	0.0005	0.0005	0.0005	0.0005	0.02294	0.0005	0.0005	0.02037	0.0942	0.02037	0.0005	1.00018	0.0005	0.0005	0.0005	0.02037	1.00018	0.0005	0.0005	0.0005	0.0005	0.10966	0.14417	0.03358	0.03644	0.01483	0.06789	0.20013	0.20013	0.14081	0.05208	0.02273	0.0005	0.0005	0.0005	0.00883	0.0	
