0.0	0.01488	0.01488	0.0015	0.0	0.00021	0.00021	0.0	0.00021	0.01288	0.0	0.03846	0.0	0.04284	0.0	0.01354	0.1839	0.0	0.01158	0.00021	0.00021	2e-05	0.00021	0.00021	2e-05	0.0	0.0	0.00021	0.00021	0.00021	0.00021	0.0	2e-05	2e-05	0.00353	0.00021	0.0	0.0	0.00021	0.02369	0.00021	0.0	0.00021	0.07258	0.07333	0.00021	0.00021	0.0	0.00607	0.00021	0.0	0.0	0.0	0.0	0.01369	0.00986	0.02679	0.02668	0.00066	0.00125	0.07735	0.00021	2e-05	0.00021	0.00021	0.0	0.02216	0.0	
0.01488	0.0	0.0	0.00607	0.00689	0.00021	0.00021	0.00036	0.00021	0.0055	0.00036	0.00058	0.0	0.00855	0.00036	0.03517	0.05047	0.02357	0.13986	0.00021	0.00021	0.0	0.00021	0.00021	0.0	0.00036	0.03021	0.00021	0.00021	0.00021	0.00021	0.00036	0.0	0.0	0.03432	0.00021	0.0	0.00036	0.00021	0.01102	0.00021	0.00718	0.00021	0.00127	0.04364	0.00021	0.00021	0.00036	0.05166	0.00021	0.00036	0.0	0.00036	0.00036	0.00749	0.05435	0.0	0.09467	0.00518	0.12779	0.03387	0.00021	0.0	0.00021	0.00021	0.00036	0.02216	0.00392	
0.01488	0.0	0.0	0.00607	0.00689	0.00021	0.00021	0.00036	0.00021	0.0055	0.00036	0.00058	0.01301	0.00855	0.00036	0.03517	0.05047	0.02357	0.13986	0.00021	0.00021	0.0	0.00021	0.00021	0.0	0.00036	0.03021	0.00021	0.00021	0.00021	0.00021	0.00036	0.0	0.0	0.03432	0.00021	0.0	0.00036	0.00021	0.01102	0.00021	0.00718	0.00021	0.00127	0.04364	0.00021	0.00021	0.00036	0.05166	0.00021	0.00036	0.0	0.00036	0.00036	0.00749	0.05435	0.0	0.00104	0.00518	0.12779	0.03387	0.00021	0.0	0.00021	0.00021	0.00036	0.02216	0.00392	
0.0015	0.00607	0.00607	0.0	0.02022	0.00018	0.00018	0.0	0.00018	0.00787	0.0	0.03541	0.02216	0.48939	0.0	0.0	0.0	0.28846	0.0	0.00018	0.00018	0.00018	0.00018	0.00018	0.00018	0.0	0.01184	0.00018	0.00018	0.00018	0.00018	0.0	0.00018	0.00018	0.01277	0.00018	0.0	0.0	0.00018	0.15388	0.00018	0.03541	0.00018	0.26572	0.0	0.00018	0.00018	0.0	0.28845	0.00018	0.0	0.0	0.0	0.0	0.08234	0.00018	0.00018	0.04493	0.0	0.0	0.06624	0.00018	0.00018	0.00018	0.00018	0.0	0.0	0.01523	
0.0	0.00689	0.00689	0.02022	0.0	0.0	0.0	0.0	0.0	0.0	0.0	0.02399	0.00021	0.00018	0.0	0.0	0.17334	0.0	3e-05	0.0	0.0	0.00014	0.0	0.0	0.00014	0.0	0.00955	0.0	0.0	0.0	0.0	0.0	0.00014	0.00014	0.00015	0.0	0.0	0.0	0.0	0.0	0.0	0.00955	0.0	0.00018	0.10798	0.0	0.0	0.0	0.00018	0.0	0.0	0.0	0.0	0.0	0.01995	0.07183	0.00648	0.00014	0.0	0.04831	0.0	0.0	0.00014	0.0	0.0	0.0	0.00018	0.0	
0.00021	0.00021	0.00021	0.00018	0.0	0.0	0.0	0.0	0.0	0.0	0.0	2e-05	0.00021	0.00018	0.0	0.0	2e-05	0.00018	3e-05	0.0	0.0	0.0	0.0	0.0	0.0	0.0	2e-05	0.0	0.0	0.0	0.0	0.0	0.0	0.0	0.00015	0.0	0.0	0.0	0.0	0.0	0.0	2e-05	0.0	0.00018	0.00018	0.0	0.0	0.0	0.00018	0.0	0.0	0.0	0.0	0.0	3e-05	0.0	0.0	0.00014	0.00018	0.00018	0.0	0.0	0.0	0.0	0.0	0.0	0.00018	0.00021	
0.00021	0.00021	0.00021	0.00018	0.0	0.0	0.0	0.0	0.0	0.0	0.0	2e-05	0.00021	0.00018	0.0	0.0	2e-05	0.00018	3e-05	0.0	0.0	0.0	0.0	0.0	0.0	0.0	2e-05	0.0	0.0	0.0	0.0	0.0	0.0	0.0	0.00015	0.0	0.0	0.0	0.0	0.0	0.0	2e-05	0.0	0.00018	0.00018	0.0	0.0	0.0	0.00018	0.0	0.0	0.0	0.0	0.0	3e-05	0.0	0.0	0.00014	0.00018	0.00018	0.0	0.0	0.0	0.0	0.0	0.0	0.00018	0.00021	
0.0	0.00036	0.00036	0.0	0.0	0.0	0.0	0.0	0.0	0.0	0.0	0.00018	0.00021	0.00018	0.0	0.0	0.0	0.0	3e-05	0.0	0.0	0.0	0.0	0.0	0.0	0.0	0.0	0.0	0.0	0.0	0.0	0.0	0.0	0.0	0.00015	0.0	0.0	0.0	0.0	0.0	0.0	0.0	0.0	0.00018	0.00038	0.0	0.0	0.0	0.00018	0.0	0.0	0.0	0.0	0.0	0.00018	3e-05	0.00018	0.00014	0.0	0.00036	0.0	0.0	0.0	0.0	0.0	0.0	0.00018	0.0	
0.00021	0.00021	0.00021	0.00018	0.0	0.0	0.0	0.0	0.0	0.0	0.0	2e-05	0.00021	0.00018	0.0	0.0	2e-05	0.00018	3e-05	0.0	0.0	0.0	0.0	0.0	0.0	0.0	2e-05	0.0	0.0	0.0	0.0	0.0	0.0	0.0	0.00015	0.0	0.0	0.0	0.0	0.0	0.0	2e-05	0.0	0.00018	0.00018	0.0	0.0	0.0	0.00018	0.0	0.0	0.0	0.0	0.0	3e-05	0.0	0.0	0.00014	0.00018	0.00018	0.0	0.0	0.0	0.0	0.0	0.0	0.00018	0.00021	
0.01288	0.0055	0.0055	0.00787	0.0	0.0	0.0	0.0	0.0	0.0	0.0	0.05355	0.00021	0.00018	0.0	0.0	0.10523	0.01184	3e-05	0.0	0.0	2e-05	0.0	0.0	2e-05	0.0	0.11946	0.0	0.0	0.0	0.0	0.0	2e-05	2e-05	0.00015	0.0	0.0	0.0	0.0	0.0	0.0	0.11946	0.0	0.00018	0.00978	0.0	0.0	0.0	0.00018	0.0	0.0	0.0	0.0	0.0	0.01294	0.13836	0.02436	0.00014	0.01183	0.03953	0.0	0.0	2e-05	0.0	0.0	0.0	0.00018	0.01287	
0.0	0.00036	0.00036	0.0	0.0	0.0	0.0	0.0	0.0	0.0	0.0	0.00018	0.00021	0.00018	0.0	0.0	0.0	0.0	3e-05	0.0	0.0	0.0	0.0	0.0	0.0	0.0	0.0	0.0	0.0	0.0	0.0	0.0	0.0	0.0	0.00015	0.0	0.0	0.0	0.0	0.0	0.0	0.0	0.0	0.00018	0.00038	0.0	0.0	0.0	0.00018	0.0	0.0	0.0	0.0	0.0	0.00018	3e-05	0.00018	0.00014	0.0	0.00036	0.0	0.0	0.0	0.0	0.0	0.0	0.00018	0.0	
0.03846	0.00058	0.00058	0.03541	0.02399	2e-05	2e-05	0.00018	2e-05	0.05355	0.00018	0.0	0.01687	3e-05	0.00018	0.34735	0.79443	0.0	0.17746	2e-05	2e-05	2e-05	2e-05	2e-05	2e-05	0.00018	0.0	2e-05	2e-05	2e-05	2e-05	0.00018	2e-05	2e-05	0.00117	2e-05	0.0	0.00018	2e-05	0.09648	2e-05	0.0	2e-05	0.03356	0.03541	2e-05	2e-05	0.00018	0.0	2e-05	0.00018	0.0	0.00018	0.00018	0.09102	2e-05	2e-05	0.0	0.03541	0.22237	0.26547	2e-05	2e-05	2e-05	2e-05	0.00018	0.03541	5e-05	
0.0	0.0	0.01301	0.02216	0.00021	0.00021	0.00021	0.00021	0.00021	0.00021	0.00021	0.01687	0.0	0.02216	0.00021	0.00139	0.00331	0.02216	0.04887	0.00021	0.00021	0.00021	0.00021	0.00021	0.00021	0.00021	0.01687	0.00021	0.00021	0.00021	0.00021	0.00021	0.00021	0.00021	0.01464	0.00021	0.0	0.00021	0.00021	0.00021	0.00021	0.01687	0.00021	0.02216	0.02216	0.00021	0.00021	0.00021	0.02216	0.00021	0.00021	0.0	0.00021	0.00021	0.04887	0.00021	0.00021	0.17281	0.02216	0.02216	0.00021	0.00021	0.00021	0.00021	0.00021	0.00021	0.02216	0.01301	
0.04284	0.00855	0.00855	0.48939	0.00018	0.00018	0.00018	0.00018	0.00018	0.00018	0.00018	3e-05	0.02216	0.0	0.00018	0.0	0.25688	0.0	0.15832	0.00018	0.00018	7e-05	0.00018	0.00018	7e-05	0.00018	0.00828	0.00018	0.00018	0.00018	0.00018	0.00018	7e-05	7e-05	0.03347	0.00018	0.0	0.00018	0.00018	0.00018	0.00018	0.00828	0.00018	0.0	0.0	0.00018	0.00018	0.00018	0.0	0.00018	0.00018	0.0	0.00018	0.00018	0.08234	0.03953	0.00787	0.12217	0.0	0.33474	0.00018	0.00018	7e-05	0.00018	0.00018	0.00018	0.0	0.04284	
0.0	0.00036	0.00036	0.0	0.0	0.0	0.0	0.0	0.0	0.0	0.0	0.00018	0.00021	0.00018	0.0	0.0	0.0	0.0	3e-05	0.0	0.0	0.0	0.0	0.0	0.0	0.0	0.0	0.0	0.0	0.0	0.0	0.0	0.0	0.0	0.00015	0.0	0.0	0.0	0.0	0.0	0.0	0.0	0.0	0.00018	0.00038	0.0	0.0	0.0	0.00018	0.0	0.0	0.0	0.0	0.0	0.00018	3e-05	0.00018	0.00014	0.0	0.00036	0.0	0.0	0.0	0.0	0.0	0.0	0.00018	0.0	
0.01354	0.03517	0.03517	0.0	0.0	0.0	0.0	0.0	0.0	0.0	0.0	0.34735	0.00139	0.0	0.0	0.0	0.0	0.04636	0.0	0.0	0.0	0.0	0.0	0.0	0.0	0.0	0.0	0.0	0.0	0.0	0.0	0.0	0.0	0.0	0.0	0.0	0.0	0.0	0.0	0.0	0.0	0.0	0.0	0.0	0.0	0.0	0.0	0.0	0.0	0.0	0.0	0.0	0.0	0.0	0.0	0.1701	0.64399	0.00744	0.04636	0.0	0.0	0.0	0.0	0.0	0.0	0.0	0.0	0.01354	
0.1839	0.05047	0.05047	0.0	0.17334	2e-05	2e-05	0.0	2e-05	0.10523	0.0	0.79443	0.00331	0.25688	0.0	0.0	0.0	0.0	0.0	2e-05	2e-05	0.0	2e-05	2e-05	0.0	0.0	0.0	2e-05	2e-05	2e-05	2e-05	0.0	0.0	0.0	0.02201	2e-05	0.0	0.0	2e-05	0.08596	2e-05	0.1839	2e-05	0.03559	0.0	2e-05	2e-05	0.0	0.40496	2e-05	0.0	0.0	0.0	0.0	0.77776	0.09756	0.40496	0.07017	0.08596	0.0	0.00034	2e-05	0.0	2e-05	2e-05	0.0	0.0	0.41693	
0.0	0.02357	0.02357	0.28846	0.0	0.00018	0.00018	0.0	0.00018	0.01184	0.0	0.0	0.02216	0.0	0.0	0.04636	0.0	0.0	0.04173	0.00018	0.00018	0.0	0.00018	0.00018	0.0	0.0	0.0	0.00018	0.00018	0.00018	0.00018	0.0	0.0	0.0	0.00648	0.00018	0.0	0.0	0.00018	0.0	0.00018	0.0	0.00018	0.0	0.50254	0.00018	0.00018	0.0	0.0	0.00018	0.0	0.0	0.0	0.0	0.0	0.03756	0.0	0.03095	0.0	0.03881	0.0	0.00018	0.0	0.00018	0.00018	0.0	0.0	0.0	
0.01158	0.13986	0.13986	0.0	3e-05	3e-05	3e-05	3e-05	3e-05	3e-05	3e-05	0.17746	0.04887	0.15832	3e-05	0.0	0.0	0.04173	0.0	3e-05	3e-05	0.0	3e-05	3e-05	0.0	3e-05	0.1384	3e-05	3e-05	3e-05	3e-05	3e-05	0.0	0.0	0.25898	3e-05	0.0	3e-05	3e-05	3e-05	3e-05	0.13839	3e-05	0.15832	0.03224	3e-05	3e-05	3e-05	0.15833	3e-05	3e-05	0.0	3e-05	3e-05	0.4025	0.18511	0.0639	0.03854	0.04172	0.00181	3e-05	3e-05	0.0	3e-05	3e-05	3e-05	0.15832	0.01158	
0.00021	0.00021	0.00021	0.00018	0.0	0.0	0.0	0.0	0.0	0.0	0.0	2e-05	0.00021	0.00018	0.0	0.0	2e-05	0.00018	3e-05	0.0	0.0	0.0	0.0	0.0	0.0	0.0	2e-05	0.0	0.0	0.0	0.0	0.0	0.0	0.0	0.00015	0.0	0.0	0.0	0.0	0.0	0.0	2e-05	0.0	0.00018	0.00018	0.0	0.0	0.0	0.00018	0.0	0.0	0.0	0.0	0.0	3e-05	0.0	0.0	0.00014	0.00018	0.00018	0.0	0.0	0.0	0.0	0.0	0.0	0.00018	0.00021	
0.00021	0.00021	0.00021	0.00018	0.0	0.0	0.0	0.0	0.0	0.0	0.0	2e-05	0.00021	0.00018	0.0	0.0	2e-05	0.00018	3e-05	0.0	0.0	0.0	0.0	0.0	0.0	0.0	2e-05	0.0	0.0	0.0	0.0	0.0	0.0	0.0	0.00015	0.0	0.0	0.0	0.0	0.0	0.0	2e-05	0.0	0.00018	0.00018	0.0	0.0	0.0	0.00018	0.0	0.0	0.0	0.0	0.0	3e-05	0.0	0.0	0.00014	0.00018	0.00018	0.0	0.0	0.0	0.0	0.0	0.0	0.00018	0.00021	
2e-05	0.0	0.0	0.00018	0.00014	0.0	0.0	0.0	0.0	2e-05	0.0	2e-05	0.00021	7e-05	0.0	0.0	0.0	0.0	0.0	0.0	0.0	0.0	0.0	0.0	0.0	0.0	0.0	0.0	0.0	0.0	0.0	0.0	0.0	0.0	0.0	0.0	0.0	0.0	0.0	0.00018	0.0	2e-05	0.0	0.00036	0.00018	0.0	0.0	0.0	0.0	0.0	0.0	0.0	0.0	0.0	0.00014	0.0	0.0	0.0	0.00018	0.0	7e-05	0.0	0.0	0.0	0.0	0.0	0.00018	3e-05	
0.00021	0.00021	0.00021	0.00018	0.0	0.0	0.0	0.0	0.0	0.0	0.0	2e-05	0.00021	0.00018	0.0	0.0	2e-05	0.00018	3e-05	0.0	0.0	0.0	0.0	0.0	0.0	0.0	2e-05	0.0	0.0	0.0	0.0	0.0	0.0	0.0	0.00015	0.0	0.0	0.0	0.0	0.0	0.0	2e-05	0.0	0.00018	0.00018	0.0	0.0	0.0	0.00018	0.0	0.0	0.0	0.0	0.0	3e-05	0.0	0.0	0.00014	0.00018	0.00018	0.0	0.0	0.0	0.0	0.0	0.0	0.00018	0.00021	
0.00021	0.00021	0.00021	0.00018	0.0	0.0	0.0	0.0	0.0	0.0	0.0	2e-05	0.00021	0.00018	0.0	0.0	2e-05	0.00018	3e-05	0.0	0.0	0.0	0.0	0.0	0.0	0.0	2e-05	0.0	0.0	0.0	0.0	0.0	0.0	0.0	0.00015	0.0	0.0	0.0	0.0	0.0	0.0	2e-05	0.0	0.00018	0.00018	0.0	0.0	0.0	0.00018	0.0	0.0	0.0	0.0	0.0	3e-05	0.0	0.0	0.00014	0.00018	0.00018	0.0	0.0	0.0	0.0	0.0	0.0	0.00018	0.00021	
2e-05	0.0	0.0	0.00018	0.00014	0.0	0.0	0.0	0.0	2e-05	0.0	2e-05	0.00021	7e-05	0.0	0.0	0.0	0.0	0.0	0.0	0.0	0.0	0.0	0.0	0.0	0.0	0.0	0.0	0.0	0.0	0.0	0.0	0.0	0.0	0.0	0.0	0.0	0.0	0.0	0.00018	0.0	2e-05	0.0	0.00036	0.00018	0.0	0.0	0.0	0.0	0.0	0.0	0.0	0.0	0.0	0.00014	0.0	0.0	0.0	0.00018	0.0	7e-05	0.0	0.0	0.0	0.0	0.0	0.00018	3e-05	
0.0	0.00036	0.00036	0.0	0.0	0.0	0.0	0.0	0.0	0.0	0.0	0.00018	0.00021	0.00018	0.0	0.0	0.0	0.0	3e-05	0.0	0.0	0.0	0.0	0.0	0.0	0.0	0.0	0.0	0.0	0.0	0.0	0.0	0.0	0.0	0.00015	0.0	0.0	0.0	0.0	0.0	0.0	0.0	0.0	0.00018	0.00038	0.0	0.0	0.0	0.00018	0.0	0.0	0.0	0.0	0.0	0.00018	3e-05	0.00018	0.00014	0.0	0.00036	0.0	0.0	0.0	0.0	0.0	0.0	0.00018	0.0	
0.0	0.03021	0.03021	0.01184	0.00955	2e-05	2e-05	0.0	2e-05	0.11946	0.0	0.0	0.01687	0.00828	0.0	0.0	0.0	0.0	0.1384	2e-05	2e-05	0.0	2e-05	2e-05	0.0	0.0	0.0	2e-05	2e-05	2e-05	2e-05	0.0	0.0	0.0	0.01346	2e-05	0.0	0.0	2e-05	0.00787	2e-05	0.0	2e-05	0.00093	0.07084	2e-05	2e-05	0.0	0.0	2e-05	0.0	0.0	0.0	0.0	0.00207	0.0	0.0	0.0	0.00787	0.0	0.03554	2e-05	0.0	2e-05	2e-05	0.0	0.0354	0.07482	
0.00021	0.00021	0.00021	0.00018	0.0	0.0	0.0	0.0	0.0	0.0	0.0	2e-05	0.00021	0.00018	0.0	0.0	2e-05	0.00018	3e-05	0.0	0.0	0.0	0.0	0.0	0.0	0.0	2e-05	0.0	0.0	0.0	0.0	0.0	0.0	0.0	0.00015	0.0	0.0	0.0	0.0	0.0	0.0	2e-05	0.0	0.00018	0.00018	0.0	0.0	0.0	0.00018	0.0	0.0	0.0	0.0	0.0	3e-05	0.0	0.0	0.00014	0.00018	0.00018	0.0	0.0	0.0	0.0	0.0	0.0	0.00018	0.00021	
0.00021	0.00021	0.00021	0.00018	0.0	0.0	0.0	0.0	0.0	0.0	0.0	2e-05	0.00021	0.00018	0.0	0.0	2e-05	0.00018	3e-05	0.0	0.0	0.0	0.0	0.0	0.0	0.0	2e-05	0.0	0.0	0.0	0.0	0.0	0.0	0.0	0.00015	0.0	0.0	0.0	0.0	0.0	0.0	2e-05	0.0	0.00018	0.00018	0.0	0.0	0.0	0.00018	0.0	0.0	0.0	0.0	0.0	3e-05	0.0	0.0	0.00014	0.00018	0.00018	0.0	0.0	0.0	0.0	0.0	0.0	0.00018	0.00021	
0.00021	0.00021	0.00021	0.00018	0.0	0.0	0.0	0.0	0.0	0.0	0.0	2e-05	0.00021	0.00018	0.0	0.0	2e-05	0.00018	3e-05	0.0	0.0	0.0	0.0	0.0	0.0	0.0	2e-05	0.0	0.0	0.0	0.0	0.0	0.0	0.0	0.00015	0.0	0.0	0.0	0.0	0.0	0.0	2e-05	0.0	0.00018	0.00018	0.0	0.0	0.0	0.00018	0.0	0.0	0.0	0.0	0.0	3e-05	0.0	0.0	0.00014	0.00018	0.00018	0.0	0.0	0.0	0.0	0.0	0.0	0.00018	0.00021	
0.00021	0.00021	0.00021	0.00018	0.0	0.0	0.0	0.0	0.0	0.0	0.0	2e-05	0.00021	0.00018	0.0	0.0	2e-05	0.00018	3e-05	0.0	0.0	0.0	0.0	0.0	0.0	0.0	2e-05	0.0	0.0	0.0	0.0	0.0	0.0	0.0	0.00015	0.0	0.0	0.0	0.0	0.0	0.0	2e-05	0.0	0.00018	0.00018	0.0	0.0	0.0	0.00018	0.0	0.0	0.0	0.0	0.0	3e-05	0.0	0.0	0.00014	0.00018	0.00018	0.0	0.0	0.0	0.0	0.0	0.0	0.00018	0.00021	
0.0	0.00036	0.00036	0.0	0.0	0.0	0.0	0.0	0.0	0.0	0.0	0.00018	0.00021	0.00018	0.0	0.0	0.0	0.0	3e-05	0.0	0.0	0.0	0.0	0.0	0.0	0.0	0.0	0.0	0.0	0.0	0.0	0.0	0.0	0.0	0.00015	0.0	0.0	0.0	0.0	0.0	0.0	0.0	0.0	0.00018	0.00038	0.0	0.0	0.0	0.00018	0.0	0.0	0.0	0.0	0.0	0.00018	3e-05	0.00018	0.00014	0.0	0.00036	0.0	0.0	0.0	0.0	0.0	0.0	0.00018	0.0	
2e-05	0.0	0.0	0.00018	0.00014	0.0	0.0	0.0	0.0	2e-05	0.0	2e-05	0.00021	7e-05	0.0	0.0	0.0	0.0	0.0	0.0	0.0	0.0	0.0	0.0	0.0	0.0	0.0	0.0	0.0	0.0	0.0	0.0	0.0	0.0	0.0	0.0	0.0	0.0	0.0	0.00018	0.0	2e-05	0.0	0.00036	0.00018	0.0	0.0	0.0	0.0	0.0	0.0	0.0	0.0	0.0	0.00014	0.0	0.0	0.0	0.00018	0.0	7e-05	0.0	0.0	0.0	0.0	0.0	0.00018	3e-05	
2e-05	0.0	0.0	0.00018	0.00014	0.0	0.0	0.0	0.0	2e-05	0.0	2e-05	0.00021	7e-05	0.0	0.0	0.0	0.0	0.0	0.0	0.0	0.0	0.0	0.0	0.0	0.0	0.0	0.0	0.0	0.0	0.0	0.0	0.0	0.0	0.0	0.0	0.0	0.0	0.0	0.00018	0.0	2e-05	0.0	0.00036	0.00018	0.0	0.0	0.0	0.0	0.0	0.0	0.0	0.0	0.0	0.00014	0.0	0.0	0.0	0.00018	0.0	7e-05	0.0	0.0	0.0	0.0	0.0	0.00018	3e-05	
0.00353	0.03432	0.03432	0.01277	0.00015	0.00015	0.00015	0.00015	0.00015	0.00015	0.00015	0.00117	0.01464	0.03347	0.00015	0.0	0.02201	0.00648	0.25898	0.00015	0.00015	0.0	0.00015	0.00015	0.0	0.00015	0.01346	0.00015	0.00015	0.00015	0.00015	0.00015	0.0	0.0	0.0	0.00015	0.0	0.00015	0.00015	0.00015	0.00015	0.01346	0.00015	0.03347	0.01228	0.00015	0.00015	0.00015	0.03346	0.00015	0.00015	0.0	0.00015	0.00015	0.14764	0.0	0.0	0.06797	0.00648	0.00068	0.00015	0.00015	0.0	0.00015	0.00015	0.00015	0.03347	0.00353	
0.00021	0.00021	0.00021	0.00018	0.0	0.0	0.0	0.0	0.0	0.0	0.0	2e-05	0.00021	0.00018	0.0	0.0	2e-05	0.00018	3e-05	0.0	0.0	0.0	0.0	0.0	0.0	0.0	2e-05	0.0	0.0	0.0	0.0	0.0	0.0	0.0	0.00015	0.0	0.0	0.0	0.0	0.0	0.0	2e-05	0.0	0.00018	0.00018	0.0	0.0	0.0	0.00018	0.0	0.0	0.0	0.0	0.0	3e-05	0.0	0.0	0.00014	0.00018	0.00018	0.0	0.0	0.0	0.0	0.0	0.0	0.00018	0.00021	
0.0	0.0	0.0	0.0	0.0	0.0	0.0	0.0	0.0	0.0	0.0	0.0	0.0	0.0	0.0	0.0	0.0	0.0	0.0	0.0	0.0	0.0	0.0	0.0	0.0	0.0	0.0	0.0	0.0	0.0	0.0	0.0	0.0	0.0	0.0	0.0	0.0	0.0	0.0	0.0	0.0	0.0	0.0	0.0	0.0	0.0	0.0	0.0	0.0	0.0	0.0	0.0	0.0	0.0	0.0	0.0	0.0	0.0	0.0	0.0	0.0	0.0	0.0	0.0	0.0	0.0	0.0	0.0	
0.0	0.00036	0.00036	0.0	0.0	0.0	0.0	0.0	0.0	0.0	0.0	0.00018	0.00021	0.00018	0.0	0.0	0.0	0.0	3e-05	0.0	0.0	0.0	0.0	0.0	0.0	0.0	0.0	0.0	0.0	0.0	0.0	0.0	0.0	0.0	0.00015	0.0	0.0	0.0	0.0	0.0	0.0	0.0	0.0	0.00018	0.00038	0.0	0.0	0.0	0.00018	0.0	0.0	0.0	0.0	0.0	0.00018	3e-05	0.00018	0.00014	0.0	0.00036	0.0	0.0	0.0	0.0	0.0	0.0	0.00018	0.0	
0.00021	0.00021	0.00021	0.00018	0.0	0.0	0.0	0.0	0.0	0.0	0.0	2e-05	0.00021	0.00018	0.0	0.0	2e-05	0.00018	3e-05	0.0	0.0	0.0	0.0	0.0	0.0	0.0	2e-05	0.0	0.0	0.0	0.0	0.0	0.0	0.0	0.00015	0.0	0.0	0.0	0.0	0.0	0.0	2e-05	0.0	0.00018	0.00018	0.0	0.0	0.0	0.00018	0.0	0.0	0.0	0.0	0.0	3e-05	0.0	0.0	0.00014	0.00018	0.00018	0.0	0.0	0.0	0.0	0.0	0.0	0.00018	0.00021	
0.02369	0.01102	0.01102	0.15388	0.0	0.0	0.0	0.0	0.0	0.0	0.0	0.09648	0.00021	0.00018	0.0	0.0	0.08596	0.0	3e-05	0.0	0.0	0.00018	0.0	0.0	0.00018	0.0	0.00787	0.0	0.0	0.0	0.0	0.0	0.00018	0.00018	0.00015	0.0	0.0	0.0	0.0	0.0	0.0	0.00787	0.0	0.00018	0.01677	0.0	0.0	0.0	0.00018	0.0	0.0	0.0	0.0	0.0	0.02357	0.0	0.0	0.00014	0.0	0.05569	0.0	0.0	0.00018	0.0	0.0	0.0	0.00018	0.02369	
0.00021	0.00021	0.00021	0.00018	0.0	0.0	0.0	0.0	0.0	0.0	0.0	2e-05	0.00021	0.00018	0.0	0.0	2e-05	0.00018	3e-05	0.0	0.0	0.0	0.0	0.0	0.0	0.0	2e-05	0.0	0.0	0.0	0.0	0.0	0.0	0.0	0.00015	0.0	0.0	0.0	0.0	0.0	0.0	2e-05	0.0	0.00018	0.00018	0.0	0.0	0.0	0.00018	0.0	0.0	0.0	0.0	0.0	3e-05	0.0	0.0	0.00014	0.00018	0.00018	0.0	0.0	0.0	0.0	0.0	0.0	0.00018	0.00021	
0.0	0.00718	0.00718	0.03541	0.00955	2e-05	2e-05	0.0	2e-05	0.11946	0.0	0.0	0.01687	0.00828	0.0	0.0	0.1839	0.0	0.13839	2e-05	2e-05	2e-05	2e-05	2e-05	2e-05	0.0	0.0	2e-05	2e-05	2e-05	2e-05	0.0	2e-05	2e-05	0.01346	2e-05	0.0	0.0	2e-05	0.00787	2e-05	0.0	2e-05	0.00093	0.03541	2e-05	2e-05	0.0	0.0	2e-05	0.0	0.0	0.0	0.0	0.03425	2e-05	2e-05	0.0	0.0354	0.02437	0.03554	2e-05	2e-05	2e-05	2e-05	0.0	0.03541	0.11302	
0.00021	0.00021	0.00021	0.00018	0.0	0.0	0.0	0.0	0.0	0.0	0.0	2e-05	0.00021	0.00018	0.0	0.0	2e-05	0.00018	3e-05	0.0	0.0	0.0	0.0	0.0	0.0	0.0	2e-05	0.0	0.0	0.0	0.0	0.0	0.0	0.0	0.00015	0.0	0.0	0.0	0.0	0.0	0.0	2e-05	0.0	0.00018	0.00018	0.0	0.0	0.0	0.00018	0.0	0.0	0.0	0.0	0.0	3e-05	0.0	0.0	0.00014	0.00018	0.00018	0.0	0.0	0.0	0.0	0.0	0.0	0.00018	0.00021	
0.07258	0.00127	0.00127	0.26572	0.00018	0.00018	0.00018	0.00018	0.00018	0.00018	0.00018	0.03356	0.02216	0.0	0.00018	0.0	0.03559	0.0	0.15832	0.00018	0.00018	0.00036	0.00018	0.00018	0.00036	0.00018	0.00093	0.00018	0.00018	0.00018	0.00018	0.00018	0.00036	0.00036	0.03347	0.00018	0.0	0.00018	0.00018	0.00018	0.00018	0.00093	0.00018	0.0	0.34082	0.00018	0.00018	0.00018	0.0	0.00018	0.00018	0.0	0.00018	0.00018	0.02966	0.17598	0.03756	0.12217	0.0	0.0789	0.00018	0.00018	0.00036	0.00018	0.00018	0.00018	0.0	0.07258	
0.07333	0.04364	0.04364	0.0	0.10798	0.00018	0.00018	0.00038	0.00018	0.00978	0.00038	0.03541	0.02216	0.0	0.00038	0.0	0.0	0.50254	0.03224	0.00018	0.00018	0.00018	0.00018	0.00018	0.00018	0.00038	0.07084	0.00018	0.00018	0.00018	0.00018	0.00038	0.00018	0.00018	0.01228	0.00018	0.0	0.00038	0.00018	0.01677	0.00018	0.03541	0.00018	0.34082	0.0	0.00018	0.00018	0.00038	0.50253	0.00018	0.00038	0.0	0.00038	0.00038	0.22545	0.00018	0.00018	0.23556	0.0	0.0	0.04414	0.00018	0.00018	0.00018	0.00018	0.00038	0.0	0.00013	
0.00021	0.00021	0.00021	0.00018	0.0	0.0	0.0	0.0	0.0	0.0	0.0	2e-05	0.00021	0.00018	0.0	0.0	2e-05	0.00018	3e-05	0.0	0.0	0.0	0.0	0.0	0.0	0.0	2e-05	0.0	0.0	0.0	0.0	0.0	0.0	0.0	0.00015	0.0	0.0	0.0	0.0	0.0	0.0	2e-05	0.0	0.00018	0.00018	0.0	0.0	0.0	0.00018	0.0	0.0	0.0	0.0	0.0	3e-05	0.0	0.0	0.00014	0.00018	0.00018	0.0	0.0	0.0	0.0	0.0	0.0	0.00018	0.00021	
0.00021	0.00021	0.00021	0.00018	0.0	0.0	0.0	0.0	0.0	0.0	0.0	2e-05	0.00021	0.00018	0.0	0.0	2e-05	0.00018	3e-05	0.0	0.0	0.0	0.0	0.0	0.0	0.0	2e-05	0.0	0.0	0.0	0.0	0.0	0.0	0.0	0.00015	0.0	0.0	0.0	0.0	0.0	0.0	2e-05	0.0	0.00018	0.00018	0.0	0.0	0.0	0.00018	0.0	0.0	0.0	0.0	0.0	3e-05	0.0	0.0	0.00014	0.00018	0.00018	0.0	0.0	0.0	0.0	0.0	0.0	0.00018	0.00021	
0.0	0.00036	0.00036	0.0	0.0	0.0	0.0	0.0	0.0	0.0	0.0	0.00018	0.00021	0.00018	0.0	0.0	0.0	0.0	3e-05	0.0	0.0	0.0	0.0	0.0	0.0	0.0	0.0	0.0	0.0	0.0	0.0	0.0	0.0	0.0	0.00015	0.0	0.0	0.0	0.0	0.0	0.0	0.0	0.0	0.00018	0.00038	0.0	0.0	0.0	0.00018	0.0	0.0	0.0	0.0	0.0	0.00018	3e-05	0.00018	0.00014	0.0	0.00036	0.0	0.0	0.0	0.0	0.0	0.0	0.00018	0.0	
0.00607	0.05166	0.05166	0.28845	0.00018	0.00018	0.00018	0.00018	0.00018	0.00018	0.00018	0.0	0.02216	0.0	0.00018	0.0	0.40496	0.0	0.15833	0.00018	0.00018	0.0	0.00018	0.00018	0.0	0.00018	0.0	0.00018	0.00018	0.00018	0.00018	0.00018	0.0	0.0	0.03346	0.00018	0.0	0.00018	0.00018	0.00018	0.00018	0.0	0.00018	0.0	0.50253	0.00018	0.00018	0.00018	0.0	0.00018	0.00018	0.0	0.00018	0.00018	0.0	0.03756	0.0	0.12216	0.0	0.26573	0.00018	0.00018	0.0	0.00018	0.00018	0.00018	0.0	0.00607	
0.00021	0.00021	0.00021	0.00018	0.0	0.0	0.0	0.0	0.0	0.0	0.0	2e-05	0.00021	0.00018	0.0	0.0	2e-05	0.00018	3e-05	0.0	0.0	0.0	0.0	0.0	0.0	0.0	2e-05	0.0	0.0	0.0	0.0	0.0	0.0	0.0	0.00015	0.0	0.0	0.0	0.0	0.0	0.0	2e-05	0.0	0.00018	0.00018	0.0	0.0	0.0	0.00018	0.0	0.0	0.0	0.0	0.0	3e-05	0.0	0.0	0.00014	0.00018	0.00018	0.0	0.0	0.0	0.0	0.0	0.0	0.00018	0.00021	
0.0	0.00036	0.00036	0.0	0.0	0.0	0.0	0.0	0.0	0.0	0.0	0.00018	0.00021	0.00018	0.0	0.0	0.0	0.0	3e-05	0.0	0.0	0.0	0.0	0.0	0.0	0.0	0.0	0.0	0.0	0.0	0.0	0.0	0.0	0.0	0.00015	0.0	0.0	0.0	0.0	0.0	0.0	0.0	0.0	0.00018	0.00038	0.0	0.0	0.0	0.00018	0.0	0.0	0.0	0.0	0.0	0.00018	3e-05	0.00018	0.00014	0.0	0.00036	0.0	0.0	0.0	0.0	0.0	0.0	0.00018	0.0	
0.0	0.0	0.0	0.0	0.0	0.0	0.0	0.0	0.0	0.0	0.0	0.0	0.0	0.0	0.0	0.0	0.0	0.0	0.0	0.0	0.0	0.0	0.0	0.0	0.0	0.0	0.0	0.0	0.0	0.0	0.0	0.0	0.0	0.0	0.0	0.0	0.0	0.0	0.0	0.0	0.0	0.0	0.0	0.0	0.0	0.0	0.0	0.0	0.0	0.0	0.0	0.0	0.0	0.0	0.0	0.0	0.0	0.0	0.0	0.0	0.0	0.0	0.0	0.0	0.0	0.0	0.0	0.0	
0.0	0.00036	0.00036	0.0	0.0	0.0	0.0	0.0	0.0	0.0	0.0	0.00018	0.00021	0.00018	0.0	0.0	0.0	0.0	3e-05	0.0	0.0	0.0	0.0	0.0	0.0	0.0	0.0	0.0	0.0	0.0	0.0	0.0	0.0	0.0	0.00015	0.0	0.0	0.0	0.0	0.0	0.0	0.0	0.0	0.00018	0.00038	0.0	0.0	0.0	0.00018	0.0	0.0	0.0	0.0	0.0	0.00018	3e-05	0.00018	0.00014	0.0	0.00036	0.0	0.0	0.0	0.0	0.0	0.0	0.00018	0.0	
0.0	0.00036	0.00036	0.0	0.0	0.0	0.0	0.0	0.0	0.0	0.0	0.00018	0.00021	0.00018	0.0	0.0	0.0	0.0	3e-05	0.0	0.0	0.0	0.0	0.0	0.0	0.0	0.0	0.0	0.0	0.0	0.0	0.0	0.0	0.0	0.00015	0.0	0.0	0.0	0.0	0.0	0.0	0.0	0.0	0.00018	0.00038	0.0	0.0	0.0	0.00018	0.0	0.0	0.0	0.0	0.0	0.00018	3e-05	0.00018	0.00014	0.0	0.00036	0.0	0.0	0.0	0.0	0.0	0.0	0.00018	0.0	
0.01369	0.00749	0.00749	0.08234	0.01995	3e-05	3e-05	0.00018	3e-05	0.01294	0.00018	0.09102	0.04887	0.08234	0.00018	0.0	0.77776	0.0	0.4025	3e-05	3e-05	0.00014	3e-05	3e-05	0.00014	0.00018	0.00207	3e-05	3e-05	3e-05	3e-05	0.00018	0.00014	0.00014	0.14764	3e-05	0.0	0.00018	3e-05	0.02357	3e-05	0.03425	3e-05	0.02966	0.22545	3e-05	3e-05	0.00018	0.0	3e-05	0.00018	0.0	0.00018	0.00018	0.0	0.07482	0.02022	0.11926	0.08847	0.10994	0.06837	3e-05	0.00014	3e-05	3e-05	0.00018	0.15832	0.057	
0.00986	0.05435	0.05435	0.00018	0.07183	0.0	0.0	3e-05	0.0	0.13836	3e-05	2e-05	0.00021	0.03953	3e-05	0.1701	0.09756	0.03756	0.18511	0.0	0.0	0.0	0.0	0.0	0.0	3e-05	0.0	0.0	0.0	0.0	0.0	3e-05	0.0	0.0	0.0	0.0	0.0	3e-05	0.0	0.0	0.0	2e-05	0.0	0.17598	0.00018	0.0	0.0	3e-05	0.03756	0.0	3e-05	0.0	3e-05	3e-05	0.07482	0.0	0.0	0.01899	0.00018	0.0639	0.0002	0.0	0.0	0.0	0.0	3e-05	0.00018	0.1768	
0.02679	0.0	0.0	0.00018	0.00648	0.0	0.0	0.00018	0.0	0.02436	0.00018	2e-05	0.00021	0.00787	0.00018	0.64399	0.40496	0.0	0.0639	0.0	0.0	0.0	0.0	0.0	0.0	0.00018	0.0	0.0	0.0	0.0	0.0	0.00018	0.0	0.0	0.0	0.0	0.0	0.00018	0.0	0.0	0.0	2e-05	0.0	0.03756	0.00018	0.0	0.0	0.00018	0.0	0.0	0.00018	0.0	0.00018	0.00018	0.02022	0.0	0.0	0.0	0.00018	0.28845	0.09648	0.0	0.0	0.0	0.0	0.00018	0.00018	0.07284	
0.02668	0.09467	0.00104	0.04493	0.00014	0.00014	0.00014	0.00014	0.00014	0.00014	0.00014	0.0	0.17281	0.12217	0.00014	0.00744	0.07017	0.03095	0.03854	0.00014	0.00014	0.0	0.00014	0.00014	0.0	0.00014	0.0	0.00014	0.00014	0.00014	0.00014	0.00014	0.0	0.0	0.06797	0.00014	0.0	0.00014	0.00014	0.00014	0.00014	0.0	0.00014	0.12217	0.23556	0.00014	0.00014	0.00014	0.12216	0.00014	0.00014	0.0	0.00014	0.00014	0.11926	0.01899	0.0	0.0	0.03096	0.06642	0.00014	0.00014	0.0	0.00014	0.00014	0.00014	0.12217	0.01281	
0.00066	0.00518	0.00518	0.0	0.0	0.00018	0.00018	0.0	0.00018	0.01183	0.0	0.03541	0.02216	0.0	0.0	0.04636	0.08596	0.0	0.04172	0.00018	0.00018	0.00018	0.00018	0.00018	0.00018	0.0	0.00787	0.00018	0.00018	0.00018	0.00018	0.0	0.00018	0.00018	0.00648	0.00018	0.0	0.0	0.00018	0.0	0.00018	0.0354	0.00018	0.0	0.0	0.00018	0.00018	0.0	0.0	0.00018	0.0	0.0	0.0	0.0	0.08847	0.00018	0.00018	0.03096	0.0	0.15388	0.0	0.00018	0.00018	0.00018	0.00018	0.0	0.0	0.03215	
0.00125	0.12779	0.12779	0.0	0.04831	0.00018	0.00018	0.00036	0.00018	0.03953	0.00036	0.22237	0.02216	0.33474	0.00036	0.0	0.0	0.03881	0.00181	0.00018	0.00018	0.0	0.00018	0.00018	0.0	0.00036	0.0	0.00018	0.00018	0.00018	0.00018	0.00036	0.0	0.0	0.00068	0.00018	0.0	0.00036	0.00018	0.05569	0.00018	0.02437	0.00018	0.0789	0.0	0.00018	0.00018	0.00036	0.26573	0.00018	0.00036	0.0	0.00036	0.00036	0.10994	0.0639	0.28845	0.06642	0.15388	0.0	0.0	0.00018	0.0	0.00018	0.00018	0.00036	0.0	0.05573	
0.07735	0.03387	0.03387	0.06624	0.0	0.0	0.0	0.0	0.0	0.0	0.0	0.26547	0.00021	0.00018	0.0	0.0	0.00034	0.0	3e-05	0.0	0.0	7e-05	0.0	0.0	7e-05	0.0	0.03554	0.0	0.0	0.0	0.0	0.0	7e-05	7e-05	0.00015	0.0	0.0	0.0	0.0	0.0	0.0	0.03554	0.0	0.00018	0.04414	0.0	0.0	0.0	0.00018	0.0	0.0	0.0	0.0	0.0	0.06837	0.0002	0.09648	0.00014	0.0	0.0	0.0	0.0	7e-05	0.0	0.0	0.0	0.00018	0.07734	
0.00021	0.00021	0.00021	0.00018	0.0	0.0	0.0	0.0	0.0	0.0	0.0	2e-05	0.00021	0.00018	0.0	0.0	2e-05	0.00018	3e-05	0.0	0.0	0.0	0.0	0.0	0.0	0.0	2e-05	0.0	0.0	0.0	0.0	0.0	0.0	0.0	0.00015	0.0	0.0	0.0	0.0	0.0	0.0	2e-05	0.0	0.00018	0.00018	0.0	0.0	0.0	0.00018	0.0	0.0	0.0	0.0	0.0	3e-05	0.0	0.0	0.00014	0.00018	0.00018	0.0	0.0	0.0	0.0	0.0	0.0	0.00018	0.00021	
2e-05	0.0	0.0	0.00018	0.00014	0.0	0.0	0.0	0.0	2e-05	0.0	2e-05	0.00021	7e-05	0.0	0.0	0.0	0.0	0.0	0.0	0.0	0.0	0.0	0.0	0.0	0.0	0.0	0.0	0.0	0.0	0.0	0.0	0.0	0.0	0.0	0.0	0.0	0.0	0.0	0.00018	0.0	2e-05	0.0	0.00036	0.00018	0.0	0.0	0.0	0.0	0.0	0.0	0.0	0.0	0.0	0.00014	0.0	0.0	0.0	0.00018	0.0	7e-05	0.0	0.0	0.0	0.0	0.0	0.00018	3e-05	
0.00021	0.00021	0.00021	0.00018	0.0	0.0	0.0	0.0	0.0	0.0	0.0	2e-05	0.00021	0.00018	0.0	0.0	2e-05	0.00018	3e-05	0.0	0.0	0.0	0.0	0.0	0.0	0.0	2e-05	0.0	0.0	0.0	0.0	0.0	0.0	0.0	0.00015	0.0	0.0	0.0	0.0	0.0	0.0	2e-05	0.0	0.00018	0.00018	0.0	0.0	0.0	0.00018	0.0	0.0	0.0	0.0	0.0	3e-05	0.0	0.0	0.00014	0.00018	0.00018	0.0	0.0	0.0	0.0	0.0	0.0	0.00018	0.00021	
0.00021	0.00021	0.00021	0.00018	0.0	0.0	0.0	0.0	0.0	0.0	0.0	2e-05	0.00021	0.00018	0.0	0.0	2e-05	0.00018	3e-05	0.0	0.0	0.0	0.0	0.0	0.0	0.0	2e-05	0.0	0.0	0.0	0.0	0.0	0.0	0.0	0.00015	0.0	0.0	0.0	0.0	0.0	0.0	2e-05	0.0	0.00018	0.00018	0.0	0.0	0.0	0.00018	0.0	0.0	0.0	0.0	0.0	3e-05	0.0	0.0	0.00014	0.00018	0.00018	0.0	0.0	0.0	0.0	0.0	0.0	0.00018	0.00021	
0.0	0.00036	0.00036	0.0	0.0	0.0	0.0	0.0	0.0	0.0	0.0	0.00018	0.00021	0.00018	0.0	0.0	0.0	0.0	3e-05	0.0	0.0	0.0	0.0	0.0	0.0	0.0	0.0	0.0	0.0	0.0	0.0	0.0	0.0	0.0	0.00015	0.0	0.0	0.0	0.0	0.0	0.0	0.0	0.0	0.00018	0.00038	0.0	0.0	0.0	0.00018	0.0	0.0	0.0	0.0	0.0	0.00018	3e-05	0.00018	0.00014	0.0	0.00036	0.0	0.0	0.0	0.0	0.0	0.0	0.00018	0.0	
0.02216	0.02216	0.02216	0.0	0.00018	0.00018	0.00018	0.00018	0.00018	0.00018	0.00018	0.03541	0.02216	0.0	0.00018	0.0	0.0	0.0	0.15832	0.00018	0.00018	0.00018	0.00018	0.00018	0.00018	0.00018	0.0354	0.00018	0.00018	0.00018	0.00018	0.00018	0.00018	0.00018	0.03347	0.00018	0.0	0.00018	0.00018	0.00018	0.00018	0.03541	0.00018	0.0	0.0	0.00018	0.00018	0.00018	0.0	0.00018	0.00018	0.0	0.00018	0.00018	0.15832	0.00018	0.00018	0.12217	0.0	0.0	0.00018	0.00018	0.00018	0.00018	0.00018	0.00018	0.0	0.02216	
0.0	0.00392	0.00392	0.01523	0.0	0.00021	0.00021	0.0	0.00021	0.01287	0.0	5e-05	0.01301	0.04284	0.0	0.01354	0.41693	0.0	0.01158	0.00021	0.00021	3e-05	0.00021	0.00021	3e-05	0.0	0.07482	0.00021	0.00021	0.00021	0.00021	0.0	3e-05	3e-05	0.00353	0.00021	0.0	0.0	0.00021	0.02369	0.00021	0.11302	0.00021	0.07258	0.00013	0.00021	0.00021	0.0	0.00607	0.00021	0.0	0.0	0.0	0.0	0.057	0.1768	0.07284	0.01281	0.03215	0.05573	0.07734	0.00021	3e-05	0.00021	0.00021	0.0	0.02216	0.0	
