0.0	0.0	0.00028	0.00025	0.0	0.0001	0.0	0.00034	0.0	0.00025	0.0	0.0	0.00019	0.00024	0.0	0.0	0.0	0.00024	0.00025	0.00028	0.0	0.0	0.0	0.00013	0.0	0.0	0.0	0.0	0.00023	0.0	0.0	0.0001	0.00028	0.00014	0.0	0.00025	0.0	0.0	0.0	0.0	0.0	0.00013	0.0	0.0	0.00026	6e-05	0.0	0.0	0.00034	0.0	0.00023	0.00013	8e-05	0.00025	0.00014	0.00013	0.0	0.0	0.00023	0.00023	7e-05	0.00025	0.0	0.0	0.00014	0.00025	0.0	0.00021	0.0	0.0	0.00031	0.0	0.00026	0.0	
0.0	0.0	0.00028	0.00025	0.0	0.0001	0.0	0.00034	0.0	0.00025	0.0	0.0	0.00019	0.00024	0.0	0.0	0.0	0.00024	0.00025	0.00028	0.0	0.0	0.0	0.00013	0.0	0.0	0.0	0.0	0.00023	0.0	0.0	0.0001	0.00028	0.00014	0.0	0.00025	0.0	0.0	0.0	0.0	0.0	0.00013	0.0	0.0	0.00026	6e-05	0.0	0.0	0.00034	0.0	0.00023	0.00013	8e-05	0.00025	0.00014	0.00013	0.0	0.0	0.00023	0.00023	7e-05	0.00025	0.0	0.0	0.00014	0.00025	0.0	0.00021	0.0	0.0	0.00031	0.0	0.00026	0.0	
0.00028	0.00028	0.0	0.03561	0.00028	0.16673	0.00028	0.01035	0.00028	0.01752	0.00028	0.00028	0.02508	0.01544	0.00028	0.00028	0.00028	0.01544	0.03728	0.01289	0.00028	0.00028	0.00028	0.03485	0.00028	0.00028	0.00028	0.00028	0.02407	0.00028	0.00028	0.03244	0.99941	0.02369	0.00028	0.01752	0.0	0.0	0.0	0.0	0.0	0.06399	0.00028	0.00028	0.01607	0.03819	0.00028	0.00028	0.01035	0.00028	0.02407	0.06616	0.04464	0.03561	0.03196	0.03413	0.00028	0.00028	0.02407	0.02407	0.0354	0.01477	0.00028	0.0	0.04075	0.03728	0.0	0.11831	0.00028	0.00028	0.05249	0.00028	0.01607	0.00028	
0.00025	0.00025	0.03561	0.0	0.00025	0.26742	0.00025	0.02792	0.00025	0.05352	0.00025	0.00025	0.08378	0.04578	0.00025	0.00025	0.00025	0.04578	0.08447	0.03657	0.00025	0.00025	0.00025	0.10187	0.00025	0.00025	0.00025	0.00025	0.35651	0.00025	0.00025	0.26715	0.03561	0.03793	0.00025	0.05352	0.0	0.0	0.0	0.0	0.0	0.01252	0.00025	0.00025	0.18277	0.08607	0.00025	0.00025	0.02792	0.00025	0.35651	0.0109	0.2686	0.99997	0.13088	0.10818	0.00025	0.00025	0.35651	0.35651	0.11548	0.04332	0.00025	0.0	0.08304	0.08447	0.0	0.51506	0.00025	0.00025	0.37484	0.00025	0.18277	0.00025	
0.0	0.0	0.00028	0.00025	0.0	0.0001	0.0	0.00034	0.0	0.00025	0.0	0.0	0.00019	0.00024	0.0	0.0	0.0	0.00024	0.00025	0.00028	0.0	0.0	0.0	0.00013	0.0	0.0	0.0	0.0	0.00023	0.0	0.0	0.0001	0.00028	0.00014	0.0	0.00025	0.0	0.0	0.0	0.0	0.0	0.00013	0.0	0.0	0.00026	6e-05	0.0	0.0	0.00034	0.0	0.00023	0.00013	8e-05	0.00025	0.00014	0.00013	0.0	0.0	0.00023	0.00023	7e-05	0.00025	0.0	0.0	0.00014	0.00025	0.0	0.00021	0.0	0.0	0.00031	0.0	0.00026	0.0	
0.0001	0.0001	0.16673	0.26742	0.0001	0.0	0.0001	0.02491	0.0001	0.04978	0.0001	0.0001	0.08017	0.04214	0.0001	0.0001	0.0001	0.04214	0.25417	0.03317	0.0001	0.0001	0.0001	0.27349	0.0001	0.0001	0.0001	0.0001	0.55243	0.0001	0.0001	0.43319	0.16673	0.06164	0.0001	0.04978	0.0	0.0	0.0	0.0	0.0	0.11579	0.0001	0.0001	0.04438	0.23517	0.0001	0.0001	0.02491	0.0001	0.55243	0.18291	0.42903	0.26742	0.47603	0.28053	0.0001	0.0001	0.55243	0.55243	0.26484	0.03973	0.0001	0.0	0.22999	0.25417	0.0	1.40499	0.0001	0.0001	0.19619	0.0001	0.04438	0.0001	
0.0	0.0	0.00028	0.00025	0.0	0.0001	0.0	0.00034	0.0	0.00025	0.0	0.0	0.00019	0.00024	0.0	0.0	0.0	0.00024	0.00025	0.00028	0.0	0.0	0.0	0.00013	0.0	0.0	0.0	0.0	0.00023	0.0	0.0	0.0001	0.00028	0.00014	0.0	0.00025	0.0	0.0	0.0	0.0	0.0	0.00013	0.0	0.0	0.00026	6e-05	0.0	0.0	0.00034	0.0	0.00023	0.00013	8e-05	0.00025	0.00014	0.00013	0.0	0.0	0.00023	0.00023	7e-05	0.00025	0.0	0.0	0.00014	0.00025	0.0	0.00021	0.0	0.0	0.00031	0.0	0.00026	0.0	
0.00034	0.00034	0.01035	0.02792	0.00034	0.02491	0.00034	0.0	0.00034	0.01413	0.00034	0.00034	0.0199	0.01253	0.00034	0.00034	0.00034	0.01253	0.0292	0.01056	0.00034	0.00034	0.00034	0.02731	0.00034	0.00034	0.00034	0.00034	0.01913	0.00034	0.00034	0.02505	0.01035	0.01882	0.00034	0.01413	0.0	0.0	0.0	0.0	0.0	0.04968	0.00034	0.00034	0.01302	0.07155	0.00034	0.00034	0.99926	0.00034	0.01913	0.05108	0.03415	0.02792	0.02512	0.02677	0.00034	0.00034	0.01913	0.01913	0.02732	0.01202	0.00034	0.0	0.03135	0.0292	0.0	0.08828	0.00034	0.00034	0.04076	0.00034	0.01302	0.00034	
0.0	0.0	0.00028	0.00025	0.0	0.0001	0.0	0.00034	0.0	0.00025	0.0	0.0	0.00019	0.00024	0.0	0.0	0.0	0.00024	0.00025	0.00028	0.0	0.0	0.0	0.00013	0.0	0.0	0.0	0.0	0.00023	0.0	0.0	0.0001	0.00028	0.00014	0.0	0.00025	0.0	0.0	0.0	0.0	0.0	0.00013	0.0	0.0	0.00026	6e-05	0.0	0.0	0.00034	0.0	0.00023	0.00013	8e-05	0.00025	0.00014	0.00013	0.0	0.0	0.00023	0.00023	7e-05	0.00025	0.0	0.0	0.00014	0.00025	0.0	0.00021	0.0	0.0	0.00031	0.0	0.00026	0.0	
0.00025	0.00025	0.01752	0.05352	0.00025	0.04978	0.00025	0.01413	0.00025	0.0	0.00025	0.00025	0.03688	0.02183	0.00025	0.00025	0.00025	0.02183	0.19507	0.01793	0.00025	0.00025	0.00025	0.05237	0.00025	0.00025	0.00025	0.00025	0.03526	0.00025	0.00025	0.05011	0.01752	0.0347	0.00025	0.99966	0.0	0.0	0.0	0.0	0.0	0.09932	0.00025	0.00025	0.02279	0.05917	0.00025	0.00025	0.01413	0.00025	0.03526	0.09642	0.15143	0.05352	0.04777	0.05122	0.00025	0.00025	0.03526	0.03526	0.05475	0.0208	0.00025	0.0	0.14463	0.19507	0.0	0.29466	0.00025	0.00025	0.12497	0.00025	0.02279	0.00025	
0.0	0.0	0.00028	0.00025	0.0	0.0001	0.0	0.00034	0.0	0.00025	0.0	0.0	0.00019	0.00024	0.0	0.0	0.0	0.00024	0.00025	0.00028	0.0	0.0	0.0	0.00013	0.0	0.0	0.0	0.0	0.00023	0.0	0.0	0.0001	0.00028	0.00014	0.0	0.00025	0.0	0.0	0.0	0.0	0.0	0.00013	0.0	0.0	0.00026	6e-05	0.0	0.0	0.00034	0.0	0.00023	0.00013	8e-05	0.00025	0.00014	0.00013	0.0	0.0	0.00023	0.00023	7e-05	0.00025	0.0	0.0	0.00014	0.00025	0.0	0.00021	0.0	0.0	0.00031	0.0	0.00026	0.0	
0.0	0.0	0.00028	0.00025	0.0	0.0001	0.0	0.00034	0.0	0.00025	0.0	0.0	0.00019	0.00024	0.0	0.0	0.0	0.00024	0.00025	0.00028	0.0	0.0	0.0	0.00013	0.0	0.0	0.0	0.0	0.00023	0.0	0.0	0.0001	0.00028	0.00014	0.0	0.00025	0.0	0.0	0.0	0.0	0.0	0.00013	0.0	0.0	0.00026	6e-05	0.0	0.0	0.00034	0.0	0.00023	0.00013	8e-05	0.00025	0.00014	0.00013	0.0	0.0	0.00023	0.00023	7e-05	0.00025	0.0	0.0	0.00014	0.00025	0.0	0.00021	0.0	0.0	0.00031	0.0	0.00026	0.0	
0.00019	0.00019	0.02508	0.08378	0.00019	0.08017	0.00019	0.0199	0.00019	0.03688	0.00019	0.00019	0.0	0.30099	0.00019	0.00019	0.00019	0.30099	0.08828	0.02572	0.00019	0.00019	0.00019	0.02444	0.00019	0.00019	0.00019	0.00019	0.05343	0.00019	0.00019	0.08075	0.02508	0.05255	0.00019	0.03688	0.0	0.0	0.0	0.0	0.0	0.0002	0.00019	0.00019	0.03332	0.09602	0.00019	0.00019	0.0199	0.00019	0.05343	0.0001	0.0413	0.08378	0.07416	0.01932	0.00019	0.00019	0.05343	0.05343	0.19222	0.27925	0.00019	0.0	0.20545	0.08828	0.0	0.329	0.00019	0.00019	0.13029	0.00019	0.03332	0.00019	
0.00024	0.00024	0.01544	0.04578	0.00024	0.04214	0.00024	0.01253	0.00024	0.02183	0.00024	0.00024	0.30099	0.0	0.00024	0.00024	0.00024	0.99953	0.048	0.01579	0.00024	0.00024	0.00024	0.17713	0.00024	0.00024	0.00024	0.00024	0.03047	0.00024	0.00024	0.04241	0.01544	0.02998	0.00024	0.02183	0.0	0.0	0.0	0.0	0.0	0.08422	0.00024	0.00024	0.01993	0.05	0.00024	0.00024	0.01253	0.00024	0.03047	0.0814	0.05902	0.04578	0.04095	0.04383	0.00024	0.00024	0.03047	0.03047	0.04631	0.01824	0.00024	0.0	0.36685	0.048	0.0	0.16046	0.00024	0.00024	0.0683	0.00024	0.01993	0.00024	
0.0	0.0	0.00028	0.00025	0.0	0.0001	0.0	0.00034	0.0	0.00025	0.0	0.0	0.00019	0.00024	0.0	0.0	0.0	0.00024	0.00025	0.00028	0.0	0.0	0.0	0.00013	0.0	0.0	0.0	0.0	0.00023	0.0	0.0	0.0001	0.00028	0.00014	0.0	0.00025	0.0	0.0	0.0	0.0	0.0	0.00013	0.0	0.0	0.00026	6e-05	0.0	0.0	0.00034	0.0	0.00023	0.00013	8e-05	0.00025	0.00014	0.00013	0.0	0.0	0.00023	0.00023	7e-05	0.00025	0.0	0.0	0.00014	0.00025	0.0	0.00021	0.0	0.0	0.00031	0.0	0.00026	0.0	
0.0	0.0	0.00028	0.00025	0.0	0.0001	0.0	0.00034	0.0	0.00025	0.0	0.0	0.00019	0.00024	0.0	0.0	0.0	0.00024	0.00025	0.00028	0.0	0.0	0.0	0.00013	0.0	0.0	0.0	0.0	0.00023	0.0	0.0	0.0001	0.00028	0.00014	0.0	0.00025	0.0	0.0	0.0	0.0	0.0	0.00013	0.0	0.0	0.00026	6e-05	0.0	0.0	0.00034	0.0	0.00023	0.00013	8e-05	0.00025	0.00014	0.00013	0.0	0.0	0.00023	0.00023	7e-05	0.00025	0.0	0.0	0.00014	0.00025	0.0	0.00021	0.0	0.0	0.00031	0.0	0.00026	0.0	
0.0	0.0	0.00028	0.00025	0.0	0.0001	0.0	0.00034	0.0	0.00025	0.0	0.0	0.00019	0.00024	0.0	0.0	0.0	0.00024	0.00025	0.00028	0.0	0.0	0.0	0.00013	0.0	0.0	0.0	0.0	0.00023	0.0	0.0	0.0001	0.00028	0.00014	0.0	0.00025	0.0	0.0	0.0	0.0	0.0	0.00013	0.0	0.0	0.00026	6e-05	0.0	0.0	0.00034	0.0	0.00023	0.00013	8e-05	0.00025	0.00014	0.00013	0.0	0.0	0.00023	0.00023	7e-05	0.00025	0.0	0.0	0.00014	0.00025	0.0	0.00021	0.0	0.0	0.00031	0.0	0.00026	0.0	
0.00024	0.00024	0.01544	0.04578	0.00024	0.04214	0.00024	0.01253	0.00024	0.02183	0.00024	0.00024	0.30099	0.99953	0.00024	0.00024	0.00024	0.0	0.048	0.01579	0.00024	0.00024	0.00024	0.17713	0.00024	0.00024	0.00024	0.00024	0.03047	0.00024	0.00024	0.04241	0.01544	0.02998	0.00024	0.02183	0.0	0.0	0.0	0.0	0.0	0.08422	0.00024	0.00024	0.01993	0.05	0.00024	0.00024	0.01253	0.00024	0.03047	0.0814	0.05902	0.04578	0.04095	0.04383	0.00024	0.00024	0.03047	0.03047	0.04631	0.01824	0.00024	0.0	0.36685	0.048	0.0	0.16046	0.00024	0.00024	0.0683	0.00024	0.01993	0.00024	
0.00025	0.00025	0.03728	0.08447	0.00025	0.25417	0.00025	0.0292	0.00025	0.19507	0.00025	0.00025	0.08828	0.048	0.00025	0.00025	0.00025	0.048	0.0	0.03829	0.00025	0.00025	0.00025	0.08955	0.00025	0.00025	0.00025	0.00025	0.329	0.00025	0.00025	0.254	0.03728	0.08227	0.00025	0.19507	0.0	0.0	0.0	0.0	0.0	0.29604	0.00025	0.00025	0.05042	0.07831	0.00025	0.00025	0.0292	0.00025	0.329	0.28459	0.35568	0.08447	0.1167	0.09545	0.00025	0.00025	0.329	0.329	0.10662	0.04541	0.00025	0.0	0.68108	0.99999	0.0	0.51285	0.00025	0.00025	0.40788	0.00025	0.05042	0.00025	
0.00028	0.00028	0.01289	0.03657	0.00028	0.03317	0.00028	0.01056	0.00028	0.01793	0.00028	0.00028	0.02572	0.01579	0.00028	0.00028	0.00028	0.01579	0.03829	0.0	0.00028	0.00028	0.00028	0.03578	0.00028	0.00028	0.00028	0.00028	0.02468	0.00028	0.00028	0.17018	0.01289	0.02428	0.00028	0.01793	0.0	0.0	0.0	0.0	0.0	0.06615	0.00028	0.00028	0.01644	0.32426	0.00028	0.00028	0.01056	0.00028	0.02468	0.06399	0.04596	0.03657	0.0328	0.03504	0.00028	0.00028	0.02468	0.02468	0.10995	0.0151	0.00028	0.0	0.04193	0.03829	0.0	0.12216	0.00028	0.00028	0.05396	0.00028	0.01644	0.00028	
0.0	0.0	0.00028	0.00025	0.0	0.0001	0.0	0.00034	0.0	0.00025	0.0	0.0	0.00019	0.00024	0.0	0.0	0.0	0.00024	0.00025	0.00028	0.0	0.0	0.0	0.00013	0.0	0.0	0.0	0.0	0.00023	0.0	0.0	0.0001	0.00028	0.00014	0.0	0.00025	0.0	0.0	0.0	0.0	0.0	0.00013	0.0	0.0	0.00026	6e-05	0.0	0.0	0.00034	0.0	0.00023	0.00013	8e-05	0.00025	0.00014	0.00013	0.0	0.0	0.00023	0.00023	7e-05	0.00025	0.0	0.0	0.00014	0.00025	0.0	0.00021	0.0	0.0	0.00031	0.0	0.00026	0.0	
0.0	0.0	0.00028	0.00025	0.0	0.0001	0.0	0.00034	0.0	0.00025	0.0	0.0	0.00019	0.00024	0.0	0.0	0.0	0.00024	0.00025	0.00028	0.0	0.0	0.0	0.00013	0.0	0.0	0.0	0.0	0.00023	0.0	0.0	0.0001	0.00028	0.00014	0.0	0.00025	0.0	0.0	0.0	0.0	0.0	0.00013	0.0	0.0	0.00026	6e-05	0.0	0.0	0.00034	0.0	0.00023	0.00013	8e-05	0.00025	0.00014	0.00013	0.0	0.0	0.00023	0.00023	7e-05	0.00025	0.0	0.0	0.00014	0.00025	0.0	0.00021	0.0	0.0	0.00031	0.0	0.00026	0.0	
0.0	0.0	0.00028	0.00025	0.0	0.0001	0.0	0.00034	0.0	0.00025	0.0	0.0	0.00019	0.00024	0.0	0.0	0.0	0.00024	0.00025	0.00028	0.0	0.0	0.0	0.00013	0.0	0.0	0.0	0.0	0.00023	0.0	0.0	0.0001	0.00028	0.00014	0.0	0.00025	0.0	0.0	0.0	0.0	0.0	0.00013	0.0	0.0	0.00026	6e-05	0.0	0.0	0.00034	0.0	0.00023	0.00013	8e-05	0.00025	0.00014	0.00013	0.0	0.0	0.00023	0.00023	7e-05	0.00025	0.0	0.0	0.00014	0.00025	0.0	0.00021	0.0	0.0	0.00031	0.0	0.00026	0.0	
0.00013	0.00013	0.03485	0.10187	0.00013	0.27349	0.00013	0.02731	0.00013	0.05237	0.00013	0.00013	0.02444	0.17713	0.00013	0.00013	0.00013	0.17713	0.08955	0.03578	0.00013	0.00013	0.00013	0.0	0.00013	0.00013	0.00013	0.00013	0.3691	0.00013	0.00013	0.27317	0.03485	0.07638	0.00013	0.05237	0.0	0.0	0.0	0.0	0.0	0.01465	0.00013	0.00013	0.04703	0.08964	0.00013	0.00013	0.02731	0.00013	0.3691	0.25714	0.27258	0.10187	0.13732	0.11397	0.00013	0.00013	0.3691	0.3691	0.11953	0.04239	0.00013	0.0	0.34796	0.08955	0.0	1.06762	0.00013	0.00013	0.03204	0.00013	0.04703	0.00013	
0.0	0.0	0.00028	0.00025	0.0	0.0001	0.0	0.00034	0.0	0.00025	0.0	0.0	0.00019	0.00024	0.0	0.0	0.0	0.00024	0.00025	0.00028	0.0	0.0	0.0	0.00013	0.0	0.0	0.0	0.0	0.00023	0.0	0.0	0.0001	0.00028	0.00014	0.0	0.00025	0.0	0.0	0.0	0.0	0.0	0.00013	0.0	0.0	0.00026	6e-05	0.0	0.0	0.00034	0.0	0.00023	0.00013	8e-05	0.00025	0.00014	0.00013	0.0	0.0	0.00023	0.00023	7e-05	0.00025	0.0	0.0	0.00014	0.00025	0.0	0.00021	0.0	0.0	0.00031	0.0	0.00026	0.0	
0.0	0.0	0.00028	0.00025	0.0	0.0001	0.0	0.00034	0.0	0.00025	0.0	0.0	0.00019	0.00024	0.0	0.0	0.0	0.00024	0.00025	0.00028	0.0	0.0	0.0	0.00013	0.0	0.0	0.0	0.0	0.00023	0.0	0.0	0.0001	0.00028	0.00014	0.0	0.00025	0.0	0.0	0.0	0.0	0.0	0.00013	0.0	0.0	0.00026	6e-05	0.0	0.0	0.00034	0.0	0.00023	0.00013	8e-05	0.00025	0.00014	0.00013	0.0	0.0	0.00023	0.00023	7e-05	0.00025	0.0	0.0	0.00014	0.00025	0.0	0.00021	0.0	0.0	0.00031	0.0	0.00026	0.0	
0.0	0.0	0.00028	0.00025	0.0	0.0001	0.0	0.00034	0.0	0.00025	0.0	0.0	0.00019	0.00024	0.0	0.0	0.0	0.00024	0.00025	0.00028	0.0	0.0	0.0	0.00013	0.0	0.0	0.0	0.0	0.00023	0.0	0.0	0.0001	0.00028	0.00014	0.0	0.00025	0.0	0.0	0.0	0.0	0.0	0.00013	0.0	0.0	0.00026	6e-05	0.0	0.0	0.00034	0.0	0.00023	0.00013	8e-05	0.00025	0.00014	0.00013	0.0	0.0	0.00023	0.00023	7e-05	0.00025	0.0	0.0	0.00014	0.00025	0.0	0.00021	0.0	0.0	0.00031	0.0	0.00026	0.0	
0.0	0.0	0.00028	0.00025	0.0	0.0001	0.0	0.00034	0.0	0.00025	0.0	0.0	0.00019	0.00024	0.0	0.0	0.0	0.00024	0.00025	0.00028	0.0	0.0	0.0	0.00013	0.0	0.0	0.0	0.0	0.00023	0.0	0.0	0.0001	0.00028	0.00014	0.0	0.00025	0.0	0.0	0.0	0.0	0.0	0.00013	0.0	0.0	0.00026	6e-05	0.0	0.0	0.00034	0.0	0.00023	0.00013	8e-05	0.00025	0.00014	0.00013	0.0	0.0	0.00023	0.00023	7e-05	0.00025	0.0	0.0	0.00014	0.00025	0.0	0.00021	0.0	0.0	0.00031	0.0	0.00026	0.0	
0.00023	0.00023	0.02407	0.35651	0.00023	0.55243	0.00023	0.01913	0.00023	0.03526	0.00023	0.00023	0.05343	0.03047	0.00023	0.00023	0.00023	0.03047	0.329	0.02468	0.00023	0.00023	0.00023	0.3691	0.00023	0.00023	0.00023	0.00023	0.0	0.00023	0.00023	0.5503	0.02407	0.05008	0.00023	0.03526	0.0	0.0	0.0	0.0	0.0	0.15437	0.00023	0.00023	0.03189	0.26277	0.00023	0.00023	0.01913	0.00023	0.99981	0.14949	0.48496	0.35651	0.43629	0.38367	0.00023	0.00023	0.99981	0.99981	0.31043	0.02893	0.00023	0.0	0.24394	0.329	0.0	1.23145	0.00023	0.00023	0.19831	0.00023	0.03189	0.00023	
0.0	0.0	0.00028	0.00025	0.0	0.0001	0.0	0.00034	0.0	0.00025	0.0	0.0	0.00019	0.00024	0.0	0.0	0.0	0.00024	0.00025	0.00028	0.0	0.0	0.0	0.00013	0.0	0.0	0.0	0.0	0.00023	0.0	0.0	0.0001	0.00028	0.00014	0.0	0.00025	0.0	0.0	0.0	0.0	0.0	0.00013	0.0	0.0	0.00026	6e-05	0.0	0.0	0.00034	0.0	0.00023	0.00013	8e-05	0.00025	0.00014	0.00013	0.0	0.0	0.00023	0.00023	7e-05	0.00025	0.0	0.0	0.00014	0.00025	0.0	0.00021	0.0	0.0	0.00031	0.0	0.00026	0.0	
0.0	0.0	0.00028	0.00025	0.0	0.0001	0.0	0.00034	0.0	0.00025	0.0	0.0	0.00019	0.00024	0.0	0.0	0.0	0.00024	0.00025	0.00028	0.0	0.0	0.0	0.00013	0.0	0.0	0.0	0.0	0.00023	0.0	0.0	0.0001	0.00028	0.00014	0.0	0.00025	0.0	0.0	0.0	0.0	0.0	0.00013	0.0	0.0	0.00026	6e-05	0.0	0.0	0.00034	0.0	0.00023	0.00013	8e-05	0.00025	0.00014	0.00013	0.0	0.0	0.00023	0.00023	7e-05	0.00025	0.0	0.0	0.00014	0.00025	0.0	0.00021	0.0	0.0	0.00031	0.0	0.00026	0.0	
0.0001	0.0001	0.03244	0.26715	0.0001	0.43319	0.0001	0.02505	0.0001	0.05011	0.0001	0.0001	0.08075	0.04241	0.0001	0.0001	0.0001	0.04241	0.254	0.17018	0.0001	0.0001	0.0001	0.27317	0.0001	0.0001	0.0001	0.0001	0.5503	0.0001	0.0001	0.0	0.03244	0.06048	0.0001	0.05011	0.0	0.0	0.0	0.0	0.0	0.18462	0.0001	0.0001	0.04467	0.34357	0.0001	0.0001	0.02505	0.0001	0.5503	0.11188	0.42948	0.26715	0.47191	0.28016	0.0001	0.0001	0.5503	0.5503	0.38169	0.03998	0.0001	0.0	0.23038	0.254	0.0	1.40802	0.0001	0.0001	0.19672	0.0001	0.04467	0.0001	
0.00028	0.00028	0.99941	0.03561	0.00028	0.16673	0.00028	0.01035	0.00028	0.01752	0.00028	0.00028	0.02508	0.01544	0.00028	0.00028	0.00028	0.01544	0.03728	0.01289	0.00028	0.00028	0.00028	0.03485	0.00028	0.00028	0.00028	0.00028	0.02407	0.00028	0.00028	0.03244	0.0	0.02369	0.00028	0.01752	0.0	0.0	0.0	0.0	0.0	0.06399	0.00028	0.00028	0.01607	0.03819	0.00028	0.00028	0.01035	0.00028	0.02407	0.06616	0.04464	0.03561	0.03196	0.03413	0.00028	0.00028	0.02407	0.02407	0.0354	0.01477	0.00028	0.0	0.04075	0.03728	0.0	0.11831	0.00028	0.00028	0.05249	0.00028	0.01607	0.00028	
0.00014	0.00014	0.02369	0.03793	0.00014	0.06164	0.00014	0.01882	0.00014	0.0347	0.00014	0.00014	0.05255	0.02998	0.00014	0.00014	0.00014	0.02998	0.08227	0.02428	0.00014	0.00014	0.00014	0.07638	0.00014	0.00014	0.00014	0.00014	0.05008	0.00014	0.00014	0.06048	0.02369	0.0	0.00014	0.0347	0.0	0.0	0.0	0.0	0.0	0.15224	0.00014	0.00014	0.35757	0.08904	0.00014	0.00014	0.01882	0.00014	0.05008	0.15725	0.1081	0.03793	0.01035	0.0746	0.00014	0.00014	0.05008	0.05008	0.08214	0.02847	0.00014	0.0	0.09622	0.08227	0.0	0.19065	0.00014	0.00014	0.00965	0.00014	0.35757	0.00014	
0.0	0.0	0.00028	0.00025	0.0	0.0001	0.0	0.00034	0.0	0.00025	0.0	0.0	0.00019	0.00024	0.0	0.0	0.0	0.00024	0.00025	0.00028	0.0	0.0	0.0	0.00013	0.0	0.0	0.0	0.0	0.00023	0.0	0.0	0.0001	0.00028	0.00014	0.0	0.00025	0.0	0.0	0.0	0.0	0.0	0.00013	0.0	0.0	0.00026	6e-05	0.0	0.0	0.00034	0.0	0.00023	0.00013	8e-05	0.00025	0.00014	0.00013	0.0	0.0	0.00023	0.00023	7e-05	0.00025	0.0	0.0	0.00014	0.00025	0.0	0.00021	0.0	0.0	0.00031	0.0	0.00026	0.0	
0.00025	0.00025	0.01752	0.05352	0.00025	0.04978	0.00025	0.01413	0.00025	0.99966	0.00025	0.00025	0.03688	0.02183	0.00025	0.00025	0.00025	0.02183	0.19507	0.01793	0.00025	0.00025	0.00025	0.05237	0.00025	0.00025	0.00025	0.00025	0.03526	0.00025	0.00025	0.05011	0.01752	0.0347	0.00025	0.0	0.0	0.0	0.0	0.0	0.0	0.09932	0.00025	0.00025	0.02279	0.05917	0.00025	0.00025	0.01413	0.00025	0.03526	0.09642	0.15143	0.05352	0.04777	0.05122	0.00025	0.00025	0.03526	0.03526	0.05475	0.0208	0.00025	0.0	0.14463	0.19507	0.0	0.29466	0.00025	0.00025	0.12497	0.00025	0.02279	0.00025	
0.0	0.0	0.0	0.0	0.0	0.0	0.0	0.0	0.0	0.0	0.0	0.0	0.0	0.0	0.0	0.0	0.0	0.0	0.0	0.0	0.0	0.0	0.0	0.0	0.0	0.0	0.0	0.0	0.0	0.0	0.0	0.0	0.0	0.0	0.0	0.0	0.0	0.0	0.0	0.0	0.0	0.0	0.0	0.0	0.0	0.0	0.0	0.0	0.0	0.0	0.0	0.0	0.0	0.0	0.0	0.0	0.0	0.0	0.0	0.0	0.0	0.0	0.0	0.0	0.0	0.0	0.0	0.0	0.0	0.0	0.0	0.0	0.0	0.0	
0.0	0.0	0.0	0.0	0.0	0.0	0.0	0.0	0.0	0.0	0.0	0.0	0.0	0.0	0.0	0.0	0.0	0.0	0.0	0.0	0.0	0.0	0.0	0.0	0.0	0.0	0.0	0.0	0.0	0.0	0.0	0.0	0.0	0.0	0.0	0.0	0.0	0.0	0.0	0.0	0.0	0.0	0.0	0.0	0.0	0.0	0.0	0.0	0.0	0.0	0.0	0.0	0.0	0.0	0.0	0.0	0.0	0.0	0.0	0.0	0.0	0.0	0.0	0.0	0.0	0.0	0.0	0.0	0.0	0.0	0.0	0.0	0.0	0.0	
0.0	0.0	0.0	0.0	0.0	0.0	0.0	0.0	0.0	0.0	0.0	0.0	0.0	0.0	0.0	0.0	0.0	0.0	0.0	0.0	0.0	0.0	0.0	0.0	0.0	0.0	0.0	0.0	0.0	0.0	0.0	0.0	0.0	0.0	0.0	0.0	0.0	0.0	0.0	0.0	0.0	0.0	0.0	0.0	0.0	0.0	0.0	0.0	0.0	0.0	0.0	0.0	0.0	0.0	0.0	0.0	0.0	0.0	0.0	0.0	0.0	0.0	0.0	0.0	0.0	0.0	0.0	0.0	0.0	0.0	0.0	0.0	0.0	0.0	
0.0	0.0	0.0	0.0	0.0	0.0	0.0	0.0	0.0	0.0	0.0	0.0	0.0	0.0	0.0	0.0	0.0	0.0	0.0	0.0	0.0	0.0	0.0	0.0	0.0	0.0	0.0	0.0	0.0	0.0	0.0	0.0	0.0	0.0	0.0	0.0	0.0	0.0	0.0	0.0	0.0	0.0	0.0	0.0	0.0	0.0	0.0	0.0	0.0	0.0	0.0	0.0	0.0	0.0	0.0	0.0	0.0	0.0	0.0	0.0	0.0	0.0	0.0	0.0	0.0	0.0	0.0	0.0	0.0	0.0	0.0	0.0	0.0	0.0	
0.0	0.0	0.0	0.0	0.0	0.0	0.0	0.0	0.0	0.0	0.0	0.0	0.0	0.0	0.0	0.0	0.0	0.0	0.0	0.0	0.0	0.0	0.0	0.0	0.0	0.0	0.0	0.0	0.0	0.0	0.0	0.0	0.0	0.0	0.0	0.0	0.0	0.0	0.0	0.0	0.0	0.0	0.0	0.0	0.0	0.0	0.0	0.0	0.0	0.0	0.0	0.0	0.0	0.0	0.0	0.0	0.0	0.0	0.0	0.0	0.0	0.0	0.0	0.0	0.0	0.0	0.0	0.0	0.0	0.0	0.0	0.0	0.0	0.0	
0.00013	0.00013	0.06399	0.01252	0.00013	0.11579	0.00013	0.04968	0.00013	0.09932	0.00013	0.00013	0.0002	0.08422	0.00013	0.00013	0.00013	0.08422	0.29604	0.06615	0.00013	0.00013	0.00013	0.01465	0.00013	0.00013	0.00013	0.00013	0.15437	0.00013	0.00013	0.18462	0.06399	0.15224	0.00013	0.09932	0.0	0.0	0.0	0.0	0.0	0.0	0.00013	0.00013	0.08879	0.04394	0.00013	0.00013	0.04968	0.00013	0.15437	0.0266	0.23413	0.01252	0.02745	0.25857	0.00013	0.00013	0.15437	0.15437	0.08961	0.07895	0.00013	0.0	0.2643	0.29604	0.0	0.2883	0.00013	0.00013	0.07165	0.00013	0.08879	0.00013	
0.0	0.0	0.00028	0.00025	0.0	0.0001	0.0	0.00034	0.0	0.00025	0.0	0.0	0.00019	0.00024	0.0	0.0	0.0	0.00024	0.00025	0.00028	0.0	0.0	0.0	0.00013	0.0	0.0	0.0	0.0	0.00023	0.0	0.0	0.0001	0.00028	0.00014	0.0	0.00025	0.0	0.0	0.0	0.0	0.0	0.00013	0.0	0.0	0.00026	6e-05	0.0	0.0	0.00034	0.0	0.00023	0.00013	8e-05	0.00025	0.00014	0.00013	0.0	0.0	0.00023	0.00023	7e-05	0.00025	0.0	0.0	0.00014	0.00025	0.0	0.00021	0.0	0.0	0.00031	0.0	0.00026	0.0	
0.0	0.0	0.00028	0.00025	0.0	0.0001	0.0	0.00034	0.0	0.00025	0.0	0.0	0.00019	0.00024	0.0	0.0	0.0	0.00024	0.00025	0.00028	0.0	0.0	0.0	0.00013	0.0	0.0	0.0	0.0	0.00023	0.0	0.0	0.0001	0.00028	0.00014	0.0	0.00025	0.0	0.0	0.0	0.0	0.0	0.00013	0.0	0.0	0.00026	6e-05	0.0	0.0	0.00034	0.0	0.00023	0.00013	8e-05	0.00025	0.00014	0.00013	0.0	0.0	0.00023	0.00023	7e-05	0.00025	0.0	0.0	0.00014	0.00025	0.0	0.00021	0.0	0.0	0.00031	0.0	0.00026	0.0	
0.00026	0.00026	0.01607	0.18277	0.00026	0.04438	0.00026	0.01302	0.00026	0.02279	0.00026	0.00026	0.03332	0.01993	0.00026	0.00026	0.00026	0.01993	0.05042	0.01644	0.00026	0.00026	0.00026	0.04703	0.00026	0.00026	0.00026	0.00026	0.03189	0.00026	0.00026	0.04467	0.01607	0.35757	0.00026	0.02279	0.0	0.0	0.0	0.0	0.0	0.08879	0.00026	0.00026	0.0	0.05269	0.00026	0.00026	0.01302	0.00026	0.03189	0.09144	0.06233	0.18277	0.04297	0.04602	0.00026	0.00026	0.03189	0.03189	0.04879	0.01901	0.00026	0.0	0.05644	0.05042	0.0	0.25247	0.00026	0.00026	0.11073	0.00026	0.99961	0.00026	
6e-05	6e-05	0.03819	0.08607	6e-05	0.23517	6e-05	0.07155	6e-05	0.05917	6e-05	6e-05	0.09602	0.05	6e-05	6e-05	6e-05	0.05	0.07831	0.32426	6e-05	6e-05	6e-05	0.08964	6e-05	6e-05	6e-05	6e-05	0.26277	6e-05	6e-05	0.34357	0.03819	0.08904	6e-05	0.05917	0.0	0.0	0.0	0.0	0.0	0.04394	6e-05	6e-05	0.05269	0.0	6e-05	6e-05	0.07155	6e-05	0.26277	0.0549	0.20841	0.08607	0.10907	0.09383	6e-05	6e-05	0.26277	0.26277	0.29604	0.04712	6e-05	0.0	0.09145	0.07831	0.0	1.15535	6e-05	6e-05	0.04734	6e-05	0.05269	6e-05	
0.0	0.0	0.00028	0.00025	0.0	0.0001	0.0	0.00034	0.0	0.00025	0.0	0.0	0.00019	0.00024	0.0	0.0	0.0	0.00024	0.00025	0.00028	0.0	0.0	0.0	0.00013	0.0	0.0	0.0	0.0	0.00023	0.0	0.0	0.0001	0.00028	0.00014	0.0	0.00025	0.0	0.0	0.0	0.0	0.0	0.00013	0.0	0.0	0.00026	6e-05	0.0	0.0	0.00034	0.0	0.00023	0.00013	8e-05	0.00025	0.00014	0.00013	0.0	0.0	0.00023	0.00023	7e-05	0.00025	0.0	0.0	0.00014	0.00025	0.0	0.00021	0.0	0.0	0.00031	0.0	0.00026	0.0	
0.0	0.0	0.00028	0.00025	0.0	0.0001	0.0	0.00034	0.0	0.00025	0.0	0.0	0.00019	0.00024	0.0	0.0	0.0	0.00024	0.00025	0.00028	0.0	0.0	0.0	0.00013	0.0	0.0	0.0	0.0	0.00023	0.0	0.0	0.0001	0.00028	0.00014	0.0	0.00025	0.0	0.0	0.0	0.0	0.0	0.00013	0.0	0.0	0.00026	6e-05	0.0	0.0	0.00034	0.0	0.00023	0.00013	8e-05	0.00025	0.00014	0.00013	0.0	0.0	0.00023	0.00023	7e-05	0.00025	0.0	0.0	0.00014	0.00025	0.0	0.00021	0.0	0.0	0.00031	0.0	0.00026	0.0	
0.00034	0.00034	0.01035	0.02792	0.00034	0.02491	0.00034	0.99926	0.00034	0.01413	0.00034	0.00034	0.0199	0.01253	0.00034	0.00034	0.00034	0.01253	0.0292	0.01056	0.00034	0.00034	0.00034	0.02731	0.00034	0.00034	0.00034	0.00034	0.01913	0.00034	0.00034	0.02505	0.01035	0.01882	0.00034	0.01413	0.0	0.0	0.0	0.0	0.0	0.04968	0.00034	0.00034	0.01302	0.07155	0.00034	0.00034	0.0	0.00034	0.01913	0.05108	0.03415	0.02792	0.02512	0.02677	0.00034	0.00034	0.01913	0.01913	0.02732	0.01202	0.00034	0.0	0.03135	0.0292	0.0	0.08828	0.00034	0.00034	0.04076	0.00034	0.01302	0.00034	
0.0	0.0	0.00028	0.00025	0.0	0.0001	0.0	0.00034	0.0	0.00025	0.0	0.0	0.00019	0.00024	0.0	0.0	0.0	0.00024	0.00025	0.00028	0.0	0.0	0.0	0.00013	0.0	0.0	0.0	0.0	0.00023	0.0	0.0	0.0001	0.00028	0.00014	0.0	0.00025	0.0	0.0	0.0	0.0	0.0	0.00013	0.0	0.0	0.00026	6e-05	0.0	0.0	0.00034	0.0	0.00023	0.00013	8e-05	0.00025	0.00014	0.00013	0.0	0.0	0.00023	0.00023	7e-05	0.00025	0.0	0.0	0.00014	0.00025	0.0	0.00021	0.0	0.0	0.00031	0.0	0.00026	0.0	
0.00023	0.00023	0.02407	0.35651	0.00023	0.55243	0.00023	0.01913	0.00023	0.03526	0.00023	0.00023	0.05343	0.03047	0.00023	0.00023	0.00023	0.03047	0.329	0.02468	0.00023	0.00023	0.00023	0.3691	0.00023	0.00023	0.00023	0.00023	0.99981	0.00023	0.00023	0.5503	0.02407	0.05008	0.00023	0.03526	0.0	0.0	0.0	0.0	0.0	0.15437	0.00023	0.00023	0.03189	0.26277	0.00023	0.00023	0.01913	0.00023	0.0	0.14949	0.48496	0.35651	0.43629	0.38367	0.00023	0.00023	0.99981	0.99981	0.31043	0.02893	0.00023	0.0	0.24394	0.329	0.0	1.23145	0.00023	0.00023	0.19831	0.00023	0.03189	0.00023	
0.00013	0.00013	0.06616	0.0109	0.00013	0.18291	0.00013	0.05108	0.00013	0.09642	0.00013	0.00013	0.0001	0.0814	0.00013	0.00013	0.00013	0.0814	0.28459	0.06399	0.00013	0.00013	0.00013	0.25714	0.00013	0.00013	0.00013	0.00013	0.14949	0.00013	0.00013	0.11188	0.06616	0.15725	0.00013	0.09642	0.0	0.0	0.0	0.0	0.0	0.0266	0.00013	0.00013	0.09144	0.0549	0.00013	0.00013	0.05108	0.00013	0.14949	0.0	0.10092	0.0109	0.02513	0.01538	0.00013	0.00013	0.14949	0.14949	0.21742	0.08169	0.00013	0.0	0.39589	0.28459	0.0	0.28057	0.00013	0.00013	0.06601	0.00013	0.09144	0.00013	
8e-05	8e-05	0.04464	0.2686	8e-05	0.42903	8e-05	0.03415	8e-05	0.15143	8e-05	8e-05	0.0413	0.05902	8e-05	8e-05	8e-05	0.05902	0.35568	0.04596	8e-05	8e-05	8e-05	0.27258	8e-05	8e-05	8e-05	8e-05	0.48496	8e-05	8e-05	0.42948	0.04464	0.1081	8e-05	0.15143	0.0	0.0	0.0	0.0	0.0	0.23413	8e-05	8e-05	0.06233	0.20841	8e-05	8e-05	0.03415	8e-05	0.48496	0.10092	0.0	0.2686	0.29499	0.35036	8e-05	8e-05	0.48496	0.48496	0.32809	0.11586	8e-05	0.0	0.31358	0.35568	0.0	0.82492	8e-05	8e-05	0.14624	8e-05	0.06233	8e-05	
0.00025	0.00025	0.03561	0.99997	0.00025	0.26742	0.00025	0.02792	0.00025	0.05352	0.00025	0.00025	0.08378	0.04578	0.00025	0.00025	0.00025	0.04578	0.08447	0.03657	0.00025	0.00025	0.00025	0.10187	0.00025	0.00025	0.00025	0.00025	0.35651	0.00025	0.00025	0.26715	0.03561	0.03793	0.00025	0.05352	0.0	0.0	0.0	0.0	0.0	0.01252	0.00025	0.00025	0.18277	0.08607	0.00025	0.00025	0.02792	0.00025	0.35651	0.0109	0.2686	0.0	0.13088	0.10818	0.00025	0.00025	0.35651	0.35651	0.11548	0.04332	0.00025	0.0	0.08304	0.08447	0.0	0.51506	0.00025	0.00025	0.37484	0.00025	0.18277	0.00025	
0.00014	0.00014	0.03196	0.13088	0.00014	0.47603	0.00014	0.02512	0.00014	0.04777	0.00014	0.00014	0.07416	0.04095	0.00014	0.00014	0.00014	0.04095	0.1167	0.0328	0.00014	0.00014	0.00014	0.13732	0.00014	0.00014	0.00014	0.00014	0.43629	0.00014	0.00014	0.47191	0.03196	0.01035	0.00014	0.04777	0.0	0.0	0.0	0.0	0.0	0.02745	0.00014	0.00014	0.04297	0.10907	0.00014	0.00014	0.02512	0.00014	0.43629	0.02513	0.29499	0.13088	0.0	0.14478	0.00014	0.00014	0.43629	0.43629	0.1414	0.03878	0.00014	0.0	0.10339	0.1167	0.0	1.09723	0.00014	0.00014	0.04923	0.00014	0.04297	0.00014	
0.00013	0.00013	0.03413	0.10818	0.00013	0.28053	0.00013	0.02677	0.00013	0.05122	0.00013	0.00013	0.01932	0.04383	0.00013	0.00013	0.00013	0.04383	0.09545	0.03504	0.00013	0.00013	0.00013	0.11397	0.00013	0.00013	0.00013	0.00013	0.38367	0.00013	0.00013	0.28016	0.03413	0.0746	0.00013	0.05122	0.0	0.0	0.0	0.0	0.0	0.25857	0.00013	0.00013	0.04602	0.09383	0.00013	0.00013	0.02677	0.00013	0.38367	0.01538	0.35036	0.10818	0.14478	0.0	0.00013	0.00013	0.38367	0.38367	0.41807	0.17086	0.00013	0.0	0.08984	0.09545	0.0	1.07425	0.00013	0.00013	0.03568	0.00013	0.04602	0.00013	
0.0	0.0	0.00028	0.00025	0.0	0.0001	0.0	0.00034	0.0	0.00025	0.0	0.0	0.00019	0.00024	0.0	0.0	0.0	0.00024	0.00025	0.00028	0.0	0.0	0.0	0.00013	0.0	0.0	0.0	0.0	0.00023	0.0	0.0	0.0001	0.00028	0.00014	0.0	0.00025	0.0	0.0	0.0	0.0	0.0	0.00013	0.0	0.0	0.00026	6e-05	0.0	0.0	0.00034	0.0	0.00023	0.00013	8e-05	0.00025	0.00014	0.00013	0.0	0.0	0.00023	0.00023	7e-05	0.00025	0.0	0.0	0.00014	0.00025	0.0	0.00021	0.0	0.0	0.00031	0.0	0.00026	0.0	
0.0	0.0	0.00028	0.00025	0.0	0.0001	0.0	0.00034	0.0	0.00025	0.0	0.0	0.00019	0.00024	0.0	0.0	0.0	0.00024	0.00025	0.00028	0.0	0.0	0.0	0.00013	0.0	0.0	0.0	0.0	0.00023	0.0	0.0	0.0001	0.00028	0.00014	0.0	0.00025	0.0	0.0	0.0	0.0	0.0	0.00013	0.0	0.0	0.00026	6e-05	0.0	0.0	0.00034	0.0	0.00023	0.00013	8e-05	0.00025	0.00014	0.00013	0.0	0.0	0.00023	0.00023	7e-05	0.00025	0.0	0.0	0.00014	0.00025	0.0	0.00021	0.0	0.0	0.00031	0.0	0.00026	0.0	
0.00023	0.00023	0.02407	0.35651	0.00023	0.55243	0.00023	0.01913	0.00023	0.03526	0.00023	0.00023	0.05343	0.03047	0.00023	0.00023	0.00023	0.03047	0.329	0.02468	0.00023	0.00023	0.00023	0.3691	0.00023	0.00023	0.00023	0.00023	0.99981	0.00023	0.00023	0.5503	0.02407	0.05008	0.00023	0.03526	0.0	0.0	0.0	0.0	0.0	0.15437	0.00023	0.00023	0.03189	0.26277	0.00023	0.00023	0.01913	0.00023	0.99981	0.14949	0.48496	0.35651	0.43629	0.38367	0.00023	0.00023	0.0	0.99981	0.31043	0.02893	0.00023	0.0	0.24394	0.329	0.0	1.23145	0.00023	0.00023	0.19831	0.00023	0.03189	0.00023	
0.00023	0.00023	0.02407	0.35651	0.00023	0.55243	0.00023	0.01913	0.00023	0.03526	0.00023	0.00023	0.05343	0.03047	0.00023	0.00023	0.00023	0.03047	0.329	0.02468	0.00023	0.00023	0.00023	0.3691	0.00023	0.00023	0.00023	0.00023	0.99981	0.00023	0.00023	0.5503	0.02407	0.05008	0.00023	0.03526	0.0	0.0	0.0	0.0	0.0	0.15437	0.00023	0.00023	0.03189	0.26277	0.00023	0.00023	0.01913	0.00023	0.99981	0.14949	0.48496	0.35651	0.43629	0.38367	0.00023	0.00023	0.99981	0.0	0.31043	0.02893	0.00023	0.0	0.24394	0.329	0.0	1.23145	0.00023	0.00023	0.19831	0.00023	0.03189	0.00023	
7e-05	7e-05	0.0354	0.11548	7e-05	0.26484	7e-05	0.02732	7e-05	0.05475	7e-05	7e-05	0.19222	0.04631	7e-05	7e-05	7e-05	0.04631	0.10662	0.10995	7e-05	7e-05	7e-05	0.11953	7e-05	7e-05	7e-05	7e-05	0.31043	7e-05	7e-05	0.38169	0.0354	0.08214	7e-05	0.05475	0.0	0.0	0.0	0.0	0.0	0.08961	7e-05	7e-05	0.04879	0.29604	7e-05	7e-05	0.02732	7e-05	0.31043	0.21742	0.32809	0.11548	0.1414	0.41807	7e-05	7e-05	0.31043	0.31043	0.0	0.36847	7e-05	0.0	0.11219	0.10662	0.0	1.21116	7e-05	7e-05	0.06932	7e-05	0.04879	7e-05	
0.00025	0.00025	0.01477	0.04332	0.00025	0.03973	0.00025	0.01202	0.00025	0.0208	0.00025	0.00025	0.27925	0.01824	0.00025	0.00025	0.00025	0.01824	0.04541	0.0151	0.00025	0.00025	0.00025	0.04239	0.00025	0.00025	0.00025	0.00025	0.02893	0.00025	0.00025	0.03998	0.01477	0.02847	0.00025	0.0208	0.0	0.0	0.0	0.0	0.0	0.07895	0.00025	0.00025	0.01901	0.04712	0.00025	0.00025	0.01202	0.00025	0.02893	0.08169	0.11586	0.04332	0.03878	0.17086	0.00025	0.00025	0.02893	0.02893	0.36847	0.0	0.00025	0.0	0.0504	0.04541	0.0	0.15006	0.00025	0.00025	0.06445	0.00025	0.01901	0.00025	
0.0	0.0	0.00028	0.00025	0.0	0.0001	0.0	0.00034	0.0	0.00025	0.0	0.0	0.00019	0.00024	0.0	0.0	0.0	0.00024	0.00025	0.00028	0.0	0.0	0.0	0.00013	0.0	0.0	0.0	0.0	0.00023	0.0	0.0	0.0001	0.00028	0.00014	0.0	0.00025	0.0	0.0	0.0	0.0	0.0	0.00013	0.0	0.0	0.00026	6e-05	0.0	0.0	0.00034	0.0	0.00023	0.00013	8e-05	0.00025	0.00014	0.00013	0.0	0.0	0.00023	0.00023	7e-05	0.00025	0.0	0.0	0.00014	0.00025	0.0	0.00021	0.0	0.0	0.00031	0.0	0.00026	0.0	
0.0	0.0	0.0	0.0	0.0	0.0	0.0	0.0	0.0	0.0	0.0	0.0	0.0	0.0	0.0	0.0	0.0	0.0	0.0	0.0	0.0	0.0	0.0	0.0	0.0	0.0	0.0	0.0	0.0	0.0	0.0	0.0	0.0	0.0	0.0	0.0	0.0	0.0	0.0	0.0	0.0	0.0	0.0	0.0	0.0	0.0	0.0	0.0	0.0	0.0	0.0	0.0	0.0	0.0	0.0	0.0	0.0	0.0	0.0	0.0	0.0	0.0	0.0	0.0	0.0	0.0	0.0	0.0	0.0	0.0	0.0	0.0	0.0	0.0	
0.00014	0.00014	0.04075	0.08304	0.00014	0.22999	0.00014	0.03135	0.00014	0.14463	0.00014	0.00014	0.20545	0.36685	0.00014	0.00014	0.00014	0.36685	0.68108	0.04193	0.00014	0.00014	0.00014	0.34796	0.00014	0.00014	0.00014	0.00014	0.24394	0.00014	0.00014	0.23038	0.04075	0.09622	0.00014	0.14463	0.0	0.0	0.0	0.0	0.0	0.2643	0.00014	0.00014	0.05644	0.09145	0.00014	0.00014	0.03135	0.00014	0.24394	0.39589	0.31358	0.08304	0.10339	0.08984	0.00014	0.00014	0.24394	0.24394	0.11219	0.0504	0.00014	0.0	0.0	0.68108	0.0	0.55367	0.00014	0.00014	0.33293	0.00014	0.05644	0.00014	
0.00025	0.00025	0.03728	0.08447	0.00025	0.25417	0.00025	0.0292	0.00025	0.19507	0.00025	0.00025	0.08828	0.048	0.00025	0.00025	0.00025	0.048	0.99999	0.03829	0.00025	0.00025	0.00025	0.08955	0.00025	0.00025	0.00025	0.00025	0.329	0.00025	0.00025	0.254	0.03728	0.08227	0.00025	0.19507	0.0	0.0	0.0	0.0	0.0	0.29604	0.00025	0.00025	0.05042	0.07831	0.00025	0.00025	0.0292	0.00025	0.329	0.28459	0.35568	0.08447	0.1167	0.09545	0.00025	0.00025	0.329	0.329	0.10662	0.04541	0.00025	0.0	0.68108	0.0	0.0	0.51285	0.00025	0.00025	0.40788	0.00025	0.05042	0.00025	
0.0	0.0	0.0	0.0	0.0	0.0	0.0	0.0	0.0	0.0	0.0	0.0	0.0	0.0	0.0	0.0	0.0	0.0	0.0	0.0	0.0	0.0	0.0	0.0	0.0	0.0	0.0	0.0	0.0	0.0	0.0	0.0	0.0	0.0	0.0	0.0	0.0	0.0	0.0	0.0	0.0	0.0	0.0	0.0	0.0	0.0	0.0	0.0	0.0	0.0	0.0	0.0	0.0	0.0	0.0	0.0	0.0	0.0	0.0	0.0	0.0	0.0	0.0	0.0	0.0	0.0	0.0	0.0	0.0	0.0	0.0	0.0	0.0	0.0	
0.00021	0.00021	0.11831	0.51506	0.00021	1.40499	0.00021	0.08828	0.00021	0.29466	0.00021	0.00021	0.329	0.16046	0.00021	0.00021	0.00021	0.16046	0.51285	0.12216	0.00021	0.00021	0.00021	1.06762	0.00021	0.00021	0.00021	0.00021	1.23145	0.00021	0.00021	1.40802	0.11831	0.19065	0.00021	0.29466	0.0	0.0	0.0	0.0	0.0	0.2883	0.00021	0.00021	0.25247	1.15535	0.00021	0.00021	0.08828	0.00021	1.23145	0.28057	0.82492	0.51506	1.09723	1.07425	0.00021	0.00021	1.23145	1.23145	1.21116	0.15006	0.00021	0.0	0.55367	0.51285	0.0	0.0	0.00021	0.00021	1.18404	0.00021	0.25247	0.00021	
0.0	0.0	0.00028	0.00025	0.0	0.0001	0.0	0.00034	0.0	0.00025	0.0	0.0	0.00019	0.00024	0.0	0.0	0.0	0.00024	0.00025	0.00028	0.0	0.0	0.0	0.00013	0.0	0.0	0.0	0.0	0.00023	0.0	0.0	0.0001	0.00028	0.00014	0.0	0.00025	0.0	0.0	0.0	0.0	0.0	0.00013	0.0	0.0	0.00026	6e-05	0.0	0.0	0.00034	0.0	0.00023	0.00013	8e-05	0.00025	0.00014	0.00013	0.0	0.0	0.00023	0.00023	7e-05	0.00025	0.0	0.0	0.00014	0.00025	0.0	0.00021	0.0	0.0	0.00031	0.0	0.00026	0.0	
0.0	0.0	0.00028	0.00025	0.0	0.0001	0.0	0.00034	0.0	0.00025	0.0	0.0	0.00019	0.00024	0.0	0.0	0.0	0.00024	0.00025	0.00028	0.0	0.0	0.0	0.00013	0.0	0.0	0.0	0.0	0.00023	0.0	0.0	0.0001	0.00028	0.00014	0.0	0.00025	0.0	0.0	0.0	0.0	0.0	0.00013	0.0	0.0	0.00026	6e-05	0.0	0.0	0.00034	0.0	0.00023	0.00013	8e-05	0.00025	0.00014	0.00013	0.0	0.0	0.00023	0.00023	7e-05	0.00025	0.0	0.0	0.00014	0.00025	0.0	0.00021	0.0	0.0	0.00031	0.0	0.00026	0.0	
0.00031	0.00031	0.05249	0.37484	0.00031	0.19619	0.00031	0.04076	0.00031	0.12497	0.00031	0.00031	0.13029	0.0683	0.00031	0.00031	0.00031	0.0683	0.40788	0.05396	0.00031	0.00031	0.00031	0.03204	0.00031	0.00031	0.00031	0.00031	0.19831	0.00031	0.00031	0.19672	0.05249	0.00965	0.00031	0.12497	0.0	0.0	0.0	0.0	0.0	0.07165	0.00031	0.00031	0.11073	0.04734	0.00031	0.00031	0.04076	0.00031	0.19831	0.06601	0.14624	0.37484	0.04923	0.03568	0.00031	0.00031	0.19831	0.19831	0.06932	0.06445	0.00031	0.0	0.33293	0.40788	0.0	1.18404	0.00031	0.00031	0.0	0.00031	0.11073	0.00031	
0.0	0.0	0.00028	0.00025	0.0	0.0001	0.0	0.00034	0.0	0.00025	0.0	0.0	0.00019	0.00024	0.0	0.0	0.0	0.00024	0.00025	0.00028	0.0	0.0	0.0	0.00013	0.0	0.0	0.0	0.0	0.00023	0.0	0.0	0.0001	0.00028	0.00014	0.0	0.00025	0.0	0.0	0.0	0.0	0.0	0.00013	0.0	0.0	0.00026	6e-05	0.0	0.0	0.00034	0.0	0.00023	0.00013	8e-05	0.00025	0.00014	0.00013	0.0	0.0	0.00023	0.00023	7e-05	0.00025	0.0	0.0	0.00014	0.00025	0.0	0.00021	0.0	0.0	0.00031	0.0	0.00026	0.0	
0.00026	0.00026	0.01607	0.18277	0.00026	0.04438	0.00026	0.01302	0.00026	0.02279	0.00026	0.00026	0.03332	0.01993	0.00026	0.00026	0.00026	0.01993	0.05042	0.01644	0.00026	0.00026	0.00026	0.04703	0.00026	0.00026	0.00026	0.00026	0.03189	0.00026	0.00026	0.04467	0.01607	0.35757	0.00026	0.02279	0.0	0.0	0.0	0.0	0.0	0.08879	0.00026	0.00026	0.99961	0.05269	0.00026	0.00026	0.01302	0.00026	0.03189	0.09144	0.06233	0.18277	0.04297	0.04602	0.00026	0.00026	0.03189	0.03189	0.04879	0.01901	0.00026	0.0	0.05644	0.05042	0.0	0.25247	0.00026	0.00026	0.11073	0.00026	0.0	0.00026	
0.0	0.0	0.00028	0.00025	0.0	0.0001	0.0	0.00034	0.0	0.00025	0.0	0.0	0.00019	0.00024	0.0	0.0	0.0	0.00024	0.00025	0.00028	0.0	0.0	0.0	0.00013	0.0	0.0	0.0	0.0	0.00023	0.0	0.0	0.0001	0.00028	0.00014	0.0	0.00025	0.0	0.0	0.0	0.0	0.0	0.00013	0.0	0.0	0.00026	6e-05	0.0	0.0	0.00034	0.0	0.00023	0.00013	8e-05	0.00025	0.00014	0.00013	0.0	0.0	0.00023	0.00023	7e-05	0.00025	0.0	0.0	0.00014	0.00025	0.0	0.00021	0.0	0.0	0.00031	0.0	0.00026	0.0	
