0.0	0.0264	0.00127	0.21269	0.01274	0.0	0.0	0.23085	0.00127	0.00127	0.0	0.00127	0.00127	0.00127	0.06011	0.04696	0.00127	0.12629	0.0	0.06582	0.10241	0.08491	0.05872	0.02244	0.00127	0.03425	0.00127	0.02321	0.02244	0.02244	0.00127	0.10447	0.13035	0.02244	0.03767	0.04703	0.08301	0.07455	0.02898	0.0	0.07848	0.03199	0.07724	0.13652	0.07541	0.2225	0.22525	0.26276	0.13577	0.0	0.0	0.0	0.0	0.0	0.0	0.0	0.0	0.0	0.0	0.0	0.03075	0.36878	0.0348	0.00127	0.00127	0.1493	0.24242	0.0	0.14642	0.04384	0.05116	0.05953	0.20383	0.44793	0.0	0.0	0.01729	0.05256	0.00127	0.00127	0.00127	0.00127	0.00127	0.03509	0.02071	0.00127	0.00127	0.02071	0.0	0.0	0.0	0.14592	0.00127	0.00127	0.00127	0.00127	0.0	0.21269	0.00127	0.03496	0.54643	
0.0264	0.0	0.00123	0.05462	0.06337	0.0	0.0	0.04897	0.00123	0.00123	0.0	0.00123	0.00123	0.00123	0.05644	0.04416	0.00123	0.11743	0.0	0.06197	0.09596	0.31558	0.05517	0.02139	0.00123	0.03234	0.00123	0.02211	0.02139	0.02139	0.00123	0.09806	0.12207	0.02139	0.53496	0.45472	0.38473	0.06991	0.02739	0.0	0.07357	0.03031	0.13432	0.12716	0.1768	0.37263	0.06319	0.24779	0.12876	0.0	0.0	0.0	0.0	0.0	0.0	0.0	0.0	0.0	0.0	0.0	1.00057	0.35342	0.56283	0.00123	0.00123	0.06226	0.04803	0.0	0.11941	0.29688	0.12437	0.34781	0.08089	0.04486	0.0	0.0	0.01651	0.22225	0.00123	0.00123	0.00123	0.00123	0.00123	0.03325	0.01973	0.00123	0.00123	0.01973	0.0	0.0	0.0	0.13552	0.00123	0.00123	0.00123	0.00123	0.0	0.05462	0.00123	0.45034	0.03659	
0.00127	0.00123	0.0	0.00121	0.00019	0.0	0.0	0.00138	0.0	0.0	0.0	0.0	0.0	0.0	0.00063	0.00024	0.0	0.00076	0.0	0.00028	0.00055	0.00026	0.00014	0.00113	0.0	0.00052	0.0	0.0012	0.00113	0.00113	0.0	0.00516	0.00225	0.00113	0.00205	0.00134	0.0005	0.00156	7e-05	0.0	0.00091	0.00203	0.00051	0.00022	0.0003	0.00031	0.00042	0.00011	0.0	0.0	0.0	0.0	0.0	0.0	0.0	0.0	0.0	0.0	0.0	0.0	0.00077	0.001	0.00085	0.0	0.0	0.00012	0.00176	0.0	0.00076	0.00054	0.00045	0.00052	0.00032	0.00072	0.0	0.0	0.0007	0.00017	0.0	0.0	0.0	0.0	0.0	0.00047	0.00042	0.0	0.0	0.00042	0.0	0.0	0.0	0.0015	0.0	0.0	0.0	0.0	0.0	0.00121	0.0	0.00074	0.00203	
0.21269	0.05462	0.00121	0.0	0.04028	0.0	0.0	0.05526	0.00121	0.00121	0.0	0.00121	0.00121	0.00121	0.08043	0.2448	0.00121	0.23087	0.0	0.03543	0.02469	0.18906	0.17594	0.04526	0.00121	0.0785	0.00121	0.04772	0.04526	0.04526	0.00121	0.33269	0.38469	0.04526	0.08601	0.11357	0.23143	0.19873	0.06478	0.0	0.03413	0.07056	0.25459	0.02001	0.00644	0.07893	0.52742	0.39562	0.52118	0.0	0.0	0.0	0.0	0.0	0.0	0.0	0.0	0.0	0.0	0.0	0.06848	0.1699	0.13646	0.00121	0.00121	0.37187	0.32269	0.0	0.17374	0.09979	0.0018	0.0674	0.07862	0.06168	0.0	0.0	0.03368	0.12397	0.00121	0.00121	0.00121	0.00121	0.00121	0.31269	0.14363	0.00121	0.00121	0.14363	0.0	0.0	0.0	0.33448	0.00121	0.00121	0.00121	0.00121	0.0	1.00204	0.00121	0.07638	0.18169	
0.01274	0.06337	0.00019	0.04028	0.0	0.0	0.0	0.06212	0.00019	0.00019	0.0	0.00019	0.00019	0.00019	0.20766	0.16718	0.00019	0.37887	0.0	0.29476	0.0922	0.21864	0.17446	0.05159	0.00019	0.13171	0.00019	0.061	0.05159	0.05159	0.00019	0.33889	0.09796	0.05159	0.10778	0.05768	0.16835	0.375	0.17463	0.0	0.08552	0.10681	0.09931	0.21246	0.03443	0.15026	0.03847	0.21438	0.45876	0.0	0.0	0.0	0.0	0.0	0.0	0.0	0.0	0.0	0.0	0.0	0.0862	0.12467	0.09904	0.00019	0.00019	0.08784	0.06032	0.0	0.09195	0.01942	0.17864	0.12778	0.07336	0.1316	0.0	0.0	0.2929	0.03974	0.00019	0.00019	0.00019	0.00019	0.00019	0.09253	0.04728	0.00019	0.00019	0.04728	0.0	0.0	0.0	0.09074	0.00019	0.00019	0.00019	0.00019	0.0	0.04028	0.00019	0.01276	0.05236	
0.0	0.0	0.0	0.0	0.0	0.0	0.0	0.0	0.0	0.0	0.0	0.0	0.0	0.0	0.0	0.0	0.0	0.0	0.0	0.0	0.0	0.0	0.0	0.0	0.0	0.0	0.0	0.0	0.0	0.0	0.0	0.0	0.0	0.0	0.0	0.0	0.0	0.0	0.0	0.0	0.0	0.0	0.0	0.0	0.0	0.0	0.0	0.0	0.0	0.0	0.0	0.0	0.0	0.0	0.0	0.0	0.0	0.0	0.0	0.0	0.0	0.0	0.0	0.0	0.0	0.0	0.0	0.0	0.0	0.0	0.0	0.0	0.0	0.0	0.0	0.0	0.0	0.0	0.0	0.0	0.0	0.0	0.0	0.0	0.0	0.0	0.0	0.0	0.0	0.0	0.0	0.0	0.0	0.0	0.0	0.0	0.0	0.0	0.0	0.0	0.0	
0.0	0.0	0.0	0.0	0.0	0.0	0.0	0.0	0.0	0.0	0.0	0.0	0.0	0.0	0.0	0.0	0.0	0.0	0.0	0.0	0.0	0.0	0.0	0.0	0.0	0.0	0.0	0.0	0.0	0.0	0.0	0.0	0.0	0.0	0.0	0.0	0.0	0.0	0.0	0.0	0.0	0.0	0.0	0.0	0.0	0.0	0.0	0.0	0.0	0.0	0.0	0.0	0.0	0.0	0.0	0.0	0.0	0.0	0.0	0.0	0.0	0.0	0.0	0.0	0.0	0.0	0.0	0.0	0.0	0.0	0.0	0.0	0.0	0.0	0.0	0.0	0.0	0.0	0.0	0.0	0.0	0.0	0.0	0.0	0.0	0.0	0.0	0.0	0.0	0.0	0.0	0.0	0.0	0.0	0.0	0.0	0.0	0.0	0.0	0.0	0.0	
0.23085	0.04897	0.00138	0.05526	0.06212	0.0	0.0	0.0	0.00138	0.00138	0.0	0.00138	0.00138	0.00138	0.24634	0.10992	0.00138	0.20111	0.0	0.17413	0.22005	0.1665	0.14812	0.16506	0.00138	0.15606	0.00138	0.16472	0.16506	0.16506	0.00138	0.3717	0.05062	0.16506	0.32988	0.20852	0.07586	0.37381	0.06001	0.0	0.08832	0.33941	0.20896	0.12567	0.22455	0.15946	0.15413	0.27576	0.16931	0.0	0.0	0.0	0.0	0.0	0.0	0.0	0.0	0.0	0.0	0.0	0.15577	0.19432	0.0745	0.00138	0.00138	0.15035	0.33271	0.0	0.14852	0.09183	0.13715	0.08249	0.1406	0.11124	0.0	0.0	0.02961	0.17365	0.00138	0.00138	0.00138	0.00138	0.00138	0.07012	0.03699	0.00138	0.00138	0.03699	0.0	0.0	0.0	0.09175	0.00138	0.00138	0.00138	0.00138	0.0	0.05526	0.00138	0.06953	0.55503	
0.00127	0.00123	0.0	0.00121	0.00019	0.0	0.0	0.00138	0.0	0.0	0.0	0.0	0.0	0.0	0.00063	0.00024	0.0	0.00076	0.0	0.00028	0.00055	0.00026	0.00014	0.00113	0.0	0.00052	0.0	0.0012	0.00113	0.00113	0.0	0.00516	0.00225	0.00113	0.00205	0.00134	0.0005	0.00156	7e-05	0.0	0.00091	0.00203	0.00051	0.00022	0.0003	0.00031	0.00042	0.00011	0.0	0.0	0.0	0.0	0.0	0.0	0.0	0.0	0.0	0.0	0.0	0.0	0.00077	0.001	0.00085	0.0	0.0	0.00012	0.00176	0.0	0.00076	0.00054	0.00045	0.00052	0.00032	0.00072	0.0	0.0	0.0007	0.00017	0.0	0.0	0.0	0.0	0.0	0.00047	0.00042	0.0	0.0	0.00042	0.0	0.0	0.0	0.0015	0.0	0.0	0.0	0.0	0.0	0.00121	0.0	0.00074	0.00203	
0.00127	0.00123	0.0	0.00121	0.00019	0.0	0.0	0.00138	0.0	0.0	0.0	0.0	0.0	0.0	0.00063	0.00024	0.0	0.00076	0.0	0.00028	0.00055	0.00026	0.00014	0.00113	0.0	0.00052	0.0	0.0012	0.00113	0.00113	0.0	0.00516	0.00225	0.00113	0.00205	0.00134	0.0005	0.00156	7e-05	0.0	0.00091	0.00203	0.00051	0.00022	0.0003	0.00031	0.00042	0.00011	0.0	0.0	0.0	0.0	0.0	0.0	0.0	0.0	0.0	0.0	0.0	0.0	0.00077	0.001	0.00085	0.0	0.0	0.00012	0.00176	0.0	0.00076	0.00054	0.00045	0.00052	0.00032	0.00072	0.0	0.0	0.0007	0.00017	0.0	0.0	0.0	0.0	0.0	0.00047	0.00042	0.0	0.0	0.00042	0.0	0.0	0.0	0.0015	0.0	0.0	0.0	0.0	0.0	0.00121	0.0	0.00074	0.00203	
0.0	0.0	0.0	0.0	0.0	0.0	0.0	0.0	0.0	0.0	0.0	0.0	0.0	0.0	0.0	0.0	0.0	0.0	0.0	0.0	0.0	0.0	0.0	0.0	0.0	0.0	0.0	0.0	0.0	0.0	0.0	0.0	0.0	0.0	0.0	0.0	0.0	0.0	0.0	0.0	0.0	0.0	0.0	0.0	0.0	0.0	0.0	0.0	0.0	0.0	0.0	0.0	0.0	0.0	0.0	0.0	0.0	0.0	0.0	0.0	0.0	0.0	0.0	0.0	0.0	0.0	0.0	0.0	0.0	0.0	0.0	0.0	0.0	0.0	0.0	0.0	0.0	0.0	0.0	0.0	0.0	0.0	0.0	0.0	0.0	0.0	0.0	0.0	0.0	0.0	0.0	0.0	0.0	0.0	0.0	0.0	0.0	0.0	0.0	0.0	0.0	
0.00127	0.00123	0.0	0.00121	0.00019	0.0	0.0	0.00138	0.0	0.0	0.0	0.0	0.0	0.0	0.00063	0.00024	0.0	0.00076	0.0	0.00028	0.00055	0.00026	0.00014	0.00113	0.0	0.00052	0.0	0.0012	0.00113	0.00113	0.0	0.00516	0.00225	0.00113	0.00205	0.00134	0.0005	0.00156	7e-05	0.0	0.00091	0.00203	0.00051	0.00022	0.0003	0.00031	0.00042	0.00011	0.0	0.0	0.0	0.0	0.0	0.0	0.0	0.0	0.0	0.0	0.0	0.0	0.00077	0.001	0.00085	0.0	0.0	0.00012	0.00176	0.0	0.00076	0.00054	0.00045	0.00052	0.00032	0.00072	0.0	0.0	0.0007	0.00017	0.0	0.0	0.0	0.0	0.0	0.00047	0.00042	0.0	0.0	0.00042	0.0	0.0	0.0	0.0015	0.0	0.0	0.0	0.0	0.0	0.00121	0.0	0.00074	0.00203	
0.00127	0.00123	0.0	0.00121	0.00019	0.0	0.0	0.00138	0.0	0.0	0.0	0.0	0.0	0.0	0.00063	0.00024	0.0	0.00076	0.0	0.00028	0.00055	0.00026	0.00014	0.00113	0.0	0.00052	0.0	0.0012	0.00113	0.00113	0.0	0.00516	0.00225	0.00113	0.00205	0.00134	0.0005	0.00156	7e-05	0.0	0.00091	0.00203	0.00051	0.00022	0.0003	0.00031	0.00042	0.00011	0.0	0.0	0.0	0.0	0.0	0.0	0.0	0.0	0.0	0.0	0.0	0.0	0.00077	0.001	0.00085	0.0	0.0	0.00012	0.00176	0.0	0.00076	0.00054	0.00045	0.00052	0.00032	0.00072	0.0	0.0	0.0007	0.00017	0.0	0.0	0.0	0.0	0.0	0.00047	0.00042	0.0	0.0	0.00042	0.0	0.0	0.0	0.0015	0.0	0.0	0.0	0.0	0.0	0.00121	0.0	0.00074	0.00203	
0.00127	0.00123	0.0	0.00121	0.00019	0.0	0.0	0.00138	0.0	0.0	0.0	0.0	0.0	0.0	0.00063	0.00024	0.0	0.00076	0.0	0.00028	0.00055	0.00026	0.00014	0.00113	0.0	0.00052	0.0	0.0012	0.00113	0.00113	0.0	0.00516	0.00225	0.00113	0.00205	0.00134	0.0005	0.00156	7e-05	0.0	0.00091	0.00203	0.00051	0.00022	0.0003	0.00031	0.00042	0.00011	0.0	0.0	0.0	0.0	0.0	0.0	0.0	0.0	0.0	0.0	0.0	0.0	0.00077	0.001	0.00085	0.0	0.0	0.00012	0.00176	0.0	0.00076	0.00054	0.00045	0.00052	0.00032	0.00072	0.0	0.0	0.0007	0.00017	0.0	0.0	0.0	0.0	0.0	0.00047	0.00042	0.0	0.0	0.00042	0.0	0.0	0.0	0.0015	0.0	0.0	0.0	0.0	0.0	0.00121	0.0	0.00074	0.00203	
0.06011	0.05644	0.00063	0.08043	0.20766	0.0	0.0	0.24634	0.00063	0.00063	0.0	0.00063	0.00063	0.00063	0.0	0.23261	0.00063	0.22279	0.0	0.59634	0.09688	0.63592	0.89911	0.36476	0.00063	0.31503	0.00063	0.36933	0.36476	0.36476	0.00063	0.33607	0.05378	0.36476	0.14745	0.07273	0.22113	0.2255	0.07007	0.0	0.15595	0.14015	0.2691	0.0564	0.05351	0.14245	0.19345	0.61423	0.17719	0.0	0.0	0.0	0.0	0.0	0.0	0.0	0.0	0.0	0.0	0.0	0.06388	0.14706	0.13002	0.00063	0.00063	0.28963	0.13766	0.0	0.19932	0.10838	0.12132	0.15219	0.08994	0.13354	0.0	0.0	0.03353	0.02716	0.00063	0.00063	0.00063	0.00063	0.00063	0.26136	0.1165	0.00063	0.00063	0.1165	0.0	0.0	0.0	0.26951	0.00063	0.00063	0.00063	0.00063	0.0	0.08043	0.00063	0.08118	0.14907	
0.04696	0.04416	0.00024	0.2448	0.16718	0.0	0.0	0.10992	0.00024	0.00024	0.0	0.00024	0.00024	0.00024	0.23261	0.0	0.00024	0.26989	0.0	0.2454	0.01975	0.37319	0.40495	0.0362	0.00024	0.07459	0.00024	0.03858	0.0362	0.0362	0.00024	0.26622	0.18165	0.0362	0.07299	0.08985	0.17192	0.17141	0.17419	0.0	0.14037	0.1756	0.50689	0.159	0.01005	0.15369	0.18679	0.70554	0.35212	0.0	0.0	0.0	0.0	0.0	0.0	0.0	0.0	0.0	0.0	0.0	0.05641	0.10217	0.16892	0.00024	0.00024	0.23528	0.0704	0.0	0.07326	0.04706	0.08416	0.17525	0.01949	0.08989	0.0	0.0	0.02643	0.10345	0.00024	0.00024	0.00024	0.00024	0.00024	0.56683	0.18569	0.00024	0.00024	0.18569	0.0	0.0	0.0	0.4182	0.00024	0.00024	0.00024	0.00024	0.0	0.2448	0.00024	0.0628	0.07558	
0.00127	0.00123	0.0	0.00121	0.00019	0.0	0.0	0.00138	0.0	0.0	0.0	0.0	0.0	0.0	0.00063	0.00024	0.0	0.00076	0.0	0.00028	0.00055	0.00026	0.00014	0.00113	0.0	0.00052	0.0	0.0012	0.00113	0.00113	0.0	0.00516	0.00225	0.00113	0.00205	0.00134	0.0005	0.00156	7e-05	0.0	0.00091	0.00203	0.00051	0.00022	0.0003	0.00031	0.00042	0.00011	0.0	0.0	0.0	0.0	0.0	0.0	0.0	0.0	0.0	0.0	0.0	0.0	0.00077	0.001	0.00085	0.0	0.0	0.00012	0.00176	0.0	0.00076	0.00054	0.00045	0.00052	0.00032	0.00072	0.0	0.0	0.0007	0.00017	0.0	0.0	0.0	0.0	0.0	0.00047	0.00042	0.0	0.0	0.00042	0.0	0.0	0.0	0.0015	0.0	0.0	0.0	0.0	0.0	0.00121	0.0	0.00074	0.00203	
0.12629	0.11743	0.00076	0.23087	0.37887	0.0	0.0	0.20111	0.00076	0.00076	0.0	0.00076	0.00076	0.00076	0.22279	0.26989	0.00076	0.0	0.0	0.02792	0.32131	0.16724	0.20219	0.10181	0.00076	0.25647	0.00076	0.10546	0.10181	0.10181	0.00076	0.0	0.7312	0.10181	0.18982	0.37946	0.3999	0.84736	0.43931	0.0	0.26053	0.48332	0.12706	0.283	0.03965	0.17809	0.1339	0.84736	0.0	0.0	0.0	0.0	0.0	0.0	0.0	0.0	0.0	0.0	0.0	0.0	0.1135	0.30101	0.20138	0.00076	0.00076	0.30914	0.20178	0.0	0.22653	0.05827	0.10324	0.32926	0.11203	0.11824	0.0	0.0	0.05266	0.0321	0.00076	0.00076	0.00076	0.00076	0.00076	0.08718	0.10467	0.00076	0.00076	0.08674	0.0	0.0	0.0	0.37021	0.00076	0.00076	0.00076	0.00076	0.0	0.23087	0.00076	0.0448	0.19797	
0.0	0.0	0.0	0.0	0.0	0.0	0.0	0.0	0.0	0.0	0.0	0.0	0.0	0.0	0.0	0.0	0.0	0.0	0.0	0.0	0.0	0.0	0.0	0.0	0.0	0.0	0.0	0.0	0.0	0.0	0.0	0.0	0.0	0.0	0.0	0.0	0.0	0.0	0.0	0.0	0.0	0.0	0.0	0.0	0.0	0.0	0.0	0.0	0.0	0.0	0.0	0.0	0.0	0.0	0.0	0.0	0.0	0.0	0.0	0.0	0.0	0.0	0.0	0.0	0.0	0.0	0.0	0.0	0.0	0.0	0.0	0.0	0.0	0.0	0.0	0.0	0.0	0.0	0.0	0.0	0.0	0.0	0.0	0.0	0.0	0.0	0.0	0.0	0.0	0.0	0.0	0.0	0.0	0.0	0.0	0.0	0.0	0.0	0.0	0.0	0.0	
0.06582	0.06197	0.00028	0.03543	0.29476	0.0	0.0	0.17413	0.00028	0.00028	0.0	0.00028	0.00028	0.00028	0.59634	0.2454	0.00028	0.02792	0.0	0.0	0.0119	0.24483	0.50027	0.1793	0.00028	0.15959	0.00028	0.21387	0.1793	0.1793	0.00028	0.59144	0.00387	0.1793	0.16138	0.08848	0.19982	0.10714	0.07793	0.0	0.08241	0.15664	0.28223	0.20462	0.1077	0.05936	0.11728	0.80955	0.00699	0.0	0.0	0.0	0.0	0.0	0.0	0.0	0.0	0.0	0.0	0.0	0.05771	0.15681	0.242	0.00028	0.00028	0.12775	0.17518	0.0	0.16592	0.12445	0.09096	0.16665	0.10533	0.11677	0.0	0.0	0.2532	0.07924	0.00028	0.00028	0.00028	0.00028	0.00028	0.34558	0.18435	0.00028	0.00028	0.33688	0.0	0.0	0.0	0.27717	0.00028	0.00028	0.00028	0.00028	0.0	0.03543	0.00028	0.09068	0.16344	
0.10241	0.09596	0.00055	0.02469	0.0922	0.0	0.0	0.22005	0.00055	0.00055	0.0	0.00055	0.00055	0.00055	0.09688	0.01975	0.00055	0.32131	0.0	0.0119	0.0	0.08645	0.18227	0.14262	0.00055	0.18376	0.00055	0.1502	0.14262	0.14262	0.00055	0.83381	0.10671	0.14262	0.19142	0.15394	0.07061	0.18002	0.21283	0.0	0.10839	0.21145	0.04122	0.21955	0.02493	0.09125	0.00409	0.46179	0.1756	0.0	0.0	0.0	0.0	0.0	0.0	0.0	0.0	0.0	0.0	0.0	0.09419	0.28031	0.14894	0.00055	0.00055	0.20242	0.07887	0.0	0.0465	0.19877	0.05539	0.13362	0.03636	0.15025	0.0	0.0	0.09747	0.14597	0.00055	0.00055	0.00055	0.00055	0.00055	0.00774	0.12197	0.00055	0.00055	0.07266	0.0	0.0	0.0	0.25447	0.00055	0.00055	0.00055	0.00055	0.0	0.02469	0.00055	0.14242	0.19677	
0.08491	0.31558	0.00026	0.18906	0.21864	0.0	0.0	0.1665	0.00026	0.00026	0.0	0.00026	0.00026	0.00026	0.63592	0.37319	0.00026	0.16724	0.0	0.24483	0.08645	0.0	0.45823	0.10737	0.00026	0.14851	0.00026	0.10858	0.10737	0.10737	0.00026	0.42142	0.11777	0.10737	0.40629	0.27995	0.32085	0.20666	0.07001	0.0	0.1524	0.13279	0.30809	0.10777	0.14825	0.43841	0.25032	0.80094	0.11171	0.0	0.0	0.0	0.0	0.0	0.0	0.0	0.0	0.0	0.0	0.0	0.3117	0.28715	0.40658	0.00026	0.00026	0.39653	0.27199	0.0	0.30799	0.11399	0.20948	0.29463	0.23721	0.25759	0.0	0.0	0.04978	0.14617	0.00026	0.00026	0.00026	0.00026	0.00026	0.44206	0.43534	0.00026	0.00026	0.11039	0.0	0.0	0.0	0.30444	0.00026	0.00026	0.00026	0.00026	0.0	0.18906	0.00026	0.15533	0.15845	
0.05872	0.05517	0.00014	0.17594	0.17446	0.0	0.0	0.14812	0.00014	0.00014	0.0	0.00014	0.00014	0.00014	0.89911	0.40495	0.00014	0.20219	0.0	0.50027	0.18227	0.45823	0.0	0.15019	0.00014	0.14128	0.00014	0.1556	0.15019	0.15019	0.00014	0.78299	0.12543	0.15019	0.14237	0.07631	0.15124	0.21853	0.17931	0.0	0.27219	0.13757	0.4298	0.10511	0.14802	0.24722	0.41868	0.92017	0.19855	0.0	0.0	0.0	0.0	0.0	0.0	0.0	0.0	0.0	0.0	0.0	0.05043	0.14899	0.14265	0.00014	0.00014	0.42614	0.27891	0.0	0.24134	0.11385	0.20256	0.15911	0.13724	0.12899	0.0	0.0	0.01707	0.06556	0.00014	0.00014	0.00014	0.00014	0.00014	0.63462	0.63376	0.00014	0.00014	0.15442	0.0	0.0	0.0	0.42315	0.00014	0.00014	0.00014	0.00014	0.0	0.17594	0.00014	0.08201	0.14437	
0.02244	0.02139	0.00113	0.04526	0.05159	0.0	0.0	0.16506	0.00113	0.00113	0.0	0.00113	0.00113	0.00113	0.36476	0.0362	0.00113	0.10181	0.0	0.1793	0.14262	0.10737	0.15019	0.0	0.00113	0.48876	0.00113	1.00271	1.00152	1.00152	0.00113	0.269	0.06687	1.00152	0.0297	0.0365	0.08819	0.05689	0.02282	0.0	0.0914	0.02547	0.05843	0.05391	0.06032	0.04981	0.05295	0.07436	0.0	0.0	0.0	0.0	0.0	0.0	0.0	0.0	0.0	0.0	0.0	0.0	0.02747	0.03759	0.02732	0.00113	0.00113	0.05063	0.03957	0.0	0.08236	0.03454	0.06549	0.03816	0.06655	0.04075	0.0	0.0	0.01424	0.04105	0.00113	0.00113	0.00113	0.00113	0.00113	0.0279	0.01687	0.00113	0.00113	0.01687	0.0	0.0	0.0	0.05912	0.00113	0.00113	0.00113	0.00113	0.0	0.04526	0.00113	0.02785	0.03048	
0.00127	0.00123	0.0	0.00121	0.00019	0.0	0.0	0.00138	0.0	0.0	0.0	0.0	0.0	0.0	0.00063	0.00024	0.0	0.00076	0.0	0.00028	0.00055	0.00026	0.00014	0.00113	0.0	0.00052	0.0	0.0012	0.00113	0.00113	0.0	0.00516	0.00225	0.00113	0.00205	0.00134	0.0005	0.00156	7e-05	0.0	0.00091	0.00203	0.00051	0.00022	0.0003	0.00031	0.00042	0.00011	0.0	0.0	0.0	0.0	0.0	0.0	0.0	0.0	0.0	0.0	0.0	0.0	0.00077	0.001	0.00085	0.0	0.0	0.00012	0.00176	0.0	0.00076	0.00054	0.00045	0.00052	0.00032	0.00072	0.0	0.0	0.0007	0.00017	0.0	0.0	0.0	0.0	0.0	0.00047	0.00042	0.0	0.0	0.00042	0.0	0.0	0.0	0.0015	0.0	0.0	0.0	0.0	0.0	0.00121	0.0	0.00074	0.00203	
0.03425	0.03234	0.00052	0.0785	0.13171	0.0	0.0	0.15606	0.00052	0.00052	0.0	0.00052	0.00052	0.00052	0.31503	0.07459	0.00052	0.25647	0.0	0.15959	0.18376	0.14851	0.14128	0.48876	0.00052	0.0	0.00052	0.49022	0.48876	0.48876	0.00052	0.40068	0.12135	0.48876	0.05074	0.06581	0.18388	0.13125	0.03821	0.0	0.12025	0.04192	0.14212	0.10264	0.15639	0.09729	0.10102	0.17627	0.0	0.0	0.0	0.0	0.0	0.0	0.0	0.0	0.0	0.0	0.0	0.0	0.04172	0.29173	0.04683	0.00052	0.00052	0.0965	0.07171	0.0	0.15465	0.20402	0.14209	0.28968	0.13121	0.05009	0.0	0.0	0.01994	0.03726	0.00052	0.00052	0.00052	0.00052	0.00052	0.0451	0.02466	0.00052	0.00052	0.02466	0.0	0.0	0.0	0.06558	0.00052	0.00052	0.00052	0.00052	0.0	0.0785	0.00052	0.04756	0.05238	
0.00127	0.00123	0.0	0.00121	0.00019	0.0	0.0	0.00138	0.0	0.0	0.0	0.0	0.0	0.0	0.00063	0.00024	0.0	0.00076	0.0	0.00028	0.00055	0.00026	0.00014	0.00113	0.0	0.00052	0.0	0.0012	0.00113	0.00113	0.0	0.00516	0.00225	0.00113	0.00205	0.00134	0.0005	0.00156	7e-05	0.0	0.00091	0.00203	0.00051	0.00022	0.0003	0.00031	0.00042	0.00011	0.0	0.0	0.0	0.0	0.0	0.0	0.0	0.0	0.0	0.0	0.0	0.0	0.00077	0.001	0.00085	0.0	0.0	0.00012	0.00176	0.0	0.00076	0.00054	0.00045	0.00052	0.00032	0.00072	0.0	0.0	0.0007	0.00017	0.0	0.0	0.0	0.0	0.0	0.00047	0.00042	0.0	0.0	0.00042	0.0	0.0	0.0	0.0015	0.0	0.0	0.0	0.0	0.0	0.00121	0.0	0.00074	0.00203	
0.02321	0.02211	0.0012	0.04772	0.061	0.0	0.0	0.16472	0.0012	0.0012	0.0	0.0012	0.0012	0.0012	0.36933	0.03858	0.0012	0.10546	0.0	0.21387	0.1502	0.10858	0.1556	1.00271	0.0012	0.49022	0.0012	0.0	1.00271	1.00271	0.0012	0.26637	0.07119	1.00271	0.03184	0.0394	0.08744	0.05606	0.02433	0.0	0.09157	0.02778	0.06308	0.06351	0.06559	0.05118	0.05728	0.07704	0.0	0.0	0.0	0.0	0.0	0.0	0.0	0.0	0.0	0.0	0.0	0.0	0.02896	0.03957	0.02847	0.0012	0.0012	0.05482	0.0425	0.0	0.08448	0.03643	0.06746	0.04051	0.06612	0.03976	0.0	0.0	0.02676	0.04441	0.0012	0.0012	0.0012	0.0012	0.0012	0.02933	0.01765	0.0012	0.0012	0.01765	0.0	0.0	0.0	0.06308	0.0012	0.0012	0.0012	0.0012	0.0	0.04772	0.0012	0.02913	0.03266	
0.02244	0.02139	0.00113	0.04526	0.05159	0.0	0.0	0.16506	0.00113	0.00113	0.0	0.00113	0.00113	0.00113	0.36476	0.0362	0.00113	0.10181	0.0	0.1793	0.14262	0.10737	0.15019	1.00152	0.00113	0.48876	0.00113	1.00271	0.0	1.00152	0.00113	0.269	0.06687	1.00152	0.0297	0.0365	0.08819	0.05689	0.02282	0.0	0.0914	0.02547	0.05843	0.05391	0.06032	0.04981	0.05295	0.07436	0.0	0.0	0.0	0.0	0.0	0.0	0.0	0.0	0.0	0.0	0.0	0.0	0.02747	0.03759	0.02732	0.00113	0.00113	0.05063	0.03957	0.0	0.08236	0.03454	0.06549	0.03816	0.06655	0.04075	0.0	0.0	0.01424	0.04105	0.00113	0.00113	0.00113	0.00113	0.00113	0.0279	0.01687	0.00113	0.00113	0.01687	0.0	0.0	0.0	0.05912	0.00113	0.00113	0.00113	0.00113	0.0	0.04526	0.00113	0.02785	0.03048	
0.02244	0.02139	0.00113	0.04526	0.05159	0.0	0.0	0.16506	0.00113	0.00113	0.0	0.00113	0.00113	0.00113	0.36476	0.0362	0.00113	0.10181	0.0	0.1793	0.14262	0.10737	0.15019	1.00152	0.00113	0.48876	0.00113	1.00271	1.00152	0.0	0.00113	0.269	0.06687	1.00152	0.0297	0.0365	0.08819	0.05689	0.02282	0.0	0.0914	0.02547	0.05843	0.05391	0.06032	0.04981	0.05295	0.07436	0.0	0.0	0.0	0.0	0.0	0.0	0.0	0.0	0.0	0.0	0.0	0.0	0.02747	0.03759	0.02732	0.00113	0.00113	0.05063	0.03957	0.0	0.08236	0.03454	0.06549	0.03816	0.06655	0.04075	0.0	0.0	0.01424	0.04105	0.00113	0.00113	0.00113	0.00113	0.00113	0.0279	0.01687	0.00113	0.00113	0.01687	0.0	0.0	0.0	0.05912	0.00113	0.00113	0.00113	0.00113	0.0	0.04526	0.00113	0.02785	0.03048	
0.00127	0.00123	0.0	0.00121	0.00019	0.0	0.0	0.00138	0.0	0.0	0.0	0.0	0.0	0.0	0.00063	0.00024	0.0	0.00076	0.0	0.00028	0.00055	0.00026	0.00014	0.00113	0.0	0.00052	0.0	0.0012	0.00113	0.00113	0.0	0.00516	0.00225	0.00113	0.00205	0.00134	0.0005	0.00156	7e-05	0.0	0.00091	0.00203	0.00051	0.00022	0.0003	0.00031	0.00042	0.00011	0.0	0.0	0.0	0.0	0.0	0.0	0.0	0.0	0.0	0.0	0.0	0.0	0.00077	0.001	0.00085	0.0	0.0	0.00012	0.00176	0.0	0.00076	0.00054	0.00045	0.00052	0.00032	0.00072	0.0	0.0	0.0007	0.00017	0.0	0.0	0.0	0.0	0.0	0.00047	0.00042	0.0	0.0	0.00042	0.0	0.0	0.0	0.0015	0.0	0.0	0.0	0.0	0.0	0.00121	0.0	0.00074	0.00203	
0.10447	0.09806	0.00516	0.33269	0.33889	0.0	0.0	0.3717	0.00516	0.00516	0.0	0.00516	0.00516	0.00516	0.33607	0.26622	0.00516	0.0	0.0	0.59144	0.83381	0.42142	0.78299	0.269	0.00516	0.40068	0.00516	0.26637	0.269	0.269	0.00516	0.0	1.15088	0.269	0.25896	0.23264	0.30068	0.77918	0.29996	0.0	0.44311	0.3895	0.2432	0.09971	0.13073	0.17662	0.21758	0.25881	0.0	0.0	0.0	0.0	0.0	0.0	0.0	0.0	0.0	0.0	0.0	0.0	0.10989	0.25699	0.1492	0.00516	0.00516	0.11318	0.3032	0.0	0.30443	0.09358	0.22599	0.22134	0.03622	0.0929	0.0	0.0	0.11435	0.03456	0.00516	0.00516	0.00516	0.00516	0.00516	0.14948	0.07625	0.00516	0.00516	0.07625	0.0	0.0	0.0	0.62999	0.00516	0.00516	0.00516	0.00516	0.0	0.33269	0.00516	0.08534	0.2608	
0.13035	0.12207	0.00225	0.38469	0.09796	0.0	0.0	0.05062	0.00225	0.00225	0.0	0.00225	0.00225	0.00225	0.05378	0.18165	0.00225	0.7312	0.0	0.00387	0.10671	0.11777	0.12543	0.06687	0.00225	0.12135	0.00225	0.07119	0.06687	0.06687	0.00225	1.15088	0.0	0.06687	0.13823	0.16257	0.2806	0.35902	0.09874	0.0	0.09148	0.10753	0.12314	0.07553	0.02519	0.10663	0.19907	0.5885	0.0	0.0	0.0	0.0	0.0	0.0	0.0	0.0	0.0	0.0	0.0	0.0	0.11359	0.21416	0.19268	0.00225	0.00225	0.12559	0.21255	0.0	0.05908	0.00512	0.0292	0.10742	0.0375	0.02121	0.0	0.0	0.04931	0.00129	0.00225	0.00225	0.00225	0.00225	0.00225	0.18201	0.09092	0.00225	0.00225	0.09092	0.0	0.0	0.0	0.46379	0.00225	0.00225	0.00225	0.00225	0.0	0.38469	0.00225	0.02613	0.14362	
0.02244	0.02139	0.00113	0.04526	0.05159	0.0	0.0	0.16506	0.00113	0.00113	0.0	0.00113	0.00113	0.00113	0.36476	0.0362	0.00113	0.10181	0.0	0.1793	0.14262	0.10737	0.15019	1.00152	0.00113	0.48876	0.00113	1.00271	1.00152	1.00152	0.00113	0.269	0.06687	0.0	0.0297	0.0365	0.08819	0.05689	0.02282	0.0	0.0914	0.02547	0.05843	0.05391	0.06032	0.04981	0.05295	0.07436	0.0	0.0	0.0	0.0	0.0	0.0	0.0	0.0	0.0	0.0	0.0	0.0	0.02747	0.03759	0.02732	0.00113	0.00113	0.05063	0.03957	0.0	0.08236	0.03454	0.06549	0.03816	0.06655	0.04075	0.0	0.0	0.01424	0.04105	0.00113	0.00113	0.00113	0.00113	0.00113	0.0279	0.01687	0.00113	0.00113	0.01687	0.0	0.0	0.0	0.05912	0.00113	0.00113	0.00113	0.00113	0.0	0.04526	0.00113	0.02785	0.03048	
0.03767	0.53496	0.00205	0.08601	0.10778	0.0	0.0	0.32988	0.00205	0.00205	0.0	0.00205	0.00205	0.00205	0.14745	0.07299	0.00205	0.18982	0.0	0.16138	0.19142	0.40629	0.14237	0.0297	0.00205	0.05074	0.00205	0.03184	0.0297	0.0297	0.00205	0.25896	0.13823	0.0297	0.0	0.60915	0.35988	0.33722	0.04208	0.0	0.1303	0.37655	0.15521	0.23887	0.28687	0.46435	0.14144	0.30005	0.26748	0.0	0.0	0.0	0.0	0.0	0.0	0.0	0.0	0.0	0.0	0.0	1.24686	0.3069	0.39591	0.00205	0.00205	0.13777	0.33072	0.0	0.16918	0.22294	0.15518	0.3049	0.13791	0.07274	0.0	0.0	0.02234	0.44318	0.00205	0.00205	0.00205	0.00205	0.00205	0.04946	0.02739	0.00205	0.00205	0.02739	0.0	0.0	0.0	0.15607	0.00205	0.00205	0.00205	0.00205	0.0	0.08601	0.00205	0.30029	0.34878	
0.04703	0.45472	0.00134	0.11357	0.05768	0.0	0.0	0.20852	0.00134	0.00134	0.0	0.00134	0.00134	0.00134	0.07273	0.08985	0.00134	0.37946	0.0	0.08848	0.15394	0.27995	0.07631	0.0365	0.00134	0.06581	0.00134	0.0394	0.0365	0.0365	0.00134	0.23264	0.16257	0.0365	0.60915	0.0	0.2636	0.24976	0.14231	0.0	0.2169	0.50578	0.14005	0.13598	0.18834	0.35369	0.11313	0.3465	0.39079	0.0	0.0	0.0	0.0	0.0	0.0	0.0	0.0	0.0	0.0	0.0	0.63435	0.30883	0.36403	0.00134	0.00134	0.06911	0.20745	0.0	0.22184	0.21228	0.13255	0.3012	0.07452	0.07261	0.0	0.0	0.02694	0.24516	0.00134	0.00134	0.00134	0.00134	0.00134	0.06303	0.03356	0.00134	0.00134	0.03356	0.0	0.0	0.0	0.18377	0.00134	0.00134	0.00134	0.00134	0.0	0.11357	0.00134	0.27157	0.19985	
0.08301	0.38473	0.0005	0.23143	0.16835	0.0	0.0	0.07586	0.0005	0.0005	0.0	0.0005	0.0005	0.0005	0.22113	0.17192	0.0005	0.3999	0.0	0.19982	0.07061	0.32085	0.15124	0.08819	0.0005	0.18388	0.0005	0.08744	0.08819	0.08819	0.0005	0.30068	0.2806	0.08819	0.35988	0.2636	0.0	0.17217	0.14323	0.0	0.10293	0.10842	0.27432	0.26378	0.11299	0.43278	0.2379	0.50425	0.80957	0.0	0.0	0.0	0.0	0.0	0.0	0.0	0.0	0.0	0.0	0.0	0.41101	0.36496	0.35644	0.0005	0.0005	0.34323	0.21756	0.0	0.31658	0.2614	0.08941	0.31482	0.13994	0.03383	0.0	0.0	0.04511	0.12996	0.0005	0.0005	0.0005	0.0005	0.0005	0.11564	0.05744	0.0005	0.0005	0.05744	0.0	0.0	0.0	0.19327	0.0005	0.0005	0.0005	0.0005	0.0	0.23143	0.0005	0.27504	0.14315	
0.07455	0.06991	0.00156	0.19873	0.375	0.0	0.0	0.37381	0.00156	0.00156	0.0	0.00156	0.00156	0.00156	0.2255	0.17141	0.00156	0.84736	0.0	0.10714	0.18002	0.20666	0.21853	0.05689	0.00156	0.13125	0.00156	0.05606	0.05689	0.05689	0.00156	0.77918	0.35902	0.05689	0.33722	0.24976	0.17217	0.0	0.16337	0.0	0.11501	0.37475	0.11499	0.22158	0.0776	0.13759	0.18453	0.4495	0.0	0.0	0.0	0.0	0.0	0.0	0.0	0.0	0.0	0.0	0.0	0.0	0.17764	0.17187	0.11067	0.00156	0.00156	0.2333	0.36983	0.0	0.09607	0.02566	0.07892	0.1324	0.09322	0.04508	0.0	0.0	0.07116	0.1134	0.00156	0.00156	0.00156	0.00156	0.00156	0.10262	0.05219	0.00156	0.00156	0.05219	0.0	0.0	0.0	0.18831	0.00156	0.00156	0.00156	0.00156	0.0	0.19873	0.00156	0.02027	0.33881	
0.02898	0.02739	7e-05	0.06478	0.17463	0.0	0.0	0.06001	7e-05	7e-05	0.0	7e-05	7e-05	7e-05	0.07007	0.17419	7e-05	0.43931	0.0	0.07793	0.21283	0.07001	0.17931	0.02282	7e-05	0.03821	7e-05	0.02433	0.02282	0.02282	7e-05	0.29996	0.09874	0.02282	0.04208	0.14231	0.14323	0.16337	0.0	0.0	0.32102	0.31633	0.10988	0.08275	0.08698	0.14107	0.07373	0.14255	0.0	0.0	0.0	0.0	0.0	0.0	0.0	0.0	0.0	0.0	0.0	0.0	0.03432	0.05784	0.0388	7e-05	7e-05	0.07783	0.05865	0.0	0.12673	0.04817	0.14223	0.14713	0.10268	0.128	0.0	0.0	0.01699	0.05864	7e-05	7e-05	7e-05	7e-05	7e-05	0.03778	0.02094	7e-05	7e-05	0.02094	0.0	0.0	0.0	0.0926	7e-05	7e-05	7e-05	7e-05	0.0	0.06478	7e-05	0.03757	0.04339	
0.0	0.0	0.0	0.0	0.0	0.0	0.0	0.0	0.0	0.0	0.0	0.0	0.0	0.0	0.0	0.0	0.0	0.0	0.0	0.0	0.0	0.0	0.0	0.0	0.0	0.0	0.0	0.0	0.0	0.0	0.0	0.0	0.0	0.0	0.0	0.0	0.0	0.0	0.0	0.0	0.0	0.0	0.0	0.0	0.0	0.0	0.0	0.0	0.0	0.0	0.0	0.0	0.0	0.0	0.0	0.0	0.0	0.0	0.0	0.0	0.0	0.0	0.0	0.0	0.0	0.0	0.0	0.0	0.0	0.0	0.0	0.0	0.0	0.0	0.0	0.0	0.0	0.0	0.0	0.0	0.0	0.0	0.0	0.0	0.0	0.0	0.0	0.0	0.0	0.0	0.0	0.0	0.0	0.0	0.0	0.0	0.0	0.0	0.0	0.0	0.0	
0.07848	0.07357	0.00091	0.03413	0.08552	0.0	0.0	0.08832	0.00091	0.00091	0.0	0.00091	0.00091	0.00091	0.15595	0.14037	0.00091	0.26053	0.0	0.08241	0.10839	0.1524	0.27219	0.0914	0.00091	0.12025	0.00091	0.09157	0.0914	0.0914	0.00091	0.44311	0.09148	0.0914	0.1303	0.2169	0.10293	0.11501	0.32102	0.0	0.0	0.33094	0.15734	0.07424	0.21024	0.18374	0.21573	0.52101	0.32627	0.0	0.0	0.0	0.0	0.0	0.0	0.0	0.0	0.0	0.0	0.0	0.07184	0.20506	0.11916	0.00091	0.00091	0.07	0.17073	0.0	0.3471	0.14533	0.41501	0.24921	0.11199	0.23526	0.0	0.0	0.04329	0.02059	0.00091	0.00091	0.00091	0.00091	0.00091	0.01441	0.05479	0.00091	0.00091	0.0835	0.0	0.0	0.0	0.18567	0.00091	0.00091	0.00091	0.00091	0.0	0.03413	0.00091	0.10721	0.13323	
0.03199	0.03031	0.00203	0.07056	0.10681	0.0	0.0	0.33941	0.00203	0.00203	0.0	0.00203	0.00203	0.00203	0.14015	0.1756	0.00203	0.48332	0.0	0.15664	0.21145	0.13279	0.13757	0.02547	0.00203	0.04192	0.00203	0.02778	0.02547	0.02547	0.00203	0.3895	0.10753	0.02547	0.37655	0.50578	0.10842	0.37475	0.31633	0.0	0.33094	0.0	0.11624	0.12081	0.15501	0.11233	0.1233	0.14274	0.0	0.0	0.0	0.0	0.0	0.0	0.0	0.0	0.0	0.0	0.0	0.0	0.16545	0.06327	0.04253	0.00203	0.00203	0.12737	0.34126	0.0	0.1492	0.05261	0.14958	0.1501	0.12187	0.13263	0.0	0.0	0.01935	0.16606	0.00203	0.00203	0.00203	0.00203	0.00203	0.04144	0.0235	0.00203	0.00203	0.0235	0.0	0.0	0.0	0.10133	0.00203	0.00203	0.00203	0.00203	0.0	0.07056	0.00203	0.0412	0.37194	
0.07724	0.13432	0.00051	0.25459	0.09931	0.0	0.0	0.20896	0.00051	0.00051	0.0	0.00051	0.00051	0.00051	0.2691	0.50689	0.00051	0.12706	0.0	0.28223	0.04122	0.30809	0.4298	0.05843	0.00051	0.14212	0.00051	0.06308	0.05843	0.05843	0.00051	0.2432	0.12314	0.05843	0.15521	0.14005	0.27432	0.11499	0.10988	0.0	0.15734	0.11624	0.0	0.0954	0.23405	0.24561	0.23859	0.59968	0.13361	0.0	0.0	0.0	0.0	0.0	0.0	0.0	0.0	0.0	0.0	0.0	0.13303	0.26484	0.24444	0.00051	0.00051	0.28525	0.12398	0.0	0.14459	0.31347	0.28408	0.3515	0.0348	0.04572	0.0	0.0	0.04198	0.08377	0.00051	0.00051	0.00051	0.00051	0.00051	0.46626	0.15656	0.00051	0.00051	0.15656	0.0	0.0	0.0	0.33931	0.00051	0.00051	0.00051	0.00051	0.0	0.25459	0.00051	0.2102	0.13328	
0.13652	0.12716	0.00022	0.02001	0.21246	0.0	0.0	0.12567	0.00022	0.00022	0.0	0.00022	0.00022	0.00022	0.0564	0.159	0.00022	0.283	0.0	0.20462	0.21955	0.10777	0.10511	0.05391	0.00022	0.10264	0.00022	0.06351	0.05391	0.05391	0.00022	0.09971	0.07553	0.05391	0.23887	0.13598	0.26378	0.22158	0.08275	0.0	0.07424	0.12081	0.0954	0.0	0.04099	0.58331	0.09775	0.62965	0.20673	0.0	0.0	0.0	0.0	0.0	0.0	0.0	0.0	0.0	0.0	0.0	0.20985	0.24492	0.13538	0.00022	0.00022	0.11739	0.12991	0.0	0.06537	0.02254	0.06744	0.12409	0.10971	0.09803	0.0	0.0	0.29059	0.13773	0.00022	0.00022	0.00022	0.00022	0.00022	0.09706	0.0494	0.00022	0.00022	0.0494	0.0	0.0	0.0	0.17498	0.00022	0.00022	0.00022	0.00022	0.0	0.02001	0.00022	0.04247	0.25077	
0.07541	0.1768	0.0003	0.00644	0.03443	0.0	0.0	0.22455	0.0003	0.0003	0.0	0.0003	0.0003	0.0003	0.05351	0.01005	0.0003	0.03965	0.0	0.1077	0.02493	0.14825	0.14802	0.06032	0.0003	0.15639	0.0003	0.06559	0.06032	0.06032	0.0003	0.13073	0.02519	0.06032	0.28687	0.18834	0.11299	0.0776	0.08698	0.0	0.21024	0.15501	0.23405	0.04099	0.0	0.18249	0.05261	0.27832	0.03936	0.0	0.0	0.0	0.0	0.0	0.0	0.0	0.0	0.0	0.0	0.0	0.17694	0.27672	0.16398	0.0003	0.0003	0.18095	0.08261	0.0	0.15739	0.41455	0.61612	0.27635	0.11885	0.01937	0.0	0.0	0.0441	0.29452	0.0003	0.0003	0.0003	0.0003	0.0003	0.00894	0.12912	0.0003	0.0003	0.05396	0.0	0.0	0.0	0.06046	0.0003	0.0003	0.0003	0.0003	0.0	0.00644	0.0003	0.27565	0.17443	
0.2225	0.37263	0.00031	0.07893	0.15026	0.0	0.0	0.15946	0.00031	0.00031	0.0	0.00031	0.00031	0.00031	0.14245	0.15369	0.00031	0.17809	0.0	0.05936	0.09125	0.43841	0.24722	0.04981	0.00031	0.09729	0.00031	0.05118	0.04981	0.04981	0.00031	0.17662	0.10663	0.04981	0.46435	0.35369	0.43278	0.13759	0.14107	0.0	0.18374	0.11233	0.24561	0.58331	0.18249	0.0	0.1605	0.59339	0.12444	0.0	0.0	0.0	0.0	0.0	0.0	0.0	0.0	0.0	0.0	0.0	0.37275	0.44489	0.33056	0.00031	0.00031	0.12135	0.16387	0.0	0.30878	0.19851	0.19578	0.2752	0.23633	0.26571	0.0	0.0	0.10663	0.25049	0.00031	0.00031	0.00031	0.00031	0.00031	0.08942	0.04452	0.00031	0.00031	0.04452	0.0	0.0	0.0	0.20292	0.00031	0.00031	0.00031	0.00031	0.0	0.07893	0.00031	0.23708	0.30327	
0.22525	0.06319	0.00042	0.52742	0.03847	0.0	0.0	0.15413	0.00042	0.00042	0.0	0.00042	0.00042	0.00042	0.19345	0.18679	0.00042	0.1339	0.0	0.11728	0.00409	0.25032	0.41868	0.05295	0.00042	0.10102	0.00042	0.05728	0.05295	0.05295	0.00042	0.21758	0.19907	0.05295	0.14144	0.11313	0.2379	0.18453	0.07373	0.0	0.21573	0.1233	0.23859	0.09775	0.05261	0.1605	0.0	0.596	0.19024	0.0	0.0	0.0	0.0	0.0	0.0	0.0	0.0	0.0	0.0	0.0	0.06329	0.21798	0.21536	0.00042	0.00042	0.50128	0.70113	0.0	0.26338	0.12652	0.0939	0.11532	0.28435	0.11078	0.0	0.0	0.03813	0.10572	0.00042	0.00042	0.00042	0.00042	0.00042	0.19652	0.14457	0.00042	0.00042	0.22105	0.0	0.0	0.0	0.25382	0.00042	0.00042	0.00042	0.00042	0.0	0.52742	0.00042	0.09276	0.31433	
0.26276	0.24779	0.00011	0.39562	0.21438	0.0	0.0	0.27576	0.00011	0.00011	0.0	0.00011	0.00011	0.00011	0.61423	0.70554	0.00011	0.84736	0.0	0.80955	0.46179	0.80094	0.92017	0.07436	0.00011	0.17627	0.00011	0.07704	0.07436	0.07436	0.00011	0.25881	0.5885	0.07436	0.30005	0.3465	0.50425	0.4495	0.14255	0.0	0.52101	0.14274	0.59968	0.62965	0.27832	0.59339	0.596	0.0	0.0001	0.0	0.0	0.0	0.0	0.0	0.0	0.0	0.0	0.0	0.0	0.0	0.23778	0.68411	0.57611	0.00011	0.00011	0.58791	0.41164	0.0	0.53546	0.20155	0.48737	0.54478	0.47701	0.21841	0.0	0.0	0.05286	0.19936	0.00011	0.00011	0.00011	0.00011	0.00011	0.62609	0.4372	0.00011	0.00011	0.4372	0.0	0.0	0.0	1.02677	0.00011	0.00011	0.00011	0.00011	0.0	0.39562	0.00011	0.21531	0.31418	
0.13577	0.12876	0.0	0.52118	0.45876	0.0	0.0	0.16931	0.0	0.0	0.0	0.0	0.0	0.0	0.17719	0.35212	0.0	0.0	0.0	0.00699	0.1756	0.11171	0.19855	0.0	0.0	0.0	0.0	0.0	0.0	0.0	0.0	0.0	0.0	0.0	0.26748	0.39079	0.80957	0.0	0.0	0.0	0.32627	0.0	0.13361	0.20673	0.03936	0.12444	0.19024	0.0001	0.0	0.0	0.0	0.0	0.0	0.0	0.0	0.0	0.0	0.0	0.0	0.0	0.10218	0.25678	0.15964	0.0	0.0	0.17779	0.34341	0.0	0.09707	0.00598	0.04804	0.18367	0.03171	0.02133	0.0	0.0	0.0	0.00019	0.0	0.0	0.0	0.0	0.0	0.19991	0.11304	0.0	0.0	0.11304	0.0	0.0	0.0	0.96748	0.0	0.0	0.0	0.0	0.0	0.52118	0.0	0.04251	0.26844	
0.0	0.0	0.0	0.0	0.0	0.0	0.0	0.0	0.0	0.0	0.0	0.0	0.0	0.0	0.0	0.0	0.0	0.0	0.0	0.0	0.0	0.0	0.0	0.0	0.0	0.0	0.0	0.0	0.0	0.0	0.0	0.0	0.0	0.0	0.0	0.0	0.0	0.0	0.0	0.0	0.0	0.0	0.0	0.0	0.0	0.0	0.0	0.0	0.0	0.0	0.0	0.0	0.0	0.0	0.0	0.0	0.0	0.0	0.0	0.0	0.0	0.0	0.0	0.0	0.0	0.0	0.0	0.0	0.0	0.0	0.0	0.0	0.0	0.0	0.0	0.0	0.0	0.0	0.0	0.0	0.0	0.0	0.0	0.0	0.0	0.0	0.0	0.0	0.0	0.0	0.0	0.0	0.0	0.0	0.0	0.0	0.0	0.0	0.0	0.0	0.0	
0.0	0.0	0.0	0.0	0.0	0.0	0.0	0.0	0.0	0.0	0.0	0.0	0.0	0.0	0.0	0.0	0.0	0.0	0.0	0.0	0.0	0.0	0.0	0.0	0.0	0.0	0.0	0.0	0.0	0.0	0.0	0.0	0.0	0.0	0.0	0.0	0.0	0.0	0.0	0.0	0.0	0.0	0.0	0.0	0.0	0.0	0.0	0.0	0.0	0.0	0.0	0.0	0.0	0.0	0.0	0.0	0.0	0.0	0.0	0.0	0.0	0.0	0.0	0.0	0.0	0.0	0.0	0.0	0.0	0.0	0.0	0.0	0.0	0.0	0.0	0.0	0.0	0.0	0.0	0.0	0.0	0.0	0.0	0.0	0.0	0.0	0.0	0.0	0.0	0.0	0.0	0.0	0.0	0.0	0.0	0.0	0.0	0.0	0.0	0.0	0.0	
0.0	0.0	0.0	0.0	0.0	0.0	0.0	0.0	0.0	0.0	0.0	0.0	0.0	0.0	0.0	0.0	0.0	0.0	0.0	0.0	0.0	0.0	0.0	0.0	0.0	0.0	0.0	0.0	0.0	0.0	0.0	0.0	0.0	0.0	0.0	0.0	0.0	0.0	0.0	0.0	0.0	0.0	0.0	0.0	0.0	0.0	0.0	0.0	0.0	0.0	0.0	0.0	0.0	0.0	0.0	0.0	0.0	0.0	0.0	0.0	0.0	0.0	0.0	0.0	0.0	0.0	0.0	0.0	0.0	0.0	0.0	0.0	0.0	0.0	0.0	0.0	0.0	0.0	0.0	0.0	0.0	0.0	0.0	0.0	0.0	0.0	0.0	0.0	0.0	0.0	0.0	0.0	0.0	0.0	0.0	0.0	0.0	0.0	0.0	0.0	0.0	
0.0	0.0	0.0	0.0	0.0	0.0	0.0	0.0	0.0	0.0	0.0	0.0	0.0	0.0	0.0	0.0	0.0	0.0	0.0	0.0	0.0	0.0	0.0	0.0	0.0	0.0	0.0	0.0	0.0	0.0	0.0	0.0	0.0	0.0	0.0	0.0	0.0	0.0	0.0	0.0	0.0	0.0	0.0	0.0	0.0	0.0	0.0	0.0	0.0	0.0	0.0	0.0	0.0	0.0	0.0	0.0	0.0	0.0	0.0	0.0	0.0	0.0	0.0	0.0	0.0	0.0	0.0	0.0	0.0	0.0	0.0	0.0	0.0	0.0	0.0	0.0	0.0	0.0	0.0	0.0	0.0	0.0	0.0	0.0	0.0	0.0	0.0	0.0	0.0	0.0	0.0	0.0	0.0	0.0	0.0	0.0	0.0	0.0	0.0	0.0	0.0	
0.0	0.0	0.0	0.0	0.0	0.0	0.0	0.0	0.0	0.0	0.0	0.0	0.0	0.0	0.0	0.0	0.0	0.0	0.0	0.0	0.0	0.0	0.0	0.0	0.0	0.0	0.0	0.0	0.0	0.0	0.0	0.0	0.0	0.0	0.0	0.0	0.0	0.0	0.0	0.0	0.0	0.0	0.0	0.0	0.0	0.0	0.0	0.0	0.0	0.0	0.0	0.0	0.0	0.0	0.0	0.0	0.0	0.0	0.0	0.0	0.0	0.0	0.0	0.0	0.0	0.0	0.0	0.0	0.0	0.0	0.0	0.0	0.0	0.0	0.0	0.0	0.0	0.0	0.0	0.0	0.0	0.0	0.0	0.0	0.0	0.0	0.0	0.0	0.0	0.0	0.0	0.0	0.0	0.0	0.0	0.0	0.0	0.0	0.0	0.0	0.0	
0.0	0.0	0.0	0.0	0.0	0.0	0.0	0.0	0.0	0.0	0.0	0.0	0.0	0.0	0.0	0.0	0.0	0.0	0.0	0.0	0.0	0.0	0.0	0.0	0.0	0.0	0.0	0.0	0.0	0.0	0.0	0.0	0.0	0.0	0.0	0.0	0.0	0.0	0.0	0.0	0.0	0.0	0.0	0.0	0.0	0.0	0.0	0.0	0.0	0.0	0.0	0.0	0.0	0.0	0.0	0.0	0.0	0.0	0.0	0.0	0.0	0.0	0.0	0.0	0.0	0.0	0.0	0.0	0.0	0.0	0.0	0.0	0.0	0.0	0.0	0.0	0.0	0.0	0.0	0.0	0.0	0.0	0.0	0.0	0.0	0.0	0.0	0.0	0.0	0.0	0.0	0.0	0.0	0.0	0.0	0.0	0.0	0.0	0.0	0.0	0.0	
0.0	0.0	0.0	0.0	0.0	0.0	0.0	0.0	0.0	0.0	0.0	0.0	0.0	0.0	0.0	0.0	0.0	0.0	0.0	0.0	0.0	0.0	0.0	0.0	0.0	0.0	0.0	0.0	0.0	0.0	0.0	0.0	0.0	0.0	0.0	0.0	0.0	0.0	0.0	0.0	0.0	0.0	0.0	0.0	0.0	0.0	0.0	0.0	0.0	0.0	0.0	0.0	0.0	0.0	0.0	0.0	0.0	0.0	0.0	0.0	0.0	0.0	0.0	0.0	0.0	0.0	0.0	0.0	0.0	0.0	0.0	0.0	0.0	0.0	0.0	0.0	0.0	0.0	0.0	0.0	0.0	0.0	0.0	0.0	0.0	0.0	0.0	0.0	0.0	0.0	0.0	0.0	0.0	0.0	0.0	0.0	0.0	0.0	0.0	0.0	0.0	
0.0	0.0	0.0	0.0	0.0	0.0	0.0	0.0	0.0	0.0	0.0	0.0	0.0	0.0	0.0	0.0	0.0	0.0	0.0	0.0	0.0	0.0	0.0	0.0	0.0	0.0	0.0	0.0	0.0	0.0	0.0	0.0	0.0	0.0	0.0	0.0	0.0	0.0	0.0	0.0	0.0	0.0	0.0	0.0	0.0	0.0	0.0	0.0	0.0	0.0	0.0	0.0	0.0	0.0	0.0	0.0	0.0	0.0	0.0	0.0	0.0	0.0	0.0	0.0	0.0	0.0	0.0	0.0	0.0	0.0	0.0	0.0	0.0	0.0	0.0	0.0	0.0	0.0	0.0	0.0	0.0	0.0	0.0	0.0	0.0	0.0	0.0	0.0	0.0	0.0	0.0	0.0	0.0	0.0	0.0	0.0	0.0	0.0	0.0	0.0	0.0	
0.0	0.0	0.0	0.0	0.0	0.0	0.0	0.0	0.0	0.0	0.0	0.0	0.0	0.0	0.0	0.0	0.0	0.0	0.0	0.0	0.0	0.0	0.0	0.0	0.0	0.0	0.0	0.0	0.0	0.0	0.0	0.0	0.0	0.0	0.0	0.0	0.0	0.0	0.0	0.0	0.0	0.0	0.0	0.0	0.0	0.0	0.0	0.0	0.0	0.0	0.0	0.0	0.0	0.0	0.0	0.0	0.0	0.0	0.0	0.0	0.0	0.0	0.0	0.0	0.0	0.0	0.0	0.0	0.0	0.0	0.0	0.0	0.0	0.0	0.0	0.0	0.0	0.0	0.0	0.0	0.0	0.0	0.0	0.0	0.0	0.0	0.0	0.0	0.0	0.0	0.0	0.0	0.0	0.0	0.0	0.0	0.0	0.0	0.0	0.0	0.0	
0.0	0.0	0.0	0.0	0.0	0.0	0.0	0.0	0.0	0.0	0.0	0.0	0.0	0.0	0.0	0.0	0.0	0.0	0.0	0.0	0.0	0.0	0.0	0.0	0.0	0.0	0.0	0.0	0.0	0.0	0.0	0.0	0.0	0.0	0.0	0.0	0.0	0.0	0.0	0.0	0.0	0.0	0.0	0.0	0.0	0.0	0.0	0.0	0.0	0.0	0.0	0.0	0.0	0.0	0.0	0.0	0.0	0.0	0.0	0.0	0.0	0.0	0.0	0.0	0.0	0.0	0.0	0.0	0.0	0.0	0.0	0.0	0.0	0.0	0.0	0.0	0.0	0.0	0.0	0.0	0.0	0.0	0.0	0.0	0.0	0.0	0.0	0.0	0.0	0.0	0.0	0.0	0.0	0.0	0.0	0.0	0.0	0.0	0.0	0.0	0.0	
0.0	0.0	0.0	0.0	0.0	0.0	0.0	0.0	0.0	0.0	0.0	0.0	0.0	0.0	0.0	0.0	0.0	0.0	0.0	0.0	0.0	0.0	0.0	0.0	0.0	0.0	0.0	0.0	0.0	0.0	0.0	0.0	0.0	0.0	0.0	0.0	0.0	0.0	0.0	0.0	0.0	0.0	0.0	0.0	0.0	0.0	0.0	0.0	0.0	0.0	0.0	0.0	0.0	0.0	0.0	0.0	0.0	0.0	0.0	0.0	0.0	0.0	0.0	0.0	0.0	0.0	0.0	0.0	0.0	0.0	0.0	0.0	0.0	0.0	0.0	0.0	0.0	0.0	0.0	0.0	0.0	0.0	0.0	0.0	0.0	0.0	0.0	0.0	0.0	0.0	0.0	0.0	0.0	0.0	0.0	0.0	0.0	0.0	0.0	0.0	0.0	
0.03075	1.00057	0.00077	0.06848	0.0862	0.0	0.0	0.15577	0.00077	0.00077	0.0	0.00077	0.00077	0.00077	0.06388	0.05641	0.00077	0.1135	0.0	0.05771	0.09419	0.3117	0.05043	0.02747	0.00077	0.04172	0.00077	0.02896	0.02747	0.02747	0.00077	0.10989	0.11359	0.02747	1.24686	0.63435	0.41101	0.17764	0.03432	0.0	0.07184	0.16545	0.13303	0.20985	0.17694	0.37275	0.06329	0.23778	0.10218	0.0	0.0	0.0	0.0	0.0	0.0	0.0	0.0	0.0	0.0	0.0	0.0	0.35731	0.56321	0.00077	0.00077	0.0686	0.1554	0.0	0.12299	0.2888	0.12505	0.35328	0.08172	0.05894	0.0	0.0	0.02073	0.46884	0.00077	0.00077	0.00077	0.00077	0.00077	0.04053	0.02339	0.00077	0.00077	0.02339	0.0	0.0	0.0	0.13201	0.00077	0.00077	0.00077	0.00077	0.0	0.06848	0.00077	0.44152	0.15504	
0.36878	0.35342	0.001	0.1699	0.12467	0.0	0.0	0.19432	0.001	0.001	0.0	0.001	0.001	0.001	0.14706	0.10217	0.001	0.30101	0.0	0.15681	0.28031	0.28715	0.14899	0.03759	0.001	0.29173	0.001	0.03957	0.03759	0.03759	0.001	0.25699	0.21416	0.03759	0.3069	0.30883	0.36496	0.17187	0.05784	0.0	0.20506	0.06327	0.26484	0.24492	0.27672	0.44489	0.21798	0.68411	0.25678	0.0	0.0	0.0	0.0	0.0	0.0	0.0	0.0	0.0	0.0	0.0	0.35731	0.0	0.30804	0.001	0.001	0.17049	0.19836	0.0	0.30234	0.516	0.22287	0.54445	0.25186	0.3529	0.0	0.0	0.02734	0.1635	0.001	0.001	0.001	0.001	0.001	0.0669	0.03447	0.001	0.001	0.03447	0.0	0.0	0.0	0.37062	0.001	0.001	0.001	0.001	0.0	0.1699	0.001	0.34587	0.31813	
0.0348	0.56283	0.00085	0.13646	0.09904	0.0	0.0	0.0745	0.00085	0.00085	0.0	0.00085	0.00085	0.00085	0.13002	0.16892	0.00085	0.20138	0.0	0.242	0.14894	0.40658	0.14265	0.02732	0.00085	0.04683	0.00085	0.02847	0.02732	0.02732	0.00085	0.1492	0.19268	0.02732	0.39591	0.36403	0.35644	0.11067	0.0388	0.0	0.11916	0.04253	0.24444	0.13538	0.16398	0.33056	0.21536	0.57611	0.15964	0.0	0.0	0.0	0.0	0.0	0.0	0.0	0.0	0.0	0.0	0.0	0.56321	0.30804	0.0	0.00085	0.00085	0.1233	0.07267	0.0	0.15855	0.2268	0.14786	0.30564	0.1296	0.06385	0.0	0.0	0.02037	0.18474	0.00085	0.00085	0.00085	0.00085	0.00085	0.20407	0.02513	0.00085	0.00085	0.45826	0.0	0.0	0.0	0.24559	0.00085	0.00085	0.00085	0.00085	0.0	0.13646	0.00085	0.30984	0.05311	
0.00127	0.00123	0.0	0.00121	0.00019	0.0	0.0	0.00138	0.0	0.0	0.0	0.0	0.0	0.0	0.00063	0.00024	0.0	0.00076	0.0	0.00028	0.00055	0.00026	0.00014	0.00113	0.0	0.00052	0.0	0.0012	0.00113	0.00113	0.0	0.00516	0.00225	0.00113	0.00205	0.00134	0.0005	0.00156	7e-05	0.0	0.00091	0.00203	0.00051	0.00022	0.0003	0.00031	0.00042	0.00011	0.0	0.0	0.0	0.0	0.0	0.0	0.0	0.0	0.0	0.0	0.0	0.0	0.00077	0.001	0.00085	0.0	0.0	0.00012	0.00176	0.0	0.00076	0.00054	0.00045	0.00052	0.00032	0.00072	0.0	0.0	0.0007	0.00017	0.0	0.0	0.0	0.0	0.0	0.00047	0.00042	0.0	0.0	0.00042	0.0	0.0	0.0	0.0015	0.0	0.0	0.0	0.0	0.0	0.00121	0.0	0.00074	0.00203	
0.00127	0.00123	0.0	0.00121	0.00019	0.0	0.0	0.00138	0.0	0.0	0.0	0.0	0.0	0.0	0.00063	0.00024	0.0	0.00076	0.0	0.00028	0.00055	0.00026	0.00014	0.00113	0.0	0.00052	0.0	0.0012	0.00113	0.00113	0.0	0.00516	0.00225	0.00113	0.00205	0.00134	0.0005	0.00156	7e-05	0.0	0.00091	0.00203	0.00051	0.00022	0.0003	0.00031	0.00042	0.00011	0.0	0.0	0.0	0.0	0.0	0.0	0.0	0.0	0.0	0.0	0.0	0.0	0.00077	0.001	0.00085	0.0	0.0	0.00012	0.00176	0.0	0.00076	0.00054	0.00045	0.00052	0.00032	0.00072	0.0	0.0	0.0007	0.00017	0.0	0.0	0.0	0.0	0.0	0.00047	0.00042	0.0	0.0	0.00042	0.0	0.0	0.0	0.0015	0.0	0.0	0.0	0.0	0.0	0.00121	0.0	0.00074	0.00203	
