0.0	0.04686	7e-05	0.1076	0.04551	0.0	7e-05	0.11392	0.03337	0.01993	0.0	0.0	0.10088	0.03919	7e-05	7e-05	0.20881	7e-05	0.04576	0.06428	0.01135	0.18409	0.04254	0.02206	7e-05	7e-05	0.02216	0.02275	0.0	0.06169	0.19527	0.128	0.06658	0.05183	0.03809	0.02166	0.10331	0.0	0.0	0.0	7e-05	0.05355	0.03624	0.0775	0.15526	0.16103	0.09865	0.06378	7e-05	7e-05	7e-05	0.08832	7e-05	7e-05	0.02935	0.28781	0.1873	0.03727	0.01499	0.21803	0.15897	0.01499	0.00133	0.11991	7e-05	0.02206	7e-05	0.06586	0.07536	7e-05	0.03615	0.10699	0.46563	0.05671	0.01755	0.01755	0.21113	0.0449	0.03646	0.0374	0.09861	7e-05	7e-05	0.27731	0.06814	0.0269	0.21803	7e-05	0.02006	7e-05	0.08832	0.10336	7e-05	0.03903	0.02156	0.02206	0.05154	0.0382	0.03624	0.05574	0.04961	0.07877	0.15787	0.03685	0.06477	0.19815	0.14866	0.07788	0.0	0.0	0.0	0.0	0.01755	7e-05	7e-05	0.06091	0.03332	0.0	7e-05	0.10419	0.21803	0.08832	0.02006	0.17848	7e-05	0.01876	0.01755	0.01499	0.04474	0.10551	7e-05	0.02006	0.02981	0.3129	0.01055	7e-05	0.03288	0.12949	0.0342	7e-05	0.08477	0.19945	0.15283	
0.04686	0.0	9e-05	0.12962	0.04167	0.0	9e-05	0.03375	0.02801	0.01761	0.0	0.0	0.04469	0.11829	9e-05	9e-05	0.04742	9e-05	0.16491	0.04087	0.01032	0.24174	0.03468	0.29787	9e-05	9e-05	0.01947	0.01996	0.0	0.12403	0.02705	0.16554	0.15262	0.01785	0.12305	0.09269	0.01086	0.0	0.0	0.0	9e-05	0.14599	0.66386	0.07653	0.16715	0.0219	0.24742	0.15111	9e-05	9e-05	9e-05	0.00956	9e-05	9e-05	0.0249	0.01838	0.33496	0.19766	0.01346	0.01208	0.02381	0.01346	0.0013	0.19398	9e-05	0.29787	9e-05	0.06346	0.02043	9e-05	0.23001	0.034	0.10284	0.16367	0.01562	0.01562	0.02161	0.16757	0.20178	0.03191	0.42866	9e-05	9e-05	0.01679	0.02706	0.02297	0.01208	9e-05	0.42002	9e-05	0.00956	0.11352	9e-05	0.10403	0.01904	0.29787	0.39252	0.02391	0.66386	0.27888	0.40325	0.17545	0.09764	0.2767	0.27014	0.05226	0.11129	0.02953	0.0	0.0	0.0	0.0	0.01562	9e-05	9e-05	0.3211	0.26657	0.0	9e-05	0.01094	0.01208	0.00956	0.42002	0.01527	9e-05	0.01664	0.01562	0.01346	0.04827	0.14939	9e-05	0.42002	0.3016	0.02227	0.01186	9e-05	0.23795	0.05378	0.23451	9e-05	0.16951	0.07482	0.07367	
7e-05	9e-05	0.0	0.00024	0.00012	0.0	0.0	5e-05	4e-05	0.00012	0.0	0.0	8e-05	7e-05	0.0	0.0	0.00044	0.0	0.00035	0.00012	0.00021	0.00025	0.0001	0.0002	0.0	0.0	0.00016	0.00017	0.0	0.00029	0.00105	0.00162	0.0003	0.00021	0.00018	0.00029	0.00029	0.0	0.0	0.0	0.0	0.00039	0.00037	0.00045	0.00031	0.00012	0.00015	0.00018	0.0	0.0	0.0	0.00042	0.0	0.0	0.00015	0.00058	0.0007	0.00043	0.0003	0.0009	0.00016	0.0003	0.0	0.00074	0.0	0.0002	0.0	0.00019	0.00303	0.0	0.00013	3e-05	4e-05	0.00031	0.0002	0.0002	0.00025	0.00038	0.00044	0.00019	0.00041	0.0	0.0	0.00023	0.00018	0.0001	0.0009	0.0	0.00066	0.0	0.00042	0.00049	0.0	0.00015	0.00021	0.0002	0.00026	0.00022	0.00037	0.00039	0.00027	0.0003	0.00014	0.00034	0.00039	0.00027	0.00025	0.00018	0.0	0.0	0.0	0.0	0.0002	0.0	0.0	0.00024	0.00036	0.0	0.0	0.00033	0.0009	0.00042	0.00066	0.0002	0.0	0.00019	0.0002	0.0003	0.00024	0.02807	0.0	0.00066	0.00044	0.00022	0.0	0.0	0.00012	0.00045	0.00012	0.0	0.00075	0.00054	0.0	
0.1076	0.12962	0.00024	0.0	0.27961	0.0	0.00024	0.00986	0.0086	0.00677	0.0	0.0	0.01354	0.01068	0.00024	0.00024	0.18176	0.00024	0.0121	0.01179	0.00464	0.25264	0.00966	0.0073	0.00024	0.00024	0.0073	0.00743	0.0	0.01434	0.05501	0.02712	0.01649	0.00689	0.01055	0.02435	0.00485	0.0	0.0	0.0	0.00024	0.01355	0.00931	0.02342	0.01118	0.00733	0.00815	0.01357	0.00024	0.00024	0.00024	0.00447	0.00024	0.00024	0.00801	0.00677	0.00837	0.01056	0.00567	0.00552	0.00777	0.00567	0.00112	0.04317	0.00024	0.0073	0.00024	0.0156	0.10989	0.00024	0.00913	0.06826	0.06592	0.01219	0.00626	0.00626	0.13752	0.01196	0.0104	0.01063	0.30203	0.00024	0.00024	0.00674	0.00866	0.00757	0.00552	0.00024	0.00711	0.00024	0.00447	0.0444	0.00024	0.00991	0.00742	0.0073	0.01099	0.00849	0.00931	0.06317	0.01135	0.01637	0.01456	0.01408	0.02156	0.01327	0.02647	0.00986	0.0	0.0	0.0	0.0	0.00626	0.00024	0.00024	0.01233	0.01252	0.0	0.00024	0.0049	0.00552	0.00447	0.00711	0.00616	0.00024	0.00655	0.00626	0.00567	0.02006	0.06091	0.00024	0.00711	0.0128	0.16318	0.0	0.00024	0.0086	0.36147	0.00881	0.00024	0.04215	0.03406	0.03819	
0.04551	0.04167	0.00012	0.27961	0.0	0.0	0.00012	0.02015	0.01722	0.01222	0.0	0.0	0.0272	0.02096	0.00012	0.00012	0.06585	0.00012	0.02388	0.0242	0.00772	0.25454	0.17687	0.01329	0.00012	0.00012	0.01333	0.01361	0.0	0.03024	0.00707	0.03388	0.03638	0.01239	0.02054	0.00629	0.00809	0.0	0.0	0.0	0.00012	0.02712	0.01851	0.05125	0.0229	0.0141	0.01595	0.02867	0.00012	0.00012	0.00012	0.00727	0.00012	0.00012	0.2408	0.01235	0.01588	0.0203	0.39071	0.00902	0.24723	0.39071	0.00108	0.10064	0.00012	0.01329	0.00012	0.03201	0.25705	0.00012	0.01836	0.0208	0.16017	0.02543	0.01105	0.01105	0.0276	0.02353	0.01995	0.04218	0.14624	0.00012	0.00012	0.01183	0.24041	0.01467	0.00902	0.00012	0.01247	0.00012	0.00727	0.10788	0.00012	0.0198	0.0132	0.01329	0.02323	0.01588	0.01851	0.0316	0.02384	0.03598	0.03136	0.0231	0.04694	0.02856	0.05843	0.01899	0.0	0.0	0.0	0.0	0.01105	0.00012	0.00012	0.02647	0.02556	0.0	0.00012	0.00815	0.00902	0.00727	0.01247	0.01084	0.00012	0.01167	0.01105	0.39071	0.04208	0.10628	0.00012	0.01247	0.02536	0.02798	0.04232	0.00012	0.01709	0.10482	0.0176	0.00012	0.01294	0.01874	0.09088	
0.0	0.0	0.0	0.0	0.0	0.0	0.0	0.0	0.0	0.0	0.0	0.0	0.0	0.0	0.0	0.0	0.0	0.0	0.0	0.0	0.0	0.0	0.0	0.0	0.0	0.0	0.0	0.0	0.0	0.0	0.0	0.0	0.0	0.0	0.0	0.0	0.0	0.0	0.0	0.0	0.0	0.0	0.0	0.0	0.0	0.0	0.0	0.0	0.0	0.0	0.0	0.0	0.0	0.0	0.0	0.0	0.0	0.0	0.0	0.0	0.0	0.0	0.0	0.0	0.0	0.0	0.0	0.0	0.0	0.0	0.0	0.0	0.0	0.0	0.0	0.0	0.0	0.0	0.0	0.0	0.0	0.0	0.0	0.0	0.0	0.0	0.0	0.0	0.0	0.0	0.0	0.0	0.0	0.0	0.0	0.0	0.0	0.0	0.0	0.0	0.0	0.0	0.0	0.0	0.0	0.0	0.0	0.0	0.0	0.0	0.0	0.0	0.0	0.0	0.0	0.0	0.0	0.0	0.0	0.0	0.0	0.0	0.0	0.0	0.0	0.0	0.0	0.0	0.0	0.0	0.0	0.0	0.0	0.0	0.0	0.0	0.0	0.0	0.0	0.0	0.0	0.0	0.0	
7e-05	9e-05	0.0	0.00024	0.00012	0.0	0.0	5e-05	4e-05	0.00012	0.0	0.0	8e-05	7e-05	0.0	0.0	0.00044	0.0	0.00035	0.00012	0.00021	0.00025	0.0001	0.0002	0.0	0.0	0.00016	0.00017	0.0	0.00029	0.00105	0.00162	0.0003	0.00021	0.00018	0.00029	0.00029	0.0	0.0	0.0	0.0	0.00039	0.00037	0.00045	0.00031	0.00012	0.00015	0.00018	0.0	0.0	0.0	0.00042	0.0	0.0	0.00015	0.00058	0.0007	0.00043	0.0003	0.0009	0.00016	0.0003	0.0	0.00074	0.0	0.0002	0.0	0.00019	0.00303	0.0	0.00013	3e-05	4e-05	0.00031	0.0002	0.0002	0.00025	0.00038	0.00044	0.00019	0.00041	0.0	0.0	0.00023	0.00018	0.0001	0.0009	0.0	0.00066	0.0	0.00042	0.00049	0.0	0.00015	0.00021	0.0002	0.00026	0.00022	0.00037	0.00039	0.00027	0.0003	0.00014	0.00034	0.00039	0.00027	0.00025	0.00018	0.0	0.0	0.0	0.0	0.0002	0.0	0.0	0.00024	0.00036	0.0	0.0	0.00033	0.0009	0.00042	0.00066	0.0002	0.0	0.00019	0.0002	0.0003	0.00024	0.02807	0.0	0.00066	0.00044	0.00022	0.0	0.0	0.00012	0.00045	0.00012	0.0	0.00075	0.00054	0.0	
0.11392	0.03375	5e-05	0.00986	0.02015	0.0	5e-05	0.0	0.30866	0.01656	0.0	0.0	0.04284	0.03103	5e-05	5e-05	0.37083	5e-05	0.15685	0.03793	0.00975	0.04131	0.09638	0.01823	5e-05	5e-05	0.0183	0.15518	0.0	0.16805	0.0788	0.12197	0.0636	0.01679	0.1837	0.03345	0.01026	0.0	0.0	0.0	5e-05	0.13873	0.02819	0.09556	0.03608	0.02048	0.02364	0.04697	5e-05	5e-05	5e-05	0.00904	5e-05	5e-05	0.32545	0.14656	0.1364	0.02969	0.0127	0.17146	0.02224	0.0127	0.19339	0.05363	5e-05	0.01823	5e-05	0.05019	0.04176	5e-05	0.02808	0.35876	0.03766	0.23154	0.24586	0.24586	0.16629	0.03525	0.02909	0.47725	0.02515	5e-05	5e-05	0.02653	0.38613	0.33823	0.17146	5e-05	0.01673	5e-05	0.00904	0.09479	5e-05	0.03015	0.62331	0.01823	0.15257	0.11896	0.02819	0.07113	0.03888	0.06257	0.05507	0.02954	0.06957	0.28754	0.1017	0.02761	0.0	0.0	0.0	0.0	0.24586	5e-05	5e-05	0.04439	0.04014	0.0	5e-05	0.01034	0.17146	0.00904	0.01673	0.01439	5e-05	0.42385	0.24586	0.0127	0.10434	0.07366	5e-05	0.01673	0.03838	0.01548	0.00041	5e-05	0.02577	0.01704	0.18611	5e-05	0.06779	0.21003	0.09857	
0.03337	0.02801	4e-05	0.0086	0.01722	0.0	4e-05	0.30866	0.0	0.51729	0.0	0.0	0.03451	0.20868	4e-05	4e-05	0.32596	4e-05	0.16536	0.03149	0.00851	0.03417	0.02656	0.01563	4e-05	4e-05	0.01569	0.01606	0.0	0.12211	0.09644	0.16745	0.15618	0.01444	0.19783	0.06957	0.00895	0.0	0.0	0.0	4e-05	0.362	0.02359	0.1175	0.17696	0.01734	0.01992	0.1388	4e-05	4e-05	4e-05	0.00792	4e-05	4e-05	0.35913	0.01474	0.01963	0.2212	0.01102	0.00998	0.01877	0.01102	0.25506	0.07656	4e-05	0.01563	4e-05	0.12806	0.0352	4e-05	0.34455	1.004	0.04409	0.15707	0.0127	0.0127	0.1768	0.18196	0.02459	0.22369	0.02105	4e-05	4e-05	0.01342	0.36006	0.37618	0.00998	4e-05	0.01443	4e-05	0.00792	0.07391	4e-05	0.358	0.49351	0.01563	0.0313	0.0191	0.02359	0.09971	0.03185	0.13765	0.0427	0.17131	0.08511	0.12456	0.08155	0.23992	0.0	0.0	0.0	0.0	0.0127	4e-05	4e-05	0.24375	0.0333	0.0	4e-05	0.00902	0.00998	0.00792	0.01443	0.01243	4e-05	0.49247	0.0127	0.01102	0.09826	0.14386	4e-05	0.01443	0.03213	0.01324	0.0002	4e-05	0.02162	0.01467	0.02237	4e-05	0.09274	0.12523	0.1395	
0.01993	0.01761	0.00012	0.00677	0.01222	0.0	0.00012	0.01656	0.51729	0.0	0.0	0.0	0.02238	0.28954	0.00012	0.00012	0.01531	0.00012	0.01981	0.01987	0.0067	0.02129	0.01643	0.01128	0.00012	0.00012	0.01131	0.01154	0.0	0.13306	0.03106	0.10348	0.15799	0.01055	0.01712	0.04201	0.00702	0.0	0.0	0.0	0.00012	0.19128	0.01531	0.06568	0.21892	0.01179	0.01327	0.15681	0.00012	0.00012	0.00012	0.00634	0.00012	0.00012	0.01304	0.01045	0.0133	0.31271	0.0084	0.00785	0.01259	0.0084	0.0007	0.04318	0.00012	0.01128	0.00012	0.14745	0.02374	0.00012	0.48538	0.52037	0.02825	0.02076	0.00945	0.00945	0.01871	0.24114	0.01668	0.01697	0.01367	0.00012	0.00012	0.01	0.014	0.01224	0.00785	0.00012	0.01067	0.00012	0.00634	0.04045	0.00012	0.51339	0.01109	0.01128	0.01889	0.01338	0.01531	0.08835	0.01936	0.1381	0.02526	0.45173	0.03779	0.02309	0.05705	0.3483	0.0	0.0	0.0	0.0	0.00945	0.00012	0.00012	0.28416	0.02099	0.0	0.00012	0.00707	0.00785	0.00634	0.01067	0.00928	0.00012	0.00996	0.00945	0.0084	0.03429	0.12436	0.00012	0.01067	0.02101	0.00987	0.00028	0.00012	0.01416	0.01076	0.01456	0.00012	0.07655	0.04728	0.09243	
0.0	0.0	0.0	0.0	0.0	0.0	0.0	0.0	0.0	0.0	0.0	0.0	0.0	0.0	0.0	0.0	0.0	0.0	0.0	0.0	0.0	0.0	0.0	0.0	0.0	0.0	0.0	0.0	0.0	0.0	0.0	0.0	0.0	0.0	0.0	0.0	0.0	0.0	0.0	0.0	0.0	0.0	0.0	0.0	0.0	0.0	0.0	0.0	0.0	0.0	0.0	0.0	0.0	0.0	0.0	0.0	0.0	0.0	0.0	0.0	0.0	0.0	0.0	0.0	0.0	0.0	0.0	0.0	0.0	0.0	0.0	0.0	0.0	0.0	0.0	0.0	0.0	0.0	0.0	0.0	0.0	0.0	0.0	0.0	0.0	0.0	0.0	0.0	0.0	0.0	0.0	0.0	0.0	0.0	0.0	0.0	0.0	0.0	0.0	0.0	0.0	0.0	0.0	0.0	0.0	0.0	0.0	0.0	0.0	0.0	0.0	0.0	0.0	0.0	0.0	0.0	0.0	0.0	0.0	0.0	0.0	0.0	0.0	0.0	0.0	0.0	0.0	0.0	0.0	0.0	0.0	0.0	0.0	0.0	0.0	0.0	0.0	0.0	0.0	0.0	0.0	0.0	0.0	
0.0	0.0	0.0	0.0	0.0	0.0	0.0	0.0	0.0	0.0	0.0	0.0	0.0	0.0	0.0	0.0	0.0	0.0	0.0	0.0	0.0	0.0	0.0	0.0	0.0	0.0	0.0	0.0	0.0	0.0	0.0	0.0	0.0	0.0	0.0	0.0	0.0	0.0	0.0	0.0	0.0	0.0	0.0	0.0	0.0	0.0	0.0	0.0	0.0	0.0	0.0	0.0	0.0	0.0	0.0	0.0	0.0	0.0	0.0	0.0	0.0	0.0	0.0	0.0	0.0	0.0	0.0	0.0	0.0	0.0	0.0	0.0	0.0	0.0	0.0	0.0	0.0	0.0	0.0	0.0	0.0	0.0	0.0	0.0	0.0	0.0	0.0	0.0	0.0	0.0	0.0	0.0	0.0	0.0	0.0	0.0	0.0	0.0	0.0	0.0	0.0	0.0	0.0	0.0	0.0	0.0	0.0	0.0	0.0	0.0	0.0	0.0	0.0	0.0	0.0	0.0	0.0	0.0	0.0	0.0	0.0	0.0	0.0	0.0	0.0	0.0	0.0	0.0	0.0	0.0	0.0	0.0	0.0	0.0	0.0	0.0	0.0	0.0	0.0	0.0	0.0	0.0	0.0	
0.10088	0.04469	8e-05	0.01354	0.0272	0.0	8e-05	0.04284	0.03451	0.02238	0.0	0.0	0.0	0.04149	8e-05	8e-05	0.04137	8e-05	0.00138	0.34956	0.11286	0.01607	0.08718	0.02471	8e-05	8e-05	0.02803	0.02538	0.0	0.01506	0.01489	0.0917	0.06846	0.02281	0.04068	0.02846	0.0141	0.0	0.0	0.0	8e-05	0.05592	0.03757	0.03907	0.13481	0.14872	0.03157	0.04625	8e-05	8e-05	8e-05	0.01249	8e-05	8e-05	0.03102	0.07705	0.07854	0.04007	0.01738	0.08377	0.14518	0.01738	0.001	0.06208	8e-05	0.02471	8e-05	0.00472	0.0006	8e-05	0.03732	0.04394	0.15353	0.05453	0.02003	0.02003	0.01802	0.0475	0.03927	0.04021	0.03345	8e-05	8e-05	0.177	0.03071	0.10027	0.08377	8e-05	0.02286	8e-05	0.01249	0.06272	8e-05	0.02663	0.02415	0.02471	0.05032	0.03028	0.03757	0.09595	0.05161	0.07943	0.22385	0.04293	0.01491	0.13079	0.18901	0.0334	0.0	0.0	0.0	0.0	0.02003	8e-05	8e-05	0.0284	0.05368	0.0	8e-05	0.01422	0.08377	0.01249	0.02286	0.1772	8e-05	0.0213	0.02003	0.01738	0.00326	0.08123	8e-05	0.02286	0.05174	0.17578	0.0003	8e-05	0.0343	0.02322	0.03552	8e-05	0.02244	0.01269	0.03965	
0.03919	0.11829	7e-05	0.01068	0.02096	0.0	7e-05	0.03103	0.20868	0.28954	0.0	0.0	0.04149	0.0	7e-05	7e-05	0.02804	7e-05	0.03609	0.03745	0.01057	0.05775	0.03138	0.33007	7e-05	7e-05	0.01915	0.01959	0.0	0.03132	0.06059	0.25036	0.15915	0.01767	0.10495	0.08295	0.0111	0.0	0.0	0.0	7e-05	0.03665	0.23319	0.14032	0.06859	0.0209	0.25733	0.42033	7e-05	7e-05	7e-05	0.00985	7e-05	7e-05	0.02349	0.01785	0.02354	0.07981	0.01358	0.01232	0.02255	0.01358	0.00089	0.03772	7e-05	0.33007	7e-05	0.34014	0.04197	7e-05	0.80417	0.20842	0.0543	0.03992	0.0156	0.0156	0.03391	0.05442	0.02963	0.03027	0.02505	7e-05	7e-05	0.01656	0.02534	0.02183	0.01232	7e-05	0.01764	7e-05	0.00985	0.06797	7e-05	0.20687	0.01861	0.33007	0.17965	0.02318	0.23319	0.1247	0.18677	0.16167	0.05039	0.9992	0.07654	0.04589	0.00767	0.09217	0.0	0.0	0.0	0.0	0.0156	7e-05	7e-05	0.47068	0.05883	0.0	7e-05	0.01118	0.01232	0.00985	0.01764	0.01528	7e-05	0.01655	0.0156	0.01358	0.01368	0.09527	7e-05	0.01764	0.06389	0.01633	0.00031	7e-05	0.2441	0.01793	0.2393	7e-05	0.12072	0.10168	0.05734	
7e-05	9e-05	0.0	0.00024	0.00012	0.0	0.0	5e-05	4e-05	0.00012	0.0	0.0	8e-05	7e-05	0.0	0.0	0.00044	0.0	0.00035	0.00012	0.00021	0.00025	0.0001	0.0002	0.0	0.0	0.00016	0.00017	0.0	0.00029	0.00105	0.00162	0.0003	0.00021	0.00018	0.00029	0.00029	0.0	0.0	0.0	0.0	0.00039	0.00037	0.00045	0.00031	0.00012	0.00015	0.00018	0.0	0.0	0.0	0.00042	0.0	0.0	0.00015	0.00058	0.0007	0.00043	0.0003	0.0009	0.00016	0.0003	0.0	0.00074	0.0	0.0002	0.0	0.00019	0.00303	0.0	0.00013	3e-05	4e-05	0.00031	0.0002	0.0002	0.00025	0.00038	0.00044	0.00019	0.00041	0.0	0.0	0.00023	0.00018	0.0001	0.0009	0.0	0.00066	0.0	0.00042	0.00049	0.0	0.00015	0.00021	0.0002	0.00026	0.00022	0.00037	0.00039	0.00027	0.0003	0.00014	0.00034	0.00039	0.00027	0.00025	0.00018	0.0	0.0	0.0	0.0	0.0002	0.0	0.0	0.00024	0.00036	0.0	0.0	0.00033	0.0009	0.00042	0.00066	0.0002	0.0	0.00019	0.0002	0.0003	0.00024	0.02807	0.0	0.00066	0.00044	0.00022	0.0	0.0	0.00012	0.00045	0.00012	0.0	0.00075	0.00054	0.0	
7e-05	9e-05	0.0	0.00024	0.00012	0.0	0.0	5e-05	4e-05	0.00012	0.0	0.0	8e-05	7e-05	0.0	0.0	0.00012	0.0	6e-05	6e-05	0.00023	4e-05	3e-05	0.00011	0.0	0.0	0.00013	0.00013	0.0	3e-05	9e-05	2e-05	1e-05	0.00012	8e-05	9e-05	0.00018	0.0	0.0	0.0	0.0	6e-05	9e-05	2e-05	4e-05	6e-05	4e-05	2e-05	0.0	0.0	0.0	0.00021	0.0	0.0	5e-05	0.00019	0.00022	9e-05	0.00015	0.0004	5e-05	0.00015	0.0	9e-05	0.0	0.00011	0.0	9e-05	0.00013	0.0	4e-05	3e-05	4e-05	3e-05	0.00014	0.00014	7e-05	7e-05	9e-05	0.0001	8e-05	0.0	0.0	0.00014	4e-05	7e-05	0.0004	0.0	0.00023	0.0	0.00021	2e-05	0.0	4e-05	0.00014	0.00011	3e-05	9e-05	9e-05	1e-05	2e-05	3e-05	4e-05	0.00029	8e-05	2e-05	0.0001	9e-05	0.0	0.0	0.0	0.0	0.00014	0.0	0.0	1e-05	4e-05	0.0	0.0	0.00018	0.0004	0.00021	0.00023	0.00014	0.0	0.00014	0.00014	0.00015	9e-05	0.00019	0.0	0.00023	7e-05	0.00014	0.0	0.0	5e-05	0.00014	5e-05	0.0	9e-05	6e-05	0.0	
0.20881	0.04742	0.00044	0.18176	0.06585	0.0	0.00044	0.37083	0.32596	0.01531	0.0	0.0	0.04137	0.02804	0.00044	0.00012	0.0	0.00012	0.16207	0.03194	0.00859	0.12482	0.02704	0.01577	0.00012	0.00012	0.01585	0.01622	0.0	0.04099	0.17203	0.11029	0.05171	0.01456	0.19262	0.0697	0.009	0.0	0.0	0.0	0.00012	0.14129	0.02384	0.08515	0.03027	0.01757	0.02018	0.0389	0.00012	0.00012	0.00012	0.00794	0.00012	0.00012	0.34519	0.17892	0.16217	0.02523	0.01108	0.21691	0.01901	0.01108	0.22719	0.10317	0.00012	0.01577	0.00012	0.04202	0.02652	0.00012	0.02382	0.63942	0.11753	0.15508	0.01281	0.01281	0.22081	0.02981	0.02474	0.2172	0.12438	0.00012	0.00012	0.03116	0.4306	0.36071	0.21691	0.00012	0.01443	0.00012	0.00794	0.11585	0.00012	0.02549	0.46613	0.01577	0.03177	0.01927	0.02384	0.05104	0.03235	0.05086	0.04336	0.02502	0.08711	0.15841	0.08149	0.0236	0.0	0.0	0.0	0.0	0.01281	0.00012	0.00012	0.03674	0.03362	0.0	0.00012	0.00906	0.21691	0.00794	0.01443	0.01253	0.00012	0.46456	0.01281	0.01108	0.09939	0.0947	0.00012	0.01443	0.03234	0.02458	0.02061	0.00012	0.02194	0.08295	0.0227	0.00012	0.08053	0.12341	0.10887	
7e-05	9e-05	0.0	0.00024	0.00012	0.0	0.0	5e-05	4e-05	0.00012	0.0	0.0	8e-05	7e-05	0.0	0.0	0.00012	0.0	6e-05	6e-05	0.00023	4e-05	3e-05	0.00011	0.0	0.0	0.00013	0.00013	0.0	3e-05	9e-05	2e-05	1e-05	0.00012	8e-05	9e-05	0.00018	0.0	0.0	0.0	0.0	6e-05	9e-05	2e-05	4e-05	6e-05	4e-05	2e-05	0.0	0.0	0.0	0.00021	0.0	0.0	5e-05	0.00019	0.00022	9e-05	0.00015	0.0004	5e-05	0.00015	0.0	9e-05	0.0	0.00011	0.0	9e-05	0.00013	0.0	4e-05	3e-05	4e-05	3e-05	0.00014	0.00014	7e-05	7e-05	9e-05	0.0001	8e-05	0.0	0.0	0.00014	4e-05	7e-05	0.0004	0.0	0.00023	0.0	0.00021	2e-05	0.0	4e-05	0.00014	0.00011	3e-05	9e-05	9e-05	1e-05	2e-05	3e-05	4e-05	0.00029	8e-05	2e-05	0.0001	9e-05	0.0	0.0	0.0	0.0	0.00014	0.0	0.0	1e-05	4e-05	0.0	0.0	0.00018	0.0004	0.00021	0.00023	0.00014	0.0	0.00014	0.00014	0.00015	9e-05	0.00019	0.0	0.00023	7e-05	0.00014	0.0	0.0	5e-05	0.00014	5e-05	0.0	9e-05	6e-05	0.0	
0.04576	0.16491	0.00035	0.0121	0.02388	0.0	0.00035	0.15685	0.16536	0.01981	0.0	0.0	0.00138	0.03609	0.00035	6e-05	0.16207	6e-05	0.0	0.00668	0.01119	0.0441	0.09236	0.02041	6e-05	6e-05	0.03514	0.02098	0.0	0.02413	0.03178	0.02356	0.03231	0.01886	0.04657	0.01075	0.01172	0.0	0.0	0.0	6e-05	0.22414	0.17425	0.13807	0.05555	0.02256	0.02586	0.04425	6e-05	6e-05	6e-05	0.01035	6e-05	6e-05	0.17311	0.01903	0.18909	0.06058	0.0144	0.01291	0.02437	0.0144	0.03466	0.04954	6e-05	0.02041	6e-05	0.0539	0.05035	6e-05	0.03042	0.16862	0.03217	0.35893	0.01662	0.01662	0.03557	0.03948	0.06352	0.05859	0.16996	6e-05	6e-05	0.0177	0.1725	0.33769	0.01291	6e-05	0.23635	6e-05	0.01035	0.09429	6e-05	0.03806	0.21773	0.02041	0.08669	0.02487	0.17425	0.0316	0.08322	0.08546	0.12335	0.01563	0.1272	0.03968	0.02546	0.03038	0.0	0.0	0.0	0.0	0.01662	6e-05	6e-05	0.05683	0.0313	0.0	6e-05	0.0118	0.01291	0.01035	0.23635	0.01627	6e-05	0.21967	0.01662	0.0144	0.0012	0.05863	6e-05	0.23635	0.0314	0.01745	0.00042	6e-05	0.02806	0.01905	0.02901	6e-05	0.0204	0.0273	0.05717	
0.06428	0.04087	0.00012	0.01179	0.0242	0.0	0.00012	0.03793	0.03149	0.01987	0.0	0.0	0.34956	0.03745	0.00012	6e-05	0.03194	6e-05	0.00668	0.0	0.10258	0.02225	0.08973	0.02071	6e-05	6e-05	0.03149	0.02132	0.0	0.02056	0.06625	0.09505	0.05375	0.01906	0.03446	0.08801	0.10853	0.0	0.0	0.0	6e-05	0.04719	0.03209	0.04014	0.12805	0.14011	0.09403	0.08258	6e-05	6e-05	6e-05	0.0102	6e-05	6e-05	0.02649	0.01949	0.02627	0.0337	0.01438	0.01282	0.13715	0.01438	0.0006	0.07492	6e-05	0.02071	6e-05	0.03584	0.00644	6e-05	0.03206	0.04591	0.15315	0.04682	0.0167	0.0167	0.02542	0.04008	0.03302	0.03358	0.02859	6e-05	6e-05	0.16136	0.02846	0.09389	0.01282	6e-05	0.01887	6e-05	0.0102	0.07193	6e-05	0.10819	0.01983	0.02071	0.0436	0.02548	0.03209	0.03698	0.03986	0.07361	0.18505	0.03119	0.03725	0.06256	0.19573	0.03959	0.0	0.0	0.0	0.0	0.0167	6e-05	6e-05	0.02894	0.04572	0.0	6e-05	0.01169	0.01282	0.0102	0.01887	0.16272	6e-05	0.01779	0.0167	0.01438	0.02906	0.10537	6e-05	0.01887	0.04362	0.16152	0.00015	6e-05	0.02942	0.01927	0.03049	6e-05	0.04283	0.0485	0.07368	
0.01135	0.01032	0.00021	0.00464	0.00772	0.0	0.00021	0.00975	0.00851	0.0067	0.0	0.0	0.11286	0.01057	0.00021	0.00023	0.00859	0.00023	0.01119	0.10258	0.0	0.01167	0.12807	0.00687	0.00023	0.00023	0.0069	0.00702	0.0	0.01323	0.01787	0.02551	0.09316	0.00648	0.00989	0.02237	0.00456	0.0	0.0	0.0	0.00023	0.01249	0.00859	0.02128	0.01033	0.0069	0.00763	0.01245	0.00023	0.00023	0.00023	0.00416	0.00023	0.00023	0.0075	0.00618	0.00758	0.00973	0.00531	0.005	0.00728	0.00531	0.00044	0.04827	0.00023	0.00687	0.00023	0.08115	0.08874	0.00023	0.00855	0.01176	0.01708	0.01125	0.00591	0.00591	0.01067	0.01105	0.00959	0.00981	0.00764	0.00023	0.00023	0.00616	0.00796	0.00714	0.005	0.00023	0.00649	0.00023	0.00416	0.04874	0.00023	0.00909	0.00675	0.00687	0.01016	0.00795	0.00859	0.01662	0.01041	0.01496	0.07099	0.01138	0.04016	0.01223	0.03205	0.00925	0.0	0.0	0.0	0.0	0.00591	0.00023	0.00023	0.08308	0.01153	0.0	0.00023	0.00458	0.005	0.00416	0.00649	0.00581	0.00023	0.00617	0.00591	0.00531	0.01855	0.04744	0.00023	0.00649	0.01178	0.0061	0.00023	0.00023	0.00808	0.00654	0.00827	0.00023	0.03709	0.02575	0.02634	
0.18409	0.24174	0.00025	0.25264	0.25454	0.0	0.00025	0.04131	0.03417	0.02129	0.0	0.0	0.01607	0.05775	0.00025	4e-05	0.12482	4e-05	0.0441	0.02225	0.01167	0.0	0.10108	0.19408	4e-05	4e-05	0.02219	0.02275	0.0	0.02131	0.09949	0.09574	0.04493	0.0203	0.06252	0.02649	0.01226	0.0	0.0	0.0	4e-05	0.05117	0.1603	0.02528	0.1213	0.12717	0.16834	0.0439	4e-05	4e-05	4e-05	0.01075	4e-05	4e-05	0.10812	0.02085	0.02828	0.03629	0.12326	0.01355	0.2624	0.12326	0.00092	0.13258	4e-05	0.19408	4e-05	0.02202	0.0553	4e-05	0.16028	0.08051	0.22592	0.05117	0.01774	0.01774	0.10683	0.04331	0.03554	0.03645	0.18331	4e-05	4e-05	0.14263	0.10842	0.02634	0.01355	4e-05	0.02009	4e-05	0.01075	0.07939	4e-05	0.03713	0.02134	0.19408	0.13992	0.02728	0.1603	0.12671	0.14318	0.05788	0.12144	0.01968	0.10142	0.06245	0.16812	0.03432	0.0	0.0	0.0	0.0	0.01774	4e-05	4e-05	0.13832	0.03897	0.0	4e-05	0.01234	0.01355	0.01075	0.02009	0.1437	4e-05	0.01892	0.01774	0.12326	0.01441	0.08451	4e-05	0.02009	0.03836	0.23929	0.07518	4e-05	0.16387	0.15215	0.16229	4e-05	0.09858	0.0626	0.09133	
0.04254	0.03468	0.0001	0.00966	0.17687	0.0	0.0001	0.09638	0.02656	0.01643	0.0	0.0	0.08718	0.03138	0.0001	3e-05	0.02704	3e-05	0.09236	0.08973	0.12807	0.10108	0.0	0.01719	3e-05	3e-05	0.14113	0.1457	0.0	0.16261	0.08194	0.09791	0.07121	0.01579	0.02892	0.0881	0.00952	0.0	0.0	0.0	3e-05	0.03981	0.02716	0.14881	0.03499	0.01958	0.0227	0.04546	3e-05	3e-05	3e-05	0.00834	3e-05	3e-05	0.23293	0.01627	0.02211	0.02827	0.29682	0.01053	0.23598	0.29682	0.0005	0.07653	3e-05	0.01719	3e-05	0.02423	0.08745	3e-05	0.02714	0.03831	0.08789	0.09847	0.22188	0.22188	0.03216	0.03373	0.02768	0.16886	0.02423	3e-05	3e-05	0.01448	0.23439	0.1947	0.01053	3e-05	0.01564	3e-05	0.00834	0.18025	3e-05	0.0287	0.04415	0.01719	0.14821	0.11469	0.02716	0.06991	0.03782	0.12973	0.31673	0.02484	0.10889	0.06574	0.04954	0.02634	0.0	0.0	0.0	0.0	0.22188	3e-05	3e-05	0.04113	0.03881	0.0	3e-05	0.00958	0.01053	0.00834	0.01564	0.01348	3e-05	0.01472	0.22188	0.29682	0.06563	0.09814	3e-05	0.01564	0.03676	0.0143	0.00013	3e-05	0.02484	0.01597	0.17563	3e-05	0.04949	0.10004	0.12866	
0.02206	0.29787	0.0002	0.0073	0.01329	0.0	0.0002	0.01823	0.01563	0.01128	0.0	0.0	0.02471	0.33007	0.0002	0.00011	0.01577	0.00011	0.02041	0.02071	0.00687	0.19408	0.01719	0.0	0.00011	0.00011	0.01167	0.0119	0.0	0.02549	0.03484	0.11324	0.1085	0.01084	0.34642	0.04321	0.00715	0.0	0.0	0.0	0.00011	0.02308	0.52565	0.07398	0.01946	0.01223	0.62753	0.17889	0.00011	0.00011	0.00011	0.0064	0.00011	0.00011	0.01353	0.01062	0.01353	0.0174	0.00856	0.00784	0.01305	0.00856	0.00059	0.07862	0.00011	0.99975	0.00011	0.16663	0.02565	0.00011	0.5256	0.02203	0.03224	0.02151	0.00971	0.00971	0.01933	0.02011	0.0171	0.01748	0.01407	0.00011	0.00011	0.01021	0.01445	0.01273	0.00784	0.00011	0.01079	0.00011	0.0064	0.11053	0.00011	0.01679	0.01133	0.99975	0.34215	0.01379	0.52565	0.13795	0.3653	0.13566	0.02625	0.5102	0.03895	0.024	0.04816	0.01642	0.0	0.0	0.0	0.0	0.00971	0.00011	0.00011	0.30689	0.20392	0.0	0.00011	0.00719	0.00784	0.0064	0.01079	0.00953	0.00011	0.01024	0.00971	0.00856	0.11435	0.06721	0.00011	0.01079	0.24249	0.01009	0.00023	0.00011	0.57112	0.01095	0.55122	0.00011	0.15462	0.05303	0.0545	
7e-05	9e-05	0.0	0.00024	0.00012	0.0	0.0	5e-05	4e-05	0.00012	0.0	0.0	8e-05	7e-05	0.0	0.0	0.00012	0.0	6e-05	6e-05	0.00023	4e-05	3e-05	0.00011	0.0	0.0	0.00013	0.00013	0.0	3e-05	9e-05	2e-05	1e-05	0.00012	8e-05	9e-05	0.00018	0.0	0.0	0.0	0.0	6e-05	9e-05	2e-05	4e-05	6e-05	4e-05	2e-05	0.0	0.0	0.0	0.00021	0.0	0.0	5e-05	0.00019	0.00022	9e-05	0.00015	0.0004	5e-05	0.00015	0.0	9e-05	0.0	0.00011	0.0	9e-05	0.00013	0.0	4e-05	3e-05	4e-05	3e-05	0.00014	0.00014	7e-05	7e-05	9e-05	0.0001	8e-05	0.0	0.0	0.00014	4e-05	7e-05	0.0004	0.0	0.00023	0.0	0.00021	2e-05	0.0	4e-05	0.00014	0.00011	3e-05	9e-05	9e-05	1e-05	2e-05	3e-05	4e-05	0.00029	8e-05	2e-05	0.0001	9e-05	0.0	0.0	0.0	0.0	0.00014	0.0	0.0	1e-05	4e-05	0.0	0.0	0.00018	0.0004	0.00021	0.00023	0.00014	0.0	0.00014	0.00014	0.00015	9e-05	0.00019	0.0	0.00023	7e-05	0.00014	0.0	0.0	5e-05	0.00014	5e-05	0.0	9e-05	6e-05	0.0	
7e-05	9e-05	0.0	0.00024	0.00012	0.0	0.0	5e-05	4e-05	0.00012	0.0	0.0	8e-05	7e-05	0.0	0.0	0.00012	0.0	6e-05	6e-05	0.00023	4e-05	3e-05	0.00011	0.0	0.0	0.00013	0.00013	0.0	3e-05	9e-05	2e-05	1e-05	0.00012	8e-05	9e-05	0.00018	0.0	0.0	0.0	0.0	6e-05	9e-05	2e-05	4e-05	6e-05	4e-05	2e-05	0.0	0.0	0.0	0.00021	0.0	0.0	5e-05	0.00019	0.00022	9e-05	0.00015	0.0004	5e-05	0.00015	0.0	9e-05	0.0	0.00011	0.0	9e-05	0.00013	0.0	4e-05	3e-05	4e-05	3e-05	0.00014	0.00014	7e-05	7e-05	9e-05	0.0001	8e-05	0.0	0.0	0.00014	4e-05	7e-05	0.0004	0.0	0.00023	0.0	0.00021	2e-05	0.0	4e-05	0.00014	0.00011	3e-05	9e-05	9e-05	1e-05	2e-05	3e-05	4e-05	0.00029	8e-05	2e-05	0.0001	9e-05	0.0	0.0	0.0	0.0	0.00014	0.0	0.0	1e-05	4e-05	0.0	0.0	0.00018	0.0004	0.00021	0.00023	0.00014	0.0	0.00014	0.00014	0.00015	9e-05	0.00019	0.0	0.00023	7e-05	0.00014	0.0	0.0	5e-05	0.00014	5e-05	0.0	9e-05	6e-05	0.0	
0.02216	0.01947	0.00016	0.0073	0.01333	0.0	0.00016	0.0183	0.01569	0.01131	0.0	0.0	0.02803	0.01915	0.00016	0.00013	0.01585	0.00013	0.03514	0.03149	0.0069	0.02219	0.14113	0.01167	0.00013	0.00013	0.0	0.01196	0.0	0.02562	0.09792	0.05206	0.06026	0.01089	0.01781	0.08939	0.00718	0.0	0.0	0.0	0.00013	0.02319	0.01588	0.09171	0.01956	0.20866	0.01383	0.13701	0.00013	0.00013	0.00013	0.00644	0.00013	0.00013	0.0136	0.01067	0.01359	0.01748	0.0086	0.00788	0.01312	0.0086	0.00051	0.04833	0.00013	0.01167	0.00013	0.02737	0.02578	0.00013	0.01585	0.02202	0.11899	0.02162	0.00976	0.00976	0.01942	0.0202	0.05469	0.01753	0.01414	0.00013	0.00013	0.01022	0.0145	0.20137	0.00788	0.00013	0.01084	0.00013	0.00644	0.02622	0.00013	0.10061	0.01133	0.01167	0.01974	0.01385	0.01588	0.01967	0.13239	0.12408	0.124	0.01917	0.03916	0.11697	0.06489	0.0165	0.0	0.0	0.0	0.0	0.00976	0.00013	0.00013	0.02241	0.02179	0.0	0.00013	0.00722	0.00788	0.00644	0.01084	0.00958	0.00013	0.01029	0.00976	0.0086	0.00646	0.03	0.00013	0.01084	0.0217	0.0101	0.00019	0.00013	0.01481	0.011	0.01523	0.00013	0.04321	0.01544	0.04307	
0.02275	0.01996	0.00017	0.00743	0.01361	0.0	0.00017	0.15518	0.01606	0.01154	0.0	0.0	0.02538	0.01959	0.00017	0.00013	0.01622	0.00013	0.02098	0.02132	0.00702	0.02275	0.1457	0.0119	0.00013	0.00013	0.01196	0.0	0.0	0.22496	0.03595	0.04167	0.03126	0.01111	0.01821	0.09189	0.00731	0.0	0.0	0.0	0.00013	0.02374	0.01626	0.04367	0.02004	0.01256	0.01415	0.02478	0.00013	0.00013	0.00013	0.00654	0.00013	0.00013	0.01391	0.0109	0.0139	0.01787	0.00876	0.00801	0.01341	0.00876	0.00052	0.0497	0.00013	0.0119	0.00013	0.02805	0.0264	0.00013	0.01623	0.02258	0.033	0.13846	0.56032	0.56032	0.01987	0.02067	0.01757	0.1721	0.01447	0.00013	0.00013	0.01042	0.01483	0.01308	0.00801	0.00013	0.01105	0.00013	0.00654	0.11124	0.00013	0.01724	0.09698	0.0119	0.20861	0.23918	0.01626	0.04166	0.02068	0.03084	0.15994	0.01863	0.08482	0.07591	0.01044	0.01686	0.0	0.0	0.0	0.0	0.56032	0.00013	0.00013	0.023	0.02233	0.0	0.00013	0.00735	0.00801	0.00654	0.01105	0.00976	0.00013	0.01049	0.56032	0.00876	0.00112	0.05072	0.00013	0.01105	0.02221	0.0103	0.00019	0.00013	0.01515	0.01122	0.31063	0.00013	0.04441	0.06583	0.03003	
0.0	0.0	0.0	0.0	0.0	0.0	0.0	0.0	0.0	0.0	0.0	0.0	0.0	0.0	0.0	0.0	0.0	0.0	0.0	0.0	0.0	0.0	0.0	0.0	0.0	0.0	0.0	0.0	0.0	0.0	0.0	0.0	0.0	0.0	0.0	0.0	0.0	0.0	0.0	0.0	0.0	0.0	0.0	0.0	0.0	0.0	0.0	0.0	0.0	0.0	0.0	0.0	0.0	0.0	0.0	0.0	0.0	0.0	0.0	0.0	0.0	0.0	0.0	0.0	0.0	0.0	0.0	0.0	0.0	0.0	0.0	0.0	0.0	0.0	0.0	0.0	0.0	0.0	0.0	0.0	0.0	0.0	0.0	0.0	0.0	0.0	0.0	0.0	0.0	0.0	0.0	0.0	0.0	0.0	0.0	0.0	0.0	0.0	0.0	0.0	0.0	0.0	0.0	0.0	0.0	0.0	0.0	0.0	0.0	0.0	0.0	0.0	0.0	0.0	0.0	0.0	0.0	0.0	0.0	0.0	0.0	0.0	0.0	0.0	0.0	0.0	0.0	0.0	0.0	0.0	0.0	0.0	0.0	0.0	0.0	0.0	0.0	0.0	0.0	0.0	0.0	0.0	0.0	
0.06169	0.12403	0.00029	0.01434	0.03024	0.0	0.00029	0.16805	0.12211	0.13306	0.0	0.0	0.01506	0.03132	0.00029	3e-05	0.04099	3e-05	0.02413	0.02056	0.01323	0.02131	0.16261	0.02549	3e-05	3e-05	0.02562	0.22496	0.0	0.0	0.10771	0.20539	0.06458	0.02337	0.04365	0.04371	0.01392	0.0	0.0	0.0	3e-05	0.13449	0.12182	0.05158	0.46719	0.1055	0.03416	0.05565	3e-05	3e-05	3e-05	0.01217	3e-05	3e-05	0.03358	0.02419	0.12306	0.29832	0.01739	0.0154	0.10525	0.01739	0.00108	0.11218	3e-05	0.02549	3e-05	0.0154	0.06938	3e-05	0.1218	0.12995	0.143	0.16198	0.30704	0.30704	0.01749	0.18677	0.03715	0.16719	0.1173	3e-05	3e-05	0.11165	0.03644	0.03085	0.0154	3e-05	0.13395	3e-05	0.01217	0.14075	3e-05	0.17639	0.10284	0.02549	0.24566	0.19141	0.12182	0.09897	0.06887	0.21311	0.19938	0.06365	0.13756	0.12758	0.09207	0.26785	0.0	0.0	0.0	0.0	0.30704	3e-05	3e-05	0.1381	0.02523	0.0	3e-05	0.01402	0.0154	0.01217	0.13395	0.11245	3e-05	0.02174	0.30704	0.01739	0.05221	0.10035	3e-05	0.13395	0.02133	0.11172	0.00036	3e-05	0.03755	0.02363	0.25058	3e-05	0.06716	0.10174	0.10906	
0.19527	0.02705	0.00105	0.05501	0.00707	0.0	0.00105	0.0788	0.09644	0.03106	0.0	0.0	0.01489	0.06059	0.00105	9e-05	0.17203	9e-05	0.03178	0.06625	0.01787	0.09949	0.08194	0.03484	9e-05	9e-05	0.09792	0.03595	0.0	0.10771	0.0	0.10802	0.08457	0.01075	0.00944	0.03941	0.20852	0.0	0.0	0.0	9e-05	0.00687	0.05739	0.07967	0.07559	0.06343	0.19223	0.11053	9e-05	9e-05	9e-05	0.04372	9e-05	9e-05	0.08604	0.09223	0.0704	0.05913	0.02359	0.056	0.04422	0.02359	0.00532	0.0995	9e-05	0.03484	9e-05	0.10653	0.05068	9e-05	0.05737	0.22107	0.08655	0.01325	0.02767	0.02767	0.03679	0.07158	0.00532	0.01333	0.06881	9e-05	9e-05	0.02727	0.09699	0.12197	0.056	9e-05	0.03151	9e-05	0.04372	0.11518	9e-05	0.03827	0.08122	0.03484	0.08236	0.00455	0.05739	0.05393	0.1243	0.07499	0.12242	0.03839	0.03669	0.0684	0.06194	0.05481	0.0	0.0	0.0	0.0	0.02767	9e-05	9e-05	0.098	0.02123	0.0	9e-05	0.05077	0.056	0.04372	0.03151	0.02702	9e-05	0.08154	0.02767	0.02359	0.03322	0.06896	9e-05	0.03151	0.01263	0.02695	0.00137	9e-05	0.05211	0.08944	0.05423	9e-05	0.01959	0.06952	0.10433	
0.128	0.16554	0.00162	0.02712	0.03388	0.0	0.00162	0.12197	0.16745	0.10348	0.0	0.0	0.0917	0.25036	0.00162	2e-05	0.11029	2e-05	0.02356	0.09505	0.02551	0.09574	0.09791	0.11324	2e-05	2e-05	0.05206	0.04167	0.0	0.20539	0.10802	0.0	0.25157	0.04711	0.08757	0.08277	0.02699	0.0	0.0	0.0	2e-05	0.15976	0.22399	0.18158	0.27384	0.07613	0.12229	0.35036	2e-05	2e-05	2e-05	0.02347	2e-05	2e-05	0.13675	0.04977	0.11329	0.22566	0.06139	0.03021	0.11067	0.06139	0.00694	0.04556	2e-05	0.11324	2e-05	0.12236	0.05312	2e-05	0.22372	0.17157	0.1328	0.09737	0.07324	0.07324	0.04345	0.15412	0.0235	0.20908	0.12758	2e-05	2e-05	0.05914	0.13675	0.09198	0.03021	2e-05	0.10066	2e-05	0.02347	0.0856	2e-05	0.16515	0.10702	0.11324	0.22395	0.03364	0.22399	0.22274	0.1757	0.29284	0.09286	0.39316	0.1213	0.12675	0.11866	0.11087	0.0	0.0	0.0	0.0	0.07324	2e-05	2e-05	0.33959	0.17793	0.0	2e-05	0.02722	0.03021	0.02347	0.10066	0.05608	2e-05	0.07903	0.07324	0.06139	0.00422	0.03829	2e-05	0.10066	0.15922	0.05858	0.00108	2e-05	0.15531	0.04782	0.16113	2e-05	0.11965	0.10936	0.134	
0.06658	0.15262	0.0003	0.01649	0.03638	0.0	0.0003	0.0636	0.15618	0.15799	0.0	0.0	0.06846	0.15915	0.0003	1e-05	0.05171	1e-05	0.03231	0.05375	0.09316	0.04493	0.07121	0.1085	1e-05	1e-05	0.06026	0.03126	0.0	0.06458	0.08457	0.25157	0.0	0.09762	0.04427	0.07755	0.08217	0.0	0.0	0.0	1e-05	0.06416	0.21469	0.13966	0.14827	0.10547	0.17347	0.20333	1e-05	1e-05	1e-05	0.01385	1e-05	1e-05	0.04154	0.02907	0.09893	0.15418	0.02016	0.01772	0.03946	0.02016	0.00121	0.13719	1e-05	0.1085	1e-05	0.06085	0.02629	1e-05	0.23869	0.16916	0.10826	0.05218	0.02379	0.02379	0.06085	0.18289	0.07276	0.05292	0.09903	1e-05	1e-05	0.02556	0.04551	0.03785	0.01772	1e-05	0.09621	1e-05	0.01385	0.10623	1e-05	0.21439	0.02939	0.1085	0.15882	0.01874	0.21469	0.26465	0.37328	0.22459	0.07994	0.11619	0.10607	0.14739	0.13024	0.08898	0.0	0.0	0.0	0.0	0.02379	1e-05	1e-05	0.27329	0.31532	0.0	1e-05	0.05405	0.01772	0.01385	0.09621	0.02321	1e-05	0.02553	0.02379	0.02016	0.00559	0.16655	1e-05	0.09621	0.33768	0.02515	0.00038	1e-05	0.1107	0.0279	0.11154	1e-05	0.07829	0.06307	0.21455	
0.05183	0.01785	0.00021	0.00689	0.01239	0.0	0.00021	0.01679	0.01444	0.01055	0.0	0.0	0.02281	0.01767	0.00021	0.00012	0.01456	0.00012	0.01886	0.01906	0.00648	0.0203	0.01579	0.01084	0.00012	0.00012	0.01089	0.01111	0.0	0.02337	0.01075	0.04711	0.09762	0.0	0.01642	0.03959	0.00673	0.0	0.0	0.0	0.00012	0.02129	0.01459	0.03857	0.0179	0.01135	0.01274	0.02206	0.00012	0.00012	0.00012	0.00605	0.00012	0.00012	0.01252	0.00989	0.01254	0.01612	0.00804	0.00738	0.01209	0.00804	0.0006	0.03598	0.00012	0.01084	0.00012	0.02507	0.02602	0.00012	0.01456	0.02298	0.01856	0.06535	0.0091	0.0091	0.01788	0.02292	0.01585	0.01622	0.01298	0.00012	0.00012	0.00957	0.01337	0.0118	0.00738	0.00012	0.01009	0.00012	0.00605	0.04992	0.00012	0.0155	0.01061	0.01084	0.018	0.10297	0.01459	0.03603	0.03747	0.02723	0.02401	0.01747	0.00511	0.02194	0.00379	0.01523	0.0	0.0	0.0	0.0	0.0091	0.00012	0.00012	0.02039	0.03509	0.0	0.00012	0.39149	0.00738	0.00605	0.01009	0.00893	0.00012	0.00958	0.0091	0.00804	0.03252	0.06086	0.00012	0.01009	0.03938	0.00946	0.00024	0.00012	0.01362	0.01023	0.014	0.00012	0.01272	0.07436	0.01904	
0.03809	0.12305	0.00018	0.01055	0.02054	0.0	0.00018	0.1837	0.19783	0.01712	0.0	0.0	0.04068	0.10495	0.00018	8e-05	0.19262	8e-05	0.04657	0.03446	0.00989	0.06252	0.02892	0.34642	8e-05	8e-05	0.01781	0.01821	0.0	0.04365	0.00944	0.08757	0.04427	0.01642	0.0	0.0747	0.01034	0.0	0.0	0.0	8e-05	0.0326	0.24151	0.13723	0.03255	0.01938	0.26788	0.06227	8e-05	8e-05	8e-05	0.00916	8e-05	8e-05	0.21002	0.01646	0.02161	0.02779	0.01263	0.01137	0.02087	0.01263	0.05996	0.03283	8e-05	0.34642	8e-05	0.03815	0.04255	8e-05	0.24147	0.19914	0.05465	0.06292	0.01452	0.01452	0.05399	0.03261	0.02727	0.08298	0.02303	8e-05	8e-05	0.0153	0.2091	0.21906	0.01137	8e-05	0.01628	8e-05	0.00916	0.06646	8e-05	0.02752	0.27848	0.34642	0.18395	0.02147	0.24151	0.07173	0.19152	0.06142	0.04572	0.03718	0.01018	0.04682	0.08606	0.02606	0.0	0.0	0.0	0.0	0.01452	8e-05	8e-05	0.17291	0.06387	0.0	8e-05	0.01041	0.01137	0.00916	0.01628	0.01422	8e-05	0.28091	0.01452	0.01263	0.21363	0.02973	8e-05	0.01628	0.07003	0.01511	0.00022	8e-05	0.25355	0.01658	0.24832	8e-05	0.08632	0.06447	0.03775	
0.02166	0.09269	0.00029	0.02435	0.00629	0.0	0.00029	0.03345	0.06957	0.04201	0.0	0.0	0.02846	0.08295	0.00029	9e-05	0.0697	9e-05	0.01075	0.08801	0.02237	0.02649	0.0881	0.04321	9e-05	9e-05	0.08939	0.09189	0.0	0.04371	0.03941	0.08277	0.07755	0.03959	0.0747	0.0	0.04703	0.0	0.0	0.0	9e-05	0.10565	0.07007	0.01158	0.10443	0.1033	0.07145	0.06084	9e-05	9e-05	9e-05	0.02059	9e-05	9e-05	0.07575	0.04083	0.05623	0.07289	0.0593	0.02602	0.11386	0.0593	0.00149	0.04172	9e-05	0.04321	9e-05	0.02457	0.01589	9e-05	0.07005	0.11456	0.14239	0.05854	0.0699	0.0699	0.00024	0.08814	0.00303	0.00735	0.06213	9e-05	9e-05	0.06724	0.07767	0.06687	0.02602	9e-05	0.03913	9e-05	0.02059	0.07739	9e-05	0.09292	0.03896	0.04321	0.10698	0.01053	0.07007	0.05527	0.09878	0.08735	0.08429	0.05282	0.02304	0.03186	0.07754	0.00146	0.0	0.0	0.0	0.0	0.0699	9e-05	9e-05	0.11856	0.10305	0.0	9e-05	0.02371	0.02602	0.02059	0.03913	0.06819	9e-05	0.0368	0.0699	0.0593	0.00222	0.05106	9e-05	0.03913	0.09678	0.06729	0.00038	9e-05	0.03602	0.04003	0.08691	9e-05	0.28645	0.02302	0.03281	
0.10331	0.01086	0.00029	0.00485	0.00809	0.0	0.00029	0.01026	0.00895	0.00702	0.0	0.0	0.0141	0.0111	0.00029	0.00018	0.009	0.00018	0.01172	0.10853	0.00456	0.01226	0.00952	0.00715	0.00018	0.00018	0.00718	0.00731	0.0	0.01392	0.20852	0.02699	0.08217	0.00673	0.01034	0.04703	0.0	0.0	0.0	0.0	0.00018	0.0131	0.00901	0.03839	0.01085	0.0072	0.37941	0.01314	0.00018	0.00018	0.00018	0.00428	0.00018	0.00018	0.00785	0.00643	0.00793	0.01017	0.00549	0.00516	0.00761	0.00549	0.00065	0.02505	0.00018	0.00715	0.00018	0.01527	0.01447	0.00018	0.00897	0.01252	0.01829	0.01183	0.00613	0.00613	0.01117	0.01157	0.01002	0.01031	0.008	0.00018	0.00018	0.00646	0.00838	0.00747	0.00516	0.00018	0.00674	0.00018	0.00428	0.05167	0.00018	0.00959	0.0071	0.00715	0.01069	0.00829	0.00901	0.04961	0.05164	0.03743	0.01416	0.01242	0.02078	0.01288	0.03381	0.00967	0.0	0.0	0.0	0.0	0.00613	0.00018	0.00018	0.01199	0.01211	0.0	0.00018	0.00473	0.00516	0.00428	0.00674	0.00603	0.00018	0.00641	0.00613	0.00549	0.05989	0.05024	0.00018	0.00674	0.01234	0.00639	0.00032	0.00018	0.00846	0.0068	0.00866	0.00018	0.02261	0.03189	0.05109	
0.0	0.0	0.0	0.0	0.0	0.0	0.0	0.0	0.0	0.0	0.0	0.0	0.0	0.0	0.0	0.0	0.0	0.0	0.0	0.0	0.0	0.0	0.0	0.0	0.0	0.0	0.0	0.0	0.0	0.0	0.0	0.0	0.0	0.0	0.0	0.0	0.0	0.0	0.0	0.0	0.0	0.0	0.0	0.0	0.0	0.0	0.0	0.0	0.0	0.0	0.0	0.0	0.0	0.0	0.0	0.0	0.0	0.0	0.0	0.0	0.0	0.0	0.0	0.0	0.0	0.0	0.0	0.0	0.0	0.0	0.0	0.0	0.0	0.0	0.0	0.0	0.0	0.0	0.0	0.0	0.0	0.0	0.0	0.0	0.0	0.0	0.0	0.0	0.0	0.0	0.0	0.0	0.0	0.0	0.0	0.0	0.0	0.0	0.0	0.0	0.0	0.0	0.0	0.0	0.0	0.0	0.0	0.0	0.0	0.0	0.0	0.0	0.0	0.0	0.0	0.0	0.0	0.0	0.0	0.0	0.0	0.0	0.0	0.0	0.0	0.0	0.0	0.0	0.0	0.0	0.0	0.0	0.0	0.0	0.0	0.0	0.0	0.0	0.0	0.0	0.0	0.0	0.0	
0.0	0.0	0.0	0.0	0.0	0.0	0.0	0.0	0.0	0.0	0.0	0.0	0.0	0.0	0.0	0.0	0.0	0.0	0.0	0.0	0.0	0.0	0.0	0.0	0.0	0.0	0.0	0.0	0.0	0.0	0.0	0.0	0.0	0.0	0.0	0.0	0.0	0.0	0.0	0.0	0.0	0.0	0.0	0.0	0.0	0.0	0.0	0.0	0.0	0.0	0.0	0.0	0.0	0.0	0.0	0.0	0.0	0.0	0.0	0.0	0.0	0.0	0.0	0.0	0.0	0.0	0.0	0.0	0.0	0.0	0.0	0.0	0.0	0.0	0.0	0.0	0.0	0.0	0.0	0.0	0.0	0.0	0.0	0.0	0.0	0.0	0.0	0.0	0.0	0.0	0.0	0.0	0.0	0.0	0.0	0.0	0.0	0.0	0.0	0.0	0.0	0.0	0.0	0.0	0.0	0.0	0.0	0.0	0.0	0.0	0.0	0.0	0.0	0.0	0.0	0.0	0.0	0.0	0.0	0.0	0.0	0.0	0.0	0.0	0.0	0.0	0.0	0.0	0.0	0.0	0.0	0.0	0.0	0.0	0.0	0.0	0.0	0.0	0.0	0.0	0.0	0.0	0.0	
0.0	0.0	0.0	0.0	0.0	0.0	0.0	0.0	0.0	0.0	0.0	0.0	0.0	0.0	0.0	0.0	0.0	0.0	0.0	0.0	0.0	0.0	0.0	0.0	0.0	0.0	0.0	0.0	0.0	0.0	0.0	0.0	0.0	0.0	0.0	0.0	0.0	0.0	0.0	0.0	0.0	0.0	0.0	0.0	0.0	0.0	0.0	0.0	0.0	0.0	0.0	0.0	0.0	0.0	0.0	0.0	0.0	0.0	0.0	0.0	0.0	0.0	0.0	0.0	0.0	0.0	0.0	0.0	0.0	0.0	0.0	0.0	0.0	0.0	0.0	0.0	0.0	0.0	0.0	0.0	0.0	0.0	0.0	0.0	0.0	0.0	0.0	0.0	0.0	0.0	0.0	0.0	0.0	0.0	0.0	0.0	0.0	0.0	0.0	0.0	0.0	0.0	0.0	0.0	0.0	0.0	0.0	0.0	0.0	0.0	0.0	0.0	0.0	0.0	0.0	0.0	0.0	0.0	0.0	0.0	0.0	0.0	0.0	0.0	0.0	0.0	0.0	0.0	0.0	0.0	0.0	0.0	0.0	0.0	0.0	0.0	0.0	0.0	0.0	0.0	0.0	0.0	0.0	
7e-05	9e-05	0.0	0.00024	0.00012	0.0	0.0	5e-05	4e-05	0.00012	0.0	0.0	8e-05	7e-05	0.0	0.0	0.00012	0.0	6e-05	6e-05	0.00023	4e-05	3e-05	0.00011	0.0	0.0	0.00013	0.00013	0.0	3e-05	9e-05	2e-05	1e-05	0.00012	8e-05	9e-05	0.00018	0.0	0.0	0.0	0.0	6e-05	9e-05	2e-05	4e-05	6e-05	4e-05	2e-05	0.0	0.0	0.0	0.00021	0.0	0.0	5e-05	0.00019	0.00022	9e-05	0.00015	0.0004	5e-05	0.00015	0.0	9e-05	0.0	0.00011	0.0	9e-05	0.00013	0.0	4e-05	3e-05	4e-05	3e-05	0.00014	0.00014	7e-05	7e-05	9e-05	0.0001	8e-05	0.0	0.0	0.00014	4e-05	7e-05	0.0004	0.0	0.00023	0.0	0.00021	2e-05	0.0	4e-05	0.00014	0.00011	3e-05	9e-05	9e-05	1e-05	2e-05	3e-05	4e-05	0.00029	8e-05	2e-05	0.0001	9e-05	0.0	0.0	0.0	0.0	0.00014	0.0	0.0	1e-05	4e-05	0.0	0.0	0.00018	0.0004	0.00021	0.00023	0.00014	0.0	0.00014	0.00014	0.00015	9e-05	0.00019	0.0	0.00023	7e-05	0.00014	0.0	0.0	5e-05	0.00014	5e-05	0.0	9e-05	6e-05	0.0	
0.05355	0.14599	0.00039	0.01355	0.02712	0.0	0.00039	0.13873	0.362	0.19128	0.0	0.0	0.05592	0.03665	0.00039	6e-05	0.14129	6e-05	0.22414	0.04719	0.01249	0.05117	0.03981	0.02308	6e-05	6e-05	0.02319	0.02374	0.0	0.13449	0.00687	0.15976	0.06416	0.02129	0.0326	0.10565	0.0131	0.0	0.0	0.0	6e-05	0.0	0.15091	0.20803	0.33449	0.02573	0.0296	0.06085	6e-05	6e-05	6e-05	0.01155	6e-05	6e-05	0.14799	0.02159	0.16032	0.43796	0.01616	0.01444	0.02786	0.01616	0.0235	0.05603	6e-05	0.02308	6e-05	0.00605	0.05825	6e-05	0.15088	0.35404	0.03843	0.2921	0.01871	0.01871	0.02365	0.26208	0.04612	0.04239	0.14653	6e-05	6e-05	0.01997	0.14758	0.15176	0.01444	6e-05	0.19253	6e-05	0.01155	0.11334	6e-05	0.24178	0.1777	0.02308	0.07683	0.02826	0.15091	0.09986	0.07276	0.23896	0.05229	0.11155	0.10025	0.03612	0.01407	0.05235	0.0	0.0	0.0	0.0	0.01871	6e-05	6e-05	0.16539	0.02206	0.0	6e-05	0.01319	0.01444	0.01155	0.19253	0.0183	6e-05	0.17941	0.01871	0.01616	5e-05	0.06548	6e-05	0.19253	0.01994	0.01968	0.00046	6e-05	0.03221	0.02151	0.03334	6e-05	0.05677	0.01852	0.01995	
