0.0	0.39423	0.19762	0.10188	0.23435	0.36989	0.16382	0.32361	0.35651	0.0	0.0	0.26385	0.00218	0.00218	0.00218	0.00218	0.00218	0.00218	0.2706	0.81657	0.53068	0.46008	0.0	0.0	0.0	0.0	0.58964	0.19275	0.18483	0.78971	0.6474	0.38914	0.27406	0.01056	0.00218	0.00218	0.00218	0.00218	0.00218	0.00218	0.00218	0.00218	0.00218	0.0	0.2221	0.16478	0.11852	0.00218	0.00218	0.37191	0.18265	0.33466	0.26948	0.4319	0.77775	0.94698	2.15518	2.1783	0.0	0.0	0.0	0.0	0.0	0.15882	0.23194	0.33423	0.2432	0.0676	0.20819	0.16339	0.13546	0.16421	0.08273	0.18062	0.16187	0.12808	0.21959	0.43615	0.1521	0.50134	0.3468	0.0	0.74861	0.28523	0.04867	0.08029	0.19717	0.0	0.0	0.37867	0.34494	0.11535	0.12481	0.0718	0.00218	0.08273	0.08273	0.00218	0.00218	0.08273	0.00218	0.1065	0.00218	0.18049	0.08273	0.00218	0.15192	0.08326	0.20966	0.00218	0.00218	0.00218	0.00218	0.0	0.0	0.0	0.5314	0.12718	0.30477	0.36714	0.04128	0.11471	0.43864	0.26446	
0.39423	0.0	0.12527	0.158	0.15073	0.3224	0.20274	0.22605	0.39297	0.0	0.0	0.17239	0.00134	0.00134	0.00134	0.00134	0.00134	0.00134	0.21388	0.46044	1.25288	0.42059	0.0	0.0	0.0	0.0	0.2891	0.17596	0.24991	0.58241	0.47244	0.38284	0.14328	0.00872	0.00134	0.00134	0.00134	0.00134	0.00134	0.00134	0.00134	0.00134	0.00134	0.0	0.17425	0.25542	0.11801	0.00134	0.00134	0.37499	0.09139	0.31619	0.23991	0.36547	0.78466	1.13584	1.18321	1.19539	0.0	0.0	0.0	0.0	0.0	0.13806	0.25179	0.46571	0.22684	0.05296	0.30175	0.16901	0.19533	0.14873	0.05237	0.26519	0.21854	0.0684	0.28054	0.36849	0.10798	0.28347	0.27593	0.0	0.65646	0.14901	0.06193	0.11323	0.14241	0.0	0.0	0.25643	0.1317	0.08731	0.14877	0.05983	0.00134	0.05237	0.05237	0.00134	0.00134	0.05237	0.00134	0.05489	0.00134	0.11903	0.05237	0.00134	0.15453	0.05305	0.17711	0.00134	0.00134	0.00134	0.00134	0.0	0.0	0.0	0.30949	0.23679	0.41132	0.27835	0.03135	0.1956	0.14267	0.22502	
0.19762	0.12527	0.0	0.25666	0.14502	0.16054	0.16824	0.41212	0.21276	0.0	0.0	0.08508	0.00553	0.00553	0.00553	0.00553	0.00553	0.00553	0.23841	0.40563	0.45468	0.37018	0.0	0.0	0.0	0.0	0.17302	0.31691	0.29136	0.45213	0.17026	0.21751	0.15314	0.00165	0.00553	0.00553	0.00553	0.00553	0.00553	0.00553	0.00553	0.00553	0.00553	0.0	0.11711	0.08099	0.15072	0.00553	0.00553	0.23444	0.07543	0.09017	0.20358	0.37855	0.59134	0.96237	1.27526	1.28744	0.0	0.0	0.0	0.0	0.0	0.1672	0.37338	0.24286	0.12495	0.09323	0.14702	0.07006	0.12207	0.1572	0.07323	0.2032	0.20356	0.02482	0.10368	0.15376	0.1321	0.19264	0.18832	0.0	0.34299	0.12582	0.05299	0.1084	0.09875	0.0	0.0	0.25043	0.32848	0.01405	0.15562	0.06999	0.00553	0.07323	0.07323	0.00553	0.00553	0.07323	0.00553	0.15464	0.00553	0.14837	0.07323	0.00553	0.20874	0.07415	0.15151	0.00553	0.00553	0.00553	0.00553	0.0	0.0	0.0	0.26335	0.09976	0.08599	0.11208	0.06214	0.07861	0.07113	0.18374	
0.10188	0.158	0.25666	0.0	0.31593	0.22303	0.16945	0.20619	0.20175	0.0	0.0	0.23041	0.00152	0.00152	0.00152	0.00152	0.00152	0.00152	0.18956	0.53235	0.35045	0.30305	0.0	0.0	0.0	0.0	0.28496	0.06051	0.09986	0.77293	0.41202	0.25097	0.21206	0.0089	0.00152	0.00152	0.00152	0.00152	0.00152	0.00152	0.00152	0.00152	0.00152	0.0	0.14811	0.18062	0.20358	0.00152	0.00152	0.23	0.13847	0.1785	0.19365	0.28477	0.69694	0.67867	0.73874	0.71126	0.0	0.0	0.0	0.0	0.0	0.16227	0.28748	0.34387	0.07463	0.0186	0.15344	0.07936	0.0765	0.08213	0.04249	0.21751	0.28976	0.16856	0.27228	0.23233	0.24635	0.28556	0.19872	0.0	0.23426	0.19256	0.04279	0.12558	0.05353	0.0	0.0	0.0859	0.19963	0.23722	0.12986	0.11098	0.00152	0.04249	0.04249	0.00152	0.00152	0.04249	0.00152	0.0789	0.00152	0.07828	0.04249	0.00152	0.08269	0.04344	0.11242	0.00152	0.00152	0.00152	0.00152	0.0	0.0	0.0	0.17302	0.19652	0.20916	0.1648	0.38442	0.21489	0.14753	0.27818	
0.23435	0.15073	0.14502	0.31593	0.0	0.15098	0.08428	0.18492	0.16505	0.0	0.0	0.25736	0.00084	0.00084	0.00084	0.00084	0.00084	0.00084	0.16307	0.30285	0.1493	0.21526	0.0	0.0	0.0	0.0	0.19138	0.12222	0.1189	0.42486	0.11338	0.20491	0.21971	0.01151	0.00084	0.00084	0.00084	0.00084	0.00084	0.00084	0.00084	0.00084	0.00084	0.0	0.06083	0.13989	0.21623	0.00084	0.00084	0.12185	0.21673	0.12867	0.18457	0.36863	0.59238	0.40494	0.78322	0.32349	0.0	0.0	0.0	0.0	0.0	0.15926	0.29107	0.1736	0.12979	0.02285	0.13275	0.08708	0.04967	0.08943	0.0463	0.14187	0.22513	0.13213	0.30644	0.25809	0.12081	0.13794	0.2871	0.0	0.23481	0.11533	0.04579	0.10469	0.08044	0.0	0.0	0.17678	0.06858	0.0269	0.06741	0.03511	0.00084	0.0463	0.0463	0.00084	0.00084	0.0463	0.00084	0.03131	0.00084	0.0995	0.0463	0.00266	0.0972	0.05056	0.12676	0.00266	0.00266	0.00266	0.00266	0.0	0.0	0.0	0.20757	0.0864	0.1455	0.3998	0.07646	0.20106	0.25924	0.22211	
0.36989	0.3224	0.16054	0.22303	0.15098	0.0	0.1674	0.22903	0.28436	0.0	0.0	0.13998	0.00231	0.00231	0.00231	0.00231	0.00231	0.00231	0.18486	0.56217	0.39209	0.35172	0.0	0.0	0.0	0.0	0.22252	0.28593	0.39979	0.46162	0.13182	0.16581	0.14996	0.01292	0.00231	0.00231	0.00231	0.00231	0.00231	0.00231	0.00231	0.00231	0.00231	0.0	0.08362	0.2425	0.08855	0.00231	0.00231	0.46886	0.14343	0.26718	0.27164	0.28821	0.63443	0.61855	1.04857	0.58063	0.0	0.0	0.0	0.0	0.0	0.21939	0.14318	0.21812	0.148	0.04301	0.21199	0.08931	0.20921	0.10896	0.06638	0.11391	0.30235	0.14244	0.10934	0.13313	0.23821	0.17003	0.22799	0.0	0.29231	0.11251	0.05257	0.03835	0.04604	0.0	0.0	0.21236	0.09493	0.09724	0.12544	0.14326	0.00231	0.06638	0.06638	0.00231	0.00231	0.06638	0.00231	0.05689	0.00231	0.11518	0.06638	0.00116	0.1252	0.07181	0.12918	0.00116	0.00116	0.00116	0.00116	0.0	0.0	0.0	0.29544	0.20385	0.74194	0.29282	0.15446	0.15036	0.23499	0.48548	
0.16382	0.20274	0.16824	0.16945	0.08428	0.1674	0.0	0.13125	0.13558	0.0	0.0	0.17361	0.00381	0.00381	0.00381	0.00381	0.00381	0.00381	0.10826	0.89826	0.84275	0.52621	0.0	0.0	0.0	0.0	0.18972	0.1178	0.15314	0.23578	0.18161	0.22842	0.05346	0.00047	0.00381	0.00381	0.00381	0.00381	0.00381	0.00381	0.00381	0.00381	0.00381	0.0	0.17131	0.11559	0.08083	0.00381	0.00381	0.16047	0.0864	0.12799	0.23872	0.24265	0.23923	1.0455	0.4924	1.13163	0.0	0.0	0.0	0.0	0.0	0.10113	0.36525	0.20639	0.10221	0.05165	0.09216	0.06781	0.15765	0.12046	0.12732	0.08207	0.11481	0.1645	0.26932	0.25393	0.10875	0.08218	0.37877	0.0	0.14065	0.07942	0.03052	0.124	0.12737	0.0	0.0	0.17265	0.13516	0.18571	0.11569	0.02691	0.00381	0.12732	0.12732	0.00381	0.00381	0.12732	0.00381	0.3198	0.00381	0.43275	0.12732	0.00381	0.12102	0.12861	0.06489	0.00381	0.00381	0.00381	0.00381	0.0	0.0	0.0	0.25086	1.07401	0.13378	0.1243	0.17282	0.35928	0.18564	0.15807	
0.32361	0.22605	0.41212	0.20619	0.18492	0.22903	0.13125	0.0	0.45447	0.0	0.0	0.19234	0.00172	0.00172	0.00172	0.00172	0.00172	0.00172	0.3591	0.70638	1.08896	0.3708	0.0	0.0	0.0	0.0	0.43992	0.1328	0.18751	0.60689	0.19778	0.20604	0.2608	0.00433	0.00172	0.00172	0.00172	0.00172	0.00172	0.00172	0.00172	0.00172	0.00172	0.0	0.12475	0.22604	0.08682	0.00172	0.00172	0.2168	0.10334	0.17352	0.27895	0.39737	0.59708	1.2934	0.71273	0.68524	0.0	0.0	0.0	0.0	0.0	0.16941	0.29218	0.22886	0.41084	0.0824	0.25885	0.09273	0.21563	0.20613	0.11752	0.10876	0.1633	0.14738	0.30905	0.22669	0.41402	0.22267	0.2497	0.0	0.33097	0.15009	0.04517	0.12244	0.11386	0.0	0.0	0.31293	0.22702	0.07959	0.09186	0.04733	0.00172	0.11752	0.11752	0.00172	0.00172	0.11752	0.00172	0.0638	0.00172	0.13885	0.11752	0.00172	0.21637	0.1173	0.19393	0.00172	0.00172	0.00172	0.00172	0.0	0.0	0.0	0.46256	0.20956	0.18663	0.25505	0.07689	0.25941	0.26973	0.27028	
0.35651	0.39297	0.21276	0.20175	0.16505	0.28436	0.13558	0.45447	0.0	0.0	0.0	0.29371	0.00012	0.00012	0.00012	0.00012	0.00012	0.00012	0.29517	2.27714	1.14709	0.67524	0.0	0.0	0.0	0.0	0.67524	0.14668	0.20622	0.62175	0.61018	0.49231	0.5238	0.00012	0.00012	0.00012	0.00012	0.00012	0.00012	0.00012	0.00012	0.00012	0.00012	0.0	0.16248	0.20619	0.03782	0.00012	0.00012	0.37838	0.11355	0.2293	0.364	0.44347	0.74332	0.5008	0.99829	1.01047	0.0	0.0	0.0	0.0	0.0	0.20107	0.25024	0.21877	0.30199	0.07528	0.26276	0.14052	0.24414	0.31293	0.21752	0.11439	0.13118	0.1991	0.36399	0.38691	0.19295	0.14638	0.13612	0.0	0.64238	0.19225	0.08664	0.16387	0.08987	0.0	0.0	0.41687	0.17656	0.11386	0.2004	0.05134	0.00012	0.21752	0.21752	0.00012	0.00012	0.21752	0.00012	0.19909	0.00012	0.27123	0.21752	0.00012	0.50101	0.21599	0.14338	0.00012	0.00012	0.00012	0.00012	0.0	0.0	0.0	0.27673	0.18668	0.22985	0.18275	0.05399	0.23553	0.10776	0.392	
0.0	0.0	0.0	0.0	0.0	0.0	0.0	0.0	0.0	0.0	0.0	0.0	0.0	0.0	0.0	0.0	0.0	0.0	0.0	0.0	0.0	0.0	0.0	0.0	0.0	0.0	0.0	0.0	0.0	0.0	0.0	0.0	0.0	0.0	0.0	0.0	0.0	0.0	0.0	0.0	0.0	0.0	0.0	0.0	0.0	0.0	0.0	0.0	0.0	0.0	0.0	0.0	0.0	0.0	0.0	0.0	0.0	0.0	0.0	0.0	0.0	0.0	0.0	0.0	0.0	0.0	0.0	0.0	0.0	0.0	0.0	0.0	0.0	0.0	0.0	0.0	0.0	0.0	0.0	0.0	0.0	0.0	0.0	0.0	0.0	0.0	0.0	0.0	0.0	0.0	0.0	0.0	0.0	0.0	0.0	0.0	0.0	0.0	0.0	0.0	0.0	0.0	0.0	0.0	0.0	0.0	0.0	0.0	0.0	0.0	0.0	0.0	0.0	0.0	0.0	0.0	0.0	0.0	0.0	0.0	0.0	0.0	0.0	0.0	
0.0	0.0	0.0	0.0	0.0	0.0	0.0	0.0	0.0	0.0	0.0	0.0	0.0	0.0	0.0	0.0	0.0	0.0	0.0	0.0	0.0	0.0	0.0	0.0	0.0	0.0	0.0	0.0	0.0	0.0	0.0	0.0	0.0	0.0	0.0	0.0	0.0	0.0	0.0	0.0	0.0	0.0	0.0	0.0	0.0	0.0	0.0	0.0	0.0	0.0	0.0	0.0	0.0	0.0	0.0	0.0	0.0	0.0	0.0	0.0	0.0	0.0	0.0	0.0	0.0	0.0	0.0	0.0	0.0	0.0	0.0	0.0	0.0	0.0	0.0	0.0	0.0	0.0	0.0	0.0	0.0	0.0	0.0	0.0	0.0	0.0	0.0	0.0	0.0	0.0	0.0	0.0	0.0	0.0	0.0	0.0	0.0	0.0	0.0	0.0	0.0	0.0	0.0	0.0	0.0	0.0	0.0	0.0	0.0	0.0	0.0	0.0	0.0	0.0	0.0	0.0	0.0	0.0	0.0	0.0	0.0	0.0	0.0	0.0	
0.26385	0.17239	0.08508	0.23041	0.25736	0.13998	0.17361	0.19234	0.29371	0.0	0.0	0.0	0.00017	0.00017	0.00017	0.00017	0.00017	0.00017	0.14407	0.35077	0.69192	0.40739	0.0	0.0	0.0	0.0	0.16722	0.09602	0.20758	0.82217	0.11521	0.19115	0.19313	0.00478	0.00017	0.00017	0.00017	0.00017	0.00017	0.00017	0.00017	0.00017	0.00017	0.0	0.09429	0.1574	0.09805	0.00017	0.00017	0.29737	0.23174	0.15115	0.43177	0.27283	0.66086	0.73392	0.40182	0.88119	0.0	0.0	0.0	0.0	0.0	0.2006	0.17615	0.24799	0.24573	0.02269	0.24821	0.0483	0.14348	0.27672	0.2892	0.10709	0.15528	0.29592	0.53606	0.48114	0.18221	0.08901	0.34523	0.0	0.23492	0.14429	0.06195	0.11004	0.1308	0.0	0.0	0.25988	0.11092	0.17012	0.29404	0.182	0.00017	0.2892	0.2892	0.00017	0.00017	0.2892	0.00017	0.19062	0.00017	0.27614	0.2892	0.00177	0.33027	0.29699	0.05061	0.00177	0.00177	0.00177	0.00177	0.0	0.0	0.0	0.27541	0.19399	0.2024	0.30411	0.32244	0.15647	0.30126	0.22249	
0.00218	0.00134	0.00553	0.00152	0.00084	0.00231	0.00381	0.00172	0.00012	0.0	0.0	0.00017	0.0	0.0	0.0	0.0	0.0	0.0	0.00069	0.00196	0.00029	0.00142	0.0	0.0	0.0	0.0	0.00051	0.00254	0.00324	0.00161	0.00025	0.00147	0.00021	0.0	0.0	0.0	0.0	0.0	0.0	0.0	0.0	0.0	0.0	0.0	0.00159	7e-05	0.00759	0.0	0.0	0.00199	0.00047	0.00062	0.00144	0.00122	0.00135	0.00015	0.00364	0.00264	0.0	0.0	0.0	0.0	0.0	0.00151	0.00337	0.00011	0.0008	0.00201	0.00013	0.0017	0.00093	0.0001	0.00022	0.0024	0.00388	0.00024	0.00016	0.00055	0.00028	9e-05	0.00021	0.0	0.00181	0.00025	0.00037	0.00063	0.00082	0.0	0.0	0.00174	0.00166	0.00067	0.00408	0.00281	0.0	0.00022	0.00022	0.0	0.0	0.00022	0.0	8e-05	0.0	0.00025	0.00022	0.0	0.0006	0.00026	0.00171	0.0	0.0	0.0	0.0	0.0	0.0	0.0	0.00392	0.00356	0.00023	0.00372	0.00157	0.0009	0.00092	0.00067	
0.00218	0.00134	0.00553	0.00152	0.00084	0.00231	0.00381	0.00172	0.00012	0.0	0.0	0.00017	0.0	0.0	0.0	0.0	0.0	0.0	0.00069	0.00196	0.00029	0.00142	0.0	0.0	0.0	0.0	0.00051	0.00254	0.00324	0.00161	0.00025	0.00147	0.00021	0.0	0.0	0.0	0.0	0.0	0.0	0.0	0.0	0.0	0.0	0.0	0.00159	7e-05	0.00759	0.0	0.0	0.00199	0.00047	0.00062	0.00144	0.00122	0.00135	0.00015	0.00364	0.00264	0.0	0.0	0.0	0.0	0.0	0.00151	0.00337	0.00011	0.0008	0.00201	0.00013	0.0017	0.00093	0.0001	0.00022	0.0024	0.00388	0.00024	0.00016	0.00055	0.00028	9e-05	0.00021	0.0	0.00181	0.00025	0.00037	0.00063	0.00082	0.0	0.0	0.00174	0.00166	0.00067	0.00408	0.00281	0.0	0.00022	0.00022	0.0	0.0	0.00022	0.0	8e-05	0.0	0.00025	0.00022	0.0	0.0006	0.00026	0.00171	0.0	0.0	0.0	0.0	0.0	0.0	0.0	0.00392	0.00356	0.00023	0.00372	0.00157	0.0009	0.00092	0.00067	
0.00218	0.00134	0.00553	0.00152	0.00084	0.00231	0.00381	0.00172	0.00012	0.0	0.0	0.00017	0.0	0.0	0.0	0.0	0.0	0.0	0.00069	0.00196	0.00029	0.00142	0.0	0.0	0.0	0.0	0.00051	0.00254	0.00324	0.00161	0.00025	0.00147	0.00021	0.0	0.0	0.0	0.0	0.0	0.0	0.0	0.0	0.0	0.0	0.0	0.00159	7e-05	0.00759	0.0	0.0	0.00199	0.00047	0.00062	0.00144	0.00122	0.00135	0.00015	0.00364	0.00264	0.0	0.0	0.0	0.0	0.0	0.00151	0.00337	0.00011	0.0008	0.00201	0.00013	0.0017	0.00093	0.0001	0.00022	0.0024	0.00388	0.00024	0.00016	0.00055	0.00028	9e-05	0.00021	0.0	0.00181	0.00025	0.00037	0.00063	0.00082	0.0	0.0	0.00174	0.00166	0.00067	0.00408	0.00281	0.0	0.00022	0.00022	0.0	0.0	0.00022	0.0	8e-05	0.0	0.00025	0.00022	0.0	0.0006	0.00026	0.00171	0.0	0.0	0.0	0.0	0.0	0.0	0.0	0.00392	0.00356	0.00023	0.00372	0.00157	0.0009	0.00092	0.00067	
0.00218	0.00134	0.00553	0.00152	0.00084	0.00231	0.00381	0.00172	0.00012	0.0	0.0	0.00017	0.0	0.0	0.0	0.0	0.0	0.0	0.00069	0.00196	0.00029	0.00142	0.0	0.0	0.0	0.0	0.00051	0.00254	0.00324	0.00161	0.00025	0.00147	0.00021	0.0	0.0	0.0	0.0	0.0	0.0	0.0	0.0	0.0	0.0	0.0	0.00159	7e-05	0.00759	0.0	0.0	0.00199	0.00047	0.00062	0.00144	0.00122	0.00135	0.00015	0.00364	0.00264	0.0	0.0	0.0	0.0	0.0	0.00151	0.00337	0.00011	0.0008	0.00201	0.00013	0.0017	0.00093	0.0001	0.00022	0.0024	0.00388	0.00024	0.00016	0.00055	0.00028	9e-05	0.00021	0.0	0.00181	0.00025	0.00037	0.00063	0.00082	0.0	0.0	0.00174	0.00166	0.00067	0.00408	0.00281	0.0	0.00022	0.00022	0.0	0.0	0.00022	0.0	8e-05	0.0	0.00025	0.00022	0.0	0.0006	0.00026	0.00171	0.0	0.0	0.0	0.0	0.0	0.0	0.0	0.00392	0.00356	0.00023	0.00372	0.00157	0.0009	0.00092	0.00067	
0.00218	0.00134	0.00553	0.00152	0.00084	0.00231	0.00381	0.00172	0.00012	0.0	0.0	0.00017	0.0	0.0	0.0	0.0	0.0	0.0	0.00069	0.00196	0.00029	0.00142	0.0	0.0	0.0	0.0	0.00051	0.00254	0.00324	0.00161	0.00025	0.00147	0.00021	0.0	0.0	0.0	0.0	0.0	0.0	0.0	0.0	0.0	0.0	0.0	0.00159	7e-05	0.00759	0.0	0.0	0.00199	0.00047	0.00062	0.00144	0.00122	0.00135	0.00015	0.00364	0.00264	0.0	0.0	0.0	0.0	0.0	0.00151	0.00337	0.00011	0.0008	0.00201	0.00013	0.0017	0.00093	0.0001	0.00022	0.0024	0.00388	0.00024	0.00016	0.00055	0.00028	9e-05	0.00021	0.0	0.00181	0.00025	0.00037	0.00063	0.00082	0.0	0.0	0.00174	0.00166	0.00067	0.00408	0.00281	0.0	0.00022	0.00022	0.0	0.0	0.00022	0.0	8e-05	0.0	0.00025	0.00022	0.0	0.0006	0.00026	0.00171	0.0	0.0	0.0	0.0	0.0	0.0	0.0	0.00392	0.00356	0.00023	0.00372	0.00157	0.0009	0.00092	0.00067	
0.00218	0.00134	0.00553	0.00152	0.00084	0.00231	0.00381	0.00172	0.00012	0.0	0.0	0.00017	0.0	0.0	0.0	0.0	0.0	0.0	0.00069	0.00196	0.00029	0.00142	0.0	0.0	0.0	0.0	0.00051	0.00254	0.00324	0.00161	0.00025	0.00147	0.00021	0.0	0.0	0.0	0.0	0.0	0.0	0.0	0.0	0.0	0.0	0.0	0.00159	7e-05	0.00759	0.0	0.0	0.00199	0.00047	0.00062	0.00144	0.00122	0.00135	0.00015	0.00364	0.00264	0.0	0.0	0.0	0.0	0.0	0.00151	0.00337	0.00011	0.0008	0.00201	0.00013	0.0017	0.00093	0.0001	0.00022	0.0024	0.00388	0.00024	0.00016	0.00055	0.00028	9e-05	0.00021	0.0	0.00181	0.00025	0.00037	0.00063	0.00082	0.0	0.0	0.00174	0.00166	0.00067	0.00408	0.00281	0.0	0.00022	0.00022	0.0	0.0	0.00022	0.0	8e-05	0.0	0.00025	0.00022	0.0	0.0006	0.00026	0.00171	0.0	0.0	0.0	0.0	0.0	0.0	0.0	0.00392	0.00356	0.00023	0.00372	0.00157	0.0009	0.00092	0.00067	
0.2706	0.21388	0.23841	0.18956	0.16307	0.18486	0.10826	0.3591	0.29517	0.0	0.0	0.14407	0.00069	0.00069	0.00069	0.00069	0.00069	0.00069	0.0	0.40966	0.38809	0.60281	0.0	0.0	0.0	0.0	0.23324	0.09195	0.19122	0.26371	0.09825	0.09585	0.13394	0.00531	0.00069	0.00069	0.00069	0.00069	0.00069	0.00069	0.00069	0.00069	0.00069	0.0	0.04954	0.24771	0.06454	0.00069	0.00069	0.23382	0.07185	0.19519	0.25309	0.1855	0.32562	0.78512	0.46811	0.97167	0.0	0.0	0.0	0.0	0.0	0.14746	0.13777	0.12949	0.32734	0.04481	0.2793	0.15608	0.22553	0.13855	0.03861	0.05819	0.16683	0.06962	0.40126	0.22229	0.33481	0.21317	0.18204	0.0	0.33236	0.09552	0.0259	0.11046	0.10014	0.0	0.0	0.20027	0.11727	0.01921	0.02898	0.05905	0.00069	0.03861	0.03861	0.00069	0.00069	0.03861	0.00069	0.06233	0.00069	0.05718	0.03861	0.00436	0.05945	0.04026	0.37687	0.00436	0.00436	0.00436	0.00436	0.0	0.0	0.0	0.39055	0.10599	0.22078	0.14875	0.07664	0.19209	0.3006	0.32554	
0.81657	0.46044	0.40563	0.53235	0.30285	0.56217	0.89826	0.70638	2.27714	0.0	0.0	0.35077	0.00196	0.00196	0.00196	0.00196	0.00196	0.00196	0.40966	0.0	0.13339	0.05716	0.0	0.0	0.0	0.0	0.50747	0.20071	0.20971	1.78876	0.29861	0.31342	0.63006	0.00196	0.00196	0.00196	0.00196	0.00196	0.00196	0.00196	0.00196	0.00196	0.00196	0.0	0.50109	0.39036	0.16666	0.00196	0.00196	0.48974	0.31627	0.32387	0.44461	0.91608	0.96775	0.77062	2.02695	0.0	0.0	0.0	0.0	0.0	0.0	0.38616	0.89117	0.46958	0.42011	0.11573	0.39028	0.18703	0.5257	0.23276	0.18356	0.16764	0.41706	0.33552	0.36205	0.41378	0.22555	0.22228	0.48846	0.0	0.41652	0.28093	0.06709	0.27512	0.21515	0.0	0.0	0.87754	0.49707	0.78068	0.26088	0.26763	0.00196	0.18356	0.18356	0.00196	0.00196	0.18356	0.00196	0.32048	0.00196	0.51517	0.18356	0.00196	0.31441	0.18077	0.19983	0.00196	0.00196	0.00196	0.00196	0.0	0.0	0.0	0.64267	0.57039	0.40546	0.52085	0.27927	0.41053	0.6805	0.67167	
0.53068	1.25288	0.45468	0.35045	0.1493	0.39209	0.84275	1.08896	1.14709	0.0	0.0	0.69192	0.00029	0.00029	0.00029	0.00029	0.00029	0.00029	0.38809	0.13339	0.0	0.08204	0.0	0.0	0.0	0.0	0.30024	0.19392	0.47455	2.50657	0.36132	0.2875	0.3808	0.00029	0.00029	0.00029	0.00029	0.00029	0.00029	0.00029	0.00029	0.00029	0.00029	0.0	0.58768	0.36974	0.15696	0.00029	0.00029	0.5277	0.3336	0.35831	0.72903	0.74573	0.97253	2.21891	1.67691	1.11371	0.0	0.0	0.0	0.0	0.0	0.31826	0.37136	0.91416	0.53621	0.10851	0.36966	0.17633	0.49848	0.33855	0.28664	0.43693	0.22765	0.1588	0.85816	0.93002	0.20943	0.29968	0.52618	0.0	0.86229	0.36026	0.06225	0.29706	0.60565	0.0	0.0	0.82139	0.90399	0.3025	0.24501	0.10147	0.00029	0.28664	0.28664	0.00029	0.00029	0.28664	0.00029	0.16719	0.00029	0.33472	0.28664	0.00029	0.6474	0.28369	0.18851	0.00029	0.00029	0.00029	0.00029	0.0	0.0	0.0	0.68677	1.41698	0.41558	0.15934	0.309	1.17839	0.25246	0.46685	
0.46008	0.42059	0.37018	0.30305	0.21526	0.35172	0.52621	0.3708	0.67524	0.0	0.0	0.40739	0.00142	0.00142	0.00142	0.00142	0.00142	0.00142	0.60281	0.05716	0.08204	0.0	0.0	0.0	0.0	0.0	0.27683	0.5141	0.16316	1.16974	0.26653	0.25791	0.14736	0.00142	0.00142	0.00142	0.00142	0.00142	0.00142	0.00142	0.00142	0.00142	0.00142	0.0	0.56946	0.57435	0.24437	0.00142	0.00142	0.29426	0.28696	0.26418	0.48142	0.64585	0.91207	0.71494	1.44587	0.88267	0.0	0.0	0.0	0.0	0.0	0.7517	0.14291	0.39823	0.75067	0.16924	0.57423	0.27442	0.77399	0.47421	0.4016	0.15836	0.24114	0.15519	0.34739	0.41925	0.20717	0.22418	0.24956	0.0	1.05602	0.29681	0.09749	0.33558	0.2511	0.0	0.0	0.32387	0.42682	0.2595	0.25835	0.08362	0.00142	0.4016	0.4016	0.00142	0.00142	0.4016	0.00142	0.15996	0.00142	0.36777	0.4016	0.00142	0.36287	0.39748	0.2933	0.00142	0.00142	0.00142	0.00142	0.0	0.0	0.0	0.87122	0.55413	0.39793	0.07323	0.24748	0.35997	0.26248	0.39688	
0.0	0.0	0.0	0.0	0.0	0.0	0.0	0.0	0.0	0.0	0.0	0.0	0.0	0.0	0.0	0.0	0.0	0.0	0.0	0.0	0.0	0.0	0.0	0.0	0.0	0.0	0.0	0.0	0.0	0.0	0.0	0.0	0.0	0.0	0.0	0.0	0.0	0.0	0.0	0.0	0.0	0.0	0.0	0.0	0.0	0.0	0.0	0.0	0.0	0.0	0.0	0.0	0.0	0.0	0.0	0.0	0.0	0.0	0.0	0.0	0.0	0.0	0.0	0.0	0.0	0.0	0.0	0.0	0.0	0.0	0.0	0.0	0.0	0.0	0.0	0.0	0.0	0.0	0.0	0.0	0.0	0.0	0.0	0.0	0.0	0.0	0.0	0.0	0.0	0.0	0.0	0.0	0.0	0.0	0.0	0.0	0.0	0.0	0.0	0.0	0.0	0.0	0.0	0.0	0.0	0.0	0.0	0.0	0.0	0.0	0.0	0.0	0.0	0.0	0.0	0.0	0.0	0.0	0.0	0.0	0.0	0.0	0.0	0.0	
0.0	0.0	0.0	0.0	0.0	0.0	0.0	0.0	0.0	0.0	0.0	0.0	0.0	0.0	0.0	0.0	0.0	0.0	0.0	0.0	0.0	0.0	0.0	0.0	0.0	0.0	0.0	0.0	0.0	0.0	0.0	0.0	0.0	0.0	0.0	0.0	0.0	0.0	0.0	0.0	0.0	0.0	0.0	0.0	0.0	0.0	0.0	0.0	0.0	0.0	0.0	0.0	0.0	0.0	0.0	0.0	0.0	0.0	0.0	0.0	0.0	0.0	0.0	0.0	0.0	0.0	0.0	0.0	0.0	0.0	0.0	0.0	0.0	0.0	0.0	0.0	0.0	0.0	0.0	0.0	0.0	0.0	0.0	0.0	0.0	0.0	0.0	0.0	0.0	0.0	0.0	0.0	0.0	0.0	0.0	0.0	0.0	0.0	0.0	0.0	0.0	0.0	0.0	0.0	0.0	0.0	0.0	0.0	0.0	0.0	0.0	0.0	0.0	0.0	0.0	0.0	0.0	0.0	0.0	0.0	0.0	0.0	0.0	0.0	
0.0	0.0	0.0	0.0	0.0	0.0	0.0	0.0	0.0	0.0	0.0	0.0	0.0	0.0	0.0	0.0	0.0	0.0	0.0	0.0	0.0	0.0	0.0	0.0	0.0	0.0	0.0	0.0	0.0	0.0	0.0	0.0	0.0	0.0	0.0	0.0	0.0	0.0	0.0	0.0	0.0	0.0	0.0	0.0	0.0	0.0	0.0	0.0	0.0	0.0	0.0	0.0	0.0	0.0	0.0	0.0	0.0	0.0	0.0	0.0	0.0	0.0	0.0	0.0	0.0	0.0	0.0	0.0	0.0	0.0	0.0	0.0	0.0	0.0	0.0	0.0	0.0	0.0	0.0	0.0	0.0	0.0	0.0	0.0	0.0	0.0	0.0	0.0	0.0	0.0	0.0	0.0	0.0	0.0	0.0	0.0	0.0	0.0	0.0	0.0	0.0	0.0	0.0	0.0	0.0	0.0	0.0	0.0	0.0	0.0	0.0	0.0	0.0	0.0	0.0	0.0	0.0	0.0	0.0	0.0	0.0	0.0	0.0	0.0	
0.0	0.0	0.0	0.0	0.0	0.0	0.0	0.0	0.0	0.0	0.0	0.0	0.0	0.0	0.0	0.0	0.0	0.0	0.0	0.0	0.0	0.0	0.0	0.0	0.0	0.0	0.0	0.0	0.0	0.0	0.0	0.0	0.0	0.0	0.0	0.0	0.0	0.0	0.0	0.0	0.0	0.0	0.0	0.0	0.0	0.0	0.0	0.0	0.0	0.0	0.0	0.0	0.0	0.0	0.0	0.0	0.0	0.0	0.0	0.0	0.0	0.0	0.0	0.0	0.0	0.0	0.0	0.0	0.0	0.0	0.0	0.0	0.0	0.0	0.0	0.0	0.0	0.0	0.0	0.0	0.0	0.0	0.0	0.0	0.0	0.0	0.0	0.0	0.0	0.0	0.0	0.0	0.0	0.0	0.0	0.0	0.0	0.0	0.0	0.0	0.0	0.0	0.0	0.0	0.0	0.0	0.0	0.0	0.0	0.0	0.0	0.0	0.0	0.0	0.0	0.0	0.0	0.0	0.0	0.0	0.0	0.0	0.0	0.0	
0.58964	0.2891	0.17302	0.28496	0.19138	0.22252	0.18972	0.43992	0.67524	0.0	0.0	0.16722	0.00051	0.00051	0.00051	0.00051	0.00051	0.00051	0.23324	0.50747	0.30024	0.27683	0.0	0.0	0.0	0.0	0.0	0.09228	0.18553	0.46212	0.21313	0.23484	0.2955	0.00051	0.00051	0.00051	0.00051	0.00051	0.00051	0.00051	0.00051	0.00051	0.00051	0.0	0.22488	0.19917	0.12795	0.00051	0.00051	0.4138	0.18885	0.21439	0.23689	0.53372	0.35133	0.53432	1.10801	0.86314	0.0	0.0	0.0	0.0	0.0	0.13991	0.36806	0.24824	0.20563	0.0906	0.2463	0.14373	0.24517	0.16461	0.09142	0.22768	0.14468	0.21745	0.14782	0.19198	0.28314	0.19319	0.19331	0.0	0.60756	0.2262	0.09145	0.19576	0.12159	0.0	0.0	0.38907	0.25257	0.20503	0.2785	0.17643	0.00051	0.09142	0.09142	0.00051	0.00051	0.09142	0.00051	0.06771	0.00051	0.15565	0.09142	0.00399	0.15852	0.09427	0.23381	0.00399	0.00399	0.00399	0.00399	0.0	0.0	0.0	0.49011	0.2217	0.18851	0.29786	0.21467	0.28458	0.1943	0.50885	
0.19275	0.17596	0.31691	0.06051	0.12222	0.28593	0.1178	0.1328	0.14668	0.0	0.0	0.09602	0.00254	0.00254	0.00254	0.00254	0.00254	0.00254	0.09195	0.20071	0.19392	0.5141	0.0	0.0	0.0	0.0	0.09228	0.0	0.146	0.22482	0.06213	0.11285	0.14106	0.00166	0.00254	0.00254	0.00254	0.00254	0.00254	0.00254	0.00254	0.00254	0.00254	0.0	0.13258	0.14434	0.04842	0.00254	0.00254	0.10307	0.30067	0.17026	0.19182	0.51653	0.23791	0.19464	0.70284	0.45797	0.0	0.0	0.0	0.0	0.0	0.13943	0.14845	0.22442	0.16678	0.05345	0.1723	0.1063	0.15292	0.06699	0.04518	0.08219	0.21814	0.08222	0.10614	0.26304	0.16644	0.04154	0.35333	0.0	0.34891	0.05698	0.03109	0.21105	0.0545	0.0	0.0	0.12621	0.10342	0.05317	0.1627	0.09005	0.00254	0.04518	0.04518	0.00254	0.00254	0.04518	0.00254	0.02697	0.00254	0.13137	0.04518	0.00135	0.14065	0.04715	0.10688	0.00135	0.00135	0.00135	0.00135	0.0	0.0	0.0	0.16954	0.06646	0.17074	0.08314	0.12068	0.04216	0.1553	0.16763	
0.18483	0.24991	0.29136	0.09986	0.1189	0.39979	0.15314	0.18751	0.20622	0.0	0.0	0.20758	0.00324	0.00324	0.00324	0.00324	0.00324	0.00324	0.19122	0.20971	0.47455	0.16316	0.0	0.0	0.0	0.0	0.18553	0.146	0.0	0.4558	0.07691	0.29945	0.07564	0.00169	0.00324	0.00324	0.00324	0.00324	0.00324	0.00324	0.00324	0.00324	0.00324	0.0	0.10498	0.08677	0.04038	0.00324	0.00324	0.35854	0.15933	0.17941	0.24748	0.30374	0.53595	0.31403	0.98034	0.73546	0.0	0.0	0.0	0.0	0.0	0.14229	0.21073	0.21896	0.075	0.04443	0.07274	0.10961	0.11377	0.0536	0.03743	0.10223	0.21108	0.07432	0.15825	0.15296	0.0768	0.25576	0.19049	0.0	0.12617	0.07545	0.02638	0.08405	0.06912	0.0	0.0	0.56371	0.20863	0.09574	0.12017	0.07113	0.00324	0.03743	0.03743	0.00324	0.00324	0.03743	0.00324	0.05748	0.00324	0.05164	0.03743	0.00207	0.17552	0.03877	0.10236	0.00207	0.00207	0.00207	0.00207	0.0	0.0	0.0	0.27273	0.19295	0.23534	0.0838	0.04384	0.22218	0.19745	0.27082	
0.78971	0.58241	0.45213	0.77293	0.42486	0.46162	0.23578	0.60689	0.62175	0.0	0.0	0.82217	0.00161	0.00161	0.00161	0.00161	0.00161	0.00161	0.26371	1.78876	2.50657	1.16974	0.0	0.0	0.0	0.0	0.46212	0.22482	0.4558	0.0	0.27252	0.43475	0.28442	0.00161	0.00161	0.00161	0.00161	0.00161	0.00161	0.00161	0.00161	0.00161	0.00161	0.0	0.37312	0.38945	0.14855	0.00161	0.00161	0.31535	0.24171	0.32303	0.64892	0.74228	2.3255	1.82749	2.47897	2.00165	0.0	0.0	0.0	0.0	0.0	0.32536	0.52155	0.69944	0.29114	0.1775	0.47075	0.16673	0.43197	0.17482	0.09564	0.33613	0.4863	0.24527	0.48703	0.85768	0.25818	0.25304	0.80612	0.0	0.91296	0.61836	0.21266	0.21944	0.61589	0.0	0.0	0.39727	0.56591	0.59526	0.46669	0.28113	0.00161	0.09564	0.09564	0.00161	0.00161	0.09564	0.00161	0.17078	0.00161	0.17074	0.09564	0.00856	0.40303	0.10576	0.15459	0.00856	0.00856	0.00856	0.00856	0.0	0.0	0.0	0.54117	0.28045	0.46464	0.39192	0.72785	0.43548	0.35272	0.65916	
0.6474	0.47244	0.17026	0.41202	0.11338	0.13182	0.18161	0.19778	0.61018	0.0	0.0	0.11521	0.00025	0.00025	0.00025	0.00025	0.00025	0.00025	0.09825	0.29861	0.36132	0.26653	0.0	0.0	0.0	0.0	0.21313	0.06213	0.07691	0.27252	0.0	0.09015	0.1671	0.00025	0.00025	0.00025	0.00025	0.00025	0.00025	0.00025	0.00025	0.00025	0.00025	0.0	0.49285	0.09258	0.20697	0.00025	0.00025	0.26253	0.25562	0.19495	0.11734	0.23546	0.36557	0.84842	0.98289	0.73802	0.0	0.0	0.0	0.0	0.0	0.21785	0.17167	0.50518	0.13135	0.03273	0.13614	0.23255	0.16344	0.12278	0.05769	0.57082	0.17253	0.05862	0.14477	0.16772	0.10924	0.64227	0.10184	0.0	0.60275	0.49814	0.03887	0.08708	0.09476	0.0	0.0	0.21245	0.17839	0.16112	0.26291	0.04045	0.00025	0.05769	0.05769	0.00025	0.00025	0.05769	0.00025	0.09357	0.00025	0.08272	0.05769	0.00021	0.2059	0.06259	0.12334	0.00021	0.00021	0.00021	0.00021	0.0	0.0	0.0	0.24079	0.15755	0.16088	0.10672	0.18405	0.20483	0.17988	0.31781	
0.38914	0.38284	0.21751	0.25097	0.20491	0.16581	0.22842	0.20604	0.49231	0.0	0.0	0.19115	0.00147	0.00147	0.00147	0.00147	0.00147	0.00147	0.09585	0.31342	0.2875	0.25791	0.0	0.0	0.0	0.0	0.23484	0.11285	0.29945	0.43475	0.09015	0.0	0.09048	0.00147	0.00147	0.00147	0.00147	0.00147	0.00147	0.00147	0.00147	0.00147	0.00147	0.0	0.04494	0.03825	0.18833	0.00147	0.00147	0.1757	0.0912	0.11186	0.23164	0.19037	0.25657	0.26651	0.59879	0.5753	0.0	0.0	0.0	0.0	0.0	0.07027	0.16575	0.08707	0.09222	0.04246	0.10627	0.15541	0.09729	0.12971	0.06072	0.10331	0.16947	0.02262	0.13884	0.30123	0.10507	0.01715	0.10323	0.0	0.38588	0.05161	0.04068	0.09285	0.05308	0.0	0.0	0.18836	0.09824	0.07138	0.22817	0.02372	0.00147	0.06072	0.06072	0.00147	0.00147	0.06072	0.00147	0.01961	0.00147	0.12235	0.06072	0.00106	0.0999	0.06508	0.1027	0.00106	0.00106	0.00106	0.00106	0.0	0.0	0.0	0.30758	0.31364	0.11803	0.13243	0.08126	0.30159	0.14868	0.40029	
0.27406	0.14328	0.15314	0.21206	0.21971	0.14996	0.05346	0.2608	0.5238	0.0	0.0	0.19313	0.00021	0.00021	0.00021	0.00021	0.00021	0.00021	0.13394	0.63006	0.3808	0.14736	0.0	0.0	0.0	0.0	0.2955	0.14106	0.07564	0.28442	0.1671	0.09048	0.0	0.00021	0.00021	0.00021	0.00021	0.00021	0.00021	0.00021	0.00021	0.00021	0.00021	0.0	0.21622	0.07185	0.05015	0.00021	0.00021	0.35478	0.07269	0.09714	0.221	0.29214	0.65489	0.3286	0.38788	0.39878	0.0	0.0	0.0	0.0	0.0	0.23242	0.25731	0.15927	0.22386	0.03448	0.08818	0.05949	0.08157	0.19675	0.21969	0.1002	0.1054	0.21697	0.18768	0.25377	0.07294	0.171	0.14997	0.0	0.41877	0.1611	0.02923	0.20404	0.08008	0.0	0.0	0.32439	0.23002	0.12848	0.07816	0.07173	0.00021	0.21969	0.21969	0.00021	0.00021	0.21969	0.00021	0.09401	0.00021	0.19684	0.21969	0.00088	0.49509	0.21943	0.07424	0.00088	0.00088	0.00088	0.00088	0.0	0.0	0.0	0.11682	0.08057	0.12486	0.08814	0.01993	0.09076	0.09577	0.11434	
0.01056	0.00872	0.00165	0.0089	0.01151	0.01292	0.00047	0.00433	0.00012	0.0	0.0	0.00478	0.0	0.0	0.0	0.0	0.0	0.0	0.00531	0.00196	0.00029	0.00142	0.0	0.0	0.0	0.0	0.00051	0.00166	0.00169	0.00161	0.00025	0.00147	0.00021	0.0	0.0	0.0	0.0	0.0	0.0	0.0	0.0	0.0	0.0	0.0	0.00599	0.00422	0.06926	0.0	0.0	0.02624	0.00431	0.00309	0.00289	0.00122	0.00135	0.00015	0.00364	0.00264	0.0	0.0	0.0	0.0	0.0	0.00588	0.00191	0.00276	0.00416	0.02565	0.00283	0.02616	0.00966	0.00286	0.00335	0.00099	0.05455	0.00517	0.00016	0.00055	0.00028	9e-05	0.00021	0.0	0.10464	0.0013	0.00342	0.00561	0.00651	0.0	0.0	0.0076	0.00639	0.01101	0.00756	6e-05	0.0	0.00335	0.00335	0.0	0.0	0.00335	0.0	0.00266	0.0	0.0023	0.00335	0.0	0.00224	0.00375	0.00579	0.0	0.0	0.0	0.0	0.0	0.0	0.0	0.00204	0.00169	0.01375	0.01179	0.00313	0.00651	0.00655	0.03026	
0.00218	0.00134	0.00553	0.00152	0.00084	0.00231	0.00381	0.00172	0.00012	0.0	0.0	0.00017	0.0	0.0	0.0	0.0	0.0	0.0	0.00069	0.00196	0.00029	0.00142	0.0	0.0	0.0	0.0	0.00051	0.00254	0.00324	0.00161	0.00025	0.00147	0.00021	0.0	0.0	0.0	0.0	0.0	0.0	0.0	0.0	0.0	0.0	0.0	0.00159	7e-05	0.00759	0.0	0.0	0.00199	0.00047	0.00062	0.00144	0.00122	0.00135	0.00015	0.00364	0.00264	0.0	0.0	0.0	0.0	0.0	0.00151	0.00337	0.00011	0.0008	0.00201	0.00013	0.0017	0.00093	0.0001	0.00022	0.0024	0.00388	0.00024	0.00016	0.00055	0.00028	9e-05	0.00021	0.0	0.00181	0.00025	0.00037	0.00063	0.00082	0.0	0.0	0.00174	0.00166	0.00067	0.00408	0.00281	0.0	0.00022	0.00022	0.0	0.0	0.00022	0.0	8e-05	0.0	0.00025	0.00022	0.0	0.0006	0.00026	0.00171	0.0	0.0	0.0	0.0	0.0	0.0	0.0	0.00392	0.00356	0.00023	0.00372	0.00157	0.0009	0.00092	0.00067	
0.00218	0.00134	0.00553	0.00152	0.00084	0.00231	0.00381	0.00172	0.00012	0.0	0.0	0.00017	0.0	0.0	0.0	0.0	0.0	0.0	0.00069	0.00196	0.00029	0.00142	0.0	0.0	0.0	0.0	0.00051	0.00254	0.00324	0.00161	0.00025	0.00147	0.00021	0.0	0.0	0.0	0.0	0.0	0.0	0.0	0.0	0.0	0.0	0.0	0.00159	7e-05	0.00759	0.0	0.0	0.00199	0.00047	0.00062	0.00144	0.00122	0.00135	0.00015	0.00364	0.00264	0.0	0.0	0.0	0.0	0.0	0.00151	0.00337	0.00011	0.0008	0.00201	0.00013	0.0017	0.00093	0.0001	0.00022	0.0024	0.00388	0.00024	0.00016	0.00055	0.00028	9e-05	0.00021	0.0	0.00181	0.00025	0.00037	0.00063	0.00082	0.0	0.0	0.00174	0.00166	0.00067	0.00408	0.00281	0.0	0.00022	0.00022	0.0	0.0	0.00022	0.0	8e-05	0.0	0.00025	0.00022	0.0	0.0006	0.00026	0.00171	0.0	0.0	0.0	0.0	0.0	0.0	0.0	0.00392	0.00356	0.00023	0.00372	0.00157	0.0009	0.00092	0.00067	
0.00218	0.00134	0.00553	0.00152	0.00084	0.00231	0.00381	0.00172	0.00012	0.0	0.0	0.00017	0.0	0.0	0.0	0.0	0.0	0.0	0.00069	0.00196	0.00029	0.00142	0.0	0.0	0.0	0.0	0.00051	0.00254	0.00324	0.00161	0.00025	0.00147	0.00021	0.0	0.0	0.0	0.0	0.0	0.0	0.0	0.0	0.0	0.0	0.0	0.00159	7e-05	0.00759	0.0	0.0	0.00199	0.00047	0.00062	0.00144	0.00122	0.00135	0.00015	0.00364	0.00264	0.0	0.0	0.0	0.0	0.0	0.00151	0.00337	0.00011	0.0008	0.00201	0.00013	0.0017	0.00093	0.0001	0.00022	0.0024	0.00388	0.00024	0.00016	0.00055	0.00028	9e-05	0.00021	0.0	0.00181	0.00025	0.00037	0.00063	0.00082	0.0	0.0	0.00174	0.00166	0.00067	0.00408	0.00281	0.0	0.00022	0.00022	0.0	0.0	0.00022	0.0	8e-05	0.0	0.00025	0.00022	0.0	0.0006	0.00026	0.00171	0.0	0.0	0.0	0.0	0.0	0.0	0.0	0.00392	0.00356	0.00023	0.00372	0.00157	0.0009	0.00092	0.00067	
0.00218	0.00134	0.00553	0.00152	0.00084	0.00231	0.00381	0.00172	0.00012	0.0	0.0	0.00017	0.0	0.0	0.0	0.0	0.0	0.0	0.00069	0.00196	0.00029	0.00142	0.0	0.0	0.0	0.0	0.00051	0.00254	0.00324	0.00161	0.00025	0.00147	0.00021	0.0	0.0	0.0	0.0	0.0	0.0	0.0	0.0	0.0	0.0	0.0	0.00159	7e-05	0.00759	0.0	0.0	0.00199	0.00047	0.00062	0.00144	0.00122	0.00135	0.00015	0.00364	0.00264	0.0	0.0	0.0	0.0	0.0	0.00151	0.00337	0.00011	0.0008	0.00201	0.00013	0.0017	0.00093	0.0001	0.00022	0.0024	0.00388	0.00024	0.00016	0.00055	0.00028	9e-05	0.00021	0.0	0.00181	0.00025	0.00037	0.00063	0.00082	0.0	0.0	0.00174	0.00166	0.00067	0.00408	0.00281	0.0	0.00022	0.00022	0.0	0.0	0.00022	0.0	8e-05	0.0	0.00025	0.00022	0.0	0.0006	0.00026	0.00171	0.0	0.0	0.0	0.0	0.0	0.0	0.0	0.00392	0.00356	0.00023	0.00372	0.00157	0.0009	0.00092	0.00067	
0.00218	0.00134	0.00553	0.00152	0.00084	0.00231	0.00381	0.00172	0.00012	0.0	0.0	0.00017	0.0	0.0	0.0	0.0	0.0	0.0	0.00069	0.00196	0.00029	0.00142	0.0	0.0	0.0	0.0	0.00051	0.00254	0.00324	0.00161	0.00025	0.00147	0.00021	0.0	0.0	0.0	0.0	0.0	0.0	0.0	0.0	0.0	0.0	0.0	0.00159	7e-05	0.00759	0.0	0.0	0.00199	0.00047	0.00062	0.00144	0.00122	0.00135	0.00015	0.00364	0.00264	0.0	0.0	0.0	0.0	0.0	0.00151	0.00337	0.00011	0.0008	0.00201	0.00013	0.0017	0.00093	0.0001	0.00022	0.0024	0.00388	0.00024	0.00016	0.00055	0.00028	9e-05	0.00021	0.0	0.00181	0.00025	0.00037	0.00063	0.00082	0.0	0.0	0.00174	0.00166	0.00067	0.00408	0.00281	0.0	0.00022	0.00022	0.0	0.0	0.00022	0.0	8e-05	0.0	0.00025	0.00022	0.0	0.0006	0.00026	0.00171	0.0	0.0	0.0	0.0	0.0	0.0	0.0	0.00392	0.00356	0.00023	0.00372	0.00157	0.0009	0.00092	0.00067	
0.00218	0.00134	0.00553	0.00152	0.00084	0.00231	0.00381	0.00172	0.00012	0.0	0.0	0.00017	0.0	0.0	0.0	0.0	0.0	0.0	0.00069	0.00196	0.00029	0.00142	0.0	0.0	0.0	0.0	0.00051	0.00254	0.00324	0.00161	0.00025	0.00147	0.00021	0.0	0.0	0.0	0.0	0.0	0.0	0.0	0.0	0.0	0.0	0.0	0.00159	7e-05	0.00759	0.0	0.0	0.00199	0.00047	0.00062	0.00144	0.00122	0.00135	0.00015	0.00364	0.00264	0.0	0.0	0.0	0.0	0.0	0.00151	0.00337	0.00011	0.0008	0.00201	0.00013	0.0017	0.00093	0.0001	0.00022	0.0024	0.00388	0.00024	0.00016	0.00055	0.00028	9e-05	0.00021	0.0	0.00181	0.00025	0.00037	0.00063	0.00082	0.0	0.0	0.00174	0.00166	0.00067	0.00408	0.00281	0.0	0.00022	0.00022	0.0	0.0	0.00022	0.0	8e-05	0.0	0.00025	0.00022	0.0	0.0006	0.00026	0.00171	0.0	0.0	0.0	0.0	0.0	0.0	0.0	0.00392	0.00356	0.00023	0.00372	0.00157	0.0009	0.00092	0.00067	
0.00218	0.00134	0.00553	0.00152	0.00084	0.00231	0.00381	0.00172	0.00012	0.0	0.0	0.00017	0.0	0.0	0.0	0.0	0.0	0.0	0.00069	0.00196	0.00029	0.00142	0.0	0.0	0.0	0.0	0.00051	0.00254	0.00324	0.00161	0.00025	0.00147	0.00021	0.0	0.0	0.0	0.0	0.0	0.0	0.0	0.0	0.0	0.0	0.0	0.00159	7e-05	0.00759	0.0	0.0	0.00199	0.00047	0.00062	0.00144	0.00122	0.00135	0.00015	0.00364	0.00264	0.0	0.0	0.0	0.0	0.0	0.00151	0.00337	0.00011	0.0008	0.00201	0.00013	0.0017	0.00093	0.0001	0.00022	0.0024	0.00388	0.00024	0.00016	0.00055	0.00028	9e-05	0.00021	0.0	0.00181	0.00025	0.00037	0.00063	0.00082	0.0	0.0	0.00174	0.00166	0.00067	0.00408	0.00281	0.0	0.00022	0.00022	0.0	0.0	0.00022	0.0	8e-05	0.0	0.00025	0.00022	0.0	0.0006	0.00026	0.00171	0.0	0.0	0.0	0.0	0.0	0.0	0.0	0.00392	0.00356	0.00023	0.00372	0.00157	0.0009	0.00092	0.00067	
0.00218	0.00134	0.00553	0.00152	0.00084	0.00231	0.00381	0.00172	0.00012	0.0	0.0	0.00017	0.0	0.0	0.0	0.0	0.0	0.0	0.00069	0.00196	0.00029	0.00142	0.0	0.0	0.0	0.0	0.00051	0.00254	0.00324	0.00161	0.00025	0.00147	0.00021	0.0	0.0	0.0	0.0	0.0	0.0	0.0	0.0	0.0	0.0	0.0	0.00159	7e-05	0.00759	0.0	0.0	0.00199	0.00047	0.00062	0.00144	0.00122	0.00135	0.00015	0.00364	0.00264	0.0	0.0	0.0	0.0	0.0	0.00151	0.00337	0.00011	0.0008	0.00201	0.00013	0.0017	0.00093	0.0001	0.00022	0.0024	0.00388	0.00024	0.00016	0.00055	0.00028	9e-05	0.00021	0.0	0.00181	0.00025	0.00037	0.00063	0.00082	0.0	0.0	0.00174	0.00166	0.00067	0.00408	0.00281	0.0	0.00022	0.00022	0.0	0.0	0.00022	0.0	8e-05	0.0	0.00025	0.00022	0.0	0.0006	0.00026	0.00171	0.0	0.0	0.0	0.0	0.0	0.0	0.0	0.00392	0.00356	0.00023	0.00372	0.00157	0.0009	0.00092	0.00067	
0.00218	0.00134	0.00553	0.00152	0.00084	0.00231	0.00381	0.00172	0.00012	0.0	0.0	0.00017	0.0	0.0	0.0	0.0	0.0	0.0	0.00069	0.00196	0.00029	0.00142	0.0	0.0	0.0	0.0	0.00051	0.00254	0.00324	0.00161	0.00025	0.00147	0.00021	0.0	0.0	0.0	0.0	0.0	0.0	0.0	0.0	0.0	0.0	0.0	0.00159	7e-05	0.00759	0.0	0.0	0.00199	0.00047	0.00062	0.00144	0.00122	0.00135	0.00015	0.00364	0.00264	0.0	0.0	0.0	0.0	0.0	0.00151	0.00337	0.00011	0.0008	0.00201	0.00013	0.0017	0.00093	0.0001	0.00022	0.0024	0.00388	0.00024	0.00016	0.00055	0.00028	9e-05	0.00021	0.0	0.00181	0.00025	0.00037	0.00063	0.00082	0.0	0.0	0.00174	0.00166	0.00067	0.00408	0.00281	0.0	0.00022	0.00022	0.0	0.0	0.00022	0.0	8e-05	0.0	0.00025	0.00022	0.0	0.0006	0.00026	0.00171	0.0	0.0	0.0	0.0	0.0	0.0	0.0	0.00392	0.00356	0.00023	0.00372	0.00157	0.0009	0.00092	0.00067	
0.0	0.0	0.0	0.0	0.0	0.0	0.0	0.0	0.0	0.0	0.0	0.0	0.0	0.0	0.0	0.0	0.0	0.0	0.0	0.0	0.0	0.0	0.0	0.0	0.0	0.0	0.0	0.0	0.0	0.0	0.0	0.0	0.0	0.0	0.0	0.0	0.0	0.0	0.0	0.0	0.0	0.0	0.0	0.0	0.0	0.0	0.0	0.0	0.0	0.0	0.0	0.0	0.0	0.0	0.0	0.0	0.0	0.0	0.0	0.0	0.0	0.0	0.0	0.0	0.0	0.0	0.0	0.0	0.0	0.0	0.0	0.0	0.0	0.0	0.0	0.0	0.0	0.0	0.0	0.0	0.0	0.0	0.0	0.0	0.0	0.0	0.0	0.0	0.0	0.0	0.0	0.0	0.0	0.0	0.0	0.0	0.0	0.0	0.0	0.0	0.0	0.0	0.0	0.0	0.0	0.0	0.0	0.0	0.0	0.0	0.0	0.0	0.0	0.0	0.0	0.0	0.0	0.0	0.0	0.0	0.0	0.0	0.0	0.0	
0.2221	0.17425	0.11711	0.14811	0.06083	0.08362	0.17131	0.12475	0.16248	0.0	0.0	0.09429	0.00159	0.00159	0.00159	0.00159	0.00159	0.00159	0.04954	0.50109	0.58768	0.56946	0.0	0.0	0.0	0.0	0.22488	0.13258	0.10498	0.37312	0.49285	0.04494	0.21622	0.00599	0.00159	0.00159	0.00159	0.00159	0.00159	0.00159	0.00159	0.00159	0.00159	0.0	0.0	0.05206	0.18737	0.00159	0.00159	0.16078	0.05763	0.09927	0.19559	0.13218	0.36166	0.76884	0.3782	0.84896	0.0	0.0	0.0	0.0	0.0	0.0698	0.20658	0.17949	0.07118	0.01586	0.18186	0.16909	0.19368	0.09664	0.06083	0.24579	0.19224	0.08639	0.08655	0.13798	0.19502	0.51605	0.3897	0.0	0.72789	0.42387	0.04022	0.20381	0.15349	0.0	0.0	0.1627	0.07351	0.04763	0.06377	0.01703	0.00159	0.06083	0.06083	0.00159	0.00159	0.06083	0.00159	0.10123	0.00159	0.0932	0.06083	0.00014	0.17751	0.05862	0.07528	0.00014	0.00014	0.00014	0.00014	0.0	0.0	0.0	0.14791	0.15038	0.04012	0.11754	0.02297	0.11012	0.07167	0.07616	
0.16478	0.25542	0.08099	0.18062	0.13989	0.2425	0.11559	0.22604	0.20619	0.0	0.0	0.1574	7e-05	7e-05	7e-05	7e-05	7e-05	7e-05	0.24771	0.39036	0.36974	0.57435	0.0	0.0	0.0	0.0	0.19917	0.14434	0.08677	0.38945	0.09258	0.03825	0.07185	0.00422	7e-05	7e-05	7e-05	7e-05	7e-05	7e-05	7e-05	7e-05	7e-05	0.0	0.05206	0.0	0.07879	7e-05	7e-05	0.18501	0.06054	0.1333	0.06665	0.04378	0.23077	0.6139	0.2923	0.73172	0.0	0.0	0.0	0.0	0.0	0.083	0.05202	0.0914	0.18134	0.01722	0.66639	0.03151	0.37726	0.11611	0.04471	0.06208	0.22198	0.08164	0.18666	0.20669	0.09396	0.13308	0.10836	0.0	0.2705	0.15335	0.10196	0.0119	0.02145	0.0	0.0	0.06691	0.02189	0.07044	0.06427	0.12543	7e-05	0.04471	0.04471	7e-05	7e-05	0.04471	7e-05	0.0709	7e-05	0.06379	0.04471	0.00206	0.06392	0.04426	0.16114	0.00206	0.00206	0.00206	0.00206	0.0	0.0	0.0	0.21273	0.11276	0.31583	0.18355	0.0809	0.06314	0.10034	0.2824	
0.11852	0.11801	0.15072	0.20358	0.21623	0.08855	0.08083	0.08682	0.03782	0.0	0.0	0.09805	0.00759	0.00759	0.00759	0.00759	0.00759	0.00759	0.06454	0.16666	0.15696	0.24437	0.0	0.0	0.0	0.0	0.12795	0.04842	0.04038	0.14855	0.20697	0.18833	0.05015	0.06926	0.00759	0.00759	0.00759	0.00759	0.00759	0.00759	0.00759	0.00759	0.00759	0.0	0.18737	0.07879	0.0	0.00759	0.00759	0.15379	0.05337	0.1037	0.05339	0.1282	0.15151	0.1568	0.15801	0.16179	0.0	0.0	0.0	0.0	0.0	0.04352	0.18343	0.07981	0.05637	0.03836	0.06037	0.23942	0.03116	0.04158	0.03193	0.15228	0.42123	0.05452	0.16759	0.13577	0.20636	0.33951	0.14777	0.0	0.32234	0.04255	0.02422	0.02563	0.05576	0.0	0.0	0.09152	0.09749	0.00118	0.24467	0.09082	0.00759	0.03193	0.03193	0.00759	0.00759	0.03193	0.00759	0.04573	0.00759	0.04065	0.03193	0.01016	0.04491	0.03481	0.17921	0.01016	0.01016	0.01016	0.01016	0.0	0.0	0.0	0.09708	0.07885	0.07095	0.29731	0.12219	0.16096	0.07166	0.13457	
0.00218	0.00134	0.00553	0.00152	0.00084	0.00231	0.00381	0.00172	0.00012	0.0	0.0	0.00017	0.0	0.0	0.0	0.0	0.0	0.0	0.00069	0.00196	0.00029	0.00142	0.0	0.0	0.0	0.0	0.00051	0.00254	0.00324	0.00161	0.00025	0.00147	0.00021	0.0	0.0	0.0	0.0	0.0	0.0	0.0	0.0	0.0	0.0	0.0	0.00159	7e-05	0.00759	0.0	0.0	0.00199	0.00047	0.00062	0.00144	0.00122	0.00135	0.00015	0.00364	0.00264	0.0	0.0	0.0	0.0	0.0	0.00151	0.00337	0.00011	0.0008	0.00201	0.00013	0.0017	0.00093	0.0001	0.00022	0.0024	0.00388	0.00024	0.00016	0.00055	0.00028	9e-05	0.00021	0.0	0.00181	0.00025	0.00037	0.00063	0.00082	0.0	0.0	0.00174	0.00166	0.00067	0.00408	0.00281	0.0	0.00022	0.00022	0.0	0.0	0.00022	0.0	8e-05	0.0	0.00025	0.00022	0.0	0.0006	0.00026	0.00171	0.0	0.0	0.0	0.0	0.0	0.0	0.0	0.00392	0.00356	0.00023	0.00372	0.00157	0.0009	0.00092	0.00067	
0.00218	0.00134	0.00553	0.00152	0.00084	0.00231	0.00381	0.00172	0.00012	0.0	0.0	0.00017	0.0	0.0	0.0	0.0	0.0	0.0	0.00069	0.00196	0.00029	0.00142	0.0	0.0	0.0	0.0	0.00051	0.00254	0.00324	0.00161	0.00025	0.00147	0.00021	0.0	0.0	0.0	0.0	0.0	0.0	0.0	0.0	0.0	0.0	0.0	0.00159	7e-05	0.00759	0.0	0.0	0.00199	0.00047	0.00062	0.00144	0.00122	0.00135	0.00015	0.00364	0.00264	0.0	0.0	0.0	0.0	0.0	0.00151	0.00337	0.00011	0.0008	0.00201	0.00013	0.0017	0.00093	0.0001	0.00022	0.0024	0.00388	0.00024	0.00016	0.00055	0.00028	9e-05	0.00021	0.0	0.00181	0.00025	0.00037	0.00063	0.00082	0.0	0.0	0.00174	0.00166	0.00067	0.00408	0.00281	0.0	0.00022	0.00022	0.0	0.0	0.00022	0.0	8e-05	0.0	0.00025	0.00022	0.0	0.0006	0.00026	0.00171	0.0	0.0	0.0	0.0	0.0	0.0	0.0	0.00392	0.00356	0.00023	0.00372	0.00157	0.0009	0.00092	0.00067	
