0.0	3e-05	7e-05	3e-05	5e-05	5e-05	0.00022	4e-05	0.00013	2e-05	5e-05	0.0001	3e-05	0.0	0.0003	0.0	0.0	0.0	5e-05	0.00019	0.0	0.0	0.0	0.0	0.0	7e-05	0.0	0.0	0.0	0.0	0.0	7e-05	8e-05	3e-05	0.0	0.00013	0.00025	0.0001	2e-05	1e-05	0.0	0.0	1e-05	2e-05	1e-05	1e-05	0.0	1e-05	3e-05	6e-05	2e-05	0.0001	0.0	0.0	0.0	0.0	0.0	0.0	0.0	0.0	0.0	0.00017	0.0	0.0	0.0003	0.0	0.0	0.0	0.0	0.0	0.0	0.0	0.0	0.0	0.0	9e-05	1e-05	8e-05	0.00017	2e-05	0.00015	0.00023	6e-05	5e-05	
3e-05	0.0	0.05618	0.10835	0.06711	0.04099	0.09987	0.07427	0.12456	0.28509	0.14172	0.23174	0.08719	3e-05	0.02406	3e-05	3e-05	3e-05	0.06511	0.02087	3e-05	3e-05	3e-05	3e-05	3e-05	0.27587	3e-05	3e-05	3e-05	3e-05	3e-05	0.30161	0.14006	0.10588	3e-05	0.01116	0.0221	0.0591	0.04134	0.10758	0.0	0.0	0.07606	0.11003	0.0291	0.091	0.25219	0.08662	0.10532	0.16511	0.05695	0.20304	0.00042	3e-05	3e-05	3e-05	3e-05	3e-05	3e-05	3e-05	3e-05	0.10478	3e-05	3e-05	0.02406	3e-05	3e-05	3e-05	3e-05	3e-05	3e-05	3e-05	3e-05	3e-05	3e-05	0.12013	0.07916	0.09047	0.13121	0.17625	0.11125	0.01626	0.08148	0.0327	
7e-05	0.05618	0.0	0.12458	0.0876	0.05336	0.27223	0.03618	0.13982	0.22724	0.14466	0.23539	0.04803	7e-05	0.05303	7e-05	7e-05	7e-05	0.03632	0.03595	7e-05	7e-05	7e-05	7e-05	7e-05	0.0596	7e-05	7e-05	7e-05	7e-05	7e-05	0.07498	0.14342	0.04911	7e-05	0.01535	0.05399	0.09784	0.14235	0.09436	0.0	0.0	0.05753	0.08797	0.06633	0.0506	0.09138	0.04161	0.0618	0.0294	0.02106	0.10928	0.00095	7e-05	7e-05	7e-05	7e-05	7e-05	7e-05	7e-05	7e-05	0.05306	7e-05	7e-05	0.05303	7e-05	7e-05	7e-05	7e-05	7e-05	7e-05	7e-05	7e-05	7e-05	7e-05	0.1068	0.08088	0.01306	0.14791	0.06146	0.04406	0.02778	0.20135	0.13311	
3e-05	0.10835	0.12458	0.0	0.19187	0.21452	0.08138	0.12177	0.09965	0.36586	0.33778	0.14724	0.11857	3e-05	0.02935	3e-05	3e-05	3e-05	0.03251	0.06693	3e-05	3e-05	3e-05	3e-05	3e-05	0.06842	3e-05	3e-05	3e-05	3e-05	3e-05	0.13343	0.1669	0.0922	3e-05	0.04636	0.02345	0.1059	0.07913	0.19461	0.0	0.0	0.09962	0.14216	0.14918	0.0692	0.10799	0.14663	0.09297	0.20514	0.04985	0.09275	0.00039	3e-05	3e-05	3e-05	3e-05	3e-05	3e-05	3e-05	3e-05	0.2047	3e-05	3e-05	0.02935	3e-05	3e-05	3e-05	3e-05	3e-05	3e-05	3e-05	3e-05	3e-05	3e-05	0.08104	0.14364	0.12135	0.10519	0.1661	0.03108	0.01936	0.32753	0.08906	
5e-05	0.06711	0.0876	0.19187	0.0	0.06066	0.11855	0.52574	0.08373	0.09626	0.17235	0.2091	0.20886	5e-05	0.03945	5e-05	5e-05	5e-05	0.05224	0.05029	5e-05	5e-05	5e-05	5e-05	5e-05	0.05739	5e-05	5e-05	5e-05	5e-05	5e-05	0.15126	0.1647	0.31444	5e-05	0.04073	0.03873	0.11886	0.05276	0.10392	0.0	0.0	0.15376	0.17065	0.16928	0.11876	0.18212	0.10136	0.10866	0.1648	0.02793	0.10482	0.0006	5e-05	5e-05	5e-05	5e-05	5e-05	5e-05	5e-05	5e-05	0.08578	5e-05	5e-05	0.03945	5e-05	5e-05	5e-05	5e-05	5e-05	5e-05	5e-05	5e-05	5e-05	5e-05	0.06579	0.14944	0.19134	0.07825	0.26794	0.04187	0.05932	0.33193	0.07165	
5e-05	0.04099	0.05336	0.21452	0.06066	0.0	0.07635	0.03297	0.2294	0.06292	0.18478	0.11471	0.2524	5e-05	0.04155	5e-05	5e-05	5e-05	0.03845	0.03581	5e-05	5e-05	5e-05	5e-05	5e-05	0.02258	5e-05	5e-05	5e-05	5e-05	5e-05	0.06591	0.11973	0.04723	5e-05	0.02257	0.05272	0.1031	0.06547	0.29567	0.0	0.0	0.0635	0.04383	0.06006	0.07471	0.05651	0.08471	0.14005	0.06836	0.03135	0.12946	0.00099	5e-05	5e-05	5e-05	5e-05	5e-05	5e-05	5e-05	5e-05	0.04157	5e-05	5e-05	0.04155	5e-05	5e-05	5e-05	5e-05	5e-05	5e-05	5e-05	5e-05	5e-05	5e-05	0.18908	0.19992	0.01435	0.11231	0.12539	0.05479	0.02762	0.08768	0.04109	
0.00022	0.09987	0.27223	0.08138	0.11855	0.07635	0.0	0.11543	0.51862	0.13016	0.24847	0.61189	0.1321	0.00022	0.11384	0.00022	0.00022	0.00022	0.00236	0.02307	0.00022	0.00022	0.00022	0.00022	0.00022	0.05142	0.00022	0.00022	0.00022	0.00022	0.00022	0.28645	0.41332	0.06901	0.00022	0.055	0.14764	0.28499	0.0749	0.13171	0.0	0.0	0.06558	0.12096	0.04755	0.05063	0.0379	0.01179	0.10533	0.0949	0.00406	0.12359	0.00278	0.00022	0.00022	0.00022	0.00022	0.00022	0.00022	0.00022	0.00022	0.02645	0.00022	0.00022	0.11384	0.00022	0.00022	0.00022	0.00022	0.00022	0.00022	0.00022	0.00022	0.00022	0.00022	0.31942	0.07656	0.07012	0.60561	0.10639	0.02782	0.01815	0.1224	0.07013	
4e-05	0.07427	0.03618	0.12177	0.52574	0.03297	0.11543	0.0	0.06592	0.13436	0.12192	0.22731	0.34096	4e-05	0.02609	4e-05	4e-05	4e-05	0.09231	0.02254	4e-05	4e-05	4e-05	4e-05	4e-05	0.02903	4e-05	4e-05	4e-05	4e-05	4e-05	0.12192	0.16321	0.27028	4e-05	0.06353	0.02387	0.09481	0.03491	0.08554	0.0	0.0	0.1013	0.10883	0.16138	0.11395	0.11919	0.09799	0.0889	0.1292	0.04258	0.05824	0.00037	4e-05	4e-05	4e-05	4e-05	4e-05	4e-05	4e-05	4e-05	0.11949	4e-05	4e-05	0.02609	4e-05	4e-05	4e-05	4e-05	4e-05	4e-05	4e-05	4e-05	4e-05	4e-05	0.05666	0.09753	0.23504	0.06548	0.41083	0.02757	0.06974	0.27961	0.07413	
0.00013	0.12456	0.13982	0.09965	0.08373	0.2294	0.51862	0.06592	0.0	0.14241	0.35806	0.57407	0.14641	0.00013	0.29424	0.00013	0.00013	0.00013	0.07438	0.02215	0.00013	0.00013	0.00013	0.00013	0.00013	0.07214	0.00013	0.00013	0.00013	0.00013	0.00013	0.33566	0.55161	0.07196	0.00013	0.11741	0.11957	0.2525	0.10969	0.22005	0.0	0.0	0.11196	0.16306	0.07315	0.06637	0.08173	0.03459	0.10951	0.12197	0.04924	0.25593	0.00274	0.00013	0.00013	0.00013	0.00013	0.00013	0.00013	0.00013	0.00013	0.02557	0.00013	0.00013	0.29424	0.00013	0.00013	0.00013	0.00013	0.00013	0.00013	0.00013	0.00013	0.00013	0.00013	0.70132	0.19644	0.07149	0.79947	0.11652	0.02697	0.01723	0.10465	0.08459	
2e-05	0.28509	0.22724	0.36586	0.09626	0.06292	0.13016	0.13436	0.14241	0.0	0.31556	0.16451	0.17429	2e-05	0.02837	2e-05	2e-05	2e-05	0.04977	0.02445	2e-05	2e-05	2e-05	2e-05	2e-05	0.21351	2e-05	2e-05	2e-05	2e-05	2e-05	0.18693	0.18713	0.0774	2e-05	0.01463	0.02628	0.06495	0.09285	0.11283	0.0	0.0	0.10973	0.13331	0.0866	0.10182	0.23923	0.10738	0.07204	0.16231	0.07195	0.15145	0.00044	2e-05	2e-05	2e-05	2e-05	2e-05	2e-05	2e-05	2e-05	0.2365	2e-05	2e-05	0.02837	2e-05	2e-05	2e-05	2e-05	2e-05	2e-05	2e-05	2e-05	2e-05	2e-05	0.12002	0.12005	0.2385	0.1586	0.21759	0.0751	0.01884	0.23228	0.08808	
5e-05	0.14172	0.14466	0.33778	0.17235	0.18478	0.24847	0.12192	0.35806	0.31556	0.0	0.36345	0.21981	5e-05	0.05703	5e-05	5e-05	5e-05	0.02889	0.04141	5e-05	5e-05	5e-05	5e-05	5e-05	0.1209	5e-05	5e-05	5e-05	5e-05	5e-05	0.4205	0.37858	0.08711	5e-05	0.06465	0.05069	0.15484	0.06332	0.23565	0.0	0.0	0.18379	0.13697	0.18432	0.17081	0.18259	0.1104	0.12793	0.14561	0.09387	0.08249	0.0012	5e-05	5e-05	5e-05	5e-05	5e-05	5e-05	5e-05	5e-05	0.0578	5e-05	5e-05	0.05703	5e-05	5e-05	5e-05	5e-05	5e-05	5e-05	5e-05	5e-05	5e-05	5e-05	0.24028	0.28744	0.20445	0.39366	0.20868	0.05149	0.03149	0.20696	0.0555	
0.0001	0.23174	0.23539	0.14724	0.2091	0.11471	0.61189	0.22731	0.57407	0.16451	0.36345	0.0	0.18328	0.0001	0.07547	0.0001	0.0001	0.0001	0.04736	0.0234	0.0001	0.0001	0.0001	0.0001	0.0001	0.09034	0.0001	0.0001	0.0001	0.0001	0.0001	0.49618	0.75017	0.081	0.0001	0.04737	0.08773	0.20888	0.09834	0.19854	0.0	0.0	0.13169	0.1716	0.11221	0.10483	0.11528	0.07157	0.1777	0.10355	0.04866	0.10902	0.0016	0.0001	0.0001	0.0001	0.0001	0.0001	0.0001	0.0001	0.0001	0.02713	0.0001	0.0001	0.07547	0.0001	0.0001	0.0001	0.0001	0.0001	0.0001	0.0001	0.0001	0.0001	0.0001	0.40383	0.13352	0.13427	0.65094	0.18768	0.02867	0.01807	0.1727	0.07889	
3e-05	0.08719	0.04803	0.11857	0.20886	0.2524	0.1321	0.34096	0.14641	0.17429	0.21981	0.18328	0.0	3e-05	0.02789	3e-05	3e-05	3e-05	0.0448	0.02398	3e-05	3e-05	3e-05	3e-05	3e-05	0.05523	3e-05	3e-05	3e-05	3e-05	3e-05	0.17694	0.22386	0.16651	3e-05	0.04672	0.0257	0.11018	0.1128	0.23657	0.0	0.0	0.18626	0.08596	0.20578	0.16868	0.24387	0.06159	0.09984	0.16497	0.06212	0.15147	0.00038	3e-05	3e-05	3e-05	3e-05	3e-05	3e-05	3e-05	3e-05	0.08441	3e-05	3e-05	0.02789	3e-05	3e-05	3e-05	3e-05	3e-05	3e-05	3e-05	3e-05	3e-05	3e-05	0.12279	0.2429	0.27291	0.16181	0.35339	0.02952	0.05384	0.14848	0.08759	
0.0	3e-05	7e-05	3e-05	5e-05	5e-05	0.00022	4e-05	0.00013	2e-05	5e-05	0.0001	3e-05	0.0	0.0003	0.0	0.0	0.0	5e-05	0.00019	0.0	0.0	0.0	0.0	0.0	7e-05	0.0	0.0	0.0	0.0	0.0	7e-05	8e-05	3e-05	0.0	0.00013	0.00025	0.0001	2e-05	1e-05	0.0	0.0	1e-05	2e-05	1e-05	1e-05	0.0	1e-05	3e-05	6e-05	2e-05	0.0001	0.0	0.0	0.0	0.0	0.0	0.0	0.0	0.0	0.0	0.00017	0.0	0.0	0.0003	0.0	0.0	0.0	0.0	0.0	0.0	0.0	0.0	0.0	0.0	9e-05	1e-05	8e-05	0.00017	2e-05	0.00015	0.00023	6e-05	5e-05	
0.0003	0.02406	0.05303	0.02935	0.03945	0.04155	0.11384	0.02609	0.29424	0.02837	0.05703	0.07547	0.02789	0.0003	0.0	0.0003	0.0003	0.0003	0.06475	0.0081	0.0003	0.0003	0.0003	0.0003	0.0003	0.03864	0.0003	0.0003	0.0003	0.0003	0.0003	0.0511	0.06461	0.01768	0.0003	0.22864	0.00917	0.22431	0.05708	0.04759	0.0	0.0	0.04654	0.04679	0.0377	0.05896	0.06471	0.03329	0.05336	0.09562	0.03828	0.38071	0.00092	0.0003	0.0003	0.0003	0.0003	0.0003	0.0003	0.0003	0.0003	0.00901	0.0003	0.0003	0.9999	0.0003	0.0003	0.0003	0.0003	0.0003	0.0003	0.0003	0.0003	0.0003	0.0003	0.31106	0.06063	0.01922	0.09367	0.02343	0.00937	0.0067	0.04227	0.03008	
0.0	3e-05	7e-05	3e-05	5e-05	5e-05	0.00022	4e-05	0.00013	2e-05	5e-05	0.0001	3e-05	0.0	0.0003	0.0	0.0	0.0	5e-05	0.00019	0.0	0.0	0.0	0.0	0.0	7e-05	0.0	0.0	0.0	0.0	0.0	7e-05	8e-05	3e-05	0.0	0.00013	0.00025	0.0001	2e-05	1e-05	0.0	0.0	1e-05	2e-05	1e-05	1e-05	0.0	1e-05	3e-05	6e-05	2e-05	0.0001	0.0	0.0	0.0	0.0	0.0	0.0	0.0	0.0	0.0	0.00017	0.0	0.0	0.0003	0.0	0.0	0.0	0.0	0.0	0.0	0.0	0.0	0.0	0.0	9e-05	1e-05	8e-05	0.00017	2e-05	0.00015	0.00023	6e-05	5e-05	
0.0	3e-05	7e-05	3e-05	5e-05	5e-05	0.00022	4e-05	0.00013	2e-05	5e-05	0.0001	3e-05	0.0	0.0003	0.0	0.0	0.0	5e-05	0.00019	0.0	0.0	0.0	0.0	0.0	7e-05	0.0	0.0	0.0	0.0	0.0	7e-05	8e-05	3e-05	0.0	0.00013	0.00025	0.0001	2e-05	1e-05	0.0	0.0	1e-05	2e-05	1e-05	1e-05	0.0	1e-05	3e-05	6e-05	2e-05	0.0001	0.0	0.0	0.0	0.0	0.0	0.0	0.0	0.0	0.0	0.00017	0.0	0.0	0.0003	0.0	0.0	0.0	0.0	0.0	0.0	0.0	0.0	0.0	0.0	9e-05	1e-05	8e-05	0.00017	2e-05	0.00015	0.00023	6e-05	5e-05	
0.0	3e-05	7e-05	3e-05	5e-05	5e-05	0.00022	4e-05	0.00013	2e-05	5e-05	0.0001	3e-05	0.0	0.0003	0.0	0.0	0.0	5e-05	0.00019	0.0	0.0	0.0	0.0	0.0	7e-05	0.0	0.0	0.0	0.0	0.0	7e-05	8e-05	3e-05	0.0	0.00013	0.00025	0.0001	2e-05	1e-05	0.0	0.0	1e-05	2e-05	1e-05	1e-05	0.0	1e-05	3e-05	6e-05	2e-05	0.0001	0.0	0.0	0.0	0.0	0.0	0.0	0.0	0.0	0.0	0.00017	0.0	0.0	0.0003	0.0	0.0	0.0	0.0	0.0	0.0	0.0	0.0	0.0	0.0	9e-05	1e-05	8e-05	0.00017	2e-05	0.00015	0.00023	6e-05	5e-05	
5e-05	0.06511	0.03632	0.03251	0.05224	0.03845	0.00236	0.09231	0.07438	0.04977	0.02889	0.04736	0.0448	5e-05	0.06475	5e-05	5e-05	5e-05	0.0	0.03546	5e-05	5e-05	5e-05	5e-05	5e-05	0.00108	5e-05	5e-05	5e-05	5e-05	5e-05	0.02521	0.05531	0.1163	5e-05	0.03847	0.03088	0.01548	0.04514	0.0639	0.0	0.0	0.0345	0.05699	0.04136	0.0617	0.00909	0.03864	0.01881	0.11482	0.13268	0.04681	0.00114	5e-05	5e-05	5e-05	5e-05	5e-05	5e-05	5e-05	5e-05	0.06479	5e-05	5e-05	0.06475	5e-05	5e-05	5e-05	5e-05	5e-05	5e-05	5e-05	5e-05	5e-05	5e-05	0.15025	0.06768	0.00417	0.00959	0.10317	0.06848	0.02759	0.17271	0.02086	
0.00019	0.02087	0.03595	0.06693	0.05029	0.03581	0.02307	0.02254	0.02215	0.02445	0.04141	0.0234	0.02398	0.00019	0.0081	0.00019	0.00019	0.00019	0.03546	0.0	0.00019	0.00019	0.00019	0.00019	0.00019	0.05967	0.00019	0.00019	0.00019	0.00019	0.00019	0.03911	0.02634	0.01539	0.00019	0.015	0.00759	0.01786	0.03135	0.04217	0.0	0.0	0.03771	0.03785	0.06737	0.0283	0.04022	0.17932	0.16915	0.08671	0.14349	0.01551	0.0003	0.00019	0.00019	0.00019	0.00019	0.00019	0.00019	0.00019	0.00019	0.00804	0.00019	0.00019	0.0081	0.00019	0.00019	0.00019	0.00019	0.00019	0.00019	0.00019	0.00019	0.00019	0.00019	0.01961	0.05165	0.01684	0.02645	0.11176	0.00835	0.00601	0.04494	0.25347	
0.0	3e-05	7e-05	3e-05	5e-05	5e-05	0.00022	4e-05	0.00013	2e-05	5e-05	0.0001	3e-05	0.0	0.0003	0.0	0.0	0.0	5e-05	0.00019	0.0	0.0	0.0	0.0	0.0	7e-05	0.0	0.0	0.0	0.0	0.0	7e-05	8e-05	3e-05	0.0	0.00013	0.00025	0.0001	2e-05	1e-05	0.0	0.0	1e-05	2e-05	1e-05	1e-05	0.0	1e-05	3e-05	6e-05	2e-05	0.0001	0.0	0.0	0.0	0.0	0.0	0.0	0.0	0.0	0.0	0.00017	0.0	0.0	0.0003	0.0	0.0	0.0	0.0	0.0	0.0	0.0	0.0	0.0	0.0	9e-05	1e-05	8e-05	0.00017	2e-05	0.00015	0.00023	6e-05	5e-05	
0.0	3e-05	7e-05	3e-05	5e-05	5e-05	0.00022	4e-05	0.00013	2e-05	5e-05	0.0001	3e-05	0.0	0.0003	0.0	0.0	0.0	5e-05	0.00019	0.0	0.0	0.0	0.0	0.0	7e-05	0.0	0.0	0.0	0.0	0.0	7e-05	8e-05	3e-05	0.0	0.00013	0.00025	0.0001	2e-05	1e-05	0.0	0.0	1e-05	2e-05	1e-05	1e-05	0.0	1e-05	3e-05	6e-05	2e-05	0.0001	0.0	0.0	0.0	0.0	0.0	0.0	0.0	0.0	0.0	0.00017	0.0	0.0	0.0003	0.0	0.0	0.0	0.0	0.0	0.0	0.0	0.0	0.0	0.0	9e-05	1e-05	8e-05	0.00017	2e-05	0.00015	0.00023	6e-05	5e-05	
0.0	3e-05	7e-05	3e-05	5e-05	5e-05	0.00022	4e-05	0.00013	2e-05	5e-05	0.0001	3e-05	0.0	0.0003	0.0	0.0	0.0	5e-05	0.00019	0.0	0.0	0.0	0.0	0.0	7e-05	0.0	0.0	0.0	0.0	0.0	7e-05	8e-05	3e-05	0.0	0.00013	0.00025	0.0001	2e-05	1e-05	0.0	0.0	1e-05	2e-05	1e-05	1e-05	0.0	1e-05	3e-05	6e-05	2e-05	0.0001	0.0	0.0	0.0	0.0	0.0	0.0	0.0	0.0	0.0	0.00017	0.0	0.0	0.0003	0.0	0.0	0.0	0.0	0.0	0.0	0.0	0.0	0.0	0.0	9e-05	1e-05	8e-05	0.00017	2e-05	0.00015	0.00023	6e-05	5e-05	
0.0	3e-05	7e-05	3e-05	5e-05	5e-05	0.00022	4e-05	0.00013	2e-05	5e-05	0.0001	3e-05	0.0	0.0003	0.0	0.0	0.0	5e-05	0.00019	0.0	0.0	0.0	0.0	0.0	7e-05	0.0	0.0	0.0	0.0	0.0	7e-05	8e-05	3e-05	0.0	0.00013	0.00025	0.0001	2e-05	1e-05	0.0	0.0	1e-05	2e-05	1e-05	1e-05	0.0	1e-05	3e-05	6e-05	2e-05	0.0001	0.0	0.0	0.0	0.0	0.0	0.0	0.0	0.0	0.0	0.00017	0.0	0.0	0.0003	0.0	0.0	0.0	0.0	0.0	0.0	0.0	0.0	0.0	0.0	9e-05	1e-05	8e-05	0.00017	2e-05	0.00015	0.00023	6e-05	5e-05	
0.0	3e-05	7e-05	3e-05	5e-05	5e-05	0.00022	4e-05	0.00013	2e-05	5e-05	0.0001	3e-05	0.0	0.0003	0.0	0.0	0.0	5e-05	0.00019	0.0	0.0	0.0	0.0	0.0	7e-05	0.0	0.0	0.0	0.0	0.0	7e-05	8e-05	3e-05	0.0	0.00013	0.00025	0.0001	2e-05	1e-05	0.0	0.0	1e-05	2e-05	1e-05	1e-05	0.0	1e-05	3e-05	6e-05	2e-05	0.0001	0.0	0.0	0.0	0.0	0.0	0.0	0.0	0.0	0.0	0.00017	0.0	0.0	0.0003	0.0	0.0	0.0	0.0	0.0	0.0	0.0	0.0	0.0	0.0	9e-05	1e-05	8e-05	0.00017	2e-05	0.00015	0.00023	6e-05	5e-05	
7e-05	0.27587	0.0596	0.06842	0.05739	0.02258	0.05142	0.02903	0.07214	0.21351	0.1209	0.09034	0.05523	7e-05	0.03864	7e-05	7e-05	7e-05	0.00108	0.05967	7e-05	7e-05	7e-05	7e-05	7e-05	0.0	7e-05	7e-05	7e-05	7e-05	7e-05	0.13185	0.10563	0.05195	7e-05	0.00068	0.03721	0.13495	0.04825	0.1421	0.0	0.0	0.03842	0.0587	0.05071	0.07123	0.1264	0.12175	0.10127	0.07212	0.01652	0.13954	0.0007	7e-05	7e-05	7e-05	7e-05	7e-05	7e-05	7e-05	7e-05	0.06923	7e-05	7e-05	0.03864	7e-05	7e-05	7e-05	7e-05	7e-05	7e-05	7e-05	7e-05	7e-05	7e-05	0.05591	0.07118	0.21385	0.07353	0.22008	0.07319	0.02611	0.0729	0.06197	
0.0	3e-05	7e-05	3e-05	5e-05	5e-05	0.00022	4e-05	0.00013	2e-05	5e-05	0.0001	3e-05	0.0	0.0003	0.0	0.0	0.0	5e-05	0.00019	0.0	0.0	0.0	0.0	0.0	7e-05	0.0	0.0	0.0	0.0	0.0	7e-05	8e-05	3e-05	0.0	0.00013	0.00025	0.0001	2e-05	1e-05	0.0	0.0	1e-05	2e-05	1e-05	1e-05	0.0	1e-05	3e-05	6e-05	2e-05	0.0001	0.0	0.0	0.0	0.0	0.0	0.0	0.0	0.0	0.0	0.00017	0.0	0.0	0.0003	0.0	0.0	0.0	0.0	0.0	0.0	0.0	0.0	0.0	0.0	9e-05	1e-05	8e-05	0.00017	2e-05	0.00015	0.00023	6e-05	5e-05	
0.0	3e-05	7e-05	3e-05	5e-05	5e-05	0.00022	4e-05	0.00013	2e-05	5e-05	0.0001	3e-05	0.0	0.0003	0.0	0.0	0.0	5e-05	0.00019	0.0	0.0	0.0	0.0	0.0	7e-05	0.0	0.0	0.0	0.0	0.0	7e-05	8e-05	3e-05	0.0	0.00013	0.00025	0.0001	2e-05	1e-05	0.0	0.0	1e-05	2e-05	1e-05	1e-05	0.0	1e-05	3e-05	6e-05	2e-05	0.0001	0.0	0.0	0.0	0.0	0.0	0.0	0.0	0.0	0.0	0.00017	0.0	0.0	0.0003	0.0	0.0	0.0	0.0	0.0	0.0	0.0	0.0	0.0	0.0	9e-05	1e-05	8e-05	0.00017	2e-05	0.00015	0.00023	6e-05	5e-05	
0.0	3e-05	7e-05	3e-05	5e-05	5e-05	0.00022	4e-05	0.00013	2e-05	5e-05	0.0001	3e-05	0.0	0.0003	0.0	0.0	0.0	5e-05	0.00019	0.0	0.0	0.0	0.0	0.0	7e-05	0.0	0.0	0.0	0.0	0.0	7e-05	8e-05	3e-05	0.0	0.00013	0.00025	0.0001	2e-05	1e-05	0.0	0.0	1e-05	2e-05	1e-05	1e-05	0.0	1e-05	3e-05	6e-05	2e-05	0.0001	0.0	0.0	0.0	0.0	0.0	0.0	0.0	0.0	0.0	0.00017	0.0	0.0	0.0003	0.0	0.0	0.0	0.0	0.0	0.0	0.0	0.0	0.0	0.0	9e-05	1e-05	8e-05	0.00017	2e-05	0.00015	0.00023	6e-05	5e-05	
0.0	3e-05	7e-05	3e-05	5e-05	5e-05	0.00022	4e-05	0.00013	2e-05	5e-05	0.0001	3e-05	0.0	0.0003	0.0	0.0	0.0	5e-05	0.00019	0.0	0.0	0.0	0.0	0.0	7e-05	0.0	0.0	0.0	0.0	0.0	7e-05	8e-05	3e-05	0.0	0.00013	0.00025	0.0001	2e-05	1e-05	0.0	0.0	1e-05	2e-05	1e-05	1e-05	0.0	1e-05	3e-05	6e-05	2e-05	0.0001	0.0	0.0	0.0	0.0	0.0	0.0	0.0	0.0	0.0	0.00017	0.0	0.0	0.0003	0.0	0.0	0.0	0.0	0.0	0.0	0.0	0.0	0.0	0.0	9e-05	1e-05	8e-05	0.00017	2e-05	0.00015	0.00023	6e-05	5e-05	
0.0	3e-05	7e-05	3e-05	5e-05	5e-05	0.00022	4e-05	0.00013	2e-05	5e-05	0.0001	3e-05	0.0	0.0003	0.0	0.0	0.0	5e-05	0.00019	0.0	0.0	0.0	0.0	0.0	7e-05	0.0	0.0	0.0	0.0	0.0	7e-05	8e-05	3e-05	0.0	0.00013	0.00025	0.0001	2e-05	1e-05	0.0	0.0	1e-05	2e-05	1e-05	1e-05	0.0	1e-05	3e-05	6e-05	2e-05	0.0001	0.0	0.0	0.0	0.0	0.0	0.0	0.0	0.0	0.0	0.00017	0.0	0.0	0.0003	0.0	0.0	0.0	0.0	0.0	0.0	0.0	0.0	0.0	0.0	9e-05	1e-05	8e-05	0.00017	2e-05	0.00015	0.00023	6e-05	5e-05	
7e-05	0.30161	0.07498	0.13343	0.15126	0.06591	0.28645	0.12192	0.33566	0.18693	0.4205	0.49618	0.17694	7e-05	0.0511	7e-05	7e-05	7e-05	0.02521	0.03911	7e-05	7e-05	7e-05	7e-05	7e-05	0.13185	7e-05	7e-05	7e-05	7e-05	7e-05	0.0	0.50695	0.0987	7e-05	0.07329	0.05245	0.12077	0.06921	0.15218	0.0	0.0	0.11572	0.16398	0.06907	0.11819	0.26333	0.13725	0.25621	0.15884	0.0861	0.09335	0.00092	7e-05	7e-05	7e-05	7e-05	7e-05	7e-05	7e-05	7e-05	0.09806	7e-05	7e-05	0.0511	7e-05	7e-05	7e-05	7e-05	7e-05	7e-05	7e-05	7e-05	7e-05	7e-05	0.26353	0.16327	0.14989	0.37943	0.21829	0.04832	0.02995	0.10633	0.03949	
8e-05	0.14006	0.14342	0.1669	0.1647	0.11973	0.41332	0.16321	0.55161	0.18713	0.37858	0.75017	0.22386	8e-05	0.06461	8e-05	8e-05	8e-05	0.05531	0.02634	8e-05	8e-05	8e-05	8e-05	8e-05	0.10563	8e-05	8e-05	8e-05	8e-05	8e-05	0.50695	0.0	0.12644	8e-05	0.03576	0.07071	0.15508	0.08746	0.20153	0.0	0.0	0.11685	0.2322	0.11812	0.16457	0.11974	0.07117	0.17249	0.08683	0.04944	0.10526	0.00126	8e-05	8e-05	8e-05	8e-05	8e-05	8e-05	8e-05	8e-05	0.03058	8e-05	8e-05	0.06461	8e-05	8e-05	8e-05	8e-05	8e-05	8e-05	8e-05	8e-05	8e-05	8e-05	0.37759	0.15562	0.14109	0.64022	0.23538	0.03233	0.17025	0.1508	0.06275	
3e-05	0.10588	0.04911	0.0922	0.31444	0.04723	0.06901	0.27028	0.07196	0.0774	0.08711	0.081	0.16651	3e-05	0.01768	3e-05	3e-05	3e-05	0.1163	0.01539	3e-05	3e-05	3e-05	3e-05	3e-05	0.05195	3e-05	3e-05	3e-05	3e-05	3e-05	0.0987	0.12644	0.0	3e-05	0.04025	0.01606	0.18605	0.04099	0.11482	0.0	0.0	0.14276	0.14104	0.08486	0.16526	0.09562	0.11857	0.09309	0.1335	0.06199	0.3049	0.00035	3e-05	3e-05	3e-05	3e-05	3e-05	3e-05	3e-05	3e-05	0.01767	3e-05	3e-05	0.01768	3e-05	3e-05	3e-05	3e-05	3e-05	3e-05	3e-05	3e-05	3e-05	3e-05	0.06222	0.08192	0.03893	0.08162	0.18354	0.37512	0.11232	0.14755	0.08679	
0.0	3e-05	7e-05	3e-05	5e-05	5e-05	0.00022	4e-05	0.00013	2e-05	5e-05	0.0001	3e-05	0.0	0.0003	0.0	0.0	0.0	5e-05	0.00019	0.0	0.0	0.0	0.0	0.0	7e-05	0.0	0.0	0.0	0.0	0.0	7e-05	8e-05	3e-05	0.0	0.00013	0.00025	0.0001	2e-05	1e-05	0.0	0.0	1e-05	2e-05	1e-05	1e-05	0.0	1e-05	3e-05	6e-05	2e-05	0.0001	0.0	0.0	0.0	0.0	0.0	0.0	0.0	0.0	0.0	0.00017	0.0	0.0	0.0003	0.0	0.0	0.0	0.0	0.0	0.0	0.0	0.0	0.0	0.0	9e-05	1e-05	8e-05	0.00017	2e-05	0.00015	0.00023	6e-05	5e-05	
0.00013	0.01116	0.01535	0.04636	0.04073	0.02257	0.055	0.06353	0.11741	0.01463	0.06465	0.04737	0.04672	0.00013	0.22864	0.00013	0.00013	0.00013	0.03847	0.015	0.00013	0.00013	0.00013	0.00013	0.00013	0.00068	0.00013	0.00013	0.00013	0.00013	0.00013	0.07329	0.03576	0.04025	0.00013	0.0	0.01639	0.07233	0.01405	0.06684	0.0	0.0	0.09983	0.10372	0.04614	0.16348	0.05097	0.05383	0.04499	0.18004	0.02313	0.15539	0.0008	0.00013	0.00013	0.00013	0.00013	0.00013	0.00013	0.00013	0.00013	0.01704	0.00013	0.00013	0.22864	0.00013	0.00013	0.00013	0.00013	0.00013	0.00013	0.00013	0.00013	0.00013	0.00013	0.12612	0.02559	0.04186	0.03795	0.05803	0.01786	0.01196	0.05687	0.01083	
0.00025	0.0221	0.05399	0.02345	0.03873	0.05272	0.14764	0.02387	0.11957	0.02628	0.05069	0.08773	0.0257	0.00025	0.00917	0.00025	0.00025	0.00025	0.03088	0.00759	0.00025	0.00025	0.00025	0.00025	0.00025	0.03721	0.00025	0.00025	0.00025	0.00025	0.00025	0.05245	0.07071	0.01606	0.00025	0.01639	0.0	0.13844	0.10616	0.08325	0.0	0.0	0.07032	0.11003	0.06816	0.04191	0.06305	0.06807	0.03308	0.0514	0.11168	0.07029	0.0	0.00025	0.00025	0.00025	0.00025	0.00025	0.00025	0.00025	0.00025	0.00839	0.00025	0.00025	0.00917	0.00025	0.00025	0.00025	0.00025	0.00025	0.00025	0.00025	0.00025	0.00025	0.00025	0.1052	0.03547	0.01766	0.11138	0.02119	0.00892	0.00636	0.04191	0.08707	
0.0001	0.0591	0.09784	0.1059	0.11886	0.1031	0.28499	0.09481	0.2525	0.06495	0.15484	0.20888	0.11018	0.0001	0.22431	0.0001	0.0001	0.0001	0.01548	0.01786	0.0001	0.0001	0.0001	0.0001	0.0001	0.13495	0.0001	0.0001	0.0001	0.0001	0.0001	0.12077	0.15508	0.18605	0.0001	0.07233	0.13844	0.0	0.17369	0.27141	0.0	0.0	0.14892	0.12883	0.09542	0.03764	0.1173	0.13891	0.14217	0.14223	0.12937	0.36672	0.01382	0.0001	0.0001	0.0001	0.0001	0.0001	0.0001	0.0001	0.0001	0.02053	0.0001	0.0001	0.22431	0.0001	0.0001	0.0001	0.0001	0.0001	0.0001	0.0001	0.0001	0.0001	0.0001	0.24223	0.09918	0.05587	0.19862	0.08763	0.23616	0.01399	0.1226	0.04928	
2e-05	0.04134	0.14235	0.07913	0.05276	0.06547	0.0749	0.03491	0.10969	0.09285	0.06332	0.09834	0.1128	2e-05	0.05708	2e-05	2e-05	2e-05	0.04514	0.03135	2e-05	2e-05	2e-05	2e-05	2e-05	0.04825	2e-05	2e-05	2e-05	2e-05	2e-05	0.06921	0.08746	0.04099	2e-05	0.01405	0.10616	0.17369	0.0	0.25531	0.0	0.0	0.14794	0.12609	0.07909	0.1745	0.07709	0.16736	0.1302	0.10604	0.04164	0.06847	0.0015	2e-05	2e-05	2e-05	2e-05	2e-05	2e-05	2e-05	2e-05	0.05702	2e-05	2e-05	0.05708	2e-05	2e-05	2e-05	2e-05	2e-05	2e-05	2e-05	2e-05	2e-05	2e-05	0.10878	0.12283	0.03978	0.05946	0.12692	0.0386	0.0241	0.08142	0.14654	
1e-05	0.10758	0.09436	0.19461	0.10392	0.29567	0.13171	0.08554	0.22005	0.11283	0.23565	0.19854	0.23657	1e-05	0.04759	1e-05	1e-05	1e-05	0.0639	0.04217	1e-05	1e-05	1e-05	1e-05	1e-05	0.1421	1e-05	1e-05	1e-05	1e-05	1e-05	0.15218	0.20153	0.11482	1e-05	0.06684	0.08325	0.27141	0.25531	0.0	0.0	0.0	0.24389	0.09595	0.13452	0.16747	0.11605	0.23874	0.17159	0.18925	0.18056	0.14812	0.00659	1e-05	1e-05	1e-05	1e-05	1e-05	1e-05	1e-05	1e-05	0.04941	1e-05	1e-05	0.04759	1e-05	1e-05	1e-05	1e-05	1e-05	1e-05	1e-05	1e-05	1e-05	1e-05	0.21663	0.32401	0.10132	0.18939	0.16389	0.08527	0.03209	0.08604	0.05743	
0.0	0.0	0.0	0.0	0.0	0.0	0.0	0.0	0.0	0.0	0.0	0.0	0.0	0.0	0.0	0.0	0.0	0.0	0.0	0.0	0.0	0.0	0.0	0.0	0.0	0.0	0.0	0.0	0.0	0.0	0.0	0.0	0.0	0.0	0.0	0.0	0.0	0.0	0.0	0.0	0.0	0.0	0.0	0.0	0.0	0.0	0.0	0.0	0.0	0.0	0.0	0.0	0.0	0.0	0.0	0.0	0.0	0.0	0.0	0.0	0.0	0.0	0.0	0.0	0.0	0.0	0.0	0.0	0.0	0.0	0.0	0.0	0.0	0.0	0.0	0.0	0.0	0.0	0.0	0.0	0.0	0.0	0.0	0.0	
0.0	0.0	0.0	0.0	0.0	0.0	0.0	0.0	0.0	0.0	0.0	0.0	0.0	0.0	0.0	0.0	0.0	0.0	0.0	0.0	0.0	0.0	0.0	0.0	0.0	0.0	0.0	0.0	0.0	0.0	0.0	0.0	0.0	0.0	0.0	0.0	0.0	0.0	0.0	0.0	0.0	0.0	0.0	0.0	0.0	0.0	0.0	0.0	0.0	0.0	0.0	0.0	0.0	0.0	0.0	0.0	0.0	0.0	0.0	0.0	0.0	0.0	0.0	0.0	0.0	0.0	0.0	0.0	0.0	0.0	0.0	0.0	0.0	0.0	0.0	0.0	0.0	0.0	0.0	0.0	0.0	0.0	0.0	0.0	
1e-05	0.07606	0.05753	0.09962	0.15376	0.0635	0.06558	0.1013	0.11196	0.10973	0.18379	0.13169	0.18626	1e-05	0.04654	1e-05	1e-05	1e-05	0.0345	0.03771	1e-05	1e-05	1e-05	1e-05	1e-05	0.03842	1e-05	1e-05	1e-05	1e-05	1e-05	0.11572	0.11685	0.14276	1e-05	0.09983	0.07032	0.14892	0.14794	0.24389	0.0	0.0	0.0	0.22948	0.19984	0.07208	0.14022	0.12028	0.09507	0.16008	0.09137	0.10209	0.0029	1e-05	1e-05	1e-05	1e-05	1e-05	1e-05	1e-05	1e-05	0.04417	1e-05	1e-05	0.04654	1e-05	1e-05	1e-05	1e-05	1e-05	1e-05	1e-05	1e-05	1e-05	1e-05	0.17563	0.12689	0.1478	0.08256	0.18861	0.09602	0.0287	0.17952	0.10296	
2e-05	0.11003	0.08797	0.14216	0.17065	0.04383	0.12096	0.10883	0.16306	0.13331	0.13697	0.1716	0.08596	2e-05	0.04679	2e-05	2e-05	2e-05	0.05699	0.03785	2e-05	2e-05	2e-05	2e-05	2e-05	0.0587	2e-05	2e-05	2e-05	2e-05	2e-05	0.16398	0.2322	0.14104	2e-05	0.10372	0.11003	0.12883	0.12609	0.09595	0.0	0.0	0.22948	0.0	0.0836	0.23807	0.17027	0.12352	0.15209	0.12755	0.07258	0.09	0.00484	2e-05	2e-05	2e-05	2e-05	2e-05	2e-05	2e-05	2e-05	0.07541	2e-05	2e-05	0.04679	2e-05	2e-05	2e-05	2e-05	2e-05	2e-05	2e-05	2e-05	2e-05	2e-05	0.21335	0.15072	0.10676	0.1322	0.22596	0.0471	0.06363	0.18176	0.10425	
1e-05	0.0291	0.06633	0.14918	0.16928	0.06006	0.04755	0.16138	0.07315	0.0866	0.18432	0.11221	0.20578	1e-05	0.0377	1e-05	1e-05	1e-05	0.04136	0.06737	1e-05	1e-05	1e-05	1e-05	1e-05	0.05071	1e-05	1e-05	1e-05	1e-05	1e-05	0.06907	0.11812	0.08486	1e-05	0.04614	0.06816	0.09542	0.07909	0.13452	0.0	0.0	0.19984	0.0836	0.0	0.09531	0.19632	0.15095	0.09407	0.19273	0.26355	0.08021	0.00224	1e-05	1e-05	1e-05	1e-05	1e-05	1e-05	1e-05	1e-05	0.08745	1e-05	1e-05	0.0377	1e-05	1e-05	1e-05	1e-05	1e-05	1e-05	1e-05	1e-05	1e-05	1e-05	0.06087	0.23971	0.18068	0.05639	0.21824	0.04001	0.02459	0.22475	0.06739	
1e-05	0.091	0.0506	0.0692	0.11876	0.07471	0.05063	0.11395	0.06637	0.10182	0.17081	0.10483	0.16868	1e-05	0.05896	1e-05	1e-05	1e-05	0.0617	0.0283	1e-05	1e-05	1e-05	1e-05	1e-05	0.07123	1e-05	1e-05	1e-05	1e-05	1e-05	0.11819	0.16457	0.16526	1e-05	0.16348	0.04191	0.03764	0.1745	0.16747	0.0	0.0	0.07208	0.23807	0.09531	0.0	0.21256	0.08226	0.12413	0.08492	0.08393	0.17853	0.00087	1e-05	1e-05	1e-05	1e-05	1e-05	1e-05	1e-05	1e-05	0.03296	1e-05	1e-05	0.05896	1e-05	1e-05	1e-05	1e-05	1e-05	1e-05	1e-05	1e-05	1e-05	1e-05	0.07564	0.18889	0.09505	0.03393	0.14654	0.03489	0.08689	0.08671	0.07677	
0.0	0.25219	0.09138	0.10799	0.18212	0.05651	0.0379	0.11919	0.08173	0.23923	0.18259	0.11528	0.24387	0.0	0.06471	0.0	0.0	0.0	0.00909	0.04022	0.0	0.0	0.0	0.0	0.0	0.1264	0.0	0.0	0.0	0.0	0.0	0.26333	0.11974	0.09562	0.0	0.05097	0.06305	0.1173	0.07709	0.11605	0.0	0.0	0.14022	0.17027	0.19632	0.21256	0.0	0.28886	0.14427	0.13636	0.08767	0.17843	0.0026	0.0	0.0	0.0	0.0	0.0	0.0	0.0	0.0	0.07055	0.0	0.0	0.06471	0.0	0.0	0.0	0.0	0.0	0.0	0.0	0.0	0.0	0.0	0.07984	0.20431	0.15813	0.03443	0.1434	0.0511	0.04139	0.14484	0.17934	
1e-05	0.08662	0.04161	0.14663	0.10136	0.08471	0.01179	0.09799	0.03459	0.10738	0.1104	0.07157	0.06159	1e-05	0.03329	1e-05	1e-05	1e-05	0.03864	0.17932	1e-05	1e-05	1e-05	1e-05	1e-05	0.12175	1e-05	1e-05	1e-05	1e-05	1e-05	0.13725	0.07117	0.11857	1e-05	0.05383	0.06807	0.13891	0.16736	0.23874	0.0	0.0	0.12028	0.12352	0.15095	0.08226	0.28886	0.0	0.30349	0.21439	0.1648	0.05107	0.00465	1e-05	1e-05	1e-05	1e-05	1e-05	1e-05	1e-05	1e-05	0.09916	1e-05	1e-05	0.03329	1e-05	1e-05	1e-05	1e-05	1e-05	1e-05	1e-05	1e-05	1e-05	1e-05	0.03787	0.07011	0.0216	0.01463	0.18681	0.06824	0.02189	0.13719	0.14533	
3e-05	0.10532	0.0618	0.09297	0.10866	0.14005	0.10533	0.0889	0.10951	0.07204	0.12793	0.1777	0.09984	3e-05	0.05336	3e-05	3e-05	3e-05	0.01881	0.16915	3e-05	3e-05	3e-05	3e-05	3e-05	0.10127	3e-05	3e-05	3e-05	3e-05	3e-05	0.25621	0.17249	0.09309	3e-05	0.04499	0.03308	0.14217	0.1302	0.17159	0.0	0.0	0.09507	0.15209	0.09407	0.12413	0.14427	0.30349	0.0	0.24799	0.11252	0.07666	0.00115	3e-05	3e-05	3e-05	3e-05	3e-05	3e-05	3e-05	3e-05	0.04323	3e-05	3e-05	0.05336	3e-05	3e-05	3e-05	3e-05	3e-05	3e-05	3e-05	3e-05	3e-05	3e-05	0.11117	0.09589	0.04742	0.09673	0.2029	0.0567	0.04749	0.08689	0.11443	
6e-05	0.16511	0.0294	0.20514	0.1648	0.06836	0.0949	0.1292	0.12197	0.16231	0.14561	0.10355	0.16497	6e-05	0.09562	6e-05	6e-05	6e-05	0.11482	0.08671	6e-05	6e-05	6e-05	6e-05	6e-05	0.07212	6e-05	6e-05	6e-05	6e-05	6e-05	0.15884	0.08683	0.1335	6e-05	0.18004	0.0514	0.14223	0.10604	0.18925	0.0	0.0	0.16008	0.12755	0.19273	0.08492	0.13636	0.21439	0.24799	0.0	0.08086	0.14928	0.00092	6e-05	6e-05	6e-05	6e-05	6e-05	6e-05	6e-05	6e-05	0.11942	6e-05	6e-05	0.09562	6e-05	6e-05	6e-05	6e-05	6e-05	6e-05	6e-05	6e-05	6e-05	6e-05	0.09599	0.09824	0.06541	0.0731	0.11554	0.10218	0.01818	0.23916	0.14113	
2e-05	0.05695	0.02106	0.04985	0.02793	0.03135	0.00406	0.04258	0.04924	0.07195	0.09387	0.04866	0.06212	2e-05	0.03828	2e-05	2e-05	2e-05	0.13268	0.14349	2e-05	2e-05	2e-05	2e-05	2e-05	0.01652	2e-05	2e-05	2e-05	2e-05	2e-05	0.0861	0.04944	0.06199	2e-05	0.02313	0.11168	0.12937	0.04164	0.18056	0.0	0.0	0.09137	0.07258	0.26355	0.08393	0.08767	0.1648	0.11252	0.08086	0.0	0.04281	0.01178	2e-05	2e-05	2e-05	2e-05	2e-05	2e-05	2e-05	2e-05	0.0383	2e-05	2e-05	0.03828	2e-05	2e-05	2e-05	2e-05	2e-05	2e-05	2e-05	2e-05	2e-05	2e-05	0.08084	0.19784	0.1151	0.00837	0.17265	0.05927	0.03675	0.07715	0.12133	
0.0001	0.20304	0.10928	0.09275	0.10482	0.12946	0.12359	0.05824	0.25593	0.15145	0.08249	0.10902	0.15147	0.0001	0.38071	0.0001	0.0001	0.0001	0.04681	0.01551	0.0001	0.0001	0.0001	0.0001	0.0001	0.13954	0.0001	0.0001	0.0001	0.0001	0.0001	0.09335	0.10526	0.3049	0.0001	0.15539	0.07029	0.36672	0.06847	0.14812	0.0	0.0	0.10209	0.09	0.08021	0.17853	0.17843	0.05107	0.07666	0.14928	0.04281	0.0	0.0001	0.0001	0.0001	0.0001	0.0001	0.0001	0.0001	0.0001	0.0001	0.01778	0.0001	0.0001	0.38071	0.0001	0.0001	0.0001	0.0001	0.0001	0.0001	0.0001	0.0001	0.0001	0.0001	0.25885	0.09413	0.04534	0.11523	0.07738	0.2143	0.01219	0.06888	0.07671	
0.0	0.00042	0.00095	0.00039	0.0006	0.00099	0.00278	0.00037	0.00274	0.00044	0.0012	0.0016	0.00038	0.0	0.00092	0.0	0.0	0.0	0.00114	0.0003	0.0	0.0	0.0	0.0	0.0	0.0007	0.0	0.0	0.0	0.0	0.0	0.00092	0.00126	0.00035	0.0	0.0008	0.0	0.01382	0.0015	0.00659	0.0	0.0	0.0029	0.00484	0.00224	0.00087	0.0026	0.00465	0.00115	0.00092	0.01178	0.0001	0.0	0.0	0.0	0.0	0.0	0.0	0.0	0.0	0.0	0.00029	0.0	0.0	0.00092	0.0	0.0	0.0	0.0	0.0	0.0	0.0	0.0	0.0	0.0	0.00419	0.0007	0.00038	0.00208	0.00031	0.00042	0.00033	0.00066	0.00194	
0.0	3e-05	7e-05	3e-05	5e-05	5e-05	0.00022	4e-05	0.00013	2e-05	5e-05	0.0001	3e-05	0.0	0.0003	0.0	0.0	0.0	5e-05	0.00019	0.0	0.0	0.0	0.0	0.0	7e-05	0.0	0.0	0.0	0.0	0.0	7e-05	8e-05	3e-05	0.0	0.00013	0.00025	0.0001	2e-05	1e-05	0.0	0.0	1e-05	2e-05	1e-05	1e-05	0.0	1e-05	3e-05	6e-05	2e-05	0.0001	0.0	0.0	0.0	0.0	0.0	0.0	0.0	0.0	0.0	0.00017	0.0	0.0	0.0003	0.0	0.0	0.0	0.0	0.0	0.0	0.0	0.0	0.0	0.0	9e-05	1e-05	8e-05	0.00017	2e-05	0.00015	0.00023	6e-05	5e-05	
0.0	3e-05	7e-05	3e-05	5e-05	5e-05	0.00022	4e-05	0.00013	2e-05	5e-05	0.0001	3e-05	0.0	0.0003	0.0	0.0	0.0	5e-05	0.00019	0.0	0.0	0.0	0.0	0.0	7e-05	0.0	0.0	0.0	0.0	0.0	7e-05	8e-05	3e-05	0.0	0.00013	0.00025	0.0001	2e-05	1e-05	0.0	0.0	1e-05	2e-05	1e-05	1e-05	0.0	1e-05	3e-05	6e-05	2e-05	0.0001	0.0	0.0	0.0	0.0	0.0	0.0	0.0	0.0	0.0	0.00017	0.0	0.0	0.0003	0.0	0.0	0.0	0.0	0.0	0.0	0.0	0.0	0.0	0.0	9e-05	1e-05	8e-05	0.00017	2e-05	0.00015	0.00023	6e-05	5e-05	
0.0	3e-05	7e-05	3e-05	5e-05	5e-05	0.00022	4e-05	0.00013	2e-05	5e-05	0.0001	3e-05	0.0	0.0003	0.0	0.0	0.0	5e-05	0.00019	0.0	0.0	0.0	0.0	0.0	7e-05	0.0	0.0	0.0	0.0	0.0	7e-05	8e-05	3e-05	0.0	0.00013	0.00025	0.0001	2e-05	1e-05	0.0	0.0	1e-05	2e-05	1e-05	1e-05	0.0	1e-05	3e-05	6e-05	2e-05	0.0001	0.0	0.0	0.0	0.0	0.0	0.0	0.0	0.0	0.0	0.00017	0.0	0.0	0.0003	0.0	0.0	0.0	0.0	0.0	0.0	0.0	0.0	0.0	0.0	9e-05	1e-05	8e-05	0.00017	2e-05	0.00015	0.00023	6e-05	5e-05	
0.0	3e-05	7e-05	3e-05	5e-05	5e-05	0.00022	4e-05	0.00013	2e-05	5e-05	0.0001	3e-05	0.0	0.0003	0.0	0.0	0.0	5e-05	0.00019	0.0	0.0	0.0	0.0	0.0	7e-05	0.0	0.0	0.0	0.0	0.0	7e-05	8e-05	3e-05	0.0	0.00013	0.00025	0.0001	2e-05	1e-05	0.0	0.0	1e-05	2e-05	1e-05	1e-05	0.0	1e-05	3e-05	6e-05	2e-05	0.0001	0.0	0.0	0.0	0.0	0.0	0.0	0.0	0.0	0.0	0.00017	0.0	0.0	0.0003	0.0	0.0	0.0	0.0	0.0	0.0	0.0	0.0	0.0	0.0	9e-05	1e-05	8e-05	0.00017	2e-05	0.00015	0.00023	6e-05	5e-05	
0.0	3e-05	7e-05	3e-05	5e-05	5e-05	0.00022	4e-05	0.00013	2e-05	5e-05	0.0001	3e-05	0.0	0.0003	0.0	0.0	0.0	5e-05	0.00019	0.0	0.0	0.0	0.0	0.0	7e-05	0.0	0.0	0.0	0.0	0.0	7e-05	8e-05	3e-05	0.0	0.00013	0.00025	0.0001	2e-05	1e-05	0.0	0.0	1e-05	2e-05	1e-05	1e-05	0.0	1e-05	3e-05	6e-05	2e-05	0.0001	0.0	0.0	0.0	0.0	0.0	0.0	0.0	0.0	0.0	0.00017	0.0	0.0	0.0003	0.0	0.0	0.0	0.0	0.0	0.0	0.0	0.0	0.0	0.0	9e-05	1e-05	8e-05	0.00017	2e-05	0.00015	0.00023	6e-05	5e-05	
0.0	3e-05	7e-05	3e-05	5e-05	5e-05	0.00022	4e-05	0.00013	2e-05	5e-05	0.0001	3e-05	0.0	0.0003	0.0	0.0	0.0	5e-05	0.00019	0.0	0.0	0.0	0.0	0.0	7e-05	0.0	0.0	0.0	0.0	0.0	7e-05	8e-05	3e-05	0.0	0.00013	0.00025	0.0001	2e-05	1e-05	0.0	0.0	1e-05	2e-05	1e-05	1e-05	0.0	1e-05	3e-05	6e-05	2e-05	0.0001	0.0	0.0	0.0	0.0	0.0	0.0	0.0	0.0	0.0	0.00017	0.0	0.0	0.0003	0.0	0.0	0.0	0.0	0.0	0.0	0.0	0.0	0.0	0.0	9e-05	1e-05	8e-05	0.00017	2e-05	0.00015	0.00023	6e-05	5e-05	
0.0	3e-05	7e-05	3e-05	5e-05	5e-05	0.00022	4e-05	0.00013	2e-05	5e-05	0.0001	3e-05	0.0	0.0003	0.0	0.0	0.0	5e-05	0.00019	0.0	0.0	0.0	0.0	0.0	7e-05	0.0	0.0	0.0	0.0	0.0	7e-05	8e-05	3e-05	0.0	0.00013	0.00025	0.0001	2e-05	1e-05	0.0	0.0	1e-05	2e-05	1e-05	1e-05	0.0	1e-05	3e-05	6e-05	2e-05	0.0001	0.0	0.0	0.0	0.0	0.0	0.0	0.0	0.0	0.0	0.00017	0.0	0.0	0.0003	0.0	0.0	0.0	0.0	0.0	0.0	0.0	0.0	0.0	0.0	9e-05	1e-05	8e-05	0.00017	2e-05	0.00015	0.00023	6e-05	5e-05	
0.0	3e-05	7e-05	3e-05	5e-05	5e-05	0.00022	4e-05	0.00013	2e-05	5e-05	0.0001	3e-05	0.0	0.0003	0.0	0.0	0.0	5e-05	0.00019	0.0	0.0	0.0	0.0	0.0	7e-05	0.0	0.0	0.0	0.0	0.0	7e-05	8e-05	3e-05	0.0	0.00013	0.00025	0.0001	2e-05	1e-05	0.0	0.0	1e-05	2e-05	1e-05	1e-05	0.0	1e-05	3e-05	6e-05	2e-05	0.0001	0.0	0.0	0.0	0.0	0.0	0.0	0.0	0.0	0.0	0.00017	0.0	0.0	0.0003	0.0	0.0	0.0	0.0	0.0	0.0	0.0	0.0	0.0	0.0	9e-05	1e-05	8e-05	0.00017	2e-05	0.00015	0.00023	6e-05	5e-05	
0.00017	0.10478	0.05306	0.2047	0.08578	0.04157	0.02645	0.11949	0.02557	0.2365	0.0578	0.02713	0.08441	0.00017	0.00901	0.00017	0.00017	0.00017	0.06479	0.00804	0.00017	0.00017	0.00017	0.00017	0.00017	0.06923	0.00017	0.00017	0.00017	0.00017	0.00017	0.09806	0.03058	0.01767	0.00017	0.01704	0.00839	0.02053	0.05702	0.04941	0.0	0.0	0.04417	0.07541	0.08745	0.03296	0.07055	0.09916	0.04323	0.11942	0.0383	0.01778	0.00029	0.00017	0.00017	0.00017	0.00017	0.00017	0.00017	0.00017	0.00017	0.0	0.00017	0.00017	0.00901	0.00017	0.00017	0.00017	0.00017	0.00017	0.00017	0.00017	0.00017	0.00017	0.00017	0.0226	0.0607	0.18594	0.0304	0.1252	0.00931	0.00663	0.1891	0.07617	
0.0	3e-05	7e-05	3e-05	5e-05	5e-05	0.00022	4e-05	0.00013	2e-05	5e-05	0.0001	3e-05	0.0	0.0003	0.0	0.0	0.0	5e-05	0.00019	0.0	0.0	0.0	0.0	0.0	7e-05	0.0	0.0	0.0	0.0	0.0	7e-05	8e-05	3e-05	0.0	0.00013	0.00025	0.0001	2e-05	1e-05	0.0	0.0	1e-05	2e-05	1e-05	1e-05	0.0	1e-05	3e-05	6e-05	2e-05	0.0001	0.0	0.0	0.0	0.0	0.0	0.0	0.0	0.0	0.0	0.00017	0.0	0.0	0.0003	0.0	0.0	0.0	0.0	0.0	0.0	0.0	0.0	0.0	0.0	9e-05	1e-05	8e-05	0.00017	2e-05	0.00015	0.00023	6e-05	5e-05	
0.0	3e-05	7e-05	3e-05	5e-05	5e-05	0.00022	4e-05	0.00013	2e-05	5e-05	0.0001	3e-05	0.0	0.0003	0.0	0.0	0.0	5e-05	0.00019	0.0	0.0	0.0	0.0	0.0	7e-05	0.0	0.0	0.0	0.0	0.0	7e-05	8e-05	3e-05	0.0	0.00013	0.00025	0.0001	2e-05	1e-05	0.0	0.0	1e-05	2e-05	1e-05	1e-05	0.0	1e-05	3e-05	6e-05	2e-05	0.0001	0.0	0.0	0.0	0.0	0.0	0.0	0.0	0.0	0.0	0.00017	0.0	0.0	0.0003	0.0	0.0	0.0	0.0	0.0	0.0	0.0	0.0	0.0	0.0	9e-05	1e-05	8e-05	0.00017	2e-05	0.00015	0.00023	6e-05	5e-05	
0.0003	0.02406	0.05303	0.02935	0.03945	0.04155	0.11384	0.02609	0.29424	0.02837	0.05703	0.07547	0.02789	0.0003	0.9999	0.0003	0.0003	0.0003	0.06475	0.0081	0.0003	0.0003	0.0003	0.0003	0.0003	0.03864	0.0003	0.0003	0.0003	0.0003	0.0003	0.0511	0.06461	0.01768	0.0003	0.22864	0.00917	0.22431	0.05708	0.04759	0.0	0.0	0.04654	0.04679	0.0377	0.05896	0.06471	0.03329	0.05336	0.09562	0.03828	0.38071	0.00092	0.0003	0.0003	0.0003	0.0003	0.0003	0.0003	0.0003	0.0003	0.00901	0.0003	0.0003	0.0	0.0003	0.0003	0.0003	0.0003	0.0003	0.0003	0.0003	0.0003	0.0003	0.0003	0.31106	0.06063	0.01922	0.09367	0.02343	0.00937	0.0067	0.04227	0.03008	
0.0	3e-05	7e-05	3e-05	5e-05	5e-05	0.00022	4e-05	0.00013	2e-05	5e-05	0.0001	3e-05	0.0	0.0003	0.0	0.0	0.0	5e-05	0.00019	0.0	0.0	0.0	0.0	0.0	7e-05	0.0	0.0	0.0	0.0	0.0	7e-05	8e-05	3e-05	0.0	0.00013	0.00025	0.0001	2e-05	1e-05	0.0	0.0	1e-05	2e-05	1e-05	1e-05	0.0	1e-05	3e-05	6e-05	2e-05	0.0001	0.0	0.0	0.0	0.0	0.0	0.0	0.0	0.0	0.0	0.00017	0.0	0.0	0.0003	0.0	0.0	0.0	0.0	0.0	0.0	0.0	0.0	0.0	0.0	9e-05	1e-05	8e-05	0.00017	2e-05	0.00015	0.00023	6e-05	5e-05	
0.0	3e-05	7e-05	3e-05	5e-05	5e-05	0.00022	4e-05	0.00013	2e-05	5e-05	0.0001	3e-05	0.0	0.0003	0.0	0.0	0.0	5e-05	0.00019	0.0	0.0	0.0	0.0	0.0	7e-05	0.0	0.0	0.0	0.0	0.0	7e-05	8e-05	3e-05	0.0	0.00013	0.00025	0.0001	2e-05	1e-05	0.0	0.0	1e-05	2e-05	1e-05	1e-05	0.0	1e-05	3e-05	6e-05	2e-05	0.0001	0.0	0.0	0.0	0.0	0.0	0.0	0.0	0.0	0.0	0.00017	0.0	0.0	0.0003	0.0	0.0	0.0	0.0	0.0	0.0	0.0	0.0	0.0	0.0	9e-05	1e-05	8e-05	0.00017	2e-05	0.00015	0.00023	6e-05	5e-05	
0.0	3e-05	7e-05	3e-05	5e-05	5e-05	0.00022	4e-05	0.00013	2e-05	5e-05	0.0001	3e-05	0.0	0.0003	0.0	0.0	0.0	5e-05	0.00019	0.0	0.0	0.0	0.0	0.0	7e-05	0.0	0.0	0.0	0.0	0.0	7e-05	8e-05	3e-05	0.0	0.00013	0.00025	0.0001	2e-05	1e-05	0.0	0.0	1e-05	2e-05	1e-05	1e-05	0.0	1e-05	3e-05	6e-05	2e-05	0.0001	0.0	0.0	0.0	0.0	0.0	0.0	0.0	0.0	0.0	0.00017	0.0	0.0	0.0003	0.0	0.0	0.0	0.0	0.0	0.0	0.0	0.0	0.0	0.0	9e-05	1e-05	8e-05	0.00017	2e-05	0.00015	0.00023	6e-05	5e-05	
0.0	3e-05	7e-05	3e-05	5e-05	5e-05	0.00022	4e-05	0.00013	2e-05	5e-05	0.0001	3e-05	0.0	0.0003	0.0	0.0	0.0	5e-05	0.00019	0.0	0.0	0.0	0.0	0.0	7e-05	0.0	0.0	0.0	0.0	0.0	7e-05	8e-05	3e-05	0.0	0.00013	0.00025	0.0001	2e-05	1e-05	0.0	0.0	1e-05	2e-05	1e-05	1e-05	0.0	1e-05	3e-05	6e-05	2e-05	0.0001	0.0	0.0	0.0	0.0	0.0	0.0	0.0	0.0	0.0	0.00017	0.0	0.0	0.0003	0.0	0.0	0.0	0.0	0.0	0.0	0.0	0.0	0.0	0.0	9e-05	1e-05	8e-05	0.00017	2e-05	0.00015	0.00023	6e-05	5e-05	
0.0	3e-05	7e-05	3e-05	5e-05	5e-05	0.00022	4e-05	0.00013	2e-05	5e-05	0.0001	3e-05	0.0	0.0003	0.0	0.0	0.0	5e-05	0.00019	0.0	0.0	0.0	0.0	0.0	7e-05	0.0	0.0	0.0	0.0	0.0	7e-05	8e-05	3e-05	0.0	0.00013	0.00025	0.0001	2e-05	1e-05	0.0	0.0	1e-05	2e-05	1e-05	1e-05	0.0	1e-05	3e-05	6e-05	2e-05	0.0001	0.0	0.0	0.0	0.0	0.0	0.0	0.0	0.0	0.0	0.00017	0.0	0.0	0.0003	0.0	0.0	0.0	0.0	0.0	0.0	0.0	0.0	0.0	0.0	9e-05	1e-05	8e-05	0.00017	2e-05	0.00015	0.00023	6e-05	5e-05	
0.0	3e-05	7e-05	3e-05	5e-05	5e-05	0.00022	4e-05	0.00013	2e-05	5e-05	0.0001	3e-05	0.0	0.0003	0.0	0.0	0.0	5e-05	0.00019	0.0	0.0	0.0	0.0	0.0	7e-05	0.0	0.0	0.0	0.0	0.0	7e-05	8e-05	3e-05	0.0	0.00013	0.00025	0.0001	2e-05	1e-05	0.0	0.0	1e-05	2e-05	1e-05	1e-05	0.0	1e-05	3e-05	6e-05	2e-05	0.0001	0.0	0.0	0.0	0.0	0.0	0.0	0.0	0.0	0.0	0.00017	0.0	0.0	0.0003	0.0	0.0	0.0	0.0	0.0	0.0	0.0	0.0	0.0	0.0	9e-05	1e-05	8e-05	0.00017	2e-05	0.00015	0.00023	6e-05	5e-05	
0.0	3e-05	7e-05	3e-05	5e-05	5e-05	0.00022	4e-05	0.00013	2e-05	5e-05	0.0001	3e-05	0.0	0.0003	0.0	0.0	0.0	5e-05	0.00019	0.0	0.0	0.0	0.0	0.0	7e-05	0.0	0.0	0.0	0.0	0.0	7e-05	8e-05	3e-05	0.0	0.00013	0.00025	0.0001	2e-05	1e-05	0.0	0.0	1e-05	2e-05	1e-05	1e-05	0.0	1e-05	3e-05	6e-05	2e-05	0.0001	0.0	0.0	0.0	0.0	0.0	0.0	0.0	0.0	0.0	0.00017	0.0	0.0	0.0003	0.0	0.0	0.0	0.0	0.0	0.0	0.0	0.0	0.0	0.0	9e-05	1e-05	8e-05	0.00017	2e-05	0.00015	0.00023	6e-05	5e-05	
0.0	3e-05	7e-05	3e-05	5e-05	5e-05	0.00022	4e-05	0.00013	2e-05	5e-05	0.0001	3e-05	0.0	0.0003	0.0	0.0	0.0	5e-05	0.00019	0.0	0.0	0.0	0.0	0.0	7e-05	0.0	0.0	0.0	0.0	0.0	7e-05	8e-05	3e-05	0.0	0.00013	0.00025	0.0001	2e-05	1e-05	0.0	0.0	1e-05	2e-05	1e-05	1e-05	0.0	1e-05	3e-05	6e-05	2e-05	0.0001	0.0	0.0	0.0	0.0	0.0	0.0	0.0	0.0	0.0	0.00017	0.0	0.0	0.0003	0.0	0.0	0.0	0.0	0.0	0.0	0.0	0.0	0.0	0.0	9e-05	1e-05	8e-05	0.00017	2e-05	0.00015	0.00023	6e-05	5e-05	
0.0	3e-05	7e-05	3e-05	5e-05	5e-05	0.00022	4e-05	0.00013	2e-05	5e-05	0.0001	3e-05	0.0	0.0003	0.0	0.0	0.0	5e-05	0.00019	0.0	0.0	0.0	0.0	0.0	7e-05	0.0	0.0	0.0	0.0	0.0	7e-05	8e-05	3e-05	0.0	0.00013	0.00025	0.0001	2e-05	1e-05	0.0	0.0	1e-05	2e-05	1e-05	1e-05	0.0	1e-05	3e-05	6e-05	2e-05	0.0001	0.0	0.0	0.0	0.0	0.0	0.0	0.0	0.0	0.0	0.00017	0.0	0.0	0.0003	0.0	0.0	0.0	0.0	0.0	0.0	0.0	0.0	0.0	0.0	9e-05	1e-05	8e-05	0.00017	2e-05	0.00015	0.00023	6e-05	5e-05	
0.0	3e-05	7e-05	3e-05	5e-05	5e-05	0.00022	4e-05	0.00013	2e-05	5e-05	0.0001	3e-05	0.0	0.0003	0.0	0.0	0.0	5e-05	0.00019	0.0	0.0	0.0	0.0	0.0	7e-05	0.0	0.0	0.0	0.0	0.0	7e-05	8e-05	3e-05	0.0	0.00013	0.00025	0.0001	2e-05	1e-05	0.0	0.0	1e-05	2e-05	1e-05	1e-05	0.0	1e-05	3e-05	6e-05	2e-05	0.0001	0.0	0.0	0.0	0.0	0.0	0.0	0.0	0.0	0.0	0.00017	0.0	0.0	0.0003	0.0	0.0	0.0	0.0	0.0	0.0	0.0	0.0	0.0	0.0	9e-05	1e-05	8e-05	0.00017	2e-05	0.00015	0.00023	6e-05	5e-05	
9e-05	0.12013	0.1068	0.08104	0.06579	0.18908	0.31942	0.05666	0.70132	0.12002	0.24028	0.40383	0.12279	9e-05	0.31106	9e-05	9e-05	9e-05	0.15025	0.01961	9e-05	9e-05	9e-05	9e-05	9e-05	0.05591	9e-05	9e-05	9e-05	9e-05	9e-05	0.26353	0.37759	0.06222	9e-05	0.12612	0.1052	0.24223	0.10878	0.21663	0.0	0.0	0.17563	0.21335	0.06087	0.07564	0.07984	0.03787	0.11117	0.09599	0.08084	0.25885	0.00419	9e-05	9e-05	9e-05	9e-05	9e-05	9e-05	9e-05	9e-05	0.0226	9e-05	9e-05	0.31106	9e-05	9e-05	9e-05	9e-05	9e-05	9e-05	9e-05	9e-05	9e-05	9e-05	0.0	0.16711	0.06212	0.52595	0.09869	0.02382	0.01529	0.08496	0.05724	
