0.0	0.00025	0.0	5e-05	7e-05	5e-05	0.00014	0.00025	0.0	0.0	9e-05	0.00023	0.00043	0.0	0.0	0.0	0.0	6e-05	9e-05	0.0	0.00025	0.0	0.0	0.0002	8e-05	9e-05	0.0	0.0	0.00025	0.00025	8e-05	0.00016	0.0	0.0	0.00019	0.0	0.00018	0.0001	0.0	0.0002	0.00017	0.0	0.0	0.0	0.0	0.00016	0.0	0.0	0.0	0.0	0.00012	0.0	0.0	0.0	0.0	0.00025	8e-05	0.00025	0.00028	0.00023	0.00023	0.0	0.0	0.0	0.0	0.0	0.00016	0.00031	0.0	0.0002	8e-05	0.0	0.00043	0.0	0.0	0.00025	0.0	0.0	0.00025	0.00025	0.0	0.0	0.00011	0.0	0.00015	0.00014	8e-05	7e-05	0.00016	0.0	0.00014	0.0002	0.00016	8e-05	0.00025	0.00016	
0.00025	0.0	0.00025	0.08784	0.0646	0.13749	0.49077	0.99986	0.00025	0.0	0.25591	0.31754	0.01833	0.00025	0.00025	0.00025	0.00025	0.26287	0.07946	0.00025	0.0231	0.00025	0.00025	0.03362	0.35022	0.20712	0.00025	0.00025	0.0231	0.99986	0.08243	0.24567	0.00025	0.00194	0.07405	0.0	0.05453	0.0541	0.00025	0.03362	0.53316	0.00025	0.00025	0.00025	0.00025	0.04762	0.00025	0.00025	0.00025	0.00025	0.06058	0.00025	0.00025	0.00025	0.00025	0.99986	0.05268	0.99986	0.02019	0.20957	0.20957	0.00025	0.00025	0.00025	0.00025	0.00025	0.04762	0.01739	0.01552	0.03362	0.05436	0.00025	0.01833	0.00025	0.00025	0.0231	0.00025	0.00025	0.99986	0.99986	0.00025	0.00025	0.06682	0.00025	0.14097	0.49077	0.05436	0.0646	0.04762	0.00025	0.05324	0.03362	0.04762	0.05628	0.99986	0.04762	
0.0	0.00025	0.0	5e-05	7e-05	5e-05	0.00014	0.00025	0.0	0.0	9e-05	0.00023	0.00043	0.0	0.0	0.0	0.0	6e-05	9e-05	0.0	0.00025	0.0	0.0	0.0002	8e-05	9e-05	0.0	0.0	0.00025	0.00025	8e-05	0.00016	0.0	0.0	0.00019	0.0	0.00018	0.0001	0.0	0.0002	0.00017	0.0	0.0	0.0	0.0	0.00016	0.0	0.0	0.0	0.0	0.00012	0.0	0.0	0.0	0.0	0.00025	8e-05	0.00025	0.00028	0.00023	0.00023	0.0	0.0	0.0	0.0	0.0	0.00016	0.00031	0.0	0.0002	8e-05	0.0	0.00043	0.0	0.0	0.00025	0.0	0.0	0.00025	0.00025	0.0	0.0	0.00011	0.0	0.00015	0.00014	8e-05	7e-05	0.00016	0.0	0.00014	0.0002	0.00016	8e-05	0.00025	0.00016	
5e-05	0.08784	5e-05	0.0	0.56708	0.32619	0.23253	0.08784	5e-05	0.01611	0.15859	0.24067	0.03524	5e-05	5e-05	5e-05	5e-05	0.23606	0.71389	5e-05	0.04634	5e-05	5e-05	0.14797	0.29976	0.0298	5e-05	5e-05	0.04634	0.08784	0.66079	0.20674	5e-05	0.00193	0.65958	0.0	0.24051	0.06011	5e-05	0.14797	0.11469	5e-05	5e-05	5e-05	5e-05	0.24472	5e-05	5e-05	5e-05	5e-05	0.11694	5e-05	5e-05	5e-05	5e-05	0.08784	0.22559	0.08784	0.03956	0.05764	0.05764	5e-05	5e-05	5e-05	5e-05	5e-05	0.24472	0.03321	0.09234	0.14797	0.22491	5e-05	0.03524	5e-05	5e-05	0.04634	5e-05	5e-05	0.08784	0.08784	5e-05	5e-05	0.32876	5e-05	0.09091	0.23253	0.22491	0.56708	0.24472	5e-05	0.22535	0.14797	0.24472	0.22474	0.08784	0.24472	
7e-05	0.0646	7e-05	0.56708	0.0	0.474	0.43945	0.0646	7e-05	0.01128	0.41431	0.59808	0.02657	7e-05	7e-05	7e-05	7e-05	0.37256	0.73373	7e-05	0.03474	7e-05	7e-05	0.45754	0.38489	0.17925	7e-05	7e-05	0.03474	0.0646	0.63935	0.14383	7e-05	0.00153	1.47529	0.0	0.58542	0.25909	7e-05	0.45754	0.0833	7e-05	7e-05	7e-05	7e-05	0.58273	7e-05	7e-05	7e-05	7e-05	0.35138	7e-05	7e-05	7e-05	7e-05	0.0646	0.48543	0.0646	0.02975	0.23243	0.23243	7e-05	7e-05	7e-05	7e-05	7e-05	0.58273	0.02505	0.49857	0.45754	0.47593	7e-05	0.02657	7e-05	7e-05	0.03474	7e-05	7e-05	0.0646	0.0646	7e-05	7e-05	0.30732	7e-05	0.20286	0.43945	0.47593	0.99981	0.58273	7e-05	0.4823	0.45754	0.58273	0.46737	0.0646	0.58273	
5e-05	0.13749	5e-05	0.32619	0.474	0.0	0.49036	0.13749	5e-05	0.03086	0.23906	0.56552	0.05147	5e-05	5e-05	5e-05	5e-05	0.50925	0.29606	5e-05	0.06876	5e-05	5e-05	0.11137	0.39182	0.1809	5e-05	5e-05	0.06876	0.13749	0.53966	0.06353	5e-05	0.00403	0.35622	0.0	0.50281	0.07101	5e-05	0.11137	0.07195	5e-05	5e-05	5e-05	5e-05	0.48382	5e-05	5e-05	5e-05	5e-05	0.33591	5e-05	5e-05	5e-05	5e-05	0.13749	0.45351	0.13749	0.05814	0.29548	0.29548	5e-05	5e-05	5e-05	5e-05	5e-05	0.48382	0.04839	0.33463	0.11137	0.45423	5e-05	0.05147	5e-05	5e-05	0.06876	5e-05	5e-05	0.13749	0.13749	5e-05	5e-05	0.31374	5e-05	0.2804	0.49036	0.45423	0.474	0.48382	5e-05	0.45364	0.11137	0.48382	0.45629	0.13749	0.48382	
0.00014	0.49077	0.00014	0.23253	0.43945	0.49036	0.0	0.49077	0.00014	0.31753	0.22089	1.31714	0.02847	0.00014	0.00014	0.00014	0.00014	0.24737	0.25231	0.00014	0.03731	0.00014	0.00014	0.05805	0.71359	0.20034	0.00014	0.00014	0.03731	0.49077	0.43529	0.21204	0.00014	0.00241	0.29883	0.0	0.56134	0.10761	0.00014	0.05805	0.32373	0.00014	0.00014	0.00014	0.00014	0.5568	0.00014	0.00014	0.00014	0.00014	0.34207	0.00014	0.00014	0.00014	0.00014	0.49077	0.4715	0.49077	0.03191	0.71875	0.71875	0.00014	0.00014	0.00014	0.00014	0.00014	0.5568	0.02684	0.44853	0.05805	0.46347	0.00014	0.02847	0.00014	0.00014	0.03731	0.00014	0.00014	0.49077	0.49077	0.00014	0.00014	0.30143	0.00014	0.48346	0.99995	0.46347	0.43945	0.5568	0.00014	0.46885	0.05805	0.5568	0.45634	0.49077	0.5568	
0.00025	0.99986	0.00025	0.08784	0.0646	0.13749	0.49077	0.0	0.00025	0.0	0.25591	0.31754	0.01833	0.00025	0.00025	0.00025	0.00025	0.26287	0.07946	0.00025	0.0231	0.00025	0.00025	0.03362	0.35022	0.20712	0.00025	0.00025	0.0231	0.99986	0.08243	0.24567	0.00025	0.00194	0.07405	0.0	0.05453	0.0541	0.00025	0.03362	0.53316	0.00025	0.00025	0.00025	0.00025	0.04762	0.00025	0.00025	0.00025	0.00025	0.06058	0.00025	0.00025	0.00025	0.00025	0.99986	0.05268	0.99986	0.02019	0.20957	0.20957	0.00025	0.00025	0.00025	0.00025	0.00025	0.04762	0.01739	0.01552	0.03362	0.05436	0.00025	0.01833	0.00025	0.00025	0.0231	0.00025	0.00025	0.99986	0.99986	0.00025	0.00025	0.06682	0.00025	0.14097	0.49077	0.05436	0.0646	0.04762	0.00025	0.05324	0.03362	0.04762	0.05628	0.99986	0.04762	
0.0	0.00025	0.0	5e-05	7e-05	5e-05	0.00014	0.00025	0.0	0.0	9e-05	0.00023	0.00043	0.0	0.0	0.0	0.0	6e-05	9e-05	0.0	0.00025	0.0	0.0	0.0002	8e-05	9e-05	0.0	0.0	0.00025	0.00025	8e-05	0.00016	0.0	0.0	0.00019	0.0	0.00018	0.0001	0.0	0.0002	0.00017	0.0	0.0	0.0	0.0	0.00016	0.0	0.0	0.0	0.0	0.00012	0.0	0.0	0.0	0.0	0.00025	8e-05	0.00025	0.00028	0.00023	0.00023	0.0	0.0	0.0	0.0	0.0	0.00016	0.00031	0.0	0.0002	8e-05	0.0	0.00043	0.0	0.0	0.00025	0.0	0.0	0.00025	0.00025	0.0	0.0	0.00011	0.0	0.00015	0.00014	8e-05	7e-05	0.00016	0.0	0.00014	0.0002	0.00016	8e-05	0.00025	0.00016	
0.0	0.0	0.0	0.01611	0.01128	0.03086	0.31753	0.0	0.0	0.0	9e-05	0.00023	0.007	0.0	0.0	0.0	0.0	0.08934	0.01594	0.0	0.00484	0.0	0.0	0.00601	0.17758	0.06145	0.0	0.0	0.00484	0.0	0.01464	0.07843	0.0	0.0	0.01686	0.0	0.01298	0.00909	0.0	0.00601	0.43034	0.0	0.0	0.0	0.0	0.01051	0.0	0.0	0.0	0.0	0.01242	0.0	0.0	0.0	0.0	0.0	0.00971	0.0	0.00456	0.05715	0.05715	0.0	0.0	0.0	0.0	0.0	0.01051	0.0043	0.0	0.00601	0.00987	0.0	0.007	0.0	0.0	0.00484	0.0	0.0	0.0	0.0	0.0	0.0	0.01349	0.0	0.02924	0.31753	0.00987	0.01128	0.01051	0.0	0.01089	0.00601	0.01051	0.01008	0.0	0.01051	
9e-05	0.25591	9e-05	0.15859	0.41431	0.23906	0.22089	0.25591	9e-05	9e-05	0.0	0.06941	0.02556	9e-05	9e-05	9e-05	9e-05	0.52622	0.17606	9e-05	0.03208	9e-05	9e-05	0.64798	0.23692	0.3394	9e-05	9e-05	0.03208	0.25591	0.2272	0.18654	9e-05	0.00117	0.69088	0.0	0.08839	0.41188	9e-05	0.64798	0.12266	9e-05	9e-05	9e-05	9e-05	0.07432	9e-05	9e-05	9e-05	9e-05	0.13218	9e-05	9e-05	9e-05	9e-05	0.25591	0.08621	0.25591	0.02766	0.09658	0.09658	9e-05	9e-05	9e-05	9e-05	9e-05	0.07432	0.02348	0.01898	0.64798	0.08976	9e-05	0.02556	9e-05	9e-05	0.03208	9e-05	9e-05	0.25591	0.25591	9e-05	9e-05	0.11116	9e-05	0.12107	0.22089	0.08976	0.41431	0.07432	9e-05	0.08796	0.64798	0.07432	0.09385	0.25591	0.07432	
0.00023	0.31754	0.00023	0.24067	0.59808	0.56552	1.31714	0.31754	0.00023	0.00023	0.06941	0.0	0.03145	0.00023	0.00023	0.00023	0.00023	0.13273	0.30513	0.00023	0.03918	0.00023	0.00023	0.05892	0.73673	0.1176	0.00023	0.00023	0.03918	0.31754	0.54929	0.10883	0.00023	0.00314	0.52238	0.0	1.01548	0.10588	0.00023	0.05892	0.14576	0.00023	0.00023	0.00023	0.00023	1.01012	0.00023	0.00023	0.00023	0.00023	0.49443	0.00023	0.00023	0.00023	0.00023	0.31754	0.71191	0.31754	0.03395	1.05676	1.05676	0.00023	0.00023	0.00023	0.00023	0.00023	1.01012	0.02898	0.0	0.05892	0.68518	0.00023	0.03145	0.00023	0.00023	0.03918	0.00023	0.00023	0.31754	0.31754	0.00023	0.00023	0.40802	0.00023	0.54043	1.31714	0.68518	0.59808	1.01012	0.00023	0.70411	0.05892	1.01012	0.6611	0.31754	1.01012	
0.00043	0.01833	0.00043	0.03524	0.02657	0.05147	0.02847	0.01833	0.00043	0.007	0.02556	0.03145	0.0	0.00043	0.00043	0.00043	0.00043	0.03009	0.03383	0.00043	0.01168	0.00043	0.00043	0.01601	0.03724	0.03717	0.00043	0.00043	0.01168	0.01833	0.03283	0.0916	0.00043	0.0	0.13225	0.0	0.12145	0.09865	0.00043	0.01601	0.02205	0.00043	0.00043	0.00043	0.00043	0.02157	0.00043	0.00043	0.00043	0.00043	0.0266	0.00043	0.00043	0.00043	0.00043	0.01833	0.0225	0.01833	0.01044	0.03698	0.03698	0.00043	0.00043	0.00043	0.00043	0.00043	0.02157	0.00921	0.01057	0.01601	0.02305	0.00043	0.99963	0.00043	0.00043	0.01168	0.00043	0.00043	0.01833	0.01833	0.00043	0.00043	0.029	0.00043	0.21573	0.02847	0.02305	0.02657	0.02157	0.00043	0.32515	0.01601	0.02157	0.02369	0.01833	0.02157	
0.0	0.00025	0.0	5e-05	7e-05	5e-05	0.00014	0.00025	0.0	0.0	9e-05	0.00023	0.00043	0.0	0.0	0.0	0.0	6e-05	9e-05	0.0	0.00025	0.0	0.0	0.0002	8e-05	9e-05	0.0	0.0	0.00025	0.00025	8e-05	0.00016	0.0	0.0	0.00019	0.0	0.00018	0.0001	0.0	0.0002	0.00017	0.0	0.0	0.0	0.0	0.00016	0.0	0.0	0.0	0.0	0.00012	0.0	0.0	0.0	0.0	0.00025	8e-05	0.00025	0.00028	0.00023	0.00023	0.0	0.0	0.0	0.0	0.0	0.00016	0.00031	0.0	0.0002	8e-05	0.0	0.00043	0.0	0.0	0.00025	0.0	0.0	0.00025	0.00025	0.0	0.0	0.00011	0.0	0.00015	0.00014	8e-05	7e-05	0.00016	0.0	0.00014	0.0002	0.00016	8e-05	0.00025	0.00016	
0.0	0.00025	0.0	5e-05	7e-05	5e-05	0.00014	0.00025	0.0	0.0	9e-05	0.00023	0.00043	0.0	0.0	0.0	0.0	6e-05	9e-05	0.0	0.00025	0.0	0.0	0.0002	8e-05	9e-05	0.0	0.0	0.00025	0.00025	8e-05	0.00016	0.0	0.0	0.00019	0.0	0.00018	0.0001	0.0	0.0002	0.00017	0.0	0.0	0.0	0.0	0.00016	0.0	0.0	0.0	0.0	0.00012	0.0	0.0	0.0	0.0	0.00025	8e-05	0.00025	0.00028	0.00023	0.00023	0.0	0.0	0.0	0.0	0.0	0.00016	0.00031	0.0	0.0002	8e-05	0.0	0.00043	0.0	0.0	0.00025	0.0	0.0	0.00025	0.00025	0.0	0.0	0.00011	0.0	0.00015	0.00014	8e-05	7e-05	0.00016	0.0	0.00014	0.0002	0.00016	8e-05	0.00025	0.00016	
0.0	0.00025	0.0	5e-05	7e-05	5e-05	0.00014	0.00025	0.0	0.0	9e-05	0.00023	0.00043	0.0	0.0	0.0	0.0	6e-05	9e-05	0.0	0.00025	0.0	0.0	0.0002	8e-05	9e-05	0.0	0.0	0.00025	0.00025	8e-05	0.00016	0.0	0.0	0.00019	0.0	0.00018	0.0001	0.0	0.0002	0.00017	0.0	0.0	0.0	0.0	0.00016	0.0	0.0	0.0	0.0	0.00012	0.0	0.0	0.0	0.0	0.00025	8e-05	0.00025	0.00028	0.00023	0.00023	0.0	0.0	0.0	0.0	0.0	0.00016	0.00031	0.0	0.0002	8e-05	0.0	0.00043	0.0	0.0	0.00025	0.0	0.0	0.00025	0.00025	0.0	0.0	0.00011	0.0	0.00015	0.00014	8e-05	7e-05	0.00016	0.0	0.00014	0.0002	0.00016	8e-05	0.00025	0.00016	
0.0	0.00025	0.0	5e-05	7e-05	5e-05	0.00014	0.00025	0.0	0.0	9e-05	0.00023	0.00043	0.0	0.0	0.0	0.0	6e-05	9e-05	0.0	0.00025	0.0	0.0	0.0002	8e-05	9e-05	0.0	0.0	0.00025	0.00025	8e-05	0.00016	0.0	0.0	0.00019	0.0	0.00018	0.0001	0.0	0.0002	0.00017	0.0	0.0	0.0	0.0	0.00016	0.0	0.0	0.0	0.0	0.00012	0.0	0.0	0.0	0.0	0.00025	8e-05	0.00025	0.00028	0.00023	0.00023	0.0	0.0	0.0	0.0	0.0	0.00016	0.00031	0.0	0.0002	8e-05	0.0	0.00043	0.0	0.0	0.00025	0.0	0.0	0.00025	0.00025	0.0	0.0	0.00011	0.0	0.00015	0.00014	8e-05	7e-05	0.00016	0.0	0.00014	0.0002	0.00016	8e-05	0.00025	0.00016	
6e-05	0.26287	6e-05	0.23606	0.37256	0.50925	0.24737	0.26287	6e-05	0.08934	0.52622	0.13273	0.03009	6e-05	6e-05	6e-05	6e-05	0.0	0.19463	6e-05	0.0395	6e-05	6e-05	0.43462	0.31277	0.20929	6e-05	6e-05	0.0395	0.26287	0.29162	0.07854	6e-05	0.00173	0.51242	0.0	0.11058	0.25907	6e-05	0.43462	0.15015	6e-05	6e-05	6e-05	6e-05	0.09365	6e-05	6e-05	6e-05	6e-05	0.12547	6e-05	6e-05	6e-05	6e-05	0.26287	0.11302	0.26287	0.03375	0.07248	0.07248	6e-05	6e-05	6e-05	6e-05	6e-05	0.09365	0.02836	0.02234	0.43462	0.11814	6e-05	0.03009	6e-05	6e-05	0.0395	6e-05	6e-05	0.26287	0.26287	6e-05	6e-05	0.03636	6e-05	0.10281	0.24737	0.11814	0.37256	0.09365	6e-05	0.11463	0.43462	0.09365	0.12394	0.26287	0.09365	
9e-05	0.07946	9e-05	0.71389	0.73373	0.29606	0.25231	0.07946	9e-05	0.01594	0.17606	0.30513	0.03383	9e-05	9e-05	9e-05	9e-05	0.19463	0.0	9e-05	0.04376	9e-05	9e-05	0.19146	0.23549	0.00032	9e-05	9e-05	0.04376	0.07946	0.4337	0.17456	9e-05	0.0021	1.12151	0.0	0.31031	0.05771	9e-05	0.19146	0.10172	9e-05	9e-05	9e-05	9e-05	0.31665	9e-05	9e-05	9e-05	9e-05	0.13515	9e-05	9e-05	9e-05	9e-05	0.07946	0.26895	0.07946	0.03771	0.04529	0.04529	9e-05	9e-05	9e-05	9e-05	9e-05	0.31665	0.03197	0.15741	0.19146	0.26476	9e-05	0.03383	9e-05	9e-05	0.04376	9e-05	9e-05	0.07946	0.07946	9e-05	9e-05	0.10167	9e-05	0.06135	0.25231	0.26476	0.73373	0.31665	9e-05	0.26757	0.19146	0.31665	0.26116	0.07946	0.31665	
0.0	0.00025	0.0	5e-05	7e-05	5e-05	0.00014	0.00025	0.0	0.0	9e-05	0.00023	0.00043	0.0	0.0	0.0	0.0	6e-05	9e-05	0.0	0.00025	0.0	0.0	0.0002	8e-05	9e-05	0.0	0.0	0.00025	0.00025	8e-05	0.00016	0.0	0.0	0.00019	0.0	0.00018	0.0001	0.0	0.0002	0.00017	0.0	0.0	0.0	0.0	0.00016	0.0	0.0	0.0	0.0	0.00012	0.0	0.0	0.0	0.0	0.00025	8e-05	0.00025	0.00028	0.00023	0.00023	0.0	0.0	0.0	0.0	0.0	0.00016	0.00031	0.0	0.0002	8e-05	0.0	0.00043	0.0	0.0	0.00025	0.0	0.0	0.00025	0.00025	0.0	0.0	0.00011	0.0	0.00015	0.00014	8e-05	7e-05	0.00016	0.0	0.00014	0.0002	0.00016	8e-05	0.00025	0.00016	
0.00025	0.0231	0.00025	0.04634	0.03474	0.06876	0.03731	0.0231	0.00025	0.00484	0.03208	0.03918	0.01168	0.00025	0.00025	0.00025	0.00025	0.0395	0.04376	0.00025	0.0	0.00025	0.00025	0.02004	0.12287	0.04821	0.00025	0.00025	0.9995	0.0231	0.04327	0.04285	0.00025	0.00065	0.03987	0.0	0.03077	0.02987	0.00025	0.02004	0.02806	0.00025	0.00025	0.00025	0.00025	0.02742	0.00025	0.00025	0.00025	0.00025	0.03412	0.00025	0.00025	0.00025	0.00025	0.0231	0.02912	0.0231	0.0127	0.04792	0.04792	0.00025	0.00025	0.00025	0.00025	0.00025	0.02742	0.0111	0.00812	0.02004	0.02989	0.00025	0.01168	0.00025	0.00025	0.9995	0.00025	0.00025	0.0231	0.0231	0.00025	0.00025	0.03732	0.00025	0.26568	0.03731	0.02989	0.03474	0.02742	0.00025	0.02939	0.02004	0.02742	0.37504	0.0231	0.02742	
0.0	0.00025	0.0	5e-05	7e-05	5e-05	0.00014	0.00025	0.0	0.0	9e-05	0.00023	0.00043	0.0	0.0	0.0	0.0	6e-05	9e-05	0.0	0.00025	0.0	0.0	0.0002	8e-05	9e-05	0.0	0.0	0.00025	0.00025	8e-05	0.00016	0.0	0.0	0.00019	0.0	0.00018	0.0001	0.0	0.0002	0.00017	0.0	0.0	0.0	0.0	0.00016	0.0	0.0	0.0	0.0	0.00012	0.0	0.0	0.0	0.0	0.00025	8e-05	0.00025	0.00028	0.00023	0.00023	0.0	0.0	0.0	0.0	0.0	0.00016	0.00031	0.0	0.0002	8e-05	0.0	0.00043	0.0	0.0	0.00025	0.0	0.0	0.00025	0.00025	0.0	0.0	0.00011	0.0	0.00015	0.00014	8e-05	7e-05	0.00016	0.0	0.00014	0.0002	0.00016	8e-05	0.00025	0.00016	
0.0	0.00025	0.0	5e-05	7e-05	5e-05	0.00014	0.00025	0.0	0.0	9e-05	0.00023	0.00043	0.0	0.0	0.0	0.0	6e-05	9e-05	0.0	0.00025	0.0	0.0	0.0002	8e-05	9e-05	0.0	0.0	0.00025	0.00025	8e-05	0.00016	0.0	0.0	0.00019	0.0	0.00018	0.0001	0.0	0.0002	0.00017	0.0	0.0	0.0	0.0	0.00016	0.0	0.0	0.0	0.0	0.00012	0.0	0.0	0.0	0.0	0.00025	8e-05	0.00025	0.00028	0.00023	0.00023	0.0	0.0	0.0	0.0	0.0	0.00016	0.00031	0.0	0.0002	8e-05	0.0	0.00043	0.0	0.0	0.00025	0.0	0.0	0.00025	0.00025	0.0	0.0	0.00011	0.0	0.00015	0.00014	8e-05	7e-05	0.00016	0.0	0.00014	0.0002	0.00016	8e-05	0.00025	0.00016	
0.0002	0.03362	0.0002	0.14797	0.45754	0.11137	0.05805	0.03362	0.0002	0.00601	0.64798	0.05892	0.01601	0.0002	0.0002	0.0002	0.0002	0.43462	0.19146	0.0002	0.02004	0.0002	0.0002	0.0	0.08042	0.16798	0.0002	0.0002	0.02004	0.03362	0.22023	0.0651	0.0002	0.00069	1.01919	0.0	0.04569	0.36804	0.0002	0.99967	0.04147	0.0002	0.0002	0.0002	0.0002	0.04047	0.0002	0.0002	0.0002	0.0002	0.05114	0.0002	0.0002	0.0002	0.0002	0.03362	0.04424	0.03362	0.01758	0.07323	0.07323	0.0002	0.0002	0.0002	0.0002	0.0002	0.04047	0.0152	0.0102	0.99967	0.04558	0.0002	0.01601	0.0002	0.0002	0.02004	0.0002	0.0002	0.03362	0.03362	0.0002	0.0002	0.05626	0.0002	0.0842	0.05805	0.04558	0.45754	0.04047	0.0002	0.04469	0.99967	0.04047	0.04711	0.03362	0.04047	
8e-05	0.35022	8e-05	0.29976	0.38489	0.39182	0.71359	0.35022	8e-05	0.17758	0.23692	0.73673	0.03724	8e-05	8e-05	8e-05	8e-05	0.31277	0.23549	8e-05	0.12287	8e-05	8e-05	0.08042	0.0	0.22168	8e-05	8e-05	0.12287	0.35022	0.34848	0.21596	8e-05	0.00277	0.27749	0.0	0.40488	0.16967	8e-05	0.08042	0.25592	8e-05	8e-05	8e-05	8e-05	0.39733	8e-05	8e-05	8e-05	8e-05	0.2757	8e-05	8e-05	8e-05	8e-05	0.35022	0.37419	0.35022	0.04207	0.51291	0.51291	8e-05	8e-05	8e-05	8e-05	8e-05	0.39733	0.035	0.2354	0.08042	0.37414	8e-05	0.03724	8e-05	8e-05	0.12287	8e-05	8e-05	0.35022	0.35022	8e-05	8e-05	0.34492	8e-05	0.50377	0.71359	0.37414	0.38489	0.39733	8e-05	0.37411	0.08042	0.39733	0.47074	0.35022	0.39733	
9e-05	0.20712	9e-05	0.0298	0.17925	0.1809	0.20034	0.20712	9e-05	0.06145	0.3394	0.1176	0.03717	9e-05	9e-05	9e-05	9e-05	0.20929	0.00032	9e-05	0.04821	9e-05	9e-05	0.16798	0.22168	0.0	9e-05	9e-05	0.04821	0.20712	0.08385	0.01049	9e-05	0.00234	0.1807	0.0	0.13128	0.04857	9e-05	0.16798	0.08438	9e-05	9e-05	9e-05	9e-05	0.11031	9e-05	9e-05	9e-05	9e-05	0.1466	9e-05	9e-05	9e-05	9e-05	0.20712	0.12915	0.20712	0.08904	0.00411	0.00411	9e-05	9e-05	9e-05	9e-05	9e-05	0.11031	0.03512	0.03083	0.16798	0.14006	9e-05	0.03717	9e-05	9e-05	0.04821	9e-05	9e-05	0.20712	0.20712	9e-05	9e-05	0.16493	9e-05	0.0477	0.20034	0.14006	0.17925	0.11031	9e-05	0.13084	0.16798	0.11031	0.14067	0.20712	0.11031	
0.0	0.00025	0.0	5e-05	7e-05	5e-05	0.00014	0.00025	0.0	0.0	9e-05	0.00023	0.00043	0.0	0.0	0.0	0.0	6e-05	9e-05	0.0	0.00025	0.0	0.0	0.0002	8e-05	9e-05	0.0	0.0	0.00025	0.00025	8e-05	0.00016	0.0	0.0	0.00019	0.0	0.00018	0.0001	0.0	0.0002	0.00017	0.0	0.0	0.0	0.0	0.00016	0.0	0.0	0.0	0.0	0.00012	0.0	0.0	0.0	0.0	0.00025	8e-05	0.00025	0.00028	0.00023	0.00023	0.0	0.0	0.0	0.0	0.0	0.00016	0.00031	0.0	0.0002	8e-05	0.0	0.00043	0.0	0.0	0.00025	0.0	0.0	0.00025	0.00025	0.0	0.0	0.00011	0.0	0.00015	0.00014	8e-05	7e-05	0.00016	0.0	0.00014	0.0002	0.00016	8e-05	0.00025	0.00016	
0.0	0.00025	0.0	5e-05	7e-05	5e-05	0.00014	0.00025	0.0	0.0	9e-05	0.00023	0.00043	0.0	0.0	0.0	0.0	6e-05	9e-05	0.0	0.00025	0.0	0.0	0.0002	8e-05	9e-05	0.0	0.0	0.00025	0.00025	8e-05	0.00016	0.0	0.0	0.00019	0.0	0.00018	0.0001	0.0	0.0002	0.00017	0.0	0.0	0.0	0.0	0.00016	0.0	0.0	0.0	0.0	0.00012	0.0	0.0	0.0	0.0	0.00025	8e-05	0.00025	0.00028	0.00023	0.00023	0.0	0.0	0.0	0.0	0.0	0.00016	0.00031	0.0	0.0002	8e-05	0.0	0.00043	0.0	0.0	0.00025	0.0	0.0	0.00025	0.00025	0.0	0.0	0.00011	0.0	0.00015	0.00014	8e-05	7e-05	0.00016	0.0	0.00014	0.0002	0.00016	8e-05	0.00025	0.00016	
0.00025	0.0231	0.00025	0.04634	0.03474	0.06876	0.03731	0.0231	0.00025	0.00484	0.03208	0.03918	0.01168	0.00025	0.00025	0.00025	0.00025	0.0395	0.04376	0.00025	0.9995	0.00025	0.00025	0.02004	0.12287	0.04821	0.00025	0.00025	0.0	0.0231	0.04327	0.04285	0.00025	0.00065	0.03987	0.0	0.03077	0.02987	0.00025	0.02004	0.02806	0.00025	0.00025	0.00025	0.00025	0.02742	0.00025	0.00025	0.00025	0.00025	0.03412	0.00025	0.00025	0.00025	0.00025	0.0231	0.02912	0.0231	0.0127	0.04792	0.04792	0.00025	0.00025	0.00025	0.00025	0.00025	0.02742	0.0111	0.00812	0.02004	0.02989	0.00025	0.01168	0.00025	0.00025	0.9995	0.00025	0.00025	0.0231	0.0231	0.00025	0.00025	0.03732	0.00025	0.26568	0.03731	0.02989	0.03474	0.02742	0.00025	0.02939	0.02004	0.02742	0.37504	0.0231	0.02742	
0.00025	0.99986	0.00025	0.08784	0.0646	0.13749	0.49077	0.99986	0.00025	0.0	0.25591	0.31754	0.01833	0.00025	0.00025	0.00025	0.00025	0.26287	0.07946	0.00025	0.0231	0.00025	0.00025	0.03362	0.35022	0.20712	0.00025	0.00025	0.0231	0.0	0.08243	0.24567	0.00025	0.00194	0.07405	0.0	0.05453	0.0541	0.00025	0.03362	0.53316	0.00025	0.00025	0.00025	0.00025	0.04762	0.00025	0.00025	0.00025	0.00025	0.06058	0.00025	0.00025	0.00025	0.00025	0.99986	0.05268	0.99986	0.02019	0.20957	0.20957	0.00025	0.00025	0.00025	0.00025	0.00025	0.04762	0.01739	0.01552	0.03362	0.05436	0.00025	0.01833	0.00025	0.00025	0.0231	0.00025	0.00025	0.99986	0.99986	0.00025	0.00025	0.06682	0.00025	0.14097	0.49077	0.05436	0.0646	0.04762	0.00025	0.05324	0.03362	0.04762	0.05628	0.99986	0.04762	
8e-05	0.08243	8e-05	0.66079	0.63935	0.53966	0.43529	0.08243	8e-05	0.01464	0.2272	0.54929	0.03283	8e-05	8e-05	8e-05	8e-05	0.29162	0.4337	8e-05	0.04327	8e-05	8e-05	0.22023	0.34848	0.08385	8e-05	8e-05	0.04327	0.08243	0.0	0.19429	8e-05	0.0018	0.61548	0.0	0.52613	0.1191	8e-05	0.22023	0.10778	8e-05	8e-05	8e-05	8e-05	0.51974	8e-05	8e-05	8e-05	8e-05	0.33043	8e-05	8e-05	8e-05	8e-05	0.08243	0.45329	0.08243	0.03688	0.24042	0.24042	8e-05	8e-05	8e-05	8e-05	8e-05	0.51974	0.03092	0.38636	0.22023	0.44776	8e-05	0.03283	8e-05	8e-05	0.04327	8e-05	8e-05	0.08243	0.08243	8e-05	8e-05	0.40103	8e-05	0.23722	0.43529	0.44776	0.63935	0.51974	8e-05	0.45144	0.22023	0.51974	0.44315	0.08243	0.51974	
0.00016	0.24567	0.00016	0.20674	0.14383	0.06353	0.21204	0.24567	0.00016	0.07843	0.18654	0.10883	0.0916	0.00016	0.00016	0.00016	0.00016	0.07854	0.17456	0.00016	0.04285	0.00016	0.00016	0.0651	0.21596	0.01049	0.00016	0.00016	0.04285	0.24567	0.19429	0.0	0.00016	0.00651	0.10514	0.0	0.09127	0.10833	0.00016	0.0651	0.34188	0.00016	0.00016	0.00016	0.00016	0.09646	0.00016	0.00016	0.00016	0.00016	0.00956	0.00016	0.00016	0.00016	0.00016	0.24567	0.11198	0.24567	0.03695	0.01111	0.01111	0.00016	0.00016	0.00016	0.00016	0.00016	0.09646	0.03135	0.02849	0.0651	0.11645	0.00016	0.0916	0.00016	0.00016	0.04285	0.00016	0.00016	0.24567	0.24567	0.00016	0.00016	0.14242	0.00016	0.07879	0.21204	0.11645	0.14383	0.09646	0.00016	0.13099	0.0651	0.09646	0.12154	0.24567	0.09646	
0.0	0.00025	0.0	5e-05	7e-05	5e-05	0.00014	0.00025	0.0	0.0	9e-05	0.00023	0.00043	0.0	0.0	0.0	0.0	6e-05	9e-05	0.0	0.00025	0.0	0.0	0.0002	8e-05	9e-05	0.0	0.0	0.00025	0.00025	8e-05	0.00016	0.0	0.0	0.00019	0.0	0.00018	0.0001	0.0	0.0002	0.00017	0.0	0.0	0.0	0.0	0.00016	0.0	0.0	0.0	0.0	0.00012	0.0	0.0	0.0	0.0	0.00025	8e-05	0.00025	0.00028	0.00023	0.00023	0.0	0.0	0.0	0.0	0.0	0.00016	0.00031	0.0	0.0002	8e-05	0.0	0.00043	0.0	0.0	0.00025	0.0	0.0	0.00025	0.00025	0.0	0.0	0.00011	0.0	0.00015	0.00014	8e-05	7e-05	0.00016	0.0	0.00014	0.0002	0.00016	8e-05	0.00025	0.00016	
0.0	0.00194	0.0	0.00193	0.00153	0.00403	0.00241	0.00194	0.0	0.0	0.00117	0.00314	0.0	0.0	0.0	0.0	0.0	0.00173	0.0021	0.0	0.00065	0.0	0.0	0.00069	0.00277	0.00234	0.0	0.0	0.00065	0.00194	0.0018	0.00651	0.0	0.0	0.00019	0.0	0.00018	0.0001	0.0	0.00069	0.00188	0.0	0.0	0.0	0.0	0.00177	0.0	0.0	0.0	0.0	0.00184	0.0	0.0	0.0	0.0	0.00194	0.00146	0.00194	0.00065	0.00344	0.00344	0.0	0.0	0.0	0.0	0.0	0.00177	0.00066	0.0	0.00069	0.00145	0.0	0.0	0.0	0.0	0.00065	0.0	0.0	0.00194	0.00194	0.0	0.0	0.00191	0.0	0.0694	0.00241	0.00145	0.00153	0.00177	0.0	0.12146	0.00069	0.00177	0.00146	0.00194	0.00177	
0.00019	0.07405	0.00019	0.65958	1.47529	0.35622	0.29883	0.07405	0.00019	0.01686	0.69088	0.52238	0.13225	0.00019	0.00019	0.00019	0.00019	0.51242	1.12151	0.00019	0.03987	0.00019	0.00019	1.01919	0.27749	0.1807	0.00019	0.00019	0.03987	0.07405	0.61548	0.10514	0.00019	0.00019	0.0	0.0	0.51099	0.36033	0.00019	1.01919	0.09463	0.00019	0.00019	0.00019	0.00019	0.47467	0.00019	0.00019	0.00019	0.00019	0.16775	0.00019	0.00019	0.00019	0.00019	0.07405	0.33109	0.07405	0.03469	0.10472	0.10472	0.00019	0.00019	0.00019	0.00019	0.00019	0.47467	0.02975	0.00019	1.01919	0.32151	0.00019	0.13225	0.00019	0.00019	0.03987	0.00019	0.00019	0.07405	0.07405	0.00019	0.00019	0.13763	0.00019	0.17374	0.29883	0.32151	1.47529	0.47467	0.00019	0.6427	1.01919	0.47467	0.31367	0.07405	0.47467	
0.0	0.0	0.0	0.0	0.0	0.0	0.0	0.0	0.0	0.0	0.0	0.0	0.0	0.0	0.0	0.0	0.0	0.0	0.0	0.0	0.0	0.0	0.0	0.0	0.0	0.0	0.0	0.0	0.0	0.0	0.0	0.0	0.0	0.0	0.0	0.0	0.0	0.0	0.0	0.0	0.0	0.0	0.0	0.0	0.0	0.0	0.0	0.0	0.0	0.0	0.0	0.0	0.0	0.0	0.0	0.0	0.0	0.0	0.0	0.0	0.0	0.0	0.0	0.0	0.0	0.0	0.0	0.0	0.0	0.0	0.0	0.0	0.0	0.0	0.0	0.0	0.0	0.0	0.0	0.0	0.0	0.0	0.0	0.0	0.0	0.0	0.0	0.0	0.0	0.0	0.0	0.0	0.0	0.0	0.0	0.0	
0.00018	0.05453	0.00018	0.24051	0.58542	0.50281	0.56134	0.05453	0.00018	0.01298	0.08839	1.01548	0.12145	0.00018	0.00018	0.00018	0.00018	0.11058	0.31031	0.00018	0.03077	0.00018	0.00018	0.04569	0.40488	0.13128	0.00018	0.00018	0.03077	0.05453	0.52613	0.09127	0.00018	0.00018	0.51099	0.0	0.0	0.06598	0.00018	0.04569	0.06862	0.00018	0.00018	0.00018	0.00018	1.00136	0.00018	0.00018	0.00018	0.00018	0.49976	0.00018	0.00018	0.00018	0.00018	0.05453	0.70571	0.05453	0.02674	0.27003	0.27003	0.00018	0.00018	0.00018	0.00018	0.00018	1.00136	0.02288	0.0	0.04569	0.67815	0.00018	0.12145	0.00018	0.00018	0.03077	0.00018	0.00018	0.05453	0.05453	0.00018	0.00018	0.41375	0.00018	0.26403	0.56134	0.67815	0.58542	1.00136	0.00018	1.12105	0.04569	1.00136	0.65307	0.05453	1.00136	
0.0001	0.0541	0.0001	0.06011	0.25909	0.07101	0.10761	0.0541	0.0001	0.00909	0.41188	0.10588	0.09865	0.0001	0.0001	0.0001	0.0001	0.25907	0.05771	0.0001	0.02987	0.0001	0.0001	0.36804	0.16967	0.04857	0.0001	0.0001	0.02987	0.0541	0.1191	0.10833	0.0001	0.0001	0.36033	0.0	0.06598	0.0	0.0001	0.36804	0.06867	0.0001	0.0001	0.0001	0.0001	0.06674	0.0001	0.0001	0.0001	0.0001	0.10488	0.0001	0.0001	0.0001	0.0001	0.0541	0.13376	0.0541	0.02581	0.13302	0.13302	0.0001	0.0001	0.0001	0.0001	0.0001	0.06674	0.13899	0.01565	0.36804	0.07974	0.0001	0.09865	0.0001	0.0001	0.02987	0.0001	0.0001	0.0541	0.0541	0.0001	0.0001	0.09738	0.0001	0.19904	0.10761	0.07974	0.25909	0.06674	0.0001	0.12395	0.36804	0.06674	0.08308	0.0541	0.06674	
0.0	0.00025	0.0	5e-05	7e-05	5e-05	0.00014	0.00025	0.0	0.0	9e-05	0.00023	0.00043	0.0	0.0	0.0	0.0	6e-05	9e-05	0.0	0.00025	0.0	0.0	0.0002	8e-05	9e-05	0.0	0.0	0.00025	0.00025	8e-05	0.00016	0.0	0.0	0.00019	0.0	0.00018	0.0001	0.0	0.0002	0.00017	0.0	0.0	0.0	0.0	0.00016	0.0	0.0	0.0	0.0	0.00012	0.0	0.0	0.0	0.0	0.00025	8e-05	0.00025	0.00028	0.00023	0.00023	0.0	0.0	0.0	0.0	0.0	0.00016	0.00031	0.0	0.0002	8e-05	0.0	0.00043	0.0	0.0	0.00025	0.0	0.0	0.00025	0.00025	0.0	0.0	0.00011	0.0	0.00015	0.00014	8e-05	7e-05	0.00016	0.0	0.00014	0.0002	0.00016	8e-05	0.00025	0.00016	
0.0002	0.03362	0.0002	0.14797	0.45754	0.11137	0.05805	0.03362	0.0002	0.00601	0.64798	0.05892	0.01601	0.0002	0.0002	0.0002	0.0002	0.43462	0.19146	0.0002	0.02004	0.0002	0.0002	0.99967	0.08042	0.16798	0.0002	0.0002	0.02004	0.03362	0.22023	0.0651	0.0002	0.00069	1.01919	0.0	0.04569	0.36804	0.0002	0.0	0.04147	0.0002	0.0002	0.0002	0.0002	0.04047	0.0002	0.0002	0.0002	0.0002	0.05114	0.0002	0.0002	0.0002	0.0002	0.03362	0.04424	0.03362	0.01758	0.07323	0.07323	0.0002	0.0002	0.0002	0.0002	0.0002	0.04047	0.0152	0.0102	0.99967	0.04558	0.0002	0.01601	0.0002	0.0002	0.02004	0.0002	0.0002	0.03362	0.03362	0.0002	0.0002	0.05626	0.0002	0.0842	0.05805	0.04558	0.45754	0.04047	0.0002	0.04469	0.99967	0.04047	0.04711	0.03362	0.04047	
0.00017	0.53316	0.00017	0.11469	0.0833	0.07195	0.32373	0.53316	0.00017	0.43034	0.12266	0.14576	0.02205	0.00017	0.00017	0.00017	0.00017	0.15015	0.10172	0.00017	0.02806	0.00017	0.00017	0.04147	0.25592	0.08438	0.00017	0.00017	0.02806	0.53316	0.10778	0.34188	0.00017	0.00188	0.09463	0.0	0.06862	0.06867	0.00017	0.04147	0.0	0.00017	0.00017	0.00017	0.00017	0.05961	0.00017	0.00017	0.00017	0.00017	0.07663	0.00017	0.00017	0.00017	0.00017	0.53316	0.06705	0.53316	0.0244	0.08592	0.08592	0.00017	0.00017	0.00017	0.00017	0.00017	0.05961	0.02089	0.01756	0.04147	0.06934	0.00017	0.02205	0.00017	0.00017	0.02806	0.00017	0.00017	0.53316	0.53316	0.00017	0.00017	0.08488	0.00017	0.07056	0.32373	0.06934	0.0833	0.05961	0.00017	0.06779	0.04147	0.05961	0.07196	0.53316	0.05961	
0.0	0.00025	0.0	5e-05	7e-05	5e-05	0.00014	0.00025	0.0	0.0	9e-05	0.00023	0.00043	0.0	0.0	0.0	0.0	6e-05	9e-05	0.0	0.00025	0.0	0.0	0.0002	8e-05	9e-05	0.0	0.0	0.00025	0.00025	8e-05	0.00016	0.0	0.0	0.00019	0.0	0.00018	0.0001	0.0	0.0002	0.00017	0.0	0.0	0.0	0.0	0.00016	0.0	0.0	0.0	0.0	0.00012	0.0	0.0	0.0	0.0	0.00025	8e-05	0.00025	0.00028	0.00023	0.00023	0.0	0.0	0.0	0.0	0.0	0.00016	0.00031	0.0	0.0002	8e-05	0.0	0.00043	0.0	0.0	0.00025	0.0	0.0	0.00025	0.00025	0.0	0.0	0.00011	0.0	0.00015	0.00014	8e-05	7e-05	0.00016	0.0	0.00014	0.0002	0.00016	8e-05	0.00025	0.00016	
0.0	0.00025	0.0	5e-05	7e-05	5e-05	0.00014	0.00025	0.0	0.0	9e-05	0.00023	0.00043	0.0	0.0	0.0	0.0	6e-05	9e-05	0.0	0.00025	0.0	0.0	0.0002	8e-05	9e-05	0.0	0.0	0.00025	0.00025	8e-05	0.00016	0.0	0.0	0.00019	0.0	0.00018	0.0001	0.0	0.0002	0.00017	0.0	0.0	0.0	0.0	0.00016	0.0	0.0	0.0	0.0	0.00012	0.0	0.0	0.0	0.0	0.00025	8e-05	0.00025	0.00028	0.00023	0.00023	0.0	0.0	0.0	0.0	0.0	0.00016	0.00031	0.0	0.0002	8e-05	0.0	0.00043	0.0	0.0	0.00025	0.0	0.0	0.00025	0.00025	0.0	0.0	0.00011	0.0	0.00015	0.00014	8e-05	7e-05	0.00016	0.0	0.00014	0.0002	0.00016	8e-05	0.00025	0.00016	
0.0	0.00025	0.0	5e-05	7e-05	5e-05	0.00014	0.00025	0.0	0.0	9e-05	0.00023	0.00043	0.0	0.0	0.0	0.0	6e-05	9e-05	0.0	0.00025	0.0	0.0	0.0002	8e-05	9e-05	0.0	0.0	0.00025	0.00025	8e-05	0.00016	0.0	0.0	0.00019	0.0	0.00018	0.0001	0.0	0.0002	0.00017	0.0	0.0	0.0	0.0	0.00016	0.0	0.0	0.0	0.0	0.00012	0.0	0.0	0.0	0.0	0.00025	8e-05	0.00025	0.00028	0.00023	0.00023	0.0	0.0	0.0	0.0	0.0	0.00016	0.00031	0.0	0.0002	8e-05	0.0	0.00043	0.0	0.0	0.00025	0.0	0.0	0.00025	0.00025	0.0	0.0	0.00011	0.0	0.00015	0.00014	8e-05	7e-05	0.00016	0.0	0.00014	0.0002	0.00016	8e-05	0.00025	0.00016	
0.0	0.00025	0.0	5e-05	7e-05	5e-05	0.00014	0.00025	0.0	0.0	9e-05	0.00023	0.00043	0.0	0.0	0.0	0.0	6e-05	9e-05	0.0	0.00025	0.0	0.0	0.0002	8e-05	9e-05	0.0	0.0	0.00025	0.00025	8e-05	0.00016	0.0	0.0	0.00019	0.0	0.00018	0.0001	0.0	0.0002	0.00017	0.0	0.0	0.0	0.0	0.00016	0.0	0.0	0.0	0.0	0.00012	0.0	0.0	0.0	0.0	0.00025	8e-05	0.00025	0.00028	0.00023	0.00023	0.0	0.0	0.0	0.0	0.0	0.00016	0.00031	0.0	0.0002	8e-05	0.0	0.00043	0.0	0.0	0.00025	0.0	0.0	0.00025	0.00025	0.0	0.0	0.00011	0.0	0.00015	0.00014	8e-05	7e-05	0.00016	0.0	0.00014	0.0002	0.00016	8e-05	0.00025	0.00016	
0.00016	0.04762	0.00016	0.24472	0.58273	0.48382	0.5568	0.04762	0.00016	0.01051	0.07432	1.01012	0.02157	0.00016	0.00016	0.00016	0.00016	0.09365	0.31665	0.00016	0.02742	0.00016	0.00016	0.04047	0.39733	0.11031	0.00016	0.00016	0.02742	0.04762	0.51974	0.09646	0.00016	0.00177	0.47467	0.0	1.00136	0.06674	0.00016	0.04047	0.05961	0.00016	0.00016	0.00016	0.00016	0.0	0.00016	0.00016	0.00016	0.00016	0.50553	0.00016	0.00016	0.00016	0.00016	0.04762	0.70552	0.04762	0.02386	0.2756	0.2756	0.00016	0.00016	0.00016	0.00016	0.00016	0.99975	0.02043	0.0	0.04047	0.67763	0.00016	0.02157	0.00016	0.00016	0.02742	0.00016	0.00016	0.04762	0.04762	0.00016	0.00016	0.41992	0.00016	0.18538	0.5568	0.67763	0.58273	0.99975	0.00016	0.69629	0.04047	0.99975	0.65215	0.04762	0.99975	
0.0	0.00025	0.0	5e-05	7e-05	5e-05	0.00014	0.00025	0.0	0.0	9e-05	0.00023	0.00043	0.0	0.0	0.0	0.0	6e-05	9e-05	0.0	0.00025	0.0	0.0	0.0002	8e-05	9e-05	0.0	0.0	0.00025	0.00025	8e-05	0.00016	0.0	0.0	0.00019	0.0	0.00018	0.0001	0.0	0.0002	0.00017	0.0	0.0	0.0	0.0	0.00016	0.0	0.0	0.0	0.0	0.00012	0.0	0.0	0.0	0.0	0.00025	8e-05	0.00025	0.00028	0.00023	0.00023	0.0	0.0	0.0	0.0	0.0	0.00016	0.00031	0.0	0.0002	8e-05	0.0	0.00043	0.0	0.0	0.00025	0.0	0.0	0.00025	0.00025	0.0	0.0	0.00011	0.0	0.00015	0.00014	8e-05	7e-05	0.00016	0.0	0.00014	0.0002	0.00016	8e-05	0.00025	0.00016	
0.0	0.00025	0.0	5e-05	7e-05	5e-05	0.00014	0.00025	0.0	0.0	9e-05	0.00023	0.00043	0.0	0.0	0.0	0.0	6e-05	9e-05	0.0	0.00025	0.0	0.0	0.0002	8e-05	9e-05	0.0	0.0	0.00025	0.00025	8e-05	0.00016	0.0	0.0	0.00019	0.0	0.00018	0.0001	0.0	0.0002	0.00017	0.0	0.0	0.0	0.0	0.00016	0.0	0.0	0.0	0.0	0.00012	0.0	0.0	0.0	0.0	0.00025	8e-05	0.00025	0.00028	0.00023	0.00023	0.0	0.0	0.0	0.0	0.0	0.00016	0.00031	0.0	0.0002	8e-05	0.0	0.00043	0.0	0.0	0.00025	0.0	0.0	0.00025	0.00025	0.0	0.0	0.00011	0.0	0.00015	0.00014	8e-05	7e-05	0.00016	0.0	0.00014	0.0002	0.00016	8e-05	0.00025	0.00016	
0.0	0.00025	0.0	5e-05	7e-05	5e-05	0.00014	0.00025	0.0	0.0	9e-05	0.00023	0.00043	0.0	0.0	0.0	0.0	6e-05	9e-05	0.0	0.00025	0.0	0.0	0.0002	8e-05	9e-05	0.0	0.0	0.00025	0.00025	8e-05	0.00016	0.0	0.0	0.00019	0.0	0.00018	0.0001	0.0	0.0002	0.00017	0.0	0.0	0.0	0.0	0.00016	0.0	0.0	0.0	0.0	0.00012	0.0	0.0	0.0	0.0	0.00025	8e-05	0.00025	0.00028	0.00023	0.00023	0.0	0.0	0.0	0.0	0.0	0.00016	0.00031	0.0	0.0002	8e-05	0.0	0.00043	0.0	0.0	0.00025	0.0	0.0	0.00025	0.00025	0.0	0.0	0.00011	0.0	0.00015	0.00014	8e-05	7e-05	0.00016	0.0	0.00014	0.0002	0.00016	8e-05	0.00025	0.00016	
0.0	0.00025	0.0	5e-05	7e-05	5e-05	0.00014	0.00025	0.0	0.0	9e-05	0.00023	0.00043	0.0	0.0	0.0	0.0	6e-05	9e-05	0.0	0.00025	0.0	0.0	0.0002	8e-05	9e-05	0.0	0.0	0.00025	0.00025	8e-05	0.00016	0.0	0.0	0.00019	0.0	0.00018	0.0001	0.0	0.0002	0.00017	0.0	0.0	0.0	0.0	0.00016	0.0	0.0	0.0	0.0	0.00012	0.0	0.0	0.0	0.0	0.00025	8e-05	0.00025	0.00028	0.00023	0.00023	0.0	0.0	0.0	0.0	0.0	0.00016	0.00031	0.0	0.0002	8e-05	0.0	0.00043	0.0	0.0	0.00025	0.0	0.0	0.00025	0.00025	0.0	0.0	0.00011	0.0	0.00015	0.00014	8e-05	7e-05	0.00016	0.0	0.00014	0.0002	0.00016	8e-05	0.00025	0.00016	
0.00012	0.06058	0.00012	0.11694	0.35138	0.33591	0.34207	0.06058	0.00012	0.01242	0.13218	0.49443	0.0266	0.00012	0.00012	0.00012	0.00012	0.12547	0.13515	0.00012	0.03412	0.00012	0.00012	0.05114	0.2757	0.1466	0.00012	0.00012	0.03412	0.06058	0.33043	0.00956	0.00012	0.00184	0.16775	0.0	0.49976	0.10488	0.00012	0.05114	0.07663	0.00012	0.00012	0.00012	0.00012	0.50553	0.00012	0.00012	0.00012	0.00012	0.0	0.00012	0.00012	0.00012	0.00012	0.06058	0.39831	0.06058	0.02954	0.11103	0.11103	0.00012	0.00012	0.00012	0.00012	0.00012	0.50553	0.02517	0.43381	0.05114	0.38759	0.00012	0.0266	0.00012	0.00012	0.03412	0.00012	0.00012	0.06058	0.06058	0.00012	0.00012	0.19505	0.00012	0.09195	0.34207	0.38759	0.35138	0.50553	0.00012	0.39479	0.05114	0.50553	0.37777	0.06058	0.50553	
0.0	0.00025	0.0	5e-05	7e-05	5e-05	0.00014	0.00025	0.0	0.0	9e-05	0.00023	0.00043	0.0	0.0	0.0	0.0	6e-05	9e-05	0.0	0.00025	0.0	0.0	0.0002	8e-05	9e-05	0.0	0.0	0.00025	0.00025	8e-05	0.00016	0.0	0.0	0.00019	0.0	0.00018	0.0001	0.0	0.0002	0.00017	0.0	0.0	0.0	0.0	0.00016	0.0	0.0	0.0	0.0	0.00012	0.0	0.0	0.0	0.0	0.00025	8e-05	0.00025	0.00028	0.00023	0.00023	0.0	0.0	0.0	0.0	0.0	0.00016	0.00031	0.0	0.0002	8e-05	0.0	0.00043	0.0	0.0	0.00025	0.0	0.0	0.00025	0.00025	0.0	0.0	0.00011	0.0	0.00015	0.00014	8e-05	7e-05	0.00016	0.0	0.00014	0.0002	0.00016	8e-05	0.00025	0.00016	
0.0	0.00025	0.0	5e-05	7e-05	5e-05	0.00014	0.00025	0.0	0.0	9e-05	0.00023	0.00043	0.0	0.0	0.0	0.0	6e-05	9e-05	0.0	0.00025	0.0	0.0	0.0002	8e-05	9e-05	0.0	0.0	0.00025	0.00025	8e-05	0.00016	0.0	0.0	0.00019	0.0	0.00018	0.0001	0.0	0.0002	0.00017	0.0	0.0	0.0	0.0	0.00016	0.0	0.0	0.0	0.0	0.00012	0.0	0.0	0.0	0.0	0.00025	8e-05	0.00025	0.00028	0.00023	0.00023	0.0	0.0	0.0	0.0	0.0	0.00016	0.00031	0.0	0.0002	8e-05	0.0	0.00043	0.0	0.0	0.00025	0.0	0.0	0.00025	0.00025	0.0	0.0	0.00011	0.0	0.00015	0.00014	8e-05	7e-05	0.00016	0.0	0.00014	0.0002	0.00016	8e-05	0.00025	0.00016	
0.0	0.00025	0.0	5e-05	7e-05	5e-05	0.00014	0.00025	0.0	0.0	9e-05	0.00023	0.00043	0.0	0.0	0.0	0.0	6e-05	9e-05	0.0	0.00025	0.0	0.0	0.0002	8e-05	9e-05	0.0	0.0	0.00025	0.00025	8e-05	0.00016	0.0	0.0	0.00019	0.0	0.00018	0.0001	0.0	0.0002	0.00017	0.0	0.0	0.0	0.0	0.00016	0.0	0.0	0.0	0.0	0.00012	0.0	0.0	0.0	0.0	0.00025	8e-05	0.00025	0.00028	0.00023	0.00023	0.0	0.0	0.0	0.0	0.0	0.00016	0.00031	0.0	0.0002	8e-05	0.0	0.00043	0.0	0.0	0.00025	0.0	0.0	0.00025	0.00025	0.0	0.0	0.00011	0.0	0.00015	0.00014	8e-05	7e-05	0.00016	0.0	0.00014	0.0002	0.00016	8e-05	0.00025	0.00016	
0.0	0.00025	0.0	5e-05	7e-05	5e-05	0.00014	0.00025	0.0	0.0	9e-05	0.00023	0.00043	0.0	0.0	0.0	0.0	6e-05	9e-05	0.0	0.00025	0.0	0.0	0.0002	8e-05	9e-05	0.0	0.0	0.00025	0.00025	8e-05	0.00016	0.0	0.0	0.00019	0.0	0.00018	0.0001	0.0	0.0002	0.00017	0.0	0.0	0.0	0.0	0.00016	0.0	0.0	0.0	0.0	0.00012	0.0	0.0	0.0	0.0	0.00025	8e-05	0.00025	0.00028	0.00023	0.00023	0.0	0.0	0.0	0.0	0.0	0.00016	0.00031	0.0	0.0002	8e-05	0.0	0.00043	0.0	0.0	0.00025	0.0	0.0	0.00025	0.00025	0.0	0.0	0.00011	0.0	0.00015	0.00014	8e-05	7e-05	0.00016	0.0	0.00014	0.0002	0.00016	8e-05	0.00025	0.00016	
0.00025	0.99986	0.00025	0.08784	0.0646	0.13749	0.49077	0.99986	0.00025	0.0	0.25591	0.31754	0.01833	0.00025	0.00025	0.00025	0.00025	0.26287	0.07946	0.00025	0.0231	0.00025	0.00025	0.03362	0.35022	0.20712	0.00025	0.00025	0.0231	0.99986	0.08243	0.24567	0.00025	0.00194	0.07405	0.0	0.05453	0.0541	0.00025	0.03362	0.53316	0.00025	0.00025	0.00025	0.00025	0.04762	0.00025	0.00025	0.00025	0.00025	0.06058	0.00025	0.00025	0.00025	0.00025	0.0	0.05268	0.99986	0.02019	0.20957	0.20957	0.00025	0.00025	0.00025	0.00025	0.00025	0.04762	0.01739	0.01552	0.03362	0.05436	0.00025	0.01833	0.00025	0.00025	0.0231	0.00025	0.00025	0.99986	0.99986	0.00025	0.00025	0.06682	0.00025	0.14097	0.49077	0.05436	0.0646	0.04762	0.00025	0.05324	0.03362	0.04762	0.05628	0.99986	0.04762	
8e-05	0.05268	8e-05	0.22559	0.48543	0.45351	0.4715	0.05268	8e-05	0.00971	0.08621	0.71191	0.0225	8e-05	8e-05	8e-05	8e-05	0.11302	0.26895	8e-05	0.02912	8e-05	8e-05	0.04424	0.37419	0.12915	8e-05	8e-05	0.02912	0.05268	0.45329	0.11198	8e-05	0.00146	0.33109	0.0	0.70571	0.13376	8e-05	0.04424	0.06705	8e-05	8e-05	8e-05	8e-05	0.70552	8e-05	8e-05	8e-05	8e-05	0.39831	8e-05	8e-05	8e-05	8e-05	0.05268	0.0	0.05268	0.02508	0.24021	0.24021	8e-05	8e-05	8e-05	8e-05	8e-05	0.70552	0.31467	0.85522	0.04424	0.53805	8e-05	0.0225	8e-05	8e-05	0.02912	8e-05	8e-05	0.05268	0.05268	8e-05	8e-05	0.34046	8e-05	0.18513	0.4715	0.53805	0.48543	0.70552	8e-05	0.54838	0.04424	0.70552	0.5239	0.05268	0.70552	
0.00025	0.99986	0.00025	0.08784	0.0646	0.13749	0.49077	0.99986	0.00025	0.0	0.25591	0.31754	0.01833	0.00025	0.00025	0.00025	0.00025	0.26287	0.07946	0.00025	0.0231	0.00025	0.00025	0.03362	0.35022	0.20712	0.00025	0.00025	0.0231	0.99986	0.08243	0.24567	0.00025	0.00194	0.07405	0.0	0.05453	0.0541	0.00025	0.03362	0.53316	0.00025	0.00025	0.00025	0.00025	0.04762	0.00025	0.00025	0.00025	0.00025	0.06058	0.00025	0.00025	0.00025	0.00025	0.99986	0.05268	0.0	0.02019	0.20957	0.20957	0.00025	0.00025	0.00025	0.00025	0.00025	0.04762	0.01739	0.01552	0.03362	0.05436	0.00025	0.01833	0.00025	0.00025	0.0231	0.00025	0.00025	0.99986	0.99986	0.00025	0.00025	0.06682	0.00025	0.14097	0.49077	0.05436	0.0646	0.04762	0.00025	0.05324	0.03362	0.04762	0.05628	0.99986	0.04762	
0.00028	0.02019	0.00028	0.03956	0.02975	0.05814	0.03191	0.02019	0.00028	0.00456	0.02766	0.03395	0.01044	0.00028	0.00028	0.00028	0.00028	0.03375	0.03771	0.00028	0.0127	0.00028	0.00028	0.01758	0.04207	0.08904	0.00028	0.00028	0.0127	0.02019	0.03688	0.03695	0.00028	0.00065	0.03469	0.0	0.02674	0.02581	0.00028	0.01758	0.0244	0.00028	0.00028	0.00028	0.00028	0.02386	0.00028	0.00028	0.00028	0.00028	0.02954	0.00028	0.00028	0.00028	0.00028	0.02019	0.02508	0.02019	0.0	0.04125	0.04125	0.00028	0.00028	0.00028	0.00028	0.00028	0.02386	0.00993	0.0076	0.01758	0.34599	0.00028	0.01044	0.00028	0.00028	0.0127	0.00028	0.00028	0.02019	0.02019	0.00028	0.00028	0.03225	0.00028	0.0446	0.03191	0.34599	0.02975	0.02386	0.00028	0.02532	0.01758	0.02386	0.02645	0.02019	0.02386	
0.00023	0.20957	0.00023	0.05764	0.23243	0.29548	0.71875	0.20957	0.00023	0.05715	0.09658	1.05676	0.03698	0.00023	0.00023	0.00023	0.00023	0.07248	0.04529	0.00023	0.04792	0.00023	0.00023	0.07323	0.51291	0.00411	0.00023	0.00023	0.04792	0.20957	0.24042	0.01111	0.00023	0.00344	0.10472	0.0	0.27003	0.13302	0.00023	0.07323	0.08592	0.00023	0.00023	0.00023	0.00023	0.2756	0.00023	0.00023	0.00023	0.00023	0.11103	0.00023	0.00023	0.00023	0.00023	0.20957	0.24021	0.20957	0.04125	0.0	1.00001	0.00023	0.00023	0.00023	0.00023	0.00023	0.2756	0.03494	0.11349	0.07323	0.23753	0.00023	0.03698	0.00023	0.00023	0.04792	0.00023	0.00023	0.20957	0.20957	0.00023	0.00023	0.08106	0.00023	0.59627	0.71875	0.23753	0.23243	0.2756	0.00023	0.23932	0.07323	0.2756	0.2354	0.20957	0.2756	
0.00023	0.20957	0.00023	0.05764	0.23243	0.29548	0.71875	0.20957	0.00023	0.05715	0.09658	1.05676	0.03698	0.00023	0.00023	0.00023	0.00023	0.07248	0.04529	0.00023	0.04792	0.00023	0.00023	0.07323	0.51291	0.00411	0.00023	0.00023	0.04792	0.20957	0.24042	0.01111	0.00023	0.00344	0.10472	0.0	0.27003	0.13302	0.00023	0.07323	0.08592	0.00023	0.00023	0.00023	0.00023	0.2756	0.00023	0.00023	0.00023	0.00023	0.11103	0.00023	0.00023	0.00023	0.00023	0.20957	0.24021	0.20957	0.04125	1.00001	0.0	0.00023	0.00023	0.00023	0.00023	0.00023	0.2756	0.03494	0.11349	0.07323	0.23753	0.00023	0.03698	0.00023	0.00023	0.04792	0.00023	0.00023	0.20957	0.20957	0.00023	0.00023	0.08106	0.00023	0.59627	0.71875	0.23753	0.23243	0.2756	0.00023	0.23932	0.07323	0.2756	0.2354	0.20957	0.2756	
0.0	0.00025	0.0	5e-05	7e-05	5e-05	0.00014	0.00025	0.0	0.0	9e-05	0.00023	0.00043	0.0	0.0	0.0	0.0	6e-05	9e-05	0.0	0.00025	0.0	0.0	0.0002	8e-05	9e-05	0.0	0.0	0.00025	0.00025	8e-05	0.00016	0.0	0.0	0.00019	0.0	0.00018	0.0001	0.0	0.0002	0.00017	0.0	0.0	0.0	0.0	0.00016	0.0	0.0	0.0	0.0	0.00012	0.0	0.0	0.0	0.0	0.00025	8e-05	0.00025	0.00028	0.00023	0.00023	0.0	0.0	0.0	0.0	0.0	0.00016	0.00031	0.0	0.0002	8e-05	0.0	0.00043	0.0	0.0	0.00025	0.0	0.0	0.00025	0.00025	0.0	0.0	0.00011	0.0	0.00015	0.00014	8e-05	7e-05	0.00016	0.0	0.00014	0.0002	0.00016	8e-05	0.00025	0.00016	
