0.0	0.01618	0.00644	0.01296	0.00555	0.00224	0.02763	0.00168	0.00215	0.00466	0.07942	0.00125	0.00067	0.07177	0.02651	0.00095	0.01167	0.01167	0.01167	7e-05	7e-05	0.0678	0.01158	7e-05	0.02379	7e-05	7e-05	7e-05	7e-05	7e-05	7e-05	7e-05	7e-05	7e-05	0.00342	7e-05	7e-05	7e-05	0.01122	7e-05	0.0	7e-05	7e-05	7e-05	7e-05	7e-05	7e-05	7e-05	7e-05	7e-05	7e-05	0.0	7e-05	0.0	0.03237	7e-05	0.00095	0.03606	7e-05	7e-05	0.00422	0.00585	0.00308	0.00154	0.03237	7e-05	7e-05	7e-05	7e-05	7e-05	0.0	7e-05	0.0	7e-05	7e-05	0.0	7e-05	7e-05	7e-05	0.0	7e-05	0.0	7e-05	0.0	7e-05	0.0	7e-05	7e-05	7e-05	0.0	7e-05	0.01312	7e-05	0.0	0.05215	0.0	7e-05	0.03205	0.00815	0.01181	0.0	0.04358	7e-05	0.00663	0.02382	7e-05	0.13702	7e-05	0.0636	0.10032	
0.01618	0.0	0.09008	0.09792	0.0427	0.30198	0.05742	0.69671	0.00527	0.0	0.05219	0.03346	0.20621	0.17277	0.07	0.04703	0.02471	0.02471	0.02471	6e-05	6e-05	0.00069	0.02209	6e-05	0.06657	6e-05	6e-05	6e-05	6e-05	6e-05	6e-05	6e-05	6e-05	6e-05	0.02922	6e-05	6e-05	6e-05	0.0055	6e-05	0.0	6e-05	6e-05	6e-05	6e-05	6e-05	6e-05	6e-05	6e-05	6e-05	6e-05	0.0	6e-05	0.0	0.01864	6e-05	0.04704	0.0031	6e-05	6e-05	0.55668	0.00892	0.07129	0.02863	0.01864	6e-05	6e-05	6e-05	6e-05	6e-05	0.0	6e-05	0.0	6e-05	6e-05	0.0	6e-05	6e-05	6e-05	0.0	6e-05	0.0	6e-05	0.0	6e-05	0.0	6e-05	6e-05	6e-05	0.0	6e-05	0.12152	6e-05	0.0	0.57745	0.0	6e-05	0.00026	0.01165	6e-05	0.0	0.08329	6e-05	0.00456	0.00634	0.0697	0.05272	6e-05	0.01323	0.2787	
0.00644	0.09008	0.0	0.0	0.01065	0.219	0.04211	0.0	0.0	0.48309	0.01499	0.0	0.047	0.0	0.08396	0.0365	0.02928	0.02928	0.02928	0.00021	0.1959	0.12742	0.04956	0.00021	0.04777	0.00021	0.00021	0.00021	0.0	0.00021	0.00021	0.0	0.0	0.00021	0.09244	0.00021	0.0	0.00021	0.00074	0.0	0.00097	0.0	0.00021	0.00021	0.00021	0.0	0.00021	0.00021	0.00021	0.00021	0.0	0.00097	0.00021	0.00097	0.00056	0.0959	0.09556	0.04813	0.0	0.04226	0.0821	0.0	0.00299	0.00018	0.03502	0.0	0.0	0.00021	0.00021	0.00021	0.00097	0.0	0.00097	0.00021	0.0	0.00097	0.00021	0.00021	0.0	0.00097	0.0	0.00097	0.00021	0.00097	0.0	0.00097	0.00021	0.00021	0.0	0.00097	0.00021	0.01671	0.0959	0.00097	0.01276	0.00097	0.1959	0.04528	0.21305	0.0	0.00097	0.01208	0.0	3e-05	0.00959	0.02838	0.00384	0.0	0.23956	0.07554	
0.01296	0.09792	0.0	0.0	0.05916	0.39613	0.00035	0.05669	0.0	0.78198	0.02315	0.0559	0.0	0.00661	0.08589	0.00029	0.0448	0.0448	0.0448	0.0	0.0001	0.05343	0.04611	0.0	0.00911	0.0	0.0	0.0	0.0	0.0	0.0	0.0	0.0	0.0	0.01353	0.0	0.0	0.0	0.0	0.0	0.0	0.0	0.0	0.0	0.0	0.0	0.0	0.0	0.0	0.0	0.0	0.0	0.0	0.0	0.24837	0.00014	0.08809	0.02389	0.0	0.05122	0.13327	0.0	0.0	0.0501	0.00905	0.0	0.0	0.0	0.0	0.0	0.0	0.0	0.0	0.0	0.0	0.0	0.0	0.0	0.0	0.0	0.0	0.0	0.0	0.0	0.0	0.0	0.0	0.0	0.0	0.0	0.0	0.0	0.00014	0.0	0.01315	0.0	0.0001	5e-05	0.00363	0.0	0.0	0.00425	0.0	0.0061	0.01004	0.00836	0.04356	0.0	0.06199	0.0	
0.00555	0.0427	0.01065	0.05916	0.0	0.32635	0.03499	0.07148	0.0	0.15881	0.04825	0.1152	0.05302	0.15526	0.03108	0.0034	0.01607	0.01607	0.01607	0.00041	0.01316	0.37223	0.01254	0.00041	0.00989	0.00041	0.00041	0.00041	0.0	0.00041	0.00041	0.0	0.0	0.00041	0.02884	0.00041	0.0	0.00041	0.00632	0.0	2e-05	0.0	0.00041	0.00041	0.00041	0.0	0.00041	0.00041	0.00041	0.00041	0.0	2e-05	0.00041	2e-05	0.02507	0.02042	0.00096	3e-05	0.0	0.05604	9e-05	0.0	0.0	0.0	0.05956	0.0	0.0	0.00041	0.00041	0.00041	2e-05	0.0	2e-05	0.00041	0.0	2e-05	0.00041	0.00041	0.0	2e-05	0.0	2e-05	0.00041	2e-05	0.0	2e-05	0.00041	0.00041	0.0	2e-05	0.00041	0.1536	0.02042	2e-05	0.0002	2e-05	0.01316	0.00172	0.00092	0.0	2e-05	0.0514	0.0	0.0	0.0	0.02704	0.1281	0.0	0.20105	0.00037	
0.00224	0.30198	0.219	0.39613	0.32635	0.0	6e-05	0.36779	0.18249	0.74482	0.00901	0.0181	0.96996	0.00901	0.06882	0.01268	0.04858	0.04857	0.04857	6e-05	0.00422	0.0	6e-05	6e-05	0.08471	6e-05	6e-05	6e-05	3e-05	6e-05	6e-05	3e-05	3e-05	6e-05	6e-05	6e-05	3e-05	6e-05	0.04719	3e-05	6e-05	3e-05	6e-05	6e-05	6e-05	3e-05	6e-05	6e-05	6e-05	6e-05	3e-05	6e-05	6e-05	6e-05	0.06882	0.00595	0.00119	0.08108	3e-05	0.01061	0.59807	4e-05	0.01002	0.12343	0.13824	3e-05	3e-05	6e-05	6e-05	6e-05	6e-05	3e-05	6e-05	6e-05	3e-05	6e-05	6e-05	6e-05	3e-05	6e-05	3e-05	6e-05	6e-05	6e-05	3e-05	6e-05	6e-05	6e-05	3e-05	6e-05	6e-05	0.05542	0.00595	6e-05	0.10478	6e-05	0.00422	6e-05	0.45104	0.01304	6e-05	6e-05	3e-05	0.00118	0.01113	0.06882	0.44784	3e-05	0.05473	0.10623	
0.02763	0.05742	0.04211	0.00035	0.03499	6e-05	0.0	0.01204	0.05307	0.0	0.0	0.0	0.01048	0.0	0.02499	0.00946	0.0	0.0	0.0	0.0	0.02041	0.00821	0.0	0.0	0.02257	0.0	0.0	0.0	0.0004	0.0	0.0	0.0004	0.0004	0.0	0.0	0.0	0.0004	0.0	0.01499	0.0004	0.0	0.0004	0.0	0.0	0.0	0.0004	0.0	0.0	0.0	0.0	0.0004	0.0	0.0	0.0	0.02499	0.01316	0.00033	0.00017	0.0004	0.01644	2e-05	0.0	0.01441	0.00497	0.00026	0.0004	0.0004	0.0	0.0	0.0	0.0	0.0004	0.0	0.0	0.0004	0.0	0.0	0.0	0.0004	0.0	0.0004	0.0	0.0	0.0	0.0004	0.0	0.0	0.0	0.0004	0.0	0.0	0.0002	0.01316	0.0	0.01751	0.0	0.02041	0.0	0.00027	0.10921	0.0	0.0	0.0004	0.04063	0.01812	0.02499	0.00026	0.0004	0.00013	0.10382	
0.00168	0.69671	0.0	0.05669	0.07148	0.36779	0.01204	0.0	0.02909	0.45104	0.0522	0.0	0.07034	0.0	0.00303	0.09859	0.01287	0.01287	0.01287	3e-05	0.00287	0.0057	0.11092	3e-05	0.00057	3e-05	3e-05	3e-05	0.0002	3e-05	3e-05	0.0002	0.0002	3e-05	0.07936	3e-05	0.0002	3e-05	0.11453	0.0002	0.0	0.0002	3e-05	3e-05	3e-05	0.0002	3e-05	3e-05	3e-05	3e-05	0.0002	0.0	3e-05	0.0	0.01408	0.00126	3e-05	0.00418	0.0002	0.02293	0.70251	0.00601	0.03507	0.08178	0.0219	0.0002	0.0002	3e-05	3e-05	3e-05	0.0	0.0002	0.0	3e-05	0.0002	0.0	3e-05	3e-05	0.0002	0.0	0.0002	0.0	3e-05	0.0	0.0002	0.0	3e-05	3e-05	0.0002	0.0	3e-05	0.0	0.00126	0.0	0.14666	0.0	0.00287	0.03533	0.01992	0.01308	0.0	0.0439	0.0002	0.00988	0.00374	0.02762	0.01728	0.0002	0.00394	0.38567	
0.00215	0.00527	0.0	0.0	0.0	0.18249	0.05307	0.02909	0.0	0.00364	9e-05	0.21885	0.0	0.06392	0.11779	0.05062	0.0211	0.0211	0.0211	9e-05	0.01661	0.0	0.02033	9e-05	0.03716	9e-05	9e-05	9e-05	0.00014	9e-05	9e-05	0.00014	0.00014	9e-05	0.02687	9e-05	0.00014	9e-05	2e-05	0.00014	0.0001	0.00014	9e-05	9e-05	9e-05	0.00014	9e-05	9e-05	9e-05	9e-05	0.00014	0.0001	9e-05	0.0001	0.0	0.01883	0.03078	0.0017	0.00014	0.0541	0.02535	0.04729	0.04285	0.0	0.04806	0.00014	0.00014	9e-05	9e-05	9e-05	0.0001	0.00014	0.0001	9e-05	0.00014	0.0001	9e-05	9e-05	0.00014	0.0001	0.00014	0.0001	9e-05	0.0001	0.00014	0.0001	9e-05	9e-05	0.00014	0.0001	9e-05	0.0	0.01883	0.0001	0.004	0.0001	0.01661	0.00036	0.00596	0.0	0.0001	0.07692	0.00014	0.0	0.0	0.11314	0.14483	0.00014	0.0222	0.00165	
0.00466	0.0	0.48309	0.78198	0.15881	0.74482	0.0	0.45104	0.00364	0.0	0.0	0.01779	0.0	0.0	0.00511	0.14535	0.0229	0.0229	0.0229	0.0	0.06274	0.04416	0.0	0.0	0.04169	0.0	0.0	0.0	0.0001	0.0	0.0	0.0001	0.0001	0.0	0.0	0.0	0.0001	0.0	0.02362	0.0001	0.0	0.0001	0.0	0.0	0.0	0.0001	0.0	0.0	0.0	0.0	0.0001	0.0	0.0	0.0	0.00511	0.03976	0.18785	0.03789	0.0001	0.01378	0.07217	0.03997	0.04138	0.03454	0.02188	0.0001	0.0001	0.0	0.0	0.0	0.0	0.0001	0.0	0.0	0.0001	0.0	0.0	0.0	0.0001	0.0	0.0001	0.0	0.0	0.0	0.0001	0.0	0.0	0.0	0.0001	0.0	0.0	0.26159	0.03976	0.0	0.32933	0.0	0.06274	0.0	0.16453	0.00899	0.0	0.0	0.0001	0.02853	0.04847	0.00511	0.42171	0.0001	0.00396	0.22279	
0.07942	0.05219	0.01499	0.02315	0.04825	0.00901	0.0	0.0522	9e-05	0.0	0.0	0.00014	0.0	0.0	0.07425	0.01847	0.0	0.0	0.0	0.0	0.0	0.007	0.0	0.0	0.00522	0.0	0.0	0.0	0.0	0.0	0.0	0.0	0.0	0.0	0.0	0.0	0.0	0.0	0.00217	0.0	0.0	0.0	0.0	0.0	0.0	0.0	0.0	0.0	0.0	0.0	0.0	0.0	0.0	0.0	0.07425	0.0	0.01847	0.00217	0.0	0.0	0.02161	0.0	0.00019	0.0088	0.07425	0.0	0.0	0.0	0.0	0.0	0.0	0.0	0.0	0.0	0.0	0.0	0.0	0.0	0.0	0.0	0.0	0.0	0.0	0.0	0.0	0.0	0.0	0.0	0.0	0.0	0.0	0.00259	0.0	0.0	0.00259	0.0	0.0	0.0	0.00353	0.0	0.0	0.0	0.0	0.00494	0.00494	0.07425	0.01164	0.0	0.00605	0.01022	
0.00125	0.03346	0.0	0.0559	0.1152	0.0181	0.0	0.0	0.21885	0.01779	0.00014	0.0	0.0	0.0	0.0	0.04844	0.01302	0.01301	0.01301	0.00014	0.05763	0.00149	0.01016	0.00014	0.00072	0.00014	0.00014	0.00014	9e-05	0.00014	0.00014	9e-05	9e-05	0.00014	0.0	0.00014	9e-05	0.00014	0.4235	9e-05	0.0	9e-05	0.00014	0.00014	0.00014	9e-05	0.00014	0.00014	0.00014	0.00014	9e-05	0.0	0.00014	0.0	0.0	0.07024	0.0	0.00678	9e-05	0.00205	0.01702	0.03182	0.02453	0.0	0.02556	9e-05	9e-05	0.00014	0.00014	0.00014	0.0	9e-05	0.0	0.00014	9e-05	0.0	0.00014	0.00014	9e-05	0.0	9e-05	0.0	0.00014	0.0	9e-05	0.0	0.00014	0.00014	9e-05	0.0	0.00014	0.02	0.07024	0.0	0.0	0.0	0.05763	0.0	2e-05	0.00734	0.0	0.0	9e-05	0.00458	0.18848	0.0	0.04406	9e-05	0.08527	0.02101	
0.00067	0.20621	0.047	0.0	0.05302	0.96996	0.01048	0.07034	0.0	0.0	0.0	0.0	0.0	0.01747	0.11096	0.13022	0.0229	0.0229	0.0229	0.0	0.08775	0.00742	0.12895	0.0	0.11403	0.0	0.0	0.0	0.00011	0.0	0.0	0.00011	0.00011	0.0	0.02423	0.0	0.00011	0.0	0.00128	0.00011	0.00014	0.00011	0.0	0.0	0.0	0.00011	0.0	0.0	0.0	0.0	0.00011	0.00014	0.0	0.00014	0.0545	0.08762	0.075	0.02251	0.00011	0.015	0.07217	0.0	0.0	0.20645	0.00659	0.00011	0.00011	0.0	0.0	0.0	0.00014	0.00011	0.00014	0.0	0.00011	0.00014	0.0	0.0	0.00011	0.00014	0.00011	0.00014	0.0	0.00014	0.00011	0.00014	0.0	0.0	0.00011	0.00014	0.0	0.03005	0.08762	0.00014	0.11893	0.00014	0.08775	0.01133	0.02945	0.02153	0.00014	0.08596	0.00011	0.14482	0.26749	0.01231	0.41344	0.00011	0.02461	0.0	
0.07177	0.17277	0.0	0.00661	0.15526	0.00901	0.0	0.0	0.06392	0.0	0.0	0.0	0.01747	0.0	0.0	0.14566	0.0	0.0	0.0	0.0	0.06567	0.00405	0.0	0.0	0.0	0.0	0.0	0.0	0.00014	0.0	0.0	0.00014	0.00014	0.0	0.0	0.0	0.00014	0.0	0.22211	0.00014	0.0	0.00014	0.0	0.0	0.0	0.00014	0.0	0.0	0.0	0.0	0.00014	0.0	0.0	0.0	0.0	0.03934	0.01847	0.00217	0.00014	0.0035	0.02161	0.06094	0.08439	0.0	0.07425	0.00014	0.00014	0.0	0.0	0.0	0.0	0.00014	0.0	0.0	0.00014	0.0	0.0	0.0	0.00014	0.0	0.00014	0.0	0.0	0.0	0.00014	0.0	0.0	0.0	0.00014	0.0	0.0	0.0026	0.03934	0.0	0.0	0.0	0.06567	0.0	0.00353	0.01296	0.0	0.0	0.00014	0.0074	0.00961	0.0	0.00642	0.00014	0.01208	0.00681	
0.02651	0.07	0.08396	0.08589	0.03108	0.06882	0.02499	0.00303	0.11779	0.00511	0.07425	0.0	0.11096	0.0	0.0	0.08628	0.01337	0.01337	0.01337	0.00026	0.03455	0.28882	0.01315	0.00026	0.04306	0.00026	0.00026	0.00026	0.00029	0.00026	0.00026	0.00029	0.00029	0.00026	0.07478	0.00026	0.00029	0.00026	0.03785	0.00029	0.0	0.00029	0.00026	0.00026	0.00026	0.00029	0.00026	0.00026	0.00026	0.00026	0.00029	0.0	0.00026	0.0	0.0	0.03055	0.12266	0.00414	0.00029	0.00754	0.4104	0.05959	0.00015	0.00051	0.0	0.00029	0.00029	0.00026	0.00026	0.00026	0.0	0.00029	0.0	0.00026	0.00029	0.0	0.00026	0.00026	0.00029	0.0	0.00029	0.0	0.00026	0.0	0.00029	0.0	0.00026	0.00026	0.00029	0.0	0.00026	0.01274	0.03055	0.0	0.08296	0.0	0.03455	0.03446	0.13869	0.03804	0.0	0.04632	0.00029	0.0218	0.00195	0.0	0.00021	0.00029	0.01879	0.00157	
0.00095	0.04703	0.0365	0.00029	0.0034	0.01268	0.00946	0.09859	0.05062	0.14535	0.01847	0.04844	0.13022	0.14566	0.08628	0.0	0.03711	0.03711	0.03711	0.00033	0.16752	0.00859	0.00455	0.00033	0.03157	0.00033	0.00033	0.00033	0.0	0.00033	0.00033	0.0	0.0	0.00033	0.01908	0.00033	0.0	0.00033	0.00779	0.0	0.00026	0.0	0.00033	0.00033	0.00033	0.0	0.00033	0.00033	0.00033	0.00033	0.0	0.00026	0.00033	0.00026	0.0	0.09542	0.0	0.02407	0.0	0.0	0.07512	0.0	0.1737	0.0	0.0	0.0	0.0	0.00033	0.00033	0.00033	0.00026	0.0	0.00026	0.00033	0.0	0.00026	0.00033	0.00033	0.0	0.00026	0.0	0.00026	0.00033	0.00026	0.0	0.00026	0.00033	0.00033	0.0	0.00026	0.00033	0.04398	0.09542	0.00026	0.03745	0.00026	0.16752	0.01009	0.22655	0.0	0.00026	0.01289	0.0	0.0	0.00301	0.03277	0.00031	0.0	0.0	0.14474	
0.01167	0.02471	0.02928	0.0448	0.01607	0.04858	0.0	0.01287	0.0211	0.0229	0.0	0.01302	0.0229	0.0	0.01337	0.03711	0.0	0.0	0.0	0.0	0.0	0.08382	0.0	0.0	0.0	0.0	0.0	0.0	0.0	0.0	0.0	0.0	0.0	0.0	0.0	0.0	0.0	0.0	0.00425	0.0	0.0	0.0	0.0	0.0	0.0	0.0	0.0	0.0	0.0	0.0	0.0	0.0	0.0	0.0	0.01337	0.0	0.03711	0.00425	0.0	0.0	0.0207	0.0	0.0	0.01645	0.01337	0.0	0.0	0.0	0.0	0.0	0.0	0.0	0.0	0.0	0.0	0.0	0.0	0.0	0.0	0.0	0.0	0.0	0.0	0.0	0.0	0.0	0.0	0.0	0.0	0.0	0.0	0.00509	0.0	0.0	0.00509	0.0	0.0	0.0	0.00699	0.0	0.0	0.0	0.0	0.00815	0.00815	0.01337	0.02144	0.0	0.01078	0.04567	
0.01167	0.02471	0.02928	0.0448	0.01607	0.04857	0.0	0.01287	0.0211	0.0229	0.0	0.01301	0.0229	0.0	0.01337	0.03711	0.0	0.0	0.0	0.0	0.0	0.08381	0.0	0.0	0.0	0.0	0.0	0.0	0.0	0.0	0.0	0.0	0.0	0.0	0.0	0.0	0.0	0.0	0.00425	0.0	0.0	0.0	0.0	0.0	0.0	0.0	0.0	0.0	0.0	0.0	0.0	0.0	0.0	0.0	0.01337	0.0	0.03711	0.00425	0.0	0.0	0.02069	0.0	0.0	0.01645	0.01337	0.0	0.0	0.0	0.0	0.0	0.0	0.0	0.0	0.0	0.0	0.0	0.0	0.0	0.0	0.0	0.0	0.0	0.0	0.0	0.0	0.0	0.0	0.0	0.0	0.0	0.0	0.00509	0.0	0.0	0.00509	0.0	0.0	0.0	0.00699	0.0	0.0	0.0	0.0	0.00815	0.00815	0.01337	0.02144	0.0	0.01078	0.04567	
0.01167	0.02471	0.02928	0.0448	0.01607	0.04857	0.0	0.01287	0.0211	0.0229	0.0	0.01301	0.0229	0.0	0.01337	0.03711	0.0	0.0	0.0	0.0	0.0	0.08381	0.0	0.0	0.0	0.0	0.0	0.0	0.0	0.0	0.0	0.0	0.0	0.0	0.0	0.0	0.0	0.0	0.00425	0.0	0.0	0.0	0.0	0.0	0.0	0.0	0.0	0.0	0.0	0.0	0.0	0.0	0.0	0.0	0.01337	0.0	0.03711	0.00425	0.0	0.0	0.02069	0.0	0.0	0.01645	0.01337	0.0	0.0	0.0	0.0	0.0	0.0	0.0	0.0	0.0	0.0	0.0	0.0	0.0	0.0	0.0	0.0	0.0	0.0	0.0	0.0	0.0	0.0	0.0	0.0	0.0	0.0	0.00509	0.0	0.0	0.00509	0.0	0.0	0.0	0.00699	0.0	0.0	0.0	0.0	0.00815	0.00815	0.01337	0.02144	0.0	0.01078	0.04567	
7e-05	6e-05	0.00021	0.0	0.00041	6e-05	0.0	3e-05	9e-05	0.0	0.0	0.00014	0.0	0.0	0.00026	0.00033	0.0	0.0	0.0	0.0	0.0	2e-05	0.0	0.0	7e-05	0.0	0.0	0.0	0.0	0.0	0.0	0.0	0.0	0.0	0.0	0.0	0.0	0.0	0.00017	0.0	0.0	0.0	0.0	0.0	0.0	0.0	0.0	0.0	0.0	0.0	0.0	0.0	0.0	0.0	0.00026	0.0	0.00033	0.00017	0.0	0.0	2e-05	0.0	0.00019	9e-05	0.00026	0.0	0.0	0.0	0.0	0.0	0.0	0.0	0.0	0.0	0.0	0.0	0.0	0.0	0.0	0.0	0.0	0.0	0.0	0.0	0.0	0.0	0.0	0.0	0.0	0.0	0.0	0.0002	0.0	0.0	0.0002	0.0	0.0	0.0	0.00027	0.0	0.0	0.0	0.0	4e-05	4e-05	0.00026	3e-05	0.0	1e-05	0.0	
7e-05	6e-05	0.1959	0.0001	0.01316	0.00422	0.02041	0.00287	0.01661	0.06274	0.0	0.05763	0.08775	0.06567	0.03455	0.16752	0.0	0.0	0.0	0.0	0.0	0.2071	0.0	0.0	7e-05	0.0	0.0	0.0	0.0	0.0	0.0	0.0	0.0	0.0	0.22762	0.0	0.0	0.0	0.01921	0.0	9e-05	0.0	0.0	0.0	0.0	0.0	0.0	0.0	0.0	0.0	0.0	9e-05	0.0	9e-05	0.03637	0.0	0.16752	0.0	0.0	0.0	2e-05	0.0	0.00019	0.0	0.03637	0.0	0.0	0.0	0.0	0.0	9e-05	0.0	9e-05	0.0	0.0	9e-05	0.0	0.0	0.0	9e-05	0.0	9e-05	0.0	9e-05	0.0	9e-05	0.0	0.0	0.0	9e-05	0.0	0.01185	0.0	9e-05	0.03251	9e-05	0.0	0.16474	0.00063	0.0	9e-05	0.00428	0.0	0.0	4e-05	0.02959	0.00745	0.0	1e-05	0.01959	
0.0678	0.00069	0.12742	0.05343	0.37223	0.0	0.00821	0.0057	0.0	0.04416	0.007	0.00149	0.00742	0.00405	0.28882	0.00859	0.08382	0.08381	0.08381	2e-05	0.2071	0.0	0.12005	2e-05	0.1273	2e-05	2e-05	2e-05	0.00026	2e-05	2e-05	0.00026	0.00026	2e-05	0.01979	2e-05	0.00026	2e-05	0.00054	0.00026	8e-05	0.00026	2e-05	2e-05	2e-05	0.00026	2e-05	2e-05	2e-05	2e-05	0.00026	8e-05	2e-05	8e-05	0.21898	0.19269	0.04998	0.01006	0.00026	0.03759	0.01021	0.0	0.0939	0.00974	0.05827	0.00026	0.00026	2e-05	2e-05	2e-05	8e-05	0.00026	8e-05	2e-05	0.00026	8e-05	2e-05	2e-05	0.00026	8e-05	0.00026	8e-05	2e-05	8e-05	0.00026	8e-05	2e-05	2e-05	0.00026	8e-05	2e-05	0.04873	0.19269	8e-05	0.10101	8e-05	0.2071	0.00892	0.00867	0.01353	8e-05	0.08073	0.00026	0.00221	0.0141	0.12271	0.03451	0.00026	0.07559	0.00764	
0.01158	0.02209	0.04956	0.04611	0.01254	6e-05	0.0	0.11092	0.02033	0.0	0.0	0.01016	0.12895	0.0	0.01315	0.00455	0.0	0.0	0.0	0.0	0.0	0.12005	0.0	0.0	0.00885	0.0	0.0	0.0	0.0002	0.0	0.0	0.0002	0.0002	0.0	0.0	0.0	0.0002	0.0	0.00471	0.0002	0.0	0.0002	0.0	0.0	0.0	0.0002	0.0	0.0	0.0	0.0	0.0002	0.0	0.0	0.0	0.01315	0.04789	0.00033	0.00017	0.0002	0.01274	2e-05	0.06669	0.04021	0.01185	0.00026	0.0002	0.0002	0.0	0.0	0.0	0.0	0.0002	0.0	0.0	0.0002	0.0	0.0	0.0	0.0002	0.0	0.0002	0.0	0.0	0.0	0.0002	0.0	0.0	0.0	0.0002	0.0	0.0	0.0002	0.04789	0.0	0.0	0.0	0.0	0.0	0.00027	0.00517	0.0	0.0	0.0002	0.00233	0.00861	0.01315	0.01611	0.0002	0.02699	0.01569	
7e-05	6e-05	0.00021	0.0	0.00041	6e-05	0.0	3e-05	9e-05	0.0	0.0	0.00014	0.0	0.0	0.00026	0.00033	0.0	0.0	0.0	0.0	0.0	2e-05	0.0	0.0	7e-05	0.0	0.0	0.0	0.0	0.0	0.0	0.0	0.0	0.0	0.0	0.0	0.0	0.0	0.00017	0.0	0.0	0.0	0.0	0.0	0.0	0.0	0.0	0.0	0.0	0.0	0.0	0.0	0.0	0.0	0.00026	0.0	0.00033	0.00017	0.0	0.0	2e-05	0.0	0.00019	9e-05	0.00026	0.0	0.0	0.0	0.0	0.0	0.0	0.0	0.0	0.0	0.0	0.0	0.0	0.0	0.0	0.0	0.0	0.0	0.0	0.0	0.0	0.0	0.0	0.0	0.0	0.0	0.0	0.0002	0.0	0.0	0.0002	0.0	0.0	0.0	0.00027	0.0	0.0	0.0	0.0	4e-05	4e-05	0.00026	3e-05	0.0	1e-05	0.0	
0.02379	0.06657	0.04777	0.00911	0.00989	0.08471	0.02257	0.00057	0.03716	0.04169	0.00522	0.00072	0.11403	0.0	0.04306	0.03157	0.0	0.0	0.0	7e-05	7e-05	0.1273	0.00885	7e-05	0.0	7e-05	7e-05	7e-05	7e-05	7e-05	7e-05	7e-05	7e-05	7e-05	0.05483	7e-05	7e-05	7e-05	0.0037	7e-05	0.0	7e-05	7e-05	7e-05	7e-05	7e-05	7e-05	7e-05	7e-05	7e-05	7e-05	0.0	7e-05	0.0	0.01109	7e-05	0.03157	0.00165	7e-05	7e-05	0.05736	0.0	0.0	0.01231	0.01109	7e-05	7e-05	7e-05	7e-05	7e-05	0.0	7e-05	0.0	7e-05	7e-05	0.0	7e-05	7e-05	7e-05	0.0	7e-05	0.0	7e-05	0.0	7e-05	0.0	7e-05	7e-05	7e-05	0.0	7e-05	0.00434	7e-05	0.0	0.0246	0.0	7e-05	0.02445	0.05834	0.00861	0.0	0.0333	7e-05	0.00356	0.01235	0.09277	0.04908	7e-05	0.02706	0.167	
7e-05	6e-05	0.00021	0.0	0.00041	6e-05	0.0	3e-05	9e-05	0.0	0.0	0.00014	0.0	0.0	0.00026	0.00033	0.0	0.0	0.0	0.0	0.0	2e-05	0.0	0.0	7e-05	0.0	0.0	0.0	0.0	0.0	0.0	0.0	0.0	0.0	0.0	0.0	0.0	0.0	0.00017	0.0	0.0	0.0	0.0	0.0	0.0	0.0	0.0	0.0	0.0	0.0	0.0	0.0	0.0	0.0	0.00026	0.0	0.00033	0.00017	0.0	0.0	2e-05	0.0	0.00019	9e-05	0.00026	0.0	0.0	0.0	0.0	0.0	0.0	0.0	0.0	0.0	0.0	0.0	0.0	0.0	0.0	0.0	0.0	0.0	0.0	0.0	0.0	0.0	0.0	0.0	0.0	0.0	0.0	0.0002	0.0	0.0	0.0002	0.0	0.0	0.0	0.00027	0.0	0.0	0.0	0.0	4e-05	4e-05	0.00026	3e-05	0.0	1e-05	0.0	
7e-05	6e-05	0.00021	0.0	0.00041	6e-05	0.0	3e-05	9e-05	0.0	0.0	0.00014	0.0	0.0	0.00026	0.00033	0.0	0.0	0.0	0.0	0.0	2e-05	0.0	0.0	7e-05	0.0	0.0	0.0	0.0	0.0	0.0	0.0	0.0	0.0	0.0	0.0	0.0	0.0	0.00017	0.0	0.0	0.0	0.0	0.0	0.0	0.0	0.0	0.0	0.0	0.0	0.0	0.0	0.0	0.0	0.00026	0.0	0.00033	0.00017	0.0	0.0	2e-05	0.0	0.00019	9e-05	0.00026	0.0	0.0	0.0	0.0	0.0	0.0	0.0	0.0	0.0	0.0	0.0	0.0	0.0	0.0	0.0	0.0	0.0	0.0	0.0	0.0	0.0	0.0	0.0	0.0	0.0	0.0	0.0002	0.0	0.0	0.0002	0.0	0.0	0.0	0.00027	0.0	0.0	0.0	0.0	4e-05	4e-05	0.00026	3e-05	0.0	1e-05	0.0	
7e-05	6e-05	0.00021	0.0	0.00041	6e-05	0.0	3e-05	9e-05	0.0	0.0	0.00014	0.0	0.0	0.00026	0.00033	0.0	0.0	0.0	0.0	0.0	2e-05	0.0	0.0	7e-05	0.0	0.0	0.0	0.0	0.0	0.0	0.0	0.0	0.0	0.0	0.0	0.0	0.0	0.00017	0.0	0.0	0.0	0.0	0.0	0.0	0.0	0.0	0.0	0.0	0.0	0.0	0.0	0.0	0.0	0.00026	0.0	0.00033	0.00017	0.0	0.0	2e-05	0.0	0.00019	9e-05	0.00026	0.0	0.0	0.0	0.0	0.0	0.0	0.0	0.0	0.0	0.0	0.0	0.0	0.0	0.0	0.0	0.0	0.0	0.0	0.0	0.0	0.0	0.0	0.0	0.0	0.0	0.0	0.0002	0.0	0.0	0.0002	0.0	0.0	0.0	0.00027	0.0	0.0	0.0	0.0	4e-05	4e-05	0.00026	3e-05	0.0	1e-05	0.0	
7e-05	6e-05	0.0	0.0	0.0	3e-05	0.0004	0.0002	0.00014	0.0001	0.0	9e-05	0.00011	0.00014	0.00029	0.0	0.0	0.0	0.0	0.0	0.0	0.00026	0.0002	0.0	7e-05	0.0	0.0	0.0	0.0	0.0	0.0	0.0	0.0	0.0	9e-05	0.0	0.0	0.0	0.0	0.0	0.0	0.0	0.0	0.0	0.0	0.0	0.0	0.0	0.0	0.0	0.0	0.0	0.0	0.0	0.0	0.0	0.0	0.0	0.0	0.0	2e-05	0.0	0.00019	0.0	0.0	0.0	0.0	0.0	0.0	0.0	0.0	0.0	0.0	0.0	0.0	0.0	0.0	0.0	0.0	0.0	0.0	0.0	0.0	0.0	0.0	0.0	0.0	0.0	0.0	0.0	0.0	0.0	0.0	0.0	3e-05	0.0	0.0	1e-05	0.00033	0.0	0.0	3e-05	0.0	0.0	4e-05	0.0	3e-05	0.0	1e-05	3e-05	
7e-05	6e-05	0.00021	0.0	0.00041	6e-05	0.0	3e-05	9e-05	0.0	0.0	0.00014	0.0	0.0	0.00026	0.00033	0.0	0.0	0.0	0.0	0.0	2e-05	0.0	0.0	7e-05	0.0	0.0	0.0	0.0	0.0	0.0	0.0	0.0	0.0	0.0	0.0	0.0	0.0	0.00017	0.0	0.0	0.0	0.0	0.0	0.0	0.0	0.0	0.0	0.0	0.0	0.0	0.0	0.0	0.0	0.00026	0.0	0.00033	0.00017	0.0	0.0	2e-05	0.0	0.00019	9e-05	0.00026	0.0	0.0	0.0	0.0	0.0	0.0	0.0	0.0	0.0	0.0	0.0	0.0	0.0	0.0	0.0	0.0	0.0	0.0	0.0	0.0	0.0	0.0	0.0	0.0	0.0	0.0	0.0002	0.0	0.0	0.0002	0.0	0.0	0.0	0.00027	0.0	0.0	0.0	0.0	4e-05	4e-05	0.00026	3e-05	0.0	1e-05	0.0	
7e-05	6e-05	0.00021	0.0	0.00041	6e-05	0.0	3e-05	9e-05	0.0	0.0	0.00014	0.0	0.0	0.00026	0.00033	0.0	0.0	0.0	0.0	0.0	2e-05	0.0	0.0	7e-05	0.0	0.0	0.0	0.0	0.0	0.0	0.0	0.0	0.0	0.0	0.0	0.0	0.0	0.00017	0.0	0.0	0.0	0.0	0.0	0.0	0.0	0.0	0.0	0.0	0.0	0.0	0.0	0.0	0.0	0.00026	0.0	0.00033	0.00017	0.0	0.0	2e-05	0.0	0.00019	9e-05	0.00026	0.0	0.0	0.0	0.0	0.0	0.0	0.0	0.0	0.0	0.0	0.0	0.0	0.0	0.0	0.0	0.0	0.0	0.0	0.0	0.0	0.0	0.0	0.0	0.0	0.0	0.0	0.0002	0.0	0.0	0.0002	0.0	0.0	0.0	0.00027	0.0	0.0	0.0	0.0	4e-05	4e-05	0.00026	3e-05	0.0	1e-05	0.0	
7e-05	6e-05	0.0	0.0	0.0	3e-05	0.0004	0.0002	0.00014	0.0001	0.0	9e-05	0.00011	0.00014	0.00029	0.0	0.0	0.0	0.0	0.0	0.0	0.00026	0.0002	0.0	7e-05	0.0	0.0	0.0	0.0	0.0	0.0	0.0	0.0	0.0	9e-05	0.0	0.0	0.0	0.0	0.0	0.0	0.0	0.0	0.0	0.0	0.0	0.0	0.0	0.0	0.0	0.0	0.0	0.0	0.0	0.0	0.0	0.0	0.0	0.0	0.0	2e-05	0.0	0.00019	0.0	0.0	0.0	0.0	0.0	0.0	0.0	0.0	0.0	0.0	0.0	0.0	0.0	0.0	0.0	0.0	0.0	0.0	0.0	0.0	0.0	0.0	0.0	0.0	0.0	0.0	0.0	0.0	0.0	0.0	0.0	3e-05	0.0	0.0	1e-05	0.00033	0.0	0.0	3e-05	0.0	0.0	4e-05	0.0	3e-05	0.0	1e-05	3e-05	
7e-05	6e-05	0.0	0.0	0.0	3e-05	0.0004	0.0002	0.00014	0.0001	0.0	9e-05	0.00011	0.00014	0.00029	0.0	0.0	0.0	0.0	0.0	0.0	0.00026	0.0002	0.0	7e-05	0.0	0.0	0.0	0.0	0.0	0.0	0.0	0.0	0.0	9e-05	0.0	0.0	0.0	0.0	0.0	0.0	0.0	0.0	0.0	0.0	0.0	0.0	0.0	0.0	0.0	0.0	0.0	0.0	0.0	0.0	0.0	0.0	0.0	0.0	0.0	2e-05	0.0	0.00019	0.0	0.0	0.0	0.0	0.0	0.0	0.0	0.0	0.0	0.0	0.0	0.0	0.0	0.0	0.0	0.0	0.0	0.0	0.0	0.0	0.0	0.0	0.0	0.0	0.0	0.0	0.0	0.0	0.0	0.0	0.0	3e-05	0.0	0.0	1e-05	0.00033	0.0	0.0	3e-05	0.0	0.0	4e-05	0.0	3e-05	0.0	1e-05	3e-05	
7e-05	6e-05	0.00021	0.0	0.00041	6e-05	0.0	3e-05	9e-05	0.0	0.0	0.00014	0.0	0.0	0.00026	0.00033	0.0	0.0	0.0	0.0	0.0	2e-05	0.0	0.0	7e-05	0.0	0.0	0.0	0.0	0.0	0.0	0.0	0.0	0.0	0.0	0.0	0.0	0.0	0.00017	0.0	0.0	0.0	0.0	0.0	0.0	0.0	0.0	0.0	0.0	0.0	0.0	0.0	0.0	0.0	0.00026	0.0	0.00033	0.00017	0.0	0.0	2e-05	0.0	0.00019	9e-05	0.00026	0.0	0.0	0.0	0.0	0.0	0.0	0.0	0.0	0.0	0.0	0.0	0.0	0.0	0.0	0.0	0.0	0.0	0.0	0.0	0.0	0.0	0.0	0.0	0.0	0.0	0.0	0.0002	0.0	0.0	0.0002	0.0	0.0	0.0	0.00027	0.0	0.0	0.0	0.0	4e-05	4e-05	0.00026	3e-05	0.0	1e-05	0.0	
0.00342	0.02922	0.09244	0.01353	0.02884	6e-05	0.0	0.07936	0.02687	0.0	0.0	0.0	0.02423	0.0	0.07478	0.01908	0.0	0.0	0.0	0.0	0.22762	0.01979	0.0	0.0	0.05483	0.0	0.0	0.0	9e-05	0.0	0.0	9e-05	9e-05	0.0	0.0	0.0	9e-05	0.0	0.0	9e-05	0.0	9e-05	0.0	0.0	0.0	9e-05	0.0	0.0	0.0	0.0	9e-05	0.0	0.0	0.0	0.07479	0.0	0.00033	0.00017	9e-05	0.03111	2e-05	0.28323	0.41564	0.19052	0.00026	9e-05	9e-05	0.0	0.0	0.0	0.0	9e-05	0.0	0.0	9e-05	0.0	0.0	0.0	9e-05	0.0	9e-05	0.0	0.0	0.0	9e-05	0.0	0.0	0.0	9e-05	0.0	0.0	0.0002	0.0	0.0	0.0479	0.0	0.22762	0.0	0.00027	0.04963	0.0	0.0	9e-05	0.02876	0.10074	0.07478	0.00736	9e-05	0.00856	0.04746	
7e-05	6e-05	0.00021	0.0	0.00041	6e-05	0.0	3e-05	9e-05	0.0	0.0	0.00014	0.0	0.0	0.00026	0.00033	0.0	0.0	0.0	0.0	0.0	2e-05	0.0	0.0	7e-05	0.0	0.0	0.0	0.0	0.0	0.0	0.0	0.0	0.0	0.0	0.0	0.0	0.0	0.00017	0.0	0.0	0.0	0.0	0.0	0.0	0.0	0.0	0.0	0.0	0.0	0.0	0.0	0.0	0.0	0.00026	0.0	0.00033	0.00017	0.0	0.0	2e-05	0.0	0.00019	9e-05	0.00026	0.0	0.0	0.0	0.0	0.0	0.0	0.0	0.0	0.0	0.0	0.0	0.0	0.0	0.0	0.0	0.0	0.0	0.0	0.0	0.0	0.0	0.0	0.0	0.0	0.0	0.0	0.0002	0.0	0.0	0.0002	0.0	0.0	0.0	0.00027	0.0	0.0	0.0	0.0	4e-05	4e-05	0.00026	3e-05	0.0	1e-05	0.0	
7e-05	6e-05	0.0	0.0	0.0	3e-05	0.0004	0.0002	0.00014	0.0001	0.0	9e-05	0.00011	0.00014	0.00029	0.0	0.0	0.0	0.0	0.0	0.0	0.00026	0.0002	0.0	7e-05	0.0	0.0	0.0	0.0	0.0	0.0	0.0	0.0	0.0	9e-05	0.0	0.0	0.0	0.0	0.0	0.0	0.0	0.0	0.0	0.0	0.0	0.0	0.0	0.0	0.0	0.0	0.0	0.0	0.0	0.0	0.0	0.0	0.0	0.0	0.0	2e-05	0.0	0.00019	0.0	0.0	0.0	0.0	0.0	0.0	0.0	0.0	0.0	0.0	0.0	0.0	0.0	0.0	0.0	0.0	0.0	0.0	0.0	0.0	0.0	0.0	0.0	0.0	0.0	0.0	0.0	0.0	0.0	0.0	0.0	3e-05	0.0	0.0	1e-05	0.00033	0.0	0.0	3e-05	0.0	0.0	4e-05	0.0	3e-05	0.0	1e-05	3e-05	
7e-05	6e-05	0.00021	0.0	0.00041	6e-05	0.0	3e-05	9e-05	0.0	0.0	0.00014	0.0	0.0	0.00026	0.00033	0.0	0.0	0.0	0.0	0.0	2e-05	0.0	0.0	7e-05	0.0	0.0	0.0	0.0	0.0	0.0	0.0	0.0	0.0	0.0	0.0	0.0	0.0	0.00017	0.0	0.0	0.0	0.0	0.0	0.0	0.0	0.0	0.0	0.0	0.0	0.0	0.0	0.0	0.0	0.00026	0.0	0.00033	0.00017	0.0	0.0	2e-05	0.0	0.00019	9e-05	0.00026	0.0	0.0	0.0	0.0	0.0	0.0	0.0	0.0	0.0	0.0	0.0	0.0	0.0	0.0	0.0	0.0	0.0	0.0	0.0	0.0	0.0	0.0	0.0	0.0	0.0	0.0	0.0002	0.0	0.0	0.0002	0.0	0.0	0.0	0.00027	0.0	0.0	0.0	0.0	4e-05	4e-05	0.00026	3e-05	0.0	1e-05	0.0	
0.01122	0.0055	0.00074	0.0	0.00632	0.04719	0.01499	0.11453	2e-05	0.02362	0.00217	0.4235	0.00128	0.22211	0.03785	0.00779	0.00425	0.00425	0.00425	0.00017	0.01921	0.00054	0.00471	0.00017	0.0037	0.00017	0.00017	0.00017	0.0	0.00017	0.00017	0.0	0.0	0.00017	0.0	0.00017	0.0	0.00017	0.0	0.0	0.0	0.0	0.00017	0.00017	0.00017	0.0	0.00017	0.00017	0.00017	0.00017	0.0	0.0	0.00017	0.0	0.0	0.02185	0.01248	0.00041	0.0	0.00779	0.03381	0.0	2e-05	0.0	0.00779	0.0	0.0	0.00017	0.00017	0.00017	0.0	0.0	0.0	0.00017	0.0	0.0	0.00017	0.00017	0.0	0.0	0.0	0.0	0.00017	0.0	0.0	0.0	0.00017	0.00017	0.0	0.0	0.00017	0.00255	0.02185	0.0	0.02353	0.0	0.01921	0.0	0.1784	0.0	0.0	0.02353	0.0	0.0	0.00071	0.0	0.0	0.0	0.05504	0.00279	
7e-05	6e-05	0.0	0.0	0.0	3e-05	0.0004	0.0002	0.00014	0.0001	0.0	9e-05	0.00011	0.00014	0.00029	0.0	0.0	0.0	0.0	0.0	0.0	0.00026	0.0002	0.0	7e-05	0.0	0.0	0.0	0.0	0.0	0.0	0.0	0.0	0.0	9e-05	0.0	0.0	0.0	0.0	0.0	0.0	0.0	0.0	0.0	0.0	0.0	0.0	0.0	0.0	0.0	0.0	0.0	0.0	0.0	0.0	0.0	0.0	0.0	0.0	0.0	2e-05	0.0	0.00019	0.0	0.0	0.0	0.0	0.0	0.0	0.0	0.0	0.0	0.0	0.0	0.0	0.0	0.0	0.0	0.0	0.0	0.0	0.0	0.0	0.0	0.0	0.0	0.0	0.0	0.0	0.0	0.0	0.0	0.0	0.0	3e-05	0.0	0.0	1e-05	0.00033	0.0	0.0	3e-05	0.0	0.0	4e-05	0.0	3e-05	0.0	1e-05	3e-05	
0.0	0.0	0.00097	0.0	2e-05	6e-05	0.0	0.0	0.0001	0.0	0.0	0.0	0.00014	0.0	0.0	0.00026	0.0	0.0	0.0	0.0	9e-05	8e-05	0.0	0.0	0.0	0.0	0.0	0.0	0.0	0.0	0.0	0.0	0.0	0.0	0.0	0.0	0.0	0.0	0.0	0.0	0.0	0.0	0.0	0.0	0.0	0.0	0.0	0.0	0.0	0.0	0.0	0.0	0.0	0.0	0.0	9e-05	0.00033	0.00017	0.0	0.00026	2e-05	0.0	0.00011	0.0	0.00026	0.0	0.0	0.0	0.0	0.0	0.0	0.0	0.0	0.0	0.0	0.0	0.0	0.0	0.0	0.0	0.0	0.0	0.0	0.0	0.0	0.0	0.0	0.0	0.0	0.0	0.0	0.0002	9e-05	0.0	0.0	0.0	9e-05	0.0	0.00027	0.0	0.0	0.0	0.0	0.0	0.00017	0.0	0.00017	0.0	3e-05	0.0002	
7e-05	6e-05	0.0	0.0	0.0	3e-05	0.0004	0.0002	0.00014	0.0001	0.0	9e-05	0.00011	0.00014	0.00029	0.0	0.0	0.0	0.0	0.0	0.0	0.00026	0.0002	0.0	7e-05	0.0	0.0	0.0	0.0	0.0	0.0	0.0	0.0	0.0	9e-05	0.0	0.0	0.0	0.0	0.0	0.0	0.0	0.0	0.0	0.0	0.0	0.0	0.0	0.0	0.0	0.0	0.0	0.0	0.0	0.0	0.0	0.0	0.0	0.0	0.0	2e-05	0.0	0.00019	0.0	0.0	0.0	0.0	0.0	0.0	0.0	0.0	0.0	0.0	0.0	0.0	0.0	0.0	0.0	0.0	0.0	0.0	0.0	0.0	0.0	0.0	0.0	0.0	0.0	0.0	0.0	0.0	0.0	0.0	0.0	3e-05	0.0	0.0	1e-05	0.00033	0.0	0.0	3e-05	0.0	0.0	4e-05	0.0	3e-05	0.0	1e-05	3e-05	
7e-05	6e-05	0.00021	0.0	0.00041	6e-05	0.0	3e-05	9e-05	0.0	0.0	0.00014	0.0	0.0	0.00026	0.00033	0.0	0.0	0.0	0.0	0.0	2e-05	0.0	0.0	7e-05	0.0	0.0	0.0	0.0	0.0	0.0	0.0	0.0	0.0	0.0	0.0	0.0	0.0	0.00017	0.0	0.0	0.0	0.0	0.0	0.0	0.0	0.0	0.0	0.0	0.0	0.0	0.0	0.0	0.0	0.00026	0.0	0.00033	0.00017	0.0	0.0	2e-05	0.0	0.00019	9e-05	0.00026	0.0	0.0	0.0	0.0	0.0	0.0	0.0	0.0	0.0	0.0	0.0	0.0	0.0	0.0	0.0	0.0	0.0	0.0	0.0	0.0	0.0	0.0	0.0	0.0	0.0	0.0	0.0002	0.0	0.0	0.0002	0.0	0.0	0.0	0.00027	0.0	0.0	0.0	0.0	4e-05	4e-05	0.00026	3e-05	0.0	1e-05	0.0	
7e-05	6e-05	0.00021	0.0	0.00041	6e-05	0.0	3e-05	9e-05	0.0	0.0	0.00014	0.0	0.0	0.00026	0.00033	0.0	0.0	0.0	0.0	0.0	2e-05	0.0	0.0	7e-05	0.0	0.0	0.0	0.0	0.0	0.0	0.0	0.0	0.0	0.0	0.0	0.0	0.0	0.00017	0.0	0.0	0.0	0.0	0.0	0.0	0.0	0.0	0.0	0.0	0.0	0.0	0.0	0.0	0.0	0.00026	0.0	0.00033	0.00017	0.0	0.0	2e-05	0.0	0.00019	9e-05	0.00026	0.0	0.0	0.0	0.0	0.0	0.0	0.0	0.0	0.0	0.0	0.0	0.0	0.0	0.0	0.0	0.0	0.0	0.0	0.0	0.0	0.0	0.0	0.0	0.0	0.0	0.0	0.0002	0.0	0.0	0.0002	0.0	0.0	0.0	0.00027	0.0	0.0	0.0	0.0	4e-05	4e-05	0.00026	3e-05	0.0	1e-05	0.0	
7e-05	6e-05	0.00021	0.0	0.00041	6e-05	0.0	3e-05	9e-05	0.0	0.0	0.00014	0.0	0.0	0.00026	0.00033	0.0	0.0	0.0	0.0	0.0	2e-05	0.0	0.0	7e-05	0.0	0.0	0.0	0.0	0.0	0.0	0.0	0.0	0.0	0.0	0.0	0.0	0.0	0.00017	0.0	0.0	0.0	0.0	0.0	0.0	0.0	0.0	0.0	0.0	0.0	0.0	0.0	0.0	0.0	0.00026	0.0	0.00033	0.00017	0.0	0.0	2e-05	0.0	0.00019	9e-05	0.00026	0.0	0.0	0.0	0.0	0.0	0.0	0.0	0.0	0.0	0.0	0.0	0.0	0.0	0.0	0.0	0.0	0.0	0.0	0.0	0.0	0.0	0.0	0.0	0.0	0.0	0.0	0.0002	0.0	0.0	0.0002	0.0	0.0	0.0	0.00027	0.0	0.0	0.0	0.0	4e-05	4e-05	0.00026	3e-05	0.0	1e-05	0.0	
7e-05	6e-05	0.0	0.0	0.0	3e-05	0.0004	0.0002	0.00014	0.0001	0.0	9e-05	0.00011	0.00014	0.00029	0.0	0.0	0.0	0.0	0.0	0.0	0.00026	0.0002	0.0	7e-05	0.0	0.0	0.0	0.0	0.0	0.0	0.0	0.0	0.0	9e-05	0.0	0.0	0.0	0.0	0.0	0.0	0.0	0.0	0.0	0.0	0.0	0.0	0.0	0.0	0.0	0.0	0.0	0.0	0.0	0.0	0.0	0.0	0.0	0.0	0.0	2e-05	0.0	0.00019	0.0	0.0	0.0	0.0	0.0	0.0	0.0	0.0	0.0	0.0	0.0	0.0	0.0	0.0	0.0	0.0	0.0	0.0	0.0	0.0	0.0	0.0	0.0	0.0	0.0	0.0	0.0	0.0	0.0	0.0	0.0	3e-05	0.0	0.0	1e-05	0.00033	0.0	0.0	3e-05	0.0	0.0	4e-05	0.0	3e-05	0.0	1e-05	3e-05	
7e-05	6e-05	0.00021	0.0	0.00041	6e-05	0.0	3e-05	9e-05	0.0	0.0	0.00014	0.0	0.0	0.00026	0.00033	0.0	0.0	0.0	0.0	0.0	2e-05	0.0	0.0	7e-05	0.0	0.0	0.0	0.0	0.0	0.0	0.0	0.0	0.0	0.0	0.0	0.0	0.0	0.00017	0.0	0.0	0.0	0.0	0.0	0.0	0.0	0.0	0.0	0.0	0.0	0.0	0.0	0.0	0.0	0.00026	0.0	0.00033	0.00017	0.0	0.0	2e-05	0.0	0.00019	9e-05	0.00026	0.0	0.0	0.0	0.0	0.0	0.0	0.0	0.0	0.0	0.0	0.0	0.0	0.0	0.0	0.0	0.0	0.0	0.0	0.0	0.0	0.0	0.0	0.0	0.0	0.0	0.0	0.0002	0.0	0.0	0.0002	0.0	0.0	0.0	0.00027	0.0	0.0	0.0	0.0	4e-05	4e-05	0.00026	3e-05	0.0	1e-05	0.0	
7e-05	6e-05	0.00021	0.0	0.00041	6e-05	0.0	3e-05	9e-05	0.0	0.0	0.00014	0.0	0.0	0.00026	0.00033	0.0	0.0	0.0	0.0	0.0	2e-05	0.0	0.0	7e-05	0.0	0.0	0.0	0.0	0.0	0.0	0.0	0.0	0.0	0.0	0.0	0.0	0.0	0.00017	0.0	0.0	0.0	0.0	0.0	0.0	0.0	0.0	0.0	0.0	0.0	0.0	0.0	0.0	0.0	0.00026	0.0	0.00033	0.00017	0.0	0.0	2e-05	0.0	0.00019	9e-05	0.00026	0.0	0.0	0.0	0.0	0.0	0.0	0.0	0.0	0.0	0.0	0.0	0.0	0.0	0.0	0.0	0.0	0.0	0.0	0.0	0.0	0.0	0.0	0.0	0.0	0.0	0.0	0.0002	0.0	0.0	0.0002	0.0	0.0	0.0	0.00027	0.0	0.0	0.0	0.0	4e-05	4e-05	0.00026	3e-05	0.0	1e-05	0.0	
7e-05	6e-05	0.00021	0.0	0.00041	6e-05	0.0	3e-05	9e-05	0.0	0.0	0.00014	0.0	0.0	0.00026	0.00033	0.0	0.0	0.0	0.0	0.0	2e-05	0.0	0.0	7e-05	0.0	0.0	0.0	0.0	0.0	0.0	0.0	0.0	0.0	0.0	0.0	0.0	0.0	0.00017	0.0	0.0	0.0	0.0	0.0	0.0	0.0	0.0	0.0	0.0	0.0	0.0	0.0	0.0	0.0	0.00026	0.0	0.00033	0.00017	0.0	0.0	2e-05	0.0	0.00019	9e-05	0.00026	0.0	0.0	0.0	0.0	0.0	0.0	0.0	0.0	0.0	0.0	0.0	0.0	0.0	0.0	0.0	0.0	0.0	0.0	0.0	0.0	0.0	0.0	0.0	0.0	0.0	0.0	0.0002	0.0	0.0	0.0002	0.0	0.0	0.0	0.00027	0.0	0.0	0.0	0.0	4e-05	4e-05	0.00026	3e-05	0.0	1e-05	0.0	
7e-05	6e-05	0.00021	0.0	0.00041	6e-05	0.0	3e-05	9e-05	0.0	0.0	0.00014	0.0	0.0	0.00026	0.00033	0.0	0.0	0.0	0.0	0.0	2e-05	0.0	0.0	7e-05	0.0	0.0	0.0	0.0	0.0	0.0	0.0	0.0	0.0	0.0	0.0	0.0	0.0	0.00017	0.0	0.0	0.0	0.0	0.0	0.0	0.0	0.0	0.0	0.0	0.0	0.0	0.0	0.0	0.0	0.00026	0.0	0.00033	0.00017	0.0	0.0	2e-05	0.0	0.00019	9e-05	0.00026	0.0	0.0	0.0	0.0	0.0	0.0	0.0	0.0	0.0	0.0	0.0	0.0	0.0	0.0	0.0	0.0	0.0	0.0	0.0	0.0	0.0	0.0	0.0	0.0	0.0	0.0	0.0002	0.0	0.0	0.0002	0.0	0.0	0.0	0.00027	0.0	0.0	0.0	0.0	4e-05	4e-05	0.00026	3e-05	0.0	1e-05	0.0	
7e-05	6e-05	0.0	0.0	0.0	3e-05	0.0004	0.0002	0.00014	0.0001	0.0	9e-05	0.00011	0.00014	0.00029	0.0	0.0	0.0	0.0	0.0	0.0	0.00026	0.0002	0.0	7e-05	0.0	0.0	0.0	0.0	0.0	0.0	0.0	0.0	0.0	9e-05	0.0	0.0	0.0	0.0	0.0	0.0	0.0	0.0	0.0	0.0	0.0	0.0	0.0	0.0	0.0	0.0	0.0	0.0	0.0	0.0	0.0	0.0	0.0	0.0	0.0	2e-05	0.0	0.00019	0.0	0.0	0.0	0.0	0.0	0.0	0.0	0.0	0.0	0.0	0.0	0.0	0.0	0.0	0.0	0.0	0.0	0.0	0.0	0.0	0.0	0.0	0.0	0.0	0.0	0.0	0.0	0.0	0.0	0.0	0.0	3e-05	0.0	0.0	1e-05	0.00033	0.0	0.0	3e-05	0.0	0.0	4e-05	0.0	3e-05	0.0	1e-05	3e-05	
0.0	0.0	0.00097	0.0	2e-05	6e-05	0.0	0.0	0.0001	0.0	0.0	0.0	0.00014	0.0	0.0	0.00026	0.0	0.0	0.0	0.0	9e-05	8e-05	0.0	0.0	0.0	0.0	0.0	0.0	0.0	0.0	0.0	0.0	0.0	0.0	0.0	0.0	0.0	0.0	0.0	0.0	0.0	0.0	0.0	0.0	0.0	0.0	0.0	0.0	0.0	0.0	0.0	0.0	0.0	0.0	0.0	9e-05	0.00033	0.00017	0.0	0.00026	2e-05	0.0	0.00011	0.0	0.00026	0.0	0.0	0.0	0.0	0.0	0.0	0.0	0.0	0.0	0.0	0.0	0.0	0.0	0.0	0.0	0.0	0.0	0.0	0.0	0.0	0.0	0.0	0.0	0.0	0.0	0.0	0.0002	9e-05	0.0	0.0	0.0	9e-05	0.0	0.00027	0.0	0.0	0.0	0.0	0.0	0.00017	0.0	0.00017	0.0	3e-05	0.0002	
7e-05	6e-05	0.00021	0.0	0.00041	6e-05	0.0	3e-05	9e-05	0.0	0.0	0.00014	0.0	0.0	0.00026	0.00033	0.0	0.0	0.0	0.0	0.0	2e-05	0.0	0.0	7e-05	0.0	0.0	0.0	0.0	0.0	0.0	0.0	0.0	0.0	0.0	0.0	0.0	0.0	0.00017	0.0	0.0	0.0	0.0	0.0	0.0	0.0	0.0	0.0	0.0	0.0	0.0	0.0	0.0	0.0	0.00026	0.0	0.00033	0.00017	0.0	0.0	2e-05	0.0	0.00019	9e-05	0.00026	0.0	0.0	0.0	0.0	0.0	0.0	0.0	0.0	0.0	0.0	0.0	0.0	0.0	0.0	0.0	0.0	0.0	0.0	0.0	0.0	0.0	0.0	0.0	0.0	0.0	0.0	0.0002	0.0	0.0	0.0002	0.0	0.0	0.0	0.00027	0.0	0.0	0.0	0.0	4e-05	4e-05	0.00026	3e-05	0.0	1e-05	0.0	
0.0	0.0	0.00097	0.0	2e-05	6e-05	0.0	0.0	0.0001	0.0	0.0	0.0	0.00014	0.0	0.0	0.00026	0.0	0.0	0.0	0.0	9e-05	8e-05	0.0	0.0	0.0	0.0	0.0	0.0	0.0	0.0	0.0	0.0	0.0	0.0	0.0	0.0	0.0	0.0	0.0	0.0	0.0	0.0	0.0	0.0	0.0	0.0	0.0	0.0	0.0	0.0	0.0	0.0	0.0	0.0	0.0	9e-05	0.00033	0.00017	0.0	0.00026	2e-05	0.0	0.00011	0.0	0.00026	0.0	0.0	0.0	0.0	0.0	0.0	0.0	0.0	0.0	0.0	0.0	0.0	0.0	0.0	0.0	0.0	0.0	0.0	0.0	0.0	0.0	0.0	0.0	0.0	0.0	0.0	0.0002	9e-05	0.0	0.0	0.0	9e-05	0.0	0.00027	0.0	0.0	0.0	0.0	0.0	0.00017	0.0	0.00017	0.0	3e-05	0.0002	
0.03237	0.01864	0.00056	0.24837	0.02507	0.06882	0.02499	0.01408	0.0	0.00511	0.07425	0.0	0.0545	0.0	0.0	0.0	0.01337	0.01337	0.01337	0.00026	0.03637	0.21898	0.01315	0.00026	0.01109	0.00026	0.00026	0.00026	0.0	0.00026	0.00026	0.0	0.0	0.00026	0.07479	0.00026	0.0	0.00026	0.0	0.0	0.0	0.0	0.00026	0.00026	0.00026	0.0	0.00026	0.00026	0.00026	0.00026	0.0	0.0	0.00026	0.0	0.0	0.03112	0.12265	0.00414	0.0	0.0	0.41041	0.0	0.0	0.0	0.0	0.0	0.0	0.00026	0.00026	0.00026	0.0	0.0	0.0	0.00026	0.0	0.0	0.00026	0.00026	0.0	0.0	0.0	0.0	0.00026	0.0	0.0	0.0	0.00026	0.00026	0.0	0.0	0.00026	0.01274	0.03112	0.0	0.04632	0.0	0.03637	0.03446	0.1387	0.0	0.0	0.04632	0.0	0.0	0.0015	0.0	0.02894	0.0	0.09616	0.04099	
7e-05	6e-05	0.0959	0.00014	0.02042	0.00595	0.01316	0.00126	0.01883	0.03976	0.0	0.07024	0.08762	0.03934	0.03055	0.09542	0.0	0.0	0.0	0.0	0.0	0.19269	0.04789	0.0	7e-05	0.0	0.0	0.0	0.0	0.0	0.0	0.0	0.0	0.0	0.0	0.0	0.0	0.0	0.02185	0.0	9e-05	0.0	0.0	0.0	0.0	0.0	0.0	0.0	0.0	0.0	0.0	9e-05	0.0	9e-05	0.03112	0.0	0.09542	0.09711	0.0	0.0	2e-05	0.0	0.00019	0.22764	0.03111	0.0	0.0	0.0	0.0	0.0	9e-05	0.0	9e-05	0.0	0.0	9e-05	0.0	0.0	0.0	9e-05	0.0	9e-05	0.0	9e-05	0.0	9e-05	0.0	0.0	0.0	9e-05	0.0	0.01476	0.0	9e-05	0.05945	9e-05	0.0	0.0	0.00312	0.0	9e-05	0.00445	0.0	0.11962	4e-05	0.02522	0.01062	0.0	1e-05	0.0175	
0.00095	0.04704	0.09556	0.08809	0.00096	0.00119	0.00033	3e-05	0.03078	0.18785	0.01847	0.0	0.075	0.01847	0.12266	0.0	0.03711	0.03711	0.03711	0.00033	0.16752	0.04998	0.00033	0.00033	0.03157	0.00033	0.00033	0.00033	0.0	0.00033	0.00033	0.0	0.0	0.00033	0.00033	0.00033	0.0	0.00033	0.01248	0.0	0.00033	0.0	0.00033	0.00033	0.00033	0.0	0.00033	0.00033	0.00033	0.00033	0.0	0.00033	0.00033	0.00033	0.12265	0.09542	0.0	0.03638	0.0	0.0	0.07512	0.0	0.17369	0.0	0.42598	0.0	0.0	0.00033	0.00033	0.00033	0.00033	0.0	0.00033	0.00033	0.0	0.00033	0.00033	0.00033	0.0	0.00033	0.0	0.00033	0.00033	0.00033	0.0	0.00033	0.00033	0.00033	0.0	0.00033	0.00033	0.06403	0.09542	0.00033	0.02114	0.00033	0.16752	0.00033	0.14417	0.0	0.00033	0.00033	0.0	0.0	0.00301	0.12265	0.00067	0.0	0.0	0.1143	
0.03606	0.0031	0.04813	0.02389	3e-05	0.08108	0.00017	0.00418	0.0017	0.03789	0.00217	0.00678	0.02251	0.00217	0.00414	0.02407	0.00425	0.00425	0.00425	0.00017	0.0	0.01006	0.00017	0.00017	0.00165	0.00017	0.00017	0.00017	0.0	0.00017	0.00017	0.0	0.0	0.00017	0.00017	0.00017	0.0	0.00017	0.00041	0.0	0.00017	0.0	0.00017	0.00017	0.00017	0.0	0.00017	0.00017	0.00017	0.00017	0.0	0.00017	0.00017	0.00017	0.00414	0.09711	0.03638	0.0	0.0	0.0	0.03381	0.0	5e-05	0.02185	0.01538	0.0	0.0	0.00017	0.00017	0.00017	0.00017	0.0	0.00017	0.00017	0.0	0.00017	0.00017	0.00017	0.0	0.00017	0.0	0.00017	0.00017	0.00017	0.0	0.00017	0.00017	0.00017	0.0	0.00017	0.00017	0.00555	0.09711	0.00017	0.00077	0.00017	0.0	0.00017	0.27379	0.0	0.00017	0.00017	0.0	0.00477	0.09222	0.00414	0.00474	0.0	0.0	0.0028	
7e-05	6e-05	0.0	0.0	0.0	3e-05	0.0004	0.0002	0.00014	0.0001	0.0	9e-05	0.00011	0.00014	0.00029	0.0	0.0	0.0	0.0	0.0	0.0	0.00026	0.0002	0.0	7e-05	0.0	0.0	0.0	0.0	0.0	0.0	0.0	0.0	0.0	9e-05	0.0	0.0	0.0	0.0	0.0	0.0	0.0	0.0	0.0	0.0	0.0	0.0	0.0	0.0	0.0	0.0	0.0	0.0	0.0	0.0	0.0	0.0	0.0	0.0	0.0	2e-05	0.0	0.00019	0.0	0.0	0.0	0.0	0.0	0.0	0.0	0.0	0.0	0.0	0.0	0.0	0.0	0.0	0.0	0.0	0.0	0.0	0.0	0.0	0.0	0.0	0.0	0.0	0.0	0.0	0.0	0.0	0.0	0.0	0.0	3e-05	0.0	0.0	1e-05	0.00033	0.0	0.0	3e-05	0.0	0.0	4e-05	0.0	3e-05	0.0	1e-05	3e-05	
7e-05	6e-05	0.04226	0.05122	0.05604	0.01061	0.01644	0.02293	0.0541	0.01378	0.0	0.00205	0.015	0.0035	0.00754	0.0	0.0	0.0	0.0	0.0	0.0	0.03759	0.01274	0.0	7e-05	0.0	0.0	0.0	0.0	0.0	0.0	0.0	0.0	0.0	0.03111	0.0	0.0	0.0	0.00779	0.0	0.00026	0.0	0.0	0.0	0.0	0.0	0.0	0.0	0.0	0.0	0.0	0.00026	0.0	0.00026	0.0	0.0	0.0	0.0	0.0	0.0	2e-05	0.0	0.00019	0.0	0.0	0.0	0.0	0.0	0.0	0.0	0.00026	0.0	0.00026	0.0	0.0	0.00026	0.0	0.0	0.0	0.00026	0.0	0.00026	0.0	0.00026	0.0	0.00026	0.0	0.0	0.0	0.00026	0.0	0.01315	0.0	0.00026	0.00494	0.00026	0.0	0.02212	0.01539	0.0	0.00026	0.02477	0.0	0.0	4e-05	0.04781	0.02594	0.0	1e-05	0.00331	
0.00422	0.55668	0.0821	0.13327	9e-05	0.59807	2e-05	0.70251	0.02535	0.07217	0.02161	0.01702	0.07217	0.02161	0.4104	0.07512	0.0207	0.02069	0.02069	2e-05	2e-05	0.01021	2e-05	2e-05	0.05736	2e-05	2e-05	2e-05	2e-05	2e-05	2e-05	2e-05	2e-05	2e-05	2e-05	2e-05	2e-05	2e-05	0.03381	2e-05	2e-05	2e-05	2e-05	2e-05	2e-05	2e-05	2e-05	2e-05	2e-05	2e-05	2e-05	2e-05	2e-05	2e-05	0.41041	2e-05	0.07512	0.03381	2e-05	2e-05	0.0	0.05997	0.00027	0.60313	0.41041	2e-05	2e-05	2e-05	2e-05	2e-05	2e-05	2e-05	2e-05	2e-05	2e-05	2e-05	2e-05	2e-05	2e-05	2e-05	2e-05	2e-05	2e-05	2e-05	2e-05	2e-05	2e-05	2e-05	2e-05	2e-05	2e-05	0.14462	2e-05	2e-05	0.14462	2e-05	2e-05	2e-05	0.14591	0.02099	2e-05	2e-05	2e-05	0.05798	0.05797	0.41041	0.14362	2e-05	0.20517	0.02834	
0.00585	0.00892	0.0	0.0	0.0	4e-05	0.0	0.00601	0.04729	0.03997	0.0	0.03182	0.0	0.06094	0.05959	0.0	0.0	0.0	0.0	0.0	0.0	0.0	0.06669	0.0	0.0	0.0	0.0	0.0	0.0	0.0	0.0	0.0	0.0	0.0	0.28323	0.0	0.0	0.0	0.0	0.0	0.0	0.0	0.0	0.0	0.0	0.0	0.0	0.0	0.0	0.0	0.0	0.0	0.0	0.0	0.0	0.0	0.0	0.0	0.0	0.0	0.05997	0.0	0.0	0.0	0.0	0.0	0.0	0.0	0.0	0.0	0.0	0.0	0.0	0.0	0.0	0.0	0.0	0.0	0.0	0.0	0.0	0.0	0.0	0.0	0.0	0.0	0.0	0.0	0.0	0.0	0.0	0.0	0.0	0.0	0.1667	0.0	0.0	0.1317	0.0	0.0	0.0	0.1667	0.0	0.0	0.07456	0.02683	0.16672	0.0	0.13172	0.0	
0.00308	0.07129	0.00299	0.0	0.0	0.01002	0.01441	0.03507	0.04285	0.04138	0.00019	0.02453	0.0	0.08439	0.00015	0.1737	0.0	0.0	0.0	0.00019	0.00019	0.0939	0.04021	0.00019	0.0	0.00019	0.00019	0.00019	0.00019	0.00019	0.00019	0.00019	0.00019	0.00019	0.41564	0.00019	0.00019	0.00019	2e-05	0.00019	0.00011	0.00019	0.00019	0.00019	0.00019	0.00019	0.00019	0.00019	0.00019	0.00019	0.00019	0.00011	0.00019	0.00011	0.0	0.00019	0.17369	5e-05	0.00019	0.00019	0.00027	0.0	0.0	5e-05	0.0	0.00019	0.00019	0.00019	0.00019	0.00019	0.00011	0.00019	0.00011	0.00019	0.00019	0.00011	0.00019	0.00019	0.00019	0.00011	0.00019	0.00011	0.00019	0.00011	0.00019	0.00011	0.00019	0.00019	0.00019	0.00011	0.00019	0.0	0.00019	0.00011	0.21657	0.00011	0.00019	0.16245	0.20327	0.02091	0.00011	0.00416	0.00019	3e-05	0.05573	0.00021	0.20655	0.00019	0.1537	0.0	
0.00154	0.02863	0.00018	0.0501	0.0	0.12343	0.00497	0.08178	0.0	0.03454	0.0088	0.0	0.20645	0.0	0.00051	0.0	0.01645	0.01645	0.01645	9e-05	0.0	0.00974	0.01185	9e-05	0.01231	9e-05	9e-05	9e-05	0.0	9e-05	9e-05	0.0	0.0	9e-05	0.19052	9e-05	0.0	9e-05	0.0	0.0	0.0	0.0	9e-05	9e-05	9e-05	0.0	9e-05	9e-05	9e-05	9e-05	0.0	0.0	9e-05	0.0	0.0	0.22764	0.0	0.02185	0.0	0.0	0.60313	0.0	5e-05	0.0	0.0	0.0	0.0	9e-05	9e-05	9e-05	0.0	0.0	0.0	9e-05	0.0	0.0	9e-05	9e-05	0.0	0.0	0.0	0.0	9e-05	0.0	0.0	0.0	9e-05	9e-05	0.0	0.0	9e-05	0.0	0.22764	0.0	0.0028	0.0	0.0	0.08996	0.33992	0.0	0.0	0.0028	0.0	0.0	0.00524	0.00023	0.0092	0.0	0.0	0.01064	
0.03237	0.01864	0.03502	0.00905	0.05956	0.13824	0.00026	0.0219	0.04806	0.02188	0.07425	0.02556	0.00659	0.07425	0.0	0.0	0.01337	0.01337	0.01337	0.00026	0.03637	0.05827	0.00026	0.00026	0.01109	0.00026	0.00026	0.00026	0.0	0.00026	0.00026	0.0	0.0	0.00026	0.00026	0.00026	0.0	0.00026	0.00779	0.0	0.00026	0.0	0.00026	0.00026	0.00026	0.0	0.00026	0.00026	0.00026	0.00026	0.0	0.00026	0.00026	0.00026	0.0	0.03111	0.42598	0.01538	0.0	0.0	0.41041	0.0	0.0	0.0	0.0	0.0	0.0	0.00026	0.00026	0.00026	0.00026	0.0	0.00026	0.00026	0.0	0.00026	0.00026	0.00026	0.0	0.00026	0.0	0.00026	0.00026	0.00026	0.0	0.00026	0.00026	0.00026	0.0	0.00026	0.00026	0.02476	0.03111	0.00026	0.01315	0.00026	0.03637	0.00026	0.04812	0.0	0.00026	0.00026	0.0	0.0	0.0015	0.0	0.00851	0.0	0.09617	0.01685	
7e-05	6e-05	0.0	0.0	0.0	3e-05	0.0004	0.0002	0.00014	0.0001	0.0	9e-05	0.00011	0.00014	0.00029	0.0	0.0	0.0	0.0	0.0	0.0	0.00026	0.0002	0.0	7e-05	0.0	0.0	0.0	0.0	0.0	0.0	0.0	0.0	0.0	9e-05	0.0	0.0	0.0	0.0	0.0	0.0	0.0	0.0	0.0	0.0	0.0	0.0	0.0	0.0	0.0	0.0	0.0	0.0	0.0	0.0	0.0	0.0	0.0	0.0	0.0	2e-05	0.0	0.00019	0.0	0.0	0.0	0.0	0.0	0.0	0.0	0.0	0.0	0.0	0.0	0.0	0.0	0.0	0.0	0.0	0.0	0.0	0.0	0.0	0.0	0.0	0.0	0.0	0.0	0.0	0.0	0.0	0.0	0.0	0.0	3e-05	0.0	0.0	1e-05	0.00033	0.0	0.0	3e-05	0.0	0.0	4e-05	0.0	3e-05	0.0	1e-05	3e-05	
