0.0	0.03958	5e-05	0.05393	0.02394	0.19331	5e-05	0.19331	0.04367	5e-05	0.34439	5e-05	0.52582	0.0	0.11816	5e-05	5e-05	0.06499	0.03467	0.12467	0.0	0.0	0.06834	0.05425	0.08134	0.09639	0.02469	0.04758	5e-05	0.41446	0.02863	0.41873	5e-05	0.0	0.0	0.0	5e-05	5e-05	0.06499	0.40779	5e-05	5e-05	5e-05	0.03467	5e-05	5e-05	5e-05	5e-05	5e-05	5e-05	5e-05	5e-05	0.121	5e-05	0.11431	5e-05	5e-05	0.03467	0.40779	0.26056	0.06513	0.06481	0.03109	0.08312	5e-05	0.09348	5e-05	0.13539	0.3326	0.03958	0.27339	5e-05	0.02749	5e-05	5e-05	0.19331	5e-05	0.10226	0.02394	0.02394	0.0	0.11099	0.06306	0.02863	5e-05	5e-05	0.19331	5e-05	0.19331	5e-05	5e-05	0.11881	0.03109	5e-05	0.06499	0.32564	0.03903	0.0305	0.13562	0.0399	0.30906	0.02922	0.38243	0.44085	0.05695	0.37499	0.17098	0.10013	0.07407	0.09567	0.16109	0.06499	0.03806	0.26665	0.18231	0.17094	0.26511	0.03109	0.17401	0.0753	0.02394	0.23456	0.40779	0.04017	0.12279	0.121	0.17415	0.04367	0.17415	0.09348	0.07849	0.04315	0.03467	0.04315	0.06306	0.04367	0.02394	0.0722	5e-05	0.04367	0.04367	0.04367	0.07856	0.09862	0.09125	
0.03958	0.0	0.00038	0.00682	0.03373	0.13815	0.00038	0.13815	0.0604	0.00038	0.07542	0.00038	0.13732	0.0	0.0658	0.00038	0.00038	0.42683	0.11855	0.21839	0.0	0.0	0.0483	0.00071	0.14658	0.30308	0.11308	0.00557	0.00038	0.04487	0.04009	0.00915	0.00038	0.0	0.0	0.0	0.00038	0.00038	0.42683	0.05522	0.00038	0.00038	0.00038	0.11855	0.00038	0.00038	0.00038	0.00038	0.00038	0.00038	0.00038	0.00038	0.03802	0.00038	0.21358	0.00038	0.00038	0.11855	0.05522	0.05722	0.11842	0.08899	0.10575	0.33642	0.00038	0.39792	0.00038	0.00877	0.31473	1.00048	0.05181	0.00038	0.07171	0.00038	0.00038	0.13815	0.00038	0.14738	0.03373	0.03373	0.0	0.092	0.08504	0.04009	0.00038	0.00038	0.13815	0.00038	0.13815	0.00038	0.00038	0.109	0.10575	0.00038	0.42683	0.10031	0.15998	0.03798	0.85177	0.0651	0.06289	0.08427	0.33343	0.61559	0.07833	0.00956	0.04537	0.38968	0.32866	0.14946	0.12556	0.42683	0.16769	0.3021	0.35474	0.3627	0.13148	0.10575	0.1333	0.22277	0.03373	0.26676	0.05522	0.01692	0.07051	0.03802	0.13909	0.0604	0.13909	0.39792	0.23097	0.24632	0.11855	0.24632	0.08504	0.0604	0.03373	0.00117	0.00038	0.0604	0.0604	0.0604	0.02115	0.22429	0.25302	
5e-05	0.00038	0.0	8e-05	0.00023	0.00022	0.0	0.00022	0.00015	0.0	0.00011	0.0	0.00011	0.0	0.00012	0.0	0.0	0.00023	0.00055	0.00079	0.0	0.0	0.0001	6e-05	0.00014	0.00016	0.00014	7e-05	0.0	9e-05	0.00023	6e-05	0.0	0.0	0.0	0.0	0.0	0.0	0.00023	0.00018	0.0	0.0	0.0	0.00055	0.0	0.0	0.0	0.0	0.0	0.0	0.0	0.0	0.00021	0.0	0.00024	0.0	0.0	0.00055	0.00018	5e-05	7e-05	0.00014	0.00018	0.00023	0.0	0.00031	0.0	6e-05	0.00019	0.00038	2e-05	0.0	5e-05	0.0	0.0	0.00022	0.0	9e-05	0.00023	0.00023	0.0	9e-05	0.0001	0.00023	0.0	0.0	0.00022	0.0	0.00022	0.0	0.0	9e-05	0.00018	0.0	0.00023	7e-05	0.00021	0.0002	0.00019	0.00013	2e-05	0.00012	7e-05	6e-05	0.00014	8e-05	0.00013	0.00035	0.00014	7e-05	0.00015	0.00023	0.00013	0.00015	0.00019	0.00012	0.00012	0.00018	0.00012	0.00012	0.00023	0.00012	0.00018	0.0	0.00017	0.00021	0.0001	0.00015	0.0001	0.00031	0.00023	0.00017	0.00055	0.00017	0.0001	0.00015	0.00023	8e-05	0.0	0.00015	0.00015	0.00015	5e-05	0.00019	8e-05	
0.05393	0.00682	8e-05	0.0	0.02173	0.26725	8e-05	0.26725	0.30102	8e-05	0.04561	8e-05	0.20051	0.0	0.04021	8e-05	8e-05	0.00013	0.03059	0.24429	0.0	0.0	0.187	0.14011	0.13201	0.13025	0.06725	0.12824	8e-05	0.27915	0.02562	0.00327	8e-05	0.0	0.0	0.0	8e-05	8e-05	0.00013	0.03467	8e-05	8e-05	8e-05	0.03059	8e-05	8e-05	8e-05	8e-05	8e-05	8e-05	8e-05	8e-05	0.02436	8e-05	0.09061	8e-05	8e-05	0.03059	0.03467	0.49498	0.2302	0.11155	0.02763	0.06525	8e-05	0.07544	8e-05	0.01721	0.09296	0.00682	0.05551	8e-05	0.04358	8e-05	8e-05	0.26725	8e-05	0.00487	0.02173	0.02173	0.0	0.14102	0.23297	0.02562	8e-05	8e-05	0.26725	8e-05	0.26725	8e-05	8e-05	0.04176	0.02763	8e-05	0.00013	0.1919	0.03439	0.02748	0.06094	0.05042	0.06035	0.06614	0.04342	0.05586	0.04801	0.0521	0.08322	0.09246	0.23007	0.08406	0.11202	0.00013	0.07709	0.0874	0.0959	0.08569	0.2249	0.02763	0.2091	0.06735	0.02173	0.23048	0.03467	0.07007	0.29204	0.02436	0.77364	0.30102	0.77364	0.07544	0.40825	0.13332	0.03059	0.13332	0.23297	0.30102	0.02173	0.08791	8e-05	0.30102	0.30102	0.30102	0.21707	0.07573	0.16903	
0.02394	0.03373	0.00023	0.02173	0.0	0.01284	0.00023	0.01284	0.01369	0.00023	0.40826	0.00023	0.01739	0.0	0.01354	0.00023	0.00023	0.04618	0.01177	0.13543	0.0	0.0	0.05577	0.06403	0.06586	0.08446	0.14622	0.06978	0.00023	0.04438	0.01009	0.03683	0.00023	0.0	0.0	0.0	0.00023	0.00023	0.04618	0.01282	0.00023	0.00023	0.00023	0.01177	0.00023	0.00023	0.00023	0.00023	0.00023	0.00023	0.00023	0.00023	0.00968	0.00023	0.02813	0.00023	0.00023	0.01177	0.01282	0.02619	0.01665	0.19605	0.01069	0.02006	0.00023	0.02419	0.00023	0.08528	0.02675	0.03373	0.14303	0.00023	0.01448	0.00023	0.00023	0.01284	0.00023	0.03507	0.99964	0.99964	0.0	0.05266	0.01632	0.01009	0.00023	0.00023	0.01284	0.00023	0.01284	0.00023	0.00023	0.01394	0.01069	0.00023	0.04618	0.02215	0.0126	1.00041	0.05747	0.28657	0.03142	0.19269	0.03982	0.037	0.2314	0.02086	0.02613	0.02852	0.04995	0.12793	0.03354	0.04618	0.02442	0.036	0.03981	0.03421	0.01396	0.01069	0.01567	0.02062	0.99964	0.04398	0.01282	0.00146	0.03225	0.00968	0.018	0.01369	0.018	0.02419	0.02351	0.06727	0.01177	0.06727	0.01632	0.01369	0.99964	0.01979	0.00023	0.01369	0.01369	0.01369	0.03921	0.02247	0.0508	
0.19331	0.13815	0.00022	0.26725	0.01284	0.0	0.00022	0.9999	0.02092	0.00022	0.0239	0.00022	0.5097	0.0	0.02138	0.00022	0.00022	0.09385	0.0175	0.10716	0.0	0.0	0.08065	0.06712	0.06041	0.05955	0.03495	0.06207	0.00022	0.27394	0.01488	0.12195	0.00022	0.0	0.0	0.0	0.00022	0.00022	0.09385	0.01943	0.00022	0.00022	0.00022	0.0175	0.00022	0.00022	0.00022	0.00022	0.00022	0.00022	0.00022	0.00022	0.01422	0.00022	0.04562	0.00022	0.00022	0.0175	0.01943	0.14938	0.0269	0.02876	0.0159	0.03278	0.00022	0.03878	0.00022	0.05224	0.04472	0.13815	0.16576	0.00022	0.023	0.00022	0.00022	0.9999	0.00022	0.12988	0.01284	0.01284	0.0	0.10609	0.02627	0.01488	0.00022	0.00022	0.9999	0.00022	0.9999	0.00022	0.00022	0.02209	0.0159	0.00022	0.09385	0.42515	0.01966	0.01621	0.21661	0.02735	0.1537	0.03465	0.12778	0.1565	0.02591	0.28731	0.04225	0.04658	0.07225	0.04068	0.05507	0.09385	0.04035	0.09729	0.10842	0.12395	0.67878	0.0159	0.57067	0.24525	0.01284	0.35529	0.01943	0.0	0.11825	0.01422	0.49353	0.02092	0.49353	0.03878	0.20934	0.06428	0.0175	0.06428	0.02627	0.02092	0.01284	0.03135	0.00022	0.02092	0.02092	0.02092	0.09553	0.0372	0.07358	
5e-05	0.00038	0.0	8e-05	0.00023	0.00022	0.0	0.00022	0.00015	0.0	0.00011	0.0	0.00011	0.0	0.00012	0.0	0.0	0.00023	0.00055	0.00079	0.0	0.0	0.0001	6e-05	0.00014	0.00016	0.00014	7e-05	0.0	9e-05	0.00023	6e-05	0.0	0.0	0.0	0.0	0.0	0.0	0.00023	0.00018	0.0	0.0	0.0	0.00055	0.0	0.0	0.0	0.0	0.0	0.0	0.0	0.0	0.00021	0.0	0.00024	0.0	0.0	0.00055	0.00018	5e-05	7e-05	0.00014	0.00018	0.00023	0.0	0.00031	0.0	6e-05	0.00019	0.00038	2e-05	0.0	5e-05	0.0	0.0	0.00022	0.0	9e-05	0.00023	0.00023	0.0	9e-05	0.0001	0.00023	0.0	0.0	0.00022	0.0	0.00022	0.0	0.0	9e-05	0.00018	0.0	0.00023	7e-05	0.00021	0.0002	0.00019	0.00013	2e-05	0.00012	7e-05	6e-05	0.00014	8e-05	0.00013	0.00035	0.00014	7e-05	0.00015	0.00023	0.00013	0.00015	0.00019	0.00012	0.00012	0.00018	0.00012	0.00012	0.00023	0.00012	0.00018	0.0	0.00017	0.00021	0.0001	0.00015	0.0001	0.00031	0.00023	0.00017	0.00055	0.00017	0.0001	0.00015	0.00023	8e-05	0.0	0.00015	0.00015	0.00015	5e-05	0.00019	8e-05	
0.19331	0.13815	0.00022	0.26725	0.01284	0.9999	0.00022	0.0	0.02092	0.00022	0.0239	0.00022	0.5097	0.0	0.02138	0.00022	0.00022	0.09385	0.0175	0.10716	0.0	0.0	0.08065	0.06712	0.06041	0.05955	0.03495	0.06207	0.00022	0.27394	0.01488	0.12195	0.00022	0.0	0.0	0.0	0.00022	0.00022	0.09385	0.01943	0.00022	0.00022	0.00022	0.0175	0.00022	0.00022	0.00022	0.00022	0.00022	0.00022	0.00022	0.00022	0.01422	0.00022	0.04562	0.00022	0.00022	0.0175	0.01943	0.14938	0.0269	0.02876	0.0159	0.03278	0.00022	0.03878	0.00022	0.05224	0.04472	0.13815	0.16576	0.00022	0.023	0.00022	0.00022	0.9999	0.00022	0.12988	0.01284	0.01284	0.0	0.10609	0.02627	0.01488	0.00022	0.00022	0.9999	0.00022	0.9999	0.00022	0.00022	0.02209	0.0159	0.00022	0.09385	0.42515	0.01966	0.01621	0.21661	0.02735	0.1537	0.03465	0.12778	0.1565	0.02591	0.28731	0.04225	0.04658	0.07225	0.04068	0.05507	0.09385	0.04035	0.09729	0.10842	0.12395	0.67878	0.0159	0.57067	0.24525	0.01284	0.35529	0.01943	0.0	0.11825	0.01422	0.49353	0.02092	0.49353	0.03878	0.20934	0.06428	0.0175	0.06428	0.02627	0.02092	0.01284	0.03135	0.00022	0.02092	0.02092	0.02092	0.09553	0.0372	0.07358	
0.04367	0.0604	0.00015	0.30102	0.01369	0.02092	0.00015	0.02092	0.0	0.00015	0.02596	0.00015	0.03074	0.0	0.02318	0.00015	0.00015	0.08464	0.01876	0.11221	0.0	0.0	0.08939	0.0736	0.06662	0.06569	0.03798	0.06799	0.00015	0.20762	0.01591	0.06662	0.00015	0.0	0.0	0.0	0.00015	0.00015	0.08464	0.0209	0.00015	0.00015	0.00015	0.01876	0.00015	0.00015	0.00015	0.00015	0.00015	0.00015	0.00015	0.00015	0.01519	0.00015	0.04977	0.00015	0.00015	0.01876	0.0209	0.16825	0.57227	0.42449	0.01702	0.03579	0.00015	0.0422	0.00015	0.16331	0.04907	0.0604	0.04548	0.00015	0.02495	0.00015	0.00015	0.02092	0.00015	0.06322	0.01369	0.01369	0.0	0.1853	0.5877	0.01591	0.00015	0.00015	0.02092	0.00015	0.02092	0.00015	0.00015	0.02396	0.01702	0.00015	0.08464	0.04012	0.02033	0.01648	0.10327	0.02889	0.0597	0.037	0.07568	0.06764	0.02802	0.03606	0.04605	0.05025	0.37419	0.04462	0.06024	0.08464	0.0416	0.06876	0.07559	0.06359	0.02384	0.01702	0.02732	0.03694	0.01369	0.09035	0.0209	0.00194	0.13151	0.01519	0.52731	0.99978	0.52731	0.0422	0.4362	0.07044	0.01876	0.07044	0.5877	0.99978	0.01369	0.3595	0.00015	0.99978	0.99978	0.99978	0.10558	0.04073	0.08142	
5e-05	0.00038	0.0	8e-05	0.00023	0.00022	0.0	0.00022	0.00015	0.0	0.00011	0.0	0.00011	0.0	0.00012	0.0	0.0	0.00023	0.00055	0.00079	0.0	0.0	0.0001	6e-05	0.00014	0.00016	0.00014	7e-05	0.0	9e-05	0.00023	6e-05	0.0	0.0	0.0	0.0	0.0	0.0	0.00023	0.00018	0.0	0.0	0.0	0.00055	0.0	0.0	0.0	0.0	0.0	0.0	0.0	0.0	0.00021	0.0	0.00024	0.0	0.0	0.00055	0.00018	5e-05	7e-05	0.00014	0.00018	0.00023	0.0	0.00031	0.0	6e-05	0.00019	0.00038	2e-05	0.0	5e-05	0.0	0.0	0.00022	0.0	9e-05	0.00023	0.00023	0.0	9e-05	0.0001	0.00023	0.0	0.0	0.00022	0.0	0.00022	0.0	0.0	9e-05	0.00018	0.0	0.00023	7e-05	0.00021	0.0002	0.00019	0.00013	2e-05	0.00012	7e-05	6e-05	0.00014	8e-05	0.00013	0.00035	0.00014	7e-05	0.00015	0.00023	0.00013	0.00015	0.00019	0.00012	0.00012	0.00018	0.00012	0.00012	0.00023	0.00012	0.00018	0.0	0.00017	0.00021	0.0001	0.00015	0.0001	0.00031	0.00023	0.00017	0.00055	0.00017	0.0001	0.00015	0.00023	8e-05	0.0	0.00015	0.00015	0.00015	5e-05	0.00019	8e-05	
0.34439	0.07542	0.00011	0.04561	0.40826	0.0239	0.00011	0.0239	0.02596	0.00011	0.0	0.00011	0.39494	0.0	0.02777	0.00011	0.00011	0.10758	0.02113	0.16156	0.0	0.0	0.11379	0.0988	0.10242	0.11764	0.12261	0.09855	0.00011	0.22894	0.01767	0.12251	0.00011	0.0	0.0	0.0	0.00011	0.00011	0.10758	0.60444	0.00011	0.00011	0.00011	0.02113	0.00011	0.00011	0.00011	0.00011	0.00011	0.00011	0.00011	0.00011	0.0168	0.00011	0.06143	0.00011	0.00011	0.02113	0.60444	0.28759	0.03604	0.14418	0.01905	0.04479	0.00011	0.05145	0.00011	0.10061	0.3366	0.07542	0.27565	0.00011	0.03006	0.00011	0.00011	0.0239	0.00011	0.12719	0.40826	0.40826	0.0	0.11933	0.03506	0.01767	0.00011	0.00011	0.0239	0.00011	0.0239	0.00011	0.00011	0.02883	0.01905	0.00011	0.10758	0.1991	0.02274	0.41146	0.18814	0.18497	0.15469	0.14568	0.1374	0.49249	0.15949	0.22663	0.1696	0.06143	0.09902	0.13002	0.13207	0.10758	0.04818	0.13185	0.09999	0.14266	0.02849	0.01905	0.03334	0.04632	0.40826	0.11074	0.60444	0.00166	0.12212	0.0168	0.03973	0.02596	0.03973	0.05145	0.05444	0.09863	0.02113	0.09863	0.03506	0.02596	0.40826	0.04081	0.00011	0.02596	0.02596	0.02596	0.10675	0.05178	0.10309	
5e-05	0.00038	0.0	8e-05	0.00023	0.00022	0.0	0.00022	0.00015	0.0	0.00011	0.0	0.00011	0.0	0.00012	0.0	0.0	0.00023	0.00055	0.00079	0.0	0.0	0.0001	6e-05	0.00014	0.00016	0.00014	7e-05	0.0	9e-05	0.00023	6e-05	0.0	0.0	0.0	0.0	0.0	0.0	0.00023	0.00018	0.0	0.0	0.0	0.00055	0.0	0.0	0.0	0.0	0.0	0.0	0.0	0.0	0.00021	0.0	0.00024	0.0	0.0	0.00055	0.00018	5e-05	7e-05	0.00014	0.00018	0.00023	0.0	0.00031	0.0	6e-05	0.00019	0.00038	2e-05	0.0	5e-05	0.0	0.0	0.00022	0.0	9e-05	0.00023	0.00023	0.0	9e-05	0.0001	0.00023	0.0	0.0	0.00022	0.0	0.00022	0.0	0.0	9e-05	0.00018	0.0	0.00023	7e-05	0.00021	0.0002	0.00019	0.00013	2e-05	0.00012	7e-05	6e-05	0.00014	8e-05	0.00013	0.00035	0.00014	7e-05	0.00015	0.00023	0.00013	0.00015	0.00019	0.00012	0.00012	0.00018	0.00012	0.00012	0.00023	0.00012	0.00018	0.0	0.00017	0.00021	0.0001	0.00015	0.0001	0.00031	0.00023	0.00017	0.00055	0.00017	0.0001	0.00015	0.00023	8e-05	0.0	0.00015	0.00015	0.00015	5e-05	0.00019	8e-05	
0.52582	0.13732	0.00011	0.20051	0.01739	0.5097	0.00011	0.5097	0.03074	0.00011	0.39494	0.00011	0.0	0.0	0.0334	0.00011	0.00011	0.16864	0.02477	0.17576	0.0	0.0	0.15769	0.11615	0.11207	0.11072	0.05571	0.10647	0.00011	0.77189	0.02062	0.22719	0.00011	0.0	0.0	0.0	0.00011	0.00011	0.16864	0.50968	0.00011	0.00011	0.00011	0.02477	0.00011	0.00011	0.00011	0.00011	0.00011	0.00011	0.00011	0.00011	0.01957	0.00011	0.07534	0.00011	0.00011	0.02477	0.50968	0.4147	0.0439	0.04453	0.0223	0.05505	0.00011	0.06262	0.00011	0.08786	0.32636	0.13732	0.44862	0.00011	0.03625	0.00011	0.00011	0.5097	0.00011	0.24436	0.01739	0.01739	0.0	0.19323	0.04263	0.02062	0.00011	0.00011	0.5097	0.00011	0.5097	0.00011	0.00011	0.03475	0.0223	0.00011	0.16864	0.57949	0.02743	0.02172	0.47172	0.04079	0.42051	0.05393	0.27528	0.81073	0.03945	0.77755	0.16522	0.07588	0.13575	0.0714	0.13719	0.16864	0.06042	0.20458	0.1529	0.24396	0.41947	0.0223	0.38337	0.20002	0.01739	0.34676	0.50968	0.30093	0.23888	0.01957	0.35646	0.03074	0.35646	0.06262	0.18481	0.11062	0.02477	0.11062	0.04263	0.03074	0.01739	0.04923	0.00011	0.03074	0.03074	0.03074	0.17925	0.0642	0.14297	
0.0	0.0	0.0	0.0	0.0	0.0	0.0	0.0	0.0	0.0	0.0	0.0	0.0	0.0	0.0	0.0	0.0	0.0	0.0	0.0	0.0	0.0	0.0	0.0	0.0	0.0	0.0	0.0	0.0	0.0	0.0	0.0	0.0	0.0	0.0	0.0	0.0	0.0	0.0	0.0	0.0	0.0	0.0	0.0	0.0	0.0	0.0	0.0	0.0	0.0	0.0	0.0	0.0	0.0	0.0	0.0	0.0	0.0	0.0	0.0	0.0	0.0	0.0	0.0	0.0	0.0	0.0	0.0	0.0	0.0	0.0	0.0	0.0	0.0	0.0	0.0	0.0	0.0	0.0	0.0	0.0	0.0	0.0	0.0	0.0	0.0	0.0	0.0	0.0	0.0	0.0	0.0	0.0	0.0	0.0	0.0	0.0	0.0	0.0	0.0	0.0	0.0	0.0	0.0	0.0	0.0	0.0	0.0	0.0	0.0	0.0	0.0	0.0	0.0	0.0	0.0	0.0	0.0	0.0	0.0	0.0	0.0	0.0	0.0	0.0	0.0	0.0	0.0	0.0	0.0	0.0	0.0	0.0	0.0	0.0	0.0	0.0	0.0	0.0	0.0	0.0	0.0	0.0	0.0	0.0	
0.11816	0.0658	0.00012	0.04021	0.01354	0.02138	0.00012	0.02138	0.02318	0.00012	0.02777	0.00012	0.0334	0.0	0.0	0.00012	0.00012	0.09316	0.01897	0.15266	0.0	0.0	0.10071	0.09268	0.09727	0.11587	0.13887	0.09471	0.00012	0.13515	0.51633	0.09534	0.00012	0.0	0.0	0.0	0.00012	0.00012	0.09316	0.02137	0.00012	0.00012	0.00012	0.01897	0.00012	0.00012	0.00012	0.00012	0.00012	0.00012	0.00012	0.00012	0.49463	0.00012	0.05382	0.00012	0.00012	0.01897	0.02137	0.23025	0.03168	0.03283	0.01713	0.03919	0.00012	0.04526	0.00012	0.1054	0.05474	0.0658	0.05132	0.00012	0.02657	0.00012	0.00012	0.02138	0.00012	0.06904	0.01354	0.01354	0.0	0.10662	0.32085	0.51633	0.00012	0.00012	0.02138	0.00012	0.02138	0.00012	0.00012	0.33356	0.01713	0.00012	0.09316	0.04436	0.02032	0.01617	0.10547	0.22868	0.37581	0.17044	0.1059	0.07202	0.0293	0.03836	0.04963	0.05378	0.10931	0.13074	0.06566	0.09316	0.04232	0.24014	0.11141	0.07081	0.02523	0.01713	0.32782	0.29213	0.01354	0.10273	0.02137	0.00148	0.06708	0.49463	0.03483	0.02318	0.03483	0.04526	0.04738	0.1402	0.01897	0.1402	0.32085	0.02318	0.01354	0.03606	0.00012	0.02318	0.02318	0.02318	0.08107	0.0451	0.11481	
5e-05	0.00038	0.0	8e-05	0.00023	0.00022	0.0	0.00022	0.00015	0.0	0.00011	0.0	0.00011	0.0	0.00012	0.0	0.0	0.00023	0.00055	0.00079	0.0	0.0	0.0001	6e-05	0.00014	0.00016	0.00014	7e-05	0.0	9e-05	0.00023	6e-05	0.0	0.0	0.0	0.0	0.0	0.0	0.00023	0.00018	0.0	0.0	0.0	0.00055	0.0	0.0	0.0	0.0	0.0	0.0	0.0	0.0	0.00021	0.0	0.00024	0.0	0.0	0.00055	0.00018	5e-05	7e-05	0.00014	0.00018	0.00023	0.0	0.00031	0.0	6e-05	0.00019	0.00038	2e-05	0.0	5e-05	0.0	0.0	0.00022	0.0	9e-05	0.00023	0.00023	0.0	9e-05	0.0001	0.00023	0.0	0.0	0.00022	0.0	0.00022	0.0	0.0	9e-05	0.00018	0.0	0.00023	7e-05	0.00021	0.0002	0.00019	0.00013	2e-05	0.00012	7e-05	6e-05	0.00014	8e-05	0.00013	0.00035	0.00014	7e-05	0.00015	0.00023	0.00013	0.00015	0.00019	0.00012	0.00012	0.00018	0.00012	0.00012	0.00023	0.00012	0.00018	0.0	0.00017	0.00021	0.0001	0.00015	0.0001	0.00031	0.00023	0.00017	0.00055	0.00017	0.0001	0.00015	0.00023	8e-05	0.0	0.00015	0.00015	0.00015	5e-05	0.00019	8e-05	
5e-05	0.00038	0.0	8e-05	0.00023	0.00022	0.0	0.00022	0.00015	0.0	0.00011	0.0	0.00011	0.0	0.00012	0.0	0.0	0.00023	0.00055	0.00079	0.0	0.0	0.0001	6e-05	0.00014	0.00016	0.00014	7e-05	0.0	9e-05	0.00023	6e-05	0.0	0.0	0.0	0.0	0.0	0.0	0.00023	0.00018	0.0	0.0	0.0	0.00055	0.0	0.0	0.0	0.0	0.0	0.0	0.0	0.0	0.00021	0.0	0.00024	0.0	0.0	0.00055	0.00018	5e-05	7e-05	0.00014	0.00018	0.00023	0.0	0.00031	0.0	6e-05	0.00019	0.00038	2e-05	0.0	5e-05	0.0	0.0	0.00022	0.0	9e-05	0.00023	0.00023	0.0	9e-05	0.0001	0.00023	0.0	0.0	0.00022	0.0	0.00022	0.0	0.0	9e-05	0.00018	0.0	0.00023	7e-05	0.00021	0.0002	0.00019	0.00013	2e-05	0.00012	7e-05	6e-05	0.00014	8e-05	0.00013	0.00035	0.00014	7e-05	0.00015	0.00023	0.00013	0.00015	0.00019	0.00012	0.00012	0.00018	0.00012	0.00012	0.00023	0.00012	0.00018	0.0	0.00017	0.00021	0.0001	0.00015	0.0001	0.00031	0.00023	0.00017	0.00055	0.00017	0.0001	0.00015	0.00023	8e-05	0.0	0.00015	0.00015	0.00015	5e-05	0.00019	8e-05	
0.06499	0.42683	0.00023	0.00013	0.04618	0.09385	0.00023	0.09385	0.08464	0.00023	0.10758	0.00023	0.16864	0.0	0.09316	0.00023	0.00023	0.0	0.08114	0.14313	0.0	0.0	0.04072	0.0083	0.10539	0.24722	0.16525	0.00146	0.00023	0.22252	0.05522	0.00541	0.00023	0.0	0.0	0.0	0.00023	0.00023	1.00019	0.09383	0.00023	0.00023	0.00023	0.08114	0.00023	0.00023	0.00023	0.00023	0.00023	0.00023	0.00023	0.00023	0.05227	0.00023	0.10949	0.00023	0.00023	0.08114	0.09383	0.07943	0.11548	0.12758	0.07266	0.208	0.00023	0.24079	0.00023	0.03556	0.34604	0.42683	0.18622	0.00023	0.102	0.00023	0.00023	0.09385	0.00023	0.46688	0.04618	0.04618	0.0	0.26457	0.12246	0.05522	0.00023	0.00023	0.09385	0.00023	0.09385	0.00023	0.00023	0.09557	0.07266	0.00023	1.00019	0.24982	0.09986	0.04755	1.2142	0.0901	0.22513	0.12117	0.42649	0.91397	0.11135	0.1933	0.27514	0.23248	0.71055	0.22923	0.42666	1.00019	0.12293	0.59953	0.14903	0.76426	0.10116	0.07266	0.11188	0.16511	0.04618	0.38121	0.09383	0.00946	0.08987	0.05227	0.12763	0.08464	0.12763	0.24079	0.1804	0.4068	0.08114	0.4068	0.12246	0.08464	0.04618	0.00174	0.00023	0.08464	0.08464	0.08464	0.078	0.1316	0.31603	
0.03467	0.11855	0.00055	0.03059	0.01177	0.0175	0.00055	0.0175	0.01876	0.00055	0.02113	0.00055	0.02477	0.0	0.01897	0.00055	0.00055	0.08114	0.0	1.09604	0.0	0.0	0.11545	0.05836	0.1658	0.11758	0.03083	0.10248	0.00055	0.06672	0.01354	0.05299	0.00055	0.0	0.0	0.0	0.00055	0.00055	0.08114	0.01748	0.00055	0.00055	0.00055	1.0005	0.00055	0.00055	0.00055	0.00055	0.00055	0.00055	0.00055	0.00055	0.01297	0.00055	0.15134	0.00055	0.00055	1.0005	0.01748	0.03849	0.02366	0.02551	0.01442	0.22056	0.00055	0.19094	0.00055	0.12617	0.13466	0.11855	0.0358	0.00055	0.02036	0.00055	0.00055	0.0175	0.00055	0.05037	0.01177	0.01177	0.0	0.07751	0.02313	0.01354	0.00055	0.00055	0.0175	0.00055	0.0175	0.00055	0.00055	0.01957	0.01442	0.00055	0.08114	0.03195	0.30182	0.36986	0.17892	0.22088	0.08008	0.18366	0.0898	0.12926	0.02306	0.02932	0.16786	0.18701	0.06215	0.03536	0.11837	0.08114	0.21813	0.29267	0.17187	0.12289	0.01953	0.01442	0.02216	0.02957	0.01177	0.06499	0.01748	0.00452	0.33966	0.01297	0.0257	0.01876	0.0257	0.19094	0.17444	0.05595	1.0005	0.05595	0.02313	0.01876	0.01177	0.02773	0.00055	0.01876	0.01876	0.01876	0.08213	0.1988	0.06307	
0.12467	0.21839	0.00079	0.24429	0.13543	0.10716	0.00079	0.10716	0.11221	0.00079	0.16156	0.00079	0.17576	0.0	0.15266	0.00079	0.00079	0.14313	1.09604	0.0	0.0	0.0	2.06859	1.1687	1.80343	1.6526	0.55136	1.22447	0.00079	1.60631	0.07358	0.11638	0.00079	0.0	0.0	0.0	0.00079	0.00079	0.14313	0.10153	0.00079	0.00079	0.00079	1.09604	0.00079	0.00079	0.00079	0.00079	0.00079	0.00079	0.00079	0.00079	0.15601	0.00079	1.07009	0.00079	0.00079	1.09604	0.10153	0.64158	0.18749	0.06778	0.17613	1.17555	0.00079	1.02482	0.00079	0.21456	0.55654	0.21839	0.35017	0.00079	0.36348	0.00079	0.00079	0.10716	0.00079	0.12019	0.13543	0.13543	0.0	0.28755	0.15309	0.07358	0.00079	0.00079	0.10716	0.00079	0.10716	0.00079	0.00079	0.34548	0.17613	0.00079	0.14313	0.13336	0.0	0.0	0.0	0.0	0.56972	0.0	0.62078	0.54213	0.36518	0.22591	0.24984	1.04429	0.21904	0.87616	0.21744	0.14313	0.0	0.67618	1.66076	0.34329	0.14434	0.17613	0.14696	0.1028	0.13543	0.18943	0.10153	0.02111	1.00861	0.15601	0.18777	0.11221	0.18777	1.02482	0.31353	0.23409	1.09604	0.23409	0.15309	0.11221	0.13543	0.06226	0.00079	0.11221	0.11221	0.11221	0.50634	1.29026	0.54464	
0.0	0.0	0.0	0.0	0.0	0.0	0.0	0.0	0.0	0.0	0.0	0.0	0.0	0.0	0.0	0.0	0.0	0.0	0.0	0.0	0.0	0.0	0.0	0.0	0.0	0.0	0.0	0.0	0.0	0.0	0.0	0.0	0.0	0.0	0.0	0.0	0.0	0.0	0.0	0.0	0.0	0.0	0.0	0.0	0.0	0.0	0.0	0.0	0.0	0.0	0.0	0.0	0.0	0.0	0.0	0.0	0.0	0.0	0.0	0.0	0.0	0.0	0.0	0.0	0.0	0.0	0.0	0.0	0.0	0.0	0.0	0.0	0.0	0.0	0.0	0.0	0.0	0.0	0.0	0.0	0.0	0.0	0.0	0.0	0.0	0.0	0.0	0.0	0.0	0.0	0.0	0.0	0.0	0.0	0.0	0.0	0.0	0.0	0.0	0.0	0.0	0.0	0.0	0.0	0.0	0.0	0.0	0.0	0.0	0.0	0.0	0.0	0.0	0.0	0.0	0.0	0.0	0.0	0.0	0.0	0.0	0.0	0.0	0.0	0.0	0.0	0.0	0.0	0.0	0.0	0.0	0.0	0.0	0.0	0.0	0.0	0.0	0.0	0.0	0.0	0.0	0.0	0.0	0.0	0.0	
0.0	0.0	0.0	0.0	0.0	0.0	0.0	0.0	0.0	0.0	0.0	0.0	0.0	0.0	0.0	0.0	0.0	0.0	0.0	0.0	0.0	0.0	0.0	0.0	0.0	0.0	0.0	0.0	0.0	0.0	0.0	0.0	0.0	0.0	0.0	0.0	0.0	0.0	0.0	0.0	0.0	0.0	0.0	0.0	0.0	0.0	0.0	0.0	0.0	0.0	0.0	0.0	0.0	0.0	0.0	0.0	0.0	0.0	0.0	0.0	0.0	0.0	0.0	0.0	0.0	0.0	0.0	0.0	0.0	0.0	0.0	0.0	0.0	0.0	0.0	0.0	0.0	0.0	0.0	0.0	0.0	0.0	0.0	0.0	0.0	0.0	0.0	0.0	0.0	0.0	0.0	0.0	0.0	0.0	0.0	0.0	0.0	0.0	0.0	0.0	0.0	0.0	0.0	0.0	0.0	0.0	0.0	0.0	0.0	0.0	0.0	0.0	0.0	0.0	0.0	0.0	0.0	0.0	0.0	0.0	0.0	0.0	0.0	0.0	0.0	0.0	0.0	0.0	0.0	0.0	0.0	0.0	0.0	0.0	0.0	0.0	0.0	0.0	0.0	0.0	0.0	0.0	0.0	0.0	0.0	
0.06834	0.0483	0.0001	0.187	0.05577	0.08065	0.0001	0.08065	0.08939	0.0001	0.11379	0.0001	0.15769	0.0	0.10071	0.0001	0.0001	0.04072	0.11545	2.06859	0.0	0.0	0.0	0.291	0.27031	0.38255	0.2429	0.2922	0.0001	0.60185	0.05611	0.01454	0.0001	0.0	0.0	0.0	0.0001	0.0001	0.04072	0.08064	0.0001	0.0001	0.0001	0.11545	0.0001	0.0001	0.0001	0.0001	0.0001	0.0001	0.0001	0.0001	0.06388	0.0001	0.16038	0.0001	0.0001	0.11545	0.08064	0.45618	0.15742	0.04326	0.07438	0.17401	0.0001	0.16052	0.0001	0.0229	0.18131	0.0483	0.23239	0.0001	0.0909	0.0001	0.0001	0.08065	0.0001	0.02072	0.05577	0.05577	0.0	0.06534	0.14019	0.05611	0.0001	0.0001	0.08065	0.0001	0.08065	0.0001	0.0001	0.14146	0.10173	0.0001	0.04072	0.12827	0.17215	0.06948	0.31223	0.13702	0.26531	0.19261	0.12323	0.17166	0.15032	0.17489	0.14139	0.22117	0.12149	0.2225	0.0482	0.04072	0.33135	0.12199	0.39101	0.09257	0.1116	0.10173	0.13094	0.08492	0.05577	0.10079	0.08064	0.01073	0.38046	0.06388	0.16774	0.08939	0.16774	0.16052	0.14018	0.08898	0.11545	0.08898	0.14019	0.08939	0.05577	0.06607	0.0001	0.08939	0.08939	0.08939	0.22158	0.1415	0.20752	
0.05425	0.00071	6e-05	0.14011	0.06403	0.06712	6e-05	0.06712	0.0736	6e-05	0.0988	6e-05	0.11615	0.0	0.09268	6e-05	6e-05	0.0083	0.05836	1.1687	0.0	0.0	0.291	0.0	0.34508	0.29269	0.24769	0.14411	6e-05	0.40317	0.04827	0.02621	6e-05	0.0	0.0	0.0	6e-05	6e-05	0.0083	0.0671	6e-05	6e-05	6e-05	0.05836	6e-05	6e-05	6e-05	6e-05	6e-05	6e-05	6e-05	6e-05	0.07273	6e-05	0.05374	6e-05	6e-05	0.05836	0.0671	0.23093	0.11461	0.00297	0.08384	0.05925	6e-05	0.0264	6e-05	0.0573	0.05673	0.00071	0.17603	6e-05	0.03775	6e-05	6e-05	0.06712	6e-05	7e-05	0.06403	0.06403	0.0	0.0158	0.10544	0.04827	6e-05	6e-05	0.06712	6e-05	0.06712	6e-05	6e-05	0.13939	0.08384	6e-05	0.0083	0.04604	0.0833	0.06477	0.02155	0.12943	0.21693	0.17929	0.11413	0.1292	0.16062	0.13239	0.01193	0.03347	0.0707	0.13927	0.00059	0.0083	0.01128	0.08476	0.03491	0.06419	0.0829	0.08384	0.09949	0.0321	0.06403	0.05085	0.0671	0.00733	0.28648	0.07273	0.12224	0.0736	0.12224	0.0264	0.17928	0.05038	0.05836	0.05038	0.10544	0.0736	0.06403	0.00017	6e-05	0.0736	0.0736	0.0736	0.36986	0.09635	0.31023	
0.08134	0.14658	0.00014	0.13201	0.06586	0.06041	0.00014	0.06041	0.06662	0.00014	0.10242	0.00014	0.11207	0.0	0.09727	0.00014	0.00014	0.10539	0.1658	1.80343	0.0	0.0	0.27031	0.34508	0.0	0.71483	0.30167	0.41729	0.00014	0.66408	0.04262	0.1079	0.00014	0.0	0.0	0.0	0.00014	0.00014	0.10539	0.06039	0.00014	0.00014	0.00014	0.1658	0.00014	0.00014	0.00014	0.00014	0.00014	0.00014	0.00014	0.00014	0.07552	0.00014	0.33127	0.00014	0.00014	0.1658	0.06039	0.24342	0.12236	0.027	0.14455	0.46329	0.00014	0.32847	0.00014	0.01823	0.29827	0.14658	0.20842	0.00014	0.0939	0.00014	0.00014	0.06041	0.00014	0.00825	0.06586	0.06586	0.0	0.03928	0.10078	0.04262	0.00014	0.00014	0.06041	0.00014	0.06041	0.00014	0.00014	0.15959	0.08806	0.00014	0.10539	0.07318	0.11905	0.09557	0.3081	0.18159	0.21472	0.25591	0.1852	0.27905	0.18094	0.1243	0.01995	0.35079	0.13853	0.17933	0.14647	0.10539	0.25958	0.21644	0.14974	0.28917	0.07739	0.08806	0.09466	0.09792	0.06586	0.12402	0.06039	0.00738	0.30506	0.07552	0.11844	0.06662	0.11844	0.32847	0.12484	0.10652	0.1658	0.10652	0.10078	0.06662	0.06586	0.02995	0.00014	0.06662	0.06662	0.06662	0.17216	0.50122	0.23375	
0.09639	0.30308	0.00016	0.13025	0.08446	0.05955	0.00016	0.05955	0.06569	0.00016	0.11764	0.00016	0.11072	0.0	0.11587	0.00016	0.00016	0.24722	0.11758	1.6526	0.0	0.0	0.38255	0.29269	0.71483	0.0	0.52259	0.43293	0.00016	0.648	0.042	0.12496	0.00016	0.0	0.0	0.0	0.00016	0.00016	0.24722	0.05954	0.00016	0.00016	0.00016	0.11758	0.00016	0.00016	0.00016	0.00016	0.00016	0.00016	0.00016	0.00016	0.0974	0.00016	0.43411	0.00016	0.00016	0.11758	0.05954	0.24078	0.13503	0.04191	0.10371	0.47894	0.00016	0.55358	0.00016	0.00253	0.47357	0.30308	0.26119	0.00016	0.10531	0.00016	0.00016	0.05955	0.00016	0.09419	0.08446	0.08446	0.0	0.13879	0.09954	0.042	0.00016	0.00016	0.05955	0.00016	0.05955	0.00016	0.00016	0.17358	0.10371	0.00016	0.24722	0.08419	0.17359	0.10183	0.42909	0.2232	0.23629	0.34484	0.32213	0.36733	0.25266	0.12264	0.11709	0.58861	0.26551	0.32378	0.30296	0.24722	0.35303	0.32113	0.25484	0.30297	0.0764	0.10371	0.0935	0.07012	0.08446	0.1766	0.05954	0.00726	0.26151	0.0974	0.11703	0.06569	0.11703	0.55358	0.09264	0.24994	0.11758	0.24994	0.09954	0.06569	0.08446	0.04262	0.00016	0.06569	0.06569	0.06569	0.13638	0.41695	0.33014	
0.02469	0.11308	0.00014	0.06725	0.14622	0.03495	0.00014	0.03495	0.03798	0.00014	0.12261	0.00014	0.05571	0.0	0.13887	0.00014	0.00014	0.16525	0.03083	0.55136	0.0	0.0	0.2429	0.24769	0.30167	0.52259	0.0	0.27645	0.00014	0.16085	0.02582	0.00394	0.00014	0.0	0.0	0.0	0.00014	0.00014	0.16525	0.03493	0.00014	0.00014	0.00014	0.03083	0.00014	0.00014	0.00014	0.00014	0.00014	0.00014	0.00014	0.00014	0.16779	0.00014	0.00555	0.00014	0.00014	0.03083	0.03493	0.09616	0.05274	0.00747	0.02785	0.06577	0.00014	0.07603	0.00014	0.00345	0.09373	0.11308	0.25722	0.00014	0.10325	0.00014	0.00014	0.03495	0.00014	0.11923	0.14622	0.14622	0.0	0.19683	0.05127	0.02582	0.00014	0.00014	0.03495	0.00014	0.03495	0.00014	0.00014	0.1381	0.02785	0.00014	0.16525	0.07504	0.03395	0.14383	0.21886	0.33211	0.19216	0.53285	0.04182	0.15962	0.43547	0.06402	0.08388	0.07593	0.20148	0.41895	0.11294	0.16525	0.07565	0.16218	0.04537	0.12589	0.0416	0.02785	0.04873	0.06811	0.14622	0.04716	0.03493	0.00278	0.11658	0.16779	0.05821	0.03798	0.05821	0.07603	0.08039	0.26343	0.03083	0.26343	0.05127	0.03798	0.14622	0.06003	0.00014	0.03798	0.03798	0.03798	0.14275	0.04097	0.18504	
0.04758	0.00557	7e-05	0.12824	0.06978	0.06207	7e-05	0.06207	0.06799	7e-05	0.09855	7e-05	0.10647	0.0	0.09471	7e-05	7e-05	0.00146	0.10248	1.22447	0.0	0.0	0.2922	0.14411	0.41729	0.43293	0.27645	0.0	7e-05	0.46154	0.04476	0.05631	7e-05	0.0	0.0	0.0	7e-05	7e-05	0.00146	0.06205	7e-05	7e-05	7e-05	0.10248	7e-05	7e-05	7e-05	7e-05	7e-05	7e-05	7e-05	7e-05	0.07932	7e-05	0.08374	7e-05	7e-05	0.10248	0.06205	0.20701	0.1	0.00155	0.09154	0.18139	7e-05	0.04657	7e-05	0.00143	0.06769	0.00557	0.17761	7e-05	0.09116	7e-05	7e-05	0.06207	7e-05	0.03498	0.06978	0.06978	0.0	0.1073	0.09682	0.04476	7e-05	7e-05	0.06207	7e-05	0.06207	7e-05	7e-05	0.09673	0.04856	7e-05	0.00146	0.15001	0.05193	0.10442	0.13053	0.21567	0.18717	0.31238	0.0143	0.12947	0.17696	0.12131	0.00363	0.05901	0.05175	0.1253	0.00545	0.00146	0.08005	0.1068	0.01768	0.05202	0.0764	0.04856	0.09144	0.02945	0.06978	0.04262	0.06205	0.00765	0.21255	0.07932	0.11193	0.06799	0.11193	0.04657	0.04591	0.02548	0.10248	0.02548	0.09682	0.06799	0.06978	0.11283	7e-05	0.06799	0.06799	0.06799	0.05922	0.14619	0.03828	
5e-05	0.00038	0.0	8e-05	0.00023	0.00022	0.0	0.00022	0.00015	0.0	0.00011	0.0	0.00011	0.0	0.00012	0.0	0.0	0.00023	0.00055	0.00079	0.0	0.0	0.0001	6e-05	0.00014	0.00016	0.00014	7e-05	0.0	9e-05	0.00023	6e-05	0.0	0.0	0.0	0.0	0.0	0.0	0.00023	0.00018	0.0	0.0	0.0	0.00055	0.0	0.0	0.0	0.0	0.0	0.0	0.0	0.0	0.00021	0.0	0.00024	0.0	0.0	0.00055	0.00018	5e-05	7e-05	0.00014	0.00018	0.00023	0.0	0.00031	0.0	6e-05	0.00019	0.00038	2e-05	0.0	5e-05	0.0	0.0	0.00022	0.0	9e-05	0.00023	0.00023	0.0	9e-05	0.0001	0.00023	0.0	0.0	0.00022	0.0	0.00022	0.0	0.0	9e-05	0.00018	0.0	0.00023	7e-05	0.00021	0.0002	0.00019	0.00013	2e-05	0.00012	7e-05	6e-05	0.00014	8e-05	0.00013	0.00035	0.00014	7e-05	0.00015	0.00023	0.00013	0.00015	0.00019	0.00012	0.00012	0.00018	0.00012	0.00012	0.00023	0.00012	0.00018	0.0	0.00017	0.00021	0.0001	0.00015	0.0001	0.00031	0.00023	0.00017	0.00055	0.00017	0.0001	0.00015	0.00023	8e-05	0.0	0.00015	0.00015	0.00015	5e-05	0.00019	8e-05	
0.41446	0.04487	9e-05	0.27915	0.04438	0.27394	9e-05	0.27394	0.20762	9e-05	0.22894	9e-05	0.77189	0.0	0.13515	9e-05	9e-05	0.22252	0.06672	1.60631	0.0	0.0	0.60185	0.40317	0.66408	0.648	0.16085	0.46154	9e-05	0.0	0.12845	0.43075	9e-05	0.0	0.0	0.0	9e-05	9e-05	0.22252	0.27115	9e-05	9e-05	9e-05	0.06672	9e-05	9e-05	9e-05	9e-05	9e-05	9e-05	9e-05	9e-05	0.05001	9e-05	0.25201	9e-05	9e-05	0.06672	0.27115	0.86986	0.19132	0.07949	0.05859	0.1602	9e-05	0.19375	9e-05	0.12576	0.28347	0.04487	0.56116	9e-05	0.17268	9e-05	9e-05	0.27394	9e-05	0.28673	0.04438	0.04438	0.0	0.24225	0.35436	0.12845	9e-05	9e-05	0.27394	9e-05	0.27394	9e-05	9e-05	0.09032	0.05859	9e-05	0.22252	0.41055	0.08299	0.06409	0.0	0.12568	0.7532	0.17676	0.39589	0.75686	0.10593	1.03843	0.03536	0.2316	0.2978	0.1439	0.04227	0.22252	0.32704	0.21846	0.17924	0.22311	0.31967	0.05859	0.36453	0.13094	0.04438	0.2837	0.27115	0.08741	0.65852	0.05001	0.42087	0.20762	0.42087	0.19375	0.1616	0.15557	0.06672	0.15557	0.35436	0.20762	0.04438	0.07633	9e-05	0.20762	0.20762	0.20762	0.40364	0.19735	0.26551	
0.02863	0.04009	0.00023	0.02562	0.01009	0.01488	0.00023	0.01488	0.01591	0.00023	0.01767	0.00023	0.02062	0.0	0.51633	0.00023	0.00023	0.05522	0.01354	0.07358	0.0	0.0	0.05611	0.04827	0.04262	0.042	0.02582	0.04476	0.00023	0.12845	0.0	0.0439	0.00023	0.0	0.0	0.0	0.00023	0.00023	0.05522	0.01485	0.00023	0.00023	0.00023	0.01354	0.00023	0.00023	0.00023	0.00023	0.00023	0.00023	0.00023	0.00023	0.01109	0.00023	0.03333	0.00023	0.00023	0.01354	0.01485	0.24575	0.01972	0.02147	0.01231	0.02384	0.00023	0.02856	0.00023	0.10292	0.03202	0.04009	0.0294	0.00023	0.01705	0.00023	0.00023	0.01488	0.00023	0.04177	0.01009	0.01009	0.0	0.063	0.4281	0.99976	0.00023	0.00023	0.01488	0.00023	0.01488	0.00023	0.00023	0.0164	0.01231	0.00023	0.05522	0.02643	0.01446	0.0119	0.06754	0.02002	0.24916	0.02521	0.04804	0.04388	0.01945	0.02458	0.03094	0.03369	0.06044	0.02916	0.03991	0.05522	0.02837	0.04349	0.048	0.04102	0.01639	0.01231	0.44414	0.36155	0.01009	0.05721	0.01485	0.00142	0.03871	0.01109	0.02137	0.01591	0.02137	0.02856	0.02807	0.08088	0.01354	0.08088	0.4281	0.01591	0.01009	0.02328	0.00023	0.01591	0.01591	0.01591	0.04705	0.02682	0.06174	
0.41873	0.00915	6e-05	0.00327	0.03683	0.12195	6e-05	0.12195	0.06662	6e-05	0.12251	6e-05	0.22719	0.0	0.09534	6e-05	6e-05	0.00541	0.05299	0.11638	0.0	0.0	0.01454	0.02621	0.1079	0.12496	0.00394	0.05631	6e-05	0.43075	0.0439	0.0	6e-05	0.0	0.0	0.0	6e-05	6e-05	0.00541	0.12194	6e-05	6e-05	6e-05	0.05299	6e-05	6e-05	6e-05	6e-05	6e-05	6e-05	6e-05	6e-05	0.08114	6e-05	0.17788	6e-05	6e-05	0.05299	0.12194	0.09424	0.09782	0.09891	0.04762	0.1254	6e-05	0.14393	6e-05	0.21346	0.1766	0.00915	0.21234	6e-05	0.12318	6e-05	6e-05	0.12195	6e-05	0.02939	0.03683	0.03683	0.0	0.04	0.09472	0.0439	6e-05	6e-05	0.12195	6e-05	0.12195	6e-05	6e-05	0.09727	0.04762	6e-05	0.00541	0.10622	0.06192	0.04861	0.33428	0.00595	0.20389	0.00343	0.31585	0.16145	0.08683	0.26297	0.00015	0.15749	0.0411	0.1966	0.00903	0.00541	0.14084	0.09439	0.12088	0.03399	0.15396	0.04762	0.12459	0.03616	0.03683	0.07255	0.12194	0.01883	0.06535	0.08114	0.13336	0.06662	0.13336	0.14393	0.04809	0.00205	0.05299	0.00205	0.09472	0.06662	0.03683	0.11036	6e-05	0.06662	0.06662	0.06662	0.04388	0.14951	0.06836	
5e-05	0.00038	0.0	8e-05	0.00023	0.00022	0.0	0.00022	0.00015	0.0	0.00011	0.0	0.00011	0.0	0.00012	0.0	0.0	0.00023	0.00055	0.00079	0.0	0.0	0.0001	6e-05	0.00014	0.00016	0.00014	7e-05	0.0	9e-05	0.00023	6e-05	0.0	0.0	0.0	0.0	0.0	0.0	0.00023	0.00018	0.0	0.0	0.0	0.00055	0.0	0.0	0.0	0.0	0.0	0.0	0.0	0.0	0.00021	0.0	0.00024	0.0	0.0	0.00055	0.00018	5e-05	7e-05	0.00014	0.00018	0.00023	0.0	0.00031	0.0	6e-05	0.00019	0.00038	2e-05	0.0	5e-05	0.0	0.0	0.00022	0.0	9e-05	0.00023	0.00023	0.0	9e-05	0.0001	0.00023	0.0	0.0	0.00022	0.0	0.00022	0.0	0.0	9e-05	0.00018	0.0	0.00023	7e-05	0.00021	0.0002	0.00019	0.00013	2e-05	0.00012	7e-05	6e-05	0.00014	8e-05	0.00013	0.00035	0.00014	7e-05	0.00015	0.00023	0.00013	0.00015	0.00019	0.00012	0.00012	0.00018	0.00012	0.00012	0.00023	0.00012	0.00018	0.0	0.00017	0.00021	0.0001	0.00015	0.0001	0.00031	0.00023	0.00017	0.00055	0.00017	0.0001	0.00015	0.00023	8e-05	0.0	0.00015	0.00015	0.00015	5e-05	0.00019	8e-05	
0.0	0.0	0.0	0.0	0.0	0.0	0.0	0.0	0.0	0.0	0.0	0.0	0.0	0.0	0.0	0.0	0.0	0.0	0.0	0.0	0.0	0.0	0.0	0.0	0.0	0.0	0.0	0.0	0.0	0.0	0.0	0.0	0.0	0.0	0.0	0.0	0.0	0.0	0.0	0.0	0.0	0.0	0.0	0.0	0.0	0.0	0.0	0.0	0.0	0.0	0.0	0.0	0.0	0.0	0.0	0.0	0.0	0.0	0.0	0.0	0.0	0.0	0.0	0.0	0.0	0.0	0.0	0.0	0.0	0.0	0.0	0.0	0.0	0.0	0.0	0.0	0.0	0.0	0.0	0.0	0.0	0.0	0.0	0.0	0.0	0.0	0.0	0.0	0.0	0.0	0.0	0.0	0.0	0.0	0.0	0.0	0.0	0.0	0.0	0.0	0.0	0.0	0.0	0.0	0.0	0.0	0.0	0.0	0.0	0.0	0.0	0.0	0.0	0.0	0.0	0.0	0.0	0.0	0.0	0.0	0.0	0.0	0.0	0.0	0.0	0.0	0.0	0.0	0.0	0.0	0.0	0.0	0.0	0.0	0.0	0.0	0.0	0.0	0.0	0.0	0.0	0.0	0.0	0.0	0.0	
0.0	0.0	0.0	0.0	0.0	0.0	0.0	0.0	0.0	0.0	0.0	0.0	0.0	0.0	0.0	0.0	0.0	0.0	0.0	0.0	0.0	0.0	0.0	0.0	0.0	0.0	0.0	0.0	0.0	0.0	0.0	0.0	0.0	0.0	0.0	0.0	0.0	0.0	0.0	0.0	0.0	0.0	0.0	0.0	0.0	0.0	0.0	0.0	0.0	0.0	0.0	0.0	0.0	0.0	0.0	0.0	0.0	0.0	0.0	0.0	0.0	0.0	0.0	0.0	0.0	0.0	0.0	0.0	0.0	0.0	0.0	0.0	0.0	0.0	0.0	0.0	0.0	0.0	0.0	0.0	0.0	0.0	0.0	0.0	0.0	0.0	0.0	0.0	0.0	0.0	0.0	0.0	0.0	0.0	0.0	0.0	0.0	0.0	0.0	0.0	0.0	0.0	0.0	0.0	0.0	0.0	0.0	0.0	0.0	0.0	0.0	0.0	0.0	0.0	0.0	0.0	0.0	0.0	0.0	0.0	0.0	0.0	0.0	0.0	0.0	0.0	0.0	0.0	0.0	0.0	0.0	0.0	0.0	0.0	0.0	0.0	0.0	0.0	0.0	0.0	0.0	0.0	0.0	0.0	0.0	
0.0	0.0	0.0	0.0	0.0	0.0	0.0	0.0	0.0	0.0	0.0	0.0	0.0	0.0	0.0	0.0	0.0	0.0	0.0	0.0	0.0	0.0	0.0	0.0	0.0	0.0	0.0	0.0	0.0	0.0	0.0	0.0	0.0	0.0	0.0	0.0	0.0	0.0	0.0	0.0	0.0	0.0	0.0	0.0	0.0	0.0	0.0	0.0	0.0	0.0	0.0	0.0	0.0	0.0	0.0	0.0	0.0	0.0	0.0	0.0	0.0	0.0	0.0	0.0	0.0	0.0	0.0	0.0	0.0	0.0	0.0	0.0	0.0	0.0	0.0	0.0	0.0	0.0	0.0	0.0	0.0	0.0	0.0	0.0	0.0	0.0	0.0	0.0	0.0	0.0	0.0	0.0	0.0	0.0	0.0	0.0	0.0	0.0	0.0	0.0	0.0	0.0	0.0	0.0	0.0	0.0	0.0	0.0	0.0	0.0	0.0	0.0	0.0	0.0	0.0	0.0	0.0	0.0	0.0	0.0	0.0	0.0	0.0	0.0	0.0	0.0	0.0	0.0	0.0	0.0	0.0	0.0	0.0	0.0	0.0	0.0	0.0	0.0	0.0	0.0	0.0	0.0	0.0	0.0	0.0	
5e-05	0.00038	0.0	8e-05	0.00023	0.00022	0.0	0.00022	0.00015	0.0	0.00011	0.0	0.00011	0.0	0.00012	0.0	0.0	0.00023	0.00055	0.00079	0.0	0.0	0.0001	6e-05	0.00014	0.00016	0.00014	7e-05	0.0	9e-05	0.00023	6e-05	0.0	0.0	0.0	0.0	0.0	0.0	0.00023	0.00018	0.0	0.0	0.0	0.00055	0.0	0.0	0.0	0.0	0.0	0.0	0.0	0.0	0.00021	0.0	0.00024	0.0	0.0	0.00055	0.00018	5e-05	7e-05	0.00014	0.00018	0.00023	0.0	0.00031	0.0	6e-05	0.00019	0.00038	2e-05	0.0	5e-05	0.0	0.0	0.00022	0.0	9e-05	0.00023	0.00023	0.0	9e-05	0.0001	0.00023	0.0	0.0	0.00022	0.0	0.00022	0.0	0.0	9e-05	0.00018	0.0	0.00023	7e-05	0.00021	0.0002	0.00019	0.00013	2e-05	0.00012	7e-05	6e-05	0.00014	8e-05	0.00013	0.00035	0.00014	7e-05	0.00015	0.00023	0.00013	0.00015	0.00019	0.00012	0.00012	0.00018	0.00012	0.00012	0.00023	0.00012	0.00018	0.0	0.00017	0.00021	0.0001	0.00015	0.0001	0.00031	0.00023	0.00017	0.00055	0.00017	0.0001	0.00015	0.00023	8e-05	0.0	0.00015	0.00015	0.00015	5e-05	0.00019	8e-05	
5e-05	0.00038	0.0	8e-05	0.00023	0.00022	0.0	0.00022	0.00015	0.0	0.00011	0.0	0.00011	0.0	0.00012	0.0	0.0	0.00023	0.00055	0.00079	0.0	0.0	0.0001	6e-05	0.00014	0.00016	0.00014	7e-05	0.0	9e-05	0.00023	6e-05	0.0	0.0	0.0	0.0	0.0	0.0	0.00023	0.00018	0.0	0.0	0.0	0.00055	0.0	0.0	0.0	0.0	0.0	0.0	0.0	0.0	0.00021	0.0	0.00024	0.0	0.0	0.00055	0.00018	5e-05	7e-05	0.00014	0.00018	0.00023	0.0	0.00031	0.0	6e-05	0.00019	0.00038	2e-05	0.0	5e-05	0.0	0.0	0.00022	0.0	9e-05	0.00023	0.00023	0.0	9e-05	0.0001	0.00023	0.0	0.0	0.00022	0.0	0.00022	0.0	0.0	9e-05	0.00018	0.0	0.00023	7e-05	0.00021	0.0002	0.00019	0.00013	2e-05	0.00012	7e-05	6e-05	0.00014	8e-05	0.00013	0.00035	0.00014	7e-05	0.00015	0.00023	0.00013	0.00015	0.00019	0.00012	0.00012	0.00018	0.00012	0.00012	0.00023	0.00012	0.00018	0.0	0.00017	0.00021	0.0001	0.00015	0.0001	0.00031	0.00023	0.00017	0.00055	0.00017	0.0001	0.00015	0.00023	8e-05	0.0	0.00015	0.00015	0.00015	5e-05	0.00019	8e-05	
0.06499	0.42683	0.00023	0.00013	0.04618	0.09385	0.00023	0.09385	0.08464	0.00023	0.10758	0.00023	0.16864	0.0	0.09316	0.00023	0.00023	1.00019	0.08114	0.14313	0.0	0.0	0.04072	0.0083	0.10539	0.24722	0.16525	0.00146	0.00023	0.22252	0.05522	0.00541	0.00023	0.0	0.0	0.0	0.00023	0.00023	0.0	0.09383	0.00023	0.00023	0.00023	0.08114	0.00023	0.00023	0.00023	0.00023	0.00023	0.00023	0.00023	0.00023	0.05227	0.00023	0.10949	0.00023	0.00023	0.08114	0.09383	0.07943	0.11548	0.12758	0.07266	0.208	0.00023	0.24079	0.00023	0.03556	0.34604	0.42683	0.18622	0.00023	0.102	0.00023	0.00023	0.09385	0.00023	0.46688	0.04618	0.04618	0.0	0.26457	0.12246	0.05522	0.00023	0.00023	0.09385	0.00023	0.09385	0.00023	0.00023	0.09557	0.07266	0.00023	1.00019	0.24982	0.09986	0.04755	1.2142	0.0901	0.22513	0.12117	0.42649	0.91397	0.11135	0.1933	0.27514	0.23248	0.71055	0.22923	0.42666	1.00019	0.12293	0.59953	0.14903	0.76426	0.10116	0.07266	0.11188	0.16511	0.04618	0.38121	0.09383	0.00946	0.08987	0.05227	0.12763	0.08464	0.12763	0.24079	0.1804	0.4068	0.08114	0.4068	0.12246	0.08464	0.04618	0.00174	0.00023	0.08464	0.08464	0.08464	0.078	0.1316	0.31603	
0.40779	0.05522	0.00018	0.03467	0.01282	0.01943	0.00018	0.01943	0.0209	0.00018	0.60444	0.00018	0.50968	0.0	0.02137	0.00018	0.00018	0.09383	0.01748	0.10153	0.0	0.0	0.08064	0.0671	0.06039	0.05954	0.03493	0.06205	0.00018	0.27115	0.01485	0.12194	0.00018	0.0	0.0	0.0	0.00018	0.00018	0.09383	0.0	0.00018	0.00018	0.00018	0.01748	0.00018	0.00018	0.00018	0.00018	0.00018	0.00018	0.00018	0.00018	0.01419	0.00018	0.04561	0.00018	0.00018	0.01748	0.99982	0.31575	0.02688	0.02874	0.01587	0.03277	0.00018	0.03877	0.00018	0.05223	0.38957	0.05522	0.16575	0.00018	0.02298	0.00018	0.00018	0.01943	0.00018	0.12987	0.01282	0.01282	0.0	0.10533	0.02625	0.01485	0.00018	0.00018	0.01943	0.00018	0.01943	0.00018	0.00018	0.02208	0.01587	0.00018	0.09383	0.22731	0.01882	0.01529	0.227	0.02662	0.15328	0.03399	0.12733	0.6636	0.02589	0.28729	0.19746	0.04601	0.07224	0.04067	0.13795	0.09383	0.03807	0.1226	0.06834	0.14414	0.02198	0.01587	0.02511	0.0338	0.01282	0.07557	0.99982	0.0017	0.11824	0.01419	0.02929	0.0209	0.02929	0.03877	0.03897	0.06426	0.01748	0.06426	0.02625	0.0209	0.01282	0.03134	0.00018	0.0209	0.0209	0.0209	0.09552	0.03719	0.07348	
5e-05	0.00038	0.0	8e-05	0.00023	0.00022	0.0	0.00022	0.00015	0.0	0.00011	0.0	0.00011	0.0	0.00012	0.0	0.0	0.00023	0.00055	0.00079	0.0	0.0	0.0001	6e-05	0.00014	0.00016	0.00014	7e-05	0.0	9e-05	0.00023	6e-05	0.0	0.0	0.0	0.0	0.0	0.0	0.00023	0.00018	0.0	0.0	0.0	0.00055	0.0	0.0	0.0	0.0	0.0	0.0	0.0	0.0	0.00021	0.0	0.00024	0.0	0.0	0.00055	0.00018	5e-05	7e-05	0.00014	0.00018	0.00023	0.0	0.00031	0.0	6e-05	0.00019	0.00038	2e-05	0.0	5e-05	0.0	0.0	0.00022	0.0	9e-05	0.00023	0.00023	0.0	9e-05	0.0001	0.00023	0.0	0.0	0.00022	0.0	0.00022	0.0	0.0	9e-05	0.00018	0.0	0.00023	7e-05	0.00021	0.0002	0.00019	0.00013	2e-05	0.00012	7e-05	6e-05	0.00014	8e-05	0.00013	0.00035	0.00014	7e-05	0.00015	0.00023	0.00013	0.00015	0.00019	0.00012	0.00012	0.00018	0.00012	0.00012	0.00023	0.00012	0.00018	0.0	0.00017	0.00021	0.0001	0.00015	0.0001	0.00031	0.00023	0.00017	0.00055	0.00017	0.0001	0.00015	0.00023	8e-05	0.0	0.00015	0.00015	0.00015	5e-05	0.00019	8e-05	
