0.0	0.01463	0.00525	0.01777	0.00907	0.00024	0.23956	0.00024	0.01928	0.01927	0.0	0.0	0.01695	0.006	0.0	0.0	0.00024	0.00024	0.00024	0.00024	0.00024	0.00846	0.38314	0.11653	0.32997	0.00606	0.01246	0.0157	0.01828	0.00244	0.01023	0.0169	0.07685	0.01454	0.00024	0.00556	0.00024	0.01394	0.01166	0.00806	0.00024	0.00867	0.01289	0.00024	0.0	0.0	0.10812	0.01748	0.00782	0.0	0.0	0.01246	0.07984	0.0	0.0	0.0	0.0	0.00979	0.00024	0.00548	0.03875	0.05237	0.0	0.0	0.0	0.0	0.02273	0.0	0.0	0.26788	0.0	0.0	0.0	0.0	0.0	0.00832	0.01071	0.01369	0.00024	0.01023	0.00024	1.00023	0.00157	0.00157	0.00867	0.00024	0.0	0.00024	1.00023	0.00024	0.00867	0.01023	0.01246	0.01246	0.01023	0.01399	0.0	0.25049	0.00907	0.00024	0.006	0.56986	0.00024	0.00024	0.01333	0.02999	0.03554	0.00024	0.01246	0.00024	0.00024	0.00024	0.09047	
0.01463	0.0	0.00685	0.09521	0.01262	8e-05	0.02563	8e-05	0.02861	0.02899	0.0	0.0	0.10591	0.00795	0.0	0.0	8e-05	8e-05	8e-05	8e-05	8e-05	0.01166	0.02904	0.23729	0.0127	0.00804	0.0179	0.02399	0.08991	0.00196	0.01443	0.02511	0.00978	0.16676	8e-05	0.0073	8e-05	0.02107	0.30221	0.263	8e-05	0.01199	0.27503	8e-05	0.0	0.0	0.05169	0.02059	0.01068	0.0	0.0	0.0179	0.07264	0.0	0.0	0.0	0.0	0.01373	8e-05	0.00711	0.06176	0.09195	0.0	0.0	0.0	0.0	0.03639	0.0	0.0	0.01247	0.0	0.0	0.0	0.0	0.0	0.01124	0.01543	0.01995	8e-05	0.01443	8e-05	0.01409	0.11821	0.11821	0.01199	8e-05	0.0	8e-05	0.01409	8e-05	0.01199	0.01443	0.0179	0.0179	0.01443	0.02045	0.0	0.02503	0.01262	8e-05	0.00795	0.01885	8e-05	8e-05	0.01934	0.0466	0.15756	8e-05	0.0179	8e-05	8e-05	8e-05	0.00595	
0.00525	0.00685	0.0	0.00808	0.00464	0.00024	0.00743	0.00024	0.00868	0.00867	0.0	0.0	0.14522	0.00332	0.0	0.0	0.00024	0.00024	0.00024	0.00024	0.00024	0.00439	0.0081	0.00768	0.00472	0.00335	0.00599	0.00692	0.00827	0.00107	0.00512	0.00774	0.01692	0.0065	0.00024	0.00312	0.00024	0.00628	0.00543	0.00422	0.00024	0.00448	0.00586	0.00024	0.0	0.0	0.01348	0.00617	0.00412	0.0	0.0	0.00599	0.01608	0.0	0.0	0.0	0.0	0.00494	0.00024	0.00307	0.02893	0.02466	0.0	0.0	0.0	0.0	0.0098	0.0	0.0	0.00438	0.0	0.0	0.0	0.0	0.0	0.00428	0.37632	0.0065	0.00024	0.00512	0.00024	0.0051	0.00065	0.00065	0.00448	0.00024	0.0	0.00024	0.0051	0.00024	0.00448	0.00512	0.00599	0.00599	0.00512	0.00662	0.0	0.00735	0.00464	0.00024	0.00332	0.00582	0.00024	0.00024	0.00634	0.01288	0.03848	0.00024	0.00599	0.00024	0.00024	0.00024	0.00269	
0.01777	0.09521	0.00808	0.0	0.22356	6e-05	0.03243	6e-05	0.03649	0.03646	0.0	0.0	0.44055	0.00943	0.0	0.0	6e-05	6e-05	6e-05	6e-05	6e-05	0.01405	0.03709	0.18369	0.01528	0.00954	0.022	0.03038	0.05263	0.00211	0.01755	0.03137	0.17814	0.02768	6e-05	0.11159	6e-05	0.02649	0.3658	0.01329	6e-05	0.01447	0.20467	6e-05	0.0	0.0	0.06738	0.02585	0.01282	0.0	0.0	0.022	0.04363	0.0	0.0	0.0	0.0	0.01667	6e-05	0.0084	0.01267	0.00895	0.0	0.0	0.0	0.0	0.04688	0.0	0.0	0.01514	0.0	0.0	0.0	0.0	0.0	0.0135	0.01902	0.07154	6e-05	0.01755	6e-05	0.0171	0.05276	0.05276	0.01447	6e-05	0.0	6e-05	0.0171	6e-05	0.01447	0.01755	0.022	0.022	0.01755	0.06746	0.0	0.03158	0.22356	6e-05	0.00943	0.02354	6e-05	6e-05	0.02386	0.00268	0.00318	6e-05	0.022	6e-05	6e-05	6e-05	0.00699	
0.00907	0.01262	0.00464	0.22356	0.0	0.00013	0.01439	0.00013	0.01654	0.01653	0.0	0.0	0.20453	0.0053	0.0	0.0	0.00013	0.00013	0.00013	0.00013	0.00013	0.00742	0.01597	0.01493	0.00794	0.00535	0.01079	0.01343	0.01564	0.00118	0.00894	0.01454	0.06779	0.01247	0.00013	0.00492	0.00013	0.012	0.01005	0.00709	0.00013	0.00761	0.01105	0.00013	0.0	0.0	0.0273	0.01176	0.00687	0.0	0.0	0.01079	0.03358	0.0	0.0	0.0	0.0	0.00857	0.00013	0.00481	0.06022	0.05728	0.0	0.0	0.0	0.0	0.01962	0.0	0.0	0.00761	0.0	0.0	0.0	0.0	0.0	0.00716	0.00918	0.35855	0.00013	0.00894	0.00013	0.0088	0.00065	0.00065	0.00761	0.00013	0.0	0.00013	0.0088	0.00013	0.00761	0.00894	0.01079	0.01079	0.00894	0.34364	0.0	0.01414	0.9997	0.00013	0.0053	0.01092	0.00013	0.00013	0.01155	0.09883	0.0299	0.00013	0.01079	0.00013	0.00013	0.00013	0.00409	
0.00024	8e-05	0.00024	6e-05	0.00013	0.0	5e-05	0.0	6e-05	6e-05	0.0	0.0	3e-05	0.00021	0.0	0.0	0.0	0.0	0.0	0.0	0.0	0.00014	8e-05	6e-05	0.00015	0.0002	9e-05	3e-05	8e-05	0.0	0.00012	6e-05	5e-05	4e-05	0.0	0.00022	0.0	4e-05	7e-05	0.00015	0.0	0.00014	6e-05	0.0	0.0	0.0	3e-05	4e-05	0.00015	0.0	0.0	9e-05	2e-05	0.0	0.0	0.0	0.0	0.00012	0.0	0.00025	3e-05	2e-05	0.0	0.0	0.0	0.0	2e-05	0.0	0.0	0.00011	0.0	0.0	0.0	0.0	0.0	0.00015	6e-05	9e-05	0.0	0.00012	0.0	0.00024	0.0	0.0	0.00014	0.0	0.0	0.0	0.00024	0.0	0.00014	0.00012	9e-05	9e-05	0.00012	9e-05	0.0	5e-05	0.00013	0.0	0.00021	0.00011	0.0	0.0	8e-05	6e-05	4e-05	0.0	9e-05	0.0	0.0	0.0	0.00027	
0.23956	0.02563	0.00743	0.03243	0.01439	5e-05	0.0	5e-05	0.03579	0.05706	0.0	0.0	0.03271	0.00872	0.0	0.0	5e-05	5e-05	5e-05	5e-05	5e-05	0.0132	0.16702	0.04074	0.0396	0.26677	0.0211	0.18303	0.03341	0.00199	0.25048	0.03057	0.01574	0.02725	5e-05	0.00796	5e-05	0.02604	0.02054	0.01246	5e-05	0.01362	0.02341	5e-05	0.0	0.0	0.02611	0.02538	0.012	0.0	0.0	0.0211	0.06028	0.0	0.0	0.0	0.0	0.01579	5e-05	0.00774	0.01958	0.12796	0.0	0.0	0.0	0.0	0.04713	0.0	0.0	0.03738	0.0	0.0	0.0	0.0	0.0	0.01266	0.01832	0.02377	5e-05	0.25048	5e-05	0.24031	0.00113	0.00113	0.01362	5e-05	0.0	5e-05	0.24031	5e-05	0.01362	0.25048	0.0211	0.0211	0.25048	0.02441	0.0	0.6171	0.01439	5e-05	0.00872	0.1936	5e-05	5e-05	0.02297	0.08218	0.01844	5e-05	0.0211	5e-05	5e-05	5e-05	0.0064	
0.00024	8e-05	0.00024	6e-05	0.00013	0.0	5e-05	0.0	6e-05	6e-05	0.0	0.0	3e-05	0.00021	0.0	0.0	0.0	0.0	0.0	0.0	0.0	0.00014	8e-05	6e-05	0.00015	0.0002	9e-05	3e-05	8e-05	0.0	0.00012	6e-05	5e-05	4e-05	0.0	0.00022	0.0	4e-05	7e-05	0.00015	0.0	0.00014	6e-05	0.0	0.0	0.0	3e-05	4e-05	0.00015	0.0	0.0	9e-05	2e-05	0.0	0.0	0.0	0.0	0.00012	0.0	0.00025	3e-05	2e-05	0.0	0.0	0.0	0.0	2e-05	0.0	0.0	0.00011	0.0	0.0	0.0	0.0	0.0	0.00015	6e-05	9e-05	0.0	0.00012	0.0	0.00024	0.0	0.0	0.00014	0.0	0.0	0.0	0.00024	0.0	0.00014	0.00012	9e-05	9e-05	0.00012	9e-05	0.0	5e-05	0.00013	0.0	0.00021	0.00011	0.0	0.0	8e-05	6e-05	4e-05	0.0	9e-05	0.0	0.0	0.0	0.00027	
0.01928	0.02861	0.00868	0.03649	0.01654	6e-05	0.03579	6e-05	0.0	0.09061	0.0	0.0	0.03641	0.01015	0.0	0.0	6e-05	6e-05	6e-05	6e-05	6e-05	0.01521	0.11063	0.23692	0.01649	0.01027	0.32349	0.23764	0.10533	0.0954	0.01907	0.12777	0.09232	0.50822	6e-05	0.00928	6e-05	0.02915	0.02319	0.16298	6e-05	0.01567	0.0263	6e-05	0.0	0.0	0.07536	0.02843	0.01386	0.0	0.0	0.32349	0.03827	0.0	0.0	0.0	0.0	0.03046	6e-05	0.00903	0.01111	0.1435	0.0	0.0	0.0	0.0	0.05315	0.0	0.0	0.01638	0.0	0.0	0.0	0.0	0.0	0.01457	0.02075	0.02695	6e-05	0.01907	6e-05	0.01857	0.00112	0.00112	0.01567	6e-05	0.0	6e-05	0.01857	6e-05	0.01567	0.01907	0.32349	0.32349	0.01907	0.02766	0.0	0.03481	0.01654	6e-05	0.01015	0.02583	6e-05	6e-05	0.02607	0.00552	0.09488	6e-05	0.32349	6e-05	6e-05	6e-05	0.00749	
0.01927	0.02899	0.00867	0.03646	0.01653	6e-05	0.05706	6e-05	0.09061	0.0	0.0	0.0	0.03638	0.01014	0.0	0.0	6e-05	6e-05	6e-05	6e-05	6e-05	0.0152	0.11077	0.23717	0.01648	0.01026	0.32392	0.64751	0.10552	0.09568	0.23392	0.12798	0.09223	0.25162	6e-05	0.00927	6e-05	0.02913	0.02317	0.01437	6e-05	0.01566	0.02628	6e-05	0.0	0.0	0.07529	0.02841	0.01385	0.0	0.0	0.32392	0.09891	0.0	0.0	0.0	0.0	0.01809	6e-05	0.00902	0.18314	0.04763	0.0	0.0	0.0	0.0	0.05209	0.0	0.0	0.01637	0.0	0.0	0.0	0.0	0.0	0.01456	0.02074	0.02693	6e-05	0.23392	6e-05	0.01856	0.00112	0.00112	0.01566	6e-05	0.0	6e-05	0.01856	6e-05	0.01566	0.23392	0.32392	0.32392	0.23392	0.02764	0.0	0.05756	0.01653	6e-05	0.01014	0.02581	6e-05	6e-05	0.02605	0.06637	0.16731	6e-05	0.32392	6e-05	6e-05	6e-05	0.00748	
0.0	0.0	0.0	0.0	0.0	0.0	0.0	0.0	0.0	0.0	0.0	0.0	0.0	0.0	0.0	0.0	0.0	0.0	0.0	0.0	0.0	0.0	0.0	0.0	0.0	0.0	0.0	0.0	0.0	0.0	0.0	0.0	0.0	0.0	0.0	0.0	0.0	0.0	0.0	0.0	0.0	0.0	0.0	0.0	0.0	0.0	0.0	0.0	0.0	0.0	0.0	0.0	0.0	0.0	0.0	0.0	0.0	0.0	0.0	0.0	0.0	0.0	0.0	0.0	0.0	0.0	0.0	0.0	0.0	0.0	0.0	0.0	0.0	0.0	0.0	0.0	0.0	0.0	0.0	0.0	0.0	0.0	0.0	0.0	0.0	0.0	0.0	0.0	0.0	0.0	0.0	0.0	0.0	0.0	0.0	0.0	0.0	0.0	0.0	0.0	0.0	0.0	0.0	0.0	0.0	0.0	0.0	0.0	0.0	0.0	0.0	0.0	0.0	
0.0	0.0	0.0	0.0	0.0	0.0	0.0	0.0	0.0	0.0	0.0	0.0	0.0	0.0	0.0	0.0	0.0	0.0	0.0	0.0	0.0	0.0	0.0	0.0	0.0	0.0	0.0	0.0	0.0	0.0	0.0	0.0	0.0	0.0	0.0	0.0	0.0	0.0	0.0	0.0	0.0	0.0	0.0	0.0	0.0	0.0	0.0	0.0	0.0	0.0	0.0	0.0	0.0	0.0	0.0	0.0	0.0	0.0	0.0	0.0	0.0	0.0	0.0	0.0	0.0	0.0	0.0	0.0	0.0	0.0	0.0	0.0	0.0	0.0	0.0	0.0	0.0	0.0	0.0	0.0	0.0	0.0	0.0	0.0	0.0	0.0	0.0	0.0	0.0	0.0	0.0	0.0	0.0	0.0	0.0	0.0	0.0	0.0	0.0	0.0	0.0	0.0	0.0	0.0	0.0	0.0	0.0	0.0	0.0	0.0	0.0	0.0	0.0	
0.01695	0.10591	0.14522	0.44055	0.20453	3e-05	0.03271	3e-05	0.03641	0.03638	0.0	0.0	0.0	0.00871	0.0	0.0	3e-05	3e-05	3e-05	3e-05	3e-05	0.01326	0.0379	0.18425	0.01437	0.00882	0.02131	0.0307	0.06885	0.00184	0.01677	0.03104	0.12188	0.02775	3e-05	0.00795	3e-05	0.0265	0.21167	0.0125	3e-05	0.01368	0.19983	3e-05	0.0	0.0	0.06681	0.02582	0.01203	0.0	0.0	0.02131	0.06331	0.0	0.0	0.0	0.0	0.01589	3e-05	0.00772	0.04365	0.06819	0.0	0.0	0.0	0.0	0.04163	0.0	0.0	0.01441	0.0	0.0	0.0	0.0	0.0	0.01267	0.12145	0.08074	3e-05	0.01677	3e-05	0.01631	0.0495	0.0495	0.01368	3e-05	0.0	3e-05	0.01631	3e-05	0.01368	0.01677	0.02131	0.02131	0.01677	0.07726	0.0	0.03173	0.20453	3e-05	0.00871	0.02334	3e-05	3e-05	0.02323	0.02173	0.01356	3e-05	0.02131	3e-05	3e-05	3e-05	0.00637	
0.006	0.00795	0.00332	0.00943	0.0053	0.00021	0.00872	0.00021	0.01015	0.01014	0.0	0.0	0.00871	0.0	0.0	0.0	0.00021	0.00021	0.00021	0.00021	0.00021	0.00499	0.00954	0.00902	0.00536	0.00376	0.00692	0.00812	0.00965	0.00108	0.00587	0.00902	0.02001	0.00761	0.00021	0.00349	0.00021	0.00735	0.00631	0.00479	0.00021	0.0051	0.00684	0.00021	0.0	0.0	0.04802	0.17099	0.00467	0.0	0.0	0.00692	0.04378	0.0	0.0	0.0	0.0	0.34046	0.00021	0.00343	0.17675	0.03182	0.0	0.0	0.0	0.0	0.06813	0.0	0.0	0.00502	0.0	0.0	0.0	0.0	0.0	0.00485	0.00584	0.00753	0.00021	0.00587	0.00021	0.00582	0.00064	0.00064	0.0051	0.00021	0.0	0.00021	0.00582	0.00021	0.0051	0.00587	0.00692	0.00692	0.00587	0.00768	0.0	0.00861	0.0053	0.00021	0.99952	0.00679	0.00021	0.00021	0.00734	0.01517	0.01768	0.00021	0.00692	0.00021	0.00021	0.00021	0.00298	
0.0	0.0	0.0	0.0	0.0	0.0	0.0	0.0	0.0	0.0	0.0	0.0	0.0	0.0	0.0	0.0	0.0	0.0	0.0	0.0	0.0	0.0	0.0	0.0	0.0	0.0	0.0	0.0	0.0	0.0	0.0	0.0	0.0	0.0	0.0	0.0	0.0	0.0	0.0	0.0	0.0	0.0	0.0	0.0	0.0	0.0	0.0	0.0	0.0	0.0	0.0	0.0	0.0	0.0	0.0	0.0	0.0	0.0	0.0	0.0	0.0	0.0	0.0	0.0	0.0	0.0	0.0	0.0	0.0	0.0	0.0	0.0	0.0	0.0	0.0	0.0	0.0	0.0	0.0	0.0	0.0	0.0	0.0	0.0	0.0	0.0	0.0	0.0	0.0	0.0	0.0	0.0	0.0	0.0	0.0	0.0	0.0	0.0	0.0	0.0	0.0	0.0	0.0	0.0	0.0	0.0	0.0	0.0	0.0	0.0	0.0	0.0	0.0	
0.0	0.0	0.0	0.0	0.0	0.0	0.0	0.0	0.0	0.0	0.0	0.0	0.0	0.0	0.0	0.0	0.0	0.0	0.0	0.0	0.0	0.0	0.0	0.0	0.0	0.0	0.0	0.0	0.0	0.0	0.0	0.0	0.0	0.0	0.0	0.0	0.0	0.0	0.0	0.0	0.0	0.0	0.0	0.0	0.0	0.0	0.0	0.0	0.0	0.0	0.0	0.0	0.0	0.0	0.0	0.0	0.0	0.0	0.0	0.0	0.0	0.0	0.0	0.0	0.0	0.0	0.0	0.0	0.0	0.0	0.0	0.0	0.0	0.0	0.0	0.0	0.0	0.0	0.0	0.0	0.0	0.0	0.0	0.0	0.0	0.0	0.0	0.0	0.0	0.0	0.0	0.0	0.0	0.0	0.0	0.0	0.0	0.0	0.0	0.0	0.0	0.0	0.0	0.0	0.0	0.0	0.0	0.0	0.0	0.0	0.0	0.0	0.0	
0.00024	8e-05	0.00024	6e-05	0.00013	0.0	5e-05	0.0	6e-05	6e-05	0.0	0.0	3e-05	0.00021	0.0	0.0	0.0	0.0	0.0	0.0	0.0	0.00014	8e-05	6e-05	0.00015	0.0002	9e-05	3e-05	8e-05	0.0	0.00012	6e-05	5e-05	4e-05	0.0	0.00022	0.0	4e-05	7e-05	0.00015	0.0	0.00014	6e-05	0.0	0.0	0.0	3e-05	4e-05	0.00015	0.0	0.0	9e-05	2e-05	0.0	0.0	0.0	0.0	0.00012	0.0	0.00025	3e-05	2e-05	0.0	0.0	0.0	0.0	2e-05	0.0	0.0	0.00011	0.0	0.0	0.0	0.0	0.0	0.00015	6e-05	9e-05	0.0	0.00012	0.0	0.00024	0.0	0.0	0.00014	0.0	0.0	0.0	0.00024	0.0	0.00014	0.00012	9e-05	9e-05	0.00012	9e-05	0.0	5e-05	0.00013	0.0	0.00021	0.00011	0.0	0.0	8e-05	6e-05	4e-05	0.0	9e-05	0.0	0.0	0.0	0.00027	
0.00024	8e-05	0.00024	6e-05	0.00013	0.0	5e-05	0.0	6e-05	6e-05	0.0	0.0	3e-05	0.00021	0.0	0.0	0.0	0.0	0.0	0.0	0.0	0.00014	8e-05	6e-05	0.00015	0.0002	9e-05	3e-05	8e-05	0.0	0.00012	6e-05	5e-05	4e-05	0.0	0.00022	0.0	4e-05	7e-05	0.00015	0.0	0.00014	6e-05	0.0	0.0	0.0	3e-05	4e-05	0.00015	0.0	0.0	9e-05	2e-05	0.0	0.0	0.0	0.0	0.00012	0.0	0.00025	3e-05	2e-05	0.0	0.0	0.0	0.0	2e-05	0.0	0.0	0.00011	0.0	0.0	0.0	0.0	0.0	0.00015	6e-05	9e-05	0.0	0.00012	0.0	0.00024	0.0	0.0	0.00014	0.0	0.0	0.0	0.00024	0.0	0.00014	0.00012	9e-05	9e-05	0.00012	9e-05	0.0	5e-05	0.00013	0.0	0.00021	0.00011	0.0	0.0	8e-05	6e-05	4e-05	0.0	9e-05	0.0	0.0	0.0	0.00027	
0.00024	8e-05	0.00024	6e-05	0.00013	0.0	5e-05	0.0	6e-05	6e-05	0.0	0.0	3e-05	0.00021	0.0	0.0	0.0	0.0	0.0	0.0	0.0	0.00014	8e-05	6e-05	0.00015	0.0002	9e-05	3e-05	8e-05	0.0	0.00012	6e-05	5e-05	4e-05	0.0	0.00022	0.0	4e-05	7e-05	0.00015	0.0	0.00014	6e-05	0.0	0.0	0.0	3e-05	4e-05	0.00015	0.0	0.0	9e-05	2e-05	0.0	0.0	0.0	0.0	0.00012	0.0	0.00025	3e-05	2e-05	0.0	0.0	0.0	0.0	2e-05	0.0	0.0	0.00011	0.0	0.0	0.0	0.0	0.0	0.00015	6e-05	9e-05	0.0	0.00012	0.0	0.00024	0.0	0.0	0.00014	0.0	0.0	0.0	0.00024	0.0	0.00014	0.00012	9e-05	9e-05	0.00012	9e-05	0.0	5e-05	0.00013	0.0	0.00021	0.00011	0.0	0.0	8e-05	6e-05	4e-05	0.0	9e-05	0.0	0.0	0.0	0.00027	
0.00024	8e-05	0.00024	6e-05	0.00013	0.0	5e-05	0.0	6e-05	6e-05	0.0	0.0	3e-05	0.00021	0.0	0.0	0.0	0.0	0.0	0.0	0.0	0.00014	8e-05	6e-05	0.00015	0.0002	9e-05	3e-05	8e-05	0.0	0.00012	6e-05	5e-05	4e-05	0.0	0.00022	0.0	4e-05	7e-05	0.00015	0.0	0.00014	6e-05	0.0	0.0	0.0	3e-05	4e-05	0.00015	0.0	0.0	9e-05	2e-05	0.0	0.0	0.0	0.0	0.00012	0.0	0.00025	3e-05	2e-05	0.0	0.0	0.0	0.0	2e-05	0.0	0.0	0.00011	0.0	0.0	0.0	0.0	0.0	0.00015	6e-05	9e-05	0.0	0.00012	0.0	0.00024	0.0	0.0	0.00014	0.0	0.0	0.0	0.00024	0.0	0.00014	0.00012	9e-05	9e-05	0.00012	9e-05	0.0	5e-05	0.00013	0.0	0.00021	0.00011	0.0	0.0	8e-05	6e-05	4e-05	0.0	9e-05	0.0	0.0	0.0	0.00027	
0.00024	8e-05	0.00024	6e-05	0.00013	0.0	5e-05	0.0	6e-05	6e-05	0.0	0.0	3e-05	0.00021	0.0	0.0	0.0	0.0	0.0	0.0	0.0	0.00014	8e-05	6e-05	0.00015	0.0002	9e-05	3e-05	8e-05	0.0	0.00012	6e-05	5e-05	4e-05	0.0	0.00022	0.0	4e-05	7e-05	0.00015	0.0	0.00014	6e-05	0.0	0.0	0.0	3e-05	4e-05	0.00015	0.0	0.0	9e-05	2e-05	0.0	0.0	0.0	0.0	0.00012	0.0	0.00025	3e-05	2e-05	0.0	0.0	0.0	0.0	2e-05	0.0	0.0	0.00011	0.0	0.0	0.0	0.0	0.0	0.00015	6e-05	9e-05	0.0	0.00012	0.0	0.00024	0.0	0.0	0.00014	0.0	0.0	0.0	0.00024	0.0	0.00014	0.00012	9e-05	9e-05	0.00012	9e-05	0.0	5e-05	0.00013	0.0	0.00021	0.00011	0.0	0.0	8e-05	6e-05	4e-05	0.0	9e-05	0.0	0.0	0.0	0.00027	
0.00846	0.01166	0.00439	0.01405	0.00742	0.00014	0.0132	0.00014	0.01521	0.0152	0.0	0.0	0.01326	0.00499	0.0	0.0	0.00014	0.00014	0.00014	0.00014	0.00014	0.0	0.01461	0.01369	0.00743	0.00504	0.01001	0.01232	0.0144	0.00115	0.00832	0.21852	0.03101	0.01146	0.00014	0.00464	0.00014	0.01103	0.00928	0.00663	0.00014	0.00711	0.01018	0.00014	0.0	0.0	0.07693	0.43414	0.00644	0.0	0.0	0.01001	0.06106	0.0	0.0	0.0	0.0	0.00798	0.00014	0.00454	0.02952	0.05164	0.0	0.0	0.0	0.0	0.01792	0.0	0.0	0.00709	0.0	0.0	0.0	0.0	0.0	0.0067	0.62799	0.01099	0.00014	0.00832	0.00014	0.0082	0.00064	0.00064	0.00711	0.00014	0.0	0.00014	0.0082	0.00014	0.00711	0.00832	0.01001	0.01001	0.00832	0.30534	0.0	0.01299	0.00742	0.00014	0.00499	0.01007	0.00014	0.00014	0.01069	0.08957	0.0273	0.00014	0.01001	0.00014	0.00014	0.00014	0.00388	
0.38314	0.02904	0.0081	0.03709	0.01597	8e-05	0.16702	8e-05	0.11063	0.11077	0.0	0.0	0.0379	0.00954	0.0	0.0	8e-05	8e-05	8e-05	8e-05	8e-05	0.01461	0.0	0.38665	0.33326	0.00966	0.29852	0.23563	0.12324	0.08468	0.01857	0.14209	0.11117	0.24584	8e-05	0.00869	8e-05	0.0299	0.0233	0.01377	8e-05	0.01508	0.12005	8e-05	0.0	0.0	0.11139	0.0291	0.01324	0.0	0.0	0.29852	0.12673	0.0	0.0	0.0	0.0	0.01757	8e-05	0.00845	0.04379	0.08982	0.0	0.0	0.0	0.0	0.02838	0.0	0.0	0.11356	0.0	0.0	0.0	0.0	0.0	0.01404	0.02072	0.02685	8e-05	0.01857	8e-05	0.38225	0.0014	0.0014	0.01508	8e-05	0.0	8e-05	0.38225	8e-05	0.01508	0.01857	0.29852	0.29852	0.01857	0.02761	0.0	0.16997	0.01597	8e-05	0.00954	0.30863	8e-05	8e-05	0.04596	0.06981	0.17147	8e-05	0.29852	8e-05	8e-05	8e-05	0.00696	
0.11653	0.23729	0.00768	0.18369	0.01493	6e-05	0.04074	6e-05	0.23692	0.23717	0.0	0.0	0.18425	0.00902	0.0	0.0	6e-05	6e-05	6e-05	6e-05	6e-05	0.01369	0.38665	0.0	0.01265	0.00913	0.56031	0.39872	0.7989	0.36507	0.01731	0.2907	0.11036	0.42451	6e-05	0.00823	6e-05	0.02726	0.37432	0.01292	6e-05	0.01412	0.34771	6e-05	0.0	0.0	0.06236	0.02658	0.01244	0.0	0.0	0.56031	0.12469	0.0	0.0	0.0	0.0	0.0164	6e-05	0.00807	0.10611	0.15595	0.0	0.0	0.0	0.0	0.05052	0.0	0.0	0.0127	0.0	0.0	0.0	0.0	0.0	0.01321	0.01916	0.02482	6e-05	0.01731	6e-05	0.11554	0.21751	0.21751	0.01412	6e-05	0.0	6e-05	0.11554	6e-05	0.01412	0.01731	0.56031	0.56031	0.01731	0.0255	0.0	0.04003	0.01493	6e-05	0.00902	0.09931	6e-05	6e-05	0.02402	0.06404	0.19366	6e-05	0.56031	6e-05	6e-05	6e-05	0.00664	
0.32997	0.0127	0.00472	0.01528	0.00794	0.00015	0.0396	0.00015	0.01649	0.01648	0.0	0.0	0.01437	0.00536	0.0	0.0	0.00015	0.00015	0.00015	0.00015	0.00015	0.00743	0.33326	0.01265	0.0	0.00541	0.01087	0.01326	0.01581	0.00171	0.0089	0.01451	0.03129	0.01234	0.00015	0.00499	0.00015	0.01175	0.01009	0.0071	0.00015	0.00761	0.44159	0.00015	0.0	0.0	0.07808	0.01155	0.0069	0.0	0.0	0.01087	0.03309	0.0	0.0	0.0	0.0	0.00854	0.00015	0.00502	0.03305	0.0505	0.0	0.0	0.0	0.0	0.10128	0.0	0.0	0.00649	0.0	0.0	0.0	0.0	0.0	0.00727	0.00913	0.01175	0.00015	0.0089	0.00015	0.32813	0.00102	0.00102	0.00761	0.00015	0.0	0.00015	0.32813	0.00015	0.00761	0.0089	0.01087	0.01087	0.0089	0.012	0.0	0.04072	0.00794	0.00015	0.00536	0.1737	0.00015	0.00015	0.30333	0.02544	0.0667	0.00015	0.01087	0.00015	0.00015	0.00015	0.00424	
0.00606	0.00804	0.00335	0.00954	0.00535	0.0002	0.26677	0.0002	0.01027	0.01026	0.0	0.0	0.00882	0.00376	0.0	0.0	0.0002	0.0002	0.0002	0.0002	0.0002	0.00504	0.00966	0.00913	0.00541	0.0	0.00699	0.00822	0.00977	0.00108	0.00593	0.00913	0.02026	0.0077	0.0002	0.00352	0.0002	0.00744	0.00638	0.00484	0.0002	0.00515	0.00692	0.0002	0.0	0.0	0.01617	0.0073	0.00471	0.0	0.0	0.00699	0.04439	0.0	0.0	0.0	0.0	0.00571	0.0002	0.00346	0.0191	0.11958	0.0	0.0	0.0	0.0	0.01173	0.0	0.0	0.00507	0.0	0.0	0.0	0.0	0.0	0.0049	0.00591	0.00762	0.0002	0.00593	0.0002	0.00588	0.00064	0.00064	0.00515	0.0002	0.0	0.0002	0.00588	0.0002	0.00515	0.00593	0.00699	0.00699	0.00593	0.00776	0.0	0.00872	0.00535	0.0002	0.00376	0.00686	0.0002	0.0002	0.00743	0.05727	0.01791	0.0002	0.00699	0.0002	0.0002	0.0002	0.003	
0.01246	0.0179	0.00599	0.022	0.01079	9e-05	0.0211	9e-05	0.32349	0.32392	0.0	0.0	0.02131	0.00692	0.0	0.0	9e-05	9e-05	9e-05	9e-05	9e-05	0.01001	0.29852	0.56031	0.01087	0.00699	0.0	0.55708	0.36201	0.0	0.01227	0.4211	0.05139	0.61827	9e-05	0.00637	9e-05	0.01743	0.01428	0.00951	9e-05	0.01028	0.01592	9e-05	0.0	0.0	0.0416	0.01705	0.0092	0.0	0.0	0.99978	0.05232	0.0	0.0	0.0	0.0	0.01171	9e-05	0.00622	0.09417	0.07183	0.0	0.0	0.0	0.0	0.02953	0.0	0.0	0.01059	0.0	0.0	0.0	0.0	0.0	0.00966	0.01297	0.01675	9e-05	0.01227	9e-05	0.01201	0.00099	0.00099	0.01028	9e-05	0.0	9e-05	0.01201	9e-05	0.01028	0.01227	0.99978	0.99978	0.01227	0.01715	0.0	0.02065	0.01079	9e-05	0.00692	0.01568	9e-05	9e-05	0.01625	0.03796	0.12411	9e-05	0.99978	9e-05	9e-05	9e-05	0.00523	
0.0157	0.02399	0.00692	0.03038	0.01343	3e-05	0.18303	3e-05	0.23764	0.64751	0.0	0.0	0.0307	0.00812	0.0	0.0	3e-05	3e-05	3e-05	3e-05	3e-05	0.01232	0.23563	0.39872	0.01326	0.00822	0.55708	0.0	0.2592	0.35543	0.45503	0.29129	0.07768	0.42194	3e-05	0.00741	3e-05	0.02443	0.01924	0.01163	3e-05	0.01271	0.02195	3e-05	0.0	0.0	0.06369	0.0238	0.01119	0.0	0.0	0.55708	0.08471	0.0	0.0	0.0	0.0	0.01474	3e-05	0.0072	0.15276	0.11478	0.0	0.0	0.0	0.0	0.04423	0.0	0.0	0.01329	0.0	0.0	0.0	0.0	0.0	0.01175	0.01709	0.02224	3e-05	0.45503	3e-05	0.01514	0.00085	0.00085	0.01271	3e-05	0.0	3e-05	0.01514	3e-05	0.01271	0.45503	0.55708	0.55708	0.45503	0.02285	0.0	0.18745	0.01343	3e-05	0.00812	0.02155	3e-05	3e-05	0.02149	0.0559	0.19971	3e-05	0.55708	3e-05	3e-05	3e-05	0.00595	
0.01828	0.08991	0.00827	0.05263	0.01564	8e-05	0.03341	8e-05	0.10533	0.10552	0.0	0.0	0.06885	0.00965	0.0	0.0	8e-05	8e-05	8e-05	8e-05	8e-05	0.0144	0.12324	0.7989	0.01581	0.00977	0.36201	0.2592	0.0	0.11784	0.01801	0.1464	0.00047	0.27561	8e-05	0.00884	8e-05	0.02727	0.21175	0.01362	8e-05	0.01483	0.19756	8e-05	0.0	0.0	0.06979	0.02661	0.01314	0.0	0.0	0.36201	0.04392	0.0	0.0	0.0	0.0	0.0171	8e-05	0.0086	0.01476	0.13056	0.0	0.0	0.0	0.0	0.04845	0.0	0.0	0.01567	0.0	0.0	0.0	0.0	0.0	0.01389	0.01959	0.02534	8e-05	0.01801	8e-05	0.01754	0.04665	0.04665	0.01483	8e-05	0.0	8e-05	0.01754	8e-05	0.01483	0.01801	0.36201	0.36201	0.01801	0.02599	0.0	0.03253	0.01564	8e-05	0.00965	0.02422	8e-05	8e-05	0.02451	0.06172	0.22252	8e-05	0.36201	8e-05	8e-05	8e-05	0.00715	
0.00244	0.00196	0.00107	0.00211	0.00118	0.0	0.00199	0.0	0.0954	0.09568	0.0	0.0	0.00184	0.00108	0.0	0.0	0.0	0.0	0.0	0.0	0.0	0.00115	0.08468	0.36507	0.00171	0.00108	0.0	0.35543	0.11784	0.0	0.00123	0.17291	0.00511	0.45768	0.0	0.00107	0.0	0.00124	0.0016	0.00114	0.0	0.00116	0.00173	0.0	0.0	0.0	0.0039	0.00128	0.00113	0.0	0.0	0.0	0.00497	0.0	0.0	0.0	0.0	0.00121	0.0	0.00159	0.01115	0.00701	0.0	0.0	0.0	0.0	0.00237	0.0	0.0	0.00171	0.0	0.0	0.0	0.0	0.0	0.00121	0.00113	0.00142	0.0	0.00123	0.0	0.00233	0.0	0.0	0.00116	0.0	0.0	0.0	0.00233	0.0	0.00116	0.00123	0.0	0.0	0.00123	0.00144	0.0	0.002	0.00118	0.0	0.00108	0.00182	0.0	0.0	0.00157	0.00277	0.01595	0.0	0.0	0.0	0.0	0.0	0.0013	
0.01023	0.01443	0.00512	0.01755	0.00894	0.00012	0.25048	0.00012	0.01907	0.23392	0.0	0.0	0.01677	0.00587	0.0	0.0	0.00012	0.00012	0.00012	0.00012	0.00012	0.00832	0.01857	0.01731	0.0089	0.00593	0.01227	0.45503	0.01801	0.00123	0.0	0.0167	0.03978	0.0144	0.00012	0.00543	0.00012	0.01385	0.0115	0.00793	0.00012	0.00854	0.01271	0.00012	0.0	0.0	0.03201	0.01356	0.00769	0.0	0.0	0.01227	0.03972	0.0	0.0	0.0	0.0	0.00966	0.00012	0.0053	0.07128	0.06329	0.0	0.0	0.0	0.0	0.02292	0.0	0.0	0.00859	0.0	0.0	0.0	0.0	0.0	0.008	0.01046	0.01355	0.00012	0.99973	0.00012	0.00991	0.00067	0.00067	0.00854	0.00012	0.0	0.00012	0.00991	0.00012	0.00854	0.99973	0.01227	0.01227	0.99973	0.01385	0.0	0.26192	0.00894	0.00012	0.00587	0.01255	0.00012	0.00012	0.01317	0.02965	0.09398	0.00012	0.01227	0.00012	0.00012	0.00012	0.00449	
0.0169	0.02511	0.00774	0.03137	0.01454	6e-05	0.03057	6e-05	0.12777	0.12798	0.0	0.0	0.03104	0.00902	0.0	0.0	6e-05	6e-05	6e-05	6e-05	6e-05	0.21852	0.14209	0.2907	0.01451	0.00913	0.4211	0.29129	0.1464	0.17291	0.0167	0.0	0.07736	0.31187	6e-05	0.00827	6e-05	0.02501	0.02007	0.01269	6e-05	0.0138	0.02264	6e-05	0.0	0.0	0.00825	0.15513	0.01224	0.0	0.0	0.4211	0.02805	0.0	0.0	0.0	0.0	0.01588	6e-05	0.00805	0.02118	0.04541	0.0	0.0	0.0	0.0	0.04398	0.0	0.0	0.01435	0.0	0.0	0.0	0.0	0.0	0.01286	0.18081	0.02338	6e-05	0.0167	6e-05	0.01629	0.00105	0.00105	0.0138	6e-05	0.0	6e-05	0.01629	6e-05	0.0138	0.0167	0.4211	0.4211	0.0167	0.05715	0.0	0.02979	0.01454	6e-05	0.00902	0.02226	6e-05	6e-05	0.02263	0.00182	0.02886	6e-05	0.4211	6e-05	6e-05	6e-05	0.0067	
0.07685	0.00978	0.01692	0.17814	0.06779	5e-05	0.01574	5e-05	0.09232	0.09223	0.0	0.0	0.12188	0.02001	0.0	0.0	5e-05	5e-05	5e-05	5e-05	5e-05	0.03101	0.11117	0.11036	0.03129	0.02026	0.05139	0.07768	0.00047	0.00511	0.03978	0.07736	0.0	0.06938	5e-05	0.03548	5e-05	0.05718	0.10359	0.02916	5e-05	0.06372	0.08636	5e-05	0.0	0.0	0.03629	0.06411	0.0554	0.0	0.0	0.05139	0.00309	0.0	0.0	0.0	0.0	0.03755	5e-05	0.03441	0.01132	0.01258	0.0	0.0	0.0	0.0	0.01028	0.0	0.0	0.05317	0.0	0.0	0.0	0.0	0.0	0.06101	0.04166	0.00568	5e-05	0.03978	5e-05	0.07736	0.0058	0.0058	0.06372	5e-05	0.0	5e-05	0.07736	5e-05	0.06372	0.03978	0.05139	0.05139	0.03978	0.00461	0.0	0.0127	0.06779	5e-05	0.02001	0.11876	5e-05	5e-05	0.00457	0.00017	0.03599	5e-05	0.05139	5e-05	5e-05	5e-05	0.01448	
0.01454	0.16676	0.0065	0.02768	0.01247	4e-05	0.02725	4e-05	0.50822	0.25162	0.0	0.0	0.02775	0.00761	0.0	0.0	4e-05	4e-05	4e-05	4e-05	4e-05	0.01146	0.24584	0.42451	0.01234	0.0077	0.61827	0.42194	0.27561	0.45768	0.0144	0.31187	0.06938	0.0	4e-05	0.00695	4e-05	0.0222	0.01761	0.39106	4e-05	0.01181	0.02001	4e-05	0.0	0.0	0.05674	0.02165	0.01043	0.0	0.0	0.61827	0.0915	0.0	0.0	0.0	0.0	0.01366	4e-05	0.00676	0.09951	0.10602	0.0	0.0	0.0	0.0	0.03964	0.0	0.0	0.0123	0.0	0.0	0.0	0.0	0.0	0.01094	0.0157	0.02041	4e-05	0.0144	4e-05	0.01402	0.00083	0.00083	0.01181	4e-05	0.0	4e-05	0.01402	4e-05	0.01181	0.0144	0.61827	0.61827	0.0144	0.02095	0.0	0.02649	0.01247	4e-05	0.00761	0.01966	4e-05	4e-05	0.01973	0.05025	0.17462	4e-05	0.61827	4e-05	4e-05	4e-05	0.0056	
0.00024	8e-05	0.00024	6e-05	0.00013	0.0	5e-05	0.0	6e-05	6e-05	0.0	0.0	3e-05	0.00021	0.0	0.0	0.0	0.0	0.0	0.0	0.0	0.00014	8e-05	6e-05	0.00015	0.0002	9e-05	3e-05	8e-05	0.0	0.00012	6e-05	5e-05	4e-05	0.0	0.00022	0.0	4e-05	7e-05	0.00015	0.0	0.00014	6e-05	0.0	0.0	0.0	3e-05	4e-05	0.00015	0.0	0.0	9e-05	2e-05	0.0	0.0	0.0	0.0	0.00012	0.0	0.00025	3e-05	2e-05	0.0	0.0	0.0	0.0	2e-05	0.0	0.0	0.00011	0.0	0.0	0.0	0.0	0.0	0.00015	6e-05	9e-05	0.0	0.00012	0.0	0.00024	0.0	0.0	0.00014	0.0	0.0	0.0	0.00024	0.0	0.00014	0.00012	9e-05	9e-05	0.00012	9e-05	0.0	5e-05	0.00013	0.0	0.00021	0.00011	0.0	0.0	8e-05	6e-05	4e-05	0.0	9e-05	0.0	0.0	0.0	0.00027	
0.00556	0.0073	0.00312	0.11159	0.00492	0.00022	0.00796	0.00022	0.00928	0.00927	0.0	0.0	0.00795	0.00349	0.0	0.0	0.00022	0.00022	0.00022	0.00022	0.00022	0.00464	0.00869	0.00823	0.00499	0.00352	0.00637	0.00741	0.00884	0.00107	0.00543	0.00827	0.03548	0.00695	0.00022	0.0	0.00022	0.00672	0.34582	0.00446	0.00022	0.00473	0.00626	0.00022	0.0	0.0	0.01449	0.0066	0.00435	0.0	0.0	0.00637	0.01734	0.0	0.0	0.0	0.0	0.00523	0.00022	0.00322	0.03118	0.02664	0.0	0.0	0.0	0.0	0.01053	0.0	0.0	0.00464	0.0	0.0	0.0	0.0	0.0	0.00452	0.00537	0.00693	0.00022	0.00543	0.00022	0.0054	0.00065	0.00065	0.00473	0.00022	0.0	0.00022	0.0054	0.00022	0.00473	0.00543	0.00637	0.00637	0.00543	0.00706	0.0	0.00787	0.00492	0.00022	0.00349	0.00622	0.00022	0.00022	0.00676	0.01382	0.01608	0.00022	0.00637	0.00022	0.00022	0.00022	0.00281	
0.00024	8e-05	0.00024	6e-05	0.00013	0.0	5e-05	0.0	6e-05	6e-05	0.0	0.0	3e-05	0.00021	0.0	0.0	0.0	0.0	0.0	0.0	0.0	0.00014	8e-05	6e-05	0.00015	0.0002	9e-05	3e-05	8e-05	0.0	0.00012	6e-05	5e-05	4e-05	0.0	0.00022	0.0	4e-05	7e-05	0.00015	0.0	0.00014	6e-05	0.0	0.0	0.0	3e-05	4e-05	0.00015	0.0	0.0	9e-05	2e-05	0.0	0.0	0.0	0.0	0.00012	0.0	0.00025	3e-05	2e-05	0.0	0.0	0.0	0.0	2e-05	0.0	0.0	0.00011	0.0	0.0	0.0	0.0	0.0	0.00015	6e-05	9e-05	0.0	0.00012	0.0	0.00024	0.0	0.0	0.00014	0.0	0.0	0.0	0.00024	0.0	0.00014	0.00012	9e-05	9e-05	0.00012	9e-05	0.0	5e-05	0.00013	0.0	0.00021	0.00011	0.0	0.0	8e-05	6e-05	4e-05	0.0	9e-05	0.0	0.0	0.0	0.00027	
0.01394	0.02107	0.00628	0.02649	0.012	4e-05	0.02604	4e-05	0.02915	0.02913	0.0	0.0	0.0265	0.00735	0.0	0.0	4e-05	4e-05	4e-05	4e-05	4e-05	0.01103	0.0299	0.02726	0.01175	0.00744	0.01743	0.02443	0.02727	0.00124	0.01385	0.02501	0.05718	0.0222	4e-05	0.00672	4e-05	0.0	0.01688	0.01043	4e-05	0.4356	0.01916	4e-05	0.0	0.0	0.18552	0.02071	0.25099	0.0	0.0	0.01743	0.07059	0.0	0.0	0.0	0.0	0.01314	4e-05	0.00654	0.07923	0.06783	0.0	0.0	0.0	0.0	0.03773	0.0	0.0	0.01171	0.0	0.0	0.0	0.0	0.0	0.25043	0.01502	0.01958	4e-05	0.01385	4e-05	0.01349	0.00063	0.00063	0.4356	4e-05	0.0	4e-05	0.01349	4e-05	0.4356	0.01385	0.01743	0.01743	0.01385	0.0201	0.0	0.02533	0.012	4e-05	0.00735	0.18288	4e-05	4e-05	0.21587	0.07361	0.05731	4e-05	0.01743	4e-05	4e-05	4e-05	0.00542	
0.01166	0.30221	0.00543	0.3658	0.01005	7e-05	0.02054	7e-05	0.02319	0.02317	0.0	0.0	0.21167	0.00631	0.0	0.0	7e-05	7e-05	7e-05	7e-05	7e-05	0.00928	0.0233	0.37432	0.01009	0.00638	0.01428	0.01924	0.21175	0.0016	0.0115	0.02007	0.10359	0.01761	7e-05	0.34582	7e-05	0.01688	0.0	0.0088	7e-05	0.00955	0.44289	7e-05	0.0	0.0	0.04117	0.0165	0.00849	0.0	0.0	0.01428	0.09975	0.0	0.0	0.0	0.0	0.01094	7e-05	0.00565	0.05761	0.07156	0.0	0.0	0.0	0.0	0.02914	0.0	0.0	0.00993	0.0	0.0	0.0	0.0	0.0	0.00894	0.01232	0.01593	7e-05	0.0115	7e-05	0.01124	0.50028	0.50028	0.00955	7e-05	0.0	7e-05	0.01124	7e-05	0.00955	0.0115	0.01428	0.01428	0.0115	0.01633	0.0	0.02005	0.01005	7e-05	0.00631	0.0151	7e-05	7e-05	0.01544	0.0372	0.09209	7e-05	0.01428	7e-05	7e-05	7e-05	0.00472	
0.00806	0.263	0.00422	0.01329	0.00709	0.00015	0.01246	0.00015	0.16298	0.01437	0.0	0.0	0.0125	0.00479	0.0	0.0	0.00015	0.00015	0.00015	0.00015	0.00015	0.00663	0.01377	0.01292	0.0071	0.00484	0.00951	0.01163	0.01362	0.00114	0.00793	0.01269	0.02916	0.39106	0.00015	0.00446	0.00015	0.01043	0.0088	0.0	0.00015	0.00679	0.00963	0.00015	0.0	0.0	0.02337	0.01023	0.00616	0.0	0.0	0.00951	0.05701	0.0	0.0	0.0	0.0	0.00761	0.00015	0.00437	0.02772	0.03809	0.0	0.0	0.0	0.0	0.01685	0.0	0.0	0.00676	0.0	0.0	0.0	0.0	0.0	0.00641	0.00807	0.01043	0.00015	0.00793	0.00015	0.00782	0.00064	0.00064	0.00679	0.00015	0.0	0.00015	0.00782	0.00015	0.00679	0.00793	0.00951	0.00951	0.00793	0.01065	0.0	0.01227	0.00709	0.00015	0.00479	0.00953	0.00015	0.00015	0.01015	0.02193	0.06763	0.00015	0.00951	0.00015	0.00015	0.00015	0.00374	
0.00024	8e-05	0.00024	6e-05	0.00013	0.0	5e-05	0.0	6e-05	6e-05	0.0	0.0	3e-05	0.00021	0.0	0.0	0.0	0.0	0.0	0.0	0.0	0.00014	8e-05	6e-05	0.00015	0.0002	9e-05	3e-05	8e-05	0.0	0.00012	6e-05	5e-05	4e-05	0.0	0.00022	0.0	4e-05	7e-05	0.00015	0.0	0.00014	6e-05	0.0	0.0	0.0	3e-05	4e-05	0.00015	0.0	0.0	9e-05	2e-05	0.0	0.0	0.0	0.0	0.00012	0.0	0.00025	3e-05	2e-05	0.0	0.0	0.0	0.0	2e-05	0.0	0.0	0.00011	0.0	0.0	0.0	0.0	0.0	0.00015	6e-05	9e-05	0.0	0.00012	0.0	0.00024	0.0	0.0	0.00014	0.0	0.0	0.0	0.00024	0.0	0.00014	0.00012	9e-05	9e-05	0.00012	9e-05	0.0	5e-05	0.00013	0.0	0.00021	0.00011	0.0	0.0	8e-05	6e-05	4e-05	0.0	9e-05	0.0	0.0	0.0	0.00027	
0.00867	0.01199	0.00448	0.01447	0.00761	0.00014	0.01362	0.00014	0.01567	0.01566	0.0	0.0	0.01368	0.0051	0.0	0.0	0.00014	0.00014	0.00014	0.00014	0.00014	0.00711	0.01508	0.01412	0.00761	0.00515	0.01028	0.01271	0.01483	0.00116	0.00854	0.0138	0.06372	0.01181	0.00014	0.00473	0.00014	0.4356	0.00955	0.00679	0.00014	0.0	0.01049	0.00014	0.0	0.0	0.02571	0.01115	0.00659	0.0	0.0	0.01028	0.03153	0.0	0.0	0.0	0.0	0.00819	0.00014	0.00463	0.05654	0.04958	0.0	0.0	0.0	0.0	0.01851	0.0	0.0	0.00727	0.0	0.0	0.0	0.0	0.0	0.00686	0.00874	0.0113	0.00014	0.00854	0.00014	0.00841	0.00065	0.00065	0.99968	0.00014	0.0	0.00014	0.00841	0.00014	0.99968	0.00854	0.01028	0.01028	0.00854	0.01154	0.0	0.01339	0.00761	0.00014	0.0051	0.01036	0.00014	0.00014	0.35006	0.09276	0.0282	0.00014	0.01028	0.00014	0.00014	0.00014	0.00395	
0.01289	0.27503	0.00586	0.20467	0.01105	6e-05	0.02341	6e-05	0.0263	0.02628	0.0	0.0	0.19983	0.00684	0.0	0.0	6e-05	6e-05	6e-05	6e-05	6e-05	0.01018	0.12005	0.34771	0.44159	0.00692	0.01592	0.02195	0.19756	0.00173	0.01271	0.02264	0.08636	0.02001	6e-05	0.00626	6e-05	0.01916	0.44289	0.00963	6e-05	0.01049	0.0	6e-05	0.0	0.0	0.079	0.0187	0.00929	0.0	0.0	0.01592	0.10545	0.0	0.0	0.0	0.0	0.01208	6e-05	0.0061	0.05733	0.08809	0.0	0.0	0.0	0.0	0.0967	0.0	0.0	0.011	0.0	0.0	0.0	0.0	0.0	0.0098	0.01378	0.01783	6e-05	0.01271	6e-05	0.0124	0.33945	0.33945	0.01049	6e-05	0.0	6e-05	0.0124	6e-05	0.01049	0.01271	0.01592	0.01592	0.01271	0.01829	0.0	0.0228	0.01105	6e-05	0.00684	0.01704	6e-05	6e-05	0.19696	0.04276	0.14379	6e-05	0.01592	6e-05	6e-05	6e-05	0.00507	
0.00024	8e-05	0.00024	6e-05	0.00013	0.0	5e-05	0.0	6e-05	6e-05	0.0	0.0	3e-05	0.00021	0.0	0.0	0.0	0.0	0.0	0.0	0.0	0.00014	8e-05	6e-05	0.00015	0.0002	9e-05	3e-05	8e-05	0.0	0.00012	6e-05	5e-05	4e-05	0.0	0.00022	0.0	4e-05	7e-05	0.00015	0.0	0.00014	6e-05	0.0	0.0	0.0	3e-05	4e-05	0.00015	0.0	0.0	9e-05	2e-05	0.0	0.0	0.0	0.0	0.00012	0.0	0.00025	3e-05	2e-05	0.0	0.0	0.0	0.0	2e-05	0.0	0.0	0.00011	0.0	0.0	0.0	0.0	0.0	0.00015	6e-05	9e-05	0.0	0.00012	0.0	0.00024	0.0	0.0	0.00014	0.0	0.0	0.0	0.00024	0.0	0.00014	0.00012	9e-05	9e-05	0.00012	9e-05	0.0	5e-05	0.00013	0.0	0.00021	0.00011	0.0	0.0	8e-05	6e-05	4e-05	0.0	9e-05	0.0	0.0	0.0	0.00027	
0.0	0.0	0.0	0.0	0.0	0.0	0.0	0.0	0.0	0.0	0.0	0.0	0.0	0.0	0.0	0.0	0.0	0.0	0.0	0.0	0.0	0.0	0.0	0.0	0.0	0.0	0.0	0.0	0.0	0.0	0.0	0.0	0.0	0.0	0.0	0.0	0.0	0.0	0.0	0.0	0.0	0.0	0.0	0.0	0.0	0.0	0.0	0.0	0.0	0.0	0.0	0.0	0.0	0.0	0.0	0.0	0.0	0.0	0.0	0.0	0.0	0.0	0.0	0.0	0.0	0.0	0.0	0.0	0.0	0.0	0.0	0.0	0.0	0.0	0.0	0.0	0.0	0.0	0.0	0.0	0.0	0.0	0.0	0.0	0.0	0.0	0.0	0.0	0.0	0.0	0.0	0.0	0.0	0.0	0.0	0.0	0.0	0.0	0.0	0.0	0.0	0.0	0.0	0.0	0.0	0.0	0.0	0.0	0.0	0.0	0.0	0.0	0.0	
0.0	0.0	0.0	0.0	0.0	0.0	0.0	0.0	0.0	0.0	0.0	0.0	0.0	0.0	0.0	0.0	0.0	0.0	0.0	0.0	0.0	0.0	0.0	0.0	0.0	0.0	0.0	0.0	0.0	0.0	0.0	0.0	0.0	0.0	0.0	0.0	0.0	0.0	0.0	0.0	0.0	0.0	0.0	0.0	0.0	0.0	0.0	0.0	0.0	0.0	0.0	0.0	0.0	0.0	0.0	0.0	0.0	0.0	0.0	0.0	0.0	0.0	0.0	0.0	0.0	0.0	0.0	0.0	0.0	0.0	0.0	0.0	0.0	0.0	0.0	0.0	0.0	0.0	0.0	0.0	0.0	0.0	0.0	0.0	0.0	0.0	0.0	0.0	0.0	0.0	0.0	0.0	0.0	0.0	0.0	0.0	0.0	0.0	0.0	0.0	0.0	0.0	0.0	0.0	0.0	0.0	0.0	0.0	0.0	0.0	0.0	0.0	0.0	
0.10812	0.05169	0.01348	0.06738	0.0273	3e-05	0.02611	3e-05	0.07536	0.07529	0.0	0.0	0.06681	0.04802	0.0	0.0	3e-05	3e-05	3e-05	3e-05	3e-05	0.07693	0.11139	0.06236	0.07808	0.01617	0.0416	0.06369	0.06979	0.0039	0.03201	0.00825	0.03629	0.05674	3e-05	0.01449	3e-05	0.18552	0.04117	0.02337	3e-05	0.02571	0.079	3e-05	0.0	0.0	0.0	0.1802	0.24988	0.0	0.0	0.0416	0.09787	0.0	0.0	0.0	0.0	0.00893	3e-05	0.04212	0.1874	0.16665	0.0	0.0	0.0	0.0	0.08627	0.0	0.0	0.06527	0.0	0.0	0.0	0.0	0.0	0.26148	0.08666	0.04739	3e-05	0.03201	3e-05	0.09804	0.0021	0.0021	0.02571	3e-05	0.0	3e-05	0.09804	3e-05	0.02571	0.03201	0.0416	0.0416	0.03201	0.01268	0.0	0.02391	0.0273	3e-05	0.04802	0.30127	3e-05	3e-05	0.03794	0.01644	0.14126	3e-05	0.0416	3e-05	3e-05	3e-05	0.03421	
0.01748	0.02059	0.00617	0.02585	0.01176	4e-05	0.02538	4e-05	0.02843	0.02841	0.0	0.0	0.02582	0.17099	0.0	0.0	4e-05	4e-05	4e-05	4e-05	4e-05	0.43414	0.0291	0.02658	0.01155	0.0073	0.01705	0.0238	0.02661	0.00128	0.01356	0.15513	0.06411	0.02165	4e-05	0.0066	4e-05	0.02071	0.0165	0.01023	4e-05	0.01115	0.0187	4e-05	0.0	0.0	0.1802	0.0	0.00986	0.0	0.0	0.01705	0.14712	0.0	0.0	0.0	0.0	0.07292	4e-05	0.00642	0.12528	0.12639	0.0	0.0	0.0	0.0	0.14691	0.0	0.0	0.01149	0.0	0.0	0.0	0.0	0.0	0.0103	0.35092	0.01914	4e-05	0.01356	4e-05	0.01322	0.00067	0.00067	0.01115	4e-05	0.0	4e-05	0.01322	4e-05	0.01115	0.01356	0.01705	0.01705	0.01356	0.19571	0.0	0.02469	0.01176	4e-05	0.17099	0.01838	4e-05	4e-05	0.01851	0.06638	0.05572	4e-05	0.01705	4e-05	4e-05	4e-05	0.11788	
0.00782	0.01068	0.00412	0.01282	0.00687	0.00015	0.012	0.00015	0.01386	0.01385	0.0	0.0	0.01203	0.00467	0.0	0.0	0.00015	0.00015	0.00015	0.00015	0.00015	0.00644	0.01324	0.01244	0.0069	0.00471	0.0092	0.01119	0.01314	0.00113	0.00769	0.01224	0.0554	0.01043	0.00015	0.00435	0.00015	0.25099	0.00849	0.00616	0.00015	0.00659	0.00929	0.00015	0.0	0.0	0.24988	0.00986	0.0	0.0	0.0	0.0092	0.02733	0.0	0.0	0.0	0.0	0.00738	0.00015	0.00426	0.0266	0.0427	0.0	0.0	0.0	0.0	0.0162	0.0	0.0	0.00655	0.0	0.0	0.0	0.0	0.0	0.99968	0.0078	0.01008	0.00015	0.00769	0.00015	0.00758	0.00064	0.00064	0.00659	0.00015	0.0	0.00015	0.00758	0.00015	0.00659	0.00769	0.0092	0.0092	0.00769	0.01029	0.0	0.01182	0.00687	0.00015	0.00467	0.43779	0.00015	0.00015	0.00981	0.02109	0.02469	0.00015	0.0092	0.00015	0.00015	0.00015	0.00365	
0.0	0.0	0.0	0.0	0.0	0.0	0.0	0.0	0.0	0.0	0.0	0.0	0.0	0.0	0.0	0.0	0.0	0.0	0.0	0.0	0.0	0.0	0.0	0.0	0.0	0.0	0.0	0.0	0.0	0.0	0.0	0.0	0.0	0.0	0.0	0.0	0.0	0.0	0.0	0.0	0.0	0.0	0.0	0.0	0.0	0.0	0.0	0.0	0.0	0.0	0.0	0.0	0.0	0.0	0.0	0.0	0.0	0.0	0.0	0.0	0.0	0.0	0.0	0.0	0.0	0.0	0.0	0.0	0.0	0.0	0.0	0.0	0.0	0.0	0.0	0.0	0.0	0.0	0.0	0.0	0.0	0.0	0.0	0.0	0.0	0.0	0.0	0.0	0.0	0.0	0.0	0.0	0.0	0.0	0.0	0.0	0.0	0.0	0.0	0.0	0.0	0.0	0.0	0.0	0.0	0.0	0.0	0.0	0.0	0.0	0.0	0.0	0.0	
0.0	0.0	0.0	0.0	0.0	0.0	0.0	0.0	0.0	0.0	0.0	0.0	0.0	0.0	0.0	0.0	0.0	0.0	0.0	0.0	0.0	0.0	0.0	0.0	0.0	0.0	0.0	0.0	0.0	0.0	0.0	0.0	0.0	0.0	0.0	0.0	0.0	0.0	0.0	0.0	0.0	0.0	0.0	0.0	0.0	0.0	0.0	0.0	0.0	0.0	0.0	0.0	0.0	0.0	0.0	0.0	0.0	0.0	0.0	0.0	0.0	0.0	0.0	0.0	0.0	0.0	0.0	0.0	0.0	0.0	0.0	0.0	0.0	0.0	0.0	0.0	0.0	0.0	0.0	0.0	0.0	0.0	0.0	0.0	0.0	0.0	0.0	0.0	0.0	0.0	0.0	0.0	0.0	0.0	0.0	0.0	0.0	0.0	0.0	0.0	0.0	0.0	0.0	0.0	0.0	0.0	0.0	0.0	0.0	0.0	0.0	0.0	0.0	
0.01246	0.0179	0.00599	0.022	0.01079	9e-05	0.0211	9e-05	0.32349	0.32392	0.0	0.0	0.02131	0.00692	0.0	0.0	9e-05	9e-05	9e-05	9e-05	9e-05	0.01001	0.29852	0.56031	0.01087	0.00699	0.99978	0.55708	0.36201	0.0	0.01227	0.4211	0.05139	0.61827	9e-05	0.00637	9e-05	0.01743	0.01428	0.00951	9e-05	0.01028	0.01592	9e-05	0.0	0.0	0.0416	0.01705	0.0092	0.0	0.0	0.0	0.05232	0.0	0.0	0.0	0.0	0.01171	9e-05	0.00622	0.09417	0.07183	0.0	0.0	0.0	0.0	0.02953	0.0	0.0	0.01059	0.0	0.0	0.0	0.0	0.0	0.00966	0.01297	0.01675	9e-05	0.01227	9e-05	0.01201	0.00099	0.00099	0.01028	9e-05	0.0	9e-05	0.01201	9e-05	0.01028	0.01227	0.99978	0.99978	0.01227	0.01715	0.0	0.02065	0.01079	9e-05	0.00692	0.01568	9e-05	9e-05	0.01625	0.03796	0.12411	9e-05	0.99978	9e-05	9e-05	9e-05	0.00523	
0.07984	0.07264	0.01608	0.04363	0.03358	2e-05	0.06028	2e-05	0.03827	0.09891	0.0	0.0	0.06331	0.04378	0.0	0.0	2e-05	2e-05	2e-05	2e-05	2e-05	0.06106	0.12673	0.12469	0.03309	0.04439	0.05232	0.08471	0.04392	0.00497	0.03972	0.02805	0.00309	0.0915	2e-05	0.01734	2e-05	0.07059	0.09975	0.05701	2e-05	0.03153	0.10545	2e-05	0.0	0.0	0.09787	0.14712	0.02733	0.0	0.0	0.05232	0.0	0.0	0.0	0.0	0.0	0.03886	2e-05	0.03295	0.29413	0.11356	0.0	0.0	0.0	0.0	0.08504	0.0	0.0	0.08066	0.0	0.0	0.0	0.0	0.0	0.02786	0.07573	0.03143	2e-05	0.03972	2e-05	0.0781	0.00971	0.00971	0.03153	2e-05	0.0	2e-05	0.0781	2e-05	0.03153	0.03972	0.05232	0.05232	0.03972	0.02495	0.0	0.05293	0.03358	2e-05	0.04378	0.09095	2e-05	2e-05	0.05785	0.00118	0.02079	2e-05	0.05232	2e-05	2e-05	2e-05	0.03086	
0.0	0.0	0.0	0.0	0.0	0.0	0.0	0.0	0.0	0.0	0.0	0.0	0.0	0.0	0.0	0.0	0.0	0.0	0.0	0.0	0.0	0.0	0.0	0.0	0.0	0.0	0.0	0.0	0.0	0.0	0.0	0.0	0.0	0.0	0.0	0.0	0.0	0.0	0.0	0.0	0.0	0.0	0.0	0.0	0.0	0.0	0.0	0.0	0.0	0.0	0.0	0.0	0.0	0.0	0.0	0.0	0.0	0.0	0.0	0.0	0.0	0.0	0.0	0.0	0.0	0.0	0.0	0.0	0.0	0.0	0.0	0.0	0.0	0.0	0.0	0.0	0.0	0.0	0.0	0.0	0.0	0.0	0.0	0.0	0.0	0.0	0.0	0.0	0.0	0.0	0.0	0.0	0.0	0.0	0.0	0.0	0.0	0.0	0.0	0.0	0.0	0.0	0.0	0.0	0.0	0.0	0.0	0.0	0.0	0.0	0.0	0.0	0.0	
0.0	0.0	0.0	0.0	0.0	0.0	0.0	0.0	0.0	0.0	0.0	0.0	0.0	0.0	0.0	0.0	0.0	0.0	0.0	0.0	0.0	0.0	0.0	0.0	0.0	0.0	0.0	0.0	0.0	0.0	0.0	0.0	0.0	0.0	0.0	0.0	0.0	0.0	0.0	0.0	0.0	0.0	0.0	0.0	0.0	0.0	0.0	0.0	0.0	0.0	0.0	0.0	0.0	0.0	0.0	0.0	0.0	0.0	0.0	0.0	0.0	0.0	0.0	0.0	0.0	0.0	0.0	0.0	0.0	0.0	0.0	0.0	0.0	0.0	0.0	0.0	0.0	0.0	0.0	0.0	0.0	0.0	0.0	0.0	0.0	0.0	0.0	0.0	0.0	0.0	0.0	0.0	0.0	0.0	0.0	0.0	0.0	0.0	0.0	0.0	0.0	0.0	0.0	0.0	0.0	0.0	0.0	0.0	0.0	0.0	0.0	0.0	0.0	
0.0	0.0	0.0	0.0	0.0	0.0	0.0	0.0	0.0	0.0	0.0	0.0	0.0	0.0	0.0	0.0	0.0	0.0	0.0	0.0	0.0	0.0	0.0	0.0	0.0	0.0	0.0	0.0	0.0	0.0	0.0	0.0	0.0	0.0	0.0	0.0	0.0	0.0	0.0	0.0	0.0	0.0	0.0	0.0	0.0	0.0	0.0	0.0	0.0	0.0	0.0	0.0	0.0	0.0	0.0	0.0	0.0	0.0	0.0	0.0	0.0	0.0	0.0	0.0	0.0	0.0	0.0	0.0	0.0	0.0	0.0	0.0	0.0	0.0	0.0	0.0	0.0	0.0	0.0	0.0	0.0	0.0	0.0	0.0	0.0	0.0	0.0	0.0	0.0	0.0	0.0	0.0	0.0	0.0	0.0	0.0	0.0	0.0	0.0	0.0	0.0	0.0	0.0	0.0	0.0	0.0	0.0	0.0	0.0	0.0	0.0	0.0	0.0	
0.0	0.0	0.0	0.0	0.0	0.0	0.0	0.0	0.0	0.0	0.0	0.0	0.0	0.0	0.0	0.0	0.0	0.0	0.0	0.0	0.0	0.0	0.0	0.0	0.0	0.0	0.0	0.0	0.0	0.0	0.0	0.0	0.0	0.0	0.0	0.0	0.0	0.0	0.0	0.0	0.0	0.0	0.0	0.0	0.0	0.0	0.0	0.0	0.0	0.0	0.0	0.0	0.0	0.0	0.0	0.0	0.0	0.0	0.0	0.0	0.0	0.0	0.0	0.0	0.0	0.0	0.0	0.0	0.0	0.0	0.0	0.0	0.0	0.0	0.0	0.0	0.0	0.0	0.0	0.0	0.0	0.0	0.0	0.0	0.0	0.0	0.0	0.0	0.0	0.0	0.0	0.0	0.0	0.0	0.0	0.0	0.0	0.0	0.0	0.0	0.0	0.0	0.0	0.0	0.0	0.0	0.0	0.0	0.0	0.0	0.0	0.0	0.0	
0.00979	0.01373	0.00494	0.01667	0.00857	0.00012	0.01579	0.00012	0.03046	0.01809	0.0	0.0	0.01589	0.34046	0.0	0.0	0.00012	0.00012	0.00012	0.00012	0.00012	0.00798	0.01757	0.0164	0.00854	0.00571	0.01171	0.01474	0.0171	0.00121	0.00966	0.01588	0.03755	0.01366	0.00012	0.00523	0.00012	0.01314	0.01094	0.00761	0.00012	0.00819	0.01208	0.00012	0.0	0.0	0.00893	0.07292	0.00738	0.0	0.0	0.01171	0.03886	0.0	0.0	0.0	0.0	0.0	0.00012	0.00512	0.12263	0.02068	0.0	0.0	0.0	0.0	0.13186	0.0	0.0	0.00821	0.0	0.0	0.0	0.0	0.0	0.00768	0.00997	0.01291	0.00012	0.00966	0.00012	0.00949	0.00066	0.00066	0.00819	0.00012	0.0	0.00012	0.00949	0.00012	0.00819	0.00966	0.01171	0.01171	0.00966	0.0132	0.0	0.0155	0.00857	0.00012	0.34046	0.01193	0.00012	0.00012	0.01255	0.00815	0.03299	0.00012	0.01171	0.00012	0.00012	0.00012	0.00434	
0.00024	8e-05	0.00024	6e-05	0.00013	0.0	5e-05	0.0	6e-05	6e-05	0.0	0.0	3e-05	0.00021	0.0	0.0	0.0	0.0	0.0	0.0	0.0	0.00014	8e-05	6e-05	0.00015	0.0002	9e-05	3e-05	8e-05	0.0	0.00012	6e-05	5e-05	4e-05	0.0	0.00022	0.0	4e-05	7e-05	0.00015	0.0	0.00014	6e-05	0.0	0.0	0.0	3e-05	4e-05	0.00015	0.0	0.0	9e-05	2e-05	0.0	0.0	0.0	0.0	0.00012	0.0	0.00025	3e-05	2e-05	0.0	0.0	0.0	0.0	2e-05	0.0	0.0	0.00011	0.0	0.0	0.0	0.0	0.0	0.00015	6e-05	9e-05	0.0	0.00012	0.0	0.00024	0.0	0.0	0.00014	0.0	0.0	0.0	0.00024	0.0	0.00014	0.00012	9e-05	9e-05	0.00012	9e-05	0.0	5e-05	0.00013	0.0	0.00021	0.00011	0.0	0.0	8e-05	6e-05	4e-05	0.0	9e-05	0.0	0.0	0.0	0.00027	
