0.0	0.04922	0.03727	1e-05	1e-05	0.06855	0.06517	1e-05	1e-05	1e-05	1e-05	1e-05	0.07167	0.09523	0.07896	0.13991	0.08344	0.0	0.0	0.0	0.0	0.02032	0.07803	0.07935	0.10148	0.04917	0.05988	0.05414	0.14251	0.01832	1e-05	1e-05	0.01017	0.0	0.08822	0.07688	0.17206	0.11384	0.08861	0.04841	0.04599	0.17744	1e-05	1e-05	1e-05	1e-05	0.10029	0.08547	0.03502	1e-05	0.11027	0.14537	0.16929	0.0	0.0	0.0	0.0	0.09695	1e-05	1e-05	1e-05	1e-05	0.11304	0.04917	1e-05	1e-05	1e-05	1e-05	1e-05	0.0	0.04359	1e-05	1e-05	1e-05	1e-05	1e-05	1e-05	0.03727	0.102	0.0289	
0.04922	0.0	0.36792	3e-05	3e-05	0.10162	0.0444	3e-05	3e-05	3e-05	3e-05	3e-05	0.19788	0.19226	0.19448	0.32407	0.15508	0.0	0.0	0.0	0.0	0.0372	0.20748	0.03373	0.09142	0.23003	0.71761	0.17005	0.2966	0.15752	3e-05	3e-05	0.00049	0.0	0.0363	0.20586	0.05813	0.14132	0.12143	0.23171	0.1345	0.06987	3e-05	3e-05	3e-05	3e-05	0.22529	0.27508	0.33666	3e-05	0.18664	0.16732	0.26339	0.0	0.0	0.0	0.0	0.01434	3e-05	3e-05	3e-05	3e-05	0.31593	0.23003	3e-05	3e-05	3e-05	3e-05	3e-05	0.0	0.51888	3e-05	3e-05	3e-05	3e-05	3e-05	3e-05	0.36792	0.33309	0.15591	
0.03727	0.36792	0.0	0.00014	0.00014	0.02251	0.01874	0.00014	0.00014	0.00014	0.00014	0.00014	0.01838	0.03757	0.01957	0.03225	0.06969	0.0	0.0	0.0	0.0	0.05489	0.05482	0.01417	0.02278	0.01527	0.18131	0.07887	0.05462	0.06512	0.00014	0.00014	0.0005	0.0	0.04127	0.30502	0.02322	0.04486	0.06462	0.02885	0.03999	0.01981	0.00014	0.00014	0.00014	0.00014	0.02968	0.43468	0.0295	0.00014	0.04254	0.03605	0.09065	0.0	0.0	0.0	0.0	0.00764	0.00014	0.00014	0.00014	0.00014	0.62783	0.01527	0.00014	0.00014	0.00014	0.00014	0.00014	0.0	0.02545	0.00014	0.00014	0.00014	0.00014	0.00014	0.00014	0.99967	0.14376	0.20857	
1e-05	3e-05	0.00014	0.0	0.0	4e-05	9e-05	0.0	0.0	0.0	0.0	0.0	5e-05	1e-05	4e-05	1e-05	0.0	0.0	0.0	0.0	0.0	6e-05	1e-05	6e-05	4e-05	0.00012	4e-05	2e-05	0.0	5e-05	0.0	0.0	0.0	0.0	6e-05	3e-05	1e-05	3e-05	1e-05	3e-05	1e-05	8e-05	0.0	0.0	0.0	0.0	3e-05	2e-05	3e-05	0.0	1e-05	1e-05	1e-05	0.0	0.0	0.0	0.0	0.00023	0.0	0.0	0.0	0.0	6e-05	0.00012	0.0	0.0	0.0	0.0	0.0	0.0	3e-05	0.0	0.0	0.0	0.0	0.0	0.0	0.00014	3e-05	7e-05	
1e-05	3e-05	0.00014	0.0	0.0	4e-05	9e-05	0.0	0.0	0.0	0.0	0.0	5e-05	1e-05	4e-05	1e-05	0.0	0.0	0.0	0.0	0.0	6e-05	1e-05	6e-05	4e-05	0.00012	4e-05	2e-05	0.0	5e-05	0.0	0.0	0.0	0.0	6e-05	3e-05	1e-05	3e-05	1e-05	3e-05	1e-05	8e-05	0.0	0.0	0.0	0.0	3e-05	2e-05	3e-05	0.0	1e-05	1e-05	1e-05	0.0	0.0	0.0	0.0	0.00023	0.0	0.0	0.0	0.0	6e-05	0.00012	0.0	0.0	0.0	0.0	0.0	0.0	3e-05	0.0	0.0	0.0	0.0	0.0	0.0	0.00014	3e-05	7e-05	
0.06855	0.10162	0.02251	4e-05	4e-05	0.0	0.03722	4e-05	4e-05	4e-05	4e-05	4e-05	0.25359	0.36337	0.24587	0.13205	0.16066	0.0	0.0	0.0	0.0	0.06241	0.10229	0.29209	0.37997	0.31393	0.22665	0.30365	0.14503	0.04707	4e-05	4e-05	0.00027	0.0	0.18784	0.14678	0.25028	0.03623	0.12928	0.11203	0.09548	0.16087	4e-05	4e-05	4e-05	4e-05	0.10168	0.10964	0.07372	4e-05	0.15009	0.12523	0.15348	0.0	0.0	0.0	0.0	0.0124	4e-05	4e-05	4e-05	4e-05	0.02972	0.31393	4e-05	4e-05	4e-05	4e-05	4e-05	0.0	0.10235	4e-05	4e-05	4e-05	4e-05	4e-05	4e-05	0.02251	0.06937	0.05393	
0.06517	0.0444	0.01874	9e-05	9e-05	0.03722	0.0	9e-05	9e-05	9e-05	9e-05	9e-05	0.17535	0.16388	0.22916	0.04201	0.08343	0.0	0.0	0.0	0.0	0.0001	0.00903	0.0223	0.03758	0.02348	0.04369	0.02959	0.02859	0.00151	9e-05	9e-05	0.00041	0.0	0.06933	0.08353	0.20639	0.01955	0.09264	0.04905	0.19971	0.0313	9e-05	9e-05	9e-05	9e-05	0.01853	0.10489	0.01474	9e-05	0.01599	0.06361	0.06018	0.0	0.0	0.0	0.0	0.0109	9e-05	9e-05	9e-05	9e-05	0.02333	0.02348	9e-05	9e-05	9e-05	9e-05	9e-05	0.0	0.15984	9e-05	9e-05	9e-05	9e-05	9e-05	9e-05	0.01874	0.03047	0.04114	
1e-05	3e-05	0.00014	0.0	0.0	4e-05	9e-05	0.0	0.0	0.0	0.0	0.0	5e-05	1e-05	4e-05	1e-05	0.0	0.0	0.0	0.0	0.0	6e-05	1e-05	6e-05	4e-05	0.00012	4e-05	2e-05	0.0	5e-05	0.0	0.0	0.0	0.0	6e-05	3e-05	1e-05	3e-05	1e-05	3e-05	1e-05	8e-05	0.0	0.0	0.0	0.0	3e-05	2e-05	3e-05	0.0	1e-05	1e-05	1e-05	0.0	0.0	0.0	0.0	0.00023	0.0	0.0	0.0	0.0	6e-05	0.00012	0.0	0.0	0.0	0.0	0.0	0.0	3e-05	0.0	0.0	0.0	0.0	0.0	0.0	0.00014	3e-05	7e-05	
1e-05	3e-05	0.00014	0.0	0.0	4e-05	9e-05	0.0	0.0	0.0	0.0	0.0	5e-05	1e-05	4e-05	1e-05	0.0	0.0	0.0	0.0	0.0	6e-05	1e-05	6e-05	4e-05	0.00012	4e-05	2e-05	0.0	5e-05	0.0	0.0	0.0	0.0	6e-05	3e-05	1e-05	3e-05	1e-05	3e-05	1e-05	8e-05	0.0	0.0	0.0	0.0	3e-05	2e-05	3e-05	0.0	1e-05	1e-05	1e-05	0.0	0.0	0.0	0.0	0.00023	0.0	0.0	0.0	0.0	6e-05	0.00012	0.0	0.0	0.0	0.0	0.0	0.0	3e-05	0.0	0.0	0.0	0.0	0.0	0.0	0.00014	3e-05	7e-05	
1e-05	3e-05	0.00014	0.0	0.0	4e-05	9e-05	0.0	0.0	0.0	0.0	0.0	5e-05	1e-05	4e-05	1e-05	0.0	0.0	0.0	0.0	0.0	6e-05	1e-05	6e-05	4e-05	0.00012	4e-05	2e-05	0.0	5e-05	0.0	0.0	0.0	0.0	6e-05	3e-05	1e-05	3e-05	1e-05	3e-05	1e-05	8e-05	0.0	0.0	0.0	0.0	3e-05	2e-05	3e-05	0.0	1e-05	1e-05	1e-05	0.0	0.0	0.0	0.0	0.00023	0.0	0.0	0.0	0.0	6e-05	0.00012	0.0	0.0	0.0	0.0	0.0	0.0	3e-05	0.0	0.0	0.0	0.0	0.0	0.0	0.00014	3e-05	7e-05	
1e-05	3e-05	0.00014	0.0	0.0	4e-05	9e-05	0.0	0.0	0.0	0.0	0.0	5e-05	1e-05	4e-05	1e-05	0.0	0.0	0.0	0.0	0.0	6e-05	1e-05	6e-05	4e-05	0.00012	4e-05	2e-05	0.0	5e-05	0.0	0.0	0.0	0.0	6e-05	3e-05	1e-05	3e-05	1e-05	3e-05	1e-05	8e-05	0.0	0.0	0.0	0.0	3e-05	2e-05	3e-05	0.0	1e-05	1e-05	1e-05	0.0	0.0	0.0	0.0	0.00023	0.0	0.0	0.0	0.0	6e-05	0.00012	0.0	0.0	0.0	0.0	0.0	0.0	3e-05	0.0	0.0	0.0	0.0	0.0	0.0	0.00014	3e-05	7e-05	
1e-05	3e-05	0.00014	0.0	0.0	4e-05	9e-05	0.0	0.0	0.0	0.0	0.0	5e-05	1e-05	4e-05	1e-05	0.0	0.0	0.0	0.0	0.0	6e-05	1e-05	6e-05	4e-05	0.00012	4e-05	2e-05	0.0	5e-05	0.0	0.0	0.0	0.0	6e-05	3e-05	1e-05	3e-05	1e-05	3e-05	1e-05	8e-05	0.0	0.0	0.0	0.0	3e-05	2e-05	3e-05	0.0	1e-05	1e-05	1e-05	0.0	0.0	0.0	0.0	0.00023	0.0	0.0	0.0	0.0	6e-05	0.00012	0.0	0.0	0.0	0.0	0.0	0.0	3e-05	0.0	0.0	0.0	0.0	0.0	0.0	0.00014	3e-05	7e-05	
0.07167	0.19788	0.01838	5e-05	5e-05	0.25359	0.17535	5e-05	5e-05	5e-05	5e-05	5e-05	0.0	0.3373	0.41672	0.29336	0.20819	0.0	0.0	0.0	0.0	0.14037	0.14871	0.02267	0.24085	0.60089	0.35795	0.20783	0.19408	0.11574	5e-05	5e-05	0.00032	0.0	0.13213	0.10722	0.04123	0.08366	0.10375	0.20105	0.09405	0.03182	5e-05	5e-05	5e-05	5e-05	0.18663	0.02957	0.29929	5e-05	0.1077	0.07061	0.26705	0.0	0.0	0.0	0.0	0.01031	5e-05	5e-05	5e-05	5e-05	0.02377	0.60089	5e-05	5e-05	5e-05	5e-05	5e-05	0.0	0.5067	5e-05	5e-05	5e-05	5e-05	5e-05	5e-05	0.01838	0.12555	0.04255	
0.09523	0.19226	0.03757	1e-05	1e-05	0.36337	0.16388	1e-05	1e-05	1e-05	1e-05	1e-05	0.3373	0.0	0.35125	0.20132	0.19043	0.0	0.0	0.0	0.0	0.08262	0.15547	0.07124	0.19811	0.31419	0.30266	0.16751	0.19576	0.07075	1e-05	1e-05	0.00048	0.0	0.20027	0.12905	0.14555	0.10254	0.2392	0.18815	0.34139	0.0713	1e-05	1e-05	1e-05	1e-05	0.2041	0.20662	0.11996	1e-05	0.11979	0.0847	0.18046	0.0	0.0	0.0	0.0	0.01962	1e-05	1e-05	1e-05	1e-05	0.05267	0.31419	1e-05	1e-05	1e-05	1e-05	1e-05	0.0	0.21595	1e-05	1e-05	1e-05	1e-05	1e-05	1e-05	0.03757	0.13608	0.03279	
0.07896	0.19448	0.01957	4e-05	4e-05	0.24587	0.22916	4e-05	4e-05	4e-05	4e-05	4e-05	0.41672	0.35125	0.0	0.21544	0.21268	0.0	0.0	0.0	0.0	0.11454	0.1009	0.02435	0.23359	0.55692	0.34785	0.23963	0.2081	0.10968	4e-05	4e-05	0.00024	0.0	0.13355	0.11244	0.29557	0.11639	0.11544	0.19886	0.24707	0.03421	4e-05	4e-05	4e-05	4e-05	0.296	0.12221	0.16498	4e-05	0.16624	0.07799	0.19896	0.0	0.0	0.0	0.0	0.01089	4e-05	4e-05	4e-05	4e-05	0.02555	0.55692	4e-05	4e-05	4e-05	4e-05	4e-05	0.0	0.19958	4e-05	4e-05	4e-05	4e-05	4e-05	4e-05	0.01957	0.20521	0.04598	
0.13991	0.32407	0.03225	1e-05	1e-05	0.13205	0.04201	1e-05	1e-05	1e-05	1e-05	1e-05	0.29336	0.20132	0.21544	0.0	0.36169	0.0	0.0	0.0	0.0	0.05414	0.16637	0.04219	0.12256	0.23797	0.33859	0.15873	0.28766	0.18633	1e-05	1e-05	0.00614	0.0	0.17345	0.17234	0.1362	0.08221	0.1986	0.28961	0.15189	0.18571	1e-05	1e-05	1e-05	1e-05	0.23982	0.05931	0.35136	1e-05	0.12088	0.27595	0.28187	0.0	0.0	0.0	0.0	0.07679	1e-05	1e-05	1e-05	1e-05	0.0896	0.23797	1e-05	1e-05	1e-05	1e-05	1e-05	0.0	0.43557	1e-05	1e-05	1e-05	1e-05	1e-05	1e-05	0.03225	0.26487	0.15394	
0.08344	0.15508	0.06969	0.0	0.0	0.16066	0.08343	0.0	0.0	0.0	0.0	0.0	0.20819	0.19043	0.21268	0.36169	0.0	0.0	0.0	0.0	0.0	0.08806	0.13453	0.09518	0.1741	0.20532	0.16607	0.17019	0.34866	0.0271	0.0	0.0	0.00078	0.0	0.06133	0.09944	0.1304	0.23698	0.09612	0.17337	0.13961	0.0231	0.0	0.0	0.0	0.0	0.12582	0.09766	0.13105	0.0	0.09451	0.25079	0.20037	0.0	0.0	0.0	0.0	0.02408	0.0	0.0	0.0	0.0	0.08199	0.20532	0.0	0.0	0.0	0.0	0.0	0.0	0.14053	0.0	0.0	0.0	0.0	0.0	0.0	0.06969	0.12552	0.1431	
0.0	0.0	0.0	0.0	0.0	0.0	0.0	0.0	0.0	0.0	0.0	0.0	0.0	0.0	0.0	0.0	0.0	0.0	0.0	0.0	0.0	0.0	0.0	0.0	0.0	0.0	0.0	0.0	0.0	0.0	0.0	0.0	0.0	0.0	0.0	0.0	0.0	0.0	0.0	0.0	0.0	0.0	0.0	0.0	0.0	0.0	0.0	0.0	0.0	0.0	0.0	0.0	0.0	0.0	0.0	0.0	0.0	0.0	0.0	0.0	0.0	0.0	0.0	0.0	0.0	0.0	0.0	0.0	0.0	0.0	0.0	0.0	0.0	0.0	0.0	0.0	0.0	0.0	0.0	0.0	
0.0	0.0	0.0	0.0	0.0	0.0	0.0	0.0	0.0	0.0	0.0	0.0	0.0	0.0	0.0	0.0	0.0	0.0	0.0	0.0	0.0	0.0	0.0	0.0	0.0	0.0	0.0	0.0	0.0	0.0	0.0	0.0	0.0	0.0	0.0	0.0	0.0	0.0	0.0	0.0	0.0	0.0	0.0	0.0	0.0	0.0	0.0	0.0	0.0	0.0	0.0	0.0	0.0	0.0	0.0	0.0	0.0	0.0	0.0	0.0	0.0	0.0	0.0	0.0	0.0	0.0	0.0	0.0	0.0	0.0	0.0	0.0	0.0	0.0	0.0	0.0	0.0	0.0	0.0	0.0	
0.0	0.0	0.0	0.0	0.0	0.0	0.0	0.0	0.0	0.0	0.0	0.0	0.0	0.0	0.0	0.0	0.0	0.0	0.0	0.0	0.0	0.0	0.0	0.0	0.0	0.0	0.0	0.0	0.0	0.0	0.0	0.0	0.0	0.0	0.0	0.0	0.0	0.0	0.0	0.0	0.0	0.0	0.0	0.0	0.0	0.0	0.0	0.0	0.0	0.0	0.0	0.0	0.0	0.0	0.0	0.0	0.0	0.0	0.0	0.0	0.0	0.0	0.0	0.0	0.0	0.0	0.0	0.0	0.0	0.0	0.0	0.0	0.0	0.0	0.0	0.0	0.0	0.0	0.0	0.0	
0.0	0.0	0.0	0.0	0.0	0.0	0.0	0.0	0.0	0.0	0.0	0.0	0.0	0.0	0.0	0.0	0.0	0.0	0.0	0.0	0.0	0.0	0.0	0.0	0.0	0.0	0.0	0.0	0.0	0.0	0.0	0.0	0.0	0.0	0.0	0.0	0.0	0.0	0.0	0.0	0.0	0.0	0.0	0.0	0.0	0.0	0.0	0.0	0.0	0.0	0.0	0.0	0.0	0.0	0.0	0.0	0.0	0.0	0.0	0.0	0.0	0.0	0.0	0.0	0.0	0.0	0.0	0.0	0.0	0.0	0.0	0.0	0.0	0.0	0.0	0.0	0.0	0.0	0.0	0.0	
0.02032	0.0372	0.05489	6e-05	6e-05	0.06241	0.0001	6e-05	6e-05	6e-05	6e-05	6e-05	0.14037	0.08262	0.11454	0.05414	0.08806	0.0	0.0	0.0	0.0	0.0	0.14449	0.0964	0.1907	0.09821	0.14586	0.18627	0.21237	0.06044	6e-05	6e-05	0.0009	0.0	0.00365	0.03315	0.12686	0.16178	0.05267	0.05195	0.12707	0.00039	6e-05	6e-05	6e-05	6e-05	0.08915	0.09621	0.03116	6e-05	0.03718	0.06667	0.0575	0.0	0.0	0.0	0.0	0.02952	6e-05	6e-05	6e-05	6e-05	0.07403	0.09821	6e-05	6e-05	6e-05	6e-05	6e-05	0.0	0.04455	6e-05	6e-05	6e-05	6e-05	6e-05	6e-05	0.05489	0.09959	9e-05	
0.07803	0.20748	0.05482	1e-05	1e-05	0.10229	0.00903	1e-05	1e-05	1e-05	1e-05	1e-05	0.14871	0.15547	0.1009	0.16637	0.13453	0.0	0.0	0.0	0.0	0.14449	0.0	0.19532	0.19362	0.09477	0.12608	0.22861	0.24026	0.23322	1e-05	1e-05	0.00096	0.0	0.02819	0.18066	0.12874	0.26197	0.08793	0.09064	0.28852	0.14283	1e-05	1e-05	1e-05	1e-05	0.14547	0.11402	0.28884	1e-05	0.08946	0.23902	0.15642	0.0	0.0	0.0	0.0	0.02797	1e-05	1e-05	1e-05	1e-05	0.07892	0.09477	1e-05	1e-05	1e-05	1e-05	1e-05	0.0	0.26938	1e-05	1e-05	1e-05	1e-05	1e-05	1e-05	0.05482	0.05974	0.07195	
0.07935	0.03373	0.01417	6e-05	6e-05	0.29209	0.0223	6e-05	6e-05	6e-05	6e-05	6e-05	0.02267	0.07124	0.02435	0.04219	0.09518	0.0	0.0	0.0	0.0	0.0964	0.19532	0.0	0.14271	0.01778	0.03321	0.12707	0.07437	0.08036	6e-05	6e-05	0.00021	0.0	0.0522	0.06958	0.28056	0.05792	0.07311	0.03725	0.06956	0.19314	6e-05	6e-05	6e-05	6e-05	0.09258	0.02143	0.03732	6e-05	0.056	0.14841	0.05424	0.0	0.0	0.0	0.0	0.00821	6e-05	6e-05	6e-05	6e-05	0.01772	0.01778	6e-05	6e-05	6e-05	6e-05	6e-05	0.0	0.03227	6e-05	6e-05	6e-05	6e-05	6e-05	6e-05	0.01417	0.05827	0.03116	
0.10148	0.09142	0.02278	4e-05	4e-05	0.37997	0.03758	4e-05	4e-05	4e-05	4e-05	4e-05	0.24085	0.19811	0.23359	0.12256	0.1741	0.0	0.0	0.0	0.0	0.1907	0.19362	0.14271	0.0	0.29796	0.21574	0.42392	0.24586	0.13518	4e-05	4e-05	0.00033	0.0	0.07808	0.0416	0.13053	0.1348	0.08041	0.10228	0.11185	0.03717	4e-05	4e-05	4e-05	4e-05	0.09205	0.0379	0.06319	4e-05	0.16442	0.09204	0.14443	0.0	0.0	0.0	0.0	0.01257	4e-05	4e-05	4e-05	4e-05	0.02999	0.29796	4e-05	4e-05	4e-05	4e-05	4e-05	0.0	0.09186	4e-05	4e-05	4e-05	4e-05	4e-05	4e-05	0.02278	0.06059	0.05438	
0.04917	0.23003	0.01527	0.00012	0.00012	0.31393	0.02348	0.00012	0.00012	0.00012	0.00012	0.00012	0.60089	0.31419	0.55692	0.23797	0.20532	0.0	0.0	0.0	0.0	0.09821	0.09477	0.01778	0.29796	0.0	0.43881	0.20332	0.17922	0.08186	0.00012	0.00012	0.0003	0.0	0.13859	0.09495	0.02982	0.05868	0.06866	0.22693	0.05303	0.02489	0.00012	0.00012	0.00012	0.00012	0.20777	0.02196	0.19172	0.00012	0.09864	0.04776	0.23325	0.0	0.0	0.0	0.0	0.00911	0.00012	0.00012	0.00012	0.00012	0.01857	0.99973	0.00012	0.00012	0.00012	0.00012	0.00012	0.0	0.24122	0.00012	0.00012	0.00012	0.00012	0.00012	0.00012	0.01527	0.11687	0.03233	
0.05988	0.71761	0.18131	4e-05	4e-05	0.22665	0.04369	4e-05	4e-05	4e-05	4e-05	4e-05	0.35795	0.30266	0.34785	0.33859	0.16607	0.0	0.0	0.0	0.0	0.14586	0.12608	0.03321	0.21574	0.43881	0.0	0.23035	0.30836	0.0584	4e-05	4e-05	0.00049	0.0	0.14786	0.21899	0.06161	0.13939	0.13197	0.24572	0.13304	0.08626	4e-05	4e-05	4e-05	4e-05	0.23913	0.15005	0.20321	4e-05	0.0968	0.17836	0.38962	0.0	0.0	0.0	0.0	0.01407	4e-05	4e-05	4e-05	4e-05	0.16369	0.43881	4e-05	4e-05	4e-05	4e-05	4e-05	0.0	0.34972	4e-05	4e-05	4e-05	4e-05	4e-05	4e-05	0.18131	0.47713	0.04472	
0.05414	0.17005	0.07887	2e-05	2e-05	0.30365	0.02959	2e-05	2e-05	2e-05	2e-05	2e-05	0.20783	0.16751	0.23963	0.15873	0.17019	0.0	0.0	0.0	0.0	0.18627	0.22861	0.12707	0.42392	0.20332	0.23035	0.0	0.21289	0.10398	2e-05	2e-05	0.00188	0.0	0.03199	0.0639	0.20656	0.31404	0.09636	0.13287	0.15298	0.06408	2e-05	2e-05	2e-05	2e-05	0.06552	0.12768	0.12136	2e-05	0.05863	0.0691	0.15142	0.0	0.0	0.0	0.0	0.04095	2e-05	2e-05	2e-05	2e-05	0.11083	0.20332	2e-05	2e-05	2e-05	2e-05	2e-05	0.0	0.13399	2e-05	2e-05	2e-05	2e-05	2e-05	2e-05	0.07887	0.21143	0.03714	
0.14251	0.2966	0.05462	0.0	0.0	0.14503	0.02859	0.0	0.0	0.0	0.0	0.0	0.19408	0.19576	0.2081	0.28766	0.34866	0.0	0.0	0.0	0.0	0.21237	0.24026	0.07437	0.24586	0.17922	0.30836	0.21289	0.0	0.06562	0.0	0.0	0.00121	0.0	0.27238	0.1292	0.18199	0.49579	0.17774	0.21305	0.2015	0.17827	0.0	0.0	0.0	0.0	0.20511	0.10088	0.1994	0.0	0.21405	0.24912	0.20053	0.0	0.0	0.0	0.0	0.03079	0.0	0.0	0.0	0.0	0.075	0.17922	0.0	0.0	0.0	0.0	0.0	0.0	0.29243	0.0	0.0	0.0	0.0	0.0	0.0	0.05462	0.25647	0.07352	
0.01832	0.15752	0.06512	5e-05	5e-05	0.04707	0.00151	5e-05	5e-05	5e-05	5e-05	5e-05	0.11574	0.07075	0.10968	0.18633	0.0271	0.0	0.0	0.0	0.0	0.06044	0.23322	0.08036	0.13518	0.08186	0.0584	0.10398	0.06562	0.0	5e-05	5e-05	0.00134	0.0	0.00183	0.0436	0.11735	0.11632	0.05557	0.10607	0.08831	0.11659	5e-05	5e-05	5e-05	5e-05	0.04233	0.11589	0.21884	5e-05	0.04563	0.03822	0.03102	0.0	0.0	0.0	0.0	0.03343	5e-05	5e-05	5e-05	5e-05	0.07978	0.08186	5e-05	5e-05	5e-05	5e-05	5e-05	0.0	0.18347	5e-05	5e-05	5e-05	5e-05	5e-05	5e-05	0.06512	0.0121	0.03974	
1e-05	3e-05	0.00014	0.0	0.0	4e-05	9e-05	0.0	0.0	0.0	0.0	0.0	5e-05	1e-05	4e-05	1e-05	0.0	0.0	0.0	0.0	0.0	6e-05	1e-05	6e-05	4e-05	0.00012	4e-05	2e-05	0.0	5e-05	0.0	0.0	0.0	0.0	6e-05	3e-05	1e-05	3e-05	1e-05	3e-05	1e-05	8e-05	0.0	0.0	0.0	0.0	3e-05	2e-05	3e-05	0.0	1e-05	1e-05	1e-05	0.0	0.0	0.0	0.0	0.00023	0.0	0.0	0.0	0.0	6e-05	0.00012	0.0	0.0	0.0	0.0	0.0	0.0	3e-05	0.0	0.0	0.0	0.0	0.0	0.0	0.00014	3e-05	7e-05	
1e-05	3e-05	0.00014	0.0	0.0	4e-05	9e-05	0.0	0.0	0.0	0.0	0.0	5e-05	1e-05	4e-05	1e-05	0.0	0.0	0.0	0.0	0.0	6e-05	1e-05	6e-05	4e-05	0.00012	4e-05	2e-05	0.0	5e-05	0.0	0.0	0.0	0.0	6e-05	3e-05	1e-05	3e-05	1e-05	3e-05	1e-05	8e-05	0.0	0.0	0.0	0.0	3e-05	2e-05	3e-05	0.0	1e-05	1e-05	1e-05	0.0	0.0	0.0	0.0	0.00023	0.0	0.0	0.0	0.0	6e-05	0.00012	0.0	0.0	0.0	0.0	0.0	0.0	3e-05	0.0	0.0	0.0	0.0	0.0	0.0	0.00014	3e-05	7e-05	
0.01017	0.00049	0.0005	0.0	0.0	0.00027	0.00041	0.0	0.0	0.0	0.0	0.0	0.00032	0.00048	0.00024	0.00614	0.00078	0.0	0.0	0.0	0.0	0.0009	0.00096	0.00021	0.00033	0.0003	0.00049	0.00188	0.00121	0.00134	0.0	0.0	0.0	0.0	0.00265	0.00162	0.0003	0.00241	0.00109	0.00042	0.00064	0.00047	0.0	0.0	0.0	0.0	0.00043	0.00028	0.00054	0.0	0.00069	0.00056	0.00087	0.0	0.0	0.0	0.0	0.0	0.0	0.0	0.0	0.0	0.14144	0.0003	0.0	0.0	0.0	0.0	0.0	0.0	0.00047	0.0	0.0	0.0	0.0	0.0	0.0	0.0005	0.00218	0.00059	
0.0	0.0	0.0	0.0	0.0	0.0	0.0	0.0	0.0	0.0	0.0	0.0	0.0	0.0	0.0	0.0	0.0	0.0	0.0	0.0	0.0	0.0	0.0	0.0	0.0	0.0	0.0	0.0	0.0	0.0	0.0	0.0	0.0	0.0	0.0	0.0	0.0	0.0	0.0	0.0	0.0	0.0	0.0	0.0	0.0	0.0	0.0	0.0	0.0	0.0	0.0	0.0	0.0	0.0	0.0	0.0	0.0	0.0	0.0	0.0	0.0	0.0	0.0	0.0	0.0	0.0	0.0	0.0	0.0	0.0	0.0	0.0	0.0	0.0	0.0	0.0	0.0	0.0	0.0	0.0	
0.08822	0.0363	0.04127	6e-05	6e-05	0.18784	0.06933	6e-05	6e-05	6e-05	6e-05	6e-05	0.13213	0.20027	0.13355	0.17345	0.06133	0.0	0.0	0.0	0.0	0.00365	0.02819	0.0522	0.07808	0.13859	0.14786	0.03199	0.27238	0.00183	6e-05	6e-05	0.00265	0.0	0.0	0.21595	0.09198	0.0843	0.02521	0.08376	0.05296	0.07444	6e-05	6e-05	6e-05	6e-05	0.04982	0.08915	0.0243	6e-05	0.07317	0.03295	0.19969	0.0	0.0	0.0	0.0	0.05456	6e-05	6e-05	6e-05	6e-05	0.07459	0.13859	6e-05	6e-05	6e-05	6e-05	6e-05	0.0	0.03169	6e-05	6e-05	6e-05	6e-05	6e-05	6e-05	0.04127	0.12383	0.10255	
0.07688	0.20586	0.30502	3e-05	3e-05	0.14678	0.08353	3e-05	3e-05	3e-05	3e-05	3e-05	0.10722	0.12905	0.11244	0.17234	0.09944	0.0	0.0	0.0	0.0	0.03315	0.18066	0.06958	0.0416	0.09495	0.21899	0.0639	0.1292	0.0436	3e-05	3e-05	0.00162	0.0	0.21595	0.0	0.12461	0.10244	0.08253	0.08894	0.10965	0.09025	3e-05	3e-05	3e-05	3e-05	0.1003	0.28539	0.03257	3e-05	0.05887	0.1521	0.23208	0.0	0.0	0.0	0.0	0.03682	3e-05	3e-05	3e-05	3e-05	0.30059	0.09495	3e-05	3e-05	3e-05	3e-05	3e-05	0.0	0.04136	3e-05	3e-05	3e-05	3e-05	3e-05	3e-05	0.30502	0.17536	0.18228	
0.17206	0.05813	0.02322	1e-05	1e-05	0.25028	0.20639	1e-05	1e-05	1e-05	1e-05	1e-05	0.04123	0.14555	0.29557	0.1362	0.1304	0.0	0.0	0.0	0.0	0.12686	0.12874	0.28056	0.13053	0.02982	0.06161	0.20656	0.18199	0.11735	1e-05	1e-05	0.0003	0.0	0.09198	0.12461	0.0	0.28592	0.13784	0.07987	0.27206	0.37877	1e-05	1e-05	1e-05	1e-05	0.21029	0.11941	0.05665	1e-05	0.14392	0.24442	0.0686	0.0	0.0	0.0	0.0	0.01263	1e-05	1e-05	1e-05	1e-05	0.03095	0.02982	1e-05	1e-05	1e-05	1e-05	1e-05	0.0	0.05506	1e-05	1e-05	1e-05	1e-05	1e-05	1e-05	0.02322	0.13562	0.0575	
0.11384	0.14132	0.04486	3e-05	3e-05	0.03623	0.01955	3e-05	3e-05	3e-05	3e-05	3e-05	0.08366	0.10254	0.11639	0.08221	0.23698	0.0	0.0	0.0	0.0	0.16178	0.26197	0.05792	0.1348	0.05868	0.13939	0.31404	0.49579	0.11632	3e-05	3e-05	0.00241	0.0	0.0843	0.10244	0.28592	0.0	0.05517	0.09811	0.21217	0.08374	3e-05	3e-05	3e-05	3e-05	0.02944	0.11327	0.15347	3e-05	0.07464	0.13307	0.07981	0.0	0.0	0.0	0.0	0.04911	3e-05	3e-05	3e-05	3e-05	0.07583	0.05868	3e-05	3e-05	3e-05	3e-05	3e-05	0.0	0.13217	3e-05	3e-05	3e-05	3e-05	3e-05	3e-05	0.04486	0.11365	0.09505	
0.08861	0.12143	0.06462	1e-05	1e-05	0.12928	0.09264	1e-05	1e-05	1e-05	1e-05	1e-05	0.10375	0.2392	0.11544	0.1986	0.09612	0.0	0.0	0.0	0.0	0.05267	0.08793	0.07311	0.08041	0.06866	0.13197	0.09636	0.17774	0.05557	1e-05	1e-05	0.00109	0.0	0.02521	0.08253	0.13784	0.05517	0.0	0.20986	0.09229	0.10035	1e-05	1e-05	1e-05	1e-05	0.19347	0.09866	0.11165	1e-05	0.22412	0.2152	0.0635	0.0	0.0	0.0	0.0	0.02636	1e-05	1e-05	1e-05	1e-05	0.07966	0.06866	1e-05	1e-05	1e-05	1e-05	1e-05	0.0	0.11728	1e-05	1e-05	1e-05	1e-05	1e-05	1e-05	0.06462	0.10725	0.09176	
0.04841	0.23171	0.02885	3e-05	3e-05	0.11203	0.04905	3e-05	3e-05	3e-05	3e-05	3e-05	0.20105	0.18815	0.19886	0.28961	0.17337	0.0	0.0	0.0	0.0	0.05195	0.09064	0.03725	0.10228	0.22693	0.24572	0.13287	0.21305	0.10607	3e-05	3e-05	0.00042	0.0	0.08376	0.08894	0.07987	0.09811	0.20986	0.0	0.04165	0.11259	3e-05	3e-05	3e-05	3e-05	0.15704	0.05105	0.16971	3e-05	0.13717	0.21402	0.13392	0.0	0.0	0.0	0.0	0.01548	3e-05	3e-05	3e-05	3e-05	0.0392	0.22693	3e-05	3e-05	3e-05	3e-05	3e-05	0.0	0.23629	3e-05	3e-05	3e-05	3e-05	3e-05	3e-05	0.02885	0.12306	0.00803	
0.04599	0.1345	0.03999	1e-05	1e-05	0.09548	0.19971	1e-05	1e-05	1e-05	1e-05	1e-05	0.09405	0.34139	0.24707	0.15189	0.13961	0.0	0.0	0.0	0.0	0.12707	0.28852	0.06956	0.11185	0.05303	0.13304	0.15298	0.2015	0.08831	1e-05	1e-05	0.00064	0.0	0.05296	0.10965	0.27206	0.21217	0.09229	0.04165	0.0	0.07651	1e-05	1e-05	1e-05	1e-05	0.09846	0.20263	0.05297	1e-05	0.09875	0.13128	0.09663	0.0	0.0	0.0	0.0	0.02078	1e-05	1e-05	1e-05	1e-05	0.0564	0.05303	1e-05	1e-05	1e-05	1e-05	1e-05	0.0	0.12974	1e-05	1e-05	1e-05	1e-05	1e-05	1e-05	0.03999	0.2576	0.02782	
0.17744	0.06987	0.01981	8e-05	8e-05	0.16087	0.0313	8e-05	8e-05	8e-05	8e-05	8e-05	0.03182	0.0713	0.03421	0.18571	0.0231	0.0	0.0	0.0	0.0	0.00039	0.14283	0.19314	0.03717	0.02489	0.08626	0.06408	0.17827	0.11659	8e-05	8e-05	0.00047	0.0	0.07444	0.09025	0.37877	0.08374	0.10035	0.11259	0.07651	0.0	8e-05	8e-05	8e-05	8e-05	0.11972	0.03007	0.04387	8e-05	0.01891	0.23164	0.04006	0.0	0.0	0.0	0.0	0.01145	8e-05	8e-05	8e-05	8e-05	0.02482	0.02489	8e-05	8e-05	8e-05	8e-05	8e-05	0.0	0.07098	8e-05	8e-05	8e-05	8e-05	8e-05	8e-05	0.01981	0.08907	0.04392	
1e-05	3e-05	0.00014	0.0	0.0	4e-05	9e-05	0.0	0.0	0.0	0.0	0.0	5e-05	1e-05	4e-05	1e-05	0.0	0.0	0.0	0.0	0.0	6e-05	1e-05	6e-05	4e-05	0.00012	4e-05	2e-05	0.0	5e-05	0.0	0.0	0.0	0.0	6e-05	3e-05	1e-05	3e-05	1e-05	3e-05	1e-05	8e-05	0.0	0.0	0.0	0.0	3e-05	2e-05	3e-05	0.0	1e-05	1e-05	1e-05	0.0	0.0	0.0	0.0	0.00023	0.0	0.0	0.0	0.0	6e-05	0.00012	0.0	0.0	0.0	0.0	0.0	0.0	3e-05	0.0	0.0	0.0	0.0	0.0	0.0	0.00014	3e-05	7e-05	
1e-05	3e-05	0.00014	0.0	0.0	4e-05	9e-05	0.0	0.0	0.0	0.0	0.0	5e-05	1e-05	4e-05	1e-05	0.0	0.0	0.0	0.0	0.0	6e-05	1e-05	6e-05	4e-05	0.00012	4e-05	2e-05	0.0	5e-05	0.0	0.0	0.0	0.0	6e-05	3e-05	1e-05	3e-05	1e-05	3e-05	1e-05	8e-05	0.0	0.0	0.0	0.0	3e-05	2e-05	3e-05	0.0	1e-05	1e-05	1e-05	0.0	0.0	0.0	0.0	0.00023	0.0	0.0	0.0	0.0	6e-05	0.00012	0.0	0.0	0.0	0.0	0.0	0.0	3e-05	0.0	0.0	0.0	0.0	0.0	0.0	0.00014	3e-05	7e-05	
1e-05	3e-05	0.00014	0.0	0.0	4e-05	9e-05	0.0	0.0	0.0	0.0	0.0	5e-05	1e-05	4e-05	1e-05	0.0	0.0	0.0	0.0	0.0	6e-05	1e-05	6e-05	4e-05	0.00012	4e-05	2e-05	0.0	5e-05	0.0	0.0	0.0	0.0	6e-05	3e-05	1e-05	3e-05	1e-05	3e-05	1e-05	8e-05	0.0	0.0	0.0	0.0	3e-05	2e-05	3e-05	0.0	1e-05	1e-05	1e-05	0.0	0.0	0.0	0.0	0.00023	0.0	0.0	0.0	0.0	6e-05	0.00012	0.0	0.0	0.0	0.0	0.0	0.0	3e-05	0.0	0.0	0.0	0.0	0.0	0.0	0.00014	3e-05	7e-05	
1e-05	3e-05	0.00014	0.0	0.0	4e-05	9e-05	0.0	0.0	0.0	0.0	0.0	5e-05	1e-05	4e-05	1e-05	0.0	0.0	0.0	0.0	0.0	6e-05	1e-05	6e-05	4e-05	0.00012	4e-05	2e-05	0.0	5e-05	0.0	0.0	0.0	0.0	6e-05	3e-05	1e-05	3e-05	1e-05	3e-05	1e-05	8e-05	0.0	0.0	0.0	0.0	3e-05	2e-05	3e-05	0.0	1e-05	1e-05	1e-05	0.0	0.0	0.0	0.0	0.00023	0.0	0.0	0.0	0.0	6e-05	0.00012	0.0	0.0	0.0	0.0	0.0	0.0	3e-05	0.0	0.0	0.0	0.0	0.0	0.0	0.00014	3e-05	7e-05	
0.10029	0.22529	0.02968	3e-05	3e-05	0.10168	0.01853	3e-05	3e-05	3e-05	3e-05	3e-05	0.18663	0.2041	0.296	0.23982	0.12582	0.0	0.0	0.0	0.0	0.08915	0.14547	0.09258	0.09205	0.20777	0.23913	0.06552	0.20511	0.04233	3e-05	3e-05	0.00043	0.0	0.04982	0.1003	0.21029	0.02944	0.19347	0.15704	0.09846	0.11972	3e-05	3e-05	3e-05	3e-05	0.0	0.08677	0.11224	3e-05	0.18304	0.17815	0.2176	0.0	0.0	0.0	0.0	0.01591	3e-05	3e-05	3e-05	3e-05	0.0404	0.20777	3e-05	3e-05	3e-05	3e-05	3e-05	0.0	0.22936	3e-05	3e-05	3e-05	3e-05	3e-05	3e-05	0.02968	0.1678	0.07517	
0.08547	0.27508	0.43468	2e-05	2e-05	0.10964	0.10489	2e-05	2e-05	2e-05	2e-05	2e-05	0.02957	0.20662	0.12221	0.05931	0.09766	0.0	0.0	0.0	0.0	0.09621	0.11402	0.02143	0.0379	0.02196	0.15005	0.12768	0.10088	0.11589	2e-05	2e-05	0.00028	0.0	0.08915	0.28539	0.11941	0.11327	0.09866	0.05105	0.20263	0.03007	2e-05	2e-05	2e-05	2e-05	0.08677	0.0	0.05006	2e-05	0.09697	0.06883	0.10692	0.0	0.0	0.0	0.0	0.0095	2e-05	2e-05	2e-05	2e-05	0.35279	0.02196	2e-05	2e-05	2e-05	2e-05	2e-05	0.0	0.04335	2e-05	2e-05	2e-05	2e-05	2e-05	2e-05	0.43468	0.16651	0.15161	
0.03502	0.33666	0.0295	3e-05	3e-05	0.07372	0.01474	3e-05	3e-05	3e-05	3e-05	3e-05	0.29929	0.11996	0.16498	0.35136	0.13105	0.0	0.0	0.0	0.0	0.03116	0.28884	0.03732	0.06319	0.19172	0.20321	0.12136	0.1994	0.21884	3e-05	3e-05	0.00054	0.0	0.0243	0.03257	0.05665	0.15347	0.11165	0.16971	0.05297	0.04387	3e-05	3e-05	3e-05	3e-05	0.11224	0.05006	0.0	3e-05	0.08676	0.17534	0.21954	0.0	0.0	0.0	0.0	0.01612	3e-05	3e-05	3e-05	3e-05	0.03922	0.19172	3e-05	3e-05	3e-05	3e-05	3e-05	0.0	0.69079	3e-05	3e-05	3e-05	3e-05	3e-05	3e-05	0.0295	0.06397	0.07208	
1e-05	3e-05	0.00014	0.0	0.0	4e-05	9e-05	0.0	0.0	0.0	0.0	0.0	5e-05	1e-05	4e-05	1e-05	0.0	0.0	0.0	0.0	0.0	6e-05	1e-05	6e-05	4e-05	0.00012	4e-05	2e-05	0.0	5e-05	0.0	0.0	0.0	0.0	6e-05	3e-05	1e-05	3e-05	1e-05	3e-05	1e-05	8e-05	0.0	0.0	0.0	0.0	3e-05	2e-05	3e-05	0.0	1e-05	1e-05	1e-05	0.0	0.0	0.0	0.0	0.00023	0.0	0.0	0.0	0.0	6e-05	0.00012	0.0	0.0	0.0	0.0	0.0	0.0	3e-05	0.0	0.0	0.0	0.0	0.0	0.0	0.00014	3e-05	7e-05	
0.11027	0.18664	0.04254	1e-05	1e-05	0.15009	0.01599	1e-05	1e-05	1e-05	1e-05	1e-05	0.1077	0.11979	0.16624	0.12088	0.09451	0.0	0.0	0.0	0.0	0.03718	0.08946	0.056	0.16442	0.09864	0.0968	0.05863	0.21405	0.04563	1e-05	1e-05	0.00069	0.0	0.07317	0.05887	0.14392	0.07464	0.22412	0.13717	0.09875	0.01891	1e-05	1e-05	1e-05	1e-05	0.18304	0.09697	0.08676	1e-05	0.0	0.15849	0.12666	0.0	0.0	0.0	0.0	0.02236	1e-05	1e-05	1e-05	1e-05	0.05908	0.09864	1e-05	1e-05	1e-05	1e-05	1e-05	0.0	0.18577	1e-05	1e-05	1e-05	1e-05	1e-05	1e-05	0.04254	0.08631	0.02815	
0.14537	0.16732	0.03605	1e-05	1e-05	0.12523	0.06361	1e-05	1e-05	1e-05	1e-05	1e-05	0.07061	0.0847	0.07799	0.27595	0.25079	0.0	0.0	0.0	0.0	0.06667	0.23902	0.14841	0.09204	0.04776	0.17836	0.0691	0.24912	0.03822	1e-05	1e-05	0.00056	0.0	0.03295	0.1521	0.24442	0.13307	0.2152	0.21402	0.13128	0.23164	1e-05	1e-05	1e-05	1e-05	0.17815	0.06883	0.17534	1e-05	0.15849	0.0	0.18165	0.0	0.0	0.0	0.0	0.01874	1e-05	1e-05	1e-05	1e-05	0.05085	0.04776	1e-05	1e-05	1e-05	1e-05	1e-05	0.0	0.16304	1e-05	1e-05	1e-05	1e-05	1e-05	1e-05	0.03605	0.19257	0.01514	
0.16929	0.26339	0.09065	1e-05	1e-05	0.15348	0.06018	1e-05	1e-05	1e-05	1e-05	1e-05	0.26705	0.18046	0.19896	0.28187	0.20037	0.0	0.0	0.0	0.0	0.0575	0.15642	0.05424	0.14443	0.23325	0.38962	0.15142	0.20053	0.03102	1e-05	1e-05	0.00087	0.0	0.19969	0.23208	0.0686	0.07981	0.0635	0.13392	0.09663	0.04006	1e-05	1e-05	1e-05	1e-05	0.2176	0.10692	0.21954	1e-05	0.12666	0.18165	0.0	0.0	0.0	0.0	0.0	0.02124	1e-05	1e-05	1e-05	1e-05	0.09741	0.23325	1e-05	1e-05	1e-05	1e-05	1e-05	0.0	0.24198	1e-05	1e-05	1e-05	1e-05	1e-05	1e-05	0.09065	0.27303	0.03286	
0.0	0.0	0.0	0.0	0.0	0.0	0.0	0.0	0.0	0.0	0.0	0.0	0.0	0.0	0.0	0.0	0.0	0.0	0.0	0.0	0.0	0.0	0.0	0.0	0.0	0.0	0.0	0.0	0.0	0.0	0.0	0.0	0.0	0.0	0.0	0.0	0.0	0.0	0.0	0.0	0.0	0.0	0.0	0.0	0.0	0.0	0.0	0.0	0.0	0.0	0.0	0.0	0.0	0.0	0.0	0.0	0.0	0.0	0.0	0.0	0.0	0.0	0.0	0.0	0.0	0.0	0.0	0.0	0.0	0.0	0.0	0.0	0.0	0.0	0.0	0.0	0.0	0.0	0.0	0.0	
0.0	0.0	0.0	0.0	0.0	0.0	0.0	0.0	0.0	0.0	0.0	0.0	0.0	0.0	0.0	0.0	0.0	0.0	0.0	0.0	0.0	0.0	0.0	0.0	0.0	0.0	0.0	0.0	0.0	0.0	0.0	0.0	0.0	0.0	0.0	0.0	0.0	0.0	0.0	0.0	0.0	0.0	0.0	0.0	0.0	0.0	0.0	0.0	0.0	0.0	0.0	0.0	0.0	0.0	0.0	0.0	0.0	0.0	0.0	0.0	0.0	0.0	0.0	0.0	0.0	0.0	0.0	0.0	0.0	0.0	0.0	0.0	0.0	0.0	0.0	0.0	0.0	0.0	0.0	0.0	
0.0	0.0	0.0	0.0	0.0	0.0	0.0	0.0	0.0	0.0	0.0	0.0	0.0	0.0	0.0	0.0	0.0	0.0	0.0	0.0	0.0	0.0	0.0	0.0	0.0	0.0	0.0	0.0	0.0	0.0	0.0	0.0	0.0	0.0	0.0	0.0	0.0	0.0	0.0	0.0	0.0	0.0	0.0	0.0	0.0	0.0	0.0	0.0	0.0	0.0	0.0	0.0	0.0	0.0	0.0	0.0	0.0	0.0	0.0	0.0	0.0	0.0	0.0	0.0	0.0	0.0	0.0	0.0	0.0	0.0	0.0	0.0	0.0	0.0	0.0	0.0	0.0	0.0	0.0	0.0	
0.0	0.0	0.0	0.0	0.0	0.0	0.0	0.0	0.0	0.0	0.0	0.0	0.0	0.0	0.0	0.0	0.0	0.0	0.0	0.0	0.0	0.0	0.0	0.0	0.0	0.0	0.0	0.0	0.0	0.0	0.0	0.0	0.0	0.0	0.0	0.0	0.0	0.0	0.0	0.0	0.0	0.0	0.0	0.0	0.0	0.0	0.0	0.0	0.0	0.0	0.0	0.0	0.0	0.0	0.0	0.0	0.0	0.0	0.0	0.0	0.0	0.0	0.0	0.0	0.0	0.0	0.0	0.0	0.0	0.0	0.0	0.0	0.0	0.0	0.0	0.0	0.0	0.0	0.0	0.0	
0.09695	0.01434	0.00764	0.00023	0.00023	0.0124	0.0109	0.00023	0.00023	0.00023	0.00023	0.00023	0.01031	0.01962	0.01089	0.07679	0.02408	0.0	0.0	0.0	0.0	0.02952	0.02797	0.00821	0.01257	0.00911	0.01407	0.04095	0.03079	0.03343	0.00023	0.00023	0.0	0.0	0.05456	0.03682	0.01263	0.04911	0.02636	0.01548	0.02078	0.01145	0.00023	0.00023	0.00023	0.00023	0.01591	0.0095	0.01612	0.00023	0.02236	0.01874	0.02124	0.0	0.0	0.0	0.0	0.0	0.00023	0.00023	0.00023	0.00023	0.37954	0.00911	0.00023	0.00023	0.00023	0.00023	0.00023	0.0	0.01389	0.00023	0.00023	0.00023	0.00023	0.00023	0.00023	0.00764	0.04369	0.01435	
1e-05	3e-05	0.00014	0.0	0.0	4e-05	9e-05	0.0	0.0	0.0	0.0	0.0	5e-05	1e-05	4e-05	1e-05	0.0	0.0	0.0	0.0	0.0	6e-05	1e-05	6e-05	4e-05	0.00012	4e-05	2e-05	0.0	5e-05	0.0	0.0	0.0	0.0	6e-05	3e-05	1e-05	3e-05	1e-05	3e-05	1e-05	8e-05	0.0	0.0	0.0	0.0	3e-05	2e-05	3e-05	0.0	1e-05	1e-05	1e-05	0.0	0.0	0.0	0.0	0.00023	0.0	0.0	0.0	0.0	6e-05	0.00012	0.0	0.0	0.0	0.0	0.0	0.0	3e-05	0.0	0.0	0.0	0.0	0.0	0.0	0.00014	3e-05	7e-05	
1e-05	3e-05	0.00014	0.0	0.0	4e-05	9e-05	0.0	0.0	0.0	0.0	0.0	5e-05	1e-05	4e-05	1e-05	0.0	0.0	0.0	0.0	0.0	6e-05	1e-05	6e-05	4e-05	0.00012	4e-05	2e-05	0.0	5e-05	0.0	0.0	0.0	0.0	6e-05	3e-05	1e-05	3e-05	1e-05	3e-05	1e-05	8e-05	0.0	0.0	0.0	0.0	3e-05	2e-05	3e-05	0.0	1e-05	1e-05	1e-05	0.0	0.0	0.0	0.0	0.00023	0.0	0.0	0.0	0.0	6e-05	0.00012	0.0	0.0	0.0	0.0	0.0	0.0	3e-05	0.0	0.0	0.0	0.0	0.0	0.0	0.00014	3e-05	7e-05	
1e-05	3e-05	0.00014	0.0	0.0	4e-05	9e-05	0.0	0.0	0.0	0.0	0.0	5e-05	1e-05	4e-05	1e-05	0.0	0.0	0.0	0.0	0.0	6e-05	1e-05	6e-05	4e-05	0.00012	4e-05	2e-05	0.0	5e-05	0.0	0.0	0.0	0.0	6e-05	3e-05	1e-05	3e-05	1e-05	3e-05	1e-05	8e-05	0.0	0.0	0.0	0.0	3e-05	2e-05	3e-05	0.0	1e-05	1e-05	1e-05	0.0	0.0	0.0	0.0	0.00023	0.0	0.0	0.0	0.0	6e-05	0.00012	0.0	0.0	0.0	0.0	0.0	0.0	3e-05	0.0	0.0	0.0	0.0	0.0	0.0	0.00014	3e-05	7e-05	
1e-05	3e-05	0.00014	0.0	0.0	4e-05	9e-05	0.0	0.0	0.0	0.0	0.0	5e-05	1e-05	4e-05	1e-05	0.0	0.0	0.0	0.0	0.0	6e-05	1e-05	6e-05	4e-05	0.00012	4e-05	2e-05	0.0	5e-05	0.0	0.0	0.0	0.0	6e-05	3e-05	1e-05	3e-05	1e-05	3e-05	1e-05	8e-05	0.0	0.0	0.0	0.0	3e-05	2e-05	3e-05	0.0	1e-05	1e-05	1e-05	0.0	0.0	0.0	0.0	0.00023	0.0	0.0	0.0	0.0	6e-05	0.00012	0.0	0.0	0.0	0.0	0.0	0.0	3e-05	0.0	0.0	0.0	0.0	0.0	0.0	0.00014	3e-05	7e-05	
0.11304	0.31593	0.62783	6e-05	6e-05	0.02972	0.02333	6e-05	6e-05	6e-05	6e-05	6e-05	0.02377	0.05267	0.02555	0.0896	0.08199	0.0	0.0	0.0	0.0	0.07403	0.07892	0.01772	0.02999	0.01857	0.16369	0.11083	0.075	0.07978	6e-05	6e-05	0.14144	0.0	0.07459	0.30059	0.03095	0.07583	0.07966	0.0392	0.0564	0.02482	6e-05	6e-05	6e-05	6e-05	0.0404	0.35279	0.03922	6e-05	0.05908	0.05085	0.09741	0.0	0.0	0.0	0.0	0.37954	6e-05	6e-05	6e-05	6e-05	0.0	0.01857	6e-05	6e-05	6e-05	6e-05	6e-05	0.0	0.03391	6e-05	6e-05	6e-05	6e-05	6e-05	6e-05	0.62783	0.16686	0.17592	
0.04917	0.23003	0.01527	0.00012	0.00012	0.31393	0.02348	0.00012	0.00012	0.00012	0.00012	0.00012	0.60089	0.31419	0.55692	0.23797	0.20532	0.0	0.0	0.0	0.0	0.09821	0.09477	0.01778	0.29796	0.99973	0.43881	0.20332	0.17922	0.08186	0.00012	0.00012	0.0003	0.0	0.13859	0.09495	0.02982	0.05868	0.06866	0.22693	0.05303	0.02489	0.00012	0.00012	0.00012	0.00012	0.20777	0.02196	0.19172	0.00012	0.09864	0.04776	0.23325	0.0	0.0	0.0	0.0	0.00911	0.00012	0.00012	0.00012	0.00012	0.01857	0.0	0.00012	0.00012	0.00012	0.00012	0.00012	0.0	0.24122	0.00012	0.00012	0.00012	0.00012	0.00012	0.00012	0.01527	0.11687	0.03233	
1e-05	3e-05	0.00014	0.0	0.0	4e-05	9e-05	0.0	0.0	0.0	0.0	0.0	5e-05	1e-05	4e-05	1e-05	0.0	0.0	0.0	0.0	0.0	6e-05	1e-05	6e-05	4e-05	0.00012	4e-05	2e-05	0.0	5e-05	0.0	0.0	0.0	0.0	6e-05	3e-05	1e-05	3e-05	1e-05	3e-05	1e-05	8e-05	0.0	0.0	0.0	0.0	3e-05	2e-05	3e-05	0.0	1e-05	1e-05	1e-05	0.0	0.0	0.0	0.0	0.00023	0.0	0.0	0.0	0.0	6e-05	0.00012	0.0	0.0	0.0	0.0	0.0	0.0	3e-05	0.0	0.0	0.0	0.0	0.0	0.0	0.00014	3e-05	7e-05	
1e-05	3e-05	0.00014	0.0	0.0	4e-05	9e-05	0.0	0.0	0.0	0.0	0.0	5e-05	1e-05	4e-05	1e-05	0.0	0.0	0.0	0.0	0.0	6e-05	1e-05	6e-05	4e-05	0.00012	4e-05	2e-05	0.0	5e-05	0.0	0.0	0.0	0.0	6e-05	3e-05	1e-05	3e-05	1e-05	3e-05	1e-05	8e-05	0.0	0.0	0.0	0.0	3e-05	2e-05	3e-05	0.0	1e-05	1e-05	1e-05	0.0	0.0	0.0	0.0	0.00023	0.0	0.0	0.0	0.0	6e-05	0.00012	0.0	0.0	0.0	0.0	0.0	0.0	3e-05	0.0	0.0	0.0	0.0	0.0	0.0	0.00014	3e-05	7e-05	
1e-05	3e-05	0.00014	0.0	0.0	4e-05	9e-05	0.0	0.0	0.0	0.0	0.0	5e-05	1e-05	4e-05	1e-05	0.0	0.0	0.0	0.0	0.0	6e-05	1e-05	6e-05	4e-05	0.00012	4e-05	2e-05	0.0	5e-05	0.0	0.0	0.0	0.0	6e-05	3e-05	1e-05	3e-05	1e-05	3e-05	1e-05	8e-05	0.0	0.0	0.0	0.0	3e-05	2e-05	3e-05	0.0	1e-05	1e-05	1e-05	0.0	0.0	0.0	0.0	0.00023	0.0	0.0	0.0	0.0	6e-05	0.00012	0.0	0.0	0.0	0.0	0.0	0.0	3e-05	0.0	0.0	0.0	0.0	0.0	0.0	0.00014	3e-05	7e-05	
1e-05	3e-05	0.00014	0.0	0.0	4e-05	9e-05	0.0	0.0	0.0	0.0	0.0	5e-05	1e-05	4e-05	1e-05	0.0	0.0	0.0	0.0	0.0	6e-05	1e-05	6e-05	4e-05	0.00012	4e-05	2e-05	0.0	5e-05	0.0	0.0	0.0	0.0	6e-05	3e-05	1e-05	3e-05	1e-05	3e-05	1e-05	8e-05	0.0	0.0	0.0	0.0	3e-05	2e-05	3e-05	0.0	1e-05	1e-05	1e-05	0.0	0.0	0.0	0.0	0.00023	0.0	0.0	0.0	0.0	6e-05	0.00012	0.0	0.0	0.0	0.0	0.0	0.0	3e-05	0.0	0.0	0.0	0.0	0.0	0.0	0.00014	3e-05	7e-05	
1e-05	3e-05	0.00014	0.0	0.0	4e-05	9e-05	0.0	0.0	0.0	0.0	0.0	5e-05	1e-05	4e-05	1e-05	0.0	0.0	0.0	0.0	0.0	6e-05	1e-05	6e-05	4e-05	0.00012	4e-05	2e-05	0.0	5e-05	0.0	0.0	0.0	0.0	6e-05	3e-05	1e-05	3e-05	1e-05	3e-05	1e-05	8e-05	0.0	0.0	0.0	0.0	3e-05	2e-05	3e-05	0.0	1e-05	1e-05	1e-05	0.0	0.0	0.0	0.0	0.00023	0.0	0.0	0.0	0.0	6e-05	0.00012	0.0	0.0	0.0	0.0	0.0	0.0	3e-05	0.0	0.0	0.0	0.0	0.0	0.0	0.00014	3e-05	7e-05	
0.0	0.0	0.0	0.0	0.0	0.0	0.0	0.0	0.0	0.0	0.0	0.0	0.0	0.0	0.0	0.0	0.0	0.0	0.0	0.0	0.0	0.0	0.0	0.0	0.0	0.0	0.0	0.0	0.0	0.0	0.0	0.0	0.0	0.0	0.0	0.0	0.0	0.0	0.0	0.0	0.0	0.0	0.0	0.0	0.0	0.0	0.0	0.0	0.0	0.0	0.0	0.0	0.0	0.0	0.0	0.0	0.0	0.0	0.0	0.0	0.0	0.0	0.0	0.0	0.0	0.0	0.0	0.0	0.0	0.0	0.0	0.0	0.0	0.0	0.0	0.0	0.0	0.0	0.0	0.0	
0.04359	0.51888	0.02545	3e-05	3e-05	0.10235	0.15984	3e-05	3e-05	3e-05	3e-05	3e-05	0.5067	0.21595	0.19958	0.43557	0.14053	0.0	0.0	0.0	0.0	0.04455	0.26938	0.03227	0.09186	0.24122	0.34972	0.13399	0.29243	0.18347	3e-05	3e-05	0.00047	0.0	0.03169	0.04136	0.05506	0.13217	0.11728	0.23629	0.12974	0.07098	3e-05	3e-05	3e-05	3e-05	0.22936	0.04335	0.69079	3e-05	0.18577	0.16304	0.24198	0.0	0.0	0.0	0.0	0.01389	3e-05	3e-05	3e-05	3e-05	0.03391	0.24122	3e-05	3e-05	3e-05	3e-05	3e-05	0.0	0.0	3e-05	3e-05	3e-05	3e-05	3e-05	3e-05	0.02545	0.13746	0.06206	
1e-05	3e-05	0.00014	0.0	0.0	4e-05	9e-05	0.0	0.0	0.0	0.0	0.0	5e-05	1e-05	4e-05	1e-05	0.0	0.0	0.0	0.0	0.0	6e-05	1e-05	6e-05	4e-05	0.00012	4e-05	2e-05	0.0	5e-05	0.0	0.0	0.0	0.0	6e-05	3e-05	1e-05	3e-05	1e-05	3e-05	1e-05	8e-05	0.0	0.0	0.0	0.0	3e-05	2e-05	3e-05	0.0	1e-05	1e-05	1e-05	0.0	0.0	0.0	0.0	0.00023	0.0	0.0	0.0	0.0	6e-05	0.00012	0.0	0.0	0.0	0.0	0.0	0.0	3e-05	0.0	0.0	0.0	0.0	0.0	0.0	0.00014	3e-05	7e-05	
1e-05	3e-05	0.00014	0.0	0.0	4e-05	9e-05	0.0	0.0	0.0	0.0	0.0	5e-05	1e-05	4e-05	1e-05	0.0	0.0	0.0	0.0	0.0	6e-05	1e-05	6e-05	4e-05	0.00012	4e-05	2e-05	0.0	5e-05	0.0	0.0	0.0	0.0	6e-05	3e-05	1e-05	3e-05	1e-05	3e-05	1e-05	8e-05	0.0	0.0	0.0	0.0	3e-05	2e-05	3e-05	0.0	1e-05	1e-05	1e-05	0.0	0.0	0.0	0.0	0.00023	0.0	0.0	0.0	0.0	6e-05	0.00012	0.0	0.0	0.0	0.0	0.0	0.0	3e-05	0.0	0.0	0.0	0.0	0.0	0.0	0.00014	3e-05	7e-05	
1e-05	3e-05	0.00014	0.0	0.0	4e-05	9e-05	0.0	0.0	0.0	0.0	0.0	5e-05	1e-05	4e-05	1e-05	0.0	0.0	0.0	0.0	0.0	6e-05	1e-05	6e-05	4e-05	0.00012	4e-05	2e-05	0.0	5e-05	0.0	0.0	0.0	0.0	6e-05	3e-05	1e-05	3e-05	1e-05	3e-05	1e-05	8e-05	0.0	0.0	0.0	0.0	3e-05	2e-05	3e-05	0.0	1e-05	1e-05	1e-05	0.0	0.0	0.0	0.0	0.00023	0.0	0.0	0.0	0.0	6e-05	0.00012	0.0	0.0	0.0	0.0	0.0	0.0	3e-05	0.0	0.0	0.0	0.0	0.0	0.0	0.00014	3e-05	7e-05	
1e-05	3e-05	0.00014	0.0	0.0	4e-05	9e-05	0.0	0.0	0.0	0.0	0.0	5e-05	1e-05	4e-05	1e-05	0.0	0.0	0.0	0.0	0.0	6e-05	1e-05	6e-05	4e-05	0.00012	4e-05	2e-05	0.0	5e-05	0.0	0.0	0.0	0.0	6e-05	3e-05	1e-05	3e-05	1e-05	3e-05	1e-05	8e-05	0.0	0.0	0.0	0.0	3e-05	2e-05	3e-05	0.0	1e-05	1e-05	1e-05	0.0	0.0	0.0	0.0	0.00023	0.0	0.0	0.0	0.0	6e-05	0.00012	0.0	0.0	0.0	0.0	0.0	0.0	3e-05	0.0	0.0	0.0	0.0	0.0	0.0	0.00014	3e-05	7e-05	
1e-05	3e-05	0.00014	0.0	0.0	4e-05	9e-05	0.0	0.0	0.0	0.0	0.0	5e-05	1e-05	4e-05	1e-05	0.0	0.0	0.0	0.0	0.0	6e-05	1e-05	6e-05	4e-05	0.00012	4e-05	2e-05	0.0	5e-05	0.0	0.0	0.0	0.0	6e-05	3e-05	1e-05	3e-05	1e-05	3e-05	1e-05	8e-05	0.0	0.0	0.0	0.0	3e-05	2e-05	3e-05	0.0	1e-05	1e-05	1e-05	0.0	0.0	0.0	0.0	0.00023	0.0	0.0	0.0	0.0	6e-05	0.00012	0.0	0.0	0.0	0.0	0.0	0.0	3e-05	0.0	0.0	0.0	0.0	0.0	0.0	0.00014	3e-05	7e-05	
1e-05	3e-05	0.00014	0.0	0.0	4e-05	9e-05	0.0	0.0	0.0	0.0	0.0	5e-05	1e-05	4e-05	1e-05	0.0	0.0	0.0	0.0	0.0	6e-05	1e-05	6e-05	4e-05	0.00012	4e-05	2e-05	0.0	5e-05	0.0	0.0	0.0	0.0	6e-05	3e-05	1e-05	3e-05	1e-05	3e-05	1e-05	8e-05	0.0	0.0	0.0	0.0	3e-05	2e-05	3e-05	0.0	1e-05	1e-05	1e-05	0.0	0.0	0.0	0.0	0.00023	0.0	0.0	0.0	0.0	6e-05	0.00012	0.0	0.0	0.0	0.0	0.0	0.0	3e-05	0.0	0.0	0.0	0.0	0.0	0.0	0.00014	3e-05	7e-05	
0.03727	0.36792	0.99967	0.00014	0.00014	0.02251	0.01874	0.00014	0.00014	0.00014	0.00014	0.00014	0.01838	0.03757	0.01957	0.03225	0.06969	0.0	0.0	0.0	0.0	0.05489	0.05482	0.01417	0.02278	0.01527	0.18131	0.07887	0.05462	0.06512	0.00014	0.00014	0.0005	0.0	0.04127	0.30502	0.02322	0.04486	0.06462	0.02885	0.03999	0.01981	0.00014	0.00014	0.00014	0.00014	0.02968	0.43468	0.0295	0.00014	0.04254	0.03605	0.09065	0.0	0.0	0.0	0.0	0.00764	0.00014	0.00014	0.00014	0.00014	0.62783	0.01527	0.00014	0.00014	0.00014	0.00014	0.00014	0.0	0.02545	0.00014	0.00014	0.00014	0.00014	0.00014	0.00014	0.0	0.14376	0.20857	
0.102	0.33309	0.14376	3e-05	3e-05	0.06937	0.03047	3e-05	3e-05	3e-05	3e-05	3e-05	0.12555	0.13608	0.20521	0.26487	0.12552	0.0	0.0	0.0	0.0	0.09959	0.05974	0.05827	0.06059	0.11687	0.47713	0.21143	0.25647	0.0121	3e-05	3e-05	0.00218	0.0	0.12383	0.17536	0.13562	0.11365	0.10725	0.12306	0.2576	0.08907	3e-05	3e-05	3e-05	3e-05	0.1678	0.16651	0.06397	3e-05	0.08631	0.19257	0.27303	0.0	0.0	0.0	0.0	0.04369	3e-05	3e-05	3e-05	3e-05	0.16686	0.11687	3e-05	3e-05	3e-05	3e-05	3e-05	0.0	0.13746	3e-05	3e-05	3e-05	3e-05	3e-05	3e-05	0.14376	0.0	0.07303	
0.0289	0.15591	0.20857	7e-05	7e-05	0.05393	0.04114	7e-05	7e-05	7e-05	7e-05	7e-05	0.04255	0.03279	0.04598	0.15394	0.1431	0.0	0.0	0.0	0.0	9e-05	0.07195	0.03116	0.05438	0.03233	0.04472	0.03714	0.07352	0.03974	7e-05	7e-05	0.00059	0.0	0.10255	0.18228	0.0575	0.09505	0.09176	0.00803	0.02782	0.04392	7e-05	7e-05	7e-05	7e-05	0.07517	0.15161	0.07208	7e-05	0.02815	0.01514	0.03286	0.0	0.0	0.0	0.0	0.01435	7e-05	7e-05	7e-05	7e-05	0.17592	0.03233	7e-05	7e-05	7e-05	7e-05	7e-05	0.0	0.06206	7e-05	7e-05	7e-05	7e-05	7e-05	7e-05	0.20857	0.07303	0.0	
