0.0	0.0	0.0	0.0	0.00024	0.00029	0.0	0.0	0.0	0.00043	0.0	0.0	0.0001	0.00034	0.00014	0.0	0.0	0.0	0.00023	0.0	0.0	0.0	0.0	0.0	0.0	0.0	0.0	7e-05	0.0	0.0	8e-05	4e-05	0.00012	0.00024	0.0001	0.00018	6e-05	8e-05	0.0	0.0	0.00011	6e-05	0.00018	0.00012	0.00018	9e-05	0.00016	8e-05	0.00028	0.00023	8e-05	0.00011	5e-05	0.00016	4e-05	7e-05	0.00039	0.00011	0.0034	0.0002	0.00017	6e-05	0.00013	0.0001	7e-05	0.00011	0.00029	0.00023	8e-05	0.00021	0.00012	0.00017	9e-05	9e-05	0.00018	0.0	0.00023	0.00023	0.0	0.0	0.0	0.0	0.0	0.0	0.0	0.00012	0.0002	0.00026	0.00015	0.00011	0.00026	0.0059	0.0	0.0	0.00192	0.00014	7e-05	0.00014	0.00016	0.00037	0.0	0.00013	0.00011	0.00014	4e-05	0.0	0.00015	3e-05	0.00013	0.00011	0.00018	0.00011	8e-05	0.0002	0.00011	0.00028	0.00017	0.00026	0.00011	0.00011	0.00019	0.00011	0.00025	0.00015	0.0	0.0002	0.0001	0.00038	6e-05	6e-05	0.00029	0.0	0.00014	0.00022	9e-05	0.00017	0.00064	0.00032	0.00016	9e-05	0.00028	8e-05	0.0	0.0	0.0	0.0	0.0	0.0	0.0	0.0	0.00023	0.0	0.00023	0.0	0.0	0.0	0.0	0.0	0.0	0.0	0.0	0.0	0.00064	
0.0	0.0	0.0	0.0	0.00024	0.00029	0.0	0.0	0.0	0.00043	0.0	0.0	0.0001	0.00034	0.00014	0.0	0.0	0.0	0.00023	0.0	0.0	0.0	0.0	0.0	0.0	0.0	0.0	7e-05	0.0	0.0	8e-05	4e-05	0.00012	0.00024	0.0001	0.00018	6e-05	8e-05	0.0	0.0	0.00011	6e-05	0.00018	0.00012	0.00018	9e-05	0.00016	8e-05	0.00028	0.00023	8e-05	0.00011	5e-05	0.00016	4e-05	7e-05	0.00039	0.00011	0.0034	0.0002	0.00017	6e-05	0.00013	0.0001	7e-05	0.00011	0.00029	0.00023	8e-05	0.00021	0.00012	0.00017	9e-05	9e-05	0.00018	0.0	0.00023	0.00023	0.0	0.0	0.0	0.0	0.0	0.0	0.0	0.00012	0.0002	0.00026	0.00015	0.00011	0.00026	0.0059	0.0	0.0	0.00192	0.00014	7e-05	0.00014	0.00016	0.00037	0.0	0.00013	0.00011	0.00014	4e-05	0.0	0.00015	3e-05	0.00013	0.00011	0.00018	0.00011	8e-05	0.0002	0.00011	0.00028	0.00017	0.00026	0.00011	0.00011	0.00019	0.00011	0.00025	0.00015	0.0	0.0002	0.0001	0.00038	6e-05	6e-05	0.00029	0.0	0.00014	0.00022	9e-05	0.00017	0.00064	0.00032	0.00016	9e-05	0.00028	8e-05	0.0	0.0	0.0	0.0	0.0	0.0	0.0	0.0	0.00023	0.0	0.00023	0.0	0.0	0.0	0.0	0.0	0.0	0.0	0.0	0.0	0.00064	
0.0	0.0	0.0	0.0	0.00024	0.00029	0.0	0.0	0.0	0.00043	0.0	0.0	0.0001	0.00034	0.00014	0.0	0.0	0.0	0.00023	0.0	0.0	0.0	0.0	0.0	0.0	0.0	0.0	7e-05	0.0	0.0	8e-05	4e-05	0.00012	0.00024	0.0001	0.00018	6e-05	8e-05	0.0	0.0	0.00011	6e-05	0.00018	0.00012	0.00018	9e-05	0.00016	8e-05	0.00028	0.00023	8e-05	0.00011	5e-05	0.00016	4e-05	7e-05	0.00039	0.00011	0.0034	0.0002	0.00017	6e-05	0.00013	0.0001	7e-05	0.00011	0.00029	0.00023	8e-05	0.00021	0.00012	0.00017	9e-05	9e-05	0.00018	0.0	0.00023	0.00023	0.0	0.0	0.0	0.0	0.0	0.0	0.0	0.00012	0.0002	0.00026	0.00015	0.00011	0.00026	0.0059	0.0	0.0	0.00192	0.00014	7e-05	0.00014	0.00016	0.00037	0.0	0.00013	0.00011	0.00014	4e-05	0.0	0.00015	3e-05	0.00013	0.00011	0.00018	0.00011	8e-05	0.0002	0.00011	0.00028	0.00017	0.00026	0.00011	0.00011	0.00019	0.00011	0.00025	0.00015	0.0	0.0002	0.0001	0.00038	6e-05	6e-05	0.00029	0.0	0.00014	0.00022	9e-05	0.00017	0.00064	0.00032	0.00016	9e-05	0.00028	8e-05	0.0	0.0	0.0	0.0	0.0	0.0	0.0	0.0	0.00023	0.0	0.00023	0.0	0.0	0.0	0.0	0.0	0.0	0.0	0.0	0.0	0.00064	
0.0	0.0	0.0	0.0	0.02195	0.00148	0.0	0.0	0.0	0.03832	0.0	0.0	0.00606	0.00322	0.16365	0.0	0.0	0.0	0.00151	0.0	0.0	0.0	0.0	0.0	0.0	0.0	0.0	0.03059	0.0	0.0	0.00481	0.00315	0.01753	0.00435	0.00828	0.02516	0.04706	0.05522	0.0	0.0	0.38835	0.19742	0.01626	0.01062	0.00746	0.00505	0.1527	0.0052	0.00458	0.00151	0.03231	0.00883	0.02449	0.00322	0.01539	0.00575	0.00716	0.00763	0.45271	0.10112	0.00419	0.01246	0.03059	0.01302	0.02215	0.00361	0.00339	0.00809	0.00178	0.10746	0.01488	0.00374	0.00988	0.00628	0.00265	0.0	0.00151	0.00151	0.0	0.0	0.0	0.0	0.0	0.0	0.0	0.0065	0.17008	0.01398	0.05643	0.00349	0.03878	0.0059	0.0	0.0	0.00192	0.01193	0.02446	0.00482	0.01103	0.00037	0.0	0.00589	0.00179	0.00929	0.00305	0.0	0.01878	0.00635	0.00332	0.00666	0.00614	0.03304	0.03208	0.01536	0.01096	0.18243	0.18256	0.03878	0.01837	0.00286	0.0018	0.00422	0.00685	0.05643	0.0	0.00569	0.00409	0.00345	0.01428	0.00488	0.14711	0.0	0.0134	0.01044	0.00505	0.02467	0.00446	0.00409	0.01051	0.00814	0.32281	0.01002	0.0	0.0	0.0	0.0	0.0	0.0	0.0	0.0	0.00151	0.0	0.00151	0.0	0.0	0.0	0.0	0.0	0.0	0.0	0.0	0.0	0.00446	
0.00024	0.00024	0.00024	0.02195	0.0	0.26699	0.00024	0.00024	0.00024	0.63701	0.00024	0.00024	0.10278	0.13355	0.28883	0.00024	0.00024	0.00024	0.06387	0.0	0.00024	0.00024	0.00024	0.00024	0.00024	0.00024	0.00024	0.19487	0.00024	0.00024	0.24295	0.17099	0.19085	0.164	0.45448	0.37706	0.22631	0.95506	0.0	0.0	0.94773	0.68277	0.78955	0.15141	0.23271	0.20203	0.3599	0.21336	0.12828	0.06387	0.1588	0.09663	0.17245	0.08886	0.32506	0.13308	0.19235	0.1471	0.71254	0.16675	0.11222	0.17251	0.08078	0.14148	0.23028	0.07172	0.11209	0.12563	0.21525	0.16432	0.25418	0.22428	0.07452	0.06583	0.06234	0.00024	0.06387	0.06387	0.00024	0.00024	0.00024	0.0	0.0	0.00024	0.00024	0.27479	0.31364	0.29761	0.31892	0.32405	0.06991	0.84807	0.0	0.0	0.50141	0.12278	0.1672	0.11827	0.1912	0.50927	0.0	0.22152	0.16328	0.08544	0.35689	0.00024	0.12845	0.22651	0.08876	0.2975	0.19479	0.67664	0.40035	0.15312	0.28631	0.28404	0.17068	0.06991	0.0992	0.47036	0.24103	0.27489	0.09962	0.31892	0.0	0.21355	0.07893	0.0473	0.30336	0.37898	0.29376	0.07691	0.42404	0.3625	0.20203	0.14588	0.05866	0.35207	0.41757	0.09421	0.24866	0.12524	0.00024	0.00024	0.00024	0.00024	0.00024	0.00024	0.00024	0.00024	0.06387	0.00024	0.06387	0.00714	0.00024	0.00024	0.00024	0.00024	0.00024	0.0	0.00024	0.00024	0.05866	
0.00029	0.00029	0.00029	0.00148	0.26699	0.0	0.00029	0.00029	0.00029	0.38395	0.00029	0.00029	0.1459	0.20261	0.2391	0.00029	0.00029	0.00029	0.03588	0.0	0.00029	0.00029	0.00029	0.00029	0.00029	0.00029	0.00029	0.13219	0.00029	0.00029	0.1383	0.07203	0.10912	0.07307	0.12931	0.13465	0.31997	0.39368	0.0	0.0	0.79562	0.54006	0.20659	0.13789	0.17818	0.09282	0.15953	0.37503	0.06095	0.03588	0.09497	0.00013	0.11396	0.04735	0.16648	0.06167	0.08673	0.07133	0.12672	0.05679	0.0636	0.13834	0.0292	0.16756	0.18789	0.04922	0.054	0.13292	0.17125	0.10276	0.09794	0.05432	0.12297	0.17276	0.03513	0.00029	0.03588	0.03588	0.00029	0.00029	0.00029	0.0	0.0	0.00029	0.00029	0.10433	0.27742	0.4616	0.05383	0.22493	0.06423	0.33267	0.0	0.0	0.19572	0.00139	0.14032	0.26294	0.23241	0.20483	0.0	0.09274	0.04353	0.09172	0.27769	0.00029	0.03252	0.10809	0.30509	0.45472	0.09021	0.48741	0.25121	0.00197	0.04475	0.12877	0.06781	0.06423	0.04893	0.40293	0.55891	0.04848	0.14838	0.05383	0.0	0.08518	0.26319	0.02684	0.16548	0.08729	0.37588	0.0	0.46377	0.14318	0.09282	0.10038	0.0335	0.0519	0.15033	0.08617	0.21158	0.1072	0.00029	0.00029	0.00029	0.00029	0.00029	0.00029	0.00029	0.00029	0.03588	0.00029	0.03588	0.0039	0.00029	0.00029	0.00029	0.00029	0.00029	0.0	0.00029	0.00029	0.0335	
0.0	0.0	0.0	0.0	0.00024	0.00029	0.0	0.0	0.0	0.00043	0.0	0.0	0.0001	0.00034	0.00014	0.0	0.0	0.0	0.00023	0.0	0.0	0.0	0.0	0.0	0.0	0.0	0.0	7e-05	0.0	0.0	8e-05	4e-05	0.00012	0.00024	0.0001	0.00018	6e-05	8e-05	0.0	0.0	0.00011	6e-05	0.00018	0.00012	0.00018	9e-05	0.00016	8e-05	0.00028	0.00023	8e-05	0.00011	5e-05	0.00016	4e-05	7e-05	0.00039	0.00011	0.0034	0.0002	0.00017	6e-05	0.00013	0.0001	7e-05	0.00011	0.00029	0.00023	8e-05	0.00021	0.00012	0.00017	9e-05	9e-05	0.00018	0.0	0.00023	0.00023	0.0	0.0	0.0	0.0	0.0	0.0	0.0	0.00012	0.0002	0.00026	0.00015	0.00011	0.00026	0.0059	0.0	0.0	0.00192	0.00014	7e-05	0.00014	0.00016	0.00037	0.0	0.00013	0.00011	0.00014	4e-05	0.0	0.00015	3e-05	0.00013	0.00011	0.00018	0.00011	8e-05	0.0002	0.00011	0.00028	0.00017	0.00026	0.00011	0.00011	0.00019	0.00011	0.00025	0.00015	0.0	0.0002	0.0001	0.00038	6e-05	6e-05	0.00029	0.0	0.00014	0.00022	9e-05	0.00017	0.00064	0.00032	0.00016	9e-05	0.00028	8e-05	0.0	0.0	0.0	0.0	0.0	0.0	0.0	0.0	0.00023	0.0	0.00023	0.0	0.0	0.0	0.0	0.0	0.0	0.0	0.0	0.0	0.00064	
0.0	0.0	0.0	0.0	0.00024	0.00029	0.0	0.0	0.0	0.00043	0.0	0.0	0.0001	0.00034	0.00014	0.0	0.0	0.0	0.00023	0.0	0.0	0.0	0.0	0.0	0.0	0.0	0.0	7e-05	0.0	0.0	8e-05	4e-05	0.00012	0.00024	0.0001	0.00018	6e-05	8e-05	0.0	0.0	0.00011	6e-05	0.00018	0.00012	0.00018	9e-05	0.00016	8e-05	0.00028	0.00023	8e-05	0.00011	5e-05	0.00016	4e-05	7e-05	0.00039	0.00011	0.0034	0.0002	0.00017	6e-05	0.00013	0.0001	7e-05	0.00011	0.00029	0.00023	8e-05	0.00021	0.00012	0.00017	9e-05	9e-05	0.00018	0.0	0.00023	0.00023	0.0	0.0	0.0	0.0	0.0	0.0	0.0	0.00012	0.0002	0.00026	0.00015	0.00011	0.00026	0.0059	0.0	0.0	0.00192	0.00014	7e-05	0.00014	0.00016	0.00037	0.0	0.00013	0.00011	0.00014	4e-05	0.0	0.00015	3e-05	0.00013	0.00011	0.00018	0.00011	8e-05	0.0002	0.00011	0.00028	0.00017	0.00026	0.00011	0.00011	0.00019	0.00011	0.00025	0.00015	0.0	0.0002	0.0001	0.00038	6e-05	6e-05	0.00029	0.0	0.00014	0.00022	9e-05	0.00017	0.00064	0.00032	0.00016	9e-05	0.00028	8e-05	0.0	0.0	0.0	0.0	0.0	0.0	0.0	0.0	0.00023	0.0	0.00023	0.0	0.0	0.0	0.0	0.0	0.0	0.0	0.0	0.0	0.00064	
0.0	0.0	0.0	0.0	0.00024	0.00029	0.0	0.0	0.0	0.00043	0.0	0.0	0.0001	0.00034	0.00014	0.0	0.0	0.0	0.00023	0.0	0.0	0.0	0.0	0.0	0.0	0.0	0.0	7e-05	0.0	0.0	8e-05	4e-05	0.00012	0.00024	0.0001	0.00018	6e-05	8e-05	0.0	0.0	0.00011	6e-05	0.00018	0.00012	0.00018	9e-05	0.00016	8e-05	0.00028	0.00023	8e-05	0.00011	5e-05	0.00016	4e-05	7e-05	0.00039	0.00011	0.0034	0.0002	0.00017	6e-05	0.00013	0.0001	7e-05	0.00011	0.00029	0.00023	8e-05	0.00021	0.00012	0.00017	9e-05	9e-05	0.00018	0.0	0.00023	0.00023	0.0	0.0	0.0	0.0	0.0	0.0	0.0	0.00012	0.0002	0.00026	0.00015	0.00011	0.00026	0.0059	0.0	0.0	0.00192	0.00014	7e-05	0.00014	0.00016	0.00037	0.0	0.00013	0.00011	0.00014	4e-05	0.0	0.00015	3e-05	0.00013	0.00011	0.00018	0.00011	8e-05	0.0002	0.00011	0.00028	0.00017	0.00026	0.00011	0.00011	0.00019	0.00011	0.00025	0.00015	0.0	0.0002	0.0001	0.00038	6e-05	6e-05	0.00029	0.0	0.00014	0.00022	9e-05	0.00017	0.00064	0.00032	0.00016	9e-05	0.00028	8e-05	0.0	0.0	0.0	0.0	0.0	0.0	0.0	0.0	0.00023	0.0	0.00023	0.0	0.0	0.0	0.0	0.0	0.0	0.0	0.0	0.0	0.00064	
0.00043	0.00043	0.00043	0.03832	0.63701	0.38395	0.00043	0.00043	0.00043	0.0	0.00043	0.00043	0.04771	0.14617	0.34485	0.00043	0.00043	0.00043	0.0525	0.0	0.00043	0.00043	0.00043	0.00043	0.00043	0.00043	0.00043	0.10969	0.00043	0.00043	0.0244	0.11623	0.1919	0.11593	0.22788	0.31353	0.17059	0.89388	0.0	0.0	0.88702	0.61692	0.50314	0.07035	0.20215	0.14649	0.25556	0.24478	0.09458	0.0525	0.07587	0.01717	0.09574	0.07067	0.13155	0.072	0.13585	0.10219	0.28718	0.12819	0.06651	0.07129	0.01707	0.10747	0.16388	0.03883	0.08332	0.04063	0.13833	0.17974	0.03054	0.08189	0.0078	0.02688	0.05135	0.00043	0.0525	0.0525	0.00043	0.00043	0.00043	0.0	0.0	0.00043	0.00043	0.17347	0.38819	0.31973	0.01439	0.08859	0.04543	0.54036	0.0	0.0	0.3189	0.02059	0.08252	0.10346	0.15268	0.18504	0.0	0.15045	0.06585	0.03922	0.13204	0.00043	0.11323	0.04012	0.08678	0.28915	0.14194	0.27522	0.12715	0.03177	0.08069	0.21677	0.16313	0.04543	0.02203	0.2349	0.27977	0.03636	0.04722	0.01439	0.0	0.13988	0.06742	0.03882	0.10169	0.14593	0.42748	0.15263	0.32553	0.238	0.14649	0.0834	0.04868	0.07977	0.2598	0.00707	0.34229	0.03468	0.00043	0.00043	0.00043	0.00043	0.00043	0.00043	0.00043	0.00043	0.0525	0.00043	0.0525	0.00504	0.00043	0.00043	0.00043	0.00043	0.00043	0.0	0.00043	0.00043	0.04868	
0.0	0.0	0.0	0.0	0.00024	0.00029	0.0	0.0	0.0	0.00043	0.0	0.0	0.0001	0.00034	0.00014	0.0	0.0	0.0	0.00023	0.0	0.0	0.0	0.0	0.0	0.0	0.0	0.0	7e-05	0.0	0.0	8e-05	4e-05	0.00012	0.00024	0.0001	0.00018	6e-05	8e-05	0.0	0.0	0.00011	6e-05	0.00018	0.00012	0.00018	9e-05	0.00016	8e-05	0.00028	0.00023	8e-05	0.00011	5e-05	0.00016	4e-05	7e-05	0.00039	0.00011	0.0034	0.0002	0.00017	6e-05	0.00013	0.0001	7e-05	0.00011	0.00029	0.00023	8e-05	0.00021	0.00012	0.00017	9e-05	9e-05	0.00018	0.0	0.00023	0.00023	0.0	0.0	0.0	0.0	0.0	0.0	0.0	0.00012	0.0002	0.00026	0.00015	0.00011	0.00026	0.0059	0.0	0.0	0.00192	0.00014	7e-05	0.00014	0.00016	0.00037	0.0	0.00013	0.00011	0.00014	4e-05	0.0	0.00015	3e-05	0.00013	0.00011	0.00018	0.00011	8e-05	0.0002	0.00011	0.00028	0.00017	0.00026	0.00011	0.00011	0.00019	0.00011	0.00025	0.00015	0.0	0.0002	0.0001	0.00038	6e-05	6e-05	0.00029	0.0	0.00014	0.00022	9e-05	0.00017	0.00064	0.00032	0.00016	9e-05	0.00028	8e-05	0.0	0.0	0.0	0.0	0.0	0.0	0.0	0.0	0.00023	0.0	0.00023	0.0	0.0	0.0	0.0	0.0	0.0	0.0	0.0	0.0	0.00064	
0.0	0.0	0.0	0.0	0.00024	0.00029	0.0	0.0	0.0	0.00043	0.0	0.0	0.0001	0.00034	0.00014	0.0	0.0	0.0	0.00023	0.0	0.0	0.0	0.0	0.0	0.0	0.0	0.0	7e-05	0.0	0.0	8e-05	4e-05	0.00012	0.00024	0.0001	0.00018	6e-05	8e-05	0.0	0.0	0.00011	6e-05	0.00018	0.00012	0.00018	9e-05	0.00016	8e-05	0.00028	0.00023	8e-05	0.00011	5e-05	0.00016	4e-05	7e-05	0.00039	0.00011	0.0034	0.0002	0.00017	6e-05	0.00013	0.0001	7e-05	0.00011	0.00029	0.00023	8e-05	0.00021	0.00012	0.00017	9e-05	9e-05	0.00018	0.0	0.00023	0.00023	0.0	0.0	0.0	0.0	0.0	0.0	0.0	0.00012	0.0002	0.00026	0.00015	0.00011	0.00026	0.0059	0.0	0.0	0.00192	0.00014	7e-05	0.00014	0.00016	0.00037	0.0	0.00013	0.00011	0.00014	4e-05	0.0	0.00015	3e-05	0.00013	0.00011	0.00018	0.00011	8e-05	0.0002	0.00011	0.00028	0.00017	0.00026	0.00011	0.00011	0.00019	0.00011	0.00025	0.00015	0.0	0.0002	0.0001	0.00038	6e-05	6e-05	0.00029	0.0	0.00014	0.00022	9e-05	0.00017	0.00064	0.00032	0.00016	9e-05	0.00028	8e-05	0.0	0.0	0.0	0.0	0.0	0.0	0.0	0.0	0.00023	0.0	0.00023	0.0	0.0	0.0	0.0	0.0	0.0	0.0	0.0	0.0	0.00064	
0.0001	0.0001	0.0001	0.00606	0.10278	0.1459	0.0001	0.0001	0.0001	0.04771	0.0001	0.0001	0.0	0.12635	0.08512	0.0001	0.0001	0.0001	0.10908	0.0	0.0001	0.0001	0.0001	0.0001	0.0001	0.0001	0.0001	0.28711	0.0001	0.0001	0.04994	0.18714	0.07564	0.09421	0.11548	0.26757	0.81484	0.39351	0.0	0.0	0.79539	0.62466	0.22332	0.23288	0.16941	0.29203	0.12198	0.3025	0.11076	0.10908	0.1455	0.08941	0.29154	0.02199	0.2465	0.18945	0.07673	0.23003	0.34	0.29061	0.14579	0.35913	0.26732	0.17412	0.36094	0.10686	0.15165	0.16291	0.17785	0.18308	0.1223	0.02635	0.09983	0.12995	0.39911	0.0001	0.10908	0.10908	0.0001	0.0001	0.0001	0.0	0.0	0.0001	0.0001	0.05427	0.25189	0.157	0.1698	0.14737	0.09161	0.22685	0.0	0.0	0.5447	0.01276	0.33556	0.10704	0.22648	0.62583	0.0	0.05961	0.12588	0.36482	0.23185	0.0001	0.16527	0.44939	0.26403	0.1914	0.06666	1.14789	0.55666	0.13161	0.12505	0.13117	0.20997	0.09161	0.22304	0.26967	0.27716	0.10159	0.17614	0.1698	0.0	0.20696	0.21022	0.15897	0.44492	0.25654	0.10315	0.02044	0.30192	0.0907	0.29203	0.22728	0.09094	0.17812	0.10054	0.20476	0.11028	0.32631	0.0001	0.0001	0.0001	0.0001	0.0001	0.0001	0.0001	0.0001	0.10908	0.0001	0.10908	0.02116	0.0001	0.0001	0.0001	0.0001	0.0001	0.0	0.0001	0.0001	0.09094	
0.00034	0.00034	0.00034	0.00322	0.13355	0.20261	0.00034	0.00034	0.00034	0.14617	0.00034	0.00034	0.12635	0.0	0.27449	0.00034	0.00034	0.00034	0.03611	0.0	0.00034	0.00034	0.00034	0.00034	0.00034	0.00034	0.00034	0.14863	0.00034	0.00034	0.29351	0.08001	0.25548	0.35806	0.14074	0.22277	0.23771	0.66654	0.0	0.0	0.2951	0.23416	0.37024	0.15778	0.55456	0.09844	0.12095	0.17512	0.20851	0.03611	0.10511	0.12597	0.12998	0.04854	0.19421	0.44457	0.15759	0.17883	0.24027	0.17982	0.41517	0.18195	0.16107	0.1148	0.17963	0.50485	0.38345	0.36899	0.27206	0.30735	0.10802	0.05614	0.13171	0.1869	0.03531	0.00034	0.03611	0.03611	0.00034	0.00034	0.00034	0.0	0.0	0.00034	0.00034	0.17157	0.13219	0.18639	0.0556	0.12927	0.36562	0.30301	0.0	0.0	0.37089	0.19021	0.15873	0.26661	0.16825	0.27529	0.0	0.14491	0.04566	0.23368	0.15119	0.00034	0.13284	0.13571	0.1349	0.20421	0.15304	0.64987	0.18827	0.16869	0.24074	0.15772	0.07329	0.36562	0.17775	0.15559	0.16851	0.20368	0.37769	0.0556	0.0	0.19807	0.12936	0.23069	0.1579	0.13464	0.43989	0.0	0.18398	0.12537	0.09844	0.29609	0.56763	0.3891	0.11929	0.20612	0.33182	0.14047	0.00034	0.00034	0.00034	0.00034	0.00034	0.00034	0.00034	0.00034	0.03611	0.00034	0.03611	0.00624	0.00034	0.00034	0.00034	0.00034	0.00034	0.0	0.00034	0.00034	0.56763	
0.00014	0.00014	0.00014	0.16365	0.28883	0.2391	0.00014	0.00014	0.00014	0.34485	0.00014	0.00014	0.08512	0.27449	0.0	0.00014	0.00014	0.00014	0.06541	0.0	0.00014	0.00014	0.00014	0.00014	0.00014	0.00014	0.00014	0.34677	0.00014	0.00014	0.35294	0.17403	0.43598	0.18683	0.12911	0.25978	0.33131	0.66402	0.0	0.0	1.14243	0.80686	0.49829	0.15243	0.29467	0.20678	0.22236	0.26452	0.05752	0.06541	0.26107	0.06366	0.30184	0.09094	0.30736	0.29023	0.03004	0.19896	0.52757	0.20307	0.16052	0.13316	0.15762	0.22184	0.21239	0.27015	0.16203	0.24246	0.1369	0.38112	0.21336	0.10714	0.22372	0.2981	0.06384	0.00014	0.06541	0.06541	0.00014	0.00014	0.00014	0.0	0.0	0.00014	0.00014	0.10462	0.29117	0.27714	0.18386	0.09537	0.26842	0.23393	0.0	0.0	0.31506	0.07654	0.34571	0.32511	0.17445	0.19204	0.0	0.05964	0.08713	0.12869	0.12372	0.00014	0.12272	0.08919	0.06715	0.30806	0.03085	0.50708	0.28565	0.07544	0.18236	0.23003	0.33572	0.26842	0.16948	0.21842	0.21948	0.27013	0.25041	0.18386	0.0	0.11726	0.05779	0.05256	0.22983	0.1418	0.85893	0.9123	0.27852	0.06025	0.20678	0.26252	0.15607	0.15976	0.09039	0.17252	0.39079	0.10713	0.00014	0.00014	0.00014	0.00014	0.00014	0.00014	0.00014	0.00014	0.06541	0.00014	0.06541	0.00865	0.00014	0.00014	0.00014	0.00014	0.00014	0.0	0.00014	0.00014	0.15607	
0.0	0.0	0.0	0.0	0.00024	0.00029	0.0	0.0	0.0	0.00043	0.0	0.0	0.0001	0.00034	0.00014	0.0	0.0	0.0	0.00023	0.0	0.0	0.0	0.0	0.0	0.0	0.0	0.0	7e-05	0.0	0.0	8e-05	4e-05	0.00012	0.00024	0.0001	0.00018	6e-05	8e-05	0.0	0.0	0.00011	6e-05	0.00018	0.00012	0.00018	9e-05	0.00016	8e-05	0.00028	0.00023	8e-05	0.00011	5e-05	0.00016	4e-05	7e-05	0.00039	0.00011	0.0034	0.0002	0.00017	6e-05	0.00013	0.0001	7e-05	0.00011	0.00029	0.00023	8e-05	0.00021	0.00012	0.00017	9e-05	9e-05	0.00018	0.0	0.00023	0.00023	0.0	0.0	0.0	0.0	0.0	0.0	0.0	0.00012	0.0002	0.00026	0.00015	0.00011	0.00026	0.0059	0.0	0.0	0.00192	0.00014	7e-05	0.00014	0.00016	0.00037	0.0	0.00013	0.00011	0.00014	4e-05	0.0	0.00015	3e-05	0.00013	0.00011	0.00018	0.00011	8e-05	0.0002	0.00011	0.00028	0.00017	0.00026	0.00011	0.00011	0.00019	0.00011	0.00025	0.00015	0.0	0.0002	0.0001	0.00038	6e-05	6e-05	0.00029	0.0	0.00014	0.00022	9e-05	0.00017	0.00064	0.00032	0.00016	9e-05	0.00028	8e-05	0.0	0.0	0.0	0.0	0.0	0.0	0.0	0.0	0.00023	0.0	0.00023	0.0	0.0	0.0	0.0	0.0	0.0	0.0	0.0	0.0	0.00064	
0.0	0.0	0.0	0.0	0.00024	0.00029	0.0	0.0	0.0	0.00043	0.0	0.0	0.0001	0.00034	0.00014	0.0	0.0	0.0	0.00023	0.0	0.0	0.0	0.0	0.0	0.0	0.0	0.0	7e-05	0.0	0.0	8e-05	4e-05	0.00012	0.00024	0.0001	0.00018	6e-05	8e-05	0.0	0.0	0.00011	6e-05	0.00018	0.00012	0.00018	9e-05	0.00016	8e-05	0.00028	0.00023	8e-05	0.00011	5e-05	0.00016	4e-05	7e-05	0.00039	0.00011	0.0034	0.0002	0.00017	6e-05	0.00013	0.0001	7e-05	0.00011	0.00029	0.00023	8e-05	0.00021	0.00012	0.00017	9e-05	9e-05	0.00018	0.0	0.00023	0.00023	0.0	0.0	0.0	0.0	0.0	0.0	0.0	0.00012	0.0002	0.00026	0.00015	0.00011	0.00026	0.0059	0.0	0.0	0.00192	0.00014	7e-05	0.00014	0.00016	0.00037	0.0	0.00013	0.00011	0.00014	4e-05	0.0	0.00015	3e-05	0.00013	0.00011	0.00018	0.00011	8e-05	0.0002	0.00011	0.00028	0.00017	0.00026	0.00011	0.00011	0.00019	0.00011	0.00025	0.00015	0.0	0.0002	0.0001	0.00038	6e-05	6e-05	0.00029	0.0	0.00014	0.00022	9e-05	0.00017	0.00064	0.00032	0.00016	9e-05	0.00028	8e-05	0.0	0.0	0.0	0.0	0.0	0.0	0.0	0.0	0.00023	0.0	0.00023	0.0	0.0	0.0	0.0	0.0	0.0	0.0	0.0	0.0	0.00064	
0.0	0.0	0.0	0.0	0.00024	0.00029	0.0	0.0	0.0	0.00043	0.0	0.0	0.0001	0.00034	0.00014	0.0	0.0	0.0	0.00023	0.0	0.0	0.0	0.0	0.0	0.0	0.0	0.0	7e-05	0.0	0.0	8e-05	4e-05	0.00012	0.00024	0.0001	0.00018	6e-05	8e-05	0.0	0.0	0.00011	6e-05	0.00018	0.00012	0.00018	9e-05	0.00016	8e-05	0.00028	0.00023	8e-05	0.00011	5e-05	0.00016	4e-05	7e-05	0.00039	0.00011	0.0034	0.0002	0.00017	6e-05	0.00013	0.0001	7e-05	0.00011	0.00029	0.00023	8e-05	0.00021	0.00012	0.00017	9e-05	9e-05	0.00018	0.0	0.00023	0.00023	0.0	0.0	0.0	0.0	0.0	0.0	0.0	0.00012	0.0002	0.00026	0.00015	0.00011	0.00026	0.0059	0.0	0.0	0.00192	0.00014	7e-05	0.00014	0.00016	0.00037	0.0	0.00013	0.00011	0.00014	4e-05	0.0	0.00015	3e-05	0.00013	0.00011	0.00018	0.00011	8e-05	0.0002	0.00011	0.00028	0.00017	0.00026	0.00011	0.00011	0.00019	0.00011	0.00025	0.00015	0.0	0.0002	0.0001	0.00038	6e-05	6e-05	0.00029	0.0	0.00014	0.00022	9e-05	0.00017	0.00064	0.00032	0.00016	9e-05	0.00028	8e-05	0.0	0.0	0.0	0.0	0.0	0.0	0.0	0.0	0.00023	0.0	0.00023	0.0	0.0	0.0	0.0	0.0	0.0	0.0	0.0	0.0	0.00064	
0.00023	0.00023	0.00023	0.00151	0.06387	0.03588	0.00023	0.00023	0.00023	0.0525	0.00023	0.00023	0.10908	0.03611	0.06541	0.00023	0.00023	0.00023	0.0	0.0	0.00023	0.00023	0.00023	0.00023	0.00023	0.00023	0.00023	0.12169	0.00023	0.00023	0.06791	0.36578	0.08106	0.23389	0.12096	0.09913	0.25591	0.71376	0.0	0.0	0.70829	0.47664	0.17814	0.10295	0.11105	0.1734	0.08813	0.13457	0.04763	0.99972	0.18501	0.11171	0.14676	0.03783	0.15952	0.17429	0.06773	0.20374	0.15417	0.17718	0.34231	0.17312	0.11278	0.33572	0.14049	0.45332	0.52833	0.09999	0.44227	0.14054	0.15089	0.04316	0.09459	0.13069	0.0284	0.00023	0.99972	0.99972	0.00023	0.00023	0.00023	0.0	0.0	0.00023	0.00023	0.18025	0.05986	0.14314	0.04278	0.4183	0.04992	1.17078	0.0	0.0	0.69281	0.13207	0.20551	0.06616	0.12029	0.14737	0.0	0.15461	0.64004	0.16421	0.05624	0.00023	0.4253	0.11936	0.06011	0.1109	0.1797	0.14837	0.15495	0.22146	0.12178	0.1609	0.24407	0.04992	0.16839	0.34387	0.47699	0.05361	0.11092	0.04278	0.0	0.06482	0.06633	0.02214	0.1199	0.38977	0.076	0.02626	0.08199	0.10911	0.1734	0.19627	0.0272	0.04072	0.09149	0.09998	0.03192	0.40978	0.00023	0.00023	0.00023	0.00023	0.00023	0.00023	0.00023	0.00023	0.99972	0.00023	0.99972	0.0	0.00023	0.00023	0.00023	0.00023	0.00023	0.0	0.00023	0.00023	0.0272	
0.0	0.0	0.0	0.0	0.0	0.0	0.0	0.0	0.0	0.0	0.0	0.0	0.0	0.0	0.0	0.0	0.0	0.0	0.0	0.0	0.0	0.0	0.0	0.0	0.0	0.0	0.0	0.0	0.0	0.0	0.0	0.0	0.0	0.0	0.0	0.0	0.0	0.0	0.0	0.0	0.0	0.0	0.0	0.0	0.0	0.0	0.0	0.0	0.0	0.0	0.0	0.0	0.0	0.0	0.0	0.0	0.0	0.0	0.0	0.0	0.0	0.0	0.0	0.0	0.0	0.0	0.0	0.0	0.0	0.0	0.0	0.0	0.0	0.0	0.0	0.0	0.0	0.0	0.0	0.0	0.0	0.0	0.0	0.0	0.0	0.0	0.0	0.0	0.0	0.0	0.0	0.0	0.0	0.0	0.0	0.0	0.0	0.0	0.0	0.0	0.0	0.0	0.0	0.0	0.0	0.0	0.0	0.0	0.0	0.0	0.0	0.0	0.0	0.0	0.0	0.0	0.0	0.0	0.0	0.0	0.0	0.0	0.0	0.0	0.0	0.0	0.0	0.0	0.0	0.0	0.0	0.0	0.0	0.0	0.0	0.0	0.0	0.0	0.0	0.0	0.0	0.0	0.0	0.0	0.0	0.0	0.0	0.0	0.0	0.0	0.0	0.0	0.0	0.0	0.0	0.0	0.0	0.0	0.0	0.0	0.0	0.0	0.0	
0.0	0.0	0.0	0.0	0.00024	0.00029	0.0	0.0	0.0	0.00043	0.0	0.0	0.0001	0.00034	0.00014	0.0	0.0	0.0	0.00023	0.0	0.0	0.0	0.0	0.0	0.0	0.0	0.0	7e-05	0.0	0.0	8e-05	4e-05	0.00012	0.00024	0.0001	0.00018	6e-05	8e-05	0.0	0.0	0.00011	6e-05	0.00018	0.00012	0.00018	9e-05	0.00016	8e-05	0.00028	0.00023	8e-05	0.00011	5e-05	0.00016	4e-05	7e-05	0.00039	0.00011	0.0034	0.0002	0.00017	6e-05	0.00013	0.0001	7e-05	0.00011	0.00029	0.00023	8e-05	0.00021	0.00012	0.00017	9e-05	9e-05	0.00018	0.0	0.00023	0.00023	0.0	0.0	0.0	0.0	0.0	0.0	0.0	0.00012	0.0002	0.00026	0.00015	0.00011	0.00026	0.0059	0.0	0.0	0.00192	0.00014	7e-05	0.00014	0.00016	0.00037	0.0	0.00013	0.00011	0.00014	4e-05	0.0	0.00015	3e-05	0.00013	0.00011	0.00018	0.00011	8e-05	0.0002	0.00011	0.00028	0.00017	0.00026	0.00011	0.00011	0.00019	0.00011	0.00025	0.00015	0.0	0.0002	0.0001	0.00038	6e-05	6e-05	0.00029	0.0	0.00014	0.00022	9e-05	0.00017	0.00064	0.00032	0.00016	9e-05	0.00028	8e-05	0.0	0.0	0.0	0.0	0.0	0.0	0.0	0.0	0.00023	0.0	0.00023	0.0	0.0	0.0	0.0	0.0	0.0	0.0	0.0	0.0	0.00064	
0.0	0.0	0.0	0.0	0.00024	0.00029	0.0	0.0	0.0	0.00043	0.0	0.0	0.0001	0.00034	0.00014	0.0	0.0	0.0	0.00023	0.0	0.0	0.0	0.0	0.0	0.0	0.0	0.0	7e-05	0.0	0.0	8e-05	4e-05	0.00012	0.00024	0.0001	0.00018	6e-05	8e-05	0.0	0.0	0.00011	6e-05	0.00018	0.00012	0.00018	9e-05	0.00016	8e-05	0.00028	0.00023	8e-05	0.00011	5e-05	0.00016	4e-05	7e-05	0.00039	0.00011	0.0034	0.0002	0.00017	6e-05	0.00013	0.0001	7e-05	0.00011	0.00029	0.00023	8e-05	0.00021	0.00012	0.00017	9e-05	9e-05	0.00018	0.0	0.00023	0.00023	0.0	0.0	0.0	0.0	0.0	0.0	0.0	0.00012	0.0002	0.00026	0.00015	0.00011	0.00026	0.0059	0.0	0.0	0.00192	0.00014	7e-05	0.00014	0.00016	0.00037	0.0	0.00013	0.00011	0.00014	4e-05	0.0	0.00015	3e-05	0.00013	0.00011	0.00018	0.00011	8e-05	0.0002	0.00011	0.00028	0.00017	0.00026	0.00011	0.00011	0.00019	0.00011	0.00025	0.00015	0.0	0.0002	0.0001	0.00038	6e-05	6e-05	0.00029	0.0	0.00014	0.00022	9e-05	0.00017	0.00064	0.00032	0.00016	9e-05	0.00028	8e-05	0.0	0.0	0.0	0.0	0.0	0.0	0.0	0.0	0.00023	0.0	0.00023	0.0	0.0	0.0	0.0	0.0	0.0	0.0	0.0	0.0	0.00064	
0.0	0.0	0.0	0.0	0.00024	0.00029	0.0	0.0	0.0	0.00043	0.0	0.0	0.0001	0.00034	0.00014	0.0	0.0	0.0	0.00023	0.0	0.0	0.0	0.0	0.0	0.0	0.0	0.0	7e-05	0.0	0.0	8e-05	4e-05	0.00012	0.00024	0.0001	0.00018	6e-05	8e-05	0.0	0.0	0.00011	6e-05	0.00018	0.00012	0.00018	9e-05	0.00016	8e-05	0.00028	0.00023	8e-05	0.00011	5e-05	0.00016	4e-05	7e-05	0.00039	0.00011	0.0034	0.0002	0.00017	6e-05	0.00013	0.0001	7e-05	0.00011	0.00029	0.00023	8e-05	0.00021	0.00012	0.00017	9e-05	9e-05	0.00018	0.0	0.00023	0.00023	0.0	0.0	0.0	0.0	0.0	0.0	0.0	0.00012	0.0002	0.00026	0.00015	0.00011	0.00026	0.0059	0.0	0.0	0.00192	0.00014	7e-05	0.00014	0.00016	0.00037	0.0	0.00013	0.00011	0.00014	4e-05	0.0	0.00015	3e-05	0.00013	0.00011	0.00018	0.00011	8e-05	0.0002	0.00011	0.00028	0.00017	0.00026	0.00011	0.00011	0.00019	0.00011	0.00025	0.00015	0.0	0.0002	0.0001	0.00038	6e-05	6e-05	0.00029	0.0	0.00014	0.00022	9e-05	0.00017	0.00064	0.00032	0.00016	9e-05	0.00028	8e-05	0.0	0.0	0.0	0.0	0.0	0.0	0.0	0.0	0.00023	0.0	0.00023	0.0	0.0	0.0	0.0	0.0	0.0	0.0	0.0	0.0	0.00064	
0.0	0.0	0.0	0.0	0.00024	0.00029	0.0	0.0	0.0	0.00043	0.0	0.0	0.0001	0.00034	0.00014	0.0	0.0	0.0	0.00023	0.0	0.0	0.0	0.0	0.0	0.0	0.0	0.0	7e-05	0.0	0.0	8e-05	4e-05	0.00012	0.00024	0.0001	0.00018	6e-05	8e-05	0.0	0.0	0.00011	6e-05	0.00018	0.00012	0.00018	9e-05	0.00016	8e-05	0.00028	0.00023	8e-05	0.00011	5e-05	0.00016	4e-05	7e-05	0.00039	0.00011	0.0034	0.0002	0.00017	6e-05	0.00013	0.0001	7e-05	0.00011	0.00029	0.00023	8e-05	0.00021	0.00012	0.00017	9e-05	9e-05	0.00018	0.0	0.00023	0.00023	0.0	0.0	0.0	0.0	0.0	0.0	0.0	0.00012	0.0002	0.00026	0.00015	0.00011	0.00026	0.0059	0.0	0.0	0.00192	0.00014	7e-05	0.00014	0.00016	0.00037	0.0	0.00013	0.00011	0.00014	4e-05	0.0	0.00015	3e-05	0.00013	0.00011	0.00018	0.00011	8e-05	0.0002	0.00011	0.00028	0.00017	0.00026	0.00011	0.00011	0.00019	0.00011	0.00025	0.00015	0.0	0.0002	0.0001	0.00038	6e-05	6e-05	0.00029	0.0	0.00014	0.00022	9e-05	0.00017	0.00064	0.00032	0.00016	9e-05	0.00028	8e-05	0.0	0.0	0.0	0.0	0.0	0.0	0.0	0.0	0.00023	0.0	0.00023	0.0	0.0	0.0	0.0	0.0	0.0	0.0	0.0	0.0	0.00064	
0.0	0.0	0.0	0.0	0.00024	0.00029	0.0	0.0	0.0	0.00043	0.0	0.0	0.0001	0.00034	0.00014	0.0	0.0	0.0	0.00023	0.0	0.0	0.0	0.0	0.0	0.0	0.0	0.0	7e-05	0.0	0.0	8e-05	4e-05	0.00012	0.00024	0.0001	0.00018	6e-05	8e-05	0.0	0.0	0.00011	6e-05	0.00018	0.00012	0.00018	9e-05	0.00016	8e-05	0.00028	0.00023	8e-05	0.00011	5e-05	0.00016	4e-05	7e-05	0.00039	0.00011	0.0034	0.0002	0.00017	6e-05	0.00013	0.0001	7e-05	0.00011	0.00029	0.00023	8e-05	0.00021	0.00012	0.00017	9e-05	9e-05	0.00018	0.0	0.00023	0.00023	0.0	0.0	0.0	0.0	0.0	0.0	0.0	0.00012	0.0002	0.00026	0.00015	0.00011	0.00026	0.0059	0.0	0.0	0.00192	0.00014	7e-05	0.00014	0.00016	0.00037	0.0	0.00013	0.00011	0.00014	4e-05	0.0	0.00015	3e-05	0.00013	0.00011	0.00018	0.00011	8e-05	0.0002	0.00011	0.00028	0.00017	0.00026	0.00011	0.00011	0.00019	0.00011	0.00025	0.00015	0.0	0.0002	0.0001	0.00038	6e-05	6e-05	0.00029	0.0	0.00014	0.00022	9e-05	0.00017	0.00064	0.00032	0.00016	9e-05	0.00028	8e-05	0.0	0.0	0.0	0.0	0.0	0.0	0.0	0.0	0.00023	0.0	0.00023	0.0	0.0	0.0	0.0	0.0	0.0	0.0	0.0	0.0	0.00064	
0.0	0.0	0.0	0.0	0.00024	0.00029	0.0	0.0	0.0	0.00043	0.0	0.0	0.0001	0.00034	0.00014	0.0	0.0	0.0	0.00023	0.0	0.0	0.0	0.0	0.0	0.0	0.0	0.0	7e-05	0.0	0.0	8e-05	4e-05	0.00012	0.00024	0.0001	0.00018	6e-05	8e-05	0.0	0.0	0.00011	6e-05	0.00018	0.00012	0.00018	9e-05	0.00016	8e-05	0.00028	0.00023	8e-05	0.00011	5e-05	0.00016	4e-05	7e-05	0.00039	0.00011	0.0034	0.0002	0.00017	6e-05	0.00013	0.0001	7e-05	0.00011	0.00029	0.00023	8e-05	0.00021	0.00012	0.00017	9e-05	9e-05	0.00018	0.0	0.00023	0.00023	0.0	0.0	0.0	0.0	0.0	0.0	0.0	0.00012	0.0002	0.00026	0.00015	0.00011	0.00026	0.0059	0.0	0.0	0.00192	0.00014	7e-05	0.00014	0.00016	0.00037	0.0	0.00013	0.00011	0.00014	4e-05	0.0	0.00015	3e-05	0.00013	0.00011	0.00018	0.00011	8e-05	0.0002	0.00011	0.00028	0.00017	0.00026	0.00011	0.00011	0.00019	0.00011	0.00025	0.00015	0.0	0.0002	0.0001	0.00038	6e-05	6e-05	0.00029	0.0	0.00014	0.00022	9e-05	0.00017	0.00064	0.00032	0.00016	9e-05	0.00028	8e-05	0.0	0.0	0.0	0.0	0.0	0.0	0.0	0.0	0.00023	0.0	0.00023	0.0	0.0	0.0	0.0	0.0	0.0	0.0	0.0	0.0	0.00064	
0.0	0.0	0.0	0.0	0.00024	0.00029	0.0	0.0	0.0	0.00043	0.0	0.0	0.0001	0.00034	0.00014	0.0	0.0	0.0	0.00023	0.0	0.0	0.0	0.0	0.0	0.0	0.0	0.0	7e-05	0.0	0.0	8e-05	4e-05	0.00012	0.00024	0.0001	0.00018	6e-05	8e-05	0.0	0.0	0.00011	6e-05	0.00018	0.00012	0.00018	9e-05	0.00016	8e-05	0.00028	0.00023	8e-05	0.00011	5e-05	0.00016	4e-05	7e-05	0.00039	0.00011	0.0034	0.0002	0.00017	6e-05	0.00013	0.0001	7e-05	0.00011	0.00029	0.00023	8e-05	0.00021	0.00012	0.00017	9e-05	9e-05	0.00018	0.0	0.00023	0.00023	0.0	0.0	0.0	0.0	0.0	0.0	0.0	0.00012	0.0002	0.00026	0.00015	0.00011	0.00026	0.0059	0.0	0.0	0.00192	0.00014	7e-05	0.00014	0.00016	0.00037	0.0	0.00013	0.00011	0.00014	4e-05	0.0	0.00015	3e-05	0.00013	0.00011	0.00018	0.00011	8e-05	0.0002	0.00011	0.00028	0.00017	0.00026	0.00011	0.00011	0.00019	0.00011	0.00025	0.00015	0.0	0.0002	0.0001	0.00038	6e-05	6e-05	0.00029	0.0	0.00014	0.00022	9e-05	0.00017	0.00064	0.00032	0.00016	9e-05	0.00028	8e-05	0.0	0.0	0.0	0.0	0.0	0.0	0.0	0.0	0.00023	0.0	0.00023	0.0	0.0	0.0	0.0	0.0	0.0	0.0	0.0	0.0	0.00064	
7e-05	7e-05	7e-05	0.03059	0.19487	0.13219	7e-05	7e-05	7e-05	0.10969	7e-05	7e-05	0.28711	0.14863	0.34677	7e-05	7e-05	7e-05	0.12169	0.0	7e-05	7e-05	7e-05	7e-05	7e-05	7e-05	7e-05	0.0	7e-05	7e-05	0.50796	0.37277	0.39135	0.14658	0.25897	0.4927	0.65563	0.55627	0.0	0.0	1.0042	0.87232	0.35339	0.03444	0.19594	0.63135	0.19756	0.14083	0.07873	0.12169	0.31556	0.11292	0.82969	0.10336	0.43538	0.32949	0.08913	0.21524	1.19583	0.22784	0.18725	0.20572	0.44859	0.34334	0.25919	0.21459	0.16383	0.3061	0.1659	0.21749	0.28957	0.03643	0.02794	0.1144	0.11842	7e-05	0.12169	0.12169	7e-05	7e-05	7e-05	0.0	0.0	7e-05	7e-05	0.08032	0.13692	0.30424	0.09353	0.29283	0.14045	0.44177	0.0	0.0	0.48303	0.12621	0.43012	0.13244	0.25368	0.22253	0.0	0.16898	0.13779	0.2625	0.15679	7e-05	0.10463	0.17684	0.05307	0.20413	0.0953	0.52065	0.30899	0.26301	0.23543	0.1979	0.32212	0.14045	0.42198	0.25816	0.19164	0.2819	0.07068	0.09353	0.0	0.13171	0.05848	0.06612	0.37449	0.26982	0.16482	0.13925	0.36097	0.32839	0.63135	0.47225	0.0903	0.17895	0.3161	0.39597	0.18159	0.18043	7e-05	7e-05	7e-05	7e-05	7e-05	7e-05	7e-05	7e-05	0.12169	7e-05	0.12169	0.02223	7e-05	7e-05	7e-05	7e-05	7e-05	0.0	7e-05	7e-05	0.0903	
0.0	0.0	0.0	0.0	0.00024	0.00029	0.0	0.0	0.0	0.00043	0.0	0.0	0.0001	0.00034	0.00014	0.0	0.0	0.0	0.00023	0.0	0.0	0.0	0.0	0.0	0.0	0.0	0.0	7e-05	0.0	0.0	8e-05	4e-05	0.00012	0.00024	0.0001	0.00018	6e-05	8e-05	0.0	0.0	0.00011	6e-05	0.00018	0.00012	0.00018	9e-05	0.00016	8e-05	0.00028	0.00023	8e-05	0.00011	5e-05	0.00016	4e-05	7e-05	0.00039	0.00011	0.0034	0.0002	0.00017	6e-05	0.00013	0.0001	7e-05	0.00011	0.00029	0.00023	8e-05	0.00021	0.00012	0.00017	9e-05	9e-05	0.00018	0.0	0.00023	0.00023	0.0	0.0	0.0	0.0	0.0	0.0	0.0	0.00012	0.0002	0.00026	0.00015	0.00011	0.00026	0.0059	0.0	0.0	0.00192	0.00014	7e-05	0.00014	0.00016	0.00037	0.0	0.00013	0.00011	0.00014	4e-05	0.0	0.00015	3e-05	0.00013	0.00011	0.00018	0.00011	8e-05	0.0002	0.00011	0.00028	0.00017	0.00026	0.00011	0.00011	0.00019	0.00011	0.00025	0.00015	0.0	0.0002	0.0001	0.00038	6e-05	6e-05	0.00029	0.0	0.00014	0.00022	9e-05	0.00017	0.00064	0.00032	0.00016	9e-05	0.00028	8e-05	0.0	0.0	0.0	0.0	0.0	0.0	0.0	0.0	0.00023	0.0	0.00023	0.0	0.0	0.0	0.0	0.0	0.0	0.0	0.0	0.0	0.00064	
0.0	0.0	0.0	0.0	0.00024	0.00029	0.0	0.0	0.0	0.00043	0.0	0.0	0.0001	0.00034	0.00014	0.0	0.0	0.0	0.00023	0.0	0.0	0.0	0.0	0.0	0.0	0.0	0.0	7e-05	0.0	0.0	8e-05	4e-05	0.00012	0.00024	0.0001	0.00018	6e-05	8e-05	0.0	0.0	0.00011	6e-05	0.00018	0.00012	0.00018	9e-05	0.00016	8e-05	0.00028	0.00023	8e-05	0.00011	5e-05	0.00016	4e-05	7e-05	0.00039	0.00011	0.0034	0.0002	0.00017	6e-05	0.00013	0.0001	7e-05	0.00011	0.00029	0.00023	8e-05	0.00021	0.00012	0.00017	9e-05	9e-05	0.00018	0.0	0.00023	0.00023	0.0	0.0	0.0	0.0	0.0	0.0	0.0	0.00012	0.0002	0.00026	0.00015	0.00011	0.00026	0.0059	0.0	0.0	0.00192	0.00014	7e-05	0.00014	0.00016	0.00037	0.0	0.00013	0.00011	0.00014	4e-05	0.0	0.00015	3e-05	0.00013	0.00011	0.00018	0.00011	8e-05	0.0002	0.00011	0.00028	0.00017	0.00026	0.00011	0.00011	0.00019	0.00011	0.00025	0.00015	0.0	0.0002	0.0001	0.00038	6e-05	6e-05	0.00029	0.0	0.00014	0.00022	9e-05	0.00017	0.00064	0.00032	0.00016	9e-05	0.00028	8e-05	0.0	0.0	0.0	0.0	0.0	0.0	0.0	0.0	0.00023	0.0	0.00023	0.0	0.0	0.0	0.0	0.0	0.0	0.0	0.0	0.0	0.00064	
8e-05	8e-05	8e-05	0.00481	0.24295	0.1383	8e-05	8e-05	8e-05	0.0244	8e-05	8e-05	0.04994	0.29351	0.35294	8e-05	8e-05	8e-05	0.06791	0.0	8e-05	8e-05	8e-05	8e-05	8e-05	8e-05	8e-05	0.50796	8e-05	8e-05	0.0	0.18985	0.35176	0.23626	0.19158	0.3111	0.4544	0.49436	0.0	0.0	0.50038	0.41566	0.41695	0.09465	0.31973	0.222	0.17956	0.15057	0.102	0.06791	0.14063	0.21928	0.43821	0.09515	0.37749	0.20603	0.0604	0.18125	0.52369	0.19625	0.18763	0.09433	0.21648	0.27572	0.15315	0.17494	0.20779	0.36042	0.23494	0.18376	0.28309	0.0898	0.1043	0.15475	0.06625	8e-05	0.06791	0.06791	8e-05	8e-05	8e-05	0.0	0.0	8e-05	8e-05	0.10496	0.0459	0.20839	0.09054	0.34619	0.22194	0.36001	0.0	0.0	0.41695	0.09864	0.2888	0.21721	0.1725	0.27673	0.0	0.10884	0.12818	0.29986	0.35508	8e-05	0.11104	0.24022	0.0109	0.21146	0.08179	0.50335	0.32128	0.01131	0.25345	0.15528	0.16207	0.22194	0.33074	0.35244	0.1474	0.63773	0.18394	0.09054	0.0	0.16483	0.00499	0.0711	0.29692	0.23078	0.33098	0.55439	0.22102	0.12304	0.222	0.2816	0.20579	0.3494	0.14931	0.41985	0.14739	0.08092	8e-05	8e-05	8e-05	8e-05	8e-05	8e-05	8e-05	8e-05	0.06791	8e-05	0.06791	0.01053	8e-05	8e-05	8e-05	8e-05	8e-05	0.0	8e-05	8e-05	0.20579	
4e-05	4e-05	4e-05	0.00315	0.17099	0.07203	4e-05	4e-05	4e-05	0.11623	4e-05	4e-05	0.18714	0.08001	0.17403	4e-05	4e-05	4e-05	0.36578	0.0	4e-05	4e-05	4e-05	4e-05	4e-05	4e-05	4e-05	0.37277	4e-05	4e-05	0.18985	0.0	0.21486	0.41006	0.46573	0.31613	0.43165	0.93947	0.0	0.0	0.93226	0.92545	0.51953	0.16698	0.15843	0.34097	0.12453	0.34285	0.22385	0.36578	0.27424	0.10186	0.40886	0.31157	0.47943	0.19457	0.07898	0.28179	0.9318	0.2693	0.38875	0.25599	0.3417	0.344	0.22509	0.33268	0.32159	0.21619	0.30105	0.26433	0.24975	0.07286	0.18052	0.17941	0.05143	4e-05	0.36578	0.36578	4e-05	4e-05	4e-05	0.0	0.0	4e-05	4e-05	0.18592	0.094	0.25566	0.09006	0.3622	0.10376	0.92618	0.0	0.0	0.87451	0.11746	0.35643	0.09737	0.29442	0.35266	0.0	0.26638	0.32745	0.21886	0.12304	4e-05	0.29362	0.18631	0.0651	0.14544	0.15325	0.40143	0.37041	0.28038	0.44362	0.215	0.31135	0.10376	0.42864	0.3184	0.32594	0.13565	0.20899	0.09006	0.0	0.31058	0.07794	0.04097	0.41939	0.54805	0.10568	0.04949	0.20695	0.21249	0.34097	0.33956	0.05057	0.09409	0.19873	0.21073	0.06819	0.38292	4e-05	4e-05	4e-05	4e-05	4e-05	4e-05	4e-05	4e-05	0.36578	4e-05	0.36578	0.1883	4e-05	4e-05	4e-05	4e-05	4e-05	0.0	4e-05	4e-05	0.05057	
0.00012	0.00012	0.00012	0.01753	0.19085	0.10912	0.00012	0.00012	0.00012	0.1919	0.00012	0.00012	0.07564	0.25548	0.43598	0.00012	0.00012	0.00012	0.08106	0.0	0.00012	0.00012	0.00012	0.00012	0.00012	0.00012	0.00012	0.39135	0.00012	0.00012	0.35176	0.21486	0.0	0.15993	0.12526	0.44317	0.63464	0.59656	0.0	0.0	0.60258	0.56661	0.39922	0.13142	0.36005	0.28568	0.07405	0.13784	0.11528	0.08106	0.30686	0.25283	0.34226	0.04343	0.19271	0.21267	0.10277	0.3969	0.56812	0.28117	0.33484	0.11999	0.22953	0.19889	0.29173	0.16304	0.21688	0.18495	0.16225	0.22149	0.14526	0.13703	0.14089	0.14246	0.07902	0.00012	0.08106	0.08106	0.00012	0.00012	0.00012	0.0	0.0	0.00012	0.00012	0.20323	0.09755	0.24446	0.04429	0.05837	0.16605	0.44363	0.0	0.0	0.48453	0.02137	0.37488	0.19854	0.15508	0.18598	0.0	0.14118	0.1112	0.18394	0.15103	0.00012	0.15231	0.17144	0.0044	0.29159	0.10594	0.42686	0.28591	0.03181	0.14857	0.10228	0.19792	0.16605	0.15304	0.16896	0.13646	0.44569	0.21756	0.04429	0.0	0.1141	0.0018	0.07706	0.20915	0.20639	0.30574	0.43885	0.25054	0.17834	0.28568	0.34988	0.1974	0.21294	0.23401	0.11306	0.2233	0.06693	0.00012	0.00012	0.00012	0.00012	0.00012	0.00012	0.00012	0.00012	0.08106	0.00012	0.08106	0.01174	0.00012	0.00012	0.00012	0.00012	0.00012	0.0	0.00012	0.00012	0.1974	
0.00024	0.00024	0.00024	0.00435	0.164	0.07307	0.00024	0.00024	0.00024	0.11593	0.00024	0.00024	0.09421	0.35806	0.18683	0.00024	0.00024	0.00024	0.23389	0.0	0.00024	0.00024	0.00024	0.00024	0.00024	0.00024	0.00024	0.14658	0.00024	0.00024	0.23626	0.41006	0.15993	0.0	0.23385	0.17843	0.21354	0.73393	0.0	0.0	0.7283	0.66767	0.77328	0.24628	0.25172	0.05654	0.24787	0.28447	0.20942	0.23389	0.17182	0.08173	0.16413	0.04487	0.48208	0.18918	0.18043	0.18165	0.66909	0.37346	0.58126	0.34944	0.14499	0.25737	0.33817	0.36026	0.57803	0.25885	0.1973	0.54249	0.27189	0.09159	0.24326	0.10397	0.05515	0.00024	0.23389	0.23389	0.00024	0.00024	0.00024	0.0	0.0	0.00024	0.00024	0.31421	0.14942	0.27314	0.09063	0.245	0.35273	0.72757	0.0	0.0	0.714	0.10431	0.15971	0.18528	0.27223	0.28859	0.0	0.18285	0.2112	0.22634	0.14851	0.00024	0.23733	0.13014	0.13727	0.10942	0.16963	0.42921	0.44829	0.1824	0.38506	0.29048	0.09648	0.35273	0.29933	0.21487	0.21526	0.21731	0.47628	0.09063	0.0	0.1862	0.15504	0.18623	0.14934	0.62972	0.24002	0.21984	0.0945	0.07881	0.05654	0.41129	0.42889	0.35201	0.07924	0.2314	0.06825	0.28338	0.00024	0.00024	0.00024	0.00024	0.00024	0.00024	0.00024	0.00024	0.23389	0.00024	0.23389	0.06922	0.00024	0.00024	0.00024	0.00024	0.00024	0.0	0.00024	0.00024	0.42889	
0.0001	0.0001	0.0001	0.00828	0.45448	0.12931	0.0001	0.0001	0.0001	0.22788	0.0001	0.0001	0.11548	0.14074	0.12911	0.0001	0.0001	0.0001	0.12096	0.0	0.0001	0.0001	0.0001	0.0001	0.0001	0.0001	0.0001	0.25897	0.0001	0.0001	0.19158	0.46573	0.12526	0.23385	0.0	0.27743	0.33332	0.90918	0.0	0.0	0.9022	0.80924	0.55666	0.07602	0.13902	0.19148	0.36682	0.24401	0.25639	0.12096	0.10344	0.33019	0.37749	0.39831	0.34454	0.35582	0.02235	0.07332	1.05431	0.16964	0.2468	0.2763	0.13961	0.30404	0.32722	0.17896	0.25923	0.22771	0.17051	0.15971	0.08346	0.09118	0.05992	0.14347	0.16314	0.0001	0.12096	0.12096	0.0001	0.0001	0.0001	0.0	0.0	0.0001	0.0001	0.26715	0.17255	0.11575	0.16728	0.30756	0.14676	0.56311	0.0	0.0	0.88096	0.19156	0.15709	0.06594	0.16046	0.48332	0.0	0.57143	0.13911	0.15064	0.21542	0.0001	0.1653	0.10734	0.10595	0.20595	0.22993	0.79253	0.31028	0.19103	0.33663	0.3528	0.13962	0.14676	0.18888	0.27357	0.19657	0.11837	0.11016	0.16728	0.0	0.50276	0.03573	0.104	0.27044	0.30587	0.23686	0.0272	0.36996	0.4091	0.19148	0.28351	0.1094	0.15819	0.37189	0.15324	0.12311	0.18993	0.0001	0.0001	0.0001	0.0001	0.0001	0.0001	0.0001	0.0001	0.12096	0.0001	0.12096	0.0208	0.0001	0.0001	0.0001	0.0001	0.0001	0.0	0.0001	0.0001	0.1094	
0.00018	0.00018	0.00018	0.02516	0.37706	0.13465	0.00018	0.00018	0.00018	0.31353	0.00018	0.00018	0.26757	0.22277	0.25978	0.00018	0.00018	0.00018	0.09913	0.0	0.00018	0.00018	0.00018	0.00018	0.00018	0.00018	0.00018	0.4927	0.00018	0.00018	0.3111	0.31613	0.44317	0.17843	0.27743	0.0	0.57447	0.81943	0.0	0.0	0.82545	0.77197	0.57607	0.18039	0.35017	0.49228	0.14503	0.21198	0.11606	0.09913	0.15817	0.09303	0.43444	0.08764	0.34435	0.27478	0.27923	0.27439	0.88794	0.28444	0.24682	0.19828	0.34527	0.26917	0.24597	0.17897	0.19366	0.1509	0.212	0.20445	0.13817	0.08216	0.07266	0.00345	0.09644	0.00018	0.09913	0.09913	0.00018	0.00018	0.00018	0.0	0.0	0.00018	0.00018	0.23414	0.22143	0.28233	0.13675	0.1407	0.17352	0.59292	0.0	0.0	0.60518	0.16173	0.38415	0.12167	0.24063	0.34448	0.0	0.19631	0.13932	0.26104	0.22851	0.00018	0.31153	0.24309	0.06627	0.19678	0.13328	0.7572	0.53599	0.20801	0.29984	0.13902	0.2694	0.17352	0.42936	0.24404	0.18546	0.34377	0.22893	0.13675	0.0	0.16123	0.07085	0.06735	0.30154	0.42117	0.24054	0.04806	0.32995	0.34039	0.49228	0.27962	0.13509	0.37381	0.38537	0.30588	0.32689	0.35516	0.00018	0.00018	0.00018	0.00018	0.00018	0.00018	0.00018	0.00018	0.09913	0.00018	0.09913	0.01682	0.00018	0.00018	0.00018	0.00018	0.00018	0.0	0.00018	0.00018	0.13509	
