0.0	0.0006	0.0	0.00023	0.00036	0.0	0.0	0.00023	0.0	0.0	0.0	0.0	0.0	9e-05	9e-05	0.0	0.0	0.0	0.00016	7e-05	0.00192	0.0001	0.00012	0.00022	4e-05	0.00011	0.00021	0.00019	0.00018	0.0001	0.00019	3e-05	0.00036	0.00018	0.0	0.00024	0.0	0.00014	0.00026	0.00018	6e-05	0.00018	0.0	0.0	0.0	0.00177	0.00027	0.0002	0.0	0.00011	0.00023	0.00018	0.0	0.0	0.0	0.00048	0.0	0.00018	0.0	0.0	0.00017	0.0	0.00035	0.0	0.00022	2e-05	0.0	0.0	0.00013	0.00027	7e-05	0.0	0.00017	0.00177	0.00016	0.0	0.00013	0.00024	0.00026	0.0	0.0	0.0	0.0	0.00018	0.0	0.0	0.0	0.0	0.0	0.00026	0.00033	0.00037	8e-05	0.00025	0.0	5e-05	5e-05	5e-05	0.0	0.0	6e-05	7e-05	8e-05	6e-05	3e-05	0.00017	0.00043	0.0	0.00026	0.0002	0.00018	0.0001	0.00015	0.00037	0.0	0.00015	0.00017	0.00028	0.00017	0.0	0.0	0.0	0.0	0.0	0.00068	0.00017	0.0	0.00079	0.0	0.00019	0.0	0.0	0.0	0.00012	0.0	0.0	0.0	0.0001	0.00016	9e-05	
0.0006	0.0	0.0006	0.00907	0.02119	0.0006	0.0	0.0185	0.0006	0.0006	0.0006	0.0006	0.0006	0.02404	0.0961	0.0006	0.0006	0.0006	0.3729	0.02284	1.0591	0.10525	0.01648	0.02325	0.02778	0.02934	0.02979	0.02962	1.03815	0.03697	0.02955	0.29906	0.03104	0.01608	0.0006	0.02953	0.03863	0.03674	0.00824	0.01608	0.25408	0.01608	0.0006	0.0006	0.0006	0.27742	0.01182	0.26094	0.0006	0.16406	0.0185	0.01608	0.0006	0.0006	0.0006	0.01299	0.0006	0.01608	0.0006	0.0006	0.01717	0.0006	0.05832	0.0006	0.00951	0.01826	0.0006	0.0	0.12905	0.06661	0.04155	0.0006	0.0128	0.27742	0.21931	0.0006	0.02815	0.00866	0.01338	0.0006	0.0006	0.0006	0.0006	0.01608	0.0006	0.0006	0.0006	0.0006	0.0006	0.0079	0.02334	0.02001	0.02052	0.02659	0.0	0.09165	0.24621	0.11647	0.0	0.0	0.15554	0.03247	0.02077	0.13499	0.01011	0.04565	0.09403	0.0	0.0079	0.08177	0.01587	0.02661	0.01944	0.0206	0.0006	0.02855	0.01152	0.01115	0.01152	0.0	0.0006	0.0006	0.0006	0.0006	0.01586	0.01796	0.03863	0.02966	0.0006	0.25717	0.0006	0.0006	0.0006	0.01946	0.0006	0.0006	0.0006	0.04744	0.01518	0.02389	
0.0	0.0006	0.0	0.00023	0.00036	0.0	0.0	0.00023	0.0	0.0	0.0	0.0	0.0	9e-05	9e-05	0.0	0.0	0.0	0.00016	7e-05	0.00192	0.0001	0.00012	0.00022	4e-05	0.00011	0.00021	0.00019	0.00018	0.0001	0.00019	3e-05	0.00036	0.00018	0.0	0.00024	0.0	0.00014	0.00026	0.00018	6e-05	0.00018	0.0	0.0	0.0	0.00177	0.00027	0.0002	0.0	0.00011	0.00023	0.00018	0.0	0.0	0.0	0.00048	0.0	0.00018	0.0	0.0	0.00017	0.0	0.00035	0.0	0.00022	2e-05	0.0	0.0	0.00013	0.00027	7e-05	0.0	0.00017	0.00177	0.00016	0.0	0.00013	0.00024	0.00026	0.0	0.0	0.0	0.0	0.00018	0.0	0.0	0.0	0.0	0.0	0.00026	0.00033	0.00037	8e-05	0.00025	0.0	5e-05	5e-05	5e-05	0.0	0.0	6e-05	7e-05	8e-05	6e-05	3e-05	0.00017	0.00043	0.0	0.00026	0.0002	0.00018	0.0001	0.00015	0.00037	0.0	0.00015	0.00017	0.00028	0.00017	0.0	0.0	0.0	0.0	0.0	0.00068	0.00017	0.0	0.00079	0.0	0.00019	0.0	0.0	0.0	0.00012	0.0	0.0	0.0	0.0001	0.00016	9e-05	
0.00023	0.00907	0.00023	0.0	0.0085	0.00023	0.0	0.00796	0.00023	0.00023	0.00023	0.00023	0.00023	0.0098	0.01007	0.00023	0.00023	0.00023	0.00622	0.18213	0.01006	0.01634	0.05362	0.00635	0.01135	0.01067	0.00512	0.00836	0.00674	0.01679	0.00556	0.01491	0.01287	0.00707	0.00023	0.0057	0.00045	0.01533	0.00408	0.00707	0.00784	0.00707	0.00023	0.00023	0.00023	0.00621	0.00553	0.01452	0.00023	0.01914	0.00796	0.00707	0.00023	0.00023	0.00023	0.01501	0.00023	0.00707	0.00023	0.00023	0.00746	0.00023	0.00953	0.00023	0.00459	0.31539	0.00023	0.0	0.01905	0.01509	0.01429	0.00023	0.00586	0.00621	0.03378	0.00023	0.01122	0.00425	0.00581	0.00023	0.00023	0.00023	0.00023	0.00707	0.00023	0.00023	0.00023	0.00023	0.00023	0.00393	0.00916	0.00814	0.00814	0.01023	0.0	0.01615	0.00813	0.03826	0.0	0.0	0.0129	0.01175	0.0411	0.0169	0.02342	0.01314	0.00862	0.0	0.00393	0.15694	0.00675	0.01055	0.00806	0.00877	0.00023	0.01136	0.00537	0.00527	0.00537	0.0	0.00023	0.00023	0.00023	0.00023	0.00724	0.00774	0.00045	0.00786	0.00023	0.01282	0.00023	0.00023	0.00023	0.03432	0.00023	0.00023	0.00023	0.04983	0.00642	0.01442	
0.00036	0.02119	0.00036	0.0085	0.0	0.00036	0.0	0.01839	0.00036	0.00036	0.00036	0.00036	0.00036	0.18002	0.0253	0.00036	0.00036	0.00036	0.01336	0.02375	0.02169	0.05044	0.25622	0.1831	0.17361	0.02702	0.01063	0.01976	0.01501	0.05137	0.01178	0.08874	0.15345	0.01581	0.00036	0.01208	0.00135	0.149	0.00766	0.01581	0.31751	0.01581	0.00036	0.00036	0.00036	0.01132	0.01131	0.03963	0.00036	0.0551	0.01839	0.01581	0.00036	0.00036	0.00036	0.14141	0.00036	0.01581	0.00036	0.00036	0.01697	0.00036	0.02306	0.00036	0.00895	0.01885	0.00036	0.0	0.16406	0.19065	0.20954	0.00036	0.45555	0.01132	0.08775	0.00036	0.20546	0.00808	0.18245	0.00036	0.00036	0.00036	0.00036	0.01581	0.00036	0.00036	0.00036	0.00036	0.00036	0.00732	0.36599	0.40882	0.02109	0.58824	0.0	0.18592	0.02124	0.14146	0.0	0.0	0.12758	0.30162	0.1367	0.05436	0.07928	0.2561	0.02014	0.0	0.00732	0.11752	1.31548	0.13383	0.15306	0.32332	0.00036	0.02935	0.01101	0.01062	0.01101	0.0	0.00036	0.00036	0.00036	0.00036	0.55478	0.01782	0.00135	0.55589	0.00036	0.16143	0.00036	0.00036	0.00036	0.30777	0.00036	0.00036	0.00036	0.12807	0.01516	0.2033	
0.0	0.0006	0.0	0.00023	0.00036	0.0	0.0	0.00023	0.0	0.0	0.0	0.0	0.0	9e-05	9e-05	0.0	0.0	0.0	0.00016	7e-05	0.00192	0.0001	0.00012	0.00022	4e-05	0.00011	0.00021	0.00019	0.00018	0.0001	0.00019	3e-05	0.00036	0.00018	0.0	0.00024	0.0	0.00014	0.00026	0.00018	6e-05	0.00018	0.0	0.0	0.0	0.00177	0.00027	0.0002	0.0	0.00011	0.00023	0.00018	0.0	0.0	0.0	0.00048	0.0	0.00018	0.0	0.0	0.00017	0.0	0.00035	0.0	0.00022	2e-05	0.0	0.0	0.00013	0.00027	7e-05	0.0	0.00017	0.00177	0.00016	0.0	0.00013	0.00024	0.00026	0.0	0.0	0.0	0.0	0.00018	0.0	0.0	0.0	0.0	0.0	0.00026	0.00033	0.00037	8e-05	0.00025	0.0	5e-05	5e-05	5e-05	0.0	0.0	6e-05	7e-05	8e-05	6e-05	3e-05	0.00017	0.00043	0.0	0.00026	0.0002	0.00018	0.0001	0.00015	0.00037	0.0	0.00015	0.00017	0.00028	0.00017	0.0	0.0	0.0	0.0	0.0	0.00068	0.00017	0.0	0.00079	0.0	0.00019	0.0	0.0	0.0	0.00012	0.0	0.0	0.0	0.0001	0.00016	9e-05	
0.0	0.0	0.0	0.0	0.0	0.0	0.0	0.0	0.0	0.0	0.0	0.0	0.0	0.0	0.0	0.0	0.0	0.0	0.0	0.0	0.0	0.0	0.0	0.0	0.0	0.0	0.0	0.0	0.0	0.0	0.0	0.0	0.0	0.0	0.0	0.0	0.0	0.0	0.0	0.0	0.0	0.0	0.0	0.0	0.0	0.0	0.0	0.0	0.0	0.0	0.0	0.0	0.0	0.0	0.0	0.0	0.0	0.0	0.0	0.0	0.0	0.0	0.0	0.0	0.0	0.0	0.0	0.0	0.0	0.0	0.0	0.0	0.0	0.0	0.0	0.0	0.0	0.0	0.0	0.0	0.0	0.0	0.0	0.0	0.0	0.0	0.0	0.0	0.0	0.0	0.0	0.0	0.0	0.0	0.0	0.0	0.0	0.0	0.0	0.0	0.0	0.0	0.0	0.0	0.0	0.0	0.0	0.0	0.0	0.0	0.0	0.0	0.0	0.0	0.0	0.0	0.0	0.0	0.0	0.0	0.0	0.0	0.0	0.0	0.0	0.0	0.0	0.0	0.0	0.0	0.0	0.0	0.0	0.0	0.0	0.0	0.0	0.0	0.0	0.0	
0.00023	0.0185	0.00023	0.00796	0.01839	0.00023	0.0	0.0	0.00023	0.00023	0.00023	0.00023	0.00023	0.02095	0.02163	0.00023	0.00023	0.00023	0.01209	0.01976	0.01735	0.03932	0.04418	0.01116	0.06892	0.06899	0.00918	0.11364	0.01295	0.14879	0.0102	0.03292	0.03597	0.0141	0.00023	0.32794	0.00019	0.03453	0.00723	0.0141	0.01708	0.0141	0.00023	0.00023	0.00023	0.01061	0.01039	0.03276	0.00023	0.00687	0.99997	0.0141	0.00023	0.00023	0.00023	0.03363	0.00023	0.0141	0.00023	0.00023	0.12679	0.00023	0.01993	0.00023	0.00835	0.0158	0.00023	0.0	0.03743	0.03681	0.03495	0.00023	0.01124	0.01061	0.05397	0.00023	0.02446	0.0076	0.01046	0.00023	0.00023	0.00023	0.00023	0.0141	0.00023	0.00023	0.00023	0.00023	0.00023	0.00692	0.02021	0.0174	0.0178	0.17514	0.0	0.04033	0.01787	0.22035	0.0	0.0	0.03135	0.02782	0.02064	0.04189	0.07448	0.03169	0.01721	0.0	0.00692	0.01285	0.01272	0.02222	0.01592	0.01802	0.00023	0.0248	0.01013	0.33009	0.01013	0.0	0.00023	0.00023	0.00023	0.00023	0.01395	0.01573	0.00019	0.01498	0.00023	0.03101	0.00023	0.00023	0.00023	0.01816	0.00023	0.00023	0.00023	0.09749	0.24235	0.31386	
0.0	0.0006	0.0	0.00023	0.00036	0.0	0.0	0.00023	0.0	0.0	0.0	0.0	0.0	9e-05	9e-05	0.0	0.0	0.0	0.00016	7e-05	0.00192	0.0001	0.00012	0.00022	4e-05	0.00011	0.00021	0.00019	0.00018	0.0001	0.00019	3e-05	0.00036	0.00018	0.0	0.00024	0.0	0.00014	0.00026	0.00018	6e-05	0.00018	0.0	0.0	0.0	0.00177	0.00027	0.0002	0.0	0.00011	0.00023	0.00018	0.0	0.0	0.0	0.00048	0.0	0.00018	0.0	0.0	0.00017	0.0	0.00035	0.0	0.00022	2e-05	0.0	0.0	0.00013	0.00027	7e-05	0.0	0.00017	0.00177	0.00016	0.0	0.00013	0.00024	0.00026	0.0	0.0	0.0	0.0	0.00018	0.0	0.0	0.0	0.0	0.0	0.00026	0.00033	0.00037	8e-05	0.00025	0.0	5e-05	5e-05	5e-05	0.0	0.0	6e-05	7e-05	8e-05	6e-05	3e-05	0.00017	0.00043	0.0	0.00026	0.0002	0.00018	0.0001	0.00015	0.00037	0.0	0.00015	0.00017	0.00028	0.00017	0.0	0.0	0.0	0.0	0.0	0.00068	0.00017	0.0	0.00079	0.0	0.00019	0.0	0.0	0.0	0.00012	0.0	0.0	0.0	0.0001	0.00016	9e-05	
0.0	0.0006	0.0	0.00023	0.00036	0.0	0.0	0.00023	0.0	0.0	0.0	0.0	0.0	9e-05	9e-05	0.0	0.0	0.0	0.00016	7e-05	0.00192	0.0001	0.00012	0.00022	4e-05	0.00011	0.00021	0.00019	0.00018	0.0001	0.00019	3e-05	0.00036	0.00018	0.0	0.00024	0.0	0.00014	0.00026	0.00018	6e-05	0.00018	0.0	0.0	0.0	0.00177	0.00027	0.0002	0.0	0.00011	0.00023	0.00018	0.0	0.0	0.0	0.00048	0.0	0.00018	0.0	0.0	0.00017	0.0	0.00035	0.0	0.00022	2e-05	0.0	0.0	0.00013	0.00027	7e-05	0.0	0.00017	0.00177	0.00016	0.0	0.00013	0.00024	0.00026	0.0	0.0	0.0	0.0	0.00018	0.0	0.0	0.0	0.0	0.0	0.00026	0.00033	0.00037	8e-05	0.00025	0.0	5e-05	5e-05	5e-05	0.0	0.0	6e-05	7e-05	8e-05	6e-05	3e-05	0.00017	0.00043	0.0	0.00026	0.0002	0.00018	0.0001	0.00015	0.00037	0.0	0.00015	0.00017	0.00028	0.00017	0.0	0.0	0.0	0.0	0.0	0.00068	0.00017	0.0	0.00079	0.0	0.00019	0.0	0.0	0.0	0.00012	0.0	0.0	0.0	0.0001	0.00016	9e-05	
0.0	0.0006	0.0	0.00023	0.00036	0.0	0.0	0.00023	0.0	0.0	0.0	0.0	0.0	9e-05	9e-05	0.0	0.0	0.0	0.00016	7e-05	0.00192	0.0001	0.00012	0.00022	4e-05	0.00011	0.00021	0.00019	0.00018	0.0001	0.00019	3e-05	0.00036	0.00018	0.0	0.00024	0.0	0.00014	0.00026	0.00018	6e-05	0.00018	0.0	0.0	0.0	0.00177	0.00027	0.0002	0.0	0.00011	0.00023	0.00018	0.0	0.0	0.0	0.00048	0.0	0.00018	0.0	0.0	0.00017	0.0	0.00035	0.0	0.00022	2e-05	0.0	0.0	0.00013	0.00027	7e-05	0.0	0.00017	0.00177	0.00016	0.0	0.00013	0.00024	0.00026	0.0	0.0	0.0	0.0	0.00018	0.0	0.0	0.0	0.0	0.0	0.00026	0.00033	0.00037	8e-05	0.00025	0.0	5e-05	5e-05	5e-05	0.0	0.0	6e-05	7e-05	8e-05	6e-05	3e-05	0.00017	0.00043	0.0	0.00026	0.0002	0.00018	0.0001	0.00015	0.00037	0.0	0.00015	0.00017	0.00028	0.00017	0.0	0.0	0.0	0.0	0.0	0.00068	0.00017	0.0	0.00079	0.0	0.00019	0.0	0.0	0.0	0.00012	0.0	0.0	0.0	0.0001	0.00016	9e-05	
0.0	0.0006	0.0	0.00023	0.00036	0.0	0.0	0.00023	0.0	0.0	0.0	0.0	0.0	9e-05	9e-05	0.0	0.0	0.0	0.00016	7e-05	0.00192	0.0001	0.00012	0.00022	4e-05	0.00011	0.00021	0.00019	0.00018	0.0001	0.00019	3e-05	0.00036	0.00018	0.0	0.00024	0.0	0.00014	0.00026	0.00018	6e-05	0.00018	0.0	0.0	0.0	0.00177	0.00027	0.0002	0.0	0.00011	0.00023	0.00018	0.0	0.0	0.0	0.00048	0.0	0.00018	0.0	0.0	0.00017	0.0	0.00035	0.0	0.00022	2e-05	0.0	0.0	0.00013	0.00027	7e-05	0.0	0.00017	0.00177	0.00016	0.0	0.00013	0.00024	0.00026	0.0	0.0	0.0	0.0	0.00018	0.0	0.0	0.0	0.0	0.0	0.00026	0.00033	0.00037	8e-05	0.00025	0.0	5e-05	5e-05	5e-05	0.0	0.0	6e-05	7e-05	8e-05	6e-05	3e-05	0.00017	0.00043	0.0	0.00026	0.0002	0.00018	0.0001	0.00015	0.00037	0.0	0.00015	0.00017	0.00028	0.00017	0.0	0.0	0.0	0.0	0.0	0.00068	0.00017	0.0	0.00079	0.0	0.00019	0.0	0.0	0.0	0.00012	0.0	0.0	0.0	0.0001	0.00016	9e-05	
0.0	0.0006	0.0	0.00023	0.00036	0.0	0.0	0.00023	0.0	0.0	0.0	0.0	0.0	9e-05	9e-05	0.0	0.0	0.0	0.00016	7e-05	0.00192	0.0001	0.00012	0.00022	4e-05	0.00011	0.00021	0.00019	0.00018	0.0001	0.00019	3e-05	0.00036	0.00018	0.0	0.00024	0.0	0.00014	0.00026	0.00018	6e-05	0.00018	0.0	0.0	0.0	0.00177	0.00027	0.0002	0.0	0.00011	0.00023	0.00018	0.0	0.0	0.0	0.00048	0.0	0.00018	0.0	0.0	0.00017	0.0	0.00035	0.0	0.00022	2e-05	0.0	0.0	0.00013	0.00027	7e-05	0.0	0.00017	0.00177	0.00016	0.0	0.00013	0.00024	0.00026	0.0	0.0	0.0	0.0	0.00018	0.0	0.0	0.0	0.0	0.0	0.00026	0.00033	0.00037	8e-05	0.00025	0.0	5e-05	5e-05	5e-05	0.0	0.0	6e-05	7e-05	8e-05	6e-05	3e-05	0.00017	0.00043	0.0	0.00026	0.0002	0.00018	0.0001	0.00015	0.00037	0.0	0.00015	0.00017	0.00028	0.00017	0.0	0.0	0.0	0.0	0.0	0.00068	0.00017	0.0	0.00079	0.0	0.00019	0.0	0.0	0.0	0.00012	0.0	0.0	0.0	0.0001	0.00016	9e-05	
9e-05	0.02404	9e-05	0.0098	0.18002	9e-05	0.0	0.02095	9e-05	9e-05	9e-05	9e-05	9e-05	0.0	0.12456	9e-05	9e-05	9e-05	0.01533	0.2538	0.05616	0.05513	0.0874	0.01476	0.47748	0.02999	0.0117	0.02209	0.01674	0.0377	0.01305	0.05039	0.04116	0.37255	9e-05	0.01339	0.00045	0.04826	0.00883	0.37255	0.18559	0.37255	9e-05	9e-05	9e-05	0.01303	0.01301	0.0443	9e-05	0.06133	0.02095	0.37255	9e-05	9e-05	9e-05	0.04545	9e-05	0.37255	9e-05	9e-05	0.01937	9e-05	0.02611	9e-05	0.01032	0.02105	9e-05	0.0	0.0336	0.04155	0.04021	9e-05	0.25992	0.01303	0.07727	9e-05	0.03254	0.00932	0.01354	9e-05	9e-05	9e-05	9e-05	0.37255	9e-05	9e-05	9e-05	9e-05	9e-05	0.00844	0.2516	0.02299	0.02364	0.05199	0.0	0.02988	0.02378	0.12878	0.0	0.0	0.05517	0.03105	0.06599	0.05919	0.01256	0.05843	0.02251	0.0	0.00844	0.01567	0.25729	0.14991	0.3689	0.02344	9e-05	0.09175	0.01268	0.01223	0.01268	0.0	9e-05	9e-05	9e-05	9e-05	0.01775	0.02031	0.00045	0.01936	9e-05	0.04328	9e-05	9e-05	9e-05	0.2408	9e-05	9e-05	9e-05	0.04366	0.01717	0.12858	
9e-05	0.0961	9e-05	0.01007	0.0253	9e-05	0.0	0.02163	9e-05	9e-05	9e-05	9e-05	9e-05	0.12456	0.0	9e-05	9e-05	9e-05	0.27455	0.24258	0.67787	0.04755	0.06487	0.01525	0.22461	0.03107	0.01206	0.02284	0.27252	0.03481	0.01345	0.15309	0.04281	0.35076	9e-05	0.0138	0.00048	0.04324	0.00907	0.35076	0.20102	0.35076	9e-05	9e-05	9e-05	0.01338	0.01339	0.01896	9e-05	0.00471	0.02163	0.35076	9e-05	9e-05	9e-05	0.04718	9e-05	0.35076	9e-05	9e-05	0.01999	9e-05	0.027	9e-05	0.0106	0.02181	9e-05	0.0	0.0811	0.05422	0.05142	9e-05	0.01461	0.01338	0.06318	9e-05	0.03371	0.00958	0.01397	9e-05	9e-05	9e-05	9e-05	0.35076	9e-05	9e-05	9e-05	9e-05	9e-05	0.00867	0.24059	0.0238	0.02449	0.03213	0.0	0.08397	0.19608	0.12597	0.0	0.0	0.06385	0.03991	0.06896	0.02056	0.11237	0.29793	0.02327	0.0	0.00867	0.0825	0.01711	0.13958	0.34718	0.02422	9e-05	0.08451	0.01305	0.01259	0.01305	0.0	9e-05	9e-05	9e-05	9e-05	0.0183	0.02097	0.00048	0.01999	9e-05	0.13722	9e-05	9e-05	9e-05	0.1608	9e-05	9e-05	9e-05	0.04351	0.01774	0.05176	
0.0	0.0006	0.0	0.00023	0.00036	0.0	0.0	0.00023	0.0	0.0	0.0	0.0	0.0	9e-05	9e-05	0.0	0.0	0.0	0.00016	7e-05	0.00192	0.0001	0.00012	0.00022	4e-05	0.00011	0.00021	0.00019	0.00018	0.0001	0.00019	3e-05	0.00036	0.00018	0.0	0.00024	0.0	0.00014	0.00026	0.00018	6e-05	0.00018	0.0	0.0	0.0	0.00177	0.00027	0.0002	0.0	0.00011	0.00023	0.00018	0.0	0.0	0.0	0.00048	0.0	0.00018	0.0	0.0	0.00017	0.0	0.00035	0.0	0.00022	2e-05	0.0	0.0	0.00013	0.00027	7e-05	0.0	0.00017	0.00177	0.00016	0.0	0.00013	0.00024	0.00026	0.0	0.0	0.0	0.0	0.00018	0.0	0.0	0.0	0.0	0.0	0.00026	0.00033	0.00037	8e-05	0.00025	0.0	5e-05	5e-05	5e-05	0.0	0.0	6e-05	7e-05	8e-05	6e-05	3e-05	0.00017	0.00043	0.0	0.00026	0.0002	0.00018	0.0001	0.00015	0.00037	0.0	0.00015	0.00017	0.00028	0.00017	0.0	0.0	0.0	0.0	0.0	0.00068	0.00017	0.0	0.00079	0.0	0.00019	0.0	0.0	0.0	0.00012	0.0	0.0	0.0	0.0001	0.00016	9e-05	
0.0	0.0006	0.0	0.00023	0.00036	0.0	0.0	0.00023	0.0	0.0	0.0	0.0	0.0	9e-05	9e-05	0.0	0.0	0.0	0.00016	7e-05	0.00192	0.0001	0.00012	0.00022	4e-05	0.00011	0.00021	0.00019	0.00018	0.0001	0.00019	3e-05	0.00036	0.00018	0.0	0.00024	0.0	0.00014	0.00026	0.00018	6e-05	0.00018	0.0	0.0	0.0	0.00177	0.00027	0.0002	0.0	0.00011	0.00023	0.00018	0.0	0.0	0.0	0.00048	0.0	0.00018	0.0	0.0	0.00017	0.0	0.00035	0.0	0.00022	2e-05	0.0	0.0	0.00013	0.00027	7e-05	0.0	0.00017	0.00177	0.00016	0.0	0.00013	0.00024	0.00026	0.0	0.0	0.0	0.0	0.00018	0.0	0.0	0.0	0.0	0.0	0.00026	0.00033	0.00037	8e-05	0.00025	0.0	5e-05	5e-05	5e-05	0.0	0.0	6e-05	7e-05	8e-05	6e-05	3e-05	0.00017	0.00043	0.0	0.00026	0.0002	0.00018	0.0001	0.00015	0.00037	0.0	0.00015	0.00017	0.00028	0.00017	0.0	0.0	0.0	0.0	0.0	0.00068	0.00017	0.0	0.00079	0.0	0.00019	0.0	0.0	0.0	0.00012	0.0	0.0	0.0	0.0001	0.00016	9e-05	
0.0	0.0006	0.0	0.00023	0.00036	0.0	0.0	0.00023	0.0	0.0	0.0	0.0	0.0	9e-05	9e-05	0.0	0.0	0.0	0.00016	7e-05	0.00192	0.0001	0.00012	0.00022	4e-05	0.00011	0.00021	0.00019	0.00018	0.0001	0.00019	3e-05	0.00036	0.00018	0.0	0.00024	0.0	0.00014	0.00026	0.00018	6e-05	0.00018	0.0	0.0	0.0	0.00177	0.00027	0.0002	0.0	0.00011	0.00023	0.00018	0.0	0.0	0.0	0.00048	0.0	0.00018	0.0	0.0	0.00017	0.0	0.00035	0.0	0.00022	2e-05	0.0	0.0	0.00013	0.00027	7e-05	0.0	0.00017	0.00177	0.00016	0.0	0.00013	0.00024	0.00026	0.0	0.0	0.0	0.0	0.00018	0.0	0.0	0.0	0.0	0.0	0.00026	0.00033	0.00037	8e-05	0.00025	0.0	5e-05	5e-05	5e-05	0.0	0.0	6e-05	7e-05	8e-05	6e-05	3e-05	0.00017	0.00043	0.0	0.00026	0.0002	0.00018	0.0001	0.00015	0.00037	0.0	0.00015	0.00017	0.00028	0.00017	0.0	0.0	0.0	0.0	0.0	0.00068	0.00017	0.0	0.00079	0.0	0.00019	0.0	0.0	0.0	0.00012	0.0	0.0	0.0	0.0001	0.00016	9e-05	
0.00016	0.3729	0.00016	0.00622	0.01336	0.00016	0.0	0.01209	0.00016	0.00016	0.00016	0.00016	0.00016	0.01533	0.27455	0.00016	0.00016	0.00016	0.0	0.01419	0.28668	0.07467	0.03073	0.00946	0.01861	0.0168	0.00744	0.01282	1.00018	0.02809	0.00816	0.29231	0.02109	0.01062	0.00016	0.00836	0.00066	0.02482	0.00568	0.01062	0.52255	0.01062	0.00016	0.00016	0.00016	0.00842	0.008	0.14278	0.00016	0.09337	0.01209	0.01062	0.00016	0.00016	0.00016	0.02407	0.00016	0.01062	0.00016	0.00016	0.01128	0.00016	0.0147	0.00016	0.00651	0.0114	0.00016	0.0	0.1298	0.02546	0.02418	0.00016	0.00859	0.00842	0.10887	0.00016	0.01775	0.00595	0.00856	0.00016	0.00016	0.00016	0.00016	0.01062	0.00016	0.00016	0.00016	0.00016	0.00016	0.00545	0.01457	0.01271	0.0129	0.01644	0.0	0.14883	0.49727	0.0671	0.0	0.0	0.14829	0.01947	0.03159	0.07395	0.05039	0.11236	0.01312	0.0	0.00545	0.0377	0.01013	0.01661	0.01233	0.01339	0.00016	0.01798	0.00779	0.00758	0.00779	0.0	0.00016	0.00016	0.00016	0.00016	0.01062	0.01175	0.00066	0.01164	0.00016	0.247	0.00016	0.00016	0.00016	0.03529	0.00016	0.00016	0.00016	0.03911	0.00983	0.02434	
7e-05	0.02284	7e-05	0.18213	0.02375	7e-05	0.0	0.01976	7e-05	7e-05	7e-05	7e-05	7e-05	0.2538	0.24258	7e-05	7e-05	7e-05	0.01419	0.0	0.17254	0.05578	0.11282	0.01312	0.33938	0.0285	0.01052	0.02071	0.01541	0.12017	0.01181	0.12343	0.04134	0.52077	7e-05	0.01214	0.00027	0.15136	0.00793	0.52077	0.02194	0.52077	7e-05	7e-05	7e-05	0.01187	0.01193	0.04353	7e-05	0.06097	0.01976	0.52077	7e-05	7e-05	7e-05	0.03149	7e-05	0.52077	7e-05	7e-05	0.01819	7e-05	0.02495	7e-05	0.00934	0.34785	7e-05	0.0	0.072	0.05322	0.05021	7e-05	0.01307	0.01187	0.04942	7e-05	0.0315	0.0084	0.01218	7e-05	7e-05	7e-05	7e-05	0.52077	7e-05	7e-05	7e-05	7e-05	7e-05	0.00757	0.35962	0.02224	0.02294	0.03051	0.0	0.05916	0.07753	0.22628	0.0	0.0	0.04473	0.03867	0.0752	0.06093	0.08656	0.13304	0.02111	0.0	0.00757	0.14483	0.01513	0.2774	0.52196	0.02225	7e-05	0.20269	0.01161	0.01117	0.01161	0.0	7e-05	7e-05	7e-05	7e-05	0.01654	0.01912	0.00027	0.01796	7e-05	0.04424	7e-05	7e-05	7e-05	0.20302	7e-05	7e-05	7e-05	0.11779	0.01628	0.05091	
0.00192	1.0591	0.00192	0.01006	0.02169	0.00192	0.0	0.01735	0.00192	0.00192	0.00192	0.00192	0.00192	0.05616	0.67787	0.00192	0.00192	0.00192	0.28668	0.17254	0.0	0.11087	0.08952	0.26349	0.35735	0.13061	0.27422	0.1574	0.0	0.0736	0.0	0.17897	0.13735	0.36749	0.00192	0.24205	0.0	0.11914	0.00924	0.36749	0.14751	0.36749	0.00192	0.00192	0.00192	1.01406	0.0119	0.15551	0.00192	0.1235	0.01735	0.36749	0.00192	0.00192	0.00192	0.13229	0.00192	0.36749	0.00192	0.00192	0.01661	0.00192	0.24226	0.00192	0.01045	0.09279	0.00192	0.0	0.09671	0.1453	0.04067	0.00192	0.01376	1.01406	0.13738	0.00192	0.02834	0.0097	0.01478	0.00192	0.00192	0.00192	0.00192	0.36749	0.00192	0.00192	0.00192	0.00192	0.00192	0.00903	0.17196	0.02048	0.01868	0.02603	0.0	0.053	0.14122	0.08136	0.0	0.0	0.12538	0.0309	0.06426	0.10057	0.0424	0.09463	0.35148	0.0	0.00903	0.15043	0.01802	0.60076	0.37365	0.02219	0.00192	0.03861	0.0124	0.01136	0.0124	0.0	0.00192	0.00192	0.00192	0.00192	0.0184	0.01726	0.0	0.18328	0.00192	0.20811	0.00192	0.00192	0.00192	0.13704	0.00192	0.00192	0.00192	0.08313	0.01398	0.08298	
0.0001	0.10525	0.0001	0.01634	0.05044	0.0001	0.0	0.03932	0.0001	0.0001	0.0001	0.0001	0.0001	0.05513	0.04755	0.0001	0.0001	0.0001	0.07467	0.05578	0.11087	0.0	0.05626	0.0888	0.07058	0.12998	0.0217	0.0399	0.08768	0.14524	0.11004	0.11575	0.04202	0.03309	0.0001	0.02439	0.00559	0.05096	0.05622	0.03309	0.08525	0.03309	0.0001	0.0001	0.0001	0.08717	0.02248	0.23611	0.0001	0.20079	0.03932	0.03309	0.0001	0.0001	0.0001	0.09524	0.0001	0.03309	0.0001	0.0001	0.01987	0.0001	0.24788	0.0001	0.06795	0.08613	0.0001	0.0	0.14476	0.14426	0.08215	0.0001	0.02502	0.08717	0.2295	0.0001	0.06755	0.08521	0.02484	0.0001	0.0001	0.0001	0.0001	0.03309	0.0001	0.0001	0.0001	0.0001	0.0001	0.01381	0.0573	0.04665	0.04819	0.06729	0.0	0.11849	0.08751	0.2627	0.0	0.0	0.2379	0.12627	0.0619	0.21385	0.12389	0.14824	0.04049	0.0	0.01381	0.10317	0.03131	0.02298	0.04074	0.03465	0.0001	0.06837	0.12831	0.02093	0.12831	0.0	0.0001	0.0001	0.0001	0.0001	0.03246	0.038	0.00559	0.03505	0.0001	0.26422	0.0001	0.0001	0.0001	0.15063	0.0001	0.0001	0.0001	0.18179	0.08938	0.23299	
0.00012	0.01648	0.00012	0.05362	0.25622	0.00012	0.0	0.04418	0.00012	0.00012	0.00012	0.00012	0.00012	0.0874	0.06487	0.00012	0.00012	0.00012	0.03073	0.11282	0.08952	0.05626	0.0	0.02143	0.11103	0.05938	0.07651	0.04304	0.03211	0.0938	0.08739	0.11813	0.14732	0.03713	0.00012	0.0253	0.0038	0.07784	0.01624	0.03713	0.17001	0.03713	0.00012	0.00012	0.00012	0.07298	0.02517	0.02947	0.00012	0.03326	0.04418	0.03713	0.00012	0.00012	0.00012	0.11671	0.00012	0.03713	0.00012	0.00012	0.04034	0.00012	0.01513	0.00012	0.01938	0.16088	0.00012	0.0	0.13232	0.0776	0.12561	0.00012	0.17838	0.07298	0.04948	0.00012	0.02795	0.01727	0.02171	0.00012	0.00012	0.00012	0.00012	0.03713	0.00012	0.00012	0.00012	0.00012	0.00012	0.01545	0.10233	0.14089	0.08486	0.18959	0.0	0.12195	0.03766	0.3847	0.0	0.0	0.11888	0.14849	0.17749	0.06612	0.05523	0.08424	0.02121	0.0	0.01545	0.09925	0.17813	0.01334	0.03699	0.04902	0.00012	0.0181	0.02459	0.02343	0.02459	0.0	0.00012	0.00012	0.00012	0.00012	0.084	0.01321	0.0038	0.09462	0.00012	0.0656	0.00012	0.00012	0.00012	0.14791	0.00012	0.00012	0.00012	0.06641	0.10263	0.13826	
0.00022	0.02325	0.00022	0.00635	0.1831	0.00022	0.0	0.01116	0.00022	0.00022	0.00022	0.00022	0.00022	0.01476	0.01525	0.00022	0.00022	0.00022	0.00946	0.01312	0.26349	0.0888	0.02143	0.0	0.01446	0.18597	0.00621	0.01009	0.00857	0.13013	0.0069	0.0774	0.0898	0.0101	0.00022	0.00673	0.00022	0.16241	0.00578	0.0101	0.01217	0.0101	0.00022	0.00022	0.00022	0.24781	0.0076	0.11333	0.00022	0.06829	0.01116	0.0101	0.00022	0.00022	0.00022	0.25495	0.00022	0.0101	0.00022	0.00022	0.01068	0.00022	0.34902	0.00022	1.00136	0.01073	0.00022	0.0	0.08512	0.16209	0.03409	0.00022	0.00886	0.24781	0.17616	0.00022	0.03835	0.0061	0.00621	0.00022	0.00022	0.00022	0.00022	0.0101	0.00022	0.00022	0.00022	0.00022	0.00022	0.00563	0.16297	0.1983	0.01191	0.0424	0.0	0.02548	0.01242	0.04626	0.0	0.0	0.02007	0.02631	0.03498	0.05383	0.02795	0.09912	0.03543	0.0	0.00563	0.03895	0.00765	0.01213	0.009	0.09326	0.00022	0.01679	0.00794	0.00724	0.00794	0.0	0.00022	0.00022	0.00022	0.00022	0.40838	0.0111	0.00022	0.42799	0.00022	0.18433	0.00022	0.00022	0.00022	0.06577	0.00022	0.00022	0.00022	0.09319	0.00894	0.07411	
4e-05	0.02778	4e-05	0.01135	0.17361	4e-05	0.0	0.06892	4e-05	4e-05	4e-05	4e-05	4e-05	0.47748	0.22461	4e-05	4e-05	4e-05	0.01861	0.33938	0.35735	0.07058	0.11103	0.01446	0.0	0.03242	0.01229	0.07197	0.01835	0.11357	0.01388	0.04721	0.04953	0.4589	4e-05	0.01422	4e-05	0.14905	0.05125	0.4589	0.17602	0.4589	4e-05	4e-05	4e-05	0.07019	0.01531	0.04941	4e-05	0.031	0.06892	0.4589	4e-05	4e-05	4e-05	0.05019	4e-05	0.4589	4e-05	4e-05	0.07741	4e-05	0.02955	4e-05	0.012	0.02754	4e-05	0.0	0.10953	0.07197	0.06397	4e-05	0.21771	0.07019	0.09886	4e-05	0.04308	0.01075	0.01615	4e-05	4e-05	4e-05	4e-05	0.4589	4e-05	4e-05	4e-05	4e-05	4e-05	0.00966	0.33771	0.03018	0.03068	0.06921	0.0	0.06075	0.03115	0.24019	0.0	0.0	0.07827	0.05406	0.05657	0.07619	0.05649	0.13894	0.03001	0.0	0.00966	0.05804	0.21692	0.25534	0.46205	0.03002	4e-05	0.19095	0.01506	0.1747	0.01506	0.0	4e-05	4e-05	4e-05	4e-05	0.02213	0.0251	4e-05	0.02162	4e-05	0.05821	4e-05	4e-05	4e-05	0.25606	4e-05	4e-05	4e-05	0.10228	0.02128	0.25286	
0.00011	0.02934	0.00011	0.01067	0.02702	0.00011	0.0	0.06899	0.00011	0.00011	0.00011	0.00011	0.00011	0.02999	0.03107	0.00011	0.00011	0.00011	0.0168	0.0285	0.13061	0.12998	0.05938	0.18597	0.03242	0.0	0.0114	0.02154	0.01644	0.26997	0.01275	0.0704	0.04402	0.01947	0.00011	0.23328	0.00011	0.05409	0.08226	0.01947	0.02466	0.01947	0.00011	0.00011	0.00011	0.11265	0.01397	0.08104	0.00011	0.0342	0.06899	0.01947	0.00011	0.00011	0.00011	0.00607	0.00011	0.01947	0.00011	0.00011	0.0468	0.00011	0.42181	0.00011	0.18805	0.02268	0.00011	0.0	0.09905	0.10755	0.05258	0.00011	0.01553	0.11265	0.12069	0.00011	0.03593	0.01015	0.01477	0.00011	0.00011	0.00011	0.00011	0.01947	0.00011	0.00011	0.00011	0.00011	0.00011	0.0092	0.02967	0.02538	0.02538	0.14732	0.0	0.06192	0.02578	0.07034	0.0	0.0	0.04541	0.04226	0.02596	0.03088	0.01563	0.04892	0.03493	0.0	0.0092	0.02243	0.0184	0.03269	0.0229	0.02608	0.00011	0.03573	0.01383	0.01314	0.01383	0.0	0.00011	0.00011	0.00011	0.00011	0.01995	0.02187	0.00011	0.01926	0.00011	0.20022	0.00011	0.00011	0.00011	0.14714	0.00011	0.00011	0.00011	0.12984	0.18321	0.22529	
0.00021	0.02979	0.00021	0.00512	0.01063	0.00021	0.0	0.00918	0.00021	0.00021	0.00021	0.00021	0.00021	0.0117	0.01206	0.00021	0.00021	0.00021	0.00744	0.01052	0.27422	0.0217	0.07651	0.00621	0.01229	0.0114	0.0	0.00896	0.00716	0.01841	0.00585	0.01619	0.01822	0.00822	0.00021	0.00599	0.00021	0.01669	0.00469	0.00822	0.00953	0.00822	0.00021	0.00021	0.00021	0.25585	0.0063	0.01933	0.00021	0.02249	0.00918	0.00822	0.00021	0.00021	0.00021	0.01841	0.00021	0.00822	0.00021	0.00021	0.00869	0.00021	0.02685	0.00021	0.00533	0.00856	0.00021	0.0	0.08552	0.0299	0.09383	0.00021	0.00698	0.25585	0.04397	0.00021	0.13969	0.00492	0.00677	0.00021	0.00021	0.00021	0.00021	0.00822	0.00021	0.00021	0.00021	0.00021	0.00021	0.00454	0.01128	0.01011	0.00962	0.01268	0.0	0.07915	0.00981	0.04451	0.0	0.0	0.02056	0.01464	0.16304	0.02023	0.0298	0.01645	0.044	0.0	0.00454	0.03995	0.0082	0.01276	0.00957	0.01092	0.00021	0.13617	0.00633	0.006	0.00633	0.0	0.00021	0.00021	0.00021	0.00021	0.00907	0.2846	0.00021	0.00834	0.00021	0.02162	0.00021	0.00021	0.00021	0.02426	0.00021	0.00021	0.00021	0.02957	0.0074	0.01897	
0.00019	0.02962	0.00019	0.00836	0.01976	0.00019	0.0	0.11364	0.00019	0.00019	0.00019	0.00019	0.00019	0.02209	0.02284	0.00019	0.00019	0.00019	0.01282	0.02071	0.1574	0.0399	0.04304	0.01009	0.07197	0.02154	0.00896	0.0	0.01261	0.14255	0.00994	0.19736	0.03106	0.01475	0.00019	0.0102	0.00019	0.0334	0.00757	0.01475	0.01809	0.01475	0.00019	0.00019	0.00019	0.14134	0.0108	0.03251	0.00019	0.01505	0.11364	0.01475	0.00019	0.00019	0.00019	0.03218	0.00019	0.01475	0.00019	0.00019	0.13145	0.00019	0.02891	0.00019	0.00877	0.01659	0.00019	0.0	0.05527	0.07086	0.06858	0.00019	0.01191	0.14134	0.05691	0.00019	0.02617	0.00798	0.31169	0.00019	0.00019	0.00019	0.00019	0.01475	0.00019	0.00019	0.00019	0.00019	0.00019	0.00727	0.02155	0.01865	0.01862	0.02455	0.0	0.04377	0.01886	0.10503	0.0	0.0	0.03493	0.02814	0.132	0.04074	0.00803	0.034	0.34792	0.0	0.00727	0.06808	0.01373	0.02374	0.01694	0.01941	0.00019	0.02606	0.01068	0.34496	0.01068	0.0	0.00019	0.00019	0.00019	0.00019	0.01514	0.01645	0.00019	0.01458	0.00019	0.03576	0.00019	0.00019	0.00019	0.05079	0.00019	0.00019	0.00019	0.0291	0.01374	0.06934	
0.00018	1.03815	0.00018	0.00674	0.01501	0.00018	0.0	0.01295	0.00018	0.00018	0.00018	0.00018	0.00018	0.01674	0.27252	0.00018	0.00018	0.00018	1.00018	0.01541	0.0	0.08768	0.03211	0.00857	0.01835	0.01644	0.00716	0.01261	0.0	0.02798	0.00789	0.29187	0.02426	0.01144	0.00018	0.00809	0.00018	0.02466	0.00613	0.01144	0.52328	0.01144	0.00018	0.00018	0.00018	0.18207	0.00854	0.19317	0.00018	0.11571	0.01295	0.01144	0.00018	0.00018	0.00018	0.02498	0.00018	0.01144	0.00018	0.00018	0.01215	0.00018	0.02754	0.00018	0.00705	0.01242	0.00018	0.0	0.14165	0.03794	0.0272	0.00018	0.00943	0.18207	0.1567	0.00018	0.01977	0.00645	0.00934	0.00018	0.00018	0.00018	0.00018	0.01144	0.00018	0.00018	0.00018	0.00018	0.00018	0.00591	0.01619	0.01423	0.01396	0.01834	0.0	0.15063	0.49806	0.07027	0.0	0.0	0.16852	0.02175	0.0335	0.09161	0.04994	0.11201	0.04024	0.0	0.00591	0.053	0.0113	0.01836	0.01352	0.01505	0.00018	0.01952	0.00849	0.00809	0.00849	0.0	0.00018	0.00018	0.00018	0.00018	0.01205	0.01267	0.00018	0.01142	0.00018	0.28504	0.00018	0.00018	0.00018	0.03644	0.00018	0.00018	0.00018	0.04367	0.0105	0.0268	
0.0001	0.03697	0.0001	0.01679	0.05137	0.0001	0.0	0.14879	0.0001	0.0001	0.0001	0.0001	0.0001	0.0377	0.03481	0.0001	0.0001	0.0001	0.02809	0.12017	0.0736	0.14524	0.0938	0.13013	0.11357	0.26997	0.01841	0.14255	0.02798	0.0	0.02089	0.23469	0.04264	0.12167	0.0001	0.07333	0.0001	0.12022	0.01493	0.12167	0.04697	0.12167	0.0001	0.0001	0.0001	0.05367	0.02309	0.16864	0.0001	0.0834	0.14879	0.12167	0.0001	0.0001	0.0001	0.06699	0.0001	0.12167	0.0001	0.0001	0.11769	0.0001	0.34748	0.0001	0.12757	0.04416	0.0001	0.0	0.24252	0.17203	0.0642	0.0001	0.02565	0.05367	0.18644	0.0001	0.06883	0.01587	0.06735	0.0001	0.0001	0.0001	0.0001	0.12167	0.0001	0.0001	0.0001	0.0001	0.0001	0.0142	0.12091	0.04755	0.04919	0.09827	0.0	0.16111	0.04985	0.45486	0.0	0.0	0.06404	0.03775	0.06904	0.09603	0.10206	0.05173	0.08138	0.0	0.0142	0.09872	0.03099	0.04258	0.11995	0.04631	0.0001	0.0256	0.02253	0.07333	0.02253	0.0	0.0001	0.0001	0.0001	0.0001	0.03318	0.03892	0.0001	0.03287	0.0001	0.26917	0.0001	0.0001	0.0001	0.15484	0.0001	0.0001	0.0001	0.22171	0.11936	0.23858	
0.00019	0.02955	0.00019	0.00556	0.01178	0.00019	0.0	0.0102	0.00019	0.00019	0.00019	0.00019	0.00019	0.01305	0.01345	0.00019	0.00019	0.00019	0.00816	0.01181	0.0	0.11004	0.08739	0.0069	0.01388	0.01275	0.00585	0.00994	0.00789	0.02089	0.0	0.01842	0.17357	0.00909	0.00019	0.00657	0.00019	0.01878	0.00509	0.00909	0.01062	0.00909	0.00019	0.00019	0.00019	0.23057	0.00691	0.02098	0.00019	0.08584	0.0102	0.00909	0.00019	0.00019	0.00019	0.13516	0.00019	0.00909	0.00019	0.00019	0.00962	0.00019	0.02696	0.00019	0.0058	0.37917	0.00019	0.0	0.06107	0.03197	0.02032	0.00019	0.00765	0.23057	0.04952	0.00019	0.01541	0.00534	0.00751	0.00019	0.00019	0.00019	0.00019	0.00909	0.00019	0.00019	0.00019	0.00019	0.00019	0.00492	0.01257	0.0112	0.01077	0.01417	0.0	0.0233	0.01096	0.05082	0.0	0.0	0.02229	0.01648	0.08168	0.06668	0.03385	0.01857	0.04279	0.0	0.00492	0.06438	0.00908	0.22431	0.01066	0.01202	0.00019	0.01505	0.00692	0.00657	0.00692	0.0	0.00019	0.00019	0.00019	0.00019	0.00987	0.01	0.00019	0.00917	0.00019	0.02331	0.00019	0.00019	0.00019	0.0532	0.00019	0.00019	0.00019	0.03315	0.00823	0.02098	
3e-05	0.29906	3e-05	0.01491	0.08874	3e-05	0.0	0.03292	3e-05	3e-05	3e-05	3e-05	3e-05	0.05039	0.15309	3e-05	3e-05	3e-05	0.29231	0.12343	0.17897	0.11575	0.11813	0.0774	0.04721	0.0704	0.01619	0.19736	0.29187	0.23469	0.01842	0.0	0.08785	0.03015	3e-05	0.01884	3e-05	0.0614	0.01323	0.03015	0.25346	0.03015	3e-05	3e-05	3e-05	0.05003	0.02044	0.16003	3e-05	0.1671	0.03292	0.03015	3e-05	3e-05	3e-05	0.11981	3e-05	0.03015	3e-05	3e-05	0.18412	3e-05	0.1669	3e-05	0.07775	0.16627	3e-05	0.0	0.33203	0.12953	0.14535	3e-05	0.02291	0.05003	0.26872	3e-05	0.04633	0.01409	0.0883	3e-05	3e-05	3e-05	3e-05	0.03015	3e-05	3e-05	3e-05	3e-05	3e-05	0.0126	0.09312	0.08649	0.04388	0.05219	0.0	0.18988	0.37574	0.12168	0.0	0.0	0.15778	0.0497	0.18846	0.0854	0.07447	0.18401	0.09872	0.0	0.0126	0.14869	0.02245	0.0455	0.02969	0.04272	3e-05	0.06243	0.02006	0.09624	0.02006	0.0	3e-05	3e-05	3e-05	3e-05	0.08246	0.03463	3e-05	0.08642	3e-05	0.3774	3e-05	3e-05	3e-05	0.07527	3e-05	3e-05	3e-05	0.1213	0.02947	0.08746	
0.00036	0.03104	0.00036	0.01287	0.15345	0.00036	0.0	0.03597	0.00036	0.00036	0.00036	0.00036	0.00036	0.04116	0.04281	0.00036	0.00036	0.00036	0.02109	0.04134	0.13735	0.04202	0.14732	0.0898	0.04953	0.04402	0.01822	0.03106	0.02426	0.04264	0.17357	0.08785	0.0	0.02537	0.00036	0.15048	0.00664	0.06285	0.01149	0.02537	0.0344	0.02537	0.00036	0.00036	0.00036	0.10971	0.01754	0.02123	0.00036	0.00501	0.03597	0.02537	0.00036	0.00036	0.00036	0.13119	0.00036	0.02537	0.00036	0.00036	0.02745	0.00036	0.02705	0.00036	0.0136	0.12976	0.00036	0.0	0.1424	0.11641	0.07829	0.00036	0.01933	0.10971	0.03006	0.00036	0.05025	0.01219	0.03075	0.00036	0.00036	0.00036	0.00036	0.02537	0.00036	0.00036	0.00036	0.00036	0.00036	0.01095	0.15147	0.28993	0.1359	0.16776	0.0	0.06851	0.03643	0.1489	0.0	0.0	0.05092	0.12887	0.08356	0.10168	0.03439	0.13915	0.03982	0.0	0.01095	0.18267	0.03349	0.07137	0.03771	0.09018	0.00036	0.0505	0.01706	0.01637	0.01706	0.0	0.00036	0.00036	0.00036	0.00036	0.17366	0.02896	0.00664	0.25279	0.00036	0.09166	0.00036	0.00036	0.00036	0.11844	0.00036	0.00036	0.00036	0.10397	0.10024	0.05145	
0.00018	0.01608	0.00018	0.00707	0.01581	0.00018	0.0	0.0141	0.00018	0.00018	0.00018	0.00018	0.00018	0.37255	0.35076	0.00018	0.00018	0.00018	0.01062	0.52077	0.36749	0.03309	0.03713	0.0101	0.4589	0.01947	0.00822	0.01475	0.01144	0.12167	0.00909	0.03015	0.02537	0.0	0.00018	0.00932	0.00028	0.18248	0.00643	0.99978	0.01468	0.99978	0.00018	0.00018	0.00018	0.00949	0.00917	0.02794	0.00018	0.03779	0.0141	0.99978	0.00018	0.00018	0.00018	0.0287	0.00018	0.99978	0.00018	0.00018	0.01312	0.00018	0.01726	0.00018	0.00741	0.01354	0.00018	0.0	0.04009	0.03086	0.02931	0.00018	0.00989	0.00949	0.04487	0.00018	0.02101	0.00676	0.00938	0.00018	0.00018	0.00018	0.00018	0.99978	0.00018	0.00018	0.00018	0.00018	0.00018	0.00617	0.5131	0.01499	0.01529	0.01961	0.0	0.03365	0.01533	0.17822	0.0	0.0	0.02632	0.0235	0.03865	0.035	0.06183	0.14132	0.01507	0.0	0.00617	0.04595	0.0113	0.41792	1.00025	0.01566	0.00018	0.27584	0.00894	0.00867	0.00894	0.0	0.00018	0.00018	0.00018	0.00018	0.01225	0.0137	0.00028	0.01322	0.00018	0.02605	0.00018	0.00018	0.00018	0.23244	0.00018	0.00018	0.00018	0.07952	0.0115	0.02962	
0.0	0.0006	0.0	0.00023	0.00036	0.0	0.0	0.00023	0.0	0.0	0.0	0.0	0.0	9e-05	9e-05	0.0	0.0	0.0	0.00016	7e-05	0.00192	0.0001	0.00012	0.00022	4e-05	0.00011	0.00021	0.00019	0.00018	0.0001	0.00019	3e-05	0.00036	0.00018	0.0	0.00024	0.0	0.00014	0.00026	0.00018	6e-05	0.00018	0.0	0.0	0.0	0.00177	0.00027	0.0002	0.0	0.00011	0.00023	0.00018	0.0	0.0	0.0	0.00048	0.0	0.00018	0.0	0.0	0.00017	0.0	0.00035	0.0	0.00022	2e-05	0.0	0.0	0.00013	0.00027	7e-05	0.0	0.00017	0.00177	0.00016	0.0	0.00013	0.00024	0.00026	0.0	0.0	0.0	0.0	0.00018	0.0	0.0	0.0	0.0	0.0	0.00026	0.00033	0.00037	8e-05	0.00025	0.0	5e-05	5e-05	5e-05	0.0	0.0	6e-05	7e-05	8e-05	6e-05	3e-05	0.00017	0.00043	0.0	0.00026	0.0002	0.00018	0.0001	0.00015	0.00037	0.0	0.00015	0.00017	0.00028	0.00017	0.0	0.0	0.0	0.0	0.0	0.00068	0.00017	0.0	0.00079	0.0	0.00019	0.0	0.0	0.0	0.00012	0.0	0.0	0.0	0.0001	0.00016	9e-05	
0.00024	0.02953	0.00024	0.0057	0.01208	0.00024	0.0	0.32794	0.00024	0.00024	0.00024	0.00024	0.00024	0.01339	0.0138	0.00024	0.00024	0.00024	0.00836	0.01214	0.24205	0.02439	0.0253	0.00673	0.01422	0.23328	0.00599	0.0102	0.00809	0.07333	0.00657	0.01884	0.15048	0.00932	0.00024	0.0	0.00024	0.01931	0.00521	0.00932	0.0109	0.00932	0.00024	0.00024	0.00024	0.22529	0.00708	0.02139	0.00024	0.02559	0.32794	0.00932	0.00024	0.00024	0.00024	0.02057	0.00024	0.00932	0.00024	0.00024	0.00987	0.00024	0.02702	0.00024	0.00594	0.00984	0.00024	0.0	0.0289	0.03239	0.02083	0.00024	0.00783	0.22529	0.03302	0.00024	0.01581	0.00547	0.00736	0.00024	0.00024	0.00024	0.00024	0.00932	0.00024	0.00024	0.00024	0.00024	0.00024	0.00504	0.0129	0.01148	0.01106	0.33396	0.0	0.02398	0.01125	0.10288	0.0	0.0	0.02272	0.01694	0.02622	0.02328	0.03807	0.01909	0.04233	0.0	0.00504	0.06577	0.009	0.01443	0.01067	0.01231	0.00024	0.01546	0.00709	0.00673	0.00709	0.0	0.00024	0.00024	0.00024	0.00024	0.01009	0.01026	0.00024	0.00939	0.00024	0.02373	0.00024	0.00024	0.00024	0.05484	0.00024	0.00024	0.00024	0.05345	0.56581	0.12902	
0.0	0.03863	0.0	0.00045	0.00135	0.0	0.0	0.00019	0.0	0.0	0.0	0.0	0.0	0.00045	0.00048	0.0	0.0	0.0	0.00066	0.00027	0.0	0.00559	0.0038	0.00022	4e-05	0.00011	0.00021	0.00019	0.00018	0.0001	0.00019	3e-05	0.00664	0.00028	0.0	0.00024	0.0	0.00014	0.00042	0.00028	0.00058	0.00028	0.0	0.0	0.0	0.0	0.00024	0.00665	0.0	0.0035	0.00019	0.00028	0.0	0.0	0.0	0.00498	0.0	0.00028	0.0	0.0	0.00028	0.0	0.03039	0.0	0.00044	0.00031	0.0	0.0	0.005	0.01586	0.00086	0.0	0.00063	0.0	0.0059	0.0	0.00106	0.00045	0.00033	0.0	0.0	0.0	0.0	0.00028	0.0	0.0	0.0	0.0	0.0	0.00047	0.00108	0.00128	0.00024	0.00111	0.0	0.00117	0.00046	5e-05	0.0	0.0	0.00829	0.0009	0.00341	0.00274	0.0011	0.00106	0.07284	0.0	0.00047	0.01705	0.0008	0.00056	0.0004	0.0015	0.0	0.0003	0.00051	0.00025	0.00051	0.0	0.0	0.0	0.0	0.0	0.00196	0.00027	0.0	0.00079	0.0	0.00965	0.0	0.0	0.0	0.00247	0.0	0.0	0.0	0.00491	0.00013	0.00449	
0.00014	0.03674	0.00014	0.01533	0.149	0.00014	0.0	0.03453	0.00014	0.00014	0.00014	0.00014	0.00014	0.04826	0.04324	0.00014	0.00014	0.00014	0.02482	0.15136	0.11914	0.05096	0.07784	0.16241	0.14905	0.05409	0.01669	0.0334	0.02466	0.12022	0.01878	0.0614	0.06285	0.18248	0.00014	0.01931	0.00014	0.0	0.01371	0.18248	0.03882	0.18248	0.00014	0.00014	0.00014	0.08055	0.02063	0.01917	0.00014	0.00271	0.03453	0.18248	0.00014	0.00014	0.00014	0.07551	0.00014	0.18248	0.00014	0.00014	0.0121	0.00014	0.19057	0.00014	0.09062	0.03617	0.00014	0.0	0.05716	0.16699	0.05909	0.00014	0.02281	0.08055	0.0503	0.00014	0.02381	0.01453	0.03215	0.00014	0.00014	0.00014	0.00014	0.18248	0.00014	0.00014	0.00014	0.00014	0.00014	0.01308	0.35243	0.15128	0.04046	0.04752	0.0	0.0451	0.04093	0.11238	0.0	0.0	0.07538	0.03028	0.02552	0.01913	0.03255	0.13171	0.03953	0.0	0.01308	0.11375	0.03512	0.13	0.32181	0.07108	0.00014	0.02607	0.02019	0.01931	0.02019	0.0	0.00014	0.00014	0.00014	0.00014	0.17599	0.03347	0.00014	0.17552	0.00014	0.17552	0.00014	0.00014	0.00014	0.20629	0.00014	0.00014	0.00014	0.12558	0.02834	0.04939	
0.00026	0.00824	0.00026	0.00408	0.00766	0.00026	0.0	0.00723	0.00026	0.00026	0.00026	0.00026	0.00026	0.00883	0.00907	0.00026	0.00026	0.00026	0.00568	0.00793	0.00924	0.05622	0.01624	0.00578	0.05125	0.08226	0.00469	0.00757	0.00613	0.01493	0.00509	0.01323	0.01149	0.00643	0.00026	0.00521	0.00042	0.01371	0.0	0.00643	0.00705	0.00643	0.00026	0.00026	0.00026	0.00581	0.00508	0.01301	0.00026	0.01708	0.00723	0.00643	0.00026	0.00026	0.00026	0.01347	0.00026	0.00643	0.00026	0.00026	0.00678	0.00026	0.00862	0.00026	0.00424	0.00641	0.00026	0.0	0.01685	0.0134	0.07294	0.00026	0.00536	0.00581	0.02983	0.00026	0.01008	0.00393	0.0053	0.00026	0.00026	0.00026	0.00026	0.00643	0.00026	0.00026	0.00026	0.00026	0.00026	0.00365	0.00824	0.00735	0.00732	0.00917	0.0	0.06782	0.0073	0.13009	0.0	0.0	0.01146	0.01046	0.0164	0.01498	0.02075	0.01169	0.00782	0.0	0.00365	0.03216	0.00614	0.0095	0.00729	0.00795	0.00026	0.01021	0.00493	0.00485	0.00493	0.0	0.00026	0.00026	0.00026	0.00026	0.00663	0.00702	0.00042	0.00718	0.00026	0.0114	0.00026	0.00026	0.00026	0.0182	0.00026	0.00026	0.00026	0.01995	0.00582	0.04789	
0.00018	0.01608	0.00018	0.00707	0.01581	0.00018	0.0	0.0141	0.00018	0.00018	0.00018	0.00018	0.00018	0.37255	0.35076	0.00018	0.00018	0.00018	0.01062	0.52077	0.36749	0.03309	0.03713	0.0101	0.4589	0.01947	0.00822	0.01475	0.01144	0.12167	0.00909	0.03015	0.02537	0.99978	0.00018	0.00932	0.00028	0.18248	0.00643	0.0	0.01468	0.99978	0.00018	0.00018	0.00018	0.00949	0.00917	0.02794	0.00018	0.03779	0.0141	0.99978	0.00018	0.00018	0.00018	0.0287	0.00018	0.99978	0.00018	0.00018	0.01312	0.00018	0.01726	0.00018	0.00741	0.01354	0.00018	0.0	0.04009	0.03086	0.02931	0.00018	0.00989	0.00949	0.04487	0.00018	0.02101	0.00676	0.00938	0.00018	0.00018	0.00018	0.00018	0.99978	0.00018	0.00018	0.00018	0.00018	0.00018	0.00617	0.5131	0.01499	0.01529	0.01961	0.0	0.03365	0.01533	0.17822	0.0	0.0	0.02632	0.0235	0.03865	0.035	0.06183	0.14132	0.01507	0.0	0.00617	0.04595	0.0113	0.41792	1.00025	0.01566	0.00018	0.27584	0.00894	0.00867	0.00894	0.0	0.00018	0.00018	0.00018	0.00018	0.01225	0.0137	0.00028	0.01322	0.00018	0.02605	0.00018	0.00018	0.00018	0.23244	0.00018	0.00018	0.00018	0.07952	0.0115	0.02962	
6e-05	0.25408	6e-05	0.00784	0.31751	6e-05	0.0	0.01708	6e-05	6e-05	6e-05	6e-05	6e-05	0.18559	0.20102	6e-05	6e-05	6e-05	0.52255	0.02194	0.14751	0.08525	0.17001	0.01217	0.17602	0.02466	0.00953	0.01809	0.52328	0.04697	0.01062	0.25346	0.0344	0.01468	6e-05	0.0109	0.00058	0.03882	0.00705	0.01468	0.0	0.01468	6e-05	6e-05	6e-05	0.01054	0.01048	0.12394	6e-05	0.09514	0.01708	0.01468	6e-05	6e-05	6e-05	0.0376	6e-05	0.01468	6e-05	6e-05	0.01576	6e-05	0.02141	6e-05	0.00826	0.01741	6e-05	0.0	0.18038	0.07192	0.0716	6e-05	0.48581	0.01054	0.1232	6e-05	0.02679	0.00745	0.01109	6e-05	6e-05	6e-05	6e-05	0.01468	6e-05	6e-05	6e-05	6e-05	6e-05	0.00673	0.02244	0.01897	0.01951	0.15535	0.0	0.20516	0.35038	0.13182	0.0	0.0	0.3577	0.11168	0.05541	0.08426	0.07211	0.10924	0.01845	0.0	0.00673	0.07903	0.4876	0.02439	0.01714	0.01917	6e-05	0.02719	0.0102	0.00984	0.0102	0.0	6e-05	6e-05	6e-05	6e-05	0.01443	0.01655	0.00058	0.01585	6e-05	0.22091	6e-05	6e-05	6e-05	0.11866	6e-05	6e-05	6e-05	0.0709	0.01404	0.20325	
