0.0	0.00021	0.0	0.0	0.00013	0.00038	0.00041	0.0	0.00027	0.00027	0.0	0.0	0.0	0.00013	0.00034	0.00135	0.00152	0.00034	0.00076	0.0003	0.00027	0.00107	0.0	0.0005	0.0	0.00154	0.00042	6e-05	0.00027	0.00083	8e-05	0.00031	9e-05	0.00027	0.00135	0.0	0.00065	0.00105	0.0004	0.00038	0.00115	0.00142	0.00128	0.00076	0.0	0.0	0.0	0.00011	0.0	0.0	0.0	0.00041	0.00024	0.00025	0.00015	0.0	0.0	0.0	0.00034	0.00044	0.0	0.00135	0.0	0.00075	0.0002	0.00016	0.0	0.00012	0.00033	8e-05	0.00069	0.00071	0.0	0.0	0.0	0.00015	5e-05	4e-05	3e-05	0.00019	0.00025	5e-05	0.0	0.00026	0.00025	0.0	0.00011	0.00012	0.00199	0.0	0.00085	0.0	0.00136	0.00104	0.00027	0.0	0.0	0.0	0.0	0.0	0.0	0.00013	0.0	0.0	0.00027	0.00023	0.0	0.0001	0.0	0.00036	0.0	0.0	0.0004	0.0	0.00066	0.00023	0.0	0.0013	0.0	0.00094	0.00013	0.00022	0.0002	0.00153	0.0001	5e-05	0.0	7e-05	0.00071	0.0007	0.0	6e-05	0.00013	0.0	0.0	0.00026	0.0	0.0	0.0	0.0	0.0	0.0	0.0	0.0	0.0	0.00016	0.00012	0.0	0.0005	0.0015	0.00186	0.00013	0.00092	0.00077	0.0	0.0	0.0	0.00062	0.00021	0.00021	
0.00021	0.0	0.00021	0.00021	0.01424	0.02196	0.00444	0.00021	0.17293	0.17293	0.00021	0.00021	0.00021	0.00904	0.00662	0.03034	0.01917	0.01318	0.02865	0.02042	0.03141	0.02342	0.0	0.02034	0.00021	0.02088	0.03308	0.09922	0.0138	0.02334	0.02387	0.05119	0.01446	0.17293	0.02188	0.00021	0.02674	0.11166	0.04278	0.15728	0.02238	0.02044	0.02158	0.0386	0.00021	0.0	0.00021	0.04174	0.00021	0.00021	0.00021	0.01042	0.01679	0.12772	0.01235	0.00021	0.00021	0.00021	0.00662	0.03345	0.00021	0.03034	0.00021	0.02304	0.1144	0.16053	0.0	0.12487	0.01321	0.07966	0.49721	0.01412	0.01069	0.0	0.0	1.01054	0.02079	0.0229	0.03657	0.02278	0.01069	0.02371	0.00606	0.02209	0.0299	0.00606	0.29749	0.27324	0.02859	0.00049	0.02327	0.00021	0.02008	0.02944	0.08503	0.00021	0.00021	0.00021	0.00021	0.00021	0.00021	0.00904	0.00021	0.00021	0.17293	0.00956	0.00021	0.02581	0.0	0.02403	0.0	0.0	0.00465	0.0	0.01323	0.0186	0.0	0.00903	0.0	0.02587	0.02384	0.01487	0.0171	0.01799	0.02899	0.03811	0.00021	0.03359	0.05643	0.47766	0.00021	0.06189	0.00904	0.00021	0.00021	0.25883	0.00021	0.00021	0.00021	0.00021	0.00021	0.00021	0.00021	0.00021	0.00021	0.14609	0.06144	0.00021	0.07527	0.00917	0.02518	0.00904	0.0171	0.01877	0.00021	0.00021	0.00021	0.19333	0.03384	0.03001	
0.0	0.00021	0.0	0.0	0.00013	0.00038	0.00041	0.0	0.0	0.0	0.0	0.0	0.0	0.00024	0.00017	0.00355	0.00295	0.00111	0.00222	1e-05	0.00147	0.00244	0.0	0.00167	0.0	0.00322	0.00056	0.00368	8e-05	0.00203	0.00076	0.00044	0.00051	0.0	0.00293	0.0	0.00205	0.00245	0.00208	0.00094	0.00277	0.00314	0.00299	0.00297	0.0	0.0	0.0	0.00048	0.0	0.0	0.0	0.00114	0.00034	0.0012	0.00014	0.0	0.0	0.0	0.00017	0.00254	0.0	0.00355	0.0	0.00783	0.00102	0.00016	0.0	0.00056	8e-05	0.00042	0.00139	0.00152	0.0	0.0	0.0	0.00053	0.0004	0.00044	0.00078	0.001	0.00036	0.00034	0.0	0.00134	0.01095	0.0	0.0014	0.00017	0.00451	0.0	0.00079	0.0	0.00277	0.00019	0.13074	0.0	0.0	0.0	0.0	0.0	0.0	0.00024	0.0	0.0	0.0	5e-05	0.0	0.0321	0.0	0.00531	0.0	0.0	0.00025	0.0	0.00112	0.00098	0.0	0.00242	0.0	0.0026	0.02423	1e-05	0.00092	0.00309	0.00106	0.00097	0.0	0.04358	0.00252	0.00133	0.0	0.04461	0.00024	0.0	0.0	8e-05	0.0	0.0	0.0	0.0	0.0	0.0	0.0	0.0	0.0	0.00609	0.00207	0.0	0.00053	0.0027	0.00402	0.00024	0.00175	0.00773	0.0	0.0	0.0	0.00195	0.00291	0.00499	
0.0	0.00021	0.0	0.0	0.00013	0.00038	0.00041	0.0	0.0	0.0	0.0	0.0	0.0	0.00024	0.00017	0.00355	0.00295	0.00111	0.00222	1e-05	0.00147	0.00244	0.0	0.00167	0.0	0.00322	0.00056	0.00368	8e-05	0.00203	0.00076	0.00044	0.00051	0.0	0.00293	0.0	0.00205	0.00245	0.00208	0.00094	0.00277	0.00314	0.00299	0.00297	0.0	0.0	0.0	0.00048	0.0	0.0	0.0	0.00114	0.00034	0.0012	0.00014	0.0	0.0	0.0	0.00017	0.00254	0.0	0.00355	0.0	0.00783	0.00102	0.00016	0.0	0.00056	8e-05	0.00042	0.00139	0.00152	0.0	0.0	0.0	0.00053	0.0004	0.00044	0.00078	0.001	0.00036	0.00034	0.0	0.00134	0.01095	0.0	0.0014	0.00017	0.00451	0.0	0.00079	0.0	0.00277	0.00019	0.13074	0.0	0.0	0.0	0.0	0.0	0.0	0.00024	0.0	0.0	0.0	5e-05	0.0	0.0321	0.0	0.00531	0.0	0.0	0.00025	0.0	0.00112	0.00098	0.0	0.00242	0.0	0.0026	0.02423	1e-05	0.00092	0.00309	0.00106	0.00097	0.0	0.04358	0.00252	0.00133	0.0	0.04461	0.00024	0.0	0.0	8e-05	0.0	0.0	0.0	0.0	0.0	0.0	0.0	0.0	0.0	0.00609	0.00207	0.0	0.00053	0.0027	0.00402	0.00024	0.00175	0.00773	0.0	0.0	0.0	0.00195	0.00291	0.00499	
0.00013	0.01424	0.00013	0.00013	0.0	0.19044	0.00714	0.00013	0.06216	0.06216	0.00013	0.00013	0.00013	0.43112	0.01188	0.09137	0.05052	0.02741	0.19996	0.09171	0.03583	0.16304	0.0	0.17654	0.00013	0.05268	0.13424	0.13005	0.05399	0.0438	0.12166	0.09684	0.03182	0.06216	0.05447	0.00013	0.09377	0.15088	0.09738	0.0635	0.0466	0.0448	0.04136	0.16968	0.00013	0.0	0.00013	0.17607	0.00013	0.00013	0.00013	0.0201	0.08041	0.05024	0.24103	0.00013	0.00013	0.00013	0.01188	0.0874	0.00013	0.09137	0.00013	0.07741	0.05188	0.13115	0.0	0.13956	0.02892	0.15614	0.17693	0.33317	0.0191	0.0	0.0	0.03052	0.03975	0.04457	0.07125	0.0479	0.02623	0.05054	0.02133	0.17966	0.05197	0.02133	0.1842	0.22233	0.10104	0.20393	0.12703	0.00013	0.28962	0.13895	0.06273	0.00013	0.00013	0.00013	0.00013	0.00013	0.00013	0.43112	0.00013	0.00013	0.06216	0.1617	0.00013	0.02609	0.0	0.16727	0.0	0.0	0.00762	0.0	0.08705	0.15688	0.0	0.21708	0.0	0.03905	0.02794	0.05678	0.04263	0.063	0.13574	0.1014	0.00013	0.03108	0.06608	0.02551	0.00013	0.09789	0.43112	0.00013	0.00013	0.02952	0.00013	0.00013	0.00013	0.00013	0.00013	0.00013	0.00013	0.00013	0.00013	0.14708	0.13684	0.00013	0.08014	0.0155	0.03673	0.43112	0.07299	0.03543	0.00013	0.00013	0.00013	0.10741	0.10825	0.18562	
0.00038	0.02196	0.00038	0.00038	0.19044	0.0	0.01089	0.00038	0.05391	0.05391	0.00038	0.00038	0.00038	0.02757	0.01835	0.04162	0.22455	0.24797	0.06047	0.0379	0.03519	0.18562	0.0	0.01419	0.00038	0.21277	0.39109	0.10629	0.11732	0.42637	0.03842	0.16588	0.10109	0.05391	0.2082	0.00038	0.17194	0.18551	0.07756	0.05988	0.12895	0.02235	0.12706	0.08351	0.00038	0.0	0.00038	0.08388	0.00038	0.00038	0.00038	0.0317	0.10552	0.06439	0.04203	0.00038	0.00038	0.00038	0.01835	0.063	0.00038	0.04162	0.00038	0.24125	0.19412	0.28163	0.0	0.06366	0.10192	0.11964	0.11053	0.09195	0.04314	0.0	0.0	0.04934	0.12368	0.11609	0.19167	0.06844	0.05412	0.16494	0.05586	0.08537	0.06939	0.05586	0.18012	0.04547	0.07683	0.00337	0.01466	0.00038	0.21488	0.13484	0.06991	0.00038	0.00038	0.00038	0.00038	0.00038	0.00038	0.02757	0.00038	0.00038	0.05391	0.09771	0.00038	0.03229	0.0	0.08602	0.0	0.0	0.01172	0.0	0.14499	0.11472	0.0	0.11516	0.0	0.16454	0.03633	0.09224	0.06161	0.16279	0.05628	0.019	0.00038	0.03713	0.08522	0.11746	0.00038	0.12751	0.02757	0.00038	0.00038	0.04709	0.00038	0.00038	0.00038	0.00038	0.00038	0.00038	0.00038	0.00038	0.00038	0.11355	0.20311	0.00038	0.01726	0.07512	0.08075	0.02757	0.28516	0.15934	0.00038	0.00038	0.00038	0.16468	0.06626	0.05481	
0.00041	0.00444	0.00041	0.00041	0.00714	0.01089	0.0	0.00041	0.31883	0.31883	0.00041	0.00041	0.00041	0.00511	0.00393	0.01655	0.01085	0.00742	0.01455	0.03949	0.01572	0.01226	0.0	0.01099	0.00041	0.01171	0.03386	0.0139	0.00722	0.01221	0.01216	0.01618	0.00773	0.31883	0.01199	0.00041	0.01386	0.01256	0.02061	0.00949	0.01216	0.01176	0.01221	0.02009	0.00041	0.0	0.00041	0.01994	0.00041	0.00041	0.00041	0.00615	0.00821	0.01117	0.00658	0.00041	0.00041	0.00041	0.00393	0.01694	0.00041	0.01655	0.00041	0.07837	0.00982	0.02489	0.0	0.0092	0.00695	0.01339	0.00727	0.00783	0.00784	0.0	0.0	0.00939	0.01059	0.01146	0.01783	0.01157	0.00622	0.01162	0.0044	0.01186	0.01971	0.0044	0.01797	0.00694	0.01625	0.00043	0.0119	0.00041	0.01113	0.01445	0.09863	0.00041	0.00041	0.00041	0.00041	0.00041	0.00041	0.00511	0.00041	0.00041	0.31883	0.00505	0.00041	0.02665	0.0	0.06431	0.0	0.0	0.00296	0.0	0.0072	0.00938	0.0	0.00601	0.0	0.01369	0.0227	0.00724	0.0088	0.01035	0.03498	0.01886	0.00041	0.03588	0.01734	0.00669	0.00041	0.07353	0.00511	0.00041	0.00041	0.00705	0.00041	0.00041	0.00041	0.00041	0.00041	0.00041	0.00041	0.00041	0.00041	0.0134	0.01637	0.00041	0.01486	0.0062	0.0144	0.00511	0.00923	0.01302	0.00041	0.00041	0.00041	0.01481	0.02923	0.01653	
0.0	0.00021	0.0	0.0	0.00013	0.00038	0.00041	0.0	0.0	0.0	0.0	0.0	0.0	0.00024	0.00017	0.00355	0.00295	0.00111	0.00222	1e-05	0.00147	0.00244	0.0	0.00167	0.0	0.00322	0.00056	0.00368	8e-05	0.00203	0.00076	0.00044	0.00051	0.0	0.00293	0.0	0.00205	0.00245	0.00208	0.00094	0.00277	0.00314	0.00299	0.00297	0.0	0.0	0.0	0.00048	0.0	0.0	0.0	0.00114	0.00034	0.0012	0.00014	0.0	0.0	0.0	0.00017	0.00254	0.0	0.00355	0.0	0.00783	0.00102	0.00016	0.0	0.00056	8e-05	0.00042	0.00139	0.00152	0.0	0.0	0.0	0.00053	0.0004	0.00044	0.00078	0.001	0.00036	0.00034	0.0	0.00134	0.01095	0.0	0.0014	0.00017	0.00451	0.0	0.00079	0.0	0.00277	0.00019	0.13074	0.0	0.0	0.0	0.0	0.0	0.0	0.00024	0.0	0.0	0.0	5e-05	0.0	0.0321	0.0	0.00531	0.0	0.0	0.00025	0.0	0.00112	0.00098	0.0	0.00242	0.0	0.0026	0.02423	1e-05	0.00092	0.00309	0.00106	0.00097	0.0	0.04358	0.00252	0.00133	0.0	0.04461	0.00024	0.0	0.0	8e-05	0.0	0.0	0.0	0.0	0.0	0.0	0.0	0.0	0.0	0.00609	0.00207	0.0	0.00053	0.0027	0.00402	0.00024	0.00175	0.00773	0.0	0.0	0.0	0.00195	0.00291	0.00499	
0.00027	0.17293	0.0	0.0	0.06216	0.05391	0.31883	0.0	0.0	0.9997	0.00027	0.00027	0.00027	0.00665	0.00512	0.01995	0.01295	0.0092	0.01849	0.0141	0.02051	0.01529	0.0	0.01374	0.00027	0.01387	0.04545	0.05708	0.01	0.01545	0.01613	0.02249	0.01013	0.9997	0.01447	0.00027	0.01756	0.0157	0.03041	0.01267	0.01474	0.01383	0.01453	0.02499	0.00027	0.0	0.00027	0.02734	0.00027	0.00027	0.00027	0.00741	0.01148	0.01435	0.00893	0.00027	0.00027	0.00027	0.00512	0.04711	0.00027	0.01995	0.00027	0.08884	0.01287	0.10217	0.0	0.01242	0.00965	0.01857	0.00931	0.00997	0.01185	0.0	0.0	0.01343	0.01506	0.01618	0.02443	0.01567	0.00928	0.0164	0.00745	0.01571	0.11251	0.00745	0.02382	0.0094	0.01908	0.0013	0.0664	0.00027	0.01344	0.04894	0.36884	0.00027	0.00027	0.00027	0.00027	0.00027	0.00027	0.00665	0.00027	0.00027	0.9997	0.00702	0.00027	0.23492	0.0	0.06866	0.0	0.0	0.00371	0.0	0.00926	0.01233	0.0	0.00655	0.0	0.01691	0.1984	0.01043	0.01148	0.01208	0.01859	0.02507	0.00027	0.25358	0.02185	0.0083	0.00027	0.16638	0.00665	0.00027	0.00027	0.00975	0.00027	0.00027	0.00027	0.00027	0.00027	0.00027	0.00027	0.00027	0.00027	0.08033	0.04536	0.00027	0.048	0.00668	0.01682	0.00665	0.01165	0.11883	0.00027	0.00027	0.00027	0.01908	0.04456	0.06076	
0.00027	0.17293	0.0	0.0	0.06216	0.05391	0.31883	0.0	0.9997	0.0	0.00027	0.00027	0.00027	0.00665	0.00512	0.01995	0.01295	0.0092	0.01849	0.0141	0.02051	0.01529	0.0	0.01374	0.00027	0.01387	0.04545	0.05708	0.01	0.01545	0.01613	0.02249	0.01013	0.9997	0.01447	0.00027	0.01756	0.0157	0.03041	0.01267	0.01474	0.01383	0.01453	0.02499	0.00027	0.0	0.00027	0.02734	0.00027	0.00027	0.00027	0.00741	0.01148	0.01435	0.00893	0.00027	0.00027	0.00027	0.00512	0.04711	0.00027	0.01995	0.00027	0.08884	0.01287	0.10217	0.0	0.01242	0.00965	0.01857	0.00931	0.00997	0.01185	0.0	0.0	0.01343	0.01506	0.01618	0.02443	0.01567	0.00928	0.0164	0.00745	0.01571	0.11251	0.00745	0.02382	0.0094	0.01908	0.0013	0.0664	0.00027	0.01344	0.04894	0.36884	0.00027	0.00027	0.00027	0.00027	0.00027	0.00027	0.00665	0.00027	0.00027	0.9997	0.00702	0.00027	0.23492	0.0	0.06866	0.0	0.0	0.00371	0.0	0.00926	0.01233	0.0	0.00655	0.0	0.01691	0.1984	0.01043	0.01148	0.01208	0.01859	0.02507	0.00027	0.25358	0.02185	0.0083	0.00027	0.16638	0.00665	0.00027	0.00027	0.00975	0.00027	0.00027	0.00027	0.00027	0.00027	0.00027	0.00027	0.00027	0.00027	0.08033	0.04536	0.00027	0.048	0.00668	0.01682	0.00665	0.01165	0.11883	0.00027	0.00027	0.00027	0.01908	0.04456	0.06076	
0.0	0.00021	0.0	0.0	0.00013	0.00038	0.00041	0.0	0.00027	0.00027	0.0	0.0	0.0	0.00013	0.00034	0.00135	0.00152	0.00034	0.00076	0.0003	0.00027	0.00107	0.0	0.0005	0.0	0.00154	0.00042	6e-05	0.00027	0.00083	8e-05	0.00031	9e-05	0.00027	0.00135	0.0	0.00065	0.00105	0.0004	0.00038	0.00115	0.00142	0.00128	0.00076	0.0	0.0	0.0	0.00011	0.0	0.0	0.0	0.00041	0.00024	0.00025	0.00015	0.0	0.0	0.0	0.00034	0.00044	0.0	0.00135	0.0	0.00075	0.0002	0.00016	0.0	0.00012	0.00033	8e-05	0.00069	0.00071	0.0	0.0	0.0	0.00015	5e-05	4e-05	3e-05	0.00019	0.00025	5e-05	0.0	0.00026	0.00025	0.0	0.00011	0.00012	0.00199	0.0	0.00085	0.0	0.00136	0.00104	0.00027	0.0	0.0	0.0	0.0	0.0	0.0	0.00013	0.0	0.0	0.00027	0.00023	0.0	0.0001	0.0	0.00036	0.0	0.0	0.0004	0.0	0.00066	0.00023	0.0	0.0013	0.0	0.00094	0.00013	0.00022	0.0002	0.00153	0.0001	5e-05	0.0	7e-05	0.00071	0.0007	0.0	6e-05	0.00013	0.0	0.0	0.00026	0.0	0.0	0.0	0.0	0.0	0.0	0.0	0.0	0.0	0.00016	0.00012	0.0	0.0005	0.0015	0.00186	0.00013	0.00092	0.00077	0.0	0.0	0.0	0.00062	0.00021	0.00021	
0.0	0.00021	0.0	0.0	0.00013	0.00038	0.00041	0.0	0.00027	0.00027	0.0	0.0	0.0	0.00013	0.00034	0.00135	0.00152	0.00034	0.00076	0.0003	0.00027	0.00107	0.0	0.0005	0.0	0.00154	0.00042	6e-05	0.00027	0.00083	8e-05	0.00031	9e-05	0.00027	0.00135	0.0	0.00065	0.00105	0.0004	0.00038	0.00115	0.00142	0.00128	0.00076	0.0	0.0	0.0	0.00011	0.0	0.0	0.0	0.00041	0.00024	0.00025	0.00015	0.0	0.0	0.0	0.00034	0.00044	0.0	0.00135	0.0	0.00075	0.0002	0.00016	0.0	0.00012	0.00033	8e-05	0.00069	0.00071	0.0	0.0	0.0	0.00015	5e-05	4e-05	3e-05	0.00019	0.00025	5e-05	0.0	0.00026	0.00025	0.0	0.00011	0.00012	0.00199	0.0	0.00085	0.0	0.00136	0.00104	0.00027	0.0	0.0	0.0	0.0	0.0	0.0	0.00013	0.0	0.0	0.00027	0.00023	0.0	0.0001	0.0	0.00036	0.0	0.0	0.0004	0.0	0.00066	0.00023	0.0	0.0013	0.0	0.00094	0.00013	0.00022	0.0002	0.00153	0.0001	5e-05	0.0	7e-05	0.00071	0.0007	0.0	6e-05	0.00013	0.0	0.0	0.00026	0.0	0.0	0.0	0.0	0.0	0.0	0.0	0.0	0.0	0.00016	0.00012	0.0	0.0005	0.0015	0.00186	0.00013	0.00092	0.00077	0.0	0.0	0.0	0.00062	0.00021	0.00021	
0.0	0.00021	0.0	0.0	0.00013	0.00038	0.00041	0.0	0.00027	0.00027	0.0	0.0	0.0	0.00013	0.00034	0.00135	0.00152	0.00034	0.00076	0.0003	0.00027	0.00107	0.0	0.0005	0.0	0.00154	0.00042	6e-05	0.00027	0.00083	8e-05	0.00031	9e-05	0.00027	0.00135	0.0	0.00065	0.00105	0.0004	0.00038	0.00115	0.00142	0.00128	0.00076	0.0	0.0	0.0	0.00011	0.0	0.0	0.0	0.00041	0.00024	0.00025	0.00015	0.0	0.0	0.0	0.00034	0.00044	0.0	0.00135	0.0	0.00075	0.0002	0.00016	0.0	0.00012	0.00033	8e-05	0.00069	0.00071	0.0	0.0	0.0	0.00015	5e-05	4e-05	3e-05	0.00019	0.00025	5e-05	0.0	0.00026	0.00025	0.0	0.00011	0.00012	0.00199	0.0	0.00085	0.0	0.00136	0.00104	0.00027	0.0	0.0	0.0	0.0	0.0	0.0	0.00013	0.0	0.0	0.00027	0.00023	0.0	0.0001	0.0	0.00036	0.0	0.0	0.0004	0.0	0.00066	0.00023	0.0	0.0013	0.0	0.00094	0.00013	0.00022	0.0002	0.00153	0.0001	5e-05	0.0	7e-05	0.00071	0.0007	0.0	6e-05	0.00013	0.0	0.0	0.00026	0.0	0.0	0.0	0.0	0.0	0.0	0.0	0.0	0.0	0.00016	0.00012	0.0	0.0005	0.0015	0.00186	0.00013	0.00092	0.00077	0.0	0.0	0.0	0.00062	0.00021	0.00021	
0.00013	0.00904	0.00024	0.00024	0.43112	0.02757	0.00511	0.00024	0.00665	0.00665	0.00013	0.00013	0.00013	0.0	0.0074	0.10637	0.0209	0.01449	0.24174	0.02432	0.03546	0.16361	0.0	0.18181	0.00013	0.0227	0.04268	0.10501	0.01597	0.02613	0.13362	0.03931	0.01631	0.00665	0.024	0.00013	0.09777	0.14722	0.05505	0.0218	0.02458	0.02204	0.0234	0.07587	0.00013	0.0	0.00013	0.05364	0.00013	0.00013	0.00013	0.01129	0.0197	0.02378	0.41388	0.00013	0.00013	0.00013	0.0074	0.04049	0.00013	0.10637	0.00013	0.02275	0.0222	0.19746	0.0	0.16354	0.01531	0.03207	0.01445	0.54296	0.01157	0.0	0.0	0.01893	0.0237	0.02617	0.04135	0.02576	0.01201	0.02733	0.00674	0.02452	0.02857	0.00674	0.10855	0.36697	0.124	0.0	0.11758	0.00013	0.35893	0.03878	0.01305	0.00013	0.00013	0.00013	0.00013	0.00013	0.00013	0.99972	0.00013	0.00013	0.00665	0.01109	0.00013	0.01321	0.0	0.13162	0.0	0.0	0.00509	0.0	0.01491	0.17479	0.0	0.00933	0.0	0.0286	0.0146	0.01766	0.01937	0.01941	0.08964	0.04317	0.00013	0.01203	0.07091	0.01312	0.00013	0.03004	0.99972	0.00013	0.00013	0.01552	0.00013	0.00013	0.00013	0.00013	0.00013	0.00013	0.00013	0.00013	0.00013	0.02228	0.04011	0.00013	0.08414	0.00943	0.02708	0.99972	0.01914	0.01833	0.00013	0.00013	0.00013	0.03341	0.08321	0.08968	
0.00034	0.00662	0.00017	0.00017	0.01188	0.01835	0.00393	0.00017	0.00512	0.00512	0.00034	0.00034	0.00034	0.0074	0.0	0.02248	0.0145	0.01029	0.04825	0.07174	0.02335	0.01734	0.0	0.01548	0.00034	0.01557	0.02832	0.06572	0.01121	0.01749	0.01827	0.02566	0.01138	0.00512	0.0163	0.00034	0.23115	0.01781	0.03381	0.01441	0.01663	0.01545	0.01628	0.02833	0.00034	0.0	0.00034	0.03475	0.00034	0.00034	0.00034	0.00824	0.01306	0.0162	0.24359	0.00034	0.00034	0.00034	0.99992	0.02623	0.00034	0.02248	0.00034	0.0153	0.01465	0.04152	0.0	0.0141	0.21468	0.13652	0.01003	0.01081	0.00815	0.0	0.0	0.0129	0.01567	0.01717	0.02674	0.01695	0.0083	0.01787	0.0045	0.01655	0.01855	0.0045	0.02646	0.01054	0.0211	0.00031	0.02057	0.00034	0.01511	0.02604	0.00912	0.00034	0.00034	0.00034	0.00034	0.00034	0.00034	0.0074	0.00034	0.00034	0.00512	0.00787	0.00034	0.00939	0.0	0.01673	0.0	0.0	0.00406	0.0	0.01039	0.01402	0.0	0.00717	0.0	0.01914	0.01029	0.1242	0.01301	0.01352	0.02131	0.04745	0.00034	0.00841	0.02485	0.00928	0.00034	0.0514	0.0074	0.00034	0.00034	0.20853	0.00034	0.00034	0.00034	0.00034	0.00034	0.00034	0.00034	0.00034	0.00034	0.09245	0.05229	0.00034	0.02582	0.00728	0.01882	0.0074	0.01311	0.01258	0.00034	0.00034	0.00034	0.04737	0.02573	0.02119	
0.00135	0.03034	0.00355	0.00355	0.09137	0.04162	0.01655	0.00355	0.01995	0.01995	0.00135	0.00135	0.00135	0.10637	0.02248	0.0	0.25003	0.01512	0.43889	0.11223	0.03327	0.50879	0.0	0.17861	0.00135	0.42238	0.01699	0.01586	0.05804	0.11655	0.02024	0.1979	0.02268	0.01995	0.32399	0.00135	0.21792	0.48131	0.07014	0.16671	0.2955	0.33696	0.14656	0.46445	0.00135	0.0	0.00135	0.01783	0.00135	0.00135	0.00135	0.12179	0.1207	0.04384	0.02533	0.00135	0.00135	0.00135	0.02248	0.10801	0.00135	1.00248	0.00135	0.16396	0.01784	0.98989	0.0	0.06971	0.05485	0.02607	0.1144	0.25669	0.42476	0.0	0.0	0.2466	0.18122	0.16624	0.15229	0.15857	0.06979	0.08201	0.07596	0.15754	0.22108	0.07596	0.28803	0.01891	1.00584	0.00409	0.33165	0.00135	0.39691	0.15657	0.11537	0.00135	0.00135	0.00135	0.00135	0.00135	0.00135	0.10637	0.00135	0.00135	0.01995	0.03925	0.00135	0.04602	0.0	0.15543	0.0	0.0	0.01468	0.0	0.09995	0.1537	0.0	0.08804	0.0	0.21015	0.0521	0.07501	0.05131	0.16772	0.04983	0.001	0.00135	0.04385	0.37391	0.09644	0.00135	0.0335	0.10637	0.00135	0.00135	0.05599	0.00135	0.00135	0.00135	0.00135	0.00135	0.00135	0.00135	0.00135	0.00135	0.09574	0.01013	0.00135	0.17278	0.08809	0.50533	0.10637	0.16119	0.07337	0.00135	0.00135	0.00135	0.15221	0.04997	0.23221	
0.00152	0.01917	0.00295	0.00295	0.05052	0.22455	0.01085	0.00295	0.01295	0.01295	0.00152	0.00152	0.00152	0.0209	0.0145	0.25003	0.0	0.05503	0.20168	0.09641	0.2445	0.40123	0.0	0.10279	0.00152	0.53192	0.18883	0.08062	0.0358	0.32408	0.01429	0.11204	0.03696	0.01295	0.50255	0.00152	0.24382	0.39433	0.29534	0.04553	0.38061	0.13437	0.83631	0.1792	0.00152	0.0	0.00152	0.03467	0.00152	0.00152	0.00152	0.02348	0.05267	0.01379	0.03102	0.00152	0.00152	0.00152	0.0145	0.14981	0.00152	0.25003	0.00152	0.24539	0.1433	0.30051	0.0	0.02706	0.03394	0.095	0.12897	0.12755	0.81402	0.0	0.0	0.37885	0.25252	0.2242	0.26544	0.21213	0.47914	0.2023	0.85419	0.28438	0.17908	0.85419	0.1923	0.03332	0.35137	0.00468	0.05839	0.00152	0.54567	0.20041	0.02986	0.00152	0.00152	0.00152	0.00152	0.00152	0.00152	0.0209	0.00152	0.00152	0.01295	0.22282	0.00152	0.02867	0.0	0.05403	0.0	0.0	0.00973	0.0	0.13591	0.07714	0.0	0.14705	0.0	0.25677	0.12672	0.18218	0.14003	0.46576	0.14607	0.02022	0.00152	0.02731	0.20498	0.13981	0.00152	0.02732	0.0209	0.00152	0.00152	0.0346	0.00152	0.00152	0.00152	0.00152	0.00152	0.00152	0.00152	0.00152	0.00152	0.05728	0.10573	0.00152	0.0386	0.14711	0.35421	0.0209	0.26301	0.16526	0.00152	0.00152	0.00152	0.24607	0.12837	0.04875	
0.00034	0.01318	0.00111	0.00111	0.02741	0.24797	0.00742	0.00111	0.0092	0.0092	0.00034	0.00034	0.00034	0.01449	0.01029	0.01512	0.05503	0.0	0.02153	0.02507	0.01136	0.04703	0.0	0.03428	0.00034	0.05265	0.13037	0.04665	0.0628	0.20968	0.22773	0.06367	0.02436	0.0092	0.05178	0.00034	0.16573	0.04712	0.0451	0.084	0.04063	0.04966	0.04186	0.00514	0.00034	0.0	0.00034	0.0879	0.00034	0.00034	0.00034	0.01621	0.03123	0.03647	0.02081	0.00034	0.00034	0.00034	0.01029	0.03537	0.00034	0.01512	0.00034	0.18819	0.40765	0.32162	0.0	0.03294	0.02262	0.01806	0.02215	0.02411	0.03657	0.0	0.0	0.02885	0.32875	0.27553	0.33014	0.03175	0.03553	0.1947	0.04824	0.03503	0.03043	0.04824	0.09349	0.0222	0.02728	0.00219	0.04691	0.00034	0.05298	0.00806	0.01951	0.00034	0.00034	0.00034	0.00034	0.00034	0.00034	0.01449	0.00034	0.00034	0.0092	0.01636	0.00034	0.01936	0.0	0.04129	0.0	0.0	0.00691	0.0	0.22527	0.07445	0.0	0.01288	0.0	0.24164	0.02157	0.14739	0.10225	0.19904	0.04921	0.11898	0.00034	0.01794	0.17414	0.24676	0.00034	0.04858	0.01449	0.00034	0.00034	0.023	0.00034	0.00034	0.00034	0.00034	0.00034	0.00034	0.00034	0.00034	0.00034	0.03487	0.06245	0.00034	0.06099	0.01296	0.02951	0.01449	0.08828	0.20115	0.00034	0.00034	0.00034	0.07546	0.06689	0.05418	
0.00076	0.02865	0.00222	0.00222	0.19996	0.06047	0.01455	0.00222	0.01849	0.01849	0.00076	0.00076	0.00076	0.24174	0.04825	0.43889	0.20168	0.02153	0.0	0.06745	0.10194	0.41883	0.0	0.15014	0.00076	0.33881	0.05462	0.10481	0.05968	0.11901	0.07598	0.1814	0.02899	0.01849	0.27608	0.00076	0.21219	0.40243	0.21035	0.15766	0.32758	0.25312	0.12657	0.21953	0.00076	0.0	0.00076	0.0752	0.00076	0.00076	0.00076	0.08766	0.12951	0.05357	0.19707	0.00076	0.00076	0.00076	0.04825	0.14271	0.00076	0.43889	0.00076	0.15154	0.03906	0.24463	0.0	0.27084	0.01381	0.04925	0.09267	0.3143	0.20196	0.0	0.0	0.17404	0.25774	0.17808	0.17858	0.22916	0.15298	0.21025	0.04647	0.14066	0.20826	0.04647	0.15829	0.15951	0.54084	0.08565	0.20516	0.00076	0.40472	0.16561	0.09191	0.00076	0.00076	0.00076	0.00076	0.00076	0.00076	0.24174	0.00076	0.00076	0.01849	0.03981	0.00076	0.04621	0.0	0.23233	0.0	0.0	0.01324	0.0	0.08665	0.22254	0.0	0.06229	0.0	0.19958	0.05299	0.04435	0.05755	0.14133	0.08321	0.08414	0.00076	0.04506	0.20303	0.07959	0.00076	0.09041	0.24174	0.00076	0.00076	0.01406	0.00076	0.00076	0.00076	0.00076	0.00076	0.00076	0.00076	0.00076	0.00076	0.04532	0.06739	0.00076	0.11975	0.06233	0.38447	0.24174	0.15196	0.07159	0.00076	0.00076	0.00076	0.27436	0.13098	0.20864	
0.0003	0.02042	1e-05	1e-05	0.09171	0.0379	0.03949	1e-05	0.0141	0.0141	0.0003	0.0003	0.0003	0.02432	0.07174	0.11223	0.09641	0.02507	0.06745	0.0	0.03259	0.10257	0.0	0.06954	0.0003	0.07621	0.03425	0.05811	0.08779	0.02634	0.04584	0.04143	0.046	0.0141	0.08375	0.0003	0.07368	0.1071	0.14748	0.17471	0.08603	0.06535	0.02134	0.1086	0.0003	0.0	0.0003	0.1261	0.0003	0.0003	0.0003	0.02767	0.15219	0.07532	0.01732	0.0003	0.0003	0.0003	0.07174	0.10011	0.0003	0.11223	0.0003	0.06037	0.03762	0.12546	0.0	0.07217	0.06109	0.12304	0.04064	0.04562	0.01872	0.0	0.0	0.04761	0.05716	0.06681	0.13471	0.09036	0.02569	0.09063	0.00994	0.09139	0.18621	0.00994	0.04824	0.04099	0.09888	0.00037	0.10161	0.0003	0.07332	0.09872	0.03708	0.0003	0.0003	0.0003	0.0003	0.0003	0.0003	0.02432	0.0003	0.0003	0.0141	0.20707	0.0003	0.03466	0.0	0.08493	0.0	0.0	0.07578	0.0	0.10265	0.07802	0.0	0.02046	0.0	0.02244	0.01517	0.37689	0.03904	0.06101	0.03448	0.04117	0.0003	0.03359	0.08845	0.03674	0.0003	0.04484	0.02432	0.0003	0.0003	0.07428	0.0003	0.0003	0.0003	0.0003	0.0003	0.0003	0.0003	0.0003	0.0003	0.1166	0.06304	0.0003	0.14047	0.0205	0.08502	0.02432	0.06223	0.05838	0.0003	0.0003	0.0003	0.05437	0.06585	0.10651	
0.00027	0.03141	0.00147	0.00147	0.03583	0.03519	0.01572	0.00147	0.02051	0.02051	0.00027	0.00027	0.00027	0.03546	0.02335	0.03327	0.2445	0.01136	0.10194	0.03259	0.0	0.23309	0.0	0.04905	0.00027	0.18826	0.02448	0.09432	0.06496	0.09561	0.01	0.05169	0.06742	0.02051	0.16266	0.00027	0.04956	0.18419	0.23635	0.05996	0.22403	0.0289	0.2685	0.03444	0.00027	0.0	0.00027	0.1053	0.00027	0.00027	0.00027	0.04033	0.11453	0.05038	0.05531	0.00027	0.00027	0.00027	0.02335	0.06799	0.00027	0.03327	0.00027	0.14649	0.04013	0.07653	0.0	0.05375	0.01217	0.0463	0.07996	0.08518	0.03297	0.0	0.0	0.05171	0.10431	0.04032	0.04643	0.18832	0.11147	0.09831	0.0455	0.08197	0.0583	0.0455	0.13911	0.05998	0.06256	0.00351	0.01052	0.00027	0.18834	0.02117	0.05391	0.00027	0.00027	0.00027	0.00027	0.00027	0.00027	0.03546	0.00027	0.00027	0.02051	0.06129	0.00027	0.00648	0.0	0.12659	0.0	0.0	0.03066	0.0	0.05834	0.03583	0.0	0.06385	0.0	0.07437	0.08916	0.05602	0.1241	0.12288	0.15408	0.02517	0.00027	0.04883	0.05652	0.08042	0.00027	0.06325	0.03546	0.00027	0.00027	0.06251	0.00027	0.00027	0.00027	0.00027	0.00027	0.00027	0.00027	0.00027	0.00027	0.04949	0.02245	0.00027	0.0135	0.06389	0.0665	0.03546	0.10824	0.05815	0.00027	0.00027	0.00027	0.10866	0.03746	0.08298	
0.00107	0.02342	0.00244	0.00244	0.16304	0.18562	0.01226	0.00244	0.01529	0.01529	0.00107	0.00107	0.00107	0.16361	0.01734	0.50879	0.40123	0.04703	0.41883	0.10257	0.23309	0.0	0.0	0.1585	0.00107	0.70247	0.18257	0.17752	0.0478	0.26097	0.04275	0.24899	0.16703	0.01529	0.58555	0.00107	0.2537	0.62484	0.26785	0.21194	0.55645	0.34144	0.3134	0.41792	0.00107	0.0	0.00107	0.09218	0.00107	0.00107	0.00107	0.26866	0.2289	0.12554	0.09724	0.00107	0.00107	0.00107	0.01734	0.21833	0.00107	0.50879	0.00107	0.20712	0.07928	0.46997	0.0	0.08036	0.04498	0.0705	0.18285	0.36825	0.64116	0.0	0.0	0.41942	0.32197	0.29812	0.28266	0.42562	0.21281	0.18259	0.24443	0.43072	0.43728	0.24443	0.26948	0.09142	0.67517	0.03381	0.20998	0.00107	0.57149	0.2594	0.24778	0.00107	0.00107	0.00107	0.00107	0.00107	0.00107	0.16361	0.00107	0.00107	0.01529	0.0322	0.00107	0.03726	0.0	0.29744	0.0	0.0	0.0111	0.0	0.11021	0.17353	0.0	0.0946	0.0	0.32283	0.04072	0.06665	0.25397	0.32108	0.23044	0.04554	0.00107	0.03631	0.2569	0.10663	0.00107	0.08258	0.16361	0.00107	0.00107	0.04599	0.00107	0.00107	0.00107	0.00107	0.00107	0.00107	0.00107	0.00107	0.00107	0.08443	0.14097	0.00107	0.11326	0.09464	0.55084	0.16361	0.20409	0.1318	0.00107	0.00107	0.00107	0.28596	0.18765	0.24797	
0.0	0.0	0.0	0.0	0.0	0.0	0.0	0.0	0.0	0.0	0.0	0.0	0.0	0.0	0.0	0.0	0.0	0.0	0.0	0.0	0.0	0.0	0.0	0.0	0.0	0.0	0.0	0.0	0.0	0.0	0.0	0.0	0.0	0.0	0.0	0.0	0.0	0.0	0.0	0.0	0.0	0.0	0.0	0.0	0.0	0.0	0.0	0.0	0.0	0.0	0.0	0.0	0.0	0.0	0.0	0.0	0.0	0.0	0.0	0.0	0.0	0.0	0.0	0.0	0.0	0.0	0.0	0.0	0.0	0.0	0.0	0.0	0.0	0.0	0.0	0.0	0.0	0.0	0.0	0.0	0.0	0.0	0.0	0.0	0.0	0.0	0.0	0.0	0.0	0.0	0.0	0.0	0.0	0.0	0.0	0.0	0.0	0.0	0.0	0.0	0.0	0.0	0.0	0.0	0.0	0.0	0.0	0.0	0.0	0.0	0.0	0.0	0.0	0.0	0.0	0.0	0.0	0.0	0.0	0.0	0.0	0.0	0.0	0.0	0.0	0.0	0.0	0.0	0.0	0.0	0.0	0.0	0.0	0.0	0.0	0.0	0.0	0.0	0.0	0.0	0.0	0.0	0.0	0.0	0.0	0.0	0.0	0.0	0.0	0.0	0.0	0.0	0.0	0.0	0.0	0.0	0.0	0.0	0.0	0.0	
0.0005	0.02034	0.00167	0.00167	0.17654	0.01419	0.01099	0.00167	0.01374	0.01374	0.0005	0.0005	0.0005	0.18181	0.01548	0.17861	0.10279	0.03428	0.15014	0.06954	0.04905	0.1585	0.0	0.0	0.0005	0.09902	0.00884	0.027	0.03862	0.06121	0.00248	0.04678	0.03986	0.01374	0.09782	0.0005	0.18108	0.1456	0.04294	0.03804	0.07391	0.00488	0.07352	0.10763	0.0005	0.0	0.0005	0.01891	0.0005	0.0005	0.0005	0.02534	0.05528	0.00149	0.06222	0.0005	0.0005	0.0005	0.01548	0.01369	0.0005	0.17861	0.0005	0.04608	0.03273	0.15257	0.0	0.13032	0.03662	0.01988	0.12667	0.31184	0.04338	0.0	0.0	0.04273	0.04517	0.06846	0.06439	0.06527	0.0501	0.05508	0.05769	0.05616	0.04185	0.05769	0.06008	0.05155	0.13116	0.01913	0.208	0.0005	0.29551	0.01244	0.03194	0.0005	0.0005	0.0005	0.0005	0.0005	0.0005	0.18181	0.0005	0.0005	0.01374	0.02633	0.0005	0.03096	0.0	0.04917	0.0	0.0	0.01011	0.0	0.02065	0.22437	0.0	0.14841	0.0	0.04262	0.03484	0.04795	0.05225	0.15072	0.1516	0.12437	0.0005	0.02923	0.11586	0.03169	0.0005	0.01842	0.18181	0.0005	0.0005	0.03733	0.0005	0.0005	0.0005	0.0005	0.0005	0.0005	0.0005	0.0005	0.0005	0.01371	0.05801	0.0005	0.12657	0.14848	0.04997	0.18181	0.03808	0.02918	0.0005	0.0005	0.0005	0.02254	0.02106	0.11102	
0.0	0.00021	0.0	0.0	0.00013	0.00038	0.00041	0.0	0.00027	0.00027	0.0	0.0	0.0	0.00013	0.00034	0.00135	0.00152	0.00034	0.00076	0.0003	0.00027	0.00107	0.0	0.0005	0.0	0.00154	0.00042	6e-05	0.00027	0.00083	8e-05	0.00031	9e-05	0.00027	0.00135	0.0	0.00065	0.00105	0.0004	0.00038	0.00115	0.00142	0.00128	0.00076	0.0	0.0	0.0	0.00011	0.0	0.0	0.0	0.00041	0.00024	0.00025	0.00015	0.0	0.0	0.0	0.00034	0.00044	0.0	0.00135	0.0	0.00075	0.0002	0.00016	0.0	0.00012	0.00033	8e-05	0.00069	0.00071	0.0	0.0	0.0	0.00015	5e-05	4e-05	3e-05	0.00019	0.00025	5e-05	0.0	0.00026	0.00025	0.0	0.00011	0.00012	0.00199	0.0	0.00085	0.0	0.00136	0.00104	0.00027	0.0	0.0	0.0	0.0	0.0	0.0	0.00013	0.0	0.0	0.00027	0.00023	0.0	0.0001	0.0	0.00036	0.0	0.0	0.0004	0.0	0.00066	0.00023	0.0	0.0013	0.0	0.00094	0.00013	0.00022	0.0002	0.00153	0.0001	5e-05	0.0	7e-05	0.00071	0.0007	0.0	6e-05	0.00013	0.0	0.0	0.00026	0.0	0.0	0.0	0.0	0.0	0.0	0.0	0.0	0.0	0.00016	0.00012	0.0	0.0005	0.0015	0.00186	0.00013	0.00092	0.00077	0.0	0.0	0.0	0.00062	0.00021	0.00021	
0.00154	0.02088	0.00322	0.00322	0.05268	0.21277	0.01171	0.00322	0.01387	0.01387	0.00154	0.00154	0.00154	0.0227	0.01557	0.42238	0.53192	0.05265	0.33881	0.07621	0.18826	0.70247	0.0	0.09902	0.00154	0.0	0.18699	0.18824	0.03958	0.30513	0.02267	0.30607	0.21071	0.01387	0.79357	0.00154	0.23342	0.68654	0.24411	0.23568	0.74968	0.46837	0.4139	0.2656	0.00154	0.0	0.00154	0.05533	0.00154	0.00154	0.00154	0.38356	0.25303	0.13395	0.03412	0.00154	0.00154	0.00154	0.01557	0.22437	0.00154	0.42238	0.00154	0.23401	0.07363	0.73026	0.0	0.03298	0.03744	0.07494	0.24501	0.2365	0.0	0.0	0.0	1.03098	0.51611	0.42856	0.325	0.54108	0.36515	0.19607	0.53302	0.70135	0.57883	0.53302	0.28877	0.03676	0.78387	0.00522	0.16882	0.00154	0.49498	0.30988	0.32727	0.00154	0.00154	0.00154	0.00154	0.00154	0.00154	0.0227	0.00154	0.00154	0.01387	0.02706	0.00154	0.03146	0.0	0.22611	0.0	0.0	0.01034	0.0	0.12811	0.07847	0.0	0.12978	0.0	0.39915	0.03557	0.05158	0.22642	0.41963	0.11382	0.0561	0.00154	0.03018	0.27292	0.12956	0.00154	0.08421	0.0227	0.00154	0.00154	0.0382	0.00154	0.00154	0.00154	0.00154	0.00154	0.00154	0.00154	0.00154	0.00154	0.06507	0.11508	0.00154	0.1033	0.12983	0.78643	0.0227	0.24506	0.15519	0.00154	0.00154	0.00154	0.31581	0.1867	0.12824	
0.00042	0.03308	0.00056	0.00056	0.13424	0.39109	0.03386	0.00056	0.04545	0.04545	0.00042	0.00042	0.00042	0.04268	0.02832	0.01699	0.18883	0.13037	0.05462	0.03425	0.02448	0.18257	0.0	0.00884	0.00042	0.18699	0.0	0.08625	0.04531	0.22284	0.01306	0.19831	0.08029	0.04545	0.18812	0.00042	0.10405	0.18473	0.06631	0.05161	0.11076	0.01884	0.09199	0.0252	0.00042	0.0	0.00042	0.03746	0.00042	0.00042	0.00042	0.04857	0.0358	0.01395	0.06594	0.00042	0.00042	0.00042	0.02832	0.05345	0.00042	0.01699	0.00042	0.16003	0.09196	0.08088	0.0	0.02521	0.07268	0.05417	0.08605	0.09225	0.02794	0.0	0.0	0.0528	0.05669	0.13912	0.08031	0.0962	0.05273	0.05927	0.04379	0.0308	0.09571	0.04379	0.04554	0.07143	0.0471	0.00523	0.00849	0.00042	0.18675	0.09385	0.07431	0.00042	0.00042	0.00042	0.00042	0.00042	0.00042	0.04268	0.00042	0.00042	0.04545	0.07057	0.00042	0.00057	0.0	0.00672	0.0	0.0	0.01794	0.0	0.06738	0.02645	0.0	0.06621	0.0	0.08418	0.00218	0.05344	0.05788	0.11358	0.0317	0.01278	0.00042	0.02205	0.0433	0.08452	0.00042	0.02991	0.04268	0.00042	0.00042	0.00814	0.00042	0.00042	0.00042	0.00042	0.00042	0.00042	0.00042	0.00042	0.00042	0.05362	0.17865	0.00042	0.00085	0.06628	0.05176	0.04268	0.13861	0.08632	0.00042	0.00042	0.00042	0.0903	0.08	0.02994	
6e-05	0.09922	0.00368	0.00368	0.13005	0.10629	0.0139	0.00368	0.05708	0.05708	6e-05	6e-05	6e-05	0.10501	0.06572	0.01586	0.08062	0.04665	0.10481	0.05811	0.09432	0.17752	0.0	0.027	6e-05	0.18824	0.08625	0.0	0.01695	0.08824	0.00162	0.11446	0.08423	0.05708	0.24715	6e-05	0.07823	0.28179	0.09243	0.10533	0.19536	0.07653	0.08678	0.00942	6e-05	0.0	6e-05	0.11235	6e-05	6e-05	6e-05	0.18435	0.17352	0.03694	0.17883	6e-05	6e-05	6e-05	0.06572	0.10851	6e-05	0.01586	6e-05	0.05536	0.05935	0.08591	0.0	0.10066	0.01734	0.04464	0.11853	0.13946	0.02958	0.0	0.0	0.11247	0.04123	0.0789	0.061	0.14228	0.03563	0.05346	0.01658	0.11346	0.16339	0.01658	0.0823	0.19844	0.07203	0.01263	0.04291	6e-05	0.13112	0.02565	0.21659	6e-05	6e-05	6e-05	6e-05	6e-05	6e-05	0.10501	6e-05	6e-05	0.05708	0.03573	6e-05	0.01398	0.0	0.13485	0.0	0.0	0.0118	0.0	0.05331	0.07632	0.0	0.02428	0.0	0.08659	0.01538	0.04289	0.11672	0.07414	0.07541	0.09273	6e-05	0.10251	0.0356	0.08894	6e-05	0.09053	0.10501	6e-05	6e-05	0.08546	6e-05	6e-05	6e-05	6e-05	6e-05	6e-05	6e-05	6e-05	6e-05	0.10261	0.03837	6e-05	0.11389	0.02432	0.07394	0.10501	0.0505	0.03529	6e-05	6e-05	6e-05	0.08813	0.13353	0.07449	
0.00027	0.0138	8e-05	8e-05	0.05399	0.11732	0.00722	8e-05	0.01	0.01	0.00027	0.00027	0.00027	0.01597	0.01121	0.05804	0.0358	0.0628	0.05968	0.08779	0.06496	0.0478	0.0	0.03862	0.00027	0.03958	0.04531	0.01695	0.0	0.0305	0.00665	0.01847	0.00551	0.01	0.0424	0.00027	0.0084	0.04941	0.03563	0.07779	0.04354	0.03704	0.03971	0.00076	0.00027	0.0	0.00027	0.16347	0.00027	0.00027	0.00027	0.0179	0.06806	0.04118	0.02317	0.00027	0.00027	0.00027	0.01121	0.03061	0.00027	0.05804	0.00027	0.03753	0.0521	0.06162	0.0	0.03741	0.02523	0.08623	0.02372	0.02604	0.0135	0.0	0.0	0.02889	0.31852	0.11619	0.12924	0.04523	0.01704	0.15831	0.00737	0.0383	0.05165	0.00737	0.08483	0.02476	0.05254	0.00038	0.05319	0.00027	0.03838	0.00073	0.02182	0.00027	0.00027	0.00027	0.00027	0.00027	0.00027	0.01597	0.00027	0.00027	0.01	0.17997	0.00027	0.02152	0.0	0.04742	0.0	0.0	0.00744	0.0	0.08182	0.02284	0.0	0.01407	0.0	0.01225	0.02404	0.19777	0.03425	0.03315	0.06321	0.01205	0.00027	0.03366	0.06951	0.02173	0.00027	0.05581	0.01597	0.00027	0.00027	0.02567	0.00027	0.00027	0.00027	0.00027	0.00027	0.00027	0.00027	0.00027	0.00027	0.13925	0.07195	0.00027	0.06958	0.01414	0.04626	0.01597	0.02827	0.03165	0.00027	0.00027	0.00027	0.03509	0.04046	0.04833	
0.00083	0.02334	0.00203	0.00203	0.0438	0.42637	0.01221	0.00203	0.01545	0.01545	0.00083	0.00083	0.00083	0.02613	0.01749	0.11655	0.32408	0.20968	0.11901	0.02634	0.09561	0.26097	0.0	0.06121	0.00083	0.30513	0.22284	0.08824	0.0305	0.0	0.04521	0.15562	0.09745	0.01545	0.29686	0.00083	0.33117	0.25956	0.14674	0.09603	0.2138	0.07972	0.22753	0.08183	0.00083	0.0	0.00083	0.01899	0.00083	0.00083	0.00083	0.02961	0.07117	0.01743	0.04013	0.00083	0.00083	0.00083	0.01749	0.06345	0.00083	0.11655	0.00083	0.19306	0.18113	0.94068	0.0	0.03025	0.04043	0.05809	0.09949	0.10161	0.12834	0.0	0.0	0.10859	0.42663	0.30458	0.33181	0.10688	0.12267	0.29137	0.14371	0.11669	0.10029	0.14371	0.16238	0.04339	0.16789	0.00374	0.03771	0.00083	0.3091	0.09171	0.03911	0.00083	0.00083	0.00083	0.00083	0.00083	0.00083	0.02613	0.00083	0.00083	0.01545	0.03165	0.00083	0.03685	0.0	0.06281	0.0	0.0	0.01123	0.0	0.10697	0.15624	0.0	0.0974	0.0	0.30194	0.04191	0.10079	0.06196	0.24255	0.0596	0.00382	0.00083	0.05279	0.11433	0.10482	0.00083	0.04776	0.02613	0.00083	0.00083	0.04516	0.00083	0.00083	0.00083	0.00083	0.00083	0.00083	0.00083	0.00083	0.00083	0.07957	0.18803	0.00083	0.03273	0.09745	0.17113	0.02613	0.28524	0.10803	0.00083	0.00083	0.00083	0.13763	0.0609	0.05562	
8e-05	0.02387	0.00076	0.00076	0.12166	0.03842	0.01216	0.00076	0.01613	0.01613	8e-05	8e-05	8e-05	0.13362	0.01827	0.02024	0.01429	0.22773	0.07598	0.04584	0.01	0.04275	0.0	0.00248	8e-05	0.02267	0.01306	0.00162	0.00665	0.04521	0.0	0.04285	0.04928	0.01613	0.00397	8e-05	0.1102	0.03595	0.01607	0.0514	0.02001	0.00208	0.00098	0.0043	8e-05	0.0	8e-05	0.1244	8e-05	8e-05	8e-05	0.03064	0.03944	0.07823	0.03823	8e-05	8e-05	8e-05	0.01827	0.01327	8e-05	0.02024	8e-05	0.02106	0.20654	0.06222	0.0	0.02029	0.04507	0.03149	0.0447	0.12142	0.00043	0.0	0.0	0.02881	0.04564	0.05002	0.10243	0.05994	0.0211	0.0465	0.00878	0.05279	0.09726	0.00878	0.07604	0.03014	0.00859	0.01368	0.00149	8e-05	0.09502	0.01399	0.03941	8e-05	8e-05	8e-05	8e-05	8e-05	8e-05	0.13362	8e-05	8e-05	0.01613	0.03218	8e-05	5e-05	0.0	0.05583	0.0	0.0	0.01166	0.0	0.11105	0.04441	0.0	0.0231	0.0	0.06916	0.04281	0.09991	0.05297	0.07965	0.0221	0.027	8e-05	0.03594	0.06897	0.11078	8e-05	0.05556	0.13362	8e-05	8e-05	0.00031	8e-05	8e-05	8e-05	8e-05	8e-05	8e-05	8e-05	8e-05	8e-05	0.0774	0.02813	8e-05	0.00974	0.02316	0.00122	0.13362	0.03891	0.11489	8e-05	8e-05	8e-05	0.08852	0.18546	0.06104	
0.00031	0.05119	0.00044	0.00044	0.09684	0.16588	0.01618	0.00044	0.02249	0.02249	0.00031	0.00031	0.00031	0.03931	0.02566	0.1979	0.11204	0.06367	0.1814	0.04143	0.05169	0.24899	0.0	0.04678	0.00031	0.30607	0.19831	0.11446	0.01847	0.15562	0.04285	0.0	0.22338	0.02249	0.25373	0.00031	0.19663	0.24242	0.10003	0.14062	0.23407	0.17844	0.12095	0.12394	0.00031	0.0	0.00031	0.05181	0.00031	0.00031	0.00031	0.30602	0.20108	0.11357	0.06207	0.00031	0.00031	0.00031	0.02566	0.10662	0.00031	0.1979	0.00031	0.07199	0.07092	0.20081	0.0	0.01833	0.023	0.08993	0.15566	0.143	0.13252	0.0	0.0	0.15978	0.10643	0.1902	0.09975	0.27432	0.04094	0.03058	0.01195	0.23687	0.25443	0.01195	0.23462	0.0088	0.19888	0.00169	0.18961	0.00031	0.1254	0.11681	0.28515	0.00031	0.00031	0.00031	0.00031	0.00031	0.00031	0.03931	0.00031	0.00031	0.02249	0.04854	0.00031	0.01705	0.0	0.14014	0.0	0.0	0.02612	0.0	0.03493	0.07199	0.0	0.03278	0.0	0.13194	0.00948	0.05744	0.16317	0.05121	0.04522	0.05015	0.00031	0.03519	0.08876	0.07253	0.00031	0.10883	0.03931	0.00031	0.00031	0.00899	0.00031	0.00031	0.00031	0.00031	0.00031	0.00031	0.00031	0.00031	0.00031	0.04344	0.07778	0.00031	0.09441	0.03282	0.18049	0.03931	0.06456	0.04067	0.00031	0.00031	0.00031	0.1326	0.14341	0.13385	
9e-05	0.01446	0.00051	0.00051	0.03182	0.10109	0.00773	0.00051	0.01013	0.01013	9e-05	9e-05	9e-05	0.01631	0.01138	0.02268	0.03696	0.02436	0.02899	0.046	0.06742	0.16703	0.0	0.03986	9e-05	0.21071	0.08029	0.08423	0.00551	0.09745	0.04928	0.22338	0.0	0.01013	0.13269	9e-05	0.05576	0.16509	0.03515	0.08835	0.20451	0.07024	0.04096	0.00869	9e-05	0.0	9e-05	0.00685	9e-05	9e-05	9e-05	0.36779	0.20847	0.05213	0.02379	9e-05	9e-05	9e-05	0.01138	0.04597	9e-05	0.02268	9e-05	0.0419	0.04184	1.00412	0.0	0.0387	0.00706	0.05303	0.05254	0.05128	0.05938	0.0	0.0	0.04246	0.08258	0.09616	0.02854	0.13906	0.02	0.01888	0.01086	0.13441	0.20866	0.01086	0.03474	0.02544	0.0391	0.00133	0.02809	9e-05	0.03967	0.01284	0.28453	9e-05	9e-05	9e-05	9e-05	9e-05	9e-05	0.01631	9e-05	9e-05	0.01013	0.01868	9e-05	0.02208	0.0	0.08505	0.0	0.0	0.00748	0.0	0.02592	0.05747	0.0	0.01432	0.0	0.03446	0.0247	0.03243	0.12012	0.03421	0.0658	0.04359	9e-05	0.03201	0.01685	0.02233	9e-05	0.02795	0.01631	9e-05	9e-05	0.02639	9e-05	9e-05	9e-05	9e-05	9e-05	9e-05	9e-05	9e-05	9e-05	0.04099	0.08009	9e-05	0.01211	0.01439	0.04238	0.01631	0.09025	0.03267	9e-05	9e-05	9e-05	0.07065	0.0987	0.05326	
0.00027	0.17293	0.0	0.0	0.06216	0.05391	0.31883	0.0	0.9997	0.9997	0.00027	0.00027	0.00027	0.00665	0.00512	0.01995	0.01295	0.0092	0.01849	0.0141	0.02051	0.01529	0.0	0.01374	0.00027	0.01387	0.04545	0.05708	0.01	0.01545	0.01613	0.02249	0.01013	0.0	0.01447	0.00027	0.01756	0.0157	0.03041	0.01267	0.01474	0.01383	0.01453	0.02499	0.00027	0.0	0.00027	0.02734	0.00027	0.00027	0.00027	0.00741	0.01148	0.01435	0.00893	0.00027	0.00027	0.00027	0.00512	0.04711	0.00027	0.01995	0.00027	0.08884	0.01287	0.10217	0.0	0.01242	0.00965	0.01857	0.00931	0.00997	0.01185	0.0	0.0	0.01343	0.01506	0.01618	0.02443	0.01567	0.00928	0.0164	0.00745	0.01571	0.11251	0.00745	0.02382	0.0094	0.01908	0.0013	0.0664	0.00027	0.01344	0.04894	0.36884	0.00027	0.00027	0.00027	0.00027	0.00027	0.00027	0.00665	0.00027	0.00027	0.9997	0.00702	0.00027	0.23492	0.0	0.06866	0.0	0.0	0.00371	0.0	0.00926	0.01233	0.0	0.00655	0.0	0.01691	0.1984	0.01043	0.01148	0.01208	0.01859	0.02507	0.00027	0.25358	0.02185	0.0083	0.00027	0.16638	0.00665	0.00027	0.00027	0.00975	0.00027	0.00027	0.00027	0.00027	0.00027	0.00027	0.00027	0.00027	0.00027	0.08033	0.04536	0.00027	0.048	0.00668	0.01682	0.00665	0.01165	0.11883	0.00027	0.00027	0.00027	0.01908	0.04456	0.06076	
0.00135	0.02188	0.00293	0.00293	0.05447	0.2082	0.01199	0.00293	0.01447	0.01447	0.00135	0.00135	0.00135	0.024	0.0163	0.32399	0.50255	0.05178	0.27608	0.08375	0.16266	0.58555	0.0	0.09782	0.00135	0.79357	0.18812	0.24715	0.0424	0.29686	0.00397	0.25373	0.13269	0.01447	0.0	0.00135	0.22956	0.57434	0.20787	0.18095	0.60028	0.34824	0.39138	0.1981	0.00135	0.0	0.00135	0.07034	0.00135	0.00135	0.00135	0.25952	0.19495	0.07582	0.03644	0.00135	0.00135	0.00135	0.0163	0.28103	0.00135	0.32399	0.00135	0.22954	0.07586	0.36429	0.0	0.03716	0.04006	0.05216	0.17434	0.17061	1.41279	0.0	0.0	0.54028	0.33847	0.29511	0.29128	0.38099	0.32307	0.19559	0.4394	0.45437	0.42987	0.4394	0.20339	0.03932	0.60222	0.00489	0.10943	0.00135	0.47129	0.2339	0.23019	0.00135	0.00135	0.00135	0.00135	0.00135	0.00135	0.024	0.00135	0.00135	0.01447	0.02885	0.00135	0.02729	0.0	0.17868	0.0	0.0	0.01069	0.0	0.12482	0.0801	0.0	0.12155	0.0	0.31442	0.03802	0.05614	0.16113	0.39767	0.11919	0.07502	0.00135	0.03228	0.21254	0.12489	0.00135	0.11139	0.024	0.00135	0.00135	0.0409	0.00135	0.00135	0.00135	0.00135	0.00135	0.00135	0.00135	0.00135	0.00135	0.07093	0.09929	0.00135	0.05732	0.1216	0.60691	0.024	0.2369	0.15067	0.00135	0.00135	0.00135	0.25886	0.16477	0.09548	
