0.0	0.01383	0.15408	0.10961	0.11251	0.32973	0.15277	0.03087	0.01776	0.37083	4e-05	0.01024	0.02685	4e-05	0.01288	0.01626	0.01434	0.00872	0.01811	0.0202	0.18565	0.0125	0.01968	0.22885	0.03018	0.017	0.01899	0.02066	0.02612	4e-05	0.50094	0.01968	0.01938	0.017	0.00951	0.01224	0.05022	0.00996	4e-05	4e-05	0.0211	0.00811	0.00996	0.01123	0.01123	0.08023	0.01669	4e-05	4e-05	0.0125	0.50094	0.0159	
0.01383	0.0	0.01983	0.02511	0.03185	0.01459	0.02093	0.02343	0.01481	0.01265	0.00012	0.00908	0.02078	0.00012	0.01113	0.01369	0.04564	0.00787	0.01458	0.01661	0.01796	0.01084	0.01565	0.0154	0.02292	0.01379	0.01517	0.01642	0.02024	0.00012	0.00958	0.01572	0.12977	0.01376	0.0083	0.01064	0.01899	0.47357	0.00012	0.00012	0.01668	0.00737	0.47357	0.00985	0.00985	0.03595	0.01402	0.00012	0.00012	0.01053	0.00958	0.29344	
0.15408	0.01983	0.0	0.38034	0.06094	0.52684	0.03964	0.15517	0.02604	0.02286	3e-05	0.01433	0.16324	3e-05	0.01836	0.02365	0.02062	0.01205	0.02729	0.02996	0.08039	0.22709	0.31742	0.02731	0.09077	0.34092	0.32257	0.22605	0.17005	3e-05	0.18556	0.02988	0.09862	0.0255	0.01345	0.01737	0.08265	0.01392	3e-05	3e-05	0.03233	0.01116	0.01392	0.01583	0.01583	0.08952	0.02434	3e-05	3e-05	0.01817	0.18556	0.02367	
0.10961	0.02511	0.38034	0.0	0.15441	0.33114	0.0473	0.11386	0.06553	0.05652	0.0	0.02189	0.10542	0.0	0.02166	0.03793	0.02511	0.04108	0.04573	0.0566	0.14817	0.25238	0.26862	0.04456	0.1477	0.16375	0.16391	0.10888	0.09041	0.0	0.10681	0.06386	0.16016	0.04241	0.02074	0.12579	0.06957	0.02121	0.0	0.0	0.07746	0.01671	0.02121	0.02438	0.02438	0.14412	0.07108	0.0	0.0	0.02893	0.10681	0.03898	
0.11251	0.03185	0.06094	0.15441	0.0	0.11535	0.02223	0.0573	0.04285	0.11066	2e-05	0.08842	0.11103	2e-05	0.02932	0.03856	0.03324	0.08168	0.08304	0.04997	0.08344	0.11491	0.0514	0.04799	0.19674	0.04275	0.04915	0.02963	0.0837	2e-05	0.02409	0.09423	0.04843	0.04288	0.065	0.02761	0.10993	0.02177	2e-05	2e-05	0.08589	0.01721	0.02177	0.02498	0.02498	0.03407	0.01728	2e-05	2e-05	0.06975	0.02409	0.09279	
0.32973	0.01459	0.52684	0.33114	0.11535	0.0	0.02779	0.0331	0.01881	0.01635	4e-05	0.01076	0.02871	4e-05	0.01358	0.01719	0.01513	0.00914	0.01926	0.02142	0.21958	0.53638	0.02096	0.01966	0.17972	0.01806	0.02022	0.02201	0.02793	4e-05	0.47219	0.02096	0.25942	0.01806	0.01001	0.01289	0.05408	0.01047	4e-05	4e-05	0.0225	0.00849	0.01047	0.01181	0.01181	0.08965	0.01766	4e-05	4e-05	0.01322	0.47219	0.01687	
0.15277	0.02093	0.03964	0.0473	0.02223	0.02779	0.0	0.048	0.08631	0.15895	7e-05	0.01542	0.11978	7e-05	0.01947	0.02469	0.02172	0.01309	0.05513	0.0633	0.03317	0.01889	0.16772	0.05295	0.03823	0.02596	0.02909	0.0317	0.04036	7e-05	0.0164	0.03016	0.02956	0.02596	0.01434	0.22432	0.13364	0.01499	7e-05	7e-05	0.08436	0.01216	0.01499	0.01693	0.01693	0.00825	0.09979	7e-05	7e-05	0.01896	0.0164	0.02424	
0.03087	0.02343	0.15517	0.11386	0.0573	0.0331	0.048	0.0	0.02508	0.02737	2e-05	0.01677	0.06028	2e-05	0.02164	0.18233	0.11395	0.10423	0.03289	0.03589	0.03961	0.02093	0.15888	0.0843	0.05959	0.28132	0.15991	0.19759	0.0962	2e-05	0.01794	0.03755	0.03425	0.16184	0.0158	0.02044	0.01219	0.01627	2e-05	2e-05	0.03926	0.12899	0.01627	0.01857	0.01857	0.16946	0.02895	2e-05	2e-05	0.02156	0.01794	0.02839	
0.01776	0.01481	0.02604	0.06553	0.04285	0.01881	0.08631	0.02508	0.0	0.01614	9e-05	0.01116	0.02728	9e-05	0.01385	0.06173	0.01533	0.00959	0.01878	0.14232	0.02301	0.01347	0.26571	0.01955	0.03036	0.0177	0.01961	0.14481	0.02656	9e-05	0.01181	0.02032	0.02037	0.01767	0.01028	0.42247	0.00494	0.01087	9e-05	9e-05	0.15182	0.00894	0.01087	0.01217	0.01217	0.04822	0.2053	9e-05	9e-05	0.01327	0.01181	0.0166	
0.37083	0.01265	0.02286	0.05652	0.11066	0.01635	0.15895	0.02737	0.01614	0.0	7e-05	0.00944	0.10145	7e-05	0.0118	0.0148	0.0131	0.00807	0.01631	0.01828	0.19575	0.01146	0.01767	0.24437	0.1036	0.01534	0.01707	0.01855	0.02329	7e-05	0.01001	0.25572	0.01756	0.01533	0.00873	0.01123	0.04424	0.00919	7e-05	7e-05	0.01892	0.00752	0.00919	0.01032	0.01032	0.11396	0.01519	7e-05	7e-05	0.01139	0.01001	0.01437	
4e-05	0.00012	3e-05	0.0	2e-05	4e-05	7e-05	2e-05	9e-05	7e-05	0.0	0.00015	3e-05	0.0	0.00012	0.0001	0.00011	0.00023	4e-05	8e-05	8e-05	0.00013	4e-05	9e-05	2e-05	4e-05	4e-05	4e-05	3e-05	0.0	0.00015	6e-05	8e-05	4e-05	8e-05	0.00013	2e-05	0.00016	0.0	0.0	3e-05	0.00019	0.00016	0.00014	0.00014	2e-05	0.0001	0.0	0.0	6e-05	0.00015	5e-05	
0.01024	0.00908	0.01433	0.02189	0.08842	0.01076	0.01542	0.01677	0.01116	0.00944	0.00015	0.0	0.01503	0.00015	0.00856	0.01037	0.00935	0.00623	0.01077	0.01241	0.01335	0.00836	0.01148	0.01157	0.01641	0.01023	0.01115	0.01204	0.33597	0.00015	0.00746	0.25619	0.01199	0.01019	0.00642	0.00821	0.06241	0.00694	0.00015	0.00015	0.3936	0.00585	0.00694	0.00765	0.00765	0.02545	0.0106	0.00015	0.00015	0.00797	0.00746	0.50969	
0.02685	0.02078	0.16324	0.10542	0.11103	0.02871	0.11978	0.06028	0.02728	0.10145	3e-05	0.01503	0.0	3e-05	0.0477	0.02477	0.02161	0.01264	0.26388	0.03138	0.0345	0.01863	0.17317	0.02861	0.11335	0.18222	0.17511	0.09972	0.06414	3e-05	0.01604	0.1004	0.02999	0.02668	0.0141	0.01821	0.23117	0.01459	3e-05	3e-05	0.03383	0.0117	0.01459	0.01659	0.01659	0.18432	0.0255	3e-05	3e-05	0.10414	0.01604	0.02478	
4e-05	0.00012	3e-05	0.0	2e-05	4e-05	7e-05	2e-05	9e-05	7e-05	0.0	0.00015	3e-05	0.0	0.00012	0.0001	0.00011	0.00023	4e-05	8e-05	8e-05	0.00013	4e-05	9e-05	2e-05	4e-05	4e-05	4e-05	3e-05	0.0	0.00015	6e-05	8e-05	4e-05	8e-05	0.00013	2e-05	0.00016	0.0	0.0	3e-05	0.00019	0.00016	0.00014	0.00014	2e-05	0.0001	0.0	0.0	6e-05	0.00015	5e-05	
0.01288	0.01113	0.01836	0.02166	0.02932	0.01358	0.01947	0.02164	0.01385	0.0118	0.00012	0.00856	0.0477	0.00012	0.0	0.01282	0.01149	0.00745	0.21861	0.01551	0.01675	0.01019	0.01454	0.0144	0.027	0.01285	0.01411	0.01526	0.01875	0.00012	0.00903	0.01462	0.01495	0.01282	0.00781	0.01001	0.00394	0.00836	0.00012	0.00012	0.01549	0.00698	0.00836	0.00928	0.00928	0.01283	0.01312	0.00012	0.00012	0.28065	0.00903	0.0121	
0.01626	0.01369	0.02365	0.03793	0.03856	0.01719	0.02469	0.18233	0.06173	0.0148	0.0001	0.01037	0.02477	0.0001	0.01282	0.0	0.19684	0.00894	0.01717	0.01944	0.02108	0.01247	0.0185	0.12187	0.02748	0.0162	0.0179	0.15715	0.02412	0.0001	0.01097	0.01856	0.0187	0.25117	0.00953	0.01223	0.00536	0.01011	0.0001	0.0001	0.01975	0.00835	0.01011	0.01129	0.01129	0.16912	0.01629	0.0001	0.0001	0.01223	0.01097	0.01522	
0.01434	0.04564	0.02062	0.02511	0.03324	0.01513	0.02172	0.11395	0.01533	0.0131	0.00011	0.00935	0.02161	0.00011	0.01149	0.19684	0.0	0.0081	0.01512	0.01721	0.01861	0.01118	0.01624	0.15561	0.02386	0.0143	0.01574	0.01704	0.02105	0.00011	0.00987	0.01631	0.01657	0.29542	0.00856	0.01097	0.03899	0.00912	0.00011	0.00011	0.01732	0.00758	0.00912	0.01016	0.01016	0.18478	0.01449	0.00011	0.00011	0.01089	0.00987	0.01345	
0.00872	0.00787	0.01205	0.04108	0.08168	0.00914	0.01309	0.10423	0.00959	0.00807	0.00023	0.00623	0.01264	0.00023	0.00745	0.00894	0.0081	0.0	0.00916	0.01062	0.01139	0.00728	0.00973	0.00992	0.01373	0.00872	0.00946	0.0102	0.01232	0.00023	0.00653	0.2037	0.01027	0.00868	0.0056	0.00716	0.02202	0.0061	0.00023	0.00023	0.01032	0.00519	0.0061	0.00669	0.00669	0.05361	0.00913	0.00023	0.00023	0.00688	0.00653	0.00825	
0.01811	0.01458	0.02729	0.04573	0.08304	0.01926	0.05513	0.03289	0.01878	0.01631	4e-05	0.01077	0.26388	4e-05	0.21861	0.01717	0.01512	0.00916	0.0	0.02137	0.02334	0.01317	0.02088	0.01962	0.07085	0.01801	0.02014	0.02192	0.02778	4e-05	0.01145	0.02088	0.0205	0.01801	0.15528	0.01289	0.15793	0.01048	4e-05	4e-05	0.04244	0.00851	0.01048	0.01182	0.01182	0.07186	0.01764	4e-05	4e-05	0.2948	0.01145	0.01683	
0.0202	0.01661	0.02996	0.0566	0.04997	0.02142	0.0633	0.03589	0.14232	0.01828	8e-05	0.01241	0.03138	8e-05	0.01551	0.01944	0.01721	0.01062	0.02137	0.0	0.02613	0.01506	0.22596	0.0221	0.06165	0.02011	0.20086	0.0243	0.03053	8e-05	0.01317	0.02318	0.02305	0.21309	0.01148	0.33826	0.0092	0.01209	8e-05	8e-05	0.12427	0.00989	0.01209	0.29834	0.29834	0.05614	0.16146	8e-05	8e-05	0.01494	0.01317	0.01883	
0.18565	0.01796	0.08039	0.14817	0.08344	0.21958	0.03317	0.03961	0.02301	0.19575	8e-05	0.01335	0.0345	8e-05	0.01675	0.02108	0.01861	0.01139	0.02334	0.02613	0.0	0.30213	0.02532	0.07657	0.08454	0.02193	0.02445	0.0266	0.03357	8e-05	0.01418	0.02534	0.10762	0.02192	0.01237	0.01592	0.06481	0.013	8e-05	8e-05	0.02714	0.0106	0.013	0.01462	0.01462	0.10992	0.02164	8e-05	8e-05	0.0162	0.01418	0.02051	
0.0125	0.01084	0.22709	0.25238	0.11491	0.53638	0.01889	0.02093	0.01347	0.01146	0.00013	0.00836	0.01863	0.00013	0.01019	0.01247	0.01118	0.00728	0.01317	0.01506	0.30213	0.0	0.0141	0.01399	0.20946	0.01248	0.01368	0.01479	0.01815	0.00013	0.00881	0.01418	0.37497	0.01244	0.00761	0.00975	0.03326	0.00816	0.00013	0.00013	0.01501	0.00682	0.00816	0.00905	0.00905	0.0831	0.01276	0.00013	0.00013	0.00959	0.00881	0.01175	
0.01968	0.01565	0.31742	0.26862	0.0514	0.02096	0.16772	0.15888	0.26571	0.01767	4e-05	0.01148	0.17317	4e-05	0.01454	0.0185	0.01624	0.00973	0.02088	0.22596	0.02532	0.0141	0.0	0.0212	0.0355	0.40149	0.37255	0.25432	0.18151	4e-05	0.01222	0.02276	0.02218	0.01957	0.0107	0.48588	0.05966	0.01116	4e-05	4e-05	0.22383	0.00903	0.01116	0.01262	0.01262	0.0966	0.28844	4e-05	4e-05	0.01422	0.01222	0.01825	
0.22885	0.0154	0.02731	0.04456	0.04799	0.01966	0.05295	0.0843	0.01955	0.24437	9e-05	0.01157	0.02861	9e-05	0.0144	0.12187	0.15561	0.00992	0.01962	0.0221	0.07657	0.01399	0.0212	0.0	0.03189	0.01848	0.0205	0.02226	0.02785	9e-05	0.01226	0.02125	0.02125	0.21334	0.01067	0.01371	0.05281	0.01127	9e-05	9e-05	0.02268	0.00926	0.01127	0.01263	0.01263	0.20547	0.01843	9e-05	9e-05	0.01382	0.01226	0.01733	
0.03018	0.02292	0.09077	0.1477	0.19674	0.17972	0.03823	0.05959	0.03036	0.1036	2e-05	0.01641	0.11335	2e-05	0.027	0.02748	0.02386	0.01373	0.07085	0.06165	0.08454	0.20946	0.0355	0.03189	0.0	0.02992	0.14379	0.03733	0.04888	2e-05	0.01755	0.1047	0.09985	0.1458	0.01546	0.02	0.12723	0.01592	2e-05	2e-05	0.03838	0.01269	0.01592	0.16577	0.16577	0.02122	0.02831	2e-05	2e-05	0.02109	0.01755	0.02776	
0.017	0.01379	0.34092	0.16375	0.04275	0.01806	0.02596	0.28132	0.0177	0.01534	4e-05	0.01023	0.18222	4e-05	0.01285	0.0162	0.0143	0.00872	0.01801	0.02011	0.02193	0.01248	0.40149	0.01848	0.02992	0.0	0.41202	0.27664	0.35897	4e-05	0.01087	0.01957	0.0193	0.01691	0.00949	0.01222	0.06758	0.00996	4e-05	4e-05	0.02097	0.39049	0.00996	0.01121	0.01121	0.09218	0.01664	4e-05	4e-05	0.01246	0.01087	0.01582	
0.01899	0.01517	0.32257	0.16391	0.04915	0.02022	0.02909	0.15991	0.01961	0.01707	4e-05	0.01115	0.17511	4e-05	0.01411	0.0179	0.01574	0.00946	0.02014	0.20086	0.02445	0.01368	0.37255	0.0205	0.14379	0.41202	0.0	0.25922	0.18369	4e-05	0.01187	0.02194	0.02143	0.33382	0.01039	0.01339	0.08389	0.01085	4e-05	4e-05	0.02357	0.00879	0.01085	0.4656	0.4656	0.09536	0.0184	4e-05	4e-05	0.01377	0.01187	0.01762	
0.02066	0.01642	0.22605	0.10888	0.02963	0.02201	0.0317	0.19759	0.14481	0.01855	4e-05	0.01204	0.09972	4e-05	0.01526	0.15715	0.01704	0.0102	0.02192	0.0243	0.0266	0.01479	0.25432	0.02226	0.03733	0.27664	0.25922	0.0	0.1067	4e-05	0.01282	0.0239	0.02328	0.02054	0.01123	0.01447	0.04041	0.01171	4e-05	4e-05	0.02571	0.00947	0.01171	0.01324	0.01324	0.04306	0.02997	4e-05	4e-05	0.01493	0.01282	0.01916	
0.02612	0.02024	0.17005	0.09041	0.0837	0.02793	0.04036	0.0962	0.02656	0.02329	3e-05	0.33597	0.06414	3e-05	0.01875	0.02412	0.02105	0.01232	0.02778	0.03053	0.03357	0.01815	0.18151	0.02785	0.04888	0.35897	0.18369	0.1067	0.0	3e-05	0.01563	0.16477	0.02919	0.02596	0.01374	0.01774	0.0508	0.01423	3e-05	3e-05	0.24453	0.11619	0.01423	0.01617	0.01617	0.03036	0.02483	3e-05	3e-05	0.08814	0.01563	0.2674	
4e-05	0.00012	3e-05	0.0	2e-05	4e-05	7e-05	2e-05	9e-05	7e-05	0.0	0.00015	3e-05	0.0	0.00012	0.0001	0.00011	0.00023	4e-05	8e-05	8e-05	0.00013	4e-05	9e-05	2e-05	4e-05	4e-05	4e-05	3e-05	0.0	0.00015	6e-05	8e-05	4e-05	8e-05	0.00013	2e-05	0.00016	0.0	0.0	3e-05	0.00019	0.00016	0.00014	0.00014	2e-05	0.0001	0.0	0.0	6e-05	0.00015	5e-05	
0.50094	0.00958	0.18556	0.10681	0.02409	0.47219	0.0164	0.01794	0.01181	0.01001	0.00015	0.00746	0.01604	0.00015	0.00903	0.01097	0.00987	0.00653	0.01145	0.01317	0.01418	0.00881	0.01222	0.01226	0.01755	0.01087	0.01187	0.01282	0.01563	0.00015	0.0	0.0123	0.01271	0.01083	0.00676	0.00865	0.02835	0.00729	0.00015	0.00015	0.01299	0.00613	0.00729	0.00805	0.00805	0.02727	0.01121	0.00015	0.00015	0.00844	0.99963	0.01025	
0.01968	0.01572	0.02988	0.06386	0.09423	0.02096	0.03016	0.03755	0.02032	0.25572	6e-05	0.25619	0.1004	6e-05	0.01462	0.01856	0.01631	0.2037	0.02088	0.02318	0.02534	0.01418	0.02276	0.02125	0.1047	0.01957	0.02194	0.0239	0.16477	6e-05	0.0123	0.0	0.02222	0.01957	0.01077	0.01387	0.02592	0.01125	6e-05	6e-05	0.17531	0.00911	0.01125	0.0127	0.0127	0.04737	0.01907	6e-05	6e-05	0.01427	0.0123	0.19586	
0.01938	0.12977	0.09862	0.16016	0.04843	0.25942	0.02956	0.03425	0.02037	0.01756	8e-05	0.01199	0.02999	8e-05	0.01495	0.0187	0.01657	0.01027	0.0205	0.02305	0.10762	0.37497	0.02218	0.02125	0.09985	0.0193	0.02143	0.02328	0.02919	8e-05	0.01271	0.02222	0.0	0.01928	0.01107	0.01423	0.00669	0.27018	8e-05	8e-05	0.02373	0.00958	0.27018	0.0131	0.0131	0.01917	0.01919	8e-05	8e-05	0.01438	0.01271	0.19271	
0.017	0.01376	0.0255	0.04241	0.04288	0.01806	0.02596	0.16184	0.01767	0.01533	4e-05	0.01019	0.02668	4e-05	0.01282	0.25117	0.29542	0.00868	0.01801	0.21309	0.02192	0.01244	0.01957	0.21334	0.1458	0.01691	0.33382	0.02054	0.02596	4e-05	0.01083	0.01957	0.01928	0.0	0.00946	0.01218	0.07934	0.00992	4e-05	4e-05	0.02098	0.00807	0.00992	0.51863	0.51863	0.23287	0.01661	4e-05	4e-05	0.01244	0.01083	0.01581	
0.00951	0.0083	0.01345	0.02074	0.065	0.01001	0.01434	0.0158	0.01028	0.00873	8e-05	0.00642	0.0141	8e-05	0.00781	0.00953	0.00856	0.0056	0.15528	0.01148	0.01237	0.00761	0.0107	0.01067	0.01546	0.00949	0.01039	0.01123	0.01374	8e-05	0.00676	0.01077	0.01107	0.00946	0.0	0.00748	0.03521	0.00627	8e-05	8e-05	0.12578	0.00525	0.00627	0.00694	0.00694	0.02403	0.00974	8e-05	8e-05	0.00732	0.00676	0.00895	
0.01224	0.01064	0.01737	0.12579	0.02761	0.01289	0.22432	0.02044	0.42247	0.01123	0.00013	0.00821	0.01821	0.00013	0.01001	0.01223	0.01097	0.00716	0.01289	0.33826	0.01592	0.00975	0.48588	0.01371	0.02	0.01222	0.01339	0.01447	0.01774	0.00013	0.00865	0.01387	0.01423	0.01218	0.00748	0.0	0.03245	0.00802	0.00013	0.00013	0.30672	0.00671	0.00802	0.00889	0.00889	0.03122	0.47325	0.00013	0.00013	0.00941	0.00865	0.01151	
0.05022	0.01899	0.08265	0.06957	0.10993	0.05408	0.13364	0.01219	0.00494	0.04424	2e-05	0.06241	0.23117	2e-05	0.00394	0.00536	0.03899	0.02202	0.15793	0.0092	0.06481	0.03326	0.05966	0.05281	0.12723	0.06758	0.08389	0.04041	0.0508	2e-05	0.02835	0.02592	0.00669	0.07934	0.03521	0.03245	0.0	0.0604	2e-05	2e-05	0.08563	0.04734	0.0604	0.06975	0.06975	0.18104	0.00462	2e-05	2e-05	0.03449	0.02835	0.11361	
0.00996	0.47357	0.01392	0.02121	0.02177	0.01047	0.01499	0.01627	0.01087	0.00919	0.00016	0.00694	0.01459	0.00016	0.00836	0.01011	0.00912	0.0061	0.01048	0.01209	0.013	0.00816	0.01116	0.01127	0.01592	0.00996	0.01085	0.01171	0.01423	0.00016	0.00729	0.01125	0.27018	0.00992	0.00627	0.00802	0.0604	0.0	0.00016	0.00016	0.01186	0.00573	0.9996	0.00748	0.00748	0.02467	0.01033	0.00016	0.00016	0.00777	0.00729	0.49698	
4e-05	0.00012	3e-05	0.0	2e-05	4e-05	7e-05	2e-05	9e-05	7e-05	0.0	0.00015	3e-05	0.0	0.00012	0.0001	0.00011	0.00023	4e-05	8e-05	8e-05	0.00013	4e-05	9e-05	2e-05	4e-05	4e-05	4e-05	3e-05	0.0	0.00015	6e-05	8e-05	4e-05	8e-05	0.00013	2e-05	0.00016	0.0	0.0	3e-05	0.00019	0.00016	0.00014	0.00014	2e-05	0.0001	0.0	0.0	6e-05	0.00015	5e-05	
4e-05	0.00012	3e-05	0.0	2e-05	4e-05	7e-05	2e-05	9e-05	7e-05	0.0	0.00015	3e-05	0.0	0.00012	0.0001	0.00011	0.00023	4e-05	8e-05	8e-05	0.00013	4e-05	9e-05	2e-05	4e-05	4e-05	4e-05	3e-05	0.0	0.00015	6e-05	8e-05	4e-05	8e-05	0.00013	2e-05	0.00016	0.0	0.0	3e-05	0.00019	0.00016	0.00014	0.00014	2e-05	0.0001	0.0	0.0	6e-05	0.00015	5e-05	
0.0211	0.01668	0.03233	0.07746	0.08589	0.0225	0.08436	0.03926	0.15182	0.01892	3e-05	0.3936	0.03383	3e-05	0.01549	0.01975	0.01732	0.01032	0.04244	0.12427	0.02714	0.01501	0.22383	0.02268	0.03838	0.02097	0.02357	0.02571	0.24453	3e-05	0.01299	0.17531	0.02373	0.02098	0.12578	0.30672	0.08563	0.01186	3e-05	3e-05	0.0	0.00957	0.01186	0.01342	0.01342	0.06227	0.16764	3e-05	3e-05	0.01519	0.01299	0.29575	
0.00811	0.00737	0.01116	0.01671	0.01721	0.00849	0.01216	0.12899	0.00894	0.00752	0.00019	0.00585	0.0117	0.00019	0.00698	0.00835	0.00758	0.00519	0.00851	0.00989	0.0106	0.00682	0.00903	0.00926	0.01269	0.39049	0.00879	0.00947	0.11619	0.00019	0.00613	0.00911	0.00958	0.00807	0.00525	0.00671	0.04734	0.00573	0.00019	0.00019	0.00957	0.0	0.00573	0.00628	0.00628	0.01955	0.00852	0.00019	0.00019	0.00642	0.00613	0.00767	
0.00996	0.47357	0.01392	0.02121	0.02177	0.01047	0.01499	0.01627	0.01087	0.00919	0.00016	0.00694	0.01459	0.00016	0.00836	0.01011	0.00912	0.0061	0.01048	0.01209	0.013	0.00816	0.01116	0.01127	0.01592	0.00996	0.01085	0.01171	0.01423	0.00016	0.00729	0.01125	0.27018	0.00992	0.00627	0.00802	0.0604	0.9996	0.00016	0.00016	0.01186	0.00573	0.0	0.00748	0.00748	0.02467	0.01033	0.00016	0.00016	0.00777	0.00729	0.49698	
0.01123	0.00985	0.01583	0.02438	0.02498	0.01181	0.01693	0.01857	0.01217	0.01032	0.00014	0.00765	0.01659	0.00014	0.00928	0.01129	0.01016	0.00669	0.01182	0.29834	0.01462	0.00905	0.01262	0.01263	0.16577	0.01121	0.4656	0.01324	0.01617	0.00014	0.00805	0.0127	0.0131	0.51863	0.00694	0.00889	0.06975	0.00748	0.00014	0.00014	0.01342	0.00628	0.00748	0.0	0.99964	0.02827	0.01155	0.00014	0.00014	0.00868	0.00805	0.01057	
0.01123	0.00985	0.01583	0.02438	0.02498	0.01181	0.01693	0.01857	0.01217	0.01032	0.00014	0.00765	0.01659	0.00014	0.00928	0.01129	0.01016	0.00669	0.01182	0.29834	0.01462	0.00905	0.01262	0.01263	0.16577	0.01121	0.4656	0.01324	0.01617	0.00014	0.00805	0.0127	0.0131	0.51863	0.00694	0.00889	0.06975	0.00748	0.00014	0.00014	0.01342	0.00628	0.00748	0.99964	0.0	0.02827	0.01155	0.00014	0.00014	0.00868	0.00805	0.01057	
0.08023	0.03595	0.08952	0.14412	0.03407	0.08965	0.00825	0.16946	0.04822	0.11396	2e-05	0.02545	0.18432	2e-05	0.01283	0.16912	0.18478	0.05361	0.07186	0.05614	0.10992	0.0831	0.0966	0.20547	0.02122	0.09218	0.09536	0.04306	0.03036	2e-05	0.02727	0.04737	0.01917	0.23287	0.02403	0.03122	0.18104	0.02467	2e-05	2e-05	0.06227	0.01955	0.02467	0.02827	0.02827	0.0	0.04481	2e-05	2e-05	0.05862	0.02727	0.04424	
0.01669	0.01402	0.02434	0.07108	0.01728	0.01766	0.09979	0.02895	0.2053	0.01519	0.0001	0.0106	0.0255	0.0001	0.01312	0.01629	0.01449	0.00913	0.01764	0.16146	0.02164	0.01276	0.28844	0.01843	0.02831	0.01664	0.0184	0.02997	0.02483	0.0001	0.01121	0.01907	0.01919	0.01661	0.00974	0.47325	0.00462	0.01033	0.0001	0.0001	0.16764	0.00852	0.01033	0.01155	0.01155	0.04481	0.0	0.0001	0.0001	0.01253	0.01121	0.01562	
4e-05	0.00012	3e-05	0.0	2e-05	4e-05	7e-05	2e-05	9e-05	7e-05	0.0	0.00015	3e-05	0.0	0.00012	0.0001	0.00011	0.00023	4e-05	8e-05	8e-05	0.00013	4e-05	9e-05	2e-05	4e-05	4e-05	4e-05	3e-05	0.0	0.00015	6e-05	8e-05	4e-05	8e-05	0.00013	2e-05	0.00016	0.0	0.0	3e-05	0.00019	0.00016	0.00014	0.00014	2e-05	0.0001	0.0	0.0	6e-05	0.00015	5e-05	
4e-05	0.00012	3e-05	0.0	2e-05	4e-05	7e-05	2e-05	9e-05	7e-05	0.0	0.00015	3e-05	0.0	0.00012	0.0001	0.00011	0.00023	4e-05	8e-05	8e-05	0.00013	4e-05	9e-05	2e-05	4e-05	4e-05	4e-05	3e-05	0.0	0.00015	6e-05	8e-05	4e-05	8e-05	0.00013	2e-05	0.00016	0.0	0.0	3e-05	0.00019	0.00016	0.00014	0.00014	2e-05	0.0001	0.0	0.0	6e-05	0.00015	5e-05	
0.0125	0.01053	0.01817	0.02893	0.06975	0.01322	0.01896	0.02156	0.01327	0.01139	6e-05	0.00797	0.10414	6e-05	0.28065	0.01223	0.01089	0.00688	0.2948	0.01494	0.0162	0.00959	0.01422	0.01382	0.02109	0.01246	0.01377	0.01493	0.08814	6e-05	0.00844	0.01427	0.01438	0.01244	0.00732	0.00941	0.03449	0.00777	6e-05	6e-05	0.01519	0.00642	0.00777	0.00868	0.00868	0.05862	0.01253	6e-05	6e-05	0.0	0.00844	0.0117	
0.50094	0.00958	0.18556	0.10681	0.02409	0.47219	0.0164	0.01794	0.01181	0.01001	0.00015	0.00746	0.01604	0.00015	0.00903	0.01097	0.00987	0.00653	0.01145	0.01317	0.01418	0.00881	0.01222	0.01226	0.01755	0.01087	0.01187	0.01282	0.01563	0.00015	0.99963	0.0123	0.01271	0.01083	0.00676	0.00865	0.02835	0.00729	0.00015	0.00015	0.01299	0.00613	0.00729	0.00805	0.00805	0.02727	0.01121	0.00015	0.00015	0.00844	0.0	0.01025	
0.0159	0.29344	0.02367	0.03898	0.09279	0.01687	0.02424	0.02839	0.0166	0.01437	5e-05	0.50969	0.02478	5e-05	0.0121	0.01522	0.01345	0.00825	0.01683	0.01883	0.02051	0.01175	0.01825	0.01733	0.02776	0.01582	0.01762	0.01916	0.2674	5e-05	0.01025	0.19586	0.19271	0.01581	0.00895	0.01151	0.11361	0.49698	5e-05	5e-05	0.29575	0.00767	0.49698	0.01057	0.01057	0.04424	0.01562	5e-05	5e-05	0.0117	0.01025	0.0	
