0.0	0.11213	0.50413	0.00018	0.16057	0.17225	0.25761	0.64548	0.78674	0.04351	0.00018	0.00018	0.27738	0.05744	0.00018	0.00018	0.0	0.0	0.00018	0.10995	0.262	0.13596	0.05805	0.10045	0.0	0.00018	0.05592	0.05744	0.24556	0.13202	0.0994	0.29774	0.79147	0.80752	0.04649	0.17915	0.61518	0.0	0.0	0.0	0.0	0.0	0.0	0.0	0.00018	0.00959	0.00018	0.00018	0.00018	0.03277	0.00018	0.0	0.0	0.08956	0.04649	0.00018	0.09141	0.1147	0.00018	0.00018	0.13202	0.00018	0.10798	0.17225	0.00018	0.00018	0.78498	1.00375	0.00018	0.29952	0.00018	0.05592	0.00018	0.00018	0.13202	0.11213	0.00018	0.00018	0.05491	0.00018	0.00018	0.00018	0.00018	0.00018	0.00018	0.01678	0.00018	0.00018	0.00018	0.01333	0.08357	0.01333	0.05744	0.00018	0.23257	
0.11213	0.0	0.54066	0.0016	0.00278	0.18596	0.04693	0.53482	0.40436	0.0	0.0016	0.0016	0.16858	0.05229	0.0016	0.0016	0.0	0.0	0.0016	0.28907	0.20845	0.55	0.06821	0.27196	0.0	0.0016	0.27551	0.05229	0.15222	0.03768	0.10966	0.30165	0.41981	0.40594	0.04263	0.03247	0.07337	0.00222	0.00546	0.0	0.0	0.0	0.0	0.0	0.0016	0.06193	0.0016	0.0016	0.0016	0.03957	0.0016	0.0	0.0	0.21281	0.04263	0.0016	0.07687	0.03903	0.0016	0.0016	0.03768	0.0016	0.02485	0.18596	0.0016	0.0016	0.09947	0.08665	0.0016	0.00545	0.0016	0.27551	0.0016	0.0016	0.03768	1.00269	0.0016	0.0016	0.20678	0.0016	0.0016	0.0016	0.0016	0.0016	0.0016	0.12658	0.0016	0.0016	0.0016	0.00627	0.08773	0.00627	0.05229	0.0016	0.03214	
0.50413	0.54066	0.0	0.0012	0.14572	0.64742	0.14836	1.4185	0.66004	0.41996	0.0012	0.0012	0.29723	0.09619	0.0012	0.0012	0.0	0.0	0.0012	0.28637	0.34846	0.39351	0.1379	0.21916	0.0	0.0012	0.16722	0.09619	0.52988	0.06552	0.25022	0.42396	1.42014	1.47749	0.07576	0.06414	0.42611	0.67566	0.56907	0.0	0.0	0.0	0.0	0.0	0.0012	0.02693	0.0012	0.0012	0.0012	0.02911	0.0012	0.0	0.0	0.19325	0.07576	0.0012	0.16841	0.08129	0.0012	0.0012	0.06552	0.0012	0.06588	0.64742	0.0012	0.0012	0.56093	0.48875	0.0012	0.39985	0.0012	0.16722	0.0012	0.0012	0.06552	0.54066	0.0012	0.0012	0.14845	0.0012	0.0012	0.0012	0.0012	0.0012	0.0012	0.11777	0.0012	0.0012	0.0012	0.00691	0.1499	0.00691	0.09619	0.0012	0.35373	
0.00018	0.0016	0.0012	0.0	0.00024	0.00162	0.00033	0.00029	0.00078	0.0	0.0	0.0	0.00024	0.00152	0.0	0.0	0.0	0.0	0.0	0.0002	0.00091	0.00092	0.00188	0.00065	0.0	0.0	0.00259	0.00152	0.00124	0.00025	0.00054	0.0006	0.00077	0.00208	0.00048	0.00015	0.001	0.0	0.0	0.0	0.0	0.0	0.0	0.0	0.0	0.0	0.0	0.0	0.0	0.00055	0.0	0.0	0.0	0.0014	0.00048	0.0	0.00107	0.00039	0.0	0.0	0.00025	0.0	0.0003	0.00162	0.0	0.0	0.0002	0.00013	0.0	0.00122	0.0	0.00259	0.0	0.0	0.00025	0.0016	0.0	0.0	0.00033	0.0	0.0	0.0	0.0	0.0	0.0	0.00179	0.0	0.0	0.0	0.0	0.00051	0.0	0.00152	0.0	0.00061	
0.16057	0.00278	0.14572	0.00024	0.0	0.0814	0.08288	0.19845	0.04772	0.00247	0.00024	0.00024	0.38228	0.09297	0.00024	0.00024	0.0	0.0	0.00024	1.30407	0.10935	0.00252	0.09365	0.08736	0.0	0.00024	0.08575	0.09297	0.10021	0.09498	0.36804	0.22279	0.28492	0.30845	0.1095	0.24515	1.34941	0.34929	0.2029	0.0	0.0	0.0	0.0	0.0	0.00024	0.01029	0.00024	0.00024	0.00024	0.00438	0.00024	0.0	0.0	0.13717	0.1095	0.00024	0.14112	0.00105	0.00024	0.00024	0.09498	0.00024	0.04092	0.0814	0.00024	0.00024	0.19581	0.17073	0.00024	0.35999	0.00024	0.08575	0.00024	0.00024	0.09498	0.00278	0.00024	0.00024	0.17519	0.00024	0.00024	0.00024	0.00024	0.00024	0.00024	0.11338	0.00024	0.00024	0.00024	0.00198	0.20583	0.00198	0.09297	0.00024	0.10421	
0.17225	0.18596	0.64742	0.00162	0.0814	0.0	0.08719	1.41866	0.41527	0.05746	0.00162	0.00162	0.01682	0.13349	0.00162	0.00162	0.0	0.0	0.00162	0.21685	0.1189	0.14441	0.19952	0.12236	0.0	0.00162	0.09015	0.13349	0.74631	0.09212	0.3475	0.24041	1.05764	1.00149	0.10596	0.0661	0.25768	0.35409	0.20983	0.0	0.0	0.0	0.0	0.0	0.00162	0.00604	0.00162	0.00162	0.00162	0.00642	0.00162	0.0	0.0	0.13739	0.10596	0.00162	0.2225	0.00386	0.00162	0.00162	0.09212	0.00162	0.04353	1.00282	0.00162	0.00162	0.20623	0.17968	0.00162	0.38364	0.00162	0.09015	0.00162	0.00162	0.09212	0.18596	0.00162	0.00162	0.06993	0.00162	0.00162	0.00162	0.00162	0.00162	0.00162	0.11908	0.00162	0.00162	0.00162	0.00042	0.1946	0.00042	0.13349	0.00162	0.33174	
0.25761	0.04693	0.14836	0.00033	0.08288	0.08719	0.0	0.25333	0.13768	0.0219	0.00033	0.00033	0.12853	0.02839	0.00033	0.00033	0.0	0.0	0.00033	0.06392	0.15973	0.04069	0.03513	0.01501	0.0	0.00033	0.02705	0.02839	0.07033	0.02073	0.0546	0.08035	0.22061	0.22115	0.0233	0.06919	0.23844	0.0	0.0	0.0	0.0	0.0	0.0	0.0	0.00033	0.00569	0.00033	0.00033	0.00033	0.04817	0.00033	0.0	0.0	0.03725	0.0233	0.00033	0.03853	0.04824	0.00033	0.00033	0.02073	0.00033	0.28837	0.08719	0.00033	0.00033	0.23473	0.262	0.00033	0.13514	0.00033	0.02705	0.00033	0.00033	0.02073	0.04693	0.00033	0.00033	0.04205	0.00033	0.00033	0.00033	0.00033	0.00033	0.00033	0.03337	0.00033	0.00033	0.00033	0.08644	0.04963	0.08644	0.02839	0.00033	0.10009	
0.64548	0.53482	1.4185	0.00029	0.19845	1.41866	0.25333	0.0	0.23915	0.00029	0.00029	0.00029	0.11928	0.16725	0.00029	0.00029	0.0	0.0	0.00029	0.0	0.31697	0.36282	0.30806	0.28931	0.0	0.00029	0.23752	0.16725	0.81498	0.1213	0.35326	0.28795	0.88867	0.0	0.13652	0.21155	0.09888	0.00029	0.02634	0.0	0.0	0.0	0.0	0.0	0.00029	0.00029	0.00029	0.00029	0.00029	1.01046	0.00029	0.0	0.0	0.24137	0.13652	0.00029	0.29933	0.09355	0.00029	0.00029	0.1213	0.00029	0.11504	1.41866	0.00029	0.00029	0.62786	0.62771	0.00029	0.96605	0.00029	0.23752	0.00029	0.00029	0.1213	0.53482	0.00029	0.00029	0.22975	0.00029	0.00029	0.00029	0.00029	0.00029	0.00029	0.33463	0.00029	0.00029	0.00029	0.00029	0.32239	0.00029	0.16725	0.00029	0.59491	
0.78674	0.40436	0.66004	0.00078	0.04772	0.41527	0.13768	0.23915	0.0	0.00078	0.00078	0.00078	0.07865	0.17063	0.00078	0.00078	0.0	0.0	0.00078	0.40973	0.17689	0.21079	0.16272	0.43401	0.0	0.00078	0.17992	0.17063	0.74009	0.10402	0.0629	0.19606	0.37699	1.00289	0.13486	0.14702	0.26511	0.33446	0.15802	0.0	0.0	0.0	0.0	0.0	0.00078	0.00078	0.00078	0.00078	0.00078	0.03043	0.00078	0.0	0.0	0.25566	0.13486	0.00078	0.30973	0.18576	0.00078	0.00078	0.10402	0.00078	0.06525	0.41527	0.00078	0.00078	0.40305	0.3314	0.00078	0.3768	0.00078	0.17992	0.00078	0.00078	0.10402	0.40436	0.00078	0.00078	0.13504	0.00078	0.00078	0.00078	0.00078	0.00078	0.00078	0.10134	0.00078	0.00078	0.00078	0.00353	0.27209	0.00353	0.17063	0.00078	0.33226	
0.04351	0.0	0.41996	0.0	0.00247	0.05746	0.0219	0.00029	0.00078	0.0	0.0	0.0	0.06213	0.01111	0.0	0.0	0.0	0.0	0.0	0.0	0.15286	0.43587	0.01575	0.2369	0.0	0.0	0.0	0.01111	0.03884	0.01436	0.03175	0.0006	0.00077	0.00208	0.01326	0.00982	0.01353	0.0	0.0	0.0	0.0	0.0	0.0	0.0	0.0	0.0	0.0	0.0	0.0	0.02792	0.0	0.0	0.0	0.29268	0.01326	0.0	0.01509	0.04237	0.0	0.0	0.01436	0.0	0.01377	0.05746	0.0	0.0	0.03936	0.02978	0.0	0.00048	0.0	0.0	0.0	0.0	0.01436	0.0	0.0	0.0	0.23174	0.0	0.0	0.0	0.0	0.0	0.0	0.21011	0.0	0.0	0.0	0.0	0.02696	0.0	0.01111	0.0	0.00518	
0.00018	0.0016	0.0012	0.0	0.00024	0.00162	0.00033	0.00029	0.00078	0.0	0.0	0.0	0.00024	0.00152	0.0	0.0	0.0	0.0	0.0	0.0002	0.00091	0.00092	0.00188	0.00065	0.0	0.0	0.00259	0.00152	0.00124	0.00025	0.00054	0.0006	0.00077	0.00208	0.00048	0.00015	0.001	0.0	0.0	0.0	0.0	0.0	0.0	0.0	0.0	0.0	0.0	0.0	0.0	0.00055	0.0	0.0	0.0	0.0014	0.00048	0.0	0.00107	0.00039	0.0	0.0	0.00025	0.0	0.0003	0.00162	0.0	0.0	0.0002	0.00013	0.0	0.00122	0.0	0.00259	0.0	0.0	0.00025	0.0016	0.0	0.0	0.00033	0.0	0.0	0.0	0.0	0.0	0.0	0.00179	0.0	0.0	0.0	0.0	0.00051	0.0	0.00152	0.0	0.00061	
0.00018	0.0016	0.0012	0.0	0.00024	0.00162	0.00033	0.00029	0.00078	0.0	0.0	0.0	0.00024	0.00152	0.0	0.0	0.0	0.0	0.0	0.0002	0.00091	0.00092	0.00188	0.00065	0.0	0.0	0.00259	0.00152	0.00124	0.00025	0.00054	0.0006	0.00077	0.00208	0.00048	0.00015	0.001	0.0	0.0	0.0	0.0	0.0	0.0	0.0	0.0	0.0	0.0	0.0	0.0	0.00055	0.0	0.0	0.0	0.0014	0.00048	0.0	0.00107	0.00039	0.0	0.0	0.00025	0.0	0.0003	0.00162	0.0	0.0	0.0002	0.00013	0.0	0.00122	0.0	0.00259	0.0	0.0	0.00025	0.0016	0.0	0.0	0.00033	0.0	0.0	0.0	0.0	0.0	0.0	0.00179	0.0	0.0	0.0	0.0	0.00051	0.0	0.00152	0.0	0.00061	
0.27738	0.16858	0.29723	0.00024	0.38228	0.01682	0.12853	0.11928	0.07865	0.06213	0.00024	0.00024	0.0	0.14508	0.00024	0.00024	0.0	0.0	0.00024	0.31503	0.10731	0.11772	0.1399	0.06047	0.0	0.00024	0.08233	0.14508	0.04278	0.0624	0.20898	0.2536	0.32358	0.44523	0.07145	0.05838	1.14047	0.14034	0.05874	0.0	0.0	0.0	0.0	0.0	0.00024	0.00971	0.00024	0.00024	0.00024	0.04943	0.00024	0.0	0.0	0.13444	0.07145	0.00024	0.15231	0.00565	0.00024	0.00024	0.0624	0.00024	0.06145	0.01682	0.00024	0.00024	0.33976	0.29165	0.00024	0.07853	0.00024	0.08233	0.00024	0.00024	0.0624	0.16858	0.00024	0.00024	0.20753	0.00024	0.00024	0.00024	0.00024	0.00024	0.00024	0.01327	0.00024	0.00024	0.00024	0.00761	0.12747	0.00761	0.14508	0.00024	0.33592	
0.05744	0.05229	0.09619	0.00152	0.09297	0.13349	0.02839	0.16725	0.17063	0.01111	0.00152	0.00152	0.14508	0.0	0.00152	0.00152	0.0	0.0	0.00152	0.06268	0.08537	0.08741	1.0014	0.08978	0.0	0.00152	0.03007	1.00233	0.14851	0.02327	0.061	0.5363	0.10935	0.28733	0.02608	0.1513	1.04885	0.04873	0.11373	0.0	0.0	0.0	0.0	0.0	0.00152	0.00092	0.00152	0.00152	0.00152	0.05377	0.00152	0.0	0.0	0.04165	0.02608	0.00152	0.5522	0.28536	0.00152	0.00152	0.02327	0.00152	0.01598	0.13349	0.00152	0.00152	0.05578	0.04786	0.00152	0.08639	0.00152	0.03007	0.00152	0.00152	0.02327	0.05229	0.00152	0.00152	0.27649	0.00152	0.00152	0.00152	0.00152	0.00152	0.00152	0.03714	0.00152	0.00152	0.00152	0.00017	0.04764	0.00017	1.00233	0.00152	0.41015	
0.00018	0.0016	0.0012	0.0	0.00024	0.00162	0.00033	0.00029	0.00078	0.0	0.0	0.0	0.00024	0.00152	0.0	0.0	0.0	0.0	0.0	0.0002	0.00091	0.00092	0.00188	0.00065	0.0	0.0	0.00259	0.00152	0.00124	0.00025	0.00054	0.0006	0.00077	0.00208	0.00048	0.00015	0.001	0.0	0.0	0.0	0.0	0.0	0.0	0.0	0.0	0.0	0.0	0.0	0.0	0.00055	0.0	0.0	0.0	0.0014	0.00048	0.0	0.00107	0.00039	0.0	0.0	0.00025	0.0	0.0003	0.00162	0.0	0.0	0.0002	0.00013	0.0	0.00122	0.0	0.00259	0.0	0.0	0.00025	0.0016	0.0	0.0	0.00033	0.0	0.0	0.0	0.0	0.0	0.0	0.00179	0.0	0.0	0.0	0.0	0.00051	0.0	0.00152	0.0	0.00061	
0.00018	0.0016	0.0012	0.0	0.00024	0.00162	0.00033	0.00029	0.00078	0.0	0.0	0.0	0.00024	0.00152	0.0	0.0	0.0	0.0	0.0	0.0002	0.00091	0.00092	0.00188	0.00065	0.0	0.0	0.00259	0.00152	0.00124	0.00025	0.00054	0.0006	0.00077	0.00208	0.00048	0.00015	0.001	0.0	0.0	0.0	0.0	0.0	0.0	0.0	0.0	0.0	0.0	0.0	0.0	0.00055	0.0	0.0	0.0	0.0014	0.00048	0.0	0.00107	0.00039	0.0	0.0	0.00025	0.0	0.0003	0.00162	0.0	0.0	0.0002	0.00013	0.0	0.00122	0.0	0.00259	0.0	0.0	0.00025	0.0016	0.0	0.0	0.00033	0.0	0.0	0.0	0.0	0.0	0.0	0.00179	0.0	0.0	0.0	0.0	0.00051	0.0	0.00152	0.0	0.00061	
0.0	0.0	0.0	0.0	0.0	0.0	0.0	0.0	0.0	0.0	0.0	0.0	0.0	0.0	0.0	0.0	0.0	0.0	0.0	0.0	0.0	0.0	0.0	0.0	0.0	0.0	0.0	0.0	0.0	0.0	0.0	0.0	0.0	0.0	0.0	0.0	0.0	0.0	0.0	0.0	0.0	0.0	0.0	0.0	0.0	0.0	0.0	0.0	0.0	0.0	0.0	0.0	0.0	0.0	0.0	0.0	0.0	0.0	0.0	0.0	0.0	0.0	0.0	0.0	0.0	0.0	0.0	0.0	0.0	0.0	0.0	0.0	0.0	0.0	0.0	0.0	0.0	0.0	0.0	0.0	0.0	0.0	0.0	0.0	0.0	0.0	0.0	0.0	0.0	0.0	0.0	0.0	0.0	0.0	0.0	
0.0	0.0	0.0	0.0	0.0	0.0	0.0	0.0	0.0	0.0	0.0	0.0	0.0	0.0	0.0	0.0	0.0	0.0	0.0	0.0	0.0	0.0	0.0	0.0	0.0	0.0	0.0	0.0	0.0	0.0	0.0	0.0	0.0	0.0	0.0	0.0	0.0	0.0	0.0	0.0	0.0	0.0	0.0	0.0	0.0	0.0	0.0	0.0	0.0	0.0	0.0	0.0	0.0	0.0	0.0	0.0	0.0	0.0	0.0	0.0	0.0	0.0	0.0	0.0	0.0	0.0	0.0	0.0	0.0	0.0	0.0	0.0	0.0	0.0	0.0	0.0	0.0	0.0	0.0	0.0	0.0	0.0	0.0	0.0	0.0	0.0	0.0	0.0	0.0	0.0	0.0	0.0	0.0	0.0	0.0	
0.00018	0.0016	0.0012	0.0	0.00024	0.00162	0.00033	0.00029	0.00078	0.0	0.0	0.0	0.00024	0.00152	0.0	0.0	0.0	0.0	0.0	0.0002	0.00091	0.00092	0.00188	0.00065	0.0	0.0	0.00259	0.00152	0.00124	0.00025	0.00054	0.0006	0.00077	0.00208	0.00048	0.00015	0.001	0.0	0.0	0.0	0.0	0.0	0.0	0.0	0.0	0.0	0.0	0.0	0.0	0.00055	0.0	0.0	0.0	0.0014	0.00048	0.0	0.00107	0.00039	0.0	0.0	0.00025	0.0	0.0003	0.00162	0.0	0.0	0.0002	0.00013	0.0	0.00122	0.0	0.00259	0.0	0.0	0.00025	0.0016	0.0	0.0	0.00033	0.0	0.0	0.0	0.0	0.0	0.0	0.00179	0.0	0.0	0.0	0.0	0.00051	0.0	0.00152	0.0	0.00061	
0.10995	0.28907	0.28637	0.0002	1.30407	0.21685	0.06392	0.0	0.40973	0.0	0.0002	0.0002	0.31503	0.06268	0.0002	0.0002	0.0	0.0	0.0002	0.0	0.15922	0.20362	0.05663	0.48922	0.0	0.0002	0.07248	0.06268	0.26844	0.21676	0.79622	0.32905	0.60302	0.41359	0.2593	0.29624	1.53745	0.31089	0.31089	0.0	0.0	0.0	0.0	0.0	0.0002	0.01245	0.0002	0.0002	0.0002	0.06368	0.0002	0.0	0.0	0.1982	0.2593	0.0002	0.18895	0.25478	0.0002	0.0002	0.21676	0.0002	0.03258	0.21685	0.0002	0.0002	0.14995	0.12308	0.0002	0.31354	0.0002	0.07248	0.0002	0.0002	0.21676	0.28907	0.0002	0.0002	0.52036	0.0002	0.0002	0.0002	0.0002	0.0002	0.0002	0.09209	0.0002	0.0002	0.0002	0.00347	0.52605	0.00347	0.06268	0.0002	0.18801	
0.262	0.20845	0.34846	0.00091	0.10935	0.1189	0.15973	0.31697	0.17689	0.15286	0.00091	0.00091	0.10731	0.08537	0.00091	0.00091	0.0	0.0	0.00091	0.15922	0.0	0.35501	0.11902	0.16779	0.0	0.00091	0.33793	0.08537	0.12343	0.05812	0.0498	0.2888	0.42492	0.45459	0.1012	0.16791	0.36666	0.60812	0.0	0.0	0.0	0.0	0.0	0.0	0.00091	0.14091	0.00091	0.00091	0.00091	0.14123	0.00091	0.0	0.0	0.37252	0.1012	0.00091	0.14593	0.18242	0.00091	0.00091	0.05812	0.00091	0.1946	0.1189	0.00091	0.00091	0.27862	0.26528	0.00091	0.33853	0.00091	0.33793	0.00091	0.00091	0.05812	0.20845	0.00091	0.00091	0.10443	0.00091	0.00091	0.00091	0.00091	0.00091	0.00091	0.26014	0.00091	0.00091	0.00091	0.00575	0.05365	0.00575	0.08537	0.00091	0.14884	
0.13596	0.55	0.39351	0.00092	0.00252	0.14441	0.04069	0.36282	0.21079	0.43587	0.00092	0.00092	0.11772	0.08741	0.00092	0.00092	0.0	0.0	0.00092	0.20362	0.35501	0.0	0.12194	0.2969	0.0	0.00092	0.16951	0.08741	0.14626	0.05979	0.07677	0.45016	0.24099	0.23023	0.14897	0.11239	0.1285	0.01422	0.5009	0.0	0.0	0.0	0.0	0.0	0.00092	0.02716	0.00092	0.00092	0.00092	0.07353	0.00092	0.0	0.0	0.26543	0.14897	0.00092	0.18449	0.07349	0.00092	0.00092	0.05979	0.00092	0.03684	0.14441	0.00092	0.00092	0.08367	0.11713	0.00092	0.01634	0.00092	0.16951	0.00092	0.00092	0.05979	0.55	0.00092	0.00092	0.14841	0.00092	0.00092	0.00092	0.00092	0.00092	0.00092	0.09873	0.00092	0.00092	0.00092	0.00977	0.10909	0.00977	0.08741	0.00092	0.06302	
0.05805	0.06821	0.1379	0.00188	0.09365	0.19952	0.03513	0.30806	0.16272	0.01575	0.00188	0.00188	0.1399	1.0014	0.00188	0.00188	0.0	0.0	0.00188	0.05663	0.11902	0.12194	0.0	0.08893	0.0	0.00188	0.03858	1.0014	0.29859	0.24228	0.07019	0.55251	0.16688	0.27433	0.03092	0.14944	1.07813	0.07335	0.18756	0.0	0.0	0.0	0.0	0.0	0.00188	0.00126	0.00188	0.00188	0.00188	0.06928	0.00188	0.0	0.0	0.05263	0.03092	0.00188	0.55323	0.27792	0.00188	0.00188	0.24228	0.00188	0.01935	0.19952	0.00188	0.00188	0.07133	0.06065	0.00188	0.11829	0.00188	0.03858	0.00188	0.00188	0.24228	0.06821	0.00188	0.00188	0.27464	0.00188	0.00188	0.00188	0.00188	0.00188	0.00188	0.04764	0.00188	0.00188	0.00188	0.00017	0.05905	0.00017	1.0014	0.00188	0.43847	
0.10045	0.27196	0.21916	0.00065	0.08736	0.12236	0.01501	0.28931	0.43401	0.2369	0.00065	0.00065	0.06047	0.08978	0.00065	0.00065	0.0	0.0	0.00065	0.48922	0.16779	0.2969	0.08893	0.0	0.0	0.00065	0.11962	0.08978	0.28124	0.08821	0.04381	0.26491	0.1582	0.38125	0.07098	0.10097	0.18673	0.11105	0.10283	0.0	0.0	0.0	0.0	0.0	0.00065	0.01535	0.00065	0.00065	0.00065	0.05469	0.00065	0.0	0.0	0.14582	0.07098	0.00065	0.15325	0.2274	0.00065	0.00065	0.08821	0.00065	0.05341	0.12236	0.00065	0.00065	0.03561	0.07176	0.00065	0.11552	0.00065	0.11962	0.00065	0.00065	0.08821	0.27196	0.00065	0.00065	0.40548	0.00065	0.00065	0.00065	0.00065	0.00065	0.00065	0.16527	0.00065	0.00065	0.00065	0.00607	0.17236	0.00607	0.08978	0.00065	0.12584	
0.0	0.0	0.0	0.0	0.0	0.0	0.0	0.0	0.0	0.0	0.0	0.0	0.0	0.0	0.0	0.0	0.0	0.0	0.0	0.0	0.0	0.0	0.0	0.0	0.0	0.0	0.0	0.0	0.0	0.0	0.0	0.0	0.0	0.0	0.0	0.0	0.0	0.0	0.0	0.0	0.0	0.0	0.0	0.0	0.0	0.0	0.0	0.0	0.0	0.0	0.0	0.0	0.0	0.0	0.0	0.0	0.0	0.0	0.0	0.0	0.0	0.0	0.0	0.0	0.0	0.0	0.0	0.0	0.0	0.0	0.0	0.0	0.0	0.0	0.0	0.0	0.0	0.0	0.0	0.0	0.0	0.0	0.0	0.0	0.0	0.0	0.0	0.0	0.0	0.0	0.0	0.0	0.0	0.0	0.0	
0.00018	0.0016	0.0012	0.0	0.00024	0.00162	0.00033	0.00029	0.00078	0.0	0.0	0.0	0.00024	0.00152	0.0	0.0	0.0	0.0	0.0	0.0002	0.00091	0.00092	0.00188	0.00065	0.0	0.0	0.00259	0.00152	0.00124	0.00025	0.00054	0.0006	0.00077	0.00208	0.00048	0.00015	0.001	0.0	0.0	0.0	0.0	0.0	0.0	0.0	0.0	0.0	0.0	0.0	0.0	0.00055	0.0	0.0	0.0	0.0014	0.00048	0.0	0.00107	0.00039	0.0	0.0	0.00025	0.0	0.0003	0.00162	0.0	0.0	0.0002	0.00013	0.0	0.00122	0.0	0.00259	0.0	0.0	0.00025	0.0016	0.0	0.0	0.00033	0.0	0.0	0.0	0.0	0.0	0.0	0.00179	0.0	0.0	0.0	0.0	0.00051	0.0	0.00152	0.0	0.00061	
0.05592	0.27551	0.16722	0.00259	0.08575	0.09015	0.02705	0.23752	0.17992	0.0	0.00259	0.00259	0.08233	0.03007	0.00259	0.00259	0.0	0.0	0.00259	0.07248	0.33793	0.16951	0.03858	0.11962	0.0	0.00259	0.0	0.03007	0.07277	0.02239	0.05674	0.13422	0.18676	0.18133	0.02495	0.13722	0.2236	0.0	0.0	0.0	0.0	0.0	0.0	0.0	0.00259	0.0	0.00259	0.00259	0.00259	0.25817	0.00259	0.0	0.0	0.5377	0.02495	0.00259	0.0402	0.05024	0.00259	0.00259	0.02239	0.00259	0.01575	0.09015	0.00259	0.00259	0.05197	0.04447	0.00259	0.13953	0.00259	1.00443	0.00259	0.00259	0.02239	0.27551	0.00259	0.00259	0.05108	0.00259	0.00259	0.00259	0.00259	0.00259	0.00259	0.51729	0.00259	0.00259	0.00259	0.00661	0.047	0.00661	0.03007	0.00259	0.09545	
0.05744	0.05229	0.09619	0.00152	0.09297	0.13349	0.02839	0.16725	0.17063	0.01111	0.00152	0.00152	0.14508	1.00233	0.00152	0.00152	0.0	0.0	0.00152	0.06268	0.08537	0.08741	1.0014	0.08978	0.0	0.00152	0.03007	0.0	0.14851	0.02327	0.061	0.5363	0.10935	0.28733	0.02608	0.1513	1.04885	0.04873	0.11373	0.0	0.0	0.0	0.0	0.0	0.00152	0.00092	0.00152	0.00152	0.00152	0.05377	0.00152	0.0	0.0	0.04165	0.02608	0.00152	0.5522	0.28536	0.00152	0.00152	0.02327	0.00152	0.01598	0.13349	0.00152	0.00152	0.05578	0.04786	0.00152	0.08639	0.00152	0.03007	0.00152	0.00152	0.02327	0.05229	0.00152	0.00152	0.27649	0.00152	0.00152	0.00152	0.00152	0.00152	0.00152	0.03714	0.00152	0.00152	0.00152	0.00017	0.04764	0.00017	1.00233	0.00152	0.41015	
0.24556	0.15222	0.52988	0.00124	0.10021	0.74631	0.07033	0.81498	0.74009	0.03884	0.00124	0.00124	0.04278	0.14851	0.00124	0.00124	0.0	0.0	0.00124	0.26844	0.12343	0.14626	0.29859	0.28124	0.0	0.00124	0.07277	0.14851	0.0	0.34798	0.32697	0.23767	0.71418	1.16285	0.11557	0.12106	0.24938	0.20108	0.13326	0.0	0.0	0.0	0.0	0.0	0.00124	0.00437	0.00124	0.00124	0.00124	0.02413	0.00124	0.0	0.0	0.14058	0.11557	0.00124	0.27627	0.0329	0.00124	0.00124	0.34798	0.00124	0.03429	0.74631	0.00124	0.00124	0.1688	0.15059	0.00124	0.3096	0.00124	0.07277	0.00124	0.00124	0.34798	0.15222	0.00124	0.00124	0.08796	0.00124	0.00124	0.00124	0.00124	0.00124	0.00124	0.09687	0.00124	0.00124	0.00124	0.00034	0.23208	0.00034	0.14851	0.00124	0.3175	
0.13202	0.03768	0.06552	0.00025	0.09498	0.09212	0.02073	0.1213	0.10402	0.01436	0.00025	0.00025	0.0624	0.02327	0.00025	0.00025	0.0	0.0	0.00025	0.21676	0.05812	0.05979	0.24228	0.08821	0.0	0.00025	0.02239	0.02327	0.34798	0.0	0.15724	0.06076	0.07811	0.15417	0.01912	0.05365	0.07822	0.04841	0.10103	0.0	0.0	0.0	0.0	0.0	0.00025	0.00276	0.00025	0.00025	0.00025	0.03844	0.00025	0.0	0.0	0.02972	0.01912	0.00025	0.03063	0.03846	0.00025	0.00025	0.99959	0.00025	0.01175	0.09212	0.00025	0.00025	0.03973	0.03369	0.00025	0.06077	0.00025	0.02239	0.00025	0.00025	0.99959	0.03768	0.00025	0.00025	0.03855	0.00025	0.00025	0.00025	0.00025	0.00025	0.00025	0.02721	0.00025	0.00025	0.00025	0.00068	0.03483	0.00068	0.02327	0.00025	0.07094	
0.0994	0.10966	0.25022	0.00054	0.36804	0.3475	0.0546	0.35326	0.0629	0.03175	0.00054	0.00054	0.20898	0.061	0.00054	0.00054	0.0	0.0	0.00054	0.79622	0.0498	0.07677	0.07019	0.04381	0.0	0.00054	0.05674	0.061	0.32697	0.15724	0.0	0.23791	0.30389	0.21626	0.18326	0.20297	0.32088	0.13529	0.03014	0.0	0.0	0.0	0.0	0.0	0.00054	0.00453	0.00054	0.00054	0.00054	0.00223	0.00054	0.0	0.0	0.16194	0.18326	0.00054	0.16257	0.11473	0.00054	0.00054	0.15724	0.00054	0.02797	0.3475	0.00054	0.00054	0.11969	0.10452	0.00054	0.19976	0.00054	0.05674	0.00054	0.00054	0.15724	0.10966	0.00054	0.00054	0.12475	0.00054	0.00054	0.00054	0.00054	0.00054	0.00054	0.07335	0.00054	0.00054	0.00054	0.00062	0.38962	0.00062	0.061	0.00054	0.27639	
0.29774	0.30165	0.42396	0.0006	0.22279	0.24041	0.08035	0.28795	0.19606	0.0006	0.0006	0.0006	0.2536	0.5363	0.0006	0.0006	0.0	0.0	0.0006	0.32905	0.2888	0.45016	0.55251	0.26491	0.0	0.0006	0.13422	0.5363	0.23767	0.06076	0.23791	0.0	0.2117	0.29099	0.06931	0.35937	1.34447	0.33192	0.39143	0.0	0.0	0.0	0.0	0.0	0.0006	0.0006	0.0006	0.0006	0.0006	0.09169	0.0006	0.0	0.0	0.16345	0.06931	0.0006	0.43241	0.55288	0.0006	0.0006	0.06076	0.0006	0.0382	0.24041	0.0006	0.0006	0.23124	0.26865	0.0006	0.21156	0.0006	0.13422	0.0006	0.0006	0.06076	0.30165	0.0006	0.0006	0.5765	0.0006	0.0006	0.0006	0.0006	0.0006	0.0006	0.06918	0.0006	0.0006	0.0006	0.02702	0.14788	0.02702	0.5363	0.0006	0.50624	
0.79147	0.41981	1.42014	0.00077	0.28492	1.05764	0.22061	0.88867	0.37699	0.00077	0.00077	0.00077	0.32358	0.10935	0.00077	0.00077	0.0	0.0	0.00077	0.60302	0.42492	0.24099	0.16688	0.1582	0.0	0.00077	0.18676	0.10935	0.71418	0.07811	0.30389	0.2117	0.0	1.07215	0.08868	0.07085	0.75769	0.0	0.0	0.0	0.0	0.0	0.0	0.0	0.00077	0.00077	0.00077	0.00077	0.00077	0.01479	0.00077	0.0	0.0	0.20725	0.08868	0.00077	0.18086	0.12401	0.00077	0.00077	0.07811	0.00077	0.0992	1.05764	0.00077	0.00077	1.03953	0.78747	0.00077	1.00066	0.00077	0.18676	0.00077	0.00077	0.07811	0.41981	0.00077	0.00077	0.11292	0.00077	0.00077	0.00077	0.00077	0.00077	0.00077	0.12951	0.00077	0.00077	0.00077	0.00848	0.16245	0.00848	0.10935	0.00077	0.64051	
0.80752	0.40594	1.47749	0.00208	0.30845	1.00149	0.22115	0.0	1.00289	0.00208	0.00208	0.00208	0.44523	0.28733	0.00208	0.00208	0.0	0.0	0.00208	0.41359	0.45459	0.23023	0.27433	0.38125	0.0	0.00208	0.18133	0.28733	1.16285	0.15417	0.21626	0.29099	1.07215	0.0	0.2192	0.38155	1.29999	0.0	0.0	0.0	0.0	0.0	0.0	0.0	0.00208	0.00208	0.00208	0.00208	0.00208	0.17838	0.00208	0.0	0.0	0.32941	0.2192	0.00208	0.77038	0.24983	0.00208	0.00208	0.15417	0.00208	0.09969	1.00149	0.00208	0.00208	1.19423	0.84083	0.00208	1.05059	0.00208	0.18133	0.00208	0.00208	0.15417	0.40594	0.00208	0.00208	0.18067	0.00208	0.00208	0.00208	0.00208	0.00208	0.00208	0.09188	0.00208	0.00208	0.00208	0.00561	0.1716	0.00561	0.28733	0.00208	0.79997	
0.04649	0.04263	0.07576	0.00048	0.1095	0.10596	0.0233	0.13652	0.13486	0.01326	0.00048	0.00048	0.07145	0.02608	0.00048	0.00048	0.0	0.0	0.00048	0.2593	0.1012	0.14897	0.03092	0.07098	0.0	0.00048	0.02495	0.02608	0.11557	0.01912	0.18326	0.06931	0.08868	0.2192	0.0	0.37463	0.08744	0.04862	0.0	0.0	0.0	0.0	0.0	0.0	0.00048	0.00203	0.00048	0.00048	0.00048	0.04364	0.00048	0.0	0.0	0.48965	1.00013	0.00048	0.47562	0.04369	0.00048	0.00048	0.01912	0.00048	0.01309	0.10596	0.00048	0.00048	0.04517	0.03849	0.00048	0.06943	0.00048	0.02495	0.00048	0.00048	0.01912	0.04263	0.00048	0.00048	0.04419	0.00048	0.00048	0.00048	0.00048	0.00048	0.00048	0.03055	0.00048	0.00048	0.00048	0.00035	0.30896	0.00035	0.02608	0.00048	0.08213	
0.17915	0.03247	0.06414	0.00015	0.24515	0.0661	0.06919	0.21155	0.14702	0.00982	0.00015	0.00015	0.05838	0.1513	0.00015	0.00015	0.0	0.0	0.00015	0.29624	0.16791	0.11239	0.14944	0.10097	0.0	0.00015	0.13722	0.1513	0.12106	0.05365	0.20297	0.35937	0.07085	0.38155	0.37463	0.0	0.60016	0.03604	0.22858	0.0	0.0	0.0	0.0	0.0	0.00015	0.02427	0.00015	0.00015	0.00015	0.03117	0.00015	0.0	0.0	0.42438	0.37463	0.00015	0.4359	0.03688	0.00015	0.00015	0.05365	0.00015	0.03316	0.0661	0.00015	0.00015	0.04081	0.14706	0.00015	0.05286	0.00015	0.13722	0.00015	0.00015	0.05365	0.03247	0.00015	0.00015	0.09149	0.00015	0.00015	0.00015	0.00015	0.00015	0.00015	0.06297	0.00015	0.00015	0.00015	0.00225	0.22707	0.00225	0.1513	0.00015	0.173	
0.61518	0.07337	0.42611	0.001	1.34941	0.25768	0.23844	0.09888	0.26511	0.01353	0.001	0.001	1.14047	1.04885	0.001	0.001	0.0	0.0	0.001	1.53745	0.36666	0.1285	1.07813	0.18673	0.0	0.001	0.2236	1.04885	0.24938	0.07822	0.32088	1.34447	0.75769	1.29999	0.08744	0.60016	0.0	0.00099	0.00891	0.0	0.0	0.0	0.0	0.0	0.001	0.00099	0.001	0.001	0.001	0.08214	0.001	0.0	0.0	0.20315	0.08744	0.001	0.62815	0.30586	0.001	0.001	0.07822	0.001	0.10869	0.25768	0.001	0.001	0.58983	0.58972	0.001	0.90713	0.001	0.2236	0.001	0.001	0.07822	0.07337	0.001	0.001	0.59112	0.001	0.001	0.001	0.001	0.001	0.001	0.31471	0.001	0.001	0.001	0.00099	0.16018	0.00099	1.04885	0.001	0.62766	
0.0	0.00222	0.67566	0.0	0.34929	0.35409	0.0	0.00029	0.33446	0.0	0.0	0.0	0.14034	0.04873	0.0	0.0	0.0	0.0	0.0	0.31089	0.60812	0.01422	0.07335	0.11105	0.0	0.0	0.0	0.04873	0.20108	0.04841	0.13529	0.33192	0.0	0.0	0.04862	0.03604	0.00099	0.0	0.0	0.0	0.0	0.0	0.0	0.0	0.0	0.0	0.0	0.0	0.0	0.05669	0.0	0.0	0.0	0.28049	0.04862	0.0	0.06402	0.11322	0.0	0.0	0.04841	0.0	0.0	0.35409	0.0	0.0	0.0	0.0	0.0	0.0	0.0	0.0	0.0	0.0	0.04841	0.00222	0.0	0.0	0.0427	0.0	0.0	0.0	0.0	0.0	0.0	0.0	0.0	0.0	0.0	0.0	0.06143	0.0	0.04873	0.0	0.07924	
0.0	0.00546	0.56907	0.0	0.2029	0.20983	0.0	0.02634	0.15802	0.0	0.0	0.0	0.05874	0.11373	0.0	0.0	0.0	0.0	0.0	0.31089	0.0	0.5009	0.18756	0.10283	0.0	0.0	0.0	0.11373	0.13326	0.10103	0.03014	0.39143	0.0	0.0	0.0	0.22858	0.00891	0.0	0.0	0.0	0.0	0.0	0.0	0.0	0.0	0.0	0.0	0.0	0.0	0.0159	0.0	0.0	0.0	0.0	0.0	0.0	0.2844	0.28819	0.0	0.0	0.10103	0.0	0.0	0.20983	0.0	0.0	0.0	0.0	0.0	0.0	0.0	0.0	0.0	0.0	0.10103	0.00546	0.0	0.0	0.11945	0.0	0.0	0.0	0.0	0.0	0.0	0.0	0.0	0.0	0.0	0.0	0.00445	0.0	0.11373	0.0	0.07319	
0.0	0.0	0.0	0.0	0.0	0.0	0.0	0.0	0.0	0.0	0.0	0.0	0.0	0.0	0.0	0.0	0.0	0.0	0.0	0.0	0.0	0.0	0.0	0.0	0.0	0.0	0.0	0.0	0.0	0.0	0.0	0.0	0.0	0.0	0.0	0.0	0.0	0.0	0.0	0.0	0.0	0.0	0.0	0.0	0.0	0.0	0.0	0.0	0.0	0.0	0.0	0.0	0.0	0.0	0.0	0.0	0.0	0.0	0.0	0.0	0.0	0.0	0.0	0.0	0.0	0.0	0.0	0.0	0.0	0.0	0.0	0.0	0.0	0.0	0.0	0.0	0.0	0.0	0.0	0.0	0.0	0.0	0.0	0.0	0.0	0.0	0.0	0.0	0.0	0.0	0.0	0.0	0.0	0.0	0.0	
0.0	0.0	0.0	0.0	0.0	0.0	0.0	0.0	0.0	0.0	0.0	0.0	0.0	0.0	0.0	0.0	0.0	0.0	0.0	0.0	0.0	0.0	0.0	0.0	0.0	0.0	0.0	0.0	0.0	0.0	0.0	0.0	0.0	0.0	0.0	0.0	0.0	0.0	0.0	0.0	0.0	0.0	0.0	0.0	0.0	0.0	0.0	0.0	0.0	0.0	0.0	0.0	0.0	0.0	0.0	0.0	0.0	0.0	0.0	0.0	0.0	0.0	0.0	0.0	0.0	0.0	0.0	0.0	0.0	0.0	0.0	0.0	0.0	0.0	0.0	0.0	0.0	0.0	0.0	0.0	0.0	0.0	0.0	0.0	0.0	0.0	0.0	0.0	0.0	0.0	0.0	0.0	0.0	0.0	0.0	
0.0	0.0	0.0	0.0	0.0	0.0	0.0	0.0	0.0	0.0	0.0	0.0	0.0	0.0	0.0	0.0	0.0	0.0	0.0	0.0	0.0	0.0	0.0	0.0	0.0	0.0	0.0	0.0	0.0	0.0	0.0	0.0	0.0	0.0	0.0	0.0	0.0	0.0	0.0	0.0	0.0	0.0	0.0	0.0	0.0	0.0	0.0	0.0	0.0	0.0	0.0	0.0	0.0	0.0	0.0	0.0	0.0	0.0	0.0	0.0	0.0	0.0	0.0	0.0	0.0	0.0	0.0	0.0	0.0	0.0	0.0	0.0	0.0	0.0	0.0	0.0	0.0	0.0	0.0	0.0	0.0	0.0	0.0	0.0	0.0	0.0	0.0	0.0	0.0	0.0	0.0	0.0	0.0	0.0	0.0	
0.0	0.0	0.0	0.0	0.0	0.0	0.0	0.0	0.0	0.0	0.0	0.0	0.0	0.0	0.0	0.0	0.0	0.0	0.0	0.0	0.0	0.0	0.0	0.0	0.0	0.0	0.0	0.0	0.0	0.0	0.0	0.0	0.0	0.0	0.0	0.0	0.0	0.0	0.0	0.0	0.0	0.0	0.0	0.0	0.0	0.0	0.0	0.0	0.0	0.0	0.0	0.0	0.0	0.0	0.0	0.0	0.0	0.0	0.0	0.0	0.0	0.0	0.0	0.0	0.0	0.0	0.0	0.0	0.0	0.0	0.0	0.0	0.0	0.0	0.0	0.0	0.0	0.0	0.0	0.0	0.0	0.0	0.0	0.0	0.0	0.0	0.0	0.0	0.0	0.0	0.0	0.0	0.0	0.0	0.0	
0.0	0.0	0.0	0.0	0.0	0.0	0.0	0.0	0.0	0.0	0.0	0.0	0.0	0.0	0.0	0.0	0.0	0.0	0.0	0.0	0.0	0.0	0.0	0.0	0.0	0.0	0.0	0.0	0.0	0.0	0.0	0.0	0.0	0.0	0.0	0.0	0.0	0.0	0.0	0.0	0.0	0.0	0.0	0.0	0.0	0.0	0.0	0.0	0.0	0.0	0.0	0.0	0.0	0.0	0.0	0.0	0.0	0.0	0.0	0.0	0.0	0.0	0.0	0.0	0.0	0.0	0.0	0.0	0.0	0.0	0.0	0.0	0.0	0.0	0.0	0.0	0.0	0.0	0.0	0.0	0.0	0.0	0.0	0.0	0.0	0.0	0.0	0.0	0.0	0.0	0.0	0.0	0.0	0.0	0.0	
0.00018	0.0016	0.0012	0.0	0.00024	0.00162	0.00033	0.00029	0.00078	0.0	0.0	0.0	0.00024	0.00152	0.0	0.0	0.0	0.0	0.0	0.0002	0.00091	0.00092	0.00188	0.00065	0.0	0.0	0.00259	0.00152	0.00124	0.00025	0.00054	0.0006	0.00077	0.00208	0.00048	0.00015	0.001	0.0	0.0	0.0	0.0	0.0	0.0	0.0	0.0	0.0	0.0	0.0	0.0	0.00055	0.0	0.0	0.0	0.0014	0.00048	0.0	0.00107	0.00039	0.0	0.0	0.00025	0.0	0.0003	0.00162	0.0	0.0	0.0002	0.00013	0.0	0.00122	0.0	0.00259	0.0	0.0	0.00025	0.0016	0.0	0.0	0.00033	0.0	0.0	0.0	0.0	0.0	0.0	0.00179	0.0	0.0	0.0	0.0	0.00051	0.0	0.00152	0.0	0.00061	
0.00959	0.06193	0.02693	0.0	0.01029	0.00604	0.00569	0.00029	0.00078	0.0	0.0	0.0	0.00971	0.00092	0.0	0.0	0.0	0.0	0.0	0.01245	0.14091	0.02716	0.00126	0.01535	0.0	0.0	0.0	0.00092	0.00437	0.00276	0.00453	0.0006	0.00077	0.00208	0.00203	0.02427	0.00099	0.0	0.0	0.0	0.0	0.0	0.0	0.0	0.0	0.0	0.0	0.0	0.0	0.06319	0.0	0.0	0.0	0.31999	0.00203	0.0	0.00159	0.00433	0.0	0.0	0.00276	0.0	0.00335	0.00604	0.0	0.0	0.00883	0.00683	0.0	0.01612	0.0	0.0	0.0	0.0	0.00276	0.06193	0.0	0.0	0.00532	0.0	0.0	0.0	0.0	0.0	0.0	0.28994	0.0	0.0	0.0	0.0	0.00395	0.0	0.00092	0.0	0.01399	
0.00018	0.0016	0.0012	0.0	0.00024	0.00162	0.00033	0.00029	0.00078	0.0	0.0	0.0	0.00024	0.00152	0.0	0.0	0.0	0.0	0.0	0.0002	0.00091	0.00092	0.00188	0.00065	0.0	0.0	0.00259	0.00152	0.00124	0.00025	0.00054	0.0006	0.00077	0.00208	0.00048	0.00015	0.001	0.0	0.0	0.0	0.0	0.0	0.0	0.0	0.0	0.0	0.0	0.0	0.0	0.00055	0.0	0.0	0.0	0.0014	0.00048	0.0	0.00107	0.00039	0.0	0.0	0.00025	0.0	0.0003	0.00162	0.0	0.0	0.0002	0.00013	0.0	0.00122	0.0	0.00259	0.0	0.0	0.00025	0.0016	0.0	0.0	0.00033	0.0	0.0	0.0	0.0	0.0	0.0	0.00179	0.0	0.0	0.0	0.0	0.00051	0.0	0.00152	0.0	0.00061	
0.00018	0.0016	0.0012	0.0	0.00024	0.00162	0.00033	0.00029	0.00078	0.0	0.0	0.0	0.00024	0.00152	0.0	0.0	0.0	0.0	0.0	0.0002	0.00091	0.00092	0.00188	0.00065	0.0	0.0	0.00259	0.00152	0.00124	0.00025	0.00054	0.0006	0.00077	0.00208	0.00048	0.00015	0.001	0.0	0.0	0.0	0.0	0.0	0.0	0.0	0.0	0.0	0.0	0.0	0.0	0.00055	0.0	0.0	0.0	0.0014	0.00048	0.0	0.00107	0.00039	0.0	0.0	0.00025	0.0	0.0003	0.00162	0.0	0.0	0.0002	0.00013	0.0	0.00122	0.0	0.00259	0.0	0.0	0.00025	0.0016	0.0	0.0	0.00033	0.0	0.0	0.0	0.0	0.0	0.0	0.00179	0.0	0.0	0.0	0.0	0.00051	0.0	0.00152	0.0	0.00061	
0.00018	0.0016	0.0012	0.0	0.00024	0.00162	0.00033	0.00029	0.00078	0.0	0.0	0.0	0.00024	0.00152	0.0	0.0	0.0	0.0	0.0	0.0002	0.00091	0.00092	0.00188	0.00065	0.0	0.0	0.00259	0.00152	0.00124	0.00025	0.00054	0.0006	0.00077	0.00208	0.00048	0.00015	0.001	0.0	0.0	0.0	0.0	0.0	0.0	0.0	0.0	0.0	0.0	0.0	0.0	0.00055	0.0	0.0	0.0	0.0014	0.00048	0.0	0.00107	0.00039	0.0	0.0	0.00025	0.0	0.0003	0.00162	0.0	0.0	0.0002	0.00013	0.0	0.00122	0.0	0.00259	0.0	0.0	0.00025	0.0016	0.0	0.0	0.00033	0.0	0.0	0.0	0.0	0.0	0.0	0.00179	0.0	0.0	0.0	0.0	0.00051	0.0	0.00152	0.0	0.00061	
0.03277	0.03957	0.02911	0.00055	0.00438	0.00642	0.04817	1.01046	0.03043	0.02792	0.00055	0.00055	0.04943	0.05377	0.00055	0.00055	0.0	0.0	0.00055	0.06368	0.14123	0.07353	0.06928	0.05469	0.0	0.00055	0.25817	0.05377	0.02413	0.03844	0.00223	0.09169	0.01479	0.17838	0.04364	0.03117	0.08214	0.05669	0.0159	0.0	0.0	0.0	0.0	0.0	0.00055	0.06319	0.00055	0.00055	0.00055	0.0	0.00055	0.0	0.0	0.2037	0.04364	0.00055	0.07995	0.09942	0.00055	0.00055	0.03844	0.00055	0.02497	0.00642	0.00055	0.00055	0.01328	0.02205	0.00055	0.03262	0.00055	0.25817	0.00055	0.00055	0.03844	0.03957	0.00055	0.00055	0.107	0.00055	0.00055	0.00055	0.00055	0.00055	0.00055	0.37442	0.00055	0.00055	0.00055	0.00395	0.0196	0.00395	0.05377	0.00055	0.09746	
0.00018	0.0016	0.0012	0.0	0.00024	0.00162	0.00033	0.00029	0.00078	0.0	0.0	0.0	0.00024	0.00152	0.0	0.0	0.0	0.0	0.0	0.0002	0.00091	0.00092	0.00188	0.00065	0.0	0.0	0.00259	0.00152	0.00124	0.00025	0.00054	0.0006	0.00077	0.00208	0.00048	0.00015	0.001	0.0	0.0	0.0	0.0	0.0	0.0	0.0	0.0	0.0	0.0	0.0	0.0	0.00055	0.0	0.0	0.0	0.0014	0.00048	0.0	0.00107	0.00039	0.0	0.0	0.00025	0.0	0.0003	0.00162	0.0	0.0	0.0002	0.00013	0.0	0.00122	0.0	0.00259	0.0	0.0	0.00025	0.0016	0.0	0.0	0.00033	0.0	0.0	0.0	0.0	0.0	0.0	0.00179	0.0	0.0	0.0	0.0	0.00051	0.0	0.00152	0.0	0.00061	
0.0	0.0	0.0	0.0	0.0	0.0	0.0	0.0	0.0	0.0	0.0	0.0	0.0	0.0	0.0	0.0	0.0	0.0	0.0	0.0	0.0	0.0	0.0	0.0	0.0	0.0	0.0	0.0	0.0	0.0	0.0	0.0	0.0	0.0	0.0	0.0	0.0	0.0	0.0	0.0	0.0	0.0	0.0	0.0	0.0	0.0	0.0	0.0	0.0	0.0	0.0	0.0	0.0	0.0	0.0	0.0	0.0	0.0	0.0	0.0	0.0	0.0	0.0	0.0	0.0	0.0	0.0	0.0	0.0	0.0	0.0	0.0	0.0	0.0	0.0	0.0	0.0	0.0	0.0	0.0	0.0	0.0	0.0	0.0	0.0	0.0	0.0	0.0	0.0	0.0	0.0	0.0	0.0	0.0	0.0	
0.0	0.0	0.0	0.0	0.0	0.0	0.0	0.0	0.0	0.0	0.0	0.0	0.0	0.0	0.0	0.0	0.0	0.0	0.0	0.0	0.0	0.0	0.0	0.0	0.0	0.0	0.0	0.0	0.0	0.0	0.0	0.0	0.0	0.0	0.0	0.0	0.0	0.0	0.0	0.0	0.0	0.0	0.0	0.0	0.0	0.0	0.0	0.0	0.0	0.0	0.0	0.0	0.0	0.0	0.0	0.0	0.0	0.0	0.0	0.0	0.0	0.0	0.0	0.0	0.0	0.0	0.0	0.0	0.0	0.0	0.0	0.0	0.0	0.0	0.0	0.0	0.0	0.0	0.0	0.0	0.0	0.0	0.0	0.0	0.0	0.0	0.0	0.0	0.0	0.0	0.0	0.0	0.0	0.0	0.0	
0.08956	0.21281	0.19325	0.0014	0.13717	0.13739	0.03725	0.24137	0.25566	0.29268	0.0014	0.0014	0.13444	0.04165	0.0014	0.0014	0.0	0.0	0.0014	0.1982	0.37252	0.26543	0.05263	0.14582	0.0	0.0014	0.5377	0.04165	0.14058	0.02972	0.16194	0.16345	0.20725	0.32941	0.48965	0.42438	0.20315	0.28049	0.0	0.0	0.0	0.0	0.0	0.0	0.0014	0.31999	0.0014	0.0014	0.0014	0.2037	0.0014	0.0	0.0	0.0	0.48965	0.0014	0.34882	0.07677	0.0014	0.0014	0.02972	0.0014	0.01939	0.13739	0.0014	0.0014	0.07992	0.0708	0.0014	0.14692	0.0014	0.5377	0.0014	0.0014	0.02972	0.21281	0.0014	0.0014	0.08404	0.0014	0.0014	0.0014	0.0014	0.0014	0.0014	0.33293	0.0014	0.0014	0.0014	0.00381	0.22336	0.00381	0.04165	0.0014	0.17264	
0.04649	0.04263	0.07576	0.00048	0.1095	0.10596	0.0233	0.13652	0.13486	0.01326	0.00048	0.00048	0.07145	0.02608	0.00048	0.00048	0.0	0.0	0.00048	0.2593	0.1012	0.14897	0.03092	0.07098	0.0	0.00048	0.02495	0.02608	0.11557	0.01912	0.18326	0.06931	0.08868	0.2192	1.00013	0.37463	0.08744	0.04862	0.0	0.0	0.0	0.0	0.0	0.0	0.00048	0.00203	0.00048	0.00048	0.00048	0.04364	0.00048	0.0	0.0	0.48965	0.0	0.00048	0.47562	0.04369	0.00048	0.00048	0.01912	0.00048	0.01309	0.10596	0.00048	0.00048	0.04517	0.03849	0.00048	0.06943	0.00048	0.02495	0.00048	0.00048	0.01912	0.04263	0.00048	0.00048	0.04419	0.00048	0.00048	0.00048	0.00048	0.00048	0.00048	0.03055	0.00048	0.00048	0.00048	0.00035	0.30896	0.00035	0.02608	0.00048	0.08213	
0.00018	0.0016	0.0012	0.0	0.00024	0.00162	0.00033	0.00029	0.00078	0.0	0.0	0.0	0.00024	0.00152	0.0	0.0	0.0	0.0	0.0	0.0002	0.00091	0.00092	0.00188	0.00065	0.0	0.0	0.00259	0.00152	0.00124	0.00025	0.00054	0.0006	0.00077	0.00208	0.00048	0.00015	0.001	0.0	0.0	0.0	0.0	0.0	0.0	0.0	0.0	0.0	0.0	0.0	0.0	0.00055	0.0	0.0	0.0	0.0014	0.00048	0.0	0.00107	0.00039	0.0	0.0	0.00025	0.0	0.0003	0.00162	0.0	0.0	0.0002	0.00013	0.0	0.00122	0.0	0.00259	0.0	0.0	0.00025	0.0016	0.0	0.0	0.00033	0.0	0.0	0.0	0.0	0.0	0.0	0.00179	0.0	0.0	0.0	0.0	0.00051	0.0	0.00152	0.0	0.00061	
0.09141	0.07687	0.16841	0.00107	0.14112	0.2225	0.03853	0.29933	0.30973	0.01509	0.00107	0.00107	0.15231	0.5522	0.00107	0.00107	0.0	0.0	0.00107	0.18895	0.14593	0.18449	0.55323	0.15325	0.0	0.00107	0.0402	0.5522	0.27627	0.03063	0.16257	0.43241	0.18086	0.77038	0.47562	0.4359	0.62815	0.06402	0.2844	0.0	0.0	0.0	0.0	0.0	0.00107	0.00159	0.00107	0.00107	0.00107	0.07995	0.00107	0.0	0.0	0.34882	0.47562	0.00107	0.0	0.22187	0.00107	0.00107	0.03063	0.00107	0.01981	0.2225	0.00107	0.00107	0.08353	0.0741	0.00107	0.13586	0.00107	0.0402	0.00107	0.00107	0.03063	0.07687	0.00107	0.00107	0.23769	0.00107	0.00107	0.00107	0.00107	0.00107	0.00107	0.05181	0.00107	0.00107	0.00107	0.00013	0.21872	0.00013	0.5522	0.00107	0.39476	
0.1147	0.03903	0.08129	0.00039	0.00105	0.00386	0.04824	0.09355	0.18576	0.04237	0.00039	0.00039	0.00565	0.28536	0.00039	0.00039	0.0	0.0	0.00039	0.25478	0.18242	0.07349	0.27792	0.2274	0.0	0.00039	0.05024	0.28536	0.0329	0.03846	0.11473	0.55288	0.12401	0.24983	0.04369	0.03688	0.30586	0.11322	0.28819	0.0	0.0	0.0	0.0	0.0	0.00039	0.00433	0.00039	0.00039	0.00039	0.09942	0.00039	0.0	0.0	0.07677	0.04369	0.00039	0.22187	0.0	0.00039	0.00039	0.03846	0.00039	0.02493	0.00386	0.00039	0.00039	0.1039	0.09058	0.00039	0.17038	0.00039	0.05024	0.00039	0.00039	0.03846	0.03903	0.00039	0.00039	0.45173	0.00039	0.00039	0.00039	0.00039	0.00039	0.00039	0.06455	0.00039	0.00039	0.00039	0.00069	0.08886	0.00069	0.28536	0.00039	0.2605	
0.00018	0.0016	0.0012	0.0	0.00024	0.00162	0.00033	0.00029	0.00078	0.0	0.0	0.0	0.00024	0.00152	0.0	0.0	0.0	0.0	0.0	0.0002	0.00091	0.00092	0.00188	0.00065	0.0	0.0	0.00259	0.00152	0.00124	0.00025	0.00054	0.0006	0.00077	0.00208	0.00048	0.00015	0.001	0.0	0.0	0.0	0.0	0.0	0.0	0.0	0.0	0.0	0.0	0.0	0.0	0.00055	0.0	0.0	0.0	0.0014	0.00048	0.0	0.00107	0.00039	0.0	0.0	0.00025	0.0	0.0003	0.00162	0.0	0.0	0.0002	0.00013	0.0	0.00122	0.0	0.00259	0.0	0.0	0.00025	0.0016	0.0	0.0	0.00033	0.0	0.0	0.0	0.0	0.0	0.0	0.00179	0.0	0.0	0.0	0.0	0.00051	0.0	0.00152	0.0	0.00061	
0.00018	0.0016	0.0012	0.0	0.00024	0.00162	0.00033	0.00029	0.00078	0.0	0.0	0.0	0.00024	0.00152	0.0	0.0	0.0	0.0	0.0	0.0002	0.00091	0.00092	0.00188	0.00065	0.0	0.0	0.00259	0.00152	0.00124	0.00025	0.00054	0.0006	0.00077	0.00208	0.00048	0.00015	0.001	0.0	0.0	0.0	0.0	0.0	0.0	0.0	0.0	0.0	0.0	0.0	0.0	0.00055	0.0	0.0	0.0	0.0014	0.00048	0.0	0.00107	0.00039	0.0	0.0	0.00025	0.0	0.0003	0.00162	0.0	0.0	0.0002	0.00013	0.0	0.00122	0.0	0.00259	0.0	0.0	0.00025	0.0016	0.0	0.0	0.00033	0.0	0.0	0.0	0.0	0.0	0.0	0.00179	0.0	0.0	0.0	0.0	0.00051	0.0	0.00152	0.0	0.00061	
0.13202	0.03768	0.06552	0.00025	0.09498	0.09212	0.02073	0.1213	0.10402	0.01436	0.00025	0.00025	0.0624	0.02327	0.00025	0.00025	0.0	0.0	0.00025	0.21676	0.05812	0.05979	0.24228	0.08821	0.0	0.00025	0.02239	0.02327	0.34798	0.99959	0.15724	0.06076	0.07811	0.15417	0.01912	0.05365	0.07822	0.04841	0.10103	0.0	0.0	0.0	0.0	0.0	0.00025	0.00276	0.00025	0.00025	0.00025	0.03844	0.00025	0.0	0.0	0.02972	0.01912	0.00025	0.03063	0.03846	0.00025	0.00025	0.0	0.00025	0.01175	0.09212	0.00025	0.00025	0.03973	0.03369	0.00025	0.06077	0.00025	0.02239	0.00025	0.00025	0.99959	0.03768	0.00025	0.00025	0.03855	0.00025	0.00025	0.00025	0.00025	0.00025	0.00025	0.02721	0.00025	0.00025	0.00025	0.00068	0.03483	0.00068	0.02327	0.00025	0.07094	
0.00018	0.0016	0.0012	0.0	0.00024	0.00162	0.00033	0.00029	0.00078	0.0	0.0	0.0	0.00024	0.00152	0.0	0.0	0.0	0.0	0.0	0.0002	0.00091	0.00092	0.00188	0.00065	0.0	0.0	0.00259	0.00152	0.00124	0.00025	0.00054	0.0006	0.00077	0.00208	0.00048	0.00015	0.001	0.0	0.0	0.0	0.0	0.0	0.0	0.0	0.0	0.0	0.0	0.0	0.0	0.00055	0.0	0.0	0.0	0.0014	0.00048	0.0	0.00107	0.00039	0.0	0.0	0.00025	0.0	0.0003	0.00162	0.0	0.0	0.0002	0.00013	0.0	0.00122	0.0	0.00259	0.0	0.0	0.00025	0.0016	0.0	0.0	0.00033	0.0	0.0	0.0	0.0	0.0	0.0	0.00179	0.0	0.0	0.0	0.0	0.00051	0.0	0.00152	0.0	0.00061	
0.10798	0.02485	0.06588	0.0003	0.04092	0.04353	0.28837	0.11504	0.06525	0.01377	0.0003	0.0003	0.06145	0.01598	0.0003	0.0003	0.0	0.0	0.0003	0.03258	0.1946	0.03684	0.01935	0.05341	0.0	0.0003	0.01575	0.01598	0.03429	0.01175	0.02797	0.0382	0.0992	0.09969	0.01309	0.03316	0.10869	0.0	0.0	0.0	0.0	0.0	0.0	0.0	0.0003	0.00335	0.0003	0.0003	0.0003	0.02497	0.0003	0.0	0.0	0.01939	0.01309	0.0003	0.01981	0.02493	0.0003	0.0003	0.01175	0.0003	0.0	0.04353	0.0003	0.0003	0.10599	0.11035	0.0003	0.06483	0.0003	0.01575	0.0003	0.0003	0.01175	0.02485	0.0003	0.0003	0.02424	0.0003	0.0003	0.0003	0.0003	0.0003	0.0003	0.0185	0.0003	0.0003	0.0003	0.00117	0.02301	0.00117	0.01598	0.0003	0.04668	
0.17225	0.18596	0.64742	0.00162	0.0814	1.00282	0.08719	1.41866	0.41527	0.05746	0.00162	0.00162	0.01682	0.13349	0.00162	0.00162	0.0	0.0	0.00162	0.21685	0.1189	0.14441	0.19952	0.12236	0.0	0.00162	0.09015	0.13349	0.74631	0.09212	0.3475	0.24041	1.05764	1.00149	0.10596	0.0661	0.25768	0.35409	0.20983	0.0	0.0	0.0	0.0	0.0	0.00162	0.00604	0.00162	0.00162	0.00162	0.00642	0.00162	0.0	0.0	0.13739	0.10596	0.00162	0.2225	0.00386	0.00162	0.00162	0.09212	0.00162	0.04353	0.0	0.00162	0.00162	0.20623	0.17968	0.00162	0.38364	0.00162	0.09015	0.00162	0.00162	0.09212	0.18596	0.00162	0.00162	0.06993	0.00162	0.00162	0.00162	0.00162	0.00162	0.00162	0.11908	0.00162	0.00162	0.00162	0.00042	0.1946	0.00042	0.13349	0.00162	0.33174	
0.00018	0.0016	0.0012	0.0	0.00024	0.00162	0.00033	0.00029	0.00078	0.0	0.0	0.0	0.00024	0.00152	0.0	0.0	0.0	0.0	0.0	0.0002	0.00091	0.00092	0.00188	0.00065	0.0	0.0	0.00259	0.00152	0.00124	0.00025	0.00054	0.0006	0.00077	0.00208	0.00048	0.00015	0.001	0.0	0.0	0.0	0.0	0.0	0.0	0.0	0.0	0.0	0.0	0.0	0.0	0.00055	0.0	0.0	0.0	0.0014	0.00048	0.0	0.00107	0.00039	0.0	0.0	0.00025	0.0	0.0003	0.00162	0.0	0.0	0.0002	0.00013	0.0	0.00122	0.0	0.00259	0.0	0.0	0.00025	0.0016	0.0	0.0	0.00033	0.0	0.0	0.0	0.0	0.0	0.0	0.00179	0.0	0.0	0.0	0.0	0.00051	0.0	0.00152	0.0	0.00061	
0.00018	0.0016	0.0012	0.0	0.00024	0.00162	0.00033	0.00029	0.00078	0.0	0.0	0.0	0.00024	0.00152	0.0	0.0	0.0	0.0	0.0	0.0002	0.00091	0.00092	0.00188	0.00065	0.0	0.0	0.00259	0.00152	0.00124	0.00025	0.00054	0.0006	0.00077	0.00208	0.00048	0.00015	0.001	0.0	0.0	0.0	0.0	0.0	0.0	0.0	0.0	0.0	0.0	0.0	0.0	0.00055	0.0	0.0	0.0	0.0014	0.00048	0.0	0.00107	0.00039	0.0	0.0	0.00025	0.0	0.0003	0.00162	0.0	0.0	0.0002	0.00013	0.0	0.00122	0.0	0.00259	0.0	0.0	0.00025	0.0016	0.0	0.0	0.00033	0.0	0.0	0.0	0.0	0.0	0.0	0.00179	0.0	0.0	0.0	0.0	0.00051	0.0	0.00152	0.0	0.00061	
