0.0	0.01711	0.0	0.0	0.0	0.0	0.0	0.0	0.0	0.0	0.00015	0.0	0.0	0.10277	0.08037	0.00119	0.0	0.0	0.02255	0.04159	0.0	0.0	0.0	0.0	0.04699	0.0	0.08744	0.10277	0.0	0.0	0.00046	0.0	0.16037	0.0	0.0	0.00094	0.00119	0.08192	0.0	0.0	0.00046	0.0	0.0	0.0	0.0	0.0	0.0	0.0	0.0	0.00046	0.0	0.01563	0.0	0.0	0.00046	0.0	0.0	0.0	0.0	0.0	0.0	0.0	0.0	0.0	0.08193	0.0	0.0	0.08744	0.0	0.0	0.08744	0.0	0.0	0.08433	0.0	0.0	0.00094	0.0	0.0	0.0	0.0	0.0	0.17227	0.00119	0.0	0.0	0.0	0.0	0.0	0.0	0.00046	0.0	0.0	0.0	0.0	0.0	0.00046	0.0	0.00046	0.0	0.0	0.00046	0.0	0.0	0.00046	0.0	0.0	0.00046	0.00046	0.00046	0.00046	0.0	0.0	0.00094	0.0	0.0	0.0	0.00907	0.10277	3e-05	0.00012	0.0	0.02255	0.20823	0.06168	0.0	0.0	0.1744	0.02655	0.0467	0.0	0.0	0.00046	0.0	0.00094	0.00094	0.0	0.01442	0.0	0.16974	0.0	0.1744	0.0	0.0	0.1744	
0.01711	0.0	0.00716	0.0	0.06636	0.00119	0.00119	0.00119	0.00119	0.00094	0.01836	0.00094	0.00094	0.00119	0.14948	0.0	0.00119	0.00094	0.06892	0.00119	0.00129	0.00094	0.00094	0.00094	6e-05	0.00119	0.00119	0.00119	0.00119	0.00119	0.00119	0.00119	0.04353	0.00094	0.01711	0.31471	0.0	0.0	0.00119	0.00119	0.00119	0.00119	0.00119	0.00119	0.00119	0.00094	0.00094	0.00119	0.00119	0.00119	0.01013	0.00119	0.00119	0.00119	0.00119	0.00119	0.1241	0.35382	0.00119	0.00119	0.05501	0.0	0.00094	0.03491	0.50055	0.02655	0.02698	0.00119	0.01536	0.0	0.00119	0.06891	0.00606	0.00119	0.0	0.00119	0.0	0.00119	0.00094	0.01536	0.00119	0.00094	0.26068	0.0	0.00119	0.06636	0.06636	0.06636	0.00119	0.00119	0.00119	0.00119	0.00094	0.00094	0.00119	0.00119	0.00119	0.00119	0.00119	0.00119	0.00119	0.00119	0.00119	0.00119	0.00119	0.00119	0.00119	0.00119	0.00119	0.00119	0.00119	0.00606	0.00119	0.22135	0.00119	0.00119	0.00094	0.00119	0.00119	0.0	0.27996	0.06891	0.06892	0.0	0.0	0.00119	0.00119	0.22134	0.22134	0.00119	0.1241	0.00094	0.00119	0.00119	0.31471	0.22133	0.00119	0.22134	0.00606	0.05037	0.02655	0.22134	0.00119	0.20821	0.31472	
0.0	0.00716	0.0	0.0	0.0	0.01686	0.0	0.0	0.0	0.0	0.00015	0.0	0.0	0.04281	0.0428	0.00119	0.0	0.0	0.01469	0.02055	0.0	0.0	0.0	0.0	0.00526	0.01686	0.04577	0.04281	0.0	0.00951	0.00042	0.0	0.0	0.0	0.0	0.00094	0.00119	0.0612	0.0	0.0	0.00042	0.0	0.0	0.0	0.0	0.0	0.0	0.0	0.0	0.00042	0.0	0.00885	0.0	0.0	0.00042	0.0	0.0	0.02942	0.0	0.0	0.0	0.0	0.0	0.0	0.06121	0.0	0.0	0.04577	0.0	0.0	0.04577	0.0	0.0	0.04443	0.0	0.0	0.00094	0.00951	0.0	0.0	0.0	0.0	0.0	0.00119	0.0	0.0	0.0	0.0	0.01686	0.0	0.00042	0.0	0.0	0.0	0.0	0.0	0.00042	0.0	0.00042	0.0	0.0	0.00042	0.0	0.0	0.00042	0.0	0.0	0.00042	0.00042	0.00042	0.00042	0.0	0.01686	0.00094	0.0	0.0	0.0	0.14688	0.04281	3e-05	0.00012	0.0	0.01469	0.11806	0.0	0.0	0.0	0.01767	0.01536	0.02442	0.0	0.0	0.00042	0.0	0.00094	0.00094	0.00951	0.01025	0.0	0.0	0.0	0.01767	0.0	0.02942	0.01767	
0.0	0.0	0.0	0.0	0.14538	0.01712	0.00094	0.00094	0.00094	0.0	0.00663	0.0	0.0	0.05501	0.18136	0.22134	0.00094	0.0	0.06892	0.12409	0.0	0.0	0.0	0.0	0.30238	0.01712	0.06635	0.05501	0.00094	0.00243	0.00119	0.00094	0.0491	0.0	0.0	0.10316	0.05757	0.50055	0.00094	0.00094	0.00119	0.00094	0.00094	0.00094	0.00094	0.0	0.0	0.00094	0.00094	0.00119	0.01494	0.01401	0.00094	0.00094	0.00119	0.00094	0.0	0.20821	0.00094	0.00094	0.0	0.0	0.0	0.06491	0.15826	0.04671	0.0	0.06635	0.02443	0.0	0.06635	0.02992	0.37267	0.04444	0.0	0.00094	0.0	0.00243	0.0	0.02443	0.00094	0.0	0.10015	0.22134	0.00094	0.14538	0.14538	0.14538	0.01712	0.00094	0.00119	0.00094	0.0	0.0	0.00094	0.00094	0.00119	0.00094	0.00119	0.00094	0.00094	0.00119	0.00094	0.00094	0.00119	0.00094	0.00094	0.00119	0.00119	0.00119	0.00119	0.37267	0.01712	0.0	0.00094	0.00094	0.0	0.01536	0.05501	0.12944	0.00156	0.0	0.06892	0.0	0.0	0.00094	0.00094	0.0	0.10656	0.00606	0.0	0.0	0.00119	0.00094	0.10316	0.0	0.00243	0.31472	0.37267	0.05288	0.04671	0.0	0.00094	0.10276	0.21108	
0.0	0.06636	0.0	0.14538	0.0	0.08191	0.0	0.0	0.0	0.0	0.00015	0.0	0.0	0.15825	0.26326	0.00119	0.0	0.0	0.06891	0.0	0.0	0.0	0.0	0.0	0.02184	0.08191	0.0	0.15825	0.0	0.04908	0.00119	0.0	0.0	0.0	0.0	0.00094	0.00119	0.0	0.0	0.0	0.00119	0.0	0.0	0.0	0.0	0.0	0.0	0.0	0.0	0.00119	0.0	0.02991	0.0	0.0	0.00119	0.0	0.0	0.08745	0.0	0.0	0.0	0.0	0.0	0.0	0.0	0.0	0.0	0.0	0.0	0.0	0.0	0.0	0.0	0.00028	0.0	0.0	0.00094	0.04908	0.0	0.0	0.0	0.0	0.0	0.00119	0.0	0.0	0.0	0.0	0.08191	0.0	0.00119	0.0	0.0	0.0	0.0	0.0	0.00119	0.0	0.00119	0.0	0.0	0.00119	0.0	0.0	0.00119	0.0	0.0	0.00119	0.00119	0.00119	0.00119	0.0	0.08191	0.00094	0.0	0.0	0.0	0.04281	0.15825	3e-05	0.00012	0.0	0.06891	0.0	0.11782	0.0	0.0	0.06349	0.05501	0.0	0.0	0.0	0.00119	0.0	0.00094	0.00094	0.04908	0.05757	0.0	0.0	0.0	0.06349	0.0	0.08746	0.06349	
0.0	0.00119	0.01686	0.01712	0.08191	0.0	0.0	0.0	0.0	0.00046	0.01637	0.00046	0.00046	0.0	0.00042	0.00119	0.0	0.00046	0.0	0.0	0.1143	0.00046	0.00046	0.00046	0.00189	0.0	0.0	0.0	0.0	0.0	0.0	0.0	0.04604	0.00046	0.0	0.04671	0.10276	0.00119	0.0	0.0	0.0	0.0	0.0	0.0	0.0	0.00046	0.00046	0.0	0.0	0.0	0.16968	0.0	0.0	0.0	0.0	0.0	0.01547	0.00046	0.0	0.0	0.0	0.2082	0.00046	0.00565	0.08745	0.25484	0.01605	0.0	0.0	0.0	0.0	0.0	0.01441	0.0	0.0	0.0	0.01562	0.0	0.00046	0.0	0.0	0.00046	0.00064	0.00119	0.0	0.08191	0.08191	0.08191	0.0	0.0	0.0	0.0	0.00046	0.00046	0.0	0.0	0.0	0.0	0.0	0.0	0.0	0.0	0.0	0.0	0.0	0.0	0.0	0.0	0.0	0.0	0.0	0.01441	0.0	0.00094	0.0	0.0	0.00046	0.0	0.0	0.0	0.03147	0.0	0.0	0.0	0.0	0.0	0.0	0.00094	0.00094	0.0	0.01547	0.00046	0.0	0.0	0.04671	0.00094	0.0	0.00094	0.01441	0.05326	0.25484	0.00094	0.0	0.0	0.04671	
0.0	0.00119	0.0	0.00094	0.0	0.0	0.0	0.0	0.0	0.0	0.00016	0.0	0.0	0.0	0.00042	0.00119	0.0	0.0	0.0	0.0	0.0	0.0	0.0	0.0	1e-05	0.0	0.0	0.0	0.0	0.0	0.0	0.0	0.00033	0.0	0.0	0.00094	0.00119	0.00119	0.0	0.0	0.0	0.0	0.0	0.0	0.0	0.0	0.0	0.0	0.0	0.0	0.0	0.0	0.0	0.0	0.0	0.0	0.0	0.00046	0.0	0.0	0.0	0.0	0.0	0.0	0.00119	0.0	0.0	0.0	0.0	0.0	0.0	0.0	0.0	0.0	0.0	0.0	0.00094	0.0	0.0	0.0	0.0	0.0	0.00064	0.00119	0.0	0.0	0.0	0.0	0.0	0.0	0.0	0.0	0.0	0.0	0.0	0.0	0.0	0.0	0.0	0.0	0.0	0.0	0.0	0.0	0.0	0.0	0.0	0.0	0.0	0.0	0.0	0.0	0.0	0.00094	0.0	0.0	0.0	0.0	0.0	3e-05	0.00012	0.0	0.0	0.0	0.0	0.0	0.0	0.00094	0.00094	0.0	0.0	0.0	0.0	0.0	0.00094	0.00094	0.0	0.00094	0.0	0.00022	0.0	0.00094	0.0	0.00046	0.00094	
0.0	0.00119	0.0	0.00094	0.0	0.0	0.0	0.0	0.0	0.0	0.00016	0.0	0.0	0.0	0.00042	0.00119	0.0	0.0	0.0	0.0	0.0	0.0	0.0	0.0	1e-05	0.0	0.0	0.0	0.0	0.0	0.0	0.0	0.00033	0.0	0.0	0.00094	0.00119	0.00119	0.0	0.0	0.0	0.0	0.0	0.0	0.0	0.0	0.0	0.0	0.0	0.0	0.0	0.0	0.0	0.0	0.0	0.0	0.0	0.00046	0.0	0.0	0.0	0.0	0.0	0.0	0.00119	0.0	0.0	0.0	0.0	0.0	0.0	0.0	0.0	0.0	0.0	0.0	0.00094	0.0	0.0	0.0	0.0	0.0	0.00064	0.00119	0.0	0.0	0.0	0.0	0.0	0.0	0.0	0.0	0.0	0.0	0.0	0.0	0.0	0.0	0.0	0.0	0.0	0.0	0.0	0.0	0.0	0.0	0.0	0.0	0.0	0.0	0.0	0.0	0.0	0.00094	0.0	0.0	0.0	0.0	0.0	3e-05	0.00012	0.0	0.0	0.0	0.0	0.0	0.0	0.00094	0.00094	0.0	0.0	0.0	0.0	0.0	0.00094	0.00094	0.0	0.00094	0.0	0.00022	0.0	0.00094	0.0	0.00046	0.00094	
0.0	0.00119	0.0	0.00094	0.0	0.0	0.0	0.0	0.0	0.0	0.00015	0.0	0.0	0.0	0.00042	0.00119	0.0	0.0	0.0	0.0	0.0	0.0	0.0	0.0	1e-05	0.0	0.0	0.0	0.0	0.0	0.0	0.0	0.00033	0.0	0.0	0.00094	0.00119	0.00119	0.0	0.0	0.0	0.0	0.0	0.0	0.0	0.0	0.0	0.0	0.0	0.0	0.0	0.0	0.0	0.0	0.0	0.0	0.0	0.00046	0.0	0.0	0.0	0.0	0.0	0.0	0.00119	0.0	0.0	0.0	0.0	0.0	0.0	0.0	0.0	0.0	0.0	0.0	0.00094	0.0	0.0	0.0	0.0	0.0	0.00064	0.00119	0.0	0.0	0.0	0.0	0.0	0.0	0.0	0.0	0.0	0.0	0.0	0.0	0.0	0.0	0.0	0.0	0.0	0.0	0.0	0.0	0.0	0.0	0.0	0.0	0.0	0.0	0.0	0.0	0.0	0.00094	0.0	0.0	0.0	0.0	0.0	3e-05	0.00012	0.0	0.0	0.0	0.0	0.0	0.0	0.00094	0.00094	0.0	0.0	0.0	0.0	0.0	0.00094	0.00094	0.0	0.00094	0.0	0.00022	0.0	0.00094	0.0	0.00046	0.00094	
0.0	0.00094	0.0	0.0	0.0	0.00046	0.0	0.0	0.0	0.0	0.00015	0.0	0.0	0.00119	0.00046	0.00119	0.0	0.0	0.0	0.00025	0.0	0.0	0.0	0.0	0.00025	0.00046	0.00119	0.00119	0.0	0.00033	0.0	0.0	0.0	0.0	0.0	0.00093	0.00119	0.0	0.0	0.0	0.0	0.0	0.0	0.0	0.0	0.0	0.0	0.0	0.0	0.0	0.0	0.00094	0.0	0.0	0.0	0.0	0.0	0.0	0.0	0.0	0.0	0.0	0.0	0.0	0.0	0.0	0.0	0.00119	0.0	0.0	0.00119	0.0	0.0	6e-05	0.0	0.0	0.00094	0.00033	0.0	0.0	0.0	0.0	0.0	0.00119	0.0	0.0	0.0	0.0	0.00046	0.0	0.0	0.0	0.0	0.0	0.0	0.0	0.0	0.0	0.0	0.0	0.0	0.0	0.0	0.0	0.0	0.0	0.0	0.0	0.0	0.0	0.0	0.0	0.00046	0.00094	0.0	0.0	0.0	0.00042	0.00119	3e-05	0.00012	0.0	0.0	0.0	1e-05	0.0	0.0	1e-05	0.00119	0.00093	0.0	0.0	0.0	0.0	0.00093	0.00094	0.00033	0.0	0.0	0.0	0.0	1e-05	0.0	0.0	1e-05	
0.00015	0.01836	0.00015	0.00663	0.00015	0.01637	0.00016	0.00016	0.00015	0.00015	0.0	0.00015	0.00015	0.00995	0.03289	0.02513	0.00016	0.00015	0.0	0.00211	0.00855	0.00015	0.00015	0.00015	0.00334	0.01637	0.00885	0.00995	0.00015	0.00012	0.0	0.00016	0.00297	0.00015	0.00015	0.00908	0.02513	0.0	0.00016	0.00015	0.0	0.00015	0.00015	0.00015	0.00015	0.00015	0.00015	0.00015	0.00015	0.0	0.00015	0.00567	0.00015	0.00016	0.0	0.00015	0.00015	0.12721	0.00016	0.00016	0.00015	0.057	0.00015	0.00015	0.0	0.00015	0.00015	0.00885	0.00015	0.05695	0.00885	0.00854	0.00015	0.00543	0.0	0.00016	0.00908	0.00012	0.00015	0.00015	0.00016	0.00015	0.0	0.02513	0.00016	0.00015	0.00015	0.00015	0.01637	0.00016	0.0	0.00016	0.00015	0.00015	0.00015	0.00016	0.0	0.00016	0.0	0.00016	0.00016	0.0	0.00015	0.00015	0.0	0.00015	0.00016	0.0	0.0	0.0	0.0	0.00015	0.01637	0.00908	0.00016	0.00016	0.00015	0.00067	0.00995	0.22517	0.05626	0.00854	0.0	0.0	0.03061	0.00015	0.00016	0.001	0.01582	0.0033	0.00015	0.00015	0.0	0.00016	0.00908	0.00908	0.00012	0.0	0.00015	0.0	0.00015	0.001	0.00016	0.12722	0.001	
0.0	0.00094	0.0	0.0	0.0	0.00046	0.0	0.0	0.0	0.0	0.00015	0.0	0.0	0.00119	0.00046	0.00119	0.0	0.0	0.0	0.00025	0.0	0.0	0.0	0.0	0.00025	0.00046	0.00119	0.00119	0.0	0.00033	0.0	0.0	0.0	0.0	0.0	0.00093	0.00119	0.0	0.0	0.0	0.0	0.0	0.0	0.0	0.0	0.0	0.0	0.0	0.0	0.0	0.0	0.00094	0.0	0.0	0.0	0.0	0.0	0.0	0.0	0.0	0.0	0.0	0.0	0.0	0.0	0.0	0.0	0.00119	0.0	0.0	0.00119	0.0	0.0	6e-05	0.0	0.0	0.00094	0.00033	0.0	0.0	0.0	0.0	0.0	0.00119	0.0	0.0	0.0	0.0	0.00046	0.0	0.0	0.0	0.0	0.0	0.0	0.0	0.0	0.0	0.0	0.0	0.0	0.0	0.0	0.0	0.0	0.0	0.0	0.0	0.0	0.0	0.0	0.0	0.00046	0.00094	0.0	0.0	0.0	0.00042	0.00119	3e-05	0.00012	0.0	0.0	0.0	1e-05	0.0	0.0	1e-05	0.00119	0.00093	0.0	0.0	0.0	0.0	0.00093	0.00094	0.00033	0.0	0.0	0.0	0.0	1e-05	0.0	0.0	1e-05	
0.0	0.00094	0.0	0.0	0.0	0.00046	0.0	0.0	0.0	0.0	0.00015	0.0	0.0	0.00119	0.00046	0.00119	0.0	0.0	0.0	0.00025	0.0	0.0	0.0	0.0	0.00025	0.00046	0.00119	0.00119	0.0	0.00033	0.0	0.0	0.0	0.0	0.0	0.00093	0.00119	0.0	0.0	0.0	0.0	0.0	0.0	0.0	0.0	0.0	0.0	0.0	0.0	0.0	0.0	0.00094	0.0	0.0	0.0	0.0	0.0	0.0	0.0	0.0	0.0	0.0	0.0	0.0	0.0	0.0	0.0	0.00119	0.0	0.0	0.00119	0.0	0.0	6e-05	0.0	0.0	0.00094	0.00033	0.0	0.0	0.0	0.0	0.0	0.00119	0.0	0.0	0.0	0.0	0.00046	0.0	0.0	0.0	0.0	0.0	0.0	0.0	0.0	0.0	0.0	0.0	0.0	0.0	0.0	0.0	0.0	0.0	0.0	0.0	0.0	0.0	0.0	0.0	0.00046	0.00094	0.0	0.0	0.0	0.00042	0.00119	3e-05	0.00012	0.0	0.0	0.0	1e-05	0.0	0.0	1e-05	0.00119	0.00093	0.0	0.0	0.0	0.0	0.00093	0.00094	0.00033	0.0	0.0	0.0	0.0	1e-05	0.0	0.0	1e-05	
0.10277	0.00119	0.04281	0.05501	0.15825	0.0	0.0	0.0	0.0	0.00119	0.00995	0.00119	0.00119	0.0	0.00042	0.00119	0.0	0.00119	0.0	0.0	0.30503	0.00119	0.00119	0.00119	0.10462	0.0	0.0	0.0	0.0	0.0	0.0	0.0	0.02425	0.00119	0.10277	0.14537	0.0	0.00119	0.0	0.0	0.0	0.0	0.0	0.0	0.0	0.00119	0.00119	0.0	0.0	0.0	0.05286	0.0	0.0	0.0	0.0	0.0	0.03204	0.00046	0.0	0.0	0.0	0.0	0.00119	0.09479	0.26342	0.08191	0.20214	0.0	0.06119	0.0	0.0	0.0	0.02991	0.0	0.0	0.0	0.05757	0.0	0.00119	0.06119	0.0	0.00119	0.00064	0.00119	0.0	0.15825	0.15825	0.15825	0.0	0.0	0.0	0.0	0.00119	0.00119	0.0	0.0	0.0	0.0	0.0	0.0	0.0	0.0	0.0	0.0	0.0	0.0	0.0	0.0	0.0	0.0	0.0	0.02991	0.0	0.00094	0.0	0.0	0.00119	0.0	0.0	0.0	0.04831	0.0	0.0	0.0	0.0	0.0	0.0	0.00094	0.00094	0.0	0.03204	0.00119	0.0	0.0	0.14537	0.00094	0.0	0.00094	0.02991	0.02772	0.08191	0.00094	0.0	0.0	0.14538	
0.08037	0.14948	0.0428	0.18136	0.26326	0.00042	0.00042	0.00042	0.00042	0.00046	0.03289	0.00046	0.00046	0.00042	0.0	0.14948	0.00042	0.00046	0.01469	0.00042	0.22362	0.00046	0.00046	0.00046	5e-05	0.00042	0.00042	0.00042	0.00042	0.00042	0.00042	0.00042	0.12615	0.00046	0.08037	0.00469	0.00393	0.14948	0.00042	0.00042	0.00042	0.00042	0.00042	0.00042	0.00042	0.00046	0.00046	0.00042	0.00042	0.00042	0.03352	0.00042	0.00042	0.00042	0.00042	0.00042	0.04256	0.05115	0.00042	0.00042	0.21564	0.20822	0.00046	0.13739	0.01347	0.10276	0.11577	0.00042	0.05561	0.11804	0.00042	0.01469	0.04456	0.00042	0.0	0.00042	0.00038	0.00042	0.00046	0.05561	0.00042	0.00046	0.0408	0.14948	0.00042	0.26326	0.26326	0.26326	0.00042	0.00042	0.00042	0.00042	0.00046	0.00046	0.00042	0.00042	0.00042	0.00042	0.00042	0.00042	0.00042	0.00042	0.00042	0.00042	0.00042	0.00042	0.00042	0.00042	0.00042	0.00042	0.00042	0.04456	0.00042	0.03364	0.00042	0.00042	0.00046	0.00042	0.00042	0.20969	0.04684	0.01469	0.01469	0.11805	0.11805	0.00042	0.00042	0.03365	0.03365	0.00042	0.04256	0.00046	0.00042	0.00042	0.00469	0.03364	0.00042	0.03365	0.04456	0.16091	0.10276	0.03365	0.00042	0.24831	0.00469	
0.00119	0.0	0.00119	0.22134	0.00119	0.00119	0.00119	0.00119	0.00119	0.00119	0.02513	0.00119	0.00119	0.00119	0.14948	0.0	0.00119	0.00119	0.06892	0.00119	0.06892	0.00119	0.00119	0.00119	0.02495	0.00119	0.00119	0.00119	0.00119	0.00119	0.00119	0.00119	0.07039	0.00119	0.00119	0.22133	0.0	0.0	0.00119	0.00119	0.00119	0.00119	0.00119	0.00119	0.00119	0.00119	0.00119	0.00119	0.00119	0.00119	0.00119	0.00119	0.00119	0.00119	0.00119	0.00119	0.00119	0.35383	0.00119	0.00119	0.00119	0.0	0.00119	0.00119	0.0	0.00119	0.00119	0.00119	0.00119	0.0	0.00119	0.06891	0.00119	0.00119	0.0	0.00119	0.22134	0.00119	0.00119	0.00119	0.00119	0.00119	0.26068	0.0	0.00119	0.00119	0.00119	0.00119	0.00119	0.00119	0.00119	0.00119	0.00119	0.00119	0.00119	0.00119	0.00119	0.00119	0.00119	0.00119	0.00119	0.00119	0.00119	0.00119	0.00119	0.00119	0.00119	0.00119	0.00119	0.00119	0.00119	0.00119	0.00119	0.22135	0.00119	0.00119	0.00119	0.00119	0.00119	0.00679	0.16794	0.06891	0.06892	0.0	0.0	0.00119	0.00119	0.22134	0.22133	0.00119	0.00119	0.00119	0.00119	0.00119	0.22133	0.22133	0.00119	0.22134	0.00119	0.0837	0.00119	0.22134	0.00119	0.35382	0.22134	
0.0	0.00119	0.0	0.00094	0.0	0.0	0.0	0.0	0.0	0.0	0.00016	0.0	0.0	0.0	0.00042	0.00119	0.0	0.0	0.0	0.0	0.0	0.0	0.0	0.0	1e-05	0.0	0.0	0.0	0.0	0.0	0.0	0.0	0.00033	0.0	0.0	0.00094	0.00119	0.00119	0.0	0.0	0.0	0.0	0.0	0.0	0.0	0.0	0.0	0.0	0.0	0.0	0.0	0.0	0.0	0.0	0.0	0.0	0.0	0.00046	0.0	0.0	0.0	0.0	0.0	0.0	0.00119	0.0	0.0	0.0	0.0	0.0	0.0	0.0	0.0	0.0	0.0	0.0	0.00094	0.0	0.0	0.0	0.0	0.0	0.00064	0.00119	0.0	0.0	0.0	0.0	0.0	0.0	0.0	0.0	0.0	0.0	0.0	0.0	0.0	0.0	0.0	0.0	0.0	0.0	0.0	0.0	0.0	0.0	0.0	0.0	0.0	0.0	0.0	0.0	0.0	0.00094	0.0	0.0	0.0	0.0	0.0	3e-05	0.00012	0.0	0.0	0.0	0.0	0.0	0.0	0.00094	0.00094	0.0	0.0	0.0	0.0	0.0	0.00094	0.00094	0.0	0.00094	0.0	0.00022	0.0	0.00094	0.0	0.00046	0.00094	
0.0	0.00094	0.0	0.0	0.0	0.00046	0.0	0.0	0.0	0.0	0.00015	0.0	0.0	0.00119	0.00046	0.00119	0.0	0.0	0.0	0.00025	0.0	0.0	0.0	0.0	0.00025	0.00046	0.00119	0.00119	0.0	0.00033	0.0	0.0	0.0	0.0	0.0	0.00093	0.00119	0.0	0.0	0.0	0.0	0.0	0.0	0.0	0.0	0.0	0.0	0.0	0.0	0.0	0.0	0.00094	0.0	0.0	0.0	0.0	0.0	0.0	0.0	0.0	0.0	0.0	0.0	0.0	0.0	0.0	0.0	0.00119	0.0	0.0	0.00119	0.0	0.0	6e-05	0.0	0.0	0.00094	0.00033	0.0	0.0	0.0	0.0	0.0	0.00119	0.0	0.0	0.0	0.0	0.00046	0.0	0.0	0.0	0.0	0.0	0.0	0.0	0.0	0.0	0.0	0.0	0.0	0.0	0.0	0.0	0.0	0.0	0.0	0.0	0.0	0.0	0.0	0.0	0.00046	0.00094	0.0	0.0	0.0	0.00042	0.00119	3e-05	0.00012	0.0	0.0	0.0	1e-05	0.0	0.0	1e-05	0.00119	0.00093	0.0	0.0	0.0	0.0	0.00093	0.00094	0.00033	0.0	0.0	0.0	0.0	1e-05	0.0	0.0	1e-05	
0.02255	0.06892	0.01469	0.06892	0.06891	0.0	0.0	0.0	0.0	0.0	0.0	0.0	0.0	0.0	0.01469	0.06892	0.0	0.0	0.0	0.0	0.0	0.0	0.0	0.0	0.02993	0.0	0.0	0.0	0.0	0.0	0.0	0.0	0.0	0.0	0.02255	0.0	0.0	0.06891	0.0	0.0	0.0	0.0	0.0	0.0	0.0	0.0	0.0	0.0	0.0	0.0	0.0125	0.0	0.0	0.0	0.0	0.0	0.0	0.02255	0.0	0.0	0.06892	0.0	0.0	0.02777	0.0	0.02255	0.03052	0.0	0.01468	0.0	0.0	0.0	0.02993	0.0	0.0	0.0	0.0	0.0	0.0	0.01468	0.0	0.0	0.01898	0.06892	0.0	0.06891	0.06891	0.06891	0.0	0.0	0.0	0.0	0.0	0.0	0.0	0.0	0.0	0.0	0.0	0.0	0.0	0.0	0.0	0.0	0.0	0.0	0.0	0.0	0.0	0.0	0.0	0.02993	0.0	0.02992	0.0	0.0	0.0	0.0	0.0	0.0	0.0	0.0	0.0	0.0	0.0	0.0	0.0	0.02992	0.02992	0.0	0.0	0.0	0.0	0.0	0.0	0.02992	0.0	0.02993	0.02993	0.0	0.02255	0.02992	0.0	0.0	0.0	
0.04159	0.00119	0.02055	0.12409	0.0	0.0	0.0	0.0	0.0	0.00025	0.00211	0.00025	0.00025	0.0	0.00042	0.00119	0.0	0.00025	0.0	0.0	0.0	0.00025	0.00025	0.00025	0.02175	0.0	0.0	0.0	0.0	0.0	0.0	0.0	0.00426	0.00025	0.04159	0.02301	0.03204	0.00119	0.0	0.0	0.0	0.0	0.0	0.0	0.0	0.00025	0.00025	0.0	0.0	0.0	0.0	0.0	0.0	0.0	0.0	0.0	0.0	0.00046	0.0	0.0	0.13757	0.0	0.00025	0.0	0.05501	0.0	0.06367	0.0	0.0	0.0	0.0	0.0	0.01823	0.0	0.0	0.0	0.01401	0.0	0.00025	0.0	0.0	0.00025	0.00064	0.00119	0.0	0.0	0.0	0.0	0.0	0.0	0.0	0.0	0.00025	0.00025	0.0	0.0	0.0	0.0	0.0	0.0	0.0	0.0	0.0	0.0	0.0	0.0	0.0	0.0	0.0	0.0	0.0	0.01823	0.0	0.00094	0.0	0.0	0.00025	0.0	0.0	0.01367	0.01533	0.0	0.0	0.0	0.0	0.0	0.0	0.00094	0.00094	0.0	0.0	0.00025	0.0	0.0	0.02301	0.00094	0.0	0.00094	0.01823	0.0051	0.0	0.00094	0.0	0.01548	0.02301	
0.0	0.00129	0.0	0.0	0.0	0.1143	0.0	0.0	0.0	0.0	0.00855	0.0	0.0	0.30503	0.22362	0.06892	0.0	0.0	0.0	0.0	0.0	0.0	0.0	0.0	0.00284	0.1143	0.0	0.30503	0.0	0.06046	0.00057	0.0	0.0	0.0	0.0	0.0	0.06891	0.0	0.0	0.0	0.00057	0.0	0.0	0.0	0.0	0.0	0.0	0.0	0.0	0.00057	0.0	0.07033	0.0	0.0	0.00057	0.0	0.0	0.05323	0.0	0.0	0.0	0.0	0.0	0.0	0.0	0.0	0.0	0.0	0.0	0.0	0.0	0.0	0.0	0.00111	0.0	0.0	0.0	0.06046	0.0	0.0	0.0	0.0	0.0	0.06892	0.0	0.0	0.0	0.0	0.1143	0.0	0.00057	0.0	0.0	0.0	0.0	0.0	0.00057	0.0	0.00057	0.0	0.0	0.00057	0.0	0.0	0.00057	0.0	0.0	0.00057	0.00057	0.00057	0.00057	0.0	0.1143	0.0	0.0	0.0	0.0	0.05448	0.30503	3e-05	0.00012	0.0	0.00057	0.0	0.04566	0.0	0.0	0.00448	0.0	0.0	0.0	0.0	0.00057	0.0	0.0	0.0	0.06046	0.02415	0.0	0.0	0.0	0.00448	0.0	0.05324	0.00448	
0.0	0.00094	0.0	0.0	0.0	0.00046	0.0	0.0	0.0	0.0	0.00015	0.0	0.0	0.00119	0.00046	0.00119	0.0	0.0	0.0	0.00025	0.0	0.0	0.0	0.0	0.00025	0.00046	0.00119	0.00119	0.0	0.00033	0.0	0.0	0.0	0.0	0.0	0.00093	0.00119	0.0	0.0	0.0	0.0	0.0	0.0	0.0	0.0	0.0	0.0	0.0	0.0	0.0	0.0	0.00094	0.0	0.0	0.0	0.0	0.0	0.0	0.0	0.0	0.0	0.0	0.0	0.0	0.0	0.0	0.0	0.00119	0.0	0.0	0.00119	0.0	0.0	6e-05	0.0	0.0	0.00094	0.00033	0.0	0.0	0.0	0.0	0.0	0.00119	0.0	0.0	0.0	0.0	0.00046	0.0	0.0	0.0	0.0	0.0	0.0	0.0	0.0	0.0	0.0	0.0	0.0	0.0	0.0	0.0	0.0	0.0	0.0	0.0	0.0	0.0	0.0	0.0	0.00046	0.00094	0.0	0.0	0.0	0.00042	0.00119	3e-05	0.00012	0.0	0.0	0.0	1e-05	0.0	0.0	1e-05	0.00119	0.00093	0.0	0.0	0.0	0.0	0.00093	0.00094	0.00033	0.0	0.0	0.0	0.0	1e-05	0.0	0.0	1e-05	
0.0	0.00094	0.0	0.0	0.0	0.00046	0.0	0.0	0.0	0.0	0.00015	0.0	0.0	0.00119	0.00046	0.00119	0.0	0.0	0.0	0.00025	0.0	0.0	0.0	0.0	0.00025	0.00046	0.00119	0.00119	0.0	0.00033	0.0	0.0	0.0	0.0	0.0	0.00093	0.00119	0.0	0.0	0.0	0.0	0.0	0.0	0.0	0.0	0.0	0.0	0.0	0.0	0.0	0.0	0.00094	0.0	0.0	0.0	0.0	0.0	0.0	0.0	0.0	0.0	0.0	0.0	0.0	0.0	0.0	0.0	0.00119	0.0	0.0	0.00119	0.0	0.0	6e-05	0.0	0.0	0.00094	0.00033	0.0	0.0	0.0	0.0	0.0	0.00119	0.0	0.0	0.0	0.0	0.00046	0.0	0.0	0.0	0.0	0.0	0.0	0.0	0.0	0.0	0.0	0.0	0.0	0.0	0.0	0.0	0.0	0.0	0.0	0.0	0.0	0.0	0.0	0.0	0.00046	0.00094	0.0	0.0	0.0	0.00042	0.00119	3e-05	0.00012	0.0	0.0	0.0	1e-05	0.0	0.0	1e-05	0.00119	0.00093	0.0	0.0	0.0	0.0	0.00093	0.00094	0.00033	0.0	0.0	0.0	0.0	1e-05	0.0	0.0	1e-05	
0.0	0.00094	0.0	0.0	0.0	0.00046	0.0	0.0	0.0	0.0	0.00015	0.0	0.0	0.00119	0.00046	0.00119	0.0	0.0	0.0	0.00025	0.0	0.0	0.0	0.0	0.00025	0.00046	0.00119	0.00119	0.0	0.00033	0.0	0.0	0.0	0.0	0.0	0.00093	0.00119	0.0	0.0	0.0	0.0	0.0	0.0	0.0	0.0	0.0	0.0	0.0	0.0	0.0	0.0	0.00094	0.0	0.0	0.0	0.0	0.0	0.0	0.0	0.0	0.0	0.0	0.0	0.0	0.0	0.0	0.0	0.00119	0.0	0.0	0.00119	0.0	0.0	6e-05	0.0	0.0	0.00094	0.00033	0.0	0.0	0.0	0.0	0.0	0.00119	0.0	0.0	0.0	0.0	0.00046	0.0	0.0	0.0	0.0	0.0	0.0	0.0	0.0	0.0	0.0	0.0	0.0	0.0	0.0	0.0	0.0	0.0	0.0	0.0	0.0	0.0	0.0	0.0	0.00046	0.00094	0.0	0.0	0.0	0.00042	0.00119	3e-05	0.00012	0.0	0.0	0.0	1e-05	0.0	0.0	1e-05	0.00119	0.00093	0.0	0.0	0.0	0.0	0.00093	0.00094	0.00033	0.0	0.0	0.0	0.0	1e-05	0.0	0.0	1e-05	
0.04699	6e-05	0.00526	0.30238	0.02184	0.00189	1e-05	1e-05	1e-05	0.00025	0.00334	0.00025	0.00025	0.10462	5e-05	0.02495	1e-05	0.00025	0.02993	0.02175	0.00284	0.00025	0.00025	0.00025	0.0	0.00189	0.08591	0.10462	1e-05	0.02472	0.00094	1e-05	0.00033	0.00025	0.04699	0.06748	0.10898	0.01976	1e-05	1e-05	0.00094	1e-05	1e-05	1e-05	1e-05	0.00025	0.00025	1e-05	1e-05	0.00094	0.07844	0.02344	1e-05	1e-05	0.00094	1e-05	0.00484	0.05069	1e-05	1e-05	0.01964	0.0	0.00025	0.0153	0.00058	0.05167	0.03689	0.08591	0.00546	0.0263	0.08591	0.13904	0.00452	0.01125	0.0	1e-05	0.07539	0.02472	0.00025	0.00546	1e-05	0.00025	0.02748	0.02495	1e-05	0.02184	0.02184	0.02184	0.00189	1e-05	0.00094	1e-05	0.00025	0.00025	1e-05	1e-05	0.00094	1e-05	0.00094	1e-05	1e-05	0.00094	1e-05	1e-05	0.00094	1e-05	1e-05	0.00094	0.00094	0.00094	0.00094	0.00452	0.00189	0.1054	1e-05	1e-05	0.00025	0.06758	0.10462	0.00386	0.01164	0.04245	0.0	0.0	0.09603	1e-05	1e-05	0.18261	0.03029	0.02053	0.00484	0.00025	0.00094	1e-05	0.06748	0.1054	0.02472	0.0	0.00452	0.00034	0.05167	0.18261	1e-05	0.00066	0.12728	
0.0	0.00119	0.01686	0.01712	0.08191	0.0	0.0	0.0	0.0	0.00046	0.01637	0.00046	0.00046	0.0	0.00042	0.00119	0.0	0.00046	0.0	0.0	0.1143	0.00046	0.00046	0.00046	0.00189	0.0	0.0	0.0	0.0	0.0	0.0	0.0	0.04604	0.00046	0.0	0.04671	0.10276	0.00119	0.0	0.0	0.0	0.0	0.0	0.0	0.0	0.00046	0.00046	0.0	0.0	0.0	0.16968	0.0	0.0	0.0	0.0	0.0	0.01547	0.00046	0.0	0.0	0.0	0.2082	0.00046	0.00565	0.08745	0.25484	0.01605	0.0	0.0	0.0	0.0	0.0	0.01441	0.0	0.0	0.0	0.01562	0.0	0.00046	0.0	0.0	0.00046	0.00064	0.00119	0.0	0.08191	0.08191	0.08191	0.0	0.0	0.0	0.0	0.00046	0.00046	0.0	0.0	0.0	0.0	0.0	0.0	0.0	0.0	0.0	0.0	0.0	0.0	0.0	0.0	0.0	0.0	0.0	0.01441	0.0	0.00094	0.0	0.0	0.00046	0.0	0.0	0.0	0.03147	0.0	0.0	0.0	0.0	0.0	0.0	0.00094	0.00094	0.0	0.01547	0.00046	0.0	0.0	0.04671	0.00094	0.0	0.00094	0.01441	0.05326	0.25484	0.00094	0.0	0.0	0.04671	
0.08744	0.00119	0.04577	0.06635	0.0	0.0	0.0	0.0	0.0	0.00119	0.00885	0.00119	0.00119	0.0	0.00042	0.00119	0.0	0.00119	0.0	0.0	0.0	0.00119	0.00119	0.00119	0.08591	0.0	0.0	0.0	0.0	0.0	0.0	0.0	0.02117	0.00119	0.08744	0.0	0.15826	0.00119	0.0	0.0	0.0	0.0	0.0	0.0	0.0	0.00119	0.00119	0.0	0.0	0.0	0.0	0.0	0.0	0.0	0.0	0.0	0.05502	0.00046	0.0	0.0	0.26339	0.0	0.00119	0.0	0.0	0.0	0.12943	0.0	0.0	0.0	0.0	0.0	0.05758	0.0	0.0	0.0	0.02992	0.0	0.00119	0.0	0.0	0.00119	0.00064	0.00119	0.0	0.0	0.0	0.0	0.0	0.0	0.0	0.0	0.00119	0.00119	0.0	0.0	0.0	0.0	0.0	0.0	0.0	0.0	0.0	0.0	0.0	0.0	0.0	0.0	0.0	0.0	0.0	0.05758	0.0	0.00094	0.0	0.0	0.00119	0.0	0.0	0.06575	0.05445	0.0	0.0	0.0	0.0	0.0	0.0	0.00094	0.00094	0.0	0.05502	0.00119	0.0	0.0	0.0	0.00094	0.0	0.00094	0.05758	0.02516	0.0	0.00094	0.0	0.08192	0.0	
0.10277	0.00119	0.04281	0.05501	0.15825	0.0	0.0	0.0	0.0	0.00119	0.00995	0.00119	0.00119	0.0	0.00042	0.00119	0.0	0.00119	0.0	0.0	0.30503	0.00119	0.00119	0.00119	0.10462	0.0	0.0	0.0	0.0	0.0	0.0	0.0	0.02425	0.00119	0.10277	0.14537	0.0	0.00119	0.0	0.0	0.0	0.0	0.0	0.0	0.0	0.00119	0.00119	0.0	0.0	0.0	0.05286	0.0	0.0	0.0	0.0	0.0	0.03204	0.00046	0.0	0.0	0.0	0.0	0.00119	0.09479	0.26342	0.08191	0.20214	0.0	0.06119	0.0	0.0	0.0	0.02991	0.0	0.0	0.0	0.05757	0.0	0.00119	0.06119	0.0	0.00119	0.00064	0.00119	0.0	0.15825	0.15825	0.15825	0.0	0.0	0.0	0.0	0.00119	0.00119	0.0	0.0	0.0	0.0	0.0	0.0	0.0	0.0	0.0	0.0	0.0	0.0	0.0	0.0	0.0	0.0	0.0	0.02991	0.0	0.00094	0.0	0.0	0.00119	0.0	0.0	0.0	0.04831	0.0	0.0	0.0	0.0	0.0	0.0	0.00094	0.00094	0.0	0.03204	0.00119	0.0	0.0	0.14537	0.00094	0.0	0.00094	0.02991	0.02772	0.08191	0.00094	0.0	0.0	0.14538	
0.0	0.00119	0.0	0.00094	0.0	0.0	0.0	0.0	0.0	0.0	0.00015	0.0	0.0	0.0	0.00042	0.00119	0.0	0.0	0.0	0.0	0.0	0.0	0.0	0.0	1e-05	0.0	0.0	0.0	0.0	0.0	0.0	0.0	0.00033	0.0	0.0	0.00094	0.00119	0.00119	0.0	0.0	0.0	0.0	0.0	0.0	0.0	0.0	0.0	0.0	0.0	0.0	0.0	0.0	0.0	0.0	0.0	0.0	0.0	0.00046	0.0	0.0	0.0	0.0	0.0	0.0	0.00119	0.0	0.0	0.0	0.0	0.0	0.0	0.0	0.0	0.0	0.0	0.0	0.00094	0.0	0.0	0.0	0.0	0.0	0.00064	0.00119	0.0	0.0	0.0	0.0	0.0	0.0	0.0	0.0	0.0	0.0	0.0	0.0	0.0	0.0	0.0	0.0	0.0	0.0	0.0	0.0	0.0	0.0	0.0	0.0	0.0	0.0	0.0	0.0	0.0	0.00094	0.0	0.0	0.0	0.0	0.0	3e-05	0.00012	0.0	0.0	0.0	0.0	0.0	0.0	0.00094	0.00094	0.0	0.0	0.0	0.0	0.0	0.00094	0.00094	0.0	0.00094	0.0	0.00022	0.0	0.00094	0.0	0.00046	0.00094	
0.0	0.00119	0.00951	0.00243	0.04908	0.0	0.0	0.0	0.0	0.00033	0.00012	0.00033	0.00033	0.0	0.00042	0.00119	0.0	0.00033	0.0	0.0	0.06046	0.00033	0.00033	0.00033	0.02472	0.0	0.0	0.0	0.0	0.0	0.0	0.0	0.12473	0.00033	0.0	0.01313	0.02117	0.00119	0.0	0.0	0.0	0.0	0.0	0.0	0.0	0.00033	0.00033	0.0	0.0	0.0	0.0	0.0	0.0	0.0	0.0	0.0	0.0087	0.00046	0.0	0.0	0.0	0.0815	0.00033	0.12101	0.02425	0.16032	0.03898	0.0	0.0	0.0	0.0	0.0	0.00809	0.0	0.0	0.0	0.00562	0.0	0.00033	0.0	0.0	0.00033	0.00064	0.00119	0.0	0.04908	0.04908	0.04908	0.0	0.0	0.0	0.0	0.00033	0.00033	0.0	0.0	0.0	0.0	0.0	0.0	0.0	0.0	0.0	0.0	0.0	0.0	0.0	0.0	0.0	0.0	0.0	0.00809	0.0	0.00094	0.0	0.0	0.00033	0.0	0.0	0.00631	0.00828	0.0	0.0	0.0	0.0	0.0	0.0	0.00094	0.00094	0.0	0.0087	0.00033	0.0	0.0	0.01313	0.00094	0.0	0.00094	0.00809	0.00094	0.16032	0.00094	0.0	0.07589	0.01313	
0.00046	0.00119	0.00042	0.00119	0.00119	0.0	0.0	0.0	0.0	0.0	0.0	0.0	0.0	0.0	0.00042	0.00119	0.0	0.0	0.0	0.0	0.00057	0.0	0.0	0.0	0.00094	0.0	0.0	0.0	0.0	0.0	0.0	0.0	0.0	0.0	0.00046	0.0	0.0	0.00119	0.0	0.0	0.0	0.0	0.0	0.0	0.0	0.0	0.0	0.0	0.0	0.0	0.00022	0.0	0.0	0.0	0.0	0.0	0.00025	0.00046	0.0	0.0	0.00119	0.0	0.0	0.00071	0.0	0.00046	0.00062	0.0	0.00042	0.0	0.0	0.0	0.00094	0.0	0.0	0.0	0.0	0.0	0.0	0.00042	0.0	0.0	0.00064	0.00119	0.0	0.00119	0.00119	0.00119	0.0	0.0	0.0	0.0	0.0	0.0	0.0	0.0	0.0	0.0	0.0	0.0	0.0	0.0	0.0	0.0	0.0	0.0	0.0	0.0	0.0	0.0	0.0	0.00094	0.0	0.00094	0.0	0.0	0.0	0.0	0.0	0.0	0.00057	0.0	0.0	0.0	0.0	0.0	0.0	0.00094	0.00094	0.0	0.00025	0.0	0.0	0.0	0.0	0.00094	0.0	0.00094	0.00094	0.0	0.00046	0.00094	0.0	0.0	0.0	
0.0	0.00119	0.0	0.00094	0.0	0.0	0.0	0.0	0.0	0.0	0.00016	0.0	0.0	0.0	0.00042	0.00119	0.0	0.0	0.0	0.0	0.0	0.0	0.0	0.0	1e-05	0.0	0.0	0.0	0.0	0.0	0.0	0.0	0.00033	0.0	0.0	0.00094	0.00119	0.00119	0.0	0.0	0.0	0.0	0.0	0.0	0.0	0.0	0.0	0.0	0.0	0.0	0.0	0.0	0.0	0.0	0.0	0.0	0.0	0.00046	0.0	0.0	0.0	0.0	0.0	0.0	0.00119	0.0	0.0	0.0	0.0	0.0	0.0	0.0	0.0	0.0	0.0	0.0	0.00094	0.0	0.0	0.0	0.0	0.0	0.00064	0.00119	0.0	0.0	0.0	0.0	0.0	0.0	0.0	0.0	0.0	0.0	0.0	0.0	0.0	0.0	0.0	0.0	0.0	0.0	0.0	0.0	0.0	0.0	0.0	0.0	0.0	0.0	0.0	0.0	0.0	0.00094	0.0	0.0	0.0	0.0	0.0	3e-05	0.00012	0.0	0.0	0.0	0.0	0.0	0.0	0.00094	0.00094	0.0	0.0	0.0	0.0	0.0	0.00094	0.00094	0.0	0.00094	0.0	0.00022	0.0	0.00094	0.0	0.00046	0.00094	
0.16037	0.04353	0.0	0.0491	0.0	0.04604	0.00033	0.00033	0.00033	0.0	0.00297	0.0	0.0	0.02425	0.12615	0.07039	0.00033	0.0	0.0	0.00426	0.0	0.0	0.0	0.0	0.00033	0.04604	0.02117	0.02425	0.00033	0.12473	0.0	0.00033	0.0	0.0	0.16037	0.00562	0.02425	0.0	0.00033	0.00033	0.0	0.00033	0.00033	0.00033	0.00033	0.0	0.0	0.00033	0.00033	0.0	0.00437	0.01314	0.00033	0.00033	0.0	0.00033	0.0	0.16037	0.00033	0.00033	0.0491	0.0	0.0	0.0	0.0	0.0	0.0	0.02117	0.00952	0.0815	0.02117	0.01098	0.0	0.01702	0.0	0.00033	0.01314	0.12473	0.0	0.00952	0.00033	0.0	0.0	0.07039	0.00033	0.0	0.0	0.0	0.04604	0.00033	0.0	0.00033	0.0	0.0	0.00033	0.00033	0.0	0.00033	0.0	0.00033	0.00033	0.0	0.00033	0.00033	0.0	0.00033	0.00033	0.0	0.0	0.0	0.0	0.0	0.04604	0.01942	0.00033	0.00033	0.0	0.00444	0.02425	0.01623	0.14457	0.01098	0.0	0.0	0.11643	0.00033	0.00033	0.00374	0.04179	0.00562	0.0	0.0	0.0	0.00033	0.00562	0.01942	0.12473	0.0	0.0	0.0	0.0	0.00374	0.00033	0.0	0.01467	
0.0	0.00094	0.0	0.0	0.0	0.00046	0.0	0.0	0.0	0.0	0.00015	0.0	0.0	0.00119	0.00046	0.00119	0.0	0.0	0.0	0.00025	0.0	0.0	0.0	0.0	0.00025	0.00046	0.00119	0.00119	0.0	0.00033	0.0	0.0	0.0	0.0	0.0	0.00093	0.00119	0.0	0.0	0.0	0.0	0.0	0.0	0.0	0.0	0.0	0.0	0.0	0.0	0.0	0.0	0.00094	0.0	0.0	0.0	0.0	0.0	0.0	0.0	0.0	0.0	0.0	0.0	0.0	0.0	0.0	0.0	0.00119	0.0	0.0	0.00119	0.0	0.0	6e-05	0.0	0.0	0.00094	0.00033	0.0	0.0	0.0	0.0	0.0	0.00119	0.0	0.0	0.0	0.0	0.00046	0.0	0.0	0.0	0.0	0.0	0.0	0.0	0.0	0.0	0.0	0.0	0.0	0.0	0.0	0.0	0.0	0.0	0.0	0.0	0.0	0.0	0.0	0.0	0.00046	0.00094	0.0	0.0	0.0	0.00042	0.00119	3e-05	0.00012	0.0	0.0	0.0	1e-05	0.0	0.0	1e-05	0.00119	0.00093	0.0	0.0	0.0	0.0	0.00093	0.00094	0.00033	0.0	0.0	0.0	0.0	1e-05	0.0	0.0	1e-05	
0.0	0.01711	0.0	0.0	0.0	0.0	0.0	0.0	0.0	0.0	0.00015	0.0	0.0	0.10277	0.08037	0.00119	0.0	0.0	0.02255	0.04159	0.0	0.0	0.0	0.0	0.04699	0.0	0.08744	0.10277	0.0	0.0	0.00046	0.0	0.16037	0.0	0.0	0.00094	0.00119	0.08192	0.0	0.0	0.00046	0.0	0.0	0.0	0.0	0.0	0.0	0.0	0.0	0.00046	0.0	0.01563	0.0	0.0	0.00046	0.0	0.0	0.0	0.0	0.0	0.0	0.0	0.0	0.0	0.08193	0.0	0.0	0.08744	0.0	0.0	0.08744	0.0	0.0	0.08433	0.0	0.0	0.00094	0.0	0.0	0.0	0.0	0.0	0.17227	0.00119	0.0	0.0	0.0	0.0	0.0	0.0	0.00046	0.0	0.0	0.0	0.0	0.0	0.00046	0.0	0.00046	0.0	0.0	0.00046	0.0	0.0	0.00046	0.0	0.0	0.00046	0.00046	0.00046	0.00046	0.0	0.0	0.00094	0.0	0.0	0.0	0.00907	0.10277	3e-05	0.00012	0.0	0.02255	0.20823	0.06168	0.0	0.0	0.1744	0.02655	0.0467	0.0	0.0	0.00046	0.0	0.00094	0.00094	0.0	0.01442	0.0	0.16974	0.0	0.1744	0.0	0.0	0.1744	
0.00094	0.31471	0.00094	0.10316	0.00094	0.04671	0.00094	0.00094	0.00094	0.00093	0.00908	0.00093	0.00093	0.14537	0.00469	0.22133	0.00094	0.00093	0.0	0.02301	0.0	0.00093	0.00093	0.00093	0.06748	0.04671	0.0	0.14537	0.00094	0.01313	0.0	0.00094	0.00562	0.00093	0.00094	0.0	0.22134	0.05757	0.00094	0.00094	0.0	0.00094	0.00094	0.00094	0.00094	0.00093	0.00093	0.00094	0.00094	0.0	0.00094	0.37266	0.00094	0.00094	0.0	0.00094	0.00094	0.01442	0.00094	0.00094	0.00094	0.0	0.00093	0.00094	0.05757	0.00094	0.00094	0.0	0.00094	0.0	0.0	0.02992	0.00094	0.14051	0.0	0.00094	0.0	0.01313	0.00093	0.00094	0.00094	0.00093	0.0251	0.22133	0.00094	0.00094	0.00094	0.00094	0.04671	0.00094	0.0	0.00094	0.00093	0.00093	0.00094	0.00094	0.0	0.00094	0.0	0.00094	0.00094	0.0	0.00094	0.00094	0.0	0.00094	0.00094	0.0	0.0	0.0	0.0	0.00094	0.04671	0.0	0.00094	0.00094	0.00093	0.0	0.14537	0.07145	0.00509	0.0	0.0	0.0	0.0	0.00094	0.00094	0.0	0.0	0.0	0.00094	0.00093	0.0	0.00094	0.0	0.0	0.01313	0.0	0.00094	0.00654	0.00094	0.0	0.00094	0.01442	0.0	
0.00119	0.0	0.00119	0.05757	0.00119	0.10276	0.00119	0.00119	0.00119	0.00119	0.02513	0.00119	0.00119	0.0	0.00393	0.0	0.00119	0.00119	0.0	0.03204	0.06891	0.00119	0.00119	0.00119	0.10898	0.10276	0.15826	0.0	0.00119	0.02117	0.0	0.00119	0.02425	0.00119	0.00119	0.22134	0.0	0.26341	0.00119	0.00119	0.0	0.00119	0.00119	0.00119	0.00119	0.00119	0.00119	0.00119	0.00119	0.0	0.00119	0.0	0.00119	0.00119	0.0	0.00119	0.00119	0.0	0.00119	0.00119	0.00119	0.0	0.00119	0.00119	0.26342	0.00119	0.00119	0.15826	0.00119	0.0	0.15826	0.06892	0.00119	0.00426	0.0	0.00119	0.22133	0.02117	0.00119	0.00119	0.00119	0.00119	0.11583	0.0	0.00119	0.00119	0.00119	0.00119	0.10276	0.00119	0.0	0.00119	0.00119	0.00119	0.00119	0.00119	0.0	0.00119	0.0	0.00119	0.00119	0.0	0.00119	0.00119	0.0	0.00119	0.00119	0.0	0.0	0.0	0.0	0.00119	0.10276	0.22134	0.00119	0.00119	0.00119	0.0612	0.0	0.00679	0.16794	0.06892	0.0	0.0	0.20847	0.00119	0.00119	0.03228	0.50054	0.02991	0.00119	0.00119	0.0	0.00119	0.22134	0.22134	0.02117	0.14539	0.00119	0.02772	0.00119	0.03228	0.00119	0.0	0.03228	
0.08192	0.0	0.0612	0.50055	0.0	0.00119	0.00119	0.00119	0.00119	0.0	0.0	0.0	0.0	0.00119	0.14948	0.0	0.00119	0.0	0.06891	0.00119	0.0	0.0	0.0	0.0	0.01976	0.00119	0.00119	0.00119	0.00119	0.00119	0.00119	0.00119	0.0	0.0	0.08192	0.05757	0.26341	0.0	0.00119	0.00119	0.00119	0.00119	0.00119	0.00119	0.00119	0.0	0.0	0.00119	0.00119	0.00119	0.02516	0.00119	0.00119	0.00119	0.00119	0.00119	0.0	0.35383	0.00119	0.00119	0.15826	0.0	0.0	0.17292	0.0	0.10276	0.09993	0.00119	0.0428	0.0	0.00119	0.06892	0.0	0.00119	0.0	0.00119	0.14539	0.00119	0.0	0.0428	0.00119	0.0	0.26068	0.0	0.00119	0.0	0.0	0.0	0.00119	0.00119	0.00119	0.00119	0.0	0.0	0.00119	0.00119	0.00119	0.00119	0.00119	0.00119	0.00119	0.00119	0.00119	0.00119	0.00119	0.00119	0.00119	0.00119	0.00119	0.00119	0.00119	0.0	0.00119	0.22134	0.00119	0.00119	0.0	0.00119	0.00119	0.00759	0.0	0.06892	0.06891	0.0	0.0	0.00119	0.00119	0.22134	0.22134	0.00119	0.0	0.0	0.00119	0.00119	0.05757	0.22134	0.00119	0.22133	0.0	0.0	0.10276	0.22134	0.00119	0.08746	0.05757	
0.0	0.00119	0.0	0.00094	0.0	0.0	0.0	0.0	0.0	0.0	0.00016	0.0	0.0	0.0	0.00042	0.00119	0.0	0.0	0.0	0.0	0.0	0.0	0.0	0.0	1e-05	0.0	0.0	0.0	0.0	0.0	0.0	0.0	0.00033	0.0	0.0	0.00094	0.00119	0.00119	0.0	0.0	0.0	0.0	0.0	0.0	0.0	0.0	0.0	0.0	0.0	0.0	0.0	0.0	0.0	0.0	0.0	0.0	0.0	0.00046	0.0	0.0	0.0	0.0	0.0	0.0	0.00119	0.0	0.0	0.0	0.0	0.0	0.0	0.0	0.0	0.0	0.0	0.0	0.00094	0.0	0.0	0.0	0.0	0.0	0.00064	0.00119	0.0	0.0	0.0	0.0	0.0	0.0	0.0	0.0	0.0	0.0	0.0	0.0	0.0	0.0	0.0	0.0	0.0	0.0	0.0	0.0	0.0	0.0	0.0	0.0	0.0	0.0	0.0	0.0	0.0	0.00094	0.0	0.0	0.0	0.0	0.0	3e-05	0.00012	0.0	0.0	0.0	0.0	0.0	0.0	0.00094	0.00094	0.0	0.0	0.0	0.0	0.0	0.00094	0.00094	0.0	0.00094	0.0	0.00022	0.0	0.00094	0.0	0.00046	0.00094	
0.0	0.00119	0.0	0.00094	0.0	0.0	0.0	0.0	0.0	0.0	0.00015	0.0	0.0	0.0	0.00042	0.00119	0.0	0.0	0.0	0.0	0.0	0.0	0.0	0.0	1e-05	0.0	0.0	0.0	0.0	0.0	0.0	0.0	0.00033	0.0	0.0	0.00094	0.00119	0.00119	0.0	0.0	0.0	0.0	0.0	0.0	0.0	0.0	0.0	0.0	0.0	0.0	0.0	0.0	0.0	0.0	0.0	0.0	0.0	0.00046	0.0	0.0	0.0	0.0	0.0	0.0	0.00119	0.0	0.0	0.0	0.0	0.0	0.0	0.0	0.0	0.0	0.0	0.0	0.00094	0.0	0.0	0.0	0.0	0.0	0.00064	0.00119	0.0	0.0	0.0	0.0	0.0	0.0	0.0	0.0	0.0	0.0	0.0	0.0	0.0	0.0	0.0	0.0	0.0	0.0	0.0	0.0	0.0	0.0	0.0	0.0	0.0	0.0	0.0	0.0	0.0	0.00094	0.0	0.0	0.0	0.0	0.0	3e-05	0.00012	0.0	0.0	0.0	0.0	0.0	0.0	0.00094	0.00094	0.0	0.0	0.0	0.0	0.0	0.00094	0.00094	0.0	0.00094	0.0	0.00022	0.0	0.00094	0.0	0.00046	0.00094	
0.00046	0.00119	0.00042	0.00119	0.00119	0.0	0.0	0.0	0.0	0.0	0.0	0.0	0.0	0.0	0.00042	0.00119	0.0	0.0	0.0	0.0	0.00057	0.0	0.0	0.0	0.00094	0.0	0.0	0.0	0.0	0.0	0.0	0.0	0.0	0.0	0.00046	0.0	0.0	0.00119	0.0	0.0	0.0	0.0	0.0	0.0	0.0	0.0	0.0	0.0	0.0	0.0	0.00022	0.0	0.0	0.0	0.0	0.0	0.00025	0.00046	0.0	0.0	0.00119	0.0	0.0	0.00071	0.0	0.00046	0.00062	0.0	0.00042	0.0	0.0	0.0	0.00094	0.0	0.0	0.0	0.0	0.0	0.0	0.00042	0.0	0.0	0.00064	0.00119	0.0	0.00119	0.00119	0.00119	0.0	0.0	0.0	0.0	0.0	0.0	0.0	0.0	0.0	0.0	0.0	0.0	0.0	0.0	0.0	0.0	0.0	0.0	0.0	0.0	0.0	0.0	0.0	0.00094	0.0	0.00094	0.0	0.0	0.0	0.0	0.0	0.0	0.00057	0.0	0.0	0.0	0.0	0.0	0.0	0.00094	0.00094	0.0	0.00025	0.0	0.0	0.0	0.0	0.00094	0.0	0.00094	0.00094	0.0	0.00046	0.00094	0.0	0.0	0.0	
0.0	0.00119	0.0	0.00094	0.0	0.0	0.0	0.0	0.0	0.0	0.00015	0.0	0.0	0.0	0.00042	0.00119	0.0	0.0	0.0	0.0	0.0	0.0	0.0	0.0	1e-05	0.0	0.0	0.0	0.0	0.0	0.0	0.0	0.00033	0.0	0.0	0.00094	0.00119	0.00119	0.0	0.0	0.0	0.0	0.0	0.0	0.0	0.0	0.0	0.0	0.0	0.0	0.0	0.0	0.0	0.0	0.0	0.0	0.0	0.00046	0.0	0.0	0.0	0.0	0.0	0.0	0.00119	0.0	0.0	0.0	0.0	0.0	0.0	0.0	0.0	0.0	0.0	0.0	0.00094	0.0	0.0	0.0	0.0	0.0	0.00064	0.00119	0.0	0.0	0.0	0.0	0.0	0.0	0.0	0.0	0.0	0.0	0.0	0.0	0.0	0.0	0.0	0.0	0.0	0.0	0.0	0.0	0.0	0.0	0.0	0.0	0.0	0.0	0.0	0.0	0.0	0.00094	0.0	0.0	0.0	0.0	0.0	3e-05	0.00012	0.0	0.0	0.0	0.0	0.0	0.0	0.00094	0.00094	0.0	0.0	0.0	0.0	0.0	0.00094	0.00094	0.0	0.00094	0.0	0.00022	0.0	0.00094	0.0	0.00046	0.00094	
0.0	0.00119	0.0	0.00094	0.0	0.0	0.0	0.0	0.0	0.0	0.00015	0.0	0.0	0.0	0.00042	0.00119	0.0	0.0	0.0	0.0	0.0	0.0	0.0	0.0	1e-05	0.0	0.0	0.0	0.0	0.0	0.0	0.0	0.00033	0.0	0.0	0.00094	0.00119	0.00119	0.0	0.0	0.0	0.0	0.0	0.0	0.0	0.0	0.0	0.0	0.0	0.0	0.0	0.0	0.0	0.0	0.0	0.0	0.0	0.00046	0.0	0.0	0.0	0.0	0.0	0.0	0.00119	0.0	0.0	0.0	0.0	0.0	0.0	0.0	0.0	0.0	0.0	0.0	0.00094	0.0	0.0	0.0	0.0	0.0	0.00064	0.00119	0.0	0.0	0.0	0.0	0.0	0.0	0.0	0.0	0.0	0.0	0.0	0.0	0.0	0.0	0.0	0.0	0.0	0.0	0.0	0.0	0.0	0.0	0.0	0.0	0.0	0.0	0.0	0.0	0.0	0.00094	0.0	0.0	0.0	0.0	0.0	3e-05	0.00012	0.0	0.0	0.0	0.0	0.0	0.0	0.00094	0.00094	0.0	0.0	0.0	0.0	0.0	0.00094	0.00094	0.0	0.00094	0.0	0.00022	0.0	0.00094	0.0	0.00046	0.00094	
0.0	0.00119	0.0	0.00094	0.0	0.0	0.0	0.0	0.0	0.0	0.00015	0.0	0.0	0.0	0.00042	0.00119	0.0	0.0	0.0	0.0	0.0	0.0	0.0	0.0	1e-05	0.0	0.0	0.0	0.0	0.0	0.0	0.0	0.00033	0.0	0.0	0.00094	0.00119	0.00119	0.0	0.0	0.0	0.0	0.0	0.0	0.0	0.0	0.0	0.0	0.0	0.0	0.0	0.0	0.0	0.0	0.0	0.0	0.0	0.00046	0.0	0.0	0.0	0.0	0.0	0.0	0.00119	0.0	0.0	0.0	0.0	0.0	0.0	0.0	0.0	0.0	0.0	0.0	0.00094	0.0	0.0	0.0	0.0	0.0	0.00064	0.00119	0.0	0.0	0.0	0.0	0.0	0.0	0.0	0.0	0.0	0.0	0.0	0.0	0.0	0.0	0.0	0.0	0.0	0.0	0.0	0.0	0.0	0.0	0.0	0.0	0.0	0.0	0.0	0.0	0.0	0.00094	0.0	0.0	0.0	0.0	0.0	3e-05	0.00012	0.0	0.0	0.0	0.0	0.0	0.0	0.00094	0.00094	0.0	0.0	0.0	0.0	0.0	0.00094	0.00094	0.0	0.00094	0.0	0.00022	0.0	0.00094	0.0	0.00046	0.00094	
0.0	0.00119	0.0	0.00094	0.0	0.0	0.0	0.0	0.0	0.0	0.00015	0.0	0.0	0.0	0.00042	0.00119	0.0	0.0	0.0	0.0	0.0	0.0	0.0	0.0	1e-05	0.0	0.0	0.0	0.0	0.0	0.0	0.0	0.00033	0.0	0.0	0.00094	0.00119	0.00119	0.0	0.0	0.0	0.0	0.0	0.0	0.0	0.0	0.0	0.0	0.0	0.0	0.0	0.0	0.0	0.0	0.0	0.0	0.0	0.00046	0.0	0.0	0.0	0.0	0.0	0.0	0.00119	0.0	0.0	0.0	0.0	0.0	0.0	0.0	0.0	0.0	0.0	0.0	0.00094	0.0	0.0	0.0	0.0	0.0	0.00064	0.00119	0.0	0.0	0.0	0.0	0.0	0.0	0.0	0.0	0.0	0.0	0.0	0.0	0.0	0.0	0.0	0.0	0.0	0.0	0.0	0.0	0.0	0.0	0.0	0.0	0.0	0.0	0.0	0.0	0.0	0.00094	0.0	0.0	0.0	0.0	0.0	3e-05	0.00012	0.0	0.0	0.0	0.0	0.0	0.0	0.00094	0.00094	0.0	0.0	0.0	0.0	0.0	0.00094	0.00094	0.0	0.00094	0.0	0.00022	0.0	0.00094	0.0	0.00046	0.00094	
0.0	0.00094	0.0	0.0	0.0	0.00046	0.0	0.0	0.0	0.0	0.00015	0.0	0.0	0.00119	0.00046	0.00119	0.0	0.0	0.0	0.00025	0.0	0.0	0.0	0.0	0.00025	0.00046	0.00119	0.00119	0.0	0.00033	0.0	0.0	0.0	0.0	0.0	0.00093	0.00119	0.0	0.0	0.0	0.0	0.0	0.0	0.0	0.0	0.0	0.0	0.0	0.0	0.0	0.0	0.00094	0.0	0.0	0.0	0.0	0.0	0.0	0.0	0.0	0.0	0.0	0.0	0.0	0.0	0.0	0.0	0.00119	0.0	0.0	0.00119	0.0	0.0	6e-05	0.0	0.0	0.00094	0.00033	0.0	0.0	0.0	0.0	0.0	0.00119	0.0	0.0	0.0	0.0	0.00046	0.0	0.0	0.0	0.0	0.0	0.0	0.0	0.0	0.0	0.0	0.0	0.0	0.0	0.0	0.0	0.0	0.0	0.0	0.0	0.0	0.0	0.0	0.0	0.00046	0.00094	0.0	0.0	0.0	0.00042	0.00119	3e-05	0.00012	0.0	0.0	0.0	1e-05	0.0	0.0	1e-05	0.00119	0.00093	0.0	0.0	0.0	0.0	0.00093	0.00094	0.00033	0.0	0.0	0.0	0.0	1e-05	0.0	0.0	1e-05	
0.0	0.00094	0.0	0.0	0.0	0.00046	0.0	0.0	0.0	0.0	0.00015	0.0	0.0	0.00119	0.00046	0.00119	0.0	0.0	0.0	0.00025	0.0	0.0	0.0	0.0	0.00025	0.00046	0.00119	0.00119	0.0	0.00033	0.0	0.0	0.0	0.0	0.0	0.00093	0.00119	0.0	0.0	0.0	0.0	0.0	0.0	0.0	0.0	0.0	0.0	0.0	0.0	0.0	0.0	0.00094	0.0	0.0	0.0	0.0	0.0	0.0	0.0	0.0	0.0	0.0	0.0	0.0	0.0	0.0	0.0	0.00119	0.0	0.0	0.00119	0.0	0.0	6e-05	0.0	0.0	0.00094	0.00033	0.0	0.0	0.0	0.0	0.0	0.00119	0.0	0.0	0.0	0.0	0.00046	0.0	0.0	0.0	0.0	0.0	0.0	0.0	0.0	0.0	0.0	0.0	0.0	0.0	0.0	0.0	0.0	0.0	0.0	0.0	0.0	0.0	0.0	0.0	0.00046	0.00094	0.0	0.0	0.0	0.00042	0.00119	3e-05	0.00012	0.0	0.0	0.0	1e-05	0.0	0.0	1e-05	0.00119	0.00093	0.0	0.0	0.0	0.0	0.00093	0.00094	0.00033	0.0	0.0	0.0	0.0	1e-05	0.0	0.0	1e-05	
0.0	0.00119	0.0	0.00094	0.0	0.0	0.0	0.0	0.0	0.0	0.00015	0.0	0.0	0.0	0.00042	0.00119	0.0	0.0	0.0	0.0	0.0	0.0	0.0	0.0	1e-05	0.0	0.0	0.0	0.0	0.0	0.0	0.0	0.00033	0.0	0.0	0.00094	0.00119	0.00119	0.0	0.0	0.0	0.0	0.0	0.0	0.0	0.0	0.0	0.0	0.0	0.0	0.0	0.0	0.0	0.0	0.0	0.0	0.0	0.00046	0.0	0.0	0.0	0.0	0.0	0.0	0.00119	0.0	0.0	0.0	0.0	0.0	0.0	0.0	0.0	0.0	0.0	0.0	0.00094	0.0	0.0	0.0	0.0	0.0	0.00064	0.00119	0.0	0.0	0.0	0.0	0.0	0.0	0.0	0.0	0.0	0.0	0.0	0.0	0.0	0.0	0.0	0.0	0.0	0.0	0.0	0.0	0.0	0.0	0.0	0.0	0.0	0.0	0.0	0.0	0.0	0.00094	0.0	0.0	0.0	0.0	0.0	3e-05	0.00012	0.0	0.0	0.0	0.0	0.0	0.0	0.00094	0.00094	0.0	0.0	0.0	0.0	0.0	0.00094	0.00094	0.0	0.00094	0.0	0.00022	0.0	0.00094	0.0	0.00046	0.00094	
0.0	0.00119	0.0	0.00094	0.0	0.0	0.0	0.0	0.0	0.0	0.00015	0.0	0.0	0.0	0.00042	0.00119	0.0	0.0	0.0	0.0	0.0	0.0	0.0	0.0	1e-05	0.0	0.0	0.0	0.0	0.0	0.0	0.0	0.00033	0.0	0.0	0.00094	0.00119	0.00119	0.0	0.0	0.0	0.0	0.0	0.0	0.0	0.0	0.0	0.0	0.0	0.0	0.0	0.0	0.0	0.0	0.0	0.0	0.0	0.00046	0.0	0.0	0.0	0.0	0.0	0.0	0.00119	0.0	0.0	0.0	0.0	0.0	0.0	0.0	0.0	0.0	0.0	0.0	0.00094	0.0	0.0	0.0	0.0	0.0	0.00064	0.00119	0.0	0.0	0.0	0.0	0.0	0.0	0.0	0.0	0.0	0.0	0.0	0.0	0.0	0.0	0.0	0.0	0.0	0.0	0.0	0.0	0.0	0.0	0.0	0.0	0.0	0.0	0.0	0.0	0.0	0.00094	0.0	0.0	0.0	0.0	0.0	3e-05	0.00012	0.0	0.0	0.0	0.0	0.0	0.0	0.00094	0.00094	0.0	0.0	0.0	0.0	0.0	0.00094	0.00094	0.0	0.00094	0.0	0.00022	0.0	0.00094	0.0	0.00046	0.00094	
0.00046	0.00119	0.00042	0.00119	0.00119	0.0	0.0	0.0	0.0	0.0	0.0	0.0	0.0	0.0	0.00042	0.00119	0.0	0.0	0.0	0.0	0.00057	0.0	0.0	0.0	0.00094	0.0	0.0	0.0	0.0	0.0	0.0	0.0	0.0	0.0	0.00046	0.0	0.0	0.00119	0.0	0.0	0.0	0.0	0.0	0.0	0.0	0.0	0.0	0.0	0.0	0.0	0.00022	0.0	0.0	0.0	0.0	0.0	0.00025	0.00046	0.0	0.0	0.00119	0.0	0.0	0.00071	0.0	0.00046	0.00062	0.0	0.00042	0.0	0.0	0.0	0.00094	0.0	0.0	0.0	0.0	0.0	0.0	0.00042	0.0	0.0	0.00064	0.00119	0.0	0.00119	0.00119	0.00119	0.0	0.0	0.0	0.0	0.0	0.0	0.0	0.0	0.0	0.0	0.0	0.0	0.0	0.0	0.0	0.0	0.0	0.0	0.0	0.0	0.0	0.0	0.0	0.00094	0.0	0.00094	0.0	0.0	0.0	0.0	0.0	0.0	0.00057	0.0	0.0	0.0	0.0	0.0	0.0	0.00094	0.00094	0.0	0.00025	0.0	0.0	0.0	0.0	0.00094	0.0	0.00094	0.00094	0.0	0.00046	0.00094	0.0	0.0	0.0	
