0.0	0.54306	0.76488	0.74695	0.52193	0.00013	0.54414	0.24111	0.00013	0.42466	0.42466	0.00013	0.20423	0.00013	0.00013	0.74699	0.29824	0.00013	0.45531	0.0	0.0	0.00013	0.52093	0.24111	0.00013	0.00013	0.24111	0.00013	0.24111	0.24111	0.24111	0.24111	0.42466	0.24111	0.24111	0.24111	0.41404	0.0062	0.30574	0.30574	0.89659	0.0062	0.0062	0.0062	0.08766	0.24111	0.08766	0.78244	0.63919	0.11606	0.20423	0.13629	0.13629	0.0062	0.41404	0.0062	0.0062	0.43531	0.0062	0.77328	0.0062	0.30574	0.42486	0.45531	0.55659	0.47241	0.47711	0.00013	0.42466	0.24111	0.24111	0.00013	0.00013	0.24111	0.24111	0.17001	0.24111	0.24111	0.24111	0.24111	0.24111	0.00013	0.00013	0.00013	0.00013	0.00013	0.24111	0.26643	0.66173	0.65081	0.54218	
0.54306	0.0	0.27634	0.27817	0.27011	0.0028	0.4954	0.32925	0.0028	0.16113	0.16113	0.0028	0.45543	0.0028	0.0028	0.2782	0.64728	0.0028	0.18986	0.0	0.0	0.0028	0.09907	0.32925	0.0028	0.0028	0.32925	0.0028	0.32925	0.32925	0.32925	0.32925	0.16113	0.32925	0.32925	0.32925	0.1566	0.01103	0.07726	0.07726	0.6588	0.01103	0.01103	0.01103	0.17688	0.32925	0.17688	0.27895	0.17796	0.15985	0.45543	0.18726	0.18726	0.01103	0.1566	0.01103	0.01103	0.17777	0.01103	0.51605	0.01103	0.07726	0.39933	0.18986	0.31011	0.23136	0.23595	0.0028	0.16113	0.32925	0.32925	0.0028	0.0028	0.32925	0.32925	0.23294	0.32925	0.32925	0.32925	0.32925	0.32925	0.0028	0.0028	0.0028	0.0028	0.0028	0.32925	0.57419	0.35943	0.3978	0.48065	
0.76488	0.27634	0.0	0.52643	0.18857	0.00062	0.18854	0.07669	0.00062	0.07745	0.07745	0.00062	0.05616	0.00062	0.00062	0.36612	0.60549	0.00062	0.45689	0.0	0.12463	0.00062	0.22947	0.07669	0.00062	0.00062	0.07669	0.00062	0.07669	0.07669	0.07669	0.07669	0.07745	0.07669	0.07669	0.07669	0.14526	0.04324	0.40127	0.40127	0.30241	0.04324	0.04324	0.04324	0.05631	0.07669	0.05631	0.50772	0.30673	0.10164	0.05616	0.23349	0.23349	0.04324	0.14526	0.04324	0.04324	0.62033	0.04324	0.5024	0.04324	0.40127	0.33219	0.45689	0.32558	0.08945	0.1019	0.00062	0.07745	0.07669	0.07669	0.00062	0.00062	0.07669	0.07669	0.09686	0.07669	0.07669	0.07669	0.07669	0.07669	0.00062	0.00062	0.00062	0.00062	0.00062	0.07669	0.08056	0.32723	0.2617	0.2571	
0.74695	0.27817	0.52643	0.0	0.56927	0.00924	0.56924	0.50443	0.00924	0.11889	0.11889	0.00924	0.08575	0.00924	0.00924	0.83511	2.09404	0.00924	0.17666	0.0	0.59905	0.00924	0.50324	0.50443	0.00924	0.00924	0.50443	0.00924	0.50443	0.50443	0.50443	0.50443	0.11889	0.50443	0.50443	0.50443	0.465	0.49714	0.76366	0.76366	0.49049	0.49714	0.49714	0.49714	0.08587	0.50443	0.08587	0.39797	0.76725	0.37546	0.08575	0.64464	0.64464	0.49714	0.465	0.49714	0.49714	0.6233	0.49714	0.50454	0.49714	0.76366	0.60604	0.17666	0.5656	0.29304	0.34193	0.00924	0.11889	0.50443	0.50443	0.00924	0.00924	0.50443	0.50443	0.31526	0.50443	0.50443	0.50443	0.50443	0.50443	0.00924	0.00924	0.00924	0.00924	0.00924	0.50443	0.31348	0.30694	0.64515	0.32289	
0.52193	0.27011	0.18857	0.56927	0.0	0.01136	0.47326	0.62222	0.01136	0.20666	0.20666	0.01136	0.09538	0.01136	0.01136	0.67539	0.0	0.01136	0.14479	0.0	0.88177	0.01136	0.33754	0.62222	0.01136	0.01136	0.62222	0.01136	0.62222	0.62222	0.62222	0.62222	0.20666	0.62222	0.62222	0.62222	0.64438	0.50671	0.55205	0.55205	0.59888	0.50671	0.50671	0.50671	0.1434	0.62222	0.1434	0.25161	0.35388	0.19349	0.09538	0.50572	0.50572	0.50671	0.64438	0.50671	0.50671	0.45769	0.50671	0.50475	0.50671	0.55205	0.82162	0.14479	0.34169	0.42579	0.33194	0.01136	0.20666	0.62222	0.62222	0.01136	0.01136	0.62222	0.62222	0.30102	0.62222	0.62222	0.62222	0.62222	0.62222	0.01136	0.01136	0.01136	0.01136	0.01136	0.62222	0.36558	0.50662	0.56442	0.16024	
0.00013	0.0028	0.00062	0.00924	0.01136	0.0	0.01132	0.01879	0.0	0.00419	0.00419	0.0	0.00235	0.0	0.0	0.01129	0.0	0.0	0.00052	0.0	0.0	0.0	0.0074	0.01879	0.0	0.0	0.01879	0.0	0.01879	0.01879	0.01879	0.01879	0.00419	0.01879	0.01879	0.01879	0.01059	0.0	0.0	0.0	0.01834	0.0	0.0	0.0	0.00293	0.01879	0.00293	0.00216	0.00633	0.01275	0.00235	0.00759	0.00759	0.0	0.01059	0.0	0.0	0.01002	0.0	0.00282	0.0	0.0	0.0	0.00052	0.00977	0.0074	0.01223	0.0	0.00419	0.01879	0.01879	0.0	0.0	0.01879	0.01879	0.01337	0.01879	0.01879	0.01879	0.01879	0.01879	0.0	0.0	0.0	0.0	0.0	0.01879	0.01058	0.00327	0.0099	0.00319	
0.54414	0.4954	0.18854	0.56924	0.47326	0.01132	0.0	0.62217	0.01132	0.20662	0.20662	0.01132	0.14321	0.01132	0.01132	0.67535	0.0	0.01132	0.14475	0.0	0.87988	0.01132	0.3375	0.62217	0.01132	0.01132	0.62217	0.01132	0.62217	0.62217	0.62217	0.62217	0.20662	0.62217	0.62217	0.62217	0.64429	0.50659	0.55375	0.55375	0.6	0.50659	0.50659	0.50659	0.09549	0.62217	0.09549	0.25157	0.35385	0.19345	0.14321	0.50566	0.50566	0.50659	0.64429	0.50659	0.50659	0.45761	0.50659	0.50469	0.50659	0.55375	0.51839	0.14475	0.34166	0.42575	0.33191	0.01132	0.20662	0.62217	0.62217	0.01132	0.01132	0.62217	0.62217	0.30098	0.62217	0.62217	0.62217	0.62217	0.62217	0.01132	0.01132	0.01132	0.01132	0.01132	0.62217	0.42521	0.21083	0.56439	0.16463	
0.24111	0.32925	0.07669	0.50443	0.62222	0.01879	0.62217	0.0	0.01879	0.0861	0.0861	0.01879	0.06756	0.01879	0.01879	0.6175	0.0	0.01879	0.09177	0.0	0.6162	0.01879	0.21122	1.03717	0.01879	0.01879	1.03717	0.01879	1.03717	1.03717	1.03717	1.03717	0.0861	1.03717	1.03717	1.03717	0.62516	0.0	0.0	0.0	0.5544	0.0	0.0	0.0	0.06777	1.03717	0.06777	0.12924	0.2534	0.28715	0.06756	1.03858	1.03858	0.0	0.62516	0.0	0.0	0.59361	0.0	0.32531	0.0	0.0	0.0	0.09177	0.35074	0.36222	0.33999	0.01879	0.0861	1.03717	1.03717	0.01879	0.01879	1.03717	1.03717	0.45356	1.03717	1.03717	1.03717	1.03717	1.03717	0.01879	0.01879	0.01879	0.01879	0.01879	1.03717	0.4446	0.18503	0.54233	0.0625	
0.00013	0.0028	0.00062	0.00924	0.01136	0.0	0.01132	0.01879	0.0	0.00419	0.00419	0.0	0.00235	0.0	0.0	0.01129	0.0	0.0	0.00052	0.0	0.0	0.0	0.0074	0.01879	0.0	0.0	0.01879	0.0	0.01879	0.01879	0.01879	0.01879	0.00419	0.01879	0.01879	0.01879	0.01059	0.0	0.0	0.0	0.01834	0.0	0.0	0.0	0.00293	0.01879	0.00293	0.00216	0.00633	0.01275	0.00235	0.00759	0.00759	0.0	0.01059	0.0	0.0	0.01002	0.0	0.00282	0.0	0.0	0.0	0.00052	0.00977	0.0074	0.01223	0.0	0.00419	0.01879	0.01879	0.0	0.0	0.01879	0.01879	0.01337	0.01879	0.01879	0.01879	0.01879	0.01879	0.0	0.0	0.0	0.0	0.0	0.01879	0.01058	0.00327	0.0099	0.00319	
0.42466	0.16113	0.07745	0.11889	0.20666	0.00419	0.20662	0.0861	0.00419	0.0	1.00773	0.00419	0.02815	0.00419	0.00419	0.14062	0.0	0.00419	0.03721	0.0	0.0	0.00419	0.20033	0.0861	0.00419	0.00419	0.0861	0.00419	0.0861	0.0861	0.0861	0.0861	1.00773	0.0861	0.0861	0.0861	1.03178	0.03743	0.12134	0.12134	1.11159	0.03743	0.03743	0.03743	0.02842	0.0861	0.02842	0.0499	0.08613	0.048	0.02815	0.0549	0.0549	0.03743	1.03178	0.03743	0.03743	0.09397	0.03743	0.53867	0.03743	0.12134	0.24223	0.03721	0.10155	0.12206	0.13481	0.00419	1.00773	0.0861	0.0861	0.00419	0.00419	0.0861	0.0861	0.06205	0.0861	0.0861	0.0861	0.0861	0.0861	0.00419	0.00419	0.00419	0.00419	0.00419	0.0861	0.11157	0.06772	0.34946	0.09637	
0.42466	0.16113	0.07745	0.11889	0.20666	0.00419	0.20662	0.0861	0.00419	1.00773	0.0	0.00419	0.02815	0.00419	0.00419	0.14062	0.0	0.00419	0.03721	0.0	0.0	0.00419	0.20033	0.0861	0.00419	0.00419	0.0861	0.00419	0.0861	0.0861	0.0861	0.0861	1.00773	0.0861	0.0861	0.0861	1.03178	0.03743	0.12134	0.12134	1.11159	0.03743	0.03743	0.03743	0.02842	0.0861	0.02842	0.0499	0.08613	0.048	0.02815	0.0549	0.0549	0.03743	1.03178	0.03743	0.03743	0.09397	0.03743	0.53867	0.03743	0.12134	0.24223	0.03721	0.10155	0.12206	0.13481	0.00419	1.00773	0.0861	0.0861	0.00419	0.00419	0.0861	0.0861	0.06205	0.0861	0.0861	0.0861	0.0861	0.0861	0.00419	0.00419	0.00419	0.00419	0.00419	0.0861	0.11157	0.06772	0.34946	0.09637	
0.00013	0.0028	0.00062	0.00924	0.01136	0.0	0.01132	0.01879	0.0	0.00419	0.00419	0.0	0.00235	0.0	0.0	0.01129	0.0	0.0	0.00052	0.0	0.0	0.0	0.0074	0.01879	0.0	0.0	0.01879	0.0	0.01879	0.01879	0.01879	0.01879	0.00419	0.01879	0.01879	0.01879	0.01059	0.0	0.0	0.0	0.01834	0.0	0.0	0.0	0.00293	0.01879	0.00293	0.00216	0.00633	0.01275	0.00235	0.00759	0.00759	0.0	0.01059	0.0	0.0	0.01002	0.0	0.00282	0.0	0.0	0.0	0.00052	0.00977	0.0074	0.01223	0.0	0.00419	0.01879	0.01879	0.0	0.0	0.01879	0.01879	0.01337	0.01879	0.01879	0.01879	0.01879	0.01879	0.0	0.0	0.0	0.0	0.0	0.01879	0.01058	0.00327	0.0099	0.00319	
0.20423	0.45543	0.05616	0.08575	0.09538	0.00235	0.14321	0.06756	0.00235	0.02815	0.02815	0.00235	0.0	0.00235	0.00235	0.10171	0.0	0.00235	0.02814	0.0	0.0	0.00235	0.14378	0.06756	0.00235	0.00235	0.06756	0.00235	0.06756	0.06756	0.06756	0.06756	0.02815	0.06756	0.06756	0.06756	0.06747	0.03951	0.11125	0.11125	0.14287	0.03951	0.03951	0.03951	0.02202	0.06756	0.02202	0.0372	0.06364	0.03846	1.00391	0.04328	0.04328	0.03951	0.06747	0.03951	0.03951	0.0724	0.03951	0.10294	0.03951	0.11125	0.0	0.02814	0.07519	0.09218	0.10045	0.00235	0.02815	0.06756	0.06756	0.00235	0.00235	0.06756	0.06756	0.04895	0.06756	0.06756	0.06756	0.06756	0.06756	0.00235	0.00235	0.00235	0.00235	0.00235	0.06756	0.10501	0.17504	0.0632	0.37349	
0.00013	0.0028	0.00062	0.00924	0.01136	0.0	0.01132	0.01879	0.0	0.00419	0.00419	0.0	0.00235	0.0	0.0	0.01129	0.0	0.0	0.00052	0.0	0.0	0.0	0.0074	0.01879	0.0	0.0	0.01879	0.0	0.01879	0.01879	0.01879	0.01879	0.00419	0.01879	0.01879	0.01879	0.01059	0.0	0.0	0.0	0.01834	0.0	0.0	0.0	0.00293	0.01879	0.00293	0.00216	0.00633	0.01275	0.00235	0.00759	0.00759	0.0	0.01059	0.0	0.0	0.01002	0.0	0.00282	0.0	0.0	0.0	0.00052	0.00977	0.0074	0.01223	0.0	0.00419	0.01879	0.01879	0.0	0.0	0.01879	0.01879	0.01337	0.01879	0.01879	0.01879	0.01879	0.01879	0.0	0.0	0.0	0.0	0.0	0.01879	0.01058	0.00327	0.0099	0.00319	
0.00013	0.0028	0.00062	0.00924	0.01136	0.0	0.01132	0.01879	0.0	0.00419	0.00419	0.0	0.00235	0.0	0.0	0.01129	0.0	0.0	0.00052	0.0	0.0	0.0	0.0074	0.01879	0.0	0.0	0.01879	0.0	0.01879	0.01879	0.01879	0.01879	0.00419	0.01879	0.01879	0.01879	0.01059	0.0	0.0	0.0	0.01834	0.0	0.0	0.0	0.00293	0.01879	0.00293	0.00216	0.00633	0.01275	0.00235	0.00759	0.00759	0.0	0.01059	0.0	0.0	0.01002	0.0	0.00282	0.0	0.0	0.0	0.00052	0.00977	0.0074	0.01223	0.0	0.00419	0.01879	0.01879	0.0	0.0	0.01879	0.01879	0.01337	0.01879	0.01879	0.01879	0.01879	0.01879	0.0	0.0	0.0	0.0	0.0	0.01879	0.01058	0.00327	0.0099	0.00319	
0.74699	0.2782	0.36612	0.83511	0.67539	0.01129	0.67535	0.6175	0.01129	0.14062	0.14062	0.01129	0.10171	0.01129	0.01129	0.0	0.0	0.01129	0.21036	0.0	1.05044	0.01129	0.61605	0.6175	0.01129	0.01129	0.6175	0.01129	0.6175	0.6175	0.6175	0.6175	0.14062	0.6175	0.6175	0.6175	0.46505	0.49721	0.76379	0.76379	0.49055	0.49721	0.49721	0.49721	0.10186	0.6175	0.10186	0.47392	0.58409	0.1923	0.10171	0.50081	0.50081	0.49721	0.46505	0.49721	0.49721	0.62335	0.49721	0.50458	0.49721	0.76379	0.60618	0.21036	0.40529	0.34663	0.40718	0.01129	0.14062	0.6175	0.6175	0.01129	0.01129	0.6175	0.6175	0.2991	0.6175	0.6175	0.6175	0.6175	0.6175	0.01129	0.01129	0.01129	0.01129	0.01129	0.6175	0.37191	0.3569	0.49049	0.17633	
0.29824	0.64728	0.60549	2.09404	0.0	0.0	0.0	0.0	0.0	0.0	0.0	0.0	0.0	0.0	0.0	0.0	0.0	0.0	0.0	0.0	0.0	0.0	0.0	0.0	0.0	0.0	0.0	0.0	0.0	0.0	0.0	0.0	0.0	0.0	0.0	0.0	1.01021	1.38489	1.19835	1.19835	0.87019	1.38489	1.38489	1.38489	0.0	0.0	0.0	0.0	1.14514	0.8449	0.0	0.0	0.0	1.38489	1.01021	1.38489	1.38489	1.00613	1.38489	0.64106	1.38489	1.19835	1.19826	0.0	1.53657	0.0	0.0	0.0	0.0	0.0	0.0	0.0	0.0	0.0	0.0	1.41271	0.0	0.0	0.0	0.0	0.0	0.0	0.0	0.0	0.0	0.0	0.0	0.0	0.0	2.09404	0.52578	
0.00013	0.0028	0.00062	0.00924	0.01136	0.0	0.01132	0.01879	0.0	0.00419	0.00419	0.0	0.00235	0.0	0.0	0.01129	0.0	0.0	0.00052	0.0	0.0	0.0	0.0074	0.01879	0.0	0.0	0.01879	0.0	0.01879	0.01879	0.01879	0.01879	0.00419	0.01879	0.01879	0.01879	0.01059	0.0	0.0	0.0	0.01834	0.0	0.0	0.0	0.00293	0.01879	0.00293	0.00216	0.00633	0.01275	0.00235	0.00759	0.00759	0.0	0.01059	0.0	0.0	0.01002	0.0	0.00282	0.0	0.0	0.0	0.00052	0.00977	0.0074	0.01223	0.0	0.00419	0.01879	0.01879	0.0	0.0	0.01879	0.01879	0.01337	0.01879	0.01879	0.01879	0.01879	0.01879	0.0	0.0	0.0	0.0	0.0	0.01879	0.01058	0.00327	0.0099	0.00319	
0.45531	0.18986	0.45689	0.17666	0.14479	0.00052	0.14475	0.09177	0.00052	0.03721	0.03721	0.00052	0.02814	0.00052	0.00052	0.21036	0.0	0.00052	0.0	0.0	0.16914	0.00052	0.08722	0.09177	0.00052	0.00052	0.09177	0.00052	0.09177	0.09177	0.09177	0.09177	0.03721	0.09177	0.09177	0.09177	0.1039	0.05348	0.0	0.0	0.32344	0.05348	0.05348	0.05348	0.0284	0.09177	0.0284	0.57318	0.22028	0.04965	0.02814	0.06252	0.06252	0.05348	0.1039	0.05348	0.05348	1.04808	0.05348	0.57644	0.05348	0.0	0.0	1.00044	0.1812	0.13622	0.12963	0.00052	0.03721	0.09177	0.09177	0.00052	0.00052	0.09177	0.09177	0.06532	0.09177	0.09177	0.09177	0.09177	0.09177	0.00052	0.00052	0.00052	0.00052	0.00052	0.09177	0.12117	0.48334	0.09274	0.171	
0.0	0.0	0.0	0.0	0.0	0.0	0.0	0.0	0.0	0.0	0.0	0.0	0.0	0.0	0.0	0.0	0.0	0.0	0.0	0.0	0.0	0.0	0.0	0.0	0.0	0.0	0.0	0.0	0.0	0.0	0.0	0.0	0.0	0.0	0.0	0.0	0.0	0.0	0.0	0.0	0.0	0.0	0.0	0.0	0.0	0.0	0.0	0.0	0.0	0.0	0.0	0.0	0.0	0.0	0.0	0.0	0.0	0.0	0.0	0.0	0.0	0.0	0.0	0.0	0.0	0.0	0.0	0.0	0.0	0.0	0.0	0.0	0.0	0.0	0.0	0.0	0.0	0.0	0.0	0.0	0.0	0.0	0.0	0.0	0.0	0.0	0.0	0.0	0.0	0.0	0.0	
0.0	0.0	0.12463	0.59905	0.88177	0.0	0.87988	0.6162	0.0	0.0	0.0	0.0	0.0	0.0	0.0	1.05044	0.0	0.0	0.16914	0.0	0.0	0.0	0.0	0.6162	0.0	0.0	0.6162	0.0	0.6162	0.6162	0.6162	0.6162	0.0	0.6162	0.6162	0.6162	0.0	0.0	1.56047	1.56047	1.2323	0.0	0.0	0.0	0.0	0.6162	0.0	0.35995	0.19096	0.27979	0.0	0.474	0.474	0.0	0.0	0.0	0.0	0.0	0.0	0.0	0.0	1.56047	1.56037	0.16914	1.27324	0.23935	0.0	0.0	0.0	0.6162	0.6162	0.0	0.0	0.6162	0.6162	0.36277	0.6162	0.6162	0.6162	0.6162	0.6162	0.0	0.0	0.0	0.0	0.0	0.6162	0.32295	0.56695	0.42994	0.56541	
0.00013	0.0028	0.00062	0.00924	0.01136	0.0	0.01132	0.01879	0.0	0.00419	0.00419	0.0	0.00235	0.0	0.0	0.01129	0.0	0.0	0.00052	0.0	0.0	0.0	0.0074	0.01879	0.0	0.0	0.01879	0.0	0.01879	0.01879	0.01879	0.01879	0.00419	0.01879	0.01879	0.01879	0.01059	0.0	0.0	0.0	0.01834	0.0	0.0	0.0	0.00293	0.01879	0.00293	0.00216	0.00633	0.01275	0.00235	0.00759	0.00759	0.0	0.01059	0.0	0.0	0.01002	0.0	0.00282	0.0	0.0	0.0	0.00052	0.00977	0.0074	0.01223	0.0	0.00419	0.01879	0.01879	0.0	0.0	0.01879	0.01879	0.01337	0.01879	0.01879	0.01879	0.01879	0.01879	0.0	0.0	0.0	0.0	0.0	0.01879	0.01058	0.00327	0.0099	0.00319	
0.52093	0.09907	0.22947	0.50324	0.33754	0.0074	0.3375	0.21122	0.0074	0.20033	0.20033	0.0074	0.14378	0.0074	0.0074	0.61605	0.0	0.0074	0.08722	0.0	0.0	0.0074	0.0	0.21122	0.0074	0.0074	0.21122	0.0074	0.21122	0.21122	0.21122	0.21122	0.20033	0.21122	0.21122	0.21122	0.19748	0.08059	0.4777	0.4777	0.34207	0.08059	0.08059	0.08059	0.144	0.21122	0.144	0.128	0.25222	0.10403	0.14378	0.14242	0.14242	0.08059	0.19748	0.08059	0.08059	0.33221	0.08059	0.29502	0.08059	0.4777	0.27743	0.08722	0.31195	0.01512	0.42099	0.0074	0.20033	0.21122	0.21122	0.0074	0.0074	0.21122	0.21122	0.14331	0.21122	0.21122	0.21122	0.21122	0.21122	0.0074	0.0074	0.0074	0.0074	0.0074	0.21122	0.03406	0.06186	0.21025	0.23157	
0.24111	0.32925	0.07669	0.50443	0.62222	0.01879	0.62217	1.03717	0.01879	0.0861	0.0861	0.01879	0.06756	0.01879	0.01879	0.6175	0.0	0.01879	0.09177	0.0	0.6162	0.01879	0.21122	0.0	0.01879	0.01879	1.03717	0.01879	1.03717	1.03717	1.03717	1.03717	0.0861	1.03717	1.03717	1.03717	0.62516	0.0	0.0	0.0	0.5544	0.0	0.0	0.0	0.06777	1.03717	0.06777	0.12924	0.2534	0.28715	0.06756	1.03858	1.03858	0.0	0.62516	0.0	0.0	0.59361	0.0	0.32531	0.0	0.0	0.0	0.09177	0.35074	0.36222	0.33999	0.01879	0.0861	1.03717	1.03717	0.01879	0.01879	1.03717	1.03717	0.45356	1.03717	1.03717	1.03717	1.03717	1.03717	0.01879	0.01879	0.01879	0.01879	0.01879	1.03717	0.4446	0.18503	0.54233	0.0625	
0.00013	0.0028	0.00062	0.00924	0.01136	0.0	0.01132	0.01879	0.0	0.00419	0.00419	0.0	0.00235	0.0	0.0	0.01129	0.0	0.0	0.00052	0.0	0.0	0.0	0.0074	0.01879	0.0	0.0	0.01879	0.0	0.01879	0.01879	0.01879	0.01879	0.00419	0.01879	0.01879	0.01879	0.01059	0.0	0.0	0.0	0.01834	0.0	0.0	0.0	0.00293	0.01879	0.00293	0.00216	0.00633	0.01275	0.00235	0.00759	0.00759	0.0	0.01059	0.0	0.0	0.01002	0.0	0.00282	0.0	0.0	0.0	0.00052	0.00977	0.0074	0.01223	0.0	0.00419	0.01879	0.01879	0.0	0.0	0.01879	0.01879	0.01337	0.01879	0.01879	0.01879	0.01879	0.01879	0.0	0.0	0.0	0.0	0.0	0.01879	0.01058	0.00327	0.0099	0.00319	
0.00013	0.0028	0.00062	0.00924	0.01136	0.0	0.01132	0.01879	0.0	0.00419	0.00419	0.0	0.00235	0.0	0.0	0.01129	0.0	0.0	0.00052	0.0	0.0	0.0	0.0074	0.01879	0.0	0.0	0.01879	0.0	0.01879	0.01879	0.01879	0.01879	0.00419	0.01879	0.01879	0.01879	0.01059	0.0	0.0	0.0	0.01834	0.0	0.0	0.0	0.00293	0.01879	0.00293	0.00216	0.00633	0.01275	0.00235	0.00759	0.00759	0.0	0.01059	0.0	0.0	0.01002	0.0	0.00282	0.0	0.0	0.0	0.00052	0.00977	0.0074	0.01223	0.0	0.00419	0.01879	0.01879	0.0	0.0	0.01879	0.01879	0.01337	0.01879	0.01879	0.01879	0.01879	0.01879	0.0	0.0	0.0	0.0	0.0	0.01879	0.01058	0.00327	0.0099	0.00319	
0.24111	0.32925	0.07669	0.50443	0.62222	0.01879	0.62217	1.03717	0.01879	0.0861	0.0861	0.01879	0.06756	0.01879	0.01879	0.6175	0.0	0.01879	0.09177	0.0	0.6162	0.01879	0.21122	1.03717	0.01879	0.01879	0.0	0.01879	1.03717	1.03717	1.03717	1.03717	0.0861	1.03717	1.03717	1.03717	0.62516	0.0	0.0	0.0	0.5544	0.0	0.0	0.0	0.06777	1.03717	0.06777	0.12924	0.2534	0.28715	0.06756	1.03858	1.03858	0.0	0.62516	0.0	0.0	0.59361	0.0	0.32531	0.0	0.0	0.0	0.09177	0.35074	0.36222	0.33999	0.01879	0.0861	1.03717	1.03717	0.01879	0.01879	1.03717	1.03717	0.45356	1.03717	1.03717	1.03717	1.03717	1.03717	0.01879	0.01879	0.01879	0.01879	0.01879	1.03717	0.4446	0.18503	0.54233	0.0625	
0.00013	0.0028	0.00062	0.00924	0.01136	0.0	0.01132	0.01879	0.0	0.00419	0.00419	0.0	0.00235	0.0	0.0	0.01129	0.0	0.0	0.00052	0.0	0.0	0.0	0.0074	0.01879	0.0	0.0	0.01879	0.0	0.01879	0.01879	0.01879	0.01879	0.00419	0.01879	0.01879	0.01879	0.01059	0.0	0.0	0.0	0.01834	0.0	0.0	0.0	0.00293	0.01879	0.00293	0.00216	0.00633	0.01275	0.00235	0.00759	0.00759	0.0	0.01059	0.0	0.0	0.01002	0.0	0.00282	0.0	0.0	0.0	0.00052	0.00977	0.0074	0.01223	0.0	0.00419	0.01879	0.01879	0.0	0.0	0.01879	0.01879	0.01337	0.01879	0.01879	0.01879	0.01879	0.01879	0.0	0.0	0.0	0.0	0.0	0.01879	0.01058	0.00327	0.0099	0.00319	
0.24111	0.32925	0.07669	0.50443	0.62222	0.01879	0.62217	1.03717	0.01879	0.0861	0.0861	0.01879	0.06756	0.01879	0.01879	0.6175	0.0	0.01879	0.09177	0.0	0.6162	0.01879	0.21122	1.03717	0.01879	0.01879	1.03717	0.01879	0.0	1.03717	1.03717	1.03717	0.0861	1.03717	1.03717	1.03717	0.62516	0.0	0.0	0.0	0.5544	0.0	0.0	0.0	0.06777	1.03717	0.06777	0.12924	0.2534	0.28715	0.06756	1.03858	1.03858	0.0	0.62516	0.0	0.0	0.59361	0.0	0.32531	0.0	0.0	0.0	0.09177	0.35074	0.36222	0.33999	0.01879	0.0861	1.03717	1.03717	0.01879	0.01879	1.03717	1.03717	0.45356	1.03717	1.03717	1.03717	1.03717	1.03717	0.01879	0.01879	0.01879	0.01879	0.01879	1.03717	0.4446	0.18503	0.54233	0.0625	
0.24111	0.32925	0.07669	0.50443	0.62222	0.01879	0.62217	1.03717	0.01879	0.0861	0.0861	0.01879	0.06756	0.01879	0.01879	0.6175	0.0	0.01879	0.09177	0.0	0.6162	0.01879	0.21122	1.03717	0.01879	0.01879	1.03717	0.01879	1.03717	0.0	1.03717	1.03717	0.0861	1.03717	1.03717	1.03717	0.62516	0.0	0.0	0.0	0.5544	0.0	0.0	0.0	0.06777	1.03717	0.06777	0.12924	0.2534	0.28715	0.06756	1.03858	1.03858	0.0	0.62516	0.0	0.0	0.59361	0.0	0.32531	0.0	0.0	0.0	0.09177	0.35074	0.36222	0.33999	0.01879	0.0861	1.03717	1.03717	0.01879	0.01879	1.03717	1.03717	0.45356	1.03717	1.03717	1.03717	1.03717	1.03717	0.01879	0.01879	0.01879	0.01879	0.01879	1.03717	0.4446	0.18503	0.54233	0.0625	
0.24111	0.32925	0.07669	0.50443	0.62222	0.01879	0.62217	1.03717	0.01879	0.0861	0.0861	0.01879	0.06756	0.01879	0.01879	0.6175	0.0	0.01879	0.09177	0.0	0.6162	0.01879	0.21122	1.03717	0.01879	0.01879	1.03717	0.01879	1.03717	1.03717	0.0	1.03717	0.0861	1.03717	1.03717	1.03717	0.62516	0.0	0.0	0.0	0.5544	0.0	0.0	0.0	0.06777	1.03717	0.06777	0.12924	0.2534	0.28715	0.06756	1.03858	1.03858	0.0	0.62516	0.0	0.0	0.59361	0.0	0.32531	0.0	0.0	0.0	0.09177	0.35074	0.36222	0.33999	0.01879	0.0861	1.03717	1.03717	0.01879	0.01879	1.03717	1.03717	0.45356	1.03717	1.03717	1.03717	1.03717	1.03717	0.01879	0.01879	0.01879	0.01879	0.01879	1.03717	0.4446	0.18503	0.54233	0.0625	
0.24111	0.32925	0.07669	0.50443	0.62222	0.01879	0.62217	1.03717	0.01879	0.0861	0.0861	0.01879	0.06756	0.01879	0.01879	0.6175	0.0	0.01879	0.09177	0.0	0.6162	0.01879	0.21122	1.03717	0.01879	0.01879	1.03717	0.01879	1.03717	1.03717	1.03717	0.0	0.0861	1.03717	1.03717	1.03717	0.62516	0.0	0.0	0.0	0.5544	0.0	0.0	0.0	0.06777	1.03717	0.06777	0.12924	0.2534	0.28715	0.06756	1.03858	1.03858	0.0	0.62516	0.0	0.0	0.59361	0.0	0.32531	0.0	0.0	0.0	0.09177	0.35074	0.36222	0.33999	0.01879	0.0861	1.03717	1.03717	0.01879	0.01879	1.03717	1.03717	0.45356	1.03717	1.03717	1.03717	1.03717	1.03717	0.01879	0.01879	0.01879	0.01879	0.01879	1.03717	0.4446	0.18503	0.54233	0.0625	
0.42466	0.16113	0.07745	0.11889	0.20666	0.00419	0.20662	0.0861	0.00419	1.00773	1.00773	0.00419	0.02815	0.00419	0.00419	0.14062	0.0	0.00419	0.03721	0.0	0.0	0.00419	0.20033	0.0861	0.00419	0.00419	0.0861	0.00419	0.0861	0.0861	0.0861	0.0861	0.0	0.0861	0.0861	0.0861	1.03178	0.03743	0.12134	0.12134	1.11159	0.03743	0.03743	0.03743	0.02842	0.0861	0.02842	0.0499	0.08613	0.048	0.02815	0.0549	0.0549	0.03743	1.03178	0.03743	0.03743	0.09397	0.03743	0.53867	0.03743	0.12134	0.24223	0.03721	0.10155	0.12206	0.13481	0.00419	1.00773	0.0861	0.0861	0.00419	0.00419	0.0861	0.0861	0.06205	0.0861	0.0861	0.0861	0.0861	0.0861	0.00419	0.00419	0.00419	0.00419	0.00419	0.0861	0.11157	0.06772	0.34946	0.09637	
0.24111	0.32925	0.07669	0.50443	0.62222	0.01879	0.62217	1.03717	0.01879	0.0861	0.0861	0.01879	0.06756	0.01879	0.01879	0.6175	0.0	0.01879	0.09177	0.0	0.6162	0.01879	0.21122	1.03717	0.01879	0.01879	1.03717	0.01879	1.03717	1.03717	1.03717	1.03717	0.0861	0.0	1.03717	1.03717	0.62516	0.0	0.0	0.0	0.5544	0.0	0.0	0.0	0.06777	1.03717	0.06777	0.12924	0.2534	0.28715	0.06756	1.03858	1.03858	0.0	0.62516	0.0	0.0	0.59361	0.0	0.32531	0.0	0.0	0.0	0.09177	0.35074	0.36222	0.33999	0.01879	0.0861	1.03717	1.03717	0.01879	0.01879	1.03717	1.03717	0.45356	1.03717	1.03717	1.03717	1.03717	1.03717	0.01879	0.01879	0.01879	0.01879	0.01879	1.03717	0.4446	0.18503	0.54233	0.0625	
0.24111	0.32925	0.07669	0.50443	0.62222	0.01879	0.62217	1.03717	0.01879	0.0861	0.0861	0.01879	0.06756	0.01879	0.01879	0.6175	0.0	0.01879	0.09177	0.0	0.6162	0.01879	0.21122	1.03717	0.01879	0.01879	1.03717	0.01879	1.03717	1.03717	1.03717	1.03717	0.0861	1.03717	0.0	1.03717	0.62516	0.0	0.0	0.0	0.5544	0.0	0.0	0.0	0.06777	1.03717	0.06777	0.12924	0.2534	0.28715	0.06756	1.03858	1.03858	0.0	0.62516	0.0	0.0	0.59361	0.0	0.32531	0.0	0.0	0.0	0.09177	0.35074	0.36222	0.33999	0.01879	0.0861	1.03717	1.03717	0.01879	0.01879	1.03717	1.03717	0.45356	1.03717	1.03717	1.03717	1.03717	1.03717	0.01879	0.01879	0.01879	0.01879	0.01879	1.03717	0.4446	0.18503	0.54233	0.0625	
0.24111	0.32925	0.07669	0.50443	0.62222	0.01879	0.62217	1.03717	0.01879	0.0861	0.0861	0.01879	0.06756	0.01879	0.01879	0.6175	0.0	0.01879	0.09177	0.0	0.6162	0.01879	0.21122	1.03717	0.01879	0.01879	1.03717	0.01879	1.03717	1.03717	1.03717	1.03717	0.0861	1.03717	1.03717	0.0	0.62516	0.0	0.0	0.0	0.5544	0.0	0.0	0.0	0.06777	1.03717	0.06777	0.12924	0.2534	0.28715	0.06756	1.03858	1.03858	0.0	0.62516	0.0	0.0	0.59361	0.0	0.32531	0.0	0.0	0.0	0.09177	0.35074	0.36222	0.33999	0.01879	0.0861	1.03717	1.03717	0.01879	0.01879	1.03717	1.03717	0.45356	1.03717	1.03717	1.03717	1.03717	1.03717	0.01879	0.01879	0.01879	0.01879	0.01879	1.03717	0.4446	0.18503	0.54233	0.0625	
0.41404	0.1566	0.14526	0.465	0.64438	0.01059	0.64429	0.62516	0.01059	1.03178	1.03178	0.01059	0.06747	0.01059	0.01059	0.46505	1.01021	0.01059	0.1039	0.0	0.0	0.01059	0.19748	0.62516	0.01059	0.01059	0.62516	0.01059	0.62516	0.62516	0.62516	0.62516	1.03178	0.62516	0.62516	0.62516	0.0	0.02608	0.05962	0.05962	1.04987	0.02608	0.02608	0.02608	0.06674	0.62516	0.06674	0.14831	0.31531	0.30625	0.06747	0.35785	0.35785	0.02608	1.02042	0.02608	0.02608	0.08801	0.02608	0.53271	0.02608	0.05962	0.13157	0.1039	0.26198	1.20773	0.16449	0.01059	1.03178	0.62516	0.62516	0.01059	0.01059	0.62516	0.62516	0.44384	0.62516	0.62516	0.62516	0.62516	0.62516	0.01059	0.01059	0.01059	0.01059	0.01059	0.62516	0.1956	0.25047	1.62471	0.15557	
0.0062	0.01103	0.04324	0.49714	0.50671	0.0	0.50659	0.0	0.0	0.03743	0.03743	0.0	0.03951	0.0	0.0	0.49721	1.38489	0.0	0.05348	0.0	0.0	0.0	0.08059	0.0	0.0	0.0	0.0	0.0	0.0	0.0	0.0	0.0	0.03743	0.0	0.0	0.0	0.02608	0.0	0.0	0.0	0.03179	0.0	0.0	0.0	0.03799	0.0	0.03799	0.04748	0.26406	0.0	0.03951	0.0	0.0	0.0	0.02608	0.0	0.0	0.02472	0.0	0.01095	0.0	0.0	0.0	0.05348	0.33956	0.21338	0.16314	0.0	0.03743	0.0	0.0	0.0	0.0	0.0	0.0	0.0	0.0	0.0	0.0	0.0	0.0	0.0	0.0	0.0	0.0	0.0	0.0	0.30716	0.06668	0.63037	0.02388	
0.30574	0.07726	0.40127	0.76366	0.55205	0.0	0.55375	0.0	0.0	0.12134	0.12134	0.0	0.11125	0.0	0.0	0.76379	1.19835	0.0	0.0	0.0	1.56047	0.0	0.4777	0.0	0.0	0.0	0.0	0.0	0.0	0.0	0.0	0.0	0.12134	0.0	0.0	0.0	0.05962	0.0	0.0	0.0	0.04556	0.0	0.0	0.0	0.10836	0.0	0.10836	0.41138	0.3759	0.0	0.11125	0.0	0.0	0.0	0.05962	0.0	0.0	0.0	0.0	0.49836	0.0	0.0	0.0	0.0	0.0	0.09648	0.0	0.0	0.12134	0.0	0.0	0.0	0.0	0.0	0.0	0.0	0.0	0.0	0.0	0.0	0.0	0.0	0.0	0.0	0.0	0.0	0.0	0.16602	0.37922	0.58523	0.77814	
0.30574	0.07726	0.40127	0.76366	0.55205	0.0	0.55375	0.0	0.0	0.12134	0.12134	0.0	0.11125	0.0	0.0	0.76379	1.19835	0.0	0.0	0.0	1.56047	0.0	0.4777	0.0	0.0	0.0	0.0	0.0	0.0	0.0	0.0	0.0	0.12134	0.0	0.0	0.0	0.05962	0.0	0.0	0.0	0.04556	0.0	0.0	0.0	0.10836	0.0	0.10836	0.41138	0.3759	0.0	0.11125	0.0	0.0	0.0	0.05962	0.0	0.0	0.0	0.0	0.49836	0.0	0.0	0.0	0.0	0.0	0.09648	0.0	0.0	0.12134	0.0	0.0	0.0	0.0	0.0	0.0	0.0	0.0	0.0	0.0	0.0	0.0	0.0	0.0	0.0	0.0	0.0	0.0	0.16602	0.37922	0.58523	0.77814	
0.89659	0.6588	0.30241	0.49049	0.59888	0.01834	0.6	0.5544	0.01834	1.11159	1.11159	0.01834	0.14287	0.01834	0.01834	0.49055	0.87019	0.01834	0.32344	0.0	1.2323	0.01834	0.34207	0.5544	0.01834	0.01834	0.5544	0.01834	0.5544	0.5544	0.5544	0.5544	1.11159	0.5544	0.5544	0.5544	1.04987	0.03179	0.04556	0.04556	0.0	0.03179	0.03179	0.03179	0.1414	0.5544	0.1414	0.30765	0.28924	0.27622	0.14287	0.32123	0.32123	0.03179	1.04987	0.03179	0.03179	0.49526	0.03179	1.48861	0.03179	0.04556	0.06598	0.32344	0.99754	1.08673	0.99766	0.01834	1.11159	0.5544	0.5544	0.01834	0.01834	0.5544	0.5544	0.39624	0.5544	0.5544	0.5544	0.5544	0.5544	0.01834	0.01834	0.01834	0.01834	0.01834	0.5544	0.17053	0.4856	1.57548	0.52456	
0.0062	0.01103	0.04324	0.49714	0.50671	0.0	0.50659	0.0	0.0	0.03743	0.03743	0.0	0.03951	0.0	0.0	0.49721	1.38489	0.0	0.05348	0.0	0.0	0.0	0.08059	0.0	0.0	0.0	0.0	0.0	0.0	0.0	0.0	0.0	0.03743	0.0	0.0	0.0	0.02608	0.0	0.0	0.0	0.03179	0.0	0.0	0.0	0.03799	0.0	0.03799	0.04748	0.26406	0.0	0.03951	0.0	0.0	0.0	0.02608	0.0	0.0	0.02472	0.0	0.01095	0.0	0.0	0.0	0.05348	0.33956	0.21338	0.16314	0.0	0.03743	0.0	0.0	0.0	0.0	0.0	0.0	0.0	0.0	0.0	0.0	0.0	0.0	0.0	0.0	0.0	0.0	0.0	0.0	0.30716	0.06668	0.63037	0.02388	
0.0062	0.01103	0.04324	0.49714	0.50671	0.0	0.50659	0.0	0.0	0.03743	0.03743	0.0	0.03951	0.0	0.0	0.49721	1.38489	0.0	0.05348	0.0	0.0	0.0	0.08059	0.0	0.0	0.0	0.0	0.0	0.0	0.0	0.0	0.0	0.03743	0.0	0.0	0.0	0.02608	0.0	0.0	0.0	0.03179	0.0	0.0	0.0	0.03799	0.0	0.03799	0.04748	0.26406	0.0	0.03951	0.0	0.0	0.0	0.02608	0.0	0.0	0.02472	0.0	0.01095	0.0	0.0	0.0	0.05348	0.33956	0.21338	0.16314	0.0	0.03743	0.0	0.0	0.0	0.0	0.0	0.0	0.0	0.0	0.0	0.0	0.0	0.0	0.0	0.0	0.0	0.0	0.0	0.0	0.30716	0.06668	0.63037	0.02388	
0.0062	0.01103	0.04324	0.49714	0.50671	0.0	0.50659	0.0	0.0	0.03743	0.03743	0.0	0.03951	0.0	0.0	0.49721	1.38489	0.0	0.05348	0.0	0.0	0.0	0.08059	0.0	0.0	0.0	0.0	0.0	0.0	0.0	0.0	0.0	0.03743	0.0	0.0	0.0	0.02608	0.0	0.0	0.0	0.03179	0.0	0.0	0.0	0.03799	0.0	0.03799	0.04748	0.26406	0.0	0.03951	0.0	0.0	0.0	0.02608	0.0	0.0	0.02472	0.0	0.01095	0.0	0.0	0.0	0.05348	0.33956	0.21338	0.16314	0.0	0.03743	0.0	0.0	0.0	0.0	0.0	0.0	0.0	0.0	0.0	0.0	0.0	0.0	0.0	0.0	0.0	0.0	0.0	0.0	0.30716	0.06668	0.63037	0.02388	
0.08766	0.17688	0.05631	0.08587	0.1434	0.00293	0.09549	0.06777	0.00293	0.02842	0.02842	0.00293	0.02202	0.00293	0.00293	0.10186	0.0	0.00293	0.0284	0.0	0.0	0.00293	0.144	0.06777	0.00293	0.00293	0.06777	0.00293	0.06777	0.06777	0.06777	0.06777	0.02842	0.06777	0.06777	0.06777	0.06674	0.03799	0.10836	0.10836	0.1414	0.03799	0.03799	0.03799	0.0	0.06777	1.00506	0.03738	0.0638	0.03871	0.02202	0.04308	0.04308	0.03799	0.06674	0.03799	0.03799	0.07169	0.03799	0.10243	0.03799	0.10836	0.19403	0.0284	0.07534	0.09238	0.10065	0.00293	0.02842	0.06777	0.06777	0.00293	0.00293	0.06777	0.06777	0.04917	0.06777	0.06777	0.06777	0.06777	0.06777	0.00293	0.00293	0.00293	0.00293	0.00293	0.06777	0.084	0.0502	0.06333	0.05856	
0.24111	0.32925	0.07669	0.50443	0.62222	0.01879	0.62217	1.03717	0.01879	0.0861	0.0861	0.01879	0.06756	0.01879	0.01879	0.6175	0.0	0.01879	0.09177	0.0	0.6162	0.01879	0.21122	1.03717	0.01879	0.01879	1.03717	0.01879	1.03717	1.03717	1.03717	1.03717	0.0861	1.03717	1.03717	1.03717	0.62516	0.0	0.0	0.0	0.5544	0.0	0.0	0.0	0.06777	0.0	0.06777	0.12924	0.2534	0.28715	0.06756	1.03858	1.03858	0.0	0.62516	0.0	0.0	0.59361	0.0	0.32531	0.0	0.0	0.0	0.09177	0.35074	0.36222	0.33999	0.01879	0.0861	1.03717	1.03717	0.01879	0.01879	1.03717	1.03717	0.45356	1.03717	1.03717	1.03717	1.03717	1.03717	0.01879	0.01879	0.01879	0.01879	0.01879	1.03717	0.4446	0.18503	0.54233	0.0625	
0.08766	0.17688	0.05631	0.08587	0.1434	0.00293	0.09549	0.06777	0.00293	0.02842	0.02842	0.00293	0.02202	0.00293	0.00293	0.10186	0.0	0.00293	0.0284	0.0	0.0	0.00293	0.144	0.06777	0.00293	0.00293	0.06777	0.00293	0.06777	0.06777	0.06777	0.06777	0.02842	0.06777	0.06777	0.06777	0.06674	0.03799	0.10836	0.10836	0.1414	0.03799	0.03799	0.03799	1.00506	0.06777	0.0	0.03738	0.0638	0.03871	0.02202	0.04308	0.04308	0.03799	0.06674	0.03799	0.03799	0.07169	0.03799	0.10243	0.03799	0.10836	0.19403	0.0284	0.07534	0.09238	0.10065	0.00293	0.02842	0.06777	0.06777	0.00293	0.00293	0.06777	0.06777	0.04917	0.06777	0.06777	0.06777	0.06777	0.06777	0.00293	0.00293	0.00293	0.00293	0.00293	0.06777	0.084	0.0502	0.06333	0.05856	
0.78244	0.27895	0.50772	0.39797	0.25161	0.00216	0.25157	0.12924	0.00216	0.0499	0.0499	0.00216	0.0372	0.00216	0.00216	0.47392	0.0	0.00216	0.57318	0.0	0.35995	0.00216	0.128	0.12924	0.00216	0.00216	0.12924	0.00216	0.12924	0.12924	0.12924	0.12924	0.0499	0.12924	0.12924	0.12924	0.14831	0.04748	0.41138	0.41138	0.30765	0.04748	0.04748	0.04748	0.03738	0.12924	0.03738	0.0	0.50249	0.06522	0.0372	0.08444	0.08444	0.04748	0.14831	0.04748	0.04748	0.62458	0.04748	0.50546	0.04748	0.41138	0.44432	0.57318	0.19711	0.21315	0.15926	0.00216	0.0499	0.12924	0.12924	0.00216	0.00216	0.12924	0.12924	0.08929	0.12924	0.12924	0.12924	0.12924	0.12924	0.00216	0.00216	0.00216	0.00216	0.00216	0.12924	0.18415	0.58273	0.15107	0.18239	
0.63919	0.17796	0.30673	0.76725	0.35388	0.00633	0.35385	0.2534	0.00633	0.08613	0.08613	0.00633	0.06364	0.00633	0.00633	0.58409	1.14514	0.00633	0.22028	0.0	0.19096	0.00633	0.25222	0.2534	0.00633	0.00633	0.2534	0.00633	0.2534	0.2534	0.2534	0.2534	0.08613	0.2534	0.2534	0.2534	0.31531	0.26406	0.3759	0.3759	0.28924	0.26406	0.26406	0.26406	0.0638	0.2534	0.0638	0.50249	0.0	0.49239	0.06364	0.25139	0.25139	0.26406	0.31531	0.26406	0.26406	0.46042	0.26406	0.3873	0.26406	0.3759	0.29228	0.22028	0.3459	0.25346	0.12222	0.00633	0.08613	0.2534	0.2534	0.00633	0.00633	0.2534	0.2534	0.08655	0.2534	0.2534	0.2534	0.2534	0.2534	0.00633	0.00633	0.00633	0.00633	0.00633	0.2534	0.24469	0.33044	0.43318	0.3337	
0.11606	0.15985	0.10164	0.37546	0.19349	0.01275	0.19345	0.28715	0.01275	0.048	0.048	0.01275	0.03846	0.01275	0.01275	0.1923	0.8449	0.01275	0.04965	0.0	0.27979	0.01275	0.10403	0.28715	0.01275	0.01275	0.28715	0.01275	0.28715	0.28715	0.28715	0.28715	0.048	0.28715	0.28715	0.28715	0.30625	0.0	0.0	0.0	0.27622	0.0	0.0	0.0	0.03871	0.28715	0.03871	0.06522	0.49239	0.0	0.03846	0.32264	0.32264	0.0	0.30625	0.0	0.0	0.29078	0.0	0.15797	0.0	0.0	0.0	0.04965	0.48402	0.15812	0.15308	0.01275	0.048	0.28715	0.28715	0.01275	0.01275	0.28715	0.28715	0.04409	0.28715	0.28715	0.28715	0.28715	0.28715	0.01275	0.01275	0.01275	0.01275	0.01275	0.28715	0.18421	0.0881	0.40367	0.20847	
0.20423	0.45543	0.05616	0.08575	0.09538	0.00235	0.14321	0.06756	0.00235	0.02815	0.02815	0.00235	1.00391	0.00235	0.00235	0.10171	0.0	0.00235	0.02814	0.0	0.0	0.00235	0.14378	0.06756	0.00235	0.00235	0.06756	0.00235	0.06756	0.06756	0.06756	0.06756	0.02815	0.06756	0.06756	0.06756	0.06747	0.03951	0.11125	0.11125	0.14287	0.03951	0.03951	0.03951	0.02202	0.06756	0.02202	0.0372	0.06364	0.03846	0.0	0.04328	0.04328	0.03951	0.06747	0.03951	0.03951	0.0724	0.03951	0.10294	0.03951	0.11125	0.0	0.02814	0.07519	0.09218	0.10045	0.00235	0.02815	0.06756	0.06756	0.00235	0.00235	0.06756	0.06756	0.04895	0.06756	0.06756	0.06756	0.06756	0.06756	0.00235	0.00235	0.00235	0.00235	0.00235	0.06756	0.10501	0.17504	0.0632	0.37349	
0.13629	0.18726	0.23349	0.64464	0.50572	0.00759	0.50566	1.03858	0.00759	0.0549	0.0549	0.00759	0.04328	0.00759	0.00759	0.50081	0.0	0.00759	0.06252	0.0	0.474	0.00759	0.14242	1.03858	0.00759	0.00759	1.03858	0.00759	1.03858	1.03858	1.03858	1.03858	0.0549	1.03858	1.03858	1.03858	0.35785	0.0	0.0	0.0	0.32123	0.0	0.0	0.0	0.04308	1.03858	0.04308	0.08444	0.25139	0.32264	0.04328	0.0	1.01454	0.0	0.35785	0.0	0.0	0.33978	0.0	0.18504	0.0	0.0	0.0	0.06252	0.409	0.26788	0.24203	0.00759	0.0549	1.03858	1.03858	0.00759	0.00759	1.03858	1.03858	1.00718	1.03858	1.03858	1.03858	1.03858	1.03858	0.00759	0.00759	0.00759	0.00759	0.00759	1.03858	0.33902	0.12271	0.72393	0.12058	
0.13629	0.18726	0.23349	0.64464	0.50572	0.00759	0.50566	1.03858	0.00759	0.0549	0.0549	0.00759	0.04328	0.00759	0.00759	0.50081	0.0	0.00759	0.06252	0.0	0.474	0.00759	0.14242	1.03858	0.00759	0.00759	1.03858	0.00759	1.03858	1.03858	1.03858	1.03858	0.0549	1.03858	1.03858	1.03858	0.35785	0.0	0.0	0.0	0.32123	0.0	0.0	0.0	0.04308	1.03858	0.04308	0.08444	0.25139	0.32264	0.04328	1.01454	0.0	0.0	0.35785	0.0	0.0	0.33978	0.0	0.18504	0.0	0.0	0.0	0.06252	0.409	0.26788	0.24203	0.00759	0.0549	1.03858	1.03858	0.00759	0.00759	1.03858	1.03858	1.00718	1.03858	1.03858	1.03858	1.03858	1.03858	0.00759	0.00759	0.00759	0.00759	0.00759	1.03858	0.33902	0.12271	0.72393	0.12058	
0.0062	0.01103	0.04324	0.49714	0.50671	0.0	0.50659	0.0	0.0	0.03743	0.03743	0.0	0.03951	0.0	0.0	0.49721	1.38489	0.0	0.05348	0.0	0.0	0.0	0.08059	0.0	0.0	0.0	0.0	0.0	0.0	0.0	0.0	0.0	0.03743	0.0	0.0	0.0	0.02608	0.0	0.0	0.0	0.03179	0.0	0.0	0.0	0.03799	0.0	0.03799	0.04748	0.26406	0.0	0.03951	0.0	0.0	0.0	0.02608	0.0	0.0	0.02472	0.0	0.01095	0.0	0.0	0.0	0.05348	0.33956	0.21338	0.16314	0.0	0.03743	0.0	0.0	0.0	0.0	0.0	0.0	0.0	0.0	0.0	0.0	0.0	0.0	0.0	0.0	0.0	0.0	0.0	0.0	0.30716	0.06668	0.63037	0.02388	
0.41404	0.1566	0.14526	0.465	0.64438	0.01059	0.64429	0.62516	0.01059	1.03178	1.03178	0.01059	0.06747	0.01059	0.01059	0.46505	1.01021	0.01059	0.1039	0.0	0.0	0.01059	0.19748	0.62516	0.01059	0.01059	0.62516	0.01059	0.62516	0.62516	0.62516	0.62516	1.03178	0.62516	0.62516	0.62516	1.02042	0.02608	0.05962	0.05962	1.04987	0.02608	0.02608	0.02608	0.06674	0.62516	0.06674	0.14831	0.31531	0.30625	0.06747	0.35785	0.35785	0.02608	0.0	0.02608	0.02608	0.08801	0.02608	0.53271	0.02608	0.05962	0.13157	0.1039	0.26198	1.20773	0.16449	0.01059	1.03178	0.62516	0.62516	0.01059	0.01059	0.62516	0.62516	0.44384	0.62516	0.62516	0.62516	0.62516	0.62516	0.01059	0.01059	0.01059	0.01059	0.01059	0.62516	0.1956	0.25047	1.62471	0.15557	
0.0062	0.01103	0.04324	0.49714	0.50671	0.0	0.50659	0.0	0.0	0.03743	0.03743	0.0	0.03951	0.0	0.0	0.49721	1.38489	0.0	0.05348	0.0	0.0	0.0	0.08059	0.0	0.0	0.0	0.0	0.0	0.0	0.0	0.0	0.0	0.03743	0.0	0.0	0.0	0.02608	0.0	0.0	0.0	0.03179	0.0	0.0	0.0	0.03799	0.0	0.03799	0.04748	0.26406	0.0	0.03951	0.0	0.0	0.0	0.02608	0.0	0.0	0.02472	0.0	0.01095	0.0	0.0	0.0	0.05348	0.33956	0.21338	0.16314	0.0	0.03743	0.0	0.0	0.0	0.0	0.0	0.0	0.0	0.0	0.0	0.0	0.0	0.0	0.0	0.0	0.0	0.0	0.0	0.0	0.30716	0.06668	0.63037	0.02388	
0.0062	0.01103	0.04324	0.49714	0.50671	0.0	0.50659	0.0	0.0	0.03743	0.03743	0.0	0.03951	0.0	0.0	0.49721	1.38489	0.0	0.05348	0.0	0.0	0.0	0.08059	0.0	0.0	0.0	0.0	0.0	0.0	0.0	0.0	0.0	0.03743	0.0	0.0	0.0	0.02608	0.0	0.0	0.0	0.03179	0.0	0.0	0.0	0.03799	0.0	0.03799	0.04748	0.26406	0.0	0.03951	0.0	0.0	0.0	0.02608	0.0	0.0	0.02472	0.0	0.01095	0.0	0.0	0.0	0.05348	0.33956	0.21338	0.16314	0.0	0.03743	0.0	0.0	0.0	0.0	0.0	0.0	0.0	0.0	0.0	0.0	0.0	0.0	0.0	0.0	0.0	0.0	0.0	0.0	0.30716	0.06668	0.63037	0.02388	
0.43531	0.17777	0.62033	0.6233	0.45769	0.01002	0.45761	0.59361	0.01002	0.09397	0.09397	0.01002	0.0724	0.01002	0.01002	0.62335	1.00613	0.01002	1.04808	0.0	0.0	0.01002	0.33221	0.59361	0.01002	0.01002	0.59361	0.01002	0.59361	0.59361	0.59361	0.59361	0.09397	0.59361	0.59361	0.59361	0.08801	0.02472	0.0	0.0	0.49526	0.02472	0.02472	0.02472	0.07169	0.59361	0.07169	0.62458	0.46042	0.29078	0.0724	0.33978	0.33978	0.02472	0.08801	0.02472	0.02472	0.0	0.02472	0.56055	0.02472	0.0	0.0	1.04808	1.33415	0.18629	1.15773	0.01002	0.09397	0.59361	0.59361	0.01002	0.01002	0.59361	0.59361	0.42143	0.59361	0.59361	0.59361	0.59361	0.59361	0.01002	0.01002	0.01002	0.01002	0.01002	0.59361	0.19756	0.58911	0.4051	0.61516	
0.0062	0.01103	0.04324	0.49714	0.50671	0.0	0.50659	0.0	0.0	0.03743	0.03743	0.0	0.03951	0.0	0.0	0.49721	1.38489	0.0	0.05348	0.0	0.0	0.0	0.08059	0.0	0.0	0.0	0.0	0.0	0.0	0.0	0.0	0.0	0.03743	0.0	0.0	0.0	0.02608	0.0	0.0	0.0	0.03179	0.0	0.0	0.0	0.03799	0.0	0.03799	0.04748	0.26406	0.0	0.03951	0.0	0.0	0.0	0.02608	0.0	0.0	0.02472	0.0	0.01095	0.0	0.0	0.0	0.05348	0.33956	0.21338	0.16314	0.0	0.03743	0.0	0.0	0.0	0.0	0.0	0.0	0.0	0.0	0.0	0.0	0.0	0.0	0.0	0.0	0.0	0.0	0.0	0.0	0.30716	0.06668	0.63037	0.02388	
0.77328	0.51605	0.5024	0.50454	0.50475	0.00282	0.50469	0.32531	0.00282	0.53867	0.53867	0.00282	0.10294	0.00282	0.00282	0.50458	0.64106	0.00282	0.57644	0.0	0.0	0.00282	0.29502	0.32531	0.00282	0.00282	0.32531	0.00282	0.32531	0.32531	0.32531	0.32531	0.53867	0.32531	0.32531	0.32531	0.53271	0.01095	0.49836	0.49836	1.48861	0.01095	0.01095	0.01095	0.10243	0.32531	0.10243	0.50546	0.3873	0.15797	0.10294	0.18504	0.18504	0.01095	0.53271	0.01095	0.01095	0.56055	0.01095	0.0	0.01095	0.49836	0.48278	0.57644	0.73452	0.631	0.63703	0.00282	0.53867	0.32531	0.32531	0.00282	0.00282	0.32531	0.32531	0.23017	0.32531	0.32531	0.32531	0.32531	0.32531	0.00282	0.00282	0.00282	0.00282	0.00282	0.32531	0.19218	0.60992	0.84981	0.51627	
0.0062	0.01103	0.04324	0.49714	0.50671	0.0	0.50659	0.0	0.0	0.03743	0.03743	0.0	0.03951	0.0	0.0	0.49721	1.38489	0.0	0.05348	0.0	0.0	0.0	0.08059	0.0	0.0	0.0	0.0	0.0	0.0	0.0	0.0	0.0	0.03743	0.0	0.0	0.0	0.02608	0.0	0.0	0.0	0.03179	0.0	0.0	0.0	0.03799	0.0	0.03799	0.04748	0.26406	0.0	0.03951	0.0	0.0	0.0	0.02608	0.0	0.0	0.02472	0.0	0.01095	0.0	0.0	0.0	0.05348	0.33956	0.21338	0.16314	0.0	0.03743	0.0	0.0	0.0	0.0	0.0	0.0	0.0	0.0	0.0	0.0	0.0	0.0	0.0	0.0	0.0	0.0	0.0	0.0	0.30716	0.06668	0.63037	0.02388	
0.30574	0.07726	0.40127	0.76366	0.55205	0.0	0.55375	0.0	0.0	0.12134	0.12134	0.0	0.11125	0.0	0.0	0.76379	1.19835	0.0	0.0	0.0	1.56047	0.0	0.4777	0.0	0.0	0.0	0.0	0.0	0.0	0.0	0.0	0.0	0.12134	0.0	0.0	0.0	0.05962	0.0	0.0	0.0	0.04556	0.0	0.0	0.0	0.10836	0.0	0.10836	0.41138	0.3759	0.0	0.11125	0.0	0.0	0.0	0.05962	0.0	0.0	0.0	0.0	0.49836	0.0	0.0	0.0	0.0	0.0	0.09648	0.0	0.0	0.12134	0.0	0.0	0.0	0.0	0.0	0.0	0.0	0.0	0.0	0.0	0.0	0.0	0.0	0.0	0.0	0.0	0.0	0.0	0.16602	0.37922	0.58523	0.77814	
0.42486	0.39933	0.33219	0.60604	0.82162	0.0	0.51839	0.0	0.0	0.24223	0.24223	0.0	0.0	0.0	0.0	0.60618	1.19826	0.0	0.0	0.0	1.56037	0.0	0.27743	0.0	0.0	0.0	0.0	0.0	0.0	0.0	0.0	0.0	0.24223	0.0	0.0	0.0	0.13157	0.0	0.0	0.0	0.06598	0.0	0.0	0.0	0.19403	0.0	0.19403	0.44432	0.29228	0.0	0.0	0.0	0.0	0.0	0.13157	0.0	0.0	0.0	0.0	0.48278	0.0	0.0	0.0	0.0	0.0	0.0339	0.0	0.0	0.24223	0.0	0.0	0.0	0.0	0.0	0.0	0.0	0.0	0.0	0.0	0.0	0.0	0.0	0.0	0.0	0.0	0.0	0.0	0.0	0.33178	0.6135	0.0	
0.45531	0.18986	0.45689	0.17666	0.14479	0.00052	0.14475	0.09177	0.00052	0.03721	0.03721	0.00052	0.02814	0.00052	0.00052	0.21036	0.0	0.00052	1.00044	0.0	0.16914	0.00052	0.08722	0.09177	0.00052	0.00052	0.09177	0.00052	0.09177	0.09177	0.09177	0.09177	0.03721	0.09177	0.09177	0.09177	0.1039	0.05348	0.0	0.0	0.32344	0.05348	0.05348	0.05348	0.0284	0.09177	0.0284	0.57318	0.22028	0.04965	0.02814	0.06252	0.06252	0.05348	0.1039	0.05348	0.05348	1.04808	0.05348	0.57644	0.05348	0.0	0.0	0.0	0.1812	0.13622	0.12963	0.00052	0.03721	0.09177	0.09177	0.00052	0.00052	0.09177	0.09177	0.06532	0.09177	0.09177	0.09177	0.09177	0.09177	0.00052	0.00052	0.00052	0.00052	0.00052	0.09177	0.12117	0.48334	0.09274	0.171	
