0.0	0.0	0.00015	0.0	0.0	0.0	0.0	0.0	0.0	0.0	0.0	0.01098	0.0	0.01612	0.0	0.00015	0.0	0.0	0.0	0.0	0.0	0.0	0.0	0.00416	0.01302	0.0	0.00048	0.0	0.0	0.0	0.0	0.0	0.0	0.0	0.05094	0.00015	0.0	0.13024	0.00014	0.0	0.0	0.00012	0.01302	0.0001	0.0	0.0	0.00031	0.00012	0.00015	0.0	0.0	0.01564	0.00015	0.0	0.00015	0.0	0.0	0.00015	0.00015	0.0	0.0	0.07398	0.0	0.0	0.0	0.0	0.0097	0.0	0.0	0.0	0.0	0.0	0.0	0.0	0.0	0.0	0.0	0.00012	0.01147	0.0	0.0	0.00015	2e-05	0.0	0.0	0.0	0.0	0.0	0.0	
0.0	0.0	2e-05	0.0	0.0	0.0	0.0	0.0	0.0	0.0	0.0397	0.06645	0.0	0.03952	0.0	2e-05	0.0397	0.04727	0.0	0.0	0.00084	0.0	0.0	0.03687	0.0	0.0	0.00048	0.0	0.0	0.0	0.0	0.0	0.0	0.0	0.00142	0.00015	0.0	0.04061	0.00014	0.0	0.0	0.00012	0.0	0.0001	0.0	0.0	0.00031	0.00012	2e-05	0.0	0.0	0.07185	0.00015	0.0	2e-05	0.0	0.0	2e-05	2e-05	0.0	0.0	0.17464	0.0	0.0	0.0	0.0	0.05777	0.0	0.0	0.0	0.0	0.0	0.0	0.0	0.0	0.0	0.0	0.00012	0.01407	0.0	0.0	2e-05	2e-05	0.0	0.0	0.0397	0.0	0.0	0.0	
0.00015	2e-05	0.0	0.0	0.0	0.00022	0.0	0.0	0.0	0.00022	0.0	0.00031	0.0	0.0	0.0	0.0	0.0	0.0	0.00014	0.0	0.0	0.0	0.0	0.0	0.00025	0.0	0.00048	0.0	0.00048	0.00048	0.0	0.0	0.0	0.0	0.0	0.00015	0.0	0.0	0.0	0.0	2e-05	0.00012	0.00012	8e-05	0.0	0.00015	4e-05	0.0	0.0	0.00014	2e-05	0.00014	0.00048	0.0	0.0	0.0	0.0	0.0	0.0	0.0	0.0	2e-05	0.0	0.0	0.0	0.0	0.00015	2e-05	0.00012	0.0	0.0	0.0	0.00015	0.00015	0.0	0.0	0.0	0.00048	0.0	0.0	0.0	0.0	0.0	0.0	0.0	0.0	0.0	0.0	0.00015	
0.0	0.0	0.0	0.0	0.0	0.0	0.0	0.0	0.0	0.0	0.0	0.00031	0.0	0.0	0.0	0.0	0.0	0.0	0.00015	0.0	0.0	0.0	0.0	0.00022	0.00012	0.0	0.00048	0.0	0.0	0.0	0.0	0.0	0.0	0.0	0.0	0.00015	0.0	0.00031	0.00014	0.0	0.0	0.00012	0.00012	0.0001	0.0	0.00015	0.00031	0.00012	0.0	0.0	0.0	0.00014	0.00015	0.0	0.0	0.0	0.0	0.0	0.0	0.0	0.0	2e-05	0.0	0.0	0.0	0.0	0.00015	0.0	0.0	0.0	0.0	0.0	0.0	0.00015	0.0	0.0	0.0	0.00012	0.0	0.0	0.0	0.0	2e-05	0.0	0.0	0.0	0.0	0.0	0.0	
0.0	0.0	0.0	0.0	0.0	0.0	0.0	0.0	0.0	0.0	0.0	0.00031	0.0	0.0	0.0	0.0	0.0	0.0	0.00015	0.0	0.0	0.0	0.0	0.00022	0.00012	0.0	0.00048	0.0	0.0	0.0	0.0	0.0	0.0	0.0	0.0	0.00015	0.0	0.00031	0.00014	0.0	0.0	0.00012	0.00012	0.0001	0.0	0.00015	0.00031	0.00012	0.0	0.0	0.0	0.00014	0.00015	0.0	0.0	0.0	0.0	0.0	0.0	0.0	0.0	2e-05	0.0	0.0	0.0	0.0	0.00015	0.0	0.0	0.0	0.0	0.0	0.0	0.00015	0.0	0.0	0.0	0.00012	0.0	0.0	0.0	0.0	2e-05	0.0	0.0	0.0	0.0	0.0	0.0	
0.0	0.0	0.00022	0.0	0.0	0.0	0.0	0.0	0.0	0.0	0.01914	0.0177	0.0	0.01336	0.0	0.00022	0.01914	0.0	0.0	0.0	0.10117	0.03259	0.0	0.04455	0.1643	0.03259	0.00048	0.0	0.0	0.0	0.0	0.0	0.0	0.0	0.09788	0.00015	0.0	0.02771	0.00014	0.0	0.0	0.00012	0.1643	0.0001	0.0	0.0	0.00031	0.00012	0.00022	0.0	0.0	0.01575	0.00015	0.0	0.00022	0.0	0.0	0.00022	0.00022	0.0	0.0	0.00166	0.0	0.0	0.0	0.0	0.01605	0.0	0.0	0.0	0.0	0.0	0.0	0.0	0.0	0.0	0.0	0.00012	0.04687	0.0	0.0	0.00022	2e-05	0.0	0.0	0.01914	0.0	0.0	0.0	
0.0	0.0	0.0	0.0	0.0	0.0	0.0	0.0	0.0	0.0	0.00015	2e-05	0.0	0.00031	0.0	0.0	0.00015	0.00012	0.0	0.0	0.0	0.00014	0.0	0.00012	0.0	0.00014	0.00048	0.0	0.0	0.0	0.0	0.0	0.0	0.0	0.0	0.00015	0.0	0.00048	0.00014	0.0	0.0	0.00012	0.0	0.0001	0.0	0.0	0.00031	0.00012	0.0	0.0	0.0	2e-05	0.00015	0.0	0.0	0.0	0.0	0.0	0.0	0.0	0.0	0.00012	0.0	0.0	0.0	0.0	0.0	0.0	0.0	0.0	0.0	0.0	0.0	0.0	0.0	0.0	0.0	0.00012	0.00012	0.0	0.0	0.0	2e-05	0.0	0.0	0.00015	0.0	0.0	0.0	
0.0	0.0	0.0	0.0	0.0	0.0	0.0	0.0	0.0	0.0	0.0	0.00031	0.0	0.0	0.0	0.0	0.0	0.0	0.00015	0.0	0.0	0.0	0.0	0.00022	0.00012	0.0	0.00048	0.0	0.0	0.0	0.0	0.0	0.0	0.0	0.0	0.00015	0.0	0.00031	0.00014	0.0	0.0	0.00012	0.00012	0.0001	0.0	0.00015	0.00031	0.00012	0.0	0.0	0.0	0.00014	0.00015	0.0	0.0	0.0	0.0	0.0	0.0	0.0	0.0	2e-05	0.0	0.0	0.0	0.0	0.00015	0.0	0.0	0.0	0.0	0.0	0.0	0.00015	0.0	0.0	0.0	0.00012	0.0	0.0	0.0	0.0	2e-05	0.0	0.0	0.0	0.0	0.0	0.0	
0.0	0.0	0.0	0.0	0.0	0.0	0.0	0.0	0.0	0.0	0.0	0.00031	0.0	0.0	0.0	0.0	0.0	0.0	0.00015	0.0	0.0	0.0	0.0	0.00022	0.00012	0.0	0.00048	0.0	0.0	0.0	0.0	0.0	0.0	0.0	0.0	0.00015	0.0	0.00031	0.00014	0.0	0.0	0.00012	0.00012	0.0001	0.0	0.00015	0.00031	0.00012	0.0	0.0	0.0	0.00014	0.00015	0.0	0.0	0.0	0.0	0.0	0.0	0.0	0.0	2e-05	0.0	0.0	0.0	0.0	0.00015	0.0	0.0	0.0	0.0	0.0	0.0	0.00015	0.0	0.0	0.0	0.00012	0.0	0.0	0.0	0.0	2e-05	0.0	0.0	0.0	0.0	0.0	0.0	
0.0	0.0	0.00022	0.0	0.0	0.0	0.0	0.0	0.0	0.0	0.02198	0.02206	0.0	0.01409	0.0	0.00022	0.02198	0.16426	0.04519	0.0	0.09787	0.0	0.0	0.08239	0.0	0.0	0.00048	0.0	0.0	0.0	0.0	0.0	0.0	0.0	0.10116	0.00015	0.0	0.02896	0.00014	0.0	0.0	0.00012	0.0	0.0001	0.0	0.04519	0.00031	0.00012	0.00022	0.0	0.0	0.02748	0.00015	0.0	0.00022	0.0	0.0	0.00022	0.00022	0.0	0.0	0.00227	0.0	0.0	0.0	0.0	0.01923	0.0	0.0	0.0	0.0	0.0	0.0	0.04519	0.0	0.0	0.0	0.00012	0.0824	0.0	0.0	0.00022	2e-05	0.0	0.0	0.02198	0.0	0.0	0.0	
0.0	0.0397	0.0	0.0	0.0	0.01914	0.00015	0.0	0.0	0.02198	0.0	0.00031	0.00015	0.0	0.0	0.0	0.0	0.0	0.08797	0.0	0.0	0.0	0.0	0.0452	0.00637	0.0	0.00048	0.0	0.07741	0.04393	0.0	0.02119	0.02119	0.02119	0.0	0.00015	0.0	0.0	0.0	0.0	0.03531	0.00012	0.00012	0.06968	0.0	0.00015	0.00668	0.0	0.0	0.00838	0.03531	0.00014	0.01159	0.0	0.0	0.0	0.0	0.0	0.0	0.00015	0.0	2e-05	0.0	0.00015	0.00015	0.0	0.00015	0.0397	0.01302	0.0	0.00015	0.0	0.0	0.00015	0.0	0.00015	0.0	0.01911	0.0	0.0	0.0	0.0	0.0	0.0	0.0	0.0	0.0	0.00015	0.0	
0.01098	0.06645	0.00031	0.00031	0.00031	0.0177	2e-05	0.00031	0.00031	0.02206	0.00031	0.0	2e-05	0.00031	0.00031	0.00031	0.00031	0.00031	5e-05	0.0	0.00031	0.00031	0.00031	0.15789	0.16901	0.00031	0.17957	0.00031	0.03923	0.03113	0.0	0.08643	0.08643	0.08643	0.12035	0.03844	0.12035	0.0	0.02818	0.00031	0.05389	0.01772	0.01772	0.01969	0.05958	0.03845	0.0	0.04202	0.00031	0.11842	0.05389	0.02545	0.014	0.00031	0.00031	0.00031	0.00031	0.00031	0.00031	2e-05	0.00031	0.24734	0.00031	2e-05	2e-05	0.00031	0.03845	0.06645	0.00466	0.0287	2e-05	0.00031	0.01098	0.03845	0.00031	2e-05	0.00031	0.11897	0.00031	0.00031	0.00031	0.00031	0.0	0.00031	0.00031	0.00031	0.00031	2e-05	0.01098	
0.0	0.0	0.0	0.0	0.0	0.0	0.0	0.0	0.0	0.0	0.00015	2e-05	0.0	0.00031	0.0	0.0	0.00015	0.00012	0.0	0.0	0.0	0.00014	0.0	0.00012	0.0	0.00014	0.00048	0.0	0.0	0.0	0.0	0.0	0.0	0.0	0.0	0.00015	0.0	0.00048	0.00014	0.0	0.0	0.00012	0.0	0.0001	0.0	0.0	0.00031	0.00012	0.0	0.0	0.0	2e-05	0.00015	0.0	0.0	0.0	0.0	0.0	0.0	0.0	0.0	0.00012	0.0	0.0	0.0	0.0	0.0	0.0	0.0	0.0	0.0	0.0	0.0	0.0	0.0	0.0	0.0	0.00012	0.00012	0.0	0.0	0.0	2e-05	0.0	0.0	0.00015	0.0	0.0	0.0	
0.01612	0.03952	0.0	0.0	0.0	0.01336	0.00031	0.0	0.0	0.01409	0.0	0.00031	0.00031	0.0	0.0	0.0	0.0	0.0	0.0292	0.0	0.0	0.0	0.0	0.04207	0.00396	0.0	0.00048	0.0	0.04633	0.02862	0.0	0.0	0.0	0.0	0.0	0.00015	0.0	0.36857	0.0	0.0	0.07185	0.00012	0.00012	0.09583	0.02871	0.00015	0.00468	0.0	0.0	0.00647	0.07185	0.00014	0.09524	0.0	0.0	0.0	0.0	0.0	0.0	0.00031	0.0	2e-05	0.0	0.00031	0.00031	0.0	0.00015	0.03952	0.00828	0.0	0.00031	0.0	0.01612	0.00015	0.0	0.00031	0.0	0.01222	0.0	0.0	0.0	0.0	0.14491	0.0	0.0	0.0	0.0	0.00031	0.01612	
0.0	0.0	0.0	0.0	0.0	0.0	0.0	0.0	0.0	0.0	0.0	0.00031	0.0	0.0	0.0	0.0	0.0	0.0	0.00015	0.0	0.0	0.0	0.0	0.00022	0.00012	0.0	0.00048	0.0	0.0	0.0	0.0	0.0	0.0	0.0	0.0	0.00015	0.0	0.00031	0.00014	0.0	0.0	0.00012	0.00012	0.0001	0.0	0.00015	0.00031	0.00012	0.0	0.0	0.0	0.00014	0.00015	0.0	0.0	0.0	0.0	0.0	0.0	0.0	0.0	2e-05	0.0	0.0	0.0	0.0	0.00015	0.0	0.0	0.0	0.0	0.0	0.0	0.00015	0.0	0.0	0.0	0.00012	0.0	0.0	0.0	0.0	2e-05	0.0	0.0	0.0	0.0	0.0	0.0	
0.00015	2e-05	0.0	0.0	0.0	0.00022	0.0	0.0	0.0	0.00022	0.0	0.00031	0.0	0.0	0.0	0.0	0.0	0.0	0.00014	0.0	0.0	0.0	0.0	0.0	0.00025	0.0	0.00048	0.0	0.00048	0.00048	0.0	0.0	0.0	0.0	0.0	0.00015	0.0	0.0	0.0	0.0	2e-05	0.00012	0.00012	8e-05	0.0	0.00015	4e-05	0.0	0.0	0.00014	2e-05	0.00014	0.00048	0.0	0.0	0.0	0.0	0.0	0.0	0.0	0.0	2e-05	0.0	0.0	0.0	0.0	0.00015	2e-05	0.00012	0.0	0.0	0.0	0.00015	0.00015	0.0	0.0	0.0	0.00048	0.0	0.0	0.0	0.0	0.0	0.0	0.0	0.0	0.0	0.0	0.00015	
0.0	0.0397	0.0	0.0	0.0	0.01914	0.00015	0.0	0.0	0.02198	0.0	0.00031	0.00015	0.0	0.0	0.0	0.0	0.0	0.08797	0.0	0.0	0.0	0.0	0.0452	0.00637	0.0	0.00048	0.0	0.07741	0.04393	0.0	0.02119	0.02119	0.02119	0.0	0.00015	0.0	0.0	0.0	0.0	0.03531	0.00012	0.00012	0.06968	0.0	0.00015	0.00668	0.0	0.0	0.00838	0.03531	0.00014	0.01159	0.0	0.0	0.0	0.0	0.0	0.0	0.00015	0.0	2e-05	0.0	0.00015	0.00015	0.0	0.00015	0.0397	0.01302	0.0	0.00015	0.0	0.0	0.00015	0.0	0.00015	0.0	0.01911	0.0	0.0	0.0	0.0	0.0	0.0	0.0	0.0	0.0	0.00015	0.0	
0.0	0.04727	0.0	0.0	0.0	0.0	0.00012	0.0	0.0	0.16426	0.0	0.00031	0.00012	0.0	0.0	0.0	0.0	0.0	0.02009	0.0	0.0	0.0	0.0	0.04688	0.01166	0.0	0.00048	0.0	0.0	0.0563	0.0	0.01043	0.01043	0.01043	0.0	0.00015	0.0	0.01126	0.00624	0.0	0.0	0.00012	0.00012	0.02927	0.01646	0.00015	0.07852	0.0	0.0	0.00952	0.0	0.00014	0.00371	0.0	0.0	0.0	0.0	0.0	0.0	0.00012	0.0	2e-05	0.0	0.00012	0.00012	0.0	0.00015	0.04727	0.36387	0.0	0.00012	0.0	0.0	0.00015	0.0	0.00012	0.0	0.03188	0.0	0.0	0.0	0.0	0.01671	0.0	0.0	0.0	0.0	0.00012	0.0	
0.0	0.0	0.00014	0.00015	0.00015	0.0	0.0	0.00015	0.00015	0.04519	0.08797	5e-05	0.0	0.0292	0.00015	0.00014	0.08797	0.02009	0.0	0.0	0.27123	0.04978	0.00015	1e-05	0.02161	0.04978	0.29146	0.00015	0.0	0.13857	0.02118	0.0	0.0	0.0	0.00235	0.0	0.30442	0.0142	0.00838	0.00015	0.07136	0.02285	0.00055	0.00041	0.0	0.0	0.07465	0.00575	0.00014	0.0	0.07136	0.13559	0.0	0.00015	0.00014	0.00015	0.00015	0.00014	0.00014	0.0	0.00015	0.13625	0.00015	0.0	0.0	0.00015	0.0	0.0	0.01147	0.0	0.0	0.00015	0.0	0.0	0.00015	0.0	0.00015	0.11391	0.01623	0.00015	0.00015	0.00014	0.03969	0.00015	0.00015	0.08797	0.00015	0.0	0.0	
0.0	0.0	0.0	0.0	0.0	0.0	0.0	0.0	0.0	0.0	0.0	0.0	0.0	0.0	0.0	0.0	0.0	0.0	0.0	0.0	0.0	0.0	0.0	0.0	0.0	0.0	0.0	0.0	0.0	0.0	0.0	0.0	0.0	0.0	0.0	0.0	0.0	0.0	0.0	0.0	0.0	0.0	0.0	0.0	0.0	0.0	0.0	0.0	0.0	0.0	0.0	0.0	0.0	0.0	0.0	0.0	0.0	0.0	0.0	0.0	0.0	0.0	0.0	0.0	0.0	0.0	0.0	0.0	0.0	0.0	0.0	0.0	0.0	0.0	0.0	0.0	0.0	0.0	0.0	0.0	0.0	0.0	0.0	0.0	0.0	0.0	0.0	0.0	0.0	
0.0	0.00084	0.0	0.0	0.0	0.10117	0.0	0.0	0.0	0.09787	0.0	0.00031	0.0	0.0	0.0	0.0	0.0	0.0	0.27123	0.0	0.0	0.0	0.0	0.07745	0.08779	0.0	0.00048	0.0	0.00564	0.00365	0.0	0.04444	0.04444	0.04444	0.0	0.00015	0.0	0.0	0.10562	0.0	0.00142	0.00012	0.00012	0.21734	0.11457	0.00015	0.0228	0.0	0.0	0.03896	0.00142	0.00014	0.03423	0.0	0.0	0.0	0.0	0.0	0.0	0.0	0.0	2e-05	0.0	0.0	0.0	0.0	0.00015	0.00084	0.06028	0.0	0.0	0.0	0.0	0.00015	0.0	0.0	0.0	0.00731	0.0	0.0	0.0	0.0	0.002	0.0	0.0	0.0	0.0	0.0	0.0	
0.0	0.0	0.0	0.0	0.0	0.03259	0.00014	0.0	0.0	0.0	0.0	0.00031	0.00014	0.0	0.0	0.0	0.0	0.0	0.04978	0.0	0.0	0.0	0.0	0.01037	0.09959	0.0	0.00048	0.0	0.0	0.06467	0.0	0.01249	0.01249	0.01249	0.0	0.00015	0.0	0.01732	0.0	0.0	0.12957	0.00012	0.00012	0.04521	0.01982	0.00015	0.00466	0.00953	0.0	0.0	0.12957	0.00014	0.0064	0.0	0.0	0.0	0.0	0.0	0.0	0.00014	0.0	2e-05	0.0	0.00014	0.00014	0.0	0.00015	0.0	0.0	0.0	0.00014	0.0	0.0	0.00015	0.0	0.00014	0.0	0.05601	0.0	0.0	0.0	0.0	0.06645	0.0	0.0	0.0	0.0	0.00014	0.0	
0.0	0.0	0.0	0.0	0.0	0.0	0.0	0.0	0.0	0.0	0.0	0.00031	0.0	0.0	0.0	0.0	0.0	0.0	0.00015	0.0	0.0	0.0	0.0	0.00022	0.00012	0.0	0.00048	0.0	0.0	0.0	0.0	0.0	0.0	0.0	0.0	0.00015	0.0	0.00031	0.00014	0.0	0.0	0.00012	0.00012	0.0001	0.0	0.00015	0.00031	0.00012	0.0	0.0	0.0	0.00014	0.00015	0.0	0.0	0.0	0.0	0.0	0.0	0.0	0.0	2e-05	0.0	0.0	0.0	0.0	0.00015	0.0	0.0	0.0	0.0	0.0	0.0	0.00015	0.0	0.0	0.0	0.00012	0.0	0.0	0.0	0.0	2e-05	0.0	0.0	0.0	0.0	0.0	0.0	
0.00416	0.03687	0.0	0.00022	0.00022	0.04455	0.00012	0.00022	0.00022	0.08239	0.0452	0.15789	0.00012	0.04207	0.00022	0.0	0.0452	0.04688	1e-05	0.0	0.07745	0.01037	0.00022	0.0	0.04163	0.01037	0.38941	0.00022	0.0178	0.04162	0.02026	0.01044	0.01044	0.01044	0.0	0.07907	0.38001	0.16038	0.02687	0.00022	0.01512	0.27397	0.08239	0.48657	0.01648	0.02198	0.0	0.02757	0.0	0.01165	0.01512	0.16398	0.11692	0.00022	0.0	0.00022	0.00022	0.0	0.0	0.00012	0.00022	0.0	0.00022	0.00012	0.00012	0.00022	0.22845	0.03687	0.12225	0.03282	0.00012	0.00022	0.00416	0.02198	0.00022	0.00012	0.00022	0.15136	0.0	0.00022	0.00022	0.0	0.16092	0.00022	0.00022	0.0452	0.00022	0.00012	0.00416	
0.01302	0.0	0.00025	0.00012	0.00012	0.1643	0.0	0.00012	0.00012	0.0	0.00637	0.16901	0.0	0.00396	0.00012	0.00025	0.00637	0.01166	0.02161	0.0	0.08779	0.09959	0.00012	0.04163	0.0	0.09959	0.07805	0.00012	0.05631	0.0	0.01043	0.0	0.0	0.0	0.00408	0.02285	0.07039	0.00072	0.00247	0.00012	0.04728	0.00918	0.02921	0.00012	0.0	0.0635	0.03586	0.00157	0.00025	0.0	0.04728	0.00134	0.04667	0.00012	0.00025	0.00012	0.00012	0.00025	0.00025	0.0	0.00012	0.00761	0.00012	0.0	0.0	0.00012	0.18986	0.0	0.00536	0.01647	0.0	0.00012	0.01302	0.0635	0.00012	0.0	0.00012	0.01822	0.00247	0.00012	0.00012	0.00025	0.01407	0.00012	0.00012	0.00637	0.00012	0.0	0.01302	
0.0	0.0	0.0	0.0	0.0	0.03259	0.00014	0.0	0.0	0.0	0.0	0.00031	0.00014	0.0	0.0	0.0	0.0	0.0	0.04978	0.0	0.0	0.0	0.0	0.01037	0.09959	0.0	0.00048	0.0	0.0	0.06467	0.0	0.01249	0.01249	0.01249	0.0	0.00015	0.0	0.01732	0.0	0.0	0.12957	0.00012	0.00012	0.04521	0.01982	0.00015	0.00466	0.00953	0.0	0.0	0.12957	0.00014	0.0064	0.0	0.0	0.0	0.0	0.0	0.0	0.00014	0.0	2e-05	0.0	0.00014	0.00014	0.0	0.00015	0.0	0.0	0.0	0.00014	0.0	0.0	0.00015	0.0	0.00014	0.0	0.05601	0.0	0.0	0.0	0.0	0.06645	0.0	0.0	0.0	0.0	0.00014	0.0	
0.00048	0.00048	0.00048	0.00048	0.00048	0.00048	0.00048	0.00048	0.00048	0.00048	0.00048	0.17957	0.00048	0.00048	0.00048	0.00048	0.00048	0.00048	0.29146	0.0	0.00048	0.00048	0.00048	0.38941	0.07805	0.00048	0.0	0.00048	0.00048	0.00048	0.0569	0.05691	0.05691	0.05691	0.0172	0.29148	0.0172	0.17957	0.12778	0.00048	0.00048	0.07805	0.07805	0.01972	0.10016	0.29146	0.17956	0.07804	0.00048	0.00048	0.00048	0.12778	0.29145	0.00048	0.00048	0.00048	0.00048	0.00048	0.00048	0.00048	0.00048	0.00283	0.00048	0.00048	0.00048	0.00048	0.29147	0.00048	0.00048	0.10017	0.00048	0.00048	0.00048	0.29146	0.00048	0.00048	0.00048	0.07805	0.00048	0.00048	0.00048	0.00048	0.00283	0.00048	0.00048	0.00048	0.00048	0.00048	0.00048	
0.0	0.0	0.0	0.0	0.0	0.0	0.0	0.0	0.0	0.0	0.0	0.00031	0.0	0.0	0.0	0.0	0.0	0.0	0.00015	0.0	0.0	0.0	0.0	0.00022	0.00012	0.0	0.00048	0.0	0.0	0.0	0.0	0.0	0.0	0.0	0.0	0.00015	0.0	0.00031	0.00014	0.0	0.0	0.00012	0.00012	0.0001	0.0	0.00015	0.00031	0.00012	0.0	0.0	0.0	0.00014	0.00015	0.0	0.0	0.0	0.0	0.0	0.0	0.0	0.0	2e-05	0.0	0.0	0.0	0.0	0.00015	0.0	0.0	0.0	0.0	0.0	0.0	0.00015	0.0	0.0	0.0	0.00012	0.0	0.0	0.0	0.0	2e-05	0.0	0.0	0.0	0.0	0.0	0.0	
0.0	0.0	0.00048	0.0	0.0	0.0	0.0	0.0	0.0	0.0	0.07741	0.03923	0.0	0.04633	0.0	0.00048	0.07741	0.0	0.0	0.0	0.00564	0.0	0.0	0.0178	0.05631	0.0	0.00048	0.0	0.0	0.0	0.0	0.0	0.0	0.0	0.00365	0.00015	0.0	0.06933	0.00014	0.0	0.0	0.00012	0.05631	0.0001	0.0	0.0	0.00031	0.00012	0.00048	0.0	0.0	0.0427	0.00015	0.0	0.00048	0.0	0.0	0.00048	0.00048	0.0	0.0	0.01534	0.0	0.0	0.0	0.0	0.03407	0.0	0.0	0.0	0.0	0.0	0.0	0.0	0.0	0.0	0.0	0.00012	0.02362	0.0	0.0	0.00048	2e-05	0.0	0.0	0.07741	0.0	0.0	0.0	
0.0	0.0	0.00048	0.0	0.0	0.0	0.0	0.0	0.0	0.0	0.04393	0.03113	0.0	0.02862	0.0	0.00048	0.04393	0.0563	0.13857	0.0	0.00365	0.06467	0.0	0.04162	0.0	0.06467	0.00048	0.0	0.0	0.0	0.0	0.0	0.0	0.0	0.00563	0.00015	0.0	0.07741	0.00014	0.0	0.0	0.00012	0.0	0.0001	0.0	0.13856	0.00031	0.00012	0.00048	0.0	0.0	0.06542	0.00015	0.0	0.00048	0.0	0.0	0.00048	0.00048	0.0	0.0	0.01184	0.0	0.0	0.0	0.0	0.02836	0.0	0.0	0.0	0.0	0.0	0.0	0.13856	0.0	0.0	0.0	0.00012	0.02204	0.0	0.0	0.00048	2e-05	0.0	0.0	0.04393	0.0	0.0	0.0	
0.0	0.0	0.0	0.0	0.0	0.0	0.0	0.0	0.0	0.0	0.0	0.0	0.0	0.0	0.0	0.0	0.0	0.0	0.02118	0.0	0.0	0.0	0.0	0.02026	0.01043	0.0	0.0569	0.0	0.0	0.0	0.0	0.0	0.0	0.0	0.04443	0.02118	0.04443	0.0	0.01249	0.0	0.0	0.01043	0.01043	0.03714	0.0	0.02118	0.0	0.01043	0.0	0.0	0.0	0.01249	0.02118	0.0	0.0	0.0	0.0	0.0	0.0	0.0	0.0	0.08642	0.0	0.0	0.0	0.0	0.02118	0.0	0.0	0.0	0.0	0.0	0.0	0.02118	0.0	0.0	0.0	0.01043	0.0	0.0	0.0	0.0	0.08642	0.0	0.0	0.0	0.0	0.0	0.0	
0.0	0.0	0.0	0.0	0.0	0.0	0.0	0.0	0.0	0.0	0.02119	0.08643	0.0	0.0	0.0	0.0	0.02119	0.01043	0.0	0.0	0.04444	0.01249	0.0	0.01044	0.0	0.01249	0.05691	0.0	0.0	0.0	0.0	0.0	0.0	0.0	0.0	0.02118	0.04443	0.05691	0.01249	0.0	0.0	0.01043	0.0	0.03715	0.0	0.0	0.0	0.01043	0.0	0.0	0.0	0.08643	0.02118	0.0	0.0	0.0	0.0	0.0	0.0	0.0	0.0	0.01044	0.0	0.0	0.0	0.0	0.04443	0.0	0.0	0.0	0.0	0.0	0.0	0.0	0.0	0.0	0.0	0.01044	0.01044	0.0	0.0	0.0	0.08643	0.0	0.0	0.02119	0.0	0.0	0.0	
0.0	0.0	0.0	0.0	0.0	0.0	0.0	0.0	0.0	0.0	0.02119	0.08643	0.0	0.0	0.0	0.0	0.02119	0.01043	0.0	0.0	0.04444	0.01249	0.0	0.01044	0.0	0.01249	0.05691	0.0	0.0	0.0	0.0	0.0	0.0	0.0	0.0	0.02118	0.04443	0.05691	0.01249	0.0	0.0	0.01043	0.0	0.03715	0.0	0.0	0.0	0.01043	0.0	0.0	0.0	0.08643	0.02118	0.0	0.0	0.0	0.0	0.0	0.0	0.0	0.0	0.01044	0.0	0.0	0.0	0.0	0.04443	0.0	0.0	0.0	0.0	0.0	0.0	0.0	0.0	0.0	0.0	0.01044	0.01044	0.0	0.0	0.0	0.08643	0.0	0.0	0.02119	0.0	0.0	0.0	
0.0	0.0	0.0	0.0	0.0	0.0	0.0	0.0	0.0	0.0	0.02119	0.08643	0.0	0.0	0.0	0.0	0.02119	0.01043	0.0	0.0	0.04444	0.01249	0.0	0.01044	0.0	0.01249	0.05691	0.0	0.0	0.0	0.0	0.0	0.0	0.0	0.0	0.02118	0.04443	0.05691	0.01249	0.0	0.0	0.01043	0.0	0.03715	0.0	0.0	0.0	0.01043	0.0	0.0	0.0	0.08643	0.02118	0.0	0.0	0.0	0.0	0.0	0.0	0.0	0.0	0.01044	0.0	0.0	0.0	0.0	0.04443	0.0	0.0	0.0	0.0	0.0	0.0	0.0	0.0	0.0	0.0	0.01044	0.01044	0.0	0.0	0.0	0.08643	0.0	0.0	0.02119	0.0	0.0	0.0	
0.05094	0.00142	0.0	0.0	0.0	0.09788	0.0	0.0	0.0	0.10116	0.0	0.12035	0.0	0.0	0.0	0.0	0.0	0.0	0.00235	0.0	0.0	0.0	0.0	0.0	0.00408	0.0	0.0172	0.0	0.00365	0.00563	0.04443	0.0	0.0	0.0	0.0	0.30442	0.0	0.02658	0.04978	0.0	0.00084	0.0704	0.07039	0.20366	0.0	0.30442	0.36501	0.01841	0.0	0.0	0.00084	0.19264	0.0852	0.0	0.0	0.0	0.0	0.0	0.0	0.0	0.0	0.00321	0.0	0.0	0.0	0.0	0.30442	0.00142	0.01713	0.11458	0.0	0.0	0.05094	0.30442	0.0	0.0	0.0	0.05816	0.0	0.0	0.0	0.0	0.0014	0.0	0.0	0.0	0.0	0.0	0.05094	
0.00015	0.00015	0.00015	0.00015	0.00015	0.00015	0.00015	0.00015	0.00015	0.00015	0.00015	0.03844	0.00015	0.00015	0.00015	0.00015	0.00015	0.00015	0.0	0.0	0.00015	0.00015	0.00015	0.07907	0.02285	0.00015	0.29148	0.00015	0.00015	0.00015	0.02118	0.02118	0.02118	0.02118	0.30442	0.0	0.30441	0.03845	0.03413	0.00015	0.00015	0.02285	0.02285	0.04516	0.0	0.0	0.03845	0.02285	0.00015	0.00015	0.00015	0.03413	0.0	0.00015	0.00015	0.00015	0.00015	0.00015	0.00015	0.00015	0.00015	0.14366	0.00015	0.00015	0.00015	0.00015	0.0	0.00015	0.00015	0.0	0.00015	0.00015	0.00015	0.0	0.00015	0.00015	0.00015	0.02285	0.00015	0.00015	0.00015	0.00015	0.14366	0.00015	0.00015	0.00015	0.00015	0.00015	0.00015	
0.0	0.0	0.0	0.0	0.0	0.0	0.0	0.0	0.0	0.0	0.0	0.12035	0.0	0.0	0.0	0.0	0.0	0.0	0.30442	0.0	0.0	0.0	0.0	0.38001	0.07039	0.0	0.0172	0.0	0.0	0.0	0.04443	0.04443	0.04443	0.04443	0.0	0.30441	0.0	0.12035	0.19264	0.0	0.0	0.07039	0.07039	0.0	0.11457	0.30443	0.12035	0.0704	0.0	0.0	0.0	0.19264	0.30443	0.0	0.0	0.0	0.0	0.0	0.0	0.0	0.0	0.00321	0.0	0.0	0.0	0.0	0.30441	0.0	0.0	0.11457	0.0	0.0	0.0	0.30443	0.0	0.0	0.0	0.07039	0.0	0.0	0.0	0.0	0.00321	0.0	0.0	0.0	0.0	0.0	0.0	
0.13024	0.04061	0.0	0.00031	0.00031	0.02771	0.00048	0.00031	0.00031	0.02896	0.0	0.0	0.00048	0.36857	0.00031	0.0	0.0	0.01126	0.0142	0.0	0.0	0.01732	0.00031	0.16038	0.00072	0.01732	0.17957	0.00031	0.06933	0.07741	0.0	0.05691	0.05691	0.05691	0.02658	0.03845	0.12035	0.0	0.06784	0.00031	0.04439	0.01772	0.00468	0.01326	0.10017	0.01159	0.0	0.04639	0.0	0.01274	0.04439	0.03191	0.01159	0.00031	0.0	0.00031	0.00031	0.0	0.0	0.00048	0.00031	0.11288	0.00031	0.00048	0.00048	0.00031	0.07686	0.04061	0.00637	0.0287	0.00048	0.00031	0.13024	0.01159	0.00031	0.00048	0.00031	0.00156	0.0	0.00031	0.00031	0.0	0.08992	0.00031	0.00031	0.0	0.00031	0.00048	0.13024	
0.00014	0.00014	0.0	0.00014	0.00014	0.00014	0.00014	0.00014	0.00014	0.00014	0.0	0.02818	0.00014	0.0	0.00014	0.0	0.0	0.00624	0.00838	0.0	0.10562	0.0	0.00014	0.02687	0.00247	0.0	0.12778	0.00014	0.00014	0.00014	0.01249	0.01249	0.01249	0.01249	0.04978	0.03413	0.19264	0.06784	0.0	0.00014	0.00014	0.01384	0.00247	0.0	0.01982	0.00838	0.02545	0.01384	0.0	0.00014	0.00014	0.0	0.03414	0.00014	0.0	0.00014	0.00014	0.0	0.0	0.00014	0.00014	0.10893	0.00014	0.00014	0.00014	0.00014	0.01455	0.00014	0.00014	0.01983	0.00014	0.00014	0.00014	0.00838	0.00014	0.00014	0.00014	0.01384	0.0	0.00014	0.00014	0.0	0.25119	0.00014	0.00014	0.0	0.00014	0.00014	0.00014	
0.0	0.0	0.0	0.0	0.0	0.0	0.0	0.0	0.0	0.0	0.0	0.00031	0.0	0.0	0.0	0.0	0.0	0.0	0.00015	0.0	0.0	0.0	0.0	0.00022	0.00012	0.0	0.00048	0.0	0.0	0.0	0.0	0.0	0.0	0.0	0.0	0.00015	0.0	0.00031	0.00014	0.0	0.0	0.00012	0.00012	0.0001	0.0	0.00015	0.00031	0.00012	0.0	0.0	0.0	0.00014	0.00015	0.0	0.0	0.0	0.0	0.0	0.0	0.0	0.0	2e-05	0.0	0.0	0.0	0.0	0.00015	0.0	0.0	0.0	0.0	0.0	0.0	0.00015	0.0	0.0	0.0	0.00012	0.0	0.0	0.0	0.0	2e-05	0.0	0.0	0.0	0.0	0.0	0.0	
0.0	0.0	2e-05	0.0	0.0	0.0	0.0	0.0	0.0	0.0	0.03531	0.05389	0.0	0.07185	0.0	2e-05	0.03531	0.0	0.07136	0.0	0.00142	0.12957	0.0	0.01512	0.04728	0.12957	0.00048	0.0	0.0	0.0	0.0	0.0	0.0	0.0	0.00084	0.00015	0.0	0.04439	0.00014	0.0	0.0	0.00012	0.04728	0.0001	0.0	0.07135	0.00031	0.00012	2e-05	0.0	0.0	0.04767	0.00015	0.0	2e-05	0.0	0.0	2e-05	2e-05	0.0	0.0	0.08628	0.0	0.0	0.0	0.0	0.04903	0.0	0.0	0.0	0.0	0.0	0.0	0.07135	0.0	0.0	0.0	0.00012	0.01671	0.0	0.0	2e-05	2e-05	0.0	0.0	0.03531	0.0	0.0	0.0	
0.00012	0.00012	0.00012	0.00012	0.00012	0.00012	0.00012	0.00012	0.00012	0.00012	0.00012	0.01772	0.00012	0.00012	0.00012	0.00012	0.00012	0.00012	0.02285	0.0	0.00012	0.00012	0.00012	0.27397	0.00918	0.00012	0.07805	0.00012	0.00012	0.00012	0.01043	0.01043	0.01043	0.01043	0.0704	0.02285	0.07039	0.01772	0.01384	0.00012	0.00012	0.0	0.0	0.06109	0.01647	0.02285	0.01772	0.0	0.00012	0.00012	0.00012	0.01384	0.02285	0.00012	0.00012	0.00012	0.00012	0.00012	0.00012	0.00012	0.00012	0.05751	0.00012	0.00012	0.00012	0.00012	0.02285	0.00012	0.00012	0.01647	0.00012	0.00012	0.00012	0.02285	0.00012	0.00012	0.00012	0.0	0.00012	0.00012	0.00012	0.00012	0.05751	0.00012	0.00012	0.00012	0.00012	0.00012	0.00012	
0.01302	0.0	0.00012	0.00012	0.00012	0.1643	0.0	0.00012	0.00012	0.0	0.00012	0.01772	0.0	0.00012	0.00012	0.00012	0.00012	0.00012	0.00055	0.0	0.00012	0.00012	0.00012	0.08239	0.02921	0.00012	0.07805	0.00012	0.05631	0.0	0.01043	0.0	0.0	0.0	0.07039	0.02285	0.07039	0.00468	0.00247	0.00012	0.04728	0.0	0.0	0.16402	0.0	0.02285	0.02169	0.12225	0.00012	0.0	0.04728	0.01384	0.04667	0.00012	0.00012	0.00012	0.00012	0.00012	0.00012	0.0	0.00012	0.05751	0.00012	0.0	0.0	0.00012	0.02285	0.0	0.0	0.01647	0.0	0.00012	0.01302	0.02285	0.00012	0.0	0.00012	0.0	0.00012	0.00012	0.00012	0.00012	0.01407	0.00012	0.00012	0.00012	0.00012	0.0	0.01302	
0.0001	0.0001	8e-05	0.0001	0.0001	0.0001	0.0001	0.0001	0.0001	0.0001	0.06968	0.01969	0.0001	0.09583	0.0001	8e-05	0.06968	0.02927	0.00041	0.0	0.21734	0.04521	0.0001	0.48657	0.00012	0.04521	0.01972	0.0001	0.0001	0.0001	0.03714	0.03715	0.03715	0.03715	0.20366	0.04516	0.0	0.01326	0.0	0.0001	0.0001	0.06109	0.16402	0.0	0.0001	0.00041	0.10521	0.06109	8e-05	0.0001	0.0001	0.13649	0.04516	0.0001	8e-05	0.0001	0.0001	8e-05	8e-05	0.0001	0.0001	0.08589	0.0001	0.0001	0.0001	0.0001	0.16287	0.0001	0.0001	0.0001	0.0001	0.0001	0.0001	0.00041	0.0001	0.0001	0.0001	0.06109	0.03585	0.0001	0.0001	8e-05	0.12067	0.0001	0.0001	0.06968	0.0001	0.0001	0.0001	
0.0	0.0	0.0	0.0	0.0	0.0	0.0	0.0	0.0	0.0	0.0	0.05958	0.0	0.02871	0.0	0.0	0.0	0.01646	0.0	0.0	0.11457	0.01982	0.0	0.01648	0.0	0.01982	0.10016	0.0	0.0	0.0	0.0	0.0	0.0	0.0	0.0	0.0	0.11457	0.10017	0.01982	0.0	0.0	0.01647	0.0	0.0001	0.0	0.0	0.02871	0.01646	0.0	0.0	0.0	0.05958	0.0	0.0	0.0	0.0	0.0	0.0	0.0	0.0	0.0	0.01647	0.0	0.0	0.0	0.0	0.11458	0.0	0.0	0.0	0.0	0.0	0.0	0.0	0.0	0.0	0.0	0.01647	0.01648	0.0	0.0	0.0	0.05958	0.0	0.0	0.0	0.0	0.0	0.0	
0.0	0.0	0.00015	0.00015	0.00015	0.0	0.0	0.00015	0.00015	0.04519	0.00015	0.03845	0.0	0.00015	0.00015	0.00015	0.00015	0.00015	0.0	0.0	0.00015	0.00015	0.00015	0.02198	0.0635	0.00015	0.29146	0.00015	0.0	0.13856	0.02118	0.0	0.0	0.0	0.30442	0.0	0.30443	0.01159	0.00838	0.00015	0.07135	0.02285	0.02285	0.00041	0.0	0.0	0.07464	0.00575	0.00015	0.0	0.07135	0.03414	0.0	0.00015	0.00015	0.00015	0.00015	0.00015	0.00015	0.0	0.00015	0.14366	0.00015	0.0	0.0	0.00015	0.0	0.0	0.01147	0.0	0.0	0.00015	0.0	0.0	0.00015	0.0	0.00015	0.1139	0.00015	0.00015	0.00015	0.00015	0.0397	0.00015	0.00015	0.00015	0.00015	0.0	0.0	
0.00031	0.00031	4e-05	0.00031	0.00031	0.00031	0.00031	0.00031	0.00031	0.00031	0.00668	0.0	0.00031	0.00468	0.00031	4e-05	0.00668	0.07852	0.07465	0.0	0.0228	0.00466	0.00031	0.0	0.03586	0.00466	0.17956	0.00031	0.00031	0.00031	0.0	0.0	0.0	0.0	0.36501	0.03845	0.12035	0.0	0.02545	0.00031	0.00031	0.01772	0.02169	0.10521	0.02871	0.07464	0.0	0.01772	4e-05	0.00031	0.00031	0.00941	0.03845	0.00031	4e-05	0.00031	0.00031	4e-05	4e-05	0.00031	0.00031	0.39802	0.00031	0.00031	0.00031	0.00031	0.01716	0.00031	0.00031	0.02871	0.00031	0.00031	0.00031	0.07464	0.00031	0.00031	0.00031	0.01772	0.08329	0.00031	0.00031	4e-05	0.24734	0.00031	0.00031	0.00668	0.00031	0.00031	0.00031	
0.00012	0.00012	0.0	0.00012	0.00012	0.00012	0.00012	0.00012	0.00012	0.00012	0.0	0.04202	0.00012	0.0	0.00012	0.0	0.0	0.0	0.00575	0.0	0.0	0.00953	0.00012	0.02757	0.00157	0.00953	0.07804	0.00012	0.00012	0.00012	0.01043	0.01043	0.01043	0.01043	0.01841	0.02285	0.0704	0.04639	0.01384	0.00012	0.00012	0.0	0.12225	0.06109	0.01646	0.00575	0.01772	0.0	0.0	0.00012	0.00012	0.03404	0.02285	0.00012	0.0	0.00012	0.00012	0.0	0.0	0.00012	0.00012	0.13204	0.00012	0.00012	0.00012	0.00012	0.04842	0.00012	0.00012	0.01647	0.00012	0.00012	0.00012	0.00575	0.00012	0.00012	0.00012	0.0	0.36397	0.00012	0.00012	0.0	0.05751	0.00012	0.00012	0.0	0.00012	0.00012	0.00012	
0.00015	2e-05	0.0	0.0	0.0	0.00022	0.0	0.0	0.0	0.00022	0.0	0.00031	0.0	0.0	0.0	0.0	0.0	0.0	0.00014	0.0	0.0	0.0	0.0	0.0	0.00025	0.0	0.00048	0.0	0.00048	0.00048	0.0	0.0	0.0	0.0	0.0	0.00015	0.0	0.0	0.0	0.0	2e-05	0.00012	0.00012	8e-05	0.0	0.00015	4e-05	0.0	0.0	0.00014	2e-05	0.00014	0.00048	0.0	0.0	0.0	0.0	0.0	0.0	0.0	0.0	2e-05	0.0	0.0	0.0	0.0	0.00015	2e-05	0.00012	0.0	0.0	0.0	0.00015	0.00015	0.0	0.0	0.0	0.00048	0.0	0.0	0.0	0.0	0.0	0.0	0.0	0.0	0.0	0.0	0.00015	
0.0	0.0	0.00014	0.0	0.0	0.0	0.0	0.0	0.0	0.0	0.00838	0.11842	0.0	0.00647	0.0	0.00014	0.00838	0.00952	0.0	0.0	0.03896	0.0	0.0	0.01165	0.0	0.0	0.00048	0.0	0.0	0.0	0.0	0.0	0.0	0.0	0.0	0.00015	0.0	0.01274	0.00014	0.0	0.0	0.00012	0.0	0.0001	0.0	0.0	0.00031	0.00012	0.00014	0.0	0.0	0.00647	0.00015	0.0	0.00014	0.0	0.0	0.00014	0.00014	0.0	0.0	0.05514	0.0	0.0	0.0	0.0	0.10357	0.0	0.0	0.0	0.0	0.0	0.0	0.0	0.0	0.0	0.0	0.00012	0.00248	0.0	0.0	0.00014	2e-05	0.0	0.0	0.00838	0.0	0.0	0.0	
0.0	0.0	2e-05	0.0	0.0	0.0	0.0	0.0	0.0	0.0	0.03531	0.05389	0.0	0.07185	0.0	2e-05	0.03531	0.0	0.07136	0.0	0.00142	0.12957	0.0	0.01512	0.04728	0.12957	0.00048	0.0	0.0	0.0	0.0	0.0	0.0	0.0	0.00084	0.00015	0.0	0.04439	0.00014	0.0	0.0	0.00012	0.04728	0.0001	0.0	0.07135	0.00031	0.00012	2e-05	0.0	0.0	0.04767	0.00015	0.0	2e-05	0.0	0.0	2e-05	2e-05	0.0	0.0	0.08628	0.0	0.0	0.0	0.0	0.04903	0.0	0.0	0.0	0.0	0.0	0.0	0.07135	0.0	0.0	0.0	0.00012	0.01671	0.0	0.0	2e-05	2e-05	0.0	0.0	0.03531	0.0	0.0	0.0	
0.01564	0.07185	0.00014	0.00014	0.00014	0.01575	2e-05	0.00014	0.00014	0.02748	0.00014	0.02545	2e-05	0.00014	0.00014	0.00014	0.00014	0.00014	0.13559	0.0	0.00014	0.00014	0.00014	0.16398	0.00134	0.00014	0.12778	0.00014	0.0427	0.06542	0.01249	0.08643	0.08643	0.08643	0.19264	0.03413	0.19264	0.03191	0.0	0.00014	0.04767	0.01384	0.01384	0.13649	0.05958	0.03414	0.00941	0.03404	0.00014	0.00647	0.04767	0.0	0.24164	0.00014	0.00014	0.00014	0.00014	0.00014	0.00014	2e-05	0.00014	0.25119	0.00014	2e-05	2e-05	0.00014	0.03414	0.07185	0.00831	0.01983	2e-05	0.00014	0.01564	0.03414	0.00014	2e-05	0.00014	0.00063	0.00014	0.00014	0.00014	0.00014	0.0	0.00014	0.00014	0.00014	0.00014	2e-05	0.01564	
0.00015	0.00015	0.00048	0.00015	0.00015	0.00015	0.00015	0.00015	0.00015	0.00015	0.01159	0.014	0.00015	0.09524	0.00015	0.00048	0.01159	0.00371	0.0	0.0	0.03423	0.0064	0.00015	0.11692	0.04667	0.0064	0.29145	0.00015	0.00015	0.00015	0.02118	0.02118	0.02118	0.02118	0.0852	0.0	0.30443	0.01159	0.03414	0.00015	0.00015	0.02285	0.04667	0.04516	0.0	0.0	0.03845	0.02285	0.00048	0.00015	0.00015	0.24164	0.0	0.00015	0.00048	0.00015	0.00015	0.00048	0.00048	0.00015	0.00015	0.05358	0.00015	0.00015	0.00015	0.00015	0.0	0.00015	0.00015	0.0	0.00015	0.00015	0.00015	0.0	0.00015	0.00015	0.00015	0.02285	0.00655	0.00015	0.00015	0.00048	0.14366	0.00015	0.00015	0.01159	0.00015	0.00015	0.00015	
0.0	0.0	0.0	0.0	0.0	0.0	0.0	0.0	0.0	0.0	0.0	0.00031	0.0	0.0	0.0	0.0	0.0	0.0	0.00015	0.0	0.0	0.0	0.0	0.00022	0.00012	0.0	0.00048	0.0	0.0	0.0	0.0	0.0	0.0	0.0	0.0	0.00015	0.0	0.00031	0.00014	0.0	0.0	0.00012	0.00012	0.0001	0.0	0.00015	0.00031	0.00012	0.0	0.0	0.0	0.00014	0.00015	0.0	0.0	0.0	0.0	0.0	0.0	0.0	0.0	2e-05	0.0	0.0	0.0	0.0	0.00015	0.0	0.0	0.0	0.0	0.0	0.0	0.00015	0.0	0.0	0.0	0.00012	0.0	0.0	0.0	0.0	2e-05	0.0	0.0	0.0	0.0	0.0	0.0	
0.00015	2e-05	0.0	0.0	0.0	0.00022	0.0	0.0	0.0	0.00022	0.0	0.00031	0.0	0.0	0.0	0.0	0.0	0.0	0.00014	0.0	0.0	0.0	0.0	0.0	0.00025	0.0	0.00048	0.0	0.00048	0.00048	0.0	0.0	0.0	0.0	0.0	0.00015	0.0	0.0	0.0	0.0	2e-05	0.00012	0.00012	8e-05	0.0	0.00015	4e-05	0.0	0.0	0.00014	2e-05	0.00014	0.00048	0.0	0.0	0.0	0.0	0.0	0.0	0.0	0.0	2e-05	0.0	0.0	0.0	0.0	0.00015	2e-05	0.00012	0.0	0.0	0.0	0.00015	0.00015	0.0	0.0	0.0	0.00048	0.0	0.0	0.0	0.0	0.0	0.0	0.0	0.0	0.0	0.0	0.00015	
0.0	0.0	0.0	0.0	0.0	0.0	0.0	0.0	0.0	0.0	0.0	0.00031	0.0	0.0	0.0	0.0	0.0	0.0	0.00015	0.0	0.0	0.0	0.0	0.00022	0.00012	0.0	0.00048	0.0	0.0	0.0	0.0	0.0	0.0	0.0	0.0	0.00015	0.0	0.00031	0.00014	0.0	0.0	0.00012	0.00012	0.0001	0.0	0.00015	0.00031	0.00012	0.0	0.0	0.0	0.00014	0.00015	0.0	0.0	0.0	0.0	0.0	0.0	0.0	0.0	2e-05	0.0	0.0	0.0	0.0	0.00015	0.0	0.0	0.0	0.0	0.0	0.0	0.00015	0.0	0.0	0.0	0.00012	0.0	0.0	0.0	0.0	2e-05	0.0	0.0	0.0	0.0	0.0	0.0	
0.0	0.0	0.0	0.0	0.0	0.0	0.0	0.0	0.0	0.0	0.0	0.00031	0.0	0.0	0.0	0.0	0.0	0.0	0.00015	0.0	0.0	0.0	0.0	0.00022	0.00012	0.0	0.00048	0.0	0.0	0.0	0.0	0.0	0.0	0.0	0.0	0.00015	0.0	0.00031	0.00014	0.0	0.0	0.00012	0.00012	0.0001	0.0	0.00015	0.00031	0.00012	0.0	0.0	0.0	0.00014	0.00015	0.0	0.0	0.0	0.0	0.0	0.0	0.0	0.0	2e-05	0.0	0.0	0.0	0.0	0.00015	0.0	0.0	0.0	0.0	0.0	0.0	0.00015	0.0	0.0	0.0	0.00012	0.0	0.0	0.0	0.0	2e-05	0.0	0.0	0.0	0.0	0.0	0.0	
0.00015	2e-05	0.0	0.0	0.0	0.00022	0.0	0.0	0.0	0.00022	0.0	0.00031	0.0	0.0	0.0	0.0	0.0	0.0	0.00014	0.0	0.0	0.0	0.0	0.0	0.00025	0.0	0.00048	0.0	0.00048	0.00048	0.0	0.0	0.0	0.0	0.0	0.00015	0.0	0.0	0.0	0.0	2e-05	0.00012	0.00012	8e-05	0.0	0.00015	4e-05	0.0	0.0	0.00014	2e-05	0.00014	0.00048	0.0	0.0	0.0	0.0	0.0	0.0	0.0	0.0	2e-05	0.0	0.0	0.0	0.0	0.00015	2e-05	0.00012	0.0	0.0	0.0	0.00015	0.00015	0.0	0.0	0.0	0.00048	0.0	0.0	0.0	0.0	0.0	0.0	0.0	0.0	0.0	0.0	0.00015	
0.00015	2e-05	0.0	0.0	0.0	0.00022	0.0	0.0	0.0	0.00022	0.0	0.00031	0.0	0.0	0.0	0.0	0.0	0.0	0.00014	0.0	0.0	0.0	0.0	0.0	0.00025	0.0	0.00048	0.0	0.00048	0.00048	0.0	0.0	0.0	0.0	0.0	0.00015	0.0	0.0	0.0	0.0	2e-05	0.00012	0.00012	8e-05	0.0	0.00015	4e-05	0.0	0.0	0.00014	2e-05	0.00014	0.00048	0.0	0.0	0.0	0.0	0.0	0.0	0.0	0.0	2e-05	0.0	0.0	0.0	0.0	0.00015	2e-05	0.00012	0.0	0.0	0.0	0.00015	0.00015	0.0	0.0	0.0	0.00048	0.0	0.0	0.0	0.0	0.0	0.0	0.0	0.0	0.0	0.0	0.00015	
0.0	0.0	0.0	0.0	0.0	0.0	0.0	0.0	0.0	0.0	0.00015	2e-05	0.0	0.00031	0.0	0.0	0.00015	0.00012	0.0	0.0	0.0	0.00014	0.0	0.00012	0.0	0.00014	0.00048	0.0	0.0	0.0	0.0	0.0	0.0	0.0	0.0	0.00015	0.0	0.00048	0.00014	0.0	0.0	0.00012	0.0	0.0001	0.0	0.0	0.00031	0.00012	0.0	0.0	0.0	2e-05	0.00015	0.0	0.0	0.0	0.0	0.0	0.0	0.0	0.0	0.00012	0.0	0.0	0.0	0.0	0.0	0.0	0.0	0.0	0.0	0.0	0.0	0.0	0.0	0.0	0.0	0.00012	0.00012	0.0	0.0	0.0	2e-05	0.0	0.0	0.00015	0.0	0.0	0.0	
0.0	0.0	0.0	0.0	0.0	0.0	0.0	0.0	0.0	0.0	0.0	0.00031	0.0	0.0	0.0	0.0	0.0	0.0	0.00015	0.0	0.0	0.0	0.0	0.00022	0.00012	0.0	0.00048	0.0	0.0	0.0	0.0	0.0	0.0	0.0	0.0	0.00015	0.0	0.00031	0.00014	0.0	0.0	0.00012	0.00012	0.0001	0.0	0.00015	0.00031	0.00012	0.0	0.0	0.0	0.00014	0.00015	0.0	0.0	0.0	0.0	0.0	0.0	0.0	0.0	2e-05	0.0	0.0	0.0	0.0	0.00015	0.0	0.0	0.0	0.0	0.0	0.0	0.00015	0.0	0.0	0.0	0.00012	0.0	0.0	0.0	0.0	2e-05	0.0	0.0	0.0	0.0	0.0	0.0	
0.07398	0.17464	2e-05	2e-05	2e-05	0.00166	0.00012	2e-05	2e-05	0.00227	2e-05	0.24734	0.00012	2e-05	2e-05	2e-05	2e-05	2e-05	0.13625	0.0	2e-05	2e-05	2e-05	0.0	0.00761	2e-05	0.00283	2e-05	0.01534	0.01184	0.08642	0.01044	0.01044	0.01044	0.00321	0.14366	0.00321	0.11288	0.10893	2e-05	0.08628	0.05751	0.05751	0.08589	0.01647	0.14366	0.39802	0.13204	2e-05	0.05514	0.08628	0.25119	0.05358	2e-05	2e-05	2e-05	2e-05	2e-05	2e-05	0.00012	2e-05	0.0	2e-05	0.00012	0.00012	2e-05	0.14366	0.17464	0.01356	0.05958	0.00012	2e-05	0.07398	0.14366	2e-05	0.00012	2e-05	0.0839	2e-05	2e-05	2e-05	2e-05	0.0	2e-05	2e-05	2e-05	2e-05	0.00012	0.07398	
0.0	0.0	0.0	0.0	0.0	0.0	0.0	0.0	0.0	0.0	0.0	0.00031	0.0	0.0	0.0	0.0	0.0	0.0	0.00015	0.0	0.0	0.0	0.0	0.00022	0.00012	0.0	0.00048	0.0	0.0	0.0	0.0	0.0	0.0	0.0	0.0	0.00015	0.0	0.00031	0.00014	0.0	0.0	0.00012	0.00012	0.0001	0.0	0.00015	0.00031	0.00012	0.0	0.0	0.0	0.00014	0.00015	0.0	0.0	0.0	0.0	0.0	0.0	0.0	0.0	2e-05	0.0	0.0	0.0	0.0	0.00015	0.0	0.0	0.0	0.0	0.0	0.0	0.00015	0.0	0.0	0.0	0.00012	0.0	0.0	0.0	0.0	2e-05	0.0	0.0	0.0	0.0	0.0	0.0	
0.0	0.0	0.0	0.0	0.0	0.0	0.0	0.0	0.0	0.0	0.00015	2e-05	0.0	0.00031	0.0	0.0	0.00015	0.00012	0.0	0.0	0.0	0.00014	0.0	0.00012	0.0	0.00014	0.00048	0.0	0.0	0.0	0.0	0.0	0.0	0.0	0.0	0.00015	0.0	0.00048	0.00014	0.0	0.0	0.00012	0.0	0.0001	0.0	0.0	0.00031	0.00012	0.0	0.0	0.0	2e-05	0.00015	0.0	0.0	0.0	0.0	0.0	0.0	0.0	0.0	0.00012	0.0	0.0	0.0	0.0	0.0	0.0	0.0	0.0	0.0	0.0	0.0	0.0	0.0	0.0	0.0	0.00012	0.00012	0.0	0.0	0.0	2e-05	0.0	0.0	0.00015	0.0	0.0	0.0	
0.0	0.0	0.0	0.0	0.0	0.0	0.0	0.0	0.0	0.0	0.00015	2e-05	0.0	0.00031	0.0	0.0	0.00015	0.00012	0.0	0.0	0.0	0.00014	0.0	0.00012	0.0	0.00014	0.00048	0.0	0.0	0.0	0.0	0.0	0.0	0.0	0.0	0.00015	0.0	0.00048	0.00014	0.0	0.0	0.00012	0.0	0.0001	0.0	0.0	0.00031	0.00012	0.0	0.0	0.0	2e-05	0.00015	0.0	0.0	0.0	0.0	0.0	0.0	0.0	0.0	0.00012	0.0	0.0	0.0	0.0	0.0	0.0	0.0	0.0	0.0	0.0	0.0	0.0	0.0	0.0	0.0	0.00012	0.00012	0.0	0.0	0.0	2e-05	0.0	0.0	0.00015	0.0	0.0	0.0	
0.0	0.0	0.0	0.0	0.0	0.0	0.0	0.0	0.0	0.0	0.0	0.00031	0.0	0.0	0.0	0.0	0.0	0.0	0.00015	0.0	0.0	0.0	0.0	0.00022	0.00012	0.0	0.00048	0.0	0.0	0.0	0.0	0.0	0.0	0.0	0.0	0.00015	0.0	0.00031	0.00014	0.0	0.0	0.00012	0.00012	0.0001	0.0	0.00015	0.00031	0.00012	0.0	0.0	0.0	0.00014	0.00015	0.0	0.0	0.0	0.0	0.0	0.0	0.0	0.0	2e-05	0.0	0.0	0.0	0.0	0.00015	0.0	0.0	0.0	0.0	0.0	0.0	0.00015	0.0	0.0	0.0	0.00012	0.0	0.0	0.0	0.0	2e-05	0.0	0.0	0.0	0.0	0.0	0.0	
0.0097	0.05777	0.00015	0.00015	0.00015	0.01605	0.0	0.00015	0.00015	0.01923	0.00015	0.03845	0.0	0.00015	0.00015	0.00015	0.00015	0.00015	0.0	0.0	0.00015	0.00015	0.00015	0.22845	0.18986	0.00015	0.29147	0.00015	0.03407	0.02836	0.02118	0.04443	0.04443	0.04443	0.30442	0.0	0.30441	0.07686	0.01455	0.00015	0.04903	0.02285	0.02285	0.16287	0.11458	0.0	0.01716	0.04842	0.00015	0.10357	0.04903	0.03414	0.0	0.00015	0.00015	0.00015	0.00015	0.00015	0.00015	0.0	0.00015	0.14366	0.00015	0.0	0.0	0.00015	0.0	0.05777	0.00425	0.0	0.0	0.00015	0.0097	0.0	0.00015	0.0	0.00015	0.13705	0.00015	0.00015	0.00015	0.00015	0.02556	0.00015	0.00015	0.00015	0.00015	0.0	0.0097	
0.0	0.0	2e-05	0.0	0.0	0.0	0.0	0.0	0.0	0.0	0.0397	0.06645	0.0	0.03952	0.0	2e-05	0.0397	0.04727	0.0	0.0	0.00084	0.0	0.0	0.03687	0.0	0.0	0.00048	0.0	0.0	0.0	0.0	0.0	0.0	0.0	0.00142	0.00015	0.0	0.04061	0.00014	0.0	0.0	0.00012	0.0	0.0001	0.0	0.0	0.00031	0.00012	2e-05	0.0	0.0	0.07185	0.00015	0.0	2e-05	0.0	0.0	2e-05	2e-05	0.0	0.0	0.17464	0.0	0.0	0.0	0.0	0.05777	0.0	0.0	0.0	0.0	0.0	0.0	0.0	0.0	0.0	0.0	0.00012	0.01407	0.0	0.0	2e-05	2e-05	0.0	0.0	0.0397	0.0	0.0	0.0	
0.0	0.0	0.00012	0.0	0.0	0.0	0.0	0.0	0.0	0.0	0.01302	0.00466	0.0	0.00828	0.0	0.00012	0.01302	0.36387	0.01147	0.0	0.06028	0.0	0.0	0.12225	0.00536	0.0	0.00048	0.0	0.0	0.0	0.0	0.0	0.0	0.0	0.01713	0.00015	0.0	0.00637	0.00014	0.0	0.0	0.00012	0.0	0.0001	0.0	0.01147	0.00031	0.00012	0.00012	0.0	0.0	0.00831	0.00015	0.0	0.00012	0.0	0.0	0.00012	0.00012	0.0	0.0	0.01356	0.0	0.0	0.0	0.0	0.00425	0.0	0.0	0.0	0.0	0.0	0.0	0.01147	0.0	0.0	0.0	0.00012	0.0	0.0	0.0	0.00012	2e-05	0.0	0.0	0.01302	0.0	0.0	0.0	
0.0	0.0	0.0	0.0	0.0	0.0	0.0	0.0	0.0	0.0	0.0	0.0287	0.0	0.0	0.0	0.0	0.0	0.0	0.0	0.0	0.0	0.0	0.0	0.03282	0.01647	0.0	0.10017	0.0	0.0	0.0	0.0	0.0	0.0	0.0	0.11458	0.0	0.11457	0.0287	0.01983	0.0	0.0	0.01647	0.01647	0.0001	0.0	0.0	0.02871	0.01647	0.0	0.0	0.0	0.01983	0.0	0.0	0.0	0.0	0.0	0.0	0.0	0.0	0.0	0.05958	0.0	0.0	0.0	0.0	0.0	0.0	0.0	0.0	0.0	0.0	0.0	0.0	0.0	0.0	0.0	0.01647	0.0	0.0	0.0	0.0	0.05958	0.0	0.0	0.0	0.0	0.0	0.0	
0.0	0.0	0.0	0.0	0.0	0.0	0.0	0.0	0.0	0.0	0.00015	2e-05	0.0	0.00031	0.0	0.0	0.00015	0.00012	0.0	0.0	0.0	0.00014	0.0	0.00012	0.0	0.00014	0.00048	0.0	0.0	0.0	0.0	0.0	0.0	0.0	0.0	0.00015	0.0	0.00048	0.00014	0.0	0.0	0.00012	0.0	0.0001	0.0	0.0	0.00031	0.00012	0.0	0.0	0.0	2e-05	0.00015	0.0	0.0	0.0	0.0	0.0	0.0	0.0	0.0	0.00012	0.0	0.0	0.0	0.0	0.0	0.0	0.0	0.0	0.0	0.0	0.0	0.0	0.0	0.0	0.0	0.00012	0.00012	0.0	0.0	0.0	2e-05	0.0	0.0	0.00015	0.0	0.0	0.0	
0.0	0.0	0.0	0.0	0.0	0.0	0.0	0.0	0.0	0.0	0.0	0.00031	0.0	0.0	0.0	0.0	0.0	0.0	0.00015	0.0	0.0	0.0	0.0	0.00022	0.00012	0.0	0.00048	0.0	0.0	0.0	0.0	0.0	0.0	0.0	0.0	0.00015	0.0	0.00031	0.00014	0.0	0.0	0.00012	0.00012	0.0001	0.0	0.00015	0.00031	0.00012	0.0	0.0	0.0	0.00014	0.00015	0.0	0.0	0.0	0.0	0.0	0.0	0.0	0.0	2e-05	0.0	0.0	0.0	0.0	0.00015	0.0	0.0	0.0	0.0	0.0	0.0	0.00015	0.0	0.0	0.0	0.00012	0.0	0.0	0.0	0.0	2e-05	0.0	0.0	0.0	0.0	0.0	0.0	
0.0	0.0	0.00015	0.0	0.0	0.0	0.0	0.0	0.0	0.0	0.0	0.01098	0.0	0.01612	0.0	0.00015	0.0	0.0	0.0	0.0	0.0	0.0	0.0	0.00416	0.01302	0.0	0.00048	0.0	0.0	0.0	0.0	0.0	0.0	0.0	0.05094	0.00015	0.0	0.13024	0.00014	0.0	0.0	0.00012	0.01302	0.0001	0.0	0.0	0.00031	0.00012	0.00015	0.0	0.0	0.01564	0.00015	0.0	0.00015	0.0	0.0	0.00015	0.00015	0.0	0.0	0.07398	0.0	0.0	0.0	0.0	0.0097	0.0	0.0	0.0	0.0	0.0	0.0	0.0	0.0	0.0	0.0	0.00012	0.01147	0.0	0.0	0.00015	2e-05	0.0	0.0	0.0	0.0	0.0	0.0	
0.0	0.0	0.00015	0.00015	0.00015	0.0	0.0	0.00015	0.00015	0.04519	0.00015	0.03845	0.0	0.00015	0.00015	0.00015	0.00015	0.00015	0.0	0.0	0.00015	0.00015	0.00015	0.02198	0.0635	0.00015	0.29146	0.00015	0.0	0.13856	0.02118	0.0	0.0	0.0	0.30442	0.0	0.30443	0.01159	0.00838	0.00015	0.07135	0.02285	0.02285	0.00041	0.0	0.0	0.07464	0.00575	0.00015	0.0	0.07135	0.03414	0.0	0.00015	0.00015	0.00015	0.00015	0.00015	0.00015	0.0	0.00015	0.14366	0.00015	0.0	0.0	0.00015	0.0	0.0	0.01147	0.0	0.0	0.00015	0.0	0.0	0.00015	0.0	0.00015	0.1139	0.00015	0.00015	0.00015	0.00015	0.0397	0.00015	0.00015	0.00015	0.00015	0.0	0.0	
0.0	0.0	0.0	0.0	0.0	0.0	0.0	0.0	0.0	0.0	0.0	0.00031	0.0	0.0	0.0	0.0	0.0	0.0	0.00015	0.0	0.0	0.0	0.0	0.00022	0.00012	0.0	0.00048	0.0	0.0	0.0	0.0	0.0	0.0	0.0	0.0	0.00015	0.0	0.00031	0.00014	0.0	0.0	0.00012	0.00012	0.0001	0.0	0.00015	0.00031	0.00012	0.0	0.0	0.0	0.00014	0.00015	0.0	0.0	0.0	0.0	0.0	0.0	0.0	0.0	2e-05	0.0	0.0	0.0	0.0	0.00015	0.0	0.0	0.0	0.0	0.0	0.0	0.00015	0.0	0.0	0.0	0.00012	0.0	0.0	0.0	0.0	2e-05	0.0	0.0	0.0	0.0	0.0	0.0	
0.0	0.0	0.0	0.0	0.0	0.0	0.0	0.0	0.0	0.0	0.00015	2e-05	0.0	0.00031	0.0	0.0	0.00015	0.00012	0.0	0.0	0.0	0.00014	0.0	0.00012	0.0	0.00014	0.00048	0.0	0.0	0.0	0.0	0.0	0.0	0.0	0.0	0.00015	0.0	0.00048	0.00014	0.0	0.0	0.00012	0.0	0.0001	0.0	0.0	0.00031	0.00012	0.0	0.0	0.0	2e-05	0.00015	0.0	0.0	0.0	0.0	0.0	0.0	0.0	0.0	0.00012	0.0	0.0	0.0	0.0	0.0	0.0	0.0	0.0	0.0	0.0	0.0	0.0	0.0	0.0	0.0	0.00012	0.00012	0.0	0.0	0.0	2e-05	0.0	0.0	0.00015	0.0	0.0	0.0	
0.0	0.0	0.0	0.0	0.0	0.0	0.0	0.0	0.0	0.0	0.0	0.00031	0.0	0.0	0.0	0.0	0.0	0.0	0.00015	0.0	0.0	0.0	0.0	0.00022	0.00012	0.0	0.00048	0.0	0.0	0.0	0.0	0.0	0.0	0.0	0.0	0.00015	0.0	0.00031	0.00014	0.0	0.0	0.00012	0.00012	0.0001	0.0	0.00015	0.00031	0.00012	0.0	0.0	0.0	0.00014	0.00015	0.0	0.0	0.0	0.0	0.0	0.0	0.0	0.0	2e-05	0.0	0.0	0.0	0.0	0.00015	0.0	0.0	0.0	0.0	0.0	0.0	0.00015	0.0	0.0	0.0	0.00012	0.0	0.0	0.0	0.0	2e-05	0.0	0.0	0.0	0.0	0.0	0.0	
0.00012	0.00012	0.00048	0.00012	0.00012	0.00012	0.00012	0.00012	0.00012	0.00012	0.01911	0.11897	0.00012	0.01222	0.00012	0.00048	0.01911	0.03188	0.11391	0.0	0.00731	0.05601	0.00012	0.15136	0.01822	0.05601	0.07805	0.00012	0.00012	0.00012	0.01043	0.01044	0.01044	0.01044	0.05816	0.02285	0.07039	0.00156	0.01384	0.00012	0.00012	0.0	0.0	0.06109	0.01647	0.1139	0.01772	0.0	0.00048	0.00012	0.00012	0.00063	0.02285	0.00012	0.00048	0.00012	0.00012	0.00048	0.00048	0.00012	0.00012	0.0839	0.00012	0.00012	0.00012	0.00012	0.13705	0.00012	0.00012	0.01647	0.00012	0.00012	0.00012	0.1139	0.00012	0.00012	0.00012	0.0	0.00786	0.00012	0.00012	0.00048	0.0575	0.00012	0.00012	0.01911	0.00012	0.00012	0.00012	
0.01147	0.01407	0.0	0.0	0.0	0.04687	0.00012	0.0	0.0	0.0824	0.0	0.00031	0.00012	0.0	0.0	0.0	0.0	0.0	0.01623	0.0	0.0	0.0	0.0	0.0	0.00247	0.0	0.00048	0.0	0.02362	0.02204	0.0	0.01044	0.01044	0.01044	0.0	0.00015	0.0	0.0	0.0	0.0	0.01671	0.00012	0.00012	0.03585	0.01648	0.00015	0.08329	0.36397	0.0	0.00248	0.01671	0.00014	0.00655	0.0	0.0	0.0	0.0	0.0	0.0	0.00012	0.0	2e-05	0.0	0.00012	0.00012	0.0	0.00015	0.01407	0.0	0.0	0.00012	0.0	0.01147	0.00015	0.0	0.00012	0.0	0.00786	0.0	0.0	0.0	0.0	0.0	0.0	0.0	0.0	0.0	0.00012	0.01147	
