0.0	0.19866	0.3673	0.06793	0.0473	0.08797	0.28596	0.27584	0.1214	0.13324	0.00158	0.09203	0.02588	0.33825	0.33453	0.34108	0.41067	0.44892	0.58163	0.58163	0.58163	0.53505	0.0	0.0	0.0	0.0	0.0	0.17222	0.11244	0.04006	0.82327	0.05806	0.01582	0.01582	0.00158	0.00158	0.00158	0.00158	0.22415	0.00158	0.00158	0.00158	0.00158	0.00158	0.00158	0.00158	0.00158	0.00158	0.0	0.00158	0.71957	0.0	0.30638	0.00158	0.12517	0.00158	0.00158	0.14655	0.08439	0.0	0.0	0.19466	0.15802	0.25233	0.12821	0.04195	0.04195	0.4495	0.0	0.16919	0.00158	0.00158	0.00158	0.00158	0.12984	0.12029	0.24132	0.14655	0.1214	0.04285	0.06172	0.07139	0.07869	0.13168	0.05858	0.11469	
0.19866	0.0	0.19362	0.11229	0.10059	0.06822	0.30436	0.22546	0.038	0.08453	0.00223	0.04338	0.06415	0.19642	0.20667	0.23703	0.21388	0.26176	0.36342	0.36342	0.36342	0.19786	0.0	0.0	0.0	0.0	0.0	0.13727	0.08916	0.00768	0.35071	0.03989	0.01222	0.01222	0.00223	0.00223	0.00223	0.00223	0.14361	0.00223	0.00223	0.00223	0.00223	0.00223	0.00223	0.00223	0.00223	0.00223	0.0	0.00223	0.98211	0.0	0.10174	0.00223	0.09817	0.00223	0.00223	0.08198	0.06726	0.0	0.0	0.20732	0.20756	0.09995	0.08663	0.16003	0.16003	0.18786	0.0	0.27702	0.00223	0.00223	0.00223	0.00223	0.02991	0.03598	0.16683	0.08198	0.038	0.04222	0.09373	0.09147	0.13365	0.06409	0.24178	0.03545	
0.3673	0.19362	0.0	0.11138	0.30462	0.14005	0.28423	0.42354	0.25009	0.3298	0.00317	0.04889	0.04519	0.15945	0.27925	0.33916	0.43236	0.46919	0.63292	0.63292	0.63292	0.61916	0.0	0.0	0.0	0.0	0.0	0.2103	0.07315	0.00863	1.09116	0.04533	0.0141	0.0141	0.00317	0.00317	0.00317	0.00317	0.65545	0.00317	0.00317	0.00317	0.00317	0.00317	0.00317	0.00317	0.00317	0.00317	0.0	0.00317	0.78689	0.0	0.37411	0.00317	0.10832	0.00317	0.00317	0.23832	0.07518	0.0	0.0	0.27987	0.30587	0.30978	0.30619	0.08901	0.08901	0.98861	0.0	0.27351	0.00317	0.00317	0.00317	0.00317	0.11338	0.24939	0.53718	0.23832	0.25009	0.12497	0.05587	0.1354	0.08422	0.14121	0.09553	0.02281	
0.06793	0.11229	0.11138	0.0	0.07688	0.08896	0.01572	0.07979	0.01698	0.12825	0.00266	0.08519	0.12915	0.09694	0.24853	0.06531	0.1499	0.2553	0.73323	0.73323	0.73323	0.08769	0.0	0.0	0.0	0.0	0.0	0.0884	0.09965	0.00316	1.34333	0.04531	0.00644	0.00644	0.00266	0.00266	0.00266	0.00266	0.02707	0.00266	0.00266	0.00266	0.00266	0.00266	0.00266	0.00266	0.00266	0.00266	0.0	0.00266	1.34519	0.0	0.11152	0.00266	0.11104	0.00266	0.00266	0.06806	0.07783	0.0	0.0	0.2181	0.05274	0.16794	0.18967	0.06775	0.06775	0.33612	0.0	0.11792	0.00266	0.00266	0.00266	0.00266	0.16875	0.01654	0.06171	0.06806	0.01698	0.03834	0.00972	0.07811	0.0585	0.15051	0.08179	0.04827	
0.0473	0.10059	0.30462	0.07688	0.0	0.18311	0.21061	0.31917	0.18949	0.68775	0.00043	0.0608	0.0895	0.12645	0.45053	0.07112	0.12125	1.04023	1.0107	1.0107	1.0107	0.01477	0.0	0.0	0.0	0.0	0.0	0.15682	0.17779	0.00754	0.0	0.04227	0.01699	0.01699	0.00043	0.00043	0.00043	0.00043	0.36348	0.00043	0.00043	0.00043	0.00043	0.00043	0.00043	0.00043	0.00043	0.00043	0.0	0.00043	1.10088	0.0	0.19319	0.00043	0.13339	0.00043	0.00043	0.32018	0.12391	0.0	0.0	0.1789	0.07948	0.20325	0.41295	0.00362	0.00362	1.03148	0.0	0.17762	0.00043	0.00043	0.00043	0.00043	0.02283	0.18842	0.29801	0.32018	0.18949	0.06277	0.06962	0.16205	0.04413	0.08445	0.03473	0.0247	
0.08797	0.06822	0.14005	0.08896	0.18311	0.0	0.07781	0.1008	0.07188	0.14167	0.00754	0.03696	0.05016	0.07826	0.75957	0.06654	0.3606	1.42893	1.23488	1.23488	1.23488	0.23894	0.0	0.0	0.0	0.0	0.0	0.0522	0.05782	0.00074	0.0	0.02275	8e-05	8e-05	0.00754	0.00754	0.00754	0.00754	0.11443	0.00754	0.00754	0.00754	0.00754	0.00754	0.00754	0.00754	0.00754	0.00754	0.0	0.00754	0.60976	0.0	0.17934	0.00754	0.14461	0.00754	0.00754	0.09971	0.05223	0.0	0.0	0.18092	0.10858	0.29134	0.05257	0.11938	0.11938	1.09705	0.0	0.02661	0.00754	0.00754	0.00754	0.00754	0.00994	0.07295	0.09554	0.09971	0.07188	0.09683	0.04135	0.03313	0.03541	0.31047	0.10619	0.1109	
0.28596	0.30436	0.28423	0.01572	0.21061	0.07781	0.0	0.27332	0.05293	0.16103	0.00158	0.02957	0.04143	0.03697	0.20324	0.45676	0.46639	0.3646	0.34494	0.34494	0.34494	0.0	0.0	0.0	0.0	0.0	0.0	0.31461	0.05593	0.00899	0.0	0.03042	0.01337	0.01337	0.00158	0.00158	0.00158	0.00158	0.39808	0.00158	0.00158	0.00158	0.00158	0.00158	0.00158	0.00158	0.00158	0.00158	0.0	0.00158	0.43059	0.0	0.05454	0.00158	0.05598	0.00158	0.00158	0.05825	0.04331	0.0	0.0	0.05469	0.12588	0.06524	0.12183	0.0393	0.0393	0.21249	0.0	0.1518	0.00158	0.00158	0.00158	0.00158	0.06245	0.05237	0.39764	0.05825	0.05293	0.02695	0.03361	0.03535	0.06405	0.03677	0.04147	0.03726	
0.27584	0.22546	0.42354	0.07979	0.31917	0.1008	0.27332	0.0	0.391	0.52626	0.00553	0.06614	0.09978	0.2006	0.31676	0.6838	2.03259	0.5935	1.47529	1.47529	1.47529	0.0	0.0	0.0	0.0	0.0	0.0	0.33799	0.14665	0.02253	0.0	0.07507	0.05004	0.05004	0.00553	0.00553	0.00553	0.00553	0.48707	0.00553	0.00553	0.00553	0.00553	0.00553	0.00553	0.00553	0.00553	0.00553	0.0	0.00553	2.0606	0.0	0.51718	0.00553	0.1555	0.00553	0.00553	0.43694	0.12728	0.0	0.0	0.40023	0.46718	0.47491	0.38004	0.26475	0.26475	1.98488	0.0	0.32144	0.00553	0.00553	0.00553	0.00553	0.20799	0.3919	0.6496	0.43694	0.391	0.28217	0.07597	0.31983	0.13637	0.23382	0.26499	0.25582	
0.1214	0.038	0.25009	0.01698	0.18949	0.07188	0.05293	0.391	0.0	0.50302	0.00149	0.02755	0.03844	0.03174	0.07235	0.14415	0.42396	0.33146	0.31366	0.31366	0.31366	0.0	0.0	0.0	0.0	0.0	0.0	0.05335	0.05415	0.05933	0.0	0.02825	0.01248	0.01248	0.00149	0.00149	0.00149	0.00149	0.34861	0.00149	0.00149	0.00149	0.00149	0.00149	0.00149	0.00149	0.00149	0.00149	0.0	0.00149	1.22059	0.0	1.03013	0.00149	0.05149	0.00149	0.00149	0.58271	0.04019	0.0	0.0	0.56112	0.37747	0.55395	0.48278	0.08117	0.08117	1.45273	0.0	0.13664	0.00149	0.00149	0.00149	0.00149	0.05782	1.0032	0.60138	0.58271	1.00262	0.41266	0.03132	0.30496	0.07176	0.03463	0.08767	0.08602	
0.13324	0.08453	0.3298	0.12825	0.68775	0.14167	0.16103	0.52626	0.50302	0.0	0.00073	0.04574	0.06823	0.20684	0.3637	0.13753	0.30234	1.33432	1.35939	1.35939	1.35939	0.36346	0.0	0.0	0.0	0.0	0.0	0.19697	0.22557	0.02297	0.0	0.06289	0.04841	0.04841	0.00073	0.00073	0.00073	0.00073	0.38453	0.00073	0.00073	0.00073	0.00073	0.00073	0.00073	0.00073	0.00073	0.00073	0.0	0.00073	1.58772	0.0	0.54979	0.00073	0.18588	0.00073	0.00073	0.58679	0.18811	0.0	0.0	0.41731	0.27457	0.43757	0.66906	0.0603	0.0603	1.70916	0.0	0.21568	0.00073	0.00073	0.00073	0.00073	0.09325	0.50446	0.56462	0.58679	0.50302	0.30066	0.05261	0.38596	0.10001	0.07089	0.08143	0.0738	
0.00158	0.00223	0.00317	0.00266	0.00043	0.00754	0.00158	0.00553	0.00149	0.00073	0.0	0.00122	0.00152	0.00207	0.00271	0.01304	0.01364	0.01102	0.01118	0.01118	0.01118	0.0	0.0	0.0	0.0	0.0	0.0	0.00208	0.00116	0.0	0.0	0.00128	0.0	0.0	0.0	0.0	0.0	0.0	0.00253	0.0	0.0	0.0	0.0	0.0	0.0	0.0	0.0	0.0	0.0	0.0	0.08319	0.0	0.01242	0.0	0.00127	0.0	0.0	0.00149	0.00216	0.0	0.0	0.00372	0.00251	0.00631	0.00074	0.00402	0.00402	0.0072	0.0	0.00123	0.0	0.0	0.0	0.0	0.00548	0.00154	0.00188	0.00149	0.00149	0.00242	0.00258	0.00131	0.00135	0.00643	0.00332	0.00305	
0.09203	0.04338	0.04889	0.08519	0.0608	0.03696	0.02957	0.06614	0.02755	0.04574	0.00122	0.0	0.06283	0.07118	0.03329	0.13102	0.17528	0.13725	0.13032	0.13032	0.13032	0.0	0.0	0.0	0.0	0.0	0.0	0.02442	0.02585	0.00576	0.0	0.33532	0.00833	0.00833	0.00122	0.00122	0.00122	0.00122	0.04177	0.00122	0.00122	0.00122	0.00122	0.00122	0.00122	0.00122	0.00122	0.00122	0.0	0.00122	0.42745	0.0	0.04854	0.00122	0.02455	0.00122	0.00122	0.03463	0.02106	0.0	0.0	0.02845	0.05509	0.04162	0.05644	0.03925	0.03925	0.12563	0.0	0.08715	0.00122	0.00122	0.00122	0.00122	0.03008	0.02827	0.03368	0.03463	0.02755	0.03518	0.01722	0.04259	0.02789	0.06494	0.04016	0.19152	
0.02588	0.06415	0.04519	0.12915	0.0895	0.05016	0.04143	0.09978	0.03844	0.06823	0.00152	0.06283	0.0	0.02387	0.14204	0.19555	0.26369	0.2063	0.1955	0.1955	0.1955	0.0	0.0	0.0	0.0	0.0	0.0	0.03341	0.03586	0.00717	0.0	0.02099	0.01037	0.01037	0.00152	0.00152	0.00152	0.00152	0.05947	0.00152	0.00152	0.00152	0.00152	0.00152	0.00152	0.00152	0.00152	0.00152	0.0	0.00152	0.76895	0.0	0.06559	0.00152	0.03483	0.00152	0.00152	0.05037	0.02856	0.0	0.0	0.05049	0.08221	0.05896	0.08524	0.05502	0.05502	0.19042	0.0	0.13549	0.00152	0.00152	0.00152	0.00152	0.0407	0.0395	0.04867	0.05037	0.03844	0.10677	0.02407	0.06284	0.08239	0.09572	0.05773	0.18692	
0.33825	0.19642	0.15945	0.09694	0.12645	0.07826	0.03697	0.2006	0.03174	0.20684	0.00207	0.07118	0.02387	0.0	0.17071	0.18011	0.29421	0.66587	0.8032	0.8032	0.8032	0.27591	0.0	0.0	0.0	0.0	0.0	0.14842	0.37979	0.00886	0.3455	0.20585	0.19089	0.19089	0.00207	0.00207	0.00207	0.00207	0.08972	0.00207	0.00207	0.00207	0.00207	0.00207	0.00207	0.00207	0.00207	0.00207	0.0	0.00207	0.53675	0.0	0.07911	0.00207	0.33723	0.00207	0.00207	0.25991	0.35078	0.0	0.0	0.16636	0.12261	0.08457	0.11368	0.10585	0.10585	0.19039	0.0	0.1968	0.00207	0.00207	0.00207	0.00207	0.24091	0.03209	0.11588	0.25991	0.03174	0.05951	0.064	0.25702	0.17178	0.25081	0.1198	0.08032	
0.33453	0.20667	0.27925	0.24853	0.45053	0.75957	0.20324	0.31676	0.07235	0.3637	0.00271	0.03329	0.14204	0.17071	0.0	0.23694	0.59873	0.73384	1.34175	1.34175	1.34175	0.34581	0.0	0.0	0.0	0.0	0.0	0.09509	0.09889	0.00271	0.0	0.07043	0.01381	0.01381	0.00271	0.00271	0.00271	0.00271	0.16971	0.00271	0.00271	0.00271	0.00271	0.00271	0.00271	0.00271	0.00271	0.00271	0.0	0.00271	0.0	0.0	0.43889	0.00271	0.37513	0.00271	0.00271	0.16375	0.10254	0.0	0.0	0.2303	0.254	0.49527	0.36902	0.27245	0.27245	1.50451	0.0	0.21643	0.00271	0.00271	0.00271	0.00271	0.04562	0.07274	0.1579	0.16375	0.07235	0.11566	0.1029	0.24113	0.28175	0.52199	0.31036	0.12011	
0.34108	0.23703	0.33916	0.06531	0.07112	0.06654	0.45676	0.6838	0.14415	0.13753	0.01304	0.13102	0.19555	0.18011	0.23694	0.0	1.30646	0.2443	0.91503	0.91503	0.91503	0.0	0.0	0.0	0.0	0.0	0.0	0.19242	0.19631	0.01304	0.0	0.17509	0.10484	0.10484	0.01304	0.01304	0.01304	0.01304	0.39914	0.01304	0.01304	0.01304	0.01304	0.01304	0.01304	0.01304	0.01304	0.01304	0.0	0.01304	0.95036	0.0	0.20987	0.01304	0.22574	0.01304	0.01304	0.22037	0.20215	0.0	0.0	0.17729	0.12486	0.25352	0.31992	0.05404	0.05404	1.07931	0.0	0.18742	0.01304	0.01304	0.01304	0.01304	0.33532	0.14447	0.33628	0.22037	0.14415	0.19397	0.14427	0.29404	0.39415	0.32451	0.08743	0.22796	
0.41067	0.21388	0.43236	0.1499	0.12125	0.3606	0.46639	2.03259	0.42396	0.30234	0.01364	0.17528	0.26369	0.29421	0.59873	1.30646	0.0	0.10963	0.3386	0.3386	0.3386	0.0	0.0	0.0	0.0	0.0	0.0	0.26702	0.20228	0.01364	0.0	0.1473	0.07321	0.07321	0.01364	0.01364	0.01364	0.01364	0.70891	0.01364	0.01364	0.01364	0.01364	0.01364	0.01364	0.01364	0.01364	0.01364	0.0	0.01364	0.99125	0.0	0.54962	0.01364	0.72369	0.01364	0.01364	0.37296	0.21903	0.0	0.0	0.27857	0.36699	0.4093	0.37558	0.17095	0.17095	0.0	0.0	0.35222	0.01364	0.01364	0.01364	0.01364	0.3718	0.42941	0.7088	0.37296	0.42396	0.64771	0.19344	0.6032	1.18339	0.64636	0.21744	0.75245	
0.44892	0.26176	0.46919	0.2553	1.04023	1.42893	0.3646	0.5935	0.33146	1.33432	0.01102	0.13725	0.2063	0.66587	0.73384	0.2443	0.10963	0.0	1.05375	1.05375	1.05375	0.05781	0.0	0.0	0.0	0.0	0.0	0.2089	1.17182	0.01102	0.0	0.0	0.0	0.0	0.01102	0.01102	0.01102	0.01102	0.55399	0.01102	0.01102	0.01102	0.01102	0.01102	0.01102	0.01102	0.01102	0.01102	0.0	0.01102	0.95987	0.0	0.70494	0.01102	0.85879	0.01102	0.01102	1.44899	1.19902	0.0	0.0	0.32313	0.5021	0.5444	0.51069	0.30606	0.30606	0.0	0.0	0.46519	0.01102	0.01102	0.01102	0.01102	0.50842	0.33572	0.55391	1.44899	0.33146	0.5062	0.15143	0.73831	0.18512	0.78147	0.35254	0.588	
0.58163	0.36342	0.63292	0.73323	1.0107	1.23488	0.34494	1.47529	0.31366	1.35939	0.01118	0.13032	0.1955	0.8032	1.34175	0.91503	0.3386	1.05375	0.0	1.02157	1.02157	0.02563	0.0	0.0	0.0	0.0	0.0	0.19796	1.32154	0.01118	0.0	0.0	0.0	0.0	0.01118	0.01118	0.01118	0.01118	0.52373	0.01118	0.01118	0.01118	0.01118	0.01118	0.01118	0.01118	0.01118	0.01118	0.0	0.01118	0.95201	0.0	0.0	0.01118	1.43692	0.01118	0.01118	1.56247	1.35907	0.0	0.0	0.47483	1.41907	1.59338	1.31498	1.18053	1.18053	0.0	0.0	0.91253	0.01118	0.01118	0.01118	0.01118	0.64245	0.31768	0.52363	1.56247	0.31366	0.4786	0.14371	1.66391	0.44002	1.88189	1.23707	0.55581	
0.58163	0.36342	0.63292	0.73323	1.0107	1.23488	0.34494	1.47529	0.31366	1.35939	0.01118	0.13032	0.1955	0.8032	1.34175	0.91503	0.3386	1.05375	1.02157	0.0	1.02157	0.02563	0.0	0.0	0.0	0.0	0.0	0.19796	1.32154	0.01118	0.0	0.0	0.0	0.0	0.01118	0.01118	0.01118	0.01118	0.52373	0.01118	0.01118	0.01118	0.01118	0.01118	0.01118	0.01118	0.01118	0.01118	0.0	0.01118	0.95201	0.0	0.0	0.01118	1.43692	0.01118	0.01118	1.56247	1.35907	0.0	0.0	0.47483	1.41907	1.59338	1.31498	1.18053	1.18053	0.0	0.0	0.91253	0.01118	0.01118	0.01118	0.01118	0.64245	0.31768	0.52363	1.56247	0.31366	0.4786	0.14371	1.66391	0.44002	1.88189	1.23707	0.55581	
0.58163	0.36342	0.63292	0.73323	1.0107	1.23488	0.34494	1.47529	0.31366	1.35939	0.01118	0.13032	0.1955	0.8032	1.34175	0.91503	0.3386	1.05375	1.02157	1.02157	0.0	0.02563	0.0	0.0	0.0	0.0	0.0	0.19796	1.32154	0.01118	0.0	0.0	0.0	0.0	0.01118	0.01118	0.01118	0.01118	0.52373	0.01118	0.01118	0.01118	0.01118	0.01118	0.01118	0.01118	0.01118	0.01118	0.0	0.01118	0.95201	0.0	0.0	0.01118	1.43692	0.01118	0.01118	1.56247	1.35907	0.0	0.0	0.47483	1.41907	1.59338	1.31498	1.18053	1.18053	0.0	0.0	0.91253	0.01118	0.01118	0.01118	0.01118	0.64245	0.31768	0.52363	1.56247	0.31366	0.4786	0.14371	1.66391	0.44002	1.88189	1.23707	0.55581	
0.53505	0.19786	0.61916	0.08769	0.01477	0.23894	0.0	0.0	0.0	0.36346	0.0	0.0	0.0	0.27591	0.34581	0.0	0.0	0.05781	0.02563	0.02563	0.02563	0.0	0.0	0.0	0.0	0.0	0.0	0.0	0.3256	0.0	0.0	0.0	0.0	0.0	0.0	0.0	0.0	0.0	0.0	0.0	0.0	0.0	0.0	0.0	0.0	0.0	0.0	0.0	0.0	0.0	1.33837	0.0	0.0	0.0	0.44098	0.0	0.0	0.56653	0.36313	0.0	0.0	0.35748	0.42313	0.59744	0.31905	0.18459	0.18459	0.0	0.0	0.18939	0.0	0.0	0.0	0.0	0.6348	0.0	0.0	0.56653	0.0	0.0	0.0	0.66797	0.0	0.88595	0.24113	0.0	
0.0	0.0	0.0	0.0	0.0	0.0	0.0	0.0	0.0	0.0	0.0	0.0	0.0	0.0	0.0	0.0	0.0	0.0	0.0	0.0	0.0	0.0	0.0	0.0	0.0	0.0	0.0	0.0	0.0	0.0	0.0	0.0	0.0	0.0	0.0	0.0	0.0	0.0	0.0	0.0	0.0	0.0	0.0	0.0	0.0	0.0	0.0	0.0	0.0	0.0	0.0	0.0	0.0	0.0	0.0	0.0	0.0	0.0	0.0	0.0	0.0	0.0	0.0	0.0	0.0	0.0	0.0	0.0	0.0	0.0	0.0	0.0	0.0	0.0	0.0	0.0	0.0	0.0	0.0	0.0	0.0	0.0	0.0	0.0	0.0	0.0	
0.0	0.0	0.0	0.0	0.0	0.0	0.0	0.0	0.0	0.0	0.0	0.0	0.0	0.0	0.0	0.0	0.0	0.0	0.0	0.0	0.0	0.0	0.0	0.0	0.0	0.0	0.0	0.0	0.0	0.0	0.0	0.0	0.0	0.0	0.0	0.0	0.0	0.0	0.0	0.0	0.0	0.0	0.0	0.0	0.0	0.0	0.0	0.0	0.0	0.0	0.0	0.0	0.0	0.0	0.0	0.0	0.0	0.0	0.0	0.0	0.0	0.0	0.0	0.0	0.0	0.0	0.0	0.0	0.0	0.0	0.0	0.0	0.0	0.0	0.0	0.0	0.0	0.0	0.0	0.0	0.0	0.0	0.0	0.0	0.0	0.0	
0.0	0.0	0.0	0.0	0.0	0.0	0.0	0.0	0.0	0.0	0.0	0.0	0.0	0.0	0.0	0.0	0.0	0.0	0.0	0.0	0.0	0.0	0.0	0.0	0.0	0.0	0.0	0.0	0.0	0.0	0.0	0.0	0.0	0.0	0.0	0.0	0.0	0.0	0.0	0.0	0.0	0.0	0.0	0.0	0.0	0.0	0.0	0.0	0.0	0.0	0.0	0.0	0.0	0.0	0.0	0.0	0.0	0.0	0.0	0.0	0.0	0.0	0.0	0.0	0.0	0.0	0.0	0.0	0.0	0.0	0.0	0.0	0.0	0.0	0.0	0.0	0.0	0.0	0.0	0.0	0.0	0.0	0.0	0.0	0.0	0.0	
0.0	0.0	0.0	0.0	0.0	0.0	0.0	0.0	0.0	0.0	0.0	0.0	0.0	0.0	0.0	0.0	0.0	0.0	0.0	0.0	0.0	0.0	0.0	0.0	0.0	0.0	0.0	0.0	0.0	0.0	0.0	0.0	0.0	0.0	0.0	0.0	0.0	0.0	0.0	0.0	0.0	0.0	0.0	0.0	0.0	0.0	0.0	0.0	0.0	0.0	0.0	0.0	0.0	0.0	0.0	0.0	0.0	0.0	0.0	0.0	0.0	0.0	0.0	0.0	0.0	0.0	0.0	0.0	0.0	0.0	0.0	0.0	0.0	0.0	0.0	0.0	0.0	0.0	0.0	0.0	0.0	0.0	0.0	0.0	0.0	0.0	
0.0	0.0	0.0	0.0	0.0	0.0	0.0	0.0	0.0	0.0	0.0	0.0	0.0	0.0	0.0	0.0	0.0	0.0	0.0	0.0	0.0	0.0	0.0	0.0	0.0	0.0	0.0	0.0	0.0	0.0	0.0	0.0	0.0	0.0	0.0	0.0	0.0	0.0	0.0	0.0	0.0	0.0	0.0	0.0	0.0	0.0	0.0	0.0	0.0	0.0	0.0	0.0	0.0	0.0	0.0	0.0	0.0	0.0	0.0	0.0	0.0	0.0	0.0	0.0	0.0	0.0	0.0	0.0	0.0	0.0	0.0	0.0	0.0	0.0	0.0	0.0	0.0	0.0	0.0	0.0	0.0	0.0	0.0	0.0	0.0	0.0	
0.17222	0.13727	0.2103	0.0884	0.15682	0.0522	0.31461	0.33799	0.05335	0.19697	0.00208	0.02442	0.03341	0.14842	0.09509	0.19242	0.26702	0.2089	0.19796	0.19796	0.19796	0.0	0.0	0.0	0.0	0.0	0.0	0.0	0.0313	0.00208	0.0	0.02661	0.01364	0.01364	0.00208	0.00208	0.00208	0.00208	0.31653	0.00208	0.00208	0.00208	0.00208	0.00208	0.00208	0.00208	0.00208	0.00208	0.0	0.00208	0.0	0.0	0.08679	0.00208	0.03877	0.00208	0.00208	0.06029	0.03074	0.0	0.0	0.05945	0.15893	0.06939	0.14304	0.2031	0.2031	0.23959	0.0	0.11103	0.00208	0.00208	0.00208	0.00208	0.0425	0.05412	0.57079	0.06029	0.05335	0.04803	0.02833	0.06227	0.04934	0.11616	0.16181	0.17355	
0.11244	0.08916	0.07315	0.09965	0.17779	0.05782	0.05593	0.14665	0.05415	0.22557	0.00116	0.02585	0.03586	0.37979	0.09889	0.19631	0.20228	1.17182	1.32154	1.32154	1.32154	0.3256	0.0	0.0	0.0	0.0	0.0	0.0313	0.0	0.00116	0.0	0.82487	0.0	0.0	0.00116	0.00116	0.00116	0.00116	0.05742	0.00116	0.00116	0.00116	0.00116	0.00116	0.00116	0.00116	0.00116	0.00116	0.0	0.00116	0.0	0.0	0.08105	0.00116	0.602	0.00116	0.00116	0.58994	1.0008	0.0	0.0	0.06213	0.09632	0.07432	0.16113	0.06707	0.06707	0.31332	0.0	0.22617	0.00116	0.00116	0.00116	0.00116	0.41989	0.05445	0.06254	0.58994	0.05415	0.05171	0.03001	0.49157	0.0544	0.11542	0.07367	0.08044	
0.04006	0.00768	0.00863	0.00316	0.00754	0.00074	0.00899	0.02253	0.05933	0.02297	0.0	0.00576	0.00717	0.00886	0.00271	0.01304	0.01364	0.01102	0.01118	0.01118	0.01118	0.0	0.0	0.0	0.0	0.0	0.0	0.00208	0.00116	0.0	0.0	0.00611	0.0	0.0	0.0	0.0	0.0	0.0	0.0115	0.0	0.0	0.0	0.0	0.0	0.0	0.0	0.0	0.0	0.0	0.0	0.0	0.0	0.0883	0.0	0.00114	0.0	0.0	0.02839	0.00011	0.0	0.0	0.03009	0.01782	0.0325	0.02189	7e-05	7e-05	0.04505	0.0	0.01034	0.0	0.0	0.0	0.0	0.00041	0.05911	0.02998	0.02839	0.05933	0.01627	0.00872	0.01336	0.00728	0.00422	0.00272	0.01389	
0.82327	0.35071	1.09116	1.34333	0.0	0.0	0.0	0.0	0.0	0.0	0.0	0.0	0.0	0.3455	0.0	0.0	0.0	0.0	0.0	0.0	0.0	0.0	0.0	0.0	0.0	0.0	0.0	0.0	0.0	0.0	0.0	0.0	0.0	0.0	0.0	0.0	0.0	0.0	0.0	0.0	0.0	0.0	0.0	0.0	0.0	0.0	0.0	0.0	0.0	0.0	1.15189	0.0	1.54086	0.0	0.0	0.0	0.0	0.0	0.0	0.0	0.0	0.71352	0.0	0.0	0.0	0.0	0.0	0.0	0.0	0.8296	0.0	0.0	0.0	0.0	0.11367	0.0	0.0	0.0	0.0	0.0	0.0	0.0	0.0	0.0	0.0	0.0	
0.05806	0.03989	0.04533	0.04531	0.04227	0.02275	0.03042	0.07507	0.02825	0.06289	0.00128	0.33532	0.02099	0.20585	0.07043	0.17509	0.1473	0.0	0.0	0.0	0.0	0.0	0.0	0.0	0.0	0.0	0.0	0.02661	0.82487	0.00611	0.0	0.0	0.00128	0.00128	0.00128	0.00128	0.00128	0.00128	0.04489	0.00128	0.00128	0.00128	0.00128	0.00128	0.00128	0.00128	0.00128	0.00128	0.0	0.00128	0.22192	0.0	0.04959	0.00128	0.33676	0.00128	0.00128	0.24319	0.82695	0.0	0.0	0.0532	0.04847	0.03138	0.05104	0.02669	0.02669	0.07403	0.0	0.10931	0.00128	0.00128	0.00128	0.00128	0.19493	0.02918	0.03465	0.24319	0.02825	0.03719	0.01936	0.227	0.02734	0.05238	0.0303	0.2599	
0.01582	0.01222	0.0141	0.00644	0.01699	8e-05	0.01337	0.05004	0.01248	0.04841	0.0	0.00833	0.01037	0.19089	0.01381	0.10484	0.07321	0.0	0.0	0.0	0.0	0.0	0.0	0.0	0.0	0.0	0.0	0.01364	0.0	0.0	0.0	0.00128	0.0	0.0	0.0	0.0	0.0	0.0	0.0203	0.0	0.0	0.0	0.0	0.0	0.0	0.0	0.0	0.0	0.0	0.0	0.08318	0.0	0.02523	0.0	0.5314	0.0	0.0	0.29976	0.0	0.0	0.0	0.00747	0.01107	0.00692	0.02758	0.00075	0.00075	0.00719	0.0	0.0706	0.0	0.0	0.0	0.0	0.31845	0.01296	0.01478	0.29976	0.01248	0.01694	0.01193	0.25842	0.01084	0.02725	0.00466	0.02011	
0.01582	0.01222	0.0141	0.00644	0.01699	8e-05	0.01337	0.05004	0.01248	0.04841	0.0	0.00833	0.01037	0.19089	0.01381	0.10484	0.07321	0.0	0.0	0.0	0.0	0.0	0.0	0.0	0.0	0.0	0.0	0.01364	0.0	0.0	0.0	0.00128	0.0	0.0	0.0	0.0	0.0	0.0	0.0203	0.0	0.0	0.0	0.0	0.0	0.0	0.0	0.0	0.0	0.0	0.0	0.08318	0.0	0.02523	0.0	0.5314	0.0	0.0	0.29976	0.0	0.0	0.0	0.00747	0.01107	0.00692	0.02758	0.00075	0.00075	0.00719	0.0	0.0706	0.0	0.0	0.0	0.0	0.31845	0.01296	0.01478	0.29976	0.01248	0.01694	0.01193	0.25842	0.01084	0.02725	0.00466	0.02011	
0.00158	0.00223	0.00317	0.00266	0.00043	0.00754	0.00158	0.00553	0.00149	0.00073	0.0	0.00122	0.00152	0.00207	0.00271	0.01304	0.01364	0.01102	0.01118	0.01118	0.01118	0.0	0.0	0.0	0.0	0.0	0.0	0.00208	0.00116	0.0	0.0	0.00128	0.0	0.0	0.0	0.0	0.0	0.0	0.00253	0.0	0.0	0.0	0.0	0.0	0.0	0.0	0.0	0.0	0.0	0.0	0.08319	0.0	0.01242	0.0	0.00127	0.0	0.0	0.00149	0.00216	0.0	0.0	0.00372	0.00251	0.00631	0.00074	0.00402	0.00402	0.0072	0.0	0.00123	0.0	0.0	0.0	0.0	0.00548	0.00154	0.00188	0.00149	0.00149	0.00242	0.00258	0.00131	0.00135	0.00643	0.00332	0.00305	
0.00158	0.00223	0.00317	0.00266	0.00043	0.00754	0.00158	0.00553	0.00149	0.00073	0.0	0.00122	0.00152	0.00207	0.00271	0.01304	0.01364	0.01102	0.01118	0.01118	0.01118	0.0	0.0	0.0	0.0	0.0	0.0	0.00208	0.00116	0.0	0.0	0.00128	0.0	0.0	0.0	0.0	0.0	0.0	0.00253	0.0	0.0	0.0	0.0	0.0	0.0	0.0	0.0	0.0	0.0	0.0	0.08319	0.0	0.01242	0.0	0.00127	0.0	0.0	0.00149	0.00216	0.0	0.0	0.00372	0.00251	0.00631	0.00074	0.00402	0.00402	0.0072	0.0	0.00123	0.0	0.0	0.0	0.0	0.00548	0.00154	0.00188	0.00149	0.00149	0.00242	0.00258	0.00131	0.00135	0.00643	0.00332	0.00305	
0.00158	0.00223	0.00317	0.00266	0.00043	0.00754	0.00158	0.00553	0.00149	0.00073	0.0	0.00122	0.00152	0.00207	0.00271	0.01304	0.01364	0.01102	0.01118	0.01118	0.01118	0.0	0.0	0.0	0.0	0.0	0.0	0.00208	0.00116	0.0	0.0	0.00128	0.0	0.0	0.0	0.0	0.0	0.0	0.00253	0.0	0.0	0.0	0.0	0.0	0.0	0.0	0.0	0.0	0.0	0.0	0.08319	0.0	0.01242	0.0	0.00127	0.0	0.0	0.00149	0.00216	0.0	0.0	0.00372	0.00251	0.00631	0.00074	0.00402	0.00402	0.0072	0.0	0.00123	0.0	0.0	0.0	0.0	0.00548	0.00154	0.00188	0.00149	0.00149	0.00242	0.00258	0.00131	0.00135	0.00643	0.00332	0.00305	
0.00158	0.00223	0.00317	0.00266	0.00043	0.00754	0.00158	0.00553	0.00149	0.00073	0.0	0.00122	0.00152	0.00207	0.00271	0.01304	0.01364	0.01102	0.01118	0.01118	0.01118	0.0	0.0	0.0	0.0	0.0	0.0	0.00208	0.00116	0.0	0.0	0.00128	0.0	0.0	0.0	0.0	0.0	0.0	0.00253	0.0	0.0	0.0	0.0	0.0	0.0	0.0	0.0	0.0	0.0	0.0	0.08319	0.0	0.01242	0.0	0.00127	0.0	0.0	0.00149	0.00216	0.0	0.0	0.00372	0.00251	0.00631	0.00074	0.00402	0.00402	0.0072	0.0	0.00123	0.0	0.0	0.0	0.0	0.00548	0.00154	0.00188	0.00149	0.00149	0.00242	0.00258	0.00131	0.00135	0.00643	0.00332	0.00305	
0.22415	0.14361	0.65545	0.02707	0.36348	0.11443	0.39808	0.48707	0.34861	0.38453	0.00253	0.04177	0.05947	0.08972	0.16971	0.39914	0.70891	0.55399	0.52373	0.52373	0.52373	0.0	0.0	0.0	0.0	0.0	0.0	0.31653	0.05742	0.0115	0.0	0.04489	0.0203	0.0203	0.00253	0.00253	0.00253	0.00253	0.0	0.00253	0.00253	0.00253	0.00253	0.00253	0.00253	0.00253	0.00253	0.00253	0.0	0.00253	1.10117	0.0	0.352	0.00253	0.08329	0.00253	0.00253	0.26955	0.06215	0.0	0.0	0.25817	0.26658	0.26949	0.32617	0.00896	0.00896	1.19098	0.0	0.25735	0.00253	0.00253	0.00253	0.00253	0.09074	0.34785	0.75079	0.26955	0.34861	0.1368	0.04745	0.11952	0.04404	0.06884	0.02448	0.01784	
0.00158	0.00223	0.00317	0.00266	0.00043	0.00754	0.00158	0.00553	0.00149	0.00073	0.0	0.00122	0.00152	0.00207	0.00271	0.01304	0.01364	0.01102	0.01118	0.01118	0.01118	0.0	0.0	0.0	0.0	0.0	0.0	0.00208	0.00116	0.0	0.0	0.00128	0.0	0.0	0.0	0.0	0.0	0.0	0.00253	0.0	0.0	0.0	0.0	0.0	0.0	0.0	0.0	0.0	0.0	0.0	0.08319	0.0	0.01242	0.0	0.00127	0.0	0.0	0.00149	0.00216	0.0	0.0	0.00372	0.00251	0.00631	0.00074	0.00402	0.00402	0.0072	0.0	0.00123	0.0	0.0	0.0	0.0	0.00548	0.00154	0.00188	0.00149	0.00149	0.00242	0.00258	0.00131	0.00135	0.00643	0.00332	0.00305	
0.00158	0.00223	0.00317	0.00266	0.00043	0.00754	0.00158	0.00553	0.00149	0.00073	0.0	0.00122	0.00152	0.00207	0.00271	0.01304	0.01364	0.01102	0.01118	0.01118	0.01118	0.0	0.0	0.0	0.0	0.0	0.0	0.00208	0.00116	0.0	0.0	0.00128	0.0	0.0	0.0	0.0	0.0	0.0	0.00253	0.0	0.0	0.0	0.0	0.0	0.0	0.0	0.0	0.0	0.0	0.0	0.08319	0.0	0.01242	0.0	0.00127	0.0	0.0	0.00149	0.00216	0.0	0.0	0.00372	0.00251	0.00631	0.00074	0.00402	0.00402	0.0072	0.0	0.00123	0.0	0.0	0.0	0.0	0.00548	0.00154	0.00188	0.00149	0.00149	0.00242	0.00258	0.00131	0.00135	0.00643	0.00332	0.00305	
0.00158	0.00223	0.00317	0.00266	0.00043	0.00754	0.00158	0.00553	0.00149	0.00073	0.0	0.00122	0.00152	0.00207	0.00271	0.01304	0.01364	0.01102	0.01118	0.01118	0.01118	0.0	0.0	0.0	0.0	0.0	0.0	0.00208	0.00116	0.0	0.0	0.00128	0.0	0.0	0.0	0.0	0.0	0.0	0.00253	0.0	0.0	0.0	0.0	0.0	0.0	0.0	0.0	0.0	0.0	0.0	0.08319	0.0	0.01242	0.0	0.00127	0.0	0.0	0.00149	0.00216	0.0	0.0	0.00372	0.00251	0.00631	0.00074	0.00402	0.00402	0.0072	0.0	0.00123	0.0	0.0	0.0	0.0	0.00548	0.00154	0.00188	0.00149	0.00149	0.00242	0.00258	0.00131	0.00135	0.00643	0.00332	0.00305	
0.00158	0.00223	0.00317	0.00266	0.00043	0.00754	0.00158	0.00553	0.00149	0.00073	0.0	0.00122	0.00152	0.00207	0.00271	0.01304	0.01364	0.01102	0.01118	0.01118	0.01118	0.0	0.0	0.0	0.0	0.0	0.0	0.00208	0.00116	0.0	0.0	0.00128	0.0	0.0	0.0	0.0	0.0	0.0	0.00253	0.0	0.0	0.0	0.0	0.0	0.0	0.0	0.0	0.0	0.0	0.0	0.08319	0.0	0.01242	0.0	0.00127	0.0	0.0	0.00149	0.00216	0.0	0.0	0.00372	0.00251	0.00631	0.00074	0.00402	0.00402	0.0072	0.0	0.00123	0.0	0.0	0.0	0.0	0.00548	0.00154	0.00188	0.00149	0.00149	0.00242	0.00258	0.00131	0.00135	0.00643	0.00332	0.00305	
0.00158	0.00223	0.00317	0.00266	0.00043	0.00754	0.00158	0.00553	0.00149	0.00073	0.0	0.00122	0.00152	0.00207	0.00271	0.01304	0.01364	0.01102	0.01118	0.01118	0.01118	0.0	0.0	0.0	0.0	0.0	0.0	0.00208	0.00116	0.0	0.0	0.00128	0.0	0.0	0.0	0.0	0.0	0.0	0.00253	0.0	0.0	0.0	0.0	0.0	0.0	0.0	0.0	0.0	0.0	0.0	0.08319	0.0	0.01242	0.0	0.00127	0.0	0.0	0.00149	0.00216	0.0	0.0	0.00372	0.00251	0.00631	0.00074	0.00402	0.00402	0.0072	0.0	0.00123	0.0	0.0	0.0	0.0	0.00548	0.00154	0.00188	0.00149	0.00149	0.00242	0.00258	0.00131	0.00135	0.00643	0.00332	0.00305	
0.00158	0.00223	0.00317	0.00266	0.00043	0.00754	0.00158	0.00553	0.00149	0.00073	0.0	0.00122	0.00152	0.00207	0.00271	0.01304	0.01364	0.01102	0.01118	0.01118	0.01118	0.0	0.0	0.0	0.0	0.0	0.0	0.00208	0.00116	0.0	0.0	0.00128	0.0	0.0	0.0	0.0	0.0	0.0	0.00253	0.0	0.0	0.0	0.0	0.0	0.0	0.0	0.0	0.0	0.0	0.0	0.08319	0.0	0.01242	0.0	0.00127	0.0	0.0	0.00149	0.00216	0.0	0.0	0.00372	0.00251	0.00631	0.00074	0.00402	0.00402	0.0072	0.0	0.00123	0.0	0.0	0.0	0.0	0.00548	0.00154	0.00188	0.00149	0.00149	0.00242	0.00258	0.00131	0.00135	0.00643	0.00332	0.00305	
0.00158	0.00223	0.00317	0.00266	0.00043	0.00754	0.00158	0.00553	0.00149	0.00073	0.0	0.00122	0.00152	0.00207	0.00271	0.01304	0.01364	0.01102	0.01118	0.01118	0.01118	0.0	0.0	0.0	0.0	0.0	0.0	0.00208	0.00116	0.0	0.0	0.00128	0.0	0.0	0.0	0.0	0.0	0.0	0.00253	0.0	0.0	0.0	0.0	0.0	0.0	0.0	0.0	0.0	0.0	0.0	0.08319	0.0	0.01242	0.0	0.00127	0.0	0.0	0.00149	0.00216	0.0	0.0	0.00372	0.00251	0.00631	0.00074	0.00402	0.00402	0.0072	0.0	0.00123	0.0	0.0	0.0	0.0	0.00548	0.00154	0.00188	0.00149	0.00149	0.00242	0.00258	0.00131	0.00135	0.00643	0.00332	0.00305	
0.00158	0.00223	0.00317	0.00266	0.00043	0.00754	0.00158	0.00553	0.00149	0.00073	0.0	0.00122	0.00152	0.00207	0.00271	0.01304	0.01364	0.01102	0.01118	0.01118	0.01118	0.0	0.0	0.0	0.0	0.0	0.0	0.00208	0.00116	0.0	0.0	0.00128	0.0	0.0	0.0	0.0	0.0	0.0	0.00253	0.0	0.0	0.0	0.0	0.0	0.0	0.0	0.0	0.0	0.0	0.0	0.08319	0.0	0.01242	0.0	0.00127	0.0	0.0	0.00149	0.00216	0.0	0.0	0.00372	0.00251	0.00631	0.00074	0.00402	0.00402	0.0072	0.0	0.00123	0.0	0.0	0.0	0.0	0.00548	0.00154	0.00188	0.00149	0.00149	0.00242	0.00258	0.00131	0.00135	0.00643	0.00332	0.00305	
0.00158	0.00223	0.00317	0.00266	0.00043	0.00754	0.00158	0.00553	0.00149	0.00073	0.0	0.00122	0.00152	0.00207	0.00271	0.01304	0.01364	0.01102	0.01118	0.01118	0.01118	0.0	0.0	0.0	0.0	0.0	0.0	0.00208	0.00116	0.0	0.0	0.00128	0.0	0.0	0.0	0.0	0.0	0.0	0.00253	0.0	0.0	0.0	0.0	0.0	0.0	0.0	0.0	0.0	0.0	0.0	0.08319	0.0	0.01242	0.0	0.00127	0.0	0.0	0.00149	0.00216	0.0	0.0	0.00372	0.00251	0.00631	0.00074	0.00402	0.00402	0.0072	0.0	0.00123	0.0	0.0	0.0	0.0	0.00548	0.00154	0.00188	0.00149	0.00149	0.00242	0.00258	0.00131	0.00135	0.00643	0.00332	0.00305	
0.0	0.0	0.0	0.0	0.0	0.0	0.0	0.0	0.0	0.0	0.0	0.0	0.0	0.0	0.0	0.0	0.0	0.0	0.0	0.0	0.0	0.0	0.0	0.0	0.0	0.0	0.0	0.0	0.0	0.0	0.0	0.0	0.0	0.0	0.0	0.0	0.0	0.0	0.0	0.0	0.0	0.0	0.0	0.0	0.0	0.0	0.0	0.0	0.0	0.0	0.0	0.0	0.0	0.0	0.0	0.0	0.0	0.0	0.0	0.0	0.0	0.0	0.0	0.0	0.0	0.0	0.0	0.0	0.0	0.0	0.0	0.0	0.0	0.0	0.0	0.0	0.0	0.0	0.0	0.0	0.0	0.0	0.0	0.0	0.0	0.0	
0.00158	0.00223	0.00317	0.00266	0.00043	0.00754	0.00158	0.00553	0.00149	0.00073	0.0	0.00122	0.00152	0.00207	0.00271	0.01304	0.01364	0.01102	0.01118	0.01118	0.01118	0.0	0.0	0.0	0.0	0.0	0.0	0.00208	0.00116	0.0	0.0	0.00128	0.0	0.0	0.0	0.0	0.0	0.0	0.00253	0.0	0.0	0.0	0.0	0.0	0.0	0.0	0.0	0.0	0.0	0.0	0.08319	0.0	0.01242	0.0	0.00127	0.0	0.0	0.00149	0.00216	0.0	0.0	0.00372	0.00251	0.00631	0.00074	0.00402	0.00402	0.0072	0.0	0.00123	0.0	0.0	0.0	0.0	0.00548	0.00154	0.00188	0.00149	0.00149	0.00242	0.00258	0.00131	0.00135	0.00643	0.00332	0.00305	
0.71957	0.98211	0.78689	1.34519	1.10088	0.60976	0.43059	2.0606	1.22059	1.58772	0.08319	0.42745	0.76895	0.53675	0.0	0.95036	0.99125	0.95987	0.95201	0.95201	0.95201	1.33837	0.0	0.0	0.0	0.0	0.0	0.0	0.0	0.0	1.15189	0.22192	0.08318	0.08318	0.08319	0.08319	0.08319	0.08319	1.10117	0.08319	0.08319	0.08319	0.08319	0.08319	0.08319	0.08319	0.08319	0.08319	0.0	0.08319	0.0	0.0	1.16051	0.08319	0.47449	0.08319	0.08319	1.41573	0.32979	0.0	0.0	1.47804	1.69053	1.51582	1.73174	0.67935	0.67935	0.0	0.0	1.6594	0.08319	0.08319	0.08319	0.08319	0.48449	1.21657	1.35827	1.41573	1.22059	0.88323	0.1248	1.34066	0.44128	1.45865	0.8133	0.94986	
0.0	0.0	0.0	0.0	0.0	0.0	0.0	0.0	0.0	0.0	0.0	0.0	0.0	0.0	0.0	0.0	0.0	0.0	0.0	0.0	0.0	0.0	0.0	0.0	0.0	0.0	0.0	0.0	0.0	0.0	0.0	0.0	0.0	0.0	0.0	0.0	0.0	0.0	0.0	0.0	0.0	0.0	0.0	0.0	0.0	0.0	0.0	0.0	0.0	0.0	0.0	0.0	0.0	0.0	0.0	0.0	0.0	0.0	0.0	0.0	0.0	0.0	0.0	0.0	0.0	0.0	0.0	0.0	0.0	0.0	0.0	0.0	0.0	0.0	0.0	0.0	0.0	0.0	0.0	0.0	0.0	0.0	0.0	0.0	0.0	0.0	
0.30638	0.10174	0.37411	0.11152	0.19319	0.17934	0.05454	0.51718	1.03013	0.54979	0.01242	0.04854	0.06559	0.07911	0.43889	0.20987	0.54962	0.70494	0.0	0.0	0.0	0.0	0.0	0.0	0.0	0.0	0.0	0.08679	0.08105	0.0883	1.54086	0.04959	0.02523	0.02523	0.01242	0.01242	0.01242	0.01242	0.352	0.01242	0.01242	0.01242	0.01242	0.01242	0.01242	0.01242	0.01242	0.01242	0.0	0.01242	1.16051	0.0	0.0	0.01242	0.07989	0.01242	0.01242	0.60489	0.06174	0.0	0.0	1.29244	0.52572	1.44933	0.55281	0.14752	0.14752	0.0	0.0	0.23914	0.01242	0.01242	0.01242	0.01242	0.07577	1.03116	0.62975	0.60489	1.03013	0.41773	0.05497	0.31224	0.0795	0.20243	0.14232	0.15423	
0.00158	0.00223	0.00317	0.00266	0.00043	0.00754	0.00158	0.00553	0.00149	0.00073	0.0	0.00122	0.00152	0.00207	0.00271	0.01304	0.01364	0.01102	0.01118	0.01118	0.01118	0.0	0.0	0.0	0.0	0.0	0.0	0.00208	0.00116	0.0	0.0	0.00128	0.0	0.0	0.0	0.0	0.0	0.0	0.00253	0.0	0.0	0.0	0.0	0.0	0.0	0.0	0.0	0.0	0.0	0.0	0.08319	0.0	0.01242	0.0	0.00127	0.0	0.0	0.00149	0.00216	0.0	0.0	0.00372	0.00251	0.00631	0.00074	0.00402	0.00402	0.0072	0.0	0.00123	0.0	0.0	0.0	0.0	0.00548	0.00154	0.00188	0.00149	0.00149	0.00242	0.00258	0.00131	0.00135	0.00643	0.00332	0.00305	
0.12517	0.09817	0.10832	0.11104	0.13339	0.14461	0.05598	0.1555	0.05149	0.18588	0.00127	0.02455	0.03483	0.33723	0.37513	0.22574	0.72369	0.85879	1.43692	1.43692	1.43692	0.44098	0.0	0.0	0.0	0.0	0.0	0.03877	0.602	0.00114	0.0	0.33676	0.5314	0.5314	0.00127	0.00127	0.00127	0.00127	0.08329	0.00127	0.00127	0.00127	0.00127	0.00127	0.00127	0.00127	0.00127	0.00127	0.0	0.00127	0.47449	0.0	0.07989	0.00127	0.0	0.00127	0.00127	0.37993	0.6028	0.0	0.0	0.07236	0.12785	0.08533	0.21591	0.07568	0.07568	0.38091	0.0	0.43811	0.00127	0.00127	0.00127	0.00127	0.31498	0.05253	0.07069	0.37993	0.05149	0.07107	0.02804	0.44744	0.14709	0.18549	0.08364	0.08169	
0.00158	0.00223	0.00317	0.00266	0.00043	0.00754	0.00158	0.00553	0.00149	0.00073	0.0	0.00122	0.00152	0.00207	0.00271	0.01304	0.01364	0.01102	0.01118	0.01118	0.01118	0.0	0.0	0.0	0.0	0.0	0.0	0.00208	0.00116	0.0	0.0	0.00128	0.0	0.0	0.0	0.0	0.0	0.0	0.00253	0.0	0.0	0.0	0.0	0.0	0.0	0.0	0.0	0.0	0.0	0.0	0.08319	0.0	0.01242	0.0	0.00127	0.0	0.0	0.00149	0.00216	0.0	0.0	0.00372	0.00251	0.00631	0.00074	0.00402	0.00402	0.0072	0.0	0.00123	0.0	0.0	0.0	0.0	0.00548	0.00154	0.00188	0.00149	0.00149	0.00242	0.00258	0.00131	0.00135	0.00643	0.00332	0.00305	
0.00158	0.00223	0.00317	0.00266	0.00043	0.00754	0.00158	0.00553	0.00149	0.00073	0.0	0.00122	0.00152	0.00207	0.00271	0.01304	0.01364	0.01102	0.01118	0.01118	0.01118	0.0	0.0	0.0	0.0	0.0	0.0	0.00208	0.00116	0.0	0.0	0.00128	0.0	0.0	0.0	0.0	0.0	0.0	0.00253	0.0	0.0	0.0	0.0	0.0	0.0	0.0	0.0	0.0	0.0	0.0	0.08319	0.0	0.01242	0.0	0.00127	0.0	0.0	0.00149	0.00216	0.0	0.0	0.00372	0.00251	0.00631	0.00074	0.00402	0.00402	0.0072	0.0	0.00123	0.0	0.0	0.0	0.0	0.00548	0.00154	0.00188	0.00149	0.00149	0.00242	0.00258	0.00131	0.00135	0.00643	0.00332	0.00305	
0.14655	0.08198	0.23832	0.06806	0.32018	0.09971	0.05825	0.43694	0.58271	0.58679	0.00149	0.03463	0.05037	0.25991	0.16375	0.22037	0.37296	1.44899	1.56247	1.56247	1.56247	0.56653	0.0	0.0	0.0	0.0	0.0	0.06029	0.58994	0.02839	0.0	0.24319	0.29976	0.29976	0.00149	0.00149	0.00149	0.00149	0.26955	0.00149	0.00149	0.00149	0.00149	0.00149	0.00149	0.00149	0.00149	0.00149	0.0	0.00149	1.41573	0.0	0.60489	0.00149	0.37993	0.00149	0.00149	0.0	0.46027	0.0	0.0	0.42887	0.35709	0.43879	0.50586	0.11653	0.11653	1.58903	0.0	0.27156	0.00149	0.00149	0.00149	0.00149	0.26986	0.58302	0.44964	1.00278	0.58271	0.31191	0.03962	0.63339	0.08054	0.13158	0.13396	0.12986	
0.08439	0.06726	0.07518	0.07783	0.12391	0.05223	0.04331	0.12728	0.04019	0.18811	0.00216	0.02106	0.02856	0.35078	0.10254	0.20215	0.21903	1.19902	1.35907	1.35907	1.35907	0.36313	0.0	0.0	0.0	0.0	0.0	0.03074	1.0008	0.00011	0.0	0.82695	0.0	0.0	0.00216	0.00216	0.00216	0.00216	0.06215	0.00216	0.00216	0.00216	0.00216	0.00216	0.00216	0.00216	0.00216	0.00216	0.0	0.00216	0.32979	0.0	0.06174	0.00216	0.6028	0.00216	0.00216	0.46027	0.0	0.0	0.0	0.05177	0.08626	0.06158	0.13585	0.05744	0.05744	0.2427	0.0	0.21639	0.00216	0.00216	0.00216	0.00216	0.43328	0.04085	0.05096	0.46027	0.04019	0.0525	0.0239	0.42359	0.04209	0.12201	0.06039	0.05948	
0.0	0.0	0.0	0.0	0.0	0.0	0.0	0.0	0.0	0.0	0.0	0.0	0.0	0.0	0.0	0.0	0.0	0.0	0.0	0.0	0.0	0.0	0.0	0.0	0.0	0.0	0.0	0.0	0.0	0.0	0.0	0.0	0.0	0.0	0.0	0.0	0.0	0.0	0.0	0.0	0.0	0.0	0.0	0.0	0.0	0.0	0.0	0.0	0.0	0.0	0.0	0.0	0.0	0.0	0.0	0.0	0.0	0.0	0.0	0.0	0.0	0.0	0.0	0.0	0.0	0.0	0.0	0.0	0.0	0.0	0.0	0.0	0.0	0.0	0.0	0.0	0.0	0.0	0.0	0.0	0.0	0.0	0.0	0.0	0.0	0.0	
0.0	0.0	0.0	0.0	0.0	0.0	0.0	0.0	0.0	0.0	0.0	0.0	0.0	0.0	0.0	0.0	0.0	0.0	0.0	0.0	0.0	0.0	0.0	0.0	0.0	0.0	0.0	0.0	0.0	0.0	0.0	0.0	0.0	0.0	0.0	0.0	0.0	0.0	0.0	0.0	0.0	0.0	0.0	0.0	0.0	0.0	0.0	0.0	0.0	0.0	0.0	0.0	0.0	0.0	0.0	0.0	0.0	0.0	0.0	0.0	0.0	0.0	0.0	0.0	0.0	0.0	0.0	0.0	0.0	0.0	0.0	0.0	0.0	0.0	0.0	0.0	0.0	0.0	0.0	0.0	0.0	0.0	0.0	0.0	0.0	0.0	
0.19466	0.20732	0.27987	0.2181	0.1789	0.18092	0.05469	0.40023	0.56112	0.41731	0.00372	0.02845	0.05049	0.16636	0.2303	0.17729	0.27857	0.32313	0.47483	0.47483	0.47483	0.35748	0.0	0.0	0.0	0.0	0.0	0.05945	0.06213	0.03009	0.71352	0.0532	0.00747	0.00747	0.00372	0.00372	0.00372	0.00372	0.25817	0.00372	0.00372	0.00372	0.00372	0.00372	0.00372	0.00372	0.00372	0.00372	0.0	0.00372	1.47804	0.0	1.29244	0.00372	0.07236	0.00372	0.00372	0.42887	0.05177	0.0	0.0	0.0	0.39594	0.65039	0.43055	0.16746	0.16746	1.0332	0.0	0.2017	0.00372	0.00372	0.00372	0.00372	0.13635	0.56077	0.43569	0.42887	0.56112	0.30045	0.04017	0.25953	0.07691	0.1591	0.16378	0.14728	
0.15802	0.20756	0.30587	0.05274	0.07948	0.10858	0.12588	0.46718	0.37747	0.27457	0.00251	0.05509	0.08221	0.12261	0.254	0.12486	0.36699	0.5021	1.41907	1.41907	1.41907	0.42313	0.0	0.0	0.0	0.0	0.0	0.15893	0.09632	0.01782	0.0	0.04847	0.01107	0.01107	0.00251	0.00251	0.00251	0.00251	0.26658	0.00251	0.00251	0.00251	0.00251	0.00251	0.00251	0.00251	0.00251	0.00251	0.0	0.00251	1.69053	0.0	0.52572	0.00251	0.12785	0.00251	0.00251	0.35709	0.08626	0.0	0.0	0.39594	0.0	0.48987	0.26635	0.58099	0.58099	1.97636	0.0	0.35211	0.00251	0.00251	0.00251	0.00251	0.04452	0.37784	0.4267	0.35709	0.37747	0.23183	0.06324	0.24689	0.10465	0.20879	0.51345	0.04029	
0.25233	0.09995	0.30978	0.16794	0.20325	0.29134	0.06524	0.47491	0.55395	0.43757	0.00631	0.04162	0.05896	0.08457	0.49527	0.25352	0.4093	0.5444	1.59338	1.59338	1.59338	0.59744	0.0	0.0	0.0	0.0	0.0	0.06939	0.07432	0.0325	0.0	0.03138	0.00692	0.00692	0.00631	0.00631	0.00631	0.00631	0.26949	0.00631	0.00631	0.00631	0.00631	0.00631	0.00631	0.00631	0.00631	0.00631	0.0	0.00631	1.51582	0.0	1.44933	0.00631	0.08533	0.00631	0.00631	0.43879	0.06158	0.0	0.0	0.65039	0.48987	0.0	0.45957	0.25078	0.25078	2.33733	0.0	0.19901	0.00631	0.00631	0.00631	0.00631	0.05089	0.55388	0.4429	0.43879	0.55395	0.30876	0.04703	0.27744	0.0885	0.31785	0.23307	0.15001	
0.12821	0.08663	0.30619	0.18967	0.41295	0.05257	0.12183	0.38004	0.48278	0.66906	0.00074	0.05644	0.08524	0.11368	0.36902	0.31992	0.37558	0.51069	1.31498	1.31498	1.31498	0.31905	0.0	0.0	0.0	0.0	0.0	0.14304	0.16113	0.02189	0.0	0.05104	0.02758	0.02758	0.00074	0.00074	0.00074	0.00074	0.32617	0.00074	0.00074	0.00074	0.00074	0.00074	0.00074	0.00074	0.00074	0.00074	0.0	0.00074	1.73174	0.0	0.55281	0.00074	0.21591	0.00074	0.00074	0.50586	0.13585	0.0	0.0	0.43055	0.26635	0.45957	0.0	0.05323	0.05323	1.80976	0.0	0.35372	0.00074	0.00074	0.00074	0.00074	0.06206	0.48508	0.49432	0.50586	0.48278	0.30796	0.06506	0.416	0.12548	0.11737	0.08549	0.0753	
0.04195	0.16003	0.08901	0.06775	0.00362	0.11938	0.0393	0.26475	0.08117	0.0603	0.00402	0.03925	0.05502	0.10585	0.27245	0.05404	0.17095	0.30606	1.18053	1.18053	1.18053	0.18459	0.0	0.0	0.0	0.0	0.0	0.2031	0.06707	7e-05	0.0	0.02669	0.00075	0.00075	0.00402	0.00402	0.00402	0.00402	0.00896	0.00402	0.00402	0.00402	0.00402	0.00402	0.00402	0.00402	0.00402	0.00402	0.0	0.00402	0.67935	0.0	0.14752	0.00402	0.07568	0.00402	0.00402	0.11653	0.05744	0.0	0.0	0.16746	0.58099	0.25078	0.05323	0.0	1.00774	1.06439	0.0	0.12939	0.00402	0.00402	0.00402	0.00402	0.00528	0.08278	0.18236	0.11653	0.08117	0.1121	0.04438	0.15182	0.09039	0.27462	0.74034	0.02105	
0.04195	0.16003	0.08901	0.06775	0.00362	0.11938	0.0393	0.26475	0.08117	0.0603	0.00402	0.03925	0.05502	0.10585	0.27245	0.05404	0.17095	0.30606	1.18053	1.18053	1.18053	0.18459	0.0	0.0	0.0	0.0	0.0	0.2031	0.06707	7e-05	0.0	0.02669	0.00075	0.00075	0.00402	0.00402	0.00402	0.00402	0.00896	0.00402	0.00402	0.00402	0.00402	0.00402	0.00402	0.00402	0.00402	0.00402	0.0	0.00402	0.67935	0.0	0.14752	0.00402	0.07568	0.00402	0.00402	0.11653	0.05744	0.0	0.0	0.16746	0.58099	0.25078	0.05323	1.00774	0.0	1.06439	0.0	0.12939	0.00402	0.00402	0.00402	0.00402	0.00528	0.08278	0.18236	0.11653	0.08117	0.1121	0.04438	0.15182	0.09039	0.27462	0.74034	0.02105	
0.4495	0.18786	0.98861	0.33612	1.03148	1.09705	0.21249	1.98488	1.45273	1.70916	0.0072	0.12563	0.19042	0.19039	1.50451	1.07931	0.0	0.0	0.0	0.0	0.0	0.0	0.0	0.0	0.0	0.0	0.0	0.23959	0.31332	0.04505	0.0	0.07403	0.00719	0.00719	0.0072	0.0072	0.0072	0.0072	1.19098	0.0072	0.0072	0.0072	0.0072	0.0072	0.0072	0.0072	0.0072	0.0072	0.0	0.0072	0.0	0.0	0.0	0.0072	0.38091	0.0072	0.0072	1.58903	0.2427	0.0	0.0	1.0332	1.97636	2.33733	1.80976	1.06439	1.06439	0.0	0.0	0.63524	0.0072	0.0072	0.0072	0.0072	0.17369	1.44531	1.54889	1.58903	1.45273	1.32072	0.13894	1.4022	0.29986	0.79205	1.13331	0.54857	
0.0	0.0	0.0	0.0	0.0	0.0	0.0	0.0	0.0	0.0	0.0	0.0	0.0	0.0	0.0	0.0	0.0	0.0	0.0	0.0	0.0	0.0	0.0	0.0	0.0	0.0	0.0	0.0	0.0	0.0	0.0	0.0	0.0	0.0	0.0	0.0	0.0	0.0	0.0	0.0	0.0	0.0	0.0	0.0	0.0	0.0	0.0	0.0	0.0	0.0	0.0	0.0	0.0	0.0	0.0	0.0	0.0	0.0	0.0	0.0	0.0	0.0	0.0	0.0	0.0	0.0	0.0	0.0	0.0	0.0	0.0	0.0	0.0	0.0	0.0	0.0	0.0	0.0	0.0	0.0	0.0	0.0	0.0	0.0	0.0	0.0	
0.16919	0.27702	0.27351	0.11792	0.17762	0.02661	0.1518	0.32144	0.13664	0.21568	0.00123	0.08715	0.13549	0.1968	0.21643	0.18742	0.35222	0.46519	0.91253	0.91253	0.91253	0.18939	0.0	0.0	0.0	0.0	0.0	0.11103	0.22617	0.01034	0.8296	0.10931	0.0706	0.0706	0.00123	0.00123	0.00123	0.00123	0.25735	0.00123	0.00123	0.00123	0.00123	0.00123	0.00123	0.00123	0.00123	0.00123	0.0	0.00123	1.6594	0.0	0.23914	0.00123	0.43811	0.00123	0.00123	0.27156	0.21639	0.0	0.0	0.2017	0.35211	0.19901	0.35372	0.12939	0.12939	0.63524	0.0	0.0	0.00123	0.00123	0.00123	0.00123	0.127	0.13544	0.22205	0.27156	0.13664	0.08547	0.1011	0.32115	0.11049	0.16549	0.15638	0.12724	
0.00158	0.00223	0.00317	0.00266	0.00043	0.00754	0.00158	0.00553	0.00149	0.00073	0.0	0.00122	0.00152	0.00207	0.00271	0.01304	0.01364	0.01102	0.01118	0.01118	0.01118	0.0	0.0	0.0	0.0	0.0	0.0	0.00208	0.00116	0.0	0.0	0.00128	0.0	0.0	0.0	0.0	0.0	0.0	0.00253	0.0	0.0	0.0	0.0	0.0	0.0	0.0	0.0	0.0	0.0	0.0	0.08319	0.0	0.01242	0.0	0.00127	0.0	0.0	0.00149	0.00216	0.0	0.0	0.00372	0.00251	0.00631	0.00074	0.00402	0.00402	0.0072	0.0	0.00123	0.0	0.0	0.0	0.0	0.00548	0.00154	0.00188	0.00149	0.00149	0.00242	0.00258	0.00131	0.00135	0.00643	0.00332	0.00305	
0.00158	0.00223	0.00317	0.00266	0.00043	0.00754	0.00158	0.00553	0.00149	0.00073	0.0	0.00122	0.00152	0.00207	0.00271	0.01304	0.01364	0.01102	0.01118	0.01118	0.01118	0.0	0.0	0.0	0.0	0.0	0.0	0.00208	0.00116	0.0	0.0	0.00128	0.0	0.0	0.0	0.0	0.0	0.0	0.00253	0.0	0.0	0.0	0.0	0.0	0.0	0.0	0.0	0.0	0.0	0.0	0.08319	0.0	0.01242	0.0	0.00127	0.0	0.0	0.00149	0.00216	0.0	0.0	0.00372	0.00251	0.00631	0.00074	0.00402	0.00402	0.0072	0.0	0.00123	0.0	0.0	0.0	0.0	0.00548	0.00154	0.00188	0.00149	0.00149	0.00242	0.00258	0.00131	0.00135	0.00643	0.00332	0.00305	
