0.0	0.0517	0.08976	0.00069	0.00069	0.08593	0.04232	0.07893	0.02323	0.14573	0.00069	0.0	0.03498	0.00069	0.01578	0.00069	0.00069	0.01335	0.00069	0.02246	0.01104	0.01335	0.00069	0.02587	0.1964	0.08218	0.02735	0.01335	0.00069	0.0185	0.04544	0.03754	0.00069	0.12331	0.16116	0.18746	0.14094	0.00069	0.1335	0.01856	0.00916	0.00069	0.03477	0.00069	0.1531	0.00069	0.00069	0.01499	0.00069	0.03677	0.03726	0.30267	0.04356	0.02424	0.00916	0.0	0.03474	0.0243	0.01499	0.00889	0.01027	0.00069	0.0	0.0	0.0	0.0	0.0	0.04613	0.01499	0.0721	0.00069	0.01499	0.14108	0.03299	0.12031	0.10094	0.15063	0.25999	0.0	0.0	0.0	0.01856	0.48197	0.01392	0.26061	0.17238	0.02512	0.01856	0.00069	0.0	0.0358	0.00889	0.0558	0.06085	0.09293	0.0863	0.11516	0.12541	0.09417	0.0	0.1396	0.15087	0.0	0.14305	0.16922	0.16015	0.10675	0.0	0.0	0.0	0.17198	0.15184	0.04234	0.06975	0.00284	0.00897	0.19632	0.06683	0.12825	0.09968	0.21817	0.13418	0.08226	0.06812	0.18355	0.13783	0.08665	0.10893	0.10481	0.14721	0.02512	0.15615	0.08976	0.09695	0.23052	0.02968	0.0873	0.13914	0.01856	0.02587	0.11778	0.13302	0.08147	0.30032	0.39374	0.10993	0.12527	0.10469	
0.0517	0.0	0.17254	8e-05	8e-05	0.33053	0.03779	0.21777	0.1523	0.16258	8e-05	0.3127	0.07819	8e-05	0.16314	8e-05	8e-05	0.01678	8e-05	0.16928	0.09428	0.01678	8e-05	0.06989	0.1012	0.15679	0.14984	0.01678	8e-05	0.02327	0.06183	0.05086	8e-05	0.08617	0.10764	0.01417	0.0249	8e-05	0.05914	0.02363	0.01115	8e-05	0.05173	8e-05	0.00081	8e-05	8e-05	0.17143	8e-05	0.34904	0.05755	0.15087	0.05857	0.03156	0.01115	0.0	0.04431	0.03214	0.17143	0.01078	0.09458	8e-05	0.0	0.0	0.0	0.0	0.0	0.05393	0.17143	0.07279	8e-05	0.17143	0.0924	0.14901	0.06786	0.03139	0.08357	0.07149	0.0	0.0	0.0	0.02363	0.15176	0.01741	0.04271	0.05238	0.29815	0.02363	8e-05	0.0	0.42405	0.01078	0.05455	0.08708	0.07679	0.04757	0.08357	0.07804	0.10528	0.0	0.13528	0.07464	0.0	0.10433	0.06963	0.08012	0.13961	0.0	0.0	0.0	0.06644	0.11363	0.056	0.11247	0.00132	0.0105	0.1499	0.06675	0.074	0.2435	0.05728	0.13068	0.03792	0.21681	0.18288	0.07601	0.15489	0.10067	0.0935	0.2344	0.29815	0.13624	0.17254	0.17777	0.05809	0.21627	0.07246	0.09662	0.02363	0.06989	0.05105	0.07988	0.4381	0.14437	0.02143	0.08025	0.10151	0.17544	
0.08976	0.17254	0.0	0.00051	0.00051	0.6229	0.02159	0.0723	0.0114	0.2105	0.00051	0.27349	0.35186	0.00051	0.00886	0.00051	0.00051	0.00784	0.00051	0.01197	0.00703	0.00784	0.00051	0.01307	0.17272	0.61567	0.01276	0.00784	0.00051	0.01002	0.01874	0.01616	0.00051	0.02336	0.18601	0.00692	0.01908	0.00051	0.02007	0.01002	0.00579	0.00051	0.18989	0.00051	0.00212	0.00051	0.00051	0.00871	0.00051	0.01546	0.1732	0.01273	0.01972	0.01171	0.00579	0.0	0.0164	0.01181	0.00871	0.00564	0.00648	0.00051	0.0	0.0	0.0	0.0	0.0	0.01848	0.00871	0.02106	0.00051	0.00871	0.024	0.01474	0.02038	0.03781	0.12744	0.06552	0.0	0.0	0.0	0.01002	0.48567	0.00801	0.01401	0.14452	0.01201	0.01002	0.00051	0.0	0.22745	0.00564	0.01515	0.02429	0.02533	0.02476	0.02693	0.02757	0.01581	0.0	0.19333	0.02973	0.0	0.08733	0.07712	0.05619	0.05637	0.0	0.0	0.0	0.07002	0.06956	0.01926	0.04375	0.0027	0.00573	0.15481	0.1	0.06159	0.1373	0.01802	0.04071	0.10774	0.05373	0.07653	0.05803	0.05355	0.04628	0.02846	0.22717	0.01201	0.01599	1.0004	0.03098	0.01719	0.01359	0.02207	0.01872	0.01002	0.01307	0.02158	0.0357	0.5056	0.01284	0.00999	0.04227	0.02114	0.10382	
0.00069	8e-05	0.00051	0.0	0.0	0.00027	9e-05	0.00025	0.00027	0.0001	0.0	0.0	0.00012	0.0	0.00014	0.0	0.0	0.00026	0.0	0.00052	0.00059	0.00026	0.0	0.00014	5e-05	0.00031	0.00018	0.00026	0.0	0.00037	2e-05	7e-05	0.0	0.00019	0.00017	0.00028	0.00064	0.0	0.00051	0.00012	0.00031	0.0	0.00038	0.0	0.0	0.0	0.0	0.00045	0.0	0.00021	8e-05	0.00093	0.00015	0.00027	0.00031	0.0	8e-05	0.00013	0.00045	0.00029	0.00056	0.0	0.0	0.0	0.0	0.0	0.0	0.00011	0.00045	6e-05	0.0	0.00045	9e-05	0.00016	0.00018	0.00015	9e-05	0.00073	0.0	0.0	0.0	0.00012	0.00105	0.00015	0.0006	0.00062	0.0002	0.00012	0.0	0.0	0.0001	0.00029	7e-05	9e-05	6e-05	7e-05	7e-05	2e-05	0.00015	0.0	0.00013	5e-05	0.0	0.00018	0.00091	0.0004	0.00021	0.0	0.0	0.0	0.00089	0.00046	7e-05	0.00021	0.0	0.00094	0.00012	0.0003	0.00041	8e-05	0.00016	2e-05	0.00029	0.00014	0.00048	0.00051	0.00011	0.00013	0.00013	0.00017	0.0002	0.0003	0.00051	8e-05	0.00046	0.00015	2e-05	0.00015	0.00012	0.00014	0.00021	8e-05	0.00036	0.0008	0.00161	0.00011	0.00015	5e-05	
0.00069	8e-05	0.00051	0.0	0.0	0.00027	9e-05	0.00025	0.00027	0.0001	0.0	0.0	0.00012	0.0	0.00014	0.0	0.0	0.00026	0.0	0.00052	0.00059	0.00026	0.0	0.00014	5e-05	0.00031	0.00018	0.00026	0.0	0.00037	2e-05	7e-05	0.0	0.00019	0.00017	0.00028	0.00064	0.0	0.00051	0.00012	0.00031	0.0	0.00038	0.0	0.0	0.0	0.0	0.00045	0.0	0.00021	8e-05	0.00093	0.00015	0.00027	0.00031	0.0	8e-05	0.00013	0.00045	0.00029	0.00056	0.0	0.0	0.0	0.0	0.0	0.0	0.00011	0.00045	6e-05	0.0	0.00045	9e-05	0.00016	0.00018	0.00015	9e-05	0.00073	0.0	0.0	0.0	0.00012	0.00105	0.00015	0.0006	0.00062	0.0002	0.00012	0.0	0.0	0.0001	0.00029	7e-05	9e-05	6e-05	7e-05	7e-05	2e-05	0.00015	0.0	0.00013	5e-05	0.0	0.00018	0.00091	0.0004	0.00021	0.0	0.0	0.0	0.00089	0.00046	7e-05	0.00021	0.0	0.00094	0.00012	0.0003	0.00041	8e-05	0.00016	2e-05	0.00029	0.00014	0.00048	0.00051	0.00011	0.00013	0.00013	0.00017	0.0002	0.0003	0.00051	8e-05	0.00046	0.00015	2e-05	0.00015	0.00012	0.00014	0.00021	8e-05	0.00036	0.0008	0.00161	0.00011	0.00015	5e-05	
0.08593	0.33053	0.6229	0.00027	0.00027	0.0	0.03201	0.11017	0.11907	0.21703	0.00027	0.37847	0.26859	0.00027	0.01152	0.00027	0.00027	0.00984	0.00027	0.05663	0.0082	0.00984	0.00027	0.01797	0.19852	0.4519	0.11134	0.00984	0.00027	0.01357	0.07546	0.09001	0.00027	0.03566	0.16976	0.00851	0.02855	0.00027	0.03022	0.01343	0.00692	0.00027	0.16063	0.00027	0.00138	0.00027	0.00027	0.16874	0.00027	0.09031	0.25519	0.1144	0.0287	0.0167	0.00692	0.0	0.06477	0.01648	0.16874	0.38421	0.00769	0.00027	0.0	0.0	0.0	0.0	0.0	0.0268	0.16874	0.03262	0.00027	0.16874	0.06754	0.10516	0.07014	0.0555	0.16628	0.10864	0.0	0.0	0.0	0.01343	0.38268	0.0103	0.02117	0.13017	0.115	0.01343	0.00027	0.0	0.33461	0.38421	0.0215	0.08896	0.04057	0.0364	0.04891	0.04518	0.02173	0.0	0.2188	0.16984	0.0	0.12356	0.08253	0.06775	0.09552	0.0	0.0	0.0	0.07604	0.07503	0.02825	0.0744	0.00187	0.00708	0.16872	0.10066	0.08484	0.19582	0.0274	0.09048	0.10836	0.066	0.12406	0.07178	0.09166	0.0807	0.06621	0.24807	0.115	0.1657	0.6229	0.06032	0.02683	0.05309	0.0816	0.07835	0.01343	0.01797	0.03389	0.06214	0.7905	0.01867	0.01342	0.0882	0.03237	0.1257	
0.04232	0.03779	0.02159	9e-05	9e-05	0.03201	0.0	0.17577	0.10634	0.02502	9e-05	0.0	0.0189	9e-05	0.14623	9e-05	9e-05	0.12034	9e-05	0.03231	0.0153	0.12034	9e-05	0.2764	0.02193	0.02887	0.14853	0.12034	9e-05	0.02587	0.06351	0.14252	9e-05	0.02727	0.04299	0.10019	0.01641	9e-05	0.01218	0.17714	0.01284	9e-05	0.02008	9e-05	0.00097	9e-05	9e-05	0.02147	9e-05	0.12578	0.05411	0.03691	0.00033	0.03393	0.01284	0.0	0.15505	0.03844	0.02147	0.01243	0.01458	9e-05	0.0	0.0	0.0	0.0	0.0	0.09395	0.02147	0.04247	9e-05	0.02147	0.03362	0.04659	0.06955	0.02964	0.06213	0.06	0.0	0.0	0.0	0.17714	0.03704	0.01964	0.1362	0.06188	0.12551	0.17714	9e-05	0.0	0.04832	0.01243	0.11762	0.0222	0.04168	0.00726	0.28573	0.05584	0.04432	0.0	0.02374	0.04334	0.0	0.03216	0.05848	0.07108	0.09846	0.0	0.0	0.0	0.05519	0.06999	0.00101	0.11673	0.00159	0.01214	0.04955	0.11717	0.00921	0.15038	0.13716	0.14106	0.01967	0.24972	0.03993	0.22824	0.21637	0.09082	0.00014	0.08595	0.12551	0.11626	0.02159	0.07869	0.13775	0.12348	0.22956	0.07057	0.17714	0.2764	0.17289	0.0467	0.03507	0.1251	0.024	0.01987	0.19829	0.1828	
0.07893	0.21777	0.0723	0.00025	0.00025	0.11017	0.17577	0.0	0.09435	0.09142	0.00025	0.34073	0.04305	0.00025	0.04298	0.00025	0.00025	0.03546	0.00025	0.14205	0.13657	0.03546	0.00025	0.07797	0.05591	0.08578	0.10659	0.03546	0.00025	0.02014	0.06135	0.04816	0.00025	0.07559	0.11773	0.02953	0.01679	0.00025	0.01113	0.05176	0.02287	0.00025	0.00886	0.00025	0.00272	0.00025	0.00025	0.07187	0.00025	0.17387	0.04525	0.11439	0.00941	0.04691	0.02287	0.0	0.09322	0.0466	0.07187	0.02206	0.13386	0.00025	0.0	0.0	0.0	0.0	0.0	0.01669	0.07187	0.01104	0.00025	0.07187	0.08447	0.09153	0.10872	0.04209	0.05311	0.14763	0.0	0.0	0.0	0.05176	0.11477	0.04711	0.10978	0.09699	0.09991	0.05176	0.00025	0.0	0.20523	0.02206	0.03858	0.07503	0.08648	0.0862	0.16178	0.09022	0.24188	0.0	0.10797	0.05868	0.0	0.08571	0.12364	0.07581	0.10532	0.0	0.0	0.0	0.14602	0.19833	0.02019	0.18503	0.00479	0.02692	0.09546	0.04371	0.05076	0.14202	0.08428	0.14784	0.05724	0.18234	0.06698	0.15128	0.24383	0.08153	0.02425	0.08593	0.09991	0.13592	0.0723	0.05851	0.10294	0.07745	0.09947	0.08572	0.05176	0.07797	0.06669	0.08607	0.14543	0.0872	0.05861	0.07382	0.08874	0.14794	
0.02323	0.1523	0.0114	0.00027	0.00027	0.11907	0.10634	0.09435	0.0	0.16553	0.00027	0.32866	0.20216	0.00027	0.01171	0.00027	0.00027	0.47728	0.00027	0.28112	0.00809	0.47728	0.00027	0.19722	0.07301	0.01464	0.33586	0.47728	0.00027	0.01344	0.02985	0.02523	0.00027	0.03608	0.02829	0.00867	0.02845	0.00027	0.03024	0.01356	0.00701	0.00027	0.02694	0.00027	0.00018	0.00027	0.00027	0.53071	0.00027	0.57554	0.02596	0.34707	0.11724	0.01698	0.00701	0.0	0.02198	0.21346	0.53071	0.0068	0.00793	0.00027	0.0	0.0	0.0	0.0	0.0	0.02778	0.53071	0.03418	0.00027	0.53071	0.04065	0.30559	0.03254	0.08317	0.03689	0.0427	0.0	0.0	0.0	0.01356	0.01859	0.01037	0.02152	0.02958	0.35144	0.01356	0.00027	0.0	0.17406	0.0068	0.02211	0.12948	0.15331	0.0353	0.2383	0.11148	0.02031	0.0	0.06012	0.11078	0.0	0.09331	0.03464	0.04016	0.08085	0.0	0.0	0.0	0.03478	0.0318	0.12752	0.07112	0.00037	0.00674	0.05963	0.04049	0.07336	0.12483	0.02714	0.09984	0.05398	0.10974	0.17305	0.04592	0.0843	0.06632	0.04489	0.04256	0.35144	0.02533	0.0114	0.05128	0.13041	0.22675	0.03579	0.02981	0.01356	0.19722	0.15543	0.06026	0.35558	0.01876	0.01281	0.07292	0.03401	0.07236	
0.14573	0.16258	0.2105	0.0001	0.0001	0.21703	0.02502	0.09142	0.16553	0.0	0.0001	0.2527	0.24091	0.0001	0.02802	0.0001	0.0001	0.11334	0.0001	0.11846	0.04504	0.11334	0.0001	0.06236	0.27173	0.20191	0.16166	0.11334	0.0001	0.03291	0.09898	0.11433	0.0001	0.03905	0.16609	0.01947	0.10007	0.0001	0.08926	0.09126	0.01515	0.0001	0.11344	0.0001	0.00688	0.0001	0.0001	0.07102	0.0001	0.14631	0.13144	0.1493	0.17946	0.08244	0.01515	0.0	0.10379	0.07506	0.07102	0.01463	0.04496	0.0001	0.0	0.0	0.0	0.0	0.0	0.0281	0.07102	0.09873	0.0001	0.07102	0.06903	0.1142	0.04655	0.09297	0.18642	0.16138	0.0	0.0	0.0	0.09126	0.26168	0.11903	0.16632	0.09861	0.08344	0.09126	0.0001	0.0	0.21155	0.01463	0.06163	0.06622	0.16657	0.06874	0.1939	0.26778	0.17038	0.0	0.23617	0.17566	0.0	0.2942	0.18104	0.12148	0.07074	0.0	0.0	0.0	0.11778	0.15929	0.19059	0.11272	0.0164	0.01416	0.11707	0.11723	0.03751	0.32568	0.08214	0.27096	0.12046	0.1006	0.27512	0.0876	0.22312	0.09976	0.0477	0.19322	0.08344	0.1179	0.2105	0.05008	0.40813	0.05133	0.08626	0.05274	0.09126	0.06236	0.12383	0.05204	0.25423	0.09078	0.08005	0.13533	0.09604	0.08736	
0.00069	8e-05	0.00051	0.0	0.0	0.00027	9e-05	0.00025	0.00027	0.0001	0.0	0.0	0.00012	0.0	0.00014	0.0	0.0	0.00026	0.0	0.00052	0.00059	0.00026	0.0	0.00014	5e-05	0.00031	0.00018	0.00026	0.0	0.00037	2e-05	7e-05	0.0	0.00019	0.00017	0.00028	0.00064	0.0	0.00051	0.00012	0.00031	0.0	0.00038	0.0	0.0	0.0	0.0	0.00045	0.0	0.00021	8e-05	0.00093	0.00015	0.00027	0.00031	0.0	8e-05	0.00013	0.00045	0.00029	0.00056	0.0	0.0	0.0	0.0	0.0	0.0	0.00011	0.00045	6e-05	0.0	0.00045	9e-05	0.00016	0.00018	0.00015	9e-05	0.00073	0.0	0.0	0.0	0.00012	0.00105	0.00015	0.0006	0.00062	0.0002	0.00012	0.0	0.0	0.0001	0.00029	7e-05	9e-05	6e-05	7e-05	7e-05	2e-05	0.00015	0.0	0.00013	5e-05	0.0	0.00018	0.00091	0.0004	0.00021	0.0	0.0	0.0	0.00089	0.00046	7e-05	0.00021	0.0	0.00094	0.00012	0.0003	0.00041	8e-05	0.00016	2e-05	0.00029	0.00014	0.00048	0.00051	0.00011	0.00013	0.00013	0.00017	0.0002	0.0003	0.00051	8e-05	0.00046	0.00015	2e-05	0.00015	0.00012	0.00014	0.00021	8e-05	0.00036	0.0008	0.00161	0.00011	0.00015	5e-05	
0.0	0.3127	0.27349	0.0	0.0	0.37847	0.0	0.34073	0.32866	0.2527	0.0	0.0	0.08876	0.0	0.0	0.0	0.0	0.0	0.0	0.33944	0.21959	0.0	0.0	0.0	0.22636	0.32759	0.36719	0.0	0.0	0.0	0.37422	0.51777	0.0	0.09951	0.1128	0.0	0.0	0.0	0.04837	0.0	0.0	0.0	0.01062	0.0	0.0	0.0	0.0	0.24131	0.0	0.20579	0.19196	0.34094	0.00203	0.0	0.0	0.0	0.0	0.10187	0.24131	0.18351	0.18995	0.0	0.0	0.0	0.0	0.0	0.0	0.0	0.24131	0.25909	0.0	0.24131	0.4835	0.15292	0.14967	0.04878	0.26401	0.0	0.0	0.0	0.0	0.0	0.37208	0.0	0.58641	0.1302	0.34659	0.0	0.0	0.0	0.62112	0.18351	0.0	0.74096	0.0	0.0	0.42635	0.0	0.29931	0.0	0.126	0.26261	0.0	0.31964	0.0	0.0	1.11812	0.0	0.0	0.0	0.0	0.0	0.03864	0.40488	0.0	0.0	0.09542	0.29282	0.14209	0.30519	0.0	0.6416	0.12917	0.68498	0.38044	0.0	0.0	0.24607	0.05287	0.29873	0.34659	0.68852	0.27349	0.1129	0.0	0.39726	0.59897	0.26506	0.0	0.0	0.58363	0.20772	0.30825	0.0	0.0	0.2313	0.2663	0.13792	
0.03498	0.07819	0.35186	0.00012	0.00012	0.26859	0.0189	0.04305	0.20216	0.24091	0.00012	0.08876	0.0	0.00012	0.01316	0.00012	0.00012	0.29635	0.00012	0.01839	0.00957	0.29635	0.00012	0.07963	0.10622	0.26824	0.02078	0.29635	0.00012	0.01505	0.03208	0.02724	0.00012	0.03922	0.09159	0.00982	0.0311	0.00012	0.03301	0.01517	0.00797	0.00012	0.05437	0.00012	0.00129	0.00012	0.00012	0.01275	0.00012	0.14474	0.05857	0.02021	0.02573	0.01865	0.00797	0.0	0.02574	0.10343	0.01275	0.00773	0.009	0.00012	0.0	0.0	0.0	0.0	0.0	0.03038	0.01275	0.03657	0.00012	0.01275	0.04297	0.02448	0.03495	0.0142	0.0615	0.02957	0.0	0.0	0.0	0.01517	0.23247	0.0117	0.02321	0.04416	0.01937	0.01517	0.00012	0.0	0.07042	0.00773	0.02434	0.06231	0.08137	0.04027	0.06911	0.04714	0.02427	0.0	0.10633	0.05292	0.0	0.09146	0.03703	0.03482	0.0521	0.0	0.0	0.0	0.03162	0.0337	0.03141	0.01448	0.00183	0.00767	0.09983	0.03675	0.00255	0.04736	0.03015	0.04009	0.02621	0.11946	0.03686	0.03597	0.03852	0.04471	0.04861	0.14685	0.01937	0.02718	0.35186	0.0548	0.06132	0.02235	0.03858	0.03202	0.01517	0.07963	0.08216	0.06416	0.23801	0.02049	0.01438	0.07739	0.03646	0.08579	
0.00069	8e-05	0.00051	0.0	0.0	0.00027	9e-05	0.00025	0.00027	0.0001	0.0	0.0	0.00012	0.0	0.00014	0.0	0.0	0.00026	0.0	0.00052	0.00059	0.00026	0.0	0.00014	5e-05	0.00031	0.00018	0.00026	0.0	0.00037	2e-05	7e-05	0.0	0.00019	0.00017	0.00028	0.00064	0.0	0.00051	0.00012	0.00031	0.0	0.00038	0.0	0.0	0.0	0.0	0.00045	0.0	0.00021	8e-05	0.00093	0.00015	0.00027	0.00031	0.0	8e-05	0.00013	0.00045	0.00029	0.00056	0.0	0.0	0.0	0.0	0.0	0.0	0.00011	0.00045	6e-05	0.0	0.00045	9e-05	0.00016	0.00018	0.00015	9e-05	0.00073	0.0	0.0	0.0	0.00012	0.00105	0.00015	0.0006	0.00062	0.0002	0.00012	0.0	0.0	0.0001	0.00029	7e-05	9e-05	6e-05	7e-05	7e-05	2e-05	0.00015	0.0	0.00013	5e-05	0.0	0.00018	0.00091	0.0004	0.00021	0.0	0.0	0.0	0.00089	0.00046	7e-05	0.00021	0.0	0.00094	0.00012	0.0003	0.00041	8e-05	0.00016	2e-05	0.00029	0.00014	0.00048	0.00051	0.00011	0.00013	0.00013	0.00017	0.0002	0.0003	0.00051	8e-05	0.00046	0.00015	2e-05	0.00015	0.00012	0.00014	0.00021	8e-05	0.00036	0.0008	0.00161	0.00011	0.00015	5e-05	
0.01578	0.16314	0.00886	0.00014	0.00014	0.01152	0.14623	0.04298	0.01171	0.02802	0.00014	0.0	0.01316	0.00014	0.0	0.00014	0.00014	0.00789	0.00014	0.01224	0.00672	0.00789	0.00014	0.35994	0.03611	0.01058	0.01316	0.00789	0.00014	0.01019	0.01947	0.01675	0.00014	0.13021	0.16784	0.00692	0.01972	0.00014	0.02078	0.0102	0.00573	0.00014	0.0187	0.00014	0.00062	0.00014	0.00014	0.0088	0.00014	0.20945	0.01741	0.01309	0.02042	0.01203	0.00573	0.0	0.01591	0.01214	0.0088	0.00557	0.00645	0.00014	0.0	0.0	0.0	0.0	0.0	0.01912	0.0088	0.02193	0.00014	0.0088	0.02507	0.01525	0.02119	0.03957	0.02314	0.02812	0.0	0.0	0.0	0.0102	0.01319	0.00807	0.01449	0.01981	0.51445	0.0102	0.00014	0.0	0.01665	0.00557	0.2687	0.02532	0.02596	0.19672	0.02756	0.02824	0.01507	0.0	0.03825	0.12526	0.0	0.03614	0.02296	0.02527	0.04597	0.0	0.0	0.0	0.02303	0.02072	0.01975	0.04881	0.00093	0.00565	0.03656	0.1425	0.0475	0.0244	0.01817	0.05311	0.08369	0.15421	0.02287	0.13544	0.05295	0.10487	0.0296	0.23538	0.51445	0.32276	0.00886	0.27414	0.01786	0.44593	0.14211	0.22885	0.0102	0.35994	0.11954	0.05834	0.01229	0.49445	0.01011	0.09951	0.12202	0.20309	
0.00069	8e-05	0.00051	0.0	0.0	0.00027	9e-05	0.00025	0.00027	0.0001	0.0	0.0	0.00012	0.0	0.00014	0.0	0.0	0.00026	0.0	0.00052	0.00059	0.00026	0.0	0.00014	5e-05	0.00031	0.00018	0.00026	0.0	0.00037	2e-05	7e-05	0.0	0.00019	0.00017	0.00028	0.00064	0.0	0.00051	0.00012	0.00031	0.0	0.00038	0.0	0.0	0.0	0.0	0.00045	0.0	0.00021	8e-05	0.00093	0.00015	0.00027	0.00031	0.0	8e-05	0.00013	0.00045	0.00029	0.00056	0.0	0.0	0.0	0.0	0.0	0.0	0.00011	0.00045	6e-05	0.0	0.00045	9e-05	0.00016	0.00018	0.00015	9e-05	0.00073	0.0	0.0	0.0	0.00012	0.00105	0.00015	0.0006	0.00062	0.0002	0.00012	0.0	0.0	0.0001	0.00029	7e-05	9e-05	6e-05	7e-05	7e-05	2e-05	0.00015	0.0	0.00013	5e-05	0.0	0.00018	0.00091	0.0004	0.00021	0.0	0.0	0.0	0.00089	0.00046	7e-05	0.00021	0.0	0.00094	0.00012	0.0003	0.00041	8e-05	0.00016	2e-05	0.00029	0.00014	0.00048	0.00051	0.00011	0.00013	0.00013	0.00017	0.0002	0.0003	0.00051	8e-05	0.00046	0.00015	2e-05	0.00015	0.00012	0.00014	0.00021	8e-05	0.00036	0.0008	0.00161	0.00011	0.00015	5e-05	
0.00069	8e-05	0.00051	0.0	0.0	0.00027	9e-05	0.00025	0.00027	0.0001	0.0	0.0	0.00012	0.0	0.00014	0.0	0.0	0.00026	0.0	0.00052	0.00059	0.00026	0.0	0.00014	5e-05	0.00031	0.00018	0.00026	0.0	0.00037	2e-05	7e-05	0.0	0.00019	0.00017	0.00028	0.00064	0.0	0.00051	0.00012	0.00031	0.0	0.00038	0.0	0.0	0.0	0.0	0.00045	0.0	0.00021	8e-05	0.00093	0.00015	0.00027	0.00031	0.0	8e-05	0.00013	0.00045	0.00029	0.00056	0.0	0.0	0.0	0.0	0.0	0.0	0.00011	0.00045	6e-05	0.0	0.00045	9e-05	0.00016	0.00018	0.00015	9e-05	0.00073	0.0	0.0	0.0	0.00012	0.00105	0.00015	0.0006	0.00062	0.0002	0.00012	0.0	0.0	0.0001	0.00029	7e-05	9e-05	6e-05	7e-05	7e-05	2e-05	0.00015	0.0	0.00013	5e-05	0.0	0.00018	0.00091	0.0004	0.00021	0.0	0.0	0.0	0.00089	0.00046	7e-05	0.00021	0.0	0.00094	0.00012	0.0003	0.00041	8e-05	0.00016	2e-05	0.00029	0.00014	0.00048	0.00051	0.00011	0.00013	0.00013	0.00017	0.0002	0.0003	0.00051	8e-05	0.00046	0.00015	2e-05	0.00015	0.00012	0.00014	0.00021	8e-05	0.00036	0.0008	0.00161	0.00011	0.00015	5e-05	
0.01335	0.01678	0.00784	0.00026	0.00026	0.00984	0.12034	0.03546	0.47728	0.11334	0.00026	0.0	0.29635	0.00026	0.00789	0.00026	0.00026	0.0	0.00026	0.01065	0.00596	0.99983	0.00026	0.2866	0.03002	0.00915	0.01123	0.99983	0.00026	0.00893	0.01637	0.01415	0.00026	0.02051	0.0153	0.00617	0.01685	0.00026	0.0177	0.0089	0.00517	0.00026	0.01597	0.00026	0.00037	0.00026	0.00026	0.00778	0.00026	0.27466	0.01474	0.01129	0.13946	0.01035	0.00517	0.0	0.01333	0.30171	0.00778	0.00502	0.0058	0.00026	0.0	0.0	0.0	0.0	0.0	0.01627	0.00778	0.01837	0.00026	0.00778	0.02082	0.01294	0.01782	0.04103	0.01929	0.02328	0.0	0.0	0.0	0.0089	0.0114	0.00713	0.01232	0.01681	0.01059	0.0089	0.00026	0.0	0.01424	0.00502	0.01337	0.1332	0.16368	0.02076	0.13698	0.10722	0.01261	0.0	0.03163	0.02527	0.0	0.0724	0.0193	0.02099	0.03796	0.0	0.0	0.0	0.01922	0.01732	0.15703	0.04036	0.00058	0.00515	0.03031	0.02145	0.0397	0.02034	0.01518	0.07727	0.0294	0.10498	0.01916	0.02414	0.0433	0.03278	0.02492	0.02207	0.01059	0.014	0.00784	0.02696	0.14484	0.01195	0.01893	0.01636	0.0089	0.2866	0.17202	0.03099	0.01055	0.01137	0.00901	0.03659	0.01846	0.05339	
0.00069	8e-05	0.00051	0.0	0.0	0.00027	9e-05	0.00025	0.00027	0.0001	0.0	0.0	0.00012	0.0	0.00014	0.0	0.0	0.00026	0.0	0.00052	0.00059	0.00026	0.0	0.00014	5e-05	0.00031	0.00018	0.00026	0.0	0.00037	2e-05	7e-05	0.0	0.00019	0.00017	0.00028	0.00064	0.0	0.00051	0.00012	0.00031	0.0	0.00038	0.0	0.0	0.0	0.0	0.00045	0.0	0.00021	8e-05	0.00093	0.00015	0.00027	0.00031	0.0	8e-05	0.00013	0.00045	0.00029	0.00056	0.0	0.0	0.0	0.0	0.0	0.0	0.00011	0.00045	6e-05	0.0	0.00045	9e-05	0.00016	0.00018	0.00015	9e-05	0.00073	0.0	0.0	0.0	0.00012	0.00105	0.00015	0.0006	0.00062	0.0002	0.00012	0.0	0.0	0.0001	0.00029	7e-05	9e-05	6e-05	7e-05	7e-05	2e-05	0.00015	0.0	0.00013	5e-05	0.0	0.00018	0.00091	0.0004	0.00021	0.0	0.0	0.0	0.00089	0.00046	7e-05	0.00021	0.0	0.00094	0.00012	0.0003	0.00041	8e-05	0.00016	2e-05	0.00029	0.00014	0.00048	0.00051	0.00011	0.00013	0.00013	0.00017	0.0002	0.0003	0.00051	8e-05	0.00046	0.00015	2e-05	0.00015	0.00012	0.00014	0.00021	8e-05	0.00036	0.0008	0.00161	0.00011	0.00015	5e-05	
0.02246	0.16928	0.01197	0.00052	0.00052	0.05663	0.03231	0.14205	0.28112	0.11846	0.00052	0.33944	0.01839	0.00052	0.01224	0.00052	0.00052	0.01065	0.00052	0.0	0.24844	0.01065	0.00052	0.01876	0.09254	0.01479	0.25502	0.01065	0.00052	0.01392	0.02858	0.02437	0.00052	0.0056	0.02688	0.00928	0.02803	0.00052	0.02968	0.01401	0.00763	0.00052	0.02659	0.00052	0.00015	0.00052	0.00052	0.42036	0.00052	0.31393	0.02521	0.26432	0.02929	0.01697	0.00763	0.0	0.02168	0.01717	0.42036	0.00742	0.24968	0.00052	0.0	0.0	0.0	0.0	0.0	0.02734	0.42036	0.03245	0.00052	0.42036	0.03781	0.23045	0.03111	0.07668	0.03461	0.04048	0.0	0.0	0.0	0.01401	0.01847	0.01094	0.02086	0.02862	0.26778	0.01401	0.00052	0.0	0.39873	0.00742	0.02206	0.03769	0.03831	0.03464	0.06482	0.04206	0.16825	0.0	0.0567	0.05222	0.0	0.05529	0.03311	0.03755	0.02151	0.0	0.0	0.0	0.03306	0.03016	0.0281	0.04741	0.0003	0.00739	0.05545	0.03817	0.07019	0.05646	0.02603	0.06381	0.05152	0.04245	0.10518	0.04305	0.07928	0.06101	0.04327	0.03979	0.26778	0.02426	0.01197	0.04834	0.02626	0.14947	0.0337	0.02853	0.01401	0.01876	0.03313	0.05634	0.27121	0.0186	0.01342	0.01658	0.01496	0.04908	
0.01104	0.09428	0.00703	0.00059	0.00059	0.0082	0.0153	0.13657	0.00809	0.04504	0.00059	0.21959	0.00957	0.00059	0.00672	0.00059	0.00059	0.00596	0.00059	0.24844	0.0	0.00596	0.00059	0.00951	0.04079	0.00777	0.00909	0.00596	0.00059	0.00784	0.01445	0.01541	0.00059	0.07956	0.01231	0.00534	0.01438	0.00059	0.01499	0.0076	0.00456	0.00059	0.01349	0.00059	0.00022	0.00059	0.00059	0.00651	0.00059	0.11631	0.01202	0.0096	0.01396	0.0087	0.00456	0.0	0.00992	0.07086	0.00651	0.00446	1.0	0.00059	0.0	0.0	0.0	0.0	0.0	0.01317	0.00651	0.01613	0.00059	0.00651	0.01674	0.01484	0.01406	0.02993	0.01643	0.01707	0.0	0.0	0.0	0.0076	0.01001	0.00618	0.05252	0.0126	0.00853	0.0076	0.00059	0.0	0.1414	0.00446	0.011	0.01693	0.01732	0.01682	0.01803	0.01862	0.43902	0.0	0.0249	0.02038	0.0	0.02351	0.01621	0.01715	0.0284	0.0	0.0	0.0	0.01606	0.01434	0.01374	0.06908	0.0002	0.00495	0.02241	0.01747	0.02906	0.01651	0.01229	0.0276	0.02427	0.08592	0.01566	0.01989	0.03113	0.0268	0.01901	0.01674	0.00853	0.01149	0.00703	0.02017	0.01231	0.01804	0.0175	0.01376	0.0076	0.00951	0.01532	0.02301	0.00872	0.00974	0.0084	0.03489	0.07238	0.02071	
0.01335	0.01678	0.00784	0.00026	0.00026	0.00984	0.12034	0.03546	0.47728	0.11334	0.00026	0.0	0.29635	0.00026	0.00789	0.00026	0.00026	0.99983	0.00026	0.01065	0.00596	0.0	0.00026	0.2866	0.03002	0.00915	0.01123	0.99983	0.00026	0.00893	0.01637	0.01415	0.00026	0.02051	0.0153	0.00617	0.01685	0.00026	0.0177	0.0089	0.00517	0.00026	0.01597	0.00026	0.00037	0.00026	0.00026	0.00778	0.00026	0.27466	0.01474	0.01129	0.13946	0.01035	0.00517	0.0	0.01333	0.30171	0.00778	0.00502	0.0058	0.00026	0.0	0.0	0.0	0.0	0.0	0.01627	0.00778	0.01837	0.00026	0.00778	0.02082	0.01294	0.01782	0.04103	0.01929	0.02328	0.0	0.0	0.0	0.0089	0.0114	0.00713	0.01232	0.01681	0.01059	0.0089	0.00026	0.0	0.01424	0.00502	0.01337	0.1332	0.16368	0.02076	0.13698	0.10722	0.01261	0.0	0.03163	0.02527	0.0	0.0724	0.0193	0.02099	0.03796	0.0	0.0	0.0	0.01922	0.01732	0.15703	0.04036	0.00058	0.00515	0.03031	0.02145	0.0397	0.02034	0.01518	0.07727	0.0294	0.10498	0.01916	0.02414	0.0433	0.03278	0.02492	0.02207	0.01059	0.014	0.00784	0.02696	0.14484	0.01195	0.01893	0.01636	0.0089	0.2866	0.17202	0.03099	0.01055	0.01137	0.00901	0.03659	0.01846	0.05339	
0.00069	8e-05	0.00051	0.0	0.0	0.00027	9e-05	0.00025	0.00027	0.0001	0.0	0.0	0.00012	0.0	0.00014	0.0	0.0	0.00026	0.0	0.00052	0.00059	0.00026	0.0	0.00014	5e-05	0.00031	0.00018	0.00026	0.0	0.00037	2e-05	7e-05	0.0	0.00019	0.00017	0.00028	0.00064	0.0	0.00051	0.00012	0.00031	0.0	0.00038	0.0	0.0	0.0	0.0	0.00045	0.0	0.00021	8e-05	0.00093	0.00015	0.00027	0.00031	0.0	8e-05	0.00013	0.00045	0.00029	0.00056	0.0	0.0	0.0	0.0	0.0	0.0	0.00011	0.00045	6e-05	0.0	0.00045	9e-05	0.00016	0.00018	0.00015	9e-05	0.00073	0.0	0.0	0.0	0.00012	0.00105	0.00015	0.0006	0.00062	0.0002	0.00012	0.0	0.0	0.0001	0.00029	7e-05	9e-05	6e-05	7e-05	7e-05	2e-05	0.00015	0.0	0.00013	5e-05	0.0	0.00018	0.00091	0.0004	0.00021	0.0	0.0	0.0	0.00089	0.00046	7e-05	0.00021	0.0	0.00094	0.00012	0.0003	0.00041	8e-05	0.00016	2e-05	0.00029	0.00014	0.00048	0.00051	0.00011	0.00013	0.00013	0.00017	0.0002	0.0003	0.00051	8e-05	0.00046	0.00015	2e-05	0.00015	0.00012	0.00014	0.00021	8e-05	0.00036	0.0008	0.00161	0.00011	0.00015	5e-05	
0.02587	0.06989	0.01307	0.00014	0.00014	0.01797	0.2764	0.07797	0.19722	0.06236	0.00014	0.0	0.07963	0.00014	0.35994	0.00014	0.00014	0.2866	0.00014	0.01876	0.00951	0.2866	0.00014	0.0	0.0635	0.0165	0.02124	0.2866	0.00014	0.01534	0.03286	0.02788	0.00014	0.02926	0.0766	0.01	0.03179	0.00014	0.03375	0.01547	0.00812	0.00014	0.03014	0.00014	0.00054	0.00014	0.00014	0.01299	0.00014	0.35974	0.02878	0.02064	0.02402	0.01905	0.00812	0.0	0.02543	0.09999	0.01299	0.00787	0.00916	0.00014	0.0	0.0	0.0	0.0	0.0	0.03106	0.01299	0.03748	0.00014	0.01299	0.0441	0.02504	0.0358	0.01455	0.04019	0.04812	0.0	0.0	0.0	0.01547	0.02075	0.01192	0.02375	0.03271	0.24491	0.01547	0.00014	0.0	0.02669	0.00787	0.08961	0.06137	0.07977	0.05385	0.06774	0.04598	0.02376	0.0	0.06709	0.06049	0.0	0.04235	0.03846	0.04401	0.0825	0.0	0.0	0.0	0.03884	0.03516	0.02932	0.08794	0.00089	0.0078	0.06496	0.06934	0.08185	0.04148	0.03038	0.08754	0.04349	0.16947	0.03859	0.06419	0.09582	0.06508	0.04978	0.15219	0.24491	0.18052	0.01307	0.17518	0.05995	0.22404	0.06422	0.11495	0.01547	0.9999	0.1772	0.01399	0.01955	0.23919	0.01464	0.05915	0.04087	0.17191	
0.1964	0.1012	0.17272	5e-05	5e-05	0.19852	0.02193	0.05591	0.07301	0.27173	5e-05	0.22636	0.10622	5e-05	0.03611	5e-05	5e-05	0.03002	5e-05	0.09254	0.04079	0.03002	5e-05	0.0635	0.0	0.18381	0.12121	0.03002	5e-05	0.04236	0.04578	0.06816	5e-05	0.03327	0.1512	0.04147	0.05699	5e-05	0.04745	0.07252	0.03215	5e-05	0.05451	5e-05	0.00501	5e-05	5e-05	0.05721	5e-05	0.0661	0.0681	0.11306	0.11618	0.05938	0.03215	0.0	0.09368	0.06564	0.05721	0.03102	0.03686	5e-05	0.0	0.0	0.0	0.0	0.0	0.03134	0.05721	0.0207	5e-05	0.05721	0.07999	0.05473	0.05276	0.0665	0.10171	0.1455	0.0	0.0	0.0	0.07252	0.20391	0.03123	0.14836	0.06992	0.07693	0.07252	5e-05	0.0	0.13745	0.03102	0.01429	0.02343	0.06145	0.0813	0.08245	0.11399	0.06987	0.0	0.10718	0.24471	0.0	0.04322	0.03652	0.04023	0.04563	0.0	0.0	0.0	0.05333	0.07339	0.11223	0.10071	0.00075	0.01831	0.19417	0.0347	0.00921	0.11269	0.08449	0.16512	0.12215	0.03669	0.27367	0.05208	0.14091	0.08489	0.06019	0.18595	0.07693	0.05715	0.17272	0.06533	0.1401	0.09742	0.04252	0.08652	0.07252	0.0635	0.07161	0.04958	0.19908	0.0823	0.06418	0.02208	0.05578	0.0661	
0.08218	0.15679	0.61567	0.00031	0.00031	0.4519	0.02887	0.08578	0.01464	0.20191	0.00031	0.32759	0.26824	0.00031	0.01058	0.00031	0.00031	0.00915	0.00031	0.01479	0.00777	0.00915	0.00031	0.0165	0.18381	0.0	0.01673	0.00915	0.00031	0.0121	0.02578	0.0219	0.00031	0.03139	0.1685	0.00793	0.02498	0.00031	0.02648	0.01218	0.39036	0.00031	0.16032	0.00031	0.00138	0.00031	0.00031	0.01027	0.00031	0.02124	0.26138	0.01635	0.02612	0.01502	0.39036	0.0	0.02064	0.0152	0.01027	0.00626	0.00729	0.00031	0.0	0.0	0.0	0.0	0.0	0.02434	0.01027	0.07175	0.00031	0.01027	0.08928	0.01969	0.02808	0.05508	0.12328	0.06979	0.0	0.0	0.0	0.01218	0.37822	0.00941	0.01876	0.12954	0.0156	0.01218	0.00031	0.0	0.18635	0.00626	0.01952	0.03419	0.03537	0.03206	0.03803	0.03904	0.01947	0.0	0.18489	0.04222	0.0	0.09639	0.0772	0.12791	0.07465	0.0	0.0	0.0	0.1888	0.07057	0.02525	0.06087	0.00182	0.00625	0.15642	0.09926	0.07263	0.12749	0.02422	0.05901	0.1064	0.11458	0.07687	0.11835	0.12412	0.07735	0.03883	0.21395	0.0156	0.02191	0.61567	0.04379	0.02382	0.01799	0.03096	0.02575	0.01218	0.0165	0.02997	0.05116	0.3893	0.01656	0.01166	0.06164	0.02929	0.10918	
0.02735	0.14984	0.01276	0.00018	0.00018	0.11134	0.14853	0.10659	0.33586	0.16166	0.00018	0.36719	0.02078	0.00018	0.01316	0.00018	0.00018	0.01123	0.00018	0.25502	0.00909	0.01123	0.00018	0.02124	0.12121	0.01673	0.0	0.01123	0.00018	0.01516	0.03517	0.32893	0.00018	0.04222	0.03345	0.00962	0.17843	0.00018	0.16571	0.54931	0.00771	0.00018	0.18917	0.00018	0.00058	0.00018	0.00018	0.46072	0.00018	0.24205	0.03034	0.31968	0.03474	0.01951	0.00771	0.0	0.43364	0.0198	0.46072	0.00747	0.00875	0.00018	0.0	0.0	0.0	0.0	0.0	0.18102	0.46072	0.04051	0.00018	0.46072	0.14002	0.28672	0.03838	0.07953	0.15753	0.0929	0.0	0.0	0.0	0.54931	0.02136	0.0116	0.32568	0.03461	0.32308	0.54931	0.00018	0.0	0.16408	0.00747	0.02546	0.11945	0.13609	0.04179	0.38184	0.1777	0.02417	0.0	0.10336	0.17229	0.0	0.07336	0.19141	0.16639	0.17355	0.0	0.0	0.0	0.09358	0.03793	0.03329	0.16291	0.0009	0.00737	0.07197	0.12507	0.09394	0.45718	0.23025	0.25456	0.13175	0.16343	0.35786	0.16146	0.33379	0.17758	0.11222	0.10035	0.32308	0.0298	0.01276	0.09281	0.27192	0.21313	0.16191	0.03514	0.54931	0.02124	0.13392	0.20341	0.32637	0.02161	0.0143	0.08893	0.29433	0.09353	
0.01335	0.01678	0.00784	0.00026	0.00026	0.00984	0.12034	0.03546	0.47728	0.11334	0.00026	0.0	0.29635	0.00026	0.00789	0.00026	0.00026	0.99983	0.00026	0.01065	0.00596	0.99983	0.00026	0.2866	0.03002	0.00915	0.01123	0.0	0.00026	0.00893	0.01637	0.01415	0.00026	0.02051	0.0153	0.00617	0.01685	0.00026	0.0177	0.0089	0.00517	0.00026	0.01597	0.00026	0.00037	0.00026	0.00026	0.00778	0.00026	0.27466	0.01474	0.01129	0.13946	0.01035	0.00517	0.0	0.01333	0.30171	0.00778	0.00502	0.0058	0.00026	0.0	0.0	0.0	0.0	0.0	0.01627	0.00778	0.01837	0.00026	0.00778	0.02082	0.01294	0.01782	0.04103	0.01929	0.02328	0.0	0.0	0.0	0.0089	0.0114	0.00713	0.01232	0.01681	0.01059	0.0089	0.00026	0.0	0.01424	0.00502	0.01337	0.1332	0.16368	0.02076	0.13698	0.10722	0.01261	0.0	0.03163	0.02527	0.0	0.0724	0.0193	0.02099	0.03796	0.0	0.0	0.0	0.01922	0.01732	0.15703	0.04036	0.00058	0.00515	0.03031	0.02145	0.0397	0.02034	0.01518	0.07727	0.0294	0.10498	0.01916	0.02414	0.0433	0.03278	0.02492	0.02207	0.01059	0.014	0.00784	0.02696	0.14484	0.01195	0.01893	0.01636	0.0089	0.2866	0.17202	0.03099	0.01055	0.01137	0.00901	0.03659	0.01846	0.05339	
0.00069	8e-05	0.00051	0.0	0.0	0.00027	9e-05	0.00025	0.00027	0.0001	0.0	0.0	0.00012	0.0	0.00014	0.0	0.0	0.00026	0.0	0.00052	0.00059	0.00026	0.0	0.00014	5e-05	0.00031	0.00018	0.00026	0.0	0.00037	2e-05	7e-05	0.0	0.00019	0.00017	0.00028	0.00064	0.0	0.00051	0.00012	0.00031	0.0	0.00038	0.0	0.0	0.0	0.0	0.00045	0.0	0.00021	8e-05	0.00093	0.00015	0.00027	0.00031	0.0	8e-05	0.00013	0.00045	0.00029	0.00056	0.0	0.0	0.0	0.0	0.0	0.0	0.00011	0.00045	6e-05	0.0	0.00045	9e-05	0.00016	0.00018	0.00015	9e-05	0.00073	0.0	0.0	0.0	0.00012	0.00105	0.00015	0.0006	0.00062	0.0002	0.00012	0.0	0.0	0.0001	0.00029	7e-05	9e-05	6e-05	7e-05	7e-05	2e-05	0.00015	0.0	0.00013	5e-05	0.0	0.00018	0.00091	0.0004	0.00021	0.0	0.0	0.0	0.00089	0.00046	7e-05	0.00021	0.0	0.00094	0.00012	0.0003	0.00041	8e-05	0.00016	2e-05	0.00029	0.00014	0.00048	0.00051	0.00011	0.00013	0.00013	0.00017	0.0002	0.0003	0.00051	8e-05	0.00046	0.00015	2e-05	0.00015	0.00012	0.00014	0.00021	8e-05	0.00036	0.0008	0.00161	0.00011	0.00015	5e-05	
0.0185	0.02327	0.01002	0.00037	0.00037	0.01357	0.02587	0.02014	0.01344	0.03291	0.00037	0.0	0.01505	0.00037	0.01019	0.00037	0.00037	0.00893	0.00037	0.01392	0.00784	0.00893	0.00037	0.01534	0.04236	0.0121	0.01516	0.00893	0.00037	0.0	0.04824	0.01942	0.00037	0.02955	0.02123	0.00782	0.02265	0.00037	0.02391	0.0116	0.00647	0.00037	0.05543	0.00037	0.00191	0.00037	0.00037	0.00995	0.00037	0.01865	0.02015	0.01497	0.02354	0.04875	0.00647	0.0	0.01927	0.01394	0.00995	0.00629	0.00726	0.00037	0.0	0.0	0.0	0.0	0.0	0.02202	0.00995	0.02557	0.00037	0.00995	0.07693	0.03069	0.02464	0.01049	0.02708	0.03394	0.0	0.0	0.0	0.0116	0.01507	0.00915	0.01672	0.02289	0.01422	0.0116	0.00037	0.0	0.01913	0.00629	0.01791	0.02998	0.0263	0.03232	0.02417	0.09657	0.02933	0.0	0.04569	0.0482	0.0	0.03997	0.07306	0.05583	0.05133	0.0	0.0	0.0	0.1677	0.09231	0.05196	0.01146	0.00248	0.00633	0.09361	0.03377	0.00561	0.02781	0.02598	0.06003	0.09455	0.05486	0.02696	0.04915	0.06787	0.08287	0.03435	0.03106	0.01422	0.01927	0.01002	0.0046	0.02078	0.0162	0.09289	0.0375	0.0116	0.01534	0.02615	0.00726	0.0141	0.01513	0.01133	0.05215	0.0256	0.03796	
0.04544	0.06183	0.01874	2e-05	2e-05	0.07546	0.06351	0.06135	0.02985	0.09898	2e-05	0.37422	0.03208	2e-05	0.01947	2e-05	2e-05	0.01637	2e-05	0.02858	0.01445	0.01637	2e-05	0.03286	0.04578	0.02578	0.03517	0.01637	2e-05	0.04824	0.0	0.27206	2e-05	0.01838	0.05011	0.01384	0.05305	2e-05	0.0154	0.02299	0.0109	2e-05	0.01665	2e-05	0.00117	2e-05	2e-05	0.01863	2e-05	0.04849	0.08031	0.03345	0.0347	0.03054	0.0109	0.0	0.08603	0.07399	0.01863	0.07424	0.01244	2e-05	0.0	0.0	0.0	0.0	0.0	0.04729	0.01863	0.09087	2e-05	0.01863	0.0725	0.02273	0.2832	0.14765	0.13964	0.11423	0.0	0.0	0.0	0.02299	0.03357	0.01698	0.07332	0.02196	0.0323	0.02299	2e-05	0.0	0.04358	0.07424	0.04966	0.09527	0.05755	0.0575	0.10921	0.14186	0.03492	0.0	0.1648	0.14012	0.0	0.35516	0.05157	0.06656	0.11571	0.0	0.0	0.0	0.12427	0.06498	0.0515	0.07564	0.00157	0.01027	0.02381	0.04189	0.13846	0.0643	0.04657	0.32883	0.16404	0.06586	0.07139	0.06103	0.35866	0.0598	0.07697	0.08879	0.0323	0.08229	0.01874	0.06935	0.05553	0.02519	0.23802	0.08219	0.02299	0.03286	0.05766	0.02308	0.03171	0.03412	0.0209	0.12526	0.06856	0.08897	
0.03754	0.05086	0.01616	7e-05	7e-05	0.09001	0.14252	0.04816	0.02523	0.11433	7e-05	0.51777	0.02724	7e-05	0.01675	7e-05	7e-05	0.01415	7e-05	0.02437	0.01541	0.01415	7e-05	0.02788	0.06816	0.0219	0.32893	0.01415	7e-05	0.01942	0.27206	0.0	7e-05	0.05792	0.03227	0.01201	0.16362	7e-05	0.14303	0.42542	0.00951	7e-05	0.1713	7e-05	0.00074	7e-05	7e-05	0.01607	7e-05	0.04008	0.09092	0.02823	0.04426	0.02582	0.00951	0.0	0.93949	0.10632	0.01607	0.09945	0.01083	7e-05	0.0	0.0	0.0	0.0	0.0	0.16543	0.01607	0.11029	7e-05	0.01607	0.14521	0.02509	0.24264	0.09111	0.37248	0.24944	0.0	0.0	0.0	0.42542	0.02834	0.01466	0.36338	0.02038	0.02722	0.42542	7e-05	0.0	0.03666	0.09945	0.03383	0.11457	0.1423	0.05761	0.26003	0.18553	0.0328	0.0	0.27597	0.15538	0.0	0.2102	0.18537	0.17206	0.22122	0.0	0.0	0.0	0.10464	0.05355	0.01786	0.13432	0.00435	0.009	0.05766	0.13274	0.17862	0.29405	0.2127	0.48691	0.14346	0.17183	0.17417	0.17025	0.48223	0.13636	0.29742	0.27443	0.02722	0.08663	0.01616	0.21476	0.25443	0.02903	0.54938	0.11694	0.42542	0.02788	0.13881	0.177	0.02675	0.02876	0.01805	0.23852	0.27701	0.22431	
0.00069	8e-05	0.00051	0.0	0.0	0.00027	9e-05	0.00025	0.00027	0.0001	0.0	0.0	0.00012	0.0	0.00014	0.0	0.0	0.00026	0.0	0.00052	0.00059	0.00026	0.0	0.00014	5e-05	0.00031	0.00018	0.00026	0.0	0.00037	2e-05	7e-05	0.0	0.00019	0.00017	0.00028	0.00064	0.0	0.00051	0.00012	0.00031	0.0	0.00038	0.0	0.0	0.0	0.0	0.00045	0.0	0.00021	8e-05	0.00093	0.00015	0.00027	0.00031	0.0	8e-05	0.00013	0.00045	0.00029	0.00056	0.0	0.0	0.0	0.0	0.0	0.0	0.00011	0.00045	6e-05	0.0	0.00045	9e-05	0.00016	0.00018	0.00015	9e-05	0.00073	0.0	0.0	0.0	0.00012	0.00105	0.00015	0.0006	0.00062	0.0002	0.00012	0.0	0.0	0.0001	0.00029	7e-05	9e-05	6e-05	7e-05	7e-05	2e-05	0.00015	0.0	0.00013	5e-05	0.0	0.00018	0.00091	0.0004	0.00021	0.0	0.0	0.0	0.00089	0.00046	7e-05	0.00021	0.0	0.00094	0.00012	0.0003	0.00041	8e-05	0.00016	2e-05	0.00029	0.00014	0.00048	0.00051	0.00011	0.00013	0.00013	0.00017	0.0002	0.0003	0.00051	8e-05	0.00046	0.00015	2e-05	0.00015	0.00012	0.00014	0.00021	8e-05	0.00036	0.0008	0.00161	0.00011	0.00015	5e-05	
0.12331	0.08617	0.02336	0.00019	0.00019	0.03566	0.02727	0.07559	0.03608	0.03905	0.00019	0.09951	0.03922	0.00019	0.13021	0.00019	0.00019	0.02051	0.00019	0.0056	0.07956	0.02051	0.00019	0.02926	0.03327	0.03139	0.04222	0.02051	0.00019	0.02955	0.01838	0.05792	0.00019	0.0	0.04188	0.08957	0.00528	0.00019	0.00316	0.02844	0.01387	0.00019	0.00024	0.00019	0.01266	0.00019	0.00019	0.02323	0.00019	0.15724	0.05933	0.12234	0.06784	0.03696	0.01387	0.0	0.05448	0.03761	0.02323	0.01342	0.07967	0.00019	0.0	0.0	0.0	0.0	0.0	0.0006	0.02323	0.0453	0.00019	0.02323	0.08811	0.05101	0.01698	0.0409	0.0901	0.14385	0.0	0.0	0.0	0.02844	0.12238	0.02124	0.11489	0.01217	0.11607	0.02844	0.00019	0.0	0.0002	0.01342	0.09975	0.02956	0.07298	0.0507	0.06319	0.07425	0.14291	0.0	0.02867	0.16505	0.0	0.00533	0.18829	0.05166	0.00784	0.0	0.0	0.0	0.10758	0.04747	0.00058	0.00019	0.0035	0.01309	0.02372	0.07094	0.02551	0.07027	0.13506	0.09998	0.10901	0.13133	0.02078	0.10205	0.10224	0.07293	0.00217	0.0741	0.11607	0.12178	0.02336	0.06974	0.11533	0.11577	0.04901	0.05446	0.02844	0.02926	0.0819	0.02595	0.03823	0.25097	0.13859	0.00336	0.10857	0.11013	
0.16116	0.10764	0.18601	0.00017	0.00017	0.16976	0.04299	0.11773	0.02829	0.16609	0.00017	0.1128	0.09159	0.00017	0.16784	0.00017	0.00017	0.0153	0.00017	0.02688	0.01231	0.0153	0.00017	0.0766	0.1512	0.1685	0.03345	0.0153	0.00017	0.02123	0.05011	0.03227	0.00017	0.04188	0.0	0.01292	0.05038	0.00017	0.05416	0.02156	0.01017	0.00017	0.06338	0.00017	0.00128	0.00017	0.00017	0.01743	0.00017	0.0836	0.199	0.03177	0.0243	0.02893	0.01017	0.0	0.03593	0.02945	0.01743	0.00983	0.0116	0.00017	0.0	0.0	0.0	0.0	0.0	0.04938	0.01743	0.04166	0.00017	0.01743	0.04659	0.04086	0.04505	0.06583	0.14377	0.06396	0.0	0.0	0.0	0.02156	0.16217	0.01587	0.03933	0.23357	0.1484	0.02156	0.00017	0.0	0.06954	0.00983	0.08698	0.02909	0.05016	0.12854	0.07991	0.10549	0.0327	0.0	0.16548	0.07901	0.0	0.1128	0.06696	0.06237	0.10128	0.0	0.0	0.0	0.1207	0.06245	0.05133	0.12165	0.00184	0.00958	0.11208	0.08149	0.08266	0.07518	0.05292	0.08531	0.06368	0.10177	0.06733	0.14286	0.13439	0.10168	0.04208	0.22793	0.1484	0.13834	0.18601	0.14693	0.05363	0.14616	0.07511	0.09843	0.02156	0.0766	0.05442	0.07301	0.16286	0.14789	0.01957	0.10437	0.05291	0.14957	
0.18746	0.01417	0.00692	0.00028	0.00028	0.00851	0.10019	0.02953	0.00867	0.01947	0.00028	0.0	0.00982	0.00028	0.00692	0.00028	0.00028	0.00617	0.00028	0.00928	0.00534	0.00617	0.00028	0.01	0.04147	0.00793	0.00962	0.00617	0.00028	0.00782	0.01384	0.01201	0.00028	0.08957	0.01292	0.0	0.01446	0.00028	0.01515	0.00777	0.00462	0.00028	0.01369	0.00028	0.00038	0.00028	0.00028	0.00686	0.00028	0.01145	0.01253	0.00978	0.01481	0.00891	0.00462	0.0	0.01143	0.00895	0.00686	0.0045	0.0052	0.00028	0.0	0.0	0.0	0.0	0.0	0.12819	0.00686	0.11543	0.00028	0.00686	0.06847	0.01103	0.01507	0.03414	0.0162	0.01969	0.0	0.0	0.0	0.00777	0.00988	0.00628	0.01053	0.01433	0.00909	0.00777	0.00028	0.0	0.01221	0.0045	0.17884	0.01778	0.01812	0.01772	0.1102	0.01953	0.01086	0.0	0.06704	0.07478	0.0	0.06082	0.01641	0.01764	0.0317	0.0	0.0	0.0	0.01632	0.01465	0.01432	0.03366	0.00058	0.00467	0.03683	0.09371	0.03349	0.01717	0.27295	0.02865	0.02481	0.08549	0.13462	0.0203	0.03618	0.02729	0.02111	0.01851	0.00909	0.01187	0.00692	0.02264	0.01273	0.0102	0.0159	0.01384	0.00777	0.01	0.01591	0.02594	0.00908	0.00983	0.00804	0.0364	0.08237	0.07199	
0.14094	0.0249	0.01908	0.00064	0.00064	0.02855	0.01641	0.01679	0.02845	0.10007	0.00064	0.0	0.0311	0.00064	0.01972	0.00064	0.00064	0.01685	0.00064	0.02803	0.01438	0.01685	0.00064	0.03179	0.05699	0.02498	0.17843	0.01685	0.00064	0.02265	0.05305	0.16362	0.00064	0.00528	0.05038	0.01446	0.0	0.00064	0.43504	0.22626	0.01166	0.00064	0.03465	0.00064	0.02133	0.00064	0.00064	0.01897	0.00064	0.04342	0.0456	0.15772	0.05231	0.08071	0.01166	0.0	0.22408	0.02963	0.01897	0.0113	0.01315	0.00064	0.0	0.0	0.0	0.0	0.0	0.03079	0.01897	0.06133	0.00064	0.01897	0.07057	0.03942	0.02174	0.03688	0.06597	0.31288	0.0	0.0	0.0	0.22626	0.1577	0.01741	0.36772	0.0208	0.03054	0.22626	0.00064	0.0	0.04119	0.0113	0.03818	0.02832	0.1136	0.04691	0.17721	0.17976	0.03442	0.0	0.11113	0.06089	0.0	0.03396	0.18479	0.16713	0.05445	0.0	0.0	0.0	0.16625	0.07244	0.04401	0.05267	0.00438	0.09094	0.02005	0.06943	0.05692	0.22487	0.38742	0.17689	0.23883	0.08024	0.43036	0.11939	0.25875	0.09807	0.0907	0.09948	0.03054	0.05372	0.01908	0.06699	0.30354	0.03573	0.09434	0.03822	0.22626	0.03179	0.16886	0.08439	0.03005	0.15669	0.19783	0.03232	0.1589	0.0122	
