0.0	0.06647	0.34293	0.1861	0.18793	0.54612	0.06123	0.19821	0.0781	5e-05	0.035	0.035	5e-05	5e-05	5e-05	0.54385	0.43929	0.04976	5e-05	5e-05	5e-05	0.37495	5e-05	0.06604	0.00458	5e-05	5e-05	5e-05	5e-05	5e-05	5e-05	0.02411	5e-05	5e-05	5e-05	5e-05	5e-05	0.17493	0.17493	5e-05	5e-05	5e-05	0.17493	5e-05	0.43929	0.34981	5e-05	0.14473	0.15135	5e-05	5e-05	0.17493	5e-05	0.25165	5e-05	5e-05	0.03802	0.04881	5e-05	5e-05	0.23534	5e-05	5e-05	5e-05	0.04881	5e-05	0.01151	0.0	5e-05	5e-05	5e-05	5e-05	0.4388	0.25658	0.28876	0.07915	0.28627	0.51764	0.193	0.54581	
0.06647	0.0	0.34292	0.23534	0.19685	0.22656	0.04924	0.22379	0.05765	0.00011	0.00458	0.00458	0.00011	0.00011	0.00011	0.30533	0.04738	0.04185	0.00011	0.00011	0.00011	0.05273	0.00011	0.0478	0.00304	0.00011	0.00011	0.00011	0.00011	0.00011	0.00011	0.01999	0.00011	0.00011	0.00011	0.00011	0.00011	0.04168	0.04168	0.00011	0.00011	0.00011	0.04168	0.00011	0.04738	0.09339	0.00011	0.13046	0.00557	0.00011	0.00011	0.04168	0.00011	0.00659	0.00011	0.00011	0.03027	0.08168	0.00011	0.00011	0.07767	0.00011	0.00011	0.00011	0.08168	0.00011	0.00212	0.0	0.00011	0.00011	0.00011	0.00011	0.04688	0.0944	0.12789	0.05511	0.13471	0.17068	0.22438	0.22625	
0.34293	0.34292	0.0	0.16493	0.16476	0.16888	0.06086	0.17503	0.07671	4e-05	0.0292	0.0292	4e-05	4e-05	4e-05	0.36356	0.06193	0.05005	4e-05	4e-05	4e-05	0.02952	4e-05	0.06449	0.0045	4e-05	4e-05	4e-05	4e-05	4e-05	4e-05	0.02432	4e-05	4e-05	4e-05	4e-05	4e-05	0.15889	0.15889	4e-05	4e-05	4e-05	0.15889	4e-05	0.06193	0.13658	4e-05	0.03518	0.03333	4e-05	4e-05	0.15889	4e-05	0.00934	4e-05	4e-05	0.038	0.05617	4e-05	4e-05	0.10667	4e-05	4e-05	4e-05	0.05617	4e-05	0.08867	0.0	4e-05	4e-05	4e-05	4e-05	0.06153	0.18888	0.09148	0.07679	0.30456	0.64897	0.17042	0.16863	
0.1861	0.23534	0.16493	0.0	0.32201	0.38188	0.04087	0.61536	0.22971	6e-05	0.00274	0.00274	6e-05	6e-05	6e-05	0.56192	0.03517	0.47319	6e-05	6e-05	6e-05	0.20826	6e-05	0.03613	0.24908	6e-05	6e-05	6e-05	6e-05	6e-05	6e-05	0.01448	6e-05	6e-05	6e-05	6e-05	6e-05	0.03071	0.03071	6e-05	6e-05	6e-05	0.03071	6e-05	0.03517	0.08295	6e-05	0.12548	0.0761	6e-05	6e-05	0.03071	6e-05	0.00396	6e-05	6e-05	0.0222	0.06663	6e-05	6e-05	0.17408	6e-05	6e-05	6e-05	0.06663	6e-05	0.00488	0.0	6e-05	6e-05	6e-05	6e-05	0.03508	0.16553	0.16817	0.04678	0.08601	0.19678	0.38007	0.385	
0.18793	0.19685	0.16476	0.32201	0.0	0.31605	0.05332	0.31471	0.05464	2e-05	0.00328	0.00328	2e-05	2e-05	2e-05	0.39021	0.04415	0.0381	2e-05	2e-05	2e-05	0.17989	2e-05	0.42393	0.00214	2e-05	2e-05	2e-05	2e-05	2e-05	2e-05	0.10377	2e-05	2e-05	2e-05	2e-05	2e-05	0.03804	0.03804	2e-05	2e-05	2e-05	0.03804	2e-05	0.04415	0.15295	2e-05	0.13621	0.16353	2e-05	2e-05	0.03804	2e-05	0.00477	2e-05	2e-05	0.27992	0.04586	2e-05	2e-05	0.07564	2e-05	2e-05	2e-05	0.04586	2e-05	0.00867	0.0	2e-05	2e-05	2e-05	2e-05	0.04408	0.26029	0.33814	0.42776	0.13679	0.18151	0.35669	0.32125	
0.54612	0.22656	0.16888	0.38188	0.31605	0.0	0.04694	0.35759	0.0489	5e-05	0.00309	0.00309	5e-05	5e-05	5e-05	0.50937	0.52273	0.03684	5e-05	5e-05	5e-05	0.76089	5e-05	0.04137	0.00203	5e-05	5e-05	5e-05	5e-05	5e-05	5e-05	0.01612	5e-05	5e-05	5e-05	5e-05	5e-05	0.03471	0.03471	5e-05	5e-05	5e-05	0.03471	5e-05	0.52273	0.33131	5e-05	0.15734	0.08831	5e-05	5e-05	0.03471	5e-05	0.34946	5e-05	5e-05	0.02494	0.06007	5e-05	5e-05	0.24561	5e-05	5e-05	5e-05	0.06007	5e-05	0.00552	0.0	5e-05	5e-05	5e-05	5e-05	0.5226	0.30298	0.47925	0.05421	0.28348	0.19571	0.36674	1.00018	
0.06123	0.04924	0.06086	0.04087	0.05332	0.04694	0.0	0.07193	0.07793	0.00034	0.00423	0.00423	0.00034	0.00034	0.00034	0.03728	0.03015	0.0316	0.00034	0.00034	0.00034	0.05495	0.00034	0.03052	0.00314	0.00034	0.00034	0.00034	0.00034	0.00034	0.00034	0.01293	0.00034	0.00034	0.00034	0.00034	0.00034	0.02654	0.02654	0.00034	0.00034	0.00034	0.02654	0.00034	0.03015	0.19369	0.00034	0.23817	0.0375	0.00034	0.00034	0.02654	0.00034	0.00559	0.00034	0.00034	0.01944	0.07928	0.00034	0.00034	0.04847	0.00034	0.00034	0.00034	0.07928	0.00034	0.00657	0.0	0.00034	0.00034	0.00034	0.00034	0.03005	0.04345	0.06821	0.16928	0.15163	0.05239	0.16815	0.04546	
0.19821	0.22379	0.17503	0.61536	0.31471	0.35759	0.07193	0.0	0.55902	9e-05	0.00254	0.00254	9e-05	9e-05	9e-05	0.47562	0.04005	0.10377	9e-05	9e-05	9e-05	0.19959	9e-05	0.04172	0.05045	9e-05	9e-05	9e-05	9e-05	9e-05	9e-05	0.0161	9e-05	9e-05	9e-05	9e-05	9e-05	0.03462	0.03462	9e-05	9e-05	9e-05	0.03462	9e-05	0.04005	0.07671	9e-05	0.05583	0.03617	9e-05	9e-05	0.03462	9e-05	0.00376	9e-05	9e-05	0.02496	0.01985	9e-05	9e-05	0.06468	9e-05	9e-05	9e-05	0.01985	9e-05	0.00469	0.0	9e-05	9e-05	9e-05	9e-05	0.04443	0.19655	0.19085	0.05436	0.08829	0.19811	0.36408	0.36394	
0.0781	0.05765	0.07671	0.22971	0.05464	0.0489	0.07793	0.55902	0.0	0.00015	0.0024	0.0024	0.00015	0.00015	0.00015	0.03524	0.02964	0.13894	0.00015	0.00015	0.00015	0.05223	0.00015	0.02947	0.12212	0.00015	0.00015	0.00015	0.00015	0.00015	0.00015	0.01319	0.00015	0.00015	0.00015	0.00015	0.00015	0.02606	0.02606	0.00015	0.00015	0.00015	0.02606	0.00015	0.02964	0.04245	0.00015	0.0244	0.00963	0.00015	0.00015	0.02606	0.00015	0.00346	0.00015	0.00015	0.01952	0.01681	0.00015	0.00015	0.06434	0.00015	0.00015	0.00015	0.01681	0.00015	0.00427	0.0	0.00015	0.00015	0.00015	0.00015	0.0326	0.10093	0.09473	0.0366	0.0471	0.06414	0.0584	0.05428	
5e-05	0.00011	4e-05	6e-05	2e-05	5e-05	0.00034	9e-05	0.00015	0.0	0.0	0.0	0.0	0.0	0.0	0.0002	0.0002	0.00078	0.0	0.0	0.0	0.00019	0.0	0.00011	0.0	0.0	0.0	0.0	0.0	0.0	0.0	0.00033	0.0	0.0	0.0	0.0	0.0	0.00016	0.00016	0.0	0.0	0.0	0.00016	0.0	0.0002	0.00025	0.0	0.00012	0.00018	0.0	0.0	0.00016	0.0	0.0	0.0	0.0	0.00024	0.00537	0.0	0.0	0.0002	0.0	0.0	0.0	0.00537	0.0	0.0	0.0	0.0	0.0	0.0	0.0	0.00015	6e-05	2e-05	6e-05	5e-05	7e-05	4e-05	4e-05	
0.035	0.00458	0.0292	0.00274	0.00328	0.00309	0.00423	0.00254	0.0024	0.0	0.0	0.0	0.0	0.0	0.0	0.0002	0.00188	0.00608	0.0	0.0	0.0	0.00286	0.0	0.0016	0.0	0.0	0.0	0.0	0.0	0.0	0.0	0.00145	0.0	0.0	0.0	0.0	0.0	0.0	0.0	0.0	0.0	0.0	0.0	0.0	0.00188	0.00655	0.0	0.023	0.00335	0.0	0.0	0.0	0.0	0.0	0.0	0.0	0.00159	0.01279	0.0	0.0	0.00255	0.0	0.0	0.0	0.01279	0.0	0.0	0.0	0.0	0.0	0.0	0.0	0.00267	0.00951	0.00751	0.00348	0.00655	0.04476	0.00438	0.00397	
0.035	0.00458	0.0292	0.00274	0.00328	0.00309	0.00423	0.00254	0.0024	0.0	0.0	0.0	0.0	0.0	0.0	0.0002	0.00188	0.00608	0.0	0.0	0.0	0.00286	0.0	0.0016	0.0	0.0	0.0	0.0	0.0	0.0	0.0	0.00145	0.0	0.0	0.0	0.0	0.0	0.0	0.0	0.0	0.0	0.0	0.0	0.0	0.00188	0.00655	0.0	0.023	0.00335	0.0	0.0	0.0	0.0	0.0	0.0	0.0	0.00159	0.01279	0.0	0.0	0.00255	0.0	0.0	0.0	0.01279	0.0	0.0	0.0	0.0	0.0	0.0	0.0	0.00267	0.00951	0.00751	0.00348	0.00655	0.04476	0.00438	0.00397	
5e-05	0.00011	4e-05	6e-05	2e-05	5e-05	0.00034	9e-05	0.00015	0.0	0.0	0.0	0.0	0.0	0.0	0.0002	0.0002	0.00078	0.0	0.0	0.0	0.00019	0.0	0.00011	0.0	0.0	0.0	0.0	0.0	0.0	0.0	0.00033	0.0	0.0	0.0	0.0	0.0	0.00016	0.00016	0.0	0.0	0.0	0.00016	0.0	0.0002	0.00025	0.0	0.00012	0.00018	0.0	0.0	0.00016	0.0	0.0	0.0	0.0	0.00024	0.00537	0.0	0.0	0.0002	0.0	0.0	0.0	0.00537	0.0	0.0	0.0	0.0	0.0	0.0	0.0	0.00015	6e-05	2e-05	6e-05	5e-05	7e-05	4e-05	4e-05	
5e-05	0.00011	4e-05	6e-05	2e-05	5e-05	0.00034	9e-05	0.00015	0.0	0.0	0.0	0.0	0.0	0.0	0.0002	0.0002	0.00078	0.0	0.0	0.0	0.00019	0.0	0.00011	0.0	0.0	0.0	0.0	0.0	0.0	0.0	0.00033	0.0	0.0	0.0	0.0	0.0	0.00016	0.00016	0.0	0.0	0.0	0.00016	0.0	0.0002	0.00025	0.0	0.00012	0.00018	0.0	0.0	0.00016	0.0	0.0	0.0	0.0	0.00024	0.00537	0.0	0.0	0.0002	0.0	0.0	0.0	0.00537	0.0	0.0	0.0	0.0	0.0	0.0	0.0	0.00015	6e-05	2e-05	6e-05	5e-05	7e-05	4e-05	4e-05	
5e-05	0.00011	4e-05	6e-05	2e-05	5e-05	0.00034	9e-05	0.00015	0.0	0.0	0.0	0.0	0.0	0.0	0.0002	0.0002	0.00078	0.0	0.0	0.0	0.00019	0.0	0.00011	0.0	0.0	0.0	0.0	0.0	0.0	0.0	0.00033	0.0	0.0	0.0	0.0	0.0	0.00016	0.00016	0.0	0.0	0.0	0.00016	0.0	0.0002	0.00025	0.0	0.00012	0.00018	0.0	0.0	0.00016	0.0	0.0	0.0	0.0	0.00024	0.00537	0.0	0.0	0.0002	0.0	0.0	0.0	0.00537	0.0	0.0	0.0	0.0	0.0	0.0	0.0	0.00015	6e-05	2e-05	6e-05	5e-05	7e-05	4e-05	4e-05	
0.54385	0.30533	0.36356	0.56192	0.39021	0.50937	0.03728	0.47562	0.03524	0.0002	0.0002	0.0002	0.0002	0.0002	0.0002	0.0	0.0294	0.03476	0.0002	0.0002	0.0002	0.26167	0.0002	0.02881	0.0017	0.0002	0.0002	0.0002	0.0002	0.0002	0.0002	0.01336	0.0002	0.0002	0.0002	0.0002	0.0002	0.28732	0.28732	0.0002	0.0002	0.0002	0.28732	0.0002	0.0294	0.07	0.0002	0.06321	0.05977	0.0002	0.0002	0.28732	0.0002	0.00383	0.0002	0.0002	0.01954	0.01947	0.0002	0.0002	0.04613	0.0002	0.0002	0.0002	0.01947	0.0002	0.00475	0.0	0.0002	0.0002	0.0002	0.0002	0.03298	0.15399	0.16366	0.04453	0.08255	0.69534	0.50065	0.51283	
0.43929	0.04738	0.06193	0.03517	0.04415	0.52273	0.03015	0.04005	0.02964	0.0002	0.00188	0.00188	0.0002	0.0002	0.0002	0.0294	0.0	0.0279	0.0002	0.0002	0.0002	0.28775	0.0002	0.02458	0.00121	0.0002	0.0002	0.0002	0.0002	0.0002	0.0002	0.01146	0.0002	0.0002	0.0002	0.0002	0.0002	0.02208	0.02208	0.0002	0.0002	0.0002	0.02208	0.0002	0.99979	0.22678	0.0002	0.15884	0.04898	0.0002	0.0002	0.02208	0.0002	0.0	0.0002	0.0002	0.01672	0.01491	0.0002	0.0002	0.34856	0.0002	0.0002	0.0002	0.01491	0.0002	0.00343	0.0	0.0002	0.0002	0.0002	0.0002	0.9999	0.18914	0.17575	0.03521	0.36821	0.05204	0.04596	0.52435	
0.04976	0.04185	0.05005	0.47319	0.0381	0.03684	0.0316	0.10377	0.13894	0.00078	0.00608	0.00608	0.00078	0.00078	0.00078	0.03476	0.0279	0.0	0.00078	0.00078	0.00078	0.04846	0.00078	0.02757	0.13549	0.00078	0.00078	0.00078	0.00078	0.00078	0.00078	0.01285	0.00078	0.00078	0.00078	0.00078	0.00078	0.02463	0.02463	0.00078	0.00078	0.00078	0.02463	0.00078	0.0279	0.03585	0.00078	0.03106	0.05502	0.00078	0.00078	0.02463	0.00078	0.00767	0.00078	0.00078	0.01866	0.22981	0.00078	0.00078	0.0791	0.00078	0.00078	0.00078	0.22981	0.00078	0.00881	0.0	0.00078	0.00078	0.00078	0.00078	0.03216	0.05844	0.05437	0.02833	0.0419	0.04328	0.03867	0.03749	
5e-05	0.00011	4e-05	6e-05	2e-05	5e-05	0.00034	9e-05	0.00015	0.0	0.0	0.0	0.0	0.0	0.0	0.0002	0.0002	0.00078	0.0	0.0	0.0	0.00019	0.0	0.00011	0.0	0.0	0.0	0.0	0.0	0.0	0.0	0.00033	0.0	0.0	0.0	0.0	0.0	0.00016	0.00016	0.0	0.0	0.0	0.00016	0.0	0.0002	0.00025	0.0	0.00012	0.00018	0.0	0.0	0.00016	0.0	0.0	0.0	0.0	0.00024	0.00537	0.0	0.0	0.0002	0.0	0.0	0.0	0.00537	0.0	0.0	0.0	0.0	0.0	0.0	0.0	0.00015	6e-05	2e-05	6e-05	5e-05	7e-05	4e-05	4e-05	
5e-05	0.00011	4e-05	6e-05	2e-05	5e-05	0.00034	9e-05	0.00015	0.0	0.0	0.0	0.0	0.0	0.0	0.0002	0.0002	0.00078	0.0	0.0	0.0	0.00019	0.0	0.00011	0.0	0.0	0.0	0.0	0.0	0.0	0.0	0.00033	0.0	0.0	0.0	0.0	0.0	0.00016	0.00016	0.0	0.0	0.0	0.00016	0.0	0.0002	0.00025	0.0	0.00012	0.00018	0.0	0.0	0.00016	0.0	0.0	0.0	0.0	0.00024	0.00537	0.0	0.0	0.0002	0.0	0.0	0.0	0.00537	0.0	0.0	0.0	0.0	0.0	0.0	0.0	0.00015	6e-05	2e-05	6e-05	5e-05	7e-05	4e-05	4e-05	
5e-05	0.00011	4e-05	6e-05	2e-05	5e-05	0.00034	9e-05	0.00015	0.0	0.0	0.0	0.0	0.0	0.0	0.0002	0.0002	0.00078	0.0	0.0	0.0	0.00019	0.0	0.00011	0.0	0.0	0.0	0.0	0.0	0.0	0.0	0.00033	0.0	0.0	0.0	0.0	0.0	0.00016	0.00016	0.0	0.0	0.0	0.00016	0.0	0.0002	0.00025	0.0	0.00012	0.00018	0.0	0.0	0.00016	0.0	0.0	0.0	0.0	0.00024	0.00537	0.0	0.0	0.0002	0.0	0.0	0.0	0.00537	0.0	0.0	0.0	0.0	0.0	0.0	0.0	0.00015	6e-05	2e-05	6e-05	5e-05	7e-05	4e-05	4e-05	
0.37495	0.05273	0.02952	0.20826	0.17989	0.76089	0.05495	0.19959	0.05223	0.00019	0.00286	0.00286	0.00019	0.00019	0.00019	0.26167	0.28775	0.04846	0.00019	0.00019	0.00019	0.0	0.00019	0.04385	0.0018	0.00019	0.00019	0.00019	0.00019	0.00019	0.00019	0.01828	0.00019	0.00019	0.00019	0.00019	0.00019	0.03766	0.03766	0.00019	0.00019	0.00019	0.03766	0.00019	0.28775	0.10249	0.00019	0.02726	0.09127	0.00019	0.00019	0.03766	0.00019	0.09893	0.00019	0.00019	0.02767	0.02254	0.00019	0.00019	0.07653	0.00019	0.00019	0.00019	0.02254	0.00019	0.00537	0.0	0.00019	0.00019	0.00019	0.00019	0.28372	0.21099	0.57421	0.06629	0.1085	0.0496	0.203	0.7573	
5e-05	0.00011	4e-05	6e-05	2e-05	5e-05	0.00034	9e-05	0.00015	0.0	0.0	0.0	0.0	0.0	0.0	0.0002	0.0002	0.00078	0.0	0.0	0.0	0.00019	0.0	0.00011	0.0	0.0	0.0	0.0	0.0	0.0	0.0	0.00033	0.0	0.0	0.0	0.0	0.0	0.00016	0.00016	0.0	0.0	0.0	0.00016	0.0	0.0002	0.00025	0.0	0.00012	0.00018	0.0	0.0	0.00016	0.0	0.0	0.0	0.0	0.00024	0.00537	0.0	0.0	0.0002	0.0	0.0	0.0	0.00537	0.0	0.0	0.0	0.0	0.0	0.0	0.0	0.00015	6e-05	2e-05	6e-05	5e-05	7e-05	4e-05	4e-05	
0.06604	0.0478	0.06449	0.03613	0.42393	0.04137	0.03052	0.04172	0.02947	0.00011	0.0016	0.0016	0.00011	0.00011	0.00011	0.02881	0.02458	0.02757	0.00011	0.00011	0.00011	0.04385	0.00011	0.0	0.00102	0.00011	0.00011	0.00011	0.00011	0.00011	0.00011	0.01067	0.00011	0.00011	0.00011	0.00011	0.00011	0.02153	0.02153	0.00011	0.00011	0.00011	0.02153	0.00011	0.02458	0.12139	0.00011	0.06061	0.11797	0.00011	0.00011	0.02153	0.00011	0.00237	0.00011	0.00011	0.51525	0.01378	0.00011	0.00011	0.0389	0.00011	0.00011	0.00011	0.01378	0.00011	0.00295	0.0	0.00011	0.00011	0.00011	0.00011	0.02686	0.24834	0.34726	1.00437	0.10793	0.05392	0.16513	0.04573	
0.00458	0.00304	0.0045	0.24908	0.00214	0.00203	0.00314	0.05045	0.12212	0.0	0.0	0.0	0.0	0.0	0.0	0.0017	0.00121	0.13549	0.0	0.0	0.0	0.0018	0.0	0.00102	0.0	0.0	0.0	0.0	0.0	0.0	0.0	0.001	0.0	0.0	0.0	0.0	0.0	0.00202	0.00202	0.0	0.0	0.0	0.00202	0.0	0.00121	0.00475	0.0	0.01518	0.00212	0.0	0.0	0.00202	0.0	0.0	0.0	0.0	0.00107	0.01124	0.0	0.0	0.05337	0.0	0.0	0.0	0.01124	0.0	0.0	0.0	0.0	0.0	0.0	0.0	0.0018	0.00642	0.00491	0.00234	0.00437	0.00379	0.00297	0.00266	
5e-05	0.00011	4e-05	6e-05	2e-05	5e-05	0.00034	9e-05	0.00015	0.0	0.0	0.0	0.0	0.0	0.0	0.0002	0.0002	0.00078	0.0	0.0	0.0	0.00019	0.0	0.00011	0.0	0.0	0.0	0.0	0.0	0.0	0.0	0.00033	0.0	0.0	0.0	0.0	0.0	0.00016	0.00016	0.0	0.0	0.0	0.00016	0.0	0.0002	0.00025	0.0	0.00012	0.00018	0.0	0.0	0.00016	0.0	0.0	0.0	0.0	0.00024	0.00537	0.0	0.0	0.0002	0.0	0.0	0.0	0.00537	0.0	0.0	0.0	0.0	0.0	0.0	0.0	0.00015	6e-05	2e-05	6e-05	5e-05	7e-05	4e-05	4e-05	
5e-05	0.00011	4e-05	6e-05	2e-05	5e-05	0.00034	9e-05	0.00015	0.0	0.0	0.0	0.0	0.0	0.0	0.0002	0.0002	0.00078	0.0	0.0	0.0	0.00019	0.0	0.00011	0.0	0.0	0.0	0.0	0.0	0.0	0.0	0.00033	0.0	0.0	0.0	0.0	0.0	0.00016	0.00016	0.0	0.0	0.0	0.00016	0.0	0.0002	0.00025	0.0	0.00012	0.00018	0.0	0.0	0.00016	0.0	0.0	0.0	0.0	0.00024	0.00537	0.0	0.0	0.0002	0.0	0.0	0.0	0.00537	0.0	0.0	0.0	0.0	0.0	0.0	0.0	0.00015	6e-05	2e-05	6e-05	5e-05	7e-05	4e-05	4e-05	
5e-05	0.00011	4e-05	6e-05	2e-05	5e-05	0.00034	9e-05	0.00015	0.0	0.0	0.0	0.0	0.0	0.0	0.0002	0.0002	0.00078	0.0	0.0	0.0	0.00019	0.0	0.00011	0.0	0.0	0.0	0.0	0.0	0.0	0.0	0.00033	0.0	0.0	0.0	0.0	0.0	0.00016	0.00016	0.0	0.0	0.0	0.00016	0.0	0.0002	0.00025	0.0	0.00012	0.00018	0.0	0.0	0.00016	0.0	0.0	0.0	0.0	0.00024	0.00537	0.0	0.0	0.0002	0.0	0.0	0.0	0.00537	0.0	0.0	0.0	0.0	0.0	0.0	0.0	0.00015	6e-05	2e-05	6e-05	5e-05	7e-05	4e-05	4e-05	
5e-05	0.00011	4e-05	6e-05	2e-05	5e-05	0.00034	9e-05	0.00015	0.0	0.0	0.0	0.0	0.0	0.0	0.0002	0.0002	0.00078	0.0	0.0	0.0	0.00019	0.0	0.00011	0.0	0.0	0.0	0.0	0.0	0.0	0.0	0.00033	0.0	0.0	0.0	0.0	0.0	0.00016	0.00016	0.0	0.0	0.0	0.00016	0.0	0.0002	0.00025	0.0	0.00012	0.00018	0.0	0.0	0.00016	0.0	0.0	0.0	0.0	0.00024	0.00537	0.0	0.0	0.0002	0.0	0.0	0.0	0.00537	0.0	0.0	0.0	0.0	0.0	0.0	0.0	0.00015	6e-05	2e-05	6e-05	5e-05	7e-05	4e-05	4e-05	
5e-05	0.00011	4e-05	6e-05	2e-05	5e-05	0.00034	9e-05	0.00015	0.0	0.0	0.0	0.0	0.0	0.0	0.0002	0.0002	0.00078	0.0	0.0	0.0	0.00019	0.0	0.00011	0.0	0.0	0.0	0.0	0.0	0.0	0.0	0.00033	0.0	0.0	0.0	0.0	0.0	0.00016	0.00016	0.0	0.0	0.0	0.00016	0.0	0.0002	0.00025	0.0	0.00012	0.00018	0.0	0.0	0.00016	0.0	0.0	0.0	0.0	0.00024	0.00537	0.0	0.0	0.0002	0.0	0.0	0.0	0.00537	0.0	0.0	0.0	0.0	0.0	0.0	0.0	0.00015	6e-05	2e-05	6e-05	5e-05	7e-05	4e-05	4e-05	
5e-05	0.00011	4e-05	6e-05	2e-05	5e-05	0.00034	9e-05	0.00015	0.0	0.0	0.0	0.0	0.0	0.0	0.0002	0.0002	0.00078	0.0	0.0	0.0	0.00019	0.0	0.00011	0.0	0.0	0.0	0.0	0.0	0.0	0.0	0.00033	0.0	0.0	0.0	0.0	0.0	0.00016	0.00016	0.0	0.0	0.0	0.00016	0.0	0.0002	0.00025	0.0	0.00012	0.00018	0.0	0.0	0.00016	0.0	0.0	0.0	0.0	0.00024	0.00537	0.0	0.0	0.0002	0.0	0.0	0.0	0.00537	0.0	0.0	0.0	0.0	0.0	0.0	0.0	0.00015	6e-05	2e-05	6e-05	5e-05	7e-05	4e-05	4e-05	
0.02411	0.01999	0.02432	0.01448	0.10377	0.01612	0.01293	0.0161	0.01319	0.00033	0.00145	0.00145	0.00033	0.00033	0.00033	0.01336	0.01146	0.01285	0.00033	0.00033	0.00033	0.01828	0.00033	0.01067	0.001	0.00033	0.00033	0.00033	0.00033	0.00033	0.00033	0.0	0.00033	0.00033	0.00033	0.00033	0.00033	0.01031	0.01031	0.00033	0.00033	0.00033	0.01031	0.00033	0.01146	0.02068	0.00033	0.0228	0.08461	0.00033	0.00033	0.01031	0.00033	0.00203	0.00033	0.00033	0.00823	0.00945	0.00033	0.00033	0.01655	0.00033	0.00033	0.00033	0.00945	0.00033	0.0	0.0	0.00033	0.00033	0.00033	0.00033	0.01241	0.03018	0.02794	0.01485	0.11076	0.02077	0.01831	0.01768	
5e-05	0.00011	4e-05	6e-05	2e-05	5e-05	0.00034	9e-05	0.00015	0.0	0.0	0.0	0.0	0.0	0.0	0.0002	0.0002	0.00078	0.0	0.0	0.0	0.00019	0.0	0.00011	0.0	0.0	0.0	0.0	0.0	0.0	0.0	0.00033	0.0	0.0	0.0	0.0	0.0	0.00016	0.00016	0.0	0.0	0.0	0.00016	0.0	0.0002	0.00025	0.0	0.00012	0.00018	0.0	0.0	0.00016	0.0	0.0	0.0	0.0	0.00024	0.00537	0.0	0.0	0.0002	0.0	0.0	0.0	0.00537	0.0	0.0	0.0	0.0	0.0	0.0	0.0	0.00015	6e-05	2e-05	6e-05	5e-05	7e-05	4e-05	4e-05	
5e-05	0.00011	4e-05	6e-05	2e-05	5e-05	0.00034	9e-05	0.00015	0.0	0.0	0.0	0.0	0.0	0.0	0.0002	0.0002	0.00078	0.0	0.0	0.0	0.00019	0.0	0.00011	0.0	0.0	0.0	0.0	0.0	0.0	0.0	0.00033	0.0	0.0	0.0	0.0	0.0	0.00016	0.00016	0.0	0.0	0.0	0.00016	0.0	0.0002	0.00025	0.0	0.00012	0.00018	0.0	0.0	0.00016	0.0	0.0	0.0	0.0	0.00024	0.00537	0.0	0.0	0.0002	0.0	0.0	0.0	0.00537	0.0	0.0	0.0	0.0	0.0	0.0	0.0	0.00015	6e-05	2e-05	6e-05	5e-05	7e-05	4e-05	4e-05	
5e-05	0.00011	4e-05	6e-05	2e-05	5e-05	0.00034	9e-05	0.00015	0.0	0.0	0.0	0.0	0.0	0.0	0.0002	0.0002	0.00078	0.0	0.0	0.0	0.00019	0.0	0.00011	0.0	0.0	0.0	0.0	0.0	0.0	0.0	0.00033	0.0	0.0	0.0	0.0	0.0	0.00016	0.00016	0.0	0.0	0.0	0.00016	0.0	0.0002	0.00025	0.0	0.00012	0.00018	0.0	0.0	0.00016	0.0	0.0	0.0	0.0	0.00024	0.00537	0.0	0.0	0.0002	0.0	0.0	0.0	0.00537	0.0	0.0	0.0	0.0	0.0	0.0	0.0	0.00015	6e-05	2e-05	6e-05	5e-05	7e-05	4e-05	4e-05	
5e-05	0.00011	4e-05	6e-05	2e-05	5e-05	0.00034	9e-05	0.00015	0.0	0.0	0.0	0.0	0.0	0.0	0.0002	0.0002	0.00078	0.0	0.0	0.0	0.00019	0.0	0.00011	0.0	0.0	0.0	0.0	0.0	0.0	0.0	0.00033	0.0	0.0	0.0	0.0	0.0	0.00016	0.00016	0.0	0.0	0.0	0.00016	0.0	0.0002	0.00025	0.0	0.00012	0.00018	0.0	0.0	0.00016	0.0	0.0	0.0	0.0	0.00024	0.00537	0.0	0.0	0.0002	0.0	0.0	0.0	0.00537	0.0	0.0	0.0	0.0	0.0	0.0	0.0	0.00015	6e-05	2e-05	6e-05	5e-05	7e-05	4e-05	4e-05	
5e-05	0.00011	4e-05	6e-05	2e-05	5e-05	0.00034	9e-05	0.00015	0.0	0.0	0.0	0.0	0.0	0.0	0.0002	0.0002	0.00078	0.0	0.0	0.0	0.00019	0.0	0.00011	0.0	0.0	0.0	0.0	0.0	0.0	0.0	0.00033	0.0	0.0	0.0	0.0	0.0	0.00016	0.00016	0.0	0.0	0.0	0.00016	0.0	0.0002	0.00025	0.0	0.00012	0.00018	0.0	0.0	0.00016	0.0	0.0	0.0	0.0	0.00024	0.00537	0.0	0.0	0.0002	0.0	0.0	0.0	0.00537	0.0	0.0	0.0	0.0	0.0	0.0	0.0	0.00015	6e-05	2e-05	6e-05	5e-05	7e-05	4e-05	4e-05	
0.17493	0.04168	0.15889	0.03071	0.03804	0.03471	0.02654	0.03462	0.02606	0.00016	0.0	0.0	0.00016	0.00016	0.00016	0.28732	0.02208	0.02463	0.00016	0.00016	0.00016	0.03766	0.00016	0.02153	0.00202	0.00016	0.00016	0.00016	0.00016	0.00016	0.00016	0.01031	0.00016	0.00016	0.00016	0.00016	0.00016	0.0	0.99963	0.00016	0.00016	0.00016	0.99963	0.00016	0.02208	0.04639	0.00016	0.13361	0.04258	0.00016	0.00016	0.99963	0.00016	0.00385	0.00016	0.00016	0.01492	0.01369	0.00016	0.00016	0.03368	0.00016	0.00016	0.00016	0.01369	0.00016	0.0046	0.0	0.00016	0.00016	0.00016	0.00016	0.02435	0.06882	0.06432	0.03137	0.05337	0.20469	0.03997	0.03843	
0.17493	0.04168	0.15889	0.03071	0.03804	0.03471	0.02654	0.03462	0.02606	0.00016	0.0	0.0	0.00016	0.00016	0.00016	0.28732	0.02208	0.02463	0.00016	0.00016	0.00016	0.03766	0.00016	0.02153	0.00202	0.00016	0.00016	0.00016	0.00016	0.00016	0.00016	0.01031	0.00016	0.00016	0.00016	0.00016	0.00016	0.99963	0.0	0.00016	0.00016	0.00016	0.99963	0.00016	0.02208	0.04639	0.00016	0.13361	0.04258	0.00016	0.00016	0.99963	0.00016	0.00385	0.00016	0.00016	0.01492	0.01369	0.00016	0.00016	0.03368	0.00016	0.00016	0.00016	0.01369	0.00016	0.0046	0.0	0.00016	0.00016	0.00016	0.00016	0.02435	0.06882	0.06432	0.03137	0.05337	0.20469	0.03997	0.03843	
5e-05	0.00011	4e-05	6e-05	2e-05	5e-05	0.00034	9e-05	0.00015	0.0	0.0	0.0	0.0	0.0	0.0	0.0002	0.0002	0.00078	0.0	0.0	0.0	0.00019	0.0	0.00011	0.0	0.0	0.0	0.0	0.0	0.0	0.0	0.00033	0.0	0.0	0.0	0.0	0.0	0.00016	0.00016	0.0	0.0	0.0	0.00016	0.0	0.0002	0.00025	0.0	0.00012	0.00018	0.0	0.0	0.00016	0.0	0.0	0.0	0.0	0.00024	0.00537	0.0	0.0	0.0002	0.0	0.0	0.0	0.00537	0.0	0.0	0.0	0.0	0.0	0.0	0.0	0.00015	6e-05	2e-05	6e-05	5e-05	7e-05	4e-05	4e-05	
5e-05	0.00011	4e-05	6e-05	2e-05	5e-05	0.00034	9e-05	0.00015	0.0	0.0	0.0	0.0	0.0	0.0	0.0002	0.0002	0.00078	0.0	0.0	0.0	0.00019	0.0	0.00011	0.0	0.0	0.0	0.0	0.0	0.0	0.0	0.00033	0.0	0.0	0.0	0.0	0.0	0.00016	0.00016	0.0	0.0	0.0	0.00016	0.0	0.0002	0.00025	0.0	0.00012	0.00018	0.0	0.0	0.00016	0.0	0.0	0.0	0.0	0.00024	0.00537	0.0	0.0	0.0002	0.0	0.0	0.0	0.00537	0.0	0.0	0.0	0.0	0.0	0.0	0.0	0.00015	6e-05	2e-05	6e-05	5e-05	7e-05	4e-05	4e-05	
5e-05	0.00011	4e-05	6e-05	2e-05	5e-05	0.00034	9e-05	0.00015	0.0	0.0	0.0	0.0	0.0	0.0	0.0002	0.0002	0.00078	0.0	0.0	0.0	0.00019	0.0	0.00011	0.0	0.0	0.0	0.0	0.0	0.0	0.0	0.00033	0.0	0.0	0.0	0.0	0.0	0.00016	0.00016	0.0	0.0	0.0	0.00016	0.0	0.0002	0.00025	0.0	0.00012	0.00018	0.0	0.0	0.00016	0.0	0.0	0.0	0.0	0.00024	0.00537	0.0	0.0	0.0002	0.0	0.0	0.0	0.00537	0.0	0.0	0.0	0.0	0.0	0.0	0.0	0.00015	6e-05	2e-05	6e-05	5e-05	7e-05	4e-05	4e-05	
0.17493	0.04168	0.15889	0.03071	0.03804	0.03471	0.02654	0.03462	0.02606	0.00016	0.0	0.0	0.00016	0.00016	0.00016	0.28732	0.02208	0.02463	0.00016	0.00016	0.00016	0.03766	0.00016	0.02153	0.00202	0.00016	0.00016	0.00016	0.00016	0.00016	0.00016	0.01031	0.00016	0.00016	0.00016	0.00016	0.00016	0.99963	0.99963	0.00016	0.00016	0.00016	0.0	0.00016	0.02208	0.04639	0.00016	0.13361	0.04258	0.00016	0.00016	0.99963	0.00016	0.00385	0.00016	0.00016	0.01492	0.01369	0.00016	0.00016	0.03368	0.00016	0.00016	0.00016	0.01369	0.00016	0.0046	0.0	0.00016	0.00016	0.00016	0.00016	0.02435	0.06882	0.06432	0.03137	0.05337	0.20469	0.03997	0.03843	
5e-05	0.00011	4e-05	6e-05	2e-05	5e-05	0.00034	9e-05	0.00015	0.0	0.0	0.0	0.0	0.0	0.0	0.0002	0.0002	0.00078	0.0	0.0	0.0	0.00019	0.0	0.00011	0.0	0.0	0.0	0.0	0.0	0.0	0.0	0.00033	0.0	0.0	0.0	0.0	0.0	0.00016	0.00016	0.0	0.0	0.0	0.00016	0.0	0.0002	0.00025	0.0	0.00012	0.00018	0.0	0.0	0.00016	0.0	0.0	0.0	0.0	0.00024	0.00537	0.0	0.0	0.0002	0.0	0.0	0.0	0.00537	0.0	0.0	0.0	0.0	0.0	0.0	0.0	0.00015	6e-05	2e-05	6e-05	5e-05	7e-05	4e-05	4e-05	
0.43929	0.04738	0.06193	0.03517	0.04415	0.52273	0.03015	0.04005	0.02964	0.0002	0.00188	0.00188	0.0002	0.0002	0.0002	0.0294	0.99979	0.0279	0.0002	0.0002	0.0002	0.28775	0.0002	0.02458	0.00121	0.0002	0.0002	0.0002	0.0002	0.0002	0.0002	0.01146	0.0002	0.0002	0.0002	0.0002	0.0002	0.02208	0.02208	0.0002	0.0002	0.0002	0.02208	0.0002	0.0	0.22678	0.0002	0.15884	0.04898	0.0002	0.0002	0.02208	0.0002	0.0	0.0002	0.0002	0.01672	0.01491	0.0002	0.0002	0.34856	0.0002	0.0002	0.0002	0.01491	0.0002	0.00343	0.0	0.0002	0.0002	0.0002	0.0002	0.9999	0.18914	0.17575	0.03521	0.36821	0.05204	0.04596	0.52435	
0.34981	0.09339	0.13658	0.08295	0.15295	0.33131	0.19369	0.07671	0.04245	0.00025	0.00655	0.00655	0.00025	0.00025	0.00025	0.07	0.22678	0.03585	0.00025	0.00025	0.00025	0.10249	0.00025	0.12139	0.00475	0.00025	0.00025	0.00025	0.00025	0.00025	0.00025	0.02068	0.00025	0.00025	0.00025	0.00025	0.00025	0.04639	0.04639	0.00025	0.00025	0.00025	0.04639	0.00025	0.22678	0.0	0.00025	0.10303	0.07761	0.00025	0.00025	0.04639	0.00025	0.05926	0.00025	0.00025	0.11461	0.0852	0.00025	0.00025	0.11235	0.00025	0.00025	0.00025	0.0852	0.00025	0.05448	0.0	0.00025	0.00025	0.00025	0.00025	0.38577	0.31985	0.20045	0.31477	0.27867	0.11152	0.08851	0.34308	
5e-05	0.00011	4e-05	6e-05	2e-05	5e-05	0.00034	9e-05	0.00015	0.0	0.0	0.0	0.0	0.0	0.0	0.0002	0.0002	0.00078	0.0	0.0	0.0	0.00019	0.0	0.00011	0.0	0.0	0.0	0.0	0.0	0.0	0.0	0.00033	0.0	0.0	0.0	0.0	0.0	0.00016	0.00016	0.0	0.0	0.0	0.00016	0.0	0.0002	0.00025	0.0	0.00012	0.00018	0.0	0.0	0.00016	0.0	0.0	0.0	0.0	0.00024	0.00537	0.0	0.0	0.0002	0.0	0.0	0.0	0.00537	0.0	0.0	0.0	0.0	0.0	0.0	0.0	0.00015	6e-05	2e-05	6e-05	5e-05	7e-05	4e-05	4e-05	
0.14473	0.13046	0.03518	0.12548	0.13621	0.15734	0.23817	0.05583	0.0244	0.00012	0.023	0.023	0.00012	0.00012	0.00012	0.06321	0.15884	0.03106	0.00012	0.00012	0.00012	0.02726	0.00012	0.06061	0.01518	0.00012	0.00012	0.00012	0.00012	0.00012	0.00012	0.0228	0.00012	0.00012	0.00012	0.00012	0.00012	0.13361	0.13361	0.00012	0.00012	0.00012	0.13361	0.00012	0.15884	0.10303	0.00012	0.0	0.13254	0.00012	0.00012	0.13361	0.00012	0.03372	0.00012	0.00012	0.03562	0.0277	0.00012	0.00012	0.31104	0.00012	0.00012	0.00012	0.0277	0.00012	0.00752	0.0	0.00012	0.00012	0.00012	0.00012	0.15593	0.07947	0.07763	0.09849	0.08342	0.03634	0.13767	0.16115	
0.15135	0.00557	0.03333	0.0761	0.16353	0.08831	0.0375	0.03617	0.00963	0.00018	0.00335	0.00335	0.00018	0.00018	0.00018	0.05977	0.04898	0.05502	0.00018	0.00018	0.00018	0.09127	0.00018	0.11797	0.00212	0.00018	0.00018	0.00018	0.00018	0.00018	0.00018	0.08461	0.00018	0.00018	0.00018	0.00018	0.00018	0.04258	0.04258	0.00018	0.00018	0.00018	0.04258	0.00018	0.04898	0.07761	0.00018	0.13254	0.0	0.00018	0.00018	0.04258	0.00018	0.005	0.00018	0.00018	0.0311	0.025	0.00018	0.00018	0.08012	0.00018	0.00018	0.00018	0.025	0.00018	0.02109	0.0	0.00018	0.00018	0.00018	0.00018	0.0546	0.1167	0.20375	0.1489	0.03531	0.13778	0.20865	0.0998	
5e-05	0.00011	4e-05	6e-05	2e-05	5e-05	0.00034	9e-05	0.00015	0.0	0.0	0.0	0.0	0.0	0.0	0.0002	0.0002	0.00078	0.0	0.0	0.0	0.00019	0.0	0.00011	0.0	0.0	0.0	0.0	0.0	0.0	0.0	0.00033	0.0	0.0	0.0	0.0	0.0	0.00016	0.00016	0.0	0.0	0.0	0.00016	0.0	0.0002	0.00025	0.0	0.00012	0.00018	0.0	0.0	0.00016	0.0	0.0	0.0	0.0	0.00024	0.00537	0.0	0.0	0.0002	0.0	0.0	0.0	0.00537	0.0	0.0	0.0	0.0	0.0	0.0	0.0	0.00015	6e-05	2e-05	6e-05	5e-05	7e-05	4e-05	4e-05	
5e-05	0.00011	4e-05	6e-05	2e-05	5e-05	0.00034	9e-05	0.00015	0.0	0.0	0.0	0.0	0.0	0.0	0.0002	0.0002	0.00078	0.0	0.0	0.0	0.00019	0.0	0.00011	0.0	0.0	0.0	0.0	0.0	0.0	0.0	0.00033	0.0	0.0	0.0	0.0	0.0	0.00016	0.00016	0.0	0.0	0.0	0.00016	0.0	0.0002	0.00025	0.0	0.00012	0.00018	0.0	0.0	0.00016	0.0	0.0	0.0	0.0	0.00024	0.00537	0.0	0.0	0.0002	0.0	0.0	0.0	0.00537	0.0	0.0	0.0	0.0	0.0	0.0	0.0	0.00015	6e-05	2e-05	6e-05	5e-05	7e-05	4e-05	4e-05	
0.17493	0.04168	0.15889	0.03071	0.03804	0.03471	0.02654	0.03462	0.02606	0.00016	0.0	0.0	0.00016	0.00016	0.00016	0.28732	0.02208	0.02463	0.00016	0.00016	0.00016	0.03766	0.00016	0.02153	0.00202	0.00016	0.00016	0.00016	0.00016	0.00016	0.00016	0.01031	0.00016	0.00016	0.00016	0.00016	0.00016	0.99963	0.99963	0.00016	0.00016	0.00016	0.99963	0.00016	0.02208	0.04639	0.00016	0.13361	0.04258	0.00016	0.00016	0.0	0.00016	0.00385	0.00016	0.00016	0.01492	0.01369	0.00016	0.00016	0.03368	0.00016	0.00016	0.00016	0.01369	0.00016	0.0046	0.0	0.00016	0.00016	0.00016	0.00016	0.02435	0.06882	0.06432	0.03137	0.05337	0.20469	0.03997	0.03843	
5e-05	0.00011	4e-05	6e-05	2e-05	5e-05	0.00034	9e-05	0.00015	0.0	0.0	0.0	0.0	0.0	0.0	0.0002	0.0002	0.00078	0.0	0.0	0.0	0.00019	0.0	0.00011	0.0	0.0	0.0	0.0	0.0	0.0	0.0	0.00033	0.0	0.0	0.0	0.0	0.0	0.00016	0.00016	0.0	0.0	0.0	0.00016	0.0	0.0002	0.00025	0.0	0.00012	0.00018	0.0	0.0	0.00016	0.0	0.0	0.0	0.0	0.00024	0.00537	0.0	0.0	0.0002	0.0	0.0	0.0	0.00537	0.0	0.0	0.0	0.0	0.0	0.0	0.0	0.00015	6e-05	2e-05	6e-05	5e-05	7e-05	4e-05	4e-05	
0.25165	0.00659	0.00934	0.00396	0.00477	0.34946	0.00559	0.00376	0.00346	0.0	0.0	0.0	0.0	0.0	0.0	0.00383	0.0	0.00767	0.0	0.0	0.0	0.09893	0.0	0.00237	0.0	0.0	0.0	0.0	0.0	0.0	0.0	0.00203	0.0	0.0	0.0	0.0	0.0	0.00385	0.00385	0.0	0.0	0.0	0.00385	0.0	0.0	0.05926	0.0	0.03372	0.005	0.0	0.0	0.00385	0.0	0.0	0.0	0.0	0.00229	0.01453	0.0	0.0	0.1449	0.0	0.0	0.0	0.01453	0.0	0.0	0.0	0.0	0.0	0.0	0.0	0.0	0.04554	0.04353	0.00495	0.16757	0.00773	0.0062	0.3539	
5e-05	0.00011	4e-05	6e-05	2e-05	5e-05	0.00034	9e-05	0.00015	0.0	0.0	0.0	0.0	0.0	0.0	0.0002	0.0002	0.00078	0.0	0.0	0.0	0.00019	0.0	0.00011	0.0	0.0	0.0	0.0	0.0	0.0	0.0	0.00033	0.0	0.0	0.0	0.0	0.0	0.00016	0.00016	0.0	0.0	0.0	0.00016	0.0	0.0002	0.00025	0.0	0.00012	0.00018	0.0	0.0	0.00016	0.0	0.0	0.0	0.0	0.00024	0.00537	0.0	0.0	0.0002	0.0	0.0	0.0	0.00537	0.0	0.0	0.0	0.0	0.0	0.0	0.0	0.00015	6e-05	2e-05	6e-05	5e-05	7e-05	4e-05	4e-05	
5e-05	0.00011	4e-05	6e-05	2e-05	5e-05	0.00034	9e-05	0.00015	0.0	0.0	0.0	0.0	0.0	0.0	0.0002	0.0002	0.00078	0.0	0.0	0.0	0.00019	0.0	0.00011	0.0	0.0	0.0	0.0	0.0	0.0	0.0	0.00033	0.0	0.0	0.0	0.0	0.0	0.00016	0.00016	0.0	0.0	0.0	0.00016	0.0	0.0002	0.00025	0.0	0.00012	0.00018	0.0	0.0	0.00016	0.0	0.0	0.0	0.0	0.00024	0.00537	0.0	0.0	0.0002	0.0	0.0	0.0	0.00537	0.0	0.0	0.0	0.0	0.0	0.0	0.0	0.00015	6e-05	2e-05	6e-05	5e-05	7e-05	4e-05	4e-05	
0.03802	0.03027	0.038	0.0222	0.27992	0.02494	0.01944	0.02496	0.01952	0.00024	0.00159	0.00159	0.00024	0.00024	0.00024	0.01954	0.01672	0.01866	0.00024	0.00024	0.00024	0.02767	0.00024	0.51525	0.00107	0.00024	0.00024	0.00024	0.00024	0.00024	0.00024	0.00823	0.00024	0.00024	0.00024	0.00024	0.00024	0.01492	0.01492	0.00024	0.00024	0.00024	0.01492	0.00024	0.01672	0.11461	0.00024	0.03562	0.0311	0.00024	0.00024	0.01492	0.00024	0.00229	0.00024	0.00024	0.0	0.01155	0.00024	0.00024	0.02489	0.00024	0.00024	0.00024	0.01155	0.00024	0.00282	0.0	0.00024	0.00024	0.00024	0.00024	0.01818	0.105	0.07379	0.5188	0.03757	0.03224	0.02846	0.02741	
0.04881	0.08168	0.05617	0.06663	0.04586	0.06007	0.07928	0.01985	0.01681	0.00537	0.01279	0.01279	0.00537	0.00537	0.00537	0.01947	0.01491	0.22981	0.00537	0.00537	0.00537	0.02254	0.00537	0.01378	0.01124	0.00537	0.00537	0.00537	0.00537	0.00537	0.00537	0.00945	0.00537	0.00537	0.00537	0.00537	0.00537	0.01369	0.01369	0.00537	0.00537	0.00537	0.01369	0.00537	0.01491	0.0852	0.00537	0.0277	0.025	0.00537	0.00537	0.01369	0.00537	0.01453	0.00537	0.00537	0.01155	0.0	0.00537	0.00537	0.02057	0.00537	0.00537	0.00537	1.00962	0.00537	0.01573	0.0	0.00537	0.00537	0.00537	0.00537	0.11495	0.04688	0.0422	0.07733	0.06012	0.05902	0.05671	0.05824	
5e-05	0.00011	4e-05	6e-05	2e-05	5e-05	0.00034	9e-05	0.00015	0.0	0.0	0.0	0.0	0.0	0.0	0.0002	0.0002	0.00078	0.0	0.0	0.0	0.00019	0.0	0.00011	0.0	0.0	0.0	0.0	0.0	0.0	0.0	0.00033	0.0	0.0	0.0	0.0	0.0	0.00016	0.00016	0.0	0.0	0.0	0.00016	0.0	0.0002	0.00025	0.0	0.00012	0.00018	0.0	0.0	0.00016	0.0	0.0	0.0	0.0	0.00024	0.00537	0.0	0.0	0.0002	0.0	0.0	0.0	0.00537	0.0	0.0	0.0	0.0	0.0	0.0	0.0	0.00015	6e-05	2e-05	6e-05	5e-05	7e-05	4e-05	4e-05	
5e-05	0.00011	4e-05	6e-05	2e-05	5e-05	0.00034	9e-05	0.00015	0.0	0.0	0.0	0.0	0.0	0.0	0.0002	0.0002	0.00078	0.0	0.0	0.0	0.00019	0.0	0.00011	0.0	0.0	0.0	0.0	0.0	0.0	0.0	0.00033	0.0	0.0	0.0	0.0	0.0	0.00016	0.00016	0.0	0.0	0.0	0.00016	0.0	0.0002	0.00025	0.0	0.00012	0.00018	0.0	0.0	0.00016	0.0	0.0	0.0	0.0	0.00024	0.00537	0.0	0.0	0.0002	0.0	0.0	0.0	0.00537	0.0	0.0	0.0	0.0	0.0	0.0	0.0	0.00015	6e-05	2e-05	6e-05	5e-05	7e-05	4e-05	4e-05	
0.23534	0.07767	0.10667	0.17408	0.07564	0.24561	0.04847	0.06468	0.06434	0.0002	0.00255	0.00255	0.0002	0.0002	0.0002	0.04613	0.34856	0.0791	0.0002	0.0002	0.0002	0.07653	0.0002	0.0389	0.05337	0.0002	0.0002	0.0002	0.0002	0.0002	0.0002	0.01655	0.0002	0.0002	0.0002	0.0002	0.0002	0.03368	0.03368	0.0002	0.0002	0.0002	0.03368	0.0002	0.34856	0.11235	0.0002	0.31104	0.08012	0.0002	0.0002	0.03368	0.0002	0.1449	0.0002	0.0002	0.02489	0.02057	0.0002	0.0002	0.0	0.0002	0.0002	0.0002	0.02057	0.0002	0.00477	0.0	0.0002	0.0002	0.0002	0.0002	0.34443	0.06664	0.064	0.0579	0.13126	0.08827	0.07774	0.24581	
5e-05	0.00011	4e-05	6e-05	2e-05	5e-05	0.00034	9e-05	0.00015	0.0	0.0	0.0	0.0	0.0	0.0	0.0002	0.0002	0.00078	0.0	0.0	0.0	0.00019	0.0	0.00011	0.0	0.0	0.0	0.0	0.0	0.0	0.0	0.00033	0.0	0.0	0.0	0.0	0.0	0.00016	0.00016	0.0	0.0	0.0	0.00016	0.0	0.0002	0.00025	0.0	0.00012	0.00018	0.0	0.0	0.00016	0.0	0.0	0.0	0.0	0.00024	0.00537	0.0	0.0	0.0002	0.0	0.0	0.0	0.00537	0.0	0.0	0.0	0.0	0.0	0.0	0.0	0.00015	6e-05	2e-05	6e-05	5e-05	7e-05	4e-05	4e-05	
5e-05	0.00011	4e-05	6e-05	2e-05	5e-05	0.00034	9e-05	0.00015	0.0	0.0	0.0	0.0	0.0	0.0	0.0002	0.0002	0.00078	0.0	0.0	0.0	0.00019	0.0	0.00011	0.0	0.0	0.0	0.0	0.0	0.0	0.0	0.00033	0.0	0.0	0.0	0.0	0.0	0.00016	0.00016	0.0	0.0	0.0	0.00016	0.0	0.0002	0.00025	0.0	0.00012	0.00018	0.0	0.0	0.00016	0.0	0.0	0.0	0.0	0.00024	0.00537	0.0	0.0	0.0002	0.0	0.0	0.0	0.00537	0.0	0.0	0.0	0.0	0.0	0.0	0.0	0.00015	6e-05	2e-05	6e-05	5e-05	7e-05	4e-05	4e-05	
5e-05	0.00011	4e-05	6e-05	2e-05	5e-05	0.00034	9e-05	0.00015	0.0	0.0	0.0	0.0	0.0	0.0	0.0002	0.0002	0.00078	0.0	0.0	0.0	0.00019	0.0	0.00011	0.0	0.0	0.0	0.0	0.0	0.0	0.0	0.00033	0.0	0.0	0.0	0.0	0.0	0.00016	0.00016	0.0	0.0	0.0	0.00016	0.0	0.0002	0.00025	0.0	0.00012	0.00018	0.0	0.0	0.00016	0.0	0.0	0.0	0.0	0.00024	0.00537	0.0	0.0	0.0002	0.0	0.0	0.0	0.00537	0.0	0.0	0.0	0.0	0.0	0.0	0.0	0.00015	6e-05	2e-05	6e-05	5e-05	7e-05	4e-05	4e-05	
0.04881	0.08168	0.05617	0.06663	0.04586	0.06007	0.07928	0.01985	0.01681	0.00537	0.01279	0.01279	0.00537	0.00537	0.00537	0.01947	0.01491	0.22981	0.00537	0.00537	0.00537	0.02254	0.00537	0.01378	0.01124	0.00537	0.00537	0.00537	0.00537	0.00537	0.00537	0.00945	0.00537	0.00537	0.00537	0.00537	0.00537	0.01369	0.01369	0.00537	0.00537	0.00537	0.01369	0.00537	0.01491	0.0852	0.00537	0.0277	0.025	0.00537	0.00537	0.01369	0.00537	0.01453	0.00537	0.00537	0.01155	1.00962	0.00537	0.00537	0.02057	0.00537	0.00537	0.00537	0.0	0.00537	0.01573	0.0	0.00537	0.00537	0.00537	0.00537	0.11495	0.04688	0.0422	0.07733	0.06012	0.05902	0.05671	0.05824	
5e-05	0.00011	4e-05	6e-05	2e-05	5e-05	0.00034	9e-05	0.00015	0.0	0.0	0.0	0.0	0.0	0.0	0.0002	0.0002	0.00078	0.0	0.0	0.0	0.00019	0.0	0.00011	0.0	0.0	0.0	0.0	0.0	0.0	0.0	0.00033	0.0	0.0	0.0	0.0	0.0	0.00016	0.00016	0.0	0.0	0.0	0.00016	0.0	0.0002	0.00025	0.0	0.00012	0.00018	0.0	0.0	0.00016	0.0	0.0	0.0	0.0	0.00024	0.00537	0.0	0.0	0.0002	0.0	0.0	0.0	0.00537	0.0	0.0	0.0	0.0	0.0	0.0	0.0	0.00015	6e-05	2e-05	6e-05	5e-05	7e-05	4e-05	4e-05	
0.01151	0.00212	0.08867	0.00488	0.00867	0.00552	0.00657	0.00469	0.00427	0.0	0.0	0.0	0.0	0.0	0.0	0.00475	0.00343	0.00881	0.0	0.0	0.0	0.00537	0.0	0.00295	0.0	0.0	0.0	0.0	0.0	0.0	0.0	0.0	0.0	0.0	0.0	0.0	0.0	0.0046	0.0046	0.0	0.0	0.0	0.0046	0.0	0.00343	0.05448	0.0	0.00752	0.02109	0.0	0.0	0.0046	0.0	0.0	0.0	0.0	0.00282	0.01573	0.0	0.0	0.00477	0.0	0.0	0.0	0.01573	0.0	0.0	0.0	0.0	0.0	0.0	0.0	0.00467	0.01457	0.01359	0.00605	0.13608	0.00939	0.00757	0.00694	
0.0	0.0	0.0	0.0	0.0	0.0	0.0	0.0	0.0	0.0	0.0	0.0	0.0	0.0	0.0	0.0	0.0	0.0	0.0	0.0	0.0	0.0	0.0	0.0	0.0	0.0	0.0	0.0	0.0	0.0	0.0	0.0	0.0	0.0	0.0	0.0	0.0	0.0	0.0	0.0	0.0	0.0	0.0	0.0	0.0	0.0	0.0	0.0	0.0	0.0	0.0	0.0	0.0	0.0	0.0	0.0	0.0	0.0	0.0	0.0	0.0	0.0	0.0	0.0	0.0	0.0	0.0	0.0	0.0	0.0	0.0	0.0	0.0	0.0	0.0	0.0	0.0	0.0	0.0	0.0	
5e-05	0.00011	4e-05	6e-05	2e-05	5e-05	0.00034	9e-05	0.00015	0.0	0.0	0.0	0.0	0.0	0.0	0.0002	0.0002	0.00078	0.0	0.0	0.0	0.00019	0.0	0.00011	0.0	0.0	0.0	0.0	0.0	0.0	0.0	0.00033	0.0	0.0	0.0	0.0	0.0	0.00016	0.00016	0.0	0.0	0.0	0.00016	0.0	0.0002	0.00025	0.0	0.00012	0.00018	0.0	0.0	0.00016	0.0	0.0	0.0	0.0	0.00024	0.00537	0.0	0.0	0.0002	0.0	0.0	0.0	0.00537	0.0	0.0	0.0	0.0	0.0	0.0	0.0	0.00015	6e-05	2e-05	6e-05	5e-05	7e-05	4e-05	4e-05	
5e-05	0.00011	4e-05	6e-05	2e-05	5e-05	0.00034	9e-05	0.00015	0.0	0.0	0.0	0.0	0.0	0.0	0.0002	0.0002	0.00078	0.0	0.0	0.0	0.00019	0.0	0.00011	0.0	0.0	0.0	0.0	0.0	0.0	0.0	0.00033	0.0	0.0	0.0	0.0	0.0	0.00016	0.00016	0.0	0.0	0.0	0.00016	0.0	0.0002	0.00025	0.0	0.00012	0.00018	0.0	0.0	0.00016	0.0	0.0	0.0	0.0	0.00024	0.00537	0.0	0.0	0.0002	0.0	0.0	0.0	0.00537	0.0	0.0	0.0	0.0	0.0	0.0	0.0	0.00015	6e-05	2e-05	6e-05	5e-05	7e-05	4e-05	4e-05	
5e-05	0.00011	4e-05	6e-05	2e-05	5e-05	0.00034	9e-05	0.00015	0.0	0.0	0.0	0.0	0.0	0.0	0.0002	0.0002	0.00078	0.0	0.0	0.0	0.00019	0.0	0.00011	0.0	0.0	0.0	0.0	0.0	0.0	0.0	0.00033	0.0	0.0	0.0	0.0	0.0	0.00016	0.00016	0.0	0.0	0.0	0.00016	0.0	0.0002	0.00025	0.0	0.00012	0.00018	0.0	0.0	0.00016	0.0	0.0	0.0	0.0	0.00024	0.00537	0.0	0.0	0.0002	0.0	0.0	0.0	0.00537	0.0	0.0	0.0	0.0	0.0	0.0	0.0	0.00015	6e-05	2e-05	6e-05	5e-05	7e-05	4e-05	4e-05	
5e-05	0.00011	4e-05	6e-05	2e-05	5e-05	0.00034	9e-05	0.00015	0.0	0.0	0.0	0.0	0.0	0.0	0.0002	0.0002	0.00078	0.0	0.0	0.0	0.00019	0.0	0.00011	0.0	0.0	0.0	0.0	0.0	0.0	0.0	0.00033	0.0	0.0	0.0	0.0	0.0	0.00016	0.00016	0.0	0.0	0.0	0.00016	0.0	0.0002	0.00025	0.0	0.00012	0.00018	0.0	0.0	0.00016	0.0	0.0	0.0	0.0	0.00024	0.00537	0.0	0.0	0.0002	0.0	0.0	0.0	0.00537	0.0	0.0	0.0	0.0	0.0	0.0	0.0	0.00015	6e-05	2e-05	6e-05	5e-05	7e-05	4e-05	4e-05	
0.4388	0.04688	0.06153	0.03508	0.04408	0.5226	0.03005	0.04443	0.0326	0.00015	0.00267	0.00267	0.00015	0.00015	0.00015	0.03298	0.9999	0.03216	0.00015	0.00015	0.00015	0.28372	0.00015	0.02686	0.0018	0.00015	0.00015	0.00015	0.00015	0.00015	0.00015	0.01241	0.00015	0.00015	0.00015	0.00015	0.00015	0.02435	0.02435	0.00015	0.00015	0.00015	0.02435	0.00015	0.9999	0.38577	0.00015	0.15593	0.0546	0.00015	0.00015	0.02435	0.00015	0.0	0.00015	0.00015	0.01818	0.11495	0.00015	0.00015	0.34443	0.00015	0.00015	0.00015	0.11495	0.00015	0.00467	0.0	0.00015	0.00015	0.00015	0.00015	0.0	0.18821	0.17488	0.03414	0.36619	0.05163	0.04556	0.52376	
0.25658	0.0944	0.18888	0.16553	0.26029	0.30298	0.04345	0.19655	0.10093	6e-05	0.00951	0.00951	6e-05	6e-05	6e-05	0.15399	0.18914	0.05844	6e-05	6e-05	6e-05	0.21099	6e-05	0.24834	0.00642	6e-05	6e-05	6e-05	6e-05	6e-05	6e-05	0.03018	6e-05	6e-05	6e-05	6e-05	6e-05	0.06882	0.06882	6e-05	6e-05	6e-05	0.06882	6e-05	0.18914	0.31985	6e-05	0.07947	0.1167	6e-05	6e-05	0.06882	6e-05	0.04554	6e-05	6e-05	0.105	0.04688	6e-05	6e-05	0.06664	6e-05	6e-05	6e-05	0.04688	6e-05	0.01457	0.0	6e-05	6e-05	6e-05	6e-05	0.18821	0.0	0.60628	0.27595	0.33085	0.11504	0.20496	0.37607	
0.28876	0.12789	0.09148	0.16817	0.33814	0.47925	0.06821	0.19085	0.09473	2e-05	0.00751	0.00751	2e-05	2e-05	2e-05	0.16366	0.17575	0.05437	2e-05	2e-05	2e-05	0.57421	2e-05	0.34726	0.00491	2e-05	2e-05	2e-05	2e-05	2e-05	2e-05	0.02794	2e-05	2e-05	2e-05	2e-05	2e-05	0.06432	0.06432	2e-05	2e-05	2e-05	0.06432	2e-05	0.17575	0.20045	2e-05	0.07763	0.20375	2e-05	2e-05	0.06432	2e-05	0.04353	2e-05	2e-05	0.07379	0.0422	2e-05	2e-05	0.064	2e-05	2e-05	2e-05	0.0422	2e-05	0.01359	0.0	2e-05	2e-05	2e-05	2e-05	0.17488	0.60628	0.0	0.36693	0.15269	0.18563	0.26426	0.47777	
0.07915	0.05511	0.07679	0.04678	0.42776	0.05421	0.16928	0.05436	0.0366	6e-05	0.00348	0.00348	6e-05	6e-05	6e-05	0.04453	0.03521	0.02833	6e-05	6e-05	6e-05	0.06629	6e-05	1.00437	0.00234	6e-05	6e-05	6e-05	6e-05	6e-05	6e-05	0.01485	6e-05	6e-05	6e-05	6e-05	6e-05	0.03137	0.03137	6e-05	6e-05	6e-05	0.03137	6e-05	0.03521	0.31477	6e-05	0.09849	0.1489	6e-05	6e-05	0.03137	6e-05	0.00495	6e-05	6e-05	0.5188	0.07733	6e-05	6e-05	0.0579	6e-05	6e-05	6e-05	0.07733	6e-05	0.00605	0.0	6e-05	6e-05	6e-05	6e-05	0.03414	0.27595	0.36693	0.0	0.12038	0.06328	0.33963	0.0529	
0.28627	0.13471	0.30456	0.08601	0.13679	0.28348	0.15163	0.08829	0.0471	5e-05	0.00655	0.00655	5e-05	5e-05	5e-05	0.08255	0.36821	0.0419	5e-05	5e-05	5e-05	0.1085	5e-05	0.10793	0.00437	5e-05	5e-05	5e-05	5e-05	5e-05	5e-05	0.11076	5e-05	5e-05	5e-05	5e-05	5e-05	0.05337	0.05337	5e-05	5e-05	5e-05	0.05337	5e-05	0.36821	0.27867	5e-05	0.08342	0.03531	5e-05	5e-05	0.05337	5e-05	0.16757	5e-05	5e-05	0.03757	0.06012	5e-05	5e-05	0.13126	5e-05	5e-05	5e-05	0.06012	5e-05	0.13608	0.0	5e-05	5e-05	5e-05	5e-05	0.36619	0.33085	0.15269	0.12038	0.0	0.12183	0.20072	0.28072	
0.51764	0.17068	0.64897	0.19678	0.18151	0.19571	0.05239	0.19811	0.06414	7e-05	0.04476	0.04476	7e-05	7e-05	7e-05	0.69534	0.05204	0.04328	7e-05	7e-05	7e-05	0.0496	7e-05	0.05392	0.00379	7e-05	7e-05	7e-05	7e-05	7e-05	7e-05	0.02077	7e-05	7e-05	7e-05	7e-05	7e-05	0.20469	0.20469	7e-05	7e-05	7e-05	0.20469	7e-05	0.05204	0.11152	7e-05	0.03634	0.13778	7e-05	7e-05	0.20469	7e-05	0.00773	7e-05	7e-05	0.03224	0.05902	7e-05	7e-05	0.08827	7e-05	7e-05	7e-05	0.05902	7e-05	0.00939	0.0	7e-05	7e-05	7e-05	7e-05	0.05163	0.11504	0.18563	0.06328	0.12183	0.0	0.19574	0.19545	
0.193	0.22438	0.17042	0.38007	0.35669	0.36674	0.16815	0.36408	0.0584	4e-05	0.00438	0.00438	4e-05	4e-05	4e-05	0.50065	0.04596	0.03867	4e-05	4e-05	4e-05	0.203	4e-05	0.16513	0.00297	4e-05	4e-05	4e-05	4e-05	4e-05	4e-05	0.01831	4e-05	4e-05	4e-05	4e-05	4e-05	0.03997	0.03997	4e-05	4e-05	4e-05	0.03997	4e-05	0.04596	0.08851	4e-05	0.13767	0.20865	4e-05	4e-05	0.03997	4e-05	0.0062	4e-05	4e-05	0.02846	0.05671	4e-05	4e-05	0.07774	4e-05	4e-05	4e-05	0.05671	4e-05	0.00757	0.0	4e-05	4e-05	4e-05	4e-05	0.04556	0.20496	0.26426	0.33963	0.20072	0.19574	0.0	0.36645	
