0.0	0.09096	0.01662	0.03862	6e-05	0.09533	0.03043	6e-05	6e-05	6e-05	6e-05	6e-05	6e-05	0.02988	0.05068	0.06187	0.0	0.02987	6e-05	6e-05	6e-05	6e-05	0.02987	6e-05	0.0	6e-05	0.02987	0.0185	6e-05	6e-05	0.04286	6e-05	6e-05	6e-05	6e-05	6e-05	6e-05	0.01684	0.01123	0.23211	6e-05	0.159	0.0185	0.08501	0.01123	6e-05	6e-05	0.01273	0.01669	0.01273	0.04941	6e-05	6e-05	6e-05	6e-05	6e-05	6e-05	6e-05	0.1594	0.03685	0.02383	0.38744	0.38744	0.26933	0.28277	0.01719	0.02816	0.04643	0.19602	0.0198	0.05684	0.14135	0.03594	0.03957	0.0225	0.01833	6e-05	6e-05	6e-05	6e-05	6e-05	0.10775	0.02988	0.03344	0.36218	
0.09096	0.0	0.01431	0.10586	0.00011	0.07746	0.06225	0.00011	0.00011	0.00011	0.00011	0.00011	0.00011	0.02524	0.14899	0.25574	0.0	0.02523	0.00011	0.00011	0.00011	0.00011	0.02523	0.00011	0.0	0.00011	0.02523	0.01588	0.00011	0.00011	0.14654	0.00011	0.00011	0.00011	0.00011	0.00011	0.00011	0.44846	0.00978	0.01528	0.00011	0.03281	0.01588	0.02677	0.00978	0.00011	0.00011	0.01105	0.01439	0.01105	0.0412	0.00011	0.00011	0.00011	0.00011	0.00011	0.00011	0.00011	0.21552	0.03091	0.02011	0.01432	0.01432	0.04731	0.05742	0.01479	0.0237	0.15113	0.28637	0.01701	0.04249	0.041	0.03023	0.05128	0.05552	0.04979	0.00011	0.00011	0.00011	0.00011	0.00011	0.08484	0.02524	0.3143	0.16422	
0.01662	0.01431	0.0	0.05094	0.00019	0.07203	0.09204	0.00019	0.00019	0.00019	0.00019	0.00019	0.00019	0.31724	0.02539	0.02488	0.0	0.31722	0.00019	0.00019	0.00019	0.00019	0.31722	0.00019	0.0	0.00019	0.31722	0.00998	0.00019	0.00019	0.18866	0.00019	0.00019	0.00019	0.00019	0.00019	0.00019	0.00923	0.00668	0.00964	0.00019	0.01702	0.00998	0.0155	0.00668	0.00019	0.00019	0.00739	0.00924	0.00739	0.021	0.00019	0.00019	0.00019	0.00019	0.00019	0.00019	0.00019	0.01272	0.0172	0.01145	0.00915	0.00915	0.02216	0.03129	0.00939	0.01338	0.08645	0.00904	0.0105	0.02151	0.02203	0.017	0.25192	0.00221	0.00466	0.00019	0.00019	0.00019	0.00019	0.00019	0.04186	0.31724	0.01483	0.16363	
0.03862	0.10586	0.05094	0.0	8e-05	0.03043	0.01272	8e-05	8e-05	8e-05	8e-05	8e-05	8e-05	0.09692	0.04455	0.06812	0.0	0.09691	8e-05	8e-05	8e-05	8e-05	0.09691	8e-05	0.0	8e-05	0.09691	0.05921	8e-05	8e-05	0.14713	8e-05	8e-05	8e-05	8e-05	8e-05	8e-05	0.05167	0.03361	0.05679	8e-05	0.14224	0.05921	0.107	0.03361	8e-05	8e-05	0.03973	0.05291	0.03837	0.16137	8e-05	8e-05	8e-05	8e-05	8e-05	8e-05	8e-05	0.07966	0.01681	0.07206	0.05286	0.05286	0.14046	0.30928	0.05283	0.08309	0.0261	0.04807	0.0527	0.08135	0.01945	0.00356	0.10921	6e-05	0.00298	8e-05	8e-05	8e-05	8e-05	8e-05	0.5433	0.09692	0.09879	0.13521	
6e-05	0.00011	0.00019	8e-05	0.0	8e-05	9e-05	0.0	0.0	0.0	0.0	0.0	0.0	0.00013	0.00033	0.00027	0.0	0.00011	0.0	0.0	0.0	0.0	0.00011	0.0	0.0	0.0	0.00011	0.00023	0.0	0.0	9e-05	0.0	0.0	0.0	0.0	0.0	0.0	0.00017	0.00024	0.00016	0.0	0.00014	0.00023	0.00067	0.00024	0.0	0.0	0.00021	0.00036	0.00021	0.00032	0.0	0.0	0.0	0.0	0.0	0.0	0.0	0.00049	0.0001	6e-05	0.00017	0.00017	1e-05	5e-05	0.00017	0.00086	9e-05	0.0008	0.00019	0.00012	0.00024	0.00021	0.00053	0.0	0.0	0.0	0.0	0.0	0.0	0.0	0.00058	0.00013	7e-05	0.0001	
0.09533	0.07746	0.07203	0.03043	8e-05	0.0	0.00044	8e-05	8e-05	8e-05	8e-05	8e-05	8e-05	0.14056	0.05221	0.12777	0.0	0.14055	8e-05	8e-05	8e-05	8e-05	0.14055	8e-05	0.0	8e-05	0.14055	0.04285	8e-05	8e-05	0.02975	8e-05	8e-05	8e-05	8e-05	8e-05	8e-05	0.03884	0.04714	0.04114	8e-05	0.03153	0.04285	0.00269	0.04714	8e-05	8e-05	0.02902	0.07218	0.02902	0.02206	8e-05	8e-05	8e-05	8e-05	8e-05	8e-05	8e-05	0.08515	0.0898	0.05649	0.03836	0.03836	0.14106	0.17395	0.07477	0.13125	0.06726	0.03624	0.09686	0.03052	0.05124	0.00732	0.06772	0.00081	0.00023	8e-05	8e-05	8e-05	8e-05	8e-05	0.01151	0.14056	0.08164	0.13726	
0.03043	0.06225	0.09204	0.01272	9e-05	0.00044	0.0	9e-05	9e-05	9e-05	9e-05	9e-05	9e-05	0.18353	0.14236	0.12725	0.0	0.18352	9e-05	9e-05	9e-05	9e-05	0.18352	9e-05	0.0	9e-05	0.18352	0.10376	9e-05	9e-05	0.05085	9e-05	9e-05	9e-05	9e-05	9e-05	9e-05	0.03191	0.02108	0.09934	9e-05	0.1144	0.10376	0.01036	0.02108	9e-05	9e-05	0.02396	0.03158	0.02396	0.06215	9e-05	9e-05	9e-05	9e-05	9e-05	9e-05	9e-05	0.0518	0.00333	0.09773	0.03152	0.03152	0.16729	0.08306	0.0326	0.09593	0.11621	0.02985	0.03812	0.08409	0.10016	0.19274	0.16142	0.00646	0.01439	9e-05	9e-05	9e-05	9e-05	9e-05	0.00035	0.18353	0.10534	0.15364	
6e-05	0.00011	0.00019	8e-05	0.0	8e-05	9e-05	0.0	0.0	0.0	0.0	0.0	0.0	0.00013	0.00033	0.00027	0.0	0.00011	0.0	0.0	0.0	0.0	0.00011	0.0	0.0	0.0	0.00011	0.00023	0.0	0.0	9e-05	0.0	0.0	0.0	0.0	0.0	0.0	0.00017	0.00024	0.00016	0.0	0.00014	0.00023	0.00067	0.00024	0.0	0.0	0.00021	0.00036	0.00021	0.00032	0.0	0.0	0.0	0.0	0.0	0.0	0.0	0.00049	0.0001	6e-05	0.00017	0.00017	1e-05	5e-05	0.00017	0.00086	9e-05	0.0008	0.00019	0.00012	0.00024	0.00021	0.00053	0.0	0.0	0.0	0.0	0.0	0.0	0.0	0.00058	0.00013	7e-05	0.0001	
6e-05	0.00011	0.00019	8e-05	0.0	8e-05	9e-05	0.0	0.0	0.0	0.0	0.0	0.0	0.00013	0.00033	0.00027	0.0	0.00011	0.0	0.0	0.0	0.0	0.00011	0.0	0.0	0.0	0.00011	0.00023	0.0	0.0	9e-05	0.0	0.0	0.0	0.0	0.0	0.0	0.00017	0.00024	0.00016	0.0	0.00014	0.00023	0.00067	0.00024	0.0	0.0	0.00021	0.00036	0.00021	0.00032	0.0	0.0	0.0	0.0	0.0	0.0	0.0	0.00049	0.0001	6e-05	0.00017	0.00017	1e-05	5e-05	0.00017	0.00086	9e-05	0.0008	0.00019	0.00012	0.00024	0.00021	0.00053	0.0	0.0	0.0	0.0	0.0	0.0	0.0	0.00058	0.00013	7e-05	0.0001	
6e-05	0.00011	0.00019	8e-05	0.0	8e-05	9e-05	0.0	0.0	0.0	0.0	0.0	0.0	0.00013	0.00033	0.00027	0.0	0.00011	0.0	0.0	0.0	0.0	0.00011	0.0	0.0	0.0	0.00011	0.00023	0.0	0.0	9e-05	0.0	0.0	0.0	0.0	0.0	0.0	0.00017	0.00024	0.00016	0.0	0.00014	0.00023	0.00067	0.00024	0.0	0.0	0.00021	0.00036	0.00021	0.00032	0.0	0.0	0.0	0.0	0.0	0.0	0.0	0.00049	0.0001	6e-05	0.00017	0.00017	1e-05	5e-05	0.00017	0.00086	9e-05	0.0008	0.00019	0.00012	0.00024	0.00021	0.00053	0.0	0.0	0.0	0.0	0.0	0.0	0.0	0.00058	0.00013	7e-05	0.0001	
6e-05	0.00011	0.00019	8e-05	0.0	8e-05	9e-05	0.0	0.0	0.0	0.0	0.0	0.0	0.00013	0.00033	0.00027	0.0	0.00011	0.0	0.0	0.0	0.0	0.00011	0.0	0.0	0.0	0.00011	0.00023	0.0	0.0	9e-05	0.0	0.0	0.0	0.0	0.0	0.0	0.00017	0.00024	0.00016	0.0	0.00014	0.00023	0.00067	0.00024	0.0	0.0	0.00021	0.00036	0.00021	0.00032	0.0	0.0	0.0	0.0	0.0	0.0	0.0	0.00049	0.0001	6e-05	0.00017	0.00017	1e-05	5e-05	0.00017	0.00086	9e-05	0.0008	0.00019	0.00012	0.00024	0.00021	0.00053	0.0	0.0	0.0	0.0	0.0	0.0	0.0	0.00058	0.00013	7e-05	0.0001	
6e-05	0.00011	0.00019	8e-05	0.0	8e-05	9e-05	0.0	0.0	0.0	0.0	0.0	0.0	0.00013	0.00033	0.00027	0.0	0.00011	0.0	0.0	0.0	0.0	0.00011	0.0	0.0	0.0	0.00011	0.00023	0.0	0.0	9e-05	0.0	0.0	0.0	0.0	0.0	0.0	0.00017	0.00024	0.00016	0.0	0.00014	0.00023	0.00067	0.00024	0.0	0.0	0.00021	0.00036	0.00021	0.00032	0.0	0.0	0.0	0.0	0.0	0.0	0.0	0.00049	0.0001	6e-05	0.00017	0.00017	1e-05	5e-05	0.00017	0.00086	9e-05	0.0008	0.00019	0.00012	0.00024	0.00021	0.00053	0.0	0.0	0.0	0.0	0.0	0.0	0.0	0.00058	0.00013	7e-05	0.0001	
6e-05	0.00011	0.00019	8e-05	0.0	8e-05	9e-05	0.0	0.0	0.0	0.0	0.0	0.0	0.00013	0.00033	0.00027	0.0	0.00011	0.0	0.0	0.0	0.0	0.00011	0.0	0.0	0.0	0.00011	0.00023	0.0	0.0	9e-05	0.0	0.0	0.0	0.0	0.0	0.0	0.00017	0.00024	0.00016	0.0	0.00014	0.00023	0.00067	0.00024	0.0	0.0	0.00021	0.00036	0.00021	0.00032	0.0	0.0	0.0	0.0	0.0	0.0	0.0	0.00049	0.0001	6e-05	0.00017	0.00017	1e-05	5e-05	0.00017	0.00086	9e-05	0.0008	0.00019	0.00012	0.00024	0.00021	0.00053	0.0	0.0	0.0	0.0	0.0	0.0	0.0	0.00058	0.00013	7e-05	0.0001	
0.02988	0.02524	0.31724	0.09692	0.00013	0.14056	0.18353	0.00013	0.00013	0.00013	0.00013	0.00013	0.00013	0.0	0.04864	0.04622	0.0	0.99978	0.00013	0.00013	0.00013	0.00013	0.99978	0.00013	0.0	0.00013	0.99978	0.01603	0.00013	0.00013	0.42363	0.00013	0.00013	0.00013	0.00013	0.00013	0.00013	0.01471	0.01019	0.01546	0.00013	0.03066	0.01603	0.02611	0.01019	0.00013	0.00013	0.01142	0.01463	0.01142	0.03822	0.00013	0.00013	0.00013	0.00013	0.00013	0.00013	0.00013	0.02177	0.02978	0.01954	0.01456	0.01456	0.04182	0.05881	0.01499	0.21882	0.18204	0.01404	0.0169	0.03931	0.03889	0.08079	0.15354	0.00287	0.00622	0.00013	0.00013	0.00013	0.00013	0.00013	0.07814	0.9998	0.02631	0.46387	
0.05068	0.14899	0.02539	0.04455	0.00033	0.05221	0.14236	0.00033	0.00033	0.00033	0.00033	0.00033	0.00033	0.04864	0.0	0.20968	0.0	0.0499	0.00048	0.00048	0.00048	0.00048	0.0499	0.00048	0.0	0.00048	0.0499	0.02925	0.00048	0.00048	0.0314	0.00048	0.00048	0.00048	0.00048	0.00048	0.00048	0.08779	0.07567	0.02806	0.00048	0.07205	0.02925	0.03479	0.07567	0.00048	0.00048	0.01956	0.02609	0.01956	0.04483	0.00048	0.00048	0.00048	0.00048	0.00048	0.00048	0.00048	0.08988	0.06327	0.04001	0.0261	0.0261	0.21508	0.16669	0.2217	0.09777	0.12925	0.0806	0.24681	0.12401	0.13301	0.05403	0.16953	0.06778	0.08111	0.00048	0.00048	0.00048	0.00048	0.00048	0.02972	0.04864	0.06826	0.11885	
0.06187	0.25574	0.02488	0.06812	0.00027	0.12777	0.12725	0.00027	0.00027	0.00027	0.00027	0.00027	0.00027	0.04622	0.20968	0.0	0.0	0.04371	5e-05	5e-05	5e-05	5e-05	0.04371	5e-05	0.0	5e-05	0.04371	0.02627	5e-05	5e-05	0.14143	5e-05	5e-05	5e-05	5e-05	5e-05	5e-05	0.30352	0.06613	0.02525	5e-05	0.06029	0.02627	0.02522	0.06613	5e-05	5e-05	0.01778	0.02353	0.01778	0.02377	5e-05	5e-05	5e-05	5e-05	5e-05	5e-05	5e-05	0.03947	0.05466	0.06951	0.02354	0.02354	0.15815	0.14379	0.10817	0.105	0.11107	0.02217	0.15811	0.02798	0.03097	0.04861	0.10833	0.0043	0.00291	5e-05	5e-05	5e-05	5e-05	5e-05	0.04023	0.04622	0.18912	0.07417	
0.0	0.0	0.0	0.0	0.0	0.0	0.0	0.0	0.0	0.0	0.0	0.0	0.0	0.0	0.0	0.0	0.0	0.0	0.0	0.0	0.0	0.0	0.0	0.0	0.0	0.0	0.0	0.0	0.0	0.0	0.0	0.0	0.0	0.0	0.0	0.0	0.0	0.0	0.0	0.0	0.0	0.0	0.0	0.0	0.0	0.0	0.0	0.0	0.0	0.0	0.0	0.0	0.0	0.0	0.0	0.0	0.0	0.0	0.0	0.0	0.0	0.0	0.0	0.0	0.0	0.0	0.0	0.0	0.0	0.0	0.0	0.0	0.0	0.0	0.0	0.0	0.0	0.0	0.0	0.0	0.0	0.0	0.0	0.0	0.0	
0.02987	0.02523	0.31722	0.09691	0.00011	0.14055	0.18352	0.00011	0.00011	0.00011	0.00011	0.00011	0.00011	0.99978	0.0499	0.04371	0.0	0.0	0.00018	0.00018	0.00018	0.00018	0.9999	0.00018	0.0	0.00018	0.9999	0.01537	0.00018	0.00018	0.42587	0.00018	0.00018	0.00018	0.00018	0.00018	0.00018	0.01416	0.00982	0.01487	0.00018	0.02924	0.01537	0.02477	0.00982	0.00018	0.00018	0.01101	0.01399	0.01101	0.03624	0.00018	0.00018	0.00018	0.00018	0.00018	0.00018	0.00018	0.0207	0.0285	0.01877	0.01401	0.01401	0.04216	0.05945	0.01443	0.21914	0.18328	0.01335	0.01605	0.03721	0.03676	0.08243	0.15182	0.00391	0.00772	0.00018	0.00018	0.00018	0.00018	0.00018	0.07287	0.99978	0.0263	0.46387	
6e-05	0.00011	0.00019	8e-05	0.0	8e-05	9e-05	0.0	0.0	0.0	0.0	0.0	0.0	0.00013	0.00048	5e-05	0.0	0.00018	0.0	0.0	0.0	0.0	0.00018	0.0	0.0	0.0	0.00018	0.00015	0.0	0.0	0.00018	0.0	0.0	0.0	0.0	0.0	0.0	0.00022	0.00028	0.00021	0.0	4e-05	0.00015	0.00022	0.00028	0.0	0.0	0.00026	0.00017	0.00026	6e-05	0.0	0.0	0.0	0.0	0.0	0.0	0.0	0.00016	0.00017	0.00012	0.00022	0.00022	1e-05	5e-05	0.00022	0.00048	0.00011	0.00038	0.00019	7e-05	8e-05	0.0001	0.00016	0.0	0.0	0.0	0.0	0.0	0.0	0.0	5e-05	0.00013	7e-05	0.0001	
6e-05	0.00011	0.00019	8e-05	0.0	8e-05	9e-05	0.0	0.0	0.0	0.0	0.0	0.0	0.00013	0.00048	5e-05	0.0	0.00018	0.0	0.0	0.0	0.0	0.00018	0.0	0.0	0.0	0.00018	0.00015	0.0	0.0	0.00018	0.0	0.0	0.0	0.0	0.0	0.0	0.00022	0.00028	0.00021	0.0	4e-05	0.00015	0.00022	0.00028	0.0	0.0	0.00026	0.00017	0.00026	6e-05	0.0	0.0	0.0	0.0	0.0	0.0	0.0	0.00016	0.00017	0.00012	0.00022	0.00022	1e-05	5e-05	0.00022	0.00048	0.00011	0.00038	0.00019	7e-05	8e-05	0.0001	0.00016	0.0	0.0	0.0	0.0	0.0	0.0	0.0	5e-05	0.00013	7e-05	0.0001	
6e-05	0.00011	0.00019	8e-05	0.0	8e-05	9e-05	0.0	0.0	0.0	0.0	0.0	0.0	0.00013	0.00048	5e-05	0.0	0.00018	0.0	0.0	0.0	0.0	0.00018	0.0	0.0	0.0	0.00018	0.00015	0.0	0.0	0.00018	0.0	0.0	0.0	0.0	0.0	0.0	0.00022	0.00028	0.00021	0.0	4e-05	0.00015	0.00022	0.00028	0.0	0.0	0.00026	0.00017	0.00026	6e-05	0.0	0.0	0.0	0.0	0.0	0.0	0.0	0.00016	0.00017	0.00012	0.00022	0.00022	1e-05	5e-05	0.00022	0.00048	0.00011	0.00038	0.00019	7e-05	8e-05	0.0001	0.00016	0.0	0.0	0.0	0.0	0.0	0.0	0.0	5e-05	0.00013	7e-05	0.0001	
6e-05	0.00011	0.00019	8e-05	0.0	8e-05	9e-05	0.0	0.0	0.0	0.0	0.0	0.0	0.00013	0.00048	5e-05	0.0	0.00018	0.0	0.0	0.0	0.0	0.00018	0.0	0.0	0.0	0.00018	0.00015	0.0	0.0	0.00018	0.0	0.0	0.0	0.0	0.0	0.0	0.00022	0.00028	0.00021	0.0	4e-05	0.00015	0.00022	0.00028	0.0	0.0	0.00026	0.00017	0.00026	6e-05	0.0	0.0	0.0	0.0	0.0	0.0	0.0	0.00016	0.00017	0.00012	0.00022	0.00022	1e-05	5e-05	0.00022	0.00048	0.00011	0.00038	0.00019	7e-05	8e-05	0.0001	0.00016	0.0	0.0	0.0	0.0	0.0	0.0	0.0	5e-05	0.00013	7e-05	0.0001	
0.02987	0.02523	0.31722	0.09691	0.00011	0.14055	0.18352	0.00011	0.00011	0.00011	0.00011	0.00011	0.00011	0.99978	0.0499	0.04371	0.0	0.9999	0.00018	0.00018	0.00018	0.00018	0.0	0.00018	0.0	0.00018	0.9999	0.01537	0.00018	0.00018	0.42587	0.00018	0.00018	0.00018	0.00018	0.00018	0.00018	0.01416	0.00982	0.01487	0.00018	0.02924	0.01537	0.02477	0.00982	0.00018	0.00018	0.01101	0.01399	0.01101	0.03624	0.00018	0.00018	0.00018	0.00018	0.00018	0.00018	0.00018	0.0207	0.0285	0.01877	0.01401	0.01401	0.04216	0.05945	0.01443	0.21914	0.18328	0.01335	0.01605	0.03721	0.03676	0.08243	0.15182	0.00391	0.00772	0.00018	0.00018	0.00018	0.00018	0.00018	0.07287	0.99978	0.0263	0.46387	
6e-05	0.00011	0.00019	8e-05	0.0	8e-05	9e-05	0.0	0.0	0.0	0.0	0.0	0.0	0.00013	0.00048	5e-05	0.0	0.00018	0.0	0.0	0.0	0.0	0.00018	0.0	0.0	0.0	0.00018	0.00015	0.0	0.0	0.00018	0.0	0.0	0.0	0.0	0.0	0.0	0.00022	0.00028	0.00021	0.0	4e-05	0.00015	0.00022	0.00028	0.0	0.0	0.00026	0.00017	0.00026	6e-05	0.0	0.0	0.0	0.0	0.0	0.0	0.0	0.00016	0.00017	0.00012	0.00022	0.00022	1e-05	5e-05	0.00022	0.00048	0.00011	0.00038	0.00019	7e-05	8e-05	0.0001	0.00016	0.0	0.0	0.0	0.0	0.0	0.0	0.0	5e-05	0.00013	7e-05	0.0001	
0.0	0.0	0.0	0.0	0.0	0.0	0.0	0.0	0.0	0.0	0.0	0.0	0.0	0.0	0.0	0.0	0.0	0.0	0.0	0.0	0.0	0.0	0.0	0.0	0.0	0.0	0.0	0.0	0.0	0.0	0.0	0.0	0.0	0.0	0.0	0.0	0.0	0.0	0.0	0.0	0.0	0.0	0.0	0.0	0.0	0.0	0.0	0.0	0.0	0.0	0.0	0.0	0.0	0.0	0.0	0.0	0.0	0.0	0.0	0.0	0.0	0.0	0.0	0.0	0.0	0.0	0.0	0.0	0.0	0.0	0.0	0.0	0.0	0.0	0.0	0.0	0.0	0.0	0.0	0.0	0.0	0.0	0.0	0.0	0.0	
6e-05	0.00011	0.00019	8e-05	0.0	8e-05	9e-05	0.0	0.0	0.0	0.0	0.0	0.0	0.00013	0.00048	5e-05	0.0	0.00018	0.0	0.0	0.0	0.0	0.00018	0.0	0.0	0.0	0.00018	0.00015	0.0	0.0	0.00018	0.0	0.0	0.0	0.0	0.0	0.0	0.00022	0.00028	0.00021	0.0	4e-05	0.00015	0.00022	0.00028	0.0	0.0	0.00026	0.00017	0.00026	6e-05	0.0	0.0	0.0	0.0	0.0	0.0	0.0	0.00016	0.00017	0.00012	0.00022	0.00022	1e-05	5e-05	0.00022	0.00048	0.00011	0.00038	0.00019	7e-05	8e-05	0.0001	0.00016	0.0	0.0	0.0	0.0	0.0	0.0	0.0	5e-05	0.00013	7e-05	0.0001	
0.02987	0.02523	0.31722	0.09691	0.00011	0.14055	0.18352	0.00011	0.00011	0.00011	0.00011	0.00011	0.00011	0.99978	0.0499	0.04371	0.0	0.9999	0.00018	0.00018	0.00018	0.00018	0.9999	0.00018	0.0	0.00018	0.0	0.01537	0.00018	0.00018	0.42587	0.00018	0.00018	0.00018	0.00018	0.00018	0.00018	0.01416	0.00982	0.01487	0.00018	0.02924	0.01537	0.02477	0.00982	0.00018	0.00018	0.01101	0.01399	0.01101	0.03624	0.00018	0.00018	0.00018	0.00018	0.00018	0.00018	0.00018	0.0207	0.0285	0.01877	0.01401	0.01401	0.04216	0.05945	0.01443	0.21914	0.18328	0.01335	0.01605	0.03721	0.03676	0.08243	0.15182	0.00391	0.00772	0.00018	0.00018	0.00018	0.00018	0.00018	0.07287	0.99978	0.0263	0.46387	
0.0185	0.01588	0.00998	0.05921	0.00023	0.04285	0.10376	0.00023	0.00023	0.00023	0.00023	0.00023	0.00023	0.01603	0.02925	0.02627	0.0	0.01537	0.00015	0.00015	0.00015	0.00015	0.01537	0.00015	0.0	0.00015	0.01537	0.0	0.00015	0.00015	0.02063	0.00015	0.00015	0.00015	0.00015	0.00015	0.00015	0.00967	0.00694	0.01011	0.00015	0.40995	0.99963	0.01605	0.00694	0.00015	0.00015	0.0077	0.00956	0.0077	0.02214	0.00015	0.00015	0.00015	0.00015	0.00015	0.00015	0.00015	0.01325	0.01822	0.01215	0.00958	0.00958	0.31678	0.09368	0.00984	0.0139	0.03063	0.00921	0.01103	0.02281	0.02317	0.33556	0.03329	0.00376	0.00693	0.00015	0.00015	0.00015	0.00015	0.00015	0.0749	0.01603	0.01647	0.02021	
6e-05	0.00011	0.00019	8e-05	0.0	8e-05	9e-05	0.0	0.0	0.0	0.0	0.0	0.0	0.00013	0.00048	5e-05	0.0	0.00018	0.0	0.0	0.0	0.0	0.00018	0.0	0.0	0.0	0.00018	0.00015	0.0	0.0	0.00018	0.0	0.0	0.0	0.0	0.0	0.0	0.00022	0.00028	0.00021	0.0	4e-05	0.00015	0.00022	0.00028	0.0	0.0	0.00026	0.00017	0.00026	6e-05	0.0	0.0	0.0	0.0	0.0	0.0	0.0	0.00016	0.00017	0.00012	0.00022	0.00022	1e-05	5e-05	0.00022	0.00048	0.00011	0.00038	0.00019	7e-05	8e-05	0.0001	0.00016	0.0	0.0	0.0	0.0	0.0	0.0	0.0	5e-05	0.00013	7e-05	0.0001	
6e-05	0.00011	0.00019	8e-05	0.0	8e-05	9e-05	0.0	0.0	0.0	0.0	0.0	0.0	0.00013	0.00048	5e-05	0.0	0.00018	0.0	0.0	0.0	0.0	0.00018	0.0	0.0	0.0	0.00018	0.00015	0.0	0.0	0.00018	0.0	0.0	0.0	0.0	0.0	0.0	0.00022	0.00028	0.00021	0.0	4e-05	0.00015	0.00022	0.00028	0.0	0.0	0.00026	0.00017	0.00026	6e-05	0.0	0.0	0.0	0.0	0.0	0.0	0.0	0.00016	0.00017	0.00012	0.00022	0.00022	1e-05	5e-05	0.00022	0.00048	0.00011	0.00038	0.00019	7e-05	8e-05	0.0001	0.00016	0.0	0.0	0.0	0.0	0.0	0.0	0.0	5e-05	0.00013	7e-05	0.0001	
0.04286	0.14654	0.18866	0.14713	9e-05	0.02975	0.05085	9e-05	9e-05	9e-05	9e-05	9e-05	9e-05	0.42363	0.0314	0.14143	0.0	0.42587	0.00018	0.00018	0.00018	0.00018	0.42587	0.00018	0.0	0.00018	0.42587	0.02063	0.00018	0.00018	0.0	0.00018	0.00018	0.00018	0.00018	0.00018	0.00018	0.193	0.01283	0.01991	0.00018	0.04193	0.02063	0.03431	0.01283	0.00018	0.00018	0.01447	0.01867	0.01447	0.05249	0.00018	0.00018	0.00018	0.00018	0.00018	0.00018	0.00018	0.0289	0.03988	0.02598	0.01868	0.01868	0.063	0.08949	0.01928	0.14966	0.18797	0.01772	0.02162	0.05407	0.05236	0.03679	0.13903	0.00498	0.00995	0.00018	0.00018	0.00018	0.00018	0.00018	0.10832	0.42363	0.07593	0.25831	
6e-05	0.00011	0.00019	8e-05	0.0	8e-05	9e-05	0.0	0.0	0.0	0.0	0.0	0.0	0.00013	0.00048	5e-05	0.0	0.00018	0.0	0.0	0.0	0.0	0.00018	0.0	0.0	0.0	0.00018	0.00015	0.0	0.0	0.00018	0.0	0.0	0.0	0.0	0.0	0.0	0.00022	0.00028	0.00021	0.0	4e-05	0.00015	0.00022	0.00028	0.0	0.0	0.00026	0.00017	0.00026	6e-05	0.0	0.0	0.0	0.0	0.0	0.0	0.0	0.00016	0.00017	0.00012	0.00022	0.00022	1e-05	5e-05	0.00022	0.00048	0.00011	0.00038	0.00019	7e-05	8e-05	0.0001	0.00016	0.0	0.0	0.0	0.0	0.0	0.0	0.0	5e-05	0.00013	7e-05	0.0001	
6e-05	0.00011	0.00019	8e-05	0.0	8e-05	9e-05	0.0	0.0	0.0	0.0	0.0	0.0	0.00013	0.00048	5e-05	0.0	0.00018	0.0	0.0	0.0	0.0	0.00018	0.0	0.0	0.0	0.00018	0.00015	0.0	0.0	0.00018	0.0	0.0	0.0	0.0	0.0	0.0	0.00022	0.00028	0.00021	0.0	4e-05	0.00015	0.00022	0.00028	0.0	0.0	0.00026	0.00017	0.00026	6e-05	0.0	0.0	0.0	0.0	0.0	0.0	0.0	0.00016	0.00017	0.00012	0.00022	0.00022	1e-05	5e-05	0.00022	0.00048	0.00011	0.00038	0.00019	7e-05	8e-05	0.0001	0.00016	0.0	0.0	0.0	0.0	0.0	0.0	0.0	5e-05	0.00013	7e-05	0.0001	
6e-05	0.00011	0.00019	8e-05	0.0	8e-05	9e-05	0.0	0.0	0.0	0.0	0.0	0.0	0.00013	0.00048	5e-05	0.0	0.00018	0.0	0.0	0.0	0.0	0.00018	0.0	0.0	0.0	0.00018	0.00015	0.0	0.0	0.00018	0.0	0.0	0.0	0.0	0.0	0.0	0.00022	0.00028	0.00021	0.0	4e-05	0.00015	0.00022	0.00028	0.0	0.0	0.00026	0.00017	0.00026	6e-05	0.0	0.0	0.0	0.0	0.0	0.0	0.0	0.00016	0.00017	0.00012	0.00022	0.00022	1e-05	5e-05	0.00022	0.00048	0.00011	0.00038	0.00019	7e-05	8e-05	0.0001	0.00016	0.0	0.0	0.0	0.0	0.0	0.0	0.0	5e-05	0.00013	7e-05	0.0001	
6e-05	0.00011	0.00019	8e-05	0.0	8e-05	9e-05	0.0	0.0	0.0	0.0	0.0	0.0	0.00013	0.00048	5e-05	0.0	0.00018	0.0	0.0	0.0	0.0	0.00018	0.0	0.0	0.0	0.00018	0.00015	0.0	0.0	0.00018	0.0	0.0	0.0	0.0	0.0	0.0	0.00022	0.00028	0.00021	0.0	4e-05	0.00015	0.00022	0.00028	0.0	0.0	0.00026	0.00017	0.00026	6e-05	0.0	0.0	0.0	0.0	0.0	0.0	0.0	0.00016	0.00017	0.00012	0.00022	0.00022	1e-05	5e-05	0.00022	0.00048	0.00011	0.00038	0.00019	7e-05	8e-05	0.0001	0.00016	0.0	0.0	0.0	0.0	0.0	0.0	0.0	5e-05	0.00013	7e-05	0.0001	
6e-05	0.00011	0.00019	8e-05	0.0	8e-05	9e-05	0.0	0.0	0.0	0.0	0.0	0.0	0.00013	0.00048	5e-05	0.0	0.00018	0.0	0.0	0.0	0.0	0.00018	0.0	0.0	0.0	0.00018	0.00015	0.0	0.0	0.00018	0.0	0.0	0.0	0.0	0.0	0.0	0.00022	0.00028	0.00021	0.0	4e-05	0.00015	0.00022	0.00028	0.0	0.0	0.00026	0.00017	0.00026	6e-05	0.0	0.0	0.0	0.0	0.0	0.0	0.0	0.00016	0.00017	0.00012	0.00022	0.00022	1e-05	5e-05	0.00022	0.00048	0.00011	0.00038	0.00019	7e-05	8e-05	0.0001	0.00016	0.0	0.0	0.0	0.0	0.0	0.0	0.0	5e-05	0.00013	7e-05	0.0001	
6e-05	0.00011	0.00019	8e-05	0.0	8e-05	9e-05	0.0	0.0	0.0	0.0	0.0	0.0	0.00013	0.00048	5e-05	0.0	0.00018	0.0	0.0	0.0	0.0	0.00018	0.0	0.0	0.0	0.00018	0.00015	0.0	0.0	0.00018	0.0	0.0	0.0	0.0	0.0	0.0	0.00022	0.00028	0.00021	0.0	4e-05	0.00015	0.00022	0.00028	0.0	0.0	0.00026	0.00017	0.00026	6e-05	0.0	0.0	0.0	0.0	0.0	0.0	0.0	0.00016	0.00017	0.00012	0.00022	0.00022	1e-05	5e-05	0.00022	0.00048	0.00011	0.00038	0.00019	7e-05	8e-05	0.0001	0.00016	0.0	0.0	0.0	0.0	0.0	0.0	0.0	5e-05	0.00013	7e-05	0.0001	
0.01684	0.44846	0.00923	0.05167	0.00017	0.03884	0.03191	0.00017	0.00017	0.00017	0.00017	0.00017	0.00017	0.01471	0.08779	0.30352	0.0	0.01416	0.00022	0.00022	0.00022	0.00022	0.01416	0.00022	0.0	0.00022	0.01416	0.00967	0.00022	0.00022	0.193	0.00022	0.00022	0.00022	0.00022	0.00022	0.00022	0.0	0.00653	0.00942	0.00022	0.01645	0.00967	0.01478	0.00653	0.00022	0.00022	0.00722	0.00891	0.00722	0.02014	0.00022	0.00022	0.00022	0.00022	0.00022	0.00022	0.00022	0.01217	0.01673	0.01118	0.00893	0.00893	0.02265	0.03207	0.00917	0.01278	0.14954	0.0086	0.01012	0.02069	0.0211	0.01633	0.03001	0.003	0.0058	0.00022	0.00022	0.00022	0.00022	0.00022	0.03953	0.01471	0.29424	0.01832	
0.01123	0.00978	0.00668	0.03361	0.00024	0.04714	0.02108	0.00024	0.00024	0.00024	0.00024	0.00024	0.00024	0.01019	0.07567	0.06613	0.0	0.00982	0.00028	0.00028	0.00028	0.00028	0.00982	0.00028	0.0	0.00028	0.00982	0.00694	0.00028	0.00028	0.01283	0.00028	0.00028	0.00028	0.00028	0.00028	0.00028	0.00653	0.0	0.00679	0.00028	0.01095	0.00694	0.01023	0.99953	0.00028	0.00028	0.00536	0.00645	0.00536	0.01332	0.00028	0.00028	0.00028	0.00028	0.00028	0.00028	0.00028	0.00834	0.01146	0.00772	0.00648	0.00648	0.01474	0.02101	0.00663	0.00882	0.01796	0.0063	0.00729	0.01371	0.01426	0.01125	0.0483	0.00267	0.00505	0.00028	0.00028	0.00028	0.00028	0.00028	0.02588	0.01019	0.01009	0.012	
0.23211	0.01528	0.00964	0.05679	0.00016	0.04114	0.09934	0.00016	0.00016	0.00016	0.00016	0.00016	0.00016	0.01546	0.02806	0.02525	0.0	0.01487	0.00021	0.00021	0.00021	0.00021	0.01487	0.00021	0.0	0.00021	0.01487	0.01011	0.00021	0.00021	0.01991	0.00021	0.00021	0.00021	0.00021	0.00021	0.00021	0.00942	0.00679	0.0	0.00021	0.01738	0.01011	0.32316	0.00679	0.00021	0.00021	0.00752	0.0093	0.00752	0.14931	0.00021	0.00021	0.00021	0.00021	0.00021	0.00021	0.00021	0.01281	0.01761	0.01175	0.00933	0.00933	0.30667	0.14312	0.00957	0.01344	0.09449	0.00897	0.01057	0.16952	0.02225	0.01717	0.03187	0.00306	0.00593	0.00021	0.00021	0.00021	0.00021	0.00021	0.04188	0.01546	0.01584	0.0194	
6e-05	0.00011	0.00019	8e-05	0.0	8e-05	9e-05	0.0	0.0	0.0	0.0	0.0	0.0	0.00013	0.00048	5e-05	0.0	0.00018	0.0	0.0	0.0	0.0	0.00018	0.0	0.0	0.0	0.00018	0.00015	0.0	0.0	0.00018	0.0	0.0	0.0	0.0	0.0	0.0	0.00022	0.00028	0.00021	0.0	4e-05	0.00015	0.00022	0.00028	0.0	0.0	0.00026	0.00017	0.00026	6e-05	0.0	0.0	0.0	0.0	0.0	0.0	0.0	0.00016	0.00017	0.00012	0.00022	0.00022	1e-05	5e-05	0.00022	0.00048	0.00011	0.00038	0.00019	7e-05	8e-05	0.0001	0.00016	0.0	0.0	0.0	0.0	0.0	0.0	0.0	5e-05	0.00013	7e-05	0.0001	
0.159	0.03281	0.01702	0.14224	0.00014	0.03153	0.1144	0.00014	0.00014	0.00014	0.00014	0.00014	0.00014	0.03066	0.07205	0.06029	0.0	0.02924	4e-05	4e-05	4e-05	4e-05	0.02924	4e-05	0.0	4e-05	0.02924	0.40995	4e-05	4e-05	0.04193	4e-05	4e-05	4e-05	4e-05	4e-05	4e-05	0.01645	0.01095	0.01738	4e-05	0.0	0.40995	0.03081	0.01095	4e-05	4e-05	0.01243	0.20805	0.01243	0.04883	4e-05	4e-05	4e-05	4e-05	4e-05	4e-05	4e-05	0.17042	0.03606	0.02337	0.20807	0.20807	0.2792	0.22367	0.0168	0.02744	0.08485	0.01537	0.01907	0.05025	0.30577	0.20584	0.08191	0.00483	0.00912	4e-05	4e-05	4e-05	4e-05	4e-05	0.18618	0.03066	0.03442	0.14271	
0.0185	0.01588	0.00998	0.05921	0.00023	0.04285	0.10376	0.00023	0.00023	0.00023	0.00023	0.00023	0.00023	0.01603	0.02925	0.02627	0.0	0.01537	0.00015	0.00015	0.00015	0.00015	0.01537	0.00015	0.0	0.00015	0.01537	0.99963	0.00015	0.00015	0.02063	0.00015	0.00015	0.00015	0.00015	0.00015	0.00015	0.00967	0.00694	0.01011	0.00015	0.40995	0.0	0.01605	0.00694	0.00015	0.00015	0.0077	0.00956	0.0077	0.02214	0.00015	0.00015	0.00015	0.00015	0.00015	0.00015	0.00015	0.01325	0.01822	0.01215	0.00958	0.00958	0.31678	0.09368	0.00984	0.0139	0.03063	0.00921	0.01103	0.02281	0.02317	0.33556	0.03329	0.00376	0.00693	0.00015	0.00015	0.00015	0.00015	0.00015	0.0749	0.01603	0.01647	0.02021	
0.08501	0.02677	0.0155	0.107	0.00067	0.00269	0.01036	0.00067	0.00067	0.00067	0.00067	0.00067	0.00067	0.02611	0.03479	0.02522	0.0	0.02477	0.00022	0.00022	0.00022	0.00022	0.02477	0.00022	0.0	0.00022	0.02477	0.01605	0.00022	0.00022	0.03431	0.00022	0.00022	0.00022	0.00022	0.00022	0.00022	0.01478	0.01023	0.32316	0.00022	0.03081	0.01605	0.0	0.01023	0.00022	0.00022	0.01147	0.01461	0.01147	0.32881	0.00022	0.00022	0.00022	0.00022	0.00022	0.00022	0.00022	0.02174	0.02993	0.01969	0.01462	0.01462	0.16739	0.03942	0.01506	0.21757	0.02838	0.01392	0.04332	0.19023	0.04438	0.04237	0.04539	0.04475	0.03473	0.00022	0.00022	0.00022	0.00022	0.00022	0.00172	0.02611	0.02791	0.03562	
0.01123	0.00978	0.00668	0.03361	0.00024	0.04714	0.02108	0.00024	0.00024	0.00024	0.00024	0.00024	0.00024	0.01019	0.07567	0.06613	0.0	0.00982	0.00028	0.00028	0.00028	0.00028	0.00982	0.00028	0.0	0.00028	0.00982	0.00694	0.00028	0.00028	0.01283	0.00028	0.00028	0.00028	0.00028	0.00028	0.00028	0.00653	0.99953	0.00679	0.00028	0.01095	0.00694	0.01023	0.0	0.00028	0.00028	0.00536	0.00645	0.00536	0.01332	0.00028	0.00028	0.00028	0.00028	0.00028	0.00028	0.00028	0.00834	0.01146	0.00772	0.00648	0.00648	0.01474	0.02101	0.00663	0.00882	0.01796	0.0063	0.00729	0.01371	0.01426	0.01125	0.0483	0.00267	0.00505	0.00028	0.00028	0.00028	0.00028	0.00028	0.02588	0.01019	0.01009	0.012	
6e-05	0.00011	0.00019	8e-05	0.0	8e-05	9e-05	0.0	0.0	0.0	0.0	0.0	0.0	0.00013	0.00048	5e-05	0.0	0.00018	0.0	0.0	0.0	0.0	0.00018	0.0	0.0	0.0	0.00018	0.00015	0.0	0.0	0.00018	0.0	0.0	0.0	0.0	0.0	0.0	0.00022	0.00028	0.00021	0.0	4e-05	0.00015	0.00022	0.00028	0.0	0.0	0.00026	0.00017	0.00026	6e-05	0.0	0.0	0.0	0.0	0.0	0.0	0.0	0.00016	0.00017	0.00012	0.00022	0.00022	1e-05	5e-05	0.00022	0.00048	0.00011	0.00038	0.00019	7e-05	8e-05	0.0001	0.00016	0.0	0.0	0.0	0.0	0.0	0.0	0.0	5e-05	0.00013	7e-05	0.0001	
6e-05	0.00011	0.00019	8e-05	0.0	8e-05	9e-05	0.0	0.0	0.0	0.0	0.0	0.0	0.00013	0.00048	5e-05	0.0	0.00018	0.0	0.0	0.0	0.0	0.00018	0.0	0.0	0.0	0.00018	0.00015	0.0	0.0	0.00018	0.0	0.0	0.0	0.0	0.0	0.0	0.00022	0.00028	0.00021	0.0	4e-05	0.00015	0.00022	0.00028	0.0	0.0	0.00026	0.00017	0.00026	6e-05	0.0	0.0	0.0	0.0	0.0	0.0	0.0	0.00016	0.00017	0.00012	0.00022	0.00022	1e-05	5e-05	0.00022	0.00048	0.00011	0.00038	0.00019	7e-05	8e-05	0.0001	0.00016	0.0	0.0	0.0	0.0	0.0	0.0	0.0	5e-05	0.00013	7e-05	0.0001	
0.01273	0.01105	0.00739	0.03973	0.00021	0.02902	0.02396	0.00021	0.00021	0.00021	0.00021	0.00021	0.00021	0.01142	0.01956	0.01778	0.0	0.01101	0.00026	0.00026	0.00026	0.00026	0.01101	0.00026	0.0	0.00026	0.01101	0.0077	0.00026	0.00026	0.01447	0.00026	0.00026	0.00026	0.00026	0.00026	0.00026	0.00722	0.00536	0.00752	0.00026	0.01243	0.0077	0.01147	0.00536	0.00026	0.00026	0.0	0.00713	0.00588	0.01514	0.00026	0.00026	0.00026	0.00026	0.00026	0.00026	0.00026	0.00938	0.16999	0.00866	0.00716	0.00716	0.01683	0.02393	0.00733	0.00989	0.02052	0.00694	0.00808	0.01557	0.01611	0.01263	0.02215	0.00275	0.00525	0.00026	0.00026	0.00026	0.00026	0.00026	0.04996	0.01142	0.01141	0.01367	
0.01669	0.01439	0.00924	0.05291	0.00036	0.07218	0.03158	0.00036	0.00036	0.00036	0.00036	0.00036	0.00036	0.01463	0.02609	0.02353	0.0	0.01399	0.00017	0.00017	0.00017	0.00017	0.01399	0.00017	0.0	0.00017	0.01399	0.00956	0.00017	0.00017	0.01867	0.00017	0.00017	0.00017	0.00017	0.00017	0.00017	0.00891	0.00645	0.0093	0.00017	0.20805	0.00956	0.01461	0.00645	0.00017	0.00017	0.00713	0.0	0.00713	0.01989	0.00017	0.00017	0.00017	0.00017	0.00017	0.00017	0.00017	0.51685	0.01653	0.01105	0.00883	0.00883	0.07011	0.0812	0.00906	0.01262	0.14714	0.0085	0.01027	0.02057	0.1855	0.01634	0.02972	0.00426	0.00749	0.00017	0.00017	0.00017	0.00017	0.00017	0.06675	0.01463	0.0149	0.01813	
0.01273	0.01105	0.00739	0.03837	0.00021	0.02902	0.02396	0.00021	0.00021	0.00021	0.00021	0.00021	0.00021	0.01142	0.01956	0.01778	0.0	0.01101	0.00026	0.00026	0.00026	0.00026	0.01101	0.00026	0.0	0.00026	0.01101	0.0077	0.00026	0.00026	0.01447	0.00026	0.00026	0.00026	0.00026	0.00026	0.00026	0.00722	0.00536	0.00752	0.00026	0.01243	0.0077	0.01147	0.00536	0.00026	0.00026	0.00588	0.00713	0.0	0.27367	0.00026	0.00026	0.00026	0.00026	0.00026	0.00026	0.00026	0.00938	0.16999	0.00866	0.00716	0.00716	0.01683	0.02393	0.00733	0.00989	0.02052	0.00694	0.00808	0.01557	0.01611	0.01263	0.19395	0.00275	0.00525	0.00026	0.00026	0.00026	0.00026	0.00026	0.02949	0.01142	0.01141	0.01367	
0.04941	0.0412	0.021	0.16137	0.00032	0.02206	0.06215	0.00032	0.00032	0.00032	0.00032	0.00032	0.00032	0.03822	0.04483	0.02377	0.0	0.03624	6e-05	6e-05	6e-05	6e-05	0.03624	6e-05	0.0	6e-05	0.03624	0.02214	6e-05	6e-05	0.05249	6e-05	6e-05	6e-05	6e-05	6e-05	6e-05	0.02014	0.01332	0.14931	6e-05	0.04883	0.02214	0.32881	0.01332	6e-05	6e-05	0.01514	0.01989	0.27367	0.0	6e-05	6e-05	6e-05	6e-05	6e-05	6e-05	6e-05	0.03255	0.14234	0.1344	0.0199	0.0199	0.13111	0.13354	0.02057	0.12628	0.03506	0.01878	0.02958	0.3448	0.05432	0.04288	0.2086	0.00835	0.00553	6e-05	6e-05	6e-05	6e-05	6e-05	0.03933	0.03822	0.12952	0.05905	
6e-05	0.00011	0.00019	8e-05	0.0	8e-05	9e-05	0.0	0.0	0.0	0.0	0.0	0.0	0.00013	0.00048	5e-05	0.0	0.00018	0.0	0.0	0.0	0.0	0.00018	0.0	0.0	0.0	0.00018	0.00015	0.0	0.0	0.00018	0.0	0.0	0.0	0.0	0.0	0.0	0.00022	0.00028	0.00021	0.0	4e-05	0.00015	0.00022	0.00028	0.0	0.0	0.00026	0.00017	0.00026	6e-05	0.0	0.0	0.0	0.0	0.0	0.0	0.0	0.00016	0.00017	0.00012	0.00022	0.00022	1e-05	5e-05	0.00022	0.00048	0.00011	0.00038	0.00019	7e-05	8e-05	0.0001	0.00016	0.0	0.0	0.0	0.0	0.0	0.0	0.0	5e-05	0.00013	7e-05	0.0001	
6e-05	0.00011	0.00019	8e-05	0.0	8e-05	9e-05	0.0	0.0	0.0	0.0	0.0	0.0	0.00013	0.00048	5e-05	0.0	0.00018	0.0	0.0	0.0	0.0	0.00018	0.0	0.0	0.0	0.00018	0.00015	0.0	0.0	0.00018	0.0	0.0	0.0	0.0	0.0	0.0	0.00022	0.00028	0.00021	0.0	4e-05	0.00015	0.00022	0.00028	0.0	0.0	0.00026	0.00017	0.00026	6e-05	0.0	0.0	0.0	0.0	0.0	0.0	0.0	0.00016	0.00017	0.00012	0.00022	0.00022	1e-05	5e-05	0.00022	0.00048	0.00011	0.00038	0.00019	7e-05	8e-05	0.0001	0.00016	0.0	0.0	0.0	0.0	0.0	0.0	0.0	5e-05	0.00013	7e-05	0.0001	
6e-05	0.00011	0.00019	8e-05	0.0	8e-05	9e-05	0.0	0.0	0.0	0.0	0.0	0.0	0.00013	0.00048	5e-05	0.0	0.00018	0.0	0.0	0.0	0.0	0.00018	0.0	0.0	0.0	0.00018	0.00015	0.0	0.0	0.00018	0.0	0.0	0.0	0.0	0.0	0.0	0.00022	0.00028	0.00021	0.0	4e-05	0.00015	0.00022	0.00028	0.0	0.0	0.00026	0.00017	0.00026	6e-05	0.0	0.0	0.0	0.0	0.0	0.0	0.0	0.00016	0.00017	0.00012	0.00022	0.00022	1e-05	5e-05	0.00022	0.00048	0.00011	0.00038	0.00019	7e-05	8e-05	0.0001	0.00016	0.0	0.0	0.0	0.0	0.0	0.0	0.0	5e-05	0.00013	7e-05	0.0001	
6e-05	0.00011	0.00019	8e-05	0.0	8e-05	9e-05	0.0	0.0	0.0	0.0	0.0	0.0	0.00013	0.00048	5e-05	0.0	0.00018	0.0	0.0	0.0	0.0	0.00018	0.0	0.0	0.0	0.00018	0.00015	0.0	0.0	0.00018	0.0	0.0	0.0	0.0	0.0	0.0	0.00022	0.00028	0.00021	0.0	4e-05	0.00015	0.00022	0.00028	0.0	0.0	0.00026	0.00017	0.00026	6e-05	0.0	0.0	0.0	0.0	0.0	0.0	0.0	0.00016	0.00017	0.00012	0.00022	0.00022	1e-05	5e-05	0.00022	0.00048	0.00011	0.00038	0.00019	7e-05	8e-05	0.0001	0.00016	0.0	0.0	0.0	0.0	0.0	0.0	0.0	5e-05	0.00013	7e-05	0.0001	
6e-05	0.00011	0.00019	8e-05	0.0	8e-05	9e-05	0.0	0.0	0.0	0.0	0.0	0.0	0.00013	0.00048	5e-05	0.0	0.00018	0.0	0.0	0.0	0.0	0.00018	0.0	0.0	0.0	0.00018	0.00015	0.0	0.0	0.00018	0.0	0.0	0.0	0.0	0.0	0.0	0.00022	0.00028	0.00021	0.0	4e-05	0.00015	0.00022	0.00028	0.0	0.0	0.00026	0.00017	0.00026	6e-05	0.0	0.0	0.0	0.0	0.0	0.0	0.0	0.00016	0.00017	0.00012	0.00022	0.00022	1e-05	5e-05	0.00022	0.00048	0.00011	0.00038	0.00019	7e-05	8e-05	0.0001	0.00016	0.0	0.0	0.0	0.0	0.0	0.0	0.0	5e-05	0.00013	7e-05	0.0001	
6e-05	0.00011	0.00019	8e-05	0.0	8e-05	9e-05	0.0	0.0	0.0	0.0	0.0	0.0	0.00013	0.00048	5e-05	0.0	0.00018	0.0	0.0	0.0	0.0	0.00018	0.0	0.0	0.0	0.00018	0.00015	0.0	0.0	0.00018	0.0	0.0	0.0	0.0	0.0	0.0	0.00022	0.00028	0.00021	0.0	4e-05	0.00015	0.00022	0.00028	0.0	0.0	0.00026	0.00017	0.00026	6e-05	0.0	0.0	0.0	0.0	0.0	0.0	0.0	0.00016	0.00017	0.00012	0.00022	0.00022	1e-05	5e-05	0.00022	0.00048	0.00011	0.00038	0.00019	7e-05	8e-05	0.0001	0.00016	0.0	0.0	0.0	0.0	0.0	0.0	0.0	5e-05	0.00013	7e-05	0.0001	
6e-05	0.00011	0.00019	8e-05	0.0	8e-05	9e-05	0.0	0.0	0.0	0.0	0.0	0.0	0.00013	0.00048	5e-05	0.0	0.00018	0.0	0.0	0.0	0.0	0.00018	0.0	0.0	0.0	0.00018	0.00015	0.0	0.0	0.00018	0.0	0.0	0.0	0.0	0.0	0.0	0.00022	0.00028	0.00021	0.0	4e-05	0.00015	0.00022	0.00028	0.0	0.0	0.00026	0.00017	0.00026	6e-05	0.0	0.0	0.0	0.0	0.0	0.0	0.0	0.00016	0.00017	0.00012	0.00022	0.00022	1e-05	5e-05	0.00022	0.00048	0.00011	0.00038	0.00019	7e-05	8e-05	0.0001	0.00016	0.0	0.0	0.0	0.0	0.0	0.0	0.0	5e-05	0.00013	7e-05	0.0001	
0.1594	0.21552	0.01272	0.07966	0.00049	0.08515	0.0518	0.00049	0.00049	0.00049	0.00049	0.00049	0.00049	0.02177	0.08988	0.03947	0.0	0.0207	0.00016	0.00016	0.00016	0.00016	0.0207	0.00016	0.0	0.00016	0.0207	0.01325	0.00016	0.00016	0.0289	0.00016	0.00016	0.00016	0.00016	0.00016	0.00016	0.01217	0.00834	0.01281	0.00016	0.17042	0.01325	0.02174	0.00834	0.00016	0.00016	0.00938	0.51685	0.00938	0.03255	0.00016	0.00016	0.00016	0.00016	0.00016	0.00016	0.00016	0.0	0.02513	0.01651	0.01204	0.01204	0.13759	0.15933	0.01241	0.01917	0.14383	0.49159	0.01432	0.03365	0.14989	0.02464	0.0834	0.22023	0.21385	0.00016	0.00016	0.00016	0.00016	0.00016	0.08172	0.02177	0.02359	0.23109	
0.03685	0.03091	0.0172	0.01681	0.0001	0.0898	0.00333	0.0001	0.0001	0.0001	0.0001	0.0001	0.0001	0.02978	0.06327	0.05466	0.0	0.0285	0.00017	0.00017	0.00017	0.00017	0.0285	0.00017	0.0	0.00017	0.0285	0.01822	0.00017	0.00017	0.03988	0.00017	0.00017	0.00017	0.00017	0.00017	0.00017	0.01673	0.01146	0.01761	0.00017	0.03606	0.01822	0.02993	0.01146	0.00017	0.00017	0.16999	0.01653	0.16999	0.14234	0.00017	0.00017	0.00017	0.00017	0.00017	0.00017	0.00017	0.02513	0.0	0.20579	0.01655	0.01655	0.05318	0.02864	0.01706	0.02628	0.06544	0.01572	0.01906	0.03711	0.04512	0.03352	0.11859	0.00446	0.00888	0.00017	0.00017	0.00017	0.00017	0.00017	0.0314	0.02978	0.17793	0.04189	
0.02383	0.02011	0.01145	0.07206	6e-05	0.05649	0.09773	6e-05	6e-05	6e-05	6e-05	6e-05	6e-05	0.01954	0.04001	0.06951	0.0	0.01877	0.00012	0.00012	0.00012	0.00012	0.01877	0.00012	0.0	0.00012	0.01877	0.01215	0.00012	0.00012	0.02598	0.00012	0.00012	0.00012	0.00012	0.00012	0.00012	0.01118	0.00772	0.01175	0.00012	0.02337	0.01215	0.01969	0.00772	0.00012	0.00012	0.00866	0.01105	0.00866	0.1344	0.00012	0.00012	0.00012	0.00012	0.00012	0.00012	0.00012	0.01651	0.20579	0.0	0.01106	0.01106	0.03347	0.13432	0.0114	0.0173	0.04142	0.01054	0.01262	0.1502	0.02912	0.02185	0.06425	0.00293	0.00577	0.00012	0.00012	0.00012	0.00012	0.00012	0.07927	0.01954	0.35961	0.02685	
0.38744	0.01432	0.00915	0.05286	0.00017	0.03836	0.03152	0.00017	0.00017	0.00017	0.00017	0.00017	0.00017	0.01456	0.0261	0.02354	0.0	0.01401	0.00022	0.00022	0.00022	0.00022	0.01401	0.00022	0.0	0.00022	0.01401	0.00958	0.00022	0.00022	0.01868	0.00022	0.00022	0.00022	0.00022	0.00022	0.00022	0.00893	0.00648	0.00933	0.00022	0.20807	0.00958	0.01462	0.00648	0.00022	0.00022	0.00716	0.00883	0.00716	0.0199	0.00022	0.00022	0.00022	0.00022	0.00022	0.00022	0.00022	0.01204	0.01655	0.01106	0.0	0.99971	0.02237	0.1318	0.00908	0.01264	0.02736	0.00853	0.01002	0.02044	0.18531	0.01615	0.02962	0.00299	0.00577	0.00022	0.00022	0.00022	0.00022	0.00022	0.06676	0.01456	0.01484	0.28834	
0.38744	0.01432	0.00915	0.05286	0.00017	0.03836	0.03152	0.00017	0.00017	0.00017	0.00017	0.00017	0.00017	0.01456	0.0261	0.02354	0.0	0.01401	0.00022	0.00022	0.00022	0.00022	0.01401	0.00022	0.0	0.00022	0.01401	0.00958	0.00022	0.00022	0.01868	0.00022	0.00022	0.00022	0.00022	0.00022	0.00022	0.00893	0.00648	0.00933	0.00022	0.20807	0.00958	0.01462	0.00648	0.00022	0.00022	0.00716	0.00883	0.00716	0.0199	0.00022	0.00022	0.00022	0.00022	0.00022	0.00022	0.00022	0.01204	0.01655	0.01106	0.99971	0.0	0.02237	0.1318	0.00908	0.01264	0.02736	0.00853	0.01002	0.02044	0.18531	0.01615	0.02962	0.00299	0.00577	0.00022	0.00022	0.00022	0.00022	0.00022	0.06676	0.01456	0.01484	0.28834	
0.26933	0.04731	0.02216	0.14046	1e-05	0.14106	0.16729	1e-05	1e-05	1e-05	1e-05	1e-05	1e-05	0.04182	0.21508	0.15815	0.0	0.04216	1e-05	1e-05	1e-05	1e-05	0.04216	1e-05	0.0	1e-05	0.04216	0.31678	1e-05	1e-05	0.063	1e-05	1e-05	1e-05	1e-05	1e-05	1e-05	0.02265	0.01474	0.30667	1e-05	0.2792	0.31678	0.16739	0.01474	1e-05	1e-05	0.01683	0.07011	0.01683	0.13111	1e-05	1e-05	1e-05	1e-05	1e-05	1e-05	1e-05	0.13759	0.05318	0.03347	0.02237	0.02237	0.0	0.20172	0.1919	0.04077	0.12804	0.06329	0.19197	0.13621	0.08997	0.1766	0.08318	0.00117	0.00407	1e-05	1e-05	1e-05	1e-05	1e-05	0.12974	0.04182	0.04845	0.09484	
0.28277	0.05742	0.03129	0.30928	5e-05	0.17395	0.08306	5e-05	5e-05	5e-05	5e-05	5e-05	5e-05	0.05881	0.16669	0.14379	0.0	0.05945	5e-05	5e-05	5e-05	5e-05	0.05945	5e-05	0.0	5e-05	0.05945	0.09368	5e-05	5e-05	0.08949	5e-05	5e-05	5e-05	5e-05	5e-05	5e-05	0.03207	0.02101	0.14312	5e-05	0.22367	0.09368	0.03942	0.02101	5e-05	5e-05	0.02393	0.0812	0.02393	0.13354	5e-05	5e-05	5e-05	5e-05	5e-05	5e-05	5e-05	0.15933	0.02864	0.13432	0.1318	0.1318	0.20172	0.0	0.03278	0.05694	0.04779	0.0733	0.03976	0.37317	0.02975	0.04969	0.15925	0.00189	0.10623	5e-05	5e-05	5e-05	5e-05	5e-05	0.1217	0.05881	0.13728	0.17806	
0.01719	0.01479	0.00939	0.05283	0.00017	0.07477	0.0326	0.00017	0.00017	0.00017	0.00017	0.00017	0.00017	0.01499	0.2217	0.10817	0.0	0.01443	0.00022	0.00022	0.00022	0.00022	0.01443	0.00022	0.0	0.00022	0.01443	0.00984	0.00022	0.00022	0.01928	0.00022	0.00022	0.00022	0.00022	0.00022	0.00022	0.00917	0.00663	0.00957	0.00022	0.0168	0.00984	0.01506	0.00663	0.00022	0.00022	0.00733	0.00906	0.00733	0.02057	0.00022	0.00022	0.00022	0.00022	0.00022	0.00022	0.00022	0.01241	0.01706	0.0114	0.00908	0.00908	0.1919	0.03278	0.0	0.01302	0.09071	0.00874	0.99992	0.02113	0.19282	0.01664	0.07895	0.00302	0.00585	0.00022	0.00022	0.00022	0.00022	0.00022	0.0404	0.01499	0.01532	0.01872	
0.02816	0.0237	0.01338	0.08309	0.00086	0.13125	0.09593	0.00086	0.00086	0.00086	0.00086	0.00086	0.00086	0.21882	0.09777	0.105	0.0	0.21914	0.00048	0.00048	0.00048	0.00048	0.21914	0.00048	0.0	0.00048	0.21914	0.0139	0.00048	0.00048	0.14966	0.00048	0.00048	0.00048	0.00048	0.00048	0.00048	0.01278	0.00882	0.01344	0.00048	0.02744	0.0139	0.21757	0.00882	0.00048	0.00048	0.00989	0.01262	0.00989	0.12628	0.00048	0.00048	0.00048	0.00048	0.00048	0.00048	0.00048	0.01917	0.02628	0.0173	0.01264	0.01264	0.04077	0.05694	0.01302	0.0	0.0946	0.01203	0.13508	0.08857	0.10449	0.41141	0.08026	0.23593	0.22834	0.00048	0.00048	0.00048	0.00048	0.00048	0.08489	0.21882	0.02474	0.14491	
0.04643	0.15113	0.08645	0.0261	9e-05	0.06726	0.11621	9e-05	9e-05	9e-05	9e-05	9e-05	9e-05	0.18204	0.12925	0.11107	0.0	0.18328	0.00011	0.00011	0.00011	0.00011	0.18328	0.00011	0.0	0.00011	0.18328	0.03063	0.00011	0.00011	0.18797	0.00011	0.00011	0.00011	0.00011	0.00011	0.00011	0.14954	0.01796	0.09449	0.00011	0.08485	0.03063	0.02838	0.01796	0.00011	0.00011	0.02052	0.14714	0.02052	0.03506	0.00011	0.00011	0.00011	0.00011	0.00011	0.00011	0.00011	0.14383	0.06544	0.04142	0.02736	0.02736	0.12804	0.04779	0.09071	0.0946	0.0	0.02571	0.08989	0.03922	0.03601	0.02411	0.09978	0.00776	0.01557	0.00011	0.00011	0.00011	0.00011	0.00011	0.11691	0.18204	0.10218	0.16596	
0.19602	0.28637	0.00904	0.04807	0.0008	0.03624	0.02985	0.0008	0.0008	0.0008	0.0008	0.0008	0.0008	0.01404	0.0806	0.02217	0.0	0.01335	0.00038	0.00038	0.00038	0.00038	0.01335	0.00038	0.0	0.00038	0.01335	0.00921	0.00038	0.00038	0.01772	0.00038	0.00038	0.00038	0.00038	0.00038	0.00038	0.0086	0.0063	0.00897	0.00038	0.01537	0.00921	0.01392	0.0063	0.00038	0.00038	0.00694	0.0085	0.00694	0.01878	0.00038	0.00038	0.00038	0.00038	0.00038	0.00038	0.00038	0.49159	0.01572	0.01054	0.00853	0.00853	0.06329	0.0733	0.00874	0.01203	0.02571	0.0	0.01015	0.01957	0.0201	0.01576	0.07114	0.0	0.0	0.00038	0.00038	0.00038	0.00038	0.00038	0.03674	0.01404	0.01419	0.27441	
0.0198	0.01701	0.0105	0.0527	0.00019	0.09686	0.03812	0.00019	0.00019	0.00019	0.00019	0.00019	0.00019	0.0169	0.24681	0.15811	0.0	0.01605	0.00019	0.00019	0.00019	0.00019	0.01605	0.00019	0.0	0.00019	0.01605	0.01103	0.00019	0.00019	0.02162	0.00019	0.00019	0.00019	0.00019	0.00019	0.00019	0.01012	0.00729	0.01057	0.00019	0.01907	0.01103	0.04332	0.00729	0.00019	0.00019	0.00808	0.01027	0.00808	0.02958	0.00019	0.00019	0.00019	0.00019	0.00019	0.00019	0.00019	0.01432	0.01906	0.01262	0.01002	0.01002	0.19197	0.03976	0.99992	0.13508	0.08989	0.01015	0.0	0.02106	0.19271	0.01654	0.0789	0.00111	0.00297	0.00019	0.00019	0.00019	0.00019	0.00019	0.04161	0.0169	0.01729	0.02158	
