0.0	0.03349	0.02418	0.00914	0.12739	0.05375	0.0003	0.0003	0.0003	0.0397	0.0003	0.0003	0.0	0.06107	0.02932	0.0	0.04676	0.0	0.0003	0.0003	0.0003	0.0003	0.0003	0.0003	0.0003	0.0003	0.0003	0.0003	0.0003	0.01299	0.0003	0.06175	0.0003	0.0003	0.02982	0.02802	0.0126	0.0003	0.05114	0.00985	0.02431	0.02431	0.25808	0.12234	0.16159	0.21201	0.17065	0.03222	0.05427	0.05947	0.17956	0.01587	0.07055	0.02485	0.05318	0.09769	0.02316	0.00241	0.03253	0.15728	0.13229	0.10086	0.07425	0.00097	0.02431	0.0003	0.0003	0.01605	0.0003	0.0003	0.0083	0.05989	0.08139	0.05271	0.00372	0.00154	0.2565	0.01194	0.04659	0.03124	0.12881	0.03519	0.05132	0.02096	0.0383	0.08196	0.08376	0.07113	0.01605	0.02485	0.02785	0.02785	0.0003	0.03123	0.05085	0.09302	0.06604	0.09715	0.08551	0.01202	0.06901	0.1406	0.0	0.0	0.0	0.0	0.0	0.0	0.17794	0.07539	0.00094	0.00094	0.00094	0.00094	0.04063	0.01166	0.15453	0.29008	0.04537	
0.03349	0.0	0.03227	0.01112	0.19225	0.22171	0.0004	0.0004	0.0004	0.03062	0.0004	0.0004	0.0	0.33539	0.65467	0.0	0.58336	0.0	0.0004	0.0004	0.0004	0.0004	0.0004	0.0004	0.0004	0.0004	0.0004	0.0004	0.0004	0.01628	0.0004	0.1236	0.0004	0.0004	0.65527	0.16423	0.01575	0.0004	0.07491	0.01207	0.37472	0.37472	0.08281	0.1199	0.16604	0.1308	0.23495	0.25416	0.25187	0.38003	0.3219	0.02456	0.22349	0.03284	0.27046	0.60576	0.49679	0.14235	0.24412	0.54569	0.16984	0.29897	0.0993	0.21055	0.37472	0.0004	0.0004	0.02044	0.0004	0.0004	0.0425	0.45024	0.1676	0.08397	0.00924	0.00521	0.13999	0.01486	0.07023	0.04439	0.38248	0.12097	0.26014	0.07353	0.12222	0.20341	0.17789	0.30432	0.02044	0.03284	0.03778	0.03778	0.0004	0.04441	0.08098	0.07802	0.09407	0.2745	0.20752	0.19325	0.18489	0.29847	0.0	0.0	0.0	0.0	0.0	0.0	0.35451	0.16448	0.00393	0.00393	0.00393	0.00393	0.23304	0.01693	0.65763	0.40496	0.62678	
0.02418	0.03227	0.0	0.00619	0.05456	0.00539	0.00036	0.00036	0.00036	0.0234	0.00036	0.00036	0.0	0.03547	0.02859	0.0	0.0258	0.0	0.00036	0.00036	0.00036	0.00036	0.00036	0.00036	0.00036	0.00036	0.00036	0.00036	0.00036	0.00845	0.00036	0.03314	0.00036	0.00036	0.02919	0.07101	0.00822	0.00036	0.01205	0.00659	0.01473	0.01473	0.02253	0.0118	0.00932	0.016	0.03455	0.01883	0.06683	0.03169	0.02954	0.00998	0.0588	0.01548	0.02774	0.07878	0.02862	0.04762	0.01906	0.02341	0.02316	0.05182	0.04869	0.0573	0.01473	0.00036	0.00036	0.01027	0.00036	0.00036	0.01442	0.05818	0.01024	0.02845	0.00231	0.00093	0.01595	0.00783	0.02556	0.01816	0.0668	0.02022	0.02783	0.02491	0.12017	0.04217	0.0428	0.03694	0.01027	0.01548	0.01672	0.01672	0.00036	0.01798	0.02689	0.01136	0.08076	0.08317	0.05025	0.08624	0.05588	0.06265	0.0	0.0	0.0	0.0	0.0	0.0	0.03083	0.04938	0.00056	0.00056	0.00056	0.00056	0.02266	0.20824	0.03402	0.0341	0.03859	
0.00914	0.01112	0.00619	0.0	0.02664	0.02264	0.00048	0.00048	0.00048	0.00986	0.00048	0.00048	0.0	0.01084	0.01042	0.0	0.00962	0.0	0.00048	0.00048	0.00048	0.00048	0.00048	0.00048	0.00048	0.00048	0.00048	0.00048	0.00048	0.00399	0.00048	0.01167	0.00048	0.00048	0.01118	0.0291	0.00392	0.00048	0.01091	0.00331	0.00608	0.00608	0.00843	0.01215	0.01417	0.00608	0.01192	0.00786	0.02298	0.01126	0.07417	0.00456	0.0405	0.00717	0.00992	0.02415	0.01184	0.01656	0.00741	0.0081	0.01481	0.02649	0.0269	0.02019	0.00608	0.00048	0.00048	0.00478	0.00048	0.00048	0.03112	0.01887	0.01512	0.01006	0.00162	0.00075	0.00659	0.00377	0.00901	0.00732	0.03552	0.00812	0.00994	0.00847	0.03798	0.01405	0.0142	0.01273	0.00478	0.00717	0.00688	0.00688	0.00048	0.00688	0.00906	0.02087	0.02474	0.02544	0.01612	0.02659	0.01803	0.01965	0.0	0.0	0.0	0.0	0.0	0.0	0.01075	0.01639	0.00052	0.00052	0.00052	0.00052	0.19983	0.00369	0.01157	0.01311	0.0129	
0.12739	0.19225	0.05456	0.02664	0.0	0.21714	2e-05	2e-05	2e-05	0.06756	2e-05	2e-05	0.0	0.19346	0.14113	0.0	0.16059	0.0	2e-05	2e-05	2e-05	2e-05	2e-05	2e-05	2e-05	2e-05	2e-05	2e-05	2e-05	0.03272	2e-05	0.21645	2e-05	2e-05	0.14143	0.27194	0.03153	2e-05	0.05219	0.02351	0.09172	0.09172	0.1573	0.18337	0.2089	0.08834	0.23071	0.16064	0.39667	0.16498	0.1251	0.04089	0.31811	0.09162	0.16144	0.42947	0.16494	0.19011	0.0622	0.22014	0.05581	0.44159	0.18647	0.02061	0.09172	2e-05	2e-05	0.0421	2e-05	2e-05	0.13169	0.46786	0.12022	0.37804	0.02437	0.01158	0.07709	0.02958	0.19706	0.14027	0.24453	0.18909	0.11343	0.14674	0.15576	0.09775	0.39578	0.20406	0.0421	0.09162	0.08558	0.08558	2e-05	0.10716	0.2656	0.33236	0.15078	0.37408	0.38519	0.19689	0.27415	0.27114	0.0	0.0	0.0	0.0	0.0	0.0	0.15099	0.13747	0.01142	0.01142	0.01142	0.01142	0.19576	0.03576	0.23653	0.18336	0.18093	
0.05375	0.22171	0.00539	0.02264	0.21714	0.0	6e-05	6e-05	6e-05	0.00241	6e-05	6e-05	0.0	0.12373	0.16743	0.0	0.15545	0.0	6e-05	6e-05	6e-05	6e-05	6e-05	6e-05	6e-05	6e-05	6e-05	6e-05	6e-05	0.03617	6e-05	0.03342	6e-05	6e-05	0.16789	0.12701	0.03495	6e-05	0.06189	0.02657	0.06834	0.06834	0.11283	0.06526	0.0575	0.07711	0.0528	0.09648	0.05217	0.0555	0.06808	0.04147	0.12681	0.07418	0.14332	0.17911	0.16806	0.05995	0.00936	0.14818	0.05882	0.17558	0.04512	0.01266	0.06834	6e-05	6e-05	0.04566	6e-05	6e-05	0.02709	0.29195	0.29092	0.23609	0.0211	0.00985	0.06278	0.03293	0.16915	0.08909	0.13763	0.09868	0.04759	0.15115	0.06475	0.00481	0.1539	0.07805	0.04566	0.07418	0.08644	0.08644	6e-05	0.10209	0.19943	0.07506	0.12971	0.15077	0.15663	0.022	0.16329	0.19979	0.0	0.0	0.0	0.0	0.0	0.0	0.119	0.05658	0.00664	0.00664	0.00664	0.00664	0.10305	0.0389	0.18785	0.17025	0.2171	
0.0003	0.0004	0.00036	0.00048	2e-05	6e-05	0.0	0.0	0.0	0.00191	0.0	0.0	0.0	0.0007	0.00014	0.0	0.00113	0.0	0.0	0.0	0.0	0.0	0.0	0.0	0.0	0.0	0.0	0.0	0.0	0.00022	0.0	0.00066	0.0	0.0	0.00106	0.00209	0.00024	0.0	0.00081	0.00026	0.00015	0.00015	0.0008	0.0001	0.00036	6e-05	0.00052	0.00164	0.00063	0.00051	0.00019	0.00021	0.00118	0.0017	0.00067	0.00053	0.00326	0.00042	9e-05	0.00026	0.00016	0.00024	0.00078	0.00134	0.00015	0.0	0.0	0.0005	0.0	0.0	0.00018	0.00073	0.00148	4e-05	0.0	0.0	0.00012	0.00022	3e-05	0.00104	0.00131	0.00137	0.00066	0.00011	0.0019	0.00045	0.00028	0.00113	0.0005	0.0017	0.00045	0.00045	0.0	0.0003	0.0001	0.00034	0.00041	0.00096	0.00032	0.00026	0.0008	0.00034	0.0	0.0	0.0	0.0	0.0	0.0	0.00033	0.00059	0.0	0.0	0.0	0.0	0.00159	0.00029	0.00067	0.00258	0.00023	
0.0003	0.0004	0.00036	0.00048	2e-05	6e-05	0.0	0.0	0.0	0.00191	0.0	0.0	0.0	0.0007	0.00014	0.0	0.00113	0.0	0.0	0.0	0.0	0.0	0.0	0.0	0.0	0.0	0.0	0.0	0.0	0.00022	0.0	0.00066	0.0	0.0	0.00106	0.00209	0.00024	0.0	0.00081	0.00026	0.00015	0.00015	0.0008	0.0001	0.00036	6e-05	0.00052	0.00164	0.00063	0.00051	0.00019	0.00021	0.00118	0.0017	0.00067	0.00053	0.00326	0.00042	9e-05	0.00026	0.00016	0.00024	0.00078	0.00134	0.00015	0.0	0.0	0.0005	0.0	0.0	0.00018	0.00073	0.00148	4e-05	0.0	0.0	0.00012	0.00022	3e-05	0.00104	0.00131	0.00137	0.00066	0.00011	0.0019	0.00045	0.00028	0.00113	0.0005	0.0017	0.00045	0.00045	0.0	0.0003	0.0001	0.00034	0.00041	0.00096	0.00032	0.00026	0.0008	0.00034	0.0	0.0	0.0	0.0	0.0	0.0	0.00033	0.00059	0.0	0.0	0.0	0.0	0.00159	0.00029	0.00067	0.00258	0.00023	
0.0003	0.0004	0.00036	0.00048	2e-05	6e-05	0.0	0.0	0.0	0.00191	0.0	0.0	0.0	0.0007	0.00014	0.0	0.00113	0.0	0.0	0.0	0.0	0.0	0.0	0.0	0.0	0.0	0.0	0.0	0.0	0.00022	0.0	0.00066	0.0	0.0	0.00106	0.00209	0.00024	0.0	0.00081	0.00026	0.00015	0.00015	0.0008	0.0001	0.00036	6e-05	0.00052	0.00164	0.00063	0.00051	0.00019	0.00021	0.00118	0.0017	0.00067	0.00053	0.00326	0.00042	9e-05	0.00026	0.00016	0.00024	0.00078	0.00134	0.00015	0.0	0.0	0.0005	0.0	0.0	0.00018	0.00073	0.00148	4e-05	0.0	0.0	0.00012	0.00022	3e-05	0.00104	0.00131	0.00137	0.00066	0.00011	0.0019	0.00045	0.00028	0.00113	0.0005	0.0017	0.00045	0.00045	0.0	0.0003	0.0001	0.00034	0.00041	0.00096	0.00032	0.00026	0.0008	0.00034	0.0	0.0	0.0	0.0	0.0	0.0	0.00033	0.00059	0.0	0.0	0.0	0.0	0.00159	0.00029	0.00067	0.00258	0.00023	
0.0397	0.03062	0.0234	0.00986	0.06756	0.00241	0.00191	0.00191	0.00191	0.0	0.00191	0.00191	0.0	0.14164	0.02692	0.0	0.06299	0.0	0.00191	0.00191	0.00191	0.00191	0.00191	0.00191	0.00191	0.00191	0.00191	0.00191	0.00191	0.01333	0.00191	0.04356	0.00191	0.00191	0.02743	0.20504	0.01297	0.00191	0.06231	0.01049	0.0235	0.0235	0.23291	0.04151	0.02656	0.02628	0.04368	0.19541	0.04974	0.03699	0.038	0.03151	0.06631	0.35081	0.21382	0.09453	0.05545	0.01361	0.03088	0.04027	0.0132	0.08717	0.17859	0.16231	0.0235	0.00191	0.00191	0.01609	0.00191	0.00191	0.17229	0.05447	0.31311	0.0524	0.01325	0.00889	0.02941	0.01238	0.04324	0.26931	0.05201	0.25106	0.04761	0.04308	0.20303	0.02414	0.11127	0.15629	0.01609	0.35081	0.0267	0.0267	0.00191	0.02953	0.04674	0.12543	0.10022	0.13986	0.05549	0.09206	0.15635	0.1265	0.0	0.0	0.0	0.0	0.0	0.0	0.20411	0.15785	0.07979	0.07979	0.07979	0.07979	0.44354	0.05924	0.15735	0.20775	0.16081	
0.0003	0.0004	0.00036	0.00048	2e-05	6e-05	0.0	0.0	0.0	0.00191	0.0	0.0	0.0	0.00042	0.00061	0.0	0.0008	0.0	0.0	0.0	0.0	0.0	0.0	0.0	0.0	0.0	0.0	0.0	0.0	0.00034	0.0	0.00027	0.0	0.0	0.00056	0.00046	0.00019	0.0	0.00038	0.00034	0.00031	0.00031	0.00057	0.00014	0.00011	7e-05	0.00021	0.00113	0.00023	0.00029	6e-05	0.00017	9e-05	0.00117	0.00051	0.00015	0.00058	0.0001	0.00019	0.00022	3e-05	2e-05	0.00026	0.00056	0.00031	0.0	0.0	0.0003	0.0	0.0	9e-05	0.00027	0.00082	0.00016	0.0	0.0	0.00015	0.00031	0.00013	0.00077	0.00025	0.00089	0.00041	9e-05	0.00061	0.0002	0.00018	0.00063	0.0003	0.00117	0.00022	0.00022	0.0	0.00016	7e-05	7e-05	0.00038	0.00022	8e-05	3e-05	0.00029	1e-05	0.0	0.0	0.0	0.0	0.0	0.0	0.00012	0.00016	0.0	0.0	0.0	0.0	0.00109	0.00042	0.0003	0.00081	0.00023	
0.0003	0.0004	0.00036	0.00048	2e-05	6e-05	0.0	0.0	0.0	0.00191	0.0	0.0	0.0	0.00042	0.00061	0.0	0.0008	0.0	0.0	0.0	0.0	0.0	0.0	0.0	0.0	0.0	0.0	0.0	0.0	0.00034	0.0	0.00027	0.0	0.0	0.00056	0.00046	0.00019	0.0	0.00038	0.00034	0.00031	0.00031	0.00057	0.00014	0.00011	7e-05	0.00021	0.00113	0.00023	0.00029	6e-05	0.00017	9e-05	0.00117	0.00051	0.00015	0.00058	0.0001	0.00019	0.00022	3e-05	2e-05	0.00026	0.00056	0.00031	0.0	0.0	0.0003	0.0	0.0	9e-05	0.00027	0.00082	0.00016	0.0	0.0	0.00015	0.00031	0.00013	0.00077	0.00025	0.00089	0.00041	9e-05	0.00061	0.0002	0.00018	0.00063	0.0003	0.00117	0.00022	0.00022	0.0	0.00016	7e-05	7e-05	0.00038	0.00022	8e-05	3e-05	0.00029	1e-05	0.0	0.0	0.0	0.0	0.0	0.0	0.00012	0.00016	0.0	0.0	0.0	0.0	0.00109	0.00042	0.0003	0.00081	0.00023	
0.0	0.0	0.0	0.0	0.0	0.0	0.0	0.0	0.0	0.0	0.0	0.0	0.0	0.0	0.0	0.0	0.0	0.0	0.0	0.0	0.0	0.0	0.0	0.0	0.0	0.0	0.0	0.0	0.0	0.0	0.0	0.0	0.0	0.0	0.0	0.0	0.0	0.0	0.0	0.0	0.0	0.0	0.0	0.0	0.0	0.0	0.0	0.0	0.0	0.0	0.0	0.0	0.0	0.0	0.0	0.0	0.0	0.0	0.0	0.0	0.0	0.0	0.0	0.0	0.0	0.0	0.0	0.0	0.0	0.0	0.0	0.0	0.0	0.0	0.0	0.0	0.0	0.0	0.0	0.0	0.0	0.0	0.0	0.0	0.0	0.0	0.0	0.0	0.0	0.0	0.0	0.0	0.0	0.0	0.0	0.0	0.0	0.0	0.0	0.0	0.0	0.0	0.0	0.0	0.0	0.0	0.0	0.0	0.0	0.0	0.0	0.0	0.0	0.0	0.0	0.0	0.0	0.0	0.0	
0.06107	0.33539	0.03547	0.01084	0.19346	0.12373	0.0007	0.0007	0.0007	0.14164	0.00042	0.00042	0.0	0.0	0.11954	0.0	0.52236	0.0	0.00042	0.00042	0.00042	0.00042	0.00042	0.00042	0.00042	0.00042	0.00042	0.00042	0.00042	0.01518	0.00042	0.21912	0.00042	0.00042	0.13151	0.11539	0.01464	0.00042	0.09546	0.01119	0.17165	0.17165	0.05907	0.07905	0.15189	0.03764	0.21661	0.35279	0.14871	0.45356	0.11333	0.08255	0.1273	0.03098	0.0859	0.30333	0.38632	0.17362	0.09988	0.33809	0.07848	0.24799	0.15857	0.07933	0.17165	0.00042	0.00042	0.11512	0.00042	0.00042	0.10038	0.13348	0.24877	0.06576	0.01332	0.01336	0.03932	0.01382	0.04481	0.04298	0.16402	0.1292	0.2815	0.07185	0.08559	0.19347	0.08178	0.3409	0.11512	0.03098	0.05721	0.05721	0.00042	0.11872	0.07682	0.08408	0.1396	0.2083	0.17934	0.20007	0.18373	0.1274	0.0	0.0	0.0	0.0	0.0	0.0	0.10616	0.09849	0.00358	0.00358	0.00358	0.00358	0.33045	0.01564	0.43338	0.23916	0.30398	
0.02932	0.65467	0.02859	0.01042	0.14113	0.16743	0.00014	0.00014	0.00014	0.02692	0.00061	0.00061	0.0	0.11954	0.0	0.0	0.26306	0.0	0.00061	0.00061	0.00061	0.00061	0.00061	0.00061	0.00061	0.00061	0.00061	0.00061	0.00061	0.01591	0.00061	0.01243	0.00061	0.00061	0.75332	0.09283	0.01538	0.00061	0.06486	0.01202	0.03023	0.03023	0.08264	0.11333	0.09426	0.15493	0.11394	0.30815	0.18701	0.17284	0.31267	0.02476	0.08169	0.03044	0.03802	0.30159	0.184	0.03763	0.04085	0.25396	0.09748	0.14258	0.03316	0.16171	0.03023	0.00061	0.00061	0.0196	0.00061	0.00061	0.00142	0.41314	0.15717	0.07166	0.01116	0.00669	0.17818	0.0146	0.05993	0.03926	0.3488	0.13406	0.03087	0.06079	0.05634	0.06706	0.11265	0.21971	0.0196	0.03044	0.0346	0.0346	0.00061	0.03938	0.06635	0.01613	0.06827	0.11539	0.15123	0.09048	0.12226	0.23505	0.0	0.0	0.0	0.0	0.0	0.0	0.34831	0.10555	0.00523	0.00523	0.00523	0.00523	0.26937	0.01745	0.30827	0.51968	0.41369	
0.0	0.0	0.0	0.0	0.0	0.0	0.0	0.0	0.0	0.0	0.0	0.0	0.0	0.0	0.0	0.0	0.0	0.0	0.0	0.0	0.0	0.0	0.0	0.0	0.0	0.0	0.0	0.0	0.0	0.0	0.0	0.0	0.0	0.0	0.0	0.0	0.0	0.0	0.0	0.0	0.0	0.0	0.0	0.0	0.0	0.0	0.0	0.0	0.0	0.0	0.0	0.0	0.0	0.0	0.0	0.0	0.0	0.0	0.0	0.0	0.0	0.0	0.0	0.0	0.0	0.0	0.0	0.0	0.0	0.0	0.0	0.0	0.0	0.0	0.0	0.0	0.0	0.0	0.0	0.0	0.0	0.0	0.0	0.0	0.0	0.0	0.0	0.0	0.0	0.0	0.0	0.0	0.0	0.0	0.0	0.0	0.0	0.0	0.0	0.0	0.0	0.0	0.0	0.0	0.0	0.0	0.0	0.0	0.0	0.0	0.0	0.0	0.0	0.0	0.0	0.0	0.0	0.0	0.0	
0.04676	0.58336	0.0258	0.00962	0.16059	0.15545	0.00113	0.00113	0.00113	0.06299	0.0008	0.0008	0.0	0.52236	0.26306	0.0	0.0	0.0	0.0008	0.0008	0.0008	0.0008	0.0008	0.0008	0.0008	0.0008	0.0008	0.0008	0.0008	0.01302	0.0008	0.15646	0.0008	0.0008	0.29008	0.10926	0.01259	0.0008	0.05484	0.00983	0.43435	0.43435	0.04411	0.05187	0.09577	0.0294	0.15156	0.5158	0.23508	0.6709	0.18142	0.0315	0.1872	0.02524	0.17877	0.35424	0.69825	0.08934	0.26998	0.44	0.09417	0.23144	0.14017	0.14474	0.43435	0.0008	0.0008	0.01609	0.0008	0.0008	0.03945	0.22576	0.18024	0.0598	0.00799	0.00487	0.02947	0.01195	0.05125	0.03326	0.19806	0.16458	0.32063	0.05282	0.08997	0.34133	0.1392	0.47257	0.01609	0.02524	0.02878	0.02878	0.0008	0.03328	0.05776	0.05649	0.14716	0.24731	0.14542	0.20597	0.14794	0.1494	0.0	0.0	0.0	0.0	0.0	0.0	0.15391	0.15213	0.00386	0.00386	0.00386	0.00386	0.4543	0.01366	0.55837	0.40627	0.37947	
0.0	0.0	0.0	0.0	0.0	0.0	0.0	0.0	0.0	0.0	0.0	0.0	0.0	0.0	0.0	0.0	0.0	0.0	0.0	0.0	0.0	0.0	0.0	0.0	0.0	0.0	0.0	0.0	0.0	0.0	0.0	0.0	0.0	0.0	0.0	0.0	0.0	0.0	0.0	0.0	0.0	0.0	0.0	0.0	0.0	0.0	0.0	0.0	0.0	0.0	0.0	0.0	0.0	0.0	0.0	0.0	0.0	0.0	0.0	0.0	0.0	0.0	0.0	0.0	0.0	0.0	0.0	0.0	0.0	0.0	0.0	0.0	0.0	0.0	0.0	0.0	0.0	0.0	0.0	0.0	0.0	0.0	0.0	0.0	0.0	0.0	0.0	0.0	0.0	0.0	0.0	0.0	0.0	0.0	0.0	0.0	0.0	0.0	0.0	0.0	0.0	0.0	0.0	0.0	0.0	0.0	0.0	0.0	0.0	0.0	0.0	0.0	0.0	0.0	0.0	0.0	0.0	0.0	0.0	
0.0003	0.0004	0.00036	0.00048	2e-05	6e-05	0.0	0.0	0.0	0.00191	0.0	0.0	0.0	0.00042	0.00061	0.0	0.0008	0.0	0.0	0.0	0.0	0.0	0.0	0.0	0.0	0.0	0.0	0.0	0.0	0.00034	0.0	0.00027	0.0	0.0	0.00056	0.00046	0.00019	0.0	0.00038	0.00034	0.00031	0.00031	0.00057	0.00014	0.00011	7e-05	0.00021	0.00113	0.00023	0.00029	6e-05	0.00017	9e-05	0.00117	0.00051	0.00015	0.00058	0.0001	0.00019	0.00022	3e-05	2e-05	0.00026	0.00056	0.00031	0.0	0.0	0.0003	0.0	0.0	9e-05	0.00027	0.00082	0.00016	0.0	0.0	0.00015	0.00031	0.00013	0.00077	0.00025	0.00089	0.00041	9e-05	0.00061	0.0002	0.00018	0.00063	0.0003	0.00117	0.00022	0.00022	0.0	0.00016	7e-05	7e-05	0.00038	0.00022	8e-05	3e-05	0.00029	1e-05	0.0	0.0	0.0	0.0	0.0	0.0	0.00012	0.00016	0.0	0.0	0.0	0.0	0.00109	0.00042	0.0003	0.00081	0.00023	
0.0003	0.0004	0.00036	0.00048	2e-05	6e-05	0.0	0.0	0.0	0.00191	0.0	0.0	0.0	0.00042	0.00061	0.0	0.0008	0.0	0.0	0.0	0.0	0.0	0.0	0.0	0.0	0.0	0.0	0.0	0.0	0.00034	0.0	0.00027	0.0	0.0	0.00056	0.00046	0.00019	0.0	0.00038	0.00034	0.00031	0.00031	0.00057	0.00014	0.00011	7e-05	0.00021	0.00113	0.00023	0.00029	6e-05	0.00017	9e-05	0.00117	0.00051	0.00015	0.00058	0.0001	0.00019	0.00022	3e-05	2e-05	0.00026	0.00056	0.00031	0.0	0.0	0.0003	0.0	0.0	9e-05	0.00027	0.00082	0.00016	0.0	0.0	0.00015	0.00031	0.00013	0.00077	0.00025	0.00089	0.00041	9e-05	0.00061	0.0002	0.00018	0.00063	0.0003	0.00117	0.00022	0.00022	0.0	0.00016	7e-05	7e-05	0.00038	0.00022	8e-05	3e-05	0.00029	1e-05	0.0	0.0	0.0	0.0	0.0	0.0	0.00012	0.00016	0.0	0.0	0.0	0.0	0.00109	0.00042	0.0003	0.00081	0.00023	
0.0003	0.0004	0.00036	0.00048	2e-05	6e-05	0.0	0.0	0.0	0.00191	0.0	0.0	0.0	0.00042	0.00061	0.0	0.0008	0.0	0.0	0.0	0.0	0.0	0.0	0.0	0.0	0.0	0.0	0.0	0.0	0.00034	0.0	0.00027	0.0	0.0	0.00056	0.00046	0.00019	0.0	0.00038	0.00034	0.00031	0.00031	0.00057	0.00014	0.00011	7e-05	0.00021	0.00113	0.00023	0.00029	6e-05	0.00017	9e-05	0.00117	0.00051	0.00015	0.00058	0.0001	0.00019	0.00022	3e-05	2e-05	0.00026	0.00056	0.00031	0.0	0.0	0.0003	0.0	0.0	9e-05	0.00027	0.00082	0.00016	0.0	0.0	0.00015	0.00031	0.00013	0.00077	0.00025	0.00089	0.00041	9e-05	0.00061	0.0002	0.00018	0.00063	0.0003	0.00117	0.00022	0.00022	0.0	0.00016	7e-05	7e-05	0.00038	0.00022	8e-05	3e-05	0.00029	1e-05	0.0	0.0	0.0	0.0	0.0	0.0	0.00012	0.00016	0.0	0.0	0.0	0.0	0.00109	0.00042	0.0003	0.00081	0.00023	
0.0003	0.0004	0.00036	0.00048	2e-05	6e-05	0.0	0.0	0.0	0.00191	0.0	0.0	0.0	0.00042	0.00061	0.0	0.0008	0.0	0.0	0.0	0.0	0.0	0.0	0.0	0.0	0.0	0.0	0.0	0.0	0.00034	0.0	0.00027	0.0	0.0	0.00056	0.00046	0.00019	0.0	0.00038	0.00034	0.00031	0.00031	0.00057	0.00014	0.00011	7e-05	0.00021	0.00113	0.00023	0.00029	6e-05	0.00017	9e-05	0.00117	0.00051	0.00015	0.00058	0.0001	0.00019	0.00022	3e-05	2e-05	0.00026	0.00056	0.00031	0.0	0.0	0.0003	0.0	0.0	9e-05	0.00027	0.00082	0.00016	0.0	0.0	0.00015	0.00031	0.00013	0.00077	0.00025	0.00089	0.00041	9e-05	0.00061	0.0002	0.00018	0.00063	0.0003	0.00117	0.00022	0.00022	0.0	0.00016	7e-05	7e-05	0.00038	0.00022	8e-05	3e-05	0.00029	1e-05	0.0	0.0	0.0	0.0	0.0	0.0	0.00012	0.00016	0.0	0.0	0.0	0.0	0.00109	0.00042	0.0003	0.00081	0.00023	
0.0003	0.0004	0.00036	0.00048	2e-05	6e-05	0.0	0.0	0.0	0.00191	0.0	0.0	0.0	0.00042	0.00061	0.0	0.0008	0.0	0.0	0.0	0.0	0.0	0.0	0.0	0.0	0.0	0.0	0.0	0.0	0.00034	0.0	0.00027	0.0	0.0	0.00056	0.00046	0.00019	0.0	0.00038	0.00034	0.00031	0.00031	0.00057	0.00014	0.00011	7e-05	0.00021	0.00113	0.00023	0.00029	6e-05	0.00017	9e-05	0.00117	0.00051	0.00015	0.00058	0.0001	0.00019	0.00022	3e-05	2e-05	0.00026	0.00056	0.00031	0.0	0.0	0.0003	0.0	0.0	9e-05	0.00027	0.00082	0.00016	0.0	0.0	0.00015	0.00031	0.00013	0.00077	0.00025	0.00089	0.00041	9e-05	0.00061	0.0002	0.00018	0.00063	0.0003	0.00117	0.00022	0.00022	0.0	0.00016	7e-05	7e-05	0.00038	0.00022	8e-05	3e-05	0.00029	1e-05	0.0	0.0	0.0	0.0	0.0	0.0	0.00012	0.00016	0.0	0.0	0.0	0.0	0.00109	0.00042	0.0003	0.00081	0.00023	
0.0003	0.0004	0.00036	0.00048	2e-05	6e-05	0.0	0.0	0.0	0.00191	0.0	0.0	0.0	0.00042	0.00061	0.0	0.0008	0.0	0.0	0.0	0.0	0.0	0.0	0.0	0.0	0.0	0.0	0.0	0.0	0.00034	0.0	0.00027	0.0	0.0	0.00056	0.00046	0.00019	0.0	0.00038	0.00034	0.00031	0.00031	0.00057	0.00014	0.00011	7e-05	0.00021	0.00113	0.00023	0.00029	6e-05	0.00017	9e-05	0.00117	0.00051	0.00015	0.00058	0.0001	0.00019	0.00022	3e-05	2e-05	0.00026	0.00056	0.00031	0.0	0.0	0.0003	0.0	0.0	9e-05	0.00027	0.00082	0.00016	0.0	0.0	0.00015	0.00031	0.00013	0.00077	0.00025	0.00089	0.00041	9e-05	0.00061	0.0002	0.00018	0.00063	0.0003	0.00117	0.00022	0.00022	0.0	0.00016	7e-05	7e-05	0.00038	0.00022	8e-05	3e-05	0.00029	1e-05	0.0	0.0	0.0	0.0	0.0	0.0	0.00012	0.00016	0.0	0.0	0.0	0.0	0.00109	0.00042	0.0003	0.00081	0.00023	
0.0003	0.0004	0.00036	0.00048	2e-05	6e-05	0.0	0.0	0.0	0.00191	0.0	0.0	0.0	0.00042	0.00061	0.0	0.0008	0.0	0.0	0.0	0.0	0.0	0.0	0.0	0.0	0.0	0.0	0.0	0.0	0.00034	0.0	0.00027	0.0	0.0	0.00056	0.00046	0.00019	0.0	0.00038	0.00034	0.00031	0.00031	0.00057	0.00014	0.00011	7e-05	0.00021	0.00113	0.00023	0.00029	6e-05	0.00017	9e-05	0.00117	0.00051	0.00015	0.00058	0.0001	0.00019	0.00022	3e-05	2e-05	0.00026	0.00056	0.00031	0.0	0.0	0.0003	0.0	0.0	9e-05	0.00027	0.00082	0.00016	0.0	0.0	0.00015	0.00031	0.00013	0.00077	0.00025	0.00089	0.00041	9e-05	0.00061	0.0002	0.00018	0.00063	0.0003	0.00117	0.00022	0.00022	0.0	0.00016	7e-05	7e-05	0.00038	0.00022	8e-05	3e-05	0.00029	1e-05	0.0	0.0	0.0	0.0	0.0	0.0	0.00012	0.00016	0.0	0.0	0.0	0.0	0.00109	0.00042	0.0003	0.00081	0.00023	
0.0003	0.0004	0.00036	0.00048	2e-05	6e-05	0.0	0.0	0.0	0.00191	0.0	0.0	0.0	0.00042	0.00061	0.0	0.0008	0.0	0.0	0.0	0.0	0.0	0.0	0.0	0.0	0.0	0.0	0.0	0.0	0.00034	0.0	0.00027	0.0	0.0	0.00056	0.00046	0.00019	0.0	0.00038	0.00034	0.00031	0.00031	0.00057	0.00014	0.00011	7e-05	0.00021	0.00113	0.00023	0.00029	6e-05	0.00017	9e-05	0.00117	0.00051	0.00015	0.00058	0.0001	0.00019	0.00022	3e-05	2e-05	0.00026	0.00056	0.00031	0.0	0.0	0.0003	0.0	0.0	9e-05	0.00027	0.00082	0.00016	0.0	0.0	0.00015	0.00031	0.00013	0.00077	0.00025	0.00089	0.00041	9e-05	0.00061	0.0002	0.00018	0.00063	0.0003	0.00117	0.00022	0.00022	0.0	0.00016	7e-05	7e-05	0.00038	0.00022	8e-05	3e-05	0.00029	1e-05	0.0	0.0	0.0	0.0	0.0	0.0	0.00012	0.00016	0.0	0.0	0.0	0.0	0.00109	0.00042	0.0003	0.00081	0.00023	
0.0003	0.0004	0.00036	0.00048	2e-05	6e-05	0.0	0.0	0.0	0.00191	0.0	0.0	0.0	0.00042	0.00061	0.0	0.0008	0.0	0.0	0.0	0.0	0.0	0.0	0.0	0.0	0.0	0.0	0.0	0.0	0.00034	0.0	0.00027	0.0	0.0	0.00056	0.00046	0.00019	0.0	0.00038	0.00034	0.00031	0.00031	0.00057	0.00014	0.00011	7e-05	0.00021	0.00113	0.00023	0.00029	6e-05	0.00017	9e-05	0.00117	0.00051	0.00015	0.00058	0.0001	0.00019	0.00022	3e-05	2e-05	0.00026	0.00056	0.00031	0.0	0.0	0.0003	0.0	0.0	9e-05	0.00027	0.00082	0.00016	0.0	0.0	0.00015	0.00031	0.00013	0.00077	0.00025	0.00089	0.00041	9e-05	0.00061	0.0002	0.00018	0.00063	0.0003	0.00117	0.00022	0.00022	0.0	0.00016	7e-05	7e-05	0.00038	0.00022	8e-05	3e-05	0.00029	1e-05	0.0	0.0	0.0	0.0	0.0	0.0	0.00012	0.00016	0.0	0.0	0.0	0.0	0.00109	0.00042	0.0003	0.00081	0.00023	
0.0003	0.0004	0.00036	0.00048	2e-05	6e-05	0.0	0.0	0.0	0.00191	0.0	0.0	0.0	0.00042	0.00061	0.0	0.0008	0.0	0.0	0.0	0.0	0.0	0.0	0.0	0.0	0.0	0.0	0.0	0.0	0.00034	0.0	0.00027	0.0	0.0	0.00056	0.00046	0.00019	0.0	0.00038	0.00034	0.00031	0.00031	0.00057	0.00014	0.00011	7e-05	0.00021	0.00113	0.00023	0.00029	6e-05	0.00017	9e-05	0.00117	0.00051	0.00015	0.00058	0.0001	0.00019	0.00022	3e-05	2e-05	0.00026	0.00056	0.00031	0.0	0.0	0.0003	0.0	0.0	9e-05	0.00027	0.00082	0.00016	0.0	0.0	0.00015	0.00031	0.00013	0.00077	0.00025	0.00089	0.00041	9e-05	0.00061	0.0002	0.00018	0.00063	0.0003	0.00117	0.00022	0.00022	0.0	0.00016	7e-05	7e-05	0.00038	0.00022	8e-05	3e-05	0.00029	1e-05	0.0	0.0	0.0	0.0	0.0	0.0	0.00012	0.00016	0.0	0.0	0.0	0.0	0.00109	0.00042	0.0003	0.00081	0.00023	
0.0003	0.0004	0.00036	0.00048	2e-05	6e-05	0.0	0.0	0.0	0.00191	0.0	0.0	0.0	0.00042	0.00061	0.0	0.0008	0.0	0.0	0.0	0.0	0.0	0.0	0.0	0.0	0.0	0.0	0.0	0.0	0.00034	0.0	0.00027	0.0	0.0	0.00056	0.00046	0.00019	0.0	0.00038	0.00034	0.00031	0.00031	0.00057	0.00014	0.00011	7e-05	0.00021	0.00113	0.00023	0.00029	6e-05	0.00017	9e-05	0.00117	0.00051	0.00015	0.00058	0.0001	0.00019	0.00022	3e-05	2e-05	0.00026	0.00056	0.00031	0.0	0.0	0.0003	0.0	0.0	9e-05	0.00027	0.00082	0.00016	0.0	0.0	0.00015	0.00031	0.00013	0.00077	0.00025	0.00089	0.00041	9e-05	0.00061	0.0002	0.00018	0.00063	0.0003	0.00117	0.00022	0.00022	0.0	0.00016	7e-05	7e-05	0.00038	0.00022	8e-05	3e-05	0.00029	1e-05	0.0	0.0	0.0	0.0	0.0	0.0	0.00012	0.00016	0.0	0.0	0.0	0.0	0.00109	0.00042	0.0003	0.00081	0.00023	
0.01299	0.01628	0.00845	0.00399	0.03272	0.03617	0.00022	0.00022	0.00022	0.01333	0.00034	0.00034	0.0	0.01518	0.01591	0.0	0.01302	0.0	0.00034	0.00034	0.00034	0.00034	0.00034	0.00034	0.00034	0.00034	0.00034	0.00034	0.00034	0.0	0.00034	0.01613	0.00034	0.00034	0.01494	0.02634	0.00498	0.00034	0.01473	0.00417	0.00831	0.00831	0.01149	0.01848	0.02015	0.00846	0.01667	0.01004	0.15704	0.01567	0.11489	0.00595	0.04232	0.00884	0.0138	0.03356	0.014	0.02313	0.01029	0.01152	0.02117	0.05068	0.03384	0.02754	0.00831	0.00034	0.00034	0.00604	0.00034	0.00034	0.02726	0.04084	0.0205	0.30428	0.00188	0.00085	0.00895	0.00484	0.10177	0.00967	0.02539	0.01056	0.01377	0.13032	0.01984	0.05206	0.06468	0.01753	0.00604	0.00884	0.00912	0.00912	0.00034	0.0094	0.10458	0.0295	0.02569	0.03907	0.05446	0.04726	0.0527	0.07245	0.0	0.0	0.0	0.0	0.0	0.0	0.27148	0.20877	0.00057	0.00057	0.00057	0.00057	0.01165	0.00477	0.01613	0.01709	0.0192	
0.0003	0.0004	0.00036	0.00048	2e-05	6e-05	0.0	0.0	0.0	0.00191	0.0	0.0	0.0	0.00042	0.00061	0.0	0.0008	0.0	0.0	0.0	0.0	0.0	0.0	0.0	0.0	0.0	0.0	0.0	0.0	0.00034	0.0	0.00027	0.0	0.0	0.00056	0.00046	0.00019	0.0	0.00038	0.00034	0.00031	0.00031	0.00057	0.00014	0.00011	7e-05	0.00021	0.00113	0.00023	0.00029	6e-05	0.00017	9e-05	0.00117	0.00051	0.00015	0.00058	0.0001	0.00019	0.00022	3e-05	2e-05	0.00026	0.00056	0.00031	0.0	0.0	0.0003	0.0	0.0	9e-05	0.00027	0.00082	0.00016	0.0	0.0	0.00015	0.00031	0.00013	0.00077	0.00025	0.00089	0.00041	9e-05	0.00061	0.0002	0.00018	0.00063	0.0003	0.00117	0.00022	0.00022	0.0	0.00016	7e-05	7e-05	0.00038	0.00022	8e-05	3e-05	0.00029	1e-05	0.0	0.0	0.0	0.0	0.0	0.0	0.00012	0.00016	0.0	0.0	0.0	0.0	0.00109	0.00042	0.0003	0.00081	0.00023	
0.06175	0.1236	0.03314	0.01167	0.21645	0.03342	0.00066	0.00066	0.00066	0.04356	0.00027	0.00027	0.0	0.21912	0.01243	0.0	0.15646	0.0	0.00027	0.00027	0.00027	0.00027	0.00027	0.00027	0.00027	0.00027	0.00027	0.00027	0.00027	0.01613	0.00027	0.0	0.00027	0.00027	0.01301	0.04979	0.01557	0.00027	0.02342	0.01195	0.15294	0.15294	0.13879	0.09174	0.29582	0.03822	0.56937	0.11354	0.13466	0.17032	0.04696	0.02201	0.1475	0.15255	0.1744	0.20579	0.10522	0.31094	0.06716	0.23155	0.05508	0.15897	0.11748	0.04053	0.15294	0.00027	0.00027	0.02018	0.00027	0.00027	0.02478	0.09717	0.06557	0.11741	0.09199	0.09072	0.09593	0.01472	0.06834	0.13978	0.11856	0.27233	0.14428	0.1346	0.16811	0.05732	0.12088	0.26962	0.02018	0.15255	0.15901	0.15901	0.00027	0.14993	0.13622	0.0515	0.09925	0.30609	0.16425	0.10703	0.09708	0.1578	0.0	0.0	0.0	0.0	0.0	0.0	0.29318	0.26974	0.01884	0.01884	0.01884	0.01884	0.15961	0.02594	0.2847	0.07612	0.1837	
0.0003	0.0004	0.00036	0.00048	2e-05	6e-05	0.0	0.0	0.0	0.00191	0.0	0.0	0.0	0.00042	0.00061	0.0	0.0008	0.0	0.0	0.0	0.0	0.0	0.0	0.0	0.0	0.0	0.0	0.0	0.0	0.00034	0.0	0.00027	0.0	0.0	0.00056	0.00046	0.00019	0.0	0.00038	0.00034	0.00031	0.00031	0.00057	0.00014	0.00011	7e-05	0.00021	0.00113	0.00023	0.00029	6e-05	0.00017	9e-05	0.00117	0.00051	0.00015	0.00058	0.0001	0.00019	0.00022	3e-05	2e-05	0.00026	0.00056	0.00031	0.0	0.0	0.0003	0.0	0.0	9e-05	0.00027	0.00082	0.00016	0.0	0.0	0.00015	0.00031	0.00013	0.00077	0.00025	0.00089	0.00041	9e-05	0.00061	0.0002	0.00018	0.00063	0.0003	0.00117	0.00022	0.00022	0.0	0.00016	7e-05	7e-05	0.00038	0.00022	8e-05	3e-05	0.00029	1e-05	0.0	0.0	0.0	0.0	0.0	0.0	0.00012	0.00016	0.0	0.0	0.0	0.0	0.00109	0.00042	0.0003	0.00081	0.00023	
0.0003	0.0004	0.00036	0.00048	2e-05	6e-05	0.0	0.0	0.0	0.00191	0.0	0.0	0.0	0.00042	0.00061	0.0	0.0008	0.0	0.0	0.0	0.0	0.0	0.0	0.0	0.0	0.0	0.0	0.0	0.0	0.00034	0.0	0.00027	0.0	0.0	0.00056	0.00046	0.00019	0.0	0.00038	0.00034	0.00031	0.00031	0.00057	0.00014	0.00011	7e-05	0.00021	0.00113	0.00023	0.00029	6e-05	0.00017	9e-05	0.00117	0.00051	0.00015	0.00058	0.0001	0.00019	0.00022	3e-05	2e-05	0.00026	0.00056	0.00031	0.0	0.0	0.0003	0.0	0.0	9e-05	0.00027	0.00082	0.00016	0.0	0.0	0.00015	0.00031	0.00013	0.00077	0.00025	0.00089	0.00041	9e-05	0.00061	0.0002	0.00018	0.00063	0.0003	0.00117	0.00022	0.00022	0.0	0.00016	7e-05	7e-05	0.00038	0.00022	8e-05	3e-05	0.00029	1e-05	0.0	0.0	0.0	0.0	0.0	0.0	0.00012	0.00016	0.0	0.0	0.0	0.0	0.00109	0.00042	0.0003	0.00081	0.00023	
0.02982	0.65527	0.02919	0.01118	0.14143	0.16789	0.00106	0.00106	0.00106	0.02743	0.00056	0.00056	0.0	0.13151	0.75332	0.0	0.29008	0.0	0.00056	0.00056	0.00056	0.00056	0.00056	0.00056	0.00056	0.00056	0.00056	0.00056	0.00056	0.01494	0.00056	0.01301	0.00056	0.00056	0.0	0.11125	0.01445	0.00056	0.06004	0.01131	0.02824	0.02824	0.08936	0.10987	0.10443	0.1687	0.12993	0.34759	0.30803	0.18973	0.42732	0.02611	0.10467	0.02847	0.04132	0.35905	0.21726	0.05049	0.03803	0.2802	0.10933	0.1846	0.02948	0.2347	0.02824	0.00056	0.00056	0.01839	0.00056	0.00056	0.00503	0.49472	0.15855	0.06582	0.01033	0.00619	0.19741	0.01372	0.05537	0.03649	0.39269	0.14285	0.03298	0.05596	0.09511	0.07592	0.10265	0.23432	0.01839	0.02847	0.03227	0.03227	0.00056	0.03659	0.06101	0.02316	0.0569	0.14865	0.20267	0.12927	0.16723	0.29664	0.0	0.0	0.0	0.0	0.0	0.0	0.48216	0.16563	0.00483	0.00483	0.00483	0.00483	0.30076	0.01629	0.3947	0.47925	0.41627	
0.02802	0.16423	0.07101	0.0291	0.27194	0.12701	0.00209	0.00209	0.00209	0.20504	0.00046	0.00046	0.0	0.11539	0.09283	0.0	0.10926	0.0	0.00046	0.00046	0.00046	0.00046	0.00046	0.00046	0.00046	0.00046	0.00046	0.00046	0.00046	0.02634	0.00046	0.04979	0.00046	0.00046	0.11125	0.0	0.02539	0.00046	0.02621	0.01912	0.09179	0.09179	0.17158	0.14414	0.10916	0.09951	0.10582	0.10552	0.42192	0.09842	0.1342	0.03289	0.21678	0.09899	0.18072	0.40209	0.08429	0.05164	0.05555	0.16873	0.07078	0.2643	0.23464	0.212	0.09179	0.00046	0.00046	0.03359	0.00046	0.00046	0.15982	0.36686	0.1209	0.19983	0.01532	0.0076	0.0922	0.02388	0.14268	0.16638	0.16762	0.12374	0.11033	0.18263	0.27471	0.11839	0.20818	0.08704	0.03359	0.09899	0.06645	0.06645	0.00046	0.08204	0.1801	0.23939	0.06763	0.51151	0.32127	0.21115	0.49611	0.3615	0.0	0.0	0.0	0.0	0.0	0.0	0.30014	0.19206	0.00934	0.00934	0.00934	0.00934	0.15673	0.03868	0.28162	0.20558	0.22599	
0.0126	0.01575	0.00822	0.00392	0.03153	0.03495	0.00024	0.00024	0.00024	0.01297	0.00019	0.00019	0.0	0.01464	0.01538	0.0	0.01259	0.0	0.00019	0.00019	0.00019	0.00019	0.00019	0.00019	0.00019	0.00019	0.00019	0.00019	0.00019	0.00498	0.00019	0.01557	0.00019	0.00019	0.01445	0.02539	0.0	0.00019	0.10173	0.004	0.00803	0.00803	0.01111	0.10068	0.04118	0.37943	0.01608	0.00972	0.05288	0.12071	0.01424	0.00603	0.04081	0.00857	0.01333	0.03288	0.01352	0.02234	0.18802	0.01111	0.02042	0.04914	0.03259	0.04293	0.00803	0.00019	0.00019	0.00582	0.00019	0.00019	0.02632	0.03936	0.04858	0.06332	0.0	0.00166	0.00901	0.00465	0.09801	0.00935	0.02446	0.01021	0.01329	0.12486	0.01916	0.05016	0.06243	0.05741	0.00582	0.00857	0.00881	0.00881	0.00019	0.00908	0.10042	0.02846	0.02476	0.03778	0.05261	0.04571	0.05092	0.05952	0.0	0.0	0.0	0.0	0.0	0.0	0.01498	0.0225	0.00123	0.00123	0.00123	0.00123	0.01145	0.00504	0.01569	0.01665	0.01869	
0.0003	0.0004	0.00036	0.00048	2e-05	6e-05	0.0	0.0	0.0	0.00191	0.0	0.0	0.0	0.00042	0.00061	0.0	0.0008	0.0	0.0	0.0	0.0	0.0	0.0	0.0	0.0	0.0	0.0	0.0	0.0	0.00034	0.0	0.00027	0.0	0.0	0.00056	0.00046	0.00019	0.0	0.00038	0.00034	0.00031	0.00031	0.00057	0.00014	0.00011	7e-05	0.00021	0.00113	0.00023	0.00029	6e-05	0.00017	9e-05	0.00117	0.00051	0.00015	0.00058	0.0001	0.00019	0.00022	3e-05	2e-05	0.00026	0.00056	0.00031	0.0	0.0	0.0003	0.0	0.0	9e-05	0.00027	0.00082	0.00016	0.0	0.0	0.00015	0.00031	0.00013	0.00077	0.00025	0.00089	0.00041	9e-05	0.00061	0.0002	0.00018	0.00063	0.0003	0.00117	0.00022	0.00022	0.0	0.00016	7e-05	7e-05	0.00038	0.00022	8e-05	3e-05	0.00029	1e-05	0.0	0.0	0.0	0.0	0.0	0.0	0.00012	0.00016	0.0	0.0	0.0	0.0	0.00109	0.00042	0.0003	0.00081	0.00023	
0.05114	0.07491	0.01205	0.01091	0.05219	0.06189	0.00081	0.00081	0.00081	0.06231	0.00038	0.00038	0.0	0.09546	0.06486	0.0	0.05484	0.0	0.00038	0.00038	0.00038	0.00038	0.00038	0.00038	0.00038	0.00038	0.00038	0.00038	0.00038	0.01473	0.00038	0.02342	0.00038	0.00038	0.06004	0.02621	0.10173	0.00038	0.0	0.01111	0.02795	0.02795	0.17458	0.03438	0.08958	0.09066	0.02626	0.03714	0.0642	0.02049	0.0673	0.01987	0.0608	0.23056	0.16846	0.05574	0.06141	0.00119	0.00421	0.05163	0.0324	0.06428	0.04555	0.01391	0.02795	0.00038	0.00038	0.13476	0.00038	0.00038	0.01118	0.03906	0.08636	0.04926	0.03188	0.00448	0.0265	0.01351	0.00801	0.19079	0.08045	0.18233	0.02119	0.03423	0.12397	0.03321	0.05416	0.08778	0.13476	0.23056	0.02915	0.02915	0.00038	0.03148	0.02246	0.00665	0.09912	0.06109	0.08605	0.01952	0.11079	0.04015	0.0	0.0	0.0	0.0	0.0	0.0	0.04303	0.02488	0.03857	0.03857	0.03857	0.03857	0.04435	0.03763	0.05766	0.05978	0.06589	
0.00985	0.01207	0.00659	0.00331	0.02351	0.02657	0.00026	0.00026	0.00026	0.01049	0.00034	0.00034	0.0	0.01119	0.01202	0.0	0.00983	0.0	0.00034	0.00034	0.00034	0.00034	0.00034	0.00034	0.00034	0.00034	0.00034	0.00034	0.00034	0.00417	0.00034	0.01195	0.00034	0.00034	0.01131	0.01912	0.004	0.00034	0.01111	0.0	0.00646	0.00646	0.00868	0.01348	0.01471	0.0064	0.0123	0.0078	0.04035	0.01172	0.01079	0.00477	0.03032	0.00705	0.01032	0.02452	0.01047	0.01711	0.00786	0.00853	0.01549	0.03635	0.02434	0.02043	0.00646	0.00034	0.00034	0.0048	0.00034	0.00034	0.0201	0.02953	0.05286	0.09189	0.00193	0.00094	0.00699	0.00391	0.07321	0.00745	0.01837	0.0081	0.01026	0.00896	0.01468	0.03758	0.04651	0.01295	0.0048	0.00705	0.00702	0.00702	0.00034	0.00711	0.06569	0.02161	0.01868	0.02809	0.03903	0.03403	0.0378	0.04386	0.0	0.0	0.0	0.0	0.0	0.0	0.01121	0.01685	0.00066	0.00066	0.00066	0.00066	0.00894	0.00396	0.01188	0.01278	0.01414	
0.02431	0.37472	0.01473	0.00608	0.09172	0.06834	0.00015	0.00015	0.00015	0.0235	0.00031	0.00031	0.0	0.17165	0.03023	0.0	0.43435	0.0	0.00031	0.00031	0.00031	0.00031	0.00031	0.00031	0.00031	0.00031	0.00031	0.00031	0.00031	0.00831	0.00031	0.15294	0.00031	0.00031	0.02824	0.09179	0.00803	0.00031	0.02795	0.00646	0.0	1.00015	0.02194	0.0384	0.09261	0.01571	0.14345	0.01817	0.06357	0.30948	0.02876	0.00978	0.15888	0.01492	0.21918	0.25691	0.31298	0.11161	0.48036	0.37218	0.09837	0.13726	0.10681	0.05501	1.00015	0.00031	0.00031	0.00998	0.00031	0.00031	0.0549	0.0559	0.04084	0.02786	0.00233	0.00097	0.01566	0.00769	0.02511	0.01766	0.05451	0.01953	0.40796	0.0244	0.04008	0.20952	0.10334	0.13376	0.00998	0.01492	0.01627	0.01627	0.00031	0.01755	0.0263	0.07108	0.05445	0.15396	0.0484	0.1015	0.05349	0.05981	0.0	0.0	0.0	0.0	0.0	0.0	0.02987	0.04739	0.0006	0.0006	0.0006	0.0006	0.02188	0.00741	0.18214	0.03381	0.18341	
0.02431	0.37472	0.01473	0.00608	0.09172	0.06834	0.00015	0.00015	0.00015	0.0235	0.00031	0.00031	0.0	0.17165	0.03023	0.0	0.43435	0.0	0.00031	0.00031	0.00031	0.00031	0.00031	0.00031	0.00031	0.00031	0.00031	0.00031	0.00031	0.00831	0.00031	0.15294	0.00031	0.00031	0.02824	0.09179	0.00803	0.00031	0.02795	0.00646	1.00015	0.0	0.02194	0.0384	0.09261	0.01571	0.14345	0.01817	0.06357	0.30948	0.02876	0.00978	0.15888	0.01492	0.21918	0.25691	0.31298	0.11161	0.48036	0.37218	0.09837	0.13726	0.10681	0.05501	1.00015	0.00031	0.00031	0.00998	0.00031	0.00031	0.0549	0.0559	0.04084	0.02786	0.00233	0.00097	0.01566	0.00769	0.02511	0.01766	0.05451	0.01953	0.40796	0.0244	0.04008	0.20952	0.10334	0.13376	0.00998	0.01492	0.01627	0.01627	0.00031	0.01755	0.0263	0.07108	0.05445	0.15396	0.0484	0.1015	0.05349	0.05981	0.0	0.0	0.0	0.0	0.0	0.0	0.02987	0.04739	0.0006	0.0006	0.0006	0.0006	0.02188	0.00741	0.18214	0.03381	0.18341	
0.25808	0.08281	0.02253	0.00843	0.1573	0.11283	0.0008	0.0008	0.0008	0.23291	0.00057	0.00057	0.0	0.05907	0.08264	0.0	0.04411	0.0	0.00057	0.00057	0.00057	0.00057	0.00057	0.00057	0.00057	0.00057	0.00057	0.00057	0.00057	0.01149	0.00057	0.13879	0.00057	0.00057	0.08936	0.17158	0.01111	0.00057	0.17458	0.00868	0.02194	0.02194	0.0	0.25764	0.25155	0.26337	0.32534	0.02968	0.09106	0.05704	0.22993	0.01506	0.09205	0.48143	0.41198	0.15006	0.04946	0.12821	0.02971	0.19987	0.21865	0.12485	0.11324	0.09925	0.02194	0.00057	0.00057	0.01418	0.00057	0.00057	0.06983	0.10453	0.15458	0.05053	0.00635	0.00377	0.3172	0.01055	0.0439	0.38164	0.10777	0.3582	0.04866	0.04487	0.25051	0.07868	0.20637	0.13696	0.01418	0.48143	0.02513	0.02513	0.00057	0.02882	0.04894	0.16747	0.16529	0.28609	0.13241	0.11418	0.30825	0.29681	0.0	0.0	0.0	0.0	0.0	0.0	0.37952	0.13518	0.23829	0.23829	0.23829	0.23829	0.10977	0.18011	0.29129	0.38141	0.18615	
0.12234	0.1199	0.0118	0.01215	0.18337	0.06526	0.0001	0.0001	0.0001	0.04151	0.00014	0.00014	0.0	0.07905	0.11333	0.0	0.05187	0.0	0.00014	0.00014	0.00014	0.00014	0.00014	0.00014	0.00014	0.00014	0.00014	0.00014	0.00014	0.01848	0.00014	0.09174	0.00014	0.00014	0.10987	0.14414	0.10068	0.00014	0.03438	0.01348	0.0384	0.0384	0.25764	0.0	0.29532	0.34123	0.25359	0.09363	0.22894	0.12714	0.21631	0.02527	0.19465	0.10453	0.21147	0.18509	0.03557	0.18162	0.05941	0.27388	0.32568	0.18793	0.1943	0.22812	0.0384	0.00014	0.00014	0.02341	0.00014	0.00014	0.06585	0.1859	0.07198	0.13392	0.0146	0.0052	0.26701	0.09361	0.17068	0.15652	0.09682	0.1884	0.10205	0.12195	0.12818	0.06306	0.24306	0.05696	0.02341	0.10453	0.04489	0.04489	0.00014	0.05415	0.18799	0.06917	0.09519	0.28499	0.25238	0.29005	0.28465	0.35398	0.0	0.0	0.0	0.0	0.0	0.0	0.28836	0.17184	0.01064	0.01064	0.01064	0.01064	0.12695	0.05721	0.31718	0.181	0.25884	
0.16159	0.16604	0.00932	0.01417	0.2089	0.0575	0.00036	0.00036	0.00036	0.02656	0.00011	0.00011	0.0	0.15189	0.09426	0.0	0.09577	0.0	0.00011	0.00011	0.00011	0.00011	0.00011	0.00011	0.00011	0.00011	0.00011	0.00011	0.00011	0.02015	0.00011	0.29582	0.00011	0.00011	0.10443	0.10916	0.04118	0.00011	0.08958	0.01471	0.09261	0.09261	0.25155	0.29532	0.0	0.27966	0.53761	0.08768	0.15948	0.20717	0.21494	0.02759	0.14518	0.09243	0.2886	0.21248	0.06327	0.24478	0.13652	0.3542	0.18035	0.10062	0.09071	0.12291	0.09261	0.00011	0.00011	0.02553	0.00011	0.00011	0.04642	0.11978	0.05655	0.12839	0.00205	0.00552	0.2836	0.15517	0.12686	0.09792	0.14618	0.16097	0.12919	0.07169	0.11421	0.05549	0.09176	0.26036	0.02553	0.09243	0.0489	0.0489	0.00011	0.05884	0.15032	0.06315	0.08698	0.21491	0.18012	0.09535	0.20371	0.27079	0.0	0.0	0.0	0.0	0.0	0.0	0.28617	0.17231	0.00859	0.00859	0.00859	0.00859	0.11297	0.02101	0.32124	0.15467	0.2335	
0.21201	0.1308	0.016	0.00608	0.08834	0.07711	6e-05	6e-05	6e-05	0.02628	7e-05	7e-05	0.0	0.03764	0.15493	0.0	0.0294	0.0	7e-05	7e-05	7e-05	7e-05	7e-05	7e-05	7e-05	7e-05	7e-05	7e-05	7e-05	0.00846	7e-05	0.03822	7e-05	7e-05	0.1687	0.09951	0.37943	7e-05	0.09066	0.0064	0.01571	0.01571	0.26337	0.34123	0.27966	0.0	0.29667	0.02055	0.16619	0.10995	0.34701	0.01044	0.08088	0.01601	0.16704	0.14788	0.03256	0.09856	0.13047	0.29201	0.28275	0.10722	0.09555	0.11022	0.01571	7e-05	7e-05	0.01037	7e-05	7e-05	0.06543	0.13254	0.07223	0.06822	0.13194	0.00148	0.62838	0.00777	0.08941	0.01995	0.10234	0.02234	0.03207	0.11502	0.04843	0.07147	0.08094	0.07374	0.01037	0.01601	0.01782	0.01782	7e-05	0.01987	0.09871	0.07557	0.06807	0.13788	0.19406	0.13282	0.162	0.29762	0.0	0.0	0.0	0.0	0.0	0.0	0.3558	0.13079	0.001	0.001	0.001	0.001	0.02561	0.00788	0.26697	0.18092	0.16809	
0.17065	0.23495	0.03455	0.01192	0.23071	0.0528	0.00052	0.00052	0.00052	0.04368	0.00021	0.00021	0.0	0.21661	0.11394	0.0	0.15156	0.0	0.00021	0.00021	0.00021	0.00021	0.00021	0.00021	0.00021	0.00021	0.00021	0.00021	0.00021	0.01667	0.00021	0.56937	0.00021	0.00021	0.12993	0.10582	0.01608	0.00021	0.02626	0.0123	0.14345	0.14345	0.32534	0.25359	0.53761	0.29667	0.0	0.11022	0.15125	0.16458	0.25419	0.02253	0.16656	0.14309	0.4307	0.28265	0.10384	0.5051	0.0649	0.49761	0.19189	0.12962	0.09447	0.08859	0.14345	0.00021	0.00021	0.02091	0.00021	0.00021	0.03545	0.16232	0.05015	0.08671	0.00906	0.00499	0.3485	0.01519	0.07271	0.13409	0.1561	0.25715	0.1436	0.07617	0.17231	0.06235	0.12529	0.26318	0.02091	0.14309	0.03887	0.03887	0.00021	0.04581	0.08389	0.08667	0.05711	0.3478	0.20565	0.1082	0.25785	0.29916	0.0	0.0	0.0	0.0	0.0	0.0	0.36124	0.16906	0.01712	0.01712	0.01712	0.01712	0.15482	0.02528	0.57252	0.19427	0.44346	
0.03222	0.25416	0.01883	0.00786	0.16064	0.09648	0.00164	0.00164	0.00164	0.19541	0.00113	0.00113	0.0	0.35279	0.30815	0.0	0.5158	0.0	0.00113	0.00113	0.00113	0.00113	0.00113	0.00113	0.00113	0.00113	0.00113	0.00113	0.00113	0.01004	0.00113	0.11354	0.00113	0.00113	0.34759	0.10552	0.00972	0.00113	0.03714	0.0078	0.01817	0.01817	0.02968	0.09363	0.08768	0.02055	0.11022	0.0	0.37091	0.5037	0.28641	0.15016	0.0888	0.01844	0.03738	0.16616	0.39768	0.09708	0.02405	0.25777	0.09097	0.10941	0.12027	0.13011	0.01817	0.00113	0.00113	0.01216	0.00113	0.00113	0.09061	0.2039	0.2925	0.04031	0.00859	0.0057	0.02204	0.00929	0.03418	0.02312	0.1682	0.33229	0.14528	0.03432	0.05692	0.17456	0.06066	0.36685	0.01216	0.01844	0.02059	0.02059	0.00113	0.02308	0.03723	0.08395	0.11786	0.10143	0.12006	0.1239	0.11552	0.11097	0.0	0.0	0.0	0.0	0.0	0.0	0.18044	0.13878	0.0047	0.0047	0.0047	0.0047	0.81398	0.01148	0.37966	0.46091	0.26311	
0.05427	0.25187	0.06683	0.02298	0.39667	0.05217	0.00063	0.00063	0.00063	0.04974	0.00023	0.00023	0.0	0.14871	0.18701	0.0	0.23508	0.0	0.00023	0.00023	0.00023	0.00023	0.00023	0.00023	0.00023	0.00023	0.00023	0.00023	0.00023	0.15704	0.00023	0.13466	0.00023	0.00023	0.30803	0.42192	0.05288	0.00023	0.0642	0.04035	0.06357	0.06357	0.09106	0.22894	0.15948	0.16619	0.15125	0.37091	0.0	0.22844	0.52798	0.06583	0.27394	0.07097	0.09905	1.23661	0.17712	0.08318	0.0484	0.31132	0.16368	0.6606	0.32223	0.12756	0.06357	0.00023	0.00023	0.06887	0.00023	0.00023	0.26878	0.86295	0.13398	0.35489	0.00023	0.00023	0.12181	0.05112	0.25996	0.31709	0.33996	0.262	0.20674	0.44557	0.3074	0.46379	0.31619	0.2652	0.06887	0.07097	0.14207	0.14207	0.00023	0.18673	0.38046	0.19548	0.1014	0.40141	1.25206	0.50682	0.53169	0.63287	0.0	0.0	0.0	0.0	0.0	0.0	0.82083	0.63339	0.00778	0.00778	0.00778	0.00778	0.33149	0.03675	0.31283	0.23316	0.23991	
