0.0	0.07906	6e-05	6e-05	6e-05	0.02641	0.05021	0.09247	6e-05	6e-05	6e-05	6e-05	6e-05	0.07906	0.10352	0.08365	0.20048	0.07537	0.06754	0.02857	0.08363	0.00112	0.0663	6e-05	6e-05	6e-05	6e-05	6e-05	6e-05	6e-05	6e-05	6e-05	0.08493	6e-05	0.07906	6e-05	6e-05	0.10376	0.17253	0.09418	0.0	0.0	0.09211	0.00949	6e-05	0.05641	0.03601	0.03152	0.1129	0.13939	0.07011	0.14469	0.0	0.0	0.10423	0.0	0.0712	0.03837	0.11037	0.11524	0.30191	0.12691	0.0	0.0	0.0	0.15631	0.0	0.10832	0.11934	0.19632	6e-05	6e-05	6e-05	6e-05	6e-05	0.0	6e-05	0.01875	6e-05	0.03715	0.0	
0.07906	0.0	0.00015	0.00015	0.00015	0.00877	0.00921	0.04132	0.00015	0.00015	0.00015	0.00015	0.00015	0.99971	0.08159	0.05788	0.06165	0.0204	0.01814	0.00932	0.14305	0.00014	0.00404	0.00015	0.00015	0.00015	0.00015	0.00015	0.00015	0.00015	0.00015	0.00015	0.01881	0.00015	0.99971	0.00015	0.00015	0.01917	0.01776	0.01275	0.0	0.0	0.02186	0.01536	0.00015	0.01357	0.01091	0.39627	0.16203	0.0351	0.01689	0.03267	0.0	0.0	0.01666	0.0	0.03691	0.01562	0.07542	0.06403	0.11227	0.0293	0.0	0.0	0.0	0.01867	0.0	0.03836	0.01639	0.02498	0.00015	0.00015	0.00015	0.00015	0.00015	0.0	0.00015	0.00686	0.00015	0.01117	0.0	
6e-05	0.00015	0.0	0.0	0.0	0.00016	7e-05	0.0001	0.0	0.0	0.0	0.0	0.0	0.00012	3e-05	0.00023	3e-05	7e-05	6e-05	0.00025	1e-05	0.0	0.0004	0.0	0.0	0.0	0.0	0.0	0.0	0.0	0.0	0.0	3e-05	0.0	0.00012	0.0	0.0	0.00013	1e-05	0.0001	0.0	0.0	3e-05	0.05488	0.0	5e-05	0.0001	8e-05	4e-05	0.00015	2e-05	0.00018	0.0	0.0	5e-05	0.0	0.00011	0.0001	9e-05	8e-05	9e-05	0.00011	0.0	0.0	0.0	0.00022	0.0	0.0001	0.00027	0.00034	0.0	0.0	0.0	0.0	0.0	0.0	0.0	0.00028	0.0	0.00013	0.0	
6e-05	0.00015	0.0	0.0	0.0	0.00012	7e-05	2e-05	0.0	0.0	0.0	0.0	0.0	0.00015	1e-05	4e-05	5e-05	3e-05	2e-05	0.00016	2e-05	0.0	0.00034	0.0	0.0	0.0	0.0	0.0	0.0	0.0	0.0	0.0	3e-05	0.0	0.00015	0.0	0.0	4e-05	2e-05	7e-05	0.0	0.0	1e-05	0.00025	0.0	5e-05	0.00012	0.00011	5e-05	2e-05	2e-05	5e-05	0.0	0.0	3e-05	0.0	2e-05	8e-05	1e-05	1e-05	1e-05	5e-05	0.0	0.0	0.0	0.00011	0.0	5e-05	0.00016	0.00013	0.0	0.0	0.0	0.0	0.0	0.0	0.0	0.00021	0.0	9e-05	0.0	
6e-05	0.00015	0.0	0.0	0.0	0.00012	7e-05	2e-05	0.0	0.0	0.0	0.0	0.0	0.00015	1e-05	4e-05	5e-05	3e-05	2e-05	0.00016	2e-05	0.0	0.00034	0.0	0.0	0.0	0.0	0.0	0.0	0.0	0.0	0.0	3e-05	0.0	0.00015	0.0	0.0	4e-05	2e-05	7e-05	0.0	0.0	1e-05	0.00025	0.0	5e-05	0.00012	0.00011	5e-05	2e-05	2e-05	5e-05	0.0	0.0	3e-05	0.0	2e-05	8e-05	1e-05	1e-05	1e-05	5e-05	0.0	0.0	0.0	0.00011	0.0	5e-05	0.00016	0.00013	0.0	0.0	0.0	0.0	0.0	0.0	0.0	0.00021	0.0	9e-05	0.0	
0.02641	0.00877	0.00016	0.00012	0.00012	0.0	0.00915	0.04009	0.00012	0.00012	0.00012	0.00012	0.00012	0.0086	0.10959	0.05581	0.06199	0.02003	0.0178	0.00911	0.14321	0.00022	0.00394	0.00012	0.00012	0.00012	0.00012	0.00012	0.00012	0.00012	0.00012	0.00012	0.01842	0.00012	0.0086	0.00012	0.00012	0.2566	0.01741	0.01249	0.0	0.0	0.02137	0.00468	0.00012	0.44583	0.01073	0.01222	0.34897	0.034	0.29139	0.03174	0.0	0.0	0.01633	0.0	0.06277	0.30276	0.0503	0.06079	0.03678	0.02967	0.0	0.0	0.0	0.01821	0.0	0.03725	0.01599	0.02436	0.00012	0.00012	0.00012	0.00012	0.00012	0.0	0.00012	0.0067	0.00012	0.01094	0.0	
0.05021	0.00921	7e-05	7e-05	7e-05	0.00915	0.0	0.20033	7e-05	7e-05	7e-05	7e-05	7e-05	0.00904	0.0317	0.05594	0.05999	0.07606	0.0205	0.00985	0.02232	0.00011	0.00402	7e-05	7e-05	7e-05	7e-05	7e-05	7e-05	7e-05	7e-05	7e-05	0.11813	7e-05	0.00904	7e-05	7e-05	0.02987	0.02	0.01395	0.0	0.0	0.08744	0.00479	7e-05	0.01485	0.01146	0.01319	0.02012	0.05877	0.01898	0.04846	0.0	0.0	0.01854	0.0	0.05292	0.01699	0.1164	0.05959	0.06675	0.03204	0.0	0.0	0.0	0.07947	0.0	0.03949	0.01839	0.06237	7e-05	7e-05	7e-05	7e-05	7e-05	0.0	7e-05	0.00709	7e-05	0.05886	0.0	
0.09247	0.04132	0.0001	2e-05	2e-05	0.04009	0.20033	0.0	2e-05	2e-05	2e-05	2e-05	2e-05	0.0401	0.0436	0.09951	0.09658	0.14165	0.04282	0.04332	0.09863	0.0003	0.01866	2e-05	2e-05	2e-05	2e-05	2e-05	2e-05	2e-05	2e-05	2e-05	0.07734	2e-05	0.0401	2e-05	2e-05	0.05007	0.07959	0.0765	0.0	0.0	0.02555	0.01793	2e-05	0.08952	0.07193	0.00392	0.03427	0.03201	0.13768	0.20383	0.0	0.0	0.108	0.0	0.11016	0.07782	0.06782	0.02334	0.08123	0.04639	0.0	0.0	0.0	0.0962	0.0	0.08233	0.10386	0.05926	2e-05	2e-05	2e-05	2e-05	2e-05	0.0	2e-05	0.02856	2e-05	0.05622	0.0	
6e-05	0.00015	0.0	0.0	0.0	0.00012	7e-05	2e-05	0.0	0.0	0.0	0.0	0.0	0.00015	1e-05	4e-05	5e-05	3e-05	2e-05	0.00016	2e-05	0.0	0.00034	0.0	0.0	0.0	0.0	0.0	0.0	0.0	0.0	0.0	3e-05	0.0	0.00015	0.0	0.0	4e-05	2e-05	7e-05	0.0	0.0	1e-05	0.00025	0.0	5e-05	0.00012	0.00011	5e-05	2e-05	2e-05	5e-05	0.0	0.0	3e-05	0.0	2e-05	8e-05	1e-05	1e-05	1e-05	5e-05	0.0	0.0	0.0	0.00011	0.0	5e-05	0.00016	0.00013	0.0	0.0	0.0	0.0	0.0	0.0	0.0	0.00021	0.0	9e-05	0.0	
6e-05	0.00015	0.0	0.0	0.0	0.00012	7e-05	2e-05	0.0	0.0	0.0	0.0	0.0	0.00015	1e-05	4e-05	5e-05	3e-05	2e-05	0.00016	2e-05	0.0	0.00034	0.0	0.0	0.0	0.0	0.0	0.0	0.0	0.0	0.0	3e-05	0.0	0.00015	0.0	0.0	4e-05	2e-05	7e-05	0.0	0.0	1e-05	0.00025	0.0	5e-05	0.00012	0.00011	5e-05	2e-05	2e-05	5e-05	0.0	0.0	3e-05	0.0	2e-05	8e-05	1e-05	1e-05	1e-05	5e-05	0.0	0.0	0.0	0.00011	0.0	5e-05	0.00016	0.00013	0.0	0.0	0.0	0.0	0.0	0.0	0.0	0.00021	0.0	9e-05	0.0	
6e-05	0.00015	0.0	0.0	0.0	0.00012	7e-05	2e-05	0.0	0.0	0.0	0.0	0.0	0.00015	1e-05	4e-05	5e-05	3e-05	2e-05	0.00016	2e-05	0.0	0.00034	0.0	0.0	0.0	0.0	0.0	0.0	0.0	0.0	0.0	3e-05	0.0	0.00015	0.0	0.0	4e-05	2e-05	7e-05	0.0	0.0	1e-05	0.00025	0.0	5e-05	0.00012	0.00011	5e-05	2e-05	2e-05	5e-05	0.0	0.0	3e-05	0.0	2e-05	8e-05	1e-05	1e-05	1e-05	5e-05	0.0	0.0	0.0	0.00011	0.0	5e-05	0.00016	0.00013	0.0	0.0	0.0	0.0	0.0	0.0	0.0	0.00021	0.0	9e-05	0.0	
6e-05	0.00015	0.0	0.0	0.0	0.00012	7e-05	2e-05	0.0	0.0	0.0	0.0	0.0	0.00015	1e-05	4e-05	5e-05	3e-05	2e-05	0.00016	2e-05	0.0	0.00034	0.0	0.0	0.0	0.0	0.0	0.0	0.0	0.0	0.0	3e-05	0.0	0.00015	0.0	0.0	4e-05	2e-05	7e-05	0.0	0.0	1e-05	0.00025	0.0	5e-05	0.00012	0.00011	5e-05	2e-05	2e-05	5e-05	0.0	0.0	3e-05	0.0	2e-05	8e-05	1e-05	1e-05	1e-05	5e-05	0.0	0.0	0.0	0.00011	0.0	5e-05	0.00016	0.00013	0.0	0.0	0.0	0.0	0.0	0.0	0.0	0.00021	0.0	9e-05	0.0	
6e-05	0.00015	0.0	0.0	0.0	0.00012	7e-05	2e-05	0.0	0.0	0.0	0.0	0.0	0.00015	1e-05	4e-05	5e-05	3e-05	2e-05	0.00016	2e-05	0.0	0.00034	0.0	0.0	0.0	0.0	0.0	0.0	0.0	0.0	0.0	3e-05	0.0	0.00015	0.0	0.0	4e-05	2e-05	7e-05	0.0	0.0	1e-05	0.00025	0.0	5e-05	0.00012	0.00011	5e-05	2e-05	2e-05	5e-05	0.0	0.0	3e-05	0.0	2e-05	8e-05	1e-05	1e-05	1e-05	5e-05	0.0	0.0	0.0	0.00011	0.0	5e-05	0.00016	0.00013	0.0	0.0	0.0	0.0	0.0	0.0	0.0	0.00021	0.0	9e-05	0.0	
0.07906	0.99971	0.00012	0.00015	0.00015	0.0086	0.00904	0.0401	0.00015	0.00015	0.00015	0.00015	0.00015	0.0	0.08177	0.05582	0.06195	0.01992	0.01773	0.00912	0.14321	0.00014	0.00395	0.00015	0.00015	0.00015	0.00015	0.00015	0.00015	0.00015	0.00015	0.00015	0.01843	0.00015	0.99973	0.00015	0.00015	0.01871	0.01741	0.0125	0.0	0.0	0.02137	0.00469	0.00015	0.01333	0.01074	0.39691	0.16242	0.03401	0.01656	0.03174	0.0	0.0	0.01633	0.0	0.03581	0.0153	0.07541	0.06397	0.11204	0.02964	0.0	0.0	0.0	0.01822	0.0	0.03725	0.016	0.02422	0.00015	0.00015	0.00015	0.00015	0.00015	0.0	0.00015	0.00672	0.00015	0.01096	0.0	
0.10352	0.08159	3e-05	1e-05	1e-05	0.10959	0.0317	0.0436	1e-05	1e-05	1e-05	1e-05	1e-05	0.08177	0.0	0.07097	0.11446	0.12675	0.04134	0.08918	0.219	0.00012	0.0094	1e-05	1e-05	1e-05	1e-05	1e-05	1e-05	1e-05	1e-05	1e-05	0.08317	1e-05	0.08177	1e-05	1e-05	0.14691	0.0637	0.09863	0.0	0.0	0.09577	0.01173	1e-05	0.28544	0.17365	0.1675	0.32129	0.09325	0.20615	0.16158	0.0	0.0	0.11633	0.0	0.20865	0.05502	0.22231	0.34629	0.22972	0.13146	0.0	0.0	0.0	0.05807	0.0	0.05325	0.04966	0.1013	1e-05	1e-05	1e-05	1e-05	1e-05	0.0	1e-05	0.01882	1e-05	0.03746	0.0	
0.08365	0.05788	0.00023	4e-05	4e-05	0.05581	0.05594	0.09951	4e-05	4e-05	4e-05	4e-05	4e-05	0.05582	0.07097	0.0	0.30654	0.12958	0.04923	0.06027	0.09868	0.00059	0.01633	4e-05	4e-05	4e-05	4e-05	4e-05	4e-05	4e-05	4e-05	4e-05	0.05314	4e-05	0.05582	4e-05	4e-05	0.07117	0.07287	0.08414	0.0	0.0	0.03497	0.02514	4e-05	0.11621	0.07583	0.09126	0.04436	0.10954	0.07244	0.08646	0.0	0.0	0.03421	0.0	0.02322	0.00135	0.0421	0.02013	0.17562	0.05913	0.0	0.0	0.0	0.05164	0.0	0.0663	0.02964	0.01139	4e-05	4e-05	4e-05	4e-05	4e-05	0.0	4e-05	0.03199	4e-05	0.00637	0.0	
0.20048	0.06165	3e-05	5e-05	5e-05	0.06199	0.05999	0.09658	5e-05	5e-05	5e-05	5e-05	5e-05	0.06195	0.11446	0.30654	0.0	0.16348	0.05998	0.04053	0.1941	0.00079	0.01327	5e-05	5e-05	5e-05	5e-05	5e-05	5e-05	5e-05	5e-05	5e-05	0.0788	5e-05	0.06195	5e-05	5e-05	0.11118	0.22296	0.15281	0.0	0.0	0.11854	0.01653	5e-05	0.06354	0.01238	0.01976	0.16234	0.1962	0.07808	0.12765	0.0	0.0	0.26812	0.0	0.01677	0.1009	0.11504	0.06744	0.2328	0.13547	0.0	0.0	0.0	0.07539	0.0	0.14098	0.09805	0.10739	5e-05	5e-05	5e-05	5e-05	5e-05	0.0	5e-05	0.02651	5e-05	0.02091	0.0	
0.07537	0.0204	7e-05	3e-05	3e-05	0.02003	0.07606	0.14165	3e-05	3e-05	3e-05	3e-05	3e-05	0.01992	0.12675	0.12958	0.16348	0.0	0.10342	0.10237	0.1521	0.00017	0.03057	3e-05	3e-05	3e-05	3e-05	3e-05	3e-05	3e-05	3e-05	3e-05	0.10043	3e-05	0.01992	3e-05	3e-05	0.0646	0.03497	0.0959	0.0	0.0	0.11579	0.00937	3e-05	0.0386	0.02649	0.03139	0.05579	0.21409	0.11165	0.07216	0.0	0.0	0.05128	0.0	0.10906	0.04243	0.09254	0.14157	0.29706	0.08594	0.0	0.0	0.0	0.07118	0.0	0.04483	0.04973	0.10191	3e-05	3e-05	3e-05	3e-05	3e-05	0.0	3e-05	0.01464	3e-05	0.02738	0.0	
0.06754	0.01814	6e-05	2e-05	2e-05	0.0178	0.0205	0.04282	2e-05	2e-05	2e-05	2e-05	2e-05	0.01773	0.04134	0.04923	0.05998	0.10342	0.0	0.09327	0.04696	0.00014	0.00669	2e-05	2e-05	2e-05	2e-05	2e-05	2e-05	2e-05	2e-05	2e-05	0.0418	2e-05	0.01773	2e-05	2e-05	0.10697	0.05259	0.08895	0.0	0.0	0.07068	0.00825	2e-05	0.0349	0.02367	0.02811	0.02397	0.05029	0.0334	0.03921	0.0	0.0	0.04817	0.0	0.04904	0.03783	0.04994	0.09206	0.07429	0.12237	0.0	0.0	0.0	0.19177	0.0	0.05613	0.04666	0.23726	2e-05	2e-05	2e-05	2e-05	2e-05	0.0	2e-05	0.25623	2e-05	0.02445	0.0	
0.02857	0.00932	0.00025	0.00016	0.00016	0.00911	0.00985	0.04332	0.00016	0.00016	0.00016	0.00016	0.00016	0.00912	0.08918	0.06027	0.04053	0.10237	0.09327	0.0	0.02078	0.00036	0.00414	0.00016	0.00016	0.00016	0.00016	0.00016	0.00016	0.00016	0.00016	0.00016	0.01983	0.00016	0.00912	0.00016	0.00016	0.02018	0.01876	0.50745	0.0	0.0	0.14896	0.00493	0.00016	0.01428	0.01141	0.01302	0.01905	0.0644	0.01784	0.07155	0.0	0.0	0.2134	0.0	0.0388	0.01653	0.08251	0.06983	0.03997	0.08624	0.0	0.0	0.0	0.14837	0.0	0.04031	0.22106	0.21109	0.00016	0.00016	0.00016	0.00016	0.00016	0.0	0.00016	0.00708	0.00016	0.01164	0.0	
0.08363	0.14305	1e-05	2e-05	2e-05	0.14321	0.02232	0.09863	2e-05	2e-05	2e-05	2e-05	2e-05	0.14321	0.219	0.09868	0.1941	0.1521	0.04696	0.02078	0.0	5e-05	0.00696	2e-05	2e-05	2e-05	2e-05	2e-05	2e-05	2e-05	2e-05	2e-05	0.15371	2e-05	0.14321	2e-05	2e-05	0.13617	0.12011	0.03635	0.0	0.0	0.10623	0.00865	2e-05	0.13402	0.02605	0.07484	0.5651	0.16322	0.24516	0.06364	0.0	0.0	0.16876	0.0	0.10323	0.06295	0.13873	0.13568	0.22735	0.20345	0.0	0.0	0.0	0.08292	0.0	0.07196	0.05087	0.08324	2e-05	2e-05	2e-05	2e-05	2e-05	0.0	2e-05	0.01376	2e-05	0.02683	0.0	
0.00112	0.00014	0.0	0.0	0.0	0.00022	0.00011	0.0003	0.0	0.0	0.0	0.0	0.0	0.00014	0.00012	0.00059	0.00079	0.00017	0.00014	0.00036	5e-05	0.0	0.00048	0.0	0.0	0.0	0.0	0.0	0.0	0.0	0.0	0.0	9e-05	0.0	0.00014	0.0	0.0	0.00026	6e-05	0.00017	0.0	0.0	0.00011	0.00036	0.0	8e-05	0.00011	0.0001	8e-05	0.00036	6e-05	0.00038	0.0	0.0	0.00011	0.0	0.00029	0.00017	0.00096	0.00069	0.00028	0.00038	0.0	0.0	0.0	0.00036	0.0	0.00026	0.00041	0.00058	0.0	0.0	0.0	0.0	0.0	0.0	0.0	0.00037	0.0	0.00019	0.0	
0.0663	0.00404	0.0004	0.00034	0.00034	0.00394	0.00402	0.01866	0.00034	0.00034	0.00034	0.00034	0.00034	0.00395	0.0094	0.01633	0.01327	0.03057	0.00669	0.00414	0.00696	0.00048	0.0	0.00034	0.00034	0.00034	0.00034	0.00034	0.00034	0.00034	0.00034	0.00034	0.00687	0.00034	0.00395	0.00034	0.00034	0.0068	0.05458	0.00497	0.0	0.0	0.00765	0.00251	0.00034	0.00523	0.00468	0.00519	0.0067	0.0199	0.00611	0.02291	0.0	0.0	0.00621	0.0	0.01271	0.00638	0.01472	0.01575	0.02306	0.01079	0.0	0.0	0.0	0.00675	0.0	0.01316	0.00619	0.02511	0.00034	0.00034	0.00034	0.00034	0.00034	0.0	0.00034	0.00329	0.00034	0.00474	0.0	
6e-05	0.00015	0.0	0.0	0.0	0.00012	7e-05	2e-05	0.0	0.0	0.0	0.0	0.0	0.00015	1e-05	4e-05	5e-05	3e-05	2e-05	0.00016	2e-05	0.0	0.00034	0.0	0.0	0.0	0.0	0.0	0.0	0.0	0.0	0.0	3e-05	0.0	0.00015	0.0	0.0	4e-05	2e-05	7e-05	0.0	0.0	1e-05	0.00025	0.0	5e-05	0.00012	0.00011	5e-05	2e-05	2e-05	5e-05	0.0	0.0	3e-05	0.0	2e-05	8e-05	1e-05	1e-05	1e-05	5e-05	0.0	0.0	0.0	0.00011	0.0	5e-05	0.00016	0.00013	0.0	0.0	0.0	0.0	0.0	0.0	0.0	0.00021	0.0	9e-05	0.0	
6e-05	0.00015	0.0	0.0	0.0	0.00012	7e-05	2e-05	0.0	0.0	0.0	0.0	0.0	0.00015	1e-05	4e-05	5e-05	3e-05	2e-05	0.00016	2e-05	0.0	0.00034	0.0	0.0	0.0	0.0	0.0	0.0	0.0	0.0	0.0	3e-05	0.0	0.00015	0.0	0.0	4e-05	2e-05	7e-05	0.0	0.0	1e-05	0.00025	0.0	5e-05	0.00012	0.00011	5e-05	2e-05	2e-05	5e-05	0.0	0.0	3e-05	0.0	2e-05	8e-05	1e-05	1e-05	1e-05	5e-05	0.0	0.0	0.0	0.00011	0.0	5e-05	0.00016	0.00013	0.0	0.0	0.0	0.0	0.0	0.0	0.0	0.00021	0.0	9e-05	0.0	
6e-05	0.00015	0.0	0.0	0.0	0.00012	7e-05	2e-05	0.0	0.0	0.0	0.0	0.0	0.00015	1e-05	4e-05	5e-05	3e-05	2e-05	0.00016	2e-05	0.0	0.00034	0.0	0.0	0.0	0.0	0.0	0.0	0.0	0.0	0.0	3e-05	0.0	0.00015	0.0	0.0	4e-05	2e-05	7e-05	0.0	0.0	1e-05	0.00025	0.0	5e-05	0.00012	0.00011	5e-05	2e-05	2e-05	5e-05	0.0	0.0	3e-05	0.0	2e-05	8e-05	1e-05	1e-05	1e-05	5e-05	0.0	0.0	0.0	0.00011	0.0	5e-05	0.00016	0.00013	0.0	0.0	0.0	0.0	0.0	0.0	0.0	0.00021	0.0	9e-05	0.0	
6e-05	0.00015	0.0	0.0	0.0	0.00012	7e-05	2e-05	0.0	0.0	0.0	0.0	0.0	0.00015	1e-05	4e-05	5e-05	3e-05	2e-05	0.00016	2e-05	0.0	0.00034	0.0	0.0	0.0	0.0	0.0	0.0	0.0	0.0	0.0	3e-05	0.0	0.00015	0.0	0.0	4e-05	2e-05	7e-05	0.0	0.0	1e-05	0.00025	0.0	5e-05	0.00012	0.00011	5e-05	2e-05	2e-05	5e-05	0.0	0.0	3e-05	0.0	2e-05	8e-05	1e-05	1e-05	1e-05	5e-05	0.0	0.0	0.0	0.00011	0.0	5e-05	0.00016	0.00013	0.0	0.0	0.0	0.0	0.0	0.0	0.0	0.00021	0.0	9e-05	0.0	
6e-05	0.00015	0.0	0.0	0.0	0.00012	7e-05	2e-05	0.0	0.0	0.0	0.0	0.0	0.00015	1e-05	4e-05	5e-05	3e-05	2e-05	0.00016	2e-05	0.0	0.00034	0.0	0.0	0.0	0.0	0.0	0.0	0.0	0.0	0.0	3e-05	0.0	0.00015	0.0	0.0	4e-05	2e-05	7e-05	0.0	0.0	1e-05	0.00025	0.0	5e-05	0.00012	0.00011	5e-05	2e-05	2e-05	5e-05	0.0	0.0	3e-05	0.0	2e-05	8e-05	1e-05	1e-05	1e-05	5e-05	0.0	0.0	0.0	0.00011	0.0	5e-05	0.00016	0.00013	0.0	0.0	0.0	0.0	0.0	0.0	0.0	0.00021	0.0	9e-05	0.0	
6e-05	0.00015	0.0	0.0	0.0	0.00012	7e-05	2e-05	0.0	0.0	0.0	0.0	0.0	0.00015	1e-05	4e-05	5e-05	3e-05	2e-05	0.00016	2e-05	0.0	0.00034	0.0	0.0	0.0	0.0	0.0	0.0	0.0	0.0	0.0	3e-05	0.0	0.00015	0.0	0.0	4e-05	2e-05	7e-05	0.0	0.0	1e-05	0.00025	0.0	5e-05	0.00012	0.00011	5e-05	2e-05	2e-05	5e-05	0.0	0.0	3e-05	0.0	2e-05	8e-05	1e-05	1e-05	1e-05	5e-05	0.0	0.0	0.0	0.00011	0.0	5e-05	0.00016	0.00013	0.0	0.0	0.0	0.0	0.0	0.0	0.0	0.00021	0.0	9e-05	0.0	
6e-05	0.00015	0.0	0.0	0.0	0.00012	7e-05	2e-05	0.0	0.0	0.0	0.0	0.0	0.00015	1e-05	4e-05	5e-05	3e-05	2e-05	0.00016	2e-05	0.0	0.00034	0.0	0.0	0.0	0.0	0.0	0.0	0.0	0.0	0.0	3e-05	0.0	0.00015	0.0	0.0	4e-05	2e-05	7e-05	0.0	0.0	1e-05	0.00025	0.0	5e-05	0.00012	0.00011	5e-05	2e-05	2e-05	5e-05	0.0	0.0	3e-05	0.0	2e-05	8e-05	1e-05	1e-05	1e-05	5e-05	0.0	0.0	0.0	0.00011	0.0	5e-05	0.00016	0.00013	0.0	0.0	0.0	0.0	0.0	0.0	0.0	0.00021	0.0	9e-05	0.0	
6e-05	0.00015	0.0	0.0	0.0	0.00012	7e-05	2e-05	0.0	0.0	0.0	0.0	0.0	0.00015	1e-05	4e-05	5e-05	3e-05	2e-05	0.00016	2e-05	0.0	0.00034	0.0	0.0	0.0	0.0	0.0	0.0	0.0	0.0	0.0	3e-05	0.0	0.00015	0.0	0.0	4e-05	2e-05	7e-05	0.0	0.0	1e-05	0.00025	0.0	5e-05	0.00012	0.00011	5e-05	2e-05	2e-05	5e-05	0.0	0.0	3e-05	0.0	2e-05	8e-05	1e-05	1e-05	1e-05	5e-05	0.0	0.0	0.0	0.00011	0.0	5e-05	0.00016	0.00013	0.0	0.0	0.0	0.0	0.0	0.0	0.0	0.00021	0.0	9e-05	0.0	
6e-05	0.00015	0.0	0.0	0.0	0.00012	7e-05	2e-05	0.0	0.0	0.0	0.0	0.0	0.00015	1e-05	4e-05	5e-05	3e-05	2e-05	0.00016	2e-05	0.0	0.00034	0.0	0.0	0.0	0.0	0.0	0.0	0.0	0.0	0.0	3e-05	0.0	0.00015	0.0	0.0	4e-05	2e-05	7e-05	0.0	0.0	1e-05	0.00025	0.0	5e-05	0.00012	0.00011	5e-05	2e-05	2e-05	5e-05	0.0	0.0	3e-05	0.0	2e-05	8e-05	1e-05	1e-05	1e-05	5e-05	0.0	0.0	0.0	0.00011	0.0	5e-05	0.00016	0.00013	0.0	0.0	0.0	0.0	0.0	0.0	0.0	0.00021	0.0	9e-05	0.0	
0.08493	0.01881	3e-05	3e-05	3e-05	0.01842	0.11813	0.07734	3e-05	3e-05	3e-05	3e-05	3e-05	0.01843	0.08317	0.05314	0.0788	0.10043	0.0418	0.01983	0.15371	9e-05	0.00687	3e-05	3e-05	3e-05	3e-05	3e-05	3e-05	3e-05	3e-05	3e-05	0.0	3e-05	0.01843	3e-05	3e-05	0.06029	0.11041	0.03332	0.0	0.0	0.16941	0.0085	3e-05	0.03637	0.02463	0.02925	0.08593	0.27859	0.11796	0.09333	0.0	0.0	0.18698	0.0	0.0973	0.0389	0.13414	0.08459	0.19276	0.14705	0.0	0.0	0.0	0.0461	0.0	0.11387	0.04581	0.06388	3e-05	3e-05	3e-05	3e-05	3e-05	0.0	3e-05	0.01333	3e-05	0.07714	0.0	
6e-05	0.00015	0.0	0.0	0.0	0.00012	7e-05	2e-05	0.0	0.0	0.0	0.0	0.0	0.00015	1e-05	4e-05	5e-05	3e-05	2e-05	0.00016	2e-05	0.0	0.00034	0.0	0.0	0.0	0.0	0.0	0.0	0.0	0.0	0.0	3e-05	0.0	0.00015	0.0	0.0	4e-05	2e-05	7e-05	0.0	0.0	1e-05	0.00025	0.0	5e-05	0.00012	0.00011	5e-05	2e-05	2e-05	5e-05	0.0	0.0	3e-05	0.0	2e-05	8e-05	1e-05	1e-05	1e-05	5e-05	0.0	0.0	0.0	0.00011	0.0	5e-05	0.00016	0.00013	0.0	0.0	0.0	0.0	0.0	0.0	0.0	0.00021	0.0	9e-05	0.0	
0.07906	0.99971	0.00012	0.00015	0.00015	0.0086	0.00904	0.0401	0.00015	0.00015	0.00015	0.00015	0.00015	0.99973	0.08177	0.05582	0.06195	0.01992	0.01773	0.00912	0.14321	0.00014	0.00395	0.00015	0.00015	0.00015	0.00015	0.00015	0.00015	0.00015	0.00015	0.00015	0.01843	0.00015	0.0	0.00015	0.00015	0.01871	0.01741	0.0125	0.0	0.0	0.02137	0.00469	0.00015	0.01333	0.01074	0.39691	0.16242	0.03401	0.01656	0.03174	0.0	0.0	0.01633	0.0	0.03581	0.0153	0.07541	0.06397	0.11204	0.02964	0.0	0.0	0.0	0.01822	0.0	0.03725	0.016	0.02422	0.00015	0.00015	0.00015	0.00015	0.00015	0.0	0.00015	0.00672	0.00015	0.01096	0.0	
6e-05	0.00015	0.0	0.0	0.0	0.00012	7e-05	2e-05	0.0	0.0	0.0	0.0	0.0	0.00015	1e-05	4e-05	5e-05	3e-05	2e-05	0.00016	2e-05	0.0	0.00034	0.0	0.0	0.0	0.0	0.0	0.0	0.0	0.0	0.0	3e-05	0.0	0.00015	0.0	0.0	4e-05	2e-05	7e-05	0.0	0.0	1e-05	0.00025	0.0	5e-05	0.00012	0.00011	5e-05	2e-05	2e-05	5e-05	0.0	0.0	3e-05	0.0	2e-05	8e-05	1e-05	1e-05	1e-05	5e-05	0.0	0.0	0.0	0.00011	0.0	5e-05	0.00016	0.00013	0.0	0.0	0.0	0.0	0.0	0.0	0.0	0.00021	0.0	9e-05	0.0	
6e-05	0.00015	0.0	0.0	0.0	0.00012	7e-05	2e-05	0.0	0.0	0.0	0.0	0.0	0.00015	1e-05	4e-05	5e-05	3e-05	2e-05	0.00016	2e-05	0.0	0.00034	0.0	0.0	0.0	0.0	0.0	0.0	0.0	0.0	0.0	3e-05	0.0	0.00015	0.0	0.0	4e-05	2e-05	7e-05	0.0	0.0	1e-05	0.00025	0.0	5e-05	0.00012	0.00011	5e-05	2e-05	2e-05	5e-05	0.0	0.0	3e-05	0.0	2e-05	8e-05	1e-05	1e-05	1e-05	5e-05	0.0	0.0	0.0	0.00011	0.0	5e-05	0.00016	0.00013	0.0	0.0	0.0	0.0	0.0	0.0	0.0	0.00021	0.0	9e-05	0.0	
0.10376	0.01917	0.00013	4e-05	4e-05	0.2566	0.02987	0.05007	4e-05	4e-05	4e-05	4e-05	4e-05	0.01871	0.14691	0.07117	0.11118	0.0646	0.10697	0.02018	0.13617	0.00026	0.0068	4e-05	4e-05	4e-05	4e-05	4e-05	4e-05	4e-05	4e-05	4e-05	0.06029	4e-05	0.01871	4e-05	4e-05	0.0	0.1076	0.17162	0.0	0.0	0.11987	0.00845	4e-05	0.21902	0.02526	0.0302	0.21649	0.0984	0.20046	0.04125	0.0	0.0	0.0938	0.0	0.06703	0.49675	0.2393	0.15763	0.19297	0.10127	0.0	0.0	0.0	0.16287	0.0	0.24832	0.20518	0.18251	4e-05	4e-05	4e-05	4e-05	4e-05	0.0	4e-05	0.09654	4e-05	0.07345	0.0	
0.17253	0.01776	1e-05	2e-05	2e-05	0.01741	0.02	0.07959	2e-05	2e-05	2e-05	2e-05	2e-05	0.01741	0.0637	0.07287	0.22296	0.03497	0.05259	0.01876	0.12011	6e-05	0.05458	2e-05	2e-05	2e-05	2e-05	2e-05	2e-05	2e-05	2e-05	2e-05	0.11041	2e-05	0.01741	2e-05	2e-05	0.1076	0.0	0.16696	0.0	0.0	0.15558	0.00794	2e-05	0.05696	0.05316	0.02787	0.07445	0.1043	0.05169	0.14161	0.0	0.0	0.21891	0.0	0.09583	0.08724	0.08048	0.1098	0.11958	0.18759	0.0	0.0	0.0	0.05607	0.0	0.15051	0.08235	0.09907	2e-05	2e-05	2e-05	2e-05	2e-05	0.0	2e-05	0.01253	2e-05	0.09603	0.0	
0.09418	0.01275	0.0001	7e-05	7e-05	0.01249	0.01395	0.0765	7e-05	7e-05	7e-05	7e-05	7e-05	0.0125	0.09863	0.08414	0.15281	0.0959	0.08895	0.50745	0.03635	0.00017	0.00497	7e-05	7e-05	7e-05	7e-05	7e-05	7e-05	7e-05	7e-05	7e-05	0.03332	7e-05	0.0125	7e-05	7e-05	0.17162	0.16696	0.0	0.0	0.0	0.24945	0.00607	7e-05	0.0226	0.0163	0.01908	0.03154	0.12674	0.03036	0.0858	0.0	0.0	0.54343	0.0	0.06988	0.22548	0.14193	0.10396	0.097	0.09438	0.0	0.0	0.0	0.13307	0.0	0.23835	0.56276	0.18467	7e-05	7e-05	7e-05	7e-05	7e-05	0.0	7e-05	0.00926	7e-05	0.01672	0.0	
0.0	0.0	0.0	0.0	0.0	0.0	0.0	0.0	0.0	0.0	0.0	0.0	0.0	0.0	0.0	0.0	0.0	0.0	0.0	0.0	0.0	0.0	0.0	0.0	0.0	0.0	0.0	0.0	0.0	0.0	0.0	0.0	0.0	0.0	0.0	0.0	0.0	0.0	0.0	0.0	0.0	0.0	0.0	0.0	0.0	0.0	0.0	0.0	0.0	0.0	0.0	0.0	0.0	0.0	0.0	0.0	0.0	0.0	0.0	0.0	0.0	0.0	0.0	0.0	0.0	0.0	0.0	0.0	0.0	0.0	0.0	0.0	0.0	0.0	0.0	0.0	0.0	0.0	0.0	0.0	0.0	
0.0	0.0	0.0	0.0	0.0	0.0	0.0	0.0	0.0	0.0	0.0	0.0	0.0	0.0	0.0	0.0	0.0	0.0	0.0	0.0	0.0	0.0	0.0	0.0	0.0	0.0	0.0	0.0	0.0	0.0	0.0	0.0	0.0	0.0	0.0	0.0	0.0	0.0	0.0	0.0	0.0	0.0	0.0	0.0	0.0	0.0	0.0	0.0	0.0	0.0	0.0	0.0	0.0	0.0	0.0	0.0	0.0	0.0	0.0	0.0	0.0	0.0	0.0	0.0	0.0	0.0	0.0	0.0	0.0	0.0	0.0	0.0	0.0	0.0	0.0	0.0	0.0	0.0	0.0	0.0	0.0	
0.09211	0.02186	3e-05	1e-05	1e-05	0.02137	0.08744	0.02555	1e-05	1e-05	1e-05	1e-05	1e-05	0.02137	0.09577	0.03497	0.11854	0.11579	0.07068	0.14896	0.10623	0.00011	0.00765	1e-05	1e-05	1e-05	1e-05	1e-05	1e-05	1e-05	1e-05	1e-05	0.16941	1e-05	0.02137	1e-05	1e-05	0.11987	0.15558	0.24945	0.0	0.0	0.0	0.00953	1e-05	0.08235	0.07583	0.03486	0.06697	0.23434	0.14799	0.06806	0.0	0.0	0.15893	0.0	0.10642	0.05614	0.17184	0.23561	0.14634	0.02741	0.0	0.0	0.0	0.21998	0.0	0.09005	0.15949	0.1005	1e-05	1e-05	1e-05	1e-05	1e-05	0.0	1e-05	0.01521	1e-05	0.05899	0.0	
0.00949	0.01536	0.05488	0.00025	0.00025	0.00468	0.00479	0.01793	0.00025	0.00025	0.00025	0.00025	0.00025	0.00469	0.01173	0.02514	0.01653	0.00937	0.00825	0.00493	0.00865	0.00036	0.00251	0.00025	0.00025	0.00025	0.00025	0.00025	0.00025	0.00025	0.00025	0.00025	0.0085	0.00025	0.00469	0.00025	0.00025	0.00845	0.00794	0.00607	0.0	0.0	0.00953	0.0	0.00025	0.00641	0.00562	0.00627	0.00826	0.01474	0.00757	0.01419	0.0	0.0	0.00766	0.0	0.01584	0.00771	0.01841	0.01976	0.01596	0.03436	0.0	0.0	0.0	0.00835	0.0	0.01642	0.0076	0.0112	0.00025	0.00025	0.00025	0.00025	0.00025	0.0	0.00025	0.00384	0.00025	0.0057	0.0	
6e-05	0.00015	0.0	0.0	0.0	0.00012	7e-05	2e-05	0.0	0.0	0.0	0.0	0.0	0.00015	1e-05	4e-05	5e-05	3e-05	2e-05	0.00016	2e-05	0.0	0.00034	0.0	0.0	0.0	0.0	0.0	0.0	0.0	0.0	0.0	3e-05	0.0	0.00015	0.0	0.0	4e-05	2e-05	7e-05	0.0	0.0	1e-05	0.00025	0.0	5e-05	0.00012	0.00011	5e-05	2e-05	2e-05	5e-05	0.0	0.0	3e-05	0.0	2e-05	8e-05	1e-05	1e-05	1e-05	5e-05	0.0	0.0	0.0	0.00011	0.0	5e-05	0.00016	0.00013	0.0	0.0	0.0	0.0	0.0	0.0	0.0	0.00021	0.0	9e-05	0.0	
0.05641	0.01357	5e-05	5e-05	5e-05	0.44583	0.01485	0.08952	5e-05	5e-05	5e-05	5e-05	5e-05	0.01333	0.28544	0.11621	0.06354	0.0386	0.0349	0.01428	0.13402	8e-05	0.00523	5e-05	5e-05	5e-05	5e-05	5e-05	5e-05	5e-05	5e-05	5e-05	0.03637	5e-05	0.01333	5e-05	5e-05	0.21902	0.05696	0.0226	0.0	0.0	0.08235	0.00641	5e-05	0.0	0.56473	0.06844	0.2653	0.07636	0.5186	0.29246	0.0	0.0	0.03131	0.0	0.22325	0.1992	0.10117	0.12855	0.0826	0.03208	0.0	0.0	0.0	0.03669	0.0	0.08637	0.03031	0.0489	5e-05	5e-05	5e-05	5e-05	5e-05	0.0	5e-05	0.00983	5e-05	0.01793	0.0	
0.03601	0.01091	0.0001	0.00012	0.00012	0.01073	0.01146	0.07193	0.00012	0.00012	0.00012	0.00012	0.00012	0.01074	0.17365	0.07583	0.01238	0.02649	0.02367	0.01141	0.02605	0.00011	0.00468	0.00012	0.00012	0.00012	0.00012	0.00012	0.00012	0.00012	0.00012	0.00012	0.02463	0.00012	0.01074	0.00012	0.00012	0.02526	0.05316	0.0163	0.0	0.0	0.07583	0.00562	0.00012	0.56473	0.0	0.08723	0.02357	0.04699	0.25741	0.32339	0.0	0.0	0.02165	0.0	0.19557	0.01974	0.05909	0.07662	0.05076	0.01123	0.0	0.0	0.0	0.02446	0.0	0.06771	0.02113	0.03256	0.00012	0.00012	0.00012	0.00012	0.00012	0.0	0.00012	0.00823	0.00012	0.01389	0.0	
0.03152	0.39627	8e-05	0.00011	0.00011	0.01222	0.01319	0.00392	0.00011	0.00011	0.00011	0.00011	0.00011	0.39691	0.1675	0.09126	0.01976	0.03139	0.02811	0.01302	0.07484	0.0001	0.00519	0.00011	0.00011	0.00011	0.00011	0.00011	0.00011	0.00011	0.00011	0.00011	0.02925	0.00011	0.39691	0.00011	0.00011	0.0302	0.02787	0.01908	0.0	0.0	0.03486	0.00627	0.00011	0.06844	0.08723	0.0	0.06695	0.05711	0.03975	0.06873	0.0	0.0	0.02559	0.0	0.0492	0.02296	0.04152	0.04842	0.07051	0.00846	0.0	0.0	0.0	0.02914	0.0	0.00835	0.02492	0.03886	0.00011	0.00011	0.00011	0.00011	0.00011	0.0	0.00011	0.00928	0.00011	0.01598	0.0	
0.1129	0.16203	4e-05	5e-05	5e-05	0.34897	0.02012	0.03427	5e-05	5e-05	5e-05	5e-05	5e-05	0.16242	0.32129	0.04436	0.16234	0.05579	0.02397	0.01905	0.5651	8e-05	0.0067	5e-05	5e-05	5e-05	5e-05	5e-05	5e-05	5e-05	5e-05	5e-05	0.08593	5e-05	0.16242	5e-05	5e-05	0.21649	0.07445	0.03154	0.0	0.0	0.06697	0.00826	5e-05	0.2653	0.02357	0.06695	0.0	0.09208	0.22433	0.0341	0.0	0.0	0.14565	0.0	0.06609	0.17666	0.1586	0.1481	0.25033	0.16212	0.0	0.0	0.0	0.05349	0.0	0.03997	0.04309	0.07236	5e-05	5e-05	5e-05	5e-05	5e-05	0.0	5e-05	0.01288	5e-05	0.02423	0.0	
0.13939	0.0351	0.00015	2e-05	2e-05	0.034	0.05877	0.03201	2e-05	2e-05	2e-05	2e-05	2e-05	0.03401	0.09325	0.10954	0.1962	0.21409	0.05029	0.0644	0.16322	0.00036	0.0199	2e-05	2e-05	2e-05	2e-05	2e-05	2e-05	2e-05	2e-05	2e-05	0.27859	2e-05	0.03401	2e-05	2e-05	0.0984	0.1043	0.12674	0.0	0.0	0.23434	0.01474	2e-05	0.07636	0.04699	0.05711	0.09208	0.0	0.1204	0.18742	0.0	0.0	0.21615	0.0	0.09547	0.03272	0.16299	0.20071	0.40416	0.0843	0.0	0.0	0.0	0.08283	0.0	0.20711	0.16458	0.09649	2e-05	2e-05	2e-05	2e-05	2e-05	0.0	2e-05	0.02386	2e-05	0.07359	0.0	
0.07011	0.01689	2e-05	2e-05	2e-05	0.29139	0.01898	0.13768	2e-05	2e-05	2e-05	2e-05	2e-05	0.01656	0.20615	0.07244	0.07808	0.11165	0.0334	0.01784	0.24516	6e-05	0.00611	2e-05	2e-05	2e-05	2e-05	2e-05	2e-05	2e-05	2e-05	2e-05	0.11796	2e-05	0.01656	2e-05	2e-05	0.20046	0.05169	0.03036	0.0	0.0	0.14799	0.00757	2e-05	0.5186	0.25741	0.03975	0.22433	0.1204	0.0	0.22372	0.0	0.0	0.04357	0.0	0.21554	0.1553	0.16309	0.12558	0.09789	0.04607	0.0	0.0	0.0	0.11049	0.0	0.13647	0.04191	0.0621	2e-05	2e-05	2e-05	2e-05	2e-05	0.0	2e-05	0.01194	2e-05	0.02286	0.0	
0.14469	0.03267	0.00018	5e-05	5e-05	0.03174	0.04846	0.20383	5e-05	5e-05	5e-05	5e-05	5e-05	0.03174	0.16158	0.08646	0.12765	0.07216	0.03921	0.07155	0.06364	0.00038	0.02291	5e-05	5e-05	5e-05	5e-05	5e-05	5e-05	5e-05	5e-05	5e-05	0.09333	5e-05	0.03174	5e-05	5e-05	0.04125	0.14161	0.0858	0.0	0.0	0.06806	0.01419	5e-05	0.29246	0.32339	0.06873	0.0341	0.18742	0.22372	0.0	0.0	0.0	0.07174	0.0	0.15609	0.06188	0.16217	0.09423	0.07781	0.06219	0.0	0.0	0.0	0.06626	0.0	0.08334	0.06333	0.06926	5e-05	5e-05	5e-05	5e-05	5e-05	0.0	5e-05	0.02261	5e-05	0.04448	0.0	
0.0	0.0	0.0	0.0	0.0	0.0	0.0	0.0	0.0	0.0	0.0	0.0	0.0	0.0	0.0	0.0	0.0	0.0	0.0	0.0	0.0	0.0	0.0	0.0	0.0	0.0	0.0	0.0	0.0	0.0	0.0	0.0	0.0	0.0	0.0	0.0	0.0	0.0	0.0	0.0	0.0	0.0	0.0	0.0	0.0	0.0	0.0	0.0	0.0	0.0	0.0	0.0	0.0	0.0	0.0	0.0	0.0	0.0	0.0	0.0	0.0	0.0	0.0	0.0	0.0	0.0	0.0	0.0	0.0	0.0	0.0	0.0	0.0	0.0	0.0	0.0	0.0	0.0	0.0	0.0	0.0	
0.0	0.0	0.0	0.0	0.0	0.0	0.0	0.0	0.0	0.0	0.0	0.0	0.0	0.0	0.0	0.0	0.0	0.0	0.0	0.0	0.0	0.0	0.0	0.0	0.0	0.0	0.0	0.0	0.0	0.0	0.0	0.0	0.0	0.0	0.0	0.0	0.0	0.0	0.0	0.0	0.0	0.0	0.0	0.0	0.0	0.0	0.0	0.0	0.0	0.0	0.0	0.0	0.0	0.0	0.0	0.0	0.0	0.0	0.0	0.0	0.0	0.0	0.0	0.0	0.0	0.0	0.0	0.0	0.0	0.0	0.0	0.0	0.0	0.0	0.0	0.0	0.0	0.0	0.0	0.0	0.0	
0.10423	0.01666	5e-05	3e-05	3e-05	0.01633	0.01854	0.108	3e-05	3e-05	3e-05	3e-05	3e-05	0.01633	0.11633	0.03421	0.26812	0.05128	0.04817	0.2134	0.16876	0.00011	0.00621	3e-05	3e-05	3e-05	3e-05	3e-05	3e-05	3e-05	3e-05	3e-05	0.18698	3e-05	0.01633	3e-05	3e-05	0.0938	0.21891	0.54343	0.0	0.0	0.15893	0.00766	3e-05	0.03131	0.02165	0.02559	0.14565	0.21615	0.04357	0.07174	0.0	0.0	0.0	0.0	0.11373	0.07643	0.15254	0.1091	0.1236	0.21517	0.0	0.0	0.0	0.0575	0.0	0.17994	0.47326	0.09383	3e-05	3e-05	3e-05	3e-05	3e-05	0.0	3e-05	0.01191	3e-05	0.02225	0.0	
0.0	0.0	0.0	0.0	0.0	0.0	0.0	0.0	0.0	0.0	0.0	0.0	0.0	0.0	0.0	0.0	0.0	0.0	0.0	0.0	0.0	0.0	0.0	0.0	0.0	0.0	0.0	0.0	0.0	0.0	0.0	0.0	0.0	0.0	0.0	0.0	0.0	0.0	0.0	0.0	0.0	0.0	0.0	0.0	0.0	0.0	0.0	0.0	0.0	0.0	0.0	0.0	0.0	0.0	0.0	0.0	0.0	0.0	0.0	0.0	0.0	0.0	0.0	0.0	0.0	0.0	0.0	0.0	0.0	0.0	0.0	0.0	0.0	0.0	0.0	0.0	0.0	0.0	0.0	0.0	0.0	
0.0712	0.03691	0.00011	2e-05	2e-05	0.06277	0.05292	0.11016	2e-05	2e-05	2e-05	2e-05	2e-05	0.03581	0.20865	0.02322	0.01677	0.10906	0.04904	0.0388	0.10323	0.00029	0.01271	2e-05	2e-05	2e-05	2e-05	2e-05	2e-05	2e-05	2e-05	2e-05	0.0973	2e-05	0.03581	2e-05	2e-05	0.06703	0.09583	0.06988	0.0	0.0	0.10642	0.01584	2e-05	0.22325	0.19557	0.0492	0.06609	0.09547	0.21554	0.15609	0.0	0.0	0.11373	0.0	0.0	0.02457	0.0664	0.16042	0.07265	0.05593	0.0	0.0	0.0	0.08591	0.0	0.12135	0.10775	0.07644	2e-05	2e-05	2e-05	2e-05	2e-05	0.0	2e-05	0.0254	2e-05	0.03849	0.0	
0.03837	0.01562	0.0001	8e-05	8e-05	0.30276	0.01699	0.07782	8e-05	8e-05	8e-05	8e-05	8e-05	0.0153	0.05502	0.00135	0.1009	0.04243	0.03783	0.01653	0.06295	0.00017	0.00638	8e-05	8e-05	8e-05	8e-05	8e-05	8e-05	8e-05	8e-05	8e-05	0.0389	8e-05	0.0153	8e-05	8e-05	0.49675	0.08724	0.22548	0.0	0.0	0.05614	0.00771	8e-05	0.1992	0.01974	0.02296	0.17666	0.03272	0.1553	0.06188	0.0	0.0	0.07643	0.0	0.02457	0.0	0.09184	0.03962	0.03365	0.05749	0.0	0.0	0.0	0.09124	0.0	0.20975	0.16989	0.05402	8e-05	8e-05	8e-05	8e-05	8e-05	0.0	8e-05	0.01162	8e-05	0.02036	0.0	
0.11037	0.07542	9e-05	1e-05	1e-05	0.0503	0.1164	0.06782	1e-05	1e-05	1e-05	1e-05	1e-05	0.07541	0.22231	0.0421	0.11504	0.09254	0.04994	0.08251	0.13873	0.00096	0.01472	1e-05	1e-05	1e-05	1e-05	1e-05	1e-05	1e-05	1e-05	1e-05	0.13414	1e-05	0.07541	1e-05	1e-05	0.2393	0.08048	0.14193	0.0	0.0	0.17184	0.01841	1e-05	0.10117	0.05909	0.04152	0.1586	0.16299	0.16309	0.16217	0.0	0.0	0.15254	0.0	0.0664	0.09184	0.0	0.22796	0.28119	0.16888	0.0	0.0	0.0	0.13655	0.0	0.10762	0.11104	0.18935	1e-05	1e-05	1e-05	1e-05	1e-05	0.0	1e-05	0.0299	1e-05	0.14806	0.0	
0.11524	0.06403	8e-05	1e-05	1e-05	0.06079	0.05959	0.02334	1e-05	1e-05	1e-05	1e-05	1e-05	0.06397	0.34629	0.02013	0.06744	0.14157	0.09206	0.06983	0.13568	0.00069	0.01575	1e-05	1e-05	1e-05	1e-05	1e-05	1e-05	1e-05	1e-05	1e-05	0.08459	1e-05	0.06397	1e-05	1e-05	0.15763	0.1098	0.10396	0.0	0.0	0.23561	0.01976	1e-05	0.12855	0.07662	0.04842	0.1481	0.20071	0.12558	0.09423	0.0	0.0	0.1091	0.0	0.16042	0.03962	0.22796	0.0	0.28612	0.07454	0.0	0.0	0.0	0.14036	0.0	0.09736	0.07916	0.09755	1e-05	1e-05	1e-05	1e-05	1e-05	0.0	1e-05	0.03222	1e-05	0.02833	0.0	
0.30191	0.11227	9e-05	1e-05	1e-05	0.03678	0.06675	0.08123	1e-05	1e-05	1e-05	1e-05	1e-05	0.11204	0.22972	0.17562	0.2328	0.29706	0.07429	0.03997	0.22735	0.00028	0.02306	1e-05	1e-05	1e-05	1e-05	1e-05	1e-05	1e-05	1e-05	1e-05	0.19276	1e-05	0.11204	1e-05	1e-05	0.19297	0.11958	0.097	0.0	0.0	0.14634	0.01596	1e-05	0.0826	0.05076	0.07051	0.25033	0.40416	0.09789	0.07781	0.0	0.0	0.1236	0.0	0.07265	0.03365	0.28119	0.28612	0.0	0.18475	0.0	0.0	0.0	0.09587	0.0	0.13794	0.0686	0.13606	1e-05	1e-05	1e-05	1e-05	1e-05	0.0	1e-05	0.03404	1e-05	0.08126	0.0	
0.12691	0.0293	0.00011	5e-05	5e-05	0.02967	0.03204	0.04639	5e-05	5e-05	5e-05	5e-05	5e-05	0.02964	0.13146	0.05913	0.13547	0.08594	0.12237	0.08624	0.20345	0.00038	0.01079	5e-05	5e-05	5e-05	5e-05	5e-05	5e-05	5e-05	5e-05	5e-05	0.14705	5e-05	0.02964	5e-05	5e-05	0.10127	0.18759	0.09438	0.0	0.0	0.02741	0.03436	5e-05	0.03208	0.01123	0.00846	0.16212	0.0843	0.04607	0.06219	0.0	0.0	0.21517	0.0	0.05593	0.05749	0.16888	0.07454	0.18475	0.0	0.0	0.0	0.0	0.0985	0.0	0.08242	0.07663	0.15753	5e-05	5e-05	5e-05	5e-05	5e-05	0.0	5e-05	0.04968	5e-05	0.02479	0.0	
0.0	0.0	0.0	0.0	0.0	0.0	0.0	0.0	0.0	0.0	0.0	0.0	0.0	0.0	0.0	0.0	0.0	0.0	0.0	0.0	0.0	0.0	0.0	0.0	0.0	0.0	0.0	0.0	0.0	0.0	0.0	0.0	0.0	0.0	0.0	0.0	0.0	0.0	0.0	0.0	0.0	0.0	0.0	0.0	0.0	0.0	0.0	0.0	0.0	0.0	0.0	0.0	0.0	0.0	0.0	0.0	0.0	0.0	0.0	0.0	0.0	0.0	0.0	0.0	0.0	0.0	0.0	0.0	0.0	0.0	0.0	0.0	0.0	0.0	0.0	0.0	0.0	0.0	0.0	0.0	0.0	
0.0	0.0	0.0	0.0	0.0	0.0	0.0	0.0	0.0	0.0	0.0	0.0	0.0	0.0	0.0	0.0	0.0	0.0	0.0	0.0	0.0	0.0	0.0	0.0	0.0	0.0	0.0	0.0	0.0	0.0	0.0	0.0	0.0	0.0	0.0	0.0	0.0	0.0	0.0	0.0	0.0	0.0	0.0	0.0	0.0	0.0	0.0	0.0	0.0	0.0	0.0	0.0	0.0	0.0	0.0	0.0	0.0	0.0	0.0	0.0	0.0	0.0	0.0	0.0	0.0	0.0	0.0	0.0	0.0	0.0	0.0	0.0	0.0	0.0	0.0	0.0	0.0	0.0	0.0	0.0	0.0	
0.0	0.0	0.0	0.0	0.0	0.0	0.0	0.0	0.0	0.0	0.0	0.0	0.0	0.0	0.0	0.0	0.0	0.0	0.0	0.0	0.0	0.0	0.0	0.0	0.0	0.0	0.0	0.0	0.0	0.0	0.0	0.0	0.0	0.0	0.0	0.0	0.0	0.0	0.0	0.0	0.0	0.0	0.0	0.0	0.0	0.0	0.0	0.0	0.0	0.0	0.0	0.0	0.0	0.0	0.0	0.0	0.0	0.0	0.0	0.0	0.0	0.0	0.0	0.0	0.0	0.0	0.0	0.0	0.0	0.0	0.0	0.0	0.0	0.0	0.0	0.0	0.0	0.0	0.0	0.0	0.0	
0.15631	0.01867	0.00022	0.00011	0.00011	0.01821	0.07947	0.0962	0.00011	0.00011	0.00011	0.00011	0.00011	0.01822	0.05807	0.05164	0.07539	0.07118	0.19177	0.14837	0.08292	0.00036	0.00675	0.00011	0.00011	0.00011	0.00011	0.00011	0.00011	0.00011	0.00011	0.00011	0.0461	0.00011	0.01822	0.00011	0.00011	0.16287	0.05607	0.13307	0.0	0.0	0.21998	0.00835	0.00011	0.03669	0.02446	0.02914	0.05349	0.08283	0.11049	0.06626	0.0	0.0	0.0575	0.0	0.08591	0.09124	0.13655	0.14036	0.09587	0.0985	0.0	0.0	0.0	0.0	0.0	0.09882	0.23924	0.30416	0.00011	0.00011	0.00011	0.00011	0.00011	0.0	0.00011	0.21519	0.00011	0.02517	0.0	
0.0	0.0	0.0	0.0	0.0	0.0	0.0	0.0	0.0	0.0	0.0	0.0	0.0	0.0	0.0	0.0	0.0	0.0	0.0	0.0	0.0	0.0	0.0	0.0	0.0	0.0	0.0	0.0	0.0	0.0	0.0	0.0	0.0	0.0	0.0	0.0	0.0	0.0	0.0	0.0	0.0	0.0	0.0	0.0	0.0	0.0	0.0	0.0	0.0	0.0	0.0	0.0	0.0	0.0	0.0	0.0	0.0	0.0	0.0	0.0	0.0	0.0	0.0	0.0	0.0	0.0	0.0	0.0	0.0	0.0	0.0	0.0	0.0	0.0	0.0	0.0	0.0	0.0	0.0	0.0	0.0	
0.10832	0.03836	0.0001	5e-05	5e-05	0.03725	0.03949	0.08233	5e-05	5e-05	5e-05	5e-05	5e-05	0.03725	0.05325	0.0663	0.14098	0.04483	0.05613	0.04031	0.07196	0.00026	0.01316	5e-05	5e-05	5e-05	5e-05	5e-05	5e-05	5e-05	5e-05	5e-05	0.11387	5e-05	0.03725	5e-05	5e-05	0.24832	0.15051	0.23835	0.0	0.0	0.09005	0.01642	5e-05	0.08637	0.06771	0.00835	0.03997	0.20711	0.13647	0.08334	0.0	0.0	0.17994	0.0	0.12135	0.20975	0.10762	0.09736	0.13794	0.08242	0.0	0.0	0.0	0.09882	0.0	0.0	0.23066	0.05189	5e-05	5e-05	5e-05	5e-05	5e-05	0.0	5e-05	0.0345	5e-05	0.0128	0.0	
0.11934	0.01639	0.00027	0.00016	0.00016	0.01599	0.01839	0.10386	0.00016	0.00016	0.00016	0.00016	0.00016	0.016	0.04966	0.02964	0.09805	0.04973	0.04666	0.22106	0.05087	0.00041	0.00619	0.00016	0.00016	0.00016	0.00016	0.00016	0.00016	0.00016	0.00016	0.00016	0.04581	0.00016	0.016	0.00016	0.00016	0.20518	0.08235	0.56276	0.0	0.0	0.15949	0.0076	0.00016	0.03031	0.02113	0.02492	0.04309	0.16458	0.04191	0.06333	0.0	0.0	0.47326	0.0	0.10775	0.16989	0.11104	0.07916	0.0686	0.07663	0.0	0.0	0.0	0.23924	0.0	0.23066	0.0	0.18284	0.00016	0.00016	0.00016	0.00016	0.00016	0.0	0.00016	0.01172	0.00016	0.02171	0.0	
0.19632	0.02498	0.00034	0.00013	0.00013	0.02436	0.06237	0.05926	0.00013	0.00013	0.00013	0.00013	0.00013	0.02422	0.1013	0.01139	0.10739	0.10191	0.23726	0.21109	0.08324	0.00058	0.02511	0.00013	0.00013	0.00013	0.00013	0.00013	0.00013	0.00013	0.00013	0.00013	0.06388	0.00013	0.02422	0.00013	0.00013	0.18251	0.09907	0.18467	0.0	0.0	0.1005	0.0112	0.00013	0.0489	0.03256	0.03886	0.07236	0.09649	0.0621	0.06926	0.0	0.0	0.09383	0.0	0.07644	0.05402	0.18935	0.09755	0.13606	0.15753	0.0	0.0	0.0	0.30416	0.0	0.05189	0.18284	0.0	0.00013	0.00013	0.00013	0.00013	0.00013	0.0	0.00013	0.12585	0.00013	0.23648	0.0	
6e-05	0.00015	0.0	0.0	0.0	0.00012	7e-05	2e-05	0.0	0.0	0.0	0.0	0.0	0.00015	1e-05	4e-05	5e-05	3e-05	2e-05	0.00016	2e-05	0.0	0.00034	0.0	0.0	0.0	0.0	0.0	0.0	0.0	0.0	0.0	3e-05	0.0	0.00015	0.0	0.0	4e-05	2e-05	7e-05	0.0	0.0	1e-05	0.00025	0.0	5e-05	0.00012	0.00011	5e-05	2e-05	2e-05	5e-05	0.0	0.0	3e-05	0.0	2e-05	8e-05	1e-05	1e-05	1e-05	5e-05	0.0	0.0	0.0	0.00011	0.0	5e-05	0.00016	0.00013	0.0	0.0	0.0	0.0	0.0	0.0	0.0	0.00021	0.0	9e-05	0.0	
6e-05	0.00015	0.0	0.0	0.0	0.00012	7e-05	2e-05	0.0	0.0	0.0	0.0	0.0	0.00015	1e-05	4e-05	5e-05	3e-05	2e-05	0.00016	2e-05	0.0	0.00034	0.0	0.0	0.0	0.0	0.0	0.0	0.0	0.0	0.0	3e-05	0.0	0.00015	0.0	0.0	4e-05	2e-05	7e-05	0.0	0.0	1e-05	0.00025	0.0	5e-05	0.00012	0.00011	5e-05	2e-05	2e-05	5e-05	0.0	0.0	3e-05	0.0	2e-05	8e-05	1e-05	1e-05	1e-05	5e-05	0.0	0.0	0.0	0.00011	0.0	5e-05	0.00016	0.00013	0.0	0.0	0.0	0.0	0.0	0.0	0.0	0.00021	0.0	9e-05	0.0	
6e-05	0.00015	0.0	0.0	0.0	0.00012	7e-05	2e-05	0.0	0.0	0.0	0.0	0.0	0.00015	1e-05	4e-05	5e-05	3e-05	2e-05	0.00016	2e-05	0.0	0.00034	0.0	0.0	0.0	0.0	0.0	0.0	0.0	0.0	0.0	3e-05	0.0	0.00015	0.0	0.0	4e-05	2e-05	7e-05	0.0	0.0	1e-05	0.00025	0.0	5e-05	0.00012	0.00011	5e-05	2e-05	2e-05	5e-05	0.0	0.0	3e-05	0.0	2e-05	8e-05	1e-05	1e-05	1e-05	5e-05	0.0	0.0	0.0	0.00011	0.0	5e-05	0.00016	0.00013	0.0	0.0	0.0	0.0	0.0	0.0	0.0	0.00021	0.0	9e-05	0.0	
6e-05	0.00015	0.0	0.0	0.0	0.00012	7e-05	2e-05	0.0	0.0	0.0	0.0	0.0	0.00015	1e-05	4e-05	5e-05	3e-05	2e-05	0.00016	2e-05	0.0	0.00034	0.0	0.0	0.0	0.0	0.0	0.0	0.0	0.0	0.0	3e-05	0.0	0.00015	0.0	0.0	4e-05	2e-05	7e-05	0.0	0.0	1e-05	0.00025	0.0	5e-05	0.00012	0.00011	5e-05	2e-05	2e-05	5e-05	0.0	0.0	3e-05	0.0	2e-05	8e-05	1e-05	1e-05	1e-05	5e-05	0.0	0.0	0.0	0.00011	0.0	5e-05	0.00016	0.00013	0.0	0.0	0.0	0.0	0.0	0.0	0.0	0.00021	0.0	9e-05	0.0	
6e-05	0.00015	0.0	0.0	0.0	0.00012	7e-05	2e-05	0.0	0.0	0.0	0.0	0.0	0.00015	1e-05	4e-05	5e-05	3e-05	2e-05	0.00016	2e-05	0.0	0.00034	0.0	0.0	0.0	0.0	0.0	0.0	0.0	0.0	0.0	3e-05	0.0	0.00015	0.0	0.0	4e-05	2e-05	7e-05	0.0	0.0	1e-05	0.00025	0.0	5e-05	0.00012	0.00011	5e-05	2e-05	2e-05	5e-05	0.0	0.0	3e-05	0.0	2e-05	8e-05	1e-05	1e-05	1e-05	5e-05	0.0	0.0	0.0	0.00011	0.0	5e-05	0.00016	0.00013	0.0	0.0	0.0	0.0	0.0	0.0	0.0	0.00021	0.0	9e-05	0.0	
0.0	0.0	0.0	0.0	0.0	0.0	0.0	0.0	0.0	0.0	0.0	0.0	0.0	0.0	0.0	0.0	0.0	0.0	0.0	0.0	0.0	0.0	0.0	0.0	0.0	0.0	0.0	0.0	0.0	0.0	0.0	0.0	0.0	0.0	0.0	0.0	0.0	0.0	0.0	0.0	0.0	0.0	0.0	0.0	0.0	0.0	0.0	0.0	0.0	0.0	0.0	0.0	0.0	0.0	0.0	0.0	0.0	0.0	0.0	0.0	0.0	0.0	0.0	0.0	0.0	0.0	0.0	0.0	0.0	0.0	0.0	0.0	0.0	0.0	0.0	0.0	0.0	0.0	0.0	0.0	0.0	
6e-05	0.00015	0.0	0.0	0.0	0.00012	7e-05	2e-05	0.0	0.0	0.0	0.0	0.0	0.00015	1e-05	4e-05	5e-05	3e-05	2e-05	0.00016	2e-05	0.0	0.00034	0.0	0.0	0.0	0.0	0.0	0.0	0.0	0.0	0.0	3e-05	0.0	0.00015	0.0	0.0	4e-05	2e-05	7e-05	0.0	0.0	1e-05	0.00025	0.0	5e-05	0.00012	0.00011	5e-05	2e-05	2e-05	5e-05	0.0	0.0	3e-05	0.0	2e-05	8e-05	1e-05	1e-05	1e-05	5e-05	0.0	0.0	0.0	0.00011	0.0	5e-05	0.00016	0.00013	0.0	0.0	0.0	0.0	0.0	0.0	0.0	0.00021	0.0	9e-05	0.0	
0.01875	0.00686	0.00028	0.00021	0.00021	0.0067	0.00709	0.02856	0.00021	0.00021	0.00021	0.00021	0.00021	0.00672	0.01882	0.03199	0.02651	0.01464	0.25623	0.00708	0.01376	0.00037	0.00329	0.00021	0.00021	0.00021	0.00021	0.00021	0.00021	0.00021	0.00021	0.00021	0.01333	0.00021	0.00672	0.00021	0.00021	0.09654	0.01253	0.00926	0.0	0.0	0.01521	0.00384	0.00021	0.00983	0.00823	0.00928	0.01288	0.02386	0.01194	0.02261	0.0	0.0	0.01191	0.0	0.0254	0.01162	0.0299	0.03222	0.03404	0.04968	0.0	0.0	0.0	0.21519	0.0	0.0345	0.01172	0.12585	0.00021	0.00021	0.00021	0.00021	0.00021	0.0	0.00021	0.0	0.00021	0.00838	0.0	
6e-05	0.00015	0.0	0.0	0.0	0.00012	7e-05	2e-05	0.0	0.0	0.0	0.0	0.0	0.00015	1e-05	4e-05	5e-05	3e-05	2e-05	0.00016	2e-05	0.0	0.00034	0.0	0.0	0.0	0.0	0.0	0.0	0.0	0.0	0.0	3e-05	0.0	0.00015	0.0	0.0	4e-05	2e-05	7e-05	0.0	0.0	1e-05	0.00025	0.0	5e-05	0.00012	0.00011	5e-05	2e-05	2e-05	5e-05	0.0	0.0	3e-05	0.0	2e-05	8e-05	1e-05	1e-05	1e-05	5e-05	0.0	0.0	0.0	0.00011	0.0	5e-05	0.00016	0.00013	0.0	0.0	0.0	0.0	0.0	0.0	0.0	0.00021	0.0	9e-05	0.0	
0.03715	0.01117	0.00013	9e-05	9e-05	0.01094	0.05886	0.05622	9e-05	9e-05	9e-05	9e-05	9e-05	0.01096	0.03746	0.00637	0.02091	0.02738	0.02445	0.01164	0.02683	0.00019	0.00474	9e-05	9e-05	9e-05	9e-05	9e-05	9e-05	9e-05	9e-05	9e-05	0.07714	9e-05	0.01096	9e-05	9e-05	0.07345	0.09603	0.01672	0.0	0.0	0.05899	0.0057	9e-05	0.01793	0.01389	0.01598	0.02423	0.07359	0.02286	0.04448	0.0	0.0	0.02225	0.0	0.03849	0.02036	0.14806	0.02833	0.08126	0.02479	0.0	0.0	0.0	0.02517	0.0	0.0128	0.02171	0.23648	9e-05	9e-05	9e-05	9e-05	9e-05	0.0	9e-05	0.00838	9e-05	0.0	0.0	
0.0	0.0	0.0	0.0	0.0	0.0	0.0	0.0	0.0	0.0	0.0	0.0	0.0	0.0	0.0	0.0	0.0	0.0	0.0	0.0	0.0	0.0	0.0	0.0	0.0	0.0	0.0	0.0	0.0	0.0	0.0	0.0	0.0	0.0	0.0	0.0	0.0	0.0	0.0	0.0	0.0	0.0	0.0	0.0	0.0	0.0	0.0	0.0	0.0	0.0	0.0	0.0	0.0	0.0	0.0	0.0	0.0	0.0	0.0	0.0	0.0	0.0	0.0	0.0	0.0	0.0	0.0	0.0	0.0	0.0	0.0	0.0	0.0	0.0	0.0	0.0	0.0	0.0	0.0	0.0	0.0	
