0.0	0.00782	0.00069	0.11366	0.00069	0.11366	0.08979	0.1532	0.18148	0.00069	0.11366	0.00069	0.00069	0.00069	0.0196	0.01286	0.19597	0.29679	0.0	0.08333	0.07373	0.0	0.06518	0.13402	0.06262	0.09211	0.15904	0.06939	0.08608	0.06052	0.21686	0.08287	0.29037	0.29476	0.30737	0.12928	0.00069	0.00069	0.00069	0.00069	0.00069	0.00069	0.00069	0.00069	0.0089	0.00069	0.00069	0.00069	0.00069	0.00069	0.00284	0.1217	0.08318	0.19294	0.02544	0.24445	0.12197	0.71333	0.0	0.25302	0.09646	0.09646	0.06405	0.08765	0.12645	0.05194	0.17059	0.10858	0.15083	0.14879	0.21277	0.19914	0.0	0.0	0.15384	0.14367	0.06825	0.0	0.0	0.22514	0.13207	0.04239	0.00069	0.00069	0.00069	0.00069	0.26961	0.21132	0.00069	0.11366	0.00069	0.20001	0.20409	
0.00782	0.0	4e-05	0.08213	4e-05	0.08213	0.0437	0.02111	0.05337	4e-05	0.08213	4e-05	4e-05	4e-05	0.04359	0.00455	0.09604	0.08335	0.0	0.06457	0.07289	0.0	0.00887	0.10119	0.06452	0.01554	0.03202	0.07758	0.13538	0.01213	0.05947	0.1452	0.04851	0.10412	0.09058	0.05283	4e-05	4e-05	4e-05	4e-05	4e-05	4e-05	4e-05	4e-05	0.01263	4e-05	4e-05	4e-05	4e-05	4e-05	0.00278	0.13363	0.11896	0.04678	0.03729	0.02843	0.00036	0.25193	0.08565	0.07716	0.07415	0.07415	0.09371	0.00077	0.00293	0.04279	0.05566	0.01097	0.05621	0.02592	0.0707	0.11599	0.0	0.0	0.14685	0.08919	0.1231	0.0	0.0	0.01867	0.02668	0.03077	4e-05	4e-05	4e-05	4e-05	0.10324	0.00636	4e-05	0.08213	4e-05	0.09737	0.02113	
0.00069	4e-05	0.0	0.00072	0.0	0.00072	0.00392	1e-05	0.00087	0.0	0.00072	0.0	0.0	0.0	0.00017	0.0	0.00071	3e-05	0.0	0.00027	0.00025	0.0	0.00022	7e-05	0.00059	9e-05	0.0005	0.0003	0.00054	0.00045	0.00015	0.00414	0.00363	0.00018	0.00203	0.00493	0.0	0.0	0.0	0.0	0.0	0.0	0.0	0.0	0.00327	0.0	0.0	0.0	0.0	0.0	0.0	0.0036	0.00022	2e-05	0.00055	0.00145	0.00096	0.00224	0.0	0.00064	0.00218	0.00218	0.00121	0.00066	8e-05	0.0001	0.00011	0.00022	0.00027	8e-05	0.00056	0.00105	0.0	0.0	0.00038	0.00014	0.00011	0.0	0.0	0.00068	0.00061	0.00068	0.0	0.0	0.0	0.0	0.00102	0.00046	0.0	0.00072	0.0	0.00225	0.00022	
0.11366	0.08213	0.00072	0.0	0.00072	1.00101	0.01303	0.03754	0.32688	0.00072	1.00101	0.00072	0.00072	0.00072	0.00834	0.03133	0.37192	0.03156	0.0	0.11654	0.24691	0.0	0.05113	0.02981	0.03965	0.07026	0.16907	0.06862	0.21386	0.24258	0.29093	0.16987	0.09394	0.16607	0.09153	0.29066	0.00072	0.00072	0.00072	0.00072	0.00072	0.00072	0.00072	0.00072	0.00504	0.00072	0.00072	0.00072	0.00072	0.00072	0.00215	0.45312	0.0267	0.04147	0.01034	0.2018	0.0173	0.12793	0.0	0.06973	0.01722	0.01722	0.02094	0.02363	0.19401	0.09232	0.06574	0.09077	0.04619	0.08664	0.22433	0.07839	0.0	0.0	0.03459	0.02105	0.20022	0.0	0.0	0.09919	0.06585	0.11173	0.00072	0.00072	0.00072	0.00072	0.02102	0.36733	0.00072	1.00101	0.00072	0.55096	0.13452	
0.00069	4e-05	0.0	0.00072	0.0	0.00072	0.00392	1e-05	0.00087	0.0	0.00072	0.0	0.0	0.0	0.00017	0.0	0.00071	3e-05	0.0	0.00027	0.00025	0.0	0.00022	7e-05	0.00059	9e-05	0.0005	0.0003	0.00054	0.00045	0.00015	0.00414	0.00363	0.00018	0.00203	0.00493	0.0	0.0	0.0	0.0	0.0	0.0	0.0	0.0	0.00327	0.0	0.0	0.0	0.0	0.0	0.0	0.0036	0.00022	2e-05	0.00055	0.00145	0.00096	0.00224	0.0	0.00064	0.00218	0.00218	0.00121	0.00066	8e-05	0.0001	0.00011	0.00022	0.00027	8e-05	0.00056	0.00105	0.0	0.0	0.00038	0.00014	0.00011	0.0	0.0	0.00068	0.00061	0.00068	0.0	0.0	0.0	0.0	0.00102	0.00046	0.0	0.00072	0.0	0.00225	0.00022	
0.11366	0.08213	0.00072	1.00101	0.00072	0.0	0.01303	0.03754	0.32688	0.00072	1.00101	0.00072	0.00072	0.00072	0.00834	0.03133	0.37192	0.03156	0.0	0.11654	0.24691	0.0	0.05113	0.02981	0.03965	0.07026	0.16907	0.06862	0.21386	0.24258	0.29093	0.16987	0.09394	0.16607	0.09153	0.29066	0.00072	0.00072	0.00072	0.00072	0.00072	0.00072	0.00072	0.00072	0.00504	0.00072	0.00072	0.00072	0.00072	0.00072	0.00215	0.45312	0.0267	0.04147	0.01034	0.2018	0.0173	0.12793	0.0	0.06973	0.01722	0.01722	0.02094	0.02363	0.19401	0.09232	0.06574	0.09077	0.04619	0.08664	0.22433	0.07839	0.0	0.0	0.03459	0.02105	0.20022	0.0	0.0	0.09919	0.06585	0.11173	0.00072	0.00072	0.00072	0.00072	0.02102	0.36733	0.00072	1.00101	0.00072	0.55096	0.13452	
0.08979	0.0437	0.00392	0.01303	0.00392	0.01303	0.0	0.0305	0.03181	0.00392	0.01303	0.00392	0.00392	0.00392	0.00909	0.0	0.06007	0.05769	0.0	0.04594	0.07338	0.0	0.05814	0.05741	0.09051	0.05094	0.0526	0.06214	0.06298	0.17011	0.2039	0.12026	0.20512	0.04762	0.35549	1.02441	0.00392	0.00392	0.00392	0.00392	0.00392	0.00392	0.00392	0.00392	0.00704	0.00392	0.00392	0.00392	0.00392	0.00392	0.00661	0.02559	0.02319	0.03383	0.0106	0.15432	0.36742	0.09028	0.0	0.13717	0.51081	0.51081	0.01869	0.02013	0.02395	0.03073	0.081	0.03592	0.03746	0.03837	0.08079	0.07642	0.0	0.0	0.02974	0.01813	0.02298	0.0	0.0	0.07855	0.05293	0.03321	0.00392	0.00392	0.00392	0.00392	0.22568	0.01761	0.00392	0.01303	0.00392	0.46634	0.0302	
0.1532	0.02111	1e-05	0.03754	1e-05	0.03754	0.0305	0.0	0.08158	1e-05	0.03754	1e-05	1e-05	1e-05	0.04746	0.01739	0.10672	0.31269	0.0	0.17296	0.1187	0.0	0.11546	0.2375	0.02714	0.12543	0.29378	0.08385	0.31552	0.06009	0.24066	0.3476	0.25996	0.18366	0.19864	0.15245	1e-05	1e-05	1e-05	1e-05	1e-05	1e-05	1e-05	1e-05	0.00836	1e-05	1e-05	1e-05	1e-05	1e-05	0.01249	0.06134	0.14891	0.11713	0.02584	0.10076	0.01976	0.77572	0.19606	0.19751	0.14095	0.14095	0.07315	0.08481	0.13459	0.24034	0.16443	0.12284	0.18258	0.0988	0.11739	0.12836	0.0	0.0	0.08849	0.1314	0.03849	0.0	0.0	0.07745	0.03829	0.133	1e-05	1e-05	1e-05	1e-05	0.04306	0.02299	1e-05	0.03754	1e-05	0.06223	0.08002	
0.18148	0.05337	0.00087	0.32688	0.00087	0.32688	0.03181	0.08158	0.0	0.00087	0.32688	0.00087	0.00087	0.00087	0.02091	0.03293	0.27539	0.08555	0.0	0.12315	0.24167	0.0	0.10368	0.077	0.16261	0.05057	0.17167	0.07099	0.21837	0.08188	0.12861	0.27441	0.31775	0.23658	0.26553	0.13565	0.00087	0.00087	0.00087	0.00087	0.00087	0.00087	0.00087	0.00087	0.02236	0.00087	0.00087	0.00087	0.00087	0.00087	0.00071	0.24588	0.06328	0.06782	0.02708	0.21097	0.05289	0.27739	0.12676	0.08088	0.05459	0.05459	0.03072	0.05478	0.11154	0.09971	0.20227	0.2086	0.08857	0.08557	0.26832	0.0838	0.0	0.0	0.11646	0.04657	0.14488	0.0	0.0	0.08462	0.08979	0.11438	0.00087	0.00087	0.00087	0.00087	0.07595	0.19884	0.00087	0.32688	0.00087	0.29013	0.16729	
0.00069	4e-05	0.0	0.00072	0.0	0.00072	0.00392	1e-05	0.00087	0.0	0.00072	0.0	0.0	0.0	0.00017	0.0	0.00071	3e-05	0.0	0.00027	0.00025	0.0	0.00022	7e-05	0.00059	9e-05	0.0005	0.0003	0.00054	0.00045	0.00015	0.00414	0.00363	0.00018	0.00203	0.00493	0.0	0.0	0.0	0.0	0.0	0.0	0.0	0.0	0.00327	0.0	0.0	0.0	0.0	0.0	0.0	0.0036	0.00022	2e-05	0.00055	0.00145	0.00096	0.00224	0.0	0.00064	0.00218	0.00218	0.00121	0.00066	8e-05	0.0001	0.00011	0.00022	0.00027	8e-05	0.00056	0.00105	0.0	0.0	0.00038	0.00014	0.00011	0.0	0.0	0.00068	0.00061	0.00068	0.0	0.0	0.0	0.0	0.00102	0.00046	0.0	0.00072	0.0	0.00225	0.00022	
0.11366	0.08213	0.00072	1.00101	0.00072	1.00101	0.01303	0.03754	0.32688	0.00072	0.0	0.00072	0.00072	0.00072	0.00834	0.03133	0.37192	0.03156	0.0	0.11654	0.24691	0.0	0.05113	0.02981	0.03965	0.07026	0.16907	0.06862	0.21386	0.24258	0.29093	0.16987	0.09394	0.16607	0.09153	0.29066	0.00072	0.00072	0.00072	0.00072	0.00072	0.00072	0.00072	0.00072	0.00504	0.00072	0.00072	0.00072	0.00072	0.00072	0.00215	0.45312	0.0267	0.04147	0.01034	0.2018	0.0173	0.12793	0.0	0.06973	0.01722	0.01722	0.02094	0.02363	0.19401	0.09232	0.06574	0.09077	0.04619	0.08664	0.22433	0.07839	0.0	0.0	0.03459	0.02105	0.20022	0.0	0.0	0.09919	0.06585	0.11173	0.00072	0.00072	0.00072	0.00072	0.02102	0.36733	0.00072	1.00101	0.00072	0.55096	0.13452	
0.00069	4e-05	0.0	0.00072	0.0	0.00072	0.00392	1e-05	0.00087	0.0	0.00072	0.0	0.0	0.0	0.00017	0.0	0.00071	3e-05	0.0	0.00027	0.00025	0.0	0.00022	7e-05	0.00059	9e-05	0.0005	0.0003	0.00054	0.00045	0.00015	0.00414	0.00363	0.00018	0.00203	0.00493	0.0	0.0	0.0	0.0	0.0	0.0	0.0	0.0	0.00327	0.0	0.0	0.0	0.0	0.0	0.0	0.0036	0.00022	2e-05	0.00055	0.00145	0.00096	0.00224	0.0	0.00064	0.00218	0.00218	0.00121	0.00066	8e-05	0.0001	0.00011	0.00022	0.00027	8e-05	0.00056	0.00105	0.0	0.0	0.00038	0.00014	0.00011	0.0	0.0	0.00068	0.00061	0.00068	0.0	0.0	0.0	0.0	0.00102	0.00046	0.0	0.00072	0.0	0.00225	0.00022	
0.00069	4e-05	0.0	0.00072	0.0	0.00072	0.00392	1e-05	0.00087	0.0	0.00072	0.0	0.0	0.0	0.00017	0.0	0.00071	3e-05	0.0	0.00027	0.00025	0.0	0.00022	7e-05	0.00059	9e-05	0.0005	0.0003	0.00054	0.00045	0.00015	0.00414	0.00363	0.00018	0.00203	0.00493	0.0	0.0	0.0	0.0	0.0	0.0	0.0	0.0	0.00327	0.0	0.0	0.0	0.0	0.0	0.0	0.0036	0.00022	2e-05	0.00055	0.00145	0.00096	0.00224	0.0	0.00064	0.00218	0.00218	0.00121	0.00066	8e-05	0.0001	0.00011	0.00022	0.00027	8e-05	0.00056	0.00105	0.0	0.0	0.00038	0.00014	0.00011	0.0	0.0	0.00068	0.00061	0.00068	0.0	0.0	0.0	0.0	0.00102	0.00046	0.0	0.00072	0.0	0.00225	0.00022	
0.00069	4e-05	0.0	0.00072	0.0	0.00072	0.00392	1e-05	0.00087	0.0	0.00072	0.0	0.0	0.0	0.00017	0.0	0.00071	3e-05	0.0	0.00027	0.00025	0.0	0.00022	7e-05	0.00059	9e-05	0.0005	0.0003	0.00054	0.00045	0.00015	0.00414	0.00363	0.00018	0.00203	0.00493	0.0	0.0	0.0	0.0	0.0	0.0	0.0	0.0	0.00327	0.0	0.0	0.0	0.0	0.0	0.0	0.0036	0.00022	2e-05	0.00055	0.00145	0.00096	0.00224	0.0	0.00064	0.00218	0.00218	0.00121	0.00066	8e-05	0.0001	0.00011	0.00022	0.00027	8e-05	0.00056	0.00105	0.0	0.0	0.00038	0.00014	0.00011	0.0	0.0	0.00068	0.00061	0.00068	0.0	0.0	0.0	0.0	0.00102	0.00046	0.0	0.00072	0.0	0.00225	0.00022	
0.0196	0.04359	0.00017	0.00834	0.00017	0.00834	0.00909	0.04746	0.02091	0.00017	0.00834	0.00017	0.00017	0.00017	0.0	0.01886	0.02026	0.01649	0.0	0.02423	0.01435	0.0	0.0497	0.0157	0.02183	0.04749	0.02012	0.03739	0.01763	0.01403	0.01365	0.09122	0.05109	0.02712	0.07455	0.01458	0.00017	0.00017	0.00017	0.00017	0.00017	0.00017	0.00017	0.00017	0.00375	0.00017	0.00017	0.00017	0.00017	0.00017	0.00058	0.01689	0.01429	0.04713	0.00647	0.01512	0.01043	0.06824	0.0	0.03568	0.01058	0.01058	0.01245	0.01318	0.01568	0.01991	0.02994	0.04617	0.02397	0.02463	0.02876	0.12827	0.0	0.0	0.22233	0.01145	0.01488	0.0	0.0	0.05045	0.02975	0.0216	0.00017	0.00017	0.00017	0.00017	0.01206	0.01151	0.00017	0.00834	0.00017	0.0114	0.01987	
0.01286	0.00455	0.0	0.03133	0.0	0.03133	0.0	0.01739	0.03293	0.0	0.03133	0.0	0.0	0.0	0.01886	0.0	0.01957	0.01527	0.0	0.06556	0.01617	0.0	0.01028	0.09999	0.00495	0.02513	0.03201	0.08409	0.03611	0.02242	0.01794	0.00404	0.60984	0.00266	0.13461	0.0	0.0	0.0	0.0	0.0	0.0	0.0	0.0	0.0	0.0	0.0	0.0	0.0	0.0	0.0	0.0	0.01464	0.10982	0.00903	0.0259	0.01625	0.0	0.34862	0.0	0.01229	0.19994	0.19994	0.00102	0.01081	0.00171	0.0194	0.06241	0.05538	0.05801	0.01671	0.05907	0.0	0.0	0.0	0.01454	0.38625	0.00069	0.0	0.0	0.01887	0.06766	0.03733	0.0	0.0	0.0	0.0	0.22306	0.03882	0.0	0.03133	0.0	0.17638	7e-05	
0.19597	0.09604	0.00071	0.37192	0.00071	0.37192	0.06007	0.10672	0.27539	0.00071	0.37192	0.00071	0.00071	0.00071	0.02026	0.01957	0.0	0.0864	0.0	0.39265	0.39204	0.0	0.10773	0.11971	0.13357	0.17452	0.2595	0.16254	0.35167	0.48148	0.1617	0.34829	0.56313	0.27364	0.34662	0.24046	0.00071	0.00071	0.00071	0.00071	0.00071	0.00071	0.00071	0.00071	0.00833	0.00071	0.00071	0.00071	0.00071	0.00071	0.00287	0.34166	0.23726	0.13537	0.28269	0.54924	0.12165	0.33911	0.39893	0.22553	0.07604	0.07604	0.03588	0.24922	0.17367	0.14303	0.16978	0.23098	0.18962	0.16512	0.31984	0.28621	0.0	0.0	0.22824	0.17864	0.2167	0.0	0.0	0.18665	0.18402	0.15448	0.00071	0.00071	0.00071	0.00071	0.0854	0.20679	0.00071	0.37192	0.00071	0.42942	0.15888	
0.29679	0.08335	3e-05	0.03156	3e-05	0.03156	0.05769	0.31269	0.08555	3e-05	0.03156	3e-05	3e-05	3e-05	0.01649	0.01527	0.0864	0.0	0.0	0.13613	0.06618	0.0	0.11385	0.23762	0.05498	0.14277	0.23256	0.16311	0.09916	0.04944	0.2755	0.13488	0.18481	0.14649	0.17924	0.09456	3e-05	3e-05	3e-05	3e-05	3e-05	3e-05	3e-05	3e-05	0.00685	3e-05	3e-05	3e-05	3e-05	3e-05	0.00114	0.09164	0.20778	0.10826	0.02189	0.07293	0.14141	0.60266	0.0	0.36416	0.21638	0.21638	0.12923	0.06695	0.12289	0.09892	0.19759	0.13191	0.22678	0.20992	0.11295	0.38339	0.0	0.0	0.20718	0.12953	0.08115	0.0	0.0	0.14162	0.17337	0.1901	3e-05	3e-05	3e-05	3e-05	0.15451	0.06533	3e-05	0.03156	3e-05	0.07596	0.26598	
0.0	0.0	0.0	0.0	0.0	0.0	0.0	0.0	0.0	0.0	0.0	0.0	0.0	0.0	0.0	0.0	0.0	0.0	0.0	0.0	0.0	0.0	0.0	0.0	0.0	0.0	0.0	0.0	0.0	0.0	0.0	0.0	0.0	0.0	0.0	0.0	0.0	0.0	0.0	0.0	0.0	0.0	0.0	0.0	0.0	0.0	0.0	0.0	0.0	0.0	0.0	0.0	0.0	0.0	0.0	0.0	0.0	0.0	0.0	0.0	0.0	0.0	0.0	0.0	0.0	0.0	0.0	0.0	0.0	0.0	0.0	0.0	0.0	0.0	0.0	0.0	0.0	0.0	0.0	0.0	0.0	0.0	0.0	0.0	0.0	0.0	0.0	0.0	0.0	0.0	0.0	0.0	0.0	
0.08333	0.06457	0.00027	0.11654	0.00027	0.11654	0.04594	0.17296	0.12315	0.00027	0.11654	0.00027	0.00027	0.00027	0.02423	0.06556	0.39265	0.13613	0.0	0.0	0.08535	0.0	0.07353	0.24033	0.04696	0.14548	0.29896	0.0988	0.39669	0.05762	0.04644	0.31103	0.47786	0.26895	0.41497	0.34457	0.00027	0.00027	0.00027	0.00027	0.00027	0.00027	0.00027	0.00027	0.01004	0.00027	0.00027	0.00027	0.00027	0.00027	0.00369	0.18448	0.14635	0.08425	0.0322	0.13769	0.09896	0.74707	0.16741	0.13029	0.12902	0.12902	0.02368	0.0838	0.05735	0.20754	0.21378	0.1627	0.20682	0.05107	0.19966	0.20741	0.0	0.0	0.10814	0.18187	0.08938	0.0	0.0	0.18109	0.08685	0.06787	0.00027	0.00027	0.00027	0.00027	0.151	0.05912	0.00027	0.11654	0.00027	0.15662	0.02792	
0.07373	0.07289	0.00025	0.24691	0.00025	0.24691	0.07338	0.1187	0.24167	0.00025	0.24691	0.00025	0.00025	0.00025	0.01435	0.01617	0.39204	0.06618	0.0	0.08535	0.0	0.0	0.11893	0.07202	0.11456	0.11061	0.16169	0.09597	0.19323	0.58297	0.05292	0.16169	0.19241	0.1262	0.21643	0.14715	0.00025	0.00025	0.00025	0.00025	0.00025	0.00025	0.00025	0.00025	0.00617	0.00025	0.00025	0.00025	0.00025	0.00025	0.00123	0.21704	0.09887	0.09461	0.30729	0.42529	0.03252	0.17386	0.19172	0.07224	0.0765	0.0765	0.01583	0.21946	0.13603	0.1058	0.11147	0.11249	0.10359	0.06335	0.19624	0.17321	0.0	0.0	0.06565	0.04782	0.15	0.0	0.0	0.09512	0.07833	0.13151	0.00025	0.00025	0.00025	0.00025	0.04247	0.1062	0.00025	0.24691	0.00025	0.31082	0.05384	
0.0	0.0	0.0	0.0	0.0	0.0	0.0	0.0	0.0	0.0	0.0	0.0	0.0	0.0	0.0	0.0	0.0	0.0	0.0	0.0	0.0	0.0	0.0	0.0	0.0	0.0	0.0	0.0	0.0	0.0	0.0	0.0	0.0	0.0	0.0	0.0	0.0	0.0	0.0	0.0	0.0	0.0	0.0	0.0	0.0	0.0	0.0	0.0	0.0	0.0	0.0	0.0	0.0	0.0	0.0	0.0	0.0	0.0	0.0	0.0	0.0	0.0	0.0	0.0	0.0	0.0	0.0	0.0	0.0	0.0	0.0	0.0	0.0	0.0	0.0	0.0	0.0	0.0	0.0	0.0	0.0	0.0	0.0	0.0	0.0	0.0	0.0	0.0	0.0	0.0	0.0	0.0	0.0	
0.06518	0.00887	0.00022	0.05113	0.00022	0.05113	0.05814	0.11546	0.10368	0.00022	0.05113	0.00022	0.00022	0.00022	0.0497	0.01028	0.10773	0.11385	0.0	0.07353	0.11893	0.0	0.0	0.11206	0.21675	0.06992	0.11365	0.16582	0.1568	0.03243	0.07026	0.22213	0.55283	0.20991	0.1927	0.08528	0.00022	0.00022	0.00022	0.00022	0.00022	0.00022	0.00022	0.00022	0.01117	0.00022	0.00022	0.00022	0.00022	0.00022	0.00313	0.11666	0.08637	0.0771	0.06619	0.16118	0.04538	1.21579	0.21469	0.07058	0.12459	0.12459	0.032	0.11574	0.03707	0.09118	0.13326	0.05101	0.24476	0.11769	0.13801	0.11305	0.0	0.0	0.07031	0.0865	0.1153	0.0	0.0	0.06558	0.04143	0.08534	0.00022	0.00022	0.00022	0.00022	0.2045	0.08402	0.00022	0.05113	0.00022	0.09652	0.10282	
0.13402	0.10119	7e-05	0.02981	7e-05	0.02981	0.05741	0.2375	0.077	7e-05	0.02981	7e-05	7e-05	7e-05	0.0157	0.09999	0.11971	0.23762	0.0	0.24033	0.07202	0.0	0.11206	0.0	0.09177	0.06455	0.10657	0.15379	0.10475	0.04635	0.0418	0.23002	0.32984	0.32086	0.19715	0.09276	7e-05	7e-05	7e-05	7e-05	7e-05	7e-05	7e-05	7e-05	0.00669	7e-05	7e-05	7e-05	7e-05	7e-05	0.0012	0.08067	0.14059	0.18799	0.02071	0.06762	0.1377	0.61092	0.0	0.09649	0.2081	0.2081	0.06501	0.07939	0.1197	0.12199	0.19354	0.09082	0.1936	0.08204	0.1812	0.30565	0.0	0.0	0.07361	0.12573	0.0656	0.0	0.0	0.16675	0.09669	0.14437	7e-05	7e-05	7e-05	7e-05	0.36486	0.05395	7e-05	0.02981	7e-05	0.07463	0.02388	
0.06262	0.06452	0.00059	0.03965	0.00059	0.03965	0.09051	0.02714	0.16261	0.00059	0.03965	0.00059	0.00059	0.00059	0.02183	0.00495	0.13357	0.05498	0.0	0.04696	0.11456	0.0	0.21675	0.09177	0.0	0.00344	0.0226	0.05902	0.02008	0.03753	0.0609	0.08341	0.51953	0.423	0.16286	0.11171	0.00059	0.00059	0.00059	0.00059	0.00059	0.00059	0.00059	0.00059	0.00992	0.00059	0.00059	0.00059	0.00059	0.00059	0.00329	0.04363	0.06709	0.01702	0.09642	0.11998	0.04747	0.55905	0.0	0.08683	0.18108	0.18108	0.00564	0.16174	0.0024	0.02448	0.12936	0.01154	0.09774	0.03547	0.09995	0.11137	0.0	0.0	0.03646	0.03667	0.04863	0.0	0.0	0.08483	0.00395	0.1525	0.00059	0.00059	0.00059	0.00059	0.20432	0.0068	0.00059	0.03965	0.00059	0.10225	0.00496	
0.09211	0.01554	9e-05	0.07026	9e-05	0.07026	0.05094	0.12543	0.05057	9e-05	0.07026	9e-05	9e-05	9e-05	0.04749	0.02513	0.17452	0.14277	0.0	0.14548	0.11061	0.0	0.06992	0.06455	0.00344	0.0	0.11715	0.04339	0.14412	0.09016	0.06853	0.31406	0.14417	0.04922	0.06317	0.08469	9e-05	9e-05	9e-05	9e-05	9e-05	9e-05	9e-05	9e-05	0.01934	9e-05	9e-05	9e-05	9e-05	9e-05	0.0041	0.06216	0.1605	0.0966	0.04762	0.15186	0.05788	0.72185	0.69863	0.08115	0.11734	0.11734	0.0365	0.05925	0.08013	0.06854	0.04485	0.06837	0.08187	0.15923	0.09654	0.1032	0.0	0.0	0.15716	0.11138	0.07872	0.0	0.0	0.04062	0.06503	0.0736	9e-05	9e-05	9e-05	9e-05	0.10444	0.12573	9e-05	0.07026	9e-05	0.11269	0.09651	
0.15904	0.03202	0.0005	0.16907	0.0005	0.16907	0.0526	0.29378	0.17167	0.0005	0.16907	0.0005	0.0005	0.0005	0.02012	0.03201	0.2595	0.23256	0.0	0.29896	0.16169	0.0	0.11365	0.10657	0.0226	0.11715	0.0	0.13633	0.249	0.09406	0.32151	0.97974	0.4245	0.51974	0.44034	0.38408	0.0005	0.0005	0.0005	0.0005	0.0005	0.0005	0.0005	0.0005	0.00851	0.0005	0.0005	0.0005	0.0005	0.0005	0.01244	0.18296	0.14762	0.10358	0.1154	0.2551	0.03536	1.6732	0.60487	0.30598	0.17245	0.17245	0.05112	0.08892	0.1303	0.2774	0.2049	0.30226	0.10809	0.11375	0.23256	0.22793	0.0	0.0	0.08068	0.09044	0.12595	0.0	0.0	0.15105	0.11955	0.19139	0.0005	0.0005	0.0005	0.0005	0.05726	0.08408	0.0005	0.16907	0.0005	0.21535	0.10388	
0.06939	0.07758	0.0003	0.06862	0.0003	0.06862	0.06214	0.08385	0.07099	0.0003	0.06862	0.0003	0.0003	0.0003	0.03739	0.08409	0.16254	0.16311	0.0	0.0988	0.09597	0.0	0.16582	0.15379	0.05902	0.04339	0.13633	0.0	0.02708	0.0881	0.06411	0.23159	0.22908	0.27158	0.17602	0.08588	0.0003	0.0003	0.0003	0.0003	0.0003	0.0003	0.0003	0.0003	0.01558	0.0003	0.0003	0.0003	0.0003	0.0003	0.00445	0.17	0.07991	0.03653	0.04717	0.18405	0.05846	0.398	0.31941	0.1032	0.1036	0.1036	0.01482	0.01664	0.04752	0.13999	0.29583	0.10268	0.10397	0.05756	0.08779	0.37666	0.0	0.0	0.10043	0.07961	0.07807	0.0	0.0	0.13463	0.10613	0.13407	0.0003	0.0003	0.0003	0.0003	0.28923	0.18812	0.0003	0.06862	0.0003	0.1168	0.06103	
0.08608	0.13538	0.00054	0.21386	0.00054	0.21386	0.06298	0.31552	0.21837	0.00054	0.21386	0.00054	0.00054	0.00054	0.01763	0.03611	0.35167	0.09916	0.0	0.39669	0.19323	0.0	0.1568	0.10475	0.02008	0.14412	0.249	0.02708	0.0	0.05551	0.04957	0.1926	0.6305	0.21207	0.29761	0.61416	0.00054	0.00054	0.00054	0.00054	0.00054	0.00054	0.00054	0.00054	0.00758	0.00054	0.00054	0.00054	0.00054	0.00054	0.01848	0.20705	0.13895	0.10143	0.02326	0.18494	0.03387	1.67146	0.60313	0.16724	0.23236	0.23236	0.06726	0.07273	0.0668	0.15805	0.10633	0.09615	0.17841	0.18289	0.2381	0.086	0.0	0.0	0.07396	0.1057	0.22394	0.0	0.0	0.08734	0.08083	0.11516	0.00054	0.00054	0.00054	0.00054	0.04977	0.09931	0.00054	0.21386	0.00054	0.26897	0.18416	
0.06052	0.01213	0.00045	0.24258	0.00045	0.24258	0.17011	0.06009	0.08188	0.00045	0.24258	0.00045	0.00045	0.00045	0.01403	0.02242	0.48148	0.04944	0.0	0.05762	0.58297	0.0	0.03243	0.04635	0.03753	0.09016	0.09406	0.0881	0.05551	0.0	0.0155	0.02892	0.07747	0.04921	0.15169	0.19546	0.00045	0.00045	0.00045	0.00045	0.00045	0.00045	0.00045	0.00045	0.00569	0.00045	0.00045	0.00045	0.00045	0.00045	0.00222	0.14305	0.04339	0.10536	0.49661	0.5407	0.03207	0.21688	0.0	0.07104	0.11158	0.11158	0.03259	0.11337	0.03551	0.01116	0.0442	0.06828	0.04153	0.05631	0.09111	0.25842	0.0	0.0	0.04971	0.07793	0.20967	0.0	0.0	0.04039	0.03693	0.06274	0.00045	0.00045	0.00045	0.00045	0.03134	0.04348	0.00045	0.24258	0.00045	0.42666	0.04079	
0.21686	0.05947	0.00015	0.29093	0.00015	0.29093	0.2039	0.24066	0.12861	0.00015	0.29093	0.00015	0.00015	0.00015	0.01365	0.01794	0.1617	0.2755	0.0	0.04644	0.05292	0.0	0.07026	0.0418	0.0609	0.06853	0.32151	0.06411	0.04957	0.0155	0.0	0.17041	0.15912	0.16088	0.2229	0.22912	0.00015	0.00015	0.00015	0.00015	0.00015	0.00015	0.00015	0.00015	0.00507	0.00015	0.00015	0.00015	0.00015	0.00015	0.00114	0.14456	0.16026	0.18007	0.01865	0.24291	0.02955	0.18508	0.0	0.27502	0.11855	0.11855	0.02965	0.03932	0.23464	0.08791	0.07787	0.09275	0.07433	0.08274	0.13521	0.15633	0.0	0.0	0.05682	0.07616	0.10995	0.0	0.0	0.05456	0.07992	0.13215	0.00015	0.00015	0.00015	0.00015	0.02739	0.04067	0.00015	0.29093	0.00015	0.512	0.13476	
0.08287	0.1452	0.00414	0.16987	0.00414	0.16987	0.12026	0.3476	0.27441	0.00414	0.16987	0.00414	0.00414	0.00414	0.09122	0.00404	0.34829	0.13488	0.0	0.31103	0.16169	0.0	0.22213	0.23002	0.08341	0.31406	0.97974	0.23159	0.1926	0.02892	0.17041	0.0	0.09253	0.04596	0.20056	0.14723	0.00414	0.00414	0.00414	0.00414	0.00414	0.00414	0.00414	0.00414	0.17971	0.00414	0.00414	0.00414	0.00414	0.00414	0.00414	1.20198	0.14449	0.12798	0.11536	0.32301	0.05102	0.0	0.0	0.17844	0.25803	0.25803	0.49701	0.09025	0.02841	0.08854	0.12377	0.46417	0.11664	0.21268	0.09547	0.67379	0.0	0.0	0.72962	0.22204	0.1148	0.0	0.0	0.1112	0.6499	0.19259	0.00414	0.00414	0.00414	0.00414	0.25084	0.30878	0.00414	0.16987	0.00414	0.29586	0.07533	
0.29037	0.04851	0.00363	0.09394	0.00363	0.09394	0.20512	0.25996	0.31775	0.00363	0.09394	0.00363	0.00363	0.00363	0.05109	0.60984	0.56313	0.18481	0.0	0.47786	0.19241	0.0	0.55283	0.32984	0.51953	0.14417	0.4245	0.22908	0.6305	0.07747	0.15912	0.09253	0.0	0.41602	0.58739	0.19349	0.00363	0.00363	0.00363	0.00363	0.00363	0.00363	0.00363	0.00363	0.01953	0.00363	0.00363	0.00363	0.00363	0.00363	0.00363	0.13705	0.31132	0.35567	0.06424	0.21775	0.09106	0.0	0.0	0.35695	0.2603	0.2603	0.06739	0.18462	0.25877	0.2697	0.31978	0.40108	0.19886	0.05731	0.2281	0.21104	0.0	0.0	0.1538	0.18056	0.13512	0.0	0.0	0.18972	0.16279	0.10329	0.00363	0.00363	0.00363	0.00363	0.50383	0.16962	0.00363	0.09394	0.00363	0.27545	0.06289	
0.29476	0.10412	0.00018	0.16607	0.00018	0.16607	0.04762	0.18366	0.23658	0.00018	0.16607	0.00018	0.00018	0.00018	0.02712	0.00266	0.27364	0.14649	0.0	0.26895	0.1262	0.0	0.20991	0.32086	0.423	0.04922	0.51974	0.27158	0.21207	0.04921	0.16088	0.04596	0.41602	0.0	0.34476	0.03693	0.00018	0.00018	0.00018	0.00018	0.00018	0.00018	0.00018	0.00018	0.01034	0.00018	0.00018	0.00018	0.00018	0.00018	0.00018	0.17496	0.11028	0.19421	0.11152	0.12447	0.06867	0.0	0.0	0.21127	0.12392	0.12392	0.03848	0.06765	0.15741	0.18308	0.43908	0.18157	0.09822	0.02972	0.13225	0.46832	0.0	0.0	0.09228	0.11638	0.12514	0.0	0.0	0.17532	0.0813	0.06714	0.00018	0.00018	0.00018	0.00018	0.4212	0.31561	0.00018	0.16607	0.00018	0.14486	0.0405	
0.30737	0.09058	0.00203	0.09153	0.00203	0.09153	0.35549	0.19864	0.26553	0.00203	0.09153	0.00203	0.00203	0.00203	0.07455	0.13461	0.34662	0.17924	0.0	0.41497	0.21643	0.0	0.1927	0.19715	0.16286	0.06317	0.44034	0.17602	0.29761	0.15169	0.2229	0.20056	0.58739	0.34476	0.0	0.34819	0.00203	0.00203	0.00203	0.00203	0.00203	0.00203	0.00203	0.00203	0.01421	0.00203	0.00203	0.00203	0.00203	0.00203	0.00203	0.09214	0.14101	0.19295	0.0621	0.39361	0.21549	0.0	0.0	0.34293	0.42321	0.42321	0.06331	0.08416	0.11929	0.13907	0.30411	0.33835	0.14773	0.06603	0.17372	0.15402	0.0	0.0	0.1578	0.14014	0.1382	0.0	0.0	0.31348	0.30494	0.05563	0.00203	0.00203	0.00203	0.00203	0.35263	0.11566	0.00203	0.09153	0.00203	0.44179	0.0557	
0.12928	0.05283	0.00493	0.29066	0.00493	0.29066	1.02441	0.15245	0.13565	0.00493	0.29066	0.00493	0.00493	0.00493	0.01458	0.0	0.24046	0.09456	0.0	0.34457	0.14715	0.0	0.08528	0.09276	0.11171	0.08469	0.38408	0.08588	0.61416	0.19546	0.22912	0.14723	0.19349	0.03693	0.34819	0.0	0.00493	0.00493	0.00493	0.00493	0.00493	0.00493	0.00493	0.00493	0.0082	0.00493	0.00493	0.00493	0.00493	0.00493	0.00493	0.1503	0.03488	0.04658	0.01853	0.39822	0.36784	0.0	0.0	0.1469	1.24311	1.24311	0.037	0.03519	0.03394	0.1259	0.12663	0.06167	0.055	0.05215	0.20971	0.12538	0.0	0.0	0.04575	0.03246	0.04727	0.0	0.0	0.12717	0.08283	0.04217	0.00493	0.00493	0.00493	0.00493	0.23072	0.04834	0.00493	0.29066	0.00493	1.30314	0.03479	
0.00069	4e-05	0.0	0.00072	0.0	0.00072	0.00392	1e-05	0.00087	0.0	0.00072	0.0	0.0	0.0	0.00017	0.0	0.00071	3e-05	0.0	0.00027	0.00025	0.0	0.00022	7e-05	0.00059	9e-05	0.0005	0.0003	0.00054	0.00045	0.00015	0.00414	0.00363	0.00018	0.00203	0.00493	0.0	0.0	0.0	0.0	0.0	0.0	0.0	0.0	0.00327	0.0	0.0	0.0	0.0	0.0	0.0	0.0036	0.00022	2e-05	0.00055	0.00145	0.00096	0.00224	0.0	0.00064	0.00218	0.00218	0.00121	0.00066	8e-05	0.0001	0.00011	0.00022	0.00027	8e-05	0.00056	0.00105	0.0	0.0	0.00038	0.00014	0.00011	0.0	0.0	0.00068	0.00061	0.00068	0.0	0.0	0.0	0.0	0.00102	0.00046	0.0	0.00072	0.0	0.00225	0.00022	
0.00069	4e-05	0.0	0.00072	0.0	0.00072	0.00392	1e-05	0.00087	0.0	0.00072	0.0	0.0	0.0	0.00017	0.0	0.00071	3e-05	0.0	0.00027	0.00025	0.0	0.00022	7e-05	0.00059	9e-05	0.0005	0.0003	0.00054	0.00045	0.00015	0.00414	0.00363	0.00018	0.00203	0.00493	0.0	0.0	0.0	0.0	0.0	0.0	0.0	0.0	0.00327	0.0	0.0	0.0	0.0	0.0	0.0	0.0036	0.00022	2e-05	0.00055	0.00145	0.00096	0.00224	0.0	0.00064	0.00218	0.00218	0.00121	0.00066	8e-05	0.0001	0.00011	0.00022	0.00027	8e-05	0.00056	0.00105	0.0	0.0	0.00038	0.00014	0.00011	0.0	0.0	0.00068	0.00061	0.00068	0.0	0.0	0.0	0.0	0.00102	0.00046	0.0	0.00072	0.0	0.00225	0.00022	
0.00069	4e-05	0.0	0.00072	0.0	0.00072	0.00392	1e-05	0.00087	0.0	0.00072	0.0	0.0	0.0	0.00017	0.0	0.00071	3e-05	0.0	0.00027	0.00025	0.0	0.00022	7e-05	0.00059	9e-05	0.0005	0.0003	0.00054	0.00045	0.00015	0.00414	0.00363	0.00018	0.00203	0.00493	0.0	0.0	0.0	0.0	0.0	0.0	0.0	0.0	0.00327	0.0	0.0	0.0	0.0	0.0	0.0	0.0036	0.00022	2e-05	0.00055	0.00145	0.00096	0.00224	0.0	0.00064	0.00218	0.00218	0.00121	0.00066	8e-05	0.0001	0.00011	0.00022	0.00027	8e-05	0.00056	0.00105	0.0	0.0	0.00038	0.00014	0.00011	0.0	0.0	0.00068	0.00061	0.00068	0.0	0.0	0.0	0.0	0.00102	0.00046	0.0	0.00072	0.0	0.00225	0.00022	
0.00069	4e-05	0.0	0.00072	0.0	0.00072	0.00392	1e-05	0.00087	0.0	0.00072	0.0	0.0	0.0	0.00017	0.0	0.00071	3e-05	0.0	0.00027	0.00025	0.0	0.00022	7e-05	0.00059	9e-05	0.0005	0.0003	0.00054	0.00045	0.00015	0.00414	0.00363	0.00018	0.00203	0.00493	0.0	0.0	0.0	0.0	0.0	0.0	0.0	0.0	0.00327	0.0	0.0	0.0	0.0	0.0	0.0	0.0036	0.00022	2e-05	0.00055	0.00145	0.00096	0.00224	0.0	0.00064	0.00218	0.00218	0.00121	0.00066	8e-05	0.0001	0.00011	0.00022	0.00027	8e-05	0.00056	0.00105	0.0	0.0	0.00038	0.00014	0.00011	0.0	0.0	0.00068	0.00061	0.00068	0.0	0.0	0.0	0.0	0.00102	0.00046	0.0	0.00072	0.0	0.00225	0.00022	
0.00069	4e-05	0.0	0.00072	0.0	0.00072	0.00392	1e-05	0.00087	0.0	0.00072	0.0	0.0	0.0	0.00017	0.0	0.00071	3e-05	0.0	0.00027	0.00025	0.0	0.00022	7e-05	0.00059	9e-05	0.0005	0.0003	0.00054	0.00045	0.00015	0.00414	0.00363	0.00018	0.00203	0.00493	0.0	0.0	0.0	0.0	0.0	0.0	0.0	0.0	0.00327	0.0	0.0	0.0	0.0	0.0	0.0	0.0036	0.00022	2e-05	0.00055	0.00145	0.00096	0.00224	0.0	0.00064	0.00218	0.00218	0.00121	0.00066	8e-05	0.0001	0.00011	0.00022	0.00027	8e-05	0.00056	0.00105	0.0	0.0	0.00038	0.00014	0.00011	0.0	0.0	0.00068	0.00061	0.00068	0.0	0.0	0.0	0.0	0.00102	0.00046	0.0	0.00072	0.0	0.00225	0.00022	
0.00069	4e-05	0.0	0.00072	0.0	0.00072	0.00392	1e-05	0.00087	0.0	0.00072	0.0	0.0	0.0	0.00017	0.0	0.00071	3e-05	0.0	0.00027	0.00025	0.0	0.00022	7e-05	0.00059	9e-05	0.0005	0.0003	0.00054	0.00045	0.00015	0.00414	0.00363	0.00018	0.00203	0.00493	0.0	0.0	0.0	0.0	0.0	0.0	0.0	0.0	0.00327	0.0	0.0	0.0	0.0	0.0	0.0	0.0036	0.00022	2e-05	0.00055	0.00145	0.00096	0.00224	0.0	0.00064	0.00218	0.00218	0.00121	0.00066	8e-05	0.0001	0.00011	0.00022	0.00027	8e-05	0.00056	0.00105	0.0	0.0	0.00038	0.00014	0.00011	0.0	0.0	0.00068	0.00061	0.00068	0.0	0.0	0.0	0.0	0.00102	0.00046	0.0	0.00072	0.0	0.00225	0.00022	
0.00069	4e-05	0.0	0.00072	0.0	0.00072	0.00392	1e-05	0.00087	0.0	0.00072	0.0	0.0	0.0	0.00017	0.0	0.00071	3e-05	0.0	0.00027	0.00025	0.0	0.00022	7e-05	0.00059	9e-05	0.0005	0.0003	0.00054	0.00045	0.00015	0.00414	0.00363	0.00018	0.00203	0.00493	0.0	0.0	0.0	0.0	0.0	0.0	0.0	0.0	0.00327	0.0	0.0	0.0	0.0	0.0	0.0	0.0036	0.00022	2e-05	0.00055	0.00145	0.00096	0.00224	0.0	0.00064	0.00218	0.00218	0.00121	0.00066	8e-05	0.0001	0.00011	0.00022	0.00027	8e-05	0.00056	0.00105	0.0	0.0	0.00038	0.00014	0.00011	0.0	0.0	0.00068	0.00061	0.00068	0.0	0.0	0.0	0.0	0.00102	0.00046	0.0	0.00072	0.0	0.00225	0.00022	
0.00069	4e-05	0.0	0.00072	0.0	0.00072	0.00392	1e-05	0.00087	0.0	0.00072	0.0	0.0	0.0	0.00017	0.0	0.00071	3e-05	0.0	0.00027	0.00025	0.0	0.00022	7e-05	0.00059	9e-05	0.0005	0.0003	0.00054	0.00045	0.00015	0.00414	0.00363	0.00018	0.00203	0.00493	0.0	0.0	0.0	0.0	0.0	0.0	0.0	0.0	0.00327	0.0	0.0	0.0	0.0	0.0	0.0	0.0036	0.00022	2e-05	0.00055	0.00145	0.00096	0.00224	0.0	0.00064	0.00218	0.00218	0.00121	0.00066	8e-05	0.0001	0.00011	0.00022	0.00027	8e-05	0.00056	0.00105	0.0	0.0	0.00038	0.00014	0.00011	0.0	0.0	0.00068	0.00061	0.00068	0.0	0.0	0.0	0.0	0.00102	0.00046	0.0	0.00072	0.0	0.00225	0.00022	
0.0089	0.01263	0.00327	0.00504	0.00327	0.00504	0.00704	0.00836	0.02236	0.00327	0.00504	0.00327	0.00327	0.00327	0.00375	0.0	0.00833	0.00685	0.0	0.01004	0.00617	0.0	0.01117	0.00669	0.00992	0.01934	0.00851	0.01558	0.00758	0.00569	0.00507	0.17971	0.01953	0.01034	0.01421	0.0082	0.00327	0.00327	0.00327	0.00327	0.00327	0.00327	0.00327	0.00327	0.0	0.00327	0.00327	0.00327	0.00327	0.00327	0.00173	0.05559	0.00619	0.00943	0.00433	0.00731	0.0059	0.15257	0.28497	0.01224	0.00635	0.00635	0.06871	0.00638	0.00738	0.00866	0.01246	0.01006	0.01014	0.01048	0.01223	0.06047	0.0	0.0	0.03457	0.00522	0.00669	0.0	0.0	0.00989	0.01291	0.00954	0.00327	0.00327	0.00327	0.00327	0.00621	0.00601	0.00327	0.00504	0.00327	0.00668	0.00913	
0.00069	4e-05	0.0	0.00072	0.0	0.00072	0.00392	1e-05	0.00087	0.0	0.00072	0.0	0.0	0.0	0.00017	0.0	0.00071	3e-05	0.0	0.00027	0.00025	0.0	0.00022	7e-05	0.00059	9e-05	0.0005	0.0003	0.00054	0.00045	0.00015	0.00414	0.00363	0.00018	0.00203	0.00493	0.0	0.0	0.0	0.0	0.0	0.0	0.0	0.0	0.00327	0.0	0.0	0.0	0.0	0.0	0.0	0.0036	0.00022	2e-05	0.00055	0.00145	0.00096	0.00224	0.0	0.00064	0.00218	0.00218	0.00121	0.00066	8e-05	0.0001	0.00011	0.00022	0.00027	8e-05	0.00056	0.00105	0.0	0.0	0.00038	0.00014	0.00011	0.0	0.0	0.00068	0.00061	0.00068	0.0	0.0	0.0	0.0	0.00102	0.00046	0.0	0.00072	0.0	0.00225	0.00022	
0.00069	4e-05	0.0	0.00072	0.0	0.00072	0.00392	1e-05	0.00087	0.0	0.00072	0.0	0.0	0.0	0.00017	0.0	0.00071	3e-05	0.0	0.00027	0.00025	0.0	0.00022	7e-05	0.00059	9e-05	0.0005	0.0003	0.00054	0.00045	0.00015	0.00414	0.00363	0.00018	0.00203	0.00493	0.0	0.0	0.0	0.0	0.0	0.0	0.0	0.0	0.00327	0.0	0.0	0.0	0.0	0.0	0.0	0.0036	0.00022	2e-05	0.00055	0.00145	0.00096	0.00224	0.0	0.00064	0.00218	0.00218	0.00121	0.00066	8e-05	0.0001	0.00011	0.00022	0.00027	8e-05	0.00056	0.00105	0.0	0.0	0.00038	0.00014	0.00011	0.0	0.0	0.00068	0.00061	0.00068	0.0	0.0	0.0	0.0	0.00102	0.00046	0.0	0.00072	0.0	0.00225	0.00022	
0.00069	4e-05	0.0	0.00072	0.0	0.00072	0.00392	1e-05	0.00087	0.0	0.00072	0.0	0.0	0.0	0.00017	0.0	0.00071	3e-05	0.0	0.00027	0.00025	0.0	0.00022	7e-05	0.00059	9e-05	0.0005	0.0003	0.00054	0.00045	0.00015	0.00414	0.00363	0.00018	0.00203	0.00493	0.0	0.0	0.0	0.0	0.0	0.0	0.0	0.0	0.00327	0.0	0.0	0.0	0.0	0.0	0.0	0.0036	0.00022	2e-05	0.00055	0.00145	0.00096	0.00224	0.0	0.00064	0.00218	0.00218	0.00121	0.00066	8e-05	0.0001	0.00011	0.00022	0.00027	8e-05	0.00056	0.00105	0.0	0.0	0.00038	0.00014	0.00011	0.0	0.0	0.00068	0.00061	0.00068	0.0	0.0	0.0	0.0	0.00102	0.00046	0.0	0.00072	0.0	0.00225	0.00022	
0.00069	4e-05	0.0	0.00072	0.0	0.00072	0.00392	1e-05	0.00087	0.0	0.00072	0.0	0.0	0.0	0.00017	0.0	0.00071	3e-05	0.0	0.00027	0.00025	0.0	0.00022	7e-05	0.00059	9e-05	0.0005	0.0003	0.00054	0.00045	0.00015	0.00414	0.00363	0.00018	0.00203	0.00493	0.0	0.0	0.0	0.0	0.0	0.0	0.0	0.0	0.00327	0.0	0.0	0.0	0.0	0.0	0.0	0.0036	0.00022	2e-05	0.00055	0.00145	0.00096	0.00224	0.0	0.00064	0.00218	0.00218	0.00121	0.00066	8e-05	0.0001	0.00011	0.00022	0.00027	8e-05	0.00056	0.00105	0.0	0.0	0.00038	0.00014	0.00011	0.0	0.0	0.00068	0.00061	0.00068	0.0	0.0	0.0	0.0	0.00102	0.00046	0.0	0.00072	0.0	0.00225	0.00022	
0.00069	4e-05	0.0	0.00072	0.0	0.00072	0.00392	1e-05	0.00087	0.0	0.00072	0.0	0.0	0.0	0.00017	0.0	0.00071	3e-05	0.0	0.00027	0.00025	0.0	0.00022	7e-05	0.00059	9e-05	0.0005	0.0003	0.00054	0.00045	0.00015	0.00414	0.00363	0.00018	0.00203	0.00493	0.0	0.0	0.0	0.0	0.0	0.0	0.0	0.0	0.00327	0.0	0.0	0.0	0.0	0.0	0.0	0.0036	0.00022	2e-05	0.00055	0.00145	0.00096	0.00224	0.0	0.00064	0.00218	0.00218	0.00121	0.00066	8e-05	0.0001	0.00011	0.00022	0.00027	8e-05	0.00056	0.00105	0.0	0.0	0.00038	0.00014	0.00011	0.0	0.0	0.00068	0.00061	0.00068	0.0	0.0	0.0	0.0	0.00102	0.00046	0.0	0.00072	0.0	0.00225	0.00022	
0.00284	0.00278	0.0	0.00215	0.0	0.00215	0.00661	0.01249	0.00071	0.0	0.00215	0.0	0.0	0.0	0.00058	0.0	0.00287	0.00114	0.0	0.00369	0.00123	0.0	0.00313	0.0012	0.00329	0.0041	0.01244	0.00445	0.01848	0.00222	0.00114	0.00414	0.00363	0.00018	0.00203	0.00493	0.0	0.0	0.0	0.0	0.0	0.0	0.0	0.0	0.00173	0.0	0.0	0.0	0.0	0.0	0.0	0.0036	0.00022	0.0012	0.00168	0.0036	0.00273	0.0	0.0	0.00423	0.0042	0.0042	0.00016	0.00095	0.00052	0.07187	0.00405	0.00987	0.00383	0.01751	0.00354	0.00105	0.0	0.0	0.00025	0.00061	0.00129	0.0	0.0	0.00339	0.00053	0.00185	0.0	0.0	0.0	0.0	0.0026	0.00191	0.0	0.00215	0.0	0.00446	0.00201	
0.1217	0.13363	0.0036	0.45312	0.0036	0.45312	0.02559	0.06134	0.24588	0.0036	0.45312	0.0036	0.0036	0.0036	0.01689	0.01464	0.34166	0.09164	0.0	0.18448	0.21704	0.0	0.11666	0.08067	0.04363	0.06216	0.18296	0.17	0.20705	0.14305	0.14456	1.20198	0.13705	0.17496	0.09214	0.1503	0.0036	0.0036	0.0036	0.0036	0.0036	0.0036	0.0036	0.0036	0.05559	0.0036	0.0036	0.0036	0.0036	0.0036	0.0036	0.0	0.05313	0.12075	0.02123	0.20898	0.03787	0.0	0.0	0.08469	0.0387	0.0387	0.05605	0.04028	0.13075	0.12382	0.17437	0.1019	0.08236	0.09316	0.22735	0.10348	0.0	0.0	0.06122	0.0828	0.23651	0.0	0.0	0.13065	0.07806	0.17349	0.0036	0.0036	0.0036	0.0036	0.07575	0.45531	0.0036	0.45312	0.0036	0.351	0.11362	
0.08318	0.11896	0.00022	0.0267	0.00022	0.0267	0.02319	0.14891	0.06328	0.00022	0.0267	0.00022	0.00022	0.00022	0.01429	0.10982	0.23726	0.20778	0.0	0.14635	0.09887	0.0	0.08637	0.14059	0.06709	0.1605	0.14762	0.07991	0.13895	0.04339	0.16026	0.14449	0.31132	0.11028	0.14101	0.03488	0.00022	0.00022	0.00022	0.00022	0.00022	0.00022	0.00022	0.00022	0.00619	0.00022	0.00022	0.00022	0.00022	0.00022	0.00022	0.05313	0.0	0.28183	0.01883	0.12123	0.03641	0.0	0.0	0.19757	0.03769	0.03769	0.07834	0.14167	0.13677	0.12801	0.10055	0.05301	0.09129	0.06601	0.07812	0.09536	0.0	0.0	0.20147	0.18114	0.12944	0.0	0.0	0.06066	0.10003	0.12491	0.00022	0.00022	0.00022	0.00022	0.13809	0.04347	0.00022	0.0267	0.00022	0.04226	0.06361	
0.19294	0.04678	2e-05	0.04147	2e-05	0.04147	0.03383	0.11713	0.06782	2e-05	0.04147	2e-05	2e-05	2e-05	0.04713	0.00903	0.13537	0.10826	0.0	0.08425	0.09461	0.0	0.0771	0.18799	0.01702	0.0966	0.10358	0.03653	0.10143	0.10536	0.18007	0.12798	0.35567	0.19421	0.19295	0.04658	2e-05	2e-05	2e-05	2e-05	2e-05	2e-05	2e-05	2e-05	0.00943	2e-05	2e-05	2e-05	2e-05	2e-05	0.0012	0.12075	0.28183	0.0	0.06249	0.12967	0.01407	0.89143	0.0	0.17953	0.08708	0.08708	0.01701	0.06121	0.21094	0.11525	0.0935	0.04693	0.10196	0.05737	0.06791	0.11927	0.0	0.0	0.10718	0.1025	0.08447	0.0	0.0	0.02822	0.01463	0.07757	2e-05	2e-05	2e-05	2e-05	0.1604	0.07045	2e-05	0.04147	2e-05	0.06756	0.01832	
0.02544	0.03729	0.00055	0.01034	0.00055	0.01034	0.0106	0.02584	0.02708	0.00055	0.01034	0.00055	0.00055	0.00055	0.00647	0.0259	0.28269	0.02189	0.0	0.0322	0.30729	0.0	0.06619	0.02071	0.09642	0.04762	0.1154	0.04717	0.02326	0.49661	0.01865	0.11536	0.06424	0.11152	0.0621	0.01853	0.00055	0.00055	0.00055	0.00055	0.00055	0.00055	0.00055	0.00055	0.00433	0.00055	0.00055	0.00055	0.00055	0.00055	0.00168	0.02123	0.01883	0.06249	0.0	0.26762	0.01299	0.08656	0.0	0.03802	0.01302	0.01302	0.01557	0.18289	0.02013	0.02605	0.04435	0.10265	0.05864	0.0324	0.04774	0.16352	0.0	0.0	0.06057	0.01492	0.01935	0.0	0.0	0.0289	0.04514	0.02826	0.00055	0.00055	0.00055	0.00055	0.01529	0.01453	0.00055	0.01034	0.00055	0.01407	0.02561	
0.24445	0.02843	0.00145	0.2018	0.00145	0.2018	0.15432	0.10076	0.21097	0.00145	0.2018	0.00145	0.00145	0.00145	0.01512	0.01625	0.54924	0.07293	0.0	0.13769	0.42529	0.0	0.16118	0.06762	0.11998	0.15186	0.2551	0.18405	0.18494	0.5407	0.24291	0.32301	0.21775	0.12447	0.39361	0.39822	0.00145	0.00145	0.00145	0.00145	0.00145	0.00145	0.00145	0.00145	0.00731	0.00145	0.00145	0.00145	0.00145	0.00145	0.0036	0.20898	0.12123	0.12967	0.26762	0.0	0.06542	0.45684	0.0	0.15149	0.13937	0.13937	0.04475	0.1454	0.05261	0.05488	0.15237	0.11704	0.12795	0.06632	0.23445	0.16919	0.0	0.0	0.14013	0.05534	0.08944	0.0	0.0	0.18807	0.19026	0.07419	0.00145	0.00145	0.00145	0.00145	0.1478	0.21331	0.00145	0.2018	0.00145	0.46067	0.05271	
0.12197	0.00036	0.00096	0.0173	0.00096	0.0173	0.36742	0.01976	0.05289	0.00096	0.0173	0.00096	0.00096	0.00096	0.01043	0.0	0.12165	0.14141	0.0	0.09896	0.03252	0.0	0.04538	0.1377	0.04747	0.05788	0.03536	0.05846	0.03387	0.03207	0.02955	0.05102	0.09106	0.06867	0.21549	0.36784	0.00096	0.00096	0.00096	0.00096	0.00096	0.00096	0.00096	0.00096	0.0059	0.00096	0.00096	0.00096	0.00096	0.00096	0.00273	0.03787	0.03641	0.01407	0.01299	0.06542	0.0	0.1817	0.0	0.09037	0.24697	0.24697	0.02726	0.05501	0.03745	0.05186	0.15532	0.04857	0.12672	0.01286	0.05932	0.33326	0.0	0.0	0.04771	0.14528	0.03755	0.0	0.0	0.02687	0.07374	0.05689	0.00096	0.00096	0.00096	0.00096	0.09288	0.02576	0.00096	0.0173	0.00096	0.23338	0.00645	
0.71333	0.25193	0.00224	0.12793	0.00224	0.12793	0.09028	0.77572	0.27739	0.00224	0.12793	0.00224	0.00224	0.00224	0.06824	0.34862	0.33911	0.60266	0.0	0.74707	0.17386	0.0	1.21579	0.61092	0.55905	0.72185	1.6732	0.398	1.67146	0.21688	0.18508	0.0	0.0	0.0	0.0	0.0	0.00224	0.00224	0.00224	0.00224	0.00224	0.00224	0.00224	0.00224	0.15257	0.00224	0.00224	0.00224	0.00224	0.00224	0.0	0.0	0.0	0.89143	0.08656	0.45684	0.1817	0.0	0.00221	1.22049	0.19475	0.19475	0.3489	0.1938	0.0881	0.98198	0.45256	1.59822	0.91771	1.7769	0.562	0.0	0.0	0.0	0.37032	0.51872	0.28592	0.0	0.0	0.85572	1.28136	0.70759	0.00224	0.00224	0.00224	0.00224	0.30395	0.23333	0.00224	0.12793	0.00224	0.22346	0.55854	
0.0	0.08565	0.0	0.0	0.0	0.0	0.0	0.19606	0.12676	0.0	0.0	0.0	0.0	0.0	0.0	0.0	0.39893	0.0	0.0	0.16741	0.19172	0.0	0.21469	0.0	0.0	0.69863	0.60487	0.31941	0.60313	0.0	0.0	0.0	0.0	0.0	0.0	0.0	0.0	0.0	0.0	0.0	0.0	0.0	0.0	0.0	0.28497	0.0	0.0	0.0	0.0	0.0	0.0	0.0	0.0	0.0	0.0	0.0	0.0	0.00221	0.0	0.0	0.0	0.0	0.24225	0.23391	0.0102	0.37117	0.42214	0.59711	0.31634	0.77579	0.4563	0.0	0.0	0.0	0.27683	0.72978	0.30095	0.0	0.0	0.0	0.28025	1.32136	0.0	0.0	0.0	0.0	0.0	0.0	0.0	0.0	0.0	0.0	0.0	
0.25302	0.07716	0.00064	0.06973	0.00064	0.06973	0.13717	0.19751	0.08088	0.00064	0.06973	0.00064	0.00064	0.00064	0.03568	0.01229	0.22553	0.36416	0.0	0.13029	0.07224	0.0	0.07058	0.09649	0.08683	0.08115	0.30598	0.1032	0.16724	0.07104	0.27502	0.17844	0.35695	0.21127	0.34293	0.1469	0.00064	0.00064	0.00064	0.00064	0.00064	0.00064	0.00064	0.00064	0.01224	0.00064	0.00064	0.00064	0.00064	0.00064	0.00423	0.08469	0.19757	0.17953	0.03802	0.15149	0.09037	1.22049	0.0	0.0	0.18676	0.18676	0.05563	0.08468	0.12654	0.12273	0.14787	0.24518	0.07891	0.14741	0.14402	0.16794	0.0	0.0	0.18721	0.12293	0.06888	0.0	0.0	0.11181	0.04815	0.17384	0.00064	0.00064	0.00064	0.00064	0.13492	0.12507	0.00064	0.06973	0.00064	0.17888	0.13401	
0.09646	0.07415	0.00218	0.01722	0.00218	0.01722	0.51081	0.14095	0.05459	0.00218	0.01722	0.00218	0.00218	0.00218	0.01058	0.19994	0.07604	0.21638	0.0	0.12902	0.0765	0.0	0.12459	0.2081	0.18108	0.11734	0.17245	0.1036	0.23236	0.11158	0.11855	0.25803	0.2603	0.12392	0.42321	1.24311	0.00218	0.00218	0.00218	0.00218	0.00218	0.00218	0.00218	0.00218	0.00635	0.00218	0.00218	0.00218	0.00218	0.00218	0.0042	0.0387	0.03769	0.08708	0.01302	0.13937	0.24697	0.19475	0.0	0.18676	0.0	1.0041	0.1885	0.03255	0.03775	0.08389	0.11606	0.08844	0.08916	0.0678	0.16608	0.10095	0.0	0.0	0.13183	0.02942	0.03871	0.0	0.0	0.17917	0.08079	0.10129	0.00218	0.00218	0.00218	0.00218	0.17997	0.02575	0.00218	0.01722	0.00218	0.33238	0.04917	
