0.0	0.18356	0.07204	0.11209	0.10476	0.15643	0.06736	0.23827	0.22367	0.4885	0.18066	0.18141	0.07455	0.09233	0.04843	0.11265	0.06363	0.07455	0.04713	0.04149	5e-05	5e-05	5e-05	0.0723	0.056	0.11202	5e-05	5e-05	5e-05	5e-05	5e-05	5e-05	5e-05	5e-05	5e-05	5e-05	5e-05	5e-05	5e-05	5e-05	5e-05	5e-05	5e-05	5e-05	5e-05	5e-05	5e-05	5e-05	0.05206	5e-05	0.05264	0.08322	5e-05	5e-05	0.05301	0.05051	5e-05	5e-05	5e-05	5e-05	5e-05	5e-05	5e-05	5e-05	5e-05	5e-05	5e-05	5e-05	5e-05	5e-05	5e-05	5e-05	5e-05	5e-05	5e-05	5e-05	5e-05	5e-05	5e-05	5e-05	5e-05	0.11546	5e-05	5e-05	5e-05	0.0	0.1709	0.12439	0.15701	0.14331	0.07312	0.05727	0.14356	0.08582	0.12649	0.13598	0.13375	0.12848	0.15323	0.11584	0.18399	0.11914	0.2077	0.14042	0.19739	0.19867	0.12219	
0.18356	0.0	0.14194	0.23869	0.14654	0.24016	0.20661	0.25606	0.33996	0.2538	0.36346	0.2868	0.26387	0.17816	0.08004	0.26098	0.16463	0.26387	0.11186	0.22511	3e-05	3e-05	3e-05	0.10122	0.10005	0.33214	3e-05	3e-05	3e-05	3e-05	3e-05	3e-05	3e-05	3e-05	3e-05	3e-05	3e-05	3e-05	3e-05	3e-05	3e-05	3e-05	3e-05	3e-05	3e-05	3e-05	3e-05	3e-05	0.07352	3e-05	0.07436	0.03977	3e-05	3e-05	0.16304	0.25689	3e-05	3e-05	3e-05	3e-05	3e-05	3e-05	3e-05	3e-05	3e-05	3e-05	3e-05	3e-05	3e-05	3e-05	3e-05	3e-05	3e-05	3e-05	3e-05	3e-05	3e-05	3e-05	3e-05	3e-05	3e-05	0.08038	3e-05	3e-05	3e-05	0.0	0.26359	0.26516	0.12382	0.18224	0.11669	0.23199	0.12568	0.12754	0.0699	0.17801	0.22421	0.18864	0.20868	0.20764	0.12815	0.23048	0.35378	0.30119	0.44321	0.16684	0.15264	
0.07204	0.14194	0.0	0.16629	0.26267	0.16519	0.17804	0.21424	0.30692	0.10742	0.24117	0.20515	0.12551	0.03536	0.07465	0.16237	0.20865	0.12551	0.08636	0.11805	2e-05	2e-05	2e-05	0.34433	0.08688	0.24993	2e-05	2e-05	2e-05	2e-05	2e-05	2e-05	2e-05	2e-05	2e-05	2e-05	2e-05	2e-05	2e-05	2e-05	2e-05	2e-05	2e-05	2e-05	2e-05	2e-05	2e-05	2e-05	0.07288	2e-05	0.08151	0.08172	2e-05	2e-05	0.13717	0.08075	2e-05	2e-05	2e-05	2e-05	2e-05	2e-05	2e-05	2e-05	2e-05	2e-05	2e-05	2e-05	2e-05	2e-05	2e-05	2e-05	2e-05	2e-05	2e-05	2e-05	2e-05	2e-05	2e-05	2e-05	2e-05	0.20855	2e-05	2e-05	2e-05	0.0	0.07155	0.08147	0.02358	0.18058	0.03986	0.18299	0.31409	0.16198	0.10488	0.10651	0.2052	0.13499	0.25892	0.19146	0.12224	0.21418	0.13789	0.15664	0.06942	0.31359	0.23215	
0.11209	0.23869	0.16629	0.0	0.16567	0.15447	0.16391	0.20377	0.34581	0.20861	0.25448	0.21783	0.21069	0.13308	0.12016	0.14685	0.10573	0.21069	0.05286	0.14783	2e-05	2e-05	2e-05	0.09504	0.00479	0.205	2e-05	2e-05	2e-05	2e-05	2e-05	2e-05	2e-05	2e-05	2e-05	2e-05	2e-05	2e-05	2e-05	2e-05	2e-05	2e-05	2e-05	2e-05	2e-05	2e-05	2e-05	2e-05	0.1124	2e-05	0.07677	0.06573	2e-05	2e-05	0.13991	0.09444	2e-05	2e-05	2e-05	2e-05	2e-05	2e-05	2e-05	2e-05	2e-05	2e-05	2e-05	2e-05	2e-05	2e-05	2e-05	2e-05	2e-05	2e-05	2e-05	2e-05	2e-05	2e-05	2e-05	2e-05	2e-05	0.14002	2e-05	2e-05	2e-05	0.0	0.14746	0.11374	0.0935	0.23107	0.17918	0.15079	0.08694	0.18683	0.12815	0.14145	0.20982	0.15413	0.16283	0.1318	0.17121	0.10839	0.33001	0.2053	0.27673	0.35471	0.24631	
0.10476	0.14654	0.26267	0.16567	0.0	0.11543	0.19017	0.23908	0.21672	0.19846	0.16195	0.14303	0.08141	0.06983	0.10159	0.15898	0.11074	0.08141	0.13686	0.15056	3e-05	3e-05	3e-05	0.15834	0.05184	0.27654	3e-05	3e-05	3e-05	3e-05	3e-05	3e-05	3e-05	3e-05	3e-05	3e-05	3e-05	3e-05	3e-05	3e-05	3e-05	3e-05	3e-05	3e-05	3e-05	3e-05	3e-05	3e-05	0.0814	3e-05	0.09583	0.12319	3e-05	3e-05	0.13663	0.02155	3e-05	3e-05	3e-05	3e-05	3e-05	3e-05	3e-05	3e-05	3e-05	3e-05	3e-05	3e-05	3e-05	3e-05	3e-05	3e-05	3e-05	3e-05	3e-05	3e-05	3e-05	3e-05	3e-05	3e-05	3e-05	0.24456	3e-05	3e-05	3e-05	0.0	0.10548	0.09578	0.06898	0.20166	0.00873	0.23586	0.18206	0.1222	0.18306	0.12227	0.15234	0.20324	0.24722	0.18502	0.1441	0.15993	0.17203	0.16873	0.2776	0.12022	0.20455	
0.15643	0.24016	0.16519	0.15447	0.11543	0.0	0.14922	0.23841	0.37331	0.27007	0.3887	0.41444	0.25214	0.39741	0.13394	0.32181	0.27826	0.25214	0.14127	0.22033	7e-05	7e-05	7e-05	0.17999	0.22227	0.44247	7e-05	7e-05	7e-05	7e-05	7e-05	7e-05	7e-05	7e-05	7e-05	7e-05	7e-05	7e-05	7e-05	7e-05	7e-05	7e-05	7e-05	7e-05	7e-05	7e-05	7e-05	7e-05	0.05642	7e-05	0.27254	0.18905	7e-05	7e-05	0.24781	0.23985	7e-05	7e-05	7e-05	7e-05	7e-05	7e-05	7e-05	7e-05	7e-05	7e-05	7e-05	7e-05	7e-05	7e-05	7e-05	7e-05	7e-05	7e-05	7e-05	7e-05	7e-05	7e-05	7e-05	7e-05	7e-05	0.08911	7e-05	7e-05	7e-05	0.0	0.47184	0.05701	0.14647	0.34987	0.11494	0.1985	0.48026	0.17123	0.33759	0.52816	0.31493	0.38833	0.34131	0.24251	0.37123	0.26833	0.32279	0.15826	0.19848	0.29962	0.19426	
0.06736	0.20661	0.17804	0.16391	0.19017	0.14922	0.0	0.43938	0.44657	0.28228	0.21014	0.24696	0.25777	0.06196	0.16719	0.22248	0.20973	0.25777	0.05886	0.24819	7e-05	7e-05	7e-05	0.15823	0.22826	0.17297	7e-05	7e-05	7e-05	7e-05	7e-05	7e-05	7e-05	7e-05	7e-05	7e-05	7e-05	7e-05	7e-05	7e-05	7e-05	7e-05	7e-05	7e-05	7e-05	7e-05	7e-05	7e-05	0.0449	7e-05	0.0454	0.07009	7e-05	7e-05	0.33874	0.28583	7e-05	7e-05	7e-05	7e-05	7e-05	7e-05	7e-05	7e-05	7e-05	7e-05	7e-05	7e-05	7e-05	7e-05	7e-05	7e-05	7e-05	7e-05	7e-05	7e-05	7e-05	7e-05	7e-05	7e-05	7e-05	0.10375	7e-05	7e-05	7e-05	0.0	0.11514	0.18465	0.13875	0.16916	0.23251	0.07094	0.27294	0.15952	0.0903	0.31224	0.17864	0.0824	0.21186	0.21768	0.07786	0.18156	0.16169	0.47292	0.25172	0.13	0.20508	
0.23827	0.25606	0.21424	0.20377	0.23908	0.23841	0.43938	0.0	0.39904	0.34703	0.21074	0.27807	0.2715	0.06273	0.06088	0.34853	0.2628	0.2715	0.06249	0.11617	2e-05	2e-05	2e-05	0.21109	0.04027	0.14766	2e-05	2e-05	2e-05	2e-05	2e-05	2e-05	2e-05	2e-05	2e-05	2e-05	2e-05	2e-05	2e-05	2e-05	2e-05	2e-05	2e-05	2e-05	2e-05	2e-05	2e-05	2e-05	0.16217	2e-05	0.09315	0.15099	2e-05	2e-05	0.32008	0.07845	2e-05	2e-05	2e-05	2e-05	2e-05	2e-05	2e-05	2e-05	2e-05	2e-05	2e-05	2e-05	2e-05	2e-05	2e-05	2e-05	2e-05	2e-05	2e-05	2e-05	2e-05	2e-05	2e-05	2e-05	2e-05	0.1802	2e-05	2e-05	2e-05	0.0	0.28722	0.06627	0.29039	0.24083	0.07475	0.09902	0.2466	0.0852	0.25775	0.32962	0.29632	0.31604	0.27403	0.5275	0.22757	0.34763	0.20424	0.12211	0.21224	0.1539	0.70733	
0.22367	0.33996	0.30692	0.34581	0.21672	0.37331	0.44657	0.39904	0.0	0.20971	0.26992	0.76135	0.82181	0.27636	0.14129	0.60776	0.80966	0.82181	0.28543	0.40254	3e-05	3e-05	3e-05	0.35389	0.26888	0.58579	3e-05	3e-05	3e-05	3e-05	3e-05	3e-05	3e-05	3e-05	3e-05	3e-05	3e-05	3e-05	3e-05	3e-05	3e-05	3e-05	3e-05	3e-05	3e-05	3e-05	3e-05	3e-05	0.3212	3e-05	0.08881	0.14395	3e-05	3e-05	0.26686	0.55228	3e-05	3e-05	3e-05	3e-05	3e-05	3e-05	3e-05	3e-05	3e-05	3e-05	3e-05	3e-05	3e-05	3e-05	3e-05	3e-05	3e-05	3e-05	3e-05	3e-05	3e-05	3e-05	3e-05	3e-05	3e-05	0.32	3e-05	3e-05	3e-05	0.0	0.53737	0.15625	0.41536	0.48343	0.54712	0.33049	0.37343	0.1486	0.30882	0.47204	0.54796	0.35587	0.52195	0.35947	0.39293	0.32273	0.50726	0.41079	0.21524	0.33945	0.42514	
0.4885	0.2538	0.10742	0.20861	0.19846	0.27007	0.28228	0.34703	0.20971	0.0	0.31354	0.21912	0.09992	0.0942	0.06068	0.13485	0.09243	0.09992	0.21427	0.13964	0.0	0.0	0.0	0.18864	0.18933	0.25709	0.0	0.0	0.0	0.0	0.0	0.0	0.0	0.0	0.0	0.0	0.0	0.0	0.0	0.0	0.0	0.0	0.0	0.0	0.0	0.0	0.0	0.0	0.06578	0.0	0.09228	0.1496	0.0	0.0	0.08806	0.07169	0.0	0.0	0.0	0.0	0.0	0.0	0.0	0.0	0.0	0.0	0.0	0.0	0.0	0.0	0.0	0.0	0.0	0.0	0.0	0.0	0.0	0.0	0.0	0.0	0.0	0.11565	0.0	0.0	0.0	0.0	0.14071	0.19497	0.12512	0.18176	0.0985	0.2131	0.31919	0.085	0.20693	0.26807	0.23644	0.11651	0.39482	0.44594	0.27025	0.28262	0.20927	0.20459	0.33399	0.23962	0.29806	
0.18066	0.36346	0.24117	0.25448	0.16195	0.3887	0.21014	0.21074	0.26992	0.31354	0.0	0.422	0.26787	0.1215	0.05909	0.33057	0.25818	0.26787	0.2217	0.22899	3e-05	3e-05	3e-05	0.20229	0.07819	0.44465	3e-05	3e-05	3e-05	3e-05	3e-05	3e-05	3e-05	3e-05	3e-05	3e-05	3e-05	3e-05	3e-05	3e-05	3e-05	3e-05	3e-05	3e-05	3e-05	3e-05	3e-05	3e-05	0.1753	3e-05	0.11559	0.18736	3e-05	3e-05	0.33297	0.20551	3e-05	3e-05	3e-05	3e-05	3e-05	3e-05	3e-05	3e-05	3e-05	3e-05	3e-05	3e-05	3e-05	3e-05	3e-05	3e-05	3e-05	3e-05	3e-05	3e-05	3e-05	3e-05	3e-05	3e-05	3e-05	0.18415	3e-05	3e-05	3e-05	0.0	0.21768	0.42019	0.09683	0.24954	0.1216	0.56054	0.24248	0.08043	0.13249	0.3514	0.35303	0.19	0.29817	0.42233	0.14508	0.37268	0.2502	0.36313	0.25355	0.32752	0.1724	
0.18141	0.2868	0.20515	0.21783	0.14303	0.41444	0.24696	0.27807	0.76135	0.21912	0.422	0.0	0.51521	0.21565	0.09443	0.51595	0.80281	0.51521	0.31178	0.31137	2e-05	2e-05	2e-05	0.36158	0.12894	0.49526	2e-05	2e-05	2e-05	2e-05	2e-05	2e-05	2e-05	2e-05	2e-05	2e-05	2e-05	2e-05	2e-05	2e-05	2e-05	2e-05	2e-05	2e-05	2e-05	2e-05	2e-05	2e-05	0.28329	2e-05	0.10341	0.04626	2e-05	2e-05	0.21902	0.30123	2e-05	2e-05	2e-05	2e-05	2e-05	2e-05	2e-05	2e-05	2e-05	2e-05	2e-05	2e-05	2e-05	2e-05	2e-05	2e-05	2e-05	2e-05	2e-05	2e-05	2e-05	2e-05	2e-05	2e-05	2e-05	0.30128	2e-05	2e-05	2e-05	0.0	0.55079	0.28526	0.20628	0.41278	0.18348	0.37586	0.32039	0.10461	0.35273	0.27789	0.74333	0.40416	0.28695	0.36044	0.2081	0.32296	0.37717	0.33191	0.20813	0.37029	0.22644	
0.07455	0.26387	0.12551	0.21069	0.08141	0.25214	0.25777	0.2715	0.82181	0.09992	0.26787	0.51521	0.0	0.27013	0.11841	0.52884	0.56793	0.99988	0.1093	0.2491	4e-05	4e-05	4e-05	0.36124	0.31677	0.31714	4e-05	4e-05	4e-05	4e-05	4e-05	4e-05	4e-05	4e-05	4e-05	4e-05	4e-05	4e-05	4e-05	4e-05	4e-05	4e-05	4e-05	4e-05	4e-05	4e-05	4e-05	4e-05	0.37028	4e-05	0.05044	0.07809	4e-05	4e-05	0.22531	0.6741	4e-05	4e-05	4e-05	4e-05	4e-05	4e-05	4e-05	4e-05	4e-05	4e-05	4e-05	4e-05	4e-05	4e-05	4e-05	4e-05	4e-05	4e-05	4e-05	4e-05	4e-05	4e-05	4e-05	4e-05	4e-05	0.32812	4e-05	4e-05	4e-05	0.0	0.34916	0.12948	0.19667	0.35513	0.21147	0.10943	0.30294	0.11918	0.09027	0.38083	0.45065	0.31507	0.20873	0.20651	0.12947	0.17049	0.22654	0.25488	0.16011	0.12706	0.2758	
0.09233	0.17816	0.03536	0.13308	0.06983	0.39741	0.06196	0.06273	0.27636	0.0942	0.1215	0.21565	0.27013	0.0	0.29324	0.16295	0.17123	0.27013	0.01769	0.23058	9e-05	9e-05	9e-05	0.08327	0.20879	0.42815	9e-05	9e-05	9e-05	9e-05	9e-05	9e-05	9e-05	9e-05	9e-05	9e-05	9e-05	9e-05	9e-05	9e-05	9e-05	9e-05	9e-05	9e-05	9e-05	9e-05	9e-05	9e-05	0.03021	9e-05	0.03055	0.04449	9e-05	9e-05	0.19455	0.36907	9e-05	9e-05	9e-05	9e-05	9e-05	9e-05	9e-05	9e-05	9e-05	9e-05	9e-05	9e-05	9e-05	9e-05	9e-05	9e-05	9e-05	9e-05	9e-05	9e-05	9e-05	9e-05	9e-05	9e-05	9e-05	0.05865	9e-05	9e-05	9e-05	0.0	0.51593	0.03047	0.07354	0.17143	0.00758	0.06931	0.12476	0.23495	0.11205	0.23008	0.16651	0.25695	0.28964	0.04506	0.20947	0.05519	0.23574	0.20941	0.12739	0.0762	0.07564	
0.04843	0.08004	0.07465	0.12016	0.10159	0.13394	0.16719	0.06088	0.14129	0.06068	0.05909	0.09443	0.11841	0.29324	0.0	0.07502	0.08104	0.11841	0.04291	0.33982	0.00015	0.00015	0.00015	0.04256	0.10102	0.1432	0.00015	0.00015	0.00015	0.00015	0.00015	0.00015	0.00015	0.00015	0.00015	0.00015	0.00015	0.00015	0.00015	0.00015	0.00015	0.00015	0.00015	0.00015	0.00015	0.00015	0.00015	0.00015	0.01782	0.00015	0.01806	0.02526	0.00015	0.00015	0.36315	0.16211	0.00015	0.00015	0.00015	0.00015	0.00015	0.00015	0.00015	0.00015	0.00015	0.00015	0.00015	0.00015	0.00015	0.00015	0.00015	0.00015	0.00015	0.00015	0.00015	0.00015	0.00015	0.00015	0.00015	0.00015	0.00015	0.03101	0.00015	0.00015	0.00015	0.0	0.16893	0.01796	0.0421	0.3341	0.12217	0.03744	0.0609	0.63298	0.0984	0.24627	0.07637	0.10671	0.2602	0.0637	0.0251	0.07596	0.09782	0.49447	0.06073	0.12578	0.06082	
0.11265	0.26098	0.16237	0.14685	0.15898	0.32181	0.22248	0.34853	0.60776	0.13485	0.33057	0.51595	0.52884	0.16295	0.07502	0.0	0.56127	0.52884	0.24982	0.27435	7e-05	7e-05	7e-05	0.31168	0.1552	0.34738	7e-05	7e-05	7e-05	7e-05	7e-05	7e-05	7e-05	7e-05	7e-05	7e-05	7e-05	7e-05	7e-05	7e-05	7e-05	7e-05	7e-05	7e-05	7e-05	7e-05	7e-05	7e-05	0.27855	7e-05	0.28054	0.20135	7e-05	7e-05	0.2239	0.31503	7e-05	7e-05	7e-05	7e-05	7e-05	7e-05	7e-05	7e-05	7e-05	7e-05	7e-05	7e-05	7e-05	7e-05	7e-05	7e-05	7e-05	7e-05	7e-05	7e-05	7e-05	7e-05	7e-05	7e-05	7e-05	0.24126	7e-05	7e-05	7e-05	0.0	0.47971	0.08186	0.34209	0.5239	0.14178	0.33616	0.36831	0.09204	0.21714	0.29193	0.37522	0.36731	0.18706	0.33438	0.30521	0.30711	0.28472	0.15704	0.17667	0.247	0.34296	
0.06363	0.16463	0.20865	0.10573	0.11074	0.27826	0.20973	0.2628	0.80966	0.09243	0.25818	0.80281	0.56793	0.17123	0.08104	0.56127	0.0	0.56793	0.33519	0.33068	3e-05	3e-05	3e-05	0.42728	0.12002	0.48561	3e-05	3e-05	3e-05	3e-05	3e-05	3e-05	3e-05	3e-05	3e-05	3e-05	3e-05	3e-05	3e-05	3e-05	3e-05	3e-05	3e-05	3e-05	3e-05	3e-05	3e-05	3e-05	0.35283	3e-05	0.08824	0.02494	3e-05	3e-05	0.22509	0.31867	3e-05	3e-05	3e-05	3e-05	3e-05	3e-05	3e-05	3e-05	3e-05	3e-05	3e-05	3e-05	3e-05	3e-05	3e-05	3e-05	3e-05	3e-05	3e-05	3e-05	3e-05	3e-05	3e-05	3e-05	3e-05	0.35703	3e-05	3e-05	3e-05	0.0	0.38161	0.08818	0.17785	0.38772	0.13634	0.34107	0.34129	0.09431	0.21084	0.24821	0.57294	0.26802	0.2613	0.38356	0.16206	0.34125	0.35892	0.16202	0.08914	0.24035	0.19442	
0.07455	0.26387	0.12551	0.21069	0.08141	0.25214	0.25777	0.2715	0.82181	0.09992	0.26787	0.51521	0.99988	0.27013	0.11841	0.52884	0.56793	0.0	0.1093	0.2491	4e-05	4e-05	4e-05	0.36124	0.31677	0.31714	4e-05	4e-05	4e-05	4e-05	4e-05	4e-05	4e-05	4e-05	4e-05	4e-05	4e-05	4e-05	4e-05	4e-05	4e-05	4e-05	4e-05	4e-05	4e-05	4e-05	4e-05	4e-05	0.37028	4e-05	0.05044	0.07809	4e-05	4e-05	0.22531	0.6741	4e-05	4e-05	4e-05	4e-05	4e-05	4e-05	4e-05	4e-05	4e-05	4e-05	4e-05	4e-05	4e-05	4e-05	4e-05	4e-05	4e-05	4e-05	4e-05	4e-05	4e-05	4e-05	4e-05	4e-05	4e-05	0.32812	4e-05	4e-05	4e-05	0.0	0.34916	0.12948	0.19667	0.35513	0.21147	0.10943	0.30294	0.11918	0.09027	0.38083	0.45065	0.31507	0.20873	0.20651	0.12947	0.17049	0.22654	0.25488	0.16011	0.12706	0.2758	
0.04713	0.11186	0.08636	0.05286	0.13686	0.14127	0.05886	0.06249	0.28543	0.21427	0.2217	0.31178	0.1093	0.01769	0.04291	0.24982	0.33519	0.1093	0.0	0.33603	8e-05	8e-05	8e-05	0.14162	0.04123	0.37538	8e-05	8e-05	8e-05	8e-05	8e-05	8e-05	8e-05	8e-05	8e-05	8e-05	8e-05	8e-05	8e-05	8e-05	8e-05	8e-05	8e-05	8e-05	8e-05	8e-05	8e-05	8e-05	0.04576	8e-05	0.17021	0.04547	8e-05	8e-05	0.14486	0.11959	8e-05	8e-05	8e-05	8e-05	8e-05	8e-05	8e-05	8e-05	8e-05	8e-05	8e-05	8e-05	8e-05	8e-05	8e-05	8e-05	8e-05	8e-05	8e-05	8e-05	8e-05	8e-05	8e-05	8e-05	8e-05	0.09602	8e-05	8e-05	8e-05	0.0	0.03856	0.17013	0.0456	0.14535	0.00058	0.38969	0.21487	0.05559	0.28349	0.2044	0.25395	0.05624	0.24864	0.48477	0.31933	0.50247	0.14274	0.15118	0.04018	0.03725	0.0469	
0.04149	0.22511	0.11805	0.14783	0.15056	0.22033	0.24819	0.11617	0.40254	0.13964	0.22899	0.31137	0.2491	0.23058	0.33982	0.27435	0.33068	0.2491	0.33603	0.0	6e-05	6e-05	6e-05	0.11644	0.08248	0.46731	6e-05	6e-05	6e-05	6e-05	6e-05	6e-05	6e-05	6e-05	6e-05	6e-05	6e-05	6e-05	6e-05	6e-05	6e-05	6e-05	6e-05	6e-05	6e-05	6e-05	6e-05	6e-05	0.06751	6e-05	0.0887	0.14288	6e-05	6e-05	0.42627	0.26807	6e-05	6e-05	6e-05	6e-05	6e-05	6e-05	6e-05	6e-05	6e-05	6e-05	6e-05	6e-05	6e-05	6e-05	6e-05	6e-05	6e-05	6e-05	6e-05	6e-05	6e-05	6e-05	6e-05	6e-05	6e-05	0.06592	6e-05	6e-05	6e-05	0.0	0.17072	0.08864	0.03112	0.32685	0.08587	0.18703	0.10797	0.31862	0.26817	0.26539	0.19754	0.1238	0.47667	0.3085	0.16254	0.34474	0.24973	0.35084	0.07921	0.17376	0.0443	
5e-05	3e-05	2e-05	2e-05	3e-05	7e-05	7e-05	2e-05	3e-05	0.0	3e-05	2e-05	4e-05	9e-05	0.00015	7e-05	3e-05	4e-05	8e-05	6e-05	0.0	0.0	0.0	3e-05	0.00011	6e-05	0.0	0.0	0.0	0.0	0.0	0.0	0.0	0.0	0.0	0.0	0.0	0.0	0.0	0.0	0.0	0.0	0.0	0.0	0.0	0.0	0.0	0.0	0.00013	0.0	0.00033	0.00036	0.0	0.0	4e-05	9e-05	0.0	0.0	0.0	0.0	0.0	0.0	0.0	0.0	0.0	0.0	0.0	0.0	0.0	0.0	0.0	0.0	0.0	0.0	0.0	0.0	0.0	0.0	0.0	0.0	0.0	6e-05	0.0	0.0	0.0	0.0	9e-05	0.00015	0.00017	9e-05	6e-05	0.00012	0.00014	7e-05	6e-05	1e-05	2e-05	4e-05	4e-05	1e-05	0.00015	1e-05	3e-05	6e-05	4e-05	2e-05	2e-05	
5e-05	3e-05	2e-05	2e-05	3e-05	7e-05	7e-05	2e-05	3e-05	0.0	3e-05	2e-05	4e-05	9e-05	0.00015	7e-05	3e-05	4e-05	8e-05	6e-05	0.0	0.0	0.0	3e-05	0.00011	6e-05	0.0	0.0	0.0	0.0	0.0	0.0	0.0	0.0	0.0	0.0	0.0	0.0	0.0	0.0	0.0	0.0	0.0	0.0	0.0	0.0	0.0	0.0	0.00013	0.0	0.00033	0.00036	0.0	0.0	4e-05	9e-05	0.0	0.0	0.0	0.0	0.0	0.0	0.0	0.0	0.0	0.0	0.0	0.0	0.0	0.0	0.0	0.0	0.0	0.0	0.0	0.0	0.0	0.0	0.0	0.0	0.0	6e-05	0.0	0.0	0.0	0.0	9e-05	0.00015	0.00017	9e-05	6e-05	0.00012	0.00014	7e-05	6e-05	1e-05	2e-05	4e-05	4e-05	1e-05	0.00015	1e-05	3e-05	6e-05	4e-05	2e-05	2e-05	
5e-05	3e-05	2e-05	2e-05	3e-05	7e-05	7e-05	2e-05	3e-05	0.0	3e-05	2e-05	4e-05	9e-05	0.00015	7e-05	3e-05	4e-05	8e-05	6e-05	0.0	0.0	0.0	3e-05	0.00011	6e-05	0.0	0.0	0.0	0.0	0.0	0.0	0.0	0.0	0.0	0.0	0.0	0.0	0.0	0.0	0.0	0.0	0.0	0.0	0.0	0.0	0.0	0.0	0.00013	0.0	0.00033	0.00036	0.0	0.0	4e-05	9e-05	0.0	0.0	0.0	0.0	0.0	0.0	0.0	0.0	0.0	0.0	0.0	0.0	0.0	0.0	0.0	0.0	0.0	0.0	0.0	0.0	0.0	0.0	0.0	0.0	0.0	6e-05	0.0	0.0	0.0	0.0	9e-05	0.00015	0.00017	9e-05	6e-05	0.00012	0.00014	7e-05	6e-05	1e-05	2e-05	4e-05	4e-05	1e-05	0.00015	1e-05	3e-05	6e-05	4e-05	2e-05	2e-05	
0.0723	0.10122	0.34433	0.09504	0.15834	0.17999	0.15823	0.21109	0.35389	0.18864	0.20229	0.36158	0.36124	0.08327	0.04256	0.31168	0.42728	0.36124	0.14162	0.11644	3e-05	3e-05	3e-05	0.0	0.22471	0.18948	3e-05	3e-05	3e-05	3e-05	3e-05	3e-05	3e-05	3e-05	3e-05	3e-05	3e-05	3e-05	3e-05	3e-05	3e-05	3e-05	3e-05	3e-05	3e-05	3e-05	3e-05	3e-05	0.38008	3e-05	0.04608	0.01693	3e-05	3e-05	0.18337	0.13659	3e-05	3e-05	3e-05	3e-05	3e-05	3e-05	3e-05	3e-05	3e-05	3e-05	3e-05	3e-05	3e-05	3e-05	3e-05	3e-05	3e-05	3e-05	3e-05	3e-05	3e-05	3e-05	3e-05	3e-05	3e-05	0.35362	3e-05	3e-05	3e-05	0.0	0.21767	0.04603	0.13521	0.29725	0.08476	0.19888	0.54597	0.08529	0.22785	0.1157	0.40833	0.27536	0.1295	0.3124	0.07848	0.27704	0.13797	0.07844	0.1285	0.18749	0.19574	
0.056	0.10005	0.08688	0.00479	0.05184	0.22227	0.22826	0.04027	0.26888	0.18933	0.07819	0.12894	0.31677	0.20879	0.10102	0.1552	0.12002	0.31677	0.04123	0.08248	0.00011	0.00011	0.00011	0.22471	0.0	0.15761	0.00011	0.00011	0.00011	0.00011	0.00011	0.00011	0.00011	0.00011	0.00011	0.00011	0.00011	0.00011	0.00011	0.00011	0.00011	0.00011	0.00011	0.00011	0.00011	0.00011	0.00011	0.00011	0.065	0.00011	0.06569	0.10056	0.00011	0.00011	0.06518	0.38673	0.00011	0.00011	0.00011	0.00011	0.00011	0.00011	0.00011	0.00011	0.00011	0.00011	0.00011	0.00011	0.00011	0.00011	0.00011	0.00011	0.00011	0.00011	0.00011	0.00011	0.00011	0.00011	0.00011	0.00011	0.00011	0.14505	0.00011	0.00011	0.00011	0.0	0.21203	0.10959	0.14561	0.14166	0.0155	0.00382	0.43305	0.10586	0.00618	0.23048	0.18321	0.24182	0.20375	0.03529	0.12069	0.0427	0.04648	0.19204	0.25504	0.04353	0.00869	
0.11202	0.33214	0.24993	0.205	0.27654	0.44247	0.17297	0.14766	0.58579	0.25709	0.44465	0.49526	0.31714	0.42815	0.1432	0.34738	0.48561	0.31714	0.37538	0.46731	6e-05	6e-05	6e-05	0.18948	0.15761	0.0	6e-05	6e-05	6e-05	6e-05	6e-05	6e-05	6e-05	6e-05	6e-05	6e-05	6e-05	6e-05	6e-05	6e-05	6e-05	6e-05	6e-05	6e-05	6e-05	6e-05	6e-05	6e-05	0.05071	6e-05	0.14715	0.23325	6e-05	6e-05	0.22829	0.35741	6e-05	6e-05	6e-05	6e-05	6e-05	6e-05	6e-05	6e-05	6e-05	6e-05	6e-05	6e-05	6e-05	6e-05	6e-05	6e-05	6e-05	6e-05	6e-05	6e-05	6e-05	6e-05	6e-05	6e-05	6e-05	0.15818	6e-05	6e-05	6e-05	0.0	0.34858	0.1471	0.07086	0.24148	0.06562	0.45906	0.27881	0.14531	0.22148	0.2952	0.35455	0.26283	0.60946	0.31568	0.25367	0.34232	0.47666	0.25364	0.20375	0.22532	0.15108	
5e-05	3e-05	2e-05	2e-05	3e-05	7e-05	7e-05	2e-05	3e-05	0.0	3e-05	2e-05	4e-05	9e-05	0.00015	7e-05	3e-05	4e-05	8e-05	6e-05	0.0	0.0	0.0	3e-05	0.00011	6e-05	0.0	0.0	0.0	0.0	0.0	0.0	0.0	0.0	0.0	0.0	0.0	0.0	0.0	0.0	0.0	0.0	0.0	0.0	0.0	0.0	0.0	0.0	0.00013	0.0	0.00033	0.00036	0.0	0.0	4e-05	9e-05	0.0	0.0	0.0	0.0	0.0	0.0	0.0	0.0	0.0	0.0	0.0	0.0	0.0	0.0	0.0	0.0	0.0	0.0	0.0	0.0	0.0	0.0	0.0	0.0	0.0	6e-05	0.0	0.0	0.0	0.0	9e-05	0.00015	0.00017	9e-05	6e-05	0.00012	0.00014	7e-05	6e-05	1e-05	2e-05	4e-05	4e-05	1e-05	0.00015	1e-05	3e-05	6e-05	4e-05	2e-05	2e-05	
5e-05	3e-05	2e-05	2e-05	3e-05	7e-05	7e-05	2e-05	3e-05	0.0	3e-05	2e-05	4e-05	9e-05	0.00015	7e-05	3e-05	4e-05	8e-05	6e-05	0.0	0.0	0.0	3e-05	0.00011	6e-05	0.0	0.0	0.0	0.0	0.0	0.0	0.0	0.0	0.0	0.0	0.0	0.0	0.0	0.0	0.0	0.0	0.0	0.0	0.0	0.0	0.0	0.0	0.00013	0.0	0.00033	0.00036	0.0	0.0	4e-05	9e-05	0.0	0.0	0.0	0.0	0.0	0.0	0.0	0.0	0.0	0.0	0.0	0.0	0.0	0.0	0.0	0.0	0.0	0.0	0.0	0.0	0.0	0.0	0.0	0.0	0.0	6e-05	0.0	0.0	0.0	0.0	9e-05	0.00015	0.00017	9e-05	6e-05	0.00012	0.00014	7e-05	6e-05	1e-05	2e-05	4e-05	4e-05	1e-05	0.00015	1e-05	3e-05	6e-05	4e-05	2e-05	2e-05	
5e-05	3e-05	2e-05	2e-05	3e-05	7e-05	7e-05	2e-05	3e-05	0.0	3e-05	2e-05	4e-05	9e-05	0.00015	7e-05	3e-05	4e-05	8e-05	6e-05	0.0	0.0	0.0	3e-05	0.00011	6e-05	0.0	0.0	0.0	0.0	0.0	0.0	0.0	0.0	0.0	0.0	0.0	0.0	0.0	0.0	0.0	0.0	0.0	0.0	0.0	0.0	0.0	0.0	0.00013	0.0	0.00033	0.00036	0.0	0.0	4e-05	9e-05	0.0	0.0	0.0	0.0	0.0	0.0	0.0	0.0	0.0	0.0	0.0	0.0	0.0	0.0	0.0	0.0	0.0	0.0	0.0	0.0	0.0	0.0	0.0	0.0	0.0	6e-05	0.0	0.0	0.0	0.0	9e-05	0.00015	0.00017	9e-05	6e-05	0.00012	0.00014	7e-05	6e-05	1e-05	2e-05	4e-05	4e-05	1e-05	0.00015	1e-05	3e-05	6e-05	4e-05	2e-05	2e-05	
5e-05	3e-05	2e-05	2e-05	3e-05	7e-05	7e-05	2e-05	3e-05	0.0	3e-05	2e-05	4e-05	9e-05	0.00015	7e-05	3e-05	4e-05	8e-05	6e-05	0.0	0.0	0.0	3e-05	0.00011	6e-05	0.0	0.0	0.0	0.0	0.0	0.0	0.0	0.0	0.0	0.0	0.0	0.0	0.0	0.0	0.0	0.0	0.0	0.0	0.0	0.0	0.0	0.0	0.00013	0.0	0.00033	0.00036	0.0	0.0	4e-05	9e-05	0.0	0.0	0.0	0.0	0.0	0.0	0.0	0.0	0.0	0.0	0.0	0.0	0.0	0.0	0.0	0.0	0.0	0.0	0.0	0.0	0.0	0.0	0.0	0.0	0.0	6e-05	0.0	0.0	0.0	0.0	9e-05	0.00015	0.00017	9e-05	6e-05	0.00012	0.00014	7e-05	6e-05	1e-05	2e-05	4e-05	4e-05	1e-05	0.00015	1e-05	3e-05	6e-05	4e-05	2e-05	2e-05	
5e-05	3e-05	2e-05	2e-05	3e-05	7e-05	7e-05	2e-05	3e-05	0.0	3e-05	2e-05	4e-05	9e-05	0.00015	7e-05	3e-05	4e-05	8e-05	6e-05	0.0	0.0	0.0	3e-05	0.00011	6e-05	0.0	0.0	0.0	0.0	0.0	0.0	0.0	0.0	0.0	0.0	0.0	0.0	0.0	0.0	0.0	0.0	0.0	0.0	0.0	0.0	0.0	0.0	0.00013	0.0	0.00033	0.00036	0.0	0.0	4e-05	9e-05	0.0	0.0	0.0	0.0	0.0	0.0	0.0	0.0	0.0	0.0	0.0	0.0	0.0	0.0	0.0	0.0	0.0	0.0	0.0	0.0	0.0	0.0	0.0	0.0	0.0	6e-05	0.0	0.0	0.0	0.0	9e-05	0.00015	0.00017	9e-05	6e-05	0.00012	0.00014	7e-05	6e-05	1e-05	2e-05	4e-05	4e-05	1e-05	0.00015	1e-05	3e-05	6e-05	4e-05	2e-05	2e-05	
5e-05	3e-05	2e-05	2e-05	3e-05	7e-05	7e-05	2e-05	3e-05	0.0	3e-05	2e-05	4e-05	9e-05	0.00015	7e-05	3e-05	4e-05	8e-05	6e-05	0.0	0.0	0.0	3e-05	0.00011	6e-05	0.0	0.0	0.0	0.0	0.0	0.0	0.0	0.0	0.0	0.0	0.0	0.0	0.0	0.0	0.0	0.0	0.0	0.0	0.0	0.0	0.0	0.0	0.00013	0.0	0.00033	0.00036	0.0	0.0	4e-05	9e-05	0.0	0.0	0.0	0.0	0.0	0.0	0.0	0.0	0.0	0.0	0.0	0.0	0.0	0.0	0.0	0.0	0.0	0.0	0.0	0.0	0.0	0.0	0.0	0.0	0.0	6e-05	0.0	0.0	0.0	0.0	9e-05	0.00015	0.00017	9e-05	6e-05	0.00012	0.00014	7e-05	6e-05	1e-05	2e-05	4e-05	4e-05	1e-05	0.00015	1e-05	3e-05	6e-05	4e-05	2e-05	2e-05	
5e-05	3e-05	2e-05	2e-05	3e-05	7e-05	7e-05	2e-05	3e-05	0.0	3e-05	2e-05	4e-05	9e-05	0.00015	7e-05	3e-05	4e-05	8e-05	6e-05	0.0	0.0	0.0	3e-05	0.00011	6e-05	0.0	0.0	0.0	0.0	0.0	0.0	0.0	0.0	0.0	0.0	0.0	0.0	0.0	0.0	0.0	0.0	0.0	0.0	0.0	0.0	0.0	0.0	0.00013	0.0	0.00033	0.00036	0.0	0.0	4e-05	9e-05	0.0	0.0	0.0	0.0	0.0	0.0	0.0	0.0	0.0	0.0	0.0	0.0	0.0	0.0	0.0	0.0	0.0	0.0	0.0	0.0	0.0	0.0	0.0	0.0	0.0	6e-05	0.0	0.0	0.0	0.0	9e-05	0.00015	0.00017	9e-05	6e-05	0.00012	0.00014	7e-05	6e-05	1e-05	2e-05	4e-05	4e-05	1e-05	0.00015	1e-05	3e-05	6e-05	4e-05	2e-05	2e-05	
5e-05	3e-05	2e-05	2e-05	3e-05	7e-05	7e-05	2e-05	3e-05	0.0	3e-05	2e-05	4e-05	9e-05	0.00015	7e-05	3e-05	4e-05	8e-05	6e-05	0.0	0.0	0.0	3e-05	0.00011	6e-05	0.0	0.0	0.0	0.0	0.0	0.0	0.0	0.0	0.0	0.0	0.0	0.0	0.0	0.0	0.0	0.0	0.0	0.0	0.0	0.0	0.0	0.0	0.00013	0.0	0.00033	0.00036	0.0	0.0	4e-05	9e-05	0.0	0.0	0.0	0.0	0.0	0.0	0.0	0.0	0.0	0.0	0.0	0.0	0.0	0.0	0.0	0.0	0.0	0.0	0.0	0.0	0.0	0.0	0.0	0.0	0.0	6e-05	0.0	0.0	0.0	0.0	9e-05	0.00015	0.00017	9e-05	6e-05	0.00012	0.00014	7e-05	6e-05	1e-05	2e-05	4e-05	4e-05	1e-05	0.00015	1e-05	3e-05	6e-05	4e-05	2e-05	2e-05	
5e-05	3e-05	2e-05	2e-05	3e-05	7e-05	7e-05	2e-05	3e-05	0.0	3e-05	2e-05	4e-05	9e-05	0.00015	7e-05	3e-05	4e-05	8e-05	6e-05	0.0	0.0	0.0	3e-05	0.00011	6e-05	0.0	0.0	0.0	0.0	0.0	0.0	0.0	0.0	0.0	0.0	0.0	0.0	0.0	0.0	0.0	0.0	0.0	0.0	0.0	0.0	0.0	0.0	0.00013	0.0	0.00033	0.00036	0.0	0.0	4e-05	9e-05	0.0	0.0	0.0	0.0	0.0	0.0	0.0	0.0	0.0	0.0	0.0	0.0	0.0	0.0	0.0	0.0	0.0	0.0	0.0	0.0	0.0	0.0	0.0	0.0	0.0	6e-05	0.0	0.0	0.0	0.0	9e-05	0.00015	0.00017	9e-05	6e-05	0.00012	0.00014	7e-05	6e-05	1e-05	2e-05	4e-05	4e-05	1e-05	0.00015	1e-05	3e-05	6e-05	4e-05	2e-05	2e-05	
5e-05	3e-05	2e-05	2e-05	3e-05	7e-05	7e-05	2e-05	3e-05	0.0	3e-05	2e-05	4e-05	9e-05	0.00015	7e-05	3e-05	4e-05	8e-05	6e-05	0.0	0.0	0.0	3e-05	0.00011	6e-05	0.0	0.0	0.0	0.0	0.0	0.0	0.0	0.0	0.0	0.0	0.0	0.0	0.0	0.0	0.0	0.0	0.0	0.0	0.0	0.0	0.0	0.0	0.00013	0.0	0.00033	0.00036	0.0	0.0	4e-05	9e-05	0.0	0.0	0.0	0.0	0.0	0.0	0.0	0.0	0.0	0.0	0.0	0.0	0.0	0.0	0.0	0.0	0.0	0.0	0.0	0.0	0.0	0.0	0.0	0.0	0.0	6e-05	0.0	0.0	0.0	0.0	9e-05	0.00015	0.00017	9e-05	6e-05	0.00012	0.00014	7e-05	6e-05	1e-05	2e-05	4e-05	4e-05	1e-05	0.00015	1e-05	3e-05	6e-05	4e-05	2e-05	2e-05	
5e-05	3e-05	2e-05	2e-05	3e-05	7e-05	7e-05	2e-05	3e-05	0.0	3e-05	2e-05	4e-05	9e-05	0.00015	7e-05	3e-05	4e-05	8e-05	6e-05	0.0	0.0	0.0	3e-05	0.00011	6e-05	0.0	0.0	0.0	0.0	0.0	0.0	0.0	0.0	0.0	0.0	0.0	0.0	0.0	0.0	0.0	0.0	0.0	0.0	0.0	0.0	0.0	0.0	0.00013	0.0	0.00033	0.00036	0.0	0.0	4e-05	9e-05	0.0	0.0	0.0	0.0	0.0	0.0	0.0	0.0	0.0	0.0	0.0	0.0	0.0	0.0	0.0	0.0	0.0	0.0	0.0	0.0	0.0	0.0	0.0	0.0	0.0	6e-05	0.0	0.0	0.0	0.0	9e-05	0.00015	0.00017	9e-05	6e-05	0.00012	0.00014	7e-05	6e-05	1e-05	2e-05	4e-05	4e-05	1e-05	0.00015	1e-05	3e-05	6e-05	4e-05	2e-05	2e-05	
5e-05	3e-05	2e-05	2e-05	3e-05	7e-05	7e-05	2e-05	3e-05	0.0	3e-05	2e-05	4e-05	9e-05	0.00015	7e-05	3e-05	4e-05	8e-05	6e-05	0.0	0.0	0.0	3e-05	0.00011	6e-05	0.0	0.0	0.0	0.0	0.0	0.0	0.0	0.0	0.0	0.0	0.0	0.0	0.0	0.0	0.0	0.0	0.0	0.0	0.0	0.0	0.0	0.0	0.00013	0.0	0.00033	0.00036	0.0	0.0	4e-05	9e-05	0.0	0.0	0.0	0.0	0.0	0.0	0.0	0.0	0.0	0.0	0.0	0.0	0.0	0.0	0.0	0.0	0.0	0.0	0.0	0.0	0.0	0.0	0.0	0.0	0.0	6e-05	0.0	0.0	0.0	0.0	9e-05	0.00015	0.00017	9e-05	6e-05	0.00012	0.00014	7e-05	6e-05	1e-05	2e-05	4e-05	4e-05	1e-05	0.00015	1e-05	3e-05	6e-05	4e-05	2e-05	2e-05	
5e-05	3e-05	2e-05	2e-05	3e-05	7e-05	7e-05	2e-05	3e-05	0.0	3e-05	2e-05	4e-05	9e-05	0.00015	7e-05	3e-05	4e-05	8e-05	6e-05	0.0	0.0	0.0	3e-05	0.00011	6e-05	0.0	0.0	0.0	0.0	0.0	0.0	0.0	0.0	0.0	0.0	0.0	0.0	0.0	0.0	0.0	0.0	0.0	0.0	0.0	0.0	0.0	0.0	0.00013	0.0	0.00033	0.00036	0.0	0.0	4e-05	9e-05	0.0	0.0	0.0	0.0	0.0	0.0	0.0	0.0	0.0	0.0	0.0	0.0	0.0	0.0	0.0	0.0	0.0	0.0	0.0	0.0	0.0	0.0	0.0	0.0	0.0	6e-05	0.0	0.0	0.0	0.0	9e-05	0.00015	0.00017	9e-05	6e-05	0.00012	0.00014	7e-05	6e-05	1e-05	2e-05	4e-05	4e-05	1e-05	0.00015	1e-05	3e-05	6e-05	4e-05	2e-05	2e-05	
5e-05	3e-05	2e-05	2e-05	3e-05	7e-05	7e-05	2e-05	3e-05	0.0	3e-05	2e-05	4e-05	9e-05	0.00015	7e-05	3e-05	4e-05	8e-05	6e-05	0.0	0.0	0.0	3e-05	0.00011	6e-05	0.0	0.0	0.0	0.0	0.0	0.0	0.0	0.0	0.0	0.0	0.0	0.0	0.0	0.0	0.0	0.0	0.0	0.0	0.0	0.0	0.0	0.0	0.00013	0.0	0.00033	0.00036	0.0	0.0	4e-05	9e-05	0.0	0.0	0.0	0.0	0.0	0.0	0.0	0.0	0.0	0.0	0.0	0.0	0.0	0.0	0.0	0.0	0.0	0.0	0.0	0.0	0.0	0.0	0.0	0.0	0.0	6e-05	0.0	0.0	0.0	0.0	9e-05	0.00015	0.00017	9e-05	6e-05	0.00012	0.00014	7e-05	6e-05	1e-05	2e-05	4e-05	4e-05	1e-05	0.00015	1e-05	3e-05	6e-05	4e-05	2e-05	2e-05	
5e-05	3e-05	2e-05	2e-05	3e-05	7e-05	7e-05	2e-05	3e-05	0.0	3e-05	2e-05	4e-05	9e-05	0.00015	7e-05	3e-05	4e-05	8e-05	6e-05	0.0	0.0	0.0	3e-05	0.00011	6e-05	0.0	0.0	0.0	0.0	0.0	0.0	0.0	0.0	0.0	0.0	0.0	0.0	0.0	0.0	0.0	0.0	0.0	0.0	0.0	0.0	0.0	0.0	0.00013	0.0	0.00033	0.00036	0.0	0.0	4e-05	9e-05	0.0	0.0	0.0	0.0	0.0	0.0	0.0	0.0	0.0	0.0	0.0	0.0	0.0	0.0	0.0	0.0	0.0	0.0	0.0	0.0	0.0	0.0	0.0	0.0	0.0	6e-05	0.0	0.0	0.0	0.0	9e-05	0.00015	0.00017	9e-05	6e-05	0.00012	0.00014	7e-05	6e-05	1e-05	2e-05	4e-05	4e-05	1e-05	0.00015	1e-05	3e-05	6e-05	4e-05	2e-05	2e-05	
5e-05	3e-05	2e-05	2e-05	3e-05	7e-05	7e-05	2e-05	3e-05	0.0	3e-05	2e-05	4e-05	9e-05	0.00015	7e-05	3e-05	4e-05	8e-05	6e-05	0.0	0.0	0.0	3e-05	0.00011	6e-05	0.0	0.0	0.0	0.0	0.0	0.0	0.0	0.0	0.0	0.0	0.0	0.0	0.0	0.0	0.0	0.0	0.0	0.0	0.0	0.0	0.0	0.0	0.00013	0.0	0.00033	0.00036	0.0	0.0	4e-05	9e-05	0.0	0.0	0.0	0.0	0.0	0.0	0.0	0.0	0.0	0.0	0.0	0.0	0.0	0.0	0.0	0.0	0.0	0.0	0.0	0.0	0.0	0.0	0.0	0.0	0.0	6e-05	0.0	0.0	0.0	0.0	9e-05	0.00015	0.00017	9e-05	6e-05	0.00012	0.00014	7e-05	6e-05	1e-05	2e-05	4e-05	4e-05	1e-05	0.00015	1e-05	3e-05	6e-05	4e-05	2e-05	2e-05	
5e-05	3e-05	2e-05	2e-05	3e-05	7e-05	7e-05	2e-05	3e-05	0.0	3e-05	2e-05	4e-05	9e-05	0.00015	7e-05	3e-05	4e-05	8e-05	6e-05	0.0	0.0	0.0	3e-05	0.00011	6e-05	0.0	0.0	0.0	0.0	0.0	0.0	0.0	0.0	0.0	0.0	0.0	0.0	0.0	0.0	0.0	0.0	0.0	0.0	0.0	0.0	0.0	0.0	0.00013	0.0	0.00033	0.00036	0.0	0.0	4e-05	9e-05	0.0	0.0	0.0	0.0	0.0	0.0	0.0	0.0	0.0	0.0	0.0	0.0	0.0	0.0	0.0	0.0	0.0	0.0	0.0	0.0	0.0	0.0	0.0	0.0	0.0	6e-05	0.0	0.0	0.0	0.0	9e-05	0.00015	0.00017	9e-05	6e-05	0.00012	0.00014	7e-05	6e-05	1e-05	2e-05	4e-05	4e-05	1e-05	0.00015	1e-05	3e-05	6e-05	4e-05	2e-05	2e-05	
5e-05	3e-05	2e-05	2e-05	3e-05	7e-05	7e-05	2e-05	3e-05	0.0	3e-05	2e-05	4e-05	9e-05	0.00015	7e-05	3e-05	4e-05	8e-05	6e-05	0.0	0.0	0.0	3e-05	0.00011	6e-05	0.0	0.0	0.0	0.0	0.0	0.0	0.0	0.0	0.0	0.0	0.0	0.0	0.0	0.0	0.0	0.0	0.0	0.0	0.0	0.0	0.0	0.0	0.00013	0.0	0.00033	0.00036	0.0	0.0	4e-05	9e-05	0.0	0.0	0.0	0.0	0.0	0.0	0.0	0.0	0.0	0.0	0.0	0.0	0.0	0.0	0.0	0.0	0.0	0.0	0.0	0.0	0.0	0.0	0.0	0.0	0.0	6e-05	0.0	0.0	0.0	0.0	9e-05	0.00015	0.00017	9e-05	6e-05	0.00012	0.00014	7e-05	6e-05	1e-05	2e-05	4e-05	4e-05	1e-05	0.00015	1e-05	3e-05	6e-05	4e-05	2e-05	2e-05	
5e-05	3e-05	2e-05	2e-05	3e-05	7e-05	7e-05	2e-05	3e-05	0.0	3e-05	2e-05	4e-05	9e-05	0.00015	7e-05	3e-05	4e-05	8e-05	6e-05	0.0	0.0	0.0	3e-05	0.00011	6e-05	0.0	0.0	0.0	0.0	0.0	0.0	0.0	0.0	0.0	0.0	0.0	0.0	0.0	0.0	0.0	0.0	0.0	0.0	0.0	0.0	0.0	0.0	0.00013	0.0	0.00033	0.00036	0.0	0.0	4e-05	9e-05	0.0	0.0	0.0	0.0	0.0	0.0	0.0	0.0	0.0	0.0	0.0	0.0	0.0	0.0	0.0	0.0	0.0	0.0	0.0	0.0	0.0	0.0	0.0	0.0	0.0	6e-05	0.0	0.0	0.0	0.0	9e-05	0.00015	0.00017	9e-05	6e-05	0.00012	0.00014	7e-05	6e-05	1e-05	2e-05	4e-05	4e-05	1e-05	0.00015	1e-05	3e-05	6e-05	4e-05	2e-05	2e-05	
5e-05	3e-05	2e-05	2e-05	3e-05	7e-05	7e-05	2e-05	3e-05	0.0	3e-05	2e-05	4e-05	9e-05	0.00015	7e-05	3e-05	4e-05	8e-05	6e-05	0.0	0.0	0.0	3e-05	0.00011	6e-05	0.0	0.0	0.0	0.0	0.0	0.0	0.0	0.0	0.0	0.0	0.0	0.0	0.0	0.0	0.0	0.0	0.0	0.0	0.0	0.0	0.0	0.0	0.00013	0.0	0.00033	0.00036	0.0	0.0	4e-05	9e-05	0.0	0.0	0.0	0.0	0.0	0.0	0.0	0.0	0.0	0.0	0.0	0.0	0.0	0.0	0.0	0.0	0.0	0.0	0.0	0.0	0.0	0.0	0.0	0.0	0.0	6e-05	0.0	0.0	0.0	0.0	9e-05	0.00015	0.00017	9e-05	6e-05	0.00012	0.00014	7e-05	6e-05	1e-05	2e-05	4e-05	4e-05	1e-05	0.00015	1e-05	3e-05	6e-05	4e-05	2e-05	2e-05	
5e-05	3e-05	2e-05	2e-05	3e-05	7e-05	7e-05	2e-05	3e-05	0.0	3e-05	2e-05	4e-05	9e-05	0.00015	7e-05	3e-05	4e-05	8e-05	6e-05	0.0	0.0	0.0	3e-05	0.00011	6e-05	0.0	0.0	0.0	0.0	0.0	0.0	0.0	0.0	0.0	0.0	0.0	0.0	0.0	0.0	0.0	0.0	0.0	0.0	0.0	0.0	0.0	0.0	0.00013	0.0	0.00033	0.00036	0.0	0.0	4e-05	9e-05	0.0	0.0	0.0	0.0	0.0	0.0	0.0	0.0	0.0	0.0	0.0	0.0	0.0	0.0	0.0	0.0	0.0	0.0	0.0	0.0	0.0	0.0	0.0	0.0	0.0	6e-05	0.0	0.0	0.0	0.0	9e-05	0.00015	0.00017	9e-05	6e-05	0.00012	0.00014	7e-05	6e-05	1e-05	2e-05	4e-05	4e-05	1e-05	0.00015	1e-05	3e-05	6e-05	4e-05	2e-05	2e-05	
5e-05	3e-05	2e-05	2e-05	3e-05	7e-05	7e-05	2e-05	3e-05	0.0	3e-05	2e-05	4e-05	9e-05	0.00015	7e-05	3e-05	4e-05	8e-05	6e-05	0.0	0.0	0.0	3e-05	0.00011	6e-05	0.0	0.0	0.0	0.0	0.0	0.0	0.0	0.0	0.0	0.0	0.0	0.0	0.0	0.0	0.0	0.0	0.0	0.0	0.0	0.0	0.0	0.0	0.00013	0.0	0.00033	0.00036	0.0	0.0	4e-05	9e-05	0.0	0.0	0.0	0.0	0.0	0.0	0.0	0.0	0.0	0.0	0.0	0.0	0.0	0.0	0.0	0.0	0.0	0.0	0.0	0.0	0.0	0.0	0.0	0.0	0.0	6e-05	0.0	0.0	0.0	0.0	9e-05	0.00015	0.00017	9e-05	6e-05	0.00012	0.00014	7e-05	6e-05	1e-05	2e-05	4e-05	4e-05	1e-05	0.00015	1e-05	3e-05	6e-05	4e-05	2e-05	2e-05	
0.05206	0.07352	0.07288	0.1124	0.0814	0.05642	0.0449	0.16217	0.3212	0.06578	0.1753	0.28329	0.37028	0.03021	0.01782	0.27855	0.35283	0.37028	0.04576	0.06751	0.00013	0.00013	0.00013	0.38008	0.065	0.05071	0.00013	0.00013	0.00013	0.00013	0.00013	0.00013	0.00013	0.00013	0.00013	0.00013	0.00013	0.00013	0.00013	0.00013	0.00013	0.00013	0.00013	0.00013	0.00013	0.00013	0.00013	0.00013	0.0	0.00013	0.01906	0.02677	0.00013	0.00013	0.1402	0.04449	0.00013	0.00013	0.00013	0.00013	0.00013	0.00013	0.00013	0.00013	0.00013	0.00013	0.00013	0.00013	0.00013	0.00013	0.00013	0.00013	0.00013	0.00013	0.00013	0.00013	0.00013	0.00013	0.00013	0.00013	0.00013	0.44107	0.00013	0.00013	0.00013	0.0	0.17194	0.01896	0.2251	0.35115	0.13145	0.20086	0.11542	0.02124	0.10635	0.08262	0.27868	0.2743	0.05852	0.16278	0.02673	0.10548	0.08607	0.02668	0.09141	0.10533	0.1345	
5e-05	3e-05	2e-05	2e-05	3e-05	7e-05	7e-05	2e-05	3e-05	0.0	3e-05	2e-05	4e-05	9e-05	0.00015	7e-05	3e-05	4e-05	8e-05	6e-05	0.0	0.0	0.0	3e-05	0.00011	6e-05	0.0	0.0	0.0	0.0	0.0	0.0	0.0	0.0	0.0	0.0	0.0	0.0	0.0	0.0	0.0	0.0	0.0	0.0	0.0	0.0	0.0	0.0	0.00013	0.0	0.00033	0.00036	0.0	0.0	4e-05	9e-05	0.0	0.0	0.0	0.0	0.0	0.0	0.0	0.0	0.0	0.0	0.0	0.0	0.0	0.0	0.0	0.0	0.0	0.0	0.0	0.0	0.0	0.0	0.0	0.0	0.0	6e-05	0.0	0.0	0.0	0.0	9e-05	0.00015	0.00017	9e-05	6e-05	0.00012	0.00014	7e-05	6e-05	1e-05	2e-05	4e-05	4e-05	1e-05	0.00015	1e-05	3e-05	6e-05	4e-05	2e-05	2e-05	
0.05264	0.07436	0.08151	0.07677	0.09583	0.27254	0.0454	0.09315	0.08881	0.09228	0.11559	0.10341	0.05044	0.03055	0.01806	0.28054	0.08824	0.05044	0.17021	0.0887	0.00033	0.00033	0.00033	0.04608	0.06569	0.14715	0.00033	0.00033	0.00033	0.00033	0.00033	0.00033	0.00033	0.00033	0.00033	0.00033	0.00033	0.00033	0.00033	0.00033	0.00033	0.00033	0.00033	0.00033	0.00033	0.00033	0.00033	0.00033	0.01906	0.00033	0.0	0.41025	0.00033	0.00033	0.04703	0.04497	0.00033	0.00033	0.00033	0.00033	0.00033	0.00033	0.00033	0.00033	0.00033	0.00033	0.00033	0.00033	0.00033	0.00033	0.00033	0.00033	0.00033	0.00033	0.00033	0.00033	0.00033	0.00033	0.00033	0.00033	0.00033	0.03349	0.00033	0.00033	0.00033	0.0	0.17411	0.01921	0.22825	0.35366	0.05585	0.28223	0.38322	0.0215	0.16678	0.0883	0.0834	0.18394	0.11067	0.09434	0.52351	0.09731	0.08708	0.02699	0.09247	0.13896	0.1239	
0.08322	0.03977	0.08172	0.06573	0.12319	0.18905	0.07009	0.15099	0.14395	0.1496	0.18736	0.04626	0.07809	0.04449	0.02526	0.20135	0.02494	0.07809	0.04547	0.14288	0.00036	0.00036	0.00036	0.01693	0.10056	0.23325	0.00036	0.00036	0.00036	0.00036	0.00036	0.00036	0.00036	0.00036	0.00036	0.00036	0.00036	0.00036	0.00036	0.00036	0.00036	0.00036	0.00036	0.00036	0.00036	0.00036	0.00036	0.00036	0.02677	0.00036	0.41025	0.0	0.00036	0.00036	0.07244	0.06722	0.00036	0.00036	0.00036	0.00036	0.00036	0.00036	0.00036	0.00036	0.00036	0.00036	0.00036	0.00036	0.00036	0.00036	0.00036	0.00036	0.00036	0.00036	0.00036	0.00036	0.00036	0.00036	0.00036	0.00036	0.00036	0.03393	0.00036	0.00036	0.00036	0.0	0.08388	0.027	0.07032	0.21143	0.00015	0.09603	0.27761	0.0312	0.09434	0.05118	0.03577	0.11507	0.18999	0.04879	0.27518	0.0555	0.06362	0.04002	0.04118	0.0859	0.1204	
5e-05	3e-05	2e-05	2e-05	3e-05	7e-05	7e-05	2e-05	3e-05	0.0	3e-05	2e-05	4e-05	9e-05	0.00015	7e-05	3e-05	4e-05	8e-05	6e-05	0.0	0.0	0.0	3e-05	0.00011	6e-05	0.0	0.0	0.0	0.0	0.0	0.0	0.0	0.0	0.0	0.0	0.0	0.0	0.0	0.0	0.0	0.0	0.0	0.0	0.0	0.0	0.0	0.0	0.00013	0.0	0.00033	0.00036	0.0	0.0	4e-05	9e-05	0.0	0.0	0.0	0.0	0.0	0.0	0.0	0.0	0.0	0.0	0.0	0.0	0.0	0.0	0.0	0.0	0.0	0.0	0.0	0.0	0.0	0.0	0.0	0.0	0.0	6e-05	0.0	0.0	0.0	0.0	9e-05	0.00015	0.00017	9e-05	6e-05	0.00012	0.00014	7e-05	6e-05	1e-05	2e-05	4e-05	4e-05	1e-05	0.00015	1e-05	3e-05	6e-05	4e-05	2e-05	2e-05	
5e-05	3e-05	2e-05	2e-05	3e-05	7e-05	7e-05	2e-05	3e-05	0.0	3e-05	2e-05	4e-05	9e-05	0.00015	7e-05	3e-05	4e-05	8e-05	6e-05	0.0	0.0	0.0	3e-05	0.00011	6e-05	0.0	0.0	0.0	0.0	0.0	0.0	0.0	0.0	0.0	0.0	0.0	0.0	0.0	0.0	0.0	0.0	0.0	0.0	0.0	0.0	0.0	0.0	0.00013	0.0	0.00033	0.00036	0.0	0.0	4e-05	9e-05	0.0	0.0	0.0	0.0	0.0	0.0	0.0	0.0	0.0	0.0	0.0	0.0	0.0	0.0	0.0	0.0	0.0	0.0	0.0	0.0	0.0	0.0	0.0	0.0	0.0	6e-05	0.0	0.0	0.0	0.0	9e-05	0.00015	0.00017	9e-05	6e-05	0.00012	0.00014	7e-05	6e-05	1e-05	2e-05	4e-05	4e-05	1e-05	0.00015	1e-05	3e-05	6e-05	4e-05	2e-05	2e-05	
0.05301	0.16304	0.13717	0.13991	0.13663	0.24781	0.33874	0.32008	0.26686	0.08806	0.33297	0.21902	0.22531	0.19455	0.36315	0.2239	0.22509	0.22531	0.14486	0.42627	4e-05	4e-05	4e-05	0.18337	0.06518	0.22829	4e-05	4e-05	4e-05	4e-05	4e-05	4e-05	4e-05	4e-05	4e-05	4e-05	4e-05	4e-05	4e-05	4e-05	4e-05	4e-05	4e-05	4e-05	4e-05	4e-05	4e-05	4e-05	0.1402	4e-05	0.04703	0.07244	4e-05	4e-05	0.0	0.17251	4e-05	4e-05	4e-05	4e-05	4e-05	4e-05	4e-05	4e-05	4e-05	4e-05	4e-05	4e-05	4e-05	4e-05	4e-05	4e-05	4e-05	4e-05	4e-05	4e-05	4e-05	4e-05	4e-05	4e-05	4e-05	0.15279	4e-05	4e-05	4e-05	0.0	0.14802	0.04697	0.03066	0.36051	0.07794	0.09692	0.17854	0.32278	0.35833	0.49437	0.15248	0.19083	0.27066	0.43728	0.08011	0.4648	0.13809	0.31165	0.0893	0.17193	0.1312	
0.05051	0.25689	0.08075	0.09444	0.02155	0.23985	0.28583	0.07845	0.55228	0.07169	0.20551	0.30123	0.6741	0.36907	0.16211	0.31503	0.31867	0.6741	0.11959	0.26807	9e-05	9e-05	9e-05	0.13659	0.38673	0.35741	9e-05	9e-05	9e-05	9e-05	9e-05	9e-05	9e-05	9e-05	9e-05	9e-05	9e-05	9e-05	9e-05	9e-05	9e-05	9e-05	9e-05	9e-05	9e-05	9e-05	9e-05	9e-05	0.04449	9e-05	0.04497	0.06722	9e-05	9e-05	0.17251	0.0	9e-05	9e-05	9e-05	9e-05	9e-05	9e-05	9e-05	9e-05	9e-05	9e-05	9e-05	9e-05	9e-05	9e-05	9e-05	9e-05	9e-05	9e-05	9e-05	9e-05	9e-05	9e-05	9e-05	9e-05	9e-05	0.09289	9e-05	9e-05	9e-05	0.0	0.26973	0.17692	0.09591	0.14025	0.07283	0.01742	0.22066	0.14616	0.01296	0.37803	0.24768	0.13275	0.21265	0.11086	0.14484	0.12332	0.15839	0.33485	0.12641	0.03342	0.10604	
5e-05	3e-05	2e-05	2e-05	3e-05	7e-05	7e-05	2e-05	3e-05	0.0	3e-05	2e-05	4e-05	9e-05	0.00015	7e-05	3e-05	4e-05	8e-05	6e-05	0.0	0.0	0.0	3e-05	0.00011	6e-05	0.0	0.0	0.0	0.0	0.0	0.0	0.0	0.0	0.0	0.0	0.0	0.0	0.0	0.0	0.0	0.0	0.0	0.0	0.0	0.0	0.0	0.0	0.00013	0.0	0.00033	0.00036	0.0	0.0	4e-05	9e-05	0.0	0.0	0.0	0.0	0.0	0.0	0.0	0.0	0.0	0.0	0.0	0.0	0.0	0.0	0.0	0.0	0.0	0.0	0.0	0.0	0.0	0.0	0.0	0.0	0.0	6e-05	0.0	0.0	0.0	0.0	9e-05	0.00015	0.00017	9e-05	6e-05	0.00012	0.00014	7e-05	6e-05	1e-05	2e-05	4e-05	4e-05	1e-05	0.00015	1e-05	3e-05	6e-05	4e-05	2e-05	2e-05	
5e-05	3e-05	2e-05	2e-05	3e-05	7e-05	7e-05	2e-05	3e-05	0.0	3e-05	2e-05	4e-05	9e-05	0.00015	7e-05	3e-05	4e-05	8e-05	6e-05	0.0	0.0	0.0	3e-05	0.00011	6e-05	0.0	0.0	0.0	0.0	0.0	0.0	0.0	0.0	0.0	0.0	0.0	0.0	0.0	0.0	0.0	0.0	0.0	0.0	0.0	0.0	0.0	0.0	0.00013	0.0	0.00033	0.00036	0.0	0.0	4e-05	9e-05	0.0	0.0	0.0	0.0	0.0	0.0	0.0	0.0	0.0	0.0	0.0	0.0	0.0	0.0	0.0	0.0	0.0	0.0	0.0	0.0	0.0	0.0	0.0	0.0	0.0	6e-05	0.0	0.0	0.0	0.0	9e-05	0.00015	0.00017	9e-05	6e-05	0.00012	0.00014	7e-05	6e-05	1e-05	2e-05	4e-05	4e-05	1e-05	0.00015	1e-05	3e-05	6e-05	4e-05	2e-05	2e-05	
5e-05	3e-05	2e-05	2e-05	3e-05	7e-05	7e-05	2e-05	3e-05	0.0	3e-05	2e-05	4e-05	9e-05	0.00015	7e-05	3e-05	4e-05	8e-05	6e-05	0.0	0.0	0.0	3e-05	0.00011	6e-05	0.0	0.0	0.0	0.0	0.0	0.0	0.0	0.0	0.0	0.0	0.0	0.0	0.0	0.0	0.0	0.0	0.0	0.0	0.0	0.0	0.0	0.0	0.00013	0.0	0.00033	0.00036	0.0	0.0	4e-05	9e-05	0.0	0.0	0.0	0.0	0.0	0.0	0.0	0.0	0.0	0.0	0.0	0.0	0.0	0.0	0.0	0.0	0.0	0.0	0.0	0.0	0.0	0.0	0.0	0.0	0.0	6e-05	0.0	0.0	0.0	0.0	9e-05	0.00015	0.00017	9e-05	6e-05	0.00012	0.00014	7e-05	6e-05	1e-05	2e-05	4e-05	4e-05	1e-05	0.00015	1e-05	3e-05	6e-05	4e-05	2e-05	2e-05	
5e-05	3e-05	2e-05	2e-05	3e-05	7e-05	7e-05	2e-05	3e-05	0.0	3e-05	2e-05	4e-05	9e-05	0.00015	7e-05	3e-05	4e-05	8e-05	6e-05	0.0	0.0	0.0	3e-05	0.00011	6e-05	0.0	0.0	0.0	0.0	0.0	0.0	0.0	0.0	0.0	0.0	0.0	0.0	0.0	0.0	0.0	0.0	0.0	0.0	0.0	0.0	0.0	0.0	0.00013	0.0	0.00033	0.00036	0.0	0.0	4e-05	9e-05	0.0	0.0	0.0	0.0	0.0	0.0	0.0	0.0	0.0	0.0	0.0	0.0	0.0	0.0	0.0	0.0	0.0	0.0	0.0	0.0	0.0	0.0	0.0	0.0	0.0	6e-05	0.0	0.0	0.0	0.0	9e-05	0.00015	0.00017	9e-05	6e-05	0.00012	0.00014	7e-05	6e-05	1e-05	2e-05	4e-05	4e-05	1e-05	0.00015	1e-05	3e-05	6e-05	4e-05	2e-05	2e-05	
5e-05	3e-05	2e-05	2e-05	3e-05	7e-05	7e-05	2e-05	3e-05	0.0	3e-05	2e-05	4e-05	9e-05	0.00015	7e-05	3e-05	4e-05	8e-05	6e-05	0.0	0.0	0.0	3e-05	0.00011	6e-05	0.0	0.0	0.0	0.0	0.0	0.0	0.0	0.0	0.0	0.0	0.0	0.0	0.0	0.0	0.0	0.0	0.0	0.0	0.0	0.0	0.0	0.0	0.00013	0.0	0.00033	0.00036	0.0	0.0	4e-05	9e-05	0.0	0.0	0.0	0.0	0.0	0.0	0.0	0.0	0.0	0.0	0.0	0.0	0.0	0.0	0.0	0.0	0.0	0.0	0.0	0.0	0.0	0.0	0.0	0.0	0.0	6e-05	0.0	0.0	0.0	0.0	9e-05	0.00015	0.00017	9e-05	6e-05	0.00012	0.00014	7e-05	6e-05	1e-05	2e-05	4e-05	4e-05	1e-05	0.00015	1e-05	3e-05	6e-05	4e-05	2e-05	2e-05	
5e-05	3e-05	2e-05	2e-05	3e-05	7e-05	7e-05	2e-05	3e-05	0.0	3e-05	2e-05	4e-05	9e-05	0.00015	7e-05	3e-05	4e-05	8e-05	6e-05	0.0	0.0	0.0	3e-05	0.00011	6e-05	0.0	0.0	0.0	0.0	0.0	0.0	0.0	0.0	0.0	0.0	0.0	0.0	0.0	0.0	0.0	0.0	0.0	0.0	0.0	0.0	0.0	0.0	0.00013	0.0	0.00033	0.00036	0.0	0.0	4e-05	9e-05	0.0	0.0	0.0	0.0	0.0	0.0	0.0	0.0	0.0	0.0	0.0	0.0	0.0	0.0	0.0	0.0	0.0	0.0	0.0	0.0	0.0	0.0	0.0	0.0	0.0	6e-05	0.0	0.0	0.0	0.0	9e-05	0.00015	0.00017	9e-05	6e-05	0.00012	0.00014	7e-05	6e-05	1e-05	2e-05	4e-05	4e-05	1e-05	0.00015	1e-05	3e-05	6e-05	4e-05	2e-05	2e-05	
