0.0	0.22589	0.18709	0.0	0.08417	0.18193	0.1541	0.15758	0.20075	0.17828	0.26054	0.08381	0.06933	0.18797	9e-05	9e-05	9e-05	9e-05	9e-05	0.11144	0.10111	0.14444	0.19708	0.07382	0.0	0.03364	0.0	0.14392	0.00015	9e-05	9e-05	9e-05	9e-05	9e-05	0.06495	9e-05	9e-05	9e-05	9e-05	9e-05	9e-05	0.05571	9e-05	9e-05	9e-05	9e-05	0.2105	0.07486	0.15846	0.23359	0.08513	0.15886	0.0	9e-05	9e-05	9e-05	9e-05	9e-05	9e-05	0.03774	9e-05	0.08286	9e-05	9e-05	9e-05	0.1601	0.1601	0.10422	0.15334	0.05982	0.06795	9e-05	9e-05	9e-05	9e-05	0.09893	0.29803	0.21555	0.31735	0.14485	0.16964	0.27454	0.21661	0.34291	
0.22589	0.0	0.31005	0.0	0.16456	0.18669	0.20295	0.20375	0.15745	0.24459	0.23898	0.05191	0.14164	0.02	5e-05	5e-05	5e-05	5e-05	5e-05	0.02258	0.01696	0.23816	0.13279	0.12781	0.0	0.02494	0.0	0.26328	4e-05	5e-05	5e-05	5e-05	5e-05	5e-05	0.02404	5e-05	5e-05	5e-05	5e-05	5e-05	5e-05	0.03226	5e-05	5e-05	5e-05	5e-05	0.04752	0.04115	0.17604	0.38119	0.09044	0.0516	0.0	5e-05	5e-05	5e-05	5e-05	5e-05	5e-05	0.02258	5e-05	0.07182	5e-05	5e-05	5e-05	0.04089	0.04089	0.16092	0.18387	0.16785	0.16052	5e-05	5e-05	5e-05	5e-05	0.27986	0.26104	0.24824	0.25276	0.25358	0.09384	0.21082	0.40445	0.17852	
0.18709	0.31005	0.0	0.0	0.19335	0.14189	0.14089	0.14732	0.07071	0.27496	0.25764	0.06393	0.02399	0.02837	2e-05	2e-05	2e-05	2e-05	2e-05	0.11321	0.03096	0.11026	0.14075	0.06337	0.0	0.1008	0.0	0.11311	3e-05	2e-05	2e-05	2e-05	2e-05	2e-05	0.03447	2e-05	2e-05	2e-05	2e-05	2e-05	2e-05	0.04701	2e-05	2e-05	2e-05	2e-05	0.07221	0.06174	0.21631	0.18274	0.06118	0.12575	0.0	2e-05	2e-05	2e-05	2e-05	2e-05	2e-05	0.03228	2e-05	0.05318	2e-05	2e-05	2e-05	0.0605	0.0605	0.04352	0.16325	0.07012	0.12832	2e-05	2e-05	2e-05	2e-05	0.23629	0.23489	0.44013	0.16172	0.32617	0.05736	0.2365	0.09967	0.20179	
0.0	0.0	0.0	0.0	0.0	0.0	0.0	0.0	0.0	0.0	0.0	0.0	0.0	0.0	0.0	0.0	0.0	0.0	0.0	0.0	0.0	0.0	0.0	0.0	0.0	0.0	0.0	0.0	0.0	0.0	0.0	0.0	0.0	0.0	0.0	0.0	0.0	0.0	0.0	0.0	0.0	0.0	0.0	0.0	0.0	0.0	0.0	0.0	0.0	0.0	0.0	0.0	0.0	0.0	0.0	0.0	0.0	0.0	0.0	0.0	0.0	0.0	0.0	0.0	0.0	0.0	0.0	0.0	0.0	0.0	0.0	0.0	0.0	0.0	0.0	0.0	0.0	0.0	0.0	0.0	0.0	0.0	0.0	0.0	
0.08417	0.16456	0.19335	0.0	0.0	0.22224	0.27019	0.17144	0.15421	0.24143	0.2257	0.07154	0.09522	0.02567	4e-05	4e-05	4e-05	4e-05	4e-05	0.02919	0.06316	0.1004	0.09897	0.10672	0.0	0.10329	0.0	0.09706	4e-05	4e-05	4e-05	4e-05	4e-05	4e-05	0.25749	4e-05	4e-05	4e-05	4e-05	4e-05	4e-05	0.01569	4e-05	4e-05	4e-05	4e-05	0.06509	0.02846	0.14635	0.02979	0.06762	0.10849	0.0	4e-05	4e-05	4e-05	4e-05	4e-05	4e-05	0.0292	4e-05	0.02729	4e-05	4e-05	4e-05	0.16389	0.16389	0.1433	0.13774	0.13689	0.0325	4e-05	4e-05	4e-05	4e-05	0.15232	0.21092	0.0983	0.16473	0.20523	0.30805	0.11757	0.14623	0.2418	
0.18193	0.18669	0.14189	0.0	0.22224	0.0	0.12424	0.17724	0.18493	0.36405	0.23769	0.09415	0.14511	0.02717	8e-05	8e-05	8e-05	8e-05	8e-05	0.03081	0.06598	0.18238	0.11522	0.17234	0.0	0.09437	0.0	0.32769	5e-05	8e-05	8e-05	8e-05	8e-05	8e-05	0.08855	8e-05	8e-05	8e-05	8e-05	8e-05	8e-05	0.12401	8e-05	8e-05	8e-05	8e-05	0.03053	0.12173	0.194	0.0239	0.03809	0.24693	0.0	8e-05	8e-05	8e-05	8e-05	8e-05	8e-05	0.03082	8e-05	0.02118	8e-05	8e-05	8e-05	0.02277	0.02277	0.09772	0.22087	0.18175	0.03424	8e-05	8e-05	8e-05	8e-05	0.15464	0.20499	0.12376	0.09453	0.38865	0.23106	0.14339	0.04713	0.27361	
0.1541	0.20295	0.14089	0.0	0.27019	0.12424	0.0	0.47569	0.14332	0.19623	0.18846	0.03305	0.12743	0.10626	0.0001	0.0001	0.0001	0.0001	0.0001	0.01592	0.0995	0.11836	0.24873	0.15162	0.0	0.1028	0.0	0.01917	0.00012	0.0001	0.0001	0.0001	0.0001	0.0001	0.01678	0.0001	0.0001	0.0001	0.0001	0.0001	0.0001	0.02196	0.0001	0.0001	0.0001	0.0001	0.08827	0.02666	0.11837	0.21288	0.39599	0.10235	0.0	0.0001	0.0001	0.0001	0.0001	0.0001	0.0001	0.016	0.0001	0.04588	0.0001	0.0001	0.0001	0.03408	0.03408	0.12158	0.09944	0.15402	0.01741	0.0001	0.0001	0.0001	0.0001	0.35032	0.17201	0.20783	0.13817	0.27411	0.43527	0.11572	0.20833	0.1751	
0.15758	0.20375	0.14732	0.0	0.17144	0.17724	0.47569	0.0	0.21554	0.32688	0.22217	0.04144	0.18118	0.09855	6e-05	6e-05	6e-05	6e-05	6e-05	0.01861	0.09479	0.19743	0.20136	0.05695	0.0	0.15271	0.0	0.02256	4e-05	6e-05	6e-05	6e-05	6e-05	6e-05	0.01954	6e-05	6e-05	6e-05	6e-05	6e-05	6e-05	0.19043	6e-05	6e-05	6e-05	6e-05	0.08798	0.16227	0.13041	0.21015	0.26377	0.09516	0.0	6e-05	6e-05	6e-05	6e-05	6e-05	6e-05	0.11898	6e-05	0.13551	6e-05	6e-05	6e-05	0.03156	0.03156	0.10544	0.14886	0.27815	0.02028	6e-05	6e-05	6e-05	6e-05	0.38532	0.19464	0.39958	0.18277	0.3288	0.27642	0.13004	0.19086	0.17828	
0.20075	0.15745	0.07071	0.0	0.15421	0.18493	0.14332	0.21554	0.0	0.1961	0.08627	0.10589	0.14044	0.05856	5e-05	5e-05	5e-05	5e-05	5e-05	0.03313	0.11084	0.06274	0.07421	0.08927	0.0	0.11195	0.0	0.04075	2e-05	5e-05	5e-05	5e-05	5e-05	5e-05	0.15178	5e-05	5e-05	5e-05	5e-05	5e-05	5e-05	0.14336	5e-05	5e-05	5e-05	5e-05	0.06474	0.14053	0.07819	0.06627	0.07294	0.12268	0.0	5e-05	5e-05	5e-05	5e-05	5e-05	5e-05	0.03318	5e-05	0.04118	5e-05	5e-05	5e-05	0.1645	0.1645	0.03767	0.3539	0.24812	0.15988	5e-05	5e-05	5e-05	5e-05	0.14979	0.31503	0.09496	0.15417	0.37969	0.15311	0.14423	0.21165	0.21307	
0.17828	0.24459	0.27496	0.0	0.24143	0.36405	0.19623	0.32688	0.1961	0.0	0.4445	0.14568	0.14986	0.06931	3e-05	3e-05	3e-05	3e-05	3e-05	0.02496	0.05269	0.3406	0.1845	0.05511	0.0	0.24763	0.0	0.1745	4e-05	3e-05	3e-05	3e-05	3e-05	3e-05	0.02652	3e-05	3e-05	3e-05	3e-05	3e-05	3e-05	0.41692	3e-05	3e-05	3e-05	3e-05	0.11866	0.35773	0.19578	0.06252	0.08346	0.07159	0.0	3e-05	3e-05	3e-05	3e-05	3e-05	3e-05	0.02502	3e-05	0.17834	3e-05	3e-05	3e-05	0.03943	0.03943	0.04524	0.25753	0.22581	0.02761	3e-05	3e-05	3e-05	3e-05	0.19496	0.10318	0.21927	0.17376	0.40816	0.08552	0.24549	0.12994	0.2133	
0.26054	0.23898	0.25764	0.0	0.2257	0.23769	0.18846	0.22217	0.08627	0.4445	0.0	0.39992	0.18701	0.06437	3e-05	3e-05	3e-05	3e-05	3e-05	0.16315	0.08547	0.25527	0.26862	0.06127	0.0	0.13081	0.0	0.16374	8e-05	3e-05	3e-05	3e-05	3e-05	3e-05	0.02884	3e-05	3e-05	3e-05	3e-05	3e-05	3e-05	0.03898	3e-05	3e-05	3e-05	3e-05	0.08985	0.05024	0.10047	0.07461	0.0862	0.13108	0.0	3e-05	3e-05	3e-05	3e-05	3e-05	3e-05	0.16321	3e-05	0.23164	3e-05	3e-05	3e-05	0.04108	0.04108	0.10434	0.30853	0.08524	0.03004	3e-05	3e-05	3e-05	3e-05	0.37317	0.33661	0.47382	0.22451	0.30741	0.08551	0.2063	0.08773	0.26273	
0.08381	0.05191	0.06393	0.0	0.07154	0.09415	0.03305	0.04144	0.10589	0.14568	0.39992	0.0	0.17143	0.01502	5e-05	5e-05	5e-05	5e-05	5e-05	0.22633	0.12705	0.19888	0.10585	0.05078	0.0	0.03536	0.0	0.0202	6e-05	5e-05	5e-05	5e-05	5e-05	5e-05	0.01781	5e-05	5e-05	5e-05	5e-05	5e-05	5e-05	0.17711	5e-05	5e-05	5e-05	5e-05	0.14125	0.15358	0.08179	0.05545	0.05103	0.13871	0.0	5e-05	5e-05	5e-05	5e-05	5e-05	5e-05	0.22634	5e-05	0.46276	5e-05	5e-05	5e-05	0.02927	0.02927	0.11891	0.15421	0.11482	0.01849	5e-05	5e-05	5e-05	5e-05	0.23805	0.33334	0.15476	0.11597	0.09954	0.04079	0.07473	0.04333	0.12408	
0.06933	0.14164	0.02399	0.0	0.09522	0.14511	0.12743	0.18118	0.14044	0.14986	0.18701	0.17143	0.0	0.05385	6e-05	6e-05	6e-05	6e-05	6e-05	0.06163	0.01698	0.2927	0.15196	0.1184	0.0	0.079	0.0	0.07725	0.00018	6e-05	6e-05	6e-05	6e-05	6e-05	0.06309	6e-05	6e-05	6e-05	6e-05	6e-05	6e-05	0.09259	6e-05	6e-05	6e-05	6e-05	0.06896	0.11314	0.05894	0.02204	0.06439	0.14105	0.0	6e-05	6e-05	6e-05	6e-05	6e-05	6e-05	0.06163	6e-05	0.25867	6e-05	6e-05	6e-05	0.03912	0.03912	0.12034	0.27491	0.18853	0.06941	6e-05	6e-05	6e-05	6e-05	0.16846	0.1938	0.20289	0.13011	0.09484	0.05143	0.16252	0.06611	0.10063	
0.18797	0.02	0.02837	0.0	0.02567	0.02717	0.10626	0.09855	0.05856	0.06931	0.06437	0.01502	0.05385	0.0	0.00056	0.00056	0.00056	0.00056	0.00056	0.00894	0.03975	0.03304	0.02484	0.01981	0.0	0.04031	0.0	0.01031	0.0007	0.00056	0.00056	0.00056	0.00056	0.00056	0.00937	0.00056	0.00056	0.00056	0.00056	0.00056	0.00056	0.01156	0.00056	0.00056	0.00056	0.00056	0.39556	0.01274	0.05542	0.0226	0.02642	0.06279	0.0	0.00056	0.00056	0.00056	0.00056	0.00056	0.00056	0.00896	0.00056	0.02078	0.00056	0.00056	0.00056	0.27959	0.27959	0.04385	0.03927	0.02462	0.00964	0.00056	0.00056	0.00056	0.00056	0.02141	0.02433	0.02738	0.08396	0.0253	0.0182	0.09204	0.03163	0.04502	
9e-05	5e-05	2e-05	0.0	4e-05	8e-05	0.0001	6e-05	5e-05	3e-05	3e-05	5e-05	6e-05	0.00056	0.0	0.0	0.0	0.0	0.0	0.00014	5e-05	3e-05	3e-05	5e-05	0.0	5e-05	0.0	0.00015	0.0	0.0	0.0	0.0	0.0	0.0	0.00017	0.0	0.0	0.0	0.0	0.0	0.0	0.00014	0.0	0.0	0.0	0.0	0.00021	8e-05	2e-05	7e-05	8e-05	0.00013	0.0	0.0	0.0	0.0	0.0	0.0	0.0	0.00016	0.0	6e-05	0.0	0.0	0.0	0.00013	0.00013	3e-05	3e-05	6e-05	0.00016	0.0	0.0	0.0	0.0	4e-05	3e-05	2e-05	3e-05	3e-05	0.00012	5e-05	4e-05	6e-05	
9e-05	5e-05	2e-05	0.0	4e-05	8e-05	0.0001	6e-05	5e-05	3e-05	3e-05	5e-05	6e-05	0.00056	0.0	0.0	0.0	0.0	0.0	0.00014	5e-05	3e-05	3e-05	5e-05	0.0	5e-05	0.0	0.00015	0.0	0.0	0.0	0.0	0.0	0.0	0.00017	0.0	0.0	0.0	0.0	0.0	0.0	0.00014	0.0	0.0	0.0	0.0	0.00021	8e-05	2e-05	7e-05	8e-05	0.00013	0.0	0.0	0.0	0.0	0.0	0.0	0.0	0.00016	0.0	6e-05	0.0	0.0	0.0	0.00013	0.00013	3e-05	3e-05	6e-05	0.00016	0.0	0.0	0.0	0.0	4e-05	3e-05	2e-05	3e-05	3e-05	0.00012	5e-05	4e-05	6e-05	
9e-05	5e-05	2e-05	0.0	4e-05	8e-05	0.0001	6e-05	5e-05	3e-05	3e-05	5e-05	6e-05	0.00056	0.0	0.0	0.0	0.0	0.0	0.00014	5e-05	3e-05	3e-05	5e-05	0.0	5e-05	0.0	0.00015	0.0	0.0	0.0	0.0	0.0	0.0	0.00017	0.0	0.0	0.0	0.0	0.0	0.0	0.00014	0.0	0.0	0.0	0.0	0.00021	8e-05	2e-05	7e-05	8e-05	0.00013	0.0	0.0	0.0	0.0	0.0	0.0	0.0	0.00016	0.0	6e-05	0.0	0.0	0.0	0.00013	0.00013	3e-05	3e-05	6e-05	0.00016	0.0	0.0	0.0	0.0	4e-05	3e-05	2e-05	3e-05	3e-05	0.00012	5e-05	4e-05	6e-05	
9e-05	5e-05	2e-05	0.0	4e-05	8e-05	0.0001	6e-05	5e-05	3e-05	3e-05	5e-05	6e-05	0.00056	0.0	0.0	0.0	0.0	0.0	0.00014	5e-05	3e-05	3e-05	5e-05	0.0	5e-05	0.0	0.00015	0.0	0.0	0.0	0.0	0.0	0.0	0.00017	0.0	0.0	0.0	0.0	0.0	0.0	0.00014	0.0	0.0	0.0	0.0	0.00021	8e-05	2e-05	7e-05	8e-05	0.00013	0.0	0.0	0.0	0.0	0.0	0.0	0.0	0.00016	0.0	6e-05	0.0	0.0	0.0	0.00013	0.00013	3e-05	3e-05	6e-05	0.00016	0.0	0.0	0.0	0.0	4e-05	3e-05	2e-05	3e-05	3e-05	0.00012	5e-05	4e-05	6e-05	
9e-05	5e-05	2e-05	0.0	4e-05	8e-05	0.0001	6e-05	5e-05	3e-05	3e-05	5e-05	6e-05	0.00056	0.0	0.0	0.0	0.0	0.0	0.00014	5e-05	3e-05	3e-05	5e-05	0.0	5e-05	0.0	0.00015	0.0	0.0	0.0	0.0	0.0	0.0	0.00017	0.0	0.0	0.0	0.0	0.0	0.0	0.00014	0.0	0.0	0.0	0.0	0.00021	8e-05	2e-05	7e-05	8e-05	0.00013	0.0	0.0	0.0	0.0	0.0	0.0	0.0	0.00016	0.0	6e-05	0.0	0.0	0.0	0.00013	0.00013	3e-05	3e-05	6e-05	0.00016	0.0	0.0	0.0	0.0	4e-05	3e-05	2e-05	3e-05	3e-05	0.00012	5e-05	4e-05	6e-05	
0.11144	0.02258	0.11321	0.0	0.02919	0.03081	0.01592	0.01861	0.03313	0.02496	0.16315	0.22633	0.06163	0.00894	0.00014	0.00014	0.00014	0.00014	0.00014	0.0	0.06487	0.07127	0.12777	0.02234	0.0	0.04566	0.0	0.0112	0.00015	0.00014	0.00014	0.00014	0.00014	0.00014	0.01012	0.00014	0.00014	0.00014	0.00014	0.00014	0.00014	0.01264	0.00014	0.00014	0.00014	0.00014	0.01572	0.01415	0.04722	0.02496	0.1296	0.18611	0.0	0.00014	0.00014	0.00014	0.00014	0.00014	0.00014	0.00965	0.00014	0.15538	0.00014	0.00014	0.00014	0.01512	0.01512	0.04497	0.05148	0.02793	0.01043	0.00014	0.00014	0.00014	0.00014	0.1215	0.13194	0.15759	0.11126	0.02884	0.02	0.0533	0.03604	0.05177	
0.10111	0.01696	0.03096	0.0	0.06316	0.06598	0.0995	0.09479	0.11084	0.05269	0.08547	0.12705	0.01698	0.03975	5e-05	5e-05	5e-05	5e-05	5e-05	0.06487	0.0	0.03324	0.00147	0.18232	0.0	0.00049	0.0	0.07966	9e-05	5e-05	5e-05	5e-05	5e-05	5e-05	0.06924	5e-05	5e-05	5e-05	5e-05	5e-05	5e-05	0.06467	5e-05	5e-05	5e-05	5e-05	0.03036	0.0844	0.01037	0.00454	0.12749	0.06587	0.0	5e-05	5e-05	5e-05	5e-05	5e-05	5e-05	0.06488	5e-05	0.00852	5e-05	5e-05	5e-05	0.00345	0.00345	0.02597	0.136	0.18385	0.07218	5e-05	5e-05	5e-05	5e-05	0.19165	0.13208	0.1227	0.1362	0.04487	0.00164	0.03054	0.00029	0.03446	
0.14444	0.23816	0.11026	0.0	0.1004	0.18238	0.11836	0.19743	0.06274	0.3406	0.25527	0.19888	0.2927	0.03304	3e-05	3e-05	3e-05	3e-05	3e-05	0.07127	0.03324	0.0	0.25034	0.0617	0.0	0.15031	0.0	0.14026	3e-05	3e-05	3e-05	3e-05	3e-05	3e-05	0.04027	3e-05	3e-05	3e-05	3e-05	3e-05	3e-05	0.17307	3e-05	3e-05	3e-05	3e-05	0.06351	0.17213	0.3018	0.18461	0.06027	0.04276	0.0	3e-05	3e-05	3e-05	3e-05	3e-05	3e-05	0.07128	3e-05	0.15348	3e-05	3e-05	3e-05	0.07143	0.07143	0.2505	0.35375	0.22211	0.08001	3e-05	3e-05	3e-05	3e-05	0.51023	0.33707	0.56093	0.37458	0.24471	0.04163	0.27761	0.20749	0.19538	
0.19708	0.13279	0.14075	0.0	0.09897	0.11522	0.24873	0.20136	0.07421	0.1845	0.26862	0.10585	0.15196	0.02484	3e-05	3e-05	3e-05	3e-05	3e-05	0.12777	0.00147	0.25034	0.0	0.07194	0.0	0.05811	0.0	0.13776	5e-05	3e-05	3e-05	3e-05	3e-05	3e-05	0.03008	3e-05	3e-05	3e-05	3e-05	3e-05	3e-05	0.02973	3e-05	3e-05	3e-05	3e-05	0.04287	0.0402	0.21983	0.08498	0.23091	0.08649	0.0	3e-05	3e-05	3e-05	3e-05	3e-05	3e-05	0.0282	3e-05	0.011	3e-05	3e-05	3e-05	0.05224	0.05224	0.09559	0.12806	0.07731	0.03135	3e-05	3e-05	3e-05	3e-05	0.26785	0.19165	0.20209	0.17462	0.18045	0.10253	0.14909	0.09835	0.1221	
0.07382	0.12781	0.06337	0.0	0.10672	0.17234	0.15162	0.05695	0.08927	0.05511	0.06127	0.05078	0.1184	0.01981	5e-05	5e-05	5e-05	5e-05	5e-05	0.02234	0.18232	0.0617	0.07194	0.0	0.0	0.01115	0.0	0.17115	9e-05	5e-05	5e-05	5e-05	5e-05	5e-05	0.02378	5e-05	5e-05	5e-05	5e-05	5e-05	5e-05	0.03182	5e-05	5e-05	5e-05	5e-05	0.02821	0.08721	0.09765	0.0262	0.14537	0.14549	0.0	5e-05	5e-05	5e-05	5e-05	5e-05	5e-05	0.02235	5e-05	0.07027	5e-05	5e-05	5e-05	0.04024	0.04024	0.1121	0.13573	0.08063	0.15251	5e-05	5e-05	5e-05	5e-05	0.04316	0.14713	0.11216	0.0988	0.10774	0.06592	0.09935	0.06419	0.0728	
0.0	0.0	0.0	0.0	0.0	0.0	0.0	0.0	0.0	0.0	0.0	0.0	0.0	0.0	0.0	0.0	0.0	0.0	0.0	0.0	0.0	0.0	0.0	0.0	0.0	0.0	0.0	0.0	0.0	0.0	0.0	0.0	0.0	0.0	0.0	0.0	0.0	0.0	0.0	0.0	0.0	0.0	0.0	0.0	0.0	0.0	0.0	0.0	0.0	0.0	0.0	0.0	0.0	0.0	0.0	0.0	0.0	0.0	0.0	0.0	0.0	0.0	0.0	0.0	0.0	0.0	0.0	0.0	0.0	0.0	0.0	0.0	0.0	0.0	0.0	0.0	0.0	0.0	0.0	0.0	0.0	0.0	0.0	0.0	
0.03364	0.02494	0.1008	0.0	0.10329	0.09437	0.1028	0.15271	0.11195	0.24763	0.13081	0.03536	0.079	0.04031	5e-05	5e-05	5e-05	5e-05	5e-05	0.04566	0.00049	0.15031	0.05811	0.01115	0.0	0.0	0.0	0.07844	6e-05	5e-05	5e-05	5e-05	5e-05	5e-05	0.04865	5e-05	5e-05	5e-05	5e-05	5e-05	5e-05	0.09291	5e-05	5e-05	5e-05	5e-05	0.05915	0.12024	0.05492	0.00436	0.00771	0.0559	0.0	5e-05	5e-05	5e-05	5e-05	5e-05	5e-05	0.0639	5e-05	0.03686	5e-05	5e-05	5e-05	0.08378	0.08378	0.05534	0.07071	0.0871	0.05065	5e-05	5e-05	5e-05	5e-05	0.06395	0.03184	0.19828	0.06879	0.07343	0.00608	0.04657	0.02689	0.0382	
0.0	0.0	0.0	0.0	0.0	0.0	0.0	0.0	0.0	0.0	0.0	0.0	0.0	0.0	0.0	0.0	0.0	0.0	0.0	0.0	0.0	0.0	0.0	0.0	0.0	0.0	0.0	0.0	0.0	0.0	0.0	0.0	0.0	0.0	0.0	0.0	0.0	0.0	0.0	0.0	0.0	0.0	0.0	0.0	0.0	0.0	0.0	0.0	0.0	0.0	0.0	0.0	0.0	0.0	0.0	0.0	0.0	0.0	0.0	0.0	0.0	0.0	0.0	0.0	0.0	0.0	0.0	0.0	0.0	0.0	0.0	0.0	0.0	0.0	0.0	0.0	0.0	0.0	0.0	0.0	0.0	0.0	0.0	0.0	
0.14392	0.26328	0.11311	0.0	0.09706	0.32769	0.01917	0.02256	0.04075	0.1745	0.16374	0.0202	0.07725	0.01031	0.00015	0.00015	0.00015	0.00015	0.00015	0.0112	0.07966	0.14026	0.13776	0.17115	0.0	0.07844	0.0	0.0	0.0002	0.00015	0.00015	0.00015	0.00015	0.00015	0.01179	0.00015	0.00015	0.00015	0.00015	0.00015	0.00015	0.01486	0.00015	0.00015	0.00015	0.00015	0.01885	0.01691	0.09487	0.03012	0.03454	0.08929	0.0	0.00015	0.00015	0.00015	0.00015	0.00015	0.00015	0.01121	0.00015	0.02796	0.00015	0.00015	0.00015	0.01791	0.01791	0.06255	0.06424	0.0342	0.01217	0.00015	0.00015	0.00015	0.00015	0.02952	0.03398	0.09493	0.06351	0.17581	0.02396	0.06676	0.0444	0.14833	
0.00015	4e-05	3e-05	0.0	4e-05	5e-05	0.00012	4e-05	2e-05	4e-05	8e-05	6e-05	0.00018	0.0007	0.0	0.0	0.0	0.0	0.0	0.00015	9e-05	3e-05	5e-05	9e-05	0.0	6e-05	0.0	0.0002	0.0	0.0	0.0	0.0	0.0	0.0	0.00014	0.0	0.0	0.0	0.0	0.0	0.0	0.00011	0.0	0.0	0.0	0.0	0.00025	5e-05	3e-05	7e-05	0.00054	0.00059	0.0	0.0	0.0	0.0	0.0	0.0	0.0	0.00021	0.0	7e-05	0.0	0.0	0.0	0.0002	0.0002	0.00118	3e-05	3e-05	0.00013	0.0	0.0	0.0	0.0	3e-05	2e-05	4e-05	6e-05	1e-05	8e-05	9e-05	0.0001	0.00017	
9e-05	5e-05	2e-05	0.0	4e-05	8e-05	0.0001	6e-05	5e-05	3e-05	3e-05	5e-05	6e-05	0.00056	0.0	0.0	0.0	0.0	0.0	0.00014	5e-05	3e-05	3e-05	5e-05	0.0	5e-05	0.0	0.00015	0.0	0.0	0.0	0.0	0.0	0.0	0.00017	0.0	0.0	0.0	0.0	0.0	0.0	0.00014	0.0	0.0	0.0	0.0	0.00021	8e-05	2e-05	7e-05	8e-05	0.00013	0.0	0.0	0.0	0.0	0.0	0.0	0.0	0.00016	0.0	6e-05	0.0	0.0	0.0	0.00013	0.00013	3e-05	3e-05	6e-05	0.00016	0.0	0.0	0.0	0.0	4e-05	3e-05	2e-05	3e-05	3e-05	0.00012	5e-05	4e-05	6e-05	
9e-05	5e-05	2e-05	0.0	4e-05	8e-05	0.0001	6e-05	5e-05	3e-05	3e-05	5e-05	6e-05	0.00056	0.0	0.0	0.0	0.0	0.0	0.00014	5e-05	3e-05	3e-05	5e-05	0.0	5e-05	0.0	0.00015	0.0	0.0	0.0	0.0	0.0	0.0	0.00017	0.0	0.0	0.0	0.0	0.0	0.0	0.00014	0.0	0.0	0.0	0.0	0.00021	8e-05	2e-05	7e-05	8e-05	0.00013	0.0	0.0	0.0	0.0	0.0	0.0	0.0	0.00016	0.0	6e-05	0.0	0.0	0.0	0.00013	0.00013	3e-05	3e-05	6e-05	0.00016	0.0	0.0	0.0	0.0	4e-05	3e-05	2e-05	3e-05	3e-05	0.00012	5e-05	4e-05	6e-05	
9e-05	5e-05	2e-05	0.0	4e-05	8e-05	0.0001	6e-05	5e-05	3e-05	3e-05	5e-05	6e-05	0.00056	0.0	0.0	0.0	0.0	0.0	0.00014	5e-05	3e-05	3e-05	5e-05	0.0	5e-05	0.0	0.00015	0.0	0.0	0.0	0.0	0.0	0.0	0.00017	0.0	0.0	0.0	0.0	0.0	0.0	0.00014	0.0	0.0	0.0	0.0	0.00021	8e-05	2e-05	7e-05	8e-05	0.00013	0.0	0.0	0.0	0.0	0.0	0.0	0.0	0.00016	0.0	6e-05	0.0	0.0	0.0	0.00013	0.00013	3e-05	3e-05	6e-05	0.00016	0.0	0.0	0.0	0.0	4e-05	3e-05	2e-05	3e-05	3e-05	0.00012	5e-05	4e-05	6e-05	
9e-05	5e-05	2e-05	0.0	4e-05	8e-05	0.0001	6e-05	5e-05	3e-05	3e-05	5e-05	6e-05	0.00056	0.0	0.0	0.0	0.0	0.0	0.00014	5e-05	3e-05	3e-05	5e-05	0.0	5e-05	0.0	0.00015	0.0	0.0	0.0	0.0	0.0	0.0	0.00017	0.0	0.0	0.0	0.0	0.0	0.0	0.00014	0.0	0.0	0.0	0.0	0.00021	8e-05	2e-05	7e-05	8e-05	0.00013	0.0	0.0	0.0	0.0	0.0	0.0	0.0	0.00016	0.0	6e-05	0.0	0.0	0.0	0.00013	0.00013	3e-05	3e-05	6e-05	0.00016	0.0	0.0	0.0	0.0	4e-05	3e-05	2e-05	3e-05	3e-05	0.00012	5e-05	4e-05	6e-05	
9e-05	5e-05	2e-05	0.0	4e-05	8e-05	0.0001	6e-05	5e-05	3e-05	3e-05	5e-05	6e-05	0.00056	0.0	0.0	0.0	0.0	0.0	0.00014	5e-05	3e-05	3e-05	5e-05	0.0	5e-05	0.0	0.00015	0.0	0.0	0.0	0.0	0.0	0.0	0.00017	0.0	0.0	0.0	0.0	0.0	0.0	0.00014	0.0	0.0	0.0	0.0	0.00021	8e-05	2e-05	7e-05	8e-05	0.00013	0.0	0.0	0.0	0.0	0.0	0.0	0.0	0.00016	0.0	6e-05	0.0	0.0	0.0	0.00013	0.00013	3e-05	3e-05	6e-05	0.00016	0.0	0.0	0.0	0.0	4e-05	3e-05	2e-05	3e-05	3e-05	0.00012	5e-05	4e-05	6e-05	
0.06495	0.02404	0.03447	0.0	0.25749	0.08855	0.01678	0.01954	0.15178	0.02652	0.02884	0.01781	0.06309	0.00937	0.00017	0.00017	0.00017	0.00017	0.00017	0.01012	0.06924	0.04027	0.03008	0.02378	0.0	0.04865	0.0	0.01179	0.00014	0.00017	0.00017	0.00017	0.00017	0.00017	0.0	0.00017	0.00017	0.00017	0.00017	0.00017	0.00017	0.01332	0.00017	0.00017	0.00017	0.00017	0.01666	0.01498	0.06885	0.02637	0.02987	0.04706	0.0	0.00017	0.00017	0.00017	0.00017	0.00017	0.00017	0.01014	0.00017	0.02467	0.00017	0.00017	0.00017	0.35638	0.35638	0.05387	0.10462	0.02979	0.01097	0.00017	0.00017	0.00017	0.00017	0.02579	0.1185	0.03247	0.1206	0.09467	0.24147	0.0757	0.08026	0.09875	
9e-05	5e-05	2e-05	0.0	4e-05	8e-05	0.0001	6e-05	5e-05	3e-05	3e-05	5e-05	6e-05	0.00056	0.0	0.0	0.0	0.0	0.0	0.00014	5e-05	3e-05	3e-05	5e-05	0.0	5e-05	0.0	0.00015	0.0	0.0	0.0	0.0	0.0	0.0	0.00017	0.0	0.0	0.0	0.0	0.0	0.0	0.00014	0.0	0.0	0.0	0.0	0.00021	8e-05	2e-05	7e-05	8e-05	0.00013	0.0	0.0	0.0	0.0	0.0	0.0	0.0	0.00016	0.0	6e-05	0.0	0.0	0.0	0.00013	0.00013	3e-05	3e-05	6e-05	0.00016	0.0	0.0	0.0	0.0	4e-05	3e-05	2e-05	3e-05	3e-05	0.00012	5e-05	4e-05	6e-05	
9e-05	5e-05	2e-05	0.0	4e-05	8e-05	0.0001	6e-05	5e-05	3e-05	3e-05	5e-05	6e-05	0.00056	0.0	0.0	0.0	0.0	0.0	0.00014	5e-05	3e-05	3e-05	5e-05	0.0	5e-05	0.0	0.00015	0.0	0.0	0.0	0.0	0.0	0.0	0.00017	0.0	0.0	0.0	0.0	0.0	0.0	0.00014	0.0	0.0	0.0	0.0	0.00021	8e-05	2e-05	7e-05	8e-05	0.00013	0.0	0.0	0.0	0.0	0.0	0.0	0.0	0.00016	0.0	6e-05	0.0	0.0	0.0	0.00013	0.00013	3e-05	3e-05	6e-05	0.00016	0.0	0.0	0.0	0.0	4e-05	3e-05	2e-05	3e-05	3e-05	0.00012	5e-05	4e-05	6e-05	
9e-05	5e-05	2e-05	0.0	4e-05	8e-05	0.0001	6e-05	5e-05	3e-05	3e-05	5e-05	6e-05	0.00056	0.0	0.0	0.0	0.0	0.0	0.00014	5e-05	3e-05	3e-05	5e-05	0.0	5e-05	0.0	0.00015	0.0	0.0	0.0	0.0	0.0	0.0	0.00017	0.0	0.0	0.0	0.0	0.0	0.0	0.00014	0.0	0.0	0.0	0.0	0.00021	8e-05	2e-05	7e-05	8e-05	0.00013	0.0	0.0	0.0	0.0	0.0	0.0	0.0	0.00016	0.0	6e-05	0.0	0.0	0.0	0.00013	0.00013	3e-05	3e-05	6e-05	0.00016	0.0	0.0	0.0	0.0	4e-05	3e-05	2e-05	3e-05	3e-05	0.00012	5e-05	4e-05	6e-05	
9e-05	5e-05	2e-05	0.0	4e-05	8e-05	0.0001	6e-05	5e-05	3e-05	3e-05	5e-05	6e-05	0.00056	0.0	0.0	0.0	0.0	0.0	0.00014	5e-05	3e-05	3e-05	5e-05	0.0	5e-05	0.0	0.00015	0.0	0.0	0.0	0.0	0.0	0.0	0.00017	0.0	0.0	0.0	0.0	0.0	0.0	0.00014	0.0	0.0	0.0	0.0	0.00021	8e-05	2e-05	7e-05	8e-05	0.00013	0.0	0.0	0.0	0.0	0.0	0.0	0.0	0.00016	0.0	6e-05	0.0	0.0	0.0	0.00013	0.00013	3e-05	3e-05	6e-05	0.00016	0.0	0.0	0.0	0.0	4e-05	3e-05	2e-05	3e-05	3e-05	0.00012	5e-05	4e-05	6e-05	
9e-05	5e-05	2e-05	0.0	4e-05	8e-05	0.0001	6e-05	5e-05	3e-05	3e-05	5e-05	6e-05	0.00056	0.0	0.0	0.0	0.0	0.0	0.00014	5e-05	3e-05	3e-05	5e-05	0.0	5e-05	0.0	0.00015	0.0	0.0	0.0	0.0	0.0	0.0	0.00017	0.0	0.0	0.0	0.0	0.0	0.0	0.00014	0.0	0.0	0.0	0.0	0.00021	8e-05	2e-05	7e-05	8e-05	0.00013	0.0	0.0	0.0	0.0	0.0	0.0	0.0	0.00016	0.0	6e-05	0.0	0.0	0.0	0.00013	0.00013	3e-05	3e-05	6e-05	0.00016	0.0	0.0	0.0	0.0	4e-05	3e-05	2e-05	3e-05	3e-05	0.00012	5e-05	4e-05	6e-05	
9e-05	5e-05	2e-05	0.0	4e-05	8e-05	0.0001	6e-05	5e-05	3e-05	3e-05	5e-05	6e-05	0.00056	0.0	0.0	0.0	0.0	0.0	0.00014	5e-05	3e-05	3e-05	5e-05	0.0	5e-05	0.0	0.00015	0.0	0.0	0.0	0.0	0.0	0.0	0.00017	0.0	0.0	0.0	0.0	0.0	0.0	0.00014	0.0	0.0	0.0	0.0	0.00021	8e-05	2e-05	7e-05	8e-05	0.00013	0.0	0.0	0.0	0.0	0.0	0.0	0.0	0.00016	0.0	6e-05	0.0	0.0	0.0	0.00013	0.00013	3e-05	3e-05	6e-05	0.00016	0.0	0.0	0.0	0.0	4e-05	3e-05	2e-05	3e-05	3e-05	0.00012	5e-05	4e-05	6e-05	
0.05571	0.03226	0.04701	0.0	0.01569	0.12401	0.02196	0.19043	0.14336	0.41692	0.03898	0.17711	0.09259	0.01156	0.00014	0.00014	0.00014	0.00014	0.00014	0.01264	0.06467	0.17307	0.02973	0.03182	0.0	0.09291	0.0	0.01486	0.00011	0.00014	0.00014	0.00014	0.00014	0.00014	0.01332	0.00014	0.00014	0.00014	0.00014	0.00014	0.00014	0.0	0.00014	0.00014	0.00014	0.00014	0.07404	0.6586	0.11609	0.03473	0.03931	0.06451	0.0	0.00014	0.00014	0.00014	0.00014	0.00014	0.00014	0.01265	0.00014	0.23628	0.00014	0.00014	0.00014	0.02052	0.02052	0.01521	0.15373	0.15845	0.01377	0.00014	0.00014	0.00014	0.00014	0.03469	0.04019	0.04402	0.0761	0.13625	0.02749	0.10837	0.0527	0.07123	
9e-05	5e-05	2e-05	0.0	4e-05	8e-05	0.0001	6e-05	5e-05	3e-05	3e-05	5e-05	6e-05	0.00056	0.0	0.0	0.0	0.0	0.0	0.00014	5e-05	3e-05	3e-05	5e-05	0.0	5e-05	0.0	0.00015	0.0	0.0	0.0	0.0	0.0	0.0	0.00017	0.0	0.0	0.0	0.0	0.0	0.0	0.00014	0.0	0.0	0.0	0.0	0.00021	8e-05	2e-05	7e-05	8e-05	0.00013	0.0	0.0	0.0	0.0	0.0	0.0	0.0	0.00016	0.0	6e-05	0.0	0.0	0.0	0.00013	0.00013	3e-05	3e-05	6e-05	0.00016	0.0	0.0	0.0	0.0	4e-05	3e-05	2e-05	3e-05	3e-05	0.00012	5e-05	4e-05	6e-05	
9e-05	5e-05	2e-05	0.0	4e-05	8e-05	0.0001	6e-05	5e-05	3e-05	3e-05	5e-05	6e-05	0.00056	0.0	0.0	0.0	0.0	0.0	0.00014	5e-05	3e-05	3e-05	5e-05	0.0	5e-05	0.0	0.00015	0.0	0.0	0.0	0.0	0.0	0.0	0.00017	0.0	0.0	0.0	0.0	0.0	0.0	0.00014	0.0	0.0	0.0	0.0	0.00021	8e-05	2e-05	7e-05	8e-05	0.00013	0.0	0.0	0.0	0.0	0.0	0.0	0.0	0.00016	0.0	6e-05	0.0	0.0	0.0	0.00013	0.00013	3e-05	3e-05	6e-05	0.00016	0.0	0.0	0.0	0.0	4e-05	3e-05	2e-05	3e-05	3e-05	0.00012	5e-05	4e-05	6e-05	
9e-05	5e-05	2e-05	0.0	4e-05	8e-05	0.0001	6e-05	5e-05	3e-05	3e-05	5e-05	6e-05	0.00056	0.0	0.0	0.0	0.0	0.0	0.00014	5e-05	3e-05	3e-05	5e-05	0.0	5e-05	0.0	0.00015	0.0	0.0	0.0	0.0	0.0	0.0	0.00017	0.0	0.0	0.0	0.0	0.0	0.0	0.00014	0.0	0.0	0.0	0.0	0.00021	8e-05	2e-05	7e-05	8e-05	0.00013	0.0	0.0	0.0	0.0	0.0	0.0	0.0	0.00016	0.0	6e-05	0.0	0.0	0.0	0.00013	0.00013	3e-05	3e-05	6e-05	0.00016	0.0	0.0	0.0	0.0	4e-05	3e-05	2e-05	3e-05	3e-05	0.00012	5e-05	4e-05	6e-05	
9e-05	5e-05	2e-05	0.0	4e-05	8e-05	0.0001	6e-05	5e-05	3e-05	3e-05	5e-05	6e-05	0.00056	0.0	0.0	0.0	0.0	0.0	0.00014	5e-05	3e-05	3e-05	5e-05	0.0	5e-05	0.0	0.00015	0.0	0.0	0.0	0.0	0.0	0.0	0.00017	0.0	0.0	0.0	0.0	0.0	0.0	0.00014	0.0	0.0	0.0	0.0	0.00021	8e-05	2e-05	7e-05	8e-05	0.00013	0.0	0.0	0.0	0.0	0.0	0.0	0.0	0.00016	0.0	6e-05	0.0	0.0	0.0	0.00013	0.00013	3e-05	3e-05	6e-05	0.00016	0.0	0.0	0.0	0.0	4e-05	3e-05	2e-05	3e-05	3e-05	0.00012	5e-05	4e-05	6e-05	
0.2105	0.04752	0.07221	0.0	0.06509	0.03053	0.08827	0.08798	0.06474	0.11866	0.08985	0.14125	0.06896	0.39556	0.00021	0.00021	0.00021	0.00021	0.00021	0.01572	0.03036	0.06351	0.04287	0.02821	0.0	0.05915	0.0	0.01885	0.00025	0.00021	0.00021	0.00021	0.00021	0.00021	0.01666	0.00021	0.00021	0.00021	0.00021	0.00021	0.00021	0.07404	0.00021	0.00021	0.00021	0.00021	0.0	0.2244	0.06457	0.0488	0.02215	0.08538	0.0	0.00021	0.00021	0.00021	0.00021	0.00021	0.00021	0.01573	0.00021	0.02702	0.00021	0.00021	0.00021	0.17618	0.17618	0.09586	0.07919	0.03865	0.01729	0.00021	0.00021	0.00021	0.00021	0.05142	0.06225	0.06676	0.14371	0.04402	0.0377	0.11431	0.05031	0.1062	
0.07486	0.04115	0.06174	0.0	0.02846	0.12173	0.02666	0.16227	0.14053	0.35773	0.05024	0.15358	0.11314	0.01274	8e-05	8e-05	8e-05	8e-05	8e-05	0.01415	0.0844	0.17213	0.0402	0.08721	0.0	0.12024	0.0	0.01691	5e-05	8e-05	8e-05	8e-05	8e-05	8e-05	0.01498	8e-05	8e-05	8e-05	8e-05	8e-05	8e-05	0.6586	8e-05	8e-05	8e-05	8e-05	0.2244	0.0	0.13121	0.04249	0.04772	0.08495	0.0	8e-05	8e-05	8e-05	8e-05	8e-05	8e-05	0.01416	8e-05	0.19983	8e-05	8e-05	8e-05	0.02414	0.02414	0.03764	0.16315	0.15065	0.01553	8e-05	8e-05	8e-05	8e-05	0.04444	0.05303	0.05689	0.11841	0.13566	0.03306	0.12763	0.06962	0.09794	
0.15846	0.17604	0.21631	0.0	0.14635	0.194	0.11837	0.13041	0.07819	0.19578	0.10047	0.08179	0.05894	0.05542	2e-05	2e-05	2e-05	2e-05	2e-05	0.04722	0.01037	0.3018	0.21983	0.09765	0.0	0.05492	0.0	0.09487	3e-05	2e-05	2e-05	2e-05	2e-05	2e-05	0.06885	2e-05	2e-05	2e-05	2e-05	2e-05	2e-05	0.11609	2e-05	2e-05	2e-05	2e-05	0.06457	0.13121	0.0	0.18131	0.1057	0.0706	0.0	2e-05	2e-05	2e-05	2e-05	2e-05	2e-05	0.06401	2e-05	0.04136	2e-05	2e-05	2e-05	0.13233	0.13233	0.13354	0.11517	0.07896	0.05301	2e-05	2e-05	2e-05	2e-05	0.14429	0.16405	0.18583	0.29538	0.16498	0.05526	0.18854	0.18284	0.10113	
0.23359	0.38119	0.18274	0.0	0.02979	0.0239	0.21288	0.21015	0.06627	0.06252	0.07461	0.05545	0.02204	0.0226	7e-05	7e-05	7e-05	7e-05	7e-05	0.02496	0.00454	0.18461	0.08498	0.0262	0.0	0.00436	0.0	0.03012	7e-05	7e-05	7e-05	7e-05	7e-05	7e-05	0.02637	7e-05	7e-05	7e-05	7e-05	7e-05	7e-05	0.03473	7e-05	7e-05	7e-05	7e-05	0.0488	0.04249	0.18131	0.0	0.20704	0.05126	0.0	7e-05	7e-05	7e-05	7e-05	7e-05	7e-05	0.12395	7e-05	0.06311	7e-05	7e-05	7e-05	0.04372	0.04372	0.08677	0.12655	0.19989	0.18582	7e-05	7e-05	7e-05	7e-05	0.27341	0.34491	0.45062	0.40213	0.17165	0.06988	0.11	0.39285	0.09834	
0.08513	0.09044	0.06118	0.0	0.06762	0.03809	0.39599	0.26377	0.07294	0.08346	0.0862	0.05103	0.06439	0.02642	8e-05	8e-05	8e-05	8e-05	8e-05	0.1296	0.12749	0.06027	0.23091	0.14537	0.0	0.00771	0.0	0.03454	0.00054	8e-05	8e-05	8e-05	8e-05	8e-05	0.02987	8e-05	8e-05	8e-05	8e-05	8e-05	8e-05	0.03931	8e-05	8e-05	8e-05	8e-05	0.02215	0.04772	0.1057	0.20704	0.0	0.08456	0.0	8e-05	8e-05	8e-05	8e-05	8e-05	8e-05	0.02874	8e-05	0.05992	8e-05	8e-05	8e-05	0.05028	0.05028	0.11697	0.0641	0.06549	0.031	8e-05	8e-05	8e-05	8e-05	0.23084	0.1268	0.14356	0.10421	0.19427	0.10011	0.0682	0.14218	0.0962	
0.15886	0.0516	0.12575	0.0	0.10849	0.24693	0.10235	0.09516	0.12268	0.07159	0.13108	0.13871	0.14105	0.06279	0.00013	0.00013	0.00013	0.00013	0.00013	0.18611	0.06587	0.04276	0.08649	0.14549	0.0	0.0559	0.0	0.08929	0.00059	0.00013	0.00013	0.00013	0.00013	0.00013	0.04706	0.00013	0.00013	0.00013	0.00013	0.00013	0.00013	0.06451	0.00013	0.00013	0.00013	0.00013	0.08538	0.08495	0.0706	0.05126	0.08456	0.0	0.0	0.00013	0.00013	0.00013	0.00013	0.00013	0.00013	0.07167	0.00013	0.03174	0.00013	0.00013	0.00013	0.01574	0.01574	0.13592	0.12569	0.22087	0.08005	0.00013	0.00013	0.00013	0.00013	0.17483	0.21815	0.18164	0.22676	0.15937	0.11286	0.10728	0.01858	0.31956	
0.0	0.0	0.0	0.0	0.0	0.0	0.0	0.0	0.0	0.0	0.0	0.0	0.0	0.0	0.0	0.0	0.0	0.0	0.0	0.0	0.0	0.0	0.0	0.0	0.0	0.0	0.0	0.0	0.0	0.0	0.0	0.0	0.0	0.0	0.0	0.0	0.0	0.0	0.0	0.0	0.0	0.0	0.0	0.0	0.0	0.0	0.0	0.0	0.0	0.0	0.0	0.0	0.0	0.0	0.0	0.0	0.0	0.0	0.0	0.0	0.0	0.0	0.0	0.0	0.0	0.0	0.0	0.0	0.0	0.0	0.0	0.0	0.0	0.0	0.0	0.0	0.0	0.0	0.0	0.0	0.0	0.0	0.0	0.0	
9e-05	5e-05	2e-05	0.0	4e-05	8e-05	0.0001	6e-05	5e-05	3e-05	3e-05	5e-05	6e-05	0.00056	0.0	0.0	0.0	0.0	0.0	0.00014	5e-05	3e-05	3e-05	5e-05	0.0	5e-05	0.0	0.00015	0.0	0.0	0.0	0.0	0.0	0.0	0.00017	0.0	0.0	0.0	0.0	0.0	0.0	0.00014	0.0	0.0	0.0	0.0	0.00021	8e-05	2e-05	7e-05	8e-05	0.00013	0.0	0.0	0.0	0.0	0.0	0.0	0.0	0.00016	0.0	6e-05	0.0	0.0	0.0	0.00013	0.00013	3e-05	3e-05	6e-05	0.00016	0.0	0.0	0.0	0.0	4e-05	3e-05	2e-05	3e-05	3e-05	0.00012	5e-05	4e-05	6e-05	
9e-05	5e-05	2e-05	0.0	4e-05	8e-05	0.0001	6e-05	5e-05	3e-05	3e-05	5e-05	6e-05	0.00056	0.0	0.0	0.0	0.0	0.0	0.00014	5e-05	3e-05	3e-05	5e-05	0.0	5e-05	0.0	0.00015	0.0	0.0	0.0	0.0	0.0	0.0	0.00017	0.0	0.0	0.0	0.0	0.0	0.0	0.00014	0.0	0.0	0.0	0.0	0.00021	8e-05	2e-05	7e-05	8e-05	0.00013	0.0	0.0	0.0	0.0	0.0	0.0	0.0	0.00016	0.0	6e-05	0.0	0.0	0.0	0.00013	0.00013	3e-05	3e-05	6e-05	0.00016	0.0	0.0	0.0	0.0	4e-05	3e-05	2e-05	3e-05	3e-05	0.00012	5e-05	4e-05	6e-05	
9e-05	5e-05	2e-05	0.0	4e-05	8e-05	0.0001	6e-05	5e-05	3e-05	3e-05	5e-05	6e-05	0.00056	0.0	0.0	0.0	0.0	0.0	0.00014	5e-05	3e-05	3e-05	5e-05	0.0	5e-05	0.0	0.00015	0.0	0.0	0.0	0.0	0.0	0.0	0.00017	0.0	0.0	0.0	0.0	0.0	0.0	0.00014	0.0	0.0	0.0	0.0	0.00021	8e-05	2e-05	7e-05	8e-05	0.00013	0.0	0.0	0.0	0.0	0.0	0.0	0.0	0.00016	0.0	6e-05	0.0	0.0	0.0	0.00013	0.00013	3e-05	3e-05	6e-05	0.00016	0.0	0.0	0.0	0.0	4e-05	3e-05	2e-05	3e-05	3e-05	0.00012	5e-05	4e-05	6e-05	
9e-05	5e-05	2e-05	0.0	4e-05	8e-05	0.0001	6e-05	5e-05	3e-05	3e-05	5e-05	6e-05	0.00056	0.0	0.0	0.0	0.0	0.0	0.00014	5e-05	3e-05	3e-05	5e-05	0.0	5e-05	0.0	0.00015	0.0	0.0	0.0	0.0	0.0	0.0	0.00017	0.0	0.0	0.0	0.0	0.0	0.0	0.00014	0.0	0.0	0.0	0.0	0.00021	8e-05	2e-05	7e-05	8e-05	0.00013	0.0	0.0	0.0	0.0	0.0	0.0	0.0	0.00016	0.0	6e-05	0.0	0.0	0.0	0.00013	0.00013	3e-05	3e-05	6e-05	0.00016	0.0	0.0	0.0	0.0	4e-05	3e-05	2e-05	3e-05	3e-05	0.00012	5e-05	4e-05	6e-05	
9e-05	5e-05	2e-05	0.0	4e-05	8e-05	0.0001	6e-05	5e-05	3e-05	3e-05	5e-05	6e-05	0.00056	0.0	0.0	0.0	0.0	0.0	0.00014	5e-05	3e-05	3e-05	5e-05	0.0	5e-05	0.0	0.00015	0.0	0.0	0.0	0.0	0.0	0.0	0.00017	0.0	0.0	0.0	0.0	0.0	0.0	0.00014	0.0	0.0	0.0	0.0	0.00021	8e-05	2e-05	7e-05	8e-05	0.00013	0.0	0.0	0.0	0.0	0.0	0.0	0.0	0.00016	0.0	6e-05	0.0	0.0	0.0	0.00013	0.00013	3e-05	3e-05	6e-05	0.00016	0.0	0.0	0.0	0.0	4e-05	3e-05	2e-05	3e-05	3e-05	0.00012	5e-05	4e-05	6e-05	
9e-05	5e-05	2e-05	0.0	4e-05	8e-05	0.0001	6e-05	5e-05	3e-05	3e-05	5e-05	6e-05	0.00056	0.0	0.0	0.0	0.0	0.0	0.00014	5e-05	3e-05	3e-05	5e-05	0.0	5e-05	0.0	0.00015	0.0	0.0	0.0	0.0	0.0	0.0	0.00017	0.0	0.0	0.0	0.0	0.0	0.0	0.00014	0.0	0.0	0.0	0.0	0.00021	8e-05	2e-05	7e-05	8e-05	0.00013	0.0	0.0	0.0	0.0	0.0	0.0	0.0	0.00016	0.0	6e-05	0.0	0.0	0.0	0.00013	0.00013	3e-05	3e-05	6e-05	0.00016	0.0	0.0	0.0	0.0	4e-05	3e-05	2e-05	3e-05	3e-05	0.00012	5e-05	4e-05	6e-05	
0.03774	0.02258	0.03228	0.0	0.0292	0.03082	0.016	0.11898	0.03318	0.02502	0.16321	0.22634	0.06163	0.00896	0.00016	0.00016	0.00016	0.00016	0.00016	0.00965	0.06488	0.07128	0.0282	0.02235	0.0	0.0639	0.0	0.01121	0.00021	0.00016	0.00016	0.00016	0.00016	0.00016	0.01014	0.00016	0.00016	0.00016	0.00016	0.00016	0.00016	0.01265	0.00016	0.00016	0.00016	0.00016	0.01573	0.01416	0.06401	0.12395	0.02874	0.07167	0.0	0.00016	0.00016	0.00016	0.00016	0.00016	0.00016	0.0	0.00016	0.15539	0.00016	0.00016	0.00016	0.01513	0.01513	0.04497	0.05148	0.14677	0.01045	0.00016	0.00016	0.00016	0.00016	0.12151	0.13197	0.13837	0.07182	0.02884	0.02006	0.0537	0.07479	0.05177	
9e-05	5e-05	2e-05	0.0	4e-05	8e-05	0.0001	6e-05	5e-05	3e-05	3e-05	5e-05	6e-05	0.00056	0.0	0.0	0.0	0.0	0.0	0.00014	5e-05	3e-05	3e-05	5e-05	0.0	5e-05	0.0	0.00015	0.0	0.0	0.0	0.0	0.0	0.0	0.00017	0.0	0.0	0.0	0.0	0.0	0.0	0.00014	0.0	0.0	0.0	0.0	0.00021	8e-05	2e-05	7e-05	8e-05	0.00013	0.0	0.0	0.0	0.0	0.0	0.0	0.0	0.00016	0.0	6e-05	0.0	0.0	0.0	0.00013	0.00013	3e-05	3e-05	6e-05	0.00016	0.0	0.0	0.0	0.0	4e-05	3e-05	2e-05	3e-05	3e-05	0.00012	5e-05	4e-05	6e-05	
0.08286	0.07182	0.05318	0.0	0.02729	0.02118	0.04588	0.13551	0.04118	0.17834	0.23164	0.46276	0.25867	0.02078	6e-05	6e-05	6e-05	6e-05	6e-05	0.15538	0.00852	0.15348	0.011	0.07027	0.0	0.03686	0.0	0.02796	7e-05	6e-05	6e-05	6e-05	6e-05	6e-05	0.02467	6e-05	6e-05	6e-05	6e-05	6e-05	6e-05	0.23628	6e-05	6e-05	6e-05	6e-05	0.02702	0.19983	0.04136	0.06311	0.05992	0.03174	0.0	6e-05	6e-05	6e-05	6e-05	6e-05	6e-05	0.15539	6e-05	0.0	6e-05	6e-05	6e-05	0.04049	0.04049	0.06477	0.12016	0.05672	0.02561	6e-05	6e-05	6e-05	6e-05	0.09963	0.20301	0.02963	0.04238	0.05299	0.05685	0.03033	0.03605	0.05713	
9e-05	5e-05	2e-05	0.0	4e-05	8e-05	0.0001	6e-05	5e-05	3e-05	3e-05	5e-05	6e-05	0.00056	0.0	0.0	0.0	0.0	0.0	0.00014	5e-05	3e-05	3e-05	5e-05	0.0	5e-05	0.0	0.00015	0.0	0.0	0.0	0.0	0.0	0.0	0.00017	0.0	0.0	0.0	0.0	0.0	0.0	0.00014	0.0	0.0	0.0	0.0	0.00021	8e-05	2e-05	7e-05	8e-05	0.00013	0.0	0.0	0.0	0.0	0.0	0.0	0.0	0.00016	0.0	6e-05	0.0	0.0	0.0	0.00013	0.00013	3e-05	3e-05	6e-05	0.00016	0.0	0.0	0.0	0.0	4e-05	3e-05	2e-05	3e-05	3e-05	0.00012	5e-05	4e-05	6e-05	
9e-05	5e-05	2e-05	0.0	4e-05	8e-05	0.0001	6e-05	5e-05	3e-05	3e-05	5e-05	6e-05	0.00056	0.0	0.0	0.0	0.0	0.0	0.00014	5e-05	3e-05	3e-05	5e-05	0.0	5e-05	0.0	0.00015	0.0	0.0	0.0	0.0	0.0	0.0	0.00017	0.0	0.0	0.0	0.0	0.0	0.0	0.00014	0.0	0.0	0.0	0.0	0.00021	8e-05	2e-05	7e-05	8e-05	0.00013	0.0	0.0	0.0	0.0	0.0	0.0	0.0	0.00016	0.0	6e-05	0.0	0.0	0.0	0.00013	0.00013	3e-05	3e-05	6e-05	0.00016	0.0	0.0	0.0	0.0	4e-05	3e-05	2e-05	3e-05	3e-05	0.00012	5e-05	4e-05	6e-05	
9e-05	5e-05	2e-05	0.0	4e-05	8e-05	0.0001	6e-05	5e-05	3e-05	3e-05	5e-05	6e-05	0.00056	0.0	0.0	0.0	0.0	0.0	0.00014	5e-05	3e-05	3e-05	5e-05	0.0	5e-05	0.0	0.00015	0.0	0.0	0.0	0.0	0.0	0.0	0.00017	0.0	0.0	0.0	0.0	0.0	0.0	0.00014	0.0	0.0	0.0	0.0	0.00021	8e-05	2e-05	7e-05	8e-05	0.00013	0.0	0.0	0.0	0.0	0.0	0.0	0.0	0.00016	0.0	6e-05	0.0	0.0	0.0	0.00013	0.00013	3e-05	3e-05	6e-05	0.00016	0.0	0.0	0.0	0.0	4e-05	3e-05	2e-05	3e-05	3e-05	0.00012	5e-05	4e-05	6e-05	
0.1601	0.04089	0.0605	0.0	0.16389	0.02277	0.03408	0.03156	0.1645	0.03943	0.04108	0.02927	0.03912	0.27959	0.00013	0.00013	0.00013	0.00013	0.00013	0.01512	0.00345	0.07143	0.05224	0.04024	0.0	0.08378	0.0	0.01791	0.0002	0.00013	0.00013	0.00013	0.00013	0.00013	0.35638	0.00013	0.00013	0.00013	0.00013	0.00013	0.00013	0.02052	0.00013	0.00013	0.00013	0.00013	0.17618	0.02414	0.13233	0.04372	0.05028	0.01574	0.0	0.00013	0.00013	0.00013	0.00013	0.00013	0.00013	0.01513	0.00013	0.04049	0.00013	0.00013	0.00013	0.0	0.99986	0.09853	0.06844	0.05161	0.01652	0.00013	0.00013	0.00013	0.00013	0.04407	0.05522	0.05693	0.12143	0.04218	0.07264	0.09627	0.02875	0.07198	
0.1601	0.04089	0.0605	0.0	0.16389	0.02277	0.03408	0.03156	0.1645	0.03943	0.04108	0.02927	0.03912	0.27959	0.00013	0.00013	0.00013	0.00013	0.00013	0.01512	0.00345	0.07143	0.05224	0.04024	0.0	0.08378	0.0	0.01791	0.0002	0.00013	0.00013	0.00013	0.00013	0.00013	0.35638	0.00013	0.00013	0.00013	0.00013	0.00013	0.00013	0.02052	0.00013	0.00013	0.00013	0.00013	0.17618	0.02414	0.13233	0.04372	0.05028	0.01574	0.0	0.00013	0.00013	0.00013	0.00013	0.00013	0.00013	0.01513	0.00013	0.04049	0.00013	0.00013	0.00013	0.99986	0.0	0.09853	0.06844	0.05161	0.01652	0.00013	0.00013	0.00013	0.00013	0.04407	0.05522	0.05693	0.12143	0.04218	0.07264	0.09627	0.02875	0.07198	
0.10422	0.16092	0.04352	0.0	0.1433	0.09772	0.12158	0.10544	0.03767	0.04524	0.10434	0.11891	0.12034	0.04385	3e-05	3e-05	3e-05	3e-05	3e-05	0.04497	0.02597	0.2505	0.09559	0.1121	0.0	0.05534	0.0	0.06255	0.00118	3e-05	3e-05	3e-05	3e-05	3e-05	0.05387	3e-05	3e-05	3e-05	3e-05	3e-05	3e-05	0.01521	3e-05	3e-05	3e-05	3e-05	0.09586	0.03764	0.13354	0.08677	0.11697	0.13592	0.0	3e-05	3e-05	3e-05	3e-05	3e-05	3e-05	0.04497	3e-05	0.06477	3e-05	3e-05	3e-05	0.09853	0.09853	0.0	0.1068	0.1337	0.05031	3e-05	3e-05	3e-05	3e-05	0.22856	0.15185	0.22256	0.18467	0.0949	0.02622	0.10595	0.11941	0.10384	
0.15334	0.18387	0.16325	0.0	0.13774	0.22087	0.09944	0.14886	0.3539	0.25753	0.30853	0.15421	0.27491	0.03927	3e-05	3e-05	3e-05	3e-05	3e-05	0.05148	0.136	0.35375	0.12806	0.13573	0.0	0.07071	0.0	0.06424	3e-05	3e-05	3e-05	3e-05	3e-05	3e-05	0.10462	3e-05	3e-05	3e-05	3e-05	3e-05	3e-05	0.15373	3e-05	3e-05	3e-05	3e-05	0.07919	0.16315	0.11517	0.12655	0.0641	0.12569	0.0	3e-05	3e-05	3e-05	3e-05	3e-05	3e-05	0.05148	3e-05	0.12016	3e-05	3e-05	3e-05	0.06844	0.06844	0.1068	0.0	0.18209	0.21431	3e-05	3e-05	3e-05	3e-05	0.25866	0.31394	0.38389	0.31584	0.29708	0.08162	0.35539	0.1313	0.15456	
0.05982	0.16785	0.07012	0.0	0.13689	0.18175	0.15402	0.27815	0.24812	0.22581	0.08524	0.11482	0.18853	0.02462	6e-05	6e-05	6e-05	6e-05	6e-05	0.02793	0.18385	0.22211	0.07731	0.08063	0.0	0.0871	0.0	0.0342	3e-05	6e-05	6e-05	6e-05	6e-05	6e-05	0.02979	6e-05	6e-05	6e-05	6e-05	6e-05	6e-05	0.15845	6e-05	6e-05	6e-05	6e-05	0.03865	0.15065	0.07896	0.19989	0.06549	0.22087	0.0	6e-05	6e-05	6e-05	6e-05	6e-05	6e-05	0.14677	6e-05	0.05672	6e-05	6e-05	6e-05	0.05161	0.05161	0.1337	0.18209	0.0	0.16763	6e-05	6e-05	6e-05	6e-05	0.34988	0.23944	0.25998	0.29487	0.19658	0.06245	0.08347	0.21329	0.16927	
0.06795	0.16052	0.12832	0.0	0.0325	0.03424	0.01741	0.02028	0.15988	0.02761	0.03004	0.01849	0.06941	0.00964	0.00016	0.00016	0.00016	0.00016	0.00016	0.01043	0.07218	0.08001	0.03135	0.15251	0.0	0.05065	0.0	0.01217	0.00013	0.00016	0.00016	0.00016	0.00016	0.00016	0.01097	0.00016	0.00016	0.00016	0.00016	0.00016	0.00016	0.01377	0.00016	0.00016	0.00016	0.00016	0.01729	0.01553	0.05301	0.18582	0.031	0.08005	0.0	0.00016	0.00016	0.00016	0.00016	0.00016	0.00016	0.01045	0.00016	0.02561	0.00016	0.00016	0.00016	0.01652	0.01652	0.05031	0.21431	0.16763	0.0	0.00016	0.00016	0.00016	0.00016	0.13722	0.25118	0.17997	0.08084	0.03216	0.02187	0.0599	0.12953	0.05813	
9e-05	5e-05	2e-05	0.0	4e-05	8e-05	0.0001	6e-05	5e-05	3e-05	3e-05	5e-05	6e-05	0.00056	0.0	0.0	0.0	0.0	0.0	0.00014	5e-05	3e-05	3e-05	5e-05	0.0	5e-05	0.0	0.00015	0.0	0.0	0.0	0.0	0.0	0.0	0.00017	0.0	0.0	0.0	0.0	0.0	0.0	0.00014	0.0	0.0	0.0	0.0	0.00021	8e-05	2e-05	7e-05	8e-05	0.00013	0.0	0.0	0.0	0.0	0.0	0.0	0.0	0.00016	0.0	6e-05	0.0	0.0	0.0	0.00013	0.00013	3e-05	3e-05	6e-05	0.00016	0.0	0.0	0.0	0.0	4e-05	3e-05	2e-05	3e-05	3e-05	0.00012	5e-05	4e-05	6e-05	
9e-05	5e-05	2e-05	0.0	4e-05	8e-05	0.0001	6e-05	5e-05	3e-05	3e-05	5e-05	6e-05	0.00056	0.0	0.0	0.0	0.0	0.0	0.00014	5e-05	3e-05	3e-05	5e-05	0.0	5e-05	0.0	0.00015	0.0	0.0	0.0	0.0	0.0	0.0	0.00017	0.0	0.0	0.0	0.0	0.0	0.0	0.00014	0.0	0.0	0.0	0.0	0.00021	8e-05	2e-05	7e-05	8e-05	0.00013	0.0	0.0	0.0	0.0	0.0	0.0	0.0	0.00016	0.0	6e-05	0.0	0.0	0.0	0.00013	0.00013	3e-05	3e-05	6e-05	0.00016	0.0	0.0	0.0	0.0	4e-05	3e-05	2e-05	3e-05	3e-05	0.00012	5e-05	4e-05	6e-05	
9e-05	5e-05	2e-05	0.0	4e-05	8e-05	0.0001	6e-05	5e-05	3e-05	3e-05	5e-05	6e-05	0.00056	0.0	0.0	0.0	0.0	0.0	0.00014	5e-05	3e-05	3e-05	5e-05	0.0	5e-05	0.0	0.00015	0.0	0.0	0.0	0.0	0.0	0.0	0.00017	0.0	0.0	0.0	0.0	0.0	0.0	0.00014	0.0	0.0	0.0	0.0	0.00021	8e-05	2e-05	7e-05	8e-05	0.00013	0.0	0.0	0.0	0.0	0.0	0.0	0.0	0.00016	0.0	6e-05	0.0	0.0	0.0	0.00013	0.00013	3e-05	3e-05	6e-05	0.00016	0.0	0.0	0.0	0.0	4e-05	3e-05	2e-05	3e-05	3e-05	0.00012	5e-05	4e-05	6e-05	
9e-05	5e-05	2e-05	0.0	4e-05	8e-05	0.0001	6e-05	5e-05	3e-05	3e-05	5e-05	6e-05	0.00056	0.0	0.0	0.0	0.0	0.0	0.00014	5e-05	3e-05	3e-05	5e-05	0.0	5e-05	0.0	0.00015	0.0	0.0	0.0	0.0	0.0	0.0	0.00017	0.0	0.0	0.0	0.0	0.0	0.0	0.00014	0.0	0.0	0.0	0.0	0.00021	8e-05	2e-05	7e-05	8e-05	0.00013	0.0	0.0	0.0	0.0	0.0	0.0	0.0	0.00016	0.0	6e-05	0.0	0.0	0.0	0.00013	0.00013	3e-05	3e-05	6e-05	0.00016	0.0	0.0	0.0	0.0	4e-05	3e-05	2e-05	3e-05	3e-05	0.00012	5e-05	4e-05	6e-05	
0.09893	0.27986	0.23629	0.0	0.15232	0.15464	0.35032	0.38532	0.14979	0.19496	0.37317	0.23805	0.16846	0.02141	4e-05	4e-05	4e-05	4e-05	4e-05	0.1215	0.19165	0.51023	0.26785	0.04316	0.0	0.06395	0.0	0.02952	3e-05	4e-05	4e-05	4e-05	4e-05	4e-05	0.02579	4e-05	4e-05	4e-05	4e-05	4e-05	4e-05	0.03469	4e-05	4e-05	4e-05	4e-05	0.05142	0.04444	0.14429	0.27341	0.23084	0.17483	0.0	4e-05	4e-05	4e-05	4e-05	4e-05	4e-05	0.12151	4e-05	0.09963	4e-05	4e-05	4e-05	0.04407	0.04407	0.22856	0.25866	0.34988	0.13722	4e-05	4e-05	4e-05	4e-05	0.0	0.58905	0.73388	0.35691	0.2891	0.22195	0.16377	0.22732	0.28367	
0.29803	0.26104	0.23489	0.0	0.21092	0.20499	0.17201	0.19464	0.31503	0.10318	0.33661	0.33334	0.1938	0.02433	3e-05	3e-05	3e-05	3e-05	3e-05	0.13194	0.13208	0.33707	0.19165	0.14713	0.0	0.03184	0.0	0.03398	2e-05	3e-05	3e-05	3e-05	3e-05	3e-05	0.1185	3e-05	3e-05	3e-05	3e-05	3e-05	3e-05	0.04019	3e-05	3e-05	3e-05	3e-05	0.06225	0.05303	0.16405	0.34491	0.1268	0.21815	0.0	3e-05	3e-05	3e-05	3e-05	3e-05	3e-05	0.13197	3e-05	0.20301	3e-05	3e-05	3e-05	0.05522	0.05522	0.15185	0.31394	0.23944	0.25118	3e-05	3e-05	3e-05	3e-05	0.58905	0.0	0.4779	0.42284	0.2385	0.43518	0.14889	0.29508	0.43472	
