0.0	0.0	0.0	0.0	0.0	0.0002	8e-05	0.0	0.0	0.0	0.0	0.0001	0.0002	0.0	0.0002	0.00021	0.0001	0.00031	0.00024	4e-05	7e-05	0.0	0.00064	0.0003	0.0	0.00017	0.0	0.0	0.00021	0.00023	0.0001	7e-05	0.0002	0.00015	0.0	0.0	3e-05	0.0	7e-05	8e-05	0.0	0.0	0.0	0.0	0.0	0.0	0.0	0.0	0.0	0.00161	0.00015	4e-05	0.0001	0.0	0.0	0.0	0.0	0.0	0.0	0.0	3e-05	0.0	0.0001	5e-05	0.0	0.0001	0.00012	9e-05	0.00015	0.00037	0.0	0.00045	9e-05	0.00161	9e-05	0.00013	0.00025	0.00011	0.0	0.00061	0.00015	0.00019	0.00043	0.00039	0.00064	7e-05	0.00011	0.00057	0.00015	0.00028	0.00015	0.00035	4e-05	0.0	0.0	0.0	0.00021	9e-05	0.00016	4e-05	0.00057	7e-05	1e-05	6e-05	0.0	0.0	9e-05	0.00017	0.00012	0.00017	4e-05	5e-05	3e-05	6e-05	0.0002	5e-05	0.0	0.00019	0.00013	4e-05	7e-05	0.0	0.00059	0.00018	0.00054	0.0	0.0	0.0001	0.0	0.0	0.0	0.00013	0.00013	0.00021	7e-05	6e-05	
0.0	0.0	0.0	0.0	0.0	0.0002	8e-05	0.0	0.0	0.0	0.0	0.0001	0.0002	0.0	0.0002	0.00021	0.0001	0.00031	0.00024	4e-05	7e-05	0.0	0.00064	0.0003	0.0	0.00017	0.0	0.0	0.00021	0.00023	0.0001	7e-05	0.0002	0.00015	0.0	0.0	3e-05	0.0	7e-05	8e-05	0.0	0.0	0.0	0.0	0.0	0.0	0.0	0.0	0.0	0.00161	0.00015	4e-05	0.0001	0.0	0.0	0.0	0.0	0.0	0.0	0.0	3e-05	0.0	0.0001	5e-05	0.0	0.0001	0.00012	9e-05	0.00015	0.00037	0.0	0.00045	9e-05	0.00161	9e-05	0.00013	0.00025	0.00011	0.0	0.00061	0.00015	0.00019	0.00043	0.00039	0.00064	7e-05	0.00011	0.00057	0.00015	0.00028	0.00015	0.00035	4e-05	0.0	0.0	0.0	0.00021	9e-05	0.00016	4e-05	0.00057	7e-05	1e-05	6e-05	0.0	0.0	9e-05	0.00017	0.00012	0.00017	4e-05	5e-05	3e-05	6e-05	0.0002	5e-05	0.0	0.00019	0.00013	4e-05	7e-05	0.0	0.00059	0.00018	0.00054	0.0	0.0	0.0001	0.0	0.0	0.0	0.00013	0.00013	0.00021	7e-05	6e-05	
0.0	0.0	0.0	0.0	0.0	0.0002	8e-05	0.0	0.0	0.0	0.0	0.0001	0.0002	0.0	0.0002	0.00021	0.0001	0.00031	0.00024	4e-05	7e-05	0.0	0.00064	0.0003	0.0	0.00017	0.0	0.0	0.00021	0.00023	0.0001	7e-05	0.0002	0.00015	0.0	0.0	3e-05	0.0	7e-05	8e-05	0.0	0.0	0.0	0.0	0.0	0.0	0.0	0.0	0.0	0.00161	0.00015	4e-05	0.0001	0.0	0.0	0.0	0.0	0.0	0.0	0.0	3e-05	0.0	0.0001	5e-05	0.0	0.0001	0.00012	9e-05	0.00015	0.00037	0.0	0.00045	9e-05	0.00161	9e-05	0.00013	0.00025	0.00011	0.0	0.00061	0.00015	0.00019	0.00043	0.00039	0.00064	7e-05	0.00011	0.00057	0.00015	0.00028	0.00015	0.00035	4e-05	0.0	0.0	0.0	0.00021	9e-05	0.00016	4e-05	0.00057	7e-05	1e-05	6e-05	0.0	0.0	9e-05	0.00017	0.00012	0.00017	4e-05	5e-05	3e-05	6e-05	0.0002	5e-05	0.0	0.00019	0.00013	4e-05	7e-05	0.0	0.00059	0.00018	0.00054	0.0	0.0	0.0001	0.0	0.0	0.0	0.00013	0.00013	0.00021	7e-05	6e-05	
0.0	0.0	0.0	0.0	0.0	0.0002	8e-05	0.0	0.0	0.0	0.0	0.0001	0.0002	0.0	0.0002	0.00021	0.0001	0.00031	0.00024	4e-05	7e-05	0.0	0.00064	0.0003	0.0	0.00017	0.0	0.0	0.00021	0.00023	0.0001	7e-05	0.0002	0.00015	0.0	0.0	3e-05	0.0	7e-05	8e-05	0.0	0.0	0.0	0.0	0.0	0.0	0.0	0.0	0.0	0.00161	0.00015	4e-05	0.0001	0.0	0.0	0.0	0.0	0.0	0.0	0.0	3e-05	0.0	0.0001	5e-05	0.0	0.0001	0.00012	9e-05	0.00015	0.00037	0.0	0.00045	9e-05	0.00161	9e-05	0.00013	0.00025	0.00011	0.0	0.00061	0.00015	0.00019	0.00043	0.00039	0.00064	7e-05	0.00011	0.00057	0.00015	0.00028	0.00015	0.00035	4e-05	0.0	0.0	0.0	0.00021	9e-05	0.00016	4e-05	0.00057	7e-05	1e-05	6e-05	0.0	0.0	9e-05	0.00017	0.00012	0.00017	4e-05	5e-05	3e-05	6e-05	0.0002	5e-05	0.0	0.00019	0.00013	4e-05	7e-05	0.0	0.00059	0.00018	0.00054	0.0	0.0	0.0001	0.0	0.0	0.0	0.00013	0.00013	0.00021	7e-05	6e-05	
0.0	0.0	0.0	0.0	0.0	0.0002	8e-05	0.0	0.0	0.0	0.0	0.0001	0.0002	0.0	0.0002	0.00021	0.0001	0.00031	0.00024	4e-05	7e-05	0.0	0.00064	0.0003	0.0	0.00017	0.0	0.0	0.00021	0.00023	0.0001	7e-05	0.0002	0.00015	0.0	0.0	3e-05	0.0	7e-05	8e-05	0.0	0.0	0.0	0.0	0.0	0.0	0.0	0.0	0.0	0.00161	0.00015	4e-05	0.0001	0.0	0.0	0.0	0.0	0.0	0.0	0.0	3e-05	0.0	0.0001	5e-05	0.0	0.0001	0.00012	9e-05	0.00015	0.00037	0.0	0.00045	9e-05	0.00161	9e-05	0.00013	0.00025	0.00011	0.0	0.00061	0.00015	0.00019	0.00043	0.00039	0.00064	7e-05	0.00011	0.00057	0.00015	0.00028	0.00015	0.00035	4e-05	0.0	0.0	0.0	0.00021	9e-05	0.00016	4e-05	0.00057	7e-05	1e-05	6e-05	0.0	0.0	9e-05	0.00017	0.00012	0.00017	4e-05	5e-05	3e-05	6e-05	0.0002	5e-05	0.0	0.00019	0.00013	4e-05	7e-05	0.0	0.00059	0.00018	0.00054	0.0	0.0	0.0001	0.0	0.0	0.0	0.00013	0.00013	0.00021	7e-05	6e-05	
0.0002	0.0002	0.0002	0.0002	0.0002	0.0	0.01722	0.0002	0.0002	0.0002	0.0002	0.01441	0.01219	0.0002	0.01219	0.01262	0.03781	0.00938	0.08881	0.02163	0.03117	0.0002	0.02234	0.00717	0.0	0.04069	0.0002	0.0	0.03712	0.02844	0.09823	0.01853	0.01219	0.0116	0.0	0.0002	0.13593	0.0	0.03076	0.29843	0.0002	0.0002	0.0002	0.0002	0.0002	0.0002	0.0002	0.0002	0.0002	0.01264	0.01207	0.05163	0.52514	0.0002	0.0002	0.0002	0.0002	0.0002	0.0006	0.0002	0.06606	0.0002	0.01441	0.02451	0.0002	0.0212	0.01466	0.02774	0.28937	0.03558	0.0002	0.02547	0.00066	0.01264	0.16202	0.12569	0.02194	0.01556	0.0002	0.02284	0.01207	0.03692	0.02485	0.06206	0.02622	0.04823	0.15017	0.02392	0.03134	0.01832	0.06826	0.1475	0.16508	0.0	0.0	0.0	0.01018	0.0301	0.01307	0.01515	0.01266	0.02221	0.0321	0.08931	0.0	0.0	0.02721	0.01603	0.01895	0.04469	0.07753	0.01202	0.02556	0.01045	0.01219	0.016	0.0002	0.01635	0.23141	0.03317	0.02608	0.0	0.01888	0.06095	0.02055	0.0002	0.0002	0.01975	0.0002	0.0002	0.0002	0.02965	0.06659	0.01262	0.30136	0.26257	
8e-05	8e-05	8e-05	8e-05	8e-05	0.01722	0.0	8e-05	8e-05	8e-05	8e-05	0.02003	0.01577	8e-05	0.01577	0.52653	0.11435	0.01162	0.09367	0.03223	0.10163	8e-05	0.17187	0.00856	0.0	0.03014	8e-05	0.0	0.13737	0.04159	0.06181	1.00001	0.01577	0.48443	0.0	8e-05	0.14385	0.0	0.04549	0.38884	8e-05	8e-05	8e-05	8e-05	8e-05	8e-05	8e-05	8e-05	8e-05	0.01591	0.01561	0.08918	0.02607	8e-05	8e-05	8e-05	8e-05	8e-05	0.0007	8e-05	0.06158	8e-05	0.02003	0.03713	8e-05	0.60799	0.01956	0.37116	0.10067	0.11194	8e-05	0.03981	0.08612	0.01591	0.19181	0.11674	0.18056	0.02096	8e-05	0.16557	0.01561	0.10462	0.03776	0.08979	0.17996	0.10025	0.10698	0.1766	0.12202	0.02523	0.09893	0.06396	0.16937	0.0	0.0	0.0	0.0128	0.25256	0.48584	0.38153	0.01627	0.20389	0.38202	0.18296	0.0	0.0	0.13842	0.02167	0.02631	0.13888	0.07594	0.10973	0.15186	0.1244	0.01577	0.34636	8e-05	0.02202	0.01737	0.12311	0.18121	0.0	0.02813	0.09662	0.03113	8e-05	8e-05	0.02907	8e-05	8e-05	8e-05	0.12203	0.08649	0.52653	0.04174	0.08481	
0.0	0.0	0.0	0.0	0.0	0.0002	8e-05	0.0	0.0	0.0	0.0	0.0001	0.0002	0.0	0.0002	0.00021	0.0001	0.00031	0.00024	4e-05	7e-05	0.0	0.00064	0.0003	0.0	0.00017	0.0	0.0	0.00021	0.00023	0.0001	7e-05	0.0002	0.00015	0.0	0.0	3e-05	0.0	7e-05	8e-05	0.0	0.0	0.0	0.0	0.0	0.0	0.0	0.0	0.0	0.00161	0.00015	4e-05	0.0001	0.0	0.0	0.0	0.0	0.0	0.0	0.0	3e-05	0.0	0.0001	5e-05	0.0	0.0001	0.00012	9e-05	0.00015	0.00037	0.0	0.00045	9e-05	0.00161	9e-05	0.00013	0.00025	0.00011	0.0	0.00061	0.00015	0.00019	0.00043	0.00039	0.00064	7e-05	0.00011	0.00057	0.00015	0.00028	0.00015	0.00035	4e-05	0.0	0.0	0.0	0.00021	9e-05	0.00016	4e-05	0.00057	7e-05	1e-05	6e-05	0.0	0.0	9e-05	0.00017	0.00012	0.00017	4e-05	5e-05	3e-05	6e-05	0.0002	5e-05	0.0	0.00019	0.00013	4e-05	7e-05	0.0	0.00059	0.00018	0.00054	0.0	0.0	0.0001	0.0	0.0	0.0	0.00013	0.00013	0.00021	7e-05	6e-05	
0.0	0.0	0.0	0.0	0.0	0.0002	8e-05	0.0	0.0	0.0	0.0	0.0001	0.0002	0.0	0.0002	0.00021	0.0001	0.00031	0.00024	4e-05	7e-05	0.0	0.00064	0.0003	0.0	0.00017	0.0	0.0	0.00021	0.00023	0.0001	7e-05	0.0002	0.00015	0.0	0.0	3e-05	0.0	7e-05	8e-05	0.0	0.0	0.0	0.0	0.0	0.0	0.0	0.0	0.0	0.00161	0.00015	4e-05	0.0001	0.0	0.0	0.0	0.0	0.0	0.0	0.0	3e-05	0.0	0.0001	5e-05	0.0	0.0001	0.00012	9e-05	0.00015	0.00037	0.0	0.00045	9e-05	0.00161	9e-05	0.00013	0.00025	0.00011	0.0	0.00061	0.00015	0.00019	0.00043	0.00039	0.00064	7e-05	0.00011	0.00057	0.00015	0.00028	0.00015	0.00035	4e-05	0.0	0.0	0.0	0.00021	9e-05	0.00016	4e-05	0.00057	7e-05	1e-05	6e-05	0.0	0.0	9e-05	0.00017	0.00012	0.00017	4e-05	5e-05	3e-05	6e-05	0.0002	5e-05	0.0	0.00019	0.00013	4e-05	7e-05	0.0	0.00059	0.00018	0.00054	0.0	0.0	0.0001	0.0	0.0	0.0	0.00013	0.00013	0.00021	7e-05	6e-05	
0.0	0.0	0.0	0.0	0.0	0.0002	8e-05	0.0	0.0	0.0	0.0	0.0001	0.0002	0.0	0.0002	0.00021	0.0001	0.00031	0.00024	4e-05	7e-05	0.0	0.00064	0.0003	0.0	0.00017	0.0	0.0	0.00021	0.00023	0.0001	7e-05	0.0002	0.00015	0.0	0.0	3e-05	0.0	7e-05	8e-05	0.0	0.0	0.0	0.0	0.0	0.0	0.0	0.0	0.0	0.00161	0.00015	4e-05	0.0001	0.0	0.0	0.0	0.0	0.0	0.0	0.0	3e-05	0.0	0.0001	5e-05	0.0	0.0001	0.00012	9e-05	0.00015	0.00037	0.0	0.00045	9e-05	0.00161	9e-05	0.00013	0.00025	0.00011	0.0	0.00061	0.00015	0.00019	0.00043	0.00039	0.00064	7e-05	0.00011	0.00057	0.00015	0.00028	0.00015	0.00035	4e-05	0.0	0.0	0.0	0.00021	9e-05	0.00016	4e-05	0.00057	7e-05	1e-05	6e-05	0.0	0.0	9e-05	0.00017	0.00012	0.00017	4e-05	5e-05	3e-05	6e-05	0.0002	5e-05	0.0	0.00019	0.00013	4e-05	7e-05	0.0	0.00059	0.00018	0.00054	0.0	0.0	0.0001	0.0	0.0	0.0	0.00013	0.00013	0.00021	7e-05	6e-05	
0.0	0.0	0.0	0.0	0.0	0.0002	8e-05	0.0	0.0	0.0	0.0	0.0001	0.0002	0.0	0.0002	0.00021	0.0001	0.00031	0.00024	4e-05	7e-05	0.0	0.00064	0.0003	0.0	0.00017	0.0	0.0	0.00021	0.00023	0.0001	7e-05	0.0002	0.00015	0.0	0.0	3e-05	0.0	7e-05	8e-05	0.0	0.0	0.0	0.0	0.0	0.0	0.0	0.0	0.0	0.00161	0.00015	4e-05	0.0001	0.0	0.0	0.0	0.0	0.0	0.0	0.0	3e-05	0.0	0.0001	5e-05	0.0	0.0001	0.00012	9e-05	0.00015	0.00037	0.0	0.00045	9e-05	0.00161	9e-05	0.00013	0.00025	0.00011	0.0	0.00061	0.00015	0.00019	0.00043	0.00039	0.00064	7e-05	0.00011	0.00057	0.00015	0.00028	0.00015	0.00035	4e-05	0.0	0.0	0.0	0.00021	9e-05	0.00016	4e-05	0.00057	7e-05	1e-05	6e-05	0.0	0.0	9e-05	0.00017	0.00012	0.00017	4e-05	5e-05	3e-05	6e-05	0.0002	5e-05	0.0	0.00019	0.00013	4e-05	7e-05	0.0	0.00059	0.00018	0.00054	0.0	0.0	0.0001	0.0	0.0	0.0	0.00013	0.00013	0.00021	7e-05	6e-05	
0.0001	0.0001	0.0001	0.0001	0.0001	0.01441	0.02003	0.0001	0.0001	0.0001	0.0001	0.0	0.63718	0.0001	0.63718	0.01378	0.04505	0.00992	0.10849	0.02564	0.20645	0.0001	0.02643	0.0074	0.0	0.10096	0.0001	0.0	0.16115	0.08054	0.12327	0.02158	0.63718	0.01256	0.0	0.0001	0.11787	0.0	0.1355	0.07558	0.0001	0.0001	0.0001	0.0001	0.0001	0.0001	0.0001	0.0001	0.0001	0.01353	0.01312	0.06606	0.38793	0.0001	0.0001	0.0001	0.0001	0.0001	0.00053	0.0001	0.04756	0.0001	0.47122	0.16157	0.0001	0.02511	0.01626	0.03409	0.03093	0.04436	0.0001	0.15124	0.07018	0.01353	0.02518	0.07365	0.11882	0.01735	0.0001	0.02707	0.01312	0.04504	0.0298	0.07836	0.03121	0.09088	0.10369	0.02901	0.03696	0.02071	0.10041	0.12995	0.10295	0.0	0.0	0.0	0.0108	0.03679	0.01421	0.07138	0.01364	0.0262	0.08874	0.06165	0.0	0.0	0.03755	0.34921	0.26461	0.08158	0.27591	0.04896	0.03065	0.04038	0.63718	0.01848	0.0001	0.01817	0.0143	0.07052	0.03118	0.0	0.0224	0.06874	0.30152	0.0001	0.0001	0.24371	0.0001	0.0001	0.0001	0.03655	0.08292	0.01378	0.03235	0.06432	
0.0002	0.0002	0.0002	0.0002	0.0002	0.01219	0.01577	0.0002	0.0002	0.0002	0.0002	0.63718	0.0	0.0002	0.99971	0.01171	0.03445	0.00875	0.08028	0.01974	0.14474	0.0002	0.02043	0.00673	0.0	0.01962	0.0002	0.0	0.12296	0.02601	0.08828	0.01697	0.99971	0.01077	0.0	0.0002	0.11485	0.0	0.15119	0.0245	0.0002	0.0002	0.0002	0.0002	0.0002	0.0002	0.0002	0.0002	0.0002	0.01181	0.0112	0.04664	0.48692	0.0002	0.0002	0.0002	0.0002	0.0002	0.00063	0.0002	0.03505	0.0002	0.63718	0.18155	0.0002	0.01936	0.01356	0.02515	0.02345	0.03217	0.0002	0.16333	0.05028	0.01181	0.01952	0.05243	0.10009	0.01437	0.0002	0.02087	0.0112	0.0335	0.02265	0.05585	0.02394	0.08322	0.10276	0.02177	0.02862	0.01688	0.08176	0.08924	0.06833	0.0	0.0	0.0	0.00952	0.02731	0.01216	0.03304	0.01181	0.02029	0.02905	0.04388	0.0	0.0	0.02791	0.47133	0.33782	0.07505	0.29464	0.03628	0.02327	0.03107	0.99971	0.01468	0.0002	0.01513	0.01185	0.03004	0.02377	0.0	0.01726	0.05367	0.35176	0.0002	0.0002	0.29108	0.0002	0.0002	0.0002	0.02686	0.06006	0.01171	0.02387	0.04698	
0.0	0.0	0.0	0.0	0.0	0.0002	8e-05	0.0	0.0	0.0	0.0	0.0001	0.0002	0.0	0.0002	0.00021	0.0001	0.00031	0.00024	4e-05	7e-05	0.0	0.00064	0.0003	0.0	0.00017	0.0	0.0	0.00021	0.00023	0.0001	7e-05	0.0002	0.00015	0.0	0.0	3e-05	0.0	7e-05	8e-05	0.0	0.0	0.0	0.0	0.0	0.0	0.0	0.0	0.0	0.00161	0.00015	4e-05	0.0001	0.0	0.0	0.0	0.0	0.0	0.0	0.0	3e-05	0.0	0.0001	5e-05	0.0	0.0001	0.00012	9e-05	0.00015	0.00037	0.0	0.00045	9e-05	0.00161	9e-05	0.00013	0.00025	0.00011	0.0	0.00061	0.00015	0.00019	0.00043	0.00039	0.00064	7e-05	0.00011	0.00057	0.00015	0.00028	0.00015	0.00035	4e-05	0.0	0.0	0.0	0.00021	9e-05	0.00016	4e-05	0.00057	7e-05	1e-05	6e-05	0.0	0.0	9e-05	0.00017	0.00012	0.00017	4e-05	5e-05	3e-05	6e-05	0.0002	5e-05	0.0	0.00019	0.00013	4e-05	7e-05	0.0	0.00059	0.00018	0.00054	0.0	0.0	0.0001	0.0	0.0	0.0	0.00013	0.00013	0.00021	7e-05	6e-05	
0.0002	0.0002	0.0002	0.0002	0.0002	0.01219	0.01577	0.0002	0.0002	0.0002	0.0002	0.63718	0.99971	0.0002	0.0	0.01171	0.03445	0.00875	0.08028	0.01974	0.14474	0.0002	0.02043	0.00673	0.0	0.01962	0.0002	0.0	0.12296	0.02601	0.08828	0.01697	0.99971	0.01077	0.0	0.0002	0.11485	0.0	0.15119	0.0245	0.0002	0.0002	0.0002	0.0002	0.0002	0.0002	0.0002	0.0002	0.0002	0.01181	0.0112	0.04664	0.48692	0.0002	0.0002	0.0002	0.0002	0.0002	0.00063	0.0002	0.03505	0.0002	0.63718	0.18155	0.0002	0.01936	0.01356	0.02515	0.02345	0.03217	0.0002	0.16333	0.05028	0.01181	0.01952	0.05243	0.10009	0.01437	0.0002	0.02087	0.0112	0.0335	0.02265	0.05585	0.02394	0.08322	0.10276	0.02177	0.02862	0.01688	0.08176	0.08924	0.06833	0.0	0.0	0.0	0.00952	0.02731	0.01216	0.03304	0.01181	0.02029	0.02905	0.04388	0.0	0.0	0.02791	0.47133	0.33782	0.07505	0.29464	0.03628	0.02327	0.03107	0.99971	0.01468	0.0002	0.01513	0.01185	0.03004	0.02377	0.0	0.01726	0.05367	0.35176	0.0002	0.0002	0.29108	0.0002	0.0002	0.0002	0.02686	0.06006	0.01171	0.02387	0.04698	
0.00021	0.00021	0.00021	0.00021	0.00021	0.01262	0.52653	0.00021	0.00021	0.00021	0.00021	0.01378	0.01171	0.00021	0.01171	0.0	0.11894	0.00904	0.04762	0.02058	0.02961	0.00021	0.02128	0.00693	0.0	0.0204	0.00021	0.0	0.13015	0.02709	0.03712	0.52682	0.01171	0.01115	0.0	0.00021	0.1371	0.0	0.02928	0.28647	0.00021	0.00021	0.00021	0.00021	0.00021	0.00021	0.00021	0.00021	0.00021	0.01219	0.01159	0.06631	0.01712	0.00021	0.00021	0.00021	0.00021	0.00021	0.00059	0.00021	0.03667	0.00021	0.01378	0.0233	0.00021	0.26292	0.01405	0.14007	0.10568	0.10402	0.00021	0.02418	0.05256	0.01219	0.24354	0.06425	0.10385	0.01491	0.00021	0.02175	0.01159	0.10047	0.02363	0.05641	0.21617	0.0456	0.04293	0.20287	0.02983	0.01753	0.05824	0.03677	0.15403	0.0	0.0	0.0	0.0098	0.02854	0.01256	0.12139	0.01218	0.02114	0.15618	0.08397	0.0	0.0	0.14703	0.01536	0.01812	0.07872	0.04473	0.10428	0.17642	0.13705	0.01171	0.01527	0.00021	0.01567	0.01228	0.12426	0.21765	0.0	0.01798	0.05622	0.01955	0.00021	0.00021	0.01881	0.00021	0.00021	0.00021	0.12461	0.05139	0.99976	0.02496	0.05838	
0.0001	0.0001	0.0001	0.0001	0.0001	0.03781	0.11435	0.0001	0.0001	0.0001	0.0001	0.04505	0.03445	0.0001	0.03445	0.11894	0.0	0.0249	0.08115	0.0299	0.06522	0.0001	0.07785	0.0565	0.0	0.00462	0.0001	0.0	0.04353	0.00101	0.02277	0.13348	0.03445	0.03246	0.0	0.0001	0.02063	0.0	0.01513	0.1295	0.0001	0.0001	0.0001	0.0001	0.0001	0.0001	0.0001	0.0001	0.0001	0.03407	0.11212	0.01726	0.06015	0.0001	0.0001	0.0001	0.0001	0.0001	0.00162	0.0001	0.03187	0.0001	0.07056	0.0889	0.0001	0.04082	0.1475	0.03876	0.07861	0.14868	0.0001	0.04428	0.02577	0.03407	0.21114	0.0436	0.06478	0.04672	0.0001	0.0318	0.11212	0.02116	0.04408	0.07259	0.20207	0.07641	0.07482	0.15807	0.1117	0.05695	0.02681	0.06704	0.05974	0.0	0.0	0.0	0.07478	0.08815	0.03844	0.027	0.03643	0.07959	0.07587	0.07319	0.0	0.0	0.01732	8e-05	0.05972	0.0219	0.02074	0.08493	0.02122	0.00518	0.03445	0.05198	0.0001	0.0503	0.06786	0.04656	0.16947	0.0	0.0656	0.01814	0.07356	0.0001	0.0001	0.02242	0.0001	0.0001	0.0001	0.07845	0.0626	0.11894	0.10319	0.08079	
0.00031	0.00031	0.00031	0.00031	0.00031	0.00938	0.01162	0.00031	0.00031	0.00031	0.00031	0.00992	0.00875	0.00031	0.00875	0.00904	0.0249	0.0	0.05674	0.01434	0.02035	0.00031	0.01497	0.00544	0.0	0.18361	0.00031	0.0	0.0756	0.01906	0.0613	0.01244	0.00875	0.00836	0.0	0.00031	0.02357	0.0	0.02046	0.09799	0.00031	0.00031	0.00031	0.00031	0.00031	0.00031	0.00031	0.00031	0.00031	0.00941	0.00866	0.04415	0.01208	0.00031	0.00031	0.00031	0.00031	0.00031	0.00046	0.00031	0.02486	0.00031	0.00992	0.01612	0.00031	0.16155	0.01033	0.01787	0.01677	0.0227	0.00031	0.0166	0.05068	0.00941	0.01425	0.03642	1.09706	0.0109	0.00031	0.01527	0.00866	0.02389	0.01641	0.03745	0.01739	0.20707	0.02917	0.0157	0.02085	0.0127	0.03831	0.02468	0.03982	0.0	0.0	0.0	0.0074	0.01941	0.0093	0.02351	0.00913	0.01472	0.02047	0.05436	0.0	0.0	0.0199	0.01121	0.01305	0.02869	0.04871	0.06845	0.01678	0.02254	0.00875	0.01087	0.00031	0.01143	0.00892	0.2194	0.01711	0.0	0.29591	0.03872	0.01363	0.00031	0.00031	0.01319	0.00031	0.00031	0.00031	0.07992	0.0421	0.00904	0.14479	0.1855	
0.00024	0.00024	0.00024	0.00024	0.00024	0.08881	0.09367	0.00024	0.00024	0.00024	0.00024	0.10849	0.08028	0.00024	0.08028	0.04762	0.08115	0.05674	0.0	0.10454	0.0601	0.00024	0.03255	0.04061	0.0	0.17586	0.00024	0.0	0.05983	0.00636	0.1689	0.0961	0.08028	0.07531	0.0	0.00024	0.04614	0.0	0.0091	0.21533	0.00024	0.00024	0.00024	0.00024	0.00024	0.00024	0.00024	0.00024	0.00024	0.04489	0.0451	0.03789	0.15115	0.00024	0.00024	0.00024	0.00024	0.00024	0.00173	0.00024	0.06525	0.00024	0.10849	0.03886	0.00024	0.05286	0.05782	0.08094	0.06782	0.13341	0.00024	0.05457	0.0129	0.04489	0.10417	0.10372	0.25418	0.06242	0.00024	0.03164	0.0451	0.21431	0.12607	0.12159	0.13639	0.1784	0.08833	0.12505	0.01344	0.07664	0.0491	0.03875	0.08139	0.0	0.0	0.0	0.03772	0.15339	0.07367	0.04646	0.04866	0.0403	0.03321	0.00487	0.0	0.0	0.07961	0.11661	0.00477	0.03864	0.04694	0.04706	0.1304	0.05408	0.08028	0.08906	0.00024	0.00307	0.06186	0.06064	0.05827	0.0	0.0949	0.04878	0.1082	0.00024	0.00024	0.04053	0.00024	0.00024	0.00024	0.05267	0.20455	0.04762	0.11994	0.10878	
4e-05	4e-05	4e-05	4e-05	4e-05	0.02163	0.03223	4e-05	4e-05	4e-05	4e-05	0.02564	0.01974	4e-05	0.01974	0.02058	0.0299	0.01434	0.10454	0.0	0.04624	4e-05	0.06588	0.01045	0.0	0.03889	4e-05	0.0	0.14078	0.0545	0.2548	0.03526	0.01974	0.01861	0.0	4e-05	0.13899	0.0	0.12437	0.05809	4e-05	4e-05	4e-05	4e-05	4e-05	4e-05	4e-05	4e-05	4e-05	0.01971	0.22778	0.11099	0.03392	4e-05	4e-05	4e-05	4e-05	4e-05	0.00136	4e-05	0.07617	4e-05	0.02564	0.15601	4e-05	0.04145	0.02473	0.14182	0.04813	0.29865	4e-05	0.26148	0.11328	0.01971	0.07016	0.16937	0.60029	0.21251	4e-05	0.07527	0.22778	0.25237	0.14686	0.19493	0.07036	0.26678	0.07647	0.04948	0.10956	0.07173	0.07216	0.08856	0.12204	0.0	0.0	0.0	0.01634	0.0562	0.02183	0.11563	0.02078	0.16113	0.15509	0.09563	0.0	0.0	0.27238	0.02752	0.03373	0.09749	0.13623	0.22588	0.25046	0.02711	0.01974	0.28306	4e-05	0.1102	0.10301	0.20963	0.17351	0.0	0.24128	0.11605	0.14388	4e-05	4e-05	0.15919	4e-05	4e-05	4e-05	0.15377	0.19875	0.02058	0.05639	0.12016	
7e-05	7e-05	7e-05	7e-05	7e-05	0.03117	0.10163	7e-05	7e-05	7e-05	7e-05	0.20645	0.14474	7e-05	0.14474	0.02961	0.06522	0.02035	0.0601	0.04624	0.0	7e-05	0.06235	0.06916	0.0	0.02514	7e-05	0.0	0.06614	0.01542	0.06468	0.10643	0.14474	0.0975	0.0	7e-05	0.06815	0.0	0.102	0.05978	7e-05	7e-05	7e-05	7e-05	7e-05	7e-05	7e-05	7e-05	7e-05	0.02876	0.14308	0.11038	0.13159	7e-05	7e-05	7e-05	7e-05	7e-05	0.00131	7e-05	0.13785	7e-05	0.20645	0.03778	7e-05	0.11216	0.16016	0.13109	0.15745	0.05923	7e-05	0.23569	0.03718	0.02876	0.03814	0.11834	0.13869	0.03884	7e-05	0.14753	0.14308	0.13401	0.14747	0.25869	0.04564	0.17464	0.03706	0.13347	0.07401	0.04786	0.16091	0.16541	0.17893	0.0	0.0	0.0	0.28355	0.12564	0.10143	0.07239	0.03035	0.06842	0.16995	0.18035	0.0	0.0	0.07362	0.22345	0.03961	0.0428	0.12011	0.18981	0.07949	0.10564	0.14474	0.09906	7e-05	0.04192	0.03264	0.04534	0.1409	0.0	0.05598	0.05269	0.12622	7e-05	7e-05	0.06432	7e-05	7e-05	7e-05	0.14237	0.22929	0.02961	0.08854	0.06653	
0.0	0.0	0.0	0.0	0.0	0.0002	8e-05	0.0	0.0	0.0	0.0	0.0001	0.0002	0.0	0.0002	0.00021	0.0001	0.00031	0.00024	4e-05	7e-05	0.0	0.00064	0.0003	0.0	0.00017	0.0	0.0	0.00021	0.00023	0.0001	7e-05	0.0002	0.00015	0.0	0.0	3e-05	0.0	7e-05	8e-05	0.0	0.0	0.0	0.0	0.0	0.0	0.0	0.0	0.0	0.00161	0.00015	4e-05	0.0001	0.0	0.0	0.0	0.0	0.0	0.0	0.0	3e-05	0.0	0.0001	5e-05	0.0	0.0001	0.00012	9e-05	0.00015	0.00037	0.0	0.00045	9e-05	0.00161	9e-05	0.00013	0.00025	0.00011	0.0	0.00061	0.00015	0.00019	0.00043	0.00039	0.00064	7e-05	0.00011	0.00057	0.00015	0.00028	0.00015	0.00035	4e-05	0.0	0.0	0.0	0.00021	9e-05	0.00016	4e-05	0.00057	7e-05	1e-05	6e-05	0.0	0.0	9e-05	0.00017	0.00012	0.00017	4e-05	5e-05	3e-05	6e-05	0.0002	5e-05	0.0	0.00019	0.00013	4e-05	7e-05	0.0	0.00059	0.00018	0.00054	0.0	0.0	0.0001	0.0	0.0	0.0	0.00013	0.00013	0.00021	7e-05	6e-05	
0.00064	0.00064	0.00064	0.00064	0.00064	0.02234	0.17187	0.00064	0.00064	0.00064	0.00064	0.02643	0.02043	0.00064	0.02043	0.02128	0.07785	0.01497	0.03255	0.06588	0.06235	0.00064	0.0	0.01105	0.0	0.03992	0.00064	0.0	0.15501	0.13672	0.08618	0.17281	0.02043	0.21342	0.0	0.00064	0.08843	0.0	0.06142	0.065	0.00064	0.00064	0.00064	0.00064	0.00064	0.00064	0.00064	0.00064	0.00064	0.40207	0.02022	0.11965	0.03488	0.00064	0.00064	0.00064	0.00064	0.00064	0.16129	0.00064	0.0397	0.00064	0.02643	0.15807	0.00064	0.16499	0.0255	0.4937	0.05633	0.24521	0.00064	0.37388	0.12018	0.40207	0.0424	0.12419	0.59798	0.02738	0.00064	0.3248	0.02022	0.113	0.16767	0.18945	0.28343	0.10823	0.11767	0.24332	0.22954	0.07435	0.08883	0.23383	0.13423	0.0	0.0	0.0	0.12334	0.22422	0.44621	0.24387	0.11948	0.57849	0.10899	0.39242	0.0	0.0	0.13648	0.02833	0.03466	0.03837	0.03997	0.04121	0.04906	0.03088	0.02043	0.17556	0.00064	0.02972	0.0237	0.21038	0.10271	0.0	0.26567	0.13848	0.41797	0.00064	0.00064	0.16083	0.00064	0.00064	0.00064	0.06597	0.04408	0.02128	0.05796	0.05729	
0.0003	0.0003	0.0003	0.0003	0.0003	0.00717	0.00856	0.0003	0.0003	0.0003	0.0003	0.0074	0.00673	0.0003	0.00673	0.00693	0.0565	0.00544	0.04061	0.01045	0.06916	0.0003	0.01105	0.0	0.0	0.12822	0.0003	0.0	0.05202	0.0836	0.04329	0.00918	0.00673	0.00643	0.0	0.0003	0.01668	0.0	0.01495	0.01246	0.0003	0.0003	0.0003	0.0003	0.0003	0.0003	0.0003	0.0003	0.0003	0.00751	0.00665	0.03125	0.00888	0.0003	0.0003	0.0003	0.0003	0.0003	0.00064	0.0003	0.01777	0.0003	0.36932	0.01169	0.0003	0.01028	0.00782	0.0128	0.01223	0.01621	0.0003	0.01202	0.0363	0.00751	0.01043	0.02572	0.05655	0.00823	0.0003	0.01124	0.00665	0.01718	0.01197	0.02751	0.0128	0.04006	0.02104	0.01142	0.01525	0.00954	0.02952	0.04236	0.03202	0.0	0.0	0.0	0.00588	0.18018	0.00723	0.05559	0.0072	0.0108	0.0775	0.02154	0.0	0.0	0.01429	0.20348	0.00975	0.03709	0.02153	0.01847	0.01215	0.01641	0.00673	0.00803	0.0003	0.00872	0.0068	0.05551	0.01246	0.0	0.00932	0.02757	0.00998	0.0003	0.0003	0.00966	0.0003	0.0003	0.0003	0.01364	0.02989	0.00693	0.01215	0.0273	
0.0	0.0	0.0	0.0	0.0	0.0	0.0	0.0	0.0	0.0	0.0	0.0	0.0	0.0	0.0	0.0	0.0	0.0	0.0	0.0	0.0	0.0	0.0	0.0	0.0	0.0	0.0	0.0	0.0	0.0	0.0	0.0	0.0	0.0	0.0	0.0	0.0	0.0	0.0	0.0	0.0	0.0	0.0	0.0	0.0	0.0	0.0	0.0	0.0	0.0	0.0	0.0	0.0	0.0	0.0	0.0	0.0	0.0	0.0	0.0	0.0	0.0	0.0	0.0	0.0	0.0	0.0	0.0	0.0	0.0	0.0	0.0	0.0	0.0	0.0	0.0	0.0	0.0	0.0	0.0	0.0	0.0	0.0	0.0	0.0	0.0	0.0	0.0	0.0	0.0	0.0	0.0	0.0	0.0	0.0	0.0	0.0	0.0	0.0	0.0	0.0	0.0	0.0	0.0	0.0	0.0	0.0	0.0	0.0	0.0	0.0	0.0	0.0	0.0	0.0	0.0	0.0	0.0	0.0	0.0	0.0	0.0	0.0	0.0	0.0	0.0	0.0	0.0	0.0	0.0	0.0	0.0	0.0	0.0	0.0	0.0	
0.00017	0.00017	0.00017	0.00017	0.00017	0.04069	0.03014	0.00017	0.00017	0.00017	0.00017	0.10096	0.01962	0.00017	0.01962	0.0204	0.00462	0.18361	0.17586	0.03889	0.02514	0.00017	0.03992	0.12822	0.0	0.0	0.00017	0.0	0.13747	0.02068	0.20542	0.03265	0.01962	0.01858	0.0	0.00017	0.04179	0.0	0.05526	0.11294	0.00017	0.00017	0.00017	0.00017	0.00017	0.00017	0.00017	0.00017	0.00017	0.01974	0.01943	0.04089	0.04159	0.00017	0.00017	0.00017	0.00017	0.00017	0.00074	0.00017	0.07387	0.00017	0.10096	0.04469	0.00017	0.03281	0.02419	0.05243	0.10494	0.06896	0.00017	0.04746	0.03352	0.01974	0.03811	0.04024	0.27651	0.02586	0.00017	0.04093	0.01943	0.06963	0.04532	0.03224	0.04762	0.08503	0.08664	0.04416	0.05634	0.03096	0.0526	0.02806	0.03257	0.0	0.0	0.0	0.01601	0.09699	0.02118	0.02004	0.02024	0.03995	0.07706	0.04608	0.0	0.0	0.05779	0.01292	0.03227	0.0198	0.01734	0.0121	0.04675	0.00058	0.01962	0.02775	0.00017	0.02722	0.12238	0.12452	0.04782	0.0	0.11775	0.12024	0.03726	0.00017	0.00017	0.03514	0.00017	0.00017	0.00017	0.02133	0.13294	0.0204	0.07992	0.1504	
0.0	0.0	0.0	0.0	0.0	0.0002	8e-05	0.0	0.0	0.0	0.0	0.0001	0.0002	0.0	0.0002	0.00021	0.0001	0.00031	0.00024	4e-05	7e-05	0.0	0.00064	0.0003	0.0	0.00017	0.0	0.0	0.00021	0.00023	0.0001	7e-05	0.0002	0.00015	0.0	0.0	3e-05	0.0	7e-05	8e-05	0.0	0.0	0.0	0.0	0.0	0.0	0.0	0.0	0.0	0.00161	0.00015	4e-05	0.0001	0.0	0.0	0.0	0.0	0.0	0.0	0.0	3e-05	0.0	0.0001	5e-05	0.0	0.0001	0.00012	9e-05	0.00015	0.00037	0.0	0.00045	9e-05	0.00161	9e-05	0.00013	0.00025	0.00011	0.0	0.00061	0.00015	0.00019	0.00043	0.00039	0.00064	7e-05	0.00011	0.00057	0.00015	0.00028	0.00015	0.00035	4e-05	0.0	0.0	0.0	0.00021	9e-05	0.00016	4e-05	0.00057	7e-05	1e-05	6e-05	0.0	0.0	9e-05	0.00017	0.00012	0.00017	4e-05	5e-05	3e-05	6e-05	0.0002	5e-05	0.0	0.00019	0.00013	4e-05	7e-05	0.0	0.00059	0.00018	0.00054	0.0	0.0	0.0001	0.0	0.0	0.0	0.00013	0.00013	0.00021	7e-05	6e-05	
0.0	0.0	0.0	0.0	0.0	0.0	0.0	0.0	0.0	0.0	0.0	0.0	0.0	0.0	0.0	0.0	0.0	0.0	0.0	0.0	0.0	0.0	0.0	0.0	0.0	0.0	0.0	0.0	0.0	0.0	0.0	0.0	0.0	0.0	0.0	0.0	0.0	0.0	0.0	0.0	0.0	0.0	0.0	0.0	0.0	0.0	0.0	0.0	0.0	0.0	0.0	0.0	0.0	0.0	0.0	0.0	0.0	0.0	0.0	0.0	0.0	0.0	0.0	0.0	0.0	0.0	0.0	0.0	0.0	0.0	0.0	0.0	0.0	0.0	0.0	0.0	0.0	0.0	0.0	0.0	0.0	0.0	0.0	0.0	0.0	0.0	0.0	0.0	0.0	0.0	0.0	0.0	0.0	0.0	0.0	0.0	0.0	0.0	0.0	0.0	0.0	0.0	0.0	0.0	0.0	0.0	0.0	0.0	0.0	0.0	0.0	0.0	0.0	0.0	0.0	0.0	0.0	0.0	0.0	0.0	0.0	0.0	0.0	0.0	0.0	0.0	0.0	0.0	0.0	0.0	0.0	0.0	0.0	0.0	0.0	0.0	
0.00021	0.00021	0.00021	0.00021	0.00021	0.03712	0.13737	0.00021	0.00021	0.00021	0.00021	0.16115	0.12296	0.00021	0.12296	0.13015	0.04353	0.0756	0.05983	0.14078	0.06614	0.00021	0.15501	0.05202	0.0	0.13747	0.00021	0.0	0.0	0.12936	0.25423	0.14585	0.12296	0.03139	0.0	0.00021	0.2233	0.0	0.03396	0.16511	0.00021	0.00021	0.00021	0.00021	0.00021	0.00021	0.00021	0.00021	0.00021	0.13017	0.03313	0.13469	0.13439	0.00021	0.00021	0.00021	0.00021	0.00021	0.01731	0.00021	0.10272	0.00021	0.16115	0.08061	0.00021	0.13052	0.0366	0.11803	0.10323	0.21877	0.00021	0.16043	0.06579	0.13017	0.07831	0.07529	0.36971	0.06532	0.00021	0.15698	0.03313	0.17602	0.30743	0.13718	0.16374	0.12732	0.13443	0.17209	0.07542	0.05851	0.10271	0.19535	0.20368	0.0	0.0	0.0	0.03713	0.10757	0.04551	0.13612	0.04377	0.08488	0.11673	0.11588	0.0	0.0	0.17298	0.11143	0.06644	0.14621	0.18034	0.06538	0.139	0.07904	0.12296	0.12066	0.00021	0.05255	0.04311	0.28046	0.09618	0.0	0.35009	0.14529	0.22098	0.00021	0.00021	0.09013	0.00021	0.00021	0.00021	0.08011	0.14471	0.13015	0.11264	0.07356	
0.00023	0.00023	0.00023	0.00023	0.00023	0.02844	0.04159	0.00023	0.00023	0.00023	0.00023	0.08054	0.02601	0.00023	0.02601	0.02709	0.00101	0.01906	0.00636	0.0545	0.01542	0.00023	0.13672	0.0836	0.0	0.02068	0.00023	0.0	0.12936	0.0	0.02589	0.03981	0.02601	0.02456	0.0	0.00023	0.07285	0.0	0.00191	0.03302	0.00023	0.00023	0.00023	0.00023	0.00023	0.00023	0.00023	0.00023	0.00023	0.16712	0.02574	0.02029	0.04373	0.00023	0.00023	0.00023	0.00023	0.00023	0.01894	0.00023	0.01998	0.00023	0.08054	0.06318	0.00023	0.05327	0.02193	0.0333	0.07097	0.13862	0.00023	0.12682	0.001	0.16712	0.05317	0.03915	0.04293	0.01054	0.00023	0.13683	0.02574	0.02731	0.04919	0.10585	0.14048	0.06305	0.03215	0.12577	0.07931	0.04203	0.04229	0.15569	0.10497	0.0	0.0	0.0	0.02877	0.07984	0.03292	0.02686	0.03218	0.03614	0.23959	0.041	0.0	0.0	0.03394	0.00316	0.04395	0.01446	0.13566	0.11313	0.01409	0.08752	0.02601	0.03809	0.00023	0.03785	0.02993	0.03706	0.05516	0.0	0.12701	0.01272	0.12527	0.00023	0.00023	0.04895	0.00023	0.00023	0.00023	0.02865	0.0151	0.02709	0.03408	0.03254	
0.0001	0.0001	0.0001	0.0001	0.0001	0.09823	0.06181	0.0001	0.0001	0.0001	0.0001	0.12327	0.08828	0.0001	0.08828	0.03712	0.02277	0.0613	0.1689	0.2548	0.06468	0.0001	0.08618	0.04329	0.0	0.20542	0.0001	0.0	0.25423	0.02589	0.0	0.06107	0.08828	0.03334	0.0	0.0001	0.14241	0.0	0.10299	0.10602	0.0001	0.0001	0.0001	0.0001	0.0001	0.0001	0.0001	0.0001	0.0001	0.03497	0.03511	0.06936	0.17765	0.0001	0.0001	0.0001	0.0001	0.0001	0.00153	0.0001	0.19324	0.0001	0.12327	0.03272	0.0001	0.03162	0.01045	0.12639	0.07114	0.22052	0.0001	0.05488	0.04201	0.03497	0.09406	0.11883	0.23943	0.18141	0.0001	0.08887	0.03511	0.31418	0.17185	0.15713	0.10834	0.08203	0.06372	0.10167	0.15287	0.06037	0.07138	0.1531	0.12324	0.0	0.0	0.0	0.02895	0.06497	0.03972	0.09787	0.03751	0.08814	0.09822	0.1245	0.0	0.0	0.1235	0.13137	0.01782	0.0447	0.08057	0.04779	0.26564	0.0457	0.08828	0.24941	0.0001	0.11856	0.13738	0.12398	0.10987	0.0	0.26415	0.11965	0.10616	0.0001	0.0001	0.04699	0.0001	0.0001	0.0001	0.06192	0.30806	0.03712	0.11547	0.13127	
7e-05	7e-05	7e-05	7e-05	7e-05	0.01853	1.00001	7e-05	7e-05	7e-05	7e-05	0.02158	0.01697	7e-05	0.01697	0.52682	0.13348	0.01244	0.0961	0.03526	0.10643	7e-05	0.17281	0.00918	0.0	0.03265	7e-05	0.0	0.14585	0.03981	0.06107	0.0	0.01697	0.4851	0.0	7e-05	0.15293	0.0	0.04459	0.38847	7e-05	7e-05	7e-05	7e-05	7e-05	7e-05	7e-05	7e-05	7e-05	0.01765	0.01688	0.09713	0.02817	7e-05	7e-05	7e-05	7e-05	7e-05	0.00082	7e-05	0.07489	7e-05	0.02158	0.04076	7e-05	0.60639	0.03156	0.37128	0.10429	0.11443	7e-05	0.04404	0.09747	0.01765	0.19134	0.13927	0.17828	0.02273	7e-05	0.16645	0.01688	0.10645	0.04188	0.09613	0.18079	0.1043	0.10953	0.17789	0.12296	0.02767	0.10039	0.0649	0.16698	0.0	0.0	0.0	0.01395	0.26985	0.48682	0.38168	0.01801	0.20463	0.38261	0.20622	0.0	0.0	0.14001	0.02339	0.02872	0.13615	0.08581	0.11134	0.15205	0.12491	0.01697	0.34772	7e-05	0.02421	0.01882	0.12453	0.18153	0.0	0.03089	0.09507	0.03427	7e-05	7e-05	0.03159	7e-05	7e-05	7e-05	0.1231	0.09276	0.52682	0.0458	0.08897	
0.0002	0.0002	0.0002	0.0002	0.0002	0.01219	0.01577	0.0002	0.0002	0.0002	0.0002	0.63718	0.99971	0.0002	0.99971	0.01171	0.03445	0.00875	0.08028	0.01974	0.14474	0.0002	0.02043	0.00673	0.0	0.01962	0.0002	0.0	0.12296	0.02601	0.08828	0.01697	0.0	0.01077	0.0	0.0002	0.11485	0.0	0.15119	0.0245	0.0002	0.0002	0.0002	0.0002	0.0002	0.0002	0.0002	0.0002	0.0002	0.01181	0.0112	0.04664	0.48692	0.0002	0.0002	0.0002	0.0002	0.0002	0.00063	0.0002	0.03505	0.0002	0.63718	0.18155	0.0002	0.01936	0.01356	0.02515	0.02345	0.03217	0.0002	0.16333	0.05028	0.01181	0.01952	0.05243	0.10009	0.01437	0.0002	0.02087	0.0112	0.0335	0.02265	0.05585	0.02394	0.08322	0.10276	0.02177	0.02862	0.01688	0.08176	0.08924	0.06833	0.0	0.0	0.0	0.00952	0.02731	0.01216	0.03304	0.01181	0.02029	0.02905	0.04388	0.0	0.0	0.02791	0.47133	0.33782	0.07505	0.29464	0.03628	0.02327	0.03107	0.99971	0.01468	0.0002	0.01513	0.01185	0.03004	0.02377	0.0	0.01726	0.05367	0.35176	0.0002	0.0002	0.29108	0.0002	0.0002	0.0002	0.02686	0.06006	0.01171	0.02387	0.04698	
0.00015	0.00015	0.00015	0.00015	0.00015	0.0116	0.48443	0.00015	0.00015	0.00015	0.00015	0.01256	0.01077	0.00015	0.01077	0.01115	0.03246	0.00836	0.07531	0.01861	0.0975	0.00015	0.21342	0.00643	0.0	0.01858	0.00015	0.0	0.03139	0.02456	0.03334	0.4851	0.01077	0.0	0.0	0.00015	0.03155	0.0	0.0265	0.13664	0.00015	0.00015	0.00015	0.00015	0.00015	0.00015	0.00015	0.00015	0.00015	0.0113	0.01066	0.04372	0.01553	0.00015	0.00015	0.00015	0.00015	0.00015	0.00092	0.00015	0.03291	0.00015	0.01256	0.02103	0.00015	0.40186	0.01288	0.26794	0.02227	0.03017	0.00015	0.02177	0.04728	0.0113	0.01842	0.05724	0.19262	0.01364	0.00015	0.20311	0.01066	0.03148	0.02134	0.05231	0.02266	0.07776	0.09618	0.02049	0.13787	0.01601	0.05713	0.0329	0.0542	0.0	0.0	0.0	0.00928	0.29509	1.00036	0.32091	0.01144	0.26533	0.13635	0.12304	0.0	0.0	0.02623	0.01405	0.01653	0.07023	0.04009	0.03415	0.02192	0.02929	0.01077	0.52376	0.00015	0.0145	0.01138	0.02827	0.02248	0.0	0.01629	0.05032	0.01767	0.00015	0.00015	0.01703	0.00015	0.00015	0.00015	0.02522	0.05626	0.01115	0.02242	0.04398	
0.0	0.0	0.0	0.0	0.0	0.0	0.0	0.0	0.0	0.0	0.0	0.0	0.0	0.0	0.0	0.0	0.0	0.0	0.0	0.0	0.0	0.0	0.0	0.0	0.0	0.0	0.0	0.0	0.0	0.0	0.0	0.0	0.0	0.0	0.0	0.0	0.0	0.0	0.0	0.0	0.0	0.0	0.0	0.0	0.0	0.0	0.0	0.0	0.0	0.0	0.0	0.0	0.0	0.0	0.0	0.0	0.0	0.0	0.0	0.0	0.0	0.0	0.0	0.0	0.0	0.0	0.0	0.0	0.0	0.0	0.0	0.0	0.0	0.0	0.0	0.0	0.0	0.0	0.0	0.0	0.0	0.0	0.0	0.0	0.0	0.0	0.0	0.0	0.0	0.0	0.0	0.0	0.0	0.0	0.0	0.0	0.0	0.0	0.0	0.0	0.0	0.0	0.0	0.0	0.0	0.0	0.0	0.0	0.0	0.0	0.0	0.0	0.0	0.0	0.0	0.0	0.0	0.0	0.0	0.0	0.0	0.0	0.0	0.0	0.0	0.0	0.0	0.0	0.0	0.0	0.0	0.0	0.0	0.0	0.0	0.0	
0.0	0.0	0.0	0.0	0.0	0.0002	8e-05	0.0	0.0	0.0	0.0	0.0001	0.0002	0.0	0.0002	0.00021	0.0001	0.00031	0.00024	4e-05	7e-05	0.0	0.00064	0.0003	0.0	0.00017	0.0	0.0	0.00021	0.00023	0.0001	7e-05	0.0002	0.00015	0.0	0.0	3e-05	0.0	7e-05	8e-05	0.0	0.0	0.0	0.0	0.0	0.0	0.0	0.0	0.0	0.00161	0.00015	4e-05	0.0001	0.0	0.0	0.0	0.0	0.0	0.0	0.0	3e-05	0.0	0.0001	5e-05	0.0	0.0001	0.00012	9e-05	0.00015	0.00037	0.0	0.00045	9e-05	0.00161	9e-05	0.00013	0.00025	0.00011	0.0	0.00061	0.00015	0.00019	0.00043	0.00039	0.00064	7e-05	0.00011	0.00057	0.00015	0.00028	0.00015	0.00035	4e-05	0.0	0.0	0.0	0.00021	9e-05	0.00016	4e-05	0.00057	7e-05	1e-05	6e-05	0.0	0.0	9e-05	0.00017	0.00012	0.00017	4e-05	5e-05	3e-05	6e-05	0.0002	5e-05	0.0	0.00019	0.00013	4e-05	7e-05	0.0	0.00059	0.00018	0.00054	0.0	0.0	0.0001	0.0	0.0	0.0	0.00013	0.00013	0.00021	7e-05	6e-05	
3e-05	3e-05	3e-05	3e-05	3e-05	0.13593	0.14385	3e-05	3e-05	3e-05	3e-05	0.11787	0.11485	3e-05	0.11485	0.1371	0.02063	0.02357	0.04614	0.13899	0.06815	3e-05	0.08843	0.01668	0.0	0.04179	3e-05	0.0	0.2233	0.07285	0.14241	0.15293	0.11485	0.03155	0.0	3e-05	0.0	0.0	0.18326	0.24617	3e-05	3e-05	3e-05	3e-05	3e-05	3e-05	3e-05	3e-05	3e-05	0.03308	0.11838	0.13481	0.22658	3e-05	3e-05	3e-05	3e-05	3e-05	0.00156	3e-05	0.08549	3e-05	0.11787	0.07598	3e-05	0.09681	0.03772	0.10871	0.22576	0.15571	3e-05	0.14698	0.01888	0.03308	0.22587	0.12327	0.06909	0.10521	3e-05	0.08208	0.11838	0.16539	0.09176	0.20132	0.16014	0.18556	0.15211	0.11275	0.07414	0.05901	0.22208	0.1468	0.22313	0.0	0.0	0.0	0.02734	0.0769	0.03801	0.18174	0.03578	0.06345	0.15359	0.11263	0.0	0.0	0.22833	0.07021	0.06041	0.08424	0.24417	0.13729	0.19493	0.04566	0.11485	0.11785	3e-05	0.0551	0.08855	0.22567	0.16101	0.0	0.12668	0.03048	0.13602	3e-05	3e-05	0.08466	3e-05	3e-05	3e-05	0.13122	0.18811	0.1371	0.14467	0.19316	
0.0	0.0	0.0	0.0	0.0	0.0	0.0	0.0	0.0	0.0	0.0	0.0	0.0	0.0	0.0	0.0	0.0	0.0	0.0	0.0	0.0	0.0	0.0	0.0	0.0	0.0	0.0	0.0	0.0	0.0	0.0	0.0	0.0	0.0	0.0	0.0	0.0	0.0	0.0	0.0	0.0	0.0	0.0	0.0	0.0	0.0	0.0	0.0	0.0	0.0	0.0	0.0	0.0	0.0	0.0	0.0	0.0	0.0	0.0	0.0	0.0	0.0	0.0	0.0	0.0	0.0	0.0	0.0	0.0	0.0	0.0	0.0	0.0	0.0	0.0	0.0	0.0	0.0	0.0	0.0	0.0	0.0	0.0	0.0	0.0	0.0	0.0	0.0	0.0	0.0	0.0	0.0	0.0	0.0	0.0	0.0	0.0	0.0	0.0	0.0	0.0	0.0	0.0	0.0	0.0	0.0	0.0	0.0	0.0	0.0	0.0	0.0	0.0	0.0	0.0	0.0	0.0	0.0	0.0	0.0	0.0	0.0	0.0	0.0	0.0	0.0	0.0	0.0	0.0	0.0	0.0	0.0	0.0	0.0	0.0	0.0	
7e-05	7e-05	7e-05	7e-05	7e-05	0.03076	0.04549	7e-05	7e-05	7e-05	7e-05	0.1355	0.15119	7e-05	0.15119	0.02928	0.01513	0.02046	0.0091	0.12437	0.102	7e-05	0.06142	0.01495	0.0	0.05526	7e-05	0.0	0.03396	0.00191	0.10299	0.04459	0.15119	0.0265	0.0	7e-05	0.18326	0.0	0.0	0.08212	7e-05	7e-05	7e-05	7e-05	7e-05	7e-05	7e-05	7e-05	7e-05	0.02791	0.14942	0.01938	0.13068	7e-05	7e-05	7e-05	7e-05	7e-05	0.00167	7e-05	0.01324	7e-05	0.1355	0.02652	7e-05	0.05854	0.01693	0.08419	0.05562	0.02647	7e-05	0.21948	0.02438	0.02791	0.02857	0.03669	0.05356	0.03434	7e-05	0.03741	0.14942	0.14664	0.03743	0.09266	0.03403	0.08487	0.0173	0.06962	0.00035	0.04578	0.0352	0.06142	0.10327	0.0	0.0	0.0	0.02339	0.07673	0.03127	0.02041	0.02973	0.06244	0.13531	0.07651	0.0	0.0	0.21438	0.05638	0.03055	0.02013	0.08092	0.16131	0.1233	0.09667	0.15119	0.11394	7e-05	0.03949	0.03255	0.0299	0.13543	0.0	0.10787	0.01604	0.1214	7e-05	7e-05	0.05691	7e-05	7e-05	7e-05	0.13204	0.09386	0.02928	0.07965	0.04288	
8e-05	8e-05	8e-05	8e-05	8e-05	0.29843	0.38884	8e-05	8e-05	8e-05	8e-05	0.07558	0.0245	8e-05	0.0245	0.28647	0.1295	0.09799	0.21533	0.05809	0.05978	8e-05	0.065	0.01246	0.0	0.11294	8e-05	0.0	0.16511	0.03302	0.10602	0.38847	0.0245	0.13664	0.0	8e-05	0.24617	0.0	0.08212	0.0	8e-05	8e-05	8e-05	8e-05	8e-05	8e-05	8e-05	8e-05	8e-05	0.02421	0.02423	0.08831	0.2584	8e-05	8e-05	8e-05	8e-05	8e-05	0.0008	8e-05	0.12843	8e-05	0.03326	0.0685	8e-05	0.4119	0.03126	0.21146	0.28317	0.14661	8e-05	0.07689	0.03164	0.02421	0.24074	0.1574	0.23308	0.03381	8e-05	0.06307	0.02423	0.13135	0.07012	0.10678	0.15817	0.1397	0.11723	0.16205	0.04164	0.04166	0.14156	0.1434	0.39123	0.0	0.0	0.0	0.01937	0.14907	0.13588	0.19538	0.0252	0.07568	0.22653	0.20899	0.0	0.0	0.15447	0.03509	0.0438	0.08411	0.08542	0.08997	0.13998	0.11512	0.0245	0.12966	8e-05	0.0357	0.11202	0.17085	0.15951	0.0	0.10164	0.08067	0.0574	8e-05	8e-05	0.05157	8e-05	8e-05	8e-05	0.12316	0.18266	0.28647	0.24446	0.28179	
0.0	0.0	0.0	0.0	0.0	0.0002	8e-05	0.0	0.0	0.0	0.0	0.0001	0.0002	0.0	0.0002	0.00021	0.0001	0.00031	0.00024	4e-05	7e-05	0.0	0.00064	0.0003	0.0	0.00017	0.0	0.0	0.00021	0.00023	0.0001	7e-05	0.0002	0.00015	0.0	0.0	3e-05	0.0	7e-05	8e-05	0.0	0.0	0.0	0.0	0.0	0.0	0.0	0.0	0.0	0.00161	0.00015	4e-05	0.0001	0.0	0.0	0.0	0.0	0.0	0.0	0.0	3e-05	0.0	0.0001	5e-05	0.0	0.0001	0.00012	9e-05	0.00015	0.00037	0.0	0.00045	9e-05	0.00161	9e-05	0.00013	0.00025	0.00011	0.0	0.00061	0.00015	0.00019	0.00043	0.00039	0.00064	7e-05	0.00011	0.00057	0.00015	0.00028	0.00015	0.00035	4e-05	0.0	0.0	0.0	0.00021	9e-05	0.00016	4e-05	0.00057	7e-05	1e-05	6e-05	0.0	0.0	9e-05	0.00017	0.00012	0.00017	4e-05	5e-05	3e-05	6e-05	0.0002	5e-05	0.0	0.00019	0.00013	4e-05	7e-05	0.0	0.00059	0.00018	0.00054	0.0	0.0	0.0001	0.0	0.0	0.0	0.00013	0.00013	0.00021	7e-05	6e-05	
0.0	0.0	0.0	0.0	0.0	0.0002	8e-05	0.0	0.0	0.0	0.0	0.0001	0.0002	0.0	0.0002	0.00021	0.0001	0.00031	0.00024	4e-05	7e-05	0.0	0.00064	0.0003	0.0	0.00017	0.0	0.0	0.00021	0.00023	0.0001	7e-05	0.0002	0.00015	0.0	0.0	3e-05	0.0	7e-05	8e-05	0.0	0.0	0.0	0.0	0.0	0.0	0.0	0.0	0.0	0.00161	0.00015	4e-05	0.0001	0.0	0.0	0.0	0.0	0.0	0.0	0.0	3e-05	0.0	0.0001	5e-05	0.0	0.0001	0.00012	9e-05	0.00015	0.00037	0.0	0.00045	9e-05	0.00161	9e-05	0.00013	0.00025	0.00011	0.0	0.00061	0.00015	0.00019	0.00043	0.00039	0.00064	7e-05	0.00011	0.00057	0.00015	0.00028	0.00015	0.00035	4e-05	0.0	0.0	0.0	0.00021	9e-05	0.00016	4e-05	0.00057	7e-05	1e-05	6e-05	0.0	0.0	9e-05	0.00017	0.00012	0.00017	4e-05	5e-05	3e-05	6e-05	0.0002	5e-05	0.0	0.00019	0.00013	4e-05	7e-05	0.0	0.00059	0.00018	0.00054	0.0	0.0	0.0001	0.0	0.0	0.0	0.00013	0.00013	0.00021	7e-05	6e-05	
0.0	0.0	0.0	0.0	0.0	0.0002	8e-05	0.0	0.0	0.0	0.0	0.0001	0.0002	0.0	0.0002	0.00021	0.0001	0.00031	0.00024	4e-05	7e-05	0.0	0.00064	0.0003	0.0	0.00017	0.0	0.0	0.00021	0.00023	0.0001	7e-05	0.0002	0.00015	0.0	0.0	3e-05	0.0	7e-05	8e-05	0.0	0.0	0.0	0.0	0.0	0.0	0.0	0.0	0.0	0.00161	0.00015	4e-05	0.0001	0.0	0.0	0.0	0.0	0.0	0.0	0.0	3e-05	0.0	0.0001	5e-05	0.0	0.0001	0.00012	9e-05	0.00015	0.00037	0.0	0.00045	9e-05	0.00161	9e-05	0.00013	0.00025	0.00011	0.0	0.00061	0.00015	0.00019	0.00043	0.00039	0.00064	7e-05	0.00011	0.00057	0.00015	0.00028	0.00015	0.00035	4e-05	0.0	0.0	0.0	0.00021	9e-05	0.00016	4e-05	0.00057	7e-05	1e-05	6e-05	0.0	0.0	9e-05	0.00017	0.00012	0.00017	4e-05	5e-05	3e-05	6e-05	0.0002	5e-05	0.0	0.00019	0.00013	4e-05	7e-05	0.0	0.00059	0.00018	0.00054	0.0	0.0	0.0001	0.0	0.0	0.0	0.00013	0.00013	0.00021	7e-05	6e-05	
0.0	0.0	0.0	0.0	0.0	0.0002	8e-05	0.0	0.0	0.0	0.0	0.0001	0.0002	0.0	0.0002	0.00021	0.0001	0.00031	0.00024	4e-05	7e-05	0.0	0.00064	0.0003	0.0	0.00017	0.0	0.0	0.00021	0.00023	0.0001	7e-05	0.0002	0.00015	0.0	0.0	3e-05	0.0	7e-05	8e-05	0.0	0.0	0.0	0.0	0.0	0.0	0.0	0.0	0.0	0.00161	0.00015	4e-05	0.0001	0.0	0.0	0.0	0.0	0.0	0.0	0.0	3e-05	0.0	0.0001	5e-05	0.0	0.0001	0.00012	9e-05	0.00015	0.00037	0.0	0.00045	9e-05	0.00161	9e-05	0.00013	0.00025	0.00011	0.0	0.00061	0.00015	0.00019	0.00043	0.00039	0.00064	7e-05	0.00011	0.00057	0.00015	0.00028	0.00015	0.00035	4e-05	0.0	0.0	0.0	0.00021	9e-05	0.00016	4e-05	0.00057	7e-05	1e-05	6e-05	0.0	0.0	9e-05	0.00017	0.00012	0.00017	4e-05	5e-05	3e-05	6e-05	0.0002	5e-05	0.0	0.00019	0.00013	4e-05	7e-05	0.0	0.00059	0.00018	0.00054	0.0	0.0	0.0001	0.0	0.0	0.0	0.00013	0.00013	0.00021	7e-05	6e-05	
0.0	0.0	0.0	0.0	0.0	0.0002	8e-05	0.0	0.0	0.0	0.0	0.0001	0.0002	0.0	0.0002	0.00021	0.0001	0.00031	0.00024	4e-05	7e-05	0.0	0.00064	0.0003	0.0	0.00017	0.0	0.0	0.00021	0.00023	0.0001	7e-05	0.0002	0.00015	0.0	0.0	3e-05	0.0	7e-05	8e-05	0.0	0.0	0.0	0.0	0.0	0.0	0.0	0.0	0.0	0.00161	0.00015	4e-05	0.0001	0.0	0.0	0.0	0.0	0.0	0.0	0.0	3e-05	0.0	0.0001	5e-05	0.0	0.0001	0.00012	9e-05	0.00015	0.00037	0.0	0.00045	9e-05	0.00161	9e-05	0.00013	0.00025	0.00011	0.0	0.00061	0.00015	0.00019	0.00043	0.00039	0.00064	7e-05	0.00011	0.00057	0.00015	0.00028	0.00015	0.00035	4e-05	0.0	0.0	0.0	0.00021	9e-05	0.00016	4e-05	0.00057	7e-05	1e-05	6e-05	0.0	0.0	9e-05	0.00017	0.00012	0.00017	4e-05	5e-05	3e-05	6e-05	0.0002	5e-05	0.0	0.00019	0.00013	4e-05	7e-05	0.0	0.00059	0.00018	0.00054	0.0	0.0	0.0001	0.0	0.0	0.0	0.00013	0.00013	0.00021	7e-05	6e-05	
