0.0	0.0003	0.0	0.0	0.0	0.0	2e-05	5e-05	0.0	0.0	0.00029	0.0	0.0	0.00024	0.00014	0.0	0.00027	0.00012	0.00031	0.00026	0.00015	0.00014	8e-05	0.0	0.00024	0.00012	0.0	0.0	0.0	0.0	0.0	0.0	0.0	0.0	5e-05	0.0	0.0	0.0	0.0	2e-05	0.0	0.00015	5e-05	0.00013	8e-05	0.0009	0.0	0.0	0.0	0.0	4e-05	0.00013	0.00015	9e-05	0.0	0.0	8e-05	8e-05	9e-05	0.00021	9e-05	2e-05	0.00022	0.00013	0.00015	0.0003	0.0	0.0	0.0	0.0	0.0	0.0	0.00038	0.00024	0.0002	0.00012	
0.0003	0.0	0.0003	0.0003	0.0003	0.0003	0.04999	0.0214	0.0003	0.0003	0.0116	0.0003	0.0003	0.029	0.12879	0.0	0.20678	0.04719	0.21096	0.10857	0.17892	0.42436	0.09045	0.03053	0.00762	0.28199	0.0003	0.0003	0.0003	0.0003	0.0003	0.0003	0.0003	0.0003	0.09944	0.0003	0.0003	0.0003	0.0003	0.1521	0.07772	0.21431	0.12291	0.12102	0.07519	0.33684	0.0003	0.0003	0.0003	0.0003	0.31913	0.09613	0.30594	0.17961	0.0	0.0	0.03623	0.08419	0.02194	0.28162	0.02325	0.0965	0.68558	0.23331	0.30857	1.00019	0.0003	0.0003	0.0003	0.0	0.0003	0.0003	0.0095	0.00762	0.66947	0.01565	
0.0	0.0003	0.0	0.0	0.0	0.0	2e-05	5e-05	0.0	0.0	0.00029	0.0	0.0	0.00024	0.00014	0.0	0.00027	0.00012	0.00031	0.00026	0.00015	0.00014	8e-05	0.0	0.00024	0.00012	0.0	0.0	0.0	0.0	0.0	0.0	0.0	0.0	5e-05	0.0	0.0	0.0	0.0	2e-05	0.0	0.00015	5e-05	0.00013	8e-05	0.0009	0.0	0.0	0.0	0.0	4e-05	0.00013	0.00015	9e-05	0.0	0.0	8e-05	8e-05	9e-05	0.00021	9e-05	2e-05	0.00022	0.00013	0.00015	0.0003	0.0	0.0	0.0	0.0	0.0	0.0	0.00038	0.00024	0.0002	0.00012	
0.0	0.0003	0.0	0.0	0.0	0.0	2e-05	5e-05	0.0	0.0	0.00029	0.0	0.0	0.00024	0.00014	0.0	0.00027	0.00012	0.00031	0.00026	0.00015	0.00014	8e-05	0.0	0.00024	0.00012	0.0	0.0	0.0	0.0	0.0	0.0	0.0	0.0	5e-05	0.0	0.0	0.0	0.0	2e-05	0.0	0.00015	5e-05	0.00013	8e-05	0.0009	0.0	0.0	0.0	0.0	4e-05	0.00013	0.00015	9e-05	0.0	0.0	8e-05	8e-05	9e-05	0.00021	9e-05	2e-05	0.00022	0.00013	0.00015	0.0003	0.0	0.0	0.0	0.0	0.0	0.0	0.00038	0.00024	0.0002	0.00012	
0.0	0.0003	0.0	0.0	0.0	0.0	2e-05	5e-05	0.0	0.0	0.00029	0.0	0.0	0.00024	0.00014	0.0	0.00027	0.00012	0.00031	0.00026	0.00015	0.00014	8e-05	0.0	0.00024	0.00012	0.0	0.0	0.0	0.0	0.0	0.0	0.0	0.0	5e-05	0.0	0.0	0.0	0.0	2e-05	0.0	0.00015	5e-05	0.00013	8e-05	0.0009	0.0	0.0	0.0	0.0	4e-05	0.00013	0.00015	9e-05	0.0	0.0	8e-05	8e-05	9e-05	0.00021	9e-05	2e-05	0.00022	0.00013	0.00015	0.0003	0.0	0.0	0.0	0.0	0.0	0.0	0.00038	0.00024	0.0002	0.00012	
0.0	0.0003	0.0	0.0	0.0	0.0	2e-05	5e-05	0.0	0.0	0.00029	0.0	0.0	0.00024	0.00014	0.0	0.00027	0.00012	0.00031	0.00026	0.00015	0.00014	8e-05	0.0	0.00024	0.00012	0.0	0.0	0.0	0.0	0.0	0.0	0.0	0.0	5e-05	0.0	0.0	0.0	0.0	2e-05	0.0	0.00015	5e-05	0.00013	8e-05	0.0009	0.0	0.0	0.0	0.0	4e-05	0.00013	0.00015	9e-05	0.0	0.0	8e-05	8e-05	9e-05	0.00021	9e-05	2e-05	0.00022	0.00013	0.00015	0.0003	0.0	0.0	0.0	0.0	0.0	0.0	0.00038	0.00024	0.0002	0.00012	
2e-05	0.04999	2e-05	2e-05	2e-05	2e-05	0.0	0.13505	2e-05	2e-05	0.02806	2e-05	2e-05	0.05007	0.15623	0.0	0.16571	0.19969	0.17636	0.05548	0.07011	0.06463	0.06992	0.01658	0.03242	0.02958	2e-05	2e-05	2e-05	2e-05	2e-05	2e-05	2e-05	2e-05	0.07103	2e-05	2e-05	2e-05	2e-05	0.13427	0.13379	0.1171	0.09684	0.22379	0.15156	0.37165	2e-05	2e-05	2e-05	2e-05	0.05868	0.15221	0.12601	0.18324	0.0	0.21234	0.1735	0.09213	0.17378	0.20439	0.03973	0.06556	0.12874	0.13993	0.13845	0.04999	2e-05	2e-05	2e-05	0.50698	2e-05	2e-05	0.02171	0.03242	0.06521	0.01017	
5e-05	0.0214	5e-05	5e-05	5e-05	5e-05	0.13505	0.0	5e-05	5e-05	0.01303	5e-05	5e-05	0.03792	0.06244	0.0	0.07951	0.1769	0.13254	0.04897	0.03351	0.02607	0.04394	0.02662	0.13174	0.03908	5e-05	5e-05	5e-05	5e-05	5e-05	5e-05	5e-05	5e-05	0.08808	5e-05	5e-05	5e-05	5e-05	0.08164	0.09855	0.06845	0.06473	0.08374	0.27648	0.16895	5e-05	5e-05	5e-05	5e-05	0.03471	0.08004	0.09058	0.03389	0.0	0.16805	0.12985	0.04089	0.03134	0.12996	0.02748	0.07449	0.11439	0.04868	0.07333	0.0214	5e-05	5e-05	5e-05	0.0	5e-05	5e-05	0.0104	0.13174	0.02566	0.03643	
0.0	0.0003	0.0	0.0	0.0	0.0	2e-05	5e-05	0.0	0.0	0.00029	0.0	0.0	0.00024	0.00014	0.0	0.00027	0.00012	0.00031	0.00026	0.00015	0.00014	8e-05	0.0	0.00024	0.00012	0.0	0.0	0.0	0.0	0.0	0.0	0.0	0.0	5e-05	0.0	0.0	0.0	0.0	2e-05	0.0	0.00015	5e-05	0.00013	8e-05	0.0009	0.0	0.0	0.0	0.0	4e-05	0.00013	0.00015	9e-05	0.0	0.0	8e-05	8e-05	9e-05	0.00021	9e-05	2e-05	0.00022	0.00013	0.00015	0.0003	0.0	0.0	0.0	0.0	0.0	0.0	0.00038	0.00024	0.0002	0.00012	
0.0	0.0003	0.0	0.0	0.0	0.0	2e-05	5e-05	0.0	0.0	0.00029	0.0	0.0	0.00024	0.00014	0.0	0.00027	0.00012	0.00031	0.00026	0.00015	0.00014	8e-05	0.0	0.00024	0.00012	0.0	0.0	0.0	0.0	0.0	0.0	0.0	0.0	5e-05	0.0	0.0	0.0	0.0	2e-05	0.0	0.00015	5e-05	0.00013	8e-05	0.0009	0.0	0.0	0.0	0.0	4e-05	0.00013	0.00015	9e-05	0.0	0.0	8e-05	8e-05	9e-05	0.00021	9e-05	2e-05	0.00022	0.00013	0.00015	0.0003	0.0	0.0	0.0	0.0	0.0	0.0	0.00038	0.00024	0.0002	0.00012	
0.00029	0.0116	0.00029	0.00029	0.00029	0.00029	0.02806	0.01303	0.00029	0.00029	0.0	0.00029	0.00029	0.14605	0.06785	0.0	0.10251	0.02666	0.11274	0.03924	0.01613	0.02059	0.0391	0.0	0.00536	0.14843	0.00029	0.00029	0.00029	0.00029	0.00029	0.00029	0.00029	0.00029	0.05642	0.00029	0.00029	0.00029	0.00029	0.04333	0.05425	0.06199	0.06759	0.03424	0.0424	0.43957	0.00029	0.00029	0.00029	0.00029	0.016	0.05311	0.044	0.02165	0.0	0.0	0.05888	0.05904	0.14898	0.04554	0.37848	0.02993	0.01375	0.12508	0.06157	0.0116	0.00029	0.00029	0.00029	0.27983	0.00029	0.00029	0.00658	0.00536	0.01264	0.01017	
0.0	0.0003	0.0	0.0	0.0	0.0	2e-05	5e-05	0.0	0.0	0.00029	0.0	0.0	0.00024	0.00014	0.0	0.00027	0.00012	0.00031	0.00026	0.00015	0.00014	8e-05	0.0	0.00024	0.00012	0.0	0.0	0.0	0.0	0.0	0.0	0.0	0.0	5e-05	0.0	0.0	0.0	0.0	2e-05	0.0	0.00015	5e-05	0.00013	8e-05	0.0009	0.0	0.0	0.0	0.0	4e-05	0.00013	0.00015	9e-05	0.0	0.0	8e-05	8e-05	9e-05	0.00021	9e-05	2e-05	0.00022	0.00013	0.00015	0.0003	0.0	0.0	0.0	0.0	0.0	0.0	0.00038	0.00024	0.0002	0.00012	
0.0	0.0003	0.0	0.0	0.0	0.0	2e-05	5e-05	0.0	0.0	0.00029	0.0	0.0	0.00024	0.00014	0.0	0.00027	0.00012	0.00031	0.00026	0.00015	0.00014	8e-05	0.0	0.00024	0.00012	0.0	0.0	0.0	0.0	0.0	0.0	0.0	0.0	5e-05	0.0	0.0	0.0	0.0	2e-05	0.0	0.00015	5e-05	0.00013	8e-05	0.0009	0.0	0.0	0.0	0.0	4e-05	0.00013	0.00015	9e-05	0.0	0.0	8e-05	8e-05	9e-05	0.00021	9e-05	2e-05	0.00022	0.00013	0.00015	0.0003	0.0	0.0	0.0	0.0	0.0	0.0	0.00038	0.00024	0.0002	0.00012	
0.00024	0.029	0.00024	0.00024	0.00024	0.00024	0.05007	0.03792	0.00024	0.00024	0.14605	0.00024	0.00024	0.0	0.25052	0.0	0.17338	0.14683	0.05321	0.14386	0.07011	0.06893	0.09178	0.75345	0.01057	0.1125	0.00024	0.00024	0.00024	0.00024	0.00024	0.00024	0.00024	0.00024	0.212	0.00024	0.00024	0.00024	0.00024	0.09506	0.0547	0.31271	0.29279	0.14094	0.16092	0.28565	0.00024	0.00024	0.00024	0.00024	0.03533	0.22218	0.18562	0.06768	0.0	0.0	0.06395	0.07973	0.04085	0.20197	0.12676	0.07708	0.03845	0.07631	0.31099	0.029	0.00024	0.00024	0.00024	0.84254	0.00024	0.00024	0.15447	0.01057	0.03585	0.02458	
0.00014	0.12879	0.00014	0.00014	0.00014	0.00014	0.15623	0.06244	0.00014	0.00014	0.06785	0.00014	0.00014	0.25052	0.0	0.0	0.30979	0.14308	0.10008	0.24889	0.17114	0.14349	0.03299	0.05538	0.01498	0.12712	0.00014	0.00014	0.00014	0.00014	0.00014	0.00014	0.00014	0.00014	0.29246	0.00014	0.00014	0.00014	0.00014	0.20021	0.14639	0.28214	0.36815	0.18631	0.18395	0.48107	0.00014	0.00014	0.00014	0.00014	0.146	0.36262	0.24297	0.161	0.0	0.76991	0.10119	0.15167	0.02791	0.28864	0.09686	0.14474	0.12901	0.218	0.34046	0.12879	0.00014	0.00014	0.00014	0.55858	0.00014	0.00014	0.09994	0.01498	0.12881	0.03737	
0.0	0.0	0.0	0.0	0.0	0.0	0.0	0.0	0.0	0.0	0.0	0.0	0.0	0.0	0.0	0.0	0.0	0.0	0.0	0.0	0.0	0.0	0.0	0.0	0.0	0.0	0.0	0.0	0.0	0.0	0.0	0.0	0.0	0.0	0.0	0.0	0.0	0.0	0.0	0.0	0.0	0.0	0.0	0.0	0.0	0.0	0.0	0.0	0.0	0.0	0.0	0.0	0.0	0.0	0.0	0.0	0.0	0.0	0.0	0.0	0.0	0.0	0.0	0.0	0.0	0.0	0.0	0.0	0.0	0.0	0.0	0.0	0.0	0.0	0.0	0.0	
0.00027	0.20678	0.00027	0.00027	0.00027	0.00027	0.16571	0.07951	0.00027	0.00027	0.10251	0.00027	0.00027	0.17338	0.30979	0.0	0.0	0.22864	0.25825	0.09863	0.06122	0.16306	0.02435	0.04384	0.01924	0.32657	0.00027	0.00027	0.00027	0.00027	0.00027	0.00027	0.00027	0.00027	0.21749	0.00027	0.00027	0.00027	0.00027	0.10066	0.06017	0.32967	0.3738	0.20203	0.21462	0.96948	0.00027	0.00027	0.00027	0.00027	0.15042	0.36442	0.21918	0.12822	0.0	0.36804	0.09915	0.14309	0.01799	0.56533	0.08925	0.10065	0.20905	0.24248	0.47338	0.20678	0.00027	0.00027	0.00027	1.53577	0.00027	0.00027	0.04471	0.01924	0.20132	0.02092	
0.00012	0.04719	0.00012	0.00012	0.00012	0.00012	0.19969	0.1769	0.00012	0.00012	0.02666	0.00012	0.00012	0.14683	0.14308	0.0	0.22864	0.0	0.19958	0.15997	0.07524	0.06921	0.06683	0.11292	0.01585	0.0972	0.00012	0.00012	0.00012	0.00012	0.00012	0.00012	0.00012	0.00012	0.08981	0.00012	0.00012	0.00012	0.00012	0.12755	0.15595	0.15305	0.18006	0.17126	0.36196	0.44642	0.00012	0.00012	0.00012	0.00012	0.1037	0.21578	0.12893	0.18214	0.0	0.24146	0.10586	0.09066	0.02966	0.25976	0.07339	0.05819	0.07796	0.09415	0.21021	0.04719	0.00012	0.00012	0.00012	0.85195	0.00012	0.00012	0.10595	0.01585	0.06123	0.0394	
0.00031	0.21096	0.00031	0.00031	0.00031	0.00031	0.17636	0.13254	0.00031	0.00031	0.11274	0.00031	0.00031	0.05321	0.10008	0.0	0.25825	0.19958	0.0	0.12277	0.23014	0.11176	0.02648	0.02457	0.01371	0.13696	0.00031	0.00031	0.00031	0.00031	0.00031	0.00031	0.00031	0.00031	0.02164	0.00031	0.00031	0.00031	0.00031	0.15989	0.13275	0.11357	0.09316	0.12013	0.20198	0.89515	0.00031	0.00031	0.00031	0.00031	0.20095	0.10417	0.09197	0.17215	0.0	0.07262	0.04561	0.02481	0.03819	0.14622	0.10265	0.05336	0.17707	0.11613	0.25847	0.21096	0.00031	0.00031	0.00031	0.0	0.00031	0.00031	0.01704	0.01371	0.17007	0.03082	
0.00026	0.10857	0.00026	0.00026	0.00026	0.00026	0.05548	0.04897	0.00026	0.00026	0.03924	0.00026	0.00026	0.14386	0.24889	0.0	0.09863	0.15997	0.12277	0.0	0.35475	0.12184	0.17042	0.0676	0.02322	0.09312	0.00026	0.00026	0.00026	0.00026	0.00026	0.00026	0.00026	0.00026	0.04401	0.00026	0.00026	0.00026	0.00026	0.10434	0.10576	0.18089	0.14343	0.09678	0.1043	0.52838	0.00026	0.00026	0.00026	0.00026	0.19568	0.20583	0.33929	0.22496	0.0	0.02974	0.17319	0.12518	0.02312	0.15474	0.04187	0.13825	0.12529	0.10591	0.2166	0.10857	0.00026	0.00026	0.00026	1.12789	0.00026	0.00026	0.03011	0.02322	0.13493	0.01584	
0.00015	0.17892	0.00015	0.00015	0.00015	0.00015	0.07011	0.03351	0.00015	0.00015	0.01613	0.00015	0.00015	0.07011	0.17114	0.0	0.06122	0.07524	0.23014	0.35475	0.0	0.21082	0.07107	0.02146	0.00982	0.05482	0.00015	0.00015	0.00015	0.00015	0.00015	0.00015	0.00015	0.00015	0.06951	0.00015	0.00015	0.00015	0.00015	0.17481	0.17018	0.0661	0.03978	0.06834	0.06719	0.1816	0.00015	0.00015	0.00015	0.00015	0.2408	0.04303	0.18676	0.28492	0.0	0.08491	0.0647	0.12841	0.03278	0.11713	0.03712	0.19192	0.15399	0.05795	0.30423	0.17892	0.00015	0.00015	0.00015	0.19064	0.00015	0.00015	0.01236	0.00982	0.1493	0.02253	
0.00014	0.42436	0.00014	0.00014	0.00014	0.00014	0.06463	0.02607	0.00014	0.00014	0.02059	0.00014	0.00014	0.06893	0.14349	0.0	0.16306	0.06921	0.11176	0.12184	0.21082	0.0	0.08282	0.02567	0.06626	0.19561	0.00014	0.00014	0.00014	0.00014	0.00014	0.00014	0.00014	0.00014	0.0885	0.00014	0.00014	0.00014	0.00014	0.28648	0.10117	0.23969	0.14715	0.12313	0.06432	0.31118	0.00014	0.00014	0.00014	0.00014	0.22441	0.2253	0.2304	0.16057	0.0	0.46733	0.06021	0.16931	0.04428	0.32733	0.05614	0.10701	0.37137	0.14398	0.35444	0.42436	0.00014	0.00014	0.00014	0.0	0.00014	0.00014	0.01605	0.06626	0.3646	0.01672	
8e-05	0.09045	8e-05	8e-05	8e-05	8e-05	0.06992	0.04394	8e-05	8e-05	0.0391	8e-05	8e-05	0.09178	0.03299	0.0	0.02435	0.06683	0.02648	0.17042	0.07107	0.08282	0.0	0.11541	0.02312	0.01897	8e-05	8e-05	8e-05	8e-05	8e-05	8e-05	8e-05	8e-05	0.04135	8e-05	8e-05	8e-05	8e-05	0.03956	0.05658	0.18475	0.05133	0.09744	0.08095	0.13768	8e-05	8e-05	8e-05	8e-05	0.05027	0.04527	0.20781	0.12339	0.0	0.06763	0.20831	0.07348	0.01849	0.14951	0.11253	0.11677	0.11866	0.02417	0.16649	0.09045	8e-05	8e-05	8e-05	0.72804	8e-05	8e-05	0.0301	0.02312	0.10026	0.09846	
0.0	0.03053	0.0	0.0	0.0	0.0	0.01658	0.02662	0.0	0.0	0.0	0.0	0.0	0.75345	0.05538	0.0	0.04384	0.11292	0.02457	0.0676	0.02146	0.02567	0.11541	0.0	0.01559	0.0245	0.0	0.0	0.0	0.0	0.0	0.0	0.0	0.0	0.12891	0.0	0.0	0.0	0.0	0.02236	0.06183	0.17488	0.17945	0.02795	0.02658	0.23496	0.0	0.0	0.0	0.0	0.13328	0.07881	0.14291	0.06473	0.0	0.0	0.03186	0.14559	0.0034	0.06325	0.14215	0.03393	0.03278	0.00366	0.20471	0.03053	0.0	0.0	0.0	0.0	0.0	0.0	0.0	0.01559	0.02912	0.02506	
0.00024	0.00762	0.00024	0.00024	0.00024	0.00024	0.03242	0.13174	0.00024	0.00024	0.00536	0.00024	0.00024	0.01057	0.01498	0.0	0.01924	0.01585	0.01371	0.02322	0.00982	0.06626	0.02312	0.01559	0.0	0.01177	0.00024	0.00024	0.00024	0.00024	0.00024	0.00024	0.00024	0.00024	0.02313	0.00024	0.00024	0.00024	0.00024	0.0427	0.02423	0.01637	0.01672	0.02023	0.03058	0.03451	0.00024	0.00024	0.00024	0.00024	0.00985	0.01968	0.02582	0.01292	0.0	0.13523	0.01239	0.02437	0.00875	0.01936	0.11505	0.01771	0.00857	0.01415	0.01738	0.00762	0.00024	0.00024	0.00024	0.0	0.00024	0.00024	0.00461	0.99953	0.00799	0.2475	
0.00012	0.28199	0.00012	0.00012	0.00012	0.00012	0.02958	0.03908	0.00012	0.00012	0.14843	0.00012	0.00012	0.1125	0.12712	0.0	0.32657	0.0972	0.13696	0.09312	0.05482	0.19561	0.01897	0.0245	0.01177	0.0	0.00012	0.00012	0.00012	0.00012	0.00012	0.00012	0.00012	0.00012	0.21133	0.00012	0.00012	0.00012	0.00012	0.06234	0.03714	0.18404	0.28346	0.10126	0.15966	0.91371	0.00012	0.00012	0.00012	0.00012	0.37383	0.21438	0.21594	0.07086	0.0	0.0	0.05722	0.13269	0.03674	0.22859	0.12024	0.06874	0.23462	0.19102	0.25601	0.28199	0.00012	0.00012	0.00012	0.14318	0.00012	0.00012	0.015	0.01177	0.23368	0.02644	
0.0	0.0003	0.0	0.0	0.0	0.0	2e-05	5e-05	0.0	0.0	0.00029	0.0	0.0	0.00024	0.00014	0.0	0.00027	0.00012	0.00031	0.00026	0.00015	0.00014	8e-05	0.0	0.00024	0.00012	0.0	0.0	0.0	0.0	0.0	0.0	0.0	0.0	5e-05	0.0	0.0	0.0	0.0	2e-05	0.0	0.00015	5e-05	0.00013	8e-05	0.0009	0.0	0.0	0.0	0.0	4e-05	0.00013	0.00015	9e-05	0.0	0.0	8e-05	8e-05	9e-05	0.00021	9e-05	2e-05	0.00022	0.00013	0.00015	0.0003	0.0	0.0	0.0	0.0	0.0	0.0	0.00038	0.00024	0.0002	0.00012	
0.0	0.0003	0.0	0.0	0.0	0.0	2e-05	5e-05	0.0	0.0	0.00029	0.0	0.0	0.00024	0.00014	0.0	0.00027	0.00012	0.00031	0.00026	0.00015	0.00014	8e-05	0.0	0.00024	0.00012	0.0	0.0	0.0	0.0	0.0	0.0	0.0	0.0	5e-05	0.0	0.0	0.0	0.0	2e-05	0.0	0.00015	5e-05	0.00013	8e-05	0.0009	0.0	0.0	0.0	0.0	4e-05	0.00013	0.00015	9e-05	0.0	0.0	8e-05	8e-05	9e-05	0.00021	9e-05	2e-05	0.00022	0.00013	0.00015	0.0003	0.0	0.0	0.0	0.0	0.0	0.0	0.00038	0.00024	0.0002	0.00012	
0.0	0.0003	0.0	0.0	0.0	0.0	2e-05	5e-05	0.0	0.0	0.00029	0.0	0.0	0.00024	0.00014	0.0	0.00027	0.00012	0.00031	0.00026	0.00015	0.00014	8e-05	0.0	0.00024	0.00012	0.0	0.0	0.0	0.0	0.0	0.0	0.0	0.0	5e-05	0.0	0.0	0.0	0.0	2e-05	0.0	0.00015	5e-05	0.00013	8e-05	0.0009	0.0	0.0	0.0	0.0	4e-05	0.00013	0.00015	9e-05	0.0	0.0	8e-05	8e-05	9e-05	0.00021	9e-05	2e-05	0.00022	0.00013	0.00015	0.0003	0.0	0.0	0.0	0.0	0.0	0.0	0.00038	0.00024	0.0002	0.00012	
0.0	0.0003	0.0	0.0	0.0	0.0	2e-05	5e-05	0.0	0.0	0.00029	0.0	0.0	0.00024	0.00014	0.0	0.00027	0.00012	0.00031	0.00026	0.00015	0.00014	8e-05	0.0	0.00024	0.00012	0.0	0.0	0.0	0.0	0.0	0.0	0.0	0.0	5e-05	0.0	0.0	0.0	0.0	2e-05	0.0	0.00015	5e-05	0.00013	8e-05	0.0009	0.0	0.0	0.0	0.0	4e-05	0.00013	0.00015	9e-05	0.0	0.0	8e-05	8e-05	9e-05	0.00021	9e-05	2e-05	0.00022	0.00013	0.00015	0.0003	0.0	0.0	0.0	0.0	0.0	0.0	0.00038	0.00024	0.0002	0.00012	
0.0	0.0003	0.0	0.0	0.0	0.0	2e-05	5e-05	0.0	0.0	0.00029	0.0	0.0	0.00024	0.00014	0.0	0.00027	0.00012	0.00031	0.00026	0.00015	0.00014	8e-05	0.0	0.00024	0.00012	0.0	0.0	0.0	0.0	0.0	0.0	0.0	0.0	5e-05	0.0	0.0	0.0	0.0	2e-05	0.0	0.00015	5e-05	0.00013	8e-05	0.0009	0.0	0.0	0.0	0.0	4e-05	0.00013	0.00015	9e-05	0.0	0.0	8e-05	8e-05	9e-05	0.00021	9e-05	2e-05	0.00022	0.00013	0.00015	0.0003	0.0	0.0	0.0	0.0	0.0	0.0	0.00038	0.00024	0.0002	0.00012	
0.0	0.0003	0.0	0.0	0.0	0.0	2e-05	5e-05	0.0	0.0	0.00029	0.0	0.0	0.00024	0.00014	0.0	0.00027	0.00012	0.00031	0.00026	0.00015	0.00014	8e-05	0.0	0.00024	0.00012	0.0	0.0	0.0	0.0	0.0	0.0	0.0	0.0	5e-05	0.0	0.0	0.0	0.0	2e-05	0.0	0.00015	5e-05	0.00013	8e-05	0.0009	0.0	0.0	0.0	0.0	4e-05	0.00013	0.00015	9e-05	0.0	0.0	8e-05	8e-05	9e-05	0.00021	9e-05	2e-05	0.00022	0.00013	0.00015	0.0003	0.0	0.0	0.0	0.0	0.0	0.0	0.00038	0.00024	0.0002	0.00012	
0.0	0.0003	0.0	0.0	0.0	0.0	2e-05	5e-05	0.0	0.0	0.00029	0.0	0.0	0.00024	0.00014	0.0	0.00027	0.00012	0.00031	0.00026	0.00015	0.00014	8e-05	0.0	0.00024	0.00012	0.0	0.0	0.0	0.0	0.0	0.0	0.0	0.0	5e-05	0.0	0.0	0.0	0.0	2e-05	0.0	0.00015	5e-05	0.00013	8e-05	0.0009	0.0	0.0	0.0	0.0	4e-05	0.00013	0.00015	9e-05	0.0	0.0	8e-05	8e-05	9e-05	0.00021	9e-05	2e-05	0.00022	0.00013	0.00015	0.0003	0.0	0.0	0.0	0.0	0.0	0.0	0.00038	0.00024	0.0002	0.00012	
0.0	0.0003	0.0	0.0	0.0	0.0	2e-05	5e-05	0.0	0.0	0.00029	0.0	0.0	0.00024	0.00014	0.0	0.00027	0.00012	0.00031	0.00026	0.00015	0.00014	8e-05	0.0	0.00024	0.00012	0.0	0.0	0.0	0.0	0.0	0.0	0.0	0.0	5e-05	0.0	0.0	0.0	0.0	2e-05	0.0	0.00015	5e-05	0.00013	8e-05	0.0009	0.0	0.0	0.0	0.0	4e-05	0.00013	0.00015	9e-05	0.0	0.0	8e-05	8e-05	9e-05	0.00021	9e-05	2e-05	0.00022	0.00013	0.00015	0.0003	0.0	0.0	0.0	0.0	0.0	0.0	0.00038	0.00024	0.0002	0.00012	
5e-05	0.09944	5e-05	5e-05	5e-05	5e-05	0.07103	0.08808	5e-05	5e-05	0.05642	5e-05	5e-05	0.212	0.29246	0.0	0.21749	0.08981	0.02164	0.04401	0.06951	0.0885	0.04135	0.12891	0.02313	0.21133	5e-05	5e-05	5e-05	5e-05	5e-05	5e-05	5e-05	5e-05	0.0	5e-05	5e-05	5e-05	5e-05	0.0196	0.1184	0.30951	0.4933	0.30821	0.32563	0.41987	5e-05	5e-05	5e-05	5e-05	0.14602	0.45387	0.17884	0.05391	0.0	0.46012	0.15464	0.08267	0.00262	0.22747	0.09961	0.33019	0.10338	0.09246	0.62556	0.09944	5e-05	5e-05	5e-05	0.0	5e-05	5e-05	0.04394	0.02313	0.10392	0.05552	
0.0	0.0003	0.0	0.0	0.0	0.0	2e-05	5e-05	0.0	0.0	0.00029	0.0	0.0	0.00024	0.00014	0.0	0.00027	0.00012	0.00031	0.00026	0.00015	0.00014	8e-05	0.0	0.00024	0.00012	0.0	0.0	0.0	0.0	0.0	0.0	0.0	0.0	5e-05	0.0	0.0	0.0	0.0	2e-05	0.0	0.00015	5e-05	0.00013	8e-05	0.0009	0.0	0.0	0.0	0.0	4e-05	0.00013	0.00015	9e-05	0.0	0.0	8e-05	8e-05	9e-05	0.00021	9e-05	2e-05	0.00022	0.00013	0.00015	0.0003	0.0	0.0	0.0	0.0	0.0	0.0	0.00038	0.00024	0.0002	0.00012	
0.0	0.0003	0.0	0.0	0.0	0.0	2e-05	5e-05	0.0	0.0	0.00029	0.0	0.0	0.00024	0.00014	0.0	0.00027	0.00012	0.00031	0.00026	0.00015	0.00014	8e-05	0.0	0.00024	0.00012	0.0	0.0	0.0	0.0	0.0	0.0	0.0	0.0	5e-05	0.0	0.0	0.0	0.0	2e-05	0.0	0.00015	5e-05	0.00013	8e-05	0.0009	0.0	0.0	0.0	0.0	4e-05	0.00013	0.00015	9e-05	0.0	0.0	8e-05	8e-05	9e-05	0.00021	9e-05	2e-05	0.00022	0.00013	0.00015	0.0003	0.0	0.0	0.0	0.0	0.0	0.0	0.00038	0.00024	0.0002	0.00012	
0.0	0.0003	0.0	0.0	0.0	0.0	2e-05	5e-05	0.0	0.0	0.00029	0.0	0.0	0.00024	0.00014	0.0	0.00027	0.00012	0.00031	0.00026	0.00015	0.00014	8e-05	0.0	0.00024	0.00012	0.0	0.0	0.0	0.0	0.0	0.0	0.0	0.0	5e-05	0.0	0.0	0.0	0.0	2e-05	0.0	0.00015	5e-05	0.00013	8e-05	0.0009	0.0	0.0	0.0	0.0	4e-05	0.00013	0.00015	9e-05	0.0	0.0	8e-05	8e-05	9e-05	0.00021	9e-05	2e-05	0.00022	0.00013	0.00015	0.0003	0.0	0.0	0.0	0.0	0.0	0.0	0.00038	0.00024	0.0002	0.00012	
0.0	0.0003	0.0	0.0	0.0	0.0	2e-05	5e-05	0.0	0.0	0.00029	0.0	0.0	0.00024	0.00014	0.0	0.00027	0.00012	0.00031	0.00026	0.00015	0.00014	8e-05	0.0	0.00024	0.00012	0.0	0.0	0.0	0.0	0.0	0.0	0.0	0.0	5e-05	0.0	0.0	0.0	0.0	2e-05	0.0	0.00015	5e-05	0.00013	8e-05	0.0009	0.0	0.0	0.0	0.0	4e-05	0.00013	0.00015	9e-05	0.0	0.0	8e-05	8e-05	9e-05	0.00021	9e-05	2e-05	0.00022	0.00013	0.00015	0.0003	0.0	0.0	0.0	0.0	0.0	0.0	0.00038	0.00024	0.0002	0.00012	
2e-05	0.1521	2e-05	2e-05	2e-05	2e-05	0.13427	0.08164	2e-05	2e-05	0.04333	2e-05	2e-05	0.09506	0.20021	0.0	0.10066	0.12755	0.15989	0.10434	0.17481	0.28648	0.03956	0.02236	0.0427	0.06234	2e-05	2e-05	2e-05	2e-05	2e-05	2e-05	2e-05	2e-05	0.0196	2e-05	2e-05	2e-05	2e-05	0.0	0.2586	0.17374	0.07993	0.1161	0.06429	0.3648	2e-05	2e-05	2e-05	2e-05	0.1616	0.09221	0.15864	0.16155	0.0	0.1602	0.07698	0.03573	0.0376	0.25511	0.09239	0.09565	0.17255	0.06364	0.22302	0.1521	2e-05	2e-05	2e-05	0.71336	2e-05	2e-05	0.03311	0.0427	0.16632	0.04007	
0.0	0.07772	0.0	0.0	0.0	0.0	0.13379	0.09855	0.0	0.0	0.05425	0.0	0.0	0.0547	0.14639	0.0	0.06017	0.15595	0.13275	0.10576	0.17018	0.10117	0.05658	0.06183	0.02423	0.03714	0.0	0.0	0.0	0.0	0.0	0.0	0.0	0.0	0.1184	0.0	0.0	0.0	0.0	0.2586	0.0	0.12204	0.10138	0.15028	0.07113	0.29991	0.0	0.0	0.0	0.0	0.10324	0.09444	0.17812	0.15562	0.0	0.18244	0.1659	0.03935	0.03938	0.17963	0.12573	0.12281	0.11808	0.13155	0.19254	0.07772	0.0	0.0	0.0	0.34287	0.0	0.0	0.032	0.02423	0.10592	0.06381	
0.00015	0.21431	0.00015	0.00015	0.00015	0.00015	0.1171	0.06845	0.00015	0.00015	0.06199	0.00015	0.00015	0.31271	0.28214	0.0	0.32967	0.15305	0.11357	0.18089	0.0661	0.23969	0.18475	0.17488	0.01637	0.18404	0.00015	0.00015	0.00015	0.00015	0.00015	0.00015	0.00015	0.00015	0.30951	0.00015	0.00015	0.00015	0.00015	0.17374	0.12204	0.0	0.46613	0.28924	0.19007	0.58757	0.00015	0.00015	0.00015	0.00015	0.1635	0.42511	0.37275	0.15652	0.0	0.0	0.17668	0.19557	0.02636	0.45438	0.0962	0.20826	0.20995	0.10018	0.60003	0.21431	0.00015	0.00015	0.00015	0.0	0.00015	0.00015	0.04734	0.01637	0.20649	0.0409	
5e-05	0.12291	5e-05	5e-05	5e-05	5e-05	0.09684	0.06473	5e-05	5e-05	0.06759	5e-05	5e-05	0.29279	0.36815	0.0	0.3738	0.18006	0.09316	0.14343	0.03978	0.14715	0.05133	0.17945	0.01672	0.28346	5e-05	5e-05	5e-05	5e-05	5e-05	5e-05	5e-05	5e-05	0.4933	5e-05	5e-05	5e-05	5e-05	0.07993	0.10138	0.46613	0.0	0.42401	0.35694	0.49231	5e-05	5e-05	5e-05	5e-05	0.17622	0.63409	0.30483	0.10813	0.0	0.0	0.11227	0.18596	0.1363	0.35623	0.09341	0.16798	0.11936	0.15134	0.55929	0.12291	5e-05	5e-05	5e-05	2.28022	5e-05	5e-05	0.05212	0.01672	0.12013	0.04044	
0.00013	0.12102	0.00013	0.00013	0.00013	0.00013	0.22379	0.08374	0.00013	0.00013	0.03424	0.00013	0.00013	0.14094	0.18631	0.0	0.20203	0.17126	0.12013	0.09678	0.06834	0.12313	0.09744	0.02795	0.02023	0.10126	0.00013	0.00013	0.00013	0.00013	0.00013	0.00013	0.00013	0.00013	0.30821	0.00013	0.00013	0.00013	0.00013	0.1161	0.15028	0.28924	0.42401	0.0	0.19097	0.72509	0.00013	0.00013	0.00013	0.00013	0.19039	0.33431	0.28137	0.15439	0.0	0.71483	0.11946	0.09534	0.12351	0.30979	0.09604	0.22247	0.15548	0.07608	0.33155	0.12102	0.00013	0.00013	0.00013	1.00203	0.00013	0.00013	0.04946	0.02023	0.12615	0.05079	
8e-05	0.07519	8e-05	8e-05	8e-05	8e-05	0.15156	0.27648	8e-05	8e-05	0.0424	8e-05	8e-05	0.16092	0.18395	0.0	0.21462	0.36196	0.20198	0.1043	0.06719	0.06432	0.08095	0.02658	0.03058	0.15966	8e-05	8e-05	8e-05	8e-05	8e-05	8e-05	8e-05	8e-05	0.32563	8e-05	8e-05	8e-05	8e-05	0.06429	0.07113	0.19007	0.35694	0.19097	0.0	0.67826	8e-05	8e-05	8e-05	8e-05	0.12826	0.29595	0.15059	0.10522	0.0	0.43476	0.10127	0.06088	0.07156	0.19784	0.04998	0.1662	0.09291	0.06636	0.30262	0.07519	8e-05	8e-05	8e-05	0.0	8e-05	8e-05	0.03257	0.03058	0.09669	0.07696	
0.0009	0.33684	0.0009	0.0009	0.0009	0.0009	0.37165	0.16895	0.0009	0.0009	0.43957	0.0009	0.0009	0.28565	0.48107	0.0	0.96948	0.44642	0.89515	0.52838	0.1816	0.31118	0.13768	0.23496	0.03451	0.91371	0.0009	0.0009	0.0009	0.0009	0.0009	0.0009	0.0009	0.0009	0.41987	0.0009	0.0009	0.0009	0.0009	0.3648	0.29991	0.58757	0.49231	0.72509	0.67826	0.0	0.0009	0.0009	0.0009	0.0009	0.84442	0.68982	0.49585	0.27517	0.0	0.0	0.39605	0.52341	0.20051	0.79161	0.55546	0.43662	0.35823	0.22524	0.60871	0.33684	0.0009	0.0009	0.0009	0.09218	0.0009	0.0009	0.08057	0.03451	0.36465	0.08975	
0.0	0.0003	0.0	0.0	0.0	0.0	2e-05	5e-05	0.0	0.0	0.00029	0.0	0.0	0.00024	0.00014	0.0	0.00027	0.00012	0.00031	0.00026	0.00015	0.00014	8e-05	0.0	0.00024	0.00012	0.0	0.0	0.0	0.0	0.0	0.0	0.0	0.0	5e-05	0.0	0.0	0.0	0.0	2e-05	0.0	0.00015	5e-05	0.00013	8e-05	0.0009	0.0	0.0	0.0	0.0	4e-05	0.00013	0.00015	9e-05	0.0	0.0	8e-05	8e-05	9e-05	0.00021	9e-05	2e-05	0.00022	0.00013	0.00015	0.0003	0.0	0.0	0.0	0.0	0.0	0.0	0.00038	0.00024	0.0002	0.00012	
0.0	0.0003	0.0	0.0	0.0	0.0	2e-05	5e-05	0.0	0.0	0.00029	0.0	0.0	0.00024	0.00014	0.0	0.00027	0.00012	0.00031	0.00026	0.00015	0.00014	8e-05	0.0	0.00024	0.00012	0.0	0.0	0.0	0.0	0.0	0.0	0.0	0.0	5e-05	0.0	0.0	0.0	0.0	2e-05	0.0	0.00015	5e-05	0.00013	8e-05	0.0009	0.0	0.0	0.0	0.0	4e-05	0.00013	0.00015	9e-05	0.0	0.0	8e-05	8e-05	9e-05	0.00021	9e-05	2e-05	0.00022	0.00013	0.00015	0.0003	0.0	0.0	0.0	0.0	0.0	0.0	0.00038	0.00024	0.0002	0.00012	
0.0	0.0003	0.0	0.0	0.0	0.0	2e-05	5e-05	0.0	0.0	0.00029	0.0	0.0	0.00024	0.00014	0.0	0.00027	0.00012	0.00031	0.00026	0.00015	0.00014	8e-05	0.0	0.00024	0.00012	0.0	0.0	0.0	0.0	0.0	0.0	0.0	0.0	5e-05	0.0	0.0	0.0	0.0	2e-05	0.0	0.00015	5e-05	0.00013	8e-05	0.0009	0.0	0.0	0.0	0.0	4e-05	0.00013	0.00015	9e-05	0.0	0.0	8e-05	8e-05	9e-05	0.00021	9e-05	2e-05	0.00022	0.00013	0.00015	0.0003	0.0	0.0	0.0	0.0	0.0	0.0	0.00038	0.00024	0.0002	0.00012	
0.0	0.0003	0.0	0.0	0.0	0.0	2e-05	5e-05	0.0	0.0	0.00029	0.0	0.0	0.00024	0.00014	0.0	0.00027	0.00012	0.00031	0.00026	0.00015	0.00014	8e-05	0.0	0.00024	0.00012	0.0	0.0	0.0	0.0	0.0	0.0	0.0	0.0	5e-05	0.0	0.0	0.0	0.0	2e-05	0.0	0.00015	5e-05	0.00013	8e-05	0.0009	0.0	0.0	0.0	0.0	4e-05	0.00013	0.00015	9e-05	0.0	0.0	8e-05	8e-05	9e-05	0.00021	9e-05	2e-05	0.00022	0.00013	0.00015	0.0003	0.0	0.0	0.0	0.0	0.0	0.0	0.00038	0.00024	0.0002	0.00012	
4e-05	0.31913	4e-05	4e-05	4e-05	4e-05	0.05868	0.03471	4e-05	4e-05	0.016	4e-05	4e-05	0.03533	0.146	0.0	0.15042	0.1037	0.20095	0.19568	0.2408	0.22441	0.05027	0.13328	0.00985	0.37383	4e-05	4e-05	4e-05	4e-05	4e-05	4e-05	4e-05	4e-05	0.14602	4e-05	4e-05	4e-05	4e-05	0.1616	0.10324	0.1635	0.17622	0.19039	0.12826	0.84442	4e-05	4e-05	4e-05	4e-05	0.0	0.14752	0.23804	0.24877	0.0	0.52045	0.06585	0.16591	0.03315	0.22104	0.03829	0.24545	0.26977	0.07939	0.23057	0.31913	4e-05	4e-05	4e-05	0.14243	4e-05	4e-05	0.01266	0.00985	0.268	0.0228	
0.00013	0.09613	0.00013	0.00013	0.00013	0.00013	0.15221	0.08004	0.00013	0.00013	0.05311	0.00013	0.00013	0.22218	0.36262	0.0	0.36442	0.21578	0.10417	0.20583	0.04303	0.2253	0.04527	0.07881	0.01968	0.21438	0.00013	0.00013	0.00013	0.00013	0.00013	0.00013	0.00013	0.00013	0.45387	0.00013	0.00013	0.00013	0.00013	0.09221	0.09444	0.42511	0.63409	0.33431	0.29595	0.68982	0.00013	0.00013	0.00013	0.00013	0.14752	0.0	0.29214	0.11319	0.0	0.9682	0.13508	0.14931	0.01254	0.33805	0.09506	0.17096	0.10136	0.1782	0.50714	0.09613	0.00013	0.00013	0.00013	0.0	0.00013	0.00013	0.04096	0.01968	0.10194	0.04861	
0.00015	0.30594	0.00015	0.00015	0.00015	0.00015	0.12601	0.09058	0.00015	0.00015	0.044	0.00015	0.00015	0.18562	0.24297	0.0	0.21918	0.12893	0.09197	0.33929	0.18676	0.2304	0.20781	0.14291	0.02582	0.21594	0.00015	0.00015	0.00015	0.00015	0.00015	0.00015	0.00015	0.00015	0.17884	0.00015	0.00015	0.00015	0.00015	0.15864	0.17812	0.37275	0.30483	0.28137	0.15059	0.49585	0.00015	0.00015	0.00015	0.00015	0.23804	0.29214	0.0	0.27998	0.0	0.33436	0.19338	0.15139	0.07658	0.34627	0.05024	0.11952	0.30332	0.13697	0.44187	0.30594	0.00015	0.00015	0.00015	0.0	0.00015	0.00015	0.03387	0.02582	0.2936	0.01063	
9e-05	0.17961	9e-05	9e-05	9e-05	9e-05	0.18324	0.03389	9e-05	9e-05	0.02165	9e-05	9e-05	0.06768	0.161	0.0	0.12822	0.18214	0.17215	0.22496	0.28492	0.16057	0.12339	0.06473	0.01292	0.07086	9e-05	9e-05	9e-05	9e-05	9e-05	9e-05	9e-05	9e-05	0.05391	9e-05	9e-05	9e-05	9e-05	0.16155	0.15562	0.15652	0.10813	0.15439	0.10522	0.27517	9e-05	9e-05	9e-05	9e-05	0.24877	0.11319	0.27998	0.0	0.0	0.29739	0.10411	0.08099	0.02371	0.20499	0.05854	0.15039	0.17125	0.06662	0.23495	0.17961	9e-05	9e-05	9e-05	0.52325	9e-05	9e-05	0.0688	0.01292	0.16994	0.03185	
0.0	0.0	0.0	0.0	0.0	0.0	0.0	0.0	0.0	0.0	0.0	0.0	0.0	0.0	0.0	0.0	0.0	0.0	0.0	0.0	0.0	0.0	0.0	0.0	0.0	0.0	0.0	0.0	0.0	0.0	0.0	0.0	0.0	0.0	0.0	0.0	0.0	0.0	0.0	0.0	0.0	0.0	0.0	0.0	0.0	0.0	0.0	0.0	0.0	0.0	0.0	0.0	0.0	0.0	0.0	0.0	0.0	0.0	0.0	0.0	0.0	0.0	0.0	0.0	0.0	0.0	0.0	0.0	0.0	0.0	0.0	0.0	0.0	0.0	0.0	0.0	
0.0	0.0	0.0	0.0	0.0	0.0	0.21234	0.16805	0.0	0.0	0.0	0.0	0.0	0.0	0.76991	0.0	0.36804	0.24146	0.07262	0.02974	0.08491	0.46733	0.06763	0.0	0.13523	0.0	0.0	0.0	0.0	0.0	0.0	0.0	0.0	0.0	0.46012	0.0	0.0	0.0	0.0	0.1602	0.18244	0.0	0.0	0.71483	0.43476	0.0	0.0	0.0	0.0	0.0	0.52045	0.9682	0.33436	0.29739	0.0	0.0	0.36879	0.1997	0.0	1.06925	0.28792	0.18752	0.45458	0.20253	1.17171	0.0	0.0	0.0	0.0	2.07223	0.0	0.0	0.0	0.13523	0.0	0.18149	
8e-05	0.03623	8e-05	8e-05	8e-05	8e-05	0.1735	0.12985	8e-05	8e-05	0.05888	8e-05	8e-05	0.06395	0.10119	0.0	0.09915	0.10586	0.04561	0.17319	0.0647	0.06021	0.20831	0.03186	0.01239	0.05722	8e-05	8e-05	8e-05	8e-05	8e-05	8e-05	8e-05	8e-05	0.15464	8e-05	8e-05	8e-05	8e-05	0.07698	0.1659	0.17668	0.11227	0.11946	0.10127	0.39605	8e-05	8e-05	8e-05	8e-05	0.06585	0.13508	0.19338	0.10411	0.0	0.36879	0.0	0.04428	0.10517	0.19354	0.08703	0.16451	0.05014	0.07039	0.11972	0.03623	8e-05	8e-05	8e-05	0.0	8e-05	8e-05	0.01603	0.01239	0.1002	0.05821	
8e-05	0.08419	8e-05	8e-05	8e-05	8e-05	0.09213	0.04089	8e-05	8e-05	0.05904	8e-05	8e-05	0.07973	0.15167	0.0	0.14309	0.09066	0.02481	0.12518	0.12841	0.16931	0.07348	0.14559	0.02437	0.13269	8e-05	8e-05	8e-05	8e-05	8e-05	8e-05	8e-05	8e-05	0.08267	8e-05	8e-05	8e-05	8e-05	0.03573	0.03935	0.19557	0.18596	0.09534	0.06088	0.52341	8e-05	8e-05	8e-05	8e-05	0.16591	0.14931	0.15139	0.08099	0.0	0.1997	0.04428	0.0	0.08817	0.17687	0.05239	0.03993	0.10754	0.04615	0.19153	0.08419	8e-05	8e-05	8e-05	0.35955	8e-05	8e-05	0.03175	0.02437	0.0959	0.01093	
9e-05	0.02194	9e-05	9e-05	9e-05	9e-05	0.17378	0.03134	9e-05	9e-05	0.14898	9e-05	9e-05	0.04085	0.02791	0.0	0.01799	0.02966	0.03819	0.02312	0.03278	0.04428	0.01849	0.0034	0.00875	0.03674	9e-05	9e-05	9e-05	9e-05	9e-05	9e-05	9e-05	9e-05	0.00262	9e-05	9e-05	9e-05	9e-05	0.0376	0.03938	0.02636	0.1363	0.12351	0.07156	0.20051	9e-05	9e-05	9e-05	9e-05	0.03315	0.01254	0.07658	0.02371	0.0	0.0	0.10517	0.08817	0.0	0.11137	0.0994	0.0154	0.02742	0.04298	0.02475	0.02194	9e-05	9e-05	9e-05	0.06578	9e-05	9e-05	0.01088	0.00875	0.02526	0.01875	
0.00021	0.28162	0.00021	0.00021	0.00021	0.00021	0.20439	0.12996	0.00021	0.00021	0.04554	0.00021	0.00021	0.20197	0.28864	0.0	0.56533	0.25976	0.14622	0.15474	0.11713	0.32733	0.14951	0.06325	0.01936	0.22859	0.00021	0.00021	0.00021	0.00021	0.00021	0.00021	0.00021	0.00021	0.22747	0.00021	0.00021	0.00021	0.00021	0.25511	0.17963	0.45438	0.35623	0.30979	0.19784	0.79161	0.00021	0.00021	0.00021	0.00021	0.22104	0.33805	0.34627	0.20499	0.0	1.06925	0.19354	0.17687	0.11137	0.0	0.05956	0.18297	0.28535	0.17125	0.64659	0.28162	0.00021	0.00021	0.00021	0.0	0.00021	0.00021	0.04359	0.01936	0.27231	0.02568	
9e-05	0.02325	9e-05	9e-05	9e-05	9e-05	0.03973	0.02748	9e-05	9e-05	0.37848	9e-05	9e-05	0.12676	0.09686	0.0	0.08925	0.07339	0.10265	0.04187	0.03712	0.05614	0.11253	0.14215	0.11505	0.12024	9e-05	9e-05	9e-05	9e-05	9e-05	9e-05	9e-05	9e-05	0.09961	9e-05	9e-05	9e-05	9e-05	0.09239	0.12573	0.0962	0.09341	0.09604	0.04998	0.55546	9e-05	9e-05	9e-05	9e-05	0.03829	0.09506	0.05024	0.05854	0.0	0.28792	0.08703	0.05239	0.0994	0.05956	0.0	0.08377	0.0366	0.12564	0.08895	0.02325	9e-05	9e-05	9e-05	0.48676	9e-05	9e-05	0.01117	0.11505	0.02812	0.34795	
2e-05	0.0965	2e-05	2e-05	2e-05	2e-05	0.06556	0.07449	2e-05	2e-05	0.02993	2e-05	2e-05	0.07708	0.14474	0.0	0.10065	0.05819	0.05336	0.13825	0.19192	0.10701	0.11677	0.03393	0.01771	0.06874	2e-05	2e-05	2e-05	2e-05	2e-05	2e-05	2e-05	2e-05	0.33019	2e-05	2e-05	2e-05	2e-05	0.09565	0.12281	0.20826	0.16798	0.22247	0.1662	0.43662	2e-05	2e-05	2e-05	2e-05	0.24545	0.17096	0.11952	0.15039	0.0	0.18752	0.16451	0.03993	0.0154	0.18297	0.08377	0.0	0.10236	0.02865	0.29128	0.0965	2e-05	2e-05	2e-05	0.43207	2e-05	2e-05	0.04025	0.01771	0.16606	0.04445	
0.00022	0.68558	0.00022	0.00022	0.00022	0.00022	0.12874	0.11439	0.00022	0.00022	0.01375	0.00022	0.00022	0.03845	0.12901	0.0	0.20905	0.07796	0.17707	0.12529	0.15399	0.37137	0.11866	0.03278	0.00857	0.23462	0.00022	0.00022	0.00022	0.00022	0.00022	0.00022	0.00022	0.00022	0.10338	0.00022	0.00022	0.00022	0.00022	0.17255	0.11808	0.20995	0.11936	0.15548	0.09291	0.35823	0.00022	0.00022	0.00022	0.00022	0.26977	0.10136	0.30332	0.17125	0.0	0.45458	0.05014	0.10754	0.02742	0.28535	0.0366	0.10236	0.0	0.20078	0.29002	0.68558	0.00022	0.00022	0.00022	0.0	0.00022	0.00022	0.01077	0.00857	0.5164	0.04046	
0.00013	0.23331	0.00013	0.00013	0.00013	0.00013	0.13993	0.04868	0.00013	0.00013	0.12508	0.00013	0.00013	0.07631	0.218	0.0	0.24248	0.09415	0.11613	0.10591	0.05795	0.14398	0.02417	0.00366	0.01415	0.19102	0.00013	0.00013	0.00013	0.00013	0.00013	0.00013	0.00013	0.00013	0.09246	0.00013	0.00013	0.00013	0.00013	0.06364	0.13155	0.10018	0.15134	0.07608	0.06636	0.22524	0.00013	0.00013	0.00013	0.00013	0.07939	0.1782	0.13697	0.06662	0.0	0.20253	0.07039	0.04615	0.04298	0.17125	0.12564	0.02865	0.20078	0.0	0.1628	0.23331	0.00013	0.00013	0.00013	0.06243	0.00013	0.00013	0.018	0.01415	0.19965	0.04332	
0.00015	0.30857	0.00015	0.00015	0.00015	0.00015	0.13845	0.07333	0.00015	0.00015	0.06157	0.00015	0.00015	0.31099	0.34046	0.0	0.47338	0.21021	0.25847	0.2166	0.30423	0.35444	0.16649	0.20471	0.01738	0.25601	0.00015	0.00015	0.00015	0.00015	0.00015	0.00015	0.00015	0.00015	0.62556	0.00015	0.00015	0.00015	0.00015	0.22302	0.19254	0.60003	0.55929	0.33155	0.30262	0.60871	0.00015	0.00015	0.00015	0.00015	0.23057	0.50714	0.44187	0.23495	0.0	1.17171	0.11972	0.19153	0.02475	0.64659	0.08895	0.29128	0.29002	0.1628	0.0	0.30857	0.00015	0.00015	0.00015	0.0	0.00015	0.00015	0.04688	0.01738	0.28982	0.03394	
0.0003	1.00019	0.0003	0.0003	0.0003	0.0003	0.04999	0.0214	0.0003	0.0003	0.0116	0.0003	0.0003	0.029	0.12879	0.0	0.20678	0.04719	0.21096	0.10857	0.17892	0.42436	0.09045	0.03053	0.00762	0.28199	0.0003	0.0003	0.0003	0.0003	0.0003	0.0003	0.0003	0.0003	0.09944	0.0003	0.0003	0.0003	0.0003	0.1521	0.07772	0.21431	0.12291	0.12102	0.07519	0.33684	0.0003	0.0003	0.0003	0.0003	0.31913	0.09613	0.30594	0.17961	0.0	0.0	0.03623	0.08419	0.02194	0.28162	0.02325	0.0965	0.68558	0.23331	0.30857	0.0	0.0003	0.0003	0.0003	0.0	0.0003	0.0003	0.0095	0.00762	0.66947	0.01565	
0.0	0.0003	0.0	0.0	0.0	0.0	2e-05	5e-05	0.0	0.0	0.00029	0.0	0.0	0.00024	0.00014	0.0	0.00027	0.00012	0.00031	0.00026	0.00015	0.00014	8e-05	0.0	0.00024	0.00012	0.0	0.0	0.0	0.0	0.0	0.0	0.0	0.0	5e-05	0.0	0.0	0.0	0.0	2e-05	0.0	0.00015	5e-05	0.00013	8e-05	0.0009	0.0	0.0	0.0	0.0	4e-05	0.00013	0.00015	9e-05	0.0	0.0	8e-05	8e-05	9e-05	0.00021	9e-05	2e-05	0.00022	0.00013	0.00015	0.0003	0.0	0.0	0.0	0.0	0.0	0.0	0.00038	0.00024	0.0002	0.00012	
0.0	0.0003	0.0	0.0	0.0	0.0	2e-05	5e-05	0.0	0.0	0.00029	0.0	0.0	0.00024	0.00014	0.0	0.00027	0.00012	0.00031	0.00026	0.00015	0.00014	8e-05	0.0	0.00024	0.00012	0.0	0.0	0.0	0.0	0.0	0.0	0.0	0.0	5e-05	0.0	0.0	0.0	0.0	2e-05	0.0	0.00015	5e-05	0.00013	8e-05	0.0009	0.0	0.0	0.0	0.0	4e-05	0.00013	0.00015	9e-05	0.0	0.0	8e-05	8e-05	9e-05	0.00021	9e-05	2e-05	0.00022	0.00013	0.00015	0.0003	0.0	0.0	0.0	0.0	0.0	0.0	0.00038	0.00024	0.0002	0.00012	
0.0	0.0003	0.0	0.0	0.0	0.0	2e-05	5e-05	0.0	0.0	0.00029	0.0	0.0	0.00024	0.00014	0.0	0.00027	0.00012	0.00031	0.00026	0.00015	0.00014	8e-05	0.0	0.00024	0.00012	0.0	0.0	0.0	0.0	0.0	0.0	0.0	0.0	5e-05	0.0	0.0	0.0	0.0	2e-05	0.0	0.00015	5e-05	0.00013	8e-05	0.0009	0.0	0.0	0.0	0.0	4e-05	0.00013	0.00015	9e-05	0.0	0.0	8e-05	8e-05	9e-05	0.00021	9e-05	2e-05	0.00022	0.00013	0.00015	0.0003	0.0	0.0	0.0	0.0	0.0	0.0	0.00038	0.00024	0.0002	0.00012	
0.0	0.0	0.0	0.0	0.0	0.0	0.50698	0.0	0.0	0.0	0.27983	0.0	0.0	0.84254	0.55858	0.0	1.53577	0.85195	0.0	1.12789	0.19064	0.0	0.72804	0.0	0.0	0.14318	0.0	0.0	0.0	0.0	0.0	0.0	0.0	0.0	0.0	0.0	0.0	0.0	0.0	0.71336	0.34287	0.0	2.28022	1.00203	0.0	0.09218	0.0	0.0	0.0	0.0	0.14243	0.0	0.0	0.52325	0.0	2.07223	0.0	0.35955	0.06578	0.0	0.48676	0.43207	0.0	0.06243	0.0	0.0	0.0	0.0	0.0	0.0	0.0	0.0	0.2301	0.0	0.0	0.0	
0.0	0.0003	0.0	0.0	0.0	0.0	2e-05	5e-05	0.0	0.0	0.00029	0.0	0.0	0.00024	0.00014	0.0	0.00027	0.00012	0.00031	0.00026	0.00015	0.00014	8e-05	0.0	0.00024	0.00012	0.0	0.0	0.0	0.0	0.0	0.0	0.0	0.0	5e-05	0.0	0.0	0.0	0.0	2e-05	0.0	0.00015	5e-05	0.00013	8e-05	0.0009	0.0	0.0	0.0	0.0	4e-05	0.00013	0.00015	9e-05	0.0	0.0	8e-05	8e-05	9e-05	0.00021	9e-05	2e-05	0.00022	0.00013	0.00015	0.0003	0.0	0.0	0.0	0.0	0.0	0.0	0.00038	0.00024	0.0002	0.00012	
0.0	0.0003	0.0	0.0	0.0	0.0	2e-05	5e-05	0.0	0.0	0.00029	0.0	0.0	0.00024	0.00014	0.0	0.00027	0.00012	0.00031	0.00026	0.00015	0.00014	8e-05	0.0	0.00024	0.00012	0.0	0.0	0.0	0.0	0.0	0.0	0.0	0.0	5e-05	0.0	0.0	0.0	0.0	2e-05	0.0	0.00015	5e-05	0.00013	8e-05	0.0009	0.0	0.0	0.0	0.0	4e-05	0.00013	0.00015	9e-05	0.0	0.0	8e-05	8e-05	9e-05	0.00021	9e-05	2e-05	0.00022	0.00013	0.00015	0.0003	0.0	0.0	0.0	0.0	0.0	0.0	0.00038	0.00024	0.0002	0.00012	
0.00038	0.0095	0.00038	0.00038	0.00038	0.00038	0.02171	0.0104	0.00038	0.00038	0.00658	0.00038	0.00038	0.15447	0.09994	0.0	0.04471	0.10595	0.01704	0.03011	0.01236	0.01605	0.0301	0.0	0.00461	0.015	0.00038	0.00038	0.00038	0.00038	0.00038	0.00038	0.00038	0.00038	0.04394	0.00038	0.00038	0.00038	0.00038	0.03311	0.032	0.04734	0.05212	0.04946	0.03257	0.08057	0.00038	0.00038	0.00038	0.00038	0.01266	0.04096	0.03387	0.0688	0.0	0.0	0.01603	0.03175	0.01088	0.04359	0.01117	0.04025	0.01077	0.018	0.04688	0.0095	0.00038	0.00038	0.00038	0.2301	0.00038	0.00038	0.0	0.00461	0.01015	0.00837	
0.00024	0.00762	0.00024	0.00024	0.00024	0.00024	0.03242	0.13174	0.00024	0.00024	0.00536	0.00024	0.00024	0.01057	0.01498	0.0	0.01924	0.01585	0.01371	0.02322	0.00982	0.06626	0.02312	0.01559	0.99953	0.01177	0.00024	0.00024	0.00024	0.00024	0.00024	0.00024	0.00024	0.00024	0.02313	0.00024	0.00024	0.00024	0.00024	0.0427	0.02423	0.01637	0.01672	0.02023	0.03058	0.03451	0.00024	0.00024	0.00024	0.00024	0.00985	0.01968	0.02582	0.01292	0.0	0.13523	0.01239	0.02437	0.00875	0.01936	0.11505	0.01771	0.00857	0.01415	0.01738	0.00762	0.00024	0.00024	0.00024	0.0	0.00024	0.00024	0.00461	0.0	0.00799	0.2475	
0.0002	0.66947	0.0002	0.0002	0.0002	0.0002	0.06521	0.02566	0.0002	0.0002	0.01264	0.0002	0.0002	0.03585	0.12881	0.0	0.20132	0.06123	0.17007	0.13493	0.1493	0.3646	0.10026	0.02912	0.00799	0.23368	0.0002	0.0002	0.0002	0.0002	0.0002	0.0002	0.0002	0.0002	0.10392	0.0002	0.0002	0.0002	0.0002	0.16632	0.10592	0.20649	0.12013	0.12615	0.09669	0.36465	0.0002	0.0002	0.0002	0.0002	0.268	0.10194	0.2936	0.16994	0.0	0.0	0.1002	0.0959	0.02526	0.27231	0.02812	0.16606	0.5164	0.19965	0.28982	0.66947	0.0002	0.0002	0.0002	0.0	0.0002	0.0002	0.01015	0.00799	0.0	0.01761	
0.00012	0.01565	0.00012	0.00012	0.00012	0.00012	0.01017	0.03643	0.00012	0.00012	0.01017	0.00012	0.00012	0.02458	0.03737	0.0	0.02092	0.0394	0.03082	0.01584	0.02253	0.01672	0.09846	0.02506	0.2475	0.02644	0.00012	0.00012	0.00012	0.00012	0.00012	0.00012	0.00012	0.00012	0.05552	0.00012	0.00012	0.00012	0.00012	0.04007	0.06381	0.0409	0.04044	0.05079	0.07696	0.08975	0.00012	0.00012	0.00012	0.00012	0.0228	0.04861	0.01063	0.03185	0.0	0.18149	0.05821	0.01093	0.01875	0.02568	0.34795	0.04445	0.04046	0.04332	0.03394	0.01565	0.00012	0.00012	0.00012	0.0	0.00012	0.00012	0.00837	0.2475	0.01761	0.0	
