0.0	0.02109	0.05625	0.02814	0.01184	0.00273	0.00021	0.00021	0.00021	0.00021	0.00021	0.00021	0.00021	0.00722	0.00777	0.00021	0.00273	0.00884	0.00021	0.00306	0.00275	0.00021	0.00021	0.00021	0.00884	0.00884	0.04249	0.0	0.0	0.0	0.0	0.19237	0.08431	0.03452	0.02453	0.07835	0.03009	0.0218	0.01895	0.0	0.02789	0.03223	0.05262	0.02798	0.02732	0.03925	0.02631	0.0	0.0	0.0	0.0	0.01174	0.0	0.01044	0.00021	0.00675	0.00276	0.06143	0.00021	0.04458	0.02176	0.02234	0.01715	0.00455	0.01333	0.01762	0.00021	0.00617	0.06141	0.00434	0.00473	0.00021	0.00021	0.01558	0.01671	0.0	0.0239	0.09835	0.01885	0.58263	
0.02109	0.0	0.12543	0.16491	0.09498	0.02193	0.00011	0.00011	0.00011	0.00011	0.00011	0.00011	0.00011	0.10969	0.15933	0.00011	0.02193	0.13873	0.00011	0.02605	0.02075	0.00011	0.00011	0.00011	0.13873	0.13873	0.04496	0.0	0.0	0.0	0.0	0.03408	0.09819	0.07963	0.13689	0.14061	0.08484	0.08116	0.03681	0.0	0.1117	0.08124	0.14107	0.1171	0.07342	0.09589	0.14154	0.0	0.0	0.0	0.0	0.04043	0.0	0.1024	0.00011	0.0986	0.01247	0.03537	0.00011	0.19426	0.11891	0.0393	0.15063	0.04839	0.24254	0.05125	0.00011	0.04458	0.07312	0.03962	0.04844	0.00011	0.00011	0.06769	0.16804	0.0	0.1959	0.09186	0.52768	0.03959	
0.05625	0.12543	0.0	0.07042	0.09049	0.00863	7e-05	7e-05	7e-05	7e-05	7e-05	7e-05	7e-05	0.03908	0.08135	7e-05	0.00863	0.0276	7e-05	0.0102	0.00819	7e-05	7e-05	7e-05	0.0276	0.0276	0.0539	0.0	0.0	0.0	0.0	0.09492	0.10398	0.0591	0.13088	0.1314	0.08691	0.11397	0.06352	0.0	0.11757	0.07031	0.14585	0.08826	0.0919	0.08619	0.08992	0.0	0.0	0.0	0.0	0.0689	0.0	0.05936	7e-05	0.07538	0.00878	0.02468	7e-05	0.14683	0.05041	0.07184	0.11342	0.05734	0.10625	0.10133	7e-05	0.03084	0.12707	0.05386	0.07187	7e-05	7e-05	0.17839	0.10276	0.0	0.07044	0.30104	0.13197	0.08071	
0.02814	0.16491	0.07042	0.0	0.0718	0.01348	2e-05	2e-05	2e-05	2e-05	2e-05	2e-05	2e-05	0.05107	0.07175	2e-05	0.01348	0.20447	2e-05	0.02977	0.0236	2e-05	2e-05	2e-05	0.20447	0.20447	0.06602	0.0	0.0	0.0	0.0	0.07124	0.06068	0.08547	0.07001	0.13066	0.07099	0.11243	0.04618	0.0	0.13472	0.06399	0.09692	0.07319	0.21192	0.09919	0.05554	0.0	0.0	0.0	0.0	0.08575	0.0	0.15063	2e-05	0.05867	0.01372	0.00964	2e-05	0.16455	0.06135	0.1077	0.07258	0.0295	0.07403	0.0643	2e-05	0.05045	0.07812	0.0334	0.02954	2e-05	2e-05	0.05004	0.21507	0.0	0.26002	0.03732	0.10449	0.05253	
0.01184	0.09498	0.09049	0.0718	0.0	0.00705	0.00014	0.00014	0.00014	0.00014	0.00014	0.00014	0.00014	0.00847	0.01892	0.00014	0.00705	0.041	0.00014	0.04114	0.00672	0.00014	0.00014	0.00014	0.041	0.041	0.02757	0.0	0.0	0.0	0.0	0.04357	0.04773	0.08054	0.10569	0.12806	0.08022	0.07768	0.05562	0.0	0.06298	0.05923	0.05178	0.06321	0.08726	0.06742	0.0776	0.0	0.0	0.0	0.0	0.02569	0.0	0.05774	0.00014	0.0754	0.00717	0.02383	0.00014	0.0319	0.03358	0.06734	0.055	0.01466	0.06487	0.08944	0.00014	0.02382	0.04593	0.07171	0.13962	0.00014	0.00014	0.04618	0.07304	0.0	0.06653	0.09298	0.05071	0.01802	
0.00273	0.02193	0.00863	0.01348	0.00705	0.0	0.0002	0.0002	0.0002	0.0002	0.0002	0.0002	0.0002	0.13178	0.08914	0.0002	0.99961	0.00552	0.0002	0.00216	0.00205	0.0002	0.0002	0.0002	0.00552	0.00552	0.02502	0.0	0.0	0.0	0.0	0.00457	0.00572	0.01602	0.01375	0.01485	0.01423	0.01264	0.02426	0.0	0.02293	0.03062	0.02471	0.02705	0.01733	0.02238	0.01991	0.0	0.0	0.0	0.0	0.00701	0.0	0.0064	0.0002	0.00431	0.00197	0.03603	0.0002	0.00992	0.01271	0.02428	0.01004	0.00308	0.05118	0.01029	0.0002	0.00398	0.00747	0.00293	0.00329	0.0002	0.0002	0.02796	0.00973	0.0	0.01392	0.00731	0.0187	0.00312	
0.00021	0.00011	7e-05	2e-05	0.00014	0.0002	0.0	0.0	0.0	0.0	0.0	0.0	0.0	0.00019	0.00014	0.0	0.0002	0.00013	0.0	0.00017	0.00053	0.0	0.0	0.0	0.00013	0.00013	4e-05	0.0	0.0	0.0	0.0	8e-05	3e-05	1e-05	0.00023	2e-05	9e-05	4e-05	1e-05	0.0	2e-05	5e-05	0.0	4e-05	1e-05	5e-05	4e-05	0.0	0.0	0.0	0.0	3e-05	0.0	4e-05	0.0	9e-05	0.00019	4e-05	0.0	4e-05	2e-05	0.00011	2e-05	0.0002	0.00013	0.00012	0.0	6e-05	2e-05	0.00012	0.00052	0.0	0.0	4e-05	8e-05	0.0	5e-05	0.00011	7e-05	0.0001	
0.00021	0.00011	7e-05	2e-05	0.00014	0.0002	0.0	0.0	0.0	0.0	0.0	0.0	0.0	0.00019	0.00014	0.0	0.0002	0.00013	0.0	0.00017	0.00053	0.0	0.0	0.0	0.00013	0.00013	4e-05	0.0	0.0	0.0	0.0	8e-05	3e-05	1e-05	0.00023	2e-05	9e-05	4e-05	1e-05	0.0	2e-05	5e-05	0.0	4e-05	1e-05	5e-05	4e-05	0.0	0.0	0.0	0.0	3e-05	0.0	4e-05	0.0	9e-05	0.00019	4e-05	0.0	4e-05	2e-05	0.00011	2e-05	0.0002	0.00013	0.00012	0.0	6e-05	2e-05	0.00012	0.00052	0.0	0.0	4e-05	8e-05	0.0	5e-05	0.00011	7e-05	0.0001	
0.00021	0.00011	7e-05	2e-05	0.00014	0.0002	0.0	0.0	0.0	0.0	0.0	0.0	0.0	0.00019	0.00014	0.0	0.0002	0.00013	0.0	0.00017	0.00053	0.0	0.0	0.0	0.00013	0.00013	4e-05	0.0	0.0	0.0	0.0	8e-05	3e-05	1e-05	0.00023	2e-05	9e-05	4e-05	1e-05	0.0	2e-05	5e-05	0.0	4e-05	1e-05	5e-05	4e-05	0.0	0.0	0.0	0.0	3e-05	0.0	4e-05	0.0	9e-05	0.00019	4e-05	0.0	4e-05	2e-05	0.00011	2e-05	0.0002	0.00013	0.00012	0.0	6e-05	2e-05	0.00012	0.00052	0.0	0.0	4e-05	8e-05	0.0	5e-05	0.00011	7e-05	0.0001	
0.00021	0.00011	7e-05	2e-05	0.00014	0.0002	0.0	0.0	0.0	0.0	0.0	0.0	0.0	0.00019	0.00014	0.0	0.0002	0.00013	0.0	0.00017	0.00053	0.0	0.0	0.0	0.00013	0.00013	4e-05	0.0	0.0	0.0	0.0	8e-05	3e-05	1e-05	0.00023	2e-05	9e-05	4e-05	1e-05	0.0	2e-05	5e-05	0.0	4e-05	1e-05	5e-05	4e-05	0.0	0.0	0.0	0.0	3e-05	0.0	4e-05	0.0	9e-05	0.00019	4e-05	0.0	4e-05	2e-05	0.00011	2e-05	0.0002	0.00013	0.00012	0.0	6e-05	2e-05	0.00012	0.00052	0.0	0.0	4e-05	8e-05	0.0	5e-05	0.00011	7e-05	0.0001	
0.00021	0.00011	7e-05	2e-05	0.00014	0.0002	0.0	0.0	0.0	0.0	0.0	0.0	0.0	0.00019	0.00014	0.0	0.0002	0.00013	0.0	0.00017	0.00053	0.0	0.0	0.0	0.00013	0.00013	4e-05	0.0	0.0	0.0	0.0	8e-05	3e-05	1e-05	0.00023	2e-05	9e-05	4e-05	1e-05	0.0	2e-05	5e-05	0.0	4e-05	1e-05	5e-05	4e-05	0.0	0.0	0.0	0.0	3e-05	0.0	4e-05	0.0	9e-05	0.00019	4e-05	0.0	4e-05	2e-05	0.00011	2e-05	0.0002	0.00013	0.00012	0.0	6e-05	2e-05	0.00012	0.00052	0.0	0.0	4e-05	8e-05	0.0	5e-05	0.00011	7e-05	0.0001	
0.00021	0.00011	7e-05	2e-05	0.00014	0.0002	0.0	0.0	0.0	0.0	0.0	0.0	0.0	0.00019	0.00014	0.0	0.0002	0.00013	0.0	0.00017	0.00053	0.0	0.0	0.0	0.00013	0.00013	4e-05	0.0	0.0	0.0	0.0	8e-05	3e-05	1e-05	0.00023	2e-05	9e-05	4e-05	1e-05	0.0	2e-05	5e-05	0.0	4e-05	1e-05	5e-05	4e-05	0.0	0.0	0.0	0.0	3e-05	0.0	4e-05	0.0	9e-05	0.00019	4e-05	0.0	4e-05	2e-05	0.00011	2e-05	0.0002	0.00013	0.00012	0.0	6e-05	2e-05	0.00012	0.00052	0.0	0.0	4e-05	8e-05	0.0	5e-05	0.00011	7e-05	0.0001	
0.00021	0.00011	7e-05	2e-05	0.00014	0.0002	0.0	0.0	0.0	0.0	0.0	0.0	0.0	0.00019	0.00014	0.0	0.0002	0.00013	0.0	0.00017	0.00053	0.0	0.0	0.0	0.00013	0.00013	4e-05	0.0	0.0	0.0	0.0	8e-05	3e-05	1e-05	0.00023	2e-05	9e-05	4e-05	1e-05	0.0	2e-05	5e-05	0.0	4e-05	1e-05	5e-05	4e-05	0.0	0.0	0.0	0.0	3e-05	0.0	4e-05	0.0	9e-05	0.00019	4e-05	0.0	4e-05	2e-05	0.00011	2e-05	0.0002	0.00013	0.00012	0.0	6e-05	2e-05	0.00012	0.00052	0.0	0.0	4e-05	8e-05	0.0	5e-05	0.00011	7e-05	0.0001	
0.00722	0.10969	0.03908	0.05107	0.00847	0.13178	0.00019	0.00019	0.00019	0.00019	0.00019	0.00019	0.00019	0.0	0.64507	0.00019	0.13178	0.01965	0.00019	0.15639	0.12471	0.00019	0.00019	0.00019	0.01965	0.01965	0.01611	0.0	0.0	0.0	0.0	0.01705	0.02386	0.04377	0.06465	0.06475	0.04237	0.04543	0.02355	0.0	0.09448	0.02678	0.05211	0.11278	0.06676	0.06138	0.10147	0.0	0.0	0.0	0.0	0.02898	0.0	0.02408	0.00019	0.01419	0.00469	0.1654	0.00019	0.08943	0.05732	0.12809	0.04475	0.00862	0.15832	0.04666	0.00019	0.01274	0.00901	0.0082	0.00873	0.00019	0.00019	0.13926	0.04454	0.0	0.06374	0.03145	0.09246	0.00978	
0.00777	0.15933	0.08135	0.07175	0.01892	0.08914	0.00014	0.00014	0.00014	0.00014	0.00014	0.00014	0.00014	0.64507	0.0	0.00014	0.08914	0.0236	0.00014	0.10622	0.08425	0.00014	0.00014	0.00014	0.0236	0.0236	0.03037	0.0	0.0	0.0	0.0	0.02091	0.0309	0.07577	0.09036	0.0945	0.07487	0.09083	0.04144	0.0	0.11667	0.04864	0.12946	0.13222	0.10138	0.07683	0.13387	0.0	0.0	0.0	0.0	0.08704	0.0	0.02955	0.00014	0.18631	0.00487	0.22486	0.00014	0.09464	0.07745	0.14789	0.07879	0.36367	0.22414	0.07354	0.00014	0.0146	0.02019	0.00896	0.00953	0.00014	0.00014	0.13612	0.07921	0.0	0.08224	0.07968	0.133	0.01114	
0.00021	0.00011	7e-05	2e-05	0.00014	0.0002	0.0	0.0	0.0	0.0	0.0	0.0	0.0	0.00019	0.00014	0.0	0.0002	0.00013	0.0	0.00017	0.00053	0.0	0.0	0.0	0.00013	0.00013	4e-05	0.0	0.0	0.0	0.0	8e-05	3e-05	1e-05	0.00023	2e-05	9e-05	4e-05	1e-05	0.0	2e-05	5e-05	0.0	4e-05	1e-05	5e-05	4e-05	0.0	0.0	0.0	0.0	3e-05	0.0	4e-05	0.0	9e-05	0.00019	4e-05	0.0	4e-05	2e-05	0.00011	2e-05	0.0002	0.00013	0.00012	0.0	6e-05	2e-05	0.00012	0.00052	0.0	0.0	4e-05	8e-05	0.0	5e-05	0.00011	7e-05	0.0001	
0.00273	0.02193	0.00863	0.01348	0.00705	0.99961	0.0002	0.0002	0.0002	0.0002	0.0002	0.0002	0.0002	0.13178	0.08914	0.0002	0.0	0.00552	0.0002	0.00216	0.00205	0.0002	0.0002	0.0002	0.00552	0.00552	0.02502	0.0	0.0	0.0	0.0	0.00457	0.00572	0.01602	0.01375	0.01485	0.01423	0.01264	0.02426	0.0	0.02293	0.03062	0.02471	0.02705	0.01733	0.02238	0.01991	0.0	0.0	0.0	0.0	0.00701	0.0	0.0064	0.0002	0.00431	0.00197	0.03603	0.0002	0.00992	0.01271	0.02428	0.01004	0.00308	0.05118	0.01029	0.0002	0.00398	0.00747	0.00293	0.00329	0.0002	0.0002	0.02796	0.00973	0.0	0.01392	0.00731	0.0187	0.00312	
0.00884	0.13873	0.0276	0.20447	0.041	0.00552	0.00013	0.00013	0.00013	0.00013	0.00013	0.00013	0.00013	0.01965	0.0236	0.00013	0.00552	0.0	0.00013	0.0064	0.00532	0.00013	0.00013	0.00013	1.00007	1.00007	0.06775	0.0	0.0	0.0	0.0	0.02257	0.0326	0.05768	0.02974	0.10466	0.08219	0.10625	0.03478	0.0	0.0716	0.06867	0.03535	0.04329	0.09475	0.0776	0.06901	0.0	0.0	0.0	0.0	0.06893	0.0	0.52818	0.00013	0.01819	0.00561	0.04966	0.00013	0.17317	0.08095	0.11574	0.16528	0.01067	0.0484	0.06606	0.00013	0.01622	0.04384	0.01014	0.01077	0.00013	0.00013	0.05635	0.24083	0.0	0.19888	0.0143	0.15641	0.08475	
0.00021	0.00011	7e-05	2e-05	0.00014	0.0002	0.0	0.0	0.0	0.0	0.0	0.0	0.0	0.00019	0.00014	0.0	0.0002	0.00013	0.0	0.00017	0.00053	0.0	0.0	0.0	0.00013	0.00013	4e-05	0.0	0.0	0.0	0.0	8e-05	3e-05	1e-05	0.00023	2e-05	9e-05	4e-05	1e-05	0.0	2e-05	5e-05	0.0	4e-05	1e-05	5e-05	4e-05	0.0	0.0	0.0	0.0	3e-05	0.0	4e-05	0.0	9e-05	0.00019	4e-05	0.0	4e-05	2e-05	0.00011	2e-05	0.0002	0.00013	0.00012	0.0	6e-05	2e-05	0.00012	0.00052	0.0	0.0	4e-05	8e-05	0.0	5e-05	0.00011	7e-05	0.0001	
0.00306	0.02605	0.0102	0.02977	0.04114	0.00216	0.00017	0.00017	0.00017	0.00017	0.00017	0.00017	0.00017	0.15639	0.10622	0.00017	0.00216	0.0064	0.00017	0.0	0.00224	0.00017	0.00017	0.00017	0.0064	0.0064	0.01386	0.0	0.0	0.0	0.0	0.00532	0.00672	0.02341	0.01627	0.01773	0.01697	0.01499	0.01309	0.0	0.02731	0.01529	0.02939	0.03224	0.02057	0.02619	0.02368	0.0	0.0	0.0	0.0	0.00823	0.0	0.00746	0.00017	0.00496	0.00218	0.04252	0.00017	0.14463	0.01503	0.02891	0.01186	0.00348	0.06159	0.01216	0.00017	0.00457	0.04188	0.00332	0.00368	0.00017	0.00017	0.0332	0.01151	0.0	0.01646	0.0086	0.02221	0.00357	
0.00275	0.02075	0.00819	0.0236	0.00672	0.00205	0.00053	0.00053	0.00053	0.00053	0.00053	0.00053	0.00053	0.12471	0.08425	0.00053	0.00205	0.00532	0.00053	0.00224	0.0	0.00053	0.00053	0.00053	0.00532	0.00532	0.02374	0.0	0.0	0.0	0.0	0.0044	0.00546	0.01516	0.01303	0.04171	0.01679	0.01203	0.023	0.0	0.01213	0.01404	0.01286	0.01255	0.01305	0.02086	0.01887	0.0	0.0	0.0	0.0	0.00668	0.0	0.00613	0.00053	0.0042	0.00207	0.03417	0.00053	0.00944	0.01206	0.02296	0.00953	0.00307	0.00745	0.00977	0.00053	0.00388	0.00711	0.00293	0.00329	0.00053	0.00053	0.02646	0.00923	0.0	0.0132	0.00695	0.01769	0.00307	
0.00021	0.00011	7e-05	2e-05	0.00014	0.0002	0.0	0.0	0.0	0.0	0.0	0.0	0.0	0.00019	0.00014	0.0	0.0002	0.00013	0.0	0.00017	0.00053	0.0	0.0	0.0	0.00013	0.00013	4e-05	0.0	0.0	0.0	0.0	8e-05	3e-05	1e-05	0.00023	2e-05	9e-05	4e-05	1e-05	0.0	2e-05	5e-05	0.0	4e-05	1e-05	5e-05	4e-05	0.0	0.0	0.0	0.0	3e-05	0.0	4e-05	0.0	9e-05	0.00019	4e-05	0.0	4e-05	2e-05	0.00011	2e-05	0.0002	0.00013	0.00012	0.0	6e-05	2e-05	0.00012	0.00052	0.0	0.0	4e-05	8e-05	0.0	5e-05	0.00011	7e-05	0.0001	
0.00021	0.00011	7e-05	2e-05	0.00014	0.0002	0.0	0.0	0.0	0.0	0.0	0.0	0.0	0.00019	0.00014	0.0	0.0002	0.00013	0.0	0.00017	0.00053	0.0	0.0	0.0	0.00013	0.00013	4e-05	0.0	0.0	0.0	0.0	8e-05	3e-05	1e-05	0.00023	2e-05	9e-05	4e-05	1e-05	0.0	2e-05	5e-05	0.0	4e-05	1e-05	5e-05	4e-05	0.0	0.0	0.0	0.0	3e-05	0.0	4e-05	0.0	9e-05	0.00019	4e-05	0.0	4e-05	2e-05	0.00011	2e-05	0.0002	0.00013	0.00012	0.0	6e-05	2e-05	0.00012	0.00052	0.0	0.0	4e-05	8e-05	0.0	5e-05	0.00011	7e-05	0.0001	
0.00021	0.00011	7e-05	2e-05	0.00014	0.0002	0.0	0.0	0.0	0.0	0.0	0.0	0.0	0.00019	0.00014	0.0	0.0002	0.00013	0.0	0.00017	0.00053	0.0	0.0	0.0	0.00013	0.00013	4e-05	0.0	0.0	0.0	0.0	8e-05	3e-05	1e-05	0.00023	2e-05	9e-05	4e-05	1e-05	0.0	2e-05	5e-05	0.0	4e-05	1e-05	5e-05	4e-05	0.0	0.0	0.0	0.0	3e-05	0.0	4e-05	0.0	9e-05	0.00019	4e-05	0.0	4e-05	2e-05	0.00011	2e-05	0.0002	0.00013	0.00012	0.0	6e-05	2e-05	0.00012	0.00052	0.0	0.0	4e-05	8e-05	0.0	5e-05	0.00011	7e-05	0.0001	
0.00884	0.13873	0.0276	0.20447	0.041	0.00552	0.00013	0.00013	0.00013	0.00013	0.00013	0.00013	0.00013	0.01965	0.0236	0.00013	0.00552	1.00007	0.00013	0.0064	0.00532	0.00013	0.00013	0.00013	0.0	1.00007	0.06775	0.0	0.0	0.0	0.0	0.02257	0.0326	0.05768	0.02974	0.10466	0.08219	0.10625	0.03478	0.0	0.0716	0.06867	0.03535	0.04329	0.09475	0.0776	0.06901	0.0	0.0	0.0	0.0	0.06893	0.0	0.52818	0.00013	0.01819	0.00561	0.04966	0.00013	0.17317	0.08095	0.11574	0.16528	0.01067	0.0484	0.06606	0.00013	0.01622	0.04384	0.01014	0.01077	0.00013	0.00013	0.05635	0.24083	0.0	0.19888	0.0143	0.15641	0.08475	
0.00884	0.13873	0.0276	0.20447	0.041	0.00552	0.00013	0.00013	0.00013	0.00013	0.00013	0.00013	0.00013	0.01965	0.0236	0.00013	0.00552	1.00007	0.00013	0.0064	0.00532	0.00013	0.00013	0.00013	1.00007	0.0	0.06775	0.0	0.0	0.0	0.0	0.02257	0.0326	0.05768	0.02974	0.10466	0.08219	0.10625	0.03478	0.0	0.0716	0.06867	0.03535	0.04329	0.09475	0.0776	0.06901	0.0	0.0	0.0	0.0	0.06893	0.0	0.52818	0.00013	0.01819	0.00561	0.04966	0.00013	0.17317	0.08095	0.11574	0.16528	0.01067	0.0484	0.06606	0.00013	0.01622	0.04384	0.01014	0.01077	0.00013	0.00013	0.05635	0.24083	0.0	0.19888	0.0143	0.15641	0.08475	
0.04249	0.04496	0.0539	0.06602	0.02757	0.02502	4e-05	4e-05	4e-05	4e-05	4e-05	4e-05	4e-05	0.01611	0.03037	4e-05	0.02502	0.06775	4e-05	0.01386	0.02374	4e-05	4e-05	4e-05	0.06775	0.06775	0.0	0.0	0.0	0.0	0.0	0.14098	0.03736	0.03562	0.04137	0.04763	0.00649	0.02402	0.03678	0.0	0.01901	0.00992	0.07518	0.0129	0.06586	0.02137	0.03041	0.0	0.0	0.0	0.0	0.11916	0.0	0.00743	4e-05	0.00312	0.012	0.00283	4e-05	0.0086	0.01715	0.03989	0.01512	0.02444	0.01823	0.02713	4e-05	0.01128	0.12309	0.04994	0.05297	4e-05	4e-05	0.00264	0.04753	0.0	0.09031	0.09274	0.05447	0.04885	
0.0	0.0	0.0	0.0	0.0	0.0	0.0	0.0	0.0	0.0	0.0	0.0	0.0	0.0	0.0	0.0	0.0	0.0	0.0	0.0	0.0	0.0	0.0	0.0	0.0	0.0	0.0	0.0	0.0	0.0	0.0	0.0	0.0	0.0	0.0	0.0	0.0	0.0	0.0	0.0	0.0	0.0	0.0	0.0	0.0	0.0	0.0	0.0	0.0	0.0	0.0	0.0	0.0	0.0	0.0	0.0	0.0	0.0	0.0	0.0	0.0	0.0	0.0	0.0	0.0	0.0	0.0	0.0	0.0	0.0	0.0	0.0	0.0	0.0	0.0	0.0	0.0	0.0	0.0	0.0	
0.0	0.0	0.0	0.0	0.0	0.0	0.0	0.0	0.0	0.0	0.0	0.0	0.0	0.0	0.0	0.0	0.0	0.0	0.0	0.0	0.0	0.0	0.0	0.0	0.0	0.0	0.0	0.0	0.0	0.0	0.0	0.0	0.0	0.0	0.0	0.0	0.0	0.0	0.0	0.0	0.0	0.0	0.0	0.0	0.0	0.0	0.0	0.0	0.0	0.0	0.0	0.0	0.0	0.0	0.0	0.0	0.0	0.0	0.0	0.0	0.0	0.0	0.0	0.0	0.0	0.0	0.0	0.0	0.0	0.0	0.0	0.0	0.0	0.0	0.0	0.0	0.0	0.0	0.0	0.0	
0.0	0.0	0.0	0.0	0.0	0.0	0.0	0.0	0.0	0.0	0.0	0.0	0.0	0.0	0.0	0.0	0.0	0.0	0.0	0.0	0.0	0.0	0.0	0.0	0.0	0.0	0.0	0.0	0.0	0.0	0.0	0.0	0.0	0.0	0.0	0.0	0.0	0.0	0.0	0.0	0.0	0.0	0.0	0.0	0.0	0.0	0.0	0.0	0.0	0.0	0.0	0.0	0.0	0.0	0.0	0.0	0.0	0.0	0.0	0.0	0.0	0.0	0.0	0.0	0.0	0.0	0.0	0.0	0.0	0.0	0.0	0.0	0.0	0.0	0.0	0.0	0.0	0.0	0.0	0.0	
0.0	0.0	0.0	0.0	0.0	0.0	0.0	0.0	0.0	0.0	0.0	0.0	0.0	0.0	0.0	0.0	0.0	0.0	0.0	0.0	0.0	0.0	0.0	0.0	0.0	0.0	0.0	0.0	0.0	0.0	0.0	0.0	0.0	0.0	0.0	0.0	0.0	0.0	0.0	0.0	0.0	0.0	0.0	0.0	0.0	0.0	0.0	0.0	0.0	0.0	0.0	0.0	0.0	0.0	0.0	0.0	0.0	0.0	0.0	0.0	0.0	0.0	0.0	0.0	0.0	0.0	0.0	0.0	0.0	0.0	0.0	0.0	0.0	0.0	0.0	0.0	0.0	0.0	0.0	0.0	
0.19237	0.03408	0.09492	0.07124	0.04357	0.00457	8e-05	8e-05	8e-05	8e-05	8e-05	8e-05	8e-05	0.01705	0.02091	8e-05	0.00457	0.02257	8e-05	0.00532	0.0044	8e-05	8e-05	8e-05	0.02257	0.02257	0.14098	0.0	0.0	0.0	0.0	0.0	0.11033	0.06614	0.06043	0.07349	0.05273	0.03965	0.05482	0.0	0.06819	0.07501	0.06054	0.06123	0.10122	0.10544	0.04729	0.0	0.0	0.0	0.0	0.03562	0.0	0.02824	8e-05	0.01574	0.00464	0.11012	8e-05	0.08661	0.11295	0.08335	0.04334	0.00903	0.04434	0.04153	8e-05	0.04094	0.195	0.24439	0.00912	8e-05	8e-05	0.03466	0.1565	0.0	0.04846	0.06433	0.07226	0.16435	
0.08431	0.09819	0.10398	0.06068	0.04773	0.00572	3e-05	3e-05	3e-05	3e-05	3e-05	3e-05	3e-05	0.02386	0.0309	3e-05	0.00572	0.0326	3e-05	0.00672	0.00546	3e-05	3e-05	3e-05	0.0326	0.0326	0.03736	0.0	0.0	0.0	0.0	0.11033	0.0	0.08646	0.0506	0.11167	0.15742	0.09744	0.09285	0.0	0.0671	0.07411	0.07625	0.09587	0.08793	0.07539	0.08397	0.0	0.0	0.0	0.0	0.0262	0.0	0.04187	3e-05	0.02187	0.04872	0.03192	3e-05	0.08957	0.07311	0.12689	0.08019	0.01188	0.07429	0.0442	3e-05	0.01917	0.08355	0.16268	0.01194	3e-05	3e-05	0.04044	0.12187	0.0	0.04809	0.15952	0.10849	0.08056	
0.03452	0.07963	0.0591	0.08547	0.08054	0.01602	1e-05	1e-05	1e-05	1e-05	1e-05	1e-05	1e-05	0.04377	0.07577	1e-05	0.01602	0.05768	1e-05	0.02341	0.01516	1e-05	1e-05	1e-05	0.05768	0.05768	0.03562	0.0	0.0	0.0	0.0	0.06614	0.08646	0.0	0.22359	0.13807	0.11201	0.14104	0.08592	0.0	0.09031	0.11035	0.11255	0.07218	0.05958	0.0543	0.0634	0.0	0.0	0.0	0.0	0.03292	0.0	0.04789	1e-05	0.0238	0.0146	0.00359	1e-05	0.06952	0.07395	0.07358	0.05404	0.03527	0.08417	0.05824	1e-05	0.00583	0.02354	0.03317	0.0315	1e-05	1e-05	0.08618	0.04876	0.0	0.04632	0.05631	0.08285	0.0477	
0.02453	0.13689	0.13088	0.07001	0.10569	0.01375	0.00023	0.00023	0.00023	0.00023	0.00023	0.00023	0.00023	0.06465	0.09036	0.00023	0.01375	0.02974	0.00023	0.01627	0.01303	0.00023	0.00023	0.00023	0.02974	0.02974	0.04137	0.0	0.0	0.0	0.0	0.06043	0.0506	0.22359	0.0	0.12663	0.07294	0.08471	0.06604	0.0	0.13	0.26265	0.05935	0.07208	0.12858	0.05576	0.08135	0.0	0.0	0.0	0.0	0.05698	0.0	0.01931	0.00023	0.04622	0.01448	0.01998	0.00023	0.01542	0.08336	0.10403	0.03685	0.02973	0.13175	0.09141	0.00023	0.05616	0.08338	0.02801	0.06487	0.00023	0.00023	0.08727	0.04956	0.0	0.03933	0.14586	0.0821	0.039	
0.07835	0.14061	0.1314	0.13066	0.12806	0.01485	2e-05	2e-05	2e-05	2e-05	2e-05	2e-05	2e-05	0.06475	0.0945	2e-05	0.01485	0.10466	2e-05	0.01773	0.04171	2e-05	2e-05	2e-05	0.10466	0.10466	0.04763	0.0	0.0	0.0	0.0	0.07349	0.11167	0.13807	0.12663	0.0	0.08207	0.13688	0.10192	0.0	0.14679	0.09937	0.17906	0.15658	0.13042	0.17128	0.07587	0.0	0.0	0.0	0.0	0.05178	0.0	0.13943	2e-05	0.08384	0.01946	0.01826	2e-05	0.09337	0.15261	0.21832	0.10393	0.04131	0.15056	0.11496	2e-05	0.03445	0.0964	0.03146	0.04265	2e-05	2e-05	0.09462	0.11656	0.0	0.06374	0.10296	0.14954	0.09182	
0.03009	0.08484	0.08691	0.07099	0.08022	0.01423	9e-05	9e-05	9e-05	9e-05	9e-05	9e-05	9e-05	0.04237	0.07487	9e-05	0.01423	0.08219	9e-05	0.01697	0.01679	9e-05	9e-05	9e-05	0.08219	0.08219	0.00649	0.0	0.0	0.0	0.0	0.05273	0.15742	0.11201	0.07294	0.08207	0.0	0.13168	0.11473	0.0	0.09574	0.21183	0.30725	0.13365	0.11544	0.05984	0.10907	0.0	0.0	0.0	0.0	0.0659	0.0	0.13761	9e-05	0.03536	0.01776	0.07291	9e-05	0.04436	0.06783	0.08772	0.15108	0.03788	0.10864	0.1172	9e-05	0.02106	0.03375	0.03006	0.05527	9e-05	9e-05	0.08041	0.12984	0.0	0.04724	0.11792	0.13319	0.05341	
0.0218	0.08116	0.11397	0.11243	0.07768	0.01264	4e-05	4e-05	4e-05	4e-05	4e-05	4e-05	4e-05	0.04543	0.09083	4e-05	0.01264	0.10625	4e-05	0.01499	0.01203	4e-05	4e-05	4e-05	0.10625	0.10625	0.02402	0.0	0.0	0.0	0.0	0.03965	0.09744	0.14104	0.08471	0.13688	0.13168	0.0	0.07328	0.0	0.04621	0.14718	0.1416	0.09683	0.05969	0.10715	0.05021	0.0	0.0	0.0	0.0	0.05589	0.0	0.10553	4e-05	0.05237	0.01284	0.02487	4e-05	0.05713	0.04686	0.1912	0.17299	0.05788	0.12911	0.1173	4e-05	0.02276	0.08913	0.0421	0.04495	4e-05	4e-05	0.12121	0.1319	0.0	0.11927	0.06968	0.09468	0.05628	
0.01895	0.03681	0.06352	0.04618	0.05562	0.02426	1e-05	1e-05	1e-05	1e-05	1e-05	1e-05	1e-05	0.02355	0.04144	1e-05	0.02426	0.03478	1e-05	0.01309	0.023	1e-05	1e-05	1e-05	0.03478	0.03478	0.03678	0.0	0.0	0.0	0.0	0.05482	0.09285	0.08592	0.06604	0.10192	0.11473	0.07328	0.0	0.0	0.14327	0.11402	0.15599	0.11104	0.05685	0.04388	0.06076	0.0	0.0	0.0	0.0	0.03487	0.0	0.04728	1e-05	0.04645	0.0269	0.02148	1e-05	0.03444	0.06608	0.07357	0.04036	0.02375	0.11256	0.12686	1e-05	0.02882	0.02943	0.05059	0.02404	1e-05	1e-05	0.10634	0.06445	0.0	0.04344	0.08073	0.05842	0.02988	
0.0	0.0	0.0	0.0	0.0	0.0	0.0	0.0	0.0	0.0	0.0	0.0	0.0	0.0	0.0	0.0	0.0	0.0	0.0	0.0	0.0	0.0	0.0	0.0	0.0	0.0	0.0	0.0	0.0	0.0	0.0	0.0	0.0	0.0	0.0	0.0	0.0	0.0	0.0	0.0	0.0	0.0	0.0	0.0	0.0	0.0	0.0	0.0	0.0	0.0	0.0	0.0	0.0	0.0	0.0	0.0	0.0	0.0	0.0	0.0	0.0	0.0	0.0	0.0	0.0	0.0	0.0	0.0	0.0	0.0	0.0	0.0	0.0	0.0	0.0	0.0	0.0	0.0	0.0	0.0	
0.02789	0.1117	0.11757	0.13472	0.06298	0.02293	2e-05	2e-05	2e-05	2e-05	2e-05	2e-05	2e-05	0.09448	0.11667	2e-05	0.02293	0.0716	2e-05	0.02731	0.01213	2e-05	2e-05	2e-05	0.0716	0.0716	0.01901	0.0	0.0	0.0	0.0	0.06819	0.0671	0.09031	0.13	0.14679	0.09574	0.04621	0.14327	0.0	0.0	0.02866	0.0509	0.1022	0.14687	0.07367	0.05977	0.0	0.0	0.0	0.0	0.08735	0.0	0.07318	2e-05	0.04192	0.01927	0.02189	2e-05	0.09795	0.13134	0.11088	0.07922	0.0352	0.13645	0.04984	2e-05	0.0115	0.04643	0.05063	0.029	2e-05	2e-05	0.12525	0.16505	0.0	0.07922	0.08655	0.09599	0.04487	
0.03223	0.08124	0.07031	0.06399	0.05923	0.03062	5e-05	5e-05	5e-05	5e-05	5e-05	5e-05	5e-05	0.02678	0.04864	5e-05	0.03062	0.06867	5e-05	0.01529	0.01404	5e-05	5e-05	5e-05	0.06867	0.06867	0.00992	0.0	0.0	0.0	0.0	0.07501	0.07411	0.11035	0.26265	0.09937	0.21183	0.14718	0.11402	0.0	0.02866	0.0	0.07157	0.12412	0.09449	0.07164	0.05115	0.0	0.0	0.0	0.0	0.05741	0.0	0.07043	5e-05	0.03535	0.01892	0.00934	5e-05	0.06506	0.06184	0.0916	0.05315	0.02779	0.08665	0.08622	5e-05	0.05459	0.06256	0.0263	0.03349	5e-05	5e-05	0.05915	0.05503	0.0	0.04243	0.08639	0.07549	0.05149	
0.05262	0.14107	0.14585	0.09692	0.05178	0.02471	0.0	0.0	0.0	0.0	0.0	0.0	0.0	0.05211	0.12946	0.0	0.02471	0.03535	0.0	0.02939	0.01286	0.0	0.0	0.0	0.03535	0.03535	0.07518	0.0	0.0	0.0	0.0	0.06054	0.07625	0.11255	0.05935	0.17906	0.30725	0.1416	0.15599	0.0	0.0509	0.07157	0.0	0.10184	0.07813	0.10141	0.09456	0.0	0.0	0.0	0.0	0.05633	0.0	0.0444	0.0	0.10079	0.01488	0.04325	0.0	0.05575	0.12502	0.10034	0.06317	0.09783	0.14881	0.12618	0.0	0.03467	0.06398	0.03316	0.03074	0.0	0.0	0.10256	0.08054	0.0	0.09116	0.14681	0.10455	0.06817	
0.02798	0.1171	0.08826	0.07319	0.06321	0.02705	4e-05	4e-05	4e-05	4e-05	4e-05	4e-05	4e-05	0.11278	0.13222	4e-05	0.02705	0.04329	4e-05	0.03224	0.01255	4e-05	4e-05	4e-05	0.04329	0.04329	0.0129	0.0	0.0	0.0	0.0	0.06123	0.09587	0.07218	0.07208	0.15658	0.13365	0.09683	0.11104	0.0	0.1022	0.12412	0.10184	0.0	0.07791	0.0465	0.13345	0.0	0.0	0.0	0.0	0.06641	0.0	0.04305	4e-05	0.04062	0.01643	0.03533	4e-05	0.04236	0.07541	0.12767	0.1025	0.03525	0.16111	0.09706	4e-05	0.0346	0.01671	0.06882	0.02995	4e-05	4e-05	0.08382	0.14008	0.0	0.06153	0.09676	0.09824	0.04477	
0.02732	0.07342	0.0919	0.21192	0.08726	0.01733	1e-05	1e-05	1e-05	1e-05	1e-05	1e-05	1e-05	0.06676	0.10138	1e-05	0.01733	0.09475	1e-05	0.02057	0.01305	1e-05	1e-05	1e-05	0.09475	0.09475	0.06586	0.0	0.0	0.0	0.0	0.10122	0.08793	0.05958	0.12858	0.13042	0.11544	0.05969	0.05685	0.0	0.14687	0.09449	0.07813	0.07791	0.0	0.12086	0.05081	0.0	0.0	0.0	0.0	0.04806	0.0	0.0945	1e-05	0.04335	0.03357	0.0706	1e-05	0.06521	0.05049	0.0509	0.07822	0.03776	0.1433	0.11409	1e-05	0.05909	0.13317	0.03257	0.0312	1e-05	1e-05	0.06455	0.09896	0.0	0.06413	0.07191	0.11742	0.0604	
0.03925	0.09589	0.08619	0.09919	0.06742	0.02238	5e-05	5e-05	5e-05	5e-05	5e-05	5e-05	5e-05	0.06138	0.07683	5e-05	0.02238	0.0776	5e-05	0.02619	0.02086	5e-05	5e-05	5e-05	0.0776	0.0776	0.02137	0.0	0.0	0.0	0.0	0.10544	0.07539	0.0543	0.05576	0.17128	0.05984	0.10715	0.04388	0.0	0.07367	0.07164	0.10141	0.0465	0.12086	0.0	0.0807	0.0	0.0	0.0	0.0	0.11649	0.0	0.05017	5e-05	0.02929	0.0224	0.06078	5e-05	0.12317	0.03821	0.12879	0.02723	0.02706	0.11252	0.10992	5e-05	0.04609	0.07437	0.04683	0.04913	5e-05	5e-05	0.09305	0.1408	0.0	0.06681	0.07413	0.07604	0.07012	
0.02631	0.14154	0.08992	0.05554	0.0776	0.01991	4e-05	4e-05	4e-05	4e-05	4e-05	4e-05	4e-05	0.10147	0.13387	4e-05	0.01991	0.06901	4e-05	0.02368	0.01887	4e-05	4e-05	4e-05	0.06901	0.06901	0.03041	0.0	0.0	0.0	0.0	0.04729	0.08397	0.0634	0.08135	0.07587	0.10907	0.05021	0.06076	0.0	0.05977	0.05115	0.09456	0.13345	0.05081	0.0807	0.0	0.0	0.0	0.0	0.0	0.09585	0.0	0.07065	4e-05	0.0968	0.02348	0.02981	4e-05	0.04541	0.07968	0.10401	0.12353	0.0467	0.15098	0.15382	4e-05	0.04663	0.08454	0.03128	0.0469	4e-05	4e-05	0.09997	0.07688	0.0	0.07892	0.08897	0.14044	0.04228	
0.0	0.0	0.0	0.0	0.0	0.0	0.0	0.0	0.0	0.0	0.0	0.0	0.0	0.0	0.0	0.0	0.0	0.0	0.0	0.0	0.0	0.0	0.0	0.0	0.0	0.0	0.0	0.0	0.0	0.0	0.0	0.0	0.0	0.0	0.0	0.0	0.0	0.0	0.0	0.0	0.0	0.0	0.0	0.0	0.0	0.0	0.0	0.0	0.0	0.0	0.0	0.0	0.0	0.0	0.0	0.0	0.0	0.0	0.0	0.0	0.0	0.0	0.0	0.0	0.0	0.0	0.0	0.0	0.0	0.0	0.0	0.0	0.0	0.0	0.0	0.0	0.0	0.0	0.0	0.0	
0.0	0.0	0.0	0.0	0.0	0.0	0.0	0.0	0.0	0.0	0.0	0.0	0.0	0.0	0.0	0.0	0.0	0.0	0.0	0.0	0.0	0.0	0.0	0.0	0.0	0.0	0.0	0.0	0.0	0.0	0.0	0.0	0.0	0.0	0.0	0.0	0.0	0.0	0.0	0.0	0.0	0.0	0.0	0.0	0.0	0.0	0.0	0.0	0.0	0.0	0.0	0.0	0.0	0.0	0.0	0.0	0.0	0.0	0.0	0.0	0.0	0.0	0.0	0.0	0.0	0.0	0.0	0.0	0.0	0.0	0.0	0.0	0.0	0.0	0.0	0.0	0.0	0.0	0.0	0.0	
0.0	0.0	0.0	0.0	0.0	0.0	0.0	0.0	0.0	0.0	0.0	0.0	0.0	0.0	0.0	0.0	0.0	0.0	0.0	0.0	0.0	0.0	0.0	0.0	0.0	0.0	0.0	0.0	0.0	0.0	0.0	0.0	0.0	0.0	0.0	0.0	0.0	0.0	0.0	0.0	0.0	0.0	0.0	0.0	0.0	0.0	0.0	0.0	0.0	0.0	0.0	0.0	0.0	0.0	0.0	0.0	0.0	0.0	0.0	0.0	0.0	0.0	0.0	0.0	0.0	0.0	0.0	0.0	0.0	0.0	0.0	0.0	0.0	0.0	0.0	0.0	0.0	0.0	0.0	0.0	
0.0	0.0	0.0	0.0	0.0	0.0	0.0	0.0	0.0	0.0	0.0	0.0	0.0	0.0	0.0	0.0	0.0	0.0	0.0	0.0	0.0	0.0	0.0	0.0	0.0	0.0	0.0	0.0	0.0	0.0	0.0	0.0	0.0	0.0	0.0	0.0	0.0	0.0	0.0	0.0	0.0	0.0	0.0	0.0	0.0	0.0	0.0	0.0	0.0	0.0	0.0	0.0	0.0	0.0	0.0	0.0	0.0	0.0	0.0	0.0	0.0	0.0	0.0	0.0	0.0	0.0	0.0	0.0	0.0	0.0	0.0	0.0	0.0	0.0	0.0	0.0	0.0	0.0	0.0	0.0	
0.01174	0.04043	0.0689	0.08575	0.02569	0.00701	3e-05	3e-05	3e-05	3e-05	3e-05	3e-05	3e-05	0.02898	0.08704	3e-05	0.00701	0.06893	3e-05	0.00823	0.00668	3e-05	3e-05	3e-05	0.06893	0.06893	0.11916	0.0	0.0	0.0	0.0	0.03562	0.0262	0.03292	0.05698	0.05178	0.0659	0.05589	0.03487	0.0	0.08735	0.05741	0.05633	0.06641	0.04806	0.11649	0.09585	0.0	0.0	0.0	0.0	0.0	0.0	0.03554	3e-05	0.02385	0.00713	0.01405	3e-05	0.01535	0.06027	0.0878	0.04752	0.08696	0.03398	0.09934	3e-05	0.05738	0.08491	0.0137	0.01456	3e-05	3e-05	0.06266	0.03905	0.0	0.03485	0.06539	0.04668	0.04915	
0.0	0.0	0.0	0.0	0.0	0.0	0.0	0.0	0.0	0.0	0.0	0.0	0.0	0.0	0.0	0.0	0.0	0.0	0.0	0.0	0.0	0.0	0.0	0.0	0.0	0.0	0.0	0.0	0.0	0.0	0.0	0.0	0.0	0.0	0.0	0.0	0.0	0.0	0.0	0.0	0.0	0.0	0.0	0.0	0.0	0.0	0.0	0.0	0.0	0.0	0.0	0.0	0.0	0.0	0.0	0.0	0.0	0.0	0.0	0.0	0.0	0.0	0.0	0.0	0.0	0.0	0.0	0.0	0.0	0.0	0.0	0.0	0.0	0.0	0.0	0.0	0.0	0.0	0.0	0.0	
0.01044	0.1024	0.05936	0.15063	0.05774	0.0064	4e-05	4e-05	4e-05	4e-05	4e-05	4e-05	4e-05	0.02408	0.02955	4e-05	0.0064	0.52818	4e-05	0.00746	0.00613	4e-05	4e-05	4e-05	0.52818	0.52818	0.00743	0.0	0.0	0.0	0.0	0.02824	0.04187	0.04789	0.01931	0.13943	0.13761	0.10553	0.04728	0.0	0.07318	0.07043	0.0444	0.04305	0.0945	0.05017	0.07065	0.0	0.0	0.0	0.0	0.03554	0.0	0.0	4e-05	0.03704	0.0065	0.06356	4e-05	0.07507	0.02588	0.10731	0.2328	0.01271	0.03972	0.02716	4e-05	0.01971	0.01561	0.01205	0.14061	4e-05	4e-05	0.07394	0.16376	0.0	0.1645	0.02976	0.11569	0.06761	
0.00021	0.00011	7e-05	2e-05	0.00014	0.0002	0.0	0.0	0.0	0.0	0.0	0.0	0.0	0.00019	0.00014	0.0	0.0002	0.00013	0.0	0.00017	0.00053	0.0	0.0	0.0	0.00013	0.00013	4e-05	0.0	0.0	0.0	0.0	8e-05	3e-05	1e-05	0.00023	2e-05	9e-05	4e-05	1e-05	0.0	2e-05	5e-05	0.0	4e-05	1e-05	5e-05	4e-05	0.0	0.0	0.0	0.0	3e-05	0.0	4e-05	0.0	9e-05	0.00019	4e-05	0.0	4e-05	2e-05	0.00011	2e-05	0.0002	0.00013	0.00012	0.0	6e-05	2e-05	0.00012	0.00052	0.0	0.0	4e-05	8e-05	0.0	5e-05	0.00011	7e-05	0.0001	
0.00675	0.0986	0.07538	0.05867	0.0754	0.00431	9e-05	9e-05	9e-05	9e-05	9e-05	9e-05	9e-05	0.01419	0.18631	9e-05	0.00431	0.01819	9e-05	0.00496	0.0042	9e-05	9e-05	9e-05	0.01819	0.01819	0.00312	0.0	0.0	0.0	0.0	0.01574	0.02187	0.0238	0.04622	0.08384	0.03536	0.05237	0.04645	0.0	0.04192	0.03535	0.10079	0.04062	0.04335	0.02929	0.0968	0.0	0.0	0.0	0.0	0.02385	0.0	0.03704	9e-05	0.0	0.00438	0.01113	9e-05	0.0384	0.00541	0.05839	0.10106	0.33559	0.18051	0.08006	9e-05	0.01186	0.02443	0.00766	0.33576	9e-05	9e-05	0.0368	0.02121	0.0	0.01006	0.12464	0.08328	0.0091	
0.00276	0.01247	0.00878	0.01372	0.00717	0.00197	0.00019	0.00019	0.00019	0.00019	0.00019	0.00019	0.00019	0.00469	0.00487	0.00019	0.00197	0.00561	0.00019	0.00218	0.00207	0.00019	0.00019	0.00019	0.00561	0.00561	0.012	0.0	0.0	0.0	0.0	0.00464	0.04872	0.0146	0.01448	0.01946	0.01776	0.01284	0.0269	0.0	0.01927	0.01892	0.01488	0.01643	0.03357	0.0224	0.02348	0.0	0.0	0.0	0.0	0.00713	0.0	0.0065	0.00019	0.00438	0.0	0.00922	0.00019	0.01009	0.01294	0.03115	0.01022	0.00312	0.00797	0.01047	0.00019	0.00403	0.0076	0.00297	0.00333	0.00019	0.00019	0.0093	0.02226	0.0	0.01575	0.00743	0.01112	0.00316	
0.06143	0.03537	0.02468	0.00964	0.02383	0.03603	4e-05	4e-05	4e-05	4e-05	4e-05	4e-05	4e-05	0.1654	0.22486	4e-05	0.03603	0.04966	4e-05	0.04252	0.03417	4e-05	4e-05	4e-05	0.04966	0.04966	0.00283	0.0	0.0	0.0	0.0	0.11012	0.03192	0.00359	0.01998	0.01826	0.07291	0.02487	0.02148	0.0	0.02189	0.00934	0.04325	0.03533	0.0706	0.06078	0.02981	0.0	0.0	0.0	0.0	0.01405	0.0	0.06356	4e-05	0.01113	0.00922	0.0	4e-05	0.02273	0.06099	0.06625	0.05986	0.0767	0.06459	0.02049	4e-05	0.02957	0.03141	0.01755	0.01862	4e-05	4e-05	0.01025	0.04937	0.0	0.0361	0.04191	0.04714	0.06208	
0.00021	0.00011	7e-05	2e-05	0.00014	0.0002	0.0	0.0	0.0	0.0	0.0	0.0	0.0	0.00019	0.00014	0.0	0.0002	0.00013	0.0	0.00017	0.00053	0.0	0.0	0.0	0.00013	0.00013	4e-05	0.0	0.0	0.0	0.0	8e-05	3e-05	1e-05	0.00023	2e-05	9e-05	4e-05	1e-05	0.0	2e-05	5e-05	0.0	4e-05	1e-05	5e-05	4e-05	0.0	0.0	0.0	0.0	3e-05	0.0	4e-05	0.0	9e-05	0.00019	4e-05	0.0	4e-05	2e-05	0.00011	2e-05	0.0002	0.00013	0.00012	0.0	6e-05	2e-05	0.00012	0.00052	0.0	0.0	4e-05	8e-05	0.0	5e-05	0.00011	7e-05	0.0001	
0.04458	0.19426	0.14683	0.16455	0.0319	0.00992	4e-05	4e-05	4e-05	4e-05	4e-05	4e-05	4e-05	0.08943	0.09464	4e-05	0.00992	0.17317	4e-05	0.14463	0.00944	4e-05	4e-05	4e-05	0.17317	0.17317	0.0086	0.0	0.0	0.0	0.0	0.08661	0.08957	0.06952	0.01542	0.09337	0.04436	0.05713	0.03444	0.0	0.09795	0.06506	0.05575	0.04236	0.06521	0.12317	0.04541	0.0	0.0	0.0	0.0	0.01535	0.0	0.07507	4e-05	0.0384	0.01009	0.02273	4e-05	0.0	0.12831	0.05869	0.07236	0.02069	0.16893	0.04537	4e-05	0.0336	0.11167	0.05255	0.02075	4e-05	4e-05	0.16724	0.2645	0.0	0.18991	0.03599	0.1702	0.06913	
0.02176	0.11891	0.05041	0.06135	0.03358	0.01271	2e-05	2e-05	2e-05	2e-05	2e-05	2e-05	2e-05	0.05732	0.07745	2e-05	0.01271	0.08095	2e-05	0.01503	0.01206	2e-05	2e-05	2e-05	0.08095	0.08095	0.01715	0.0	0.0	0.0	0.0	0.11295	0.07311	0.07395	0.08336	0.15261	0.06783	0.04686	0.06608	0.0	0.13134	0.06184	0.12502	0.07541	0.05049	0.03821	0.07968	0.0	0.0	0.0	0.0	0.06027	0.0	0.02588	2e-05	0.00541	0.01294	0.06099	2e-05	0.12831	0.0	0.09258	0.0266	0.02717	0.14037	0.09059	2e-05	0.27162	0.14602	0.03147	0.03343	2e-05	2e-05	0.11829	0.08565	0.0	0.09357	0.03028	0.10605	0.03389	
0.02234	0.0393	0.07184	0.1077	0.06734	0.02428	0.00011	0.00011	0.00011	0.00011	0.00011	0.00011	0.00011	0.12809	0.14789	0.00011	0.02428	0.11574	0.00011	0.02891	0.02296	0.00011	0.00011	0.00011	0.11574	0.11574	0.03989	0.0	0.0	0.0	0.0	0.08335	0.12689	0.07358	0.10403	0.21832	0.08772	0.1912	0.07357	0.0	0.11088	0.0916	0.10034	0.12767	0.0509	0.12879	0.10401	0.0	0.0	0.0	0.0	0.0878	0.0	0.10731	0.00011	0.05839	0.03115	0.06625	0.00011	0.05869	0.09258	0.0	0.11641	0.0355	0.16005	0.11296	0.00011	0.06103	0.13082	0.06558	0.07009	0.00011	0.00011	0.14937	0.09255	0.0	0.11752	0.07123	0.07157	0.03788	
0.01715	0.15063	0.11342	0.07258	0.055	0.01004	2e-05	2e-05	2e-05	2e-05	2e-05	2e-05	2e-05	0.04475	0.07879	2e-05	0.01004	0.16528	2e-05	0.01186	0.00953	2e-05	2e-05	2e-05	0.16528	0.16528	0.01512	0.0	0.0	0.0	0.0	0.04334	0.08019	0.05404	0.03685	0.10393	0.15108	0.17299	0.04036	0.0	0.07922	0.05315	0.06317	0.1025	0.07822	0.02723	0.12353	0.0	0.0	0.0	0.0	0.04752	0.0	0.2328	2e-05	0.10106	0.01022	0.05986	2e-05	0.07236	0.0266	0.11641	0.0	0.05059	0.12251	0.08077	2e-05	0.03545	0.04082	0.04762	0.05064	2e-05	2e-05	0.10536	0.10296	0.0	0.06929	0.05353	0.19943	0.03929	
0.00455	0.04839	0.05734	0.0295	0.01466	0.00308	0.0002	0.0002	0.0002	0.0002	0.0002	0.0002	0.0002	0.00862	0.36367	0.0002	0.00308	0.01067	0.0002	0.00348	0.00307	0.0002	0.0002	0.0002	0.01067	0.01067	0.02444	0.0	0.0	0.0	0.0	0.00903	0.01188	0.03527	0.02973	0.04131	0.03788	0.05788	0.02375	0.0	0.0352	0.02779	0.09783	0.03525	0.03776	0.02706	0.0467	0.0	0.0	0.0	0.0	0.08696	0.0	0.01271	0.0002	0.33559	0.00312	0.0767	0.0002	0.02069	0.02717	0.0355	0.05059	0.0	0.08216	0.04025	0.0002	0.00734	0.01564	0.00505	0.00546	0.0002	0.0002	0.0194	0.04829	0.0	0.03334	0.06854	0.04119	0.00569	
0.01333	0.24254	0.10625	0.07403	0.06487	0.05118	0.00013	0.00013	0.00013	0.00013	0.00013	0.00013	0.00013	0.15832	0.22414	0.00013	0.05118	0.0484	0.00013	0.06159	0.00745	0.00013	0.00013	0.00013	0.0484	0.0484	0.01823	0.0	0.0	0.0	0.0	0.04434	0.07429	0.08417	0.13175	0.15056	0.10864	0.12911	0.11256	0.0	0.13645	0.08665	0.14881	0.16111	0.1433	0.11252	0.15098	0.0	0.0	0.0	0.0	0.03398	0.0	0.03972	0.00013	0.18051	0.00797	0.06459	0.00013	0.16893	0.14037	0.16005	0.12251	0.08216	0.0	0.19188	0.00013	0.02746	0.05918	0.01566	0.08221	0.00013	0.00013	0.33015	0.0854	0.0	0.06487	0.09626	0.21247	0.02069	
0.01762	0.05125	0.10133	0.0643	0.08944	0.01029	0.00012	0.00012	0.00012	0.00012	0.00012	0.00012	0.00012	0.04666	0.07354	0.00012	0.01029	0.06606	0.00012	0.01216	0.00977	0.00012	0.00012	0.00012	0.06606	0.06606	0.02713	0.0	0.0	0.0	0.0	0.04153	0.0442	0.05824	0.09141	0.11496	0.1172	0.1173	0.12686	0.0	0.04984	0.08622	0.12618	0.09706	0.11409	0.10992	0.15382	0.0	0.0	0.0	0.0	0.09934	0.0	0.02716	0.00012	0.08006	0.01047	0.02049	0.00012	0.04537	0.09059	0.11296	0.08077	0.04025	0.19188	0.0	0.00012	0.03752	0.05137	0.03789	0.04029	0.00012	0.00012	0.18144	0.09626	0.0	0.0314	0.07742	0.04732	0.06475	
0.00021	0.00011	7e-05	2e-05	0.00014	0.0002	0.0	0.0	0.0	0.0	0.0	0.0	0.0	0.00019	0.00014	0.0	0.0002	0.00013	0.0	0.00017	0.00053	0.0	0.0	0.0	0.00013	0.00013	4e-05	0.0	0.0	0.0	0.0	8e-05	3e-05	1e-05	0.00023	2e-05	9e-05	4e-05	1e-05	0.0	2e-05	5e-05	0.0	4e-05	1e-05	5e-05	4e-05	0.0	0.0	0.0	0.0	3e-05	0.0	4e-05	0.0	9e-05	0.00019	4e-05	0.0	4e-05	2e-05	0.00011	2e-05	0.0002	0.00013	0.00012	0.0	6e-05	2e-05	0.00012	0.00052	0.0	0.0	4e-05	8e-05	0.0	5e-05	0.00011	7e-05	0.0001	
0.00617	0.04458	0.03084	0.05045	0.02382	0.00398	6e-05	6e-05	6e-05	6e-05	6e-05	6e-05	6e-05	0.01274	0.0146	6e-05	0.00398	0.01622	6e-05	0.00457	0.00388	6e-05	6e-05	6e-05	0.01622	0.01622	0.01128	0.0	0.0	0.0	0.0	0.04094	0.01917	0.00583	0.05616	0.03445	0.02106	0.02276	0.02882	0.0	0.0115	0.05459	0.03467	0.0346	0.05909	0.04609	0.04663	0.0	0.0	0.0	0.0	0.05738	0.0	0.01971	6e-05	0.01186	0.00403	0.02957	6e-05	0.0336	0.27162	0.06103	0.03545	0.00734	0.02746	0.03752	6e-05	0.0	0.23455	0.00698	0.00747	6e-05	6e-05	0.03062	0.02633	0.0	0.05612	0.02508	0.03992	0.00821	
0.06141	0.07312	0.12707	0.07812	0.04593	0.00747	2e-05	2e-05	2e-05	2e-05	2e-05	2e-05	2e-05	0.00901	0.02019	2e-05	0.00747	0.04384	2e-05	0.04188	0.00711	2e-05	2e-05	2e-05	0.04384	0.04384	0.12309	0.0	0.0	0.0	0.0	0.195	0.08355	0.02354	0.08338	0.0964	0.03375	0.08913	0.02943	0.0	0.04643	0.06256	0.06398	0.01671	0.13317	0.07437	0.08454	0.0	0.0	0.0	0.0	0.08491	0.0	0.01561	2e-05	0.02443	0.0076	0.03141	2e-05	0.11167	0.14602	0.13082	0.04082	0.01564	0.05918	0.05137	2e-05	0.23455	0.0	0.07293	0.07762	2e-05	2e-05	0.05497	0.107	0.0	0.17112	0.18265	0.07003	0.06248	
0.00434	0.03962	0.05386	0.0334	0.07171	0.00293	0.00012	0.00012	0.00012	0.00012	0.00012	0.00012	0.00012	0.0082	0.00896	0.00012	0.00293	0.01014	0.00012	0.00332	0.00293	0.00012	0.00012	0.00012	0.01014	0.01014	0.04994	0.0	0.0	0.0	0.0	0.24439	0.16268	0.03317	0.02801	0.03146	0.03006	0.0421	0.05059	0.0	0.05063	0.0263	0.03316	0.06882	0.03257	0.04683	0.03128	0.0	0.0	0.0	0.0	0.0137	0.0	0.01205	0.00012	0.00766	0.00297	0.01755	0.00012	0.05255	0.03147	0.06558	0.04762	0.00505	0.01566	0.03789	0.00012	0.00698	0.07293	0.0	0.00522	0.00012	0.00012	0.01831	0.09445	0.0	0.02818	0.01447	0.06583	0.00541	
0.00473	0.04844	0.07187	0.02954	0.13962	0.00329	0.00052	0.00052	0.00052	0.00052	0.00052	0.00052	0.00052	0.00873	0.00953	0.00052	0.00329	0.01077	0.00052	0.00368	0.00329	0.00052	0.00052	0.00052	0.01077	0.01077	0.05297	0.0	0.0	0.0	0.0	0.00912	0.01194	0.0315	0.06487	0.04265	0.05527	0.04495	0.02404	0.0	0.029	0.03349	0.03074	0.02995	0.0312	0.04913	0.0469	0.0	0.0	0.0	0.0	0.01456	0.0	0.14061	0.00052	0.33576	0.00333	0.01862	0.00052	0.02075	0.03343	0.07009	0.05064	0.00546	0.08221	0.04029	0.00052	0.00747	0.07762	0.00522	0.0	0.00052	0.00052	0.01945	0.02096	0.0	0.02994	0.12832	0.04123	0.00582	
0.00021	0.00011	7e-05	2e-05	0.00014	0.0002	0.0	0.0	0.0	0.0	0.0	0.0	0.0	0.00019	0.00014	0.0	0.0002	0.00013	0.0	0.00017	0.00053	0.0	0.0	0.0	0.00013	0.00013	4e-05	0.0	0.0	0.0	0.0	8e-05	3e-05	1e-05	0.00023	2e-05	9e-05	4e-05	1e-05	0.0	2e-05	5e-05	0.0	4e-05	1e-05	5e-05	4e-05	0.0	0.0	0.0	0.0	3e-05	0.0	4e-05	0.0	9e-05	0.00019	4e-05	0.0	4e-05	2e-05	0.00011	2e-05	0.0002	0.00013	0.00012	0.0	6e-05	2e-05	0.00012	0.00052	0.0	0.0	4e-05	8e-05	0.0	5e-05	0.00011	7e-05	0.0001	
0.00021	0.00011	7e-05	2e-05	0.00014	0.0002	0.0	0.0	0.0	0.0	0.0	0.0	0.0	0.00019	0.00014	0.0	0.0002	0.00013	0.0	0.00017	0.00053	0.0	0.0	0.0	0.00013	0.00013	4e-05	0.0	0.0	0.0	0.0	8e-05	3e-05	1e-05	0.00023	2e-05	9e-05	4e-05	1e-05	0.0	2e-05	5e-05	0.0	4e-05	1e-05	5e-05	4e-05	0.0	0.0	0.0	0.0	3e-05	0.0	4e-05	0.0	9e-05	0.00019	4e-05	0.0	4e-05	2e-05	0.00011	2e-05	0.0002	0.00013	0.00012	0.0	6e-05	2e-05	0.00012	0.00052	0.0	0.0	4e-05	8e-05	0.0	5e-05	0.00011	7e-05	0.0001	
0.01558	0.06769	0.17839	0.05004	0.04618	0.02796	4e-05	4e-05	4e-05	4e-05	4e-05	4e-05	4e-05	0.13926	0.13612	4e-05	0.02796	0.05635	4e-05	0.0332	0.02646	4e-05	4e-05	4e-05	0.05635	0.05635	0.00264	0.0	0.0	0.0	0.0	0.03466	0.04044	0.08618	0.08727	0.09462	0.08041	0.12121	0.10634	0.0	0.12525	0.05915	0.10256	0.08382	0.06455	0.09305	0.09997	0.0	0.0	0.0	0.0	0.06266	0.0	0.07394	4e-05	0.0368	0.0093	0.01025	4e-05	0.16724	0.11829	0.14937	0.10536	0.0194	0.33015	0.18144	4e-05	0.03062	0.05497	0.01831	0.01945	4e-05	4e-05	0.0	0.07815	0.0	0.04485	0.087	0.0573	0.0241	
0.01671	0.16804	0.10276	0.21507	0.07304	0.00973	8e-05	8e-05	8e-05	8e-05	8e-05	8e-05	8e-05	0.04454	0.07921	8e-05	0.00973	0.24083	8e-05	0.01151	0.00923	8e-05	8e-05	8e-05	0.24083	0.24083	0.04753	0.0	0.0	0.0	0.0	0.1565	0.12187	0.04876	0.04956	0.11656	0.12984	0.1319	0.06445	0.0	0.16505	0.05503	0.08054	0.14008	0.09896	0.1408	0.07688	0.0	0.0	0.0	0.0	0.03905	0.0	0.16376	8e-05	0.02121	0.02226	0.04937	8e-05	0.2645	0.08565	0.09255	0.10296	0.04829	0.0854	0.09626	8e-05	0.02633	0.107	0.09445	0.02096	8e-05	8e-05	0.07815	0.0	0.0	0.27028	0.07147	0.16718	0.04496	
0.0	0.0	0.0	0.0	0.0	0.0	0.0	0.0	0.0	0.0	0.0	0.0	0.0	0.0	0.0	0.0	0.0	0.0	0.0	0.0	0.0	0.0	0.0	0.0	0.0	0.0	0.0	0.0	0.0	0.0	0.0	0.0	0.0	0.0	0.0	0.0	0.0	0.0	0.0	0.0	0.0	0.0	0.0	0.0	0.0	0.0	0.0	0.0	0.0	0.0	0.0	0.0	0.0	0.0	0.0	0.0	0.0	0.0	0.0	0.0	0.0	0.0	0.0	0.0	0.0	0.0	0.0	0.0	0.0	0.0	0.0	0.0	0.0	0.0	0.0	0.0	0.0	0.0	0.0	0.0	
0.0239	0.1959	0.07044	0.26002	0.06653	0.01392	5e-05	5e-05	5e-05	5e-05	5e-05	5e-05	5e-05	0.06374	0.08224	5e-05	0.01392	0.19888	5e-05	0.01646	0.0132	5e-05	5e-05	5e-05	0.19888	0.19888	0.09031	0.0	0.0	0.0	0.0	0.04846	0.04809	0.04632	0.03933	0.06374	0.04724	0.11927	0.04344	0.0	0.07922	0.04243	0.09116	0.06153	0.06413	0.06681	0.07892	0.0	0.0	0.0	0.0	0.03485	0.0	0.1645	5e-05	0.01006	0.01575	0.0361	5e-05	0.18991	0.09357	0.11752	0.06929	0.03334	0.06487	0.0314	5e-05	0.05612	0.17112	0.02818	0.02994	5e-05	5e-05	0.04485	0.27028	0.0	0.0	0.05265	0.13713	0.03744	
0.09835	0.09186	0.30104	0.03732	0.09298	0.00731	0.00011	0.00011	0.00011	0.00011	0.00011	0.00011	0.00011	0.03145	0.07968	0.00011	0.00731	0.0143	0.00011	0.0086	0.00695	0.00011	0.00011	0.00011	0.0143	0.0143	0.09274	0.0	0.0	0.0	0.0	0.06433	0.15952	0.05631	0.14586	0.10296	0.11792	0.06968	0.08073	0.0	0.08655	0.08639	0.14681	0.09676	0.07191	0.07413	0.08897	0.0	0.0	0.0	0.0	0.06539	0.0	0.02976	0.00011	0.12464	0.00743	0.04191	0.00011	0.03599	0.03028	0.07123	0.05353	0.06854	0.09626	0.07742	0.00011	0.02508	0.18265	0.01447	0.12832	0.00011	0.00011	0.087	0.07147	0.0	0.05265	0.0	0.0857	0.12506	
