0.0	0.13785	0.10871	0.12649	0.09967	0.28832	0.14537	0.07	0.10262	0.25946	0.16101	0.16364	0.03032	0.11794	0.02133	0.02433	8e-05	0.016	0.20701	0.05011	0.0351	0.12784	0.09633	8e-05	0.11285	0.03972	0.13775	0.054	0.08675	0.05011	0.08531	0.07471	0.08195	0.108	0.05681	0.13649	0.09949	0.07792	8e-05	0.07866	0.12305	0.0	0.03066	0.13474	0.13795	0.21698	0.04987	0.0	0.0	0.03304	0.08499	0.11174	0.07166	0.0	0.0	0.09476	0.22382	0.11145	0.0	0.13203	0.09535	0.06069	0.03895	0.0682	0.0	0.0	0.08228	0.05736	0.06595	0.04405	0.0	0.22062	0.0	0.09745	0.05841	0.05852	0.09994	0.08132	0.06064	0.0	0.31354	0.0015	0.0764	0.09547	0.14588	0.11523	0.10582	0.10527	0.12784	0.03001	8e-05	0.08664	0.14469	0.0585	0.13279	0.11578	0.05928	0.0452	0.27621	0.13737	0.27505	0.07582	0.28237	0.186	0.1413	0.05723	0.17739	0.13845	0.15079	
0.13785	0.0	0.09249	0.1396	0.09042	0.08418	0.1064	0.06056	0.13013	0.31336	0.16984	0.0858	0.05828	0.12431	0.08879	0.04917	3e-05	0.01682	0.11047	0.05123	0.02618	0.09402	0.04419	3e-05	0.10193	0.0662	0.06491	0.04024	0.13403	0.05123	0.01932	0.12824	0.05123	0.13342	0.01193	0.18256	0.10789	0.07494	3e-05	0.05719	0.06062	0.0	0.03166	0.05211	0.06067	0.1205	0.08267	0.0	0.0	0.03477	0.07011	0.09669	0.06718	0.0	0.0	0.09306	0.12262	0.10247	0.0	0.14674	0.11994	0.09988	0.0402	0.11258	0.0	0.0	0.05645	0.04924	0.08804	0.02465	0.0	0.10602	0.0	0.0475	0.09802	0.01849	0.15031	0.06456	0.06701	0.0	0.17345	0.00234	0.1348	0.13576	0.1485	0.0938	0.10979	0.09199	0.12473	0.02995	3e-05	0.07107	0.15148	0.0468	0.13111	0.02087	0.05251	0.04734	0.13005	0.1557	0.15354	0.09269	0.07543	0.07521	0.13208	0.08104	0.07606	0.08514	0.07867	
0.10871	0.09249	0.0	0.06849	0.13922	0.05437	0.18498	0.04509	0.09941	0.15643	0.11278	0.08429	0.07911	0.05022	0.03443	0.02203	1e-05	0.01766	0.15826	0.0374	0.03809	0.09225	0.11501	1e-05	0.10875	0.01725	0.20519	0.22104	0.04642	0.0374	0.06605	0.04229	0.13892	0.07455	0.07487	0.14074	0.15448	0.08645	1e-05	0.06112	0.11271	0.0	0.07417	0.1084	0.16463	0.17785	0.05406	0.0	0.0	0.03659	0.05935	0.08286	0.09409	0.0	0.0	0.04471	0.06419	0.1124	0.0	0.04773	0.15353	0.02746	0.03793	0.03116	0.0	0.0	0.16477	0.0619	0.09175	0.1206	0.0	0.15857	0.0	0.16862	0.13626	0.02773	0.08158	0.13472	0.11725	0.0	0.18315	0.00138	0.04931	0.05187	0.14573	0.03559	0.11524	0.06767	0.23919	0.07308	1e-05	0.10254	0.03897	0.07432	0.14893	0.08242	0.13495	0.00376	0.15778	0.09783	0.13682	0.07321	0.13536	0.13231	0.14752	0.11316	0.09123	0.12792	0.11408	
0.12649	0.1396	0.06849	0.0	0.09104	0.02755	0.1398	0.09475	0.13094	0.1014	0.05996	0.02651	0.01061	0.02528	0.03834	0.02413	1e-05	0.01347	0.16428	0.02805	0.08547	0.17776	0.06865	1e-05	0.10279	0.12818	0.08948	0.0309	0.06253	0.02805	0.06032	0.1062	0.07678	0.09728	0.03221	0.12059	0.04017	0.1572	1e-05	0.03347	0.11978	0.0	0.05406	0.03746	0.12731	0.07468	0.08022	0.0	0.0	0.02746	0.06039	0.10757	0.08741	0.0	0.0	0.05963	0.09471	0.09637	0.0	0.11376	0.07509	0.07266	0.02643	0.07174	0.0	0.0	0.05064	0.03832	0.08428	0.06319	0.0	0.14522	0.0	0.09095	0.11908	0.082	0.14327	0.03623	0.16726	0.0	0.2375	0.0023	0.11099	0.08217	0.06488	0.03314	0.08038	0.07663	0.20508	0.017	1e-05	0.07676	0.16462	0.14361	0.09701	0.05517	0.01213	0.03735	0.15189	0.23831	0.25955	0.04811	0.04928	0.06944	0.14455	0.06029	0.09601	0.21641	0.2175	
0.09967	0.09042	0.13922	0.09104	0.0	0.11415	0.1139	0.04014	0.17619	0.16048	0.14585	0.10336	0.10513	0.0155	0.03278	0.01853	6e-05	0.02987	0.08884	0.03752	0.02127	0.19625	0.03316	6e-05	0.09443	0.00943	0.12649	0.06394	0.12049	0.03752	0.01374	0.04513	0.06897	0.16181	0.08348	0.08951	0.04971	0.1135	6e-05	0.1826	0.06692	0.0	0.07401	0.15718	0.09845	0.09637	0.05913	0.0	0.0	0.03671	0.18703	0.08832	0.06285	0.0	0.0	0.10429	0.05963	0.21815	0.0	0.09965	0.15577	0.0424	0.04589	0.04556	0.0	0.0	0.07378	0.05046	0.12985	0.07001	0.0	0.15978	0.0	0.07091	0.11921	0.01607	0.0757	0.06824	0.07089	0.0	0.22396	0.00312	0.04836	0.05686	0.12962	0.10764	0.08357	0.05945	0.12748	0.04241	6e-05	0.15534	0.08558	0.0759	0.10577	0.03566	0.02119	0.08311	0.12686	0.15832	0.16502	0.05368	0.17025	0.15456	0.12039	0.1136	0.16532	0.17118	0.11237	
0.28832	0.08418	0.05437	0.02755	0.11415	0.0	0.08617	0.0416	0.07434	0.16224	0.09486	0.0197	0.02346	0.11356	0.00094	0.02541	5e-05	0.01839	0.2236	0.04961	0.00194	0.07096	0.06919	5e-05	0.09752	8e-05	0.02782	0.05679	0.13722	0.04961	0.06001	0.05563	0.00707	0.10108	0.02155	0.0771	0.01885	0.00911	5e-05	0.04093	0.07374	0.0	0.00068	0.15361	0.05197	0.02571	0.02006	0.0	0.0	0.03629	0.05536	0.07549	0.08474	0.0	0.0	0.0603	0.03552	0.05508	0.0	0.08857	0.07027	0.06762	0.03949	0.04938	0.0	0.0	0.03967	0.05553	0.031	0.01427	0.0	0.18814	0.0	0.09171	0.04001	0.01198	0.07673	0.07893	0.00741	0.0	0.06463	0.00117	0.05507	0.04799	0.11405	0.0527	0.09326	0.08226	0.06846	0.06776	5e-05	0.06216	0.16901	0.029	0.06692	0.01747	0.03114	0.05459	0.0317	0.14124	0.31959	0.07853	0.04145	0.09545	0.23526	0.03143	0.05776	0.00553	0.00802	
0.14537	0.1064	0.18498	0.1398	0.1139	0.08617	0.0	0.01848	0.20451	0.09877	0.11941	0.04951	0.02452	0.05922	0.06144	0.00966	7e-05	0.00934	0.10094	0.01898	0.02472	0.12314	0.12932	7e-05	0.05468	0.0341	0.17045	0.02073	0.19221	0.01898	0.13443	0.02129	0.13384	0.05507	0.0363	0.08345	0.0335	0.10585	7e-05	0.02413	0.11041	0.0	0.03564	0.26754	0.10034	0.29695	0.04053	0.0	0.0	0.01859	0.12784	0.03891	0.0604	0.0	0.0	0.08524	0.07456	0.11066	0.0	0.08908	0.1696	0.02953	0.07012	0.04359	0.0	0.0	0.05457	0.08984	0.07255	0.05078	0.0	0.12576	0.0	0.04723	0.04643	0.31244	0.03784	0.07713	0.11021	0.0	0.27317	0.00096	0.02392	0.08347	0.07522	0.09018	0.05114	0.11655	0.2468	0.03035	7e-05	0.27198	0.04473	0.06297	0.27556	0.04516	0.0273	0.10241	0.13993	0.08715	0.1846	0.15547	0.10316	0.0639	0.2336	0.21767	0.15103	0.13402	0.1209	
0.07	0.06056	0.04509	0.09475	0.04014	0.0416	0.01848	0.0	0.04101	0.03354	0.05253	0.01672	0.01377	0.01631	0.04594	0.00443	0.00017	0.00445	0.02334	0.00729	0.01044	0.01026	0.00959	0.00017	0.01309	0.01782	0.06386	0.00994	0.01499	0.00729	0.00845	0.0079	0.13566	0.01384	0.02159	0.01656	0.0336	0.02036	0.00017	0.00838	0.32452	0.0	0.01131	0.01882	0.08995	0.22486	0.19933	0.0	0.0	0.00718	0.21226	0.39594	0.023	0.0	0.0	0.01651	0.0474	0.09151	0.0	0.23486	0.07506	1.06342	0.00679	0.37953	0.0	0.0	0.01864	0.00881	0.01702	0.03781	0.0	0.02441	0.0	0.01305	0.0174	0.02572	0.0107	0.01149	0.01496	0.0	0.05018	0.00074	0.00873	0.0142	0.01667	0.22163	0.01276	0.01304	0.01723	0.04124	0.00017	0.01781	0.01786	0.14795	0.24656	0.02722	0.01517	0.02973	0.08201	0.0702	0.07377	0.03757	0.14001	0.06744	0.01786	0.0474	0.03983	0.02994	0.09871	
0.10262	0.13013	0.09941	0.13094	0.17619	0.07434	0.20451	0.04101	0.0	0.13889	0.07341	0.02854	0.0137	0.12641	0.0027	0.01925	7e-05	0.01855	0.12869	0.04214	0.01077	0.06936	0.07045	7e-05	0.06685	0.01638	0.12171	0.06639	0.23077	0.04214	0.05138	0.04745	0.08222	0.105	0.01951	0.06173	0.03584	0.07975	7e-05	0.04734	0.09892	0.0	0.08139	0.24054	0.14918	0.31291	0.08461	0.0	0.0	0.04126	0.11022	0.08249	0.06459	0.0	0.0	0.14054	0.11571	0.11246	0.0	0.14451	0.14685	0.05284	0.08167	0.04906	0.0	0.0	0.05908	0.05182	0.04829	0.19833	0.0	0.19423	0.0	0.08602	0.05175	0.0172	0.07458	0.08143	0.08107	0.0	0.10896	0.00145	0.0474	0.0593	0.07975	0.06241	0.0978	0.0323	0.26723	0.05384	7e-05	0.26221	0.04022	0.12893	0.26781	0.04844	0.01403	0.04554	0.05934	0.16978	0.11683	0.30366	0.10605	0.06347	0.0815	0.16451	0.17164	0.12998	0.19568	
0.25946	0.31336	0.15643	0.1014	0.16048	0.16224	0.09877	0.03354	0.13889	0.0	0.25139	0.0281	0.01063	0.11646	0.11866	0.05699	6e-05	0.01657	0.09719	0.04119	0.05876	0.06657	0.05799	6e-05	0.10885	0.02558	0.10618	0.06561	0.12267	0.04119	0.04211	0.0465	0.04472	0.10097	0.05391	0.09854	0.16453	0.04281	6e-05	0.03841	0.19925	0.0	0.01311	0.07932	0.07516	0.09663	0.04555	0.0	0.0	0.03374	0.05421	0.07288	0.23239	0.0	0.0	0.0854	0.07964	0.07024	0.0	0.09496	0.13117	0.04378	0.03468	0.06272	0.0	0.0	0.19135	0.13986	0.05415	0.08057	0.0	0.24632	0.0	0.05378	0.05776	0.04804	0.07206	0.07841	0.06889	0.0	0.19284	0.0017	0.05456	0.05711	0.11384	0.13045	0.09401	0.09599	0.11624	0.04464	6e-05	0.08116	0.14109	0.04907	0.09518	0.10116	0.09409	0.08182	0.07178	0.17039	0.28625	0.16985	0.07799	0.1301	0.15875	0.12416	0.1312	0.06222	0.07185	
0.16101	0.16984	0.11278	0.05996	0.14585	0.09486	0.11941	0.05253	0.07341	0.25139	0.0	0.20339	0.10109	0.05853	0.10163	0.0263	1e-05	0.02524	0.07948	0.02657	0.03094	0.19125	0.0545	1e-05	0.08193	0.02184	0.09326	0.04181	0.05522	0.02657	0.04583	0.09891	0.09194	0.20507	0.05725	0.1195	0.0776	0.16637	1e-05	0.1938	0.07045	0.0	0.05116	0.10521	0.13997	0.08905	0.04343	0.0	0.0	0.02601	0.069	0.0855	0.07293	0.0	0.0	0.06155	0.08797	0.16169	0.0	0.13049	0.08191	0.02034	0.03483	0.0715	0.0	0.0	0.09666	0.09623	0.15783	0.04369	0.0	0.20166	0.0	0.07059	0.14843	0.0402	0.11147	0.0612	0.09016	0.0	0.28064	0.00083	0.09991	0.09034	0.1387	0.0452	0.12489	0.0748	0.12712	0.05045	1e-05	0.1719	0.13478	0.0423	0.10312	0.05593	0.03575	0.02271	0.1095	0.33557	0.17642	0.13359	0.18585	0.08028	0.13032	0.16716	0.13303	0.18003	0.12785	
0.16364	0.0858	0.08429	0.02651	0.10336	0.0197	0.04951	0.01672	0.02854	0.0281	0.20339	0.0	0.03213	0.04152	0.01682	0.00848	7e-05	0.00817	0.04707	0.01557	0.0117	0.14989	0.17352	7e-05	0.03583	0.06214	0.01211	0.02283	0.02598	0.01557	0.20415	0.18749	0.07545	0.19163	0.04541	0.05619	0.21675	0.10645	7e-05	0.18475	0.05442	0.0	0.02699	0.07215	0.03312	0.0399	0.01758	0.0	0.0	0.01529	0.04174	0.02726	0.04469	0.0	0.0	0.04584	0.14147	0.06868	0.0	0.0363	0.05022	0.02667	0.01439	0.02002	0.0	0.0	0.05309	0.0196	0.1406	0.02374	0.0	0.12745	0.0	0.03273	0.02381	0.00468	0.14832	0.02961	0.0391	0.0	0.23525	0.00038	0.18587	0.07177	0.03828	0.04849	0.03429	0.0995	0.04977	0.02667	7e-05	0.05083	0.05972	0.04163	0.03582	0.07892	0.03779	0.01716	0.21391	0.13491	0.03936	0.02723	0.16745	0.05519	0.03898	0.05928	0.07387	0.07609	0.0389	
0.03032	0.05828	0.07911	0.01061	0.10513	0.02346	0.02452	0.01377	0.0137	0.01063	0.10109	0.03213	0.0	0.03301	0.09518	0.11201	9e-05	0.00692	0.01933	0.01291	0.01975	0.19524	0.01873	9e-05	0.02692	0.03643	0.03251	0.10865	0.02957	0.01291	0.01516	0.01423	0.01446	0.06491	0.036	0.03709	0.00052	0.02772	9e-05	0.26006	0.02897	0.0	0.02187	0.06309	0.04956	0.0348	0.01316	0.0	0.0	0.01269	0.03252	0.02168	0.03247	0.0	0.0	0.03559	0.04538	0.17357	0.0	0.03977	0.03385	0.02163	0.01187	0.03472	0.0	0.0	0.06658	0.01596	0.03238	0.00456	0.0	0.05937	0.0	0.16732	0.13941	0.00199	0.0218	0.03585	0.0307	0.0	0.02529	0.0003	0.01538	0.02969	0.03566	0.03776	0.02699	0.02623	0.074	0.02162	9e-05	0.06285	0.00671	0.03271	0.02421	0.01913	0.10851	0.01047	0.11532	0.03167	0.0312	0.09543	0.16045	0.03643	0.01687	0.01369	0.05729	0.09192	0.02882	
0.11794	0.12431	0.05022	0.02528	0.0155	0.11356	0.05922	0.01631	0.12641	0.11646	0.05853	0.04152	0.03301	0.0	0.14928	0.00825	5e-05	0.08239	0.06761	0.01512	0.08119	0.02476	0.02244	5e-05	0.12736	0.01294	0.07369	0.02212	0.03575	0.01512	0.01786	0.01672	0.01541	0.04772	0.04381	0.19089	0.03066	0.04884	5e-05	0.0174	0.05247	0.0	0.02612	0.05328	0.06003	0.03246	0.02485	0.0	0.0	0.01484	0.0645	0.06385	0.01453	0.0	0.0	0.03245	0.09055	0.0405	0.0	0.03405	0.04413	0.02581	0.06912	0.05169	0.0	0.0	0.18717	0.08875	0.02453	0.05247	0.0	0.03703	0.0	0.02679	0.1371	0.00643	0.15192	0.02262	0.02386	0.0	0.07865	0.00048	0.01826	0.01939	0.3166	0.03573	0.3077	0.0288	0.04782	0.02581	5e-05	0.05187	0.0474	0.04011	0.03453	0.04417	0.0365	0.21972	0.04401	0.14008	0.04618	0.12196	0.04511	0.08042	0.04995	0.01243	0.03377	0.08313	0.1172	
0.02133	0.08879	0.03443	0.03834	0.03278	0.00094	0.06144	0.04594	0.0027	0.11866	0.10163	0.01682	0.09518	0.14928	0.0	0.02005	3e-05	0.0232	0.08494	0.03888	0.07811	0.07019	0.06736	3e-05	0.09948	0.03679	0.06532	0.05975	0.00847	0.03888	0.05689	0.05275	0.00538	0.03853	0.00035	0.10768	0.07325	0.02195	3e-05	0.04648	0.13733	0.0	0.00018	0.00847	0.02358	0.03113	0.00315	0.0	0.0	0.04611	0.0573	0.07853	0.04251	0.0	0.0	0.0525	0.02424	0.09387	0.0	0.00443	0.00158	0.00028	0.03811	0.01967	0.0	0.0	0.14533	0.0623	0.04878	0.03514	0.0	0.04195	0.0	0.03424	0.13354	0.02269	0.09237	0.03397	0.0023	0.0	0.16848	0.00153	0.05249	0.05908	0.16342	0.00822	0.10363	0.03002	0.06364	0.00026	3e-05	0.00941	0.02291	0.03342	0.00569	0.06325	0.10731	0.00504	0.02561	0.07283	0.03288	0.02118	0.14683	0.01969	0.03278	0.0218	0.0061	0.16632	0.04331	
0.02433	0.04917	0.02203	0.02413	0.01853	0.02541	0.00966	0.00443	0.01925	0.05699	0.0263	0.00848	0.11201	0.00825	0.02005	0.0	0.00033	0.00276	0.03388	0.00425	0.00567	0.00537	0.00507	0.00033	0.00643	0.0089	0.0328	0.00545	0.00759	0.00425	0.00471	0.00454	0.01196	0.00698	0.00898	0.00791	0.01581	0.00976	0.00033	0.00461	0.0688	0.0	0.00613	0.00896	0.01294	0.00993	0.015	0.0	0.0	0.00419	0.00727	0.00536	0.09262	0.0	0.0	0.00786	0.13312	0.00693	0.0	0.00949	0.01479	0.00615	0.00376	0.0079	0.0	0.0	0.05361	0.00464	0.00838	0.01739	0.0	0.03753	0.0	0.0064	0.00853	0.01216	0.00561	0.00591	0.00733	0.0	0.05151	0.00025	0.00478	0.00704	0.00783	0.00862	0.00632	0.00654	0.00819	0.00605	0.00033	0.00854	0.05821	0.00768	0.11245	0.03144	0.09741	0.01516	0.0082	0.01098	0.042	0.01926	0.0083	0.01563	0.05107	0.02191	0.01328	0.02974	0.01498	
8e-05	3e-05	1e-05	1e-05	6e-05	5e-05	7e-05	0.00017	7e-05	6e-05	1e-05	7e-05	9e-05	5e-05	3e-05	0.00033	0.0	0.00025	7e-05	0.00018	0.0001	7e-05	6e-05	0.0	8e-05	5e-05	4e-05	0.00011	7e-05	0.00018	0.00011	0.00017	2e-05	7e-05	0.00027	3e-05	5e-05	6e-05	0.0	0.00012	5e-05	0.0	0.00014	5e-05	5e-05	0.00011	7e-05	0.0	0.0	0.00018	4e-05	4e-05	7e-05	0.0	0.0	0.0001	5e-05	0.00012	0.0	7e-05	0.00016	0.00025	0.00016	0.00011	0.0	0.0	0.0001	0.00025	6e-05	9e-05	0.0	3e-05	0.0	7e-05	8e-05	0.00011	9e-05	6e-05	9e-05	0.0	3e-05	0.0	0.00016	6e-05	3e-05	0.00022	3e-05	6e-05	3e-05	0.00011	0.0	5e-05	0.00019	0.00012	8e-05	5e-05	6e-05	4e-05	4e-05	3e-05	9e-05	3e-05	3e-05	0.00011	2e-05	8e-05	0.00014	2e-05	5e-05	
0.016	0.01682	0.01766	0.01347	0.02987	0.01839	0.00934	0.00445	0.01855	0.01657	0.02524	0.00817	0.00692	0.08239	0.0232	0.00276	0.00025	0.0	0.01051	0.00409	0.00547	0.00517	0.00488	0.00025	0.00619	0.00857	0.01179	0.00525	0.00731	0.00409	0.00453	0.00438	0.01149	0.00671	0.00865	0.06476	0.0305	0.04544	0.00025	0.00454	0.00929	0.0	0.0059	0.00862	0.01242	0.00954	0.01441	0.0	0.0	0.00404	0.00699	0.00515	0.00744	0.0	0.0	0.00756	0.026	0.03723	0.0	0.0421	0.0282	0.00593	0.00362	0.0076	0.0	0.0	0.07856	0.00447	0.00806	0.02251	0.0	0.01078	0.0	0.00628	0.00824	0.01184	0.0054	0.00569	0.00725	0.0	0.0225	0.00064	0.00477	0.00685	0.11093	0.00837	0.08992	0.00642	0.00787	0.00583	0.00025	0.00821	0.00847	0.00739	0.0065	0.03021	0.00742	0.03208	0.00797	0.05736	0.01207	0.01865	0.00805	0.02863	0.00813	0.02103	0.02461	0.02853	0.03306	
0.20701	0.11047	0.15826	0.16428	0.08884	0.2236	0.10094	0.02334	0.12869	0.09719	0.07948	0.04707	0.01933	0.06761	0.08494	0.03388	7e-05	0.01051	0.0	0.02153	0.01238	0.07588	0.08745	7e-05	0.0627	0.03033	0.10689	0.03344	0.11753	0.02153	0.0857	0.13653	0.07408	0.14493	0.05749	0.18584	0.08461	0.17734	7e-05	0.02522	0.10672	0.0	0.06133	0.1308	0.14604	0.07644	0.0659	0.0	0.0	0.11541	0.07483	0.04446	0.11269	0.0	0.0	0.0666	0.15138	0.06711	0.0	0.12229	0.14026	0.04	0.02025	0.04615	0.0	0.0	0.06567	0.02903	0.20186	0.07835	0.0	0.20784	0.0	0.05389	0.08617	0.06373	0.13564	0.04787	0.13006	0.0	0.59911	0.00037	0.13709	0.10024	0.16859	0.08715	0.05858	0.09675	0.1453	0.06175	7e-05	0.09242	0.18494	0.0467	0.0822	0.05253	0.02337	0.05043	0.07844	0.17901	0.40317	0.1843	0.09077	0.06872	0.19458	0.07874	0.16211	0.08104	0.13505	
0.05011	0.05123	0.0374	0.02805	0.03752	0.04961	0.01898	0.00729	0.04214	0.04119	0.02657	0.01557	0.01291	0.01512	0.03888	0.00425	0.00018	0.00409	0.02153	0.0	0.00982	0.00968	0.009	0.00018	0.30128	0.01646	0.02396	0.00936	0.01377	0.99979	0.00788	0.0075	0.13866	0.01303	0.0164	0.01538	0.03038	0.01888	0.00018	0.00769	0.01803	0.0	0.33158	0.01726	0.02594	0.01948	0.02961	0.0	0.0	0.00682	0.16745	0.4039	0.01479	0.0	0.0	0.21045	0.03771	0.01305	0.0	0.1331	0.0296	0.01066	0.00623	0.01498	0.0	0.0	0.01741	0.00796	0.0159	0.0462	0.0	0.02232	0.0	0.01179	0.13164	0.02289	0.01016	0.01083	0.09795	0.0	0.15369	0.00022	0.00799	0.01316	0.01505	0.01627	0.33555	0.01199	0.01591	0.01059	0.00018	0.01638	0.01662	0.01439	0.01259	0.02491	0.014	0.02909	0.0155	0.02113	0.02469	0.04934	0.01576	0.03123	0.22736	0.0353	0.02644	0.02662	0.09993	
0.0351	0.02618	0.03809	0.08547	0.02127	0.00194	0.02472	0.01044	0.01077	0.05876	0.03094	0.0117	0.01975	0.08119	0.07811	0.00567	0.0001	0.00547	0.01238	0.00982	0.0	0.01482	0.06827	0.0001	0.20678	0.06689	0.03958	0.01381	0.02121	0.00982	0.08215	0.01075	0.0298	0.11038	0.02554	0.02523	0.00023	0.03087	0.0001	0.01109	0.02909	0.0	0.01603	0.1541	0.06192	0.02042	0.00932	0.0	0.0	0.00966	0.02245	0.0154	0.02394	0.0	0.0	0.0709	0.0077	0.02084	0.0	0.03104	0.05041	0.01589	0.00896	0.02405	0.0	0.0	0.02826	0.01178	0.02552	0.0042	0.0	0.02272	0.0	0.06975	0.21343	0.04665	0.28569	0.0433	0.03906	0.0	0.08418	0.00028	0.01158	0.07606	0.03542	0.04207	0.01889	0.05437	0.02611	0.01585	0.0001	0.09473	0.02665	0.02287	0.01988	0.04096	0.0216	0.11038	0.01835	0.03446	0.0235	0.006	0.01829	0.02298	0.01987	0.02982	0.04471	0.04531	0.05163	
0.12784	0.09402	0.09225	0.17776	0.19625	0.07096	0.12314	0.01026	0.06936	0.06657	0.19125	0.14989	0.19524	0.02476	0.07019	0.00537	7e-05	0.00517	0.07588	0.00968	0.01482	0.0	0.01408	7e-05	0.02115	0.02732	0.20386	0.01398	0.0222	0.00968	0.01136	0.01067	0.07581	0.1761	0.02703	0.02792	0.07895	0.22679	7e-05	0.53446	0.03137	0.0	0.01642	0.14949	0.13559	0.03623	0.06855	0.0	0.0	0.00951	0.02449	0.01633	0.02616	0.0	0.0	0.02679	0.0769	0.20458	0.0	0.10432	0.08107	0.01625	0.00891	0.02612	0.0	0.0	0.03093	0.01201	0.12571	0.06714	0.0	0.08663	0.0	0.01942	0.13043	0.08908	0.0164	0.01775	0.19542	0.0	0.14178	0.00021	0.01147	0.02226	0.02663	0.02831	0.02033	0.01963	0.19802	0.01623	7e-05	0.15259	0.0289	0.12283	0.02128	0.07116	0.02264	0.07514	0.44478	0.12651	0.09451	0.07277	0.28232	0.08933	0.13401	0.06932	0.12526	0.25953	0.07072	
0.09633	0.04419	0.11501	0.06865	0.03316	0.06919	0.12932	0.00959	0.07045	0.05799	0.0545	0.17352	0.01873	0.02244	0.06736	0.00507	6e-05	0.00488	0.08745	0.009	0.06827	0.01408	0.0	6e-05	0.01896	0.02628	0.09788	0.14378	0.02017	0.009	0.6451	0.0099	0.05716	0.0199	0.02446	0.02481	0.07928	0.03025	6e-05	0.01023	0.02817	0.0	0.01506	0.1392	0.06956	0.16559	0.08631	0.0	0.0	0.00885	0.02189	0.01477	0.02337	0.0	0.0	0.02391	0.06183	0.02018	0.0	0.03071	0.03184	0.01492	0.00826	0.04104	0.0	0.0	0.06705	0.01104	0.02478	0.07612	0.0	0.15401	0.0	0.05525	0.07302	0.12171	0.01491	0.13539	0.12322	0.0	0.1368	0.00027	0.01068	0.02009	0.02385	0.02539	0.01828	0.26362	0.08558	0.01488	6e-05	0.02593	0.02604	0.02213	0.01917	0.05528	0.09058	0.01543	0.16698	0.03347	0.11131	0.08158	0.16086	0.03401	0.12676	0.10777	0.05459	0.06385	0.0581	
8e-05	3e-05	1e-05	1e-05	6e-05	5e-05	7e-05	0.00017	7e-05	6e-05	1e-05	7e-05	9e-05	5e-05	3e-05	0.00033	0.0	0.00025	7e-05	0.00018	0.0001	7e-05	6e-05	0.0	8e-05	5e-05	4e-05	0.00011	7e-05	0.00018	0.00011	0.00017	2e-05	7e-05	0.00027	3e-05	5e-05	6e-05	0.0	0.00012	5e-05	0.0	0.00014	5e-05	5e-05	0.00011	7e-05	0.0	0.0	0.00018	4e-05	4e-05	7e-05	0.0	0.0	0.0001	5e-05	0.00012	0.0	7e-05	0.00016	0.00025	0.00016	0.00011	0.0	0.0	0.0001	0.00025	6e-05	9e-05	0.0	3e-05	0.0	7e-05	8e-05	0.00011	9e-05	6e-05	9e-05	0.0	3e-05	0.0	0.00016	6e-05	3e-05	0.00022	3e-05	6e-05	3e-05	0.00011	0.0	5e-05	0.00019	0.00012	8e-05	5e-05	6e-05	4e-05	4e-05	3e-05	9e-05	3e-05	3e-05	0.00011	2e-05	8e-05	0.00014	2e-05	5e-05	
0.11285	0.10193	0.10875	0.10279	0.09443	0.09752	0.05468	0.01309	0.06685	0.10885	0.08193	0.03583	0.02692	0.12736	0.09948	0.00643	8e-05	0.00619	0.0627	0.30128	0.20678	0.02115	0.01896	8e-05	0.0	0.16034	0.06729	0.03609	0.03055	0.30128	0.01454	0.01356	0.16002	0.14513	0.0529	0.04233	0.08068	0.05123	8e-05	0.01408	0.03507	0.0	0.16242	0.13762	0.12546	0.04529	0.05521	0.0	0.0	0.01194	0.12873	0.22233	0.03877	0.0	0.0	0.33607	0.11262	0.0326	0.0	0.13099	0.076	0.02156	0.01136	0.03827	0.0	0.0	0.03448	0.01582	0.04041	0.05897	0.0	0.06744	0.0	0.41333	0.35108	0.03784	0.25884	0.05487	0.11078	0.0	0.30231	0.03216	0.03532	0.14709	0.06511	0.07426	0.20883	0.03234	0.04979	0.02156	8e-05	0.1379	0.14775	0.14821	0.03036	0.09752	0.17725	0.06492	0.03192	0.05611	0.07413	0.06836	0.03999	0.07746	0.18377	0.08401	0.10049	0.06572	0.11529	
0.03972	0.0662	0.01725	0.12818	0.00943	8e-05	0.0341	0.01782	0.01638	0.02558	0.02184	0.06214	0.03643	0.01294	0.03679	0.0089	5e-05	0.00857	0.03033	0.01646	0.06689	0.02732	0.02628	5e-05	0.16034	0.0	0.08313	0.02423	0.0211	0.01646	0.02308	0.17033	0.01687	0.16936	0.00212	0.05429	0.00272	0.02113	5e-05	0.01901	0.05886	0.0	0.0287	0.02767	0.03558	0.0323	0.04081	0.0	0.0	0.01615	0.04488	0.02914	0.04808	0.0	0.0	0.11151	0.00964	0.04123	0.0	0.0656	0.01279	0.02835	0.01522	0.02057	0.0	0.0	0.05719	0.02081	0.01871	0.00522	0.0	0.06724	0.0	0.20887	0.12914	0.00196	0.32509	0.02086	0.02332	0.0	0.3641	0.01234	0.24665	0.32297	0.06698	0.04018	0.03677	0.09269	0.05369	0.02836	5e-05	0.04826	0.15745	0.10993	0.03837	0.01058	0.00699	0.00245	0.01088	0.13954	0.01596	0.03506	0.01238	0.05204	0.02334	0.01585	0.03448	0.1011	0.04335	
0.13775	0.06491	0.20519	0.08948	0.12649	0.02782	0.17045	0.06386	0.12171	0.10618	0.09326	0.01211	0.03251	0.07369	0.06532	0.0328	4e-05	0.01179	0.10689	0.02396	0.03958	0.20386	0.09788	4e-05	0.06729	0.08313	0.0	0.04671	0.03673	0.02396	0.02893	0.02684	0.12998	0.03309	0.08166	0.09661	0.0611	0.0681	4e-05	0.08292	0.22916	0.0	0.04469	0.04613	0.11275	0.10013	0.06127	0.0	0.0	0.02347	0.04708	0.07586	0.09716	0.0	0.0	0.07706	0.0628	0.11173	0.0	0.06148	0.07745	0.01393	0.04237	0.01947	0.0	0.0	0.05495	0.03195	0.02773	0.20348	0.0	0.1181	0.0	0.05995	0.0275	0.04704	0.04715	0.07125	0.20624	0.0	0.21884	0.00065	0.02983	0.06987	0.09238	0.03729	0.06313	0.05924	0.19024	0.0441	4e-05	0.05516	0.04006	0.05749	0.2091	0.07488	0.01408	0.13013	0.12487	0.04412	0.0713	0.19413	0.08967	0.04683	0.0977	0.10225	0.01873	0.10204	0.10703	
0.054	0.04024	0.22104	0.0309	0.06394	0.05679	0.02073	0.00994	0.06639	0.06561	0.04181	0.02283	0.10865	0.02212	0.05975	0.00545	0.00011	0.00525	0.03344	0.00936	0.01381	0.01398	0.14378	0.00011	0.03609	0.02423	0.04671	0.0	0.01999	0.00936	0.01083	0.01024	0.11077	0.01936	0.02403	0.02357	0.04625	0.02885	0.00011	0.01055	0.01264	0.0	0.01517	0.02627	0.02969	0.15242	0.08099	0.0	0.0	0.00921	0.02101	0.01449	0.0224	0.0	0.0	0.02287	0.05902	0.09949	0.0	0.02893	0.0468	0.01504	0.00852	0.02254	0.0	0.0	0.18328	0.01117	0.02391	0.07221	0.0	0.25165	0.0	0.45433	0.14999	0.01313	0.01474	0.27939	0.05214	0.0	0.14767	0.00027	0.011	0.01956	0.02288	0.02448	0.01772	0.01758	0.33018	0.015	0.00011	0.02484	0.02497	0.02146	0.01867	0.09946	0.3347	0.00047	0.01378	0.0322	0.03864	0.00569	0.02372	0.04927	0.02534	0.09926	0.08452	0.11748	0.08002	
0.08675	0.13403	0.04642	0.06253	0.12049	0.13722	0.19221	0.01499	0.23077	0.12267	0.05522	0.02598	0.02957	0.03575	0.00847	0.00759	7e-05	0.00731	0.11753	0.01377	0.02121	0.0222	0.02017	7e-05	0.03055	0.0211	0.03673	0.01999	0.0	0.01377	0.01621	0.23358	0.06326	0.15639	0.03903	0.06227	3e-05	0.02529	7e-05	0.01733	0.02452	0.0	0.02352	0.10712	0.04272	0.10465	0.02138	0.0	0.0	0.01352	0.03548	0.02348	0.03794	0.0	0.0	0.07874	0.04695	0.02132	0.0	0.02538	0.1106	0.02326	0.09698	0.0176	0.0	0.0	0.04498	0.01713	0.02814	0.00513	0.0	0.04074	0.0	0.02833	0.04111	0.00097	0.17474	0.02553	0.04864	0.0	0.23035	0.00068	0.23206	0.0863	0.03347	0.04134	0.02934	0.02866	0.11053	0.02325	7e-05	0.12847	0.02413	0.03558	0.27292	0.06634	0.03262	0.0758	0.03903	0.21322	0.18255	0.15842	0.01362	0.0347	0.04105	0.13997	0.02694	0.02061	0.01418	
0.05011	0.05123	0.0374	0.02805	0.03752	0.04961	0.01898	0.00729	0.04214	0.04119	0.02657	0.01557	0.01291	0.01512	0.03888	0.00425	0.00018	0.00409	0.02153	0.99979	0.00982	0.00968	0.009	0.00018	0.30128	0.01646	0.02396	0.00936	0.01377	0.0	0.00788	0.0075	0.13866	0.01303	0.0164	0.01538	0.03038	0.01888	0.00018	0.00769	0.01803	0.0	0.33158	0.01726	0.02594	0.01948	0.02961	0.0	0.0	0.00682	0.16745	0.4039	0.01479	0.0	0.0	0.21045	0.03771	0.01305	0.0	0.1331	0.0296	0.01066	0.00623	0.01498	0.0	0.0	0.01741	0.00796	0.0159	0.0462	0.0	0.02232	0.0	0.01179	0.13164	0.02289	0.01016	0.01083	0.09795	0.0	0.15369	0.00022	0.00799	0.01316	0.01505	0.01627	0.33555	0.01199	0.01591	0.01059	0.00018	0.01638	0.01662	0.01439	0.01259	0.02491	0.014	0.02909	0.0155	0.02113	0.02469	0.04934	0.01576	0.03123	0.22736	0.0353	0.02644	0.02662	0.09993	
0.08531	0.01932	0.06605	0.06032	0.01374	0.06001	0.13443	0.00845	0.05138	0.04211	0.04583	0.20415	0.01516	0.01786	0.05689	0.00471	0.00011	0.00453	0.0857	0.00788	0.08215	0.01136	0.6451	0.00011	0.01454	0.02308	0.02893	0.01083	0.01621	0.00788	0.0	0.00858	0.0283	0.0155	0.01938	0.01853	0.07553	0.02272	0.00011	0.00888	0.02173	0.0	0.01247	0.15037	0.03164	0.11297	0.06226	0.0	0.0	0.00776	0.01665	0.01167	0.01773	0.0	0.0	0.01808	0.04963	0.01566	0.0	0.02259	0.01825	0.01239	0.00713	0.03937	0.0	0.0	0.0209	0.00922	0.019	0.0561	0.0	0.09941	0.0	0.01403	0.0194	0.13271	0.01195	0.01278	0.01637	0.0	0.06195	0.0004	0.00929	0.01571	0.01819	0.0195	0.01415	0.33108	0.01918	0.01233	0.00011	0.01965	0.02151	0.01714	0.01495	0.03003	0.01649	0.00265	0.18973	0.02558	0.11022	0.06012	0.18109	0.02002	0.13424	0.07474	0.03218	0.03248	0.03689	
0.07471	0.12824	0.04229	0.1062	0.04513	0.05563	0.02129	0.0079	0.04745	0.0465	0.09891	0.18749	0.01423	0.01672	0.05275	0.00454	0.00017	0.00438	0.13653	0.0075	0.01075	0.01067	0.0099	0.00017	0.01356	0.17033	0.02684	0.01024	0.23358	0.0075	0.00858	0.0	0.02625	0.388	0.01814	0.16095	0.06993	0.11043	0.00017	0.00836	0.02009	0.0	0.01175	0.01928	0.07298	0.02186	0.03327	0.0	0.0	0.00739	0.0155	0.01093	0.01651	0.0	0.0	0.01682	0.04585	0.01451	0.0	0.02094	0.03336	0.01168	0.00678	0.01669	0.0	0.0	0.01944	0.00871	0.1442	0.05192	0.0	0.09096	0.0	0.01304	0.01805	0.02545	0.50633	0.01198	0.01514	0.0	0.26574	0.00021	0.99986	0.27459	0.081	0.01812	0.01321	0.01326	0.01781	0.01162	0.00017	0.01828	0.13509	0.016	0.01397	0.02789	0.01546	0.03249	0.01725	0.33885	0.10088	0.05549	0.01756	0.03518	0.01847	0.03987	0.02976	0.03001	0.05591	
0.08195	0.05123	0.13892	0.07678	0.06897	0.00707	0.13384	0.13566	0.08222	0.04472	0.09194	0.07545	0.01446	0.01541	0.00538	0.01196	2e-05	0.01149	0.07408	0.13866	0.0298	0.07581	0.05716	2e-05	0.16002	0.01687	0.12998	0.11077	0.06326	0.13866	0.0283	0.02625	0.0	0.03608	0.01918	0.06124	0.0797	0.07976	2e-05	0.02756	0.11853	0.0	0.07422	0.06524	0.09677	0.12752	0.06214	0.0	0.0	0.02294	0.26955	0.32	0.08531	0.0	0.0	0.11948	0.07095	0.08106	0.0	0.19292	0.07993	0.07159	0.02196	0.09773	0.0	0.0	0.04627	0.06391	0.08825	0.0097	0.0	0.09153	0.0	0.08987	0.10219	0.05116	0.08497	0.1669	0.11084	0.0	0.24253	0.00065	0.02918	0.0865	0.05777	0.10677	0.141	0.02711	0.16685	0.04322	2e-05	0.02702	0.09268	0.04697	0.10151	0.04235	0.03098	0.06408	0.07097	0.10184	0.09143	0.01816	0.07347	0.09249	0.10009	0.04169	0.08289	0.09035	0.27122	
0.108	0.13342	0.07455	0.09728	0.16181	0.10108	0.05507	0.01384	0.105	0.10097	0.20507	0.19163	0.06491	0.04772	0.03853	0.00698	7e-05	0.00671	0.14493	0.01303	0.11038	0.1761	0.0199	7e-05	0.14513	0.16936	0.03309	0.01936	0.15639	0.01303	0.0155	0.388	0.03608	0.0	0.03938	0.14453	0.05511	0.12937	7e-05	0.21549	0.0473	0.0	0.02302	0.37953	0.16326	0.05673	0.08813	0.0	0.0	0.01279	0.03692	0.02373	0.03956	0.0	0.0	0.05391	0.04063	0.09426	0.0	0.05465	0.05702	0.02274	0.01211	0.03919	0.0	0.0	0.04698	0.0167	0.16557	0.09665	0.0	0.11372	0.0	0.04444	0.26565	0.01806	0.55054	0.03329	0.03423	0.0	0.39271	0.0002	0.38929	0.29552	0.08557	0.04399	0.0301	0.02771	0.04436	0.02274	7e-05	0.38952	0.11849	0.0365	0.03133	0.06982	0.0326	0.02566	0.05495	0.26057	0.12361	0.10591	0.15662	0.06048	0.04641	0.1149	0.08841	0.08974	0.10389	
0.05681	0.01193	0.07487	0.03221	0.08348	0.02155	0.0363	0.02159	0.01951	0.05391	0.05725	0.04541	0.036	0.04381	0.00035	0.00898	0.00027	0.00865	0.05749	0.0164	0.02554	0.02703	0.02446	0.00027	0.0529	0.00212	0.08166	0.02403	0.03903	0.0164	0.01938	0.01814	0.01918	0.03938	0.0	0.06646	0.00658	0.05505	0.00027	0.0192	0.0446	0.0	0.03545	0.05617	0.05955	0.03951	0.01582	0.0	0.0	0.15058	0.04564	0.02879	0.10909	0.0	0.0	0.07919	0.01029	0.11217	0.0	0.05409	0.10975	0.03619	0.01517	0.0447	0.0	0.0	0.05627	0.11445	0.11808	0.01827	0.0	0.03963	0.0	0.05095	0.05134	0.03046	0.02874	0.03125	0.03364	0.0	0.08661	0.00937	0.02195	0.03512	0.0689	0.14314	0.03626	0.0403	0.02912	0.31484	0.00027	0.05273	0.11293	0.10421	0.03785	0.0161	0.00768	0.00534	0.04877	0.05277	0.12119	0.13939	0.04217	0.09592	0.02488	0.0154	0.05421	0.04619	0.04524	
0.13649	0.18256	0.14074	0.12059	0.08951	0.0771	0.08345	0.01656	0.06173	0.09854	0.1195	0.05619	0.03709	0.19089	0.10768	0.00791	3e-05	0.06476	0.18584	0.01538	0.02523	0.02792	0.02481	3e-05	0.04233	0.05429	0.09661	0.02357	0.06227	0.01538	0.01853	0.16095	0.06124	0.14453	0.06646	0.0	0.28468	0.17614	3e-05	0.01789	0.0645	0.0	0.08912	0.06453	0.09854	0.06344	0.09876	0.0	0.0	0.169	0.09183	0.0718	0.0775	0.0	0.0	0.05563	0.04243	0.06756	0.0	0.07828	0.06757	0.02803	0.06701	0.05557	0.0	0.0	0.16673	0.0821	0.22062	0.14199	0.0	0.07039	0.0	0.03664	0.05721	0.07887	0.14548	0.06879	0.05575	0.0	0.31796	0.00036	0.16076	0.20192	0.5152	0.08271	0.28345	0.18359	0.0805	0.08995	3e-05	0.05807	0.05835	0.0734	0.04114	0.07326	0.04157	0.07263	0.05342	0.29256	0.07983	0.05423	0.05519	0.18968	0.06493	0.09701	0.10855	0.12152	0.24344	
0.09949	0.10789	0.15448	0.04017	0.04971	0.01885	0.0335	0.0336	0.03584	0.16453	0.0776	0.21675	0.00052	0.03066	0.07325	0.01581	5e-05	0.0305	0.08461	0.03038	0.00023	0.07895	0.07928	5e-05	0.08068	0.00272	0.0611	0.04625	3e-05	0.03038	0.07553	0.06993	0.0797	0.05511	0.00658	0.28468	0.0	0.20781	5e-05	0.06866	0.13366	0.0	0.00286	0.00296	0.04212	0.06786	0.03804	0.0	0.0	0.06099	0.05272	0.06497	0.0373	0.0	0.0	0.10692	0.04902	0.05015	0.0	0.08037	0.06345	0.05486	0.03959	0.06728	0.0	0.0	0.13568	0.05361	0.25881	0.08223	0.0	0.05635	0.0	0.07263	0.02518	0.01781	0.08166	0.03118	0.07343	0.0	0.14583	0.00084	0.06909	0.01983	0.14079	0.07063	0.12382	0.15131	0.0495	0.00318	5e-05	0.00305	0.01958	0.01989	0.07915	0.03818	0.08143	0.01493	0.07246	0.24848	0.0212	0.01768	0.04683	0.05948	0.04904	0.02907	0.10042	0.01261	0.05786	
0.07792	0.07494	0.08645	0.1572	0.1135	0.00911	0.10585	0.02036	0.07975	0.04281	0.16637	0.10645	0.02772	0.04884	0.02195	0.00976	6e-05	0.04544	0.17734	0.01888	0.03087	0.22679	0.03025	6e-05	0.05123	0.02113	0.0681	0.02885	0.02529	0.01888	0.02272	0.11043	0.07976	0.12937	0.05505	0.17614	0.20781	0.0	6e-05	0.10883	0.0794	0.0	0.07251	0.06286	0.14196	0.06844	0.09507	0.0	0.0	0.15032	0.07453	0.05848	0.06838	0.0	0.0	0.06738	0.08183	0.07474	0.0	0.07294	0.03902	0.03426	0.04638	0.05279	0.0	0.0	0.15475	0.02498	0.54542	0.10613	0.0	0.0763	0.0	0.04474	0.03472	0.09507	0.10628	0.04011	0.18163	0.0	0.35178	0.00036	0.10963	0.06239	0.1915	0.07024	0.09017	0.0781	0.20204	0.07325	6e-05	0.05892	0.03062	0.22094	0.04994	0.11511	0.05075	0.00392	0.11747	0.40219	0.09775	0.07598	0.11871	0.04771	0.0997	0.1026	0.09137	0.13786	0.11532	
8e-05	3e-05	1e-05	1e-05	6e-05	5e-05	7e-05	0.00017	7e-05	6e-05	1e-05	7e-05	9e-05	5e-05	3e-05	0.00033	0.0	0.00025	7e-05	0.00018	0.0001	7e-05	6e-05	0.0	8e-05	5e-05	4e-05	0.00011	7e-05	0.00018	0.00011	0.00017	2e-05	7e-05	0.00027	3e-05	5e-05	6e-05	0.0	0.00012	5e-05	0.0	0.00014	5e-05	5e-05	0.00011	7e-05	0.0	0.0	0.00018	4e-05	4e-05	7e-05	0.0	0.0	0.0001	5e-05	0.00012	0.0	7e-05	0.00016	0.00025	0.00016	0.00011	0.0	0.0	0.0001	0.00025	6e-05	9e-05	0.0	3e-05	0.0	7e-05	8e-05	0.00011	9e-05	6e-05	9e-05	0.0	3e-05	0.0	0.00016	6e-05	3e-05	0.00022	3e-05	6e-05	3e-05	0.00011	0.0	5e-05	0.00019	0.00012	8e-05	5e-05	6e-05	4e-05	4e-05	3e-05	9e-05	3e-05	3e-05	0.00011	2e-05	8e-05	0.00014	2e-05	5e-05	
0.07866	0.05719	0.06112	0.03347	0.1826	0.04093	0.02413	0.00838	0.04734	0.03841	0.1938	0.18475	0.26006	0.0174	0.04648	0.00461	0.00012	0.00454	0.02522	0.00769	0.01109	0.53446	0.01023	0.00012	0.01408	0.01901	0.08292	0.01055	0.01733	0.00769	0.00888	0.00836	0.02756	0.21549	0.0192	0.01789	0.06866	0.10883	0.00012	0.0	0.02229	0.0	0.01208	0.1777	0.10375	0.02267	0.03523	0.0	0.0	0.00757	0.01622	0.01132	0.01715	0.0	0.0	0.04802	0.0785	0.42036	0.0	0.12462	0.06526	0.0123	0.08509	0.01937	0.0	0.0	0.02015	0.00916	0.14206	0.0403	0.0	0.02631	0.0	0.01371	0.14776	0.0271	0.01152	0.01235	0.01583	0.0	0.05828	0.00036	0.00905	0.01518	0.01767	0.0192	0.01371	0.01382	0.01924	0.01214	0.00012	0.18617	0.01922	0.0167	0.01795	0.02921	0.01611	0.03434	0.17086	0.13834	0.02747	0.04207	0.35095	0.0745	0.01926	0.04624	0.11968	0.11705	0.03611	
0.12305	0.06062	0.11271	0.11978	0.06692	0.07374	0.11041	0.32452	0.09892	0.19925	0.07045	0.05442	0.02897	0.05247	0.13733	0.0688	5e-05	0.00929	0.10672	0.01803	0.02909	0.03137	0.02817	5e-05	0.03507	0.05886	0.22916	0.01264	0.02452	0.01803	0.02173	0.02009	0.11853	0.0473	0.0446	0.0645	0.13366	0.0794	5e-05	0.02229	0.0	0.0	0.0325	0.0432	0.10995	0.27861	0.16103	0.0	0.0	0.01769	0.15532	0.23955	0.18544	0.0	0.0	0.07723	0.11499	0.0649	0.0	0.19383	0.11553	0.34034	0.07374	0.21735	0.0	0.0	0.179	0.02389	0.0614	0.08438	0.0	0.11173	0.0	0.03966	0.05767	0.06164	0.03343	0.03676	0.05042	0.0	0.1436	0.00061	0.02231	0.04854	0.06271	0.16309	0.0438	0.04192	0.03779	0.03066	5e-05	0.04906	0.0933	0.1268	0.36628	0.09169	0.02456	0.0374	0.062	0.1072	0.18384	0.15298	0.14594	0.09522	0.03766	0.14594	0.09431	0.04433	0.10092	
0.0	0.0	0.0	0.0	0.0	0.0	0.0	0.0	0.0	0.0	0.0	0.0	0.0	0.0	0.0	0.0	0.0	0.0	0.0	0.0	0.0	0.0	0.0	0.0	0.0	0.0	0.0	0.0	0.0	0.0	0.0	0.0	0.0	0.0	0.0	0.0	0.0	0.0	0.0	0.0	0.0	0.0	0.0	0.0	0.0	0.0	0.0	0.0	0.0	0.0	0.0	0.0	0.0	0.0	0.0	0.0	0.0	0.0	0.0	0.0	0.0	0.0	0.0	0.0	0.0	0.0	0.0	0.0	0.0	0.0	0.0	0.0	0.0	0.0	0.0	0.0	0.0	0.0	0.0	0.0	0.0	0.0	0.0	0.0	0.0	0.0	0.0	0.0	0.0	0.0	0.0	0.0	0.0	0.0	0.0	0.0	0.0	0.0	0.0	0.0	0.0	0.0	0.0	0.0	0.0	0.0	0.0	0.0	0.0	
0.03066	0.03166	0.07417	0.05406	0.07401	0.00068	0.03564	0.01131	0.08139	0.01311	0.05116	0.02699	0.02187	0.02612	0.00018	0.00613	0.00014	0.0059	0.06133	0.33158	0.01603	0.01642	0.01506	0.00014	0.16242	0.0287	0.04469	0.01517	0.02352	0.33158	0.01247	0.01175	0.07422	0.02302	0.03545	0.08912	0.00286	0.07251	0.00014	0.01208	0.0325	0.0	0.0	0.03159	0.03177	0.03663	0.01192	0.0	0.0	0.32324	0.07356	0.19646	0.046	0.0	0.0	0.11138	0.00524	0.02324	0.0	0.07341	0.02835	0.0175	0.00979	0.02696	0.0	0.0	0.03175	0.01296	0.16542	0.0882	0.0	0.04263	0.0	0.02041	0.04199	0.04084	0.01735	0.01869	0.199	0.0	0.09863	0.0002	0.01258	0.02321	0.08982	0.02924	0.17499	0.09303	0.04468	0.10569	0.00014	0.02983	0.02985	0.04812	0.02218	0.00798	0.02397	0.05319	0.02771	0.03861	0.04708	0.09487	0.02831	0.02788	0.13699	0.06936	0.05082	0.05159	0.08676	
0.13474	0.05211	0.1084	0.03746	0.15718	0.15361	0.26754	0.01882	0.24054	0.07932	0.10521	0.07215	0.06309	0.05328	0.00847	0.00896	5e-05	0.00862	0.1308	0.01726	0.1541	0.14949	0.1392	5e-05	0.13762	0.02767	0.04613	0.02627	0.10712	0.01726	0.15037	0.01928	0.06524	0.37953	0.05617	0.06453	0.00296	0.06286	5e-05	0.1777	0.0432	0.0	0.03159	0.0	0.1452	0.17451	0.07168	0.0	0.0	0.01692	0.05438	0.03363	0.05849	0.0	0.0	0.0944	0.03906	0.12994	0.0	0.05684	0.09966	0.03114	0.06406	0.06167	0.0	0.0	0.06993	0.02274	0.05741	0.0589	0.0	0.07745	0.0	0.04972	0.23708	0.05125	0.14794	0.03921	0.05023	0.0	0.19745	0.00064	0.02128	0.05139	0.05448	0.0602	0.04347	0.09599	0.10447	0.03118	5e-05	0.44711	0.0303	0.0529	0.19651	0.10662	0.04589	0.0101	0.10204	0.05869	0.12203	0.18014	0.23718	0.03117	0.06935	0.16567	0.07124	0.06717	0.11295	
0.13795	0.06067	0.16463	0.12731	0.09845	0.05197	0.10034	0.08995	0.14918	0.07516	0.13997	0.03312	0.04956	0.06003	0.02358	0.01294	5e-05	0.01242	0.14604	0.02594	0.06192	0.13559	0.06956	5e-05	0.12546	0.03558	0.11275	0.02969	0.04272	0.02594	0.03164	0.07298	0.09677	0.16326	0.05955	0.09854	0.04212	0.14196	5e-05	0.10375	0.10995	0.0	0.03177	0.1452	0.0	0.11693	0.09396	0.0	0.0	0.06266	0.07007	0.09983	0.09864	0.0	0.0	0.09767	0.14405	0.18083	0.0	0.13966	0.08478	0.08431	0.04868	0.09229	0.0	0.0	0.09446	0.07379	0.08629	0.09506	0.0	0.10443	0.0	0.07048	0.11372	0.00395	0.15346	0.05398	0.09537	0.0	0.35274	0.00111	0.07362	0.08868	0.11276	0.09105	0.07535	0.04572	0.09514	0.13214	5e-05	0.14649	0.06202	0.13177	0.0883	0.05807	0.04797	0.0446	0.09626	0.2088	0.19879	0.18605	0.13332	0.10386	0.07778	0.11865	0.14137	0.16574	0.16082	
0.21698	0.1205	0.17785	0.07468	0.09637	0.02571	0.29695	0.22486	0.31291	0.09663	0.08905	0.0399	0.0348	0.03246	0.03113	0.00993	0.00011	0.00954	0.07644	0.01948	0.02042	0.03623	0.16559	0.00011	0.04529	0.0323	0.10013	0.15242	0.10465	0.01948	0.11297	0.02186	0.12752	0.05673	0.03951	0.06344	0.06786	0.06844	0.00011	0.02267	0.27861	0.0	0.03663	0.17451	0.11693	0.0	0.24174	0.0	0.0	0.01908	0.15515	0.17771	0.0559	0.0	0.0	0.0971	0.06167	0.13747	0.0	0.19474	0.21478	0.21209	0.05599	0.19543	0.0	0.0	0.06703	0.02623	0.04714	0.16644	0.0	0.19068	0.0	0.11522	0.05447	0.10239	0.03899	0.10366	0.08662	0.0	0.31079	0.00103	0.02451	0.05804	0.06009	0.12832	0.06814	0.08382	0.19993	0.04494	0.00011	0.12181	0.04365	0.11441	0.30532	0.08483	0.06783	0.01621	0.12943	0.08219	0.15143	0.12092	0.17794	0.09874	0.06189	0.27165	0.19804	0.07814	0.1052	
0.04987	0.08267	0.05406	0.08022	0.05913	0.02006	0.04053	0.19933	0.08461	0.04555	0.04343	0.01758	0.01316	0.02485	0.00315	0.015	7e-05	0.01441	0.0659	0.02961	0.00932	0.06855	0.08631	7e-05	0.05521	0.04081	0.06127	0.08099	0.02138	0.02961	0.06226	0.03327	0.06214	0.08813	0.01582	0.09876	0.03804	0.09507	7e-05	0.03523	0.16103	0.0	0.01192	0.07168	0.09396	0.24174	0.0	0.0	0.0	0.04984	0.14909	0.134	0.04126	0.0	0.0	0.10469	0.09452	0.15117	0.0	0.19559	0.10746	0.28382	0.03519	0.22281	0.0	0.0	0.03299	0.03994	0.05761	0.13176	0.0	0.08934	0.0	0.08343	0.04134	0.04758	0.05983	0.07946	0.08442	0.0	0.15852	0.00099	0.03756	0.09134	0.02914	0.20022	0.04908	0.04262	0.13493	0.08788	7e-05	0.06996	0.02121	0.11153	0.0663	0.10814	0.02025	0.00326	0.07108	0.07139	0.10249	0.03956	0.11336	0.05077	0.09659	0.09088	0.07525	0.04282	0.10278	
0.0	0.0	0.0	0.0	0.0	0.0	0.0	0.0	0.0	0.0	0.0	0.0	0.0	0.0	0.0	0.0	0.0	0.0	0.0	0.0	0.0	0.0	0.0	0.0	0.0	0.0	0.0	0.0	0.0	0.0	0.0	0.0	0.0	0.0	0.0	0.0	0.0	0.0	0.0	0.0	0.0	0.0	0.0	0.0	0.0	0.0	0.0	0.0	0.0	0.0	0.0	0.0	0.0	0.0	0.0	0.0	0.0	0.0	0.0	0.0	0.0	0.0	0.0	0.0	0.0	0.0	0.0	0.0	0.0	0.0	0.0	0.0	0.0	0.0	0.0	0.0	0.0	0.0	0.0	0.0	0.0	0.0	0.0	0.0	0.0	0.0	0.0	0.0	0.0	0.0	0.0	0.0	0.0	0.0	0.0	0.0	0.0	0.0	0.0	0.0	0.0	0.0	0.0	0.0	0.0	0.0	0.0	0.0	0.0	
0.0	0.0	0.0	0.0	0.0	0.0	0.0	0.0	0.0	0.0	0.0	0.0	0.0	0.0	0.0	0.0	0.0	0.0	0.0	0.0	0.0	0.0	0.0	0.0	0.0	0.0	0.0	0.0	0.0	0.0	0.0	0.0	0.0	0.0	0.0	0.0	0.0	0.0	0.0	0.0	0.0	0.0	0.0	0.0	0.0	0.0	0.0	0.0	0.0	0.0	0.0	0.0	0.0	0.0	0.0	0.0	0.0	0.0	0.0	0.0	0.0	0.0	0.0	0.0	0.0	0.0	0.0	0.0	0.0	0.0	0.0	0.0	0.0	0.0	0.0	0.0	0.0	0.0	0.0	0.0	0.0	0.0	0.0	0.0	0.0	0.0	0.0	0.0	0.0	0.0	0.0	0.0	0.0	0.0	0.0	0.0	0.0	0.0	0.0	0.0	0.0	0.0	0.0	0.0	0.0	0.0	0.0	0.0	0.0	
0.03304	0.03477	0.03659	0.02746	0.03671	0.03629	0.01859	0.00718	0.04126	0.03374	0.02601	0.01529	0.01269	0.01484	0.04611	0.00419	0.00018	0.00404	0.11541	0.00682	0.00966	0.00951	0.00885	0.00018	0.01194	0.01615	0.02347	0.00921	0.01352	0.00682	0.00776	0.00739	0.02294	0.01279	0.15058	0.169	0.06099	0.15032	0.00018	0.00757	0.01769	0.0	0.32324	0.01692	0.06266	0.01908	0.04984	0.0	0.0	0.0	0.01363	0.00969	0.12766	0.0	0.0	0.01477	0.03991	0.0128	0.0	0.01828	0.05571	0.01049	0.00614	0.01469	0.0	0.0	0.01707	0.00783	0.30393	0.04525	0.0	0.02185	0.0	0.01157	0.01589	0.02245	0.00998	0.01063	0.09573	0.0	0.10247	0.00022	0.00787	0.01291	0.19546	0.01596	0.01166	0.257	0.11222	0.32906	0.00018	0.01606	0.0163	0.14972	0.01235	0.06143	0.01375	0.02852	0.01521	0.02072	0.02418	0.04832	0.01546	0.05976	0.01616	0.03455	0.02588	0.02605	0.04823	
0.08499	0.07011	0.05935	0.06039	0.18703	0.05536	0.12784	0.21226	0.11022	0.05421	0.069	0.04174	0.03252	0.0645	0.0573	0.00727	4e-05	0.00699	0.07483	0.16745	0.02245	0.02449	0.02189	4e-05	0.12873	0.04488	0.04708	0.02101	0.03548	0.16745	0.01665	0.0155	0.26955	0.03692	0.04564	0.09183	0.05272	0.07453	4e-05	0.01622	0.15532	0.0	0.07356	0.05438	0.07007	0.15515	0.14909	0.0	0.0	0.01363	0.0	0.37138	0.05665	0.0	0.0	0.10256	0.01777	0.16034	0.0	0.24738	0.07814	0.22154	0.01299	0.20918	0.0	0.0	0.08369	0.0182	0.06671	0.05611	0.0	0.08082	0.0	0.03198	0.05083	0.04439	0.0262	0.07708	0.04207	0.0	0.21784	0.00062	0.01709	0.07926	0.08109	0.20402	0.22442	0.06249	0.05173	0.07557	4e-05	0.05567	0.04967	0.05044	0.08839	0.14582	0.03629	0.1331	0.04869	0.07905	0.16331	0.01743	0.05201	0.08579	0.12885	0.05783	0.11481	0.08504	0.23894	
