0.0	0.06396	0.09509	0.09415	0.10483	0.06464	0.16612	0.31621	0.10378	0.07511	0.13244	0.08919	0.07089	0.07055	0.0	0.0	0.06502	0.07202	0.12476	0.02497	0.01002	0.09566	0.09876	3e-05	3e-05	0.03102	0.0772	3e-05	3e-05	3e-05	3e-05	0.03388	3e-05	3e-05	0.05511	0.07063	0.07472	0.0547	0.03509	0.1741	0.10415	0.10677	3e-05	3e-05	3e-05	0.05769	0.07661	0.0683	0.02248	0.06121	0.16213	0.13228	0.37211	0.54001	0.0	0.12944	0.14979	0.05027	0.0683	0.0	0.0	0.08471	3e-05	3e-05	3e-05	3e-05	3e-05	3e-05	0.07388	3e-05	0.07388	3e-05	3e-05	0.10627	3e-05	3e-05	3e-05	3e-05	3e-05	3e-05	3e-05	0.07755	0.07388	3e-05	3e-05	3e-05	0.07388	0.01994	0.12707	0.08264	0.03905	0.0	0.0	0.06025	0.15256	0.13842	0.07911	0.0	0.08779	0.0	0.07117	0.17937	0.10747	0.11854	0.03441	0.07106	0.13653	0.12452	0.0702	0.03174	0.15695	
0.06396	0.0	0.10998	0.08216	0.1468	0.15037	0.14937	0.06866	0.15015	0.06995	0.07282	0.17945	0.08611	0.08618	0.0	0.0	0.11596	0.15729	0.14941	0.03948	0.1181	0.02767	0.10788	1e-05	1e-05	0.04745	0.19316	1e-05	1e-05	1e-05	1e-05	0.09708	1e-05	1e-05	0.04656	0.04512	0.15639	0.13889	0.04865	0.11586	0.18404	0.06773	1e-05	1e-05	1e-05	0.13543	0.10577	0.136	0.10884	0.18973	0.09684	0.08017	0.22144	0.22567	0.0	0.13595	0.0596	0.10161	0.136	0.0	0.0	0.05439	1e-05	1e-05	1e-05	1e-05	1e-05	1e-05	0.04793	1e-05	0.04793	1e-05	1e-05	0.03587	1e-05	1e-05	1e-05	1e-05	1e-05	1e-05	1e-05	0.07863	0.04793	1e-05	1e-05	1e-05	0.04793	0.01078	0.11142	0.16689	0.05739	0.0	0.0	0.05318	0.14706	0.14347	0.14661	0.0	0.05679	0.0	0.06822	0.13268	0.0945	0.05638	0.08814	0.08249	0.07388	0.08	0.05331	0.08594	0.06918	
0.09509	0.10998	0.0	0.15922	0.06197	0.14567	0.05904	0.098	0.08658	0.08985	0.06184	0.01924	0.11189	0.05744	0.0	0.0	0.07362	0.06857	0.12989	0.03283	0.05481	0.01774	0.05858	2e-05	2e-05	0.03998	0.14766	2e-05	2e-05	2e-05	2e-05	0.03731	2e-05	2e-05	0.0285	0.05281	0.06491	0.04268	0.06758	0.11313	0.14213	0.14153	2e-05	2e-05	2e-05	0.09621	0.09395	0.06728	0.03996	0.16924	0.07452	0.13638	0.21201	0.47568	0.0	0.09305	0.08698	0.08429	0.06728	0.0	0.0	0.06289	2e-05	2e-05	2e-05	2e-05	2e-05	2e-05	0.03813	2e-05	0.03813	2e-05	2e-05	0.02681	2e-05	2e-05	2e-05	2e-05	2e-05	2e-05	2e-05	0.09575	0.03813	2e-05	2e-05	2e-05	0.03813	0.03251	0.10988	0.11152	0.03341	0.0	0.0	0.19651	0.07988	0.12671	0.09172	0.0	0.04901	0.0	0.0952	0.08681	0.09952	0.11233	0.06871	0.10137	0.0491	0.15493	0.09054	0.09869	0.11363	
0.09415	0.08216	0.15922	0.0	0.11011	0.08206	0.05686	0.03728	0.1007	0.05303	0.06904	0.06479	0.212	0.10318	0.0	0.0	0.06321	0.05334	0.11955	0.07521	0.0294	0.06924	0.14135	1e-05	1e-05	0.05447	0.05083	1e-05	1e-05	1e-05	1e-05	0.05109	1e-05	1e-05	0.01535	0.05055	0.05608	0.01548	0.04028	0.05193	0.05208	0.08245	1e-05	1e-05	1e-05	0.05749	0.06225	0.03959	0.07023	0.08867	0.05144	0.14749	0.37837	0.44853	0.0	0.07453	0.03344	0.04395	0.03959	0.0	0.0	0.11409	1e-05	1e-05	1e-05	1e-05	1e-05	1e-05	0.03661	1e-05	0.03661	1e-05	1e-05	0.0237	1e-05	1e-05	1e-05	1e-05	1e-05	1e-05	1e-05	0.02253	0.03661	1e-05	1e-05	1e-05	0.03661	0.07528	0.05841	0.08582	0.06789	0.0	0.0	0.0796	0.16264	0.16354	0.15233	0.0	0.0562	0.0	0.05402	0.0776	0.09458	0.06239	0.05795	0.07578	0.0925	0.09104	0.10822	0.07674	0.11336	
0.10483	0.1468	0.06197	0.11011	0.0	0.02172	0.03665	0.06557	0.16478	0.0811	0.09497	0.13071	0.16739	0.20078	0.0	0.0	0.12884	0.04935	0.10204	0.0536	0.05477	0.01811	0.10367	5e-05	5e-05	0.03753	0.10895	5e-05	5e-05	5e-05	5e-05	0.05658	5e-05	5e-05	0.08671	0.07547	0.06809	0.03886	0.01014	0.10063	0.12845	0.12947	5e-05	5e-05	5e-05	0.06408	0.06696	0.05234	0.05888	0.10781	0.08996	0.12897	0.34738	0.76318	0.0	0.10157	0.06785	0.11946	0.05234	0.0	0.0	0.13132	5e-05	5e-05	5e-05	5e-05	5e-05	5e-05	0.02542	5e-05	0.02542	5e-05	5e-05	0.05648	5e-05	5e-05	5e-05	5e-05	5e-05	5e-05	5e-05	0.05631	0.02542	5e-05	5e-05	5e-05	0.02542	0.0315	0.0606	0.09491	0.07584	0.0	0.0	0.11353	0.21063	0.159	0.12118	0.0	0.067	0.0	0.08338	0.227	0.13173	0.10944	0.05549	0.07851	0.15343	0.04575	0.0624	0.12972	0.06261	
0.06464	0.15037	0.14567	0.08206	0.02172	0.0	0.179	0.12286	0.18278	0.03111	0.07088	0.11469	0.09501	0.10582	0.0	0.0	0.15959	0.08486	0.15306	0.04078	0.18579	0.06454	0.13898	1e-05	1e-05	0.04861	0.13583	1e-05	1e-05	1e-05	1e-05	0.0299	1e-05	1e-05	0.03234	0.05362	0.09415	0.06405	0.06365	0.12131	0.09096	0.12242	1e-05	1e-05	1e-05	0.11633	0.07986	0.07222	0.09053	0.13218	0.0541	0.06861	0.17589	0.26665	0.0	0.20663	0.15085	0.11618	0.07222	0.0	0.0	0.08551	1e-05	1e-05	1e-05	1e-05	1e-05	1e-05	0.03262	1e-05	0.03262	1e-05	1e-05	0.03302	1e-05	1e-05	1e-05	1e-05	1e-05	1e-05	1e-05	0.07305	0.03262	1e-05	1e-05	1e-05	0.03262	0.07724	0.12594	0.07179	0.05563	0.0	0.0	0.04246	0.10658	0.16565	0.11448	0.0	0.0385	0.0	0.01715	0.14521	0.10893	0.08271	0.06701	0.03889	0.05401	0.117	0.09308	0.08494	0.08709	
0.16612	0.14937	0.05904	0.05686	0.03665	0.179	0.0	0.11325	0.07978	0.03978	0.13431	0.11677	0.15701	0.05981	0.0	0.0	0.12585	0.0786	0.11397	0.04218	0.08791	0.07266	0.10164	0.0	0.0	0.09836	0.04685	0.0	0.0	0.0	0.0	0.04707	0.0	0.0	0.10177	0.0563	0.14401	0.06181	0.02084	0.09035	0.07722	0.11499	0.0	0.0	0.0	0.04034	0.09435	0.08787	0.03801	0.04772	0.0919	0.10587	0.13149	0.37976	0.0	0.16532	0.14517	0.09081	0.08787	0.0	0.0	0.04938	0.0	0.0	0.0	0.0	0.0	0.0	0.03047	0.0	0.03047	0.0	0.0	0.01971	0.0	0.0	0.0	0.0	0.0	0.0	0.0	0.02146	0.03047	0.0	0.0	0.0	0.03047	0.03266	0.13637	0.09746	0.02827	0.0	0.0	0.05823	0.06773	0.18832	0.07375	0.0	0.14707	0.0	0.03295	0.1135	0.10456	0.04585	0.04877	0.04596	0.09903	0.11882	0.09925	0.06585	0.1174	
0.31621	0.06866	0.098	0.03728	0.06557	0.12286	0.11325	0.0	0.14115	0.05858	0.14856	0.0697	0.11134	0.12732	0.0	0.0	0.17138	0.10874	0.17321	0.02304	0.04635	0.03902	0.11514	4e-05	4e-05	0.02874	0.12087	4e-05	4e-05	4e-05	4e-05	0.06607	4e-05	4e-05	0.09569	0.02681	0.11583	0.09344	0.10696	0.25554	0.20531	0.07608	4e-05	4e-05	4e-05	0.08723	0.05401	0.08741	0.09922	0.1108	0.0277	0.12215	0.33704	0.28346	0.0	0.06653	0.22317	0.10932	0.08741	0.0	0.0	0.14999	4e-05	4e-05	4e-05	4e-05	4e-05	4e-05	0.05322	4e-05	0.05322	4e-05	4e-05	0.25159	4e-05	4e-05	4e-05	4e-05	4e-05	4e-05	4e-05	0.16726	0.05322	4e-05	4e-05	4e-05	0.05322	0.02771	0.07393	0.10401	0.04122	0.0	0.0	0.09838	0.17466	0.14482	0.05286	0.0	0.16413	0.0	0.03681	0.27257	0.13249	0.07106	0.07354	0.05705	0.12462	0.1482	0.11013	0.08711	0.17368	
0.10378	0.15015	0.08658	0.1007	0.16478	0.18278	0.07978	0.14115	0.0	0.11201	0.06395	0.14609	0.14158	0.20121	0.0	0.0	0.11564	0.06673	0.09475	0.05079	0.2188	0.04072	0.18151	3e-05	3e-05	0.0592	0.08526	3e-05	3e-05	3e-05	3e-05	0.08759	3e-05	3e-05	0.04218	0.08162	0.09493	0.06399	0.02571	0.11224	0.04945	0.08565	3e-05	3e-05	3e-05	0.06949	0.0858	0.06966	0.06791	0.07406	0.058	0.09726	0.21765	0.27524	0.0	0.13367	0.13828	0.07428	0.06966	0.0	0.0	0.17317	3e-05	3e-05	3e-05	3e-05	3e-05	3e-05	0.0252	3e-05	0.0252	3e-05	3e-05	0.04754	3e-05	3e-05	3e-05	3e-05	3e-05	3e-05	3e-05	0.02846	0.0252	3e-05	3e-05	3e-05	0.0252	0.09957	0.05973	0.14764	0.06929	0.0	0.0	0.02927	0.13908	0.25881	0.21815	0.0	0.06124	0.0	0.08127	0.46376	0.07444	0.02937	0.1523	0.06002	0.05476	0.15385	0.11844	0.09861	0.10168	
0.07511	0.06995	0.08985	0.05303	0.0811	0.03111	0.03978	0.05858	0.11201	0.0	0.22566	0.06572	0.20234	0.09311	0.0	0.0	0.20398	0.16868	0.22642	0.02719	0.02099	0.11328	0.14335	0.00016	0.00016	0.0804	0.23253	0.00016	0.00016	0.00016	0.00016	0.27236	0.00016	0.00016	0.21538	0.028	0.20699	0.16615	0.09464	0.14442	0.28393	0.16652	0.00016	0.00016	0.00016	0.08952	0.15763	0.16658	0.13523	0.27752	0.07648	0.26786	0.3446	0.73641	0.0	0.07184	0.10568	0.2007	0.16658	0.0	0.0	0.09929	0.00016	0.00016	0.00016	0.00016	0.00016	0.00016	0.02059	0.00016	0.02059	0.00016	0.00016	0.0781	0.00016	0.00016	0.00016	0.00016	0.00016	0.00016	0.00016	0.15069	0.02059	0.00016	0.00016	0.00016	0.02059	0.00535	0.17695	0.25532	0.13276	0.0	0.0	0.21153	0.1218	0.16921	0.10621	0.0	0.17124	0.0	0.73332	0.1153	0.12102	0.0589	0.11351	0.21789	0.15788	0.06436	0.11984	0.07178	0.03247	
0.13244	0.07282	0.06184	0.06904	0.09497	0.07088	0.13431	0.14856	0.06395	0.22566	0.0	0.0575	0.11558	0.06328	0.0	0.0	0.10214	0.10063	0.16202	0.04113	0.04195	0.11817	0.07961	8e-05	8e-05	0.03171	0.12335	8e-05	8e-05	8e-05	8e-05	0.0721	8e-05	8e-05	0.10402	0.05792	0.04161	0.01783	0.07927	0.09493	0.08159	0.13427	8e-05	8e-05	8e-05	0.0567	0.04476	0.02658	0.06492	0.182	0.11628	0.10496	0.44788	0.46247	0.0	0.06047	0.08719	0.18502	0.02658	0.0	0.0	0.10579	8e-05	8e-05	8e-05	8e-05	8e-05	8e-05	0.04224	8e-05	0.04224	8e-05	8e-05	0.1746	8e-05	8e-05	8e-05	8e-05	8e-05	8e-05	8e-05	0.08097	0.04224	8e-05	8e-05	8e-05	0.04224	0.11518	0.04795	0.08272	0.03565	0.0	0.0	0.09724	0.15629	0.0739	0.04204	0.0	0.75501	0.0	0.30625	0.06544	0.07308	0.09063	0.10509	0.1041	0.12217	0.17698	0.07715	0.04599	0.08135	
0.08919	0.17945	0.01924	0.06479	0.13071	0.11469	0.11677	0.0697	0.14609	0.06572	0.0575	0.0	0.1068	0.04154	0.0	0.0	0.15535	0.1826	0.2267	0.02388	0.11809	0.14308	0.19015	0.00011	0.00011	0.0302	0.30133	0.00011	0.00011	0.00011	0.00011	0.13459	0.00011	0.00011	0.03782	0.06985	0.18331	0.19901	0.02568	0.20525	0.16189	0.12393	0.00011	0.00011	0.00011	0.22571	0.17802	0.285	0.01968	0.17208	0.18202	0.20743	0.29787	0.45951	0.0	0.16904	0.0949	0.09802	0.285	0.0	0.0	0.07543	0.00011	0.00011	0.00011	0.00011	0.00011	0.00011	0.0209	0.00011	0.0209	0.00011	0.00011	0.07629	0.00011	0.00011	0.00011	0.00011	0.00011	0.00011	0.00011	0.14994	0.0209	0.00011	0.00011	0.00011	0.0209	0.02178	0.11343	0.12046	0.04123	0.0	0.0	0.11416	0.12401	0.08908	0.36057	0.0	0.06099	0.0	0.03838	0.11458	0.19631	0.15944	0.06564	0.02045	0.14593	0.03983	0.18503	0.07183	0.05094	
0.07089	0.08611	0.11189	0.212	0.16739	0.09501	0.15701	0.11134	0.14158	0.20234	0.11558	0.1068	0.0	0.08226	0.0	0.0	0.19059	0.05619	0.06109	0.04423	0.0849	0.11548	0.09766	2e-05	2e-05	0.03525	0.1144	2e-05	2e-05	2e-05	2e-05	0.11726	2e-05	2e-05	0.0469	0.03294	0.06739	0.04899	0.02494	0.14677	0.14608	0.14711	2e-05	2e-05	2e-05	0.02205	0.09084	0.07526	0.0613	0.1625	0.13853	0.16551	0.18067	0.63638	0.0	0.1338	0.13911	0.10051	0.07526	0.0	0.0	0.17338	2e-05	2e-05	2e-05	2e-05	2e-05	2e-05	0.02402	2e-05	0.02402	2e-05	2e-05	0.09537	2e-05	2e-05	2e-05	2e-05	2e-05	2e-05	2e-05	0.01328	0.02402	2e-05	2e-05	2e-05	0.02402	0.01594	0.03361	0.16951	0.16447	0.0	0.0	0.05996	0.13588	0.63436	0.08978	0.0	0.10866	0.0	0.21674	0.13219	0.0962	0.14448	0.07938	0.101	0.1652	0.06609	0.15023	0.08489	0.0806	
0.07055	0.08618	0.05744	0.10318	0.20078	0.10582	0.05981	0.12732	0.20121	0.09311	0.06328	0.04154	0.08226	0.0	0.0	0.0	0.19699	0.07005	0.07782	0.03698	0.02542	0.05498	0.09177	5e-05	5e-05	0.04497	0.09512	5e-05	5e-05	5e-05	5e-05	0.0887	5e-05	5e-05	0.12636	0.0569	0.08817	0.05201	0.01726	0.21231	0.10896	0.20527	5e-05	5e-05	5e-05	0.03368	0.15826	0.06671	0.17741	0.15154	0.07893	0.15102	0.3167	0.49505	0.0	0.07633	0.07714	0.11861	0.06671	0.0	0.0	0.06877	5e-05	5e-05	5e-05	5e-05	5e-05	5e-05	0.0871	5e-05	0.0871	5e-05	5e-05	0.09957	5e-05	5e-05	5e-05	5e-05	5e-05	5e-05	5e-05	0.00844	0.0871	5e-05	5e-05	5e-05	0.0871	0.09013	0.04847	0.1574	0.06507	0.0	0.0	0.03092	0.5079	0.12608	0.15416	0.0	0.037	0.0	0.05245	0.24411	0.14337	0.07657	0.14513	0.09797	0.1124	0.13488	0.06011	0.08978	0.10942	
0.0	0.0	0.0	0.0	0.0	0.0	0.0	0.0	0.0	0.0	0.0	0.0	0.0	0.0	0.0	0.0	0.0	0.0	0.0	0.0	0.0	0.0	0.0	0.0	0.0	0.0	0.0	0.0	0.0	0.0	0.0	0.0	0.0	0.0	0.0	0.0	0.0	0.0	0.0	0.0	0.0	0.0	0.0	0.0	0.0	0.0	0.0	0.0	0.0	0.0	0.0	0.0	0.0	0.0	0.0	0.0	0.0	0.0	0.0	0.0	0.0	0.0	0.0	0.0	0.0	0.0	0.0	0.0	0.0	0.0	0.0	0.0	0.0	0.0	0.0	0.0	0.0	0.0	0.0	0.0	0.0	0.0	0.0	0.0	0.0	0.0	0.0	0.0	0.0	0.0	0.0	0.0	0.0	0.0	0.0	0.0	0.0	0.0	0.0	0.0	0.0	0.0	0.0	0.0	0.0	0.0	0.0	0.0	0.0	0.0	0.0	
0.0	0.0	0.0	0.0	0.0	0.0	0.0	0.0	0.0	0.0	0.0	0.0	0.0	0.0	0.0	0.0	0.0	0.0	0.0	0.0	0.0	0.0	0.0	0.0	0.0	0.0	0.0	0.0	0.0	0.0	0.0	0.0	0.0	0.0	0.0	0.0	0.0	0.0	0.0	0.0	0.0	0.0	0.0	0.0	0.0	0.0	0.0	0.0	0.0	0.0	0.0	0.0	0.0	0.0	0.0	0.0	0.0	0.0	0.0	0.0	0.0	0.0	0.0	0.0	0.0	0.0	0.0	0.0	0.0	0.0	0.0	0.0	0.0	0.0	0.0	0.0	0.0	0.0	0.0	0.0	0.0	0.0	0.0	0.0	0.0	0.0	0.0	0.0	0.0	0.0	0.0	0.0	0.0	0.0	0.0	0.0	0.0	0.0	0.0	0.0	0.0	0.0	0.0	0.0	0.0	0.0	0.0	0.0	0.0	0.0	0.0	
0.06502	0.11596	0.07362	0.06321	0.12884	0.15959	0.12585	0.17138	0.11564	0.20398	0.10214	0.15535	0.19059	0.19699	0.0	0.0	0.0	0.22954	0.3629	0.0512	0.22205	0.12109	0.22134	7e-05	7e-05	0.05823	0.36286	7e-05	7e-05	7e-05	7e-05	0.15136	7e-05	7e-05	0.24847	0.05399	0.38404	0.23996	0.16022	0.33914	0.41014	0.30188	7e-05	7e-05	7e-05	0.25976	0.16789	0.22502	0.19099	0.28533	0.08387	0.32606	0.46051	0.60644	0.0	0.17102	0.24749	0.15822	0.22502	0.0	0.0	0.22009	7e-05	7e-05	7e-05	7e-05	7e-05	7e-05	0.03213	7e-05	0.03213	7e-05	7e-05	0.11732	7e-05	7e-05	7e-05	7e-05	7e-05	7e-05	7e-05	0.28693	0.03213	7e-05	7e-05	7e-05	0.03213	0.08717	0.13695	0.2563	0.06245	0.0	0.0	0.29395	0.12749	0.25639	0.12363	0.0	0.0756	0.0	0.2241	0.14752	0.22456	0.13354	0.07468	0.11736	0.1356	0.05724	0.11815	0.16693	0.05933	
0.07202	0.15729	0.06857	0.05334	0.04935	0.08486	0.0786	0.10874	0.06673	0.16868	0.10063	0.1826	0.05619	0.07005	0.0	0.0	0.22954	0.0	0.22218	0.01746	0.07568	0.15723	0.08492	3e-05	3e-05	0.02197	0.28552	3e-05	3e-05	3e-05	3e-05	0.33433	3e-05	3e-05	0.16454	0.11137	0.52657	0.663	0.26048	0.37921	0.26111	0.11313	3e-05	3e-05	3e-05	0.13827	0.37588	0.58606	0.26774	0.31968	0.04025	0.25564	0.23823	0.2368	0.0	0.07162	0.10256	0.07235	0.58606	0.0	0.0	0.12041	3e-05	3e-05	3e-05	3e-05	3e-05	3e-05	0.01536	3e-05	0.01536	3e-05	3e-05	0.05327	3e-05	3e-05	3e-05	3e-05	3e-05	3e-05	3e-05	0.1486	0.01536	3e-05	3e-05	3e-05	0.01536	0.05646	0.07245	0.31159	0.04774	0.0	0.0	0.0305	0.0669	0.08725	0.17097	0.0	0.04266	0.0	0.15133	0.10454	0.18495	0.07272	0.13628	0.08074	0.1103	0.0993	0.09669	0.09748	0.03469	
0.12476	0.14941	0.12989	0.11955	0.10204	0.15306	0.11397	0.17321	0.09475	0.22642	0.16202	0.2267	0.06109	0.07782	0.0	0.0	0.3629	0.22218	0.0	0.09914	0.26452	0.11341	0.23253	0.0001	0.0001	0.22663	0.54334	0.0001	0.0001	0.0001	0.0001	0.10132	0.0001	0.0001	0.17395	0.04011	0.30938	0.14654	0.28453	0.21042	0.39781	0.238	0.0001	0.0001	0.0001	0.67685	0.0758	0.13631	0.05343	0.40428	0.09386	0.28181	0.85751	0.55566	0.0	0.25189	0.20844	0.22149	0.13631	0.0	0.0	0.05518	0.0001	0.0001	0.0001	0.0001	0.0001	0.0001	0.02989	0.0001	0.02989	0.0001	0.0001	0.11745	0.0001	0.0001	0.0001	0.0001	0.0001	0.0001	0.0001	0.47614	0.02989	0.0001	0.0001	0.0001	0.02989	0.05763	0.38293	0.18553	0.06605	0.0	0.0	0.49544	0.1548	0.1129	0.0822	0.0	0.11356	0.0	0.23509	0.07963	0.27899	0.1362	0.13872	0.1057	0.11153	0.15096	0.14023	0.07948	0.0533	
0.02497	0.03948	0.03283	0.07521	0.0536	0.04078	0.04218	0.02304	0.05079	0.02719	0.04113	0.02388	0.04423	0.03698	0.0	0.0	0.0512	0.01746	0.09914	0.0	0.07783	0.04698	0.30435	0.00018	0.00018	0.37331	0.02838	0.00018	0.00018	0.00018	0.00018	0.01272	0.00018	0.00018	0.02825	0.00755	0.11027	0.01633	0.02642	0.03799	0.04923	0.01824	0.00018	0.00018	0.00018	0.04073	0.01472	0.01415	0.03077	0.02661	0.015	0.0236	0.06895	0.0606	0.0	0.04174	0.04361	0.02809	0.01415	0.0	0.0	0.04687	0.00018	0.00018	0.00018	0.00018	0.00018	0.00018	0.00591	0.00018	0.00591	0.00018	0.00018	0.01418	0.00018	0.00018	0.00018	0.00018	0.00018	0.00018	0.00018	0.04685	0.00591	0.00018	0.00018	0.00018	0.00591	0.01606	0.10499	0.0322	0.00966	0.0	0.0	0.03773	0.04142	0.04372	0.02417	0.0	0.04161	0.0	0.03212	0.061	0.03691	0.06455	0.06195	0.03727	0.02941	0.01883	0.03186	0.0514	0.01415	
0.01002	0.1181	0.05481	0.0294	0.05477	0.18579	0.08791	0.04635	0.2188	0.02099	0.04195	0.11809	0.0849	0.02542	0.0	0.0	0.22205	0.07568	0.26452	0.07783	0.0	0.00149	0.08108	8e-05	8e-05	0.08763	0.23779	8e-05	8e-05	8e-05	8e-05	0.06841	8e-05	8e-05	0.00112	0.02984	0.1274	0.0939	0.17797	0.07257	0.068	0.13507	8e-05	8e-05	8e-05	0.31791	0.09607	0.08573	0.10035	0.15413	0.0995	0.05878	0.19942	0.1517	0.0	0.19295	0.11699	0.05523	0.08573	0.0	0.0	0.03175	8e-05	8e-05	8e-05	8e-05	8e-05	8e-05	0.02237	8e-05	0.02237	8e-05	8e-05	0.07646	8e-05	8e-05	8e-05	8e-05	8e-05	8e-05	8e-05	0.08171	0.02237	8e-05	8e-05	8e-05	0.02237	0.00015	0.12192	0.07864	0.04492	0.0	0.0	0.08508	0.01896	0.22055	0.04327	0.0	0.01935	0.0	0.01029	0.18821	0.05253	0.08963	0.05132	0.02331	0.02892	0.01448	0.01332	0.02798	0.04654	
0.09566	0.02767	0.01774	0.06924	0.01811	0.06454	0.07266	0.03902	0.04072	0.11328	0.11817	0.14308	0.11548	0.05498	0.0	0.0	0.12109	0.15723	0.11341	0.04698	0.00149	0.0	0.15299	4e-05	4e-05	0.05592	0.05816	4e-05	4e-05	4e-05	4e-05	0.10423	4e-05	4e-05	0.01397	0.04368	0.15278	0.14678	0.04919	0.34635	0.04895	0.0547	4e-05	4e-05	4e-05	0.06678	0.05906	0.13393	0.02173	0.03891	0.13617	0.08261	0.10051	0.28251	0.0	0.03222	0.03576	0.01193	0.13393	0.0	0.0	0.03056	4e-05	4e-05	4e-05	4e-05	4e-05	4e-05	0.03875	4e-05	0.03875	4e-05	4e-05	0.14374	4e-05	4e-05	4e-05	4e-05	4e-05	4e-05	4e-05	0.0155	0.03875	4e-05	4e-05	4e-05	0.03875	0.0128	0.06353	0.04927	0.06907	0.0	0.0	0.01025	0.22701	0.10513	0.07617	0.0	0.08068	0.0	0.12661	0.13565	0.09246	0.1063	0.00227	0.02442	0.09316	0.02816	0.08459	0.02955	0.06684	
0.09876	0.10788	0.05858	0.14135	0.10367	0.13898	0.10164	0.11514	0.18151	0.14335	0.07961	0.19015	0.09766	0.09177	0.0	0.0	0.22134	0.08492	0.23253	0.30435	0.08108	0.15299	0.0	2e-05	2e-05	0.23869	0.13216	2e-05	2e-05	2e-05	2e-05	0.06535	2e-05	2e-05	0.13825	0.0269	0.25234	0.0918	0.05161	0.29455	0.1552	0.05942	2e-05	2e-05	2e-05	0.12292	0.04269	0.08548	0.10529	0.09597	0.06702	0.17754	0.19377	0.41948	0.0	0.14681	0.10815	0.22778	0.08548	0.0	0.0	0.34125	2e-05	2e-05	2e-05	2e-05	2e-05	2e-05	0.04685	2e-05	0.04685	2e-05	2e-05	0.20105	2e-05	2e-05	2e-05	2e-05	2e-05	2e-05	2e-05	0.08517	0.04685	2e-05	2e-05	2e-05	0.04685	0.0907	0.23366	0.15059	0.07443	0.0	0.0	0.09434	0.1694	0.15499	0.08274	0.0	0.0648	0.0	0.14245	0.24734	0.19003	0.11596	0.14786	0.06401	0.13393	0.05901	0.26358	0.08268	0.06201	
3e-05	1e-05	2e-05	1e-05	5e-05	1e-05	0.0	4e-05	3e-05	0.00016	8e-05	0.00011	2e-05	5e-05	0.0	0.0	7e-05	3e-05	0.0001	0.00018	8e-05	4e-05	2e-05	0.0	0.0	0.00018	9e-05	0.0	0.0	0.0	0.0	7e-05	0.0	0.0	9e-05	0.00027	4e-05	5e-05	4e-05	0.0	0.0001	0.00012	0.0	0.0	0.0	0.00011	8e-05	6e-05	4e-05	0.00013	5e-05	0.0001	8e-05	7e-05	0.0	4e-05	5e-05	0.0001	6e-05	0.0	0.0	2e-05	0.0	0.0	0.0	0.0	0.0	0.0	0.00017	0.0	0.00017	0.0	0.0	8e-05	0.0	0.0	0.0	0.0	0.0	0.0	0.0	0.00015	0.00017	0.0	0.0	0.0	0.00017	5e-05	8e-05	4e-05	0.00013	0.0	0.0	0.00017	3e-05	0.00011	0.00011	0.0	0.00011	0.0	0.00017	8e-05	2e-05	2e-05	2e-05	8e-05	8e-05	2e-05	1e-05	2e-05	2e-05	
3e-05	1e-05	2e-05	1e-05	5e-05	1e-05	0.0	4e-05	3e-05	0.00016	8e-05	0.00011	2e-05	5e-05	0.0	0.0	7e-05	3e-05	0.0001	0.00018	8e-05	4e-05	2e-05	0.0	0.0	0.00018	9e-05	0.0	0.0	0.0	0.0	7e-05	0.0	0.0	9e-05	0.00027	4e-05	5e-05	4e-05	0.0	0.0001	0.00012	0.0	0.0	0.0	0.00011	8e-05	6e-05	4e-05	0.00013	5e-05	0.0001	8e-05	7e-05	0.0	4e-05	5e-05	0.0001	6e-05	0.0	0.0	2e-05	0.0	0.0	0.0	0.0	0.0	0.0	0.00017	0.0	0.00017	0.0	0.0	8e-05	0.0	0.0	0.0	0.0	0.0	0.0	0.0	0.00015	0.00017	0.0	0.0	0.0	0.00017	5e-05	8e-05	4e-05	0.00013	0.0	0.0	0.00017	3e-05	0.00011	0.00011	0.0	0.00011	0.0	0.00017	8e-05	2e-05	2e-05	2e-05	8e-05	8e-05	2e-05	1e-05	2e-05	2e-05	
0.03102	0.04745	0.03998	0.05447	0.03753	0.04861	0.09836	0.02874	0.0592	0.0804	0.03171	0.0302	0.03525	0.04497	0.0	0.0	0.05823	0.02197	0.22663	0.37331	0.08763	0.05592	0.23869	0.00018	0.00018	0.0	0.03604	0.00018	0.00018	0.00018	0.00018	0.01595	0.00018	0.00018	0.16471	0.00857	0.32065	0.02027	0.03293	0.06569	0.05041	0.02373	0.00018	0.00018	0.00018	0.04999	0.01868	0.01782	0.03761	0.03386	0.01946	0.08219	0.15627	0.18276	0.0	0.07031	0.09737	0.08187	0.01782	0.0	0.0	0.03225	0.00018	0.00018	0.00018	0.00018	0.00018	0.00018	0.00681	0.00018	0.00681	0.00018	0.00018	0.01736	0.00018	0.00018	0.00018	0.00018	0.00018	0.00018	0.00018	0.03881	0.00681	0.00018	0.00018	0.00018	0.00681	0.0201	0.28977	0.12672	0.01112	0.0	0.0	0.06809	0.04873	0.054	0.03036	0.0	0.03882	0.0	0.07561	0.06786	0.07086	0.05018	0.05696	0.04005	0.04612	0.02386	0.0608	0.04257	0.0179	
0.0772	0.19316	0.14766	0.05083	0.10895	0.13583	0.04685	0.12087	0.08526	0.23253	0.12335	0.30133	0.1144	0.09512	0.0	0.0	0.36286	0.28552	0.54334	0.02838	0.23779	0.05816	0.13216	9e-05	9e-05	0.03604	0.0	9e-05	9e-05	9e-05	9e-05	0.20529	9e-05	9e-05	0.11081	0.07274	0.30965	0.33467	0.27992	0.29928	0.3976	0.40434	9e-05	9e-05	9e-05	0.66995	0.20966	0.30794	0.14959	0.58878	0.10423	0.21521	0.30486	0.44391	0.0	0.18781	0.11583	0.1044	0.30794	0.0	0.0	0.10256	9e-05	9e-05	9e-05	9e-05	9e-05	9e-05	0.02469	9e-05	0.02469	9e-05	9e-05	0.09473	9e-05	9e-05	9e-05	9e-05	9e-05	9e-05	9e-05	0.33149	0.02469	9e-05	9e-05	9e-05	0.02469	0.01301	0.209	0.18724	0.10807	0.0	0.0	0.31294	0.16452	0.18915	0.17248	0.0	0.11196	0.0	0.29114	0.0981	0.27021	0.12476	0.14814	0.07143	0.11604	0.06728	0.10847	0.06535	0.03581	
3e-05	1e-05	2e-05	1e-05	5e-05	1e-05	0.0	4e-05	3e-05	0.00016	8e-05	0.00011	2e-05	5e-05	0.0	0.0	7e-05	3e-05	0.0001	0.00018	8e-05	4e-05	2e-05	0.0	0.0	0.00018	9e-05	0.0	0.0	0.0	0.0	7e-05	0.0	0.0	9e-05	0.00027	4e-05	5e-05	4e-05	0.0	0.0001	0.00012	0.0	0.0	0.0	0.00011	8e-05	6e-05	4e-05	0.00013	5e-05	0.0001	8e-05	7e-05	0.0	4e-05	5e-05	0.0001	6e-05	0.0	0.0	2e-05	0.0	0.0	0.0	0.0	0.0	0.0	0.00017	0.0	0.00017	0.0	0.0	8e-05	0.0	0.0	0.0	0.0	0.0	0.0	0.0	0.00015	0.00017	0.0	0.0	0.0	0.00017	5e-05	8e-05	4e-05	0.00013	0.0	0.0	0.00017	3e-05	0.00011	0.00011	0.0	0.00011	0.0	0.00017	8e-05	2e-05	2e-05	2e-05	8e-05	8e-05	2e-05	1e-05	2e-05	2e-05	
3e-05	1e-05	2e-05	1e-05	5e-05	1e-05	0.0	4e-05	3e-05	0.00016	8e-05	0.00011	2e-05	5e-05	0.0	0.0	7e-05	3e-05	0.0001	0.00018	8e-05	4e-05	2e-05	0.0	0.0	0.00018	9e-05	0.0	0.0	0.0	0.0	7e-05	0.0	0.0	9e-05	0.00027	4e-05	5e-05	4e-05	0.0	0.0001	0.00012	0.0	0.0	0.0	0.00011	8e-05	6e-05	4e-05	0.00013	5e-05	0.0001	8e-05	7e-05	0.0	4e-05	5e-05	0.0001	6e-05	0.0	0.0	2e-05	0.0	0.0	0.0	0.0	0.0	0.0	0.00017	0.0	0.00017	0.0	0.0	8e-05	0.0	0.0	0.0	0.0	0.0	0.0	0.0	0.00015	0.00017	0.0	0.0	0.0	0.00017	5e-05	8e-05	4e-05	0.00013	0.0	0.0	0.00017	3e-05	0.00011	0.00011	0.0	0.00011	0.0	0.00017	8e-05	2e-05	2e-05	2e-05	8e-05	8e-05	2e-05	1e-05	2e-05	2e-05	
3e-05	1e-05	2e-05	1e-05	5e-05	1e-05	0.0	4e-05	3e-05	0.00016	8e-05	0.00011	2e-05	5e-05	0.0	0.0	7e-05	3e-05	0.0001	0.00018	8e-05	4e-05	2e-05	0.0	0.0	0.00018	9e-05	0.0	0.0	0.0	0.0	7e-05	0.0	0.0	9e-05	0.00027	4e-05	5e-05	4e-05	0.0	0.0001	0.00012	0.0	0.0	0.0	0.00011	8e-05	6e-05	4e-05	0.00013	5e-05	0.0001	8e-05	7e-05	0.0	4e-05	5e-05	0.0001	6e-05	0.0	0.0	2e-05	0.0	0.0	0.0	0.0	0.0	0.0	0.00017	0.0	0.00017	0.0	0.0	8e-05	0.0	0.0	0.0	0.0	0.0	0.0	0.0	0.00015	0.00017	0.0	0.0	0.0	0.00017	5e-05	8e-05	4e-05	0.00013	0.0	0.0	0.00017	3e-05	0.00011	0.00011	0.0	0.00011	0.0	0.00017	8e-05	2e-05	2e-05	2e-05	8e-05	8e-05	2e-05	1e-05	2e-05	2e-05	
3e-05	1e-05	2e-05	1e-05	5e-05	1e-05	0.0	4e-05	3e-05	0.00016	8e-05	0.00011	2e-05	5e-05	0.0	0.0	7e-05	3e-05	0.0001	0.00018	8e-05	4e-05	2e-05	0.0	0.0	0.00018	9e-05	0.0	0.0	0.0	0.0	7e-05	0.0	0.0	9e-05	0.00027	4e-05	5e-05	4e-05	0.0	0.0001	0.00012	0.0	0.0	0.0	0.00011	8e-05	6e-05	4e-05	0.00013	5e-05	0.0001	8e-05	7e-05	0.0	4e-05	5e-05	0.0001	6e-05	0.0	0.0	2e-05	0.0	0.0	0.0	0.0	0.0	0.0	0.00017	0.0	0.00017	0.0	0.0	8e-05	0.0	0.0	0.0	0.0	0.0	0.0	0.0	0.00015	0.00017	0.0	0.0	0.0	0.00017	5e-05	8e-05	4e-05	0.00013	0.0	0.0	0.00017	3e-05	0.00011	0.00011	0.0	0.00011	0.0	0.00017	8e-05	2e-05	2e-05	2e-05	8e-05	8e-05	2e-05	1e-05	2e-05	2e-05	
0.03388	0.09708	0.03731	0.05109	0.05658	0.0299	0.04707	0.06607	0.08759	0.27236	0.0721	0.13459	0.11726	0.0887	0.0	0.0	0.15136	0.33433	0.10132	0.01272	0.06841	0.10423	0.06535	7e-05	7e-05	0.01595	0.20529	7e-05	7e-05	7e-05	7e-05	0.0	7e-05	7e-05	0.45434	0.01508	0.3501	0.47136	0.19921	0.19779	0.18551	0.05304	7e-05	7e-05	7e-05	0.1178	0.34226	0.43565	0.13989	0.16516	0.04171	0.23077	0.01799	0.19919	0.0	0.03455	0.05828	0.0552	0.43565	0.0	0.0	0.07357	7e-05	7e-05	7e-05	7e-05	7e-05	7e-05	0.01158	7e-05	0.01158	7e-05	7e-05	0.0346	7e-05	7e-05	7e-05	7e-05	7e-05	7e-05	7e-05	0.085	0.01158	7e-05	7e-05	7e-05	0.01158	0.04094	0.05817	0.25273	0.02137	0.0	0.0	0.01733	0.01152	0.02578	0.17993	0.0	0.08788	0.0	0.2395	0.08891	0.11914	0.02889	0.10101	0.03291	0.09003	0.05344	0.10305	0.04323	0.0385	
3e-05	1e-05	2e-05	1e-05	5e-05	1e-05	0.0	4e-05	3e-05	0.00016	8e-05	0.00011	2e-05	5e-05	0.0	0.0	7e-05	3e-05	0.0001	0.00018	8e-05	4e-05	2e-05	0.0	0.0	0.00018	9e-05	0.0	0.0	0.0	0.0	7e-05	0.0	0.0	9e-05	0.00027	4e-05	5e-05	4e-05	0.0	0.0001	0.00012	0.0	0.0	0.0	0.00011	8e-05	6e-05	4e-05	0.00013	5e-05	0.0001	8e-05	7e-05	0.0	4e-05	5e-05	0.0001	6e-05	0.0	0.0	2e-05	0.0	0.0	0.0	0.0	0.0	0.0	0.00017	0.0	0.00017	0.0	0.0	8e-05	0.0	0.0	0.0	0.0	0.0	0.0	0.0	0.00015	0.00017	0.0	0.0	0.0	0.00017	5e-05	8e-05	4e-05	0.00013	0.0	0.0	0.00017	3e-05	0.00011	0.00011	0.0	0.00011	0.0	0.00017	8e-05	2e-05	2e-05	2e-05	8e-05	8e-05	2e-05	1e-05	2e-05	2e-05	
3e-05	1e-05	2e-05	1e-05	5e-05	1e-05	0.0	4e-05	3e-05	0.00016	8e-05	0.00011	2e-05	5e-05	0.0	0.0	7e-05	3e-05	0.0001	0.00018	8e-05	4e-05	2e-05	0.0	0.0	0.00018	9e-05	0.0	0.0	0.0	0.0	7e-05	0.0	0.0	9e-05	0.00027	4e-05	5e-05	4e-05	0.0	0.0001	0.00012	0.0	0.0	0.0	0.00011	8e-05	6e-05	4e-05	0.00013	5e-05	0.0001	8e-05	7e-05	0.0	4e-05	5e-05	0.0001	6e-05	0.0	0.0	2e-05	0.0	0.0	0.0	0.0	0.0	0.0	0.00017	0.0	0.00017	0.0	0.0	8e-05	0.0	0.0	0.0	0.0	0.0	0.0	0.0	0.00015	0.00017	0.0	0.0	0.0	0.00017	5e-05	8e-05	4e-05	0.00013	0.0	0.0	0.00017	3e-05	0.00011	0.00011	0.0	0.00011	0.0	0.00017	8e-05	2e-05	2e-05	2e-05	8e-05	8e-05	2e-05	1e-05	2e-05	2e-05	
0.05511	0.04656	0.0285	0.01535	0.08671	0.03234	0.10177	0.09569	0.04218	0.21538	0.10402	0.03782	0.0469	0.12636	0.0	0.0	0.24847	0.16454	0.17395	0.02825	0.00112	0.01397	0.13825	9e-05	9e-05	0.16471	0.11081	9e-05	9e-05	9e-05	9e-05	0.45434	9e-05	9e-05	0.0	0.01943	0.4626	0.20535	0.06249	0.15834	0.12106	0.07548	9e-05	9e-05	9e-05	0.02034	0.16595	0.20241	0.04089	0.09267	0.05806	0.29091	0.10895	0.34883	0.0	0.05727	0.18245	0.09063	0.20241	0.0	0.0	0.10633	9e-05	9e-05	9e-05	9e-05	9e-05	9e-05	0.01476	9e-05	0.01476	9e-05	9e-05	0.04669	9e-05	9e-05	9e-05	9e-05	9e-05	9e-05	9e-05	0.12084	0.01476	9e-05	9e-05	9e-05	0.01476	0.05578	0.14075	0.24024	0.02408	0.0	0.0	0.05548	0.0184	0.02645	0.08732	0.0	0.12725	0.0	0.17239	0.05354	0.09215	0.03578	0.06185	0.05061	0.03326	0.07611	0.06685	0.05879	0.05361	
0.07063	0.04512	0.05281	0.05055	0.07547	0.05362	0.0563	0.02681	0.08162	0.028	0.05792	0.06985	0.03294	0.0569	0.0	0.0	0.05399	0.11137	0.04011	0.00755	0.02984	0.04368	0.0269	0.00027	0.00027	0.00857	0.07274	0.00027	0.00027	0.00027	0.00027	0.01508	0.00027	0.00027	0.01943	0.0	0.11663	0.15702	0.07814	0.06588	0.06508	0.23093	0.00027	0.00027	0.00027	0.04885	0.12707	0.15898	0.05539	0.07621	0.14519	0.07617	0.06058	0.04612	0.0	0.04395	0.04959	0.02888	0.15898	0.0	0.0	0.03011	0.00027	0.00027	0.00027	0.00027	0.00027	0.00027	0.00655	0.00027	0.00655	0.00027	0.00027	0.01639	0.00027	0.00027	0.00027	0.00027	0.00027	0.00027	0.00027	0.03635	0.00655	0.00027	0.00027	0.00027	0.00655	0.01893	0.02478	0.09336	0.219	0.0	0.0	0.08313	0.07486	0.10975	0.12447	0.0	0.05774	0.0	0.03607	0.09066	0.04423	0.04579	0.03976	0.09022	0.03838	0.08506	0.05637	0.05282	0.13639	
0.07472	0.15639	0.06491	0.05608	0.06809	0.09415	0.14401	0.11583	0.09493	0.20699	0.04161	0.18331	0.06739	0.08817	0.0	0.0	0.38404	0.52657	0.30938	0.11027	0.1274	0.15278	0.25234	4e-05	4e-05	0.32065	0.30965	4e-05	4e-05	4e-05	4e-05	0.3501	4e-05	4e-05	0.4626	0.11663	0.0	0.69953	0.25487	0.39182	0.30694	0.12588	4e-05	4e-05	4e-05	0.16554	0.38864	0.61442	0.19181	0.19876	0.03754	0.38363	0.14313	0.34727	0.0	0.10766	0.19173	0.09755	0.61442	0.0	0.0	0.12766	4e-05	4e-05	4e-05	4e-05	4e-05	4e-05	0.0149	4e-05	0.0149	4e-05	4e-05	0.05101	4e-05	4e-05	4e-05	4e-05	4e-05	4e-05	4e-05	0.14022	0.0149	4e-05	4e-05	4e-05	0.0149	0.06171	0.26009	0.43789	0.04801	0.0	0.0	0.08493	0.06896	0.12542	0.17017	0.0	0.04569	0.0	0.17429	0.11413	0.22008	0.08254	0.12648	0.05559	0.13295	0.03708	0.11245	0.10566	0.03216	
0.0547	0.13889	0.04268	0.01548	0.03886	0.06405	0.06181	0.09344	0.06399	0.16615	0.01783	0.19901	0.04899	0.05201	0.0	0.0	0.23996	0.663	0.14654	0.01633	0.0939	0.14678	0.0918	5e-05	5e-05	0.02027	0.33467	5e-05	5e-05	5e-05	5e-05	0.47136	5e-05	5e-05	0.20535	0.15702	0.69953	0.0	0.29815	0.36835	0.30395	0.12153	5e-05	5e-05	5e-05	0.16729	0.48205	0.83461	0.20455	0.20012	0.02905	0.28496	0.01837	0.18444	0.0	0.05666	0.06575	0.03605	0.83461	0.0	0.0	0.10384	5e-05	5e-05	5e-05	5e-05	5e-05	5e-05	0.01451	5e-05	0.01451	5e-05	5e-05	0.04579	5e-05	5e-05	5e-05	5e-05	5e-05	5e-05	5e-05	0.11812	0.01451	5e-05	5e-05	5e-05	0.01451	0.05468	0.08043	0.35883	0.05629	0.0	0.0	0.0364	0.03974	0.0871	0.17747	0.0	0.01688	0.0	0.13945	0.07595	0.18023	0.05002	0.09619	0.02732	0.11709	0.02122	0.06671	0.07856	0.02398	
0.03509	0.04865	0.06758	0.04028	0.01014	0.06365	0.02084	0.10696	0.02571	0.09464	0.07927	0.02568	0.02494	0.01726	0.0	0.0	0.16022	0.26048	0.28453	0.02642	0.17797	0.04919	0.05161	4e-05	4e-05	0.03293	0.27992	4e-05	4e-05	4e-05	4e-05	0.19921	4e-05	4e-05	0.06249	0.07814	0.25487	0.29815	0.0	0.27403	0.19528	0.1089	4e-05	4e-05	4e-05	0.36091	0.14602	0.26799	0.03113	0.20378	0.00141	0.1581	0.11649	0.22378	0.0	0.10124	0.07038	0.14455	0.26799	0.0	0.0	0.113	4e-05	4e-05	4e-05	4e-05	4e-05	4e-05	0.02311	4e-05	0.02311	4e-05	4e-05	0.07949	4e-05	4e-05	4e-05	4e-05	4e-05	4e-05	4e-05	0.23314	0.02311	4e-05	4e-05	4e-05	0.02311	0.00172	0.15301	0.14818	0.14561	0.0	0.0	0.1448	0.15103	0.07777	0.03393	0.0	0.0659	0.0	0.0771	0.03986	0.14134	0.03759	0.16656	0.03841	0.03907	0.0546	0.03779	0.074	0.02695	
0.1741	0.11586	0.11313	0.05193	0.10063	0.12131	0.09035	0.25554	0.11224	0.14442	0.09493	0.20525	0.14677	0.21231	0.0	0.0	0.33914	0.37921	0.21042	0.03799	0.07257	0.34635	0.29455	0.0	0.0	0.06569	0.29928	0.0	0.0	0.0	0.0	0.19779	0.0	0.0	0.15834	0.06588	0.39182	0.36835	0.27403	0.0	0.28478	0.20753	0.0	0.0	0.0	0.18333	0.27974	0.34331	0.26571	0.26176	0.09732	0.26101	0.20567	0.51832	0.0	0.1282	0.36032	0.1323	0.34331	0.0	0.0	0.17795	0.0	0.0	0.0	0.0	0.0	0.0	0.04356	0.0	0.04356	0.0	0.0	0.2093	0.0	0.0	0.0	0.0	0.0	0.0	0.0	0.10851	0.04356	0.0	0.0	0.0	0.04356	0.08017	0.11306	0.27998	0.07233	0.0	0.0	0.04919	0.29631	0.17043	0.14435	0.0	0.0599	0.0	0.13756	0.27293	0.24827	0.1631	0.12514	0.04561	0.16858	0.06572	0.12287	0.10504	0.1029	
0.10415	0.18404	0.14213	0.05208	0.12845	0.09096	0.07722	0.20531	0.04945	0.28393	0.08159	0.16189	0.14608	0.10896	0.0	0.0	0.41014	0.26111	0.39781	0.04923	0.068	0.04895	0.1552	0.0001	0.0001	0.05041	0.3976	0.0001	0.0001	0.0001	0.0001	0.18551	0.0001	0.0001	0.12106	0.06508	0.30694	0.30395	0.19528	0.28478	0.0	0.30564	0.0001	0.0001	0.0001	0.28629	0.2072	0.28235	0.21465	0.29192	0.06617	0.24435	0.47524	0.56563	0.0	0.12589	0.18239	0.15602	0.28235	0.0	0.0	0.07597	0.0001	0.0001	0.0001	0.0001	0.0001	0.0001	0.0323	0.0001	0.0323	0.0001	0.0001	0.13399	0.0001	0.0001	0.0001	0.0001	0.0001	0.0001	0.0001	0.31303	0.0323	0.0001	0.0001	0.0001	0.0323	0.05567	0.24862	0.24898	0.06877	0.0	0.0	0.45977	0.12146	0.19662	0.12526	0.0	0.08417	0.0	0.31978	0.09303	0.33655	0.11879	0.10875	0.1316	0.28303	0.07096	0.13765	0.09019	0.05809	
0.10677	0.06773	0.14153	0.08245	0.12947	0.12242	0.11499	0.07608	0.08565	0.16652	0.13427	0.12393	0.14711	0.20527	0.0	0.0	0.30188	0.11313	0.238	0.01824	0.13507	0.0547	0.05942	0.00012	0.00012	0.02373	0.40434	0.00012	0.00012	0.00012	0.00012	0.05304	0.00012	0.00012	0.07548	0.23093	0.12588	0.12153	0.1089	0.20753	0.30564	0.0	0.00012	0.00012	0.00012	0.26526	0.12428	0.12472	0.16475	0.39943	0.26048	0.19456	0.3275	0.48344	0.0	0.15044	0.18158	0.09848	0.12472	0.0	0.0	0.07843	0.00012	0.00012	0.00012	0.00012	0.00012	0.00012	0.01642	0.00012	0.01642	0.00012	0.00012	0.05959	0.00012	0.00012	0.00012	0.00012	0.00012	0.00012	0.00012	0.17575	0.01642	0.00012	0.00012	0.00012	0.01642	0.09188	0.1195	0.11828	0.17717	0.0	0.0	0.32857	0.2523	0.2468	0.09891	0.0	0.10796	0.0	0.19025	0.09774	0.22063	0.21477	0.08293	0.11844	0.14995	0.11834	0.0914	0.059	0.1384	
3e-05	1e-05	2e-05	1e-05	5e-05	1e-05	0.0	4e-05	3e-05	0.00016	8e-05	0.00011	2e-05	5e-05	0.0	0.0	7e-05	3e-05	0.0001	0.00018	8e-05	4e-05	2e-05	0.0	0.0	0.00018	9e-05	0.0	0.0	0.0	0.0	7e-05	0.0	0.0	9e-05	0.00027	4e-05	5e-05	4e-05	0.0	0.0001	0.00012	0.0	0.0	0.0	0.00011	8e-05	6e-05	4e-05	0.00013	5e-05	0.0001	8e-05	7e-05	0.0	4e-05	5e-05	0.0001	6e-05	0.0	0.0	2e-05	0.0	0.0	0.0	0.0	0.0	0.0	0.00017	0.0	0.00017	0.0	0.0	8e-05	0.0	0.0	0.0	0.0	0.0	0.0	0.0	0.00015	0.00017	0.0	0.0	0.0	0.00017	5e-05	8e-05	4e-05	0.00013	0.0	0.0	0.00017	3e-05	0.00011	0.00011	0.0	0.00011	0.0	0.00017	8e-05	2e-05	2e-05	2e-05	8e-05	8e-05	2e-05	1e-05	2e-05	2e-05	
3e-05	1e-05	2e-05	1e-05	5e-05	1e-05	0.0	4e-05	3e-05	0.00016	8e-05	0.00011	2e-05	5e-05	0.0	0.0	7e-05	3e-05	0.0001	0.00018	8e-05	4e-05	2e-05	0.0	0.0	0.00018	9e-05	0.0	0.0	0.0	0.0	7e-05	0.0	0.0	9e-05	0.00027	4e-05	5e-05	4e-05	0.0	0.0001	0.00012	0.0	0.0	0.0	0.00011	8e-05	6e-05	4e-05	0.00013	5e-05	0.0001	8e-05	7e-05	0.0	4e-05	5e-05	0.0001	6e-05	0.0	0.0	2e-05	0.0	0.0	0.0	0.0	0.0	0.0	0.00017	0.0	0.00017	0.0	0.0	8e-05	0.0	0.0	0.0	0.0	0.0	0.0	0.0	0.00015	0.00017	0.0	0.0	0.0	0.00017	5e-05	8e-05	4e-05	0.00013	0.0	0.0	0.00017	3e-05	0.00011	0.00011	0.0	0.00011	0.0	0.00017	8e-05	2e-05	2e-05	2e-05	8e-05	8e-05	2e-05	1e-05	2e-05	2e-05	
3e-05	1e-05	2e-05	1e-05	5e-05	1e-05	0.0	4e-05	3e-05	0.00016	8e-05	0.00011	2e-05	5e-05	0.0	0.0	7e-05	3e-05	0.0001	0.00018	8e-05	4e-05	2e-05	0.0	0.0	0.00018	9e-05	0.0	0.0	0.0	0.0	7e-05	0.0	0.0	9e-05	0.00027	4e-05	5e-05	4e-05	0.0	0.0001	0.00012	0.0	0.0	0.0	0.00011	8e-05	6e-05	4e-05	0.00013	5e-05	0.0001	8e-05	7e-05	0.0	4e-05	5e-05	0.0001	6e-05	0.0	0.0	2e-05	0.0	0.0	0.0	0.0	0.0	0.0	0.00017	0.0	0.00017	0.0	0.0	8e-05	0.0	0.0	0.0	0.0	0.0	0.0	0.0	0.00015	0.00017	0.0	0.0	0.0	0.00017	5e-05	8e-05	4e-05	0.00013	0.0	0.0	0.00017	3e-05	0.00011	0.00011	0.0	0.00011	0.0	0.00017	8e-05	2e-05	2e-05	2e-05	8e-05	8e-05	2e-05	1e-05	2e-05	2e-05	
0.05769	0.13543	0.09621	0.05749	0.06408	0.11633	0.04034	0.08723	0.06949	0.08952	0.0567	0.22571	0.02205	0.03368	0.0	0.0	0.25976	0.13827	0.67685	0.04073	0.31791	0.06678	0.12292	0.00011	0.00011	0.04999	0.66995	0.00011	0.00011	0.00011	0.00011	0.1178	0.00011	0.00011	0.02034	0.04885	0.16554	0.16729	0.36091	0.18333	0.28629	0.26526	0.00011	0.00011	0.00011	0.0	0.07101	0.15243	0.01764	0.45211	0.09294	0.14177	0.35207	0.24953	0.0	0.21906	0.10009	0.096	0.15243	0.0	0.0	0.0196	0.00011	0.00011	0.00011	0.00011	0.00011	0.00011	0.03474	0.00011	0.03474	0.00011	0.00011	0.12663	0.00011	0.00011	0.00011	0.00011	0.00011	0.00011	0.00011	0.45146	0.03474	0.00011	0.00011	0.00011	0.03474	0.00975	0.26965	0.06123	0.08026	0.0	0.0	0.34757	0.13952	0.06388	0.05602	0.0	0.05615	0.0	0.08664	0.02323	0.26041	0.10488	0.09394	0.02708	0.05469	0.05645	0.06223	0.02751	0.04203	
0.07661	0.10577	0.09395	0.06225	0.06696	0.07986	0.09435	0.05401	0.0858	0.15763	0.04476	0.17802	0.09084	0.15826	0.0	0.0	0.16789	0.37588	0.0758	0.01472	0.09607	0.05906	0.04269	8e-05	8e-05	0.01868	0.20966	8e-05	8e-05	8e-05	8e-05	0.34226	8e-05	8e-05	0.16595	0.12707	0.38864	0.48205	0.14602	0.27974	0.2072	0.12428	8e-05	8e-05	8e-05	0.07101	0.0	0.59959	0.22086	0.1571	0.04078	0.21435	0.16288	0.35025	0.0	0.12373	0.14463	0.11754	0.59959	0.0	0.0	0.05242	8e-05	8e-05	8e-05	8e-05	8e-05	8e-05	0.09084	8e-05	0.09084	8e-05	8e-05	0.01388	8e-05	8e-05	8e-05	8e-05	8e-05	8e-05	8e-05	0.04266	0.09084	8e-05	8e-05	8e-05	0.09084	0.05423	0.03197	0.51995	0.07929	0.0	0.0	0.0662	0.07079	0.11591	0.28002	0.0	0.04151	0.0	0.13844	0.09773	0.13336	0.07655	0.10948	0.05821	0.16453	0.04554	0.05475	0.08823	0.09322	
0.0683	0.136	0.06728	0.03959	0.05234	0.07222	0.08787	0.08741	0.06966	0.16658	0.02658	0.285	0.07526	0.06671	0.0	0.0	0.22502	0.58606	0.13631	0.01415	0.08573	0.13393	0.08548	6e-05	6e-05	0.01782	0.30794	6e-05	6e-05	6e-05	6e-05	0.43565	6e-05	6e-05	0.20241	0.15898	0.61442	0.83461	0.26799	0.34331	0.28235	0.12472	6e-05	6e-05	6e-05	0.15243	0.59959	0.0	0.18742	0.21415	0.03866	0.3084	0.04438	0.21643	0.0	0.11388	0.08277	0.09593	0.99992	0.0	0.0	0.09656	6e-05	6e-05	6e-05	6e-05	6e-05	6e-05	0.01263	6e-05	0.01263	6e-05	6e-05	0.04127	6e-05	6e-05	6e-05	6e-05	6e-05	6e-05	6e-05	0.1079	0.01263	6e-05	6e-05	6e-05	0.01263	0.0495	0.07428	0.34966	0.09636	0.0	0.0	0.06081	0.10771	0.10745	0.25285	0.0	0.02674	0.0	0.14153	0.08091	0.16951	0.10729	0.10932	0.05186	0.18464	0.02982	0.07176	0.08518	0.03368	
0.02248	0.10884	0.03996	0.07023	0.05888	0.09053	0.03801	0.09922	0.06791	0.13523	0.06492	0.01968	0.0613	0.17741	0.0	0.0	0.19099	0.26774	0.05343	0.03077	0.10035	0.02173	0.10529	4e-05	4e-05	0.03761	0.14959	4e-05	4e-05	4e-05	4e-05	0.13989	4e-05	4e-05	0.04089	0.05539	0.19181	0.20455	0.03113	0.26571	0.21465	0.16475	4e-05	4e-05	4e-05	0.01764	0.22086	0.18742	0.0	0.15726	0.01031	0.08697	0.14389	0.25904	0.0	0.03666	0.06328	0.08669	0.18742	0.0	0.0	0.05543	4e-05	4e-05	4e-05	4e-05	4e-05	4e-05	0.04071	4e-05	0.04071	4e-05	4e-05	0.15945	4e-05	4e-05	4e-05	4e-05	4e-05	4e-05	4e-05	0.01912	0.04071	4e-05	4e-05	4e-05	0.04071	0.11765	0.06688	0.21399	0.044	0.0	0.0	0.06847	0.0934	0.07579	0.07062	0.0	0.04424	0.0	0.14319	0.13218	0.12653	0.03778	0.03219	0.10103	0.14517	0.02507	0.09035	0.0322	0.0492	
0.06121	0.18973	0.16924	0.08867	0.10781	0.13218	0.04772	0.1108	0.07406	0.27752	0.182	0.17208	0.1625	0.15154	0.0	0.0	0.28533	0.31968	0.40428	0.02661	0.15413	0.03891	0.09597	0.00013	0.00013	0.03386	0.58878	0.00013	0.00013	0.00013	0.00013	0.16516	0.00013	0.00013	0.09267	0.07621	0.19876	0.20012	0.20378	0.26176	0.29192	0.39943	0.00013	0.00013	0.00013	0.45211	0.1571	0.21415	0.15726	0.0	0.13067	0.16249	0.35208	0.59625	0.0	0.17149	0.16844	0.11651	0.21415	0.0	0.0	0.1196	0.00013	0.00013	0.00013	0.00013	0.00013	0.00013	0.02303	0.00013	0.02303	0.00013	0.00013	0.09136	0.00013	0.00013	0.00013	0.00013	0.00013	0.00013	0.00013	0.33986	0.02303	0.00013	0.00013	0.00013	0.02303	0.04183	0.1429	0.16074	0.11091	0.0	0.0	0.2607	0.16198	0.22681	0.10917	0.0	0.17415	0.0	0.26502	0.08732	0.21742	0.18776	0.15016	0.1366	0.13681	0.09501	0.0743	0.08097	0.05323	
0.16213	0.09684	0.07452	0.05144	0.08996	0.0541	0.0919	0.0277	0.058	0.07648	0.11628	0.18202	0.13853	0.07893	0.0	0.0	0.08387	0.04025	0.09386	0.015	0.0995	0.13617	0.06702	5e-05	5e-05	0.01946	0.10423	5e-05	5e-05	5e-05	5e-05	0.04171	5e-05	5e-05	0.05806	0.14519	0.03754	0.02905	0.00141	0.09732	0.06617	0.26048	5e-05	5e-05	5e-05	0.09294	0.04078	0.03866	0.01031	0.13067	0.0	0.21515	0.1835	0.49772	0.0	0.15681	0.14826	0.08495	0.03866	0.0	0.0	0.05727	5e-05	5e-05	5e-05	5e-05	5e-05	5e-05	0.01365	5e-05	0.01365	5e-05	5e-05	0.06215	5e-05	5e-05	5e-05	5e-05	5e-05	5e-05	5e-05	0.06849	0.01365	5e-05	5e-05	5e-05	0.01365	0.04004	0.0537	0.05803	0.03133	0.0	0.0	0.07414	0.08359	0.12837	0.07349	0.0	0.11521	0.0	0.06839	0.10413	0.09634	0.20493	0.05866	0.07528	0.03297	0.11133	0.11214	0.04635	0.1027	
0.13228	0.08017	0.13638	0.14749	0.12897	0.06861	0.10587	0.12215	0.09726	0.26786	0.10496	0.20743	0.16551	0.15102	0.0	0.0	0.32606	0.25564	0.28181	0.0236	0.05878	0.08261	0.17754	0.0001	0.0001	0.08219	0.21521	0.0001	0.0001	0.0001	0.0001	0.23077	0.0001	0.0001	0.29091	0.07617	0.38363	0.28496	0.1581	0.26101	0.24435	0.19456	0.0001	0.0001	0.0001	0.14177	0.21435	0.3084	0.08697	0.16249	0.21515	0.0	0.28133	0.96361	0.0	0.1462	0.20539	0.25037	0.3084	0.0	0.0	0.18669	0.0001	0.0001	0.0001	0.0001	0.0001	0.0001	0.01801	0.0001	0.01801	0.0001	0.0001	0.06736	0.0001	0.0001	0.0001	0.0001	0.0001	0.0001	0.0001	0.20914	0.01801	0.0001	0.0001	0.0001	0.01801	0.0306	0.15741	0.21843	0.04113	0.0	0.0	0.15862	0.12569	0.11129	0.11696	0.0	0.1179	0.0	0.20354	0.09301	0.13343	0.11828	0.08589	0.11822	0.11813	0.06069	0.16613	0.14226	0.04358	
0.37211	0.22144	0.21201	0.37837	0.34738	0.17589	0.13149	0.33704	0.21765	0.3446	0.44788	0.29787	0.18067	0.3167	0.0	0.0	0.46051	0.23823	0.85751	0.06895	0.19942	0.10051	0.19377	8e-05	8e-05	0.15627	0.30486	8e-05	8e-05	8e-05	8e-05	0.01799	8e-05	8e-05	0.10895	0.06058	0.14313	0.01837	0.11649	0.20567	0.47524	0.3275	8e-05	8e-05	8e-05	0.35207	0.16288	0.04438	0.14389	0.35208	0.1835	0.28133	0.0	0.63664	0.0	0.27911	0.44549	0.26807	0.04438	0.0	0.0	0.14401	8e-05	8e-05	8e-05	8e-05	8e-05	8e-05	0.04439	8e-05	0.04439	8e-05	8e-05	0.18932	8e-05	8e-05	8e-05	8e-05	8e-05	8e-05	8e-05	0.54499	0.04439	8e-05	8e-05	8e-05	0.04439	0.11163	0.39795	0.22619	0.04139	0.0	0.0	0.46828	0.26695	0.28724	0.22211	0.0	0.3744	0.0	0.41174	0.27147	0.29913	0.39781	0.1406	0.42718	0.27859	0.31932	0.23662	0.25214	0.15304	
