0.0	0.04682	0.02249	0.12382	0.01978	0.03615	0.08822	0.21178	8e-05	0.02994	0.01029	0.18152	0.02365	0.16736	8e-05	8e-05	8e-05	8e-05	8e-05	0.0	0.13052	0.1943	0.02562	8e-05	0.07794	0.13041	0.14396	0.32998	0.21178	8e-05	0.02869	0.01029	8e-05	8e-05	8e-05	8e-05	8e-05	0.01985	0.34305	0.38635	0.07927	0.03018	0.04793	8e-05	0.21178	8e-05	8e-05	0.05629	0.0	0.05041	0.05079	8e-05	8e-05	8e-05	8e-05	8e-05	8e-05	8e-05	8e-05	8e-05	8e-05	8e-05	8e-05	8e-05	8e-05	0.21178	8e-05	8e-05	0.02869	8e-05	8e-05	8e-05	8e-05	0.21178	0.00188	0.0769	0.07936	0.01922	0.32315	0.27517	8e-05	0.08667	0.04647	0.07495	0.06819	0.0	0.0	0.04298	0.04714	0.04122	0.11877	
0.04682	0.0	0.07529	0.03919	0.02073	0.07758	0.08847	0.06062	0.00012	0.10198	0.06443	0.10413	0.01669	0.08723	0.00012	0.00012	0.00012	0.00012	0.00012	0.0	0.26608	0.07558	0.03768	0.00012	0.04601	0.02776	0.0732	0.03917	0.06062	0.00012	0.04214	0.06443	0.00012	0.00012	0.00012	0.00012	0.00012	0.02929	0.09487	0.12366	0.0635	0.00041	0.00306	0.00012	0.06062	0.00012	0.00012	0.20817	0.0	0.07383	0.18413	0.00012	0.00012	0.00012	0.00012	0.00012	0.00012	0.00012	0.00012	0.00012	0.00012	0.00012	0.00012	0.00012	0.00012	0.06062	0.00012	0.00012	0.04214	0.00012	0.00012	0.00012	0.00012	0.06062	0.00176	0.19479	0.20641	0.09446	0.10795	0.10282	0.00012	0.03446	0.00624	0.13176	0.1861	0.0	0.0	0.02547	0.0023	0.08696	0.3753	
0.02249	0.07529	0.0	0.00953	0.02696	0.02803	0.0627	0.01343	0.00023	0.01037	0.00403	0.02431	0.01389	0.01601	0.00023	0.00023	0.00023	0.00023	0.00023	0.0	0.06288	0.01152	0.00923	0.00023	0.27756	0.02498	0.04466	0.00949	0.01343	0.00023	0.01004	0.00403	0.00023	0.00023	0.00023	0.00023	0.00023	0.0077	0.01839	0.01793	0.0213	0.03905	0.05814	0.00023	0.01343	0.00023	0.00023	0.01647	0.0	0.01518	0.01527	0.00023	0.00023	0.00023	0.00023	0.00023	0.00023	0.00023	0.00023	0.00023	0.00023	0.00023	0.00023	0.00023	0.00023	0.01343	0.00023	0.00023	0.01004	0.00023	0.00023	0.00023	0.00023	0.01343	0.0007	0.03232	0.03624	0.02126	0.0392	0.06427	0.00023	0.09905	0.00195	0.02108	0.02808	0.0	0.0	0.01349	0.04228	0.48106	0.07951	
0.12382	0.03919	0.00953	0.0	0.11831	0.08945	0.04095	0.01546	0.00027	0.01188	0.00372	0.02873	0.01622	0.0188	0.00027	0.00027	0.00027	0.00027	0.00027	0.0	0.0294	0.59126	0.01054	0.00027	0.09772	0.02964	0.05381	0.01085	0.01546	0.00027	0.01149	0.00372	0.00027	0.00027	0.00027	0.00027	0.00027	0.00872	0.02145	0.02125	0.02498	0.04625	0.06929	0.00027	0.01546	0.00027	0.00027	0.01919	0.0	0.01763	0.01775	0.00027	0.00027	0.00027	0.00027	0.00027	0.00027	0.00027	0.00027	0.00027	0.00027	0.00027	0.00027	0.00027	0.00027	0.01546	0.00027	0.00027	0.01149	0.00027	0.00027	0.00027	0.00027	0.01546	0.00052	0.03775	0.04191	0.0216	0.15904	0.07635	0.00027	0.12199	0.00167	0.02474	0.03359	0.0	0.0	0.01562	0.06866	0.0141	0.03157	
0.01978	0.02073	0.02696	0.11831	0.0	0.182	0.19192	0.04864	8e-05	0.13448	0.10669	0.0881	0.05639	0.06865	8e-05	8e-05	8e-05	8e-05	8e-05	0.0	0.08912	0.11137	0.11334	8e-05	0.04436	0.01836	0.06767	0.03176	0.04864	8e-05	0.03411	0.10669	8e-05	8e-05	8e-05	8e-05	8e-05	0.02389	0.07489	0.12491	0.10525	0.08823	0.03176	8e-05	0.04864	8e-05	8e-05	0.28676	0.0	0.05881	0.02446	8e-05	8e-05	8e-05	8e-05	8e-05	8e-05	8e-05	8e-05	8e-05	8e-05	8e-05	8e-05	8e-05	8e-05	0.04864	8e-05	8e-05	0.03411	8e-05	8e-05	8e-05	8e-05	0.04864	0.00206	0.33516	0.02719	0.00823	0.0717	0.00841	8e-05	0.11494	0.00604	0.03729	0.05185	0.0	0.0	0.04269	0.03326	0.04768	0.06002	
0.03615	0.07758	0.02803	0.08945	0.182	0.0	0.21536	0.05229	9e-05	0.10192	0.06298	0.19503	0.0625	0.07734	9e-05	9e-05	9e-05	9e-05	9e-05	0.0	0.15827	0.09267	0.03201	9e-05	0.05138	0.03698	0.0875	0.03332	0.05229	9e-05	0.09713	0.06298	9e-05	9e-05	9e-05	9e-05	9e-05	0.02468	0.08294	0.12276	0.08758	0.09834	0.06961	9e-05	0.05229	9e-05	9e-05	0.21773	0.0	0.02097	0.23352	9e-05	9e-05	9e-05	9e-05	9e-05	9e-05	9e-05	9e-05	9e-05	9e-05	9e-05	9e-05	9e-05	9e-05	0.05229	9e-05	9e-05	0.09713	9e-05	9e-05	9e-05	9e-05	0.05229	0.00177	0.26997	0.2709	0.01282	0.08946	0.04649	9e-05	0.13707	0.00559	0.13096	0.18083	0.0	0.0	0.03617	0.06139	0.05233	0.24505	
0.08822	0.08847	0.0627	0.04095	0.19192	0.21536	0.0	0.23168	0.00026	0.04633	0.015	0.26903	0.15839	0.13731	0.00026	0.00026	0.00026	0.00026	0.00026	0.0	0.10237	0.07434	0.03927	0.00026	0.19853	0.14285	0.26579	0.04093	0.23168	0.00026	0.04427	0.015	0.00026	0.00026	0.00026	0.00026	0.00026	0.08963	0.13102	0.22857	0.03599	0.15722	0.01238	0.00026	0.23168	0.00026	0.00026	0.09168	0.0	0.02287	0.02216	0.00026	0.00026	0.00026	0.00026	0.00026	0.00026	0.00026	0.00026	0.00026	0.00026	0.00026	0.00026	0.00026	0.00026	0.23168	0.00026	0.00026	0.04427	0.00026	0.00026	0.00026	0.00026	0.23168	0.00196	0.21565	0.05848	0.06657	0.33224	0.05021	0.00026	0.05407	0.06091	0.14795	0.20611	0.0	0.0	0.01832	0.08277	0.12816	0.07205	
0.21178	0.06062	0.01343	0.01546	0.04864	0.05229	0.23168	0.0	0.0007	0.01699	0.01001	0.42676	0.02424	0.02849	0.0007	0.0007	0.0007	0.0007	0.0007	0.0	0.04703	0.0198	0.01495	0.0007	0.04885	0.17755	0.16903	0.01543	1.00079	0.0007	0.0164	0.01001	0.0007	0.0007	0.0007	0.0007	0.0007	0.01217	0.38712	0.41264	0.03771	0.11885	0.07679	0.0007	1.00079	0.0007	0.0007	0.02844	0.0	0.02598	0.02615	0.0007	0.0007	0.0007	0.0007	0.0007	0.0007	0.0007	0.0007	0.0007	0.0007	0.0007	0.0007	0.0007	0.0007	1.00079	0.0007	0.0007	0.0164	0.0007	0.0007	0.0007	0.0007	1.00079	0.00303	0.1611	0.22184	0.0	0.11729	0.12443	0.0007	0.06027	0.0	0.16337	0.13958	0.0	0.0	0.02281	0.07814	0.02094	0.04953	
8e-05	0.00012	0.00023	0.00027	8e-05	9e-05	0.00026	0.0007	0.0	0.00022	0.0	0.00041	0.00024	0.00016	0.0	0.0	0.0	0.0	0.0	0.0	4e-05	0.00015	0.00022	0.0	4e-05	0.00018	0.00037	0.0002	0.0007	0.0	0.00021	0.0	0.0	0.0	0.0	0.0	0.0	0.00042	0.00032	0.00027	9e-05	0.00038	0.00015	0.0	0.0007	0.0	0.0	0.00013	0.0	0.00013	0.00015	0.0	0.0	0.0	0.0	0.0	0.0	0.0	0.0	0.0	0.0	0.0	0.0	0.0	0.0	0.0007	0.0	0.0	0.00021	0.0	0.0	0.0	0.0	0.0007	0.0	0.0003	0.00013	0.0	0.00015	0.00028	0.0	0.00047	0.0	0.00025	0.00023	0.0	0.0	0.00014	0.00059	0.00018	4e-05	
0.02994	0.10198	0.01037	0.01188	0.13448	0.10192	0.04633	0.01699	0.00022	0.0	0.0	0.0876	0.01801	0.02096	0.00022	0.00022	0.00022	0.00022	0.00022	0.0	0.12707	0.01482	0.01149	0.00022	0.03516	0.03332	0.06311	0.01185	0.01699	0.00022	0.01256	0.0	0.00022	0.00022	0.00022	0.00022	0.00022	0.00944	0.02381	0.32372	0.1929	0.08426	0.05526	0.00022	0.01699	0.00022	0.00022	0.30413	0.0	0.0195	0.01963	0.00022	0.00022	0.00022	0.00022	0.00022	0.00022	0.00022	0.00022	0.00022	0.00022	0.00022	0.00022	0.00022	0.00022	0.01699	0.00022	0.00022	0.01256	0.00022	0.00022	0.00022	0.00022	0.01699	0.00139	0.52579	0.04887	0.02774	0.12403	0.07666	0.00022	0.04338	0.00328	0.02819	0.03801	0.0	0.0	0.01722	0.05631	0.01562	0.10969	
0.01029	0.06443	0.00403	0.00372	0.10669	0.06298	0.015	0.01001	0.0	0.0	0.0	0.00041	0.00377	0.0069	0.0	0.0	0.0	0.0	0.0	0.0	0.16054	0.00364	0.00555	0.0	0.00531	0.00559	0.02285	0.00439	0.01001	0.0	0.00581	0.0	0.0	0.0	0.0	0.0	0.0	0.00288	0.01065	0.12546	0.28482	0.03535	0.01908	0.0	0.01001	0.0	0.0	0.0	0.0	0.006	0.08684	0.0	0.0	0.0	0.0	0.0	0.0	0.0	0.0	0.0	0.0	0.0	0.0	0.0	0.0	0.01001	0.0	0.0	0.00581	0.0	0.0	0.0	0.0	0.01001	0.0	0.0	0.07037	0.0	0.00962	0.04842	0.0	0.01279	0.0	0.0125	0.01506	0.0	0.0	0.16955	0.01584	0.0037	0.07666	
0.18152	0.10413	0.02431	0.02873	0.0881	0.19503	0.26903	0.42676	0.00041	0.0876	0.00041	0.0	0.17049	0.06828	0.00041	0.00041	0.00041	0.00041	0.00041	0.0	0.14007	0.04186	0.02805	0.00041	0.09787	0.44299	0.39297	0.02889	0.42676	0.00041	0.32555	0.00041	0.00041	0.00041	0.00041	0.00041	0.00041	0.02119	0.23124	0.41972	0.37626	0.32675	0.252	0.00041	0.42676	0.00041	0.00041	0.18412	0.0	0.48572	0.04511	0.00041	0.00041	0.00041	0.00041	0.00041	0.00041	0.00041	0.00041	0.00041	0.00041	0.00041	0.00041	0.00041	0.00041	0.42676	0.00041	0.00041	0.32555	0.00041	0.00041	0.00041	0.00041	0.42676	0.00308	1.3304	0.39706	0.64663	0.29061	0.20402	0.00041	0.16737	0.21804	0.47704	0.24226	0.0	0.0	0.04562	0.18723	0.25616	0.31114	
0.02365	0.01669	0.01389	0.01622	0.05639	0.0625	0.15839	0.02424	0.00024	0.01801	0.00377	0.17049	0.0	0.03269	0.00024	0.00024	0.00024	0.00024	0.00024	0.0	0.11761	0.13837	0.01563	0.00024	0.05814	0.18046	0.11243	0.01619	0.02424	0.00024	0.01732	0.00377	0.00024	0.00024	0.00024	0.00024	0.00024	0.01242	0.03595	0.03931	0.04963	0.08491	0.02911	0.00024	0.02424	0.00024	0.00024	0.03172	0.0	0.0936	0.02894	0.00024	0.00024	0.00024	0.00024	0.00024	0.00024	0.00024	0.00024	0.00024	0.00024	0.00024	0.00024	0.00024	0.00024	0.02424	0.00024	0.00024	0.01732	0.00024	0.00024	0.00024	0.00024	0.02424	0.0003	0.06775	0.07131	0.02475	0.09118	0.09421	0.00024	0.26303	0.0015	0.04415	0.06584	0.0	0.0	0.13087	0.13018	0.22093	0.05921	
0.16736	0.08723	0.01601	0.0188	0.06865	0.07734	0.13731	0.02849	0.00016	0.02096	0.0069	0.06828	0.03269	0.0	0.00016	0.00016	0.00016	0.00016	0.00016	0.0	0.04482	0.02601	0.0181	0.00016	0.1826	0.03573	0.17832	0.23084	0.02849	0.00016	0.02013	0.0069	0.00016	0.00016	0.00016	0.00016	0.00016	0.33772	0.05178	0.14969	0.05184	0.1049	0.16622	0.00016	0.02849	0.00016	0.00016	0.03777	0.0	0.03409	0.03434	0.00016	0.00016	0.00016	0.00016	0.00016	0.00016	0.00016	0.00016	0.00016	0.00016	0.00016	0.00016	0.00016	0.00016	0.02849	0.00016	0.00016	0.02013	0.00016	0.00016	0.00016	0.00016	0.02849	0.03709	0.05143	0.05415	0.01354	0.16895	0.2143	0.00016	0.0854	0.00349	0.06883	0.21676	0.0	0.0	0.02939	0.03692	0.02779	0.07322	
8e-05	0.00012	0.00023	0.00027	8e-05	9e-05	0.00026	0.0007	0.0	0.00022	0.0	0.00041	0.00024	0.00016	0.0	0.0	0.0	0.0	0.0	0.0	4e-05	0.00015	0.00022	0.0	4e-05	0.00018	0.00037	0.0002	0.0007	0.0	0.00021	0.0	0.0	0.0	0.0	0.0	0.0	0.00042	0.00032	0.00027	9e-05	0.00038	0.00015	0.0	0.0007	0.0	0.0	0.00013	0.0	0.00013	0.00015	0.0	0.0	0.0	0.0	0.0	0.0	0.0	0.0	0.0	0.0	0.0	0.0	0.0	0.0	0.0007	0.0	0.0	0.00021	0.0	0.0	0.0	0.0	0.0007	0.0	0.0003	0.00013	0.0	0.00015	0.00028	0.0	0.00047	0.0	0.00025	0.00023	0.0	0.0	0.00014	0.00059	0.00018	4e-05	
8e-05	0.00012	0.00023	0.00027	8e-05	9e-05	0.00026	0.0007	0.0	0.00022	0.0	0.00041	0.00024	0.00016	0.0	0.0	0.0	0.0	0.0	0.0	4e-05	0.00015	0.00022	0.0	4e-05	0.00018	0.00037	0.0002	0.0007	0.0	0.00021	0.0	0.0	0.0	0.0	0.0	0.0	0.00042	0.00032	0.00027	9e-05	0.00038	0.00015	0.0	0.0007	0.0	0.0	0.00013	0.0	0.00013	0.00015	0.0	0.0	0.0	0.0	0.0	0.0	0.0	0.0	0.0	0.0	0.0	0.0	0.0	0.0	0.0007	0.0	0.0	0.00021	0.0	0.0	0.0	0.0	0.0007	0.0	0.0003	0.00013	0.0	0.00015	0.00028	0.0	0.00047	0.0	0.00025	0.00023	0.0	0.0	0.00014	0.00059	0.00018	4e-05	
8e-05	0.00012	0.00023	0.00027	8e-05	9e-05	0.00026	0.0007	0.0	0.00022	0.0	0.00041	0.00024	0.00016	0.0	0.0	0.0	0.0	0.0	0.0	4e-05	0.00015	0.00022	0.0	4e-05	0.00018	0.00037	0.0002	0.0007	0.0	0.00021	0.0	0.0	0.0	0.0	0.0	0.0	0.00042	0.00032	0.00027	9e-05	0.00038	0.00015	0.0	0.0007	0.0	0.0	0.00013	0.0	0.00013	0.00015	0.0	0.0	0.0	0.0	0.0	0.0	0.0	0.0	0.0	0.0	0.0	0.0	0.0	0.0	0.0007	0.0	0.0	0.00021	0.0	0.0	0.0	0.0	0.0007	0.0	0.0003	0.00013	0.0	0.00015	0.00028	0.0	0.00047	0.0	0.00025	0.00023	0.0	0.0	0.00014	0.00059	0.00018	4e-05	
8e-05	0.00012	0.00023	0.00027	8e-05	9e-05	0.00026	0.0007	0.0	0.00022	0.0	0.00041	0.00024	0.00016	0.0	0.0	0.0	0.0	0.0	0.0	4e-05	0.00015	0.00022	0.0	4e-05	0.00018	0.00037	0.0002	0.0007	0.0	0.00021	0.0	0.0	0.0	0.0	0.0	0.0	0.00042	0.00032	0.00027	9e-05	0.00038	0.00015	0.0	0.0007	0.0	0.0	0.00013	0.0	0.00013	0.00015	0.0	0.0	0.0	0.0	0.0	0.0	0.0	0.0	0.0	0.0	0.0	0.0	0.0	0.0	0.0007	0.0	0.0	0.00021	0.0	0.0	0.0	0.0	0.0007	0.0	0.0003	0.00013	0.0	0.00015	0.00028	0.0	0.00047	0.0	0.00025	0.00023	0.0	0.0	0.00014	0.00059	0.00018	4e-05	
8e-05	0.00012	0.00023	0.00027	8e-05	9e-05	0.00026	0.0007	0.0	0.00022	0.0	0.00041	0.00024	0.00016	0.0	0.0	0.0	0.0	0.0	0.0	4e-05	0.00015	0.00022	0.0	4e-05	0.00018	0.00037	0.0002	0.0007	0.0	0.00021	0.0	0.0	0.0	0.0	0.0	0.0	0.00042	0.00032	0.00027	9e-05	0.00038	0.00015	0.0	0.0007	0.0	0.0	0.00013	0.0	0.00013	0.00015	0.0	0.0	0.0	0.0	0.0	0.0	0.0	0.0	0.0	0.0	0.0	0.0	0.0	0.0	0.0007	0.0	0.0	0.00021	0.0	0.0	0.0	0.0	0.0007	0.0	0.0003	0.00013	0.0	0.00015	0.00028	0.0	0.00047	0.0	0.00025	0.00023	0.0	0.0	0.00014	0.00059	0.00018	4e-05	
0.0	0.0	0.0	0.0	0.0	0.0	0.0	0.0	0.0	0.0	0.0	0.0	0.0	0.0	0.0	0.0	0.0	0.0	0.0	0.0	0.0	0.0	0.0	0.0	0.0	0.0	0.0	0.0	0.0	0.0	0.0	0.0	0.0	0.0	0.0	0.0	0.0	0.0	0.0	0.0	0.0	0.0	0.0	0.0	0.0	0.0	0.0	0.0	0.0	0.0	0.0	0.0	0.0	0.0	0.0	0.0	0.0	0.0	0.0	0.0	0.0	0.0	0.0	0.0	0.0	0.0	0.0	0.0	0.0	0.0	0.0	0.0	0.0	0.0	0.0	0.0	0.0	0.0	0.0	0.0	0.0	0.0	0.0	0.0	0.0	0.0	0.0	0.0	0.0	0.0	0.0	
0.13052	0.26608	0.06288	0.0294	0.08912	0.15827	0.10237	0.04703	4e-05	0.12707	0.16054	0.14007	0.11761	0.04482	4e-05	4e-05	4e-05	4e-05	4e-05	0.0	0.0	0.18267	0.02836	4e-05	0.12821	0.15256	0.28321	0.02944	0.04703	4e-05	0.0319	0.16054	4e-05	4e-05	4e-05	4e-05	4e-05	0.02162	0.07515	0.13684	0.13449	0.06531	0.06229	4e-05	0.04703	4e-05	4e-05	0.2745	0.0	0.05741	0.26158	4e-05	4e-05	4e-05	4e-05	4e-05	4e-05	4e-05	4e-05	4e-05	4e-05	4e-05	4e-05	4e-05	4e-05	0.04703	4e-05	4e-05	0.0319	4e-05	4e-05	4e-05	4e-05	0.04703	0.011	0.48444	0.31745	0.01987	0.10747	0.22067	4e-05	0.14447	0.00566	0.06234	0.1662	0.0	0.0	0.20077	0.07447	0.07892	0.31528	
0.1943	0.07558	0.01152	0.59126	0.11137	0.09267	0.07434	0.0198	0.00015	0.01482	0.00364	0.04186	0.13837	0.02601	0.00015	0.00015	0.00015	0.00015	0.00015	0.0	0.18267	0.0	0.01292	0.00015	0.09816	0.04284	0.08365	0.01337	0.0198	0.00015	0.01427	0.00364	0.00015	0.00015	0.00015	0.00015	0.00015	0.01035	0.02887	0.03075	0.03428	0.06618	0.10108	0.00015	0.0198	0.00015	0.00015	0.02556	0.0	0.02324	0.0234	0.00015	0.00015	0.00015	0.00015	0.00015	0.00015	0.00015	0.00015	0.00015	0.00015	0.00015	0.00015	0.00015	0.00015	0.0198	0.00015	0.00015	0.01427	0.00015	0.00015	0.00015	0.00015	0.0198	0.0004	0.05294	0.05644	0.02179	0.16033	0.12585	0.00015	0.18073	0.00157	0.03484	0.05049	0.0	0.0	0.02026	0.09991	0.01883	0.04603	
0.02562	0.03768	0.00923	0.01054	0.11334	0.03201	0.03927	0.01495	0.00022	0.01149	0.00555	0.02805	0.01563	0.0181	0.00022	0.00022	0.00022	0.00022	0.00022	0.0	0.02836	0.01292	0.0	0.00022	0.03001	0.02847	0.10545	0.0105	0.01495	0.00022	0.01112	0.00555	0.00022	0.00022	0.00022	0.00022	0.00022	0.00845	0.02069	0.02042	0.02406	0.07159	0.0472	0.00022	0.01495	0.00022	0.00022	0.01851	0.0	0.01701	0.01712	0.00022	0.00022	0.00022	0.00022	0.00022	0.00022	0.00022	0.00022	0.00022	0.00022	0.00022	0.00022	0.00022	0.00022	0.01495	0.00022	0.00022	0.01112	0.00022	0.00022	0.00022	0.00022	0.01495	0.00125	0.09658	0.13288	0.0	0.10302	0.07397	0.00022	0.03727	0.00296	0.20244	0.07875	0.0	0.0	0.01508	0.04814	0.0136	0.03032	
8e-05	0.00012	0.00023	0.00027	8e-05	9e-05	0.00026	0.0007	0.0	0.00022	0.0	0.00041	0.00024	0.00016	0.0	0.0	0.0	0.0	0.0	0.0	4e-05	0.00015	0.00022	0.0	4e-05	0.00018	0.00037	0.0002	0.0007	0.0	0.00021	0.0	0.0	0.0	0.0	0.0	0.0	0.00042	0.00032	0.00027	9e-05	0.00038	0.00015	0.0	0.0007	0.0	0.0	0.00013	0.0	0.00013	0.00015	0.0	0.0	0.0	0.0	0.0	0.0	0.0	0.0	0.0	0.0	0.0	0.0	0.0	0.0	0.0007	0.0	0.0	0.00021	0.0	0.0	0.0	0.0	0.0007	0.0	0.0003	0.00013	0.0	0.00015	0.00028	0.0	0.00047	0.0	0.00025	0.00023	0.0	0.0	0.00014	0.00059	0.00018	4e-05	
0.07794	0.04601	0.27756	0.09772	0.04436	0.05138	0.19853	0.04885	4e-05	0.03516	0.00531	0.09787	0.05814	0.1826	4e-05	4e-05	4e-05	4e-05	4e-05	0.0	0.12821	0.09816	0.03001	4e-05	0.0	0.06436	0.25368	0.09771	0.04885	4e-05	0.03367	0.00531	4e-05	4e-05	4e-05	4e-05	4e-05	0.02318	0.01209	0.11744	0.01299	0.04205	0.09987	4e-05	0.04885	4e-05	4e-05	0.02158	0.0	0.05973	0.02743	4e-05	4e-05	4e-05	4e-05	4e-05	4e-05	4e-05	4e-05	4e-05	4e-05	4e-05	4e-05	4e-05	4e-05	0.04885	4e-05	4e-05	0.03367	4e-05	4e-05	4e-05	4e-05	0.04885	0.00827	0.15527	0.042	0.01458	0.2533	0.06249	4e-05	0.05809	0.00563	0.04631	0.11409	0.0	0.0	0.04106	0.02545	0.24448	0.07082	
0.13041	0.02776	0.02498	0.02964	0.01836	0.03698	0.14285	0.17755	0.00018	0.03332	0.00559	0.44299	0.18046	0.03573	0.00018	0.00018	0.00018	0.00018	0.00018	0.0	0.15256	0.04284	0.02847	0.00018	0.06436	0.0	0.18042	0.10577	0.17755	0.00018	0.03191	0.00559	0.00018	0.00018	0.00018	0.00018	0.00018	0.02203	0.32767	0.24999	0.10473	0.07211	0.05398	0.00018	0.17755	0.00018	0.00018	0.02672	0.0	0.16636	0.03314	0.00018	0.00018	0.00018	0.00018	0.00018	0.00018	0.00018	0.00018	0.00018	0.00018	0.00018	0.00018	0.00018	0.00018	0.17755	0.00018	0.00018	0.03191	0.00018	0.00018	0.00018	0.00018	0.17755	0.00225	0.19548	0.07798	0.01002	0.10714	0.04283	0.00018	0.07438	0.03213	0.07729	0.06627	0.0	0.0	0.04773	0.05199	0.26541	0.03785	
0.14396	0.0732	0.04466	0.05381	0.06767	0.0875	0.26579	0.16903	0.00037	0.06311	0.02285	0.39297	0.11243	0.17832	0.00037	0.00037	0.00037	0.00037	0.00037	0.0	0.28321	0.08365	0.10545	0.00037	0.25368	0.18042	0.0	0.05672	0.16903	0.00037	0.10424	0.02285	0.00037	0.00037	0.00037	0.00037	0.00037	0.07685	0.17151	0.27808	0.09186	0.27054	0.09021	0.00037	0.16903	0.00037	0.00037	0.14704	0.0	0.06268	0.08764	0.00037	0.00037	0.00037	0.00037	0.00037	0.00037	0.00037	0.00037	0.00037	0.00037	0.00037	0.00037	0.00037	0.00037	0.16903	0.00037	0.00037	0.10424	0.00037	0.00037	0.00037	0.00037	0.16903	0.01457	0.96997	0.47652	0.32423	0.30613	0.16792	0.00037	0.18093	0.03506	0.36294	0.37143	0.0	0.0	0.09114	0.22828	0.09136	0.15942	
0.32998	0.03917	0.00949	0.01085	0.03176	0.03332	0.04093	0.01543	0.0002	0.01185	0.00439	0.02889	0.01619	0.23084	0.0002	0.0002	0.0002	0.0002	0.0002	0.0	0.02944	0.01337	0.0105	0.0002	0.09771	0.10577	0.05672	0.0	0.01543	0.0002	0.01146	0.00439	0.0002	0.0002	0.0002	0.0002	0.0002	0.00868	0.21854	0.29518	0.02496	0.04623	0.06927	0.0002	0.01543	0.0002	0.0002	0.01916	0.0	0.0176	0.01772	0.0002	0.0002	0.0002	0.0002	0.0002	0.0002	0.0002	0.0002	0.0002	0.0002	0.0002	0.0002	0.0002	0.0002	0.01543	0.0002	0.0002	0.01146	0.0002	0.0002	0.0002	0.0002	0.01543	0.00074	0.03826	0.04254	0.02314	0.15924	0.10796	0.0002	0.12942	0.00212	0.02487	0.03358	0.0	0.0	0.01559	0.06864	0.01407	0.03155	
0.21178	0.06062	0.01343	0.01546	0.04864	0.05229	0.23168	1.00079	0.0007	0.01699	0.01001	0.42676	0.02424	0.02849	0.0007	0.0007	0.0007	0.0007	0.0007	0.0	0.04703	0.0198	0.01495	0.0007	0.04885	0.17755	0.16903	0.01543	0.0	0.0007	0.0164	0.01001	0.0007	0.0007	0.0007	0.0007	0.0007	0.01217	0.38712	0.41264	0.03771	0.11885	0.07679	0.0007	1.00079	0.0007	0.0007	0.02844	0.0	0.02598	0.02615	0.0007	0.0007	0.0007	0.0007	0.0007	0.0007	0.0007	0.0007	0.0007	0.0007	0.0007	0.0007	0.0007	0.0007	1.00079	0.0007	0.0007	0.0164	0.0007	0.0007	0.0007	0.0007	1.00079	0.00303	0.1611	0.22184	0.0	0.11729	0.12443	0.0007	0.06027	0.0	0.16337	0.13958	0.0	0.0	0.02281	0.07814	0.02094	0.04953	
8e-05	0.00012	0.00023	0.00027	8e-05	9e-05	0.00026	0.0007	0.0	0.00022	0.0	0.00041	0.00024	0.00016	0.0	0.0	0.0	0.0	0.0	0.0	4e-05	0.00015	0.00022	0.0	4e-05	0.00018	0.00037	0.0002	0.0007	0.0	0.00021	0.0	0.0	0.0	0.0	0.0	0.0	0.00042	0.00032	0.00027	9e-05	0.00038	0.00015	0.0	0.0007	0.0	0.0	0.00013	0.0	0.00013	0.00015	0.0	0.0	0.0	0.0	0.0	0.0	0.0	0.0	0.0	0.0	0.0	0.0	0.0	0.0	0.0007	0.0	0.0	0.00021	0.0	0.0	0.0	0.0	0.0007	0.0	0.0003	0.00013	0.0	0.00015	0.00028	0.0	0.00047	0.0	0.00025	0.00023	0.0	0.0	0.00014	0.00059	0.00018	4e-05	
0.02869	0.04214	0.01004	0.01149	0.03411	0.09713	0.04427	0.0164	0.00021	0.01256	0.00581	0.32555	0.01732	0.02013	0.00021	0.00021	0.00021	0.00021	0.00021	0.0	0.0319	0.01427	0.01112	0.00021	0.03367	0.03191	0.10424	0.01146	0.0164	0.00021	0.0	0.00581	0.00021	0.00021	0.00021	0.00021	0.00021	0.00915	0.02291	0.02287	0.02675	0.08057	0.05292	0.00021	0.0164	0.00021	0.00021	0.02047	0.0	0.33687	0.0189	0.00021	0.00021	0.00021	0.00021	0.00021	0.00021	0.00021	0.00021	0.00021	0.00021	0.00021	0.00021	0.00021	0.00021	0.0164	0.00021	0.00021	0.9996	0.00021	0.00021	0.00021	0.00021	0.0164	0.00129	0.11017	0.15161	0.0	0.11777	0.08325	0.00021	0.04157	0.00308	0.41859	0.0898	0.0	0.0	0.0166	0.05394	0.01504	0.32291	
0.01029	0.06443	0.00403	0.00372	0.10669	0.06298	0.015	0.01001	0.0	0.0	0.0	0.00041	0.00377	0.0069	0.0	0.0	0.0	0.0	0.0	0.0	0.16054	0.00364	0.00555	0.0	0.00531	0.00559	0.02285	0.00439	0.01001	0.0	0.00581	0.0	0.0	0.0	0.0	0.0	0.0	0.00288	0.01065	0.12546	0.28482	0.03535	0.01908	0.0	0.01001	0.0	0.0	0.0	0.0	0.006	0.08684	0.0	0.0	0.0	0.0	0.0	0.0	0.0	0.0	0.0	0.0	0.0	0.0	0.0	0.0	0.01001	0.0	0.0	0.00581	0.0	0.0	0.0	0.0	0.01001	0.0	0.0	0.07037	0.0	0.00962	0.04842	0.0	0.01279	0.0	0.0125	0.01506	0.0	0.0	0.16955	0.01584	0.0037	0.07666	
8e-05	0.00012	0.00023	0.00027	8e-05	9e-05	0.00026	0.0007	0.0	0.00022	0.0	0.00041	0.00024	0.00016	0.0	0.0	0.0	0.0	0.0	0.0	4e-05	0.00015	0.00022	0.0	4e-05	0.00018	0.00037	0.0002	0.0007	0.0	0.00021	0.0	0.0	0.0	0.0	0.0	0.0	0.00042	0.00032	0.00027	9e-05	0.00038	0.00015	0.0	0.0007	0.0	0.0	0.00013	0.0	0.00013	0.00015	0.0	0.0	0.0	0.0	0.0	0.0	0.0	0.0	0.0	0.0	0.0	0.0	0.0	0.0	0.0007	0.0	0.0	0.00021	0.0	0.0	0.0	0.0	0.0007	0.0	0.0003	0.00013	0.0	0.00015	0.00028	0.0	0.00047	0.0	0.00025	0.00023	0.0	0.0	0.00014	0.00059	0.00018	4e-05	
8e-05	0.00012	0.00023	0.00027	8e-05	9e-05	0.00026	0.0007	0.0	0.00022	0.0	0.00041	0.00024	0.00016	0.0	0.0	0.0	0.0	0.0	0.0	4e-05	0.00015	0.00022	0.0	4e-05	0.00018	0.00037	0.0002	0.0007	0.0	0.00021	0.0	0.0	0.0	0.0	0.0	0.0	0.00042	0.00032	0.00027	9e-05	0.00038	0.00015	0.0	0.0007	0.0	0.0	0.00013	0.0	0.00013	0.00015	0.0	0.0	0.0	0.0	0.0	0.0	0.0	0.0	0.0	0.0	0.0	0.0	0.0	0.0	0.0007	0.0	0.0	0.00021	0.0	0.0	0.0	0.0	0.0007	0.0	0.0003	0.00013	0.0	0.00015	0.00028	0.0	0.00047	0.0	0.00025	0.00023	0.0	0.0	0.00014	0.00059	0.00018	4e-05	
8e-05	0.00012	0.00023	0.00027	8e-05	9e-05	0.00026	0.0007	0.0	0.00022	0.0	0.00041	0.00024	0.00016	0.0	0.0	0.0	0.0	0.0	0.0	4e-05	0.00015	0.00022	0.0	4e-05	0.00018	0.00037	0.0002	0.0007	0.0	0.00021	0.0	0.0	0.0	0.0	0.0	0.0	0.00042	0.00032	0.00027	9e-05	0.00038	0.00015	0.0	0.0007	0.0	0.0	0.00013	0.0	0.00013	0.00015	0.0	0.0	0.0	0.0	0.0	0.0	0.0	0.0	0.0	0.0	0.0	0.0	0.0	0.0	0.0007	0.0	0.0	0.00021	0.0	0.0	0.0	0.0	0.0007	0.0	0.0003	0.00013	0.0	0.00015	0.00028	0.0	0.00047	0.0	0.00025	0.00023	0.0	0.0	0.00014	0.00059	0.00018	4e-05	
8e-05	0.00012	0.00023	0.00027	8e-05	9e-05	0.00026	0.0007	0.0	0.00022	0.0	0.00041	0.00024	0.00016	0.0	0.0	0.0	0.0	0.0	0.0	4e-05	0.00015	0.00022	0.0	4e-05	0.00018	0.00037	0.0002	0.0007	0.0	0.00021	0.0	0.0	0.0	0.0	0.0	0.0	0.00042	0.00032	0.00027	9e-05	0.00038	0.00015	0.0	0.0007	0.0	0.0	0.00013	0.0	0.00013	0.00015	0.0	0.0	0.0	0.0	0.0	0.0	0.0	0.0	0.0	0.0	0.0	0.0	0.0	0.0	0.0007	0.0	0.0	0.00021	0.0	0.0	0.0	0.0	0.0007	0.0	0.0003	0.00013	0.0	0.00015	0.00028	0.0	0.00047	0.0	0.00025	0.00023	0.0	0.0	0.00014	0.00059	0.00018	4e-05	
8e-05	0.00012	0.00023	0.00027	8e-05	9e-05	0.00026	0.0007	0.0	0.00022	0.0	0.00041	0.00024	0.00016	0.0	0.0	0.0	0.0	0.0	0.0	4e-05	0.00015	0.00022	0.0	4e-05	0.00018	0.00037	0.0002	0.0007	0.0	0.00021	0.0	0.0	0.0	0.0	0.0	0.0	0.00042	0.00032	0.00027	9e-05	0.00038	0.00015	0.0	0.0007	0.0	0.0	0.00013	0.0	0.00013	0.00015	0.0	0.0	0.0	0.0	0.0	0.0	0.0	0.0	0.0	0.0	0.0	0.0	0.0	0.0	0.0007	0.0	0.0	0.00021	0.0	0.0	0.0	0.0	0.0007	0.0	0.0003	0.00013	0.0	0.00015	0.00028	0.0	0.00047	0.0	0.00025	0.00023	0.0	0.0	0.00014	0.00059	0.00018	4e-05	
0.01985	0.02929	0.0077	0.00872	0.02389	0.02468	0.08963	0.01217	0.00042	0.00944	0.00288	0.02119	0.01242	0.33772	0.00042	0.00042	0.00042	0.00042	0.00042	0.0	0.02162	0.01035	0.00845	0.00042	0.02318	0.02203	0.07685	0.00868	0.01217	0.00042	0.00915	0.00288	0.00042	0.00042	0.00042	0.00042	0.00042	0.0	0.01645	0.01583	0.01896	0.03448	0.0511	0.00042	0.01217	0.00042	0.00042	0.01476	0.0	0.01363	0.01372	0.00042	0.00042	0.00042	0.00042	0.00042	0.00042	0.00042	0.00042	0.00042	0.00042	0.00042	0.00042	0.00042	0.00042	0.01217	0.00042	0.00042	0.00915	0.00042	0.00042	0.00042	0.00042	0.01217	0.00039	0.02792	0.03141	0.01787	0.0341	0.04958	0.00042	0.09384	0.00125	0.01848	0.10143	0.0	0.0	0.01216	0.05075	0.01086	0.02337	
0.34305	0.09487	0.01839	0.02145	0.07489	0.08294	0.13102	0.38712	0.00032	0.02381	0.01065	0.23124	0.03595	0.05178	0.00032	0.00032	0.00032	0.00032	0.00032	0.0	0.07515	0.02887	0.02069	0.00032	0.01209	0.32767	0.17151	0.21854	0.38712	0.00032	0.02291	0.01065	0.00032	0.00032	0.00032	0.00032	0.00032	0.01645	0.0	0.55417	0.05691	0.01594	0.00185	0.00032	0.38712	0.00032	0.00032	0.04189	0.0	0.03796	0.03822	0.00032	0.00032	0.00032	0.00032	0.00032	0.00032	0.00032	0.00032	0.00032	0.00032	0.00032	0.00032	0.00032	0.00032	0.38712	0.00032	0.00032	0.02291	0.00032	0.00032	0.00032	0.00032	0.38712	0.00255	0.05183	0.05927	0.06435	0.18972	0.12504	0.00032	0.00581	0.1482	0.06716	0.06017	0.0	0.0	0.03292	0.00233	0.03073	0.07845	
0.38635	0.12366	0.01793	0.02125	0.12491	0.12276	0.22857	0.41264	0.00027	0.32372	0.12546	0.41972	0.03931	0.14969	0.00027	0.00027	0.00027	0.00027	0.00027	0.0	0.13684	0.03075	0.02042	0.00027	0.11744	0.24999	0.27808	0.29518	0.41264	0.00027	0.02287	0.12546	0.00027	0.00027	0.00027	0.00027	0.00027	0.01583	0.55417	0.0	0.13721	0.1731	0.13093	0.00027	0.41264	0.00027	0.00027	0.16773	0.0	0.04022	0.04052	0.00027	0.00027	0.00027	0.00027	0.00027	0.00027	0.00027	0.00027	0.00027	0.00027	0.00027	0.00027	0.00027	0.00027	0.41264	0.00027	0.00027	0.02287	0.00027	0.00027	0.00027	0.00027	0.41264	0.00212	0.49841	0.16574	0.18278	0.3291	0.20199	0.00027	0.13431	0.20055	0.1369	0.15114	0.0	0.0	0.03429	0.132	0.03308	0.12471	
0.07927	0.0635	0.0213	0.02498	0.10525	0.08758	0.03599	0.03771	9e-05	0.1929	0.28482	0.37626	0.04963	0.05184	9e-05	9e-05	9e-05	9e-05	9e-05	0.0	0.13449	0.03428	0.02406	9e-05	0.01299	0.10473	0.09186	0.02496	0.03771	9e-05	0.02675	0.28482	9e-05	9e-05	9e-05	9e-05	9e-05	0.01896	0.05691	0.13721	0.0	0.04236	0.15251	9e-05	0.03771	9e-05	9e-05	0.45057	0.0	0.02491	0.04901	9e-05	9e-05	9e-05	9e-05	9e-05	9e-05	9e-05	9e-05	9e-05	9e-05	9e-05	9e-05	9e-05	9e-05	0.03771	9e-05	9e-05	0.02675	9e-05	9e-05	9e-05	9e-05	0.03771	0.00136	0.37305	0.05254	0.05024	0.04733	0.22965	9e-05	0.00314	0.00421	0.07321	0.10938	0.0	0.0	0.07426	0.01296	0.13442	0.10302	
0.03018	0.00041	0.03905	0.04625	0.08823	0.09834	0.15722	0.11885	0.00038	0.08426	0.03535	0.32675	0.08491	0.1049	0.00038	0.00038	0.00038	0.00038	0.00038	0.0	0.06531	0.06618	0.07159	0.00038	0.04205	0.07211	0.27054	0.04623	0.11885	0.00038	0.08057	0.03535	0.00038	0.00038	0.00038	0.00038	0.00038	0.03448	0.01594	0.1731	0.04236	0.0	0.38165	0.00038	0.11885	0.00038	0.00038	0.16782	0.0	0.00418	0.00592	0.00038	0.00038	0.00038	0.00038	0.00038	0.00038	0.00038	0.00038	0.00038	0.00038	0.00038	0.00038	0.00038	0.00038	0.11885	0.00038	0.00038	0.08057	0.00038	0.00038	0.00038	0.00038	0.11885	0.00511	0.85711	0.13093	0.11702	0.32487	0.04778	0.00038	0.28167	0.01395	0.10411	0.24013	0.0	0.0	0.01652	0.39032	0.07116	0.0728	
0.04793	0.00306	0.05814	0.06929	0.03176	0.06961	0.01238	0.07679	0.00015	0.05526	0.01908	0.252	0.02911	0.16622	0.00015	0.00015	0.00015	0.00015	0.00015	0.0	0.06229	0.10108	0.0472	0.00015	0.09987	0.05398	0.09021	0.06927	0.07679	0.00015	0.05292	0.01908	0.00015	0.00015	0.00015	0.00015	0.00015	0.0511	0.00185	0.13093	0.15251	0.38165	0.0	0.00015	0.07679	0.00015	0.00015	0.10577	0.0	0.09425	0.09499	0.00015	0.00015	0.00015	0.00015	0.00015	0.00015	0.00015	0.00015	0.00015	0.00015	0.00015	0.00015	0.00015	0.00015	0.07679	0.00015	0.00015	0.05292	0.00015	0.00015	0.00015	0.00015	0.07679	0.00642	0.24053	0.24739	0.03669	0.22758	0.02701	0.00015	0.15232	0.00823	0.05406	0.20965	0.0	0.0	0.0036	0.09446	0.08187	0.081	
8e-05	0.00012	0.00023	0.00027	8e-05	9e-05	0.00026	0.0007	0.0	0.00022	0.0	0.00041	0.00024	0.00016	0.0	0.0	0.0	0.0	0.0	0.0	4e-05	0.00015	0.00022	0.0	4e-05	0.00018	0.00037	0.0002	0.0007	0.0	0.00021	0.0	0.0	0.0	0.0	0.0	0.0	0.00042	0.00032	0.00027	9e-05	0.00038	0.00015	0.0	0.0007	0.0	0.0	0.00013	0.0	0.00013	0.00015	0.0	0.0	0.0	0.0	0.0	0.0	0.0	0.0	0.0	0.0	0.0	0.0	0.0	0.0	0.0007	0.0	0.0	0.00021	0.0	0.0	0.0	0.0	0.0007	0.0	0.0003	0.00013	0.0	0.00015	0.00028	0.0	0.00047	0.0	0.00025	0.00023	0.0	0.0	0.00014	0.00059	0.00018	4e-05	
0.21178	0.06062	0.01343	0.01546	0.04864	0.05229	0.23168	1.00079	0.0007	0.01699	0.01001	0.42676	0.02424	0.02849	0.0007	0.0007	0.0007	0.0007	0.0007	0.0	0.04703	0.0198	0.01495	0.0007	0.04885	0.17755	0.16903	0.01543	1.00079	0.0007	0.0164	0.01001	0.0007	0.0007	0.0007	0.0007	0.0007	0.01217	0.38712	0.41264	0.03771	0.11885	0.07679	0.0007	0.0	0.0007	0.0007	0.02844	0.0	0.02598	0.02615	0.0007	0.0007	0.0007	0.0007	0.0007	0.0007	0.0007	0.0007	0.0007	0.0007	0.0007	0.0007	0.0007	0.0007	1.00079	0.0007	0.0007	0.0164	0.0007	0.0007	0.0007	0.0007	1.00079	0.00303	0.1611	0.22184	0.0	0.11729	0.12443	0.0007	0.06027	0.0	0.16337	0.13958	0.0	0.0	0.02281	0.07814	0.02094	0.04953	
8e-05	0.00012	0.00023	0.00027	8e-05	9e-05	0.00026	0.0007	0.0	0.00022	0.0	0.00041	0.00024	0.00016	0.0	0.0	0.0	0.0	0.0	0.0	4e-05	0.00015	0.00022	0.0	4e-05	0.00018	0.00037	0.0002	0.0007	0.0	0.00021	0.0	0.0	0.0	0.0	0.0	0.0	0.00042	0.00032	0.00027	9e-05	0.00038	0.00015	0.0	0.0007	0.0	0.0	0.00013	0.0	0.00013	0.00015	0.0	0.0	0.0	0.0	0.0	0.0	0.0	0.0	0.0	0.0	0.0	0.0	0.0	0.0	0.0007	0.0	0.0	0.00021	0.0	0.0	0.0	0.0	0.0007	0.0	0.0003	0.00013	0.0	0.00015	0.00028	0.0	0.00047	0.0	0.00025	0.00023	0.0	0.0	0.00014	0.00059	0.00018	4e-05	
8e-05	0.00012	0.00023	0.00027	8e-05	9e-05	0.00026	0.0007	0.0	0.00022	0.0	0.00041	0.00024	0.00016	0.0	0.0	0.0	0.0	0.0	0.0	4e-05	0.00015	0.00022	0.0	4e-05	0.00018	0.00037	0.0002	0.0007	0.0	0.00021	0.0	0.0	0.0	0.0	0.0	0.0	0.00042	0.00032	0.00027	9e-05	0.00038	0.00015	0.0	0.0007	0.0	0.0	0.00013	0.0	0.00013	0.00015	0.0	0.0	0.0	0.0	0.0	0.0	0.0	0.0	0.0	0.0	0.0	0.0	0.0	0.0	0.0007	0.0	0.0	0.00021	0.0	0.0	0.0	0.0	0.0007	0.0	0.0003	0.00013	0.0	0.00015	0.00028	0.0	0.00047	0.0	0.00025	0.00023	0.0	0.0	0.00014	0.00059	0.00018	4e-05	
0.05629	0.20817	0.01647	0.01919	0.28676	0.21773	0.09168	0.02844	0.00013	0.30413	0.0	0.18412	0.03172	0.03777	0.00013	0.00013	0.00013	0.00013	0.00013	0.0	0.2745	0.02556	0.01851	0.00013	0.02158	0.02672	0.14704	0.01916	0.02844	0.00013	0.02047	0.0	0.00013	0.00013	0.00013	0.00013	0.00013	0.01476	0.04189	0.16773	0.45057	0.16782	0.10577	0.00013	0.02844	0.00013	0.00013	0.0	0.0	0.03362	0.09637	0.00013	0.00013	0.00013	0.00013	0.00013	0.00013	0.00013	0.00013	0.00013	0.00013	0.00013	0.00013	0.00013	0.00013	0.02844	0.00013	0.00013	0.02047	0.00013	0.00013	0.00013	0.00013	0.02844	0.00157	0.79787	0.08859	0.03983	0.04436	0.15192	0.00013	0.08064	0.00409	0.05226	0.07504	0.0	0.0	0.13359	0.10757	0.02717	0.2391	
0.0	0.0	0.0	0.0	0.0	0.0	0.0	0.0	0.0	0.0	0.0	0.0	0.0	0.0	0.0	0.0	0.0	0.0	0.0	0.0	0.0	0.0	0.0	0.0	0.0	0.0	0.0	0.0	0.0	0.0	0.0	0.0	0.0	0.0	0.0	0.0	0.0	0.0	0.0	0.0	0.0	0.0	0.0	0.0	0.0	0.0	0.0	0.0	0.0	0.0	0.0	0.0	0.0	0.0	0.0	0.0	0.0	0.0	0.0	0.0	0.0	0.0	0.0	0.0	0.0	0.0	0.0	0.0	0.0	0.0	0.0	0.0	0.0	0.0	0.0	0.0	0.0	0.0	0.0	0.0	0.0	0.0	0.0	0.0	0.0	0.0	0.0	0.0	0.0	0.0	0.0	
0.05041	0.07383	0.01518	0.01763	0.05881	0.02097	0.02287	0.02598	0.00013	0.0195	0.006	0.48572	0.0936	0.03409	0.00013	0.00013	0.00013	0.00013	0.00013	0.0	0.05741	0.02324	0.01701	0.00013	0.05973	0.16636	0.06268	0.0176	0.02598	0.00013	0.33687	0.006	0.00013	0.00013	0.00013	0.00013	0.00013	0.01363	0.03796	0.04022	0.02491	0.00418	0.09425	0.00013	0.02598	0.00013	0.00013	0.03362	0.0	0.0	0.03078	0.00013	0.00013	0.00013	0.00013	0.00013	0.00013	0.00013	0.00013	0.00013	0.00013	0.00013	0.00013	0.00013	0.00013	0.02598	0.00013	0.00013	0.33687	0.00013	0.00013	0.00013	0.00013	0.02598	0.00088	0.03827	0.04292	0.0289	0.04341	0.0045	0.00013	0.01097	0.0028	0.2089	0.03388	0.0	0.0	0.02665	0.00043	0.20826	0.18781	
0.05079	0.18413	0.01527	0.01775	0.02446	0.23352	0.02216	0.02615	0.00015	0.01963	0.08684	0.04511	0.02894	0.03434	0.00015	0.00015	0.00015	0.00015	0.00015	0.0	0.26158	0.0234	0.01712	0.00015	0.02743	0.03314	0.08764	0.01772	0.02615	0.00015	0.0189	0.08684	0.00015	0.00015	0.00015	0.00015	0.00015	0.01372	0.03822	0.04052	0.04901	0.00592	0.09499	0.00015	0.02615	0.00015	0.00015	0.09637	0.0	0.03078	0.0	0.00015	0.00015	0.00015	0.00015	0.00015	0.00015	0.00015	0.00015	0.00015	0.00015	0.00015	0.00015	0.00015	0.00015	0.02615	0.00015	0.00015	0.0189	0.00015	0.00015	0.00015	0.00015	0.02615	0.00077	0.25016	1.03241	0.03289	0.09496	0.13418	0.00015	0.07208	0.0026	0.04669	0.13752	0.0	0.0	0.15906	0.00038	0.02485	0.20841	
8e-05	0.00012	0.00023	0.00027	8e-05	9e-05	0.00026	0.0007	0.0	0.00022	0.0	0.00041	0.00024	0.00016	0.0	0.0	0.0	0.0	0.0	0.0	4e-05	0.00015	0.00022	0.0	4e-05	0.00018	0.00037	0.0002	0.0007	0.0	0.00021	0.0	0.0	0.0	0.0	0.0	0.0	0.00042	0.00032	0.00027	9e-05	0.00038	0.00015	0.0	0.0007	0.0	0.0	0.00013	0.0	0.00013	0.00015	0.0	0.0	0.0	0.0	0.0	0.0	0.0	0.0	0.0	0.0	0.0	0.0	0.0	0.0	0.0007	0.0	0.0	0.00021	0.0	0.0	0.0	0.0	0.0007	0.0	0.0003	0.00013	0.0	0.00015	0.00028	0.0	0.00047	0.0	0.00025	0.00023	0.0	0.0	0.00014	0.00059	0.00018	4e-05	
8e-05	0.00012	0.00023	0.00027	8e-05	9e-05	0.00026	0.0007	0.0	0.00022	0.0	0.00041	0.00024	0.00016	0.0	0.0	0.0	0.0	0.0	0.0	4e-05	0.00015	0.00022	0.0	4e-05	0.00018	0.00037	0.0002	0.0007	0.0	0.00021	0.0	0.0	0.0	0.0	0.0	0.0	0.00042	0.00032	0.00027	9e-05	0.00038	0.00015	0.0	0.0007	0.0	0.0	0.00013	0.0	0.00013	0.00015	0.0	0.0	0.0	0.0	0.0	0.0	0.0	0.0	0.0	0.0	0.0	0.0	0.0	0.0	0.0007	0.0	0.0	0.00021	0.0	0.0	0.0	0.0	0.0007	0.0	0.0003	0.00013	0.0	0.00015	0.00028	0.0	0.00047	0.0	0.00025	0.00023	0.0	0.0	0.00014	0.00059	0.00018	4e-05	
8e-05	0.00012	0.00023	0.00027	8e-05	9e-05	0.00026	0.0007	0.0	0.00022	0.0	0.00041	0.00024	0.00016	0.0	0.0	0.0	0.0	0.0	0.0	4e-05	0.00015	0.00022	0.0	4e-05	0.00018	0.00037	0.0002	0.0007	0.0	0.00021	0.0	0.0	0.0	0.0	0.0	0.0	0.00042	0.00032	0.00027	9e-05	0.00038	0.00015	0.0	0.0007	0.0	0.0	0.00013	0.0	0.00013	0.00015	0.0	0.0	0.0	0.0	0.0	0.0	0.0	0.0	0.0	0.0	0.0	0.0	0.0	0.0	0.0007	0.0	0.0	0.00021	0.0	0.0	0.0	0.0	0.0007	0.0	0.0003	0.00013	0.0	0.00015	0.00028	0.0	0.00047	0.0	0.00025	0.00023	0.0	0.0	0.00014	0.00059	0.00018	4e-05	
8e-05	0.00012	0.00023	0.00027	8e-05	9e-05	0.00026	0.0007	0.0	0.00022	0.0	0.00041	0.00024	0.00016	0.0	0.0	0.0	0.0	0.0	0.0	4e-05	0.00015	0.00022	0.0	4e-05	0.00018	0.00037	0.0002	0.0007	0.0	0.00021	0.0	0.0	0.0	0.0	0.0	0.0	0.00042	0.00032	0.00027	9e-05	0.00038	0.00015	0.0	0.0007	0.0	0.0	0.00013	0.0	0.00013	0.00015	0.0	0.0	0.0	0.0	0.0	0.0	0.0	0.0	0.0	0.0	0.0	0.0	0.0	0.0	0.0007	0.0	0.0	0.00021	0.0	0.0	0.0	0.0	0.0007	0.0	0.0003	0.00013	0.0	0.00015	0.00028	0.0	0.00047	0.0	0.00025	0.00023	0.0	0.0	0.00014	0.00059	0.00018	4e-05	
8e-05	0.00012	0.00023	0.00027	8e-05	9e-05	0.00026	0.0007	0.0	0.00022	0.0	0.00041	0.00024	0.00016	0.0	0.0	0.0	0.0	0.0	0.0	4e-05	0.00015	0.00022	0.0	4e-05	0.00018	0.00037	0.0002	0.0007	0.0	0.00021	0.0	0.0	0.0	0.0	0.0	0.0	0.00042	0.00032	0.00027	9e-05	0.00038	0.00015	0.0	0.0007	0.0	0.0	0.00013	0.0	0.00013	0.00015	0.0	0.0	0.0	0.0	0.0	0.0	0.0	0.0	0.0	0.0	0.0	0.0	0.0	0.0	0.0007	0.0	0.0	0.00021	0.0	0.0	0.0	0.0	0.0007	0.0	0.0003	0.00013	0.0	0.00015	0.00028	0.0	0.00047	0.0	0.00025	0.00023	0.0	0.0	0.00014	0.00059	0.00018	4e-05	
8e-05	0.00012	0.00023	0.00027	8e-05	9e-05	0.00026	0.0007	0.0	0.00022	0.0	0.00041	0.00024	0.00016	0.0	0.0	0.0	0.0	0.0	0.0	4e-05	0.00015	0.00022	0.0	4e-05	0.00018	0.00037	0.0002	0.0007	0.0	0.00021	0.0	0.0	0.0	0.0	0.0	0.0	0.00042	0.00032	0.00027	9e-05	0.00038	0.00015	0.0	0.0007	0.0	0.0	0.00013	0.0	0.00013	0.00015	0.0	0.0	0.0	0.0	0.0	0.0	0.0	0.0	0.0	0.0	0.0	0.0	0.0	0.0	0.0007	0.0	0.0	0.00021	0.0	0.0	0.0	0.0	0.0007	0.0	0.0003	0.00013	0.0	0.00015	0.00028	0.0	0.00047	0.0	0.00025	0.00023	0.0	0.0	0.00014	0.00059	0.00018	4e-05	
8e-05	0.00012	0.00023	0.00027	8e-05	9e-05	0.00026	0.0007	0.0	0.00022	0.0	0.00041	0.00024	0.00016	0.0	0.0	0.0	0.0	0.0	0.0	4e-05	0.00015	0.00022	0.0	4e-05	0.00018	0.00037	0.0002	0.0007	0.0	0.00021	0.0	0.0	0.0	0.0	0.0	0.0	0.00042	0.00032	0.00027	9e-05	0.00038	0.00015	0.0	0.0007	0.0	0.0	0.00013	0.0	0.00013	0.00015	0.0	0.0	0.0	0.0	0.0	0.0	0.0	0.0	0.0	0.0	0.0	0.0	0.0	0.0	0.0007	0.0	0.0	0.00021	0.0	0.0	0.0	0.0	0.0007	0.0	0.0003	0.00013	0.0	0.00015	0.00028	0.0	0.00047	0.0	0.00025	0.00023	0.0	0.0	0.00014	0.00059	0.00018	4e-05	
8e-05	0.00012	0.00023	0.00027	8e-05	9e-05	0.00026	0.0007	0.0	0.00022	0.0	0.00041	0.00024	0.00016	0.0	0.0	0.0	0.0	0.0	0.0	4e-05	0.00015	0.00022	0.0	4e-05	0.00018	0.00037	0.0002	0.0007	0.0	0.00021	0.0	0.0	0.0	0.0	0.0	0.0	0.00042	0.00032	0.00027	9e-05	0.00038	0.00015	0.0	0.0007	0.0	0.0	0.00013	0.0	0.00013	0.00015	0.0	0.0	0.0	0.0	0.0	0.0	0.0	0.0	0.0	0.0	0.0	0.0	0.0	0.0	0.0007	0.0	0.0	0.00021	0.0	0.0	0.0	0.0	0.0007	0.0	0.0003	0.00013	0.0	0.00015	0.00028	0.0	0.00047	0.0	0.00025	0.00023	0.0	0.0	0.00014	0.00059	0.00018	4e-05	
8e-05	0.00012	0.00023	0.00027	8e-05	9e-05	0.00026	0.0007	0.0	0.00022	0.0	0.00041	0.00024	0.00016	0.0	0.0	0.0	0.0	0.0	0.0	4e-05	0.00015	0.00022	0.0	4e-05	0.00018	0.00037	0.0002	0.0007	0.0	0.00021	0.0	0.0	0.0	0.0	0.0	0.0	0.00042	0.00032	0.00027	9e-05	0.00038	0.00015	0.0	0.0007	0.0	0.0	0.00013	0.0	0.00013	0.00015	0.0	0.0	0.0	0.0	0.0	0.0	0.0	0.0	0.0	0.0	0.0	0.0	0.0	0.0	0.0007	0.0	0.0	0.00021	0.0	0.0	0.0	0.0	0.0007	0.0	0.0003	0.00013	0.0	0.00015	0.00028	0.0	0.00047	0.0	0.00025	0.00023	0.0	0.0	0.00014	0.00059	0.00018	4e-05	
8e-05	0.00012	0.00023	0.00027	8e-05	9e-05	0.00026	0.0007	0.0	0.00022	0.0	0.00041	0.00024	0.00016	0.0	0.0	0.0	0.0	0.0	0.0	4e-05	0.00015	0.00022	0.0	4e-05	0.00018	0.00037	0.0002	0.0007	0.0	0.00021	0.0	0.0	0.0	0.0	0.0	0.0	0.00042	0.00032	0.00027	9e-05	0.00038	0.00015	0.0	0.0007	0.0	0.0	0.00013	0.0	0.00013	0.00015	0.0	0.0	0.0	0.0	0.0	0.0	0.0	0.0	0.0	0.0	0.0	0.0	0.0	0.0	0.0007	0.0	0.0	0.00021	0.0	0.0	0.0	0.0	0.0007	0.0	0.0003	0.00013	0.0	0.00015	0.00028	0.0	0.00047	0.0	0.00025	0.00023	0.0	0.0	0.00014	0.00059	0.00018	4e-05	
8e-05	0.00012	0.00023	0.00027	8e-05	9e-05	0.00026	0.0007	0.0	0.00022	0.0	0.00041	0.00024	0.00016	0.0	0.0	0.0	0.0	0.0	0.0	4e-05	0.00015	0.00022	0.0	4e-05	0.00018	0.00037	0.0002	0.0007	0.0	0.00021	0.0	0.0	0.0	0.0	0.0	0.0	0.00042	0.00032	0.00027	9e-05	0.00038	0.00015	0.0	0.0007	0.0	0.0	0.00013	0.0	0.00013	0.00015	0.0	0.0	0.0	0.0	0.0	0.0	0.0	0.0	0.0	0.0	0.0	0.0	0.0	0.0	0.0007	0.0	0.0	0.00021	0.0	0.0	0.0	0.0	0.0007	0.0	0.0003	0.00013	0.0	0.00015	0.00028	0.0	0.00047	0.0	0.00025	0.00023	0.0	0.0	0.00014	0.00059	0.00018	4e-05	
8e-05	0.00012	0.00023	0.00027	8e-05	9e-05	0.00026	0.0007	0.0	0.00022	0.0	0.00041	0.00024	0.00016	0.0	0.0	0.0	0.0	0.0	0.0	4e-05	0.00015	0.00022	0.0	4e-05	0.00018	0.00037	0.0002	0.0007	0.0	0.00021	0.0	0.0	0.0	0.0	0.0	0.0	0.00042	0.00032	0.00027	9e-05	0.00038	0.00015	0.0	0.0007	0.0	0.0	0.00013	0.0	0.00013	0.00015	0.0	0.0	0.0	0.0	0.0	0.0	0.0	0.0	0.0	0.0	0.0	0.0	0.0	0.0	0.0007	0.0	0.0	0.00021	0.0	0.0	0.0	0.0	0.0007	0.0	0.0003	0.00013	0.0	0.00015	0.00028	0.0	0.00047	0.0	0.00025	0.00023	0.0	0.0	0.00014	0.00059	0.00018	4e-05	
8e-05	0.00012	0.00023	0.00027	8e-05	9e-05	0.00026	0.0007	0.0	0.00022	0.0	0.00041	0.00024	0.00016	0.0	0.0	0.0	0.0	0.0	0.0	4e-05	0.00015	0.00022	0.0	4e-05	0.00018	0.00037	0.0002	0.0007	0.0	0.00021	0.0	0.0	0.0	0.0	0.0	0.0	0.00042	0.00032	0.00027	9e-05	0.00038	0.00015	0.0	0.0007	0.0	0.0	0.00013	0.0	0.00013	0.00015	0.0	0.0	0.0	0.0	0.0	0.0	0.0	0.0	0.0	0.0	0.0	0.0	0.0	0.0	0.0007	0.0	0.0	0.00021	0.0	0.0	0.0	0.0	0.0007	0.0	0.0003	0.00013	0.0	0.00015	0.00028	0.0	0.00047	0.0	0.00025	0.00023	0.0	0.0	0.00014	0.00059	0.00018	4e-05	
8e-05	0.00012	0.00023	0.00027	8e-05	9e-05	0.00026	0.0007	0.0	0.00022	0.0	0.00041	0.00024	0.00016	0.0	0.0	0.0	0.0	0.0	0.0	4e-05	0.00015	0.00022	0.0	4e-05	0.00018	0.00037	0.0002	0.0007	0.0	0.00021	0.0	0.0	0.0	0.0	0.0	0.0	0.00042	0.00032	0.00027	9e-05	0.00038	0.00015	0.0	0.0007	0.0	0.0	0.00013	0.0	0.00013	0.00015	0.0	0.0	0.0	0.0	0.0	0.0	0.0	0.0	0.0	0.0	0.0	0.0	0.0	0.0	0.0007	0.0	0.0	0.00021	0.0	0.0	0.0	0.0	0.0007	0.0	0.0003	0.00013	0.0	0.00015	0.00028	0.0	0.00047	0.0	0.00025	0.00023	0.0	0.0	0.00014	0.00059	0.00018	4e-05	
0.21178	0.06062	0.01343	0.01546	0.04864	0.05229	0.23168	1.00079	0.0007	0.01699	0.01001	0.42676	0.02424	0.02849	0.0007	0.0007	0.0007	0.0007	0.0007	0.0	0.04703	0.0198	0.01495	0.0007	0.04885	0.17755	0.16903	0.01543	1.00079	0.0007	0.0164	0.01001	0.0007	0.0007	0.0007	0.0007	0.0007	0.01217	0.38712	0.41264	0.03771	0.11885	0.07679	0.0007	1.00079	0.0007	0.0007	0.02844	0.0	0.02598	0.02615	0.0007	0.0007	0.0007	0.0007	0.0007	0.0007	0.0007	0.0007	0.0007	0.0007	0.0007	0.0007	0.0007	0.0007	0.0	0.0007	0.0007	0.0164	0.0007	0.0007	0.0007	0.0007	1.00079	0.00303	0.1611	0.22184	0.0	0.11729	0.12443	0.0007	0.06027	0.0	0.16337	0.13958	0.0	0.0	0.02281	0.07814	0.02094	0.04953	
8e-05	0.00012	0.00023	0.00027	8e-05	9e-05	0.00026	0.0007	0.0	0.00022	0.0	0.00041	0.00024	0.00016	0.0	0.0	0.0	0.0	0.0	0.0	4e-05	0.00015	0.00022	0.0	4e-05	0.00018	0.00037	0.0002	0.0007	0.0	0.00021	0.0	0.0	0.0	0.0	0.0	0.0	0.00042	0.00032	0.00027	9e-05	0.00038	0.00015	0.0	0.0007	0.0	0.0	0.00013	0.0	0.00013	0.00015	0.0	0.0	0.0	0.0	0.0	0.0	0.0	0.0	0.0	0.0	0.0	0.0	0.0	0.0	0.0007	0.0	0.0	0.00021	0.0	0.0	0.0	0.0	0.0007	0.0	0.0003	0.00013	0.0	0.00015	0.00028	0.0	0.00047	0.0	0.00025	0.00023	0.0	0.0	0.00014	0.00059	0.00018	4e-05	
