0.0	0.10965	0.0	0.31709	0.10205	0.05946	0.29348	0.09271	0.18161	0.1652	0.25614	0.19749	0.23744	0.35407	0.11873	0.28225	0.0	0.0	0.0	0.0	0.0	0.0	0.11163	0.25734	0.12224	0.04097	0.23766	0.21278	0.13587	0.1687	0.14771	0.04949	0.04964	6e-05	0.07131	0.09421	0.1131	0.3913	0.13559	0.0075	0.06583	0.02872	0.00879	0.09045	0.13976	0.16205	0.16889	6e-05	0.12847	0.15322	0.22157	0.05902	0.06384	0.13105	0.1604	6e-05	6e-05	0.07025	0.03647	0.1776	0.035	0.18231	0.0	0.0	0.17507	0.25318	0.127	0.26161	0.0	0.02848	6e-05	0.08846	0.0328	0.29793	6e-05	0.12779	0.0328	0.02848	0.22175	6e-05	0.03978	0.1604	0.15699	6e-05	6e-05	6e-05	0.02385	0.02858	6e-05	0.15458	6e-05	6e-05	6e-05	6e-05	0.02848	0.0189	6e-05	6e-05	0.02431	0.24907	6e-05	6e-05	0.01035	0.19565	0.05668	6e-05	0.22148	0.17818	0.02385	0.3164	0.21317	0.24768	0.06313	0.11447	0.24889	6e-05	6e-05	0.11807	0.15482	6e-05	6e-05	0.0328	0.06688	0.15135	6e-05	6e-05	6e-05	6e-05	6e-05	6e-05	0.1604	0.0328	6e-05	0.15306	0.05671	6e-05	0.02385	6e-05	6e-05	6e-05	0.07084	0.17405	6e-05	6e-05	6e-05	0.24907	0.10639	0.31865	
0.10965	0.0	0.0	0.08664	0.06277	0.17372	0.13023	0.07835	0.1856	0.09471	0.30636	0.14054	0.15652	0.11212	0.07243	0.13155	0.0	0.0	0.0	0.0	0.0	0.0	0.32538	0.15903	0.03314	0.03025	0.08351	0.09714	0.12763	0.06457	0.25874	0.05232	0.07391	0.00011	0.08024	0.07718	0.01901	0.18708	0.08635	0.00171	0.14429	0.04893	0.00229	0.0403	0.19765	0.04956	0.10513	0.00011	0.11329	0.01521	0.20534	0.18718	0.14824	0.15833	0.06674	0.00011	0.00011	0.03433	0.16928	0.07872	0.02562	0.09024	0.0	0.0	0.32133	0.16195	0.04007	0.06847	0.0	0.05549	0.00011	0.04876	0.06429	0.27522	0.00011	0.1224	0.06429	0.05549	0.18487	0.00011	0.114	0.06674	0.17534	0.00011	0.00011	0.00011	0.04247	0.05571	0.00011	0.0239	0.00011	0.00011	0.00011	0.00011	0.05549	0.02919	0.00011	0.00011	0.04126	0.15208	0.00011	0.00011	0.01975	0.02614	0.01987	0.00011	0.11009	0.10732	0.04247	0.08202	0.37903	0.15381	0.13883	0.10842	0.08257	0.00011	0.00011	0.04176	0.04679	0.00011	0.00011	0.06429	0.15145	0.08611	0.00011	0.00011	0.00011	0.00011	0.00011	0.00011	0.06674	0.06429	0.00011	0.00684	0.18436	0.00011	0.04247	0.00011	0.00011	0.00011	0.15597	0.19147	0.00011	0.00011	0.00011	0.15208	0.07445	0.10761	
0.0	0.0	0.0	0.0	0.0	0.0	0.0	0.0	0.0	0.0	0.0	0.0	0.0	0.0	0.0	0.0	0.0	0.0	0.0	0.0	0.0	0.0	0.0	0.0	0.0	0.0	0.0	0.0	0.0	0.0	0.0	0.0	0.0	0.0	0.0	0.0	0.0	0.0	0.0	0.0	0.0	0.0	0.0	0.0	0.0	0.0	0.0	0.0	0.0	0.0	0.0	0.0	0.0	0.0	0.0	0.0	0.0	0.0	0.0	0.0	0.0	0.0	0.0	0.0	0.0	0.0	0.0	0.0	0.0	0.0	0.0	0.0	0.0	0.0	0.0	0.0	0.0	0.0	0.0	0.0	0.0	0.0	0.0	0.0	0.0	0.0	0.0	0.0	0.0	0.0	0.0	0.0	0.0	0.0	0.0	0.0	0.0	0.0	0.0	0.0	0.0	0.0	0.0	0.0	0.0	0.0	0.0	0.0	0.0	0.0	0.0	0.0	0.0	0.0	0.0	0.0	0.0	0.0	0.0	0.0	0.0	0.0	0.0	0.0	0.0	0.0	0.0	0.0	0.0	0.0	0.0	0.0	0.0	0.0	0.0	0.0	0.0	0.0	0.0	0.0	0.0	0.0	0.0	0.0	0.0	0.0	0.0	0.0	
0.31709	0.08664	0.0	0.0	0.29091	0.03916	0.69197	0.38985	0.2174	0.04922	0.13935	0.04085	0.06663	0.15515	0.11189	0.49941	0.0	0.0	0.0	0.0	0.0	0.0	0.06346	0.06656	0.04296	0.18904	0.15752	0.11373	0.1158	0.04861	0.04636	0.12183	0.12169	0.00024	0.12967	0.08807	0.12409	0.11534	0.06854	0.14743	0.09726	0.01721	0.15027	0.11637	0.0685	0.09881	0.15635	0.00024	0.02282	0.05128	0.12756	0.10399	0.11302	0.0613	0.04169	0.00024	0.00024	0.13763	0.04182	0.06464	0.03837	0.19515	0.0	0.0	0.09881	0.04343	0.05823	0.02299	0.0	0.0171	0.00024	0.38224	0.01935	0.05075	0.00024	0.02602	0.01935	0.0171	0.15544	0.00024	0.02293	0.04169	0.0469	0.00024	0.00024	0.00024	0.02395	0.01714	0.00024	0.04808	0.00024	0.00024	0.00024	0.00024	0.0171	0.12516	0.00024	0.00024	0.01483	0.03726	0.00024	0.00024	0.00684	0.1291	0.04335	0.00024	0.04277	0.04833	0.02395	0.02811	0.35227	0.16562	0.03285	0.03636	0.04921	0.00024	0.00024	0.13298	0.04744	0.00024	0.00024	0.01935	0.03444	0.05416	0.00024	0.00024	0.00024	0.00024	0.00024	0.00024	0.04169	0.01935	0.00024	0.05764	0.08647	0.00024	0.02395	0.00024	0.00024	0.00024	0.08317	0.11776	0.00024	0.00024	0.00024	0.03726	0.14018	0.29931	
0.10205	0.06277	0.0	0.29091	0.0	0.03471	0.23193	0.41579	0.23025	0.04434	0.13618	0.04726	0.05929	0.17725	0.11301	0.28155	0.0	0.0	0.0	0.0	0.0	0.0	0.0702	0.0615	0.0286	0.19592	0.15838	0.10319	0.10983	0.04393	0.04162	0.14442	0.1207	0.0003	0.12535	0.2052	0.30341	0.10626	0.16055	0.16499	0.12371	0.01589	0.16853	0.12321	0.09721	0.03814	0.15757	0.0003	0.02097	0.04643	0.12483	0.07497	0.04653	0.05531	0.03789	0.0003	0.0003	0.01171	0.05967	0.07974	0.11267	0.0398	0.0	0.0	0.03734	0.12494	0.0532	0.02113	0.0	0.24482	0.0003	0.40962	0.01784	0.05916	0.0003	0.02377	0.01784	0.24482	0.07851	0.0003	0.02107	0.03789	0.04915	0.0003	0.0003	0.0003	0.02199	0.01584	0.0003	0.04359	0.0003	0.0003	0.0003	0.0003	0.24482	0.12476	0.0003	0.0003	0.01373	0.03374	0.0003	0.0003	0.00642	0.03247	0.03936	0.0003	0.0385	0.06741	0.02199	0.02557	0.18741	0.06113	0.02982	0.03601	0.04434	0.0003	0.0003	0.03083	0.04301	0.0003	0.0003	0.01784	0.03124	0.04866	0.0003	0.0003	0.0003	0.0003	0.0003	0.0003	0.03789	0.01784	0.0003	0.05207	0.03209	0.0003	0.02199	0.0003	0.0003	0.0003	0.06166	0.04193	0.0003	0.0003	0.0003	0.03374	0.0449	0.07405	
0.05946	0.17372	0.0	0.03916	0.03471	0.0	0.03231	0.068	0.28654	0.13659	0.20866	0.21001	0.08801	0.15115	0.09786	0.12552	0.0	0.0	0.0	0.0	0.0	0.0	0.04818	0.17303	0.00742	0.00321	0.04413	0.04811	0.04053	0.11617	0.12771	0.00392	0.01911	0.00014	0.00354	0.07272	0.03288	0.12863	0.1447	0.0002	0.21046	0.04518	0.00193	0.04655	0.03773	0.02928	0.04391	0.00014	0.06111	0.03197	0.15499	0.21092	0.13812	0.18923	0.11953	0.00014	0.00014	0.04714	0.18538	0.10184	0.10794	0.01172	0.0	0.0	0.11531	0.07997	0.01391	0.06169	0.0	0.06546	0.00014	0.0453	0.0753	0.13082	0.00014	0.0725	0.0753	0.06546	0.05781	0.00014	0.06154	0.11953	0.21917	0.00014	0.00014	0.00014	0.09557	0.06572	0.00014	0.04804	0.00014	0.00014	0.00014	0.00014	0.06546	0.04568	0.00014	0.00014	0.0386	0.10635	0.00014	0.00014	0.02449	0.02867	0.01792	0.00014	0.1222	0.04417	0.09557	0.08076	0.09689	0.1677	0.09212	0.11609	0.1432	0.00014	0.00014	0.0012	0.00371	0.00014	0.00014	0.0753	0.10241	0.14974	0.00014	0.00014	0.00014	0.00014	0.00014	0.00014	0.11953	0.0753	0.00014	0.0138	0.10411	0.00014	0.09557	0.00014	0.00014	0.00014	0.05223	0.05472	0.00014	0.00014	0.00014	0.10635	0.04022	0.09622	
0.29348	0.13023	0.0	0.69197	0.23193	0.03231	0.0	0.27319	0.20548	0.0692	0.14802	0.12566	0.09848	0.17187	0.09785	0.33329	0.0	0.0	0.0	0.0	0.0	0.0	0.10012	0.09282	0.0727	0.15167	0.14637	0.16015	0.13821	0.06636	0.06639	0.1192	0.11927	0.0002	0.22337	0.11983	0.12752	0.18715	0.10776	0.08672	0.10941	0.02136	0.08847	0.24205	0.08863	0.10821	0.14388	0.0002	0.0289	0.07031	0.13489	0.0967	0.09698	0.08562	0.05597	0.0002	0.0002	0.09826	0.04906	0.09663	0.03586	0.21995	0.0	0.0	0.10072	0.08493	0.08227	0.02926	0.0	0.02112	0.0002	0.26541	0.02426	0.07761	0.0002	0.03389	0.02426	0.02112	0.19223	0.0002	0.02914	0.05597	0.07099	0.0002	0.0002	0.0002	0.03048	0.0212	0.0002	0.06552	0.0002	0.0002	0.0002	0.0002	0.02112	0.1201	0.0002	0.0002	0.01822	0.051	0.0002	0.0002	0.008	0.14842	0.05827	0.0002	0.12349	0.06811	0.03048	0.03621	0.30128	0.17425	0.04423	0.07436	0.06834	0.0002	0.0002	0.14589	0.05036	0.0002	0.0002	0.02426	0.04667	0.07742	0.0002	0.0002	0.0002	0.0002	0.0002	0.0002	0.05597	0.02426	0.0002	0.08002	0.07683	0.0002	0.03048	0.0002	0.0002	0.0002	0.07786	0.1112	0.0002	0.0002	0.0002	0.051	0.12309	0.30923	
0.09271	0.07835	0.0	0.38985	0.41579	0.068	0.27319	0.0	0.32044	0.02792	0.14113	0.03538	0.04842	0.18987	0.21944	0.14049	0.0	0.0	0.0	0.0	0.0	0.0	0.04596	0.03665	0.05131	0.31325	0.19709	0.06773	0.09481	0.0317	0.02502	0.18816	0.36835	0.00076	0.1985	0.08456	0.11449	0.08184	0.10005	0.0	0.0941	0.25553	0.0	0.33527	0.09142	0.03806	0.19659	0.00076	0.01513	0.03139	0.12817	0.074	0.06822	0.03652	0.02632	0.00076	0.00076	0.0095	0.02485	0.04121	0.0169	0.04098	0.0	0.0	0.02251	0.04826	0.03393	0.01634	0.0	0.01174	0.00076	1.00505	0.01371	0.0354	0.00076	0.01605	0.01371	0.01174	0.06862	0.00076	0.01577	0.02632	0.08525	0.00076	0.00076	0.00076	0.01586	0.0119	0.00076	0.03019	0.00076	0.00076	0.00076	0.00076	0.01174	0.14824	0.00076	0.00076	0.21185	0.02214	0.00076	0.00076	0.00572	0.05321	0.02528	0.00076	0.02331	0.02708	0.01586	0.02069	0.46329	0.04232	0.12819	0.03842	0.02338	0.00076	0.00076	0.05217	0.0289	0.00076	0.00076	0.01371	0.02036	0.03025	0.00076	0.00076	0.00076	0.00076	0.00076	0.00076	0.02632	0.01371	0.00076	0.03495	0.04951	0.00076	0.01586	0.00076	0.00076	0.00076	0.07327	0.03255	0.00076	0.00076	0.00076	0.02214	0.11624	0.0449	
0.18161	0.1856	0.0	0.2174	0.23025	0.28654	0.20548	0.32044	0.0	0.3333	0.27185	0.23732	0.1521	0.2667	0.35009	0.90351	0.0	0.0	0.0	0.0	0.0	0.0	0.24298	0.17093	0.07324	0.18117	0.27018	0.09608	0.21683	0.3973	0.14713	0.15127	0.20528	0.00033	0.18574	0.12414	0.10284	0.20194	0.1151	0.11694	0.14615	0.08188	0.11788	0.11224	0.1391	0.14063	0.17168	0.00033	0.03999	0.23063	0.38279	0.17111	0.18119	0.16525	0.39991	0.00033	0.00033	0.02134	0.07765	0.30669	0.04716	0.05191	0.0	0.0	0.14468	0.3474	0.11543	0.16107	0.0	0.02919	0.00033	0.32179	0.03374	0.28818	0.00033	0.04649	0.03374	0.02919	0.15732	0.00033	0.16074	0.39991	0.66947	0.00033	0.00033	0.00033	0.0422	0.02937	0.00033	0.26587	0.00033	0.00033	0.00033	0.00033	0.02919	0.14757	0.00033	0.00033	0.06789	0.34783	0.00033	0.00033	0.01123	0.054	0.06125	0.00033	0.1455	0.20786	0.0422	0.16081	0.33414	0.52075	0.2272	0.26811	0.0414	0.00033	0.00033	0.04976	0.03134	0.00033	0.00033	0.03374	0.14935	0.32145	0.00033	0.00033	0.00033	0.00033	0.00033	0.00033	0.39991	0.03374	0.00033	0.18462	0.03195	0.00033	0.0422	0.00033	0.00033	0.00033	0.12171	0.05414	0.00033	0.00033	0.00033	0.34783	0.06639	0.06781	
0.1652	0.09471	0.0	0.04922	0.04434	0.13659	0.0692	0.02792	0.3333	0.0	0.19728	0.23549	0.4137	0.20256	1.66851	0.279	0.0	0.0	0.0	0.0	0.0	0.0	0.3541	0.26617	0.02797	0.17896	0.31506	0.17439	0.36068	0.67922	0.15909	0.12578	0.12569	0.00013	0.1406	0.31949	0.17362	0.25653	0.15912	0.00287	0.06501	0.02013	0.00147	0.01717	0.10613	0.25726	0.15617	0.00013	0.02693	0.41904	0.29854	0.26922	0.13654	0.31781	0.6784	0.00013	0.00013	0.01461	0.05034	0.40218	0.03164	0.09519	0.0	0.0	0.16334	0.42229	0.07182	0.21729	0.0	0.01999	0.00013	0.02017	0.02272	0.28029	0.00013	0.03101	0.02272	0.01999	0.12872	0.00013	0.21723	0.6784	0.44485	0.00013	0.00013	0.00013	0.02831	0.34038	0.00013	0.4728	0.00013	0.00013	0.00013	0.00013	0.01999	0.06406	0.00013	0.00013	0.01726	0.57543	0.00013	0.00013	0.00778	0.13302	0.05226	0.00013	0.16244	0.35978	0.02831	0.2155	0.18682	0.52598	0.18308	0.32532	0.06241	0.00013	0.00013	0.13682	0.052	0.00013	0.00013	0.02272	0.18106	0.48902	0.00013	0.00013	0.00013	0.00013	0.00013	0.00013	0.6784	0.02272	0.00013	0.34764	0.02709	0.00013	0.02831	0.00013	0.00013	0.00013	0.05147	0.05973	0.00013	0.00013	0.00013	0.57543	0.05017	0.0745	
0.25614	0.30636	0.0	0.13935	0.13618	0.20866	0.14802	0.14113	0.27185	0.19728	0.0	0.29305	0.40694	0.52822	0.30929	0.25365	0.0	0.0	0.0	0.0	0.0	0.0	0.3297	0.39082	0.06234	0.05722	0.30295	0.30134	0.33279	0.21702	0.39741	0.04548	0.04553	0.00025	0.08688	0.06176	0.05151	0.57602	0.22315	0.01277	0.07819	0.02491	0.01456	0.02883	0.20814	0.05938	0.17756	0.00025	0.17897	0.11186	0.49212	0.07384	0.096	0.49424	0.22275	0.00025	0.00025	0.01789	0.06518	0.17965	0.03993	0.13265	0.0	0.0	0.41899	0.28553	0.05079	0.20474	0.0	0.02472	0.00025	0.13702	0.02825	0.32727	0.00025	0.16923	0.02825	0.02472	0.3023	0.00025	0.18017	0.22275	0.19191	0.00025	0.00025	0.00025	0.03555	0.0248	0.00025	0.13503	0.00025	0.00025	0.00025	0.00025	0.02472	0.04486	0.00025	0.00025	0.02125	0.33637	0.00025	0.00025	0.00939	0.203	0.06289	0.00025	0.17556	0.21319	0.03555	0.26858	0.18576	0.19693	0.16558	0.24072	0.20375	0.00025	0.00025	0.06669	0.07506	0.00025	0.00025	0.02825	0.1654	0.19339	0.00025	0.00025	0.00025	0.00025	0.00025	0.00025	0.22275	0.02825	0.00025	0.08099	0.0549	0.00025	0.03555	0.00025	0.00025	0.00025	0.06807	0.17042	0.00025	0.00025	0.00025	0.33637	0.06611	0.11132	
0.19749	0.14054	0.0	0.04085	0.04726	0.21001	0.12566	0.03538	0.23732	0.23549	0.29305	0.0	0.22558	0.1058	0.02592	0.13122	0.0	0.0	0.0	0.0	0.0	0.0	0.18279	0.34377	0.02257	0.04721	0.13253	0.09032	0.16367	0.30484	0.32997	0.08269	0.08345	8e-05	0.13654	0.20106	0.27061	0.33155	0.10857	0.00264	0.07963	0.02395	0.00107	0.02012	0.10468	0.10068	0.23138	8e-05	0.31403	0.1408	0.14439	0.13849	0.21972	0.41095	0.29611	8e-05	8e-05	0.01734	0.05977	0.20465	0.03697	0.05567	0.0	0.0	0.35679	0.16961	0.05943	0.13941	0.0	0.02327	8e-05	0.025	0.0272	0.23611	8e-05	0.27643	0.0272	0.02327	0.22804	8e-05	0.14258	0.29611	0.19049	8e-05	8e-05	8e-05	0.03347	0.02349	8e-05	0.16231	8e-05	8e-05	8e-05	8e-05	0.02327	0.07902	8e-05	8e-05	0.02067	0.29608	8e-05	8e-05	0.00917	0.06441	0.09173	8e-05	0.33115	0.16353	0.03347	0.3169	0.20636	0.28941	0.12533	0.4528	0.29226	8e-05	8e-05	0.14325	0.1564	8e-05	8e-05	0.0272	0.1256	0.22821	8e-05	8e-05	8e-05	8e-05	8e-05	8e-05	0.29611	0.0272	8e-05	0.11447	0.08966	8e-05	0.03347	8e-05	8e-05	8e-05	0.058	0.31536	8e-05	8e-05	8e-05	0.29608	0.03907	0.16633	
0.23744	0.15652	0.0	0.06663	0.05929	0.08801	0.09848	0.04842	0.1521	0.4137	0.40694	0.22558	0.0	0.21098	0.18993	0.03722	0.0	0.0	0.0	0.0	0.0	0.0	0.29802	0.45654	0.04433	0.07145	0.15099	0.17827	0.13996	0.26311	0.44207	0.04526	0.2284	4e-05	0.13395	0.26973	0.18952	0.31014	0.13681	0.00314	0.09202	0.1939	0.00132	0.0221	0.23858	0.10232	0.36658	4e-05	0.45734	0.1289	0.14186	0.22423	0.15718	0.55447	0.25445	4e-05	4e-05	0.01876	0.06737	0.21704	0.04103	0.07929	0.0	0.0	0.47662	0.34702	0.16195	0.11978	0.0	0.02547	4e-05	0.02704	0.02974	0.50928	4e-05	0.40278	0.02974	0.02547	0.26903	4e-05	0.1225	0.25445	0.21237	4e-05	4e-05	4e-05	0.03693	0.19225	4e-05	0.14586	4e-05	4e-05	4e-05	4e-05	0.02547	0.08948	4e-05	4e-05	0.02243	0.25442	4e-05	4e-05	0.00979	0.15591	0.19884	4e-05	0.1179	0.1515	0.03693	0.46685	0.49537	0.27876	0.29992	0.57369	0.5336	4e-05	4e-05	0.06769	0.05381	4e-05	4e-05	0.02974	0.11849	0.21371	4e-05	4e-05	4e-05	4e-05	4e-05	4e-05	0.25445	0.02974	4e-05	0.10844	0.10359	4e-05	0.03693	4e-05	4e-05	4e-05	0.09234	0.3319	4e-05	4e-05	4e-05	0.25442	0.16921	0.18171	
0.35407	0.11212	0.0	0.15515	0.17725	0.15115	0.17187	0.18987	0.2667	0.20256	0.52822	0.1058	0.21098	0.0	0.04256	0.04908	0.0	0.0	0.0	0.0	0.0	0.0	0.1586	0.28885	0.07353	0.05675	0.12807	0.3713	0.12848	0.23001	0.26883	0.0265	0.02739	9e-05	0.06959	0.12096	0.14683	0.31959	0.14501	0.01627	0.07884	0.17039	0.01939	0.0365	0.2499	0.13845	0.32008	9e-05	0.21916	0.12093	0.23789	0.02855	0.08307	0.29237	0.21942	9e-05	9e-05	0.02254	0.05946	0.59196	0.08246	0.11353	0.0	0.0	0.277	0.34115	0.06653	0.10332	0.0	0.168	9e-05	0.14814	0.03607	0.3204	9e-05	0.2048	0.03607	0.168	0.28589	9e-05	0.10567	0.21942	0.20672	9e-05	9e-05	9e-05	0.04525	0.03117	9e-05	0.13318	9e-05	9e-05	9e-05	9e-05	0.168	0.04797	9e-05	9e-05	0.027	0.21939	9e-05	9e-05	0.01166	0.14456	0.07893	9e-05	0.12478	0.29644	0.04525	0.18429	0.33078	0.28935	0.26341	0.16914	0.2671	9e-05	9e-05	0.01182	0.06357	9e-05	9e-05	0.03607	0.11621	0.20601	9e-05	9e-05	9e-05	9e-05	9e-05	9e-05	0.21942	0.03607	9e-05	0.10714	0.06358	9e-05	0.04525	9e-05	9e-05	9e-05	0.1015	0.19738	9e-05	9e-05	9e-05	0.21939	0.17231	0.12453	
0.11873	0.07243	0.0	0.11189	0.11301	0.09786	0.09785	0.21944	0.35009	1.66851	0.30929	0.02592	0.18993	0.04256	0.0	0.01544	0.0	0.0	0.0	0.0	0.0	0.0	0.16596	0.14228	0.05298	1.0279	1.35983	0.19061	0.67297	0.67679	0.12629	0.1905	0.18955	0.00018	0.18453	0.37149	0.15949	0.17131	0.07918	0.00028	0.03775	0.01902	0.00018	0.01225	0.06966	0.08887	0.46782	0.00018	0.02363	0.20438	0.46244	0.3235	0.07017	0.12023	0.66848	0.00018	0.00018	0.01432	0.04064	0.22853	0.02646	0.07378	0.0	0.0	0.13382	0.32249	0.05813	0.31473	0.0	0.01775	0.00018	0.21326	0.02147	0.14708	0.00018	0.02531	0.02147	0.01775	0.1827	0.00018	0.32187	0.66848	0.27145	0.00018	0.00018	0.00018	0.02493	1.00888	0.00018	0.26198	0.00018	0.00018	0.00018	0.00018	0.01775	0.02763	0.00018	0.00018	0.01698	0.66839	0.00018	0.00018	0.00811	0.09361	0.04309	0.00018	0.12932	0.22875	0.02493	0.32077	0.55894	0.37828	0.17874	0.29626	0.03786	0.00018	0.00018	0.125	0.03248	0.00018	0.00018	0.02147	0.17313	0.3132	0.00018	0.00018	0.00018	0.00018	0.00018	0.00018	0.66848	0.02147	0.00018	0.13921	0.04373	0.00018	0.02493	0.00018	0.00018	0.00018	0.03889	0.0445	0.00018	0.00018	0.00018	0.66839	0.03819	0.06228	
0.28225	0.13155	0.0	0.49941	0.28155	0.12552	0.33329	0.14049	0.90351	0.279	0.25365	0.13122	0.03722	0.04908	0.01544	0.0	0.0	0.0	0.0	0.0	0.0	0.0	0.15417	0.25937	0.0865	0.02762	0.15847	0.08763	0.2054	0.42895	0.11773	0.03646	0.03652	6e-05	0.0575	0.10864	0.17271	0.15629	0.08884	0.0003	0.04585	0.0198	6e-05	0.01294	0.07442	0.34963	0.03812	6e-05	0.02543	0.15834	0.36935	0.06459	0.10348	0.10261	0.42369	6e-05	6e-05	0.49371	0.04604	0.20656	0.18799	0.14425	0.0	0.0	0.12049	0.27423	0.10442	0.19945	0.0	0.01877	6e-05	0.13513	0.02249	0.13829	6e-05	0.02818	0.02249	0.01877	0.13935	6e-05	0.20398	0.42369	0.35758	6e-05	6e-05	6e-05	0.02688	0.01908	6e-05	0.19458	6e-05	6e-05	6e-05	6e-05	0.01877	0.03425	6e-05	6e-05	0.01737	0.42364	6e-05	6e-05	0.00785	0.10272	0.04865	6e-05	0.11762	0.18276	0.02688	0.20393	0.18365	0.96311	0.14404	0.22193	0.03988	6e-05	6e-05	0.10454	0.03467	6e-05	6e-05	0.02249	0.14178	0.25821	6e-05	6e-05	6e-05	6e-05	6e-05	6e-05	0.42369	0.02249	6e-05	0.1151	0.05603	6e-05	0.02688	6e-05	6e-05	6e-05	0.28618	0.23054	6e-05	6e-05	6e-05	0.42364	0.28343	0.18725	
0.0	0.0	0.0	0.0	0.0	0.0	0.0	0.0	0.0	0.0	0.0	0.0	0.0	0.0	0.0	0.0	0.0	0.0	0.0	0.0	0.0	0.0	0.0	0.0	0.0	0.0	0.0	0.0	0.0	0.0	0.0	0.0	0.0	0.0	0.0	0.0	0.0	0.0	0.0	0.0	0.0	0.0	0.0	0.0	0.0	0.0	0.0	0.0	0.0	0.0	0.0	0.0	0.0	0.0	0.0	0.0	0.0	0.0	0.0	0.0	0.0	0.0	0.0	0.0	0.0	0.0	0.0	0.0	0.0	0.0	0.0	0.0	0.0	0.0	0.0	0.0	0.0	0.0	0.0	0.0	0.0	0.0	0.0	0.0	0.0	0.0	0.0	0.0	0.0	0.0	0.0	0.0	0.0	0.0	0.0	0.0	0.0	0.0	0.0	0.0	0.0	0.0	0.0	0.0	0.0	0.0	0.0	0.0	0.0	0.0	0.0	0.0	0.0	0.0	0.0	0.0	0.0	0.0	0.0	0.0	0.0	0.0	0.0	0.0	0.0	0.0	0.0	0.0	0.0	0.0	0.0	0.0	0.0	0.0	0.0	0.0	0.0	0.0	0.0	0.0	0.0	0.0	0.0	0.0	0.0	0.0	0.0	0.0	
0.0	0.0	0.0	0.0	0.0	0.0	0.0	0.0	0.0	0.0	0.0	0.0	0.0	0.0	0.0	0.0	0.0	0.0	0.0	0.0	0.0	0.0	0.0	0.0	0.0	0.0	0.0	0.0	0.0	0.0	0.0	0.0	0.0	0.0	0.0	0.0	0.0	0.0	0.0	0.0	0.0	0.0	0.0	0.0	0.0	0.0	0.0	0.0	0.0	0.0	0.0	0.0	0.0	0.0	0.0	0.0	0.0	0.0	0.0	0.0	0.0	0.0	0.0	0.0	0.0	0.0	0.0	0.0	0.0	0.0	0.0	0.0	0.0	0.0	0.0	0.0	0.0	0.0	0.0	0.0	0.0	0.0	0.0	0.0	0.0	0.0	0.0	0.0	0.0	0.0	0.0	0.0	0.0	0.0	0.0	0.0	0.0	0.0	0.0	0.0	0.0	0.0	0.0	0.0	0.0	0.0	0.0	0.0	0.0	0.0	0.0	0.0	0.0	0.0	0.0	0.0	0.0	0.0	0.0	0.0	0.0	0.0	0.0	0.0	0.0	0.0	0.0	0.0	0.0	0.0	0.0	0.0	0.0	0.0	0.0	0.0	0.0	0.0	0.0	0.0	0.0	0.0	0.0	0.0	0.0	0.0	0.0	0.0	
0.0	0.0	0.0	0.0	0.0	0.0	0.0	0.0	0.0	0.0	0.0	0.0	0.0	0.0	0.0	0.0	0.0	0.0	0.0	0.0	0.0	0.0	0.0	0.0	0.0	0.0	0.0	0.0	0.0	0.0	0.0	0.0	0.0	0.0	0.0	0.0	0.0	0.0	0.0	0.0	0.0	0.0	0.0	0.0	0.0	0.0	0.0	0.0	0.0	0.0	0.0	0.0	0.0	0.0	0.0	0.0	0.0	0.0	0.0	0.0	0.0	0.0	0.0	0.0	0.0	0.0	0.0	0.0	0.0	0.0	0.0	0.0	0.0	0.0	0.0	0.0	0.0	0.0	0.0	0.0	0.0	0.0	0.0	0.0	0.0	0.0	0.0	0.0	0.0	0.0	0.0	0.0	0.0	0.0	0.0	0.0	0.0	0.0	0.0	0.0	0.0	0.0	0.0	0.0	0.0	0.0	0.0	0.0	0.0	0.0	0.0	0.0	0.0	0.0	0.0	0.0	0.0	0.0	0.0	0.0	0.0	0.0	0.0	0.0	0.0	0.0	0.0	0.0	0.0	0.0	0.0	0.0	0.0	0.0	0.0	0.0	0.0	0.0	0.0	0.0	0.0	0.0	0.0	0.0	0.0	0.0	0.0	0.0	
0.0	0.0	0.0	0.0	0.0	0.0	0.0	0.0	0.0	0.0	0.0	0.0	0.0	0.0	0.0	0.0	0.0	0.0	0.0	0.0	0.0	0.0	0.0	0.0	0.0	0.0	0.0	0.0	0.0	0.0	0.0	0.0	0.0	0.0	0.0	0.0	0.0	0.0	0.0	0.0	0.0	0.0	0.0	0.0	0.0	0.0	0.0	0.0	0.0	0.0	0.0	0.0	0.0	0.0	0.0	0.0	0.0	0.0	0.0	0.0	0.0	0.0	0.0	0.0	0.0	0.0	0.0	0.0	0.0	0.0	0.0	0.0	0.0	0.0	0.0	0.0	0.0	0.0	0.0	0.0	0.0	0.0	0.0	0.0	0.0	0.0	0.0	0.0	0.0	0.0	0.0	0.0	0.0	0.0	0.0	0.0	0.0	0.0	0.0	0.0	0.0	0.0	0.0	0.0	0.0	0.0	0.0	0.0	0.0	0.0	0.0	0.0	0.0	0.0	0.0	0.0	0.0	0.0	0.0	0.0	0.0	0.0	0.0	0.0	0.0	0.0	0.0	0.0	0.0	0.0	0.0	0.0	0.0	0.0	0.0	0.0	0.0	0.0	0.0	0.0	0.0	0.0	0.0	0.0	0.0	0.0	0.0	0.0	
0.0	0.0	0.0	0.0	0.0	0.0	0.0	0.0	0.0	0.0	0.0	0.0	0.0	0.0	0.0	0.0	0.0	0.0	0.0	0.0	0.0	0.0	0.0	0.0	0.0	0.0	0.0	0.0	0.0	0.0	0.0	0.0	0.0	0.0	0.0	0.0	0.0	0.0	0.0	0.0	0.0	0.0	0.0	0.0	0.0	0.0	0.0	0.0	0.0	0.0	0.0	0.0	0.0	0.0	0.0	0.0	0.0	0.0	0.0	0.0	0.0	0.0	0.0	0.0	0.0	0.0	0.0	0.0	0.0	0.0	0.0	0.0	0.0	0.0	0.0	0.0	0.0	0.0	0.0	0.0	0.0	0.0	0.0	0.0	0.0	0.0	0.0	0.0	0.0	0.0	0.0	0.0	0.0	0.0	0.0	0.0	0.0	0.0	0.0	0.0	0.0	0.0	0.0	0.0	0.0	0.0	0.0	0.0	0.0	0.0	0.0	0.0	0.0	0.0	0.0	0.0	0.0	0.0	0.0	0.0	0.0	0.0	0.0	0.0	0.0	0.0	0.0	0.0	0.0	0.0	0.0	0.0	0.0	0.0	0.0	0.0	0.0	0.0	0.0	0.0	0.0	0.0	0.0	0.0	0.0	0.0	0.0	0.0	
0.0	0.0	0.0	0.0	0.0	0.0	0.0	0.0	0.0	0.0	0.0	0.0	0.0	0.0	0.0	0.0	0.0	0.0	0.0	0.0	0.0	0.0	0.0	0.0	0.0	0.0	0.0	0.0	0.0	0.0	0.0	0.0	0.0	0.0	0.0	0.0	0.0	0.0	0.0	0.0	0.0	0.0	0.0	0.0	0.0	0.0	0.0	0.0	0.0	0.0	0.0	0.0	0.0	0.0	0.0	0.0	0.0	0.0	0.0	0.0	0.0	0.0	0.0	0.0	0.0	0.0	0.0	0.0	0.0	0.0	0.0	0.0	0.0	0.0	0.0	0.0	0.0	0.0	0.0	0.0	0.0	0.0	0.0	0.0	0.0	0.0	0.0	0.0	0.0	0.0	0.0	0.0	0.0	0.0	0.0	0.0	0.0	0.0	0.0	0.0	0.0	0.0	0.0	0.0	0.0	0.0	0.0	0.0	0.0	0.0	0.0	0.0	0.0	0.0	0.0	0.0	0.0	0.0	0.0	0.0	0.0	0.0	0.0	0.0	0.0	0.0	0.0	0.0	0.0	0.0	0.0	0.0	0.0	0.0	0.0	0.0	0.0	0.0	0.0	0.0	0.0	0.0	0.0	0.0	0.0	0.0	0.0	0.0	
0.11163	0.32538	0.0	0.06346	0.0702	0.04818	0.10012	0.04596	0.24298	0.3541	0.3297	0.18279	0.29802	0.1586	0.16596	0.15417	0.0	0.0	0.0	0.0	0.0	0.0	0.0	0.47615	0.08711	0.05633	0.13266	0.11879	0.34432	0.47919	0.59832	0.11189	0.11264	4e-05	0.13718	0.17107	0.19035	0.21154	0.09559	0.00199	0.08465	0.03004	0.00199	0.02591	0.22184	0.22533	0.17741	4e-05	0.19082	0.34414	0.32638	0.05814	0.06345	0.37864	0.42749	4e-05	4e-05	0.02146	0.06427	0.36575	0.04789	0.11853	0.0	0.0	0.56444	0.42882	0.0442	0.10808	0.0	0.02942	4e-05	0.03075	0.02398	0.40748	4e-05	0.23583	0.02398	0.02942	0.19653	4e-05	0.40797	0.42749	0.33894	4e-05	4e-05	4e-05	0.20443	0.02963	4e-05	0.44519	4e-05	4e-05	4e-05	4e-05	0.02942	0.05573	4e-05	4e-05	0.02567	0.51433	4e-05	4e-05	0.01112	0.05427	0.16765	4e-05	0.2611	0.36287	0.20443	0.17721	0.12273	0.41678	0.33986	0.28679	0.19434	4e-05	4e-05	0.19425	0.07072	4e-05	4e-05	0.02398	0.35267	0.55173	4e-05	4e-05	4e-05	4e-05	4e-05	4e-05	0.42749	0.02398	4e-05	0.27284	0.09672	4e-05	0.20443	4e-05	4e-05	4e-05	0.08274	0.18137	4e-05	4e-05	4e-05	0.51433	0.03993	0.20441	
0.25734	0.15903	0.0	0.06656	0.0615	0.17303	0.09282	0.03665	0.17093	0.26617	0.39082	0.34377	0.45654	0.28885	0.14228	0.25937	0.0	0.0	0.0	0.0	0.0	0.0	0.47615	0.0	0.1179	0.04837	0.15561	0.1966	0.23462	0.29626	0.36942	0.09527	0.09563	4e-05	0.12254	0.08115	0.10075	0.33015	0.20646	0.00164	0.07807	0.02529	0.00164	0.02145	0.18613	0.19102	0.15493	4e-05	0.15218	0.18494	0.26573	0.10206	0.1359	0.56211	0.29836	4e-05	4e-05	0.10588	0.05908	0.32194	0.05423	0.13905	0.0	0.0	0.3674	0.36017	0.04276	0.15336	0.0	0.02503	4e-05	0.02536	0.02309	0.38577	4e-05	0.14715	0.02309	0.02503	0.22322	4e-05	0.29328	0.29836	0.26038	4e-05	4e-05	4e-05	0.06808	0.02513	4e-05	0.29895	4e-05	4e-05	4e-05	4e-05	0.02503	0.06291	4e-05	4e-05	0.02147	0.40692	4e-05	4e-05	0.0092	0.17807	0.05903	4e-05	0.17435	0.28156	0.06808	0.36886	0.23028	0.29787	0.26441	0.43548	0.42466	4e-05	4e-05	0.08434	0.06343	4e-05	4e-05	0.02309	0.2736	0.29636	4e-05	4e-05	4e-05	4e-05	4e-05	4e-05	0.29836	0.02309	4e-05	0.18747	0.12232	4e-05	0.06808	4e-05	4e-05	4e-05	0.07735	0.15369	4e-05	4e-05	4e-05	0.40692	0.06655	0.27672	
0.12224	0.03314	0.0	0.04296	0.0286	0.00742	0.0727	0.05131	0.07324	0.02797	0.06234	0.02257	0.04433	0.07353	0.05298	0.0865	0.0	0.0	0.0	0.0	0.0	0.0	0.08711	0.1179	0.0	0.07391	0.11018	0.09995	0.17886	0.0088	0.1451	0.01992	0.00384	5e-05	0.00493	0.03129	0.03287	0.05185	0.00136	0.00259	0.0355	0.07453	0.00259	0.03478	0.02369	0.01807	0.11002	5e-05	0.05364	0.02097	0.14223	0.03441	0.00214	0.00308	0.00433	5e-05	5e-05	0.02866	0.08945	0.04105	0.06336	0.19001	0.0	0.0	0.13781	0.10218	0.04042	0.05413	0.0	0.0394	5e-05	0.03987	0.03612	0.1299	5e-05	0.06795	0.03612	0.0394	0.20434	5e-05	0.103	0.00433	0.15451	5e-05	5e-05	5e-05	0.10823	0.03955	5e-05	0.00494	5e-05	5e-05	5e-05	5e-05	0.0394	0.00316	5e-05	5e-05	0.06327	0.11567	5e-05	5e-05	0.01506	0.10972	0.00663	5e-05	0.12204	0.13365	0.10823	0.07057	0.17385	0.04253	0.15968	0.09402	0.10364	5e-05	5e-05	0.12336	0.10327	5e-05	5e-05	0.03612	0.11176	0.08268	5e-05	5e-05	5e-05	5e-05	5e-05	5e-05	0.00433	0.03612	5e-05	0.00076	0.01977	5e-05	0.10823	5e-05	5e-05	5e-05	0.10064	0.06066	5e-05	5e-05	5e-05	0.11567	0.08145	0.13294	
0.04097	0.03025	0.0	0.18904	0.19592	0.00321	0.15167	0.31325	0.18117	0.17896	0.05722	0.04721	0.07145	0.05675	1.0279	0.02762	0.0	0.0	0.0	0.0	0.0	0.0	0.05633	0.04837	0.07391	0.0	0.56834	0.1281	0.19164	0.03754	0.03765	0.29105	0.29007	0.00017	0.27984	0.32367	0.2164	0.04871	0.07756	0.06998	0.04857	0.01541	0.06998	0.04802	0.04508	0.05311	0.56941	0.00017	0.01986	0.0419	0.05724	0.22687	0.12303	0.04938	0.03465	0.00017	0.00017	0.01157	0.03313	0.04856	0.02284	0.05758	0.0	0.0	0.03226	0.02335	0.04732	0.02023	0.0	0.01524	0.00017	0.31624	0.02308	0.04962	0.00017	0.02184	0.02308	0.01524	0.13836	0.00017	0.02006	0.03465	0.05126	0.00017	0.00017	0.00017	0.02078	0.31564	0.00017	0.03549	0.00017	0.00017	0.00017	0.00017	0.01524	0.03946	0.00017	0.00017	0.01347	0.03006	0.00017	0.00017	0.00652	0.00072	0.03566	0.00017	0.03322	0.03793	0.02078	0.02482	0.66508	0.07246	0.02675	0.01874	0.03979	0.00017	0.00017	0.08551	0.03572	0.00017	0.00017	0.02308	0.03196	0.0422	0.00017	0.00017	0.00017	0.00017	0.00017	0.00017	0.03465	0.02308	0.00017	0.04224	0.06262	0.00017	0.02078	0.00017	0.00017	0.00017	0.03342	0.0381	0.00017	0.00017	0.00017	0.03006	0.03284	0.07283	
0.23766	0.08351	0.0	0.15752	0.15838	0.04413	0.14637	0.19709	0.27018	0.31506	0.30295	0.13253	0.15099	0.12807	1.35983	0.15847	0.0	0.0	0.0	0.0	0.0	0.0	0.13266	0.15561	0.11018	0.56834	0.0	0.24695	0.35974	0.20306	0.05219	0.22523	0.2247	0.00019	0.24206	0.29468	0.19943	0.33278	0.11752	0.03131	0.06113	0.01904	0.03131	0.03573	0.07399	0.13329	0.41335	0.00019	0.02537	0.16868	0.29841	0.20668	0.13477	0.14851	0.20261	0.00019	0.00019	0.01384	0.04256	0.15767	0.02974	0.08919	0.0	0.0	0.04743	0.22006	0.06739	0.45204	0.0	0.01884	0.00019	0.19578	0.02135	0.26024	0.00019	0.02914	0.02135	0.01884	0.26562	0.00019	0.02558	0.20261	0.16983	0.00019	0.00019	0.00019	0.02668	0.19541	0.00019	0.20333	0.00019	0.00019	0.00019	0.00019	0.01884	0.04519	0.00019	0.00019	0.01636	0.33508	0.00019	0.00019	0.0074	0.04664	0.0491	0.00019	0.2913	0.19371	0.02668	0.45766	0.76287	0.20374	0.03717	0.11265	0.18942	0.00019	0.00019	0.12904	0.20641	0.00019	0.00019	0.02135	0.03898	0.17161	0.00019	0.00019	0.00019	0.00019	0.00019	0.00019	0.20261	0.02135	0.00019	0.17007	0.09103	0.00019	0.02668	0.00019	0.00019	0.00019	0.04819	0.05587	0.00019	0.00019	0.00019	0.33508	0.04699	0.14535	
0.21278	0.09714	0.0	0.11373	0.10319	0.04811	0.16015	0.06773	0.09608	0.17439	0.30134	0.09032	0.17827	0.3713	0.19061	0.08763	0.0	0.0	0.0	0.0	0.0	0.0	0.11879	0.1966	0.09995	0.1281	0.24695	0.0	0.25138	0.12336	0.18011	0.04401	0.04826	5e-05	0.11762	0.07269	0.03812	0.22966	0.04618	0.00423	0.18622	0.03733	0.00423	0.02887	0.10306	0.18074	0.22867	5e-05	0.08755	0.05741	0.29924	0.07441	0.02115	0.18454	0.12622	5e-05	5e-05	0.02625	0.12631	0.20952	0.06418	0.26767	0.0	0.0	0.17623	0.21073	0.04414	0.16092	0.0	0.10689	5e-05	0.062	0.16501	0.15821	5e-05	0.0922	0.16501	0.10689	0.19958	5e-05	0.08814	0.12622	0.16244	5e-05	5e-05	5e-05	0.05467	0.06178	5e-05	0.1267	5e-05	5e-05	5e-05	5e-05	0.10689	0.06969	5e-05	5e-05	0.03153	0.21483	5e-05	5e-05	0.06463	0.19379	0.03319	5e-05	0.18483	0.40151	0.05467	0.1778	0.22242	0.26796	0.10541	0.16081	0.16882	5e-05	5e-05	0.13268	0.15667	5e-05	5e-05	0.16501	0.22625	0.14065	5e-05	5e-05	5e-05	5e-05	5e-05	5e-05	0.12622	0.16501	5e-05	0.16834	0.03171	5e-05	0.05467	5e-05	5e-05	5e-05	0.11521	0.1414	5e-05	5e-05	5e-05	0.21483	0.11106	0.15765	
0.13587	0.12763	0.0	0.1158	0.10983	0.04053	0.13821	0.09481	0.21683	0.36068	0.33279	0.16367	0.13996	0.12848	0.67297	0.2054	0.0	0.0	0.0	0.0	0.0	0.0	0.34432	0.23462	0.17886	0.19164	0.35974	0.25138	0.0	0.29393	0.37621	0.05011	0.05008	0.00012	0.10856	0.19499	0.13249	0.24747	0.05391	0.00717	0.11474	0.03128	0.00717	0.0265	0.24025	0.10507	0.17878	0.00012	0.04248	0.29579	0.57756	0.10575	0.06116	0.11694	0.29496	0.00012	0.00012	0.02233	0.01517	0.23789	0.05037	0.15729	0.0	0.0	0.29001	0.28037	0.12506	0.13051	0.0	0.03087	0.00012	0.09148	0.06799	0.25097	0.00012	0.0621	0.06799	0.03087	0.24935	0.00012	0.36267	0.29496	0.2556	0.00012	0.00012	0.00012	0.03574	0.09093	0.00012	0.29409	0.00012	0.00012	0.00012	0.00012	0.03087	0.07373	0.00012	0.00012	0.02665	0.42157	0.00012	0.00012	0.03199	0.07325	0.06918	0.00012	0.13494	0.27721	0.03574	0.13065	0.32028	0.33055	0.31554	0.2631	0.0563	0.00012	0.00012	0.22379	0.10238	0.00012	0.00012	0.06799	0.37985	0.2719	0.00012	0.00012	0.00012	0.00012	0.00012	0.00012	0.29496	0.06799	0.00012	0.33384	0.10015	0.00012	0.03574	0.00012	0.00012	0.00012	0.08759	0.10359	0.00012	0.00012	0.00012	0.42157	0.07088	0.10707	
0.1687	0.06457	0.0	0.04861	0.04393	0.11617	0.06636	0.0317	0.3973	0.67922	0.21702	0.30484	0.26311	0.23001	0.67679	0.42895	0.0	0.0	0.0	0.0	0.0	0.0	0.47919	0.29626	0.0088	0.03754	0.20306	0.12336	0.29393	0.0	0.29404	0.06765	0.06806	0.00025	0.07704	0.11535	0.11076	0.28575	0.1506	0.00241	0.05871	0.02154	0.00241	0.01915	0.10465	0.29566	0.05192	0.00025	0.02814	1.00415	0.3736	0.08408	0.11975	0.39302	1.00236	0.00025	0.00025	0.01591	0.04447	0.47209	0.03259	0.08415	0.0	0.0	0.18628	0.42421	0.07156	0.29514	0.0	0.02117	0.00025	0.02208	0.02378	0.31293	0.00025	0.05674	0.02378	0.02117	0.07593	0.00025	0.29479	1.00236	0.5381	0.00025	0.00025	0.00025	0.03433	0.02129	0.00025	1.00049	0.00025	0.00025	0.00025	0.00025	0.02117	0.05572	0.00025	0.00025	0.0187	0.78761	0.00025	0.00025	0.00873	0.12212	0.04552	0.00025	0.20826	0.44367	0.03433	0.2919	0.07473	0.75511	0.22396	0.27093	0.06137	0.00025	0.00025	0.11574	0.0695	0.00025	0.00025	0.02378	0.24262	0.73175	0.00025	0.00025	0.00025	0.00025	0.00025	0.00025	1.00236	0.02378	0.00025	0.55685	0.02303	0.00025	0.03433	0.00025	0.00025	0.00025	0.0502	0.05781	0.00025	0.00025	0.00025	0.78761	0.04593	0.05342	
0.14771	0.25874	0.0	0.04636	0.04162	0.12771	0.06639	0.02502	0.14713	0.15909	0.39741	0.32997	0.44207	0.26883	0.12629	0.11773	0.0	0.0	0.0	0.0	0.0	0.0	0.59832	0.36942	0.1451	0.03765	0.05219	0.18011	0.37621	0.29404	0.0	0.06315	0.06334	7e-05	0.06872	0.18757	0.23036	0.23831	0.14134	0.00618	0.11873	0.01817	0.00116	0.01527	0.29945	0.12661	0.27677	7e-05	0.35607	0.17814	0.25935	0.11595	0.12729	0.27546	0.17564	7e-05	7e-05	0.01306	0.03648	0.15011	0.02897	0.09201	0.0	0.0	0.59633	0.25633	0.13812	0.0247	0.0	0.01804	7e-05	0.01819	0.04356	0.29149	7e-05	0.40485	0.04356	0.01804	0.25845	7e-05	0.35748	0.17564	0.15966	7e-05	7e-05	7e-05	0.07456	0.01809	7e-05	0.1616	7e-05	7e-05	7e-05	7e-05	0.01804	0.12836	7e-05	7e-05	0.01551	0.28663	7e-05	7e-05	0.00684	0.08622	0.221	7e-05	0.07881	0.27403	0.07456	0.12832	0.1707	0.1854	0.29648	0.34463	0.16678	7e-05	7e-05	0.09397	0.03868	7e-05	7e-05	0.04356	0.32148	0.19607	7e-05	7e-05	7e-05	7e-05	7e-05	7e-05	0.17564	0.04356	7e-05	0.13276	0.17409	7e-05	0.07456	7e-05	7e-05	7e-05	0.04864	0.27284	7e-05	7e-05	7e-05	0.28663	0.06415	0.14088	
0.04949	0.05232	0.0	0.12183	0.14442	0.00392	0.1192	0.18816	0.15127	0.12578	0.04548	0.08269	0.04526	0.0265	0.1905	0.03646	0.0	0.0	0.0	0.0	0.0	0.0	0.11189	0.09527	0.01992	0.29105	0.22523	0.04401	0.05011	0.06765	0.06315	0.0	0.21702	6e-05	0.31416	0.11108	0.03967	0.09331	0.16558	0.01128	0.03894	0.02372	0.01506	0.02626	0.07892	0.01041	0.22592	6e-05	0.03144	0.07081	0.03917	0.1212	0.05695	0.0849	0.05744	6e-05	6e-05	0.01738	0.00645	0.0576	0.03876	0.0553	0.0	0.0	0.0565	0.11032	0.08155	0.03165	0.0	0.13877	6e-05	0.13948	0.02667	0.09111	6e-05	0.03568	0.02667	0.13877	0.03971	6e-05	0.03159	0.05744	0.04061	6e-05	6e-05	6e-05	0.033	0.13932	6e-05	0.06631	6e-05	6e-05	6e-05	6e-05	0.13877	0.00081	6e-05	6e-05	0.11792	0.05092	6e-05	6e-05	0.00936	0.00062	0.00109	6e-05	0.05827	0.02893	0.033	0.03899	0.30816	0.09009	0.04492	0.02545	0.06812	6e-05	6e-05	0.02574	0.06545	6e-05	6e-05	0.02667	0.04709	0.07426	6e-05	6e-05	6e-05	6e-05	6e-05	6e-05	0.05744	0.02667	6e-05	0.07973	0.00641	6e-05	0.033	6e-05	6e-05	6e-05	0.04198	0.06681	6e-05	6e-05	6e-05	0.05092	0.05649	0.06346	
0.04964	0.07391	0.0	0.12169	0.1207	0.01911	0.11927	0.36835	0.20528	0.12569	0.04553	0.08345	0.2284	0.02739	0.18955	0.03652	0.0	0.0	0.0	0.0	0.0	0.0	0.11264	0.09563	0.00384	0.29007	0.2247	0.04826	0.05008	0.06806	0.06334	0.21702	0.0	9e-05	0.42896	0.17038	0.08985	0.09324	0.01419	0.01025	0.05961	0.13966	0.01386	0.02543	0.036	0.09481	0.2253	9e-05	0.03153	0.07101	0.03921	0.07382	0.05736	0.08514	0.0576	9e-05	9e-05	0.01744	0.05779	0.0581	0.03685	0.00554	0.0	0.0	0.05666	0.11103	0.08178	0.03175	0.0	0.02364	9e-05	0.13905	0.02675	0.04865	9e-05	0.03578	0.02675	0.02364	0.03959	9e-05	0.03169	0.0576	0.10307	9e-05	9e-05	9e-05	0.03309	0.13889	9e-05	0.0665	9e-05	9e-05	9e-05	9e-05	0.02364	0.00079	9e-05	9e-05	0.11756	0.05107	9e-05	9e-05	0.00941	0.04819	0.00108	9e-05	0.05844	0.06637	0.03309	0.0394	0.7739	0.09046	0.12078	0.02082	0.05706	9e-05	9e-05	0.00129	0.06563	9e-05	9e-05	0.02675	0.04723	0.07448	9e-05	9e-05	9e-05	9e-05	9e-05	9e-05	0.0576	0.02675	9e-05	0.07996	0.1214	9e-05	0.03309	9e-05	9e-05	9e-05	0.05643	0.02851	9e-05	9e-05	9e-05	0.05107	0.12232	0.02688	
6e-05	0.00011	0.0	0.00024	0.0003	0.00014	0.0002	0.00076	0.00033	0.00013	0.00025	8e-05	4e-05	9e-05	0.00018	6e-05	0.0	0.0	0.0	0.0	0.0	0.0	4e-05	4e-05	5e-05	0.00017	0.00019	5e-05	0.00012	0.00025	7e-05	6e-05	9e-05	0.0	5e-05	6e-05	0.00012	0.00013	9e-05	0.0	6e-05	0.00015	0.0	0.00031	2e-05	4e-05	7e-05	0.0	0.00014	0.00016	0.00024	4e-05	5e-05	0.0001	0.0002	0.0	0.0	0.00021	0.00013	8e-05	0.0002	2e-05	0.0	0.0	2e-05	8e-05	0.0001	0.00031	0.0	0.0003	0.0	0.00069	0.00015	7e-05	0.0	7e-05	0.00015	0.0003	8e-05	0.0	0.00014	0.0002	9e-05	0.0	0.0	0.0	0.00012	0.00022	0.0	0.00031	0.0	0.0	0.0	0.0	0.0003	0.00014	0.0	0.0	0.00017	0.00015	0.0	0.0	0.00046	7e-05	7e-05	0.0	0.00011	5e-05	0.00012	0.00031	0.00013	0.00015	5e-05	3e-05	8e-05	0.0	0.0	7e-05	0.0001	0.0	0.0	0.00015	6e-05	0.0001	0.0	0.0	0.0	0.0	0.0	0.0	0.0002	0.00015	0.0	0.00018	7e-05	0.0	0.00012	0.0	0.0	0.0	3e-05	4e-05	0.0	0.0	0.0	0.00015	4e-05	1e-05	
0.07131	0.08024	0.0	0.12967	0.12535	0.00354	0.22337	0.1985	0.18574	0.1406	0.08688	0.13654	0.13395	0.06959	0.18453	0.0575	0.0	0.0	0.0	0.0	0.0	0.0	0.13718	0.12254	0.00493	0.27984	0.24206	0.11762	0.10856	0.07704	0.06872	0.31416	0.42896	5e-05	0.0	0.22697	0.14286	0.0759	0.16628	0.01374	0.06775	0.11714	0.01245	0.09765	0.05339	0.12718	0.2359	5e-05	0.03623	0.08898	0.06257	0.08101	0.05563	0.10891	0.07051	5e-05	5e-05	0.019	0.04668	0.09879	0.043	0.05014	0.0	0.0	0.07402	0.07211	0.04455	0.03646	0.0	0.02641	5e-05	0.11699	0.01953	0.0922	5e-05	0.04262	0.01953	0.02641	0.18923	5e-05	0.03642	0.07051	0.0735	5e-05	5e-05	5e-05	0.0382	0.11688	5e-05	0.0383	5e-05	5e-05	5e-05	5e-05	0.02641	0.00673	5e-05	5e-05	0.09765	0.0643	5e-05	5e-05	0.00984	0.01229	0.03329	5e-05	0.10806	0.08651	0.0382	0.04592	0.55757	0.10689	0.12168	0.06633	0.07927	5e-05	5e-05	0.00896	0.0445	5e-05	5e-05	0.01953	0.04606	0.09854	5e-05	5e-05	5e-05	5e-05	5e-05	5e-05	0.07051	0.01953	5e-05	0.05035	0.06304	5e-05	0.0382	5e-05	5e-05	5e-05	0.07124	0.06081	5e-05	5e-05	5e-05	0.0643	0.13065	0.08654	
0.09421	0.07718	0.0	0.08807	0.2052	0.07272	0.11983	0.08456	0.12414	0.31949	0.06176	0.20106	0.26973	0.12096	0.37149	0.10864	0.0	0.0	0.0	0.0	0.0	0.0	0.17107	0.08115	0.03129	0.32367	0.29468	0.07269	0.19499	0.11535	0.18757	0.11108	0.17038	6e-05	0.22697	0.0	0.27154	0.06857	0.06955	6e-05	0.12772	0.04224	6e-05	0.02912	0.10064	0.05001	0.36938	6e-05	0.12005	0.11282	0.1258	0.24688	0.08907	0.03019	0.11811	6e-05	6e-05	0.02999	0.01311	0.13411	0.02278	0.07524	0.0	0.0	0.16802	0.12284	0.08846	0.05886	0.0	0.08431	6e-05	0.06928	0.03138	0.21144	6e-05	0.14019	0.03138	0.08431	0.12793	6e-05	0.05841	0.11811	0.12367	6e-05	6e-05	6e-05	0.11274	0.31075	6e-05	0.11357	6e-05	6e-05	6e-05	6e-05	0.08431	0.13624	6e-05	6e-05	0.03596	0.10542	6e-05	6e-05	0.01543	0.05092	0.03412	6e-05	0.15194	0.05821	0.11274	0.06724	0.49109	0.18245	0.08994	0.11521	0.03746	6e-05	6e-05	0.05504	0.11147	6e-05	6e-05	0.03138	0.07989	0.19316	6e-05	6e-05	6e-05	6e-05	6e-05	6e-05	0.11811	0.03138	6e-05	0.14695	0.03542	6e-05	0.11274	6e-05	6e-05	6e-05	0.06456	0.10191	6e-05	6e-05	6e-05	0.10542	0.04386	0.08342	
0.1131	0.01901	0.0	0.12409	0.30341	0.03288	0.12752	0.11449	0.10284	0.17362	0.05151	0.27061	0.18952	0.14683	0.15949	0.17271	0.0	0.0	0.0	0.0	0.0	0.0	0.19035	0.10075	0.03287	0.2164	0.19943	0.03812	0.13249	0.11076	0.23036	0.03967	0.08985	0.00012	0.14286	0.27154	0.0	0.04351	0.06889	0.00012	0.15543	0.04351	0.00012	0.02991	0.06407	0.07223	0.33734	0.00012	0.18441	0.10442	0.1092	0.11794	0.05607	0.01614	0.1156	0.00012	0.00012	0.09202	0.00541	0.12337	0.22533	0.04616	0.0	0.0	0.16298	0.07468	0.04849	0.06002	0.0	0.12924	0.00012	0.09706	0.03046	0.12849	0.00012	0.21037	0.03046	0.12924	0.13257	0.00012	0.05923	0.1156	0.10066	0.00012	0.00012	0.00012	0.15793	0.10598	0.00012	0.10709	0.00012	0.00012	0.00012	0.00012	0.12924	0.15768	0.00012	0.00012	0.03746	0.10012	0.00012	0.00012	0.01662	0.00647	0.04252	0.00012	0.1608	0.04876	0.15793	0.0767	0.36953	0.18611	0.08602	0.0768	0.03477	0.00012	0.00012	0.06891	0.10465	0.00012	0.00012	0.03046	0.07503	0.20241	0.00012	0.00012	0.00012	0.00012	0.00012	0.00012	0.1156	0.03046	0.00012	0.13767	0.0071	0.00012	0.15793	0.00012	0.00012	0.00012	0.01803	0.20443	0.00012	0.00012	0.00012	0.10012	0.1672	0.08252	
0.3913	0.18708	0.0	0.11534	0.10626	0.12863	0.18715	0.08184	0.20194	0.25653	0.57602	0.33155	0.31014	0.31959	0.17131	0.15629	0.0	0.0	0.0	0.0	0.0	0.0	0.21154	0.33015	0.05185	0.04871	0.33278	0.22966	0.24747	0.28575	0.23831	0.09331	0.09324	0.00013	0.0759	0.06857	0.04351	0.0	0.33662	0.00013	0.09683	0.03324	0.00013	0.06092	0.20699	0.104	0.13819	0.00013	0.12495	0.16209	0.38275	0.06896	0.09777	0.39412	0.28893	0.00013	0.00013	0.02369	0.01549	0.23862	0.05365	0.19978	0.0	0.0	0.2367	0.37995	0.04907	0.36261	0.0	0.03278	0.00013	0.06879	0.02797	0.27066	0.00013	0.12248	0.02797	0.03278	0.18282	0.00013	0.12595	0.28893	0.25615	0.00013	0.00013	0.00013	0.04776	0.03294	0.00013	0.28742	0.00013	0.00013	0.00013	0.00013	0.03278	0.08218	0.00013	0.00013	0.02831	0.41569	0.00013	0.00013	0.01226	0.33587	0.02836	0.00013	0.32209	0.27409	0.04776	0.43146	0.20249	0.28111	0.12741	0.1804	0.26744	0.00013	0.00013	0.0708	0.164	0.00013	0.00013	0.02797	0.12842	0.25314	0.00013	0.00013	0.00013	0.00013	0.00013	0.00013	0.28893	0.02797	0.00013	0.16275	0.03758	0.00013	0.04776	0.00013	0.00013	0.00013	0.09403	0.14737	0.00013	0.00013	0.00013	0.41569	0.09111	0.17628	
0.13559	0.08635	0.0	0.06854	0.16055	0.1447	0.10776	0.10005	0.1151	0.15912	0.22315	0.10857	0.13681	0.14501	0.07918	0.08884	0.0	0.0	0.0	0.0	0.0	0.0	0.09559	0.20646	0.00136	0.07756	0.11752	0.04618	0.05391	0.1506	0.14134	0.16558	0.01419	9e-05	0.16628	0.06955	0.06889	0.33662	0.0	9e-05	0.16962	0.05656	9e-05	0.03991	0.28128	0.06945	0.11559	9e-05	0.0769	0.05192	0.1501	0.12514	0.05575	0.25608	0.15507	9e-05	9e-05	0.04181	0.01752	0.12297	0.09472	0.10259	0.0	0.0	0.15745	0.11639	0.01871	0.07787	0.0	0.05778	9e-05	0.08823	0.04695	0.31496	9e-05	0.08431	0.04695	0.05778	0.04173	9e-05	0.07758	0.15507	0.11066	9e-05	9e-05	9e-05	0.08414	0.05805	9e-05	0.15349	9e-05	9e-05	9e-05	9e-05	0.05778	0.13839	9e-05	9e-05	0.04986	0.13694	9e-05	9e-05	0.02177	0.12617	0.00133	9e-05	0.13077	0.05995	0.08414	0.10775	0.15848	0.18573	0.11758	0.0981	0.18592	9e-05	9e-05	0.00716	0.02724	9e-05	9e-05	0.04695	0.09792	0.16784	9e-05	9e-05	9e-05	9e-05	9e-05	9e-05	0.15507	0.04695	9e-05	0.05189	0.00993	9e-05	0.08414	9e-05	9e-05	9e-05	0.06653	0.05379	9e-05	9e-05	9e-05	0.13694	0.13264	0.03159	
0.0075	0.00171	0.0	0.14743	0.16499	0.0002	0.08672	0.0	0.11694	0.00287	0.01277	0.00264	0.00314	0.01627	0.00028	0.0003	0.0	0.0	0.0	0.0	0.0	0.0	0.00199	0.00164	0.00259	0.06998	0.03131	0.00423	0.00717	0.00241	0.00618	0.01128	0.01025	0.0	0.01374	6e-05	0.00012	0.00013	9e-05	0.0	0.01077	0.00149	0.0	0.0002	0.00033	0.00348	0.02804	0.0	0.0013	0.00382	0.0204	0.01309	0.00944	0.00391	0.00351	0.0	0.0	0.00115	0.00235	0.00298	0.00108	0.00314	0.0	0.0	0.0018	0.00409	0.0024	0.00293	0.0	0.00077	0.0	0.0	0.02674	0.00324	0.0	0.00126	0.02674	0.00077	0.0039	0.0	0.00211	0.00351	0.00367	0.0	0.0	0.0	0.0015	0.00096	0.0	0.00024	0.0	0.0	0.0	0.0	0.00077	0.04136	0.0	0.0	0.0016	0.00274	0.0	0.0	0.00081	0.00541	0.0022	0.0	0.00209	0.00259	0.0015	0.00345	0.03117	0.01056	0.00192	0.00464	0.00294	0.0	0.0	0.00511	0.00063	0.0	0.0	0.02674	0.0108	0.00313	0.0	0.0	0.0	0.0	0.0	0.0	0.00351	0.02674	0.0	9e-05	7e-05	0.0	0.0015	0.0	0.0	0.0	0.00182	0.00184	0.0	0.0	0.0	0.00274	0.00177	0.00451	
