0.0	0.14124	0.22625	0.09027	3e-05	3e-05	3e-05	3e-05	3e-05	0.14535	3e-05	0.01525	0.10789	0.0344	0.0	0.01115	0.06264	0.06744	0.14164	0.07124	0.12104	3e-05	3e-05	3e-05	0.02837	0.10396	0.08878	3e-05	3e-05	0.08878	0.03135	0.03135	3e-05	0.12088	3e-05	0.08878	0.09891	0.08878	0.19794	0.08878	0.01071	0.05509	0.05509	0.07034	0.02275	0.08878	0.17416	0.12192	0.11671	0.10442	0.0344	0.0	0.04567	0.02544	3e-05	0.11318	0.11929	3e-05	0.06967	0.03671	3e-05	3e-05	3e-05	3e-05	3e-05	0.08878	0.0224	0.10623	3e-05	0.06037	0.12078	0.06017	0.12939	0.13808	0.25743	0.09973	3e-05	0.04289	3e-05	0.05233	0.06345	0.096	0.0	0.0	0.10517	3e-05	0.0714	0.01071	0.01071	0.06051	0.10442	0.17416	0.08878	0.13383	0.08637	0.10394	0.16749	0.13344	3e-05	0.03361	0.21643	0.13142	0.04081	0.23842	0.11641	0.09492	0.10959	0.17347	0.06555	0.09179	0.00216	0.03505	0.12476	0.07743	0.13742	0.0	0.10631	0.15969	0.17555	0.11022	0.05836	0.27092	0.07014	0.05518	3e-05	0.04077	0.11011	0.11175	0.16889	0.17382	0.0	0.0	0.0	0.0	0.0	0.0	0.0	0.0	0.0	0.16369	0.05444	0.1719	0.20107	0.1603	0.13912	0.10838	0.19705	0.09373	0.1172	0.14556	0.15179	0.03135	3e-05	0.10975	0.14831	0.07713	0.00188	0.0466	0.00188	0.24711	0.17928	0.11152	
0.14124	0.0	0.09462	0.14751	3e-05	3e-05	3e-05	3e-05	3e-05	0.03635	3e-05	0.01138	0.13639	0.0252	0.0	0.01446	0.05664	0.0481	0.23461	0.06184	0.09077	3e-05	3e-05	3e-05	0.06087	0.07932	0.10147	3e-05	3e-05	0.10147	0.02303	0.02303	3e-05	0.17482	3e-05	0.10147	0.1062	0.10147	0.13831	0.10147	0.00239	0.0146	0.0146	0.05932	0.09829	0.10147	0.11294	0.10529	0.10056	0.0258	0.0252	0.0	0.06658	0.07481	3e-05	0.12831	0.15912	3e-05	0.09841	0.07661	3e-05	3e-05	3e-05	3e-05	3e-05	0.10147	0.06412	0.20126	3e-05	0.04292	0.07993	0.02915	0.13402	0.06941	0.16138	0.19109	3e-05	0.09451	3e-05	0.08518	0.11943	0.03118	0.0	0.0	0.05475	3e-05	0.09578	0.00239	0.00239	0.07172	0.0258	0.11294	0.10147	0.21729	0.10016	0.06185	0.09652	0.09053	3e-05	0.02461	0.09044	0.06214	0.12198	0.14755	0.07311	0.11281	0.19513	0.11833	0.07265	0.12014	0.00148	0.03406	0.09136	0.13062	0.08292	0.0	0.12047	0.24219	0.14098	0.10904	0.11435	0.213	0.13881	0.08634	3e-05	0.07757	0.11396	0.12963	0.08684	0.17747	0.0	0.0	0.0	0.0	0.0	0.0	0.0	0.0	0.0	0.14947	0.08598	0.10692	0.14503	0.20409	0.10569	0.16241	0.11506	0.0862	0.10748	0.07026	0.16047	0.02303	3e-05	0.03044	0.09823	0.08529	0.00386	0.05927	0.00386	0.11917	0.10155	0.10627	
0.22625	0.09462	0.0	0.09812	8e-05	8e-05	8e-05	8e-05	8e-05	0.08121	8e-05	0.00815	0.12614	0.01719	0.0	0.07214	0.06031	0.03115	0.12059	0.08423	0.05676	8e-05	8e-05	8e-05	0.0768	0.14929	0.15272	8e-05	8e-05	0.15272	0.0158	0.0158	8e-05	0.19954	8e-05	0.15272	0.13294	0.15272	0.35523	0.15272	0.07452	0.23045	0.23045	0.05595	0.01188	0.15272	0.41656	0.1229	0.02052	0.0176	0.01719	0.0	0.24722	0.08821	8e-05	0.23383	0.06643	8e-05	0.10197	0.07634	8e-05	8e-05	8e-05	8e-05	8e-05	0.15272	0.10883	0.24644	8e-05	0.02734	0.07277	0.02773	0.17578	0.12225	0.13551	0.04888	8e-05	0.11316	8e-05	0.02426	0.01867	0.27911	0.0	0.0	0.11871	8e-05	0.03295	0.07452	0.07452	0.05538	0.0176	0.41656	0.15272	0.13349	0.03715	0.10427	0.17137	0.16193	8e-05	0.01675	0.24287	0.14191	0.05706	0.25217	0.10877	0.15473	0.19009	0.2445	0.10785	0.03303	0.00122	0.03742	0.30748	0.09699	0.25461	0.0	0.1328	0.18312	0.12583	0.13135	0.22588	0.21344	0.07692	0.0254	8e-05	0.02134	0.10863	0.07036	0.19014	0.21331	0.0	0.0	0.0	0.0	0.0	0.0	0.0	0.0	0.0	0.14117	0.02503	0.20198	0.30496	0.15235	0.20675	0.10476	0.14926	0.10221	0.06107	0.2413	0.13735	0.0158	8e-05	0.0204	0.0873	0.12409	0.07316	0.10571	0.07316	0.09582	0.13385	0.15184	
0.09027	0.14751	0.09812	0.0	6e-05	6e-05	6e-05	6e-05	6e-05	0.26923	6e-05	0.00731	0.59906	0.20649	0.0	0.03701	0.03588	0.07052	0.04194	0.43731	0.09213	6e-05	6e-05	6e-05	0.01495	0.04129	0.02493	6e-05	6e-05	0.02493	0.01399	0.01399	6e-05	0.04711	6e-05	0.02493	0.03065	0.02493	0.19779	0.02493	0.00133	0.00926	0.00926	0.04053	0.01049	0.02493	0.03487	0.02254	0.01789	0.01546	0.20649	0.0	0.12295	0.09377	6e-05	0.04305	0.11022	6e-05	0.02857	0.02055	6e-05	6e-05	6e-05	6e-05	6e-05	0.02493	0.15109	0.13685	6e-05	0.02364	0.03987	0.02399	0.03339	0.18991	0.08522	0.13814	6e-05	0.00952	6e-05	0.02103	0.26949	0.02378	0.0	0.0	0.03794	0.00262	0.03151	0.00806	0.00133	0.05157	0.01546	0.03487	0.02493	0.22035	0.03154	0.09805	0.05871	0.08449	6e-05	0.01491	0.04605	0.03216	0.06288	0.11772	0.03687	0.02779	0.11342	0.03589	0.05498	0.2233	0.01966	0.05543	0.05553	0.06894	0.06744	0.0	0.03449	0.0804	0.07956	0.15427	0.36988	0.15654	0.04441	0.17124	6e-05	0.03493	0.09862	0.10084	0.04114	0.05611	0.0	0.0	0.0	0.0	0.0	0.0	0.0	0.0	0.0	0.04882	0.02176	0.087	0.05172	0.03863	0.05709	0.06605	0.09288	0.11778	0.03782	0.05085	0.02788	0.01399	6e-05	0.01804	0.04905	0.02856	0.00934	0.02353	0.00934	0.04224	0.04015	0.15903	
3e-05	3e-05	8e-05	6e-05	0.0	0.0	0.0	0.0	0.0	6e-05	0.0	0.00029	9e-05	0.00015	0.0	0.0	0.00043	9e-05	0.00029	7e-05	0.00014	0.0	0.0	0.0	6e-05	2e-05	0.00079	0.0	0.0	0.00079	0.00016	0.00016	0.0	0.00027	0.0	0.00079	0.0005	0.00079	0.0001	0.00079	0.0	0.00029	0.00029	0.00023	0.00022	0.00079	0.00046	0.0001	0.0001	0.00014	0.00015	0.0	0.00037	0.00013	0.0	0.00037	0.00031	0.0	8e-05	0.00011	0.0	0.0	0.0	0.0	0.0	0.00079	0.00014	0.00024	0.0	9e-05	0.00021	0.0001	0.00032	3e-05	0.00011	4e-05	0.0	0.00029	0.0	6e-05	7e-05	0.00019	0.0	0.0	0.00013	0.0	9e-05	0.0	0.0	0.00016	0.00014	0.00046	0.00079	0.0005	6e-05	0.00012	0.00031	5e-05	0.0	0.00022	0.00017	4e-05	4e-05	0.00039	3e-05	0.00083	0.00015	0.00028	6e-05	6e-05	0.0	0.00012	0.00026	0.0002	0.00014	0.0	4e-05	8e-05	0.00032	0.00046	5e-05	0.00031	0.00026	6e-05	0.0	0.00012	0.00011	6e-05	0.00013	0.00043	0.0	0.0	0.0	0.0	0.0	0.0	0.0	0.0	0.0	0.00035	0.0001	0.00018	0.0003	0.00028	0.0002	0.00028	0.00014	4e-05	0.00022	0.00028	0.00057	0.00016	0.0	0.00021	8e-05	0.00022	0.0	0.00039	0.0	8e-05	0.0001	0.00026	
3e-05	3e-05	8e-05	6e-05	0.0	0.0	0.0	0.0	0.0	6e-05	0.0	0.00029	9e-05	0.00015	0.0	0.0	0.00043	9e-05	0.00029	7e-05	0.00014	0.0	0.0	0.0	6e-05	2e-05	0.00079	0.0	0.0	0.00079	0.00016	0.00016	0.0	0.00027	0.0	0.00079	0.0005	0.00079	0.0001	0.00079	0.0	0.00029	0.00029	0.00023	0.00022	0.00079	0.00046	0.0001	0.0001	0.00014	0.00015	0.0	0.00037	0.00013	0.0	0.00037	0.00031	0.0	8e-05	0.00011	0.0	0.0	0.0	0.0	0.0	0.00079	0.00014	0.00024	0.0	9e-05	0.00021	0.0001	0.00032	3e-05	0.00011	4e-05	0.0	0.00029	0.0	6e-05	7e-05	0.00019	0.0	0.0	0.00013	0.0	9e-05	0.0	0.0	0.00016	0.00014	0.00046	0.00079	0.0005	6e-05	0.00012	0.00031	5e-05	0.0	0.00022	0.00017	4e-05	4e-05	0.00039	3e-05	0.00083	0.00015	0.00028	6e-05	6e-05	0.0	0.00012	0.00026	0.0002	0.00014	0.0	4e-05	8e-05	0.00032	0.00046	5e-05	0.00031	0.00026	6e-05	0.0	0.00012	0.00011	6e-05	0.00013	0.00043	0.0	0.0	0.0	0.0	0.0	0.0	0.0	0.0	0.0	0.00035	0.0001	0.00018	0.0003	0.00028	0.0002	0.00028	0.00014	4e-05	0.00022	0.00028	0.00057	0.00016	0.0	0.00021	8e-05	0.00022	0.0	0.00039	0.0	8e-05	0.0001	0.00026	
3e-05	3e-05	8e-05	6e-05	0.0	0.0	0.0	0.0	0.0	6e-05	0.0	0.00029	9e-05	0.00015	0.0	0.0	0.00043	9e-05	0.00029	7e-05	0.00014	0.0	0.0	0.0	6e-05	2e-05	0.00079	0.0	0.0	0.00079	0.00016	0.00016	0.0	0.00027	0.0	0.00079	0.0005	0.00079	0.0001	0.00079	0.0	0.00029	0.00029	0.00023	0.00022	0.00079	0.00046	0.0001	0.0001	0.00014	0.00015	0.0	0.00037	0.00013	0.0	0.00037	0.00031	0.0	8e-05	0.00011	0.0	0.0	0.0	0.0	0.0	0.00079	0.00014	0.00024	0.0	9e-05	0.00021	0.0001	0.00032	3e-05	0.00011	4e-05	0.0	0.00029	0.0	6e-05	7e-05	0.00019	0.0	0.0	0.00013	0.0	9e-05	0.0	0.0	0.00016	0.00014	0.00046	0.00079	0.0005	6e-05	0.00012	0.00031	5e-05	0.0	0.00022	0.00017	4e-05	4e-05	0.00039	3e-05	0.00083	0.00015	0.00028	6e-05	6e-05	0.0	0.00012	0.00026	0.0002	0.00014	0.0	4e-05	8e-05	0.00032	0.00046	5e-05	0.00031	0.00026	6e-05	0.0	0.00012	0.00011	6e-05	0.00013	0.00043	0.0	0.0	0.0	0.0	0.0	0.0	0.0	0.0	0.0	0.00035	0.0001	0.00018	0.0003	0.00028	0.0002	0.00028	0.00014	4e-05	0.00022	0.00028	0.00057	0.00016	0.0	0.00021	8e-05	0.00022	0.0	0.00039	0.0	8e-05	0.0001	0.00026	
3e-05	3e-05	8e-05	6e-05	0.0	0.0	0.0	0.0	0.0	6e-05	0.0	0.00029	9e-05	0.00015	0.0	0.0	0.00043	9e-05	0.00029	7e-05	0.00014	0.0	0.0	0.0	6e-05	2e-05	0.00079	0.0	0.0	0.00079	0.00016	0.00016	0.0	0.00027	0.0	0.00079	0.0005	0.00079	0.0001	0.00079	0.0	0.00029	0.00029	0.00023	0.00022	0.00079	0.00046	0.0001	0.0001	0.00014	0.00015	0.0	0.00037	0.00013	0.0	0.00037	0.00031	0.0	8e-05	0.00011	0.0	0.0	0.0	0.0	0.0	0.00079	0.00014	0.00024	0.0	9e-05	0.00021	0.0001	0.00032	3e-05	0.00011	4e-05	0.0	0.00029	0.0	6e-05	7e-05	0.00019	0.0	0.0	0.00013	0.0	9e-05	0.0	0.0	0.00016	0.00014	0.00046	0.00079	0.0005	6e-05	0.00012	0.00031	5e-05	0.0	0.00022	0.00017	4e-05	4e-05	0.00039	3e-05	0.00083	0.00015	0.00028	6e-05	6e-05	0.0	0.00012	0.00026	0.0002	0.00014	0.0	4e-05	8e-05	0.00032	0.00046	5e-05	0.00031	0.00026	6e-05	0.0	0.00012	0.00011	6e-05	0.00013	0.00043	0.0	0.0	0.0	0.0	0.0	0.0	0.0	0.0	0.0	0.00035	0.0001	0.00018	0.0003	0.00028	0.0002	0.00028	0.00014	4e-05	0.00022	0.00028	0.00057	0.00016	0.0	0.00021	8e-05	0.00022	0.0	0.00039	0.0	8e-05	0.0001	0.00026	
3e-05	3e-05	8e-05	6e-05	0.0	0.0	0.0	0.0	0.0	6e-05	0.0	0.00029	9e-05	0.00015	0.0	0.0	0.00043	9e-05	0.00029	7e-05	0.00014	0.0	0.0	0.0	6e-05	2e-05	0.00079	0.0	0.0	0.00079	0.00016	0.00016	0.0	0.00027	0.0	0.00079	0.0005	0.00079	0.0001	0.00079	0.0	0.00029	0.00029	0.00023	0.00022	0.00079	0.00046	0.0001	0.0001	0.00014	0.00015	0.0	0.00037	0.00013	0.0	0.00037	0.00031	0.0	8e-05	0.00011	0.0	0.0	0.0	0.0	0.0	0.00079	0.00014	0.00024	0.0	9e-05	0.00021	0.0001	0.00032	3e-05	0.00011	4e-05	0.0	0.00029	0.0	6e-05	7e-05	0.00019	0.0	0.0	0.00013	0.0	9e-05	0.0	0.0	0.00016	0.00014	0.00046	0.00079	0.0005	6e-05	0.00012	0.00031	5e-05	0.0	0.00022	0.00017	4e-05	4e-05	0.00039	3e-05	0.00083	0.00015	0.00028	6e-05	6e-05	0.0	0.00012	0.00026	0.0002	0.00014	0.0	4e-05	8e-05	0.00032	0.00046	5e-05	0.00031	0.00026	6e-05	0.0	0.00012	0.00011	6e-05	0.00013	0.00043	0.0	0.0	0.0	0.0	0.0	0.0	0.0	0.0	0.0	0.00035	0.0001	0.00018	0.0003	0.00028	0.0002	0.00028	0.00014	4e-05	0.00022	0.00028	0.00057	0.00016	0.0	0.00021	8e-05	0.00022	0.0	0.00039	0.0	8e-05	0.0001	0.00026	
0.14535	0.03635	0.08121	0.26923	6e-05	6e-05	6e-05	6e-05	6e-05	0.0	6e-05	0.01311	0.19335	0.09555	0.0	0.03801	0.06829	0.01131	0.08233	0.10538	0.02095	6e-05	6e-05	6e-05	0.00184	0.02099	0.04631	6e-05	6e-05	0.04631	0.02551	0.02551	6e-05	0.05216	6e-05	0.04631	0.05817	0.04631	0.21814	0.04631	0.01276	0.01667	0.01667	0.07791	0.01897	0.04631	0.11852	0.04219	0.03313	0.09768	0.09555	0.0	0.06016	0.01615	6e-05	0.0475	0.0081	6e-05	0.05419	0.02745	6e-05	6e-05	6e-05	6e-05	6e-05	0.04631	0.0034	0.08124	6e-05	0.04439	0.07774	0.02067	0.03481	0.12144	0.14677	0.05962	6e-05	0.01716	6e-05	0.03925	0.07517	0.11959	0.0	0.0	0.21724	0.00534	0.06204	0.00189	0.01276	0.10112	0.09768	0.11852	0.04631	0.08616	0.0602	0.21696	0.16163	0.2018	6e-05	0.02724	0.12298	0.12446	0.0271	0.16571	0.09547	0.04543	0.0455	0.07597	0.19057	0.0837	0.00029	0.00031	0.03897	0.04204	0.09019	0.0	0.05762	0.15019	0.05897	0.10229	0.10177	0.11008	0.08695	0.09366	6e-05	0.00362	0.01641	0.05307	0.07613	0.0937	0.0	0.0	0.0	0.0	0.0	0.0	0.0	0.0	0.0	0.03596	0.04067	0.07983	0.12805	0.04715	0.04546	0.20231	0.14542	0.00196	0.0728	0.03125	0.05248	0.02551	6e-05	0.03319	0.00161	0.04524	0.00238	0.00748	0.00238	0.07148	0.06546	0.09904	
3e-05	3e-05	8e-05	6e-05	0.0	0.0	0.0	0.0	0.0	6e-05	0.0	0.00029	9e-05	0.00015	0.0	0.0	0.00043	9e-05	0.00029	7e-05	0.00014	0.0	0.0	0.0	6e-05	2e-05	0.00079	0.0	0.0	0.00079	0.00016	0.00016	0.0	0.00027	0.0	0.00079	0.0005	0.00079	0.0001	0.00079	0.0	0.00029	0.00029	0.00023	0.00022	0.00079	0.00046	0.0001	0.0001	0.00014	0.00015	0.0	0.00037	0.00013	0.0	0.00037	0.00031	0.0	8e-05	0.00011	0.0	0.0	0.0	0.0	0.0	0.00079	0.00014	0.00024	0.0	9e-05	0.00021	0.0001	0.00032	3e-05	0.00011	4e-05	0.0	0.00029	0.0	6e-05	7e-05	0.00019	0.0	0.0	0.00013	0.0	9e-05	0.0	0.0	0.00016	0.00014	0.00046	0.00079	0.0005	6e-05	0.00012	0.00031	5e-05	0.0	0.00022	0.00017	4e-05	4e-05	0.00039	3e-05	0.00083	0.00015	0.00028	6e-05	6e-05	0.0	0.00012	0.00026	0.0002	0.00014	0.0	4e-05	8e-05	0.00032	0.00046	5e-05	0.00031	0.00026	6e-05	0.0	0.00012	0.00011	6e-05	0.00013	0.00043	0.0	0.0	0.0	0.0	0.0	0.0	0.0	0.0	0.0	0.00035	0.0001	0.00018	0.0003	0.00028	0.0002	0.00028	0.00014	4e-05	0.00022	0.00028	0.00057	0.00016	0.0	0.00021	8e-05	0.00022	0.0	0.00039	0.0	8e-05	0.0001	0.00026	
0.01525	0.01138	0.00815	0.00731	0.00029	0.00029	0.00029	0.00029	0.00029	0.01311	0.00029	0.0	0.00613	0.00464	0.0	0.00478	0.00853	0.00675	0.00806	0.00828	0.00981	0.00029	0.00029	0.00029	0.01323	0.0347	0.0069	0.00029	0.00029	0.0069	0.0044	0.0044	0.00029	0.00882	0.00029	0.0069	0.00707	0.0069	0.00651	0.0069	0.00082	0.00339	0.00339	0.0779	0.00366	0.0069	0.00759	0.0055	0.00473	0.00469	0.00464	0.0	0.00362	0.01137	0.00029	0.0087	0.00778	0.00029	0.00644	0.01865	0.00029	0.00029	0.00029	0.00029	0.00029	0.0069	0.1592	0.01679	0.00029	0.00563	0.00788	0.00626	0.01152	0.08011	0.01611	0.00773	0.00029	0.00346	0.00029	0.00521	0.00556	0.00654	0.0	0.0	0.00895	0.00147	0.00725	0.00428	0.00082	0.01092	0.00469	0.00759	0.0069	0.00701	0.0069	0.00728	0.01522	0.00911	0.00029	0.00463	0.00859	0.0069	0.0434	0.00903	0.00762	0.00728	0.03864	0.01049	0.00763	0.00637	0.00351	0.01001	0.0104	0.01226	0.0117	0.0	0.02906	0.02121	0.00848	0.00727	0.0081	0.00861	0.00889	0.00536	0.00029	0.00824	0.01271	0.01839	0.01362	0.01361	0.0	0.0	0.0	0.0	0.0	0.0	0.0	0.0	0.0	0.01022	0.00536	0.01111	0.00944	0.0134	0.06332	0.01044	0.01474	0.00789	0.00817	0.00979	0.00679	0.0044	0.00029	0.00524	0.06086	0.01068	0.00038	0.01006	0.00038	0.01306	0.01299	0.01493	
0.10789	0.13639	0.12614	0.59906	9e-05	9e-05	9e-05	9e-05	9e-05	0.19335	9e-05	0.00613	0.0	0.46823	0.0	0.28197	0.0285	0.21361	0.0324	0.48905	0.03834	9e-05	9e-05	9e-05	0.02585	0.10276	0.02013	9e-05	9e-05	0.02013	0.01149	0.01149	9e-05	0.03623	9e-05	0.02013	0.02426	0.02013	0.36	0.02013	0.00131	0.00771	0.00771	0.03201	0.0087	0.02013	0.02739	0.01802	0.01444	0.01265	0.46823	0.0	0.19907	0.04254	9e-05	0.03347	0.02749	9e-05	0.02262	0.08439	9e-05	9e-05	9e-05	9e-05	9e-05	0.02013	0.01906	0.12314	9e-05	0.01885	0.03095	0.01932	0.09744	0.30664	0.0568	0.0313	9e-05	0.00792	9e-05	0.01685	0.01735	0.01929	0.0	0.0	0.03013	0.00245	0.025	0.00709	0.00131	0.04033	0.01265	0.02739	0.02013	0.02389	0.02487	0.24629	0.09972	0.17193	9e-05	0.01222	0.03543	0.0253	0.04847	0.03469	0.02885	0.03091	0.17859	0.08038	0.15269	0.02235	0.21154	0.13715	0.04266	0.05246	0.05111	0.0	0.09126	0.11216	0.16489	0.29151	0.40213	0.25056	0.0345	0.3517	9e-05	0.02777	0.09468	0.08105	0.08832	0.09623	0.0	0.0	0.0	0.0	0.0	0.0	0.0	0.0	0.0	0.12841	0.01742	0.14936	0.03958	0.08932	0.04348	0.14076	0.06892	0.05476	0.02971	0.03925	0.02221	0.01149	9e-05	0.01469	0.03843	0.10039	0.02555	0.10364	0.02555	0.08208	0.09262	0.21046	
0.0344	0.0252	0.01719	0.20649	0.00015	0.00015	0.00015	0.00015	0.00015	0.09555	0.00015	0.00464	0.46823	0.0	0.0	0.006	0.01689	0.32336	0.01716	0.20957	0.02078	0.00015	0.00015	0.00015	0.02801	0.02722	0.01278	0.00015	0.00015	0.01278	0.00787	0.00787	0.00015	0.01894	0.00015	0.01278	0.01408	0.01278	0.01332	0.01278	0.00085	0.00565	0.00565	0.01856	0.00624	0.01278	0.01545	0.01088	0.00908	0.00852	0.99964	0.0	0.00606	0.02372	0.00015	0.0182	0.01578	0.00015	0.01311	0.06048	0.00015	0.00015	0.00015	0.00015	0.00015	0.01278	0.01197	0.05812	0.00015	0.01125	0.01667	0.01209	0.09211	0.20895	0.03662	0.01662	0.00015	0.00578	0.00015	0.01027	0.01068	0.01224	0.0	0.0	0.01781	0.00169	0.01457	0.00534	0.00085	0.02264	0.00852	0.01545	0.01278	0.01392	0.0142	0.01438	0.0333	0.01959	0.00015	0.00831	0.01852	0.0143	0.02594	0.01885	0.016	0.01351	0.02408	0.02285	0.18939	0.01297	0.0	0.1433	0.02236	0.0268	0.02577	0.0	0.04572	0.05983	0.19062	0.40418	0.16807	0.01847	0.01871	0.56591	0.00015	0.01646	0.08481	0.04073	0.03044	0.02912	0.0	0.0	0.0	0.0	0.0	0.0	0.0	0.0	0.0	0.13975	0.01056	0.02452	0.0204	0.0296	0.02208	0.14953	0.03322	0.0167	0.0168	0.02086	0.01325	0.00787	0.00015	0.00967	0.02167	0.10162	0.00027	0.02032	0.00027	0.0673	0.08074	0.20579	
0.0	0.0	0.0	0.0	0.0	0.0	0.0	0.0	0.0	0.0	0.0	0.0	0.0	0.0	0.0	0.0	0.0	0.0	0.0	0.0	0.0	0.0	0.0	0.0	0.0	0.0	0.0	0.0	0.0	0.0	0.0	0.0	0.0	0.0	0.0	0.0	0.0	0.0	0.0	0.0	0.0	0.0	0.0	0.0	0.0	0.0	0.0	0.0	0.0	0.0	0.0	0.0	0.0	0.0	0.0	0.0	0.0	0.0	0.0	0.0	0.0	0.0	0.0	0.0	0.0	0.0	0.0	0.0	0.0	0.0	0.0	0.0	0.0	0.0	0.0	0.0	0.0	0.0	0.0	0.0	0.0	0.0	0.0	0.0	0.0	0.0	0.0	0.0	0.0	0.0	0.0	0.0	0.0	0.0	0.0	0.0	0.0	0.0	0.0	0.0	0.0	0.0	0.0	0.0	0.0	0.0	0.0	0.0	0.0	0.0	0.0	0.0	0.0	0.0	0.0	0.0	0.0	0.0	0.0	0.0	0.0	0.0	0.0	0.0	0.0	0.0	0.0	0.0	0.0	0.0	0.0	0.0	0.0	0.0	0.0	0.0	0.0	0.0	0.0	0.0	0.0	0.0	0.0	0.0	0.0	0.0	0.0	0.0	0.0	0.0	0.0	0.0	0.0	0.0	0.0	0.0	0.0	0.0	0.0	0.0	0.0	0.0	
0.01115	0.01446	0.07214	0.03701	0.0	0.0	0.0	0.0	0.0	0.03801	0.0	0.00478	0.28197	0.006	0.0	0.0	0.00726	0.04187	0.09157	0.02763	0.01406	0.0	0.0	0.0	0.00274	0.03324	0.01329	0.0	0.0	0.01329	0.00578	0.00578	0.0	0.01273	0.0	0.01329	0.01096	0.01329	0.23994	0.01329	0.0	0.00439	0.00439	0.01425	0.0063	0.01329	0.01223	0.006	0.00556	0.0	0.006	0.0	0.0	0.01289	0.0	0.01332	0.01195	0.0	0.00661	0.00314	0.0	0.0	0.0	0.0	0.0	0.01329	0.00678	0.06503	0.0	0.00574	0.01079	0.08226	0.01612	0.00842	0.0111	0.00813	0.0	0.00442	0.0	0.0058	0.00704	0.01099	0.0	0.0	0.02291	0.0	0.00853	0.0	0.0	0.00052	0.0	0.01223	0.01329	0.01112	0.0267	0.0	0.02912	0.50363	0.0	0.00511	0.01253	0.1669	0.03039	0.01447	0.14404	0.01023	0.05437	0.08078	0.00881	0.00681	0.0	0.00085	0.01558	0.01941	0.0051	0.0	0.02413	0.02745	0.01233	0.01134	0.01979	0.1682	0.00605	0.00596	0.0	0.02201	0.00323	0.0904	0.06955	0.01981	0.0	0.0	0.0	0.0	0.0	0.0	0.0	0.0	0.0	0.01257	0.00543	0.11048	0.02006	0.02116	0.03178	0.02096	0.01187	0.00772	0.01202	0.02904	0.01127	0.00578	0.0	0.00553	0.06754	0.10893	0.0	9e-05	0.0	0.07786	0.11152	0.01689	
0.06264	0.05664	0.06031	0.03588	0.00043	0.00043	0.00043	0.00043	0.00043	0.06829	0.00043	0.00853	0.0285	0.01689	0.0	0.00726	0.0	0.05389	0.54068	0.03822	0.0875	0.00043	0.00043	0.00043	0.06905	0.01807	0.41891	0.00043	0.00043	0.41891	0.01565	0.01565	0.00043	0.22706	0.00043	0.41891	0.32129	0.41891	0.031	0.41891	0.00317	0.01063	0.01063	0.13093	0.01195	0.41891	0.29416	0.02419	0.01948	0.0172	0.01689	0.0	0.01146	0.05706	0.00043	0.26434	0.17842	0.00043	0.03025	0.01625	0.00043	0.00043	0.00043	0.00043	0.00043	0.41891	0.02569	0.12993	0.00043	0.02527	0.16062	0.02603	0.23804	0.05407	0.14753	0.04161	0.00043	0.01091	0.00043	0.02265	0.08025	0.08764	0.0	0.0	0.07794	0.16591	0.07168	0.13384	0.00317	0.40923	0.0172	0.29416	0.41891	0.32535	0.05131	0.03195	0.2398	0.04515	0.00043	0.01662	0.138	0.03378	0.00635	0.26912	0.03848	0.4172	0.06514	0.45951	0.03836	0.0299	0.14062	0.07118	0.10795	0.13787	0.29245	0.0	0.08382	0.11735	0.24137	0.30766	0.04054	0.22338	0.63676	0.02359	0.00043	0.03773	0.06077	0.13299	0.04675	0.3949	0.0	0.0	0.0	0.0	0.0	0.0	0.0	0.0	0.0	0.398	0.02339	0.08171	0.36797	0.24951	0.23147	0.14016	0.15563	0.04075	0.14963	0.26386	0.34928	0.01565	0.00043	0.01989	0.00781	0.30588	0.00138	0.12038	0.00138	0.20791	0.24504	0.23712	
0.06744	0.0481	0.03115	0.07052	9e-05	9e-05	9e-05	9e-05	9e-05	0.01131	9e-05	0.00675	0.21361	0.32336	0.0	0.04187	0.05389	0.0	0.14965	0.05545	0.03771	9e-05	9e-05	9e-05	0.05082	0.02167	0.02087	9e-05	9e-05	0.02087	0.01227	0.01227	9e-05	0.03506	9e-05	0.02087	0.02436	0.02087	0.02328	0.02087	0.00112	0.00841	0.00841	0.03228	0.00943	0.02087	0.02724	0.01841	0.01497	0.01344	0.32336	0.0	0.00906	0.04237	9e-05	0.03287	0.02756	9e-05	0.02278	0.00132	9e-05	9e-05	9e-05	9e-05	9e-05	0.02087	0.01977	0.11663	9e-05	0.01918	0.0303	0.02002	0.02679	0.1056	0.06092	0.03051	9e-05	0.00863	9e-05	0.01728	0.01778	0.02	0.0	0.0	0.0306	0.00228	0.02522	0.00732	0.00112	0.02219	0.01344	0.02724	0.02087	0.02403	0.08157	0.02435	0.06334	0.0609	9e-05	0.01302	0.03431	0.02526	0.01573	0.03408	0.0286	0.02216	0.04505	0.13939	0.06636	0.02253	0.0506	0.03716	0.0414	0.05051	0.02951	0.0	0.05832	0.06971	0.08908	0.19637	0.05023	0.03419	0.04645	0.2384	9e-05	0.02822	0.02217	0.00652	0.05886	0.04874	0.0	0.0	0.0	0.0	0.0	0.0	0.0	0.0	0.0	0.32263	0.01783	0.04668	0.0672	0.01857	0.08964	0.06709	0.03842	0.03014	0.02965	0.08492	0.02252	0.01227	9e-05	0.01547	0.02529	0.25535	0.00029	0.03549	0.00029	0.13812	0.16357	0.1691	
0.14164	0.23461	0.12059	0.04194	0.00029	0.00029	0.00029	0.00029	0.00029	0.08233	0.00029	0.00806	0.0324	0.01716	0.0	0.09157	0.54068	0.14965	0.0	0.04316	0.18702	0.00029	0.00029	0.00029	0.05239	0.11764	0.40967	0.00029	0.00029	0.40967	0.01576	0.01576	0.00029	0.37896	0.00029	0.40967	0.34699	0.40967	0.03574	0.40967	0.00226	0.01025	0.01025	0.20595	0.01167	0.40967	0.32901	0.02672	0.02084	0.01751	0.01716	0.0	0.01112	0.06752	0.00029	0.31004	0.23948	0.00029	0.21557	0.09187	0.00029	0.00029	0.00029	0.00029	0.00029	0.40967	0.02752	0.2575	0.00029	0.02818	0.22222	0.05682	0.29912	0.06735	0.40754	0.118	0.00029	0.01055	0.00029	0.1205	0.13807	0.14658	0.0	0.0	0.14171	0.19184	0.13208	0.18217	0.00226	0.2775	0.01751	0.32901	0.40967	0.34968	0.24448	0.03523	0.31683	0.13145	0.00029	0.01684	0.20348	0.03942	0.11262	0.34945	0.04571	0.41052	0.22327	0.47138	0.04549	0.06103	0.184	0.14111	0.18308	0.3315	0.25205	0.0	0.16309	0.20074	0.29161	0.33795	0.0479	0.2761	0.4932	0.12029	0.00029	0.04783	0.15397	0.1347	0.13361	0.42534	0.0	0.0	0.0	0.0	0.0	0.0	0.0	0.0	0.0	0.41401	0.12035	0.15866	0.39178	0.28626	0.28123	0.21262	0.33519	0.0491	0.21691	0.42088	0.36542	0.01576	0.00029	0.0206	0.1098	0.34293	0.00091	0.19994	0.00091	0.18383	0.19853	0.27628	
0.07124	0.06184	0.08423	0.43731	7e-05	7e-05	7e-05	7e-05	7e-05	0.10538	7e-05	0.00828	0.48905	0.20957	0.0	0.02763	0.03822	0.05545	0.04316	0.0	0.05138	7e-05	7e-05	7e-05	0.00411	0.02347	0.02697	7e-05	7e-05	0.02697	0.01548	0.01548	7e-05	0.04831	7e-05	0.02697	0.03237	0.02697	0.18959	0.02697	0.00156	0.01041	0.01041	0.04298	0.01174	0.02697	0.03654	0.02413	0.01937	0.01705	0.20957	0.0	0.12819	0.05727	7e-05	0.04468	0.03677	7e-05	0.03026	0.0022	7e-05	7e-05	7e-05	7e-05	7e-05	0.02697	0.02562	0.07383	7e-05	0.02523	0.04127	0.02597	0.0193	0.11581	0.05514	0.04175	7e-05	0.12114	7e-05	0.02258	0.0234	0.0261	0.0	0.0	0.0408	0.00308	0.01942	0.00953	0.00156	0.05426	0.01705	0.03654	0.02697	0.03189	0.03327	0.07864	0.02048	0.06859	7e-05	0.01647	0.04726	0.03382	0.06545	0.04646	0.03857	0.0287	0.10581	0.02435	0.04126	0.02991	0.01438	0.02722	0.03093	0.0705	0.06876	0.0	0.02337	0.08621	0.2031	0.14916	0.54498	0.1462	0.04219	0.16837	7e-05	0.00271	0.01683	0.11064	0.02464	0.05064	0.0	0.0	0.0	0.0	0.0	0.0	0.0	0.0	0.0	0.03502	0.02333	0.07286	0.05293	0.02169	0.05812	0.05388	0.09377	0.02814	0.03976	0.0525	0.02966	0.01548	7e-05	0.01976	0.05169	0.01363	0.00925	0.00713	0.00925	0.02121	0.01619	0.14203	
0.12104	0.09077	0.05676	0.09213	0.00014	0.00014	0.00014	0.00014	0.00014	0.02095	0.00014	0.00981	0.03834	0.02078	0.0	0.01406	0.0875	0.03771	0.18702	0.05138	0.0	0.00014	0.00014	0.00014	0.04346	0.07018	0.22318	0.00014	0.00014	0.22318	0.0191	0.0191	0.00014	0.16717	0.00014	0.22318	0.19384	0.22318	0.04218	0.22318	0.00237	0.01247	0.01247	0.06669	0.01419	0.22318	0.18662	0.03181	0.21233	0.0212	0.02078	0.0	0.01353	0.01164	0.00014	0.18073	0.30909	0.00014	0.08725	0.01777	0.00014	0.00014	0.00014	0.00014	0.00014	0.22318	0.01502	0.06256	0.00014	0.03348	0.15233	0.03355	0.21647	0.07854	0.16866	0.03335	0.00014	0.01284	0.00014	0.08305	0.31761	0.05111	0.0	0.0	0.05993	0.04624	0.0531	0.03247	0.00237	0.03961	0.0212	0.18662	0.22318	0.31019	0.04539	0.0421	0.25134	0.07094	0.00014	0.0204	0.22396	0.01977	0.0269	0.26034	0.05368	0.2217	0.07946	0.16879	0.05343	0.08305	0.03523	0.05594	0.07666	0.24937	0.06123	0.0	0.04952	0.05862	0.32578	0.19009	0.05637	0.237	0.08388	0.08342	0.00014	0.05018	0.04874	0.05487	0.04887	0.24587	0.0	0.0	0.0	0.0	0.0	0.0	0.0	0.0	0.0	0.23981	0.03066	0.06802	0.16571	0.13891	0.07491	0.10217	0.07767	0.06546	0.08403	0.07391	0.20196	0.0191	0.00014	0.15348	0.07146	0.0455	0.00079	0.06068	0.00079	0.10236	0.03533	0.13976	
3e-05	3e-05	8e-05	6e-05	0.0	0.0	0.0	0.0	0.0	6e-05	0.0	0.00029	9e-05	0.00015	0.0	0.0	0.00043	9e-05	0.00029	7e-05	0.00014	0.0	0.0	0.0	6e-05	2e-05	0.00079	0.0	0.0	0.00079	0.00016	0.00016	0.0	0.00027	0.0	0.00079	0.0005	0.00079	0.0001	0.00079	0.0	0.00029	0.00029	0.00023	0.00022	0.00079	0.00046	0.0001	0.0001	0.00014	0.00015	0.0	0.00037	0.00013	0.0	0.00037	0.00031	0.0	8e-05	0.00011	0.0	0.0	0.0	0.0	0.0	0.00079	0.00014	0.00024	0.0	9e-05	0.00021	0.0001	0.00032	3e-05	0.00011	4e-05	0.0	0.00029	0.0	6e-05	7e-05	0.00019	0.0	0.0	0.00013	0.0	9e-05	0.0	0.0	0.00016	0.00014	0.00046	0.00079	0.0005	6e-05	0.00012	0.00031	5e-05	0.0	0.00022	0.00017	4e-05	4e-05	0.00039	3e-05	0.00083	0.00015	0.00028	6e-05	6e-05	0.0	0.00012	0.00026	0.0002	0.00014	0.0	4e-05	8e-05	0.00032	0.00046	5e-05	0.00031	0.00026	6e-05	0.0	0.00012	0.00011	6e-05	0.00013	0.00043	0.0	0.0	0.0	0.0	0.0	0.0	0.0	0.0	0.0	0.00035	0.0001	0.00018	0.0003	0.00028	0.0002	0.00028	0.00014	4e-05	0.00022	0.00028	0.00057	0.00016	0.0	0.00021	8e-05	0.00022	0.0	0.00039	0.0	8e-05	0.0001	0.00026	
3e-05	3e-05	8e-05	6e-05	0.0	0.0	0.0	0.0	0.0	6e-05	0.0	0.00029	9e-05	0.00015	0.0	0.0	0.00043	9e-05	0.00029	7e-05	0.00014	0.0	0.0	0.0	6e-05	2e-05	0.00079	0.0	0.0	0.00079	0.00016	0.00016	0.0	0.00027	0.0	0.00079	0.0005	0.00079	0.0001	0.00079	0.0	0.00029	0.00029	0.00023	0.00022	0.00079	0.00046	0.0001	0.0001	0.00014	0.00015	0.0	0.00037	0.00013	0.0	0.00037	0.00031	0.0	8e-05	0.00011	0.0	0.0	0.0	0.0	0.0	0.00079	0.00014	0.00024	0.0	9e-05	0.00021	0.0001	0.00032	3e-05	0.00011	4e-05	0.0	0.00029	0.0	6e-05	7e-05	0.00019	0.0	0.0	0.00013	0.0	9e-05	0.0	0.0	0.00016	0.00014	0.00046	0.00079	0.0005	6e-05	0.00012	0.00031	5e-05	0.0	0.00022	0.00017	4e-05	4e-05	0.00039	3e-05	0.00083	0.00015	0.00028	6e-05	6e-05	0.0	0.00012	0.00026	0.0002	0.00014	0.0	4e-05	8e-05	0.00032	0.00046	5e-05	0.00031	0.00026	6e-05	0.0	0.00012	0.00011	6e-05	0.00013	0.00043	0.0	0.0	0.0	0.0	0.0	0.0	0.0	0.0	0.0	0.00035	0.0001	0.00018	0.0003	0.00028	0.0002	0.00028	0.00014	4e-05	0.00022	0.00028	0.00057	0.00016	0.0	0.00021	8e-05	0.00022	0.0	0.00039	0.0	8e-05	0.0001	0.00026	
3e-05	3e-05	8e-05	6e-05	0.0	0.0	0.0	0.0	0.0	6e-05	0.0	0.00029	9e-05	0.00015	0.0	0.0	0.00043	9e-05	0.00029	7e-05	0.00014	0.0	0.0	0.0	6e-05	2e-05	0.00079	0.0	0.0	0.00079	0.00016	0.00016	0.0	0.00027	0.0	0.00079	0.0005	0.00079	0.0001	0.00079	0.0	0.00029	0.00029	0.00023	0.00022	0.00079	0.00046	0.0001	0.0001	0.00014	0.00015	0.0	0.00037	0.00013	0.0	0.00037	0.00031	0.0	8e-05	0.00011	0.0	0.0	0.0	0.0	0.0	0.00079	0.00014	0.00024	0.0	9e-05	0.00021	0.0001	0.00032	3e-05	0.00011	4e-05	0.0	0.00029	0.0	6e-05	7e-05	0.00019	0.0	0.0	0.00013	0.0	9e-05	0.0	0.0	0.00016	0.00014	0.00046	0.00079	0.0005	6e-05	0.00012	0.00031	5e-05	0.0	0.00022	0.00017	4e-05	4e-05	0.00039	3e-05	0.00083	0.00015	0.00028	6e-05	6e-05	0.0	0.00012	0.00026	0.0002	0.00014	0.0	4e-05	8e-05	0.00032	0.00046	5e-05	0.00031	0.00026	6e-05	0.0	0.00012	0.00011	6e-05	0.00013	0.00043	0.0	0.0	0.0	0.0	0.0	0.0	0.0	0.0	0.0	0.00035	0.0001	0.00018	0.0003	0.00028	0.0002	0.00028	0.00014	4e-05	0.00022	0.00028	0.00057	0.00016	0.0	0.00021	8e-05	0.00022	0.0	0.00039	0.0	8e-05	0.0001	0.00026	
0.02837	0.06087	0.0768	0.01495	6e-05	6e-05	6e-05	6e-05	6e-05	0.00184	6e-05	0.01323	0.02585	0.02801	0.0	0.00274	0.06905	0.05082	0.05239	0.00411	0.04346	6e-05	6e-05	6e-05	0.0	0.1243	0.04679	6e-05	6e-05	0.04679	0.08603	0.08603	6e-05	0.05225	6e-05	0.04679	0.05882	0.04679	0.10134	0.04679	0.01407	0.05455	0.05455	0.0788	0.01914	0.04679	0.11789	0.10113	0.06873	0.02858	0.02801	0.0	0.01825	0.00245	6e-05	0.17677	0.06738	6e-05	0.04887	0.00568	6e-05	6e-05	6e-05	6e-05	6e-05	0.04679	0.0001	0.00598	6e-05	0.08826	0.02933	0.0452	0.03098	0.04186	0.02412	0.0802	6e-05	0.01732	6e-05	0.13985	0.04149	0.11729	0.0	0.0	0.01755	0.00446	0.0622	0.00236	0.01407	0.10233	0.02858	0.11789	0.04679	0.05781	0.06087	0.00064	0.03427	0.01536	6e-05	0.0275	0.13274	0.05476	0.00829	0.05976	0.0347	0.04636	0.10969	0.04667	0.03351	0.13872	0.01238	0.04594	0.03924	0.02564	0.04804	0.0	0.02322	0.0284	0.10125	0.06271	0.0144	0.03237	0.08799	0.07551	6e-05	0.06786	0.02982	0.07115	0.07094	0.0374	0.0	0.0	0.0	0.0	0.0	0.0	0.0	0.0	0.0	0.03339	0.0411	0.04613	0.09881	0.10887	0.04588	0.09039	0.03408	0.14618	0.07364	0.03139	0.05305	0.08603	6e-05	0.11496	0.00057	0.01704	0.00042	0.00925	0.00042	0.16683	0.02844	0.05183	
0.10396	0.07932	0.14929	0.04129	2e-05	2e-05	2e-05	2e-05	2e-05	0.02099	2e-05	0.0347	0.10276	0.02722	0.0	0.03324	0.01807	0.02167	0.11764	0.02347	0.07018	2e-05	2e-05	2e-05	0.1243	0.0	0.04695	2e-05	2e-05	0.04695	0.07247	0.07247	2e-05	0.15056	2e-05	0.04695	0.06156	0.04695	0.25355	0.04695	0.04031	0.0159	0.0159	0.02708	0.01821	0.04695	0.18784	0.04348	0.03348	0.0278	0.02722	0.0	0.04919	0.03056	2e-05	0.15301	0.07074	2e-05	0.11576	0.02709	2e-05	2e-05	2e-05	2e-05	2e-05	0.04695	0.01161	0.093	2e-05	0.14468	0.10977	0.04532	0.06245	0.17872	0.1389	0.05082	2e-05	0.01639	2e-05	0.15344	0.04219	0.20069	0.0	0.0	0.11028	0.00471	0.04061	0.0359	0.04031	0.04133	0.0278	0.18784	0.04695	0.06037	0.15468	0.03017	0.07381	0.14784	2e-05	0.07806	0.21908	0.12986	0.09364	0.20601	0.15	0.04706	0.08875	0.24106	0.14916	0.0962	0.01252	0.05966	0.07759	0.10094	0.10553	0.0	0.16569	0.10881	0.0977	0.06613	0.03288	0.12726	0.04165	0.10675	2e-05	0.07001	0.12141	0.02246	0.10251	0.20506	0.0	0.0	0.0	0.0	0.0	0.0	0.0	0.0	0.0	0.05575	0.08348	0.17859	0.26549	0.31428	0.15149	0.12618	0.12387	0.0488	0.02582	0.08603	0.05475	0.07247	2e-05	0.03293	0.02533	0.12347	0.00228	0.03985	0.00228	0.07444	0.0575	0.12513	
0.08878	0.10147	0.15272	0.02493	0.00079	0.00079	0.00079	0.00079	0.00079	0.04631	0.00079	0.0069	0.02013	0.01278	0.0	0.01329	0.41891	0.02087	0.40967	0.02697	0.22318	0.00079	0.00079	0.00079	0.04679	0.04695	0.0	0.00079	0.00079	1.00114	0.01193	0.01193	0.00079	0.38613	0.00079	1.00114	0.65191	1.00114	0.02173	1.00114	0.00356	0.00841	0.00841	0.33977	0.00934	1.00114	0.56797	0.01737	0.01427	0.01299	0.01278	0.0	0.00901	0.03916	0.00079	0.47914	0.40573	0.00079	0.0213	0.105	0.00079	0.00079	0.00079	0.00079	0.00079	1.00114	0.01873	0.18759	0.00079	0.01805	0.32162	0.01895	0.39541	0.03631	0.15003	0.02812	0.00079	0.00861	0.00079	0.01635	0.31538	0.36316	0.0	0.0	0.24629	0.0	0.22837	0.0	0.00356	0.23584	0.01299	0.56797	1.00114	0.66486	0.02323	0.02287	0.3831	0.03313	0.00079	0.01261	0.26657	0.02351	0.04409	0.49477	0.02652	1.00222	0.16571	0.34912	0.02645	0.02107	0.0	0.24472	0.22586	0.24768	0.16405	0.0	0.08114	0.11517	0.42679	0.60925	0.02798	0.37898	0.2867	0.01697	0.00079	0.02685	0.15683	0.08481	0.11046	0.46416	0.0	0.0	0.0	0.0	0.0	0.0	0.0	0.0	0.0	0.45219	0.01684	0.16457	0.36815	0.32225	0.19126	0.2695	0.18488	0.02788	0.34762	0.23939	0.74363	0.01193	0.00079	0.01484	0.03559	0.18837	0.00183	0.32127	0.00183	0.124	0.14712	0.30978	
3e-05	3e-05	8e-05	6e-05	0.0	0.0	0.0	0.0	0.0	6e-05	0.0	0.00029	9e-05	0.00015	0.0	0.0	0.00043	9e-05	0.00029	7e-05	0.00014	0.0	0.0	0.0	6e-05	2e-05	0.00079	0.0	0.0	0.00079	0.00016	0.00016	0.0	0.00027	0.0	0.00079	0.0005	0.00079	0.0001	0.00079	0.0	0.00029	0.00029	0.00023	0.00022	0.00079	0.00046	0.0001	0.0001	0.00014	0.00015	0.0	0.00037	0.00013	0.0	0.00037	0.00031	0.0	8e-05	0.00011	0.0	0.0	0.0	0.0	0.0	0.00079	0.00014	0.00024	0.0	9e-05	0.00021	0.0001	0.00032	3e-05	0.00011	4e-05	0.0	0.00029	0.0	6e-05	7e-05	0.00019	0.0	0.0	0.00013	0.0	9e-05	0.0	0.0	0.00016	0.00014	0.00046	0.00079	0.0005	6e-05	0.00012	0.00031	5e-05	0.0	0.00022	0.00017	4e-05	4e-05	0.00039	3e-05	0.00083	0.00015	0.00028	6e-05	6e-05	0.0	0.00012	0.00026	0.0002	0.00014	0.0	4e-05	8e-05	0.00032	0.00046	5e-05	0.00031	0.00026	6e-05	0.0	0.00012	0.00011	6e-05	0.00013	0.00043	0.0	0.0	0.0	0.0	0.0	0.0	0.0	0.0	0.0	0.00035	0.0001	0.00018	0.0003	0.00028	0.0002	0.00028	0.00014	4e-05	0.00022	0.00028	0.00057	0.00016	0.0	0.00021	8e-05	0.00022	0.0	0.00039	0.0	8e-05	0.0001	0.00026	
3e-05	3e-05	8e-05	6e-05	0.0	0.0	0.0	0.0	0.0	6e-05	0.0	0.00029	9e-05	0.00015	0.0	0.0	0.00043	9e-05	0.00029	7e-05	0.00014	0.0	0.0	0.0	6e-05	2e-05	0.00079	0.0	0.0	0.00079	0.00016	0.00016	0.0	0.00027	0.0	0.00079	0.0005	0.00079	0.0001	0.00079	0.0	0.00029	0.00029	0.00023	0.00022	0.00079	0.00046	0.0001	0.0001	0.00014	0.00015	0.0	0.00037	0.00013	0.0	0.00037	0.00031	0.0	8e-05	0.00011	0.0	0.0	0.0	0.0	0.0	0.00079	0.00014	0.00024	0.0	9e-05	0.00021	0.0001	0.00032	3e-05	0.00011	4e-05	0.0	0.00029	0.0	6e-05	7e-05	0.00019	0.0	0.0	0.00013	0.0	9e-05	0.0	0.0	0.00016	0.00014	0.00046	0.00079	0.0005	6e-05	0.00012	0.00031	5e-05	0.0	0.00022	0.00017	4e-05	4e-05	0.00039	3e-05	0.00083	0.00015	0.00028	6e-05	6e-05	0.0	0.00012	0.00026	0.0002	0.00014	0.0	4e-05	8e-05	0.00032	0.00046	5e-05	0.00031	0.00026	6e-05	0.0	0.00012	0.00011	6e-05	0.00013	0.00043	0.0	0.0	0.0	0.0	0.0	0.0	0.0	0.0	0.0	0.00035	0.0001	0.00018	0.0003	0.00028	0.0002	0.00028	0.00014	4e-05	0.00022	0.00028	0.00057	0.00016	0.0	0.00021	8e-05	0.00022	0.0	0.00039	0.0	8e-05	0.0001	0.00026	
0.08878	0.10147	0.15272	0.02493	0.00079	0.00079	0.00079	0.00079	0.00079	0.04631	0.00079	0.0069	0.02013	0.01278	0.0	0.01329	0.41891	0.02087	0.40967	0.02697	0.22318	0.00079	0.00079	0.00079	0.04679	0.04695	1.00114	0.00079	0.00079	0.0	0.01193	0.01193	0.00079	0.38613	0.00079	1.00114	0.65191	1.00114	0.02173	1.00114	0.00356	0.00841	0.00841	0.33977	0.00934	1.00114	0.56797	0.01737	0.01427	0.01299	0.01278	0.0	0.00901	0.03916	0.00079	0.47914	0.40573	0.00079	0.0213	0.105	0.00079	0.00079	0.00079	0.00079	0.00079	1.00114	0.01873	0.18759	0.00079	0.01805	0.32162	0.01895	0.39541	0.03631	0.15003	0.02812	0.00079	0.00861	0.00079	0.01635	0.31538	0.36316	0.0	0.0	0.24629	0.0	0.22837	0.0	0.00356	0.23584	0.01299	0.56797	1.00114	0.66486	0.02323	0.02287	0.3831	0.03313	0.00079	0.01261	0.26657	0.02351	0.04409	0.49477	0.02652	1.00222	0.16571	0.34912	0.02645	0.02107	0.0	0.24472	0.22586	0.24768	0.16405	0.0	0.08114	0.11517	0.42679	0.60925	0.02798	0.37898	0.2867	0.01697	0.00079	0.02685	0.15683	0.08481	0.11046	0.46416	0.0	0.0	0.0	0.0	0.0	0.0	0.0	0.0	0.0	0.45219	0.01684	0.16457	0.36815	0.32225	0.19126	0.2695	0.18488	0.02788	0.34762	0.23939	0.74363	0.01193	0.00079	0.01484	0.03559	0.18837	0.00183	0.32127	0.00183	0.124	0.14712	0.30978	
0.03135	0.02303	0.0158	0.01399	0.00016	0.00016	0.00016	0.00016	0.00016	0.02551	0.00016	0.0044	0.01149	0.00787	0.0	0.00578	0.01565	0.01227	0.01576	0.01548	0.0191	0.00016	0.00016	0.00016	0.08603	0.07247	0.01193	0.00016	0.00016	0.01193	0.0	0.99962	0.00016	0.01737	0.00016	0.01193	0.01303	0.01193	0.0123	0.01193	0.00083	0.00535	0.00535	0.01716	0.00589	0.01193	0.01426	0.01009	0.00845	0.00799	0.00787	0.0	0.00573	0.02185	0.00016	0.15341	0.01458	0.00016	0.01212	0.03688	0.00016	0.00016	0.00016	0.00016	0.00016	0.01193	0.01114	0.03413	0.00016	0.49001	0.01533	0.01125	0.02277	0.01964	0.08724	0.01526	0.00016	0.00547	0.00016	0.5481	0.00993	0.01141	0.0	0.0	0.01649	0.00163	0.01348	0.00514	0.00083	0.02087	0.00799	0.01426	0.01193	0.01289	0.01311	0.01334	0.03047	0.01798	0.00016	0.00779	0.24191	0.01319	0.02382	0.01735	0.01473	0.0126	0.02206	0.02092	0.01472	0.25927	0.00418	0.25386	0.02051	0.07923	0.07844	0.0	0.04176	0.056	0.01653	0.01355	0.0156	0.01694	0.01721	0.00985	0.00016	0.01524	0.15562	0.04403	0.05478	0.06618	0.0	0.0	0.0	0.0	0.0	0.0	0.0	0.0	0.0	0.07176	0.0098	0.10798	0.13159	0.05722	0.02021	0.02065	0.08334	0.01536	0.0155	0.01916	0.01229	0.99962	0.00016	0.00904	0.01998	0.02096	0.00027	0.15338	0.00027	0.02652	0.02586	0.03038	
0.03135	0.02303	0.0158	0.01399	0.00016	0.00016	0.00016	0.00016	0.00016	0.02551	0.00016	0.0044	0.01149	0.00787	0.0	0.00578	0.01565	0.01227	0.01576	0.01548	0.0191	0.00016	0.00016	0.00016	0.08603	0.07247	0.01193	0.00016	0.00016	0.01193	0.99962	0.0	0.00016	0.01737	0.00016	0.01193	0.01303	0.01193	0.0123	0.01193	0.00083	0.00535	0.00535	0.01716	0.00589	0.01193	0.01426	0.01009	0.00845	0.00799	0.00787	0.0	0.00573	0.02185	0.00016	0.15341	0.01458	0.00016	0.01212	0.03688	0.00016	0.00016	0.00016	0.00016	0.00016	0.01193	0.01114	0.03413	0.00016	0.49001	0.01533	0.01125	0.02277	0.01964	0.08724	0.01526	0.00016	0.00547	0.00016	0.5481	0.00993	0.01141	0.0	0.0	0.01649	0.00163	0.01348	0.00514	0.00083	0.02087	0.00799	0.01426	0.01193	0.01289	0.01311	0.01334	0.03047	0.01798	0.00016	0.00779	0.24191	0.01319	0.02382	0.01735	0.01473	0.0126	0.02206	0.02092	0.01472	0.25927	0.00418	0.25386	0.02051	0.07923	0.07844	0.0	0.04176	0.056	0.01653	0.01355	0.0156	0.01694	0.01721	0.00985	0.00016	0.01524	0.15562	0.04403	0.05478	0.06618	0.0	0.0	0.0	0.0	0.0	0.0	0.0	0.0	0.0	0.07176	0.0098	0.10798	0.13159	0.05722	0.02021	0.02065	0.08334	0.01536	0.0155	0.01916	0.01229	0.99962	0.00016	0.00904	0.01998	0.02096	0.00027	0.15338	0.00027	0.02652	0.02586	0.03038	
3e-05	3e-05	8e-05	6e-05	0.0	0.0	0.0	0.0	0.0	6e-05	0.0	0.00029	9e-05	0.00015	0.0	0.0	0.00043	9e-05	0.00029	7e-05	0.00014	0.0	0.0	0.0	6e-05	2e-05	0.00079	0.0	0.0	0.00079	0.00016	0.00016	0.0	0.00027	0.0	0.00079	0.0005	0.00079	0.0001	0.00079	0.0	0.00029	0.00029	0.00023	0.00022	0.00079	0.00046	0.0001	0.0001	0.00014	0.00015	0.0	0.00037	0.00013	0.0	0.00037	0.00031	0.0	8e-05	0.00011	0.0	0.0	0.0	0.0	0.0	0.00079	0.00014	0.00024	0.0	9e-05	0.00021	0.0001	0.00032	3e-05	0.00011	4e-05	0.0	0.00029	0.0	6e-05	7e-05	0.00019	0.0	0.0	0.00013	0.0	9e-05	0.0	0.0	0.00016	0.00014	0.00046	0.00079	0.0005	6e-05	0.00012	0.00031	5e-05	0.0	0.00022	0.00017	4e-05	4e-05	0.00039	3e-05	0.00083	0.00015	0.00028	6e-05	6e-05	0.0	0.00012	0.00026	0.0002	0.00014	0.0	4e-05	8e-05	0.00032	0.00046	5e-05	0.00031	0.00026	6e-05	0.0	0.00012	0.00011	6e-05	0.00013	0.00043	0.0	0.0	0.0	0.0	0.0	0.0	0.0	0.0	0.0	0.00035	0.0001	0.00018	0.0003	0.00028	0.0002	0.00028	0.00014	4e-05	0.00022	0.00028	0.00057	0.00016	0.0	0.00021	8e-05	0.00022	0.0	0.00039	0.0	8e-05	0.0001	0.00026	
0.12088	0.17482	0.19954	0.04711	0.00027	0.00027	0.00027	0.00027	0.00027	0.05216	0.00027	0.00882	0.03623	0.01894	0.0	0.01273	0.22706	0.03506	0.37896	0.04831	0.16717	0.00027	0.00027	0.00027	0.05225	0.15056	0.38613	0.00027	0.00027	0.38613	0.01737	0.01737	0.00027	0.0	0.00027	0.38613	0.33302	0.38613	0.16224	0.38613	0.03498	0.01124	0.01124	0.26436	0.01282	0.38613	0.52229	0.02977	0.02312	0.01933	0.01894	0.0	0.01221	0.03956	0.00027	0.36706	0.2322	0.00027	0.11206	0.25059	0.00027	0.00027	0.00027	0.00027	0.00027	0.38613	0.03058	0.31011	0.00027	0.12519	0.32352	0.11385	0.2628	0.21427	0.2187	0.17689	0.00027	0.01157	0.00027	0.02762	0.13422	0.41384	0.0	0.0	0.20976	0.1739	0.18886	0.29365	0.03498	0.17403	0.01933	0.52229	0.38613	0.33525	0.20116	0.0393	0.41744	0.09295	0.00027	0.13435	0.33093	0.10699	0.05629	0.38348	0.37248	0.38745	0.27703	0.51872	0.26582	0.03817	0.16758	0.14258	0.42111	0.24805	0.32338	0.0	0.21238	0.14409	0.28756	0.32559	0.05392	0.27412	0.30161	0.02897	0.00027	0.08275	0.18854	0.08516	0.16813	0.30607	0.0	0.0	0.0	0.0	0.0	0.0	0.0	0.0	0.0	0.30664	0.31214	0.21524	0.40908	0.24429	0.27617	0.23566	0.28876	0.05539	0.33278	0.41457	0.34841	0.01737	0.00027	0.02279	0.06796	0.19361	0.00092	0.19615	0.00092	0.12386	0.14653	0.24147	
3e-05	3e-05	8e-05	6e-05	0.0	0.0	0.0	0.0	0.0	6e-05	0.0	0.00029	9e-05	0.00015	0.0	0.0	0.00043	9e-05	0.00029	7e-05	0.00014	0.0	0.0	0.0	6e-05	2e-05	0.00079	0.0	0.0	0.00079	0.00016	0.00016	0.0	0.00027	0.0	0.00079	0.0005	0.00079	0.0001	0.00079	0.0	0.00029	0.00029	0.00023	0.00022	0.00079	0.00046	0.0001	0.0001	0.00014	0.00015	0.0	0.00037	0.00013	0.0	0.00037	0.00031	0.0	8e-05	0.00011	0.0	0.0	0.0	0.0	0.0	0.00079	0.00014	0.00024	0.0	9e-05	0.00021	0.0001	0.00032	3e-05	0.00011	4e-05	0.0	0.00029	0.0	6e-05	7e-05	0.00019	0.0	0.0	0.00013	0.0	9e-05	0.0	0.0	0.00016	0.00014	0.00046	0.00079	0.0005	6e-05	0.00012	0.00031	5e-05	0.0	0.00022	0.00017	4e-05	4e-05	0.00039	3e-05	0.00083	0.00015	0.00028	6e-05	6e-05	0.0	0.00012	0.00026	0.0002	0.00014	0.0	4e-05	8e-05	0.00032	0.00046	5e-05	0.00031	0.00026	6e-05	0.0	0.00012	0.00011	6e-05	0.00013	0.00043	0.0	0.0	0.0	0.0	0.0	0.0	0.0	0.0	0.0	0.00035	0.0001	0.00018	0.0003	0.00028	0.0002	0.00028	0.00014	4e-05	0.00022	0.00028	0.00057	0.00016	0.0	0.00021	8e-05	0.00022	0.0	0.00039	0.0	8e-05	0.0001	0.00026	
