0.0	0.0	0.0	0.0	0.0	0.0	0.0	0.0	0.0	0.0	0.0	0.0	0.0	0.0	0.0	0.0	0.0	0.0	0.0	0.0	0.0	0.0	0.0	0.0	0.0	0.0	0.0	0.0	0.0	0.0	0.0	0.0	0.0	0.0	0.0	0.0	0.0	0.0	0.0	0.0	0.0	0.0	0.0	0.0	0.0	0.0	0.0	0.0	0.0	0.0	0.0	0.0	0.0	0.0	0.0	0.0	0.0	0.0	0.0	0.0	0.0	0.0	0.0	0.0	0.0	0.0	0.0	0.0	0.0	0.0	0.0	0.0	0.0	0.0	0.0	0.0	0.0	0.0	0.0	0.0	0.0	0.0	0.0	0.0	0.0	0.0	0.0	0.0	0.0	0.0	0.0	0.0	0.0	0.0	0.0	0.0	0.0	0.0	0.0	0.0	0.0	0.0	0.0	0.0	0.0	0.0	
0.0	0.0	0.0	0.0	0.0	0.0	0.0	0.0	0.0	0.0	0.0	0.0	0.0	0.0	0.0	0.0	0.0	0.0	0.0	0.0	0.0	0.0	0.0	0.0	0.0	0.0	0.0	0.0	0.0	0.0	0.0	0.0	0.0	0.0	0.0	0.0	0.0	0.0	0.0	0.0	0.0	0.0	0.0	0.0	0.0	0.0	0.0	0.0	0.0	0.0	0.0	0.0	0.0	0.0	0.0	0.0	0.0	0.0	0.0	0.0	0.0	0.0	0.0	0.0	0.0	0.0	0.0	0.0	0.0	0.0	0.0	0.0	0.0	0.0	0.0	0.0	0.0	0.0	0.0	0.0	0.0	0.0	0.0	0.0	0.0	0.0	0.0	0.0	0.0	0.0	0.0	0.0	0.0	0.0	0.0	0.0	0.0	0.0	0.0	0.0	0.0	0.0	0.0	0.0	0.0	0.0	
0.0	0.0	0.0	0.0	0.12583	0.12172	0.12583	0.07699	0.0374	0.00187	0.00187	0.00187	0.00187	0.00187	0.00187	0.00914	0.22703	0.09256	0.0939	0.26428	0.8856	1.79278	0.0	0.74237	0.45546	0.17909	0.16315	0.15969	0.25923	0.0	0.0	0.02238	0.00187	0.00187	0.00187	0.03373	0.06671	0.01462	0.15892	0.31868	0.0	0.0	0.25188	0.29823	0.05517	0.24337	0.12278	0.0	0.0	0.00187	0.06679	0.00187	0.00187	0.0	0.09633	0.2613	0.0	0.17928	0.18798	0.0	0.29118	0.0	0.11064	0.12531	0.0475	0.00187	0.07612	0.15874	0.02238	0.25053	0.14754	0.0	0.0	0.23964	0.13723	0.0	0.16154	0.13135	0.0	0.0676	0.0	0.16293	0.09428	0.21475	0.00187	0.00187	0.00187	0.00187	0.00187	0.00187	0.00187	0.00187	1.45855	1.45855	0.00187	0.00187	0.00187	0.00187	0.00187	0.12595	0.11818	0.13087	0.0	0.35828	0.0	0.0	
0.0	0.0	0.0	0.0	0.0	0.0	0.0	0.0	0.0	0.0	0.0	0.0	0.0	0.0	0.0	0.0	0.0	0.0	0.0	0.0	0.0	0.0	0.0	0.0	0.0	0.0	0.0	0.0	0.0	0.0	0.0	0.0	0.0	0.0	0.0	0.0	0.0	0.0	0.0	0.0	0.0	0.0	0.0	0.0	0.0	0.0	0.0	0.0	0.0	0.0	0.0	0.0	0.0	0.0	0.0	0.0	0.0	0.0	0.0	0.0	0.0	0.0	0.0	0.0	0.0	0.0	0.0	0.0	0.0	0.0	0.0	0.0	0.0	0.0	0.0	0.0	0.0	0.0	0.0	0.0	0.0	0.0	0.0	0.0	0.0	0.0	0.0	0.0	0.0	0.0	0.0	0.0	0.0	0.0	0.0	0.0	0.0	0.0	0.0	0.0	0.0	0.0	0.0	0.0	0.0	0.0	
0.0	0.0	0.12583	0.0	0.0	0.38321	1.00089	0.19763	0.23021	0.00055	0.00055	0.00055	0.00055	0.00055	0.00055	0.08457	0.13276	0.10774	0.15574	0.26508	0.42197	0.29629	0.0	0.23098	0.15095	0.19742	0.21113	0.10768	0.03936	0.0	0.0	0.00551	0.00055	0.00055	0.00055	0.00862	0.01424	0.00639	0.03498	0.07712	0.0	0.0	0.2227	0.16247	0.01218	0.09649	0.09811	0.0	0.0	0.00055	0.01411	0.00055	0.00055	0.0	0.12144	0.20946	0.0	0.12431	0.11514	0.0	0.09045	0.0	0.14155	0.05016	0.03898	0.00055	0.01452	0.05103	0.00551	0.45321	0.23705	0.0	0.0	0.05052	0.03293	0.0	0.10296	0.20147	0.0	0.03818	0.0	0.16441	0.03026	0.05453	0.00055	0.00055	0.00055	0.00055	0.00055	0.00055	0.00055	0.00055	0.0	0.0	0.00055	0.00055	0.00055	0.00055	0.00055	1.00108	0.29625	0.28262	0.0	0.13119	0.0	0.0	
0.0	0.0	0.12172	0.0	0.38321	0.0	0.38321	0.22342	0.12686	0.001	0.001	0.001	0.001	0.001	0.001	0.07258	0.12247	0.11492	0.03411	0.2641	0.42772	0.31205	0.0	0.24328	0.15704	0.19732	0.19946	0.12888	0.15305	0.0	0.0	0.00604	0.001	0.001	0.001	0.0092	0.01512	0.00784	0.03688	0.08947	0.0	0.0	0.1343	0.13171	0.01293	0.17027	0.12719	0.0	0.0	0.001	0.48023	0.001	0.001	0.0	0.238	0.15239	0.0	0.0743	0.10937	0.0	0.1191	0.0	0.20641	0.0949	0.11461	0.001	0.0154	0.05407	0.00604	0.18042	0.2322	0.0	0.0	0.14896	0.24293	0.0	0.11044	0.23541	0.0	0.14531	0.0	0.30304	0.03212	0.10773	0.001	0.001	0.001	0.001	0.001	0.001	0.001	0.001	0.0	0.0	0.001	0.001	0.001	0.001	0.001	0.38333	0.28714	0.25033	0.0	0.17927	0.0	0.0	
0.0	0.0	0.12583	0.0	1.00089	0.38321	0.0	0.19763	0.23021	0.00055	0.00055	0.00055	0.00055	0.00055	0.00055	0.08457	0.13276	0.10774	0.15574	0.26508	0.42197	0.29629	0.0	0.23098	0.15095	0.19742	0.21113	0.10768	0.03936	0.0	0.0	0.00551	0.00055	0.00055	0.00055	0.00862	0.01424	0.00639	0.03498	0.07712	0.0	0.0	0.2227	0.16247	0.01218	0.09649	0.09811	0.0	0.0	0.00055	0.01411	0.00055	0.00055	0.0	0.12144	0.20946	0.0	0.12431	0.11514	0.0	0.09045	0.0	0.14155	0.05016	0.03898	0.00055	0.01452	0.05103	0.00551	0.45321	0.23705	0.0	0.0	0.05052	0.03293	0.0	0.10296	0.20147	0.0	0.03818	0.0	0.16441	0.03026	0.05453	0.00055	0.00055	0.00055	0.00055	0.00055	0.00055	0.00055	0.00055	0.0	0.0	0.00055	0.00055	0.00055	0.00055	0.00055	1.00108	0.29625	0.28262	0.0	0.13119	0.0	0.0	
0.0	0.0	0.07699	0.0	0.19763	0.22342	0.19763	0.0	0.09636	0.00012	0.00012	0.00012	0.00012	0.00012	0.00012	0.08396	0.15481	0.03057	0.07635	0.12635	0.25039	0.24748	0.0	0.33977	0.16263	0.18283	0.17731	0.07922	0.06237	0.0	0.0	0.01059	0.00012	0.00012	0.00012	0.0166	0.0291	0.0154	0.06934	0.03641	0.0	0.0	0.08466	0.17889	0.02696	0.07584	0.03432	0.0	0.0	0.00012	0.10688	0.00012	0.00012	0.0	0.08173	0.13346	0.0	0.06709	0.11136	0.0	0.05134	0.0	0.10333	0.06916	0.0599	0.00012	0.07562	0.12296	0.01059	0.1503	0.09438	0.0	0.0	0.07601	0.11868	0.0	0.06756	0.14254	0.0	0.05056	0.0	0.12208	0.03325	0.07193	0.00012	0.00012	0.00012	0.00012	0.00012	0.00012	0.00012	0.00012	0.30385	0.30385	0.00012	0.00012	0.00012	0.00012	0.00012	0.1968	0.07842	0.26935	0.0	0.07636	0.0	0.0	
0.0	0.0	0.0374	0.0	0.23021	0.12686	0.23021	0.09636	0.0	0.00085	0.00085	0.00085	0.00085	0.00085	0.00085	0.07141	0.06046	0.00958	0.17372	0.15251	0.33281	0.65878	0.0	0.51378	0.08361	0.10223	0.0914	0.14902	0.01417	0.0	0.0	0.01034	0.00085	0.00085	0.00085	0.016	0.02764	0.01561	0.07094	0.09165	0.0	0.0	0.12386	0.03391	0.02398	0.08246	0.00798	0.0	0.0	0.00085	0.02722	0.00085	0.00085	0.0	0.01162	0.08418	0.0	0.04779	0.08014	0.0	0.04319	0.0	0.10982	0.07438	0.06169	0.00085	0.02932	0.11577	0.01034	0.20039	0.04794	0.0	0.0	0.05845	0.07117	0.0	0.01004	0.12446	0.0	0.03809	0.0	0.03765	0.04853	0.08657	0.00085	0.00085	0.00085	0.00085	0.00085	0.00085	0.00085	0.00085	0.0	0.0	0.00085	0.00085	0.00085	0.00085	0.00085	0.23031	0.04384	0.12579	0.0	0.04096	0.0	0.0	
0.0	0.0	0.00187	0.0	0.00055	0.001	0.00055	0.00012	0.00085	0.0	0.0	0.0	0.0	0.0	0.0	0.00216	0.00152	0.00041	0.00143	0.00334	0.00013	0.00032	0.0	8e-05	0.0001	0.0055	0.0005	0.00174	0.00264	0.0	0.0	0.0009	0.0	0.0	0.0	0.00285	0.00359	0.0	0.01203	0.00566	0.0	0.0	0.00367	0.00322	0.00067	0.00278	0.00216	0.0	0.0	0.0	0.00268	0.0	0.0	0.0	0.00045	0.0009	0.0	0.001	0.00096	0.0	0.00158	0.0	0.00034	0.00085	0.00065	0.0	0.00058	0.00265	0.0009	0.00119	0.00057	0.0	0.0	0.00134	0.00223	0.0	0.00282	0.00096	0.0	0.001	0.0	0.00219	0.0044	0.0074	0.0	0.0	0.0	0.0	0.0	0.0	0.0	0.0	0.0	0.0	0.0	0.0	0.0	0.0	0.0	0.00074	0.00016	0.0004	0.0	0.00292	0.0	0.0	
0.0	0.0	0.00187	0.0	0.00055	0.001	0.00055	0.00012	0.00085	0.0	0.0	0.0	0.0	0.0	0.0	0.00216	0.00152	0.00041	0.00143	0.00334	0.00013	0.00032	0.0	8e-05	0.0001	0.0055	0.0005	0.00174	0.00264	0.0	0.0	0.0009	0.0	0.0	0.0	0.00285	0.00359	0.0	0.01203	0.00566	0.0	0.0	0.00367	0.00322	0.00067	0.00278	0.00216	0.0	0.0	0.0	0.00268	0.0	0.0	0.0	0.00045	0.0009	0.0	0.001	0.00096	0.0	0.00158	0.0	0.00034	0.00085	0.00065	0.0	0.00058	0.00265	0.0009	0.00119	0.00057	0.0	0.0	0.00134	0.00223	0.0	0.00282	0.00096	0.0	0.001	0.0	0.00219	0.0044	0.0074	0.0	0.0	0.0	0.0	0.0	0.0	0.0	0.0	0.0	0.0	0.0	0.0	0.0	0.0	0.0	0.00074	0.00016	0.0004	0.0	0.00292	0.0	0.0	
0.0	0.0	0.00187	0.0	0.00055	0.001	0.00055	0.00012	0.00085	0.0	0.0	0.0	0.0	0.0	0.0	0.00216	0.00152	0.00041	0.00143	0.00334	0.00013	0.00032	0.0	8e-05	0.0001	0.0055	0.0005	0.00174	0.00264	0.0	0.0	0.0009	0.0	0.0	0.0	0.00285	0.00359	0.0	0.01203	0.00566	0.0	0.0	0.00367	0.00322	0.00067	0.00278	0.00216	0.0	0.0	0.0	0.00268	0.0	0.0	0.0	0.00045	0.0009	0.0	0.001	0.00096	0.0	0.00158	0.0	0.00034	0.00085	0.00065	0.0	0.00058	0.00265	0.0009	0.00119	0.00057	0.0	0.0	0.00134	0.00223	0.0	0.00282	0.00096	0.0	0.001	0.0	0.00219	0.0044	0.0074	0.0	0.0	0.0	0.0	0.0	0.0	0.0	0.0	0.0	0.0	0.0	0.0	0.0	0.0	0.0	0.00074	0.00016	0.0004	0.0	0.00292	0.0	0.0	
0.0	0.0	0.00187	0.0	0.00055	0.001	0.00055	0.00012	0.00085	0.0	0.0	0.0	0.0	0.0	0.0	0.00216	0.00152	0.00041	0.00143	0.00334	0.00013	0.00032	0.0	8e-05	0.0001	0.0055	0.0005	0.00174	0.00264	0.0	0.0	0.0009	0.0	0.0	0.0	0.00285	0.00359	0.0	0.01203	0.00566	0.0	0.0	0.00367	0.00322	0.00067	0.00278	0.00216	0.0	0.0	0.0	0.00268	0.0	0.0	0.0	0.00045	0.0009	0.0	0.001	0.00096	0.0	0.00158	0.0	0.00034	0.00085	0.00065	0.0	0.00058	0.00265	0.0009	0.00119	0.00057	0.0	0.0	0.00134	0.00223	0.0	0.00282	0.00096	0.0	0.001	0.0	0.00219	0.0044	0.0074	0.0	0.0	0.0	0.0	0.0	0.0	0.0	0.0	0.0	0.0	0.0	0.0	0.0	0.0	0.0	0.00074	0.00016	0.0004	0.0	0.00292	0.0	0.0	
0.0	0.0	0.00187	0.0	0.00055	0.001	0.00055	0.00012	0.00085	0.0	0.0	0.0	0.0	0.0	0.0	0.00114	0.00153	0.00081	0.00093	0.00464	0.00013	0.00032	0.0	8e-05	0.0001	0.00287	0.00068	0.00242	0.00183	0.0	0.0	0.00063	0.0	0.0	0.0	0.00358	0.00451	0.0	0.01428	0.00179	0.0	0.0	0.00482	0.00191	0.0004	0.00295	0.00222	0.0	0.0	0.0	0.00204	0.0	0.0	0.0	0.00023	0.00115	0.0	0.0017	0.00045	0.0	0.00258	0.0	0.00017	0.00116	0.00169	0.0	0.00032	0.00384	0.00063	0.00068	0.00033	0.0	0.0	0.00097	0.00245	0.0	0.00266	0.00203	0.0	0.0007	0.0	0.00151	0.00573	0.00971	0.0	0.0	0.0	0.0	0.0	0.0	0.0	0.0	0.0	0.0	0.0	0.0	0.0	0.0	0.0	0.00053	6e-05	0.00013	0.0	0.00295	0.0	0.0	
0.0	0.0	0.00187	0.0	0.00055	0.001	0.00055	0.00012	0.00085	0.0	0.0	0.0	0.0	0.0	0.0	0.00114	0.00153	0.00081	0.00093	0.00464	0.00013	0.00032	0.0	8e-05	0.0001	0.00287	0.00068	0.00242	0.00183	0.0	0.0	0.00063	0.0	0.0	0.0	0.00358	0.00451	0.0	0.01428	0.00179	0.0	0.0	0.00482	0.00191	0.0004	0.00295	0.00222	0.0	0.0	0.0	0.00204	0.0	0.0	0.0	0.00023	0.00115	0.0	0.0017	0.00045	0.0	0.00258	0.0	0.00017	0.00116	0.00169	0.0	0.00032	0.00384	0.00063	0.00068	0.00033	0.0	0.0	0.00097	0.00245	0.0	0.00266	0.00203	0.0	0.0007	0.0	0.00151	0.00573	0.00971	0.0	0.0	0.0	0.0	0.0	0.0	0.0	0.0	0.0	0.0	0.0	0.0	0.0	0.0	0.0	0.00053	6e-05	0.00013	0.0	0.00295	0.0	0.0	
0.0	0.0	0.00914	0.0	0.08457	0.07258	0.08457	0.08396	0.07141	0.00216	0.00216	0.00216	0.00216	0.00114	0.00114	0.0	0.06579	0.04744	0.09838	0.07845	0.26405	0.23777	0.0	0.20628	0.32945	0.13271	0.08633	0.05908	0.03063	0.0	0.0	0.0262	0.00114	0.00114	0.00114	0.04142	0.00726	0.02368	0.02606	0.02237	0.0	0.0	0.02874	0.08281	0.03419	0.07273	0.04144	0.0	0.0	0.00114	0.03858	0.00114	0.00114	0.0	0.11598	0.11627	0.0	0.03121	0.00565	0.0	0.09514	0.0	0.0577	0.08883	0.04615	0.00114	0.06074	0.10981	0.0262	0.02759	0.03726	0.0	0.0	0.02717	0.11051	0.0	0.07865	0.10897	0.0	0.15982	0.0	0.02905	0.07513	0.12682	0.00114	0.00114	0.00114	0.00114	0.00114	0.00114	0.00114	0.00114	0.45053	0.45053	0.00114	0.00114	0.00114	0.00114	0.00114	0.08312	0.00095	0.01034	0.0	0.0525	0.0	0.0	
0.0	0.0	0.22703	0.0	0.13276	0.12247	0.13276	0.15481	0.06046	0.00152	0.00152	0.00152	0.00152	0.00153	0.00153	0.06579	0.0	0.11916	0.11089	0.15281	0.92413	1.07005	0.0	0.42273	0.46235	0.16942	0.22847	0.35204	0.17569	0.0	0.0	0.0185	0.00153	0.00153	0.00153	0.03367	0.06652	0.01407	0.16292	0.09299	0.0	0.0	0.13164	0.28652	0.05523	0.32333	0.07626	0.0	0.0	0.00153	0.05444	0.00153	0.00153	0.0	0.08474	0.22223	0.0	0.1077	0.14215	0.0	0.1873	0.0	0.06521	0.05103	0.10662	0.00153	0.06324	0.25238	0.0185	0.16163	0.07277	0.0	0.0	0.15731	0.1181	0.0	0.17398	0.12204	0.0	0.15384	0.0	0.10933	0.04492	0.08657	0.00153	0.00153	0.00153	0.00153	0.00153	0.00153	0.00153	0.00153	0.56419	0.56419	0.00153	0.00153	0.00153	0.00153	0.00153	0.12886	0.04221	0.08621	0.0	0.24473	0.0	0.0	
0.0	0.0	0.09256	0.0	0.10774	0.11492	0.10774	0.03057	0.00958	0.00041	0.00041	0.00041	0.00041	0.00081	0.00081	0.04744	0.11916	0.0	0.01583	0.1206	0.34651	0.27242	0.0	0.24498	0.40023	0.05961	0.05367	0.17334	0.08458	0.0	0.0	0.01364	0.00081	0.00081	0.00081	0.02166	0.00748	0.01143	0.04901	0.02118	0.0	0.0	0.0909	0.03038	0.03395	0.11132	0.07016	0.0	0.0	0.00081	0.05897	0.00081	0.00081	0.0	0.03786	0.10286	0.0	0.02984	0.06166	0.0	0.12249	0.0	0.08859	0.06263	0.02595	0.00081	0.11509	0.02887	0.01364	0.13015	0.03485	0.0	0.0	0.06126	0.07464	0.0	0.10264	0.17479	0.0	0.15049	0.0	0.05272	0.02167	0.08655	0.00081	0.00081	0.00081	0.00081	0.00081	0.00081	0.00081	0.00081	0.33428	0.33428	0.00081	0.00081	0.00081	0.00081	0.00081	0.10905	0.01748	0.09803	0.0	0.14929	0.0	0.0	
0.0	0.0	0.0939	0.0	0.15574	0.03411	0.15574	0.07635	0.17372	0.00143	0.00143	0.00143	0.00143	0.00093	0.00093	0.09838	0.11089	0.01583	0.0	0.10416	0.15049	0.16872	0.0	0.14476	0.17908	0.05028	0.11207	0.08923	0.09455	0.0	0.0	0.0677	0.00093	0.00093	0.00093	0.01132	0.0327	0.01048	0.0299	0.11246	0.0	0.0	0.07566	0.10744	0.01679	0.12046	0.03352	0.0	0.0	0.00093	0.01919	0.00093	0.00093	0.0	0.09731	0.08988	0.0	0.1765	0.09924	0.0	0.0336	0.0	0.05263	0.12165	0.15298	0.00093	0.02062	0.0543	0.0677	0.17624	0.03878	0.0	0.0	0.08973	0.05042	0.0	0.07624	0.07031	0.0	0.07258	0.0	0.16862	0.0407	0.02701	0.00093	0.00093	0.00093	0.00093	0.00093	0.00093	0.00093	0.00093	0.35488	0.35488	0.00093	0.00093	0.00093	0.00093	0.00093	0.15513	0.03057	0.06454	0.0	0.0677	0.0	0.0	
0.0	0.0	0.26428	0.0	0.26508	0.2641	0.26508	0.12635	0.15251	0.00334	0.00334	0.00334	0.00334	0.00464	0.00464	0.07845	0.15281	0.1206	0.10416	0.0	0.98784	1.54348	0.0	1.318	0.42863	0.3457	0.14648	0.29692	0.09441	0.0	0.0	0.01374	0.00464	0.00464	0.00464	0.05082	0.13978	0.11384	0.43874	0.16037	0.0	0.0	0.43677	0.1937	0.0282	0.36641	0.25975	0.0	0.0	0.00464	0.03172	0.00464	0.00464	0.0	0.09392	0.25631	0.0	0.17971	0.19721	0.0	0.53669	0.0	0.19752	0.13211	0.13741	0.00464	0.03469	0.29002	0.01374	0.18853	0.1851	0.0	0.0	0.09052	0.16733	0.0	0.35359	0.45832	0.0	0.05826	0.0	0.06825	0.27639	0.62783	0.00464	0.00464	0.00464	0.00464	0.00464	0.00464	0.00464	0.00464	3.7063	3.7063	0.00464	0.00464	0.00464	0.00464	0.00464	0.26448	0.19473	0.12503	0.0	0.32145	0.0	0.0	
0.0	0.0	0.8856	0.0	0.42197	0.42772	0.42197	0.25039	0.33281	0.00013	0.00013	0.00013	0.00013	0.00013	0.00013	0.26405	0.92413	0.34651	0.15049	0.98784	0.0	1.23112	0.0	0.1398	0.18566	0.8719	0.28926	0.74766	0.39993	0.0	0.0	0.02486	0.00013	0.00013	0.00013	0.06994	0.14062	0.01273	0.62367	0.21101	0.0	0.0	0.95873	0.45735	0.07062	1.23714	0.53939	0.0	0.0	0.00013	0.07466	0.00013	0.00013	0.0	0.11367	0.8653	0.0	0.28168	0.25567	0.0	0.60333	0.0	0.17957	0.42201	0.45141	0.00013	0.09791	0.52733	0.02486	0.44206	0.36206	0.0	0.0	0.24236	0.16646	0.0	0.92908	0.59463	0.0	0.15745	0.0	0.23673	0.13566	0.64628	0.00013	0.00013	0.00013	0.00013	0.00013	0.00013	0.00013	0.00013	0.23153	0.23153	0.00013	0.00013	0.00013	0.00013	0.00013	0.42335	0.32536	0.25453	0.0	1.01667	0.0	0.0	
0.0	0.0	1.79278	0.0	0.29629	0.31205	0.29629	0.24748	0.65878	0.00032	0.00032	0.00032	0.00032	0.00032	0.00032	0.23777	1.07005	0.27242	0.16872	1.54348	1.23112	0.0	0.0	0.03492	0.08449	1.32819	0.37453	1.99431	0.67756	0.0	0.0	0.0422	0.00032	0.00032	0.00032	0.10288	0.19692	0.0	2.33614	0.4327	0.0	0.0	2.29848	0.68842	0.11971	3.30283	1.08787	0.0	0.0	0.00032	0.12656	0.00032	0.00032	0.0	0.10015	0.75159	0.0	0.3078	0.37042	0.0	1.1399	0.0	0.12896	0.52971	0.67956	0.00032	0.16592	1.11483	0.0422	0.63936	0.37465	0.0	0.0	0.22804	0.50885	0.0	1.48719	0.79048	0.0	0.58179	0.0	0.4011	0.52551	2.37938	0.00032	0.00032	0.00032	0.00032	0.00032	0.00032	0.00032	0.00032	0.00031	0.00031	0.00032	0.00032	0.00032	0.00032	0.00032	0.29129	0.26753	0.24072	0.0	2.02667	0.0	0.0	
0.0	0.0	0.0	0.0	0.0	0.0	0.0	0.0	0.0	0.0	0.0	0.0	0.0	0.0	0.0	0.0	0.0	0.0	0.0	0.0	0.0	0.0	0.0	0.0	0.0	0.0	0.0	0.0	0.0	0.0	0.0	0.0	0.0	0.0	0.0	0.0	0.0	0.0	0.0	0.0	0.0	0.0	0.0	0.0	0.0	0.0	0.0	0.0	0.0	0.0	0.0	0.0	0.0	0.0	0.0	0.0	0.0	0.0	0.0	0.0	0.0	0.0	0.0	0.0	0.0	0.0	0.0	0.0	0.0	0.0	0.0	0.0	0.0	0.0	0.0	0.0	0.0	0.0	0.0	0.0	0.0	0.0	0.0	0.0	0.0	0.0	0.0	0.0	0.0	0.0	0.0	0.0	0.0	0.0	0.0	0.0	0.0	0.0	0.0	0.0	0.0	0.0	0.0	0.0	0.0	0.0	
0.0	0.0	0.74237	0.0	0.23098	0.24328	0.23098	0.33977	0.51378	8e-05	8e-05	8e-05	8e-05	8e-05	8e-05	0.20628	0.42273	0.24498	0.14476	1.318	0.1398	0.03492	0.0	0.0	0.07561	0.51259	0.32987	1.55568	0.52843	0.0	0.0	0.03275	8e-05	8e-05	8e-05	0.08984	0.33195	0.33008	1.80013	0.95009	0.0	0.0	3.11855	0.60168	0.09322	1.07956	0.55534	0.0	0.0	8e-05	0.09857	8e-05	8e-05	0.0	0.08934	0.2821	0.0	0.33457	0.4104	0.0	0.77764	0.0	0.1163	0.31049	0.52999	8e-05	0.12927	0.89871	0.03275	0.49863	0.29211	0.0	0.0	0.20838	0.40724	0.0	1.16006	0.70317	0.0	0.21294	0.0	0.31275	0.54621	0.0	8e-05	8e-05	8e-05	8e-05	8e-05	8e-05	8e-05	8e-05	7e-05	7e-05	8e-05	8e-05	8e-05	8e-05	8e-05	0.22708	0.20854	0.21257	0.0	0.85253	0.0	0.0	
0.0	0.0	0.45546	0.0	0.15095	0.15704	0.15095	0.16263	0.08361	0.0001	0.0001	0.0001	0.0001	0.0001	0.0001	0.32945	0.46235	0.40023	0.17908	0.42863	0.18566	0.08449	0.0	0.07561	0.0	0.37582	0.24895	0.23342	0.60303	0.0	0.0	0.0374	0.0001	0.0001	0.0001	0.04512	0.0809	0.75249	0.43186	0.20236	0.0	0.0	0.35233	0.64705	0.1064	0.26376	0.3123	0.0	0.0	0.0001	0.1125	0.0001	0.0001	0.0	0.23847	0.34226	0.0	0.20058	0.09261	0.0	0.59981	0.0	0.13854	0.19615	0.67348	0.0001	0.14756	0.32742	0.0374	0.18512	0.09831	0.0	0.0	0.55619	0.38039	0.0	1.39369	0.317	0.0	0.18168	0.0	0.35691	0.29227	0.32214	0.0001	0.0001	0.0001	0.0001	0.0001	0.0001	0.0001	0.0001	0.08034	0.08034	0.0001	0.0001	0.0001	0.0001	0.0001	0.15202	0.05913	0.42091	0.0	0.5118	0.0	0.0	
0.0	0.0	0.17909	0.0	0.19742	0.19732	0.19742	0.18283	0.10223	0.0055	0.0055	0.0055	0.0055	0.00287	0.00287	0.13271	0.16942	0.05961	0.05028	0.3457	0.8719	1.32819	0.0	0.51259	0.37582	0.0	0.07245	0.12165	0.08383	0.0	0.0	0.0116	0.00287	0.00287	0.00287	0.15053	0.14613	0.03486	0.26545	0.11193	0.0	0.0	0.17032	0.18498	0.02553	0.25226	0.15695	0.0	0.0	0.00287	0.0287	0.00287	0.00287	0.0	0.05893	0.1592	0.0	0.10569	0.13283	0.0	0.14437	0.0	0.15048	0.11074	0.07138	0.00287	0.03197	0.33296	0.0116	0.16123	0.1843	0.0	0.0	0.05808	0.06829	0.0	0.29093	0.26004	0.0	0.04686	0.0	0.07087	0.0662	0.20228	0.00287	0.00287	0.00287	0.00287	0.00287	0.00287	0.00287	0.00287	0.7616	0.7616	0.00287	0.00287	0.00287	0.00287	0.00287	0.19324	0.13035	0.08989	0.0	0.25842	0.0	0.0	
0.0	0.0	0.16315	0.0	0.21113	0.19946	0.21113	0.17731	0.0914	0.0005	0.0005	0.0005	0.0005	0.00068	0.00068	0.08633	0.22847	0.05367	0.11207	0.14648	0.28926	0.37453	0.0	0.32987	0.24895	0.07245	0.0	0.10163	0.09005	0.0	0.0	0.01047	0.00068	0.00068	0.00068	0.01672	0.03039	0.0087	0.07374	0.10747	0.0	0.0	0.13432	0.24923	0.08205	0.12819	0.10368	0.0	0.0	0.00068	0.08624	0.00068	0.00068	0.0	0.27649	0.16131	0.0	0.10609	0.11637	0.0	0.17455	0.0	0.10742	0.06979	0.0444	0.00068	0.03426	0.04804	0.01047	0.16181	0.06621	0.0	0.0	0.08757	0.1558	0.0	0.06755	0.19414	0.0	0.08615	0.0	0.1948	0.04212	0.07741	0.00068	0.00068	0.00068	0.00068	0.00068	0.00068	0.00068	0.00068	0.62186	0.62186	0.00068	0.00068	0.00068	0.00068	0.00068	0.20802	0.05452	0.20204	0.0	0.20211	0.0	0.0	
0.0	0.0	0.15969	0.0	0.10768	0.12888	0.10768	0.07922	0.14902	0.00174	0.00174	0.00174	0.00174	0.00242	0.00242	0.05908	0.35204	0.17334	0.08923	0.29692	0.74766	1.99431	0.0	1.55568	0.23342	0.12165	0.10163	0.0	0.27143	0.0	0.0	0.02625	0.00242	0.00242	0.00242	0.02954	0.05618	0.04642	0.19689	0.11253	0.0	0.0	0.224	0.19615	0.04772	0.27113	0.11726	0.0	0.0	0.00242	0.05927	0.00242	0.00242	0.0	0.09393	0.1537	0.0	0.10952	0.17593	0.0	0.26119	0.0	0.16821	0.06434	0.2036	0.00242	0.16917	0.31776	0.02625	0.19131	0.09493	0.0	0.0	0.27023	0.17092	0.0	0.19126	0.16846	0.0	0.08024	0.0	0.10637	0.12891	0.25949	0.00242	0.00242	0.00242	0.00242	0.00242	0.00242	0.00242	0.00242	0.0	0.0	0.00242	0.00242	0.00242	0.00242	0.00242	0.10365	0.04969	0.10821	0.0	0.26622	0.0	0.0	
0.0	0.0	0.25923	0.0	0.03936	0.15305	0.03936	0.06237	0.01417	0.00264	0.00264	0.00264	0.00264	0.00183	0.00183	0.03063	0.17569	0.08458	0.09455	0.09441	0.39993	0.67756	0.0	0.52843	0.60303	0.08383	0.09005	0.27143	0.0	0.0	0.0	0.04391	0.00183	0.00183	0.00183	0.01346	0.02328	0.01484	0.06018	0.17963	0.0	0.0	0.11015	0.21758	0.01984	0.18745	0.16797	0.0	0.0	0.00183	0.168	0.00183	0.00183	0.0	0.10284	0.08486	0.0	0.1415	0.16632	0.0	0.1284	0.0	0.11059	0.15097	0.2211	0.00183	0.02468	0.10403	0.04391	0.18899	0.1028	0.0	0.0	0.21988	0.14747	0.0	0.23102	0.07592	0.0	0.1536	0.0	0.25671	0.04919	0.16968	0.00183	0.00183	0.00183	0.00183	0.00183	0.00183	0.00183	0.00183	0.0	0.0	0.00183	0.00183	0.00183	0.00183	0.00183	0.03765	0.03674	0.08597	0.0	0.10248	0.0	0.0	
0.0	0.0	0.0	0.0	0.0	0.0	0.0	0.0	0.0	0.0	0.0	0.0	0.0	0.0	0.0	0.0	0.0	0.0	0.0	0.0	0.0	0.0	0.0	0.0	0.0	0.0	0.0	0.0	0.0	0.0	0.0	0.0	0.0	0.0	0.0	0.0	0.0	0.0	0.0	0.0	0.0	0.0	0.0	0.0	0.0	0.0	0.0	0.0	0.0	0.0	0.0	0.0	0.0	0.0	0.0	0.0	0.0	0.0	0.0	0.0	0.0	0.0	0.0	0.0	0.0	0.0	0.0	0.0	0.0	0.0	0.0	0.0	0.0	0.0	0.0	0.0	0.0	0.0	0.0	0.0	0.0	0.0	0.0	0.0	0.0	0.0	0.0	0.0	0.0	0.0	0.0	0.0	0.0	0.0	0.0	0.0	0.0	0.0	0.0	0.0	0.0	0.0	0.0	0.0	0.0	0.0	
0.0	0.0	0.0	0.0	0.0	0.0	0.0	0.0	0.0	0.0	0.0	0.0	0.0	0.0	0.0	0.0	0.0	0.0	0.0	0.0	0.0	0.0	0.0	0.0	0.0	0.0	0.0	0.0	0.0	0.0	0.0	0.0	0.0	0.0	0.0	0.0	0.0	0.0	0.0	0.0	0.0	0.0	0.0	0.0	0.0	0.0	0.0	0.0	0.0	0.0	0.0	0.0	0.0	0.0	0.0	0.0	0.0	0.0	0.0	0.0	0.0	0.0	0.0	0.0	0.0	0.0	0.0	0.0	0.0	0.0	0.0	0.0	0.0	0.0	0.0	0.0	0.0	0.0	0.0	0.0	0.0	0.0	0.0	0.0	0.0	0.0	0.0	0.0	0.0	0.0	0.0	0.0	0.0	0.0	0.0	0.0	0.0	0.0	0.0	0.0	0.0	0.0	0.0	0.0	0.0	0.0	
0.0	0.0	0.02238	0.0	0.00551	0.00604	0.00551	0.01059	0.01034	0.0009	0.0009	0.0009	0.0009	0.00063	0.00063	0.0262	0.0185	0.01364	0.0677	0.01374	0.02486	0.0422	0.0	0.03275	0.0374	0.0116	0.01047	0.02625	0.04391	0.0	0.0	0.0	0.00063	0.00063	0.00063	0.00502	0.00723	0.00535	0.01884	0.02067	0.0	0.0	0.01629	0.01927	0.00403	0.01724	0.02446	0.0	0.0	0.00063	0.00545	0.00063	0.00063	0.0	0.00849	0.01227	0.0	0.00959	0.01948	0.0	0.01436	0.0	0.00798	0.01064	0.00971	0.00063	0.0041	0.01267	1.00028	0.05187	0.00597	0.0	0.0	0.02784	0.00841	0.0	0.02126	0.01557	0.0	0.00804	0.0	0.0076	0.01174	0.01965	0.00063	0.00063	0.00063	0.00063	0.00063	0.00063	0.00063	0.00063	0.0	0.0	0.00063	0.00063	0.00063	0.00063	0.00063	0.00532	0.00551	0.00815	0.0	0.02664	0.0	0.0	
0.0	0.0	0.00187	0.0	0.00055	0.001	0.00055	0.00012	0.00085	0.0	0.0	0.0	0.0	0.0	0.0	0.00114	0.00153	0.00081	0.00093	0.00464	0.00013	0.00032	0.0	8e-05	0.0001	0.00287	0.00068	0.00242	0.00183	0.0	0.0	0.00063	0.0	0.0	0.0	0.00358	0.00451	0.0	0.01428	0.00179	0.0	0.0	0.00482	0.00191	0.0004	0.00295	0.00222	0.0	0.0	0.0	0.00204	0.0	0.0	0.0	0.00023	0.00115	0.0	0.0017	0.00045	0.0	0.00258	0.0	0.00017	0.00116	0.00169	0.0	0.00032	0.00384	0.00063	0.00068	0.00033	0.0	0.0	0.00097	0.00245	0.0	0.00266	0.00203	0.0	0.0007	0.0	0.00151	0.00573	0.00971	0.0	0.0	0.0	0.0	0.0	0.0	0.0	0.0	0.0	0.0	0.0	0.0	0.0	0.0	0.0	0.00053	6e-05	0.00013	0.0	0.00295	0.0	0.0	
0.0	0.0	0.00187	0.0	0.00055	0.001	0.00055	0.00012	0.00085	0.0	0.0	0.0	0.0	0.0	0.0	0.00114	0.00153	0.00081	0.00093	0.00464	0.00013	0.00032	0.0	8e-05	0.0001	0.00287	0.00068	0.00242	0.00183	0.0	0.0	0.00063	0.0	0.0	0.0	0.00358	0.00451	0.0	0.01428	0.00179	0.0	0.0	0.00482	0.00191	0.0004	0.00295	0.00222	0.0	0.0	0.0	0.00204	0.0	0.0	0.0	0.00023	0.00115	0.0	0.0017	0.00045	0.0	0.00258	0.0	0.00017	0.00116	0.00169	0.0	0.00032	0.00384	0.00063	0.00068	0.00033	0.0	0.0	0.00097	0.00245	0.0	0.00266	0.00203	0.0	0.0007	0.0	0.00151	0.00573	0.00971	0.0	0.0	0.0	0.0	0.0	0.0	0.0	0.0	0.0	0.0	0.0	0.0	0.0	0.0	0.0	0.00053	6e-05	0.00013	0.0	0.00295	0.0	0.0	
0.0	0.0	0.00187	0.0	0.00055	0.001	0.00055	0.00012	0.00085	0.0	0.0	0.0	0.0	0.0	0.0	0.00114	0.00153	0.00081	0.00093	0.00464	0.00013	0.00032	0.0	8e-05	0.0001	0.00287	0.00068	0.00242	0.00183	0.0	0.0	0.00063	0.0	0.0	0.0	0.00358	0.00451	0.0	0.01428	0.00179	0.0	0.0	0.00482	0.00191	0.0004	0.00295	0.00222	0.0	0.0	0.0	0.00204	0.0	0.0	0.0	0.00023	0.00115	0.0	0.0017	0.00045	0.0	0.00258	0.0	0.00017	0.00116	0.00169	0.0	0.00032	0.00384	0.00063	0.00068	0.00033	0.0	0.0	0.00097	0.00245	0.0	0.00266	0.00203	0.0	0.0007	0.0	0.00151	0.00573	0.00971	0.0	0.0	0.0	0.0	0.0	0.0	0.0	0.0	0.0	0.0	0.0	0.0	0.0	0.0	0.0	0.00053	6e-05	0.00013	0.0	0.00295	0.0	0.0	
0.0	0.0	0.03373	0.0	0.00862	0.0092	0.00862	0.0166	0.016	0.00285	0.00285	0.00285	0.00285	0.00358	0.00358	0.04142	0.03367	0.02166	0.01132	0.05082	0.06994	0.10288	0.0	0.08984	0.04512	0.15053	0.01672	0.02954	0.01346	0.0	0.0	0.00502	0.00358	0.00358	0.00358	0.0	0.4123	0.00015	0.17396	0.10297	0.0	0.0	0.05009	0.02711	0.00686	0.03899	0.03515	0.0	0.0	0.00358	0.00823	0.00358	0.00358	0.0	0.01369	0.03594	0.0	0.08664	0.07132	0.0	0.03603	0.0	0.06568	0.01661	0.01482	0.00358	0.0069	0.06514	0.00502	0.01249	0.00953	0.0	0.0	0.01544	0.01235	0.0	0.02941	0.03899	0.0	0.01274	0.0	0.011	0.01416	0.08379	0.00358	0.00358	0.00358	0.00358	0.00358	0.00358	0.00358	0.00358	0.15902	0.15902	0.00358	0.00358	0.00358	0.00358	0.00358	0.00859	0.00911	0.01326	0.0	0.04453	0.0	0.0	
0.0	0.0	0.06671	0.0	0.01424	0.01512	0.01424	0.0291	0.02764	0.00359	0.00359	0.00359	0.00359	0.00451	0.00451	0.00726	0.06652	0.00748	0.0327	0.13978	0.14062	0.19692	0.0	0.33195	0.0809	0.14613	0.03039	0.05618	0.02328	0.0	0.0	0.00723	0.00451	0.00451	0.00451	0.4123	0.0	0.00031	0.29673	0.11318	0.0	0.0	0.0707	0.05129	0.01067	0.07807	0.0677	0.0	0.0	0.00451	0.01244	0.00451	0.00451	0.0	0.02382	0.07077	0.0	0.0788	0.08017	0.0	0.06881	0.0	0.02978	0.011	0.02562	0.00451	0.01116	0.07307	0.00723	0.02182	0.01609	0.0	0.0	0.02731	0.01947	0.0	0.05503	0.07583	0.0	0.02203	0.0	0.01846	0.02971	0.10956	0.00451	0.00451	0.00451	0.00451	0.00451	0.00451	0.00451	0.00451	0.246	0.246	0.00451	0.00451	0.00451	0.00451	0.00451	0.01417	0.01486	0.02355	0.0	0.09323	0.0	0.0	
0.0	0.0	0.01462	0.0	0.00639	0.00784	0.00639	0.0154	0.01561	0.0	0.0	0.0	0.0	0.0	0.0	0.02368	0.01407	0.01143	0.01048	0.11384	0.01273	0.0	0.0	0.33008	0.75249	0.03486	0.0087	0.04642	0.01484	0.0	0.0	0.00535	0.0	0.0	0.0	0.00015	0.00031	0.0	0.01087	0.01797	0.0	0.0	0.12705	0.02133	0.00601	0.04765	0.02634	0.0	0.0	0.0	0.01096	0.0	0.0	0.0	0.0028	0.01361	0.0	0.03805	0.02091	0.0	0.15915	0.0	0.00852	0.02906	0.01612	0.0	0.00555	0.0818	0.00535	0.01113	0.00679	0.0	0.0	0.03871	0.31076	0.0	0.0485	0.04869	0.0	0.03503	0.0	0.01256	0.0	0.42001	0.0	0.0	0.0	0.0	0.0	0.0	0.0	0.0	0.0	0.0	0.0	0.0	0.0	0.0	0.0	0.00601	0.00524	0.0078	0.0	0.01784	0.0	0.0	
0.0	0.0	0.15892	0.0	0.03498	0.03688	0.03498	0.06934	0.07094	0.01203	0.01203	0.01203	0.01203	0.01428	0.01428	0.02606	0.16292	0.04901	0.0299	0.43874	0.62367	2.33614	0.0	1.80013	0.43186	0.26545	0.07374	0.19689	0.06018	0.0	0.0	0.01884	0.01428	0.01428	0.01428	0.17396	0.29673	0.01087	0.0	0.33077	0.0	0.0	0.24768	0.11842	0.02608	0.27941	0.1106	0.0	0.0	0.01428	0.02916	0.01428	0.01428	0.0	0.05121	0.08538	0.0	0.06474	0.10516	0.0	0.29553	0.0	0.02525	0.05831	0.06608	0.01428	0.02767	0.26607	0.01884	0.05669	0.04015	0.0	0.0	0.08686	0.20896	0.0	0.18445	0.25833	0.0	0.06668	0.0	0.04552	0.68049	1.57409	0.01428	0.01428	0.01428	0.01428	0.01428	0.01428	0.01428	0.01428	1.97376	1.97376	0.01428	0.01428	0.01428	0.01428	0.01428	0.03497	0.03622	0.05657	0.0	0.23395	0.0	0.0	
0.0	0.0	0.31868	0.0	0.07712	0.08947	0.07712	0.03641	0.09165	0.00566	0.00566	0.00566	0.00566	0.00179	0.00179	0.02237	0.09299	0.02118	0.11246	0.16037	0.21101	0.4327	0.0	0.95009	0.20236	0.11193	0.10747	0.11253	0.17963	0.0	0.0	0.02067	0.00179	0.00179	0.00179	0.10297	0.11318	0.01797	0.33077	0.0	0.0	0.0	0.15311	0.0947	0.0358	0.2489	0.03791	0.0	0.0	0.00179	0.059	0.00179	0.00179	0.0	0.05128	0.04987	0.0	0.0981	0.0985	0.0	0.16228	0.0	0.09448	0.11395	0.07728	0.00179	0.04573	0.06438	0.02067	0.15509	0.09219	0.0	0.0	0.19339	0.16471	0.0	0.13702	0.20229	0.0	0.11159	0.0	0.10706	0.12655	0.21117	0.00179	0.00179	0.00179	0.00179	0.00179	0.00179	0.00179	0.00179	0.45426	0.45426	0.00179	0.00179	0.00179	0.00179	0.00179	0.07278	0.07017	0.10415	0.0	0.13226	0.0	0.0	
0.0	0.0	0.0	0.0	0.0	0.0	0.0	0.0	0.0	0.0	0.0	0.0	0.0	0.0	0.0	0.0	0.0	0.0	0.0	0.0	0.0	0.0	0.0	0.0	0.0	0.0	0.0	0.0	0.0	0.0	0.0	0.0	0.0	0.0	0.0	0.0	0.0	0.0	0.0	0.0	0.0	0.0	0.0	0.0	0.0	0.0	0.0	0.0	0.0	0.0	0.0	0.0	0.0	0.0	0.0	0.0	0.0	0.0	0.0	0.0	0.0	0.0	0.0	0.0	0.0	0.0	0.0	0.0	0.0	0.0	0.0	0.0	0.0	0.0	0.0	0.0	0.0	0.0	0.0	0.0	0.0	0.0	0.0	0.0	0.0	0.0	0.0	0.0	0.0	0.0	0.0	0.0	0.0	0.0	0.0	0.0	0.0	0.0	0.0	0.0	0.0	0.0	0.0	0.0	0.0	0.0	
0.0	0.0	0.0	0.0	0.0	0.0	0.0	0.0	0.0	0.0	0.0	0.0	0.0	0.0	0.0	0.0	0.0	0.0	0.0	0.0	0.0	0.0	0.0	0.0	0.0	0.0	0.0	0.0	0.0	0.0	0.0	0.0	0.0	0.0	0.0	0.0	0.0	0.0	0.0	0.0	0.0	0.0	0.0	0.0	0.0	0.0	0.0	0.0	0.0	0.0	0.0	0.0	0.0	0.0	0.0	0.0	0.0	0.0	0.0	0.0	0.0	0.0	0.0	0.0	0.0	0.0	0.0	0.0	0.0	0.0	0.0	0.0	0.0	0.0	0.0	0.0	0.0	0.0	0.0	0.0	0.0	0.0	0.0	0.0	0.0	0.0	0.0	0.0	0.0	0.0	0.0	0.0	0.0	0.0	0.0	0.0	0.0	0.0	0.0	0.0	0.0	0.0	0.0	0.0	0.0	0.0	
0.0	0.0	0.25188	0.0	0.2227	0.1343	0.2227	0.08466	0.12386	0.00367	0.00367	0.00367	0.00367	0.00482	0.00482	0.02874	0.13164	0.0909	0.07566	0.43677	0.95873	2.29848	0.0	3.11855	0.35233	0.17032	0.13432	0.224	0.11015	0.0	0.0	0.01629	0.00482	0.00482	0.00482	0.05009	0.0707	0.12705	0.24768	0.15311	0.0	0.0	0.0	0.21042	0.09392	0.20271	0.09104	0.0	0.0	0.00482	0.03947	0.00482	0.00482	0.0	0.08297	0.16871	0.0	0.11745	0.22633	0.0	0.24139	0.0	0.08993	0.08564	0.1253	0.00482	0.0437	0.21628	0.01629	0.20213	0.06791	0.0	0.0	0.12443	0.23323	0.0	0.24037	0.31724	0.0	0.07008	0.0	0.1975	0.18934	0.3142	0.00482	0.00482	0.00482	0.00482	0.00482	0.00482	0.00482	0.00482	0.0	0.0	0.00482	0.00482	0.00482	0.00482	0.00482	0.22384	0.068	0.15461	0.0	0.22272	0.0	0.0	
0.0	0.0	0.29823	0.0	0.16247	0.13171	0.16247	0.17889	0.03391	0.00322	0.00322	0.00322	0.00322	0.00191	0.00191	0.08281	0.28652	0.03038	0.10744	0.1937	0.45735	0.68842	0.0	0.60168	0.64705	0.18498	0.24923	0.19615	0.21758	0.0	0.0	0.01927	0.00191	0.00191	0.00191	0.02711	0.05129	0.02133	0.11842	0.0947	0.0	0.0	0.21042	0.0	0.08673	0.23042	0.08314	0.0	0.0	0.00191	0.05595	0.00191	0.00191	0.0	0.12497	0.16374	0.0	0.12429	0.16091	0.0	0.12347	0.0	0.10167	0.03728	0.10647	0.00191	0.07259	0.14931	0.01927	0.19025	0.09841	0.0	0.0	0.16333	0.1427	0.0	0.31679	0.10283	0.0	0.1542	0.0	0.23817	0.05485	0.09607	0.00191	0.00191	0.00191	0.00191	0.00191	0.00191	0.00191	0.00191	1.18055	1.18055	0.00191	0.00191	0.00191	0.00191	0.00191	0.16097	0.06832	0.19795	0.0	0.32194	0.0	0.0	
0.0	0.0	0.05517	0.0	0.01218	0.01293	0.01218	0.02696	0.02398	0.00067	0.00067	0.00067	0.00067	0.0004	0.0004	0.03419	0.05523	0.03395	0.01679	0.0282	0.07062	0.11971	0.0	0.09322	0.1064	0.02553	0.08205	0.04772	0.01984	0.0	0.0	0.00403	0.0004	0.0004	0.0004	0.00686	0.01067	0.00601	0.02608	0.0358	0.0	0.0	0.09392	0.08673	0.0	0.0415	0.06249	0.0	0.0	0.0004	0.00938	0.0004	0.0004	0.0	0.09986	0.05912	0.0	0.022	0.12835	0.0	0.20463	0.0	0.18311	0.02519	0.02185	0.0004	0.00865	0.10761	0.00403	0.01888	0.01379	0.0	0.0	0.02394	0.26866	0.0	0.06579	0.03735	0.0	0.01916	0.0	0.21326	0.01987	0.03399	0.0004	0.0004	0.0004	0.0004	0.0004	0.0004	0.0004	0.0004	0.0	0.0	0.0004	0.0004	0.0004	0.0004	0.0004	0.01178	0.01228	0.02058	0.0	0.05816	0.0	0.0	
0.0	0.0	0.24337	0.0	0.09649	0.17027	0.09649	0.07584	0.08246	0.00278	0.00278	0.00278	0.00278	0.00295	0.00295	0.07273	0.32333	0.11132	0.12046	0.36641	1.23714	3.30283	0.0	1.07956	0.26376	0.25226	0.12819	0.27113	0.18745	0.0	0.0	0.01724	0.00295	0.00295	0.00295	0.03899	0.07807	0.04765	0.27941	0.2489	0.0	0.0	0.20271	0.23042	0.0415	0.0	0.27396	0.0	0.0	0.00295	0.11928	0.00295	0.00295	0.0	0.04171	0.182	0.0	0.1415	0.17697	0.0	0.27911	0.0	0.07646	0.17168	0.18246	0.00295	0.06827	0.2414	0.01724	0.1243	0.12361	0.0	0.0	0.18167	0.2555	0.0	0.24477	0.41162	0.0	0.21029	0.0	0.18576	0.13112	0.4917	0.00295	0.00295	0.00295	0.00295	0.00295	0.00295	0.00295	0.00295	2.30324	2.30324	0.00295	0.00295	0.00295	0.00295	0.00295	0.09321	0.10823	0.11051	0.0	0.28525	0.0	0.0	
0.0	0.0	0.12278	0.0	0.09811	0.12719	0.09811	0.03432	0.00798	0.00216	0.00216	0.00216	0.00216	0.00222	0.00222	0.04144	0.07626	0.07016	0.03352	0.25975	0.53939	1.08787	0.0	0.55534	0.3123	0.15695	0.10368	0.11726	0.16797	0.0	0.0	0.02446	0.00222	0.00222	0.00222	0.03515	0.0677	0.02634	0.1106	0.03791	0.0	0.0	0.09104	0.08314	0.06249	0.27396	0.0	0.0	0.0	0.00222	0.071	0.00222	0.00222	0.0	0.11118	0.1812	0.0	0.18206	0.09335	0.0	0.32265	0.0	0.10745	0.07692	0.05418	0.00222	0.0621	0.10858	0.02446	0.08004	0.13058	0.0	0.0	0.08849	0.15948	0.0	0.18214	0.23452	0.0	0.07782	0.0	0.11829	0.07788	0.17491	0.00222	0.00222	0.00222	0.00222	0.00222	0.00222	0.00222	0.00222	0.9476	0.9476	0.00222	0.00222	0.00222	0.00222	0.00222	0.09829	0.11706	0.08701	0.0	0.10343	0.0	0.0	
0.0	0.0	0.0	0.0	0.0	0.0	0.0	0.0	0.0	0.0	0.0	0.0	0.0	0.0	0.0	0.0	0.0	0.0	0.0	0.0	0.0	0.0	0.0	0.0	0.0	0.0	0.0	0.0	0.0	0.0	0.0	0.0	0.0	0.0	0.0	0.0	0.0	0.0	0.0	0.0	0.0	0.0	0.0	0.0	0.0	0.0	0.0	0.0	0.0	0.0	0.0	0.0	0.0	0.0	0.0	0.0	0.0	0.0	0.0	0.0	0.0	0.0	0.0	0.0	0.0	0.0	0.0	0.0	0.0	0.0	0.0	0.0	0.0	0.0	0.0	0.0	0.0	0.0	0.0	0.0	0.0	0.0	0.0	0.0	0.0	0.0	0.0	0.0	0.0	0.0	0.0	0.0	0.0	0.0	0.0	0.0	0.0	0.0	0.0	0.0	0.0	0.0	0.0	0.0	0.0	0.0	
0.0	0.0	0.0	0.0	0.0	0.0	0.0	0.0	0.0	0.0	0.0	0.0	0.0	0.0	0.0	0.0	0.0	0.0	0.0	0.0	0.0	0.0	0.0	0.0	0.0	0.0	0.0	0.0	0.0	0.0	0.0	0.0	0.0	0.0	0.0	0.0	0.0	0.0	0.0	0.0	0.0	0.0	0.0	0.0	0.0	0.0	0.0	0.0	0.0	0.0	0.0	0.0	0.0	0.0	0.0	0.0	0.0	0.0	0.0	0.0	0.0	0.0	0.0	0.0	0.0	0.0	0.0	0.0	0.0	0.0	0.0	0.0	0.0	0.0	0.0	0.0	0.0	0.0	0.0	0.0	0.0	0.0	0.0	0.0	0.0	0.0	0.0	0.0	0.0	0.0	0.0	0.0	0.0	0.0	0.0	0.0	0.0	0.0	0.0	0.0	0.0	0.0	0.0	0.0	0.0	0.0	
0.0	0.0	0.00187	0.0	0.00055	0.001	0.00055	0.00012	0.00085	0.0	0.0	0.0	0.0	0.0	0.0	0.00114	0.00153	0.00081	0.00093	0.00464	0.00013	0.00032	0.0	8e-05	0.0001	0.00287	0.00068	0.00242	0.00183	0.0	0.0	0.00063	0.0	0.0	0.0	0.00358	0.00451	0.0	0.01428	0.00179	0.0	0.0	0.00482	0.00191	0.0004	0.00295	0.00222	0.0	0.0	0.0	0.00204	0.0	0.0	0.0	0.00023	0.00115	0.0	0.0017	0.00045	0.0	0.00258	0.0	0.00017	0.00116	0.00169	0.0	0.00032	0.00384	0.00063	0.00068	0.00033	0.0	0.0	0.00097	0.00245	0.0	0.00266	0.00203	0.0	0.0007	0.0	0.00151	0.00573	0.00971	0.0	0.0	0.0	0.0	0.0	0.0	0.0	0.0	0.0	0.0	0.0	0.0	0.0	0.0	0.0	0.00053	6e-05	0.00013	0.0	0.00295	0.0	0.0	
0.0	0.0	0.06679	0.0	0.01411	0.48023	0.01411	0.10688	0.02722	0.00268	0.00268	0.00268	0.00268	0.00204	0.00204	0.03858	0.05444	0.05897	0.01919	0.03172	0.07466	0.12656	0.0	0.09857	0.1125	0.0287	0.08624	0.05927	0.168	0.0	0.0	0.00545	0.00204	0.00204	0.00204	0.00823	0.01244	0.01096	0.02916	0.059	0.0	0.0	0.03947	0.05595	0.00938	0.11928	0.071	0.0	0.0	0.00204	0.0	0.00204	0.00204	0.0	0.11374	0.03476	0.0	0.05952	0.04769	0.0	0.05399	0.0	0.06216	0.08929	0.11466	0.00204	0.01018	0.02987	0.00545	0.02151	0.01587	0.0	0.0	0.14721	0.29493	0.0	0.07553	0.07393	0.0	0.1619	0.0	0.41365	0.02289	0.11699	0.00204	0.00204	0.00204	0.00204	0.00204	0.00204	0.00204	0.00204	0.0	0.0	0.00204	0.00204	0.00204	0.00204	0.00204	0.01355	0.01418	0.13205	0.0	0.07901	0.0	0.0	
0.0	0.0	0.00187	0.0	0.00055	0.001	0.00055	0.00012	0.00085	0.0	0.0	0.0	0.0	0.0	0.0	0.00114	0.00153	0.00081	0.00093	0.00464	0.00013	0.00032	0.0	8e-05	0.0001	0.00287	0.00068	0.00242	0.00183	0.0	0.0	0.00063	0.0	0.0	0.0	0.00358	0.00451	0.0	0.01428	0.00179	0.0	0.0	0.00482	0.00191	0.0004	0.00295	0.00222	0.0	0.0	0.0	0.00204	0.0	0.0	0.0	0.00023	0.00115	0.0	0.0017	0.00045	0.0	0.00258	0.0	0.00017	0.00116	0.00169	0.0	0.00032	0.00384	0.00063	0.00068	0.00033	0.0	0.0	0.00097	0.00245	0.0	0.00266	0.00203	0.0	0.0007	0.0	0.00151	0.00573	0.00971	0.0	0.0	0.0	0.0	0.0	0.0	0.0	0.0	0.0	0.0	0.0	0.0	0.0	0.0	0.0	0.00053	6e-05	0.00013	0.0	0.00295	0.0	0.0	
0.0	0.0	0.00187	0.0	0.00055	0.001	0.00055	0.00012	0.00085	0.0	0.0	0.0	0.0	0.0	0.0	0.00114	0.00153	0.00081	0.00093	0.00464	0.00013	0.00032	0.0	8e-05	0.0001	0.00287	0.00068	0.00242	0.00183	0.0	0.0	0.00063	0.0	0.0	0.0	0.00358	0.00451	0.0	0.01428	0.00179	0.0	0.0	0.00482	0.00191	0.0004	0.00295	0.00222	0.0	0.0	0.0	0.00204	0.0	0.0	0.0	0.00023	0.00115	0.0	0.0017	0.00045	0.0	0.00258	0.0	0.00017	0.00116	0.00169	0.0	0.00032	0.00384	0.00063	0.00068	0.00033	0.0	0.0	0.00097	0.00245	0.0	0.00266	0.00203	0.0	0.0007	0.0	0.00151	0.00573	0.00971	0.0	0.0	0.0	0.0	0.0	0.0	0.0	0.0	0.0	0.0	0.0	0.0	0.0	0.0	0.0	0.00053	6e-05	0.00013	0.0	0.00295	0.0	0.0	
0.0	0.0	0.0	0.0	0.0	0.0	0.0	0.0	0.0	0.0	0.0	0.0	0.0	0.0	0.0	0.0	0.0	0.0	0.0	0.0	0.0	0.0	0.0	0.0	0.0	0.0	0.0	0.0	0.0	0.0	0.0	0.0	0.0	0.0	0.0	0.0	0.0	0.0	0.0	0.0	0.0	0.0	0.0	0.0	0.0	0.0	0.0	0.0	0.0	0.0	0.0	0.0	0.0	0.0	0.0	0.0	0.0	0.0	0.0	0.0	0.0	0.0	0.0	0.0	0.0	0.0	0.0	0.0	0.0	0.0	0.0	0.0	0.0	0.0	0.0	0.0	0.0	0.0	0.0	0.0	0.0	0.0	0.0	0.0	0.0	0.0	0.0	0.0	0.0	0.0	0.0	0.0	0.0	0.0	0.0	0.0	0.0	0.0	0.0	0.0	0.0	0.0	0.0	0.0	0.0	0.0	
0.0	0.0	0.09633	0.0	0.12144	0.238	0.12144	0.08173	0.01162	0.00045	0.00045	0.00045	0.00045	0.00023	0.00023	0.11598	0.08474	0.03786	0.09731	0.09392	0.11367	0.10015	0.0	0.08934	0.23847	0.05893	0.27649	0.09393	0.10284	0.0	0.0	0.00849	0.00023	0.00023	0.00023	0.01369	0.02382	0.0028	0.05121	0.05128	0.0	0.0	0.08297	0.12497	0.09986	0.04171	0.11118	0.0	0.0	0.00023	0.11374	0.00023	0.00023	0.0	0.0	0.05511	0.0	0.07469	0.05605	0.0	0.17844	0.0	0.15843	0.03008	0.0221	0.00023	0.02603	0.01655	0.00849	0.11346	0.08498	0.0	0.0	0.12325	0.18374	0.0	0.07246	0.09678	0.0	0.0489	0.0	0.11311	0.01617	0.0191	0.00023	0.00023	0.00023	0.00023	0.00023	0.00023	0.00023	0.00023	0.10958	0.10958	0.00023	0.00023	0.00023	0.00023	0.00023	0.12142	0.04852	0.11841	0.0	0.11207	0.0	0.0	
0.0	0.0	0.2613	0.0	0.20946	0.15239	0.20946	0.13346	0.08418	0.0009	0.0009	0.0009	0.0009	0.00115	0.00115	0.11627	0.22223	0.10286	0.08988	0.25631	0.8653	0.75159	0.0	0.2821	0.34226	0.1592	0.16131	0.1537	0.08486	0.0	0.0	0.01227	0.00115	0.00115	0.00115	0.03594	0.07077	0.01361	0.08538	0.04987	0.0	0.0	0.16871	0.16374	0.05912	0.182	0.1812	0.0	0.0	0.00115	0.03476	0.00115	0.00115	0.0	0.05511	0.0	0.0	0.18712	0.2333	0.0	0.35137	0.0	0.14702	0.07331	0.1296	0.00115	0.03983	0.16486	0.01227	0.16999	0.14445	0.0	0.0	0.1116	0.09131	0.0	0.18134	0.15819	0.0	0.04049	0.0	0.10929	0.04273	0.08732	0.00115	0.00115	0.00115	0.00115	0.00115	0.00115	0.00115	0.00115	0.29524	0.29524	0.00115	0.00115	0.00115	0.00115	0.00115	0.20944	0.09377	0.14225	0.0	0.24473	0.0	0.0	
0.0	0.0	0.0	0.0	0.0	0.0	0.0	0.0	0.0	0.0	0.0	0.0	0.0	0.0	0.0	0.0	0.0	0.0	0.0	0.0	0.0	0.0	0.0	0.0	0.0	0.0	0.0	0.0	0.0	0.0	0.0	0.0	0.0	0.0	0.0	0.0	0.0	0.0	0.0	0.0	0.0	0.0	0.0	0.0	0.0	0.0	0.0	0.0	0.0	0.0	0.0	0.0	0.0	0.0	0.0	0.0	0.0	0.0	0.0	0.0	0.0	0.0	0.0	0.0	0.0	0.0	0.0	0.0	0.0	0.0	0.0	0.0	0.0	0.0	0.0	0.0	0.0	0.0	0.0	0.0	0.0	0.0	0.0	0.0	0.0	0.0	0.0	0.0	0.0	0.0	0.0	0.0	0.0	0.0	0.0	0.0	0.0	0.0	0.0	0.0	0.0	0.0	0.0	0.0	0.0	0.0	
0.0	0.0	0.17928	0.0	0.12431	0.0743	0.12431	0.06709	0.04779	0.001	0.001	0.001	0.001	0.0017	0.0017	0.03121	0.1077	0.02984	0.1765	0.17971	0.28168	0.3078	0.0	0.33457	0.20058	0.10569	0.10609	0.10952	0.1415	0.0	0.0	0.00959	0.0017	0.0017	0.0017	0.08664	0.0788	0.03805	0.06474	0.0981	0.0	0.0	0.11745	0.12429	0.022	0.1415	0.18206	0.0	0.0	0.0017	0.05952	0.0017	0.0017	0.0	0.07469	0.18712	0.0	0.0	0.10003	0.0	0.18801	0.0	0.08447	0.19674	0.13457	0.0017	0.02768	0.10903	0.00959	0.07462	0.10443	0.0	0.0	0.05187	0.08579	0.0	0.11378	0.10994	0.0	0.10492	0.0	0.1206	0.10938	0.19283	0.0017	0.0017	0.0017	0.0017	0.0017	0.0017	0.0017	0.0017	0.31007	0.31007	0.0017	0.0017	0.0017	0.0017	0.0017	0.11437	0.04142	0.06732	0.0	0.17192	0.0	0.0	
0.0	0.0	0.18798	0.0	0.11514	0.10937	0.11514	0.11136	0.08014	0.00096	0.00096	0.00096	0.00096	0.00045	0.00045	0.00565	0.14215	0.06166	0.09924	0.19721	0.25567	0.37042	0.0	0.4104	0.09261	0.13283	0.11637	0.17593	0.16632	0.0	0.0	0.01948	0.00045	0.00045	0.00045	0.07132	0.08017	0.02091	0.10516	0.0985	0.0	0.0	0.22633	0.16091	0.12835	0.17697	0.09335	0.0	0.0	0.00045	0.04769	0.00045	0.00045	0.0	0.05605	0.2333	0.0	0.10003	0.0	0.0	0.22495	0.0	0.19928	0.11869	0.14942	0.00045	0.04597	0.14477	0.01948	0.17391	0.03818	0.0	0.0	0.10277	0.21145	0.0	0.07352	0.1116	0.0	0.08085	0.0	0.16444	0.11523	0.19501	0.00045	0.00045	0.00045	0.00045	0.00045	0.00045	0.00045	0.00045	0.43771	0.43771	0.00045	0.00045	0.00045	0.00045	0.00045	0.11541	0.03038	0.11095	0.0	0.15675	0.0	0.0	
0.0	0.0	0.0	0.0	0.0	0.0	0.0	0.0	0.0	0.0	0.0	0.0	0.0	0.0	0.0	0.0	0.0	0.0	0.0	0.0	0.0	0.0	0.0	0.0	0.0	0.0	0.0	0.0	0.0	0.0	0.0	0.0	0.0	0.0	0.0	0.0	0.0	0.0	0.0	0.0	0.0	0.0	0.0	0.0	0.0	0.0	0.0	0.0	0.0	0.0	0.0	0.0	0.0	0.0	0.0	0.0	0.0	0.0	0.0	0.0	0.0	0.0	0.0	0.0	0.0	0.0	0.0	0.0	0.0	0.0	0.0	0.0	0.0	0.0	0.0	0.0	0.0	0.0	0.0	0.0	0.0	0.0	0.0	0.0	0.0	0.0	0.0	0.0	0.0	0.0	0.0	0.0	0.0	0.0	0.0	0.0	0.0	0.0	0.0	0.0	0.0	0.0	0.0	0.0	0.0	0.0	
0.0	0.0	0.29118	0.0	0.09045	0.1191	0.09045	0.05134	0.04319	0.00158	0.00158	0.00158	0.00158	0.00258	0.00258	0.09514	0.1873	0.12249	0.0336	0.53669	0.60333	1.1399	0.0	0.77764	0.59981	0.14437	0.17455	0.26119	0.1284	0.0	0.0	0.01436	0.00258	0.00258	0.00258	0.03603	0.06881	0.15915	0.29553	0.16228	0.0	0.0	0.24139	0.12347	0.20463	0.27911	0.32265	0.0	0.0	0.00258	0.05399	0.00258	0.00258	0.0	0.17844	0.35137	0.0	0.18801	0.22495	0.0	0.0	0.0	0.259	0.11268	0.12587	0.00258	0.04279	0.23241	0.01436	0.08388	0.04687	0.0	0.0	0.1477	0.4685	0.0	0.25881	0.36433	0.0	0.08861	0.0	0.19558	0.297	0.38596	0.00258	0.00258	0.00258	0.00258	0.00258	0.00258	0.00258	0.00258	1.24209	1.24209	0.00258	0.00258	0.00258	0.00258	0.00258	0.09059	0.03087	0.08121	0.0	0.26677	0.0	0.0	
