0.0	0.00015	0.0	0.0	0.0	0.00015	0.0	0.00015	0.00015	0.0	0.00015	0.00015	0.0	0.00015	0.00011	0.0	0.0	8e-05	0.0	0.00015	0.00015	0.0	0.0	0.0	0.0	0.0	8e-05	0.00012	0.0001	0.00026	0.00014	2e-05	0.0	0.0	0.00016	0.00011	0.00015	7e-05	8e-05	0.0	2e-05	0.0	0.00019	0.0	0.00025	0.0	0.0	0.0	0.0	0.0	0.0	6e-05	0.00051	0.00016	0.00015	8e-05	0.00015	0.00023	0.0	0.00012	0.00024	0.0002	0.0	0.00016	0.0001	0.0001	3e-05	8e-05	0.0	0.0	0.00031	0.0	0.00014	0.00025	0.00015	0.0	0.0	0.0	0.00015	0.0	0.00015	0.0002	0.00015	0.00015	0.0	0.00051	0.00015	0.0	0.00024	0.0	0.0	0.0	0.0	0.0	8e-05	0.00017	0.0	
0.00015	0.0	0.00015	0.00015	0.00015	0.99979	0.00015	0.99979	0.99979	0.00015	0.99979	0.99979	0.00015	0.99979	0.35618	0.00015	0.00015	0.66522	0.00015	0.99979	0.99979	0.0	0.0	0.00015	0.00015	0.00015	0.18956	0.04844	0.05922	0.04136	0.04269	0.05388	0.0	0.0	0.06352	0.41012	0.99979	0.63636	0.67412	0.00015	0.04802	0.00015	0.02963	0.00015	0.02079	0.0	0.0	0.0	0.0	0.0	0.0	0.04972	0.03082	0.09756	0.09253	0.03785	0.04011	0.04593	0.00015	0.18323	0.07822	0.02258	0.00015	0.16276	0.05586	0.15499	0.14325	0.20402	0.00015	0.00015	0.01566	0.00015	0.03971	0.04241	0.99979	0.00015	0.0	0.00015	0.99979	0.00015	0.99979	0.0233	0.99979	0.99979	0.00015	0.03082	0.99979	0.00015	0.0218	0.00015	0.00015	0.00277	0.00277	0.00277	0.56873	0.03653	0.00015	
0.0	0.00015	0.0	0.0	0.0	0.00015	0.0	0.00015	0.00015	0.0	0.00015	0.00015	0.0	0.00015	0.00011	0.0	0.0	8e-05	0.0	0.00015	0.00015	0.0	0.0	0.0	0.0	0.0	8e-05	0.00012	0.0001	0.00026	0.00014	2e-05	0.0	0.0	0.00016	0.00011	0.00015	7e-05	8e-05	0.0	2e-05	0.0	0.00019	0.0	0.00025	0.0	0.0	0.0	0.0	0.0	0.0	6e-05	0.00051	0.00016	0.00015	8e-05	0.00015	0.00023	0.0	0.00012	0.00024	0.0002	0.0	0.00016	0.0001	0.0001	3e-05	8e-05	0.0	0.0	0.00031	0.0	0.00014	0.00025	0.00015	0.0	0.0	0.0	0.00015	0.0	0.00015	0.0002	0.00015	0.00015	0.0	0.00051	0.00015	0.0	0.00024	0.0	0.0	0.0	0.0	0.0	8e-05	0.00017	0.0	
0.0	0.00015	0.0	0.0	0.0	0.00015	0.0	0.00015	0.00015	0.0	0.00015	0.00015	0.0	0.00015	0.00011	0.0	0.0	8e-05	0.0	0.00015	0.00015	0.0	0.0	0.0	0.0	0.0	8e-05	0.00012	0.0001	0.00026	0.00014	2e-05	0.0	0.0	0.00016	0.00011	0.00015	7e-05	8e-05	0.0	2e-05	0.0	0.00019	0.0	0.00025	0.0	0.0	0.0	0.0	0.0	0.0	6e-05	0.00051	0.00016	0.00015	8e-05	0.00015	0.00023	0.0	0.00012	0.00024	0.0002	0.0	0.00016	0.0001	0.0001	3e-05	8e-05	0.0	0.0	0.00031	0.0	0.00014	0.00025	0.00015	0.0	0.0	0.0	0.00015	0.0	0.00015	0.0002	0.00015	0.00015	0.0	0.00051	0.00015	0.0	0.00024	0.0	0.0	0.0	0.0	0.0	8e-05	0.00017	0.0	
0.0	0.00015	0.0	0.0	0.0	0.00015	0.0	0.00015	0.00015	0.0	0.00015	0.00015	0.0	0.00015	0.00011	0.0	0.0	8e-05	0.0	0.00015	0.00015	0.0	0.0	0.0	0.0	0.0	8e-05	0.00012	0.0001	0.00026	0.00014	2e-05	0.0	0.0	0.00016	0.00011	0.00015	7e-05	8e-05	0.0	2e-05	0.0	0.00019	0.0	0.00025	0.0	0.0	0.0	0.0	0.0	0.0	6e-05	0.00051	0.00016	0.00015	8e-05	0.00015	0.00023	0.0	0.00012	0.00024	0.0002	0.0	0.00016	0.0001	0.0001	3e-05	8e-05	0.0	0.0	0.00031	0.0	0.00014	0.00025	0.00015	0.0	0.0	0.0	0.00015	0.0	0.00015	0.0002	0.00015	0.00015	0.0	0.00051	0.00015	0.0	0.00024	0.0	0.0	0.0	0.0	0.0	8e-05	0.00017	0.0	
0.00015	0.99979	0.00015	0.00015	0.00015	0.0	0.00015	0.99979	0.99979	0.00015	0.99979	0.99979	0.00015	0.99979	0.35618	0.00015	0.00015	0.66522	0.00015	0.99979	0.99979	0.0	0.0	0.00015	0.00015	0.00015	0.18956	0.04844	0.05922	0.04136	0.04269	0.05388	0.0	0.0	0.06352	0.41012	0.99979	0.63636	0.67412	0.00015	0.04802	0.00015	0.02963	0.00015	0.02079	0.0	0.0	0.0	0.0	0.0	0.0	0.04972	0.03082	0.09756	0.09253	0.03785	0.04011	0.04593	0.00015	0.18323	0.07822	0.02258	0.00015	0.16276	0.05586	0.15499	0.14325	0.20402	0.00015	0.00015	0.01566	0.00015	0.03971	0.04241	0.99979	0.00015	0.0	0.00015	0.99979	0.00015	0.99979	0.0233	0.99979	0.99979	0.00015	0.03082	0.99979	0.00015	0.0218	0.00015	0.00015	0.00277	0.00277	0.00277	0.56873	0.03653	0.00015	
0.0	0.00015	0.0	0.0	0.0	0.00015	0.0	0.00015	0.00015	0.0	0.00015	0.00015	0.0	0.00015	0.00011	0.0	0.0	8e-05	0.0	0.00015	0.00015	0.0	0.0	0.0	0.0	0.0	8e-05	0.00012	0.0001	0.00026	0.00014	2e-05	0.0	0.0	0.00016	0.00011	0.00015	7e-05	8e-05	0.0	2e-05	0.0	0.00019	0.0	0.00025	0.0	0.0	0.0	0.0	0.0	0.0	6e-05	0.00051	0.00016	0.00015	8e-05	0.00015	0.00023	0.0	0.00012	0.00024	0.0002	0.0	0.00016	0.0001	0.0001	3e-05	8e-05	0.0	0.0	0.00031	0.0	0.00014	0.00025	0.00015	0.0	0.0	0.0	0.00015	0.0	0.00015	0.0002	0.00015	0.00015	0.0	0.00051	0.00015	0.0	0.00024	0.0	0.0	0.0	0.0	0.0	8e-05	0.00017	0.0	
0.00015	0.99979	0.00015	0.00015	0.00015	0.99979	0.00015	0.0	0.99979	0.00015	0.99979	0.99979	0.00015	0.99979	0.35618	0.00015	0.00015	0.66522	0.00015	0.99979	0.99979	0.0	0.0	0.00015	0.00015	0.00015	0.18956	0.04844	0.05922	0.04136	0.04269	0.05388	0.0	0.0	0.06352	0.41012	0.99979	0.63636	0.67412	0.00015	0.04802	0.00015	0.02963	0.00015	0.02079	0.0	0.0	0.0	0.0	0.0	0.0	0.04972	0.03082	0.09756	0.09253	0.03785	0.04011	0.04593	0.00015	0.18323	0.07822	0.02258	0.00015	0.16276	0.05586	0.15499	0.14325	0.20402	0.00015	0.00015	0.01566	0.00015	0.03971	0.04241	0.99979	0.00015	0.0	0.00015	0.99979	0.00015	0.99979	0.0233	0.99979	0.99979	0.00015	0.03082	0.99979	0.00015	0.0218	0.00015	0.00015	0.00277	0.00277	0.00277	0.56873	0.03653	0.00015	
0.00015	0.99979	0.00015	0.00015	0.00015	0.99979	0.00015	0.99979	0.0	0.00015	0.99979	0.99979	0.00015	0.99979	0.35618	0.00015	0.00015	0.66522	0.00015	0.99979	0.99979	0.0	0.0	0.00015	0.00015	0.00015	0.18956	0.04844	0.05922	0.04136	0.04269	0.05388	0.0	0.0	0.06352	0.41012	0.99979	0.63636	0.67412	0.00015	0.04802	0.00015	0.02963	0.00015	0.02079	0.0	0.0	0.0	0.0	0.0	0.0	0.04972	0.03082	0.09756	0.09253	0.03785	0.04011	0.04593	0.00015	0.18323	0.07822	0.02258	0.00015	0.16276	0.05586	0.15499	0.14325	0.20402	0.00015	0.00015	0.01566	0.00015	0.03971	0.04241	0.99979	0.00015	0.0	0.00015	0.99979	0.00015	0.99979	0.0233	0.99979	0.99979	0.00015	0.03082	0.99979	0.00015	0.0218	0.00015	0.00015	0.00277	0.00277	0.00277	0.56873	0.03653	0.00015	
0.0	0.00015	0.0	0.0	0.0	0.00015	0.0	0.00015	0.00015	0.0	0.00015	0.00015	0.0	0.00015	0.00011	0.0	0.0	8e-05	0.0	0.00015	0.00015	0.0	0.0	0.0	0.0	0.0	8e-05	0.00012	0.0001	0.00026	0.00014	2e-05	0.0	0.0	0.00016	0.00011	0.00015	7e-05	8e-05	0.0	2e-05	0.0	0.00019	0.0	0.00025	0.0	0.0	0.0	0.0	0.0	0.0	6e-05	0.00051	0.00016	0.00015	8e-05	0.00015	0.00023	0.0	0.00012	0.00024	0.0002	0.0	0.00016	0.0001	0.0001	3e-05	8e-05	0.0	0.0	0.00031	0.0	0.00014	0.00025	0.00015	0.0	0.0	0.0	0.00015	0.0	0.00015	0.0002	0.00015	0.00015	0.0	0.00051	0.00015	0.0	0.00024	0.0	0.0	0.0	0.0	0.0	8e-05	0.00017	0.0	
0.00015	0.99979	0.00015	0.00015	0.00015	0.99979	0.00015	0.99979	0.99979	0.00015	0.0	0.99979	0.00015	0.99979	0.35618	0.00015	0.00015	0.66522	0.00015	0.99979	0.99979	0.0	0.0	0.00015	0.00015	0.00015	0.18956	0.04844	0.05922	0.04136	0.04269	0.05388	0.0	0.0	0.06352	0.41012	0.99979	0.63636	0.67412	0.00015	0.04802	0.00015	0.02963	0.00015	0.02079	0.0	0.0	0.0	0.0	0.0	0.0	0.04972	0.03082	0.09756	0.09253	0.03785	0.04011	0.04593	0.00015	0.18323	0.07822	0.02258	0.00015	0.16276	0.05586	0.15499	0.14325	0.20402	0.00015	0.00015	0.01566	0.00015	0.03971	0.04241	0.99979	0.00015	0.0	0.00015	0.99979	0.00015	0.99979	0.0233	0.99979	0.99979	0.00015	0.03082	0.99979	0.00015	0.0218	0.00015	0.00015	0.00277	0.00277	0.00277	0.56873	0.03653	0.00015	
0.00015	0.99979	0.00015	0.00015	0.00015	0.99979	0.00015	0.99979	0.99979	0.00015	0.99979	0.0	0.00015	0.99979	0.35618	0.00015	0.00015	0.66522	0.00015	0.99979	0.99979	0.0	0.0	0.00015	0.00015	0.00015	0.18956	0.04844	0.05922	0.04136	0.04269	0.05388	0.0	0.0	0.06352	0.41012	0.99979	0.63636	0.67412	0.00015	0.04802	0.00015	0.02963	0.00015	0.02079	0.0	0.0	0.0	0.0	0.0	0.0	0.04972	0.03082	0.09756	0.09253	0.03785	0.04011	0.04593	0.00015	0.18323	0.07822	0.02258	0.00015	0.16276	0.05586	0.15499	0.14325	0.20402	0.00015	0.00015	0.01566	0.00015	0.03971	0.04241	0.99979	0.00015	0.0	0.00015	0.99979	0.00015	0.99979	0.0233	0.99979	0.99979	0.00015	0.03082	0.99979	0.00015	0.0218	0.00015	0.00015	0.00277	0.00277	0.00277	0.56873	0.03653	0.00015	
0.0	0.00015	0.0	0.0	0.0	0.00015	0.0	0.00015	0.00015	0.0	0.00015	0.00015	0.0	0.00015	0.00011	0.0	0.0	8e-05	0.0	0.00015	0.00015	0.0	0.0	0.0	0.0	0.0	8e-05	0.00012	0.0001	0.00026	0.00014	2e-05	0.0	0.0	0.00016	0.00011	0.00015	7e-05	8e-05	0.0	2e-05	0.0	0.00019	0.0	0.00025	0.0	0.0	0.0	0.0	0.0	0.0	6e-05	0.00051	0.00016	0.00015	8e-05	0.00015	0.00023	0.0	0.00012	0.00024	0.0002	0.0	0.00016	0.0001	0.0001	3e-05	8e-05	0.0	0.0	0.00031	0.0	0.00014	0.00025	0.00015	0.0	0.0	0.0	0.00015	0.0	0.00015	0.0002	0.00015	0.00015	0.0	0.00051	0.00015	0.0	0.00024	0.0	0.0	0.0	0.0	0.0	8e-05	0.00017	0.0	
0.00015	0.99979	0.00015	0.00015	0.00015	0.99979	0.00015	0.99979	0.99979	0.00015	0.99979	0.99979	0.00015	0.0	0.35618	0.00015	0.00015	0.66522	0.00015	0.99979	0.99979	0.0	0.0	0.00015	0.00015	0.00015	0.18956	0.04844	0.05922	0.04136	0.04269	0.05388	0.0	0.0	0.06352	0.41012	0.99979	0.63636	0.67412	0.00015	0.04802	0.00015	0.02963	0.00015	0.02079	0.0	0.0	0.0	0.0	0.0	0.0	0.04972	0.03082	0.09756	0.09253	0.03785	0.04011	0.04593	0.00015	0.18323	0.07822	0.02258	0.00015	0.16276	0.05586	0.15499	0.14325	0.20402	0.00015	0.00015	0.01566	0.00015	0.03971	0.04241	0.99979	0.00015	0.0	0.00015	0.99979	0.00015	0.99979	0.0233	0.99979	0.99979	0.00015	0.03082	0.99979	0.00015	0.0218	0.00015	0.00015	0.00277	0.00277	0.00277	0.56873	0.03653	0.00015	
0.00011	0.35618	0.00011	0.00011	0.00011	0.35618	0.00011	0.35618	0.35618	0.00011	0.35618	0.35618	0.00011	0.35618	0.0	0.00011	0.00011	0.28721	0.00011	0.35618	0.35618	0.0	0.0	0.00011	0.00011	0.00011	0.35485	0.07708	0.09391	0.16198	0.06586	0.08793	0.0	0.0	0.0122	0.12033	0.35618	0.28128	0.28906	0.00011	0.07879	0.00011	0.04589	0.00011	0.03049	0.0	0.0	0.0	0.0	0.0	0.0	0.07945	0.1862	0.01948	0.04166	0.05907	0.06158	0.04704	0.00011	0.02376	0.04714	0.03329	0.00011	0.01611	0.08813	0.01336	0.06524	0.032	0.00011	0.00011	0.02259	0.00011	0.06092	0.16152	0.35618	0.00011	0.0	0.00011	0.35618	0.00011	0.35618	0.03441	0.35618	0.35618	0.00011	0.1862	0.35618	0.00011	0.03206	0.00011	0.00011	0.03551	0.03551	0.03551	0.26862	0.05567	0.00011	
0.0	0.00015	0.0	0.0	0.0	0.00015	0.0	0.00015	0.00015	0.0	0.00015	0.00015	0.0	0.00015	0.00011	0.0	0.0	8e-05	0.0	0.00015	0.00015	0.0	0.0	0.0	0.0	0.0	8e-05	0.00012	0.0001	0.00026	0.00014	2e-05	0.0	0.0	0.00016	0.00011	0.00015	7e-05	8e-05	0.0	2e-05	0.0	0.00019	0.0	0.00025	0.0	0.0	0.0	0.0	0.0	0.0	6e-05	0.00051	0.00016	0.00015	8e-05	0.00015	0.00023	0.0	0.00012	0.00024	0.0002	0.0	0.00016	0.0001	0.0001	3e-05	8e-05	0.0	0.0	0.00031	0.0	0.00014	0.00025	0.00015	0.0	0.0	0.0	0.00015	0.0	0.00015	0.0002	0.00015	0.00015	0.0	0.00051	0.00015	0.0	0.00024	0.0	0.0	0.0	0.0	0.0	8e-05	0.00017	0.0	
0.0	0.00015	0.0	0.0	0.0	0.00015	0.0	0.00015	0.00015	0.0	0.00015	0.00015	0.0	0.00015	0.00011	0.0	0.0	8e-05	0.0	0.00015	0.00015	0.0	0.0	0.0	0.0	0.0	8e-05	0.00012	0.0001	0.00026	0.00014	2e-05	0.0	0.0	0.00016	0.00011	0.00015	7e-05	8e-05	0.0	2e-05	0.0	0.00019	0.0	0.00025	0.0	0.0	0.0	0.0	0.0	0.0	6e-05	0.00051	0.00016	0.00015	8e-05	0.00015	0.00023	0.0	0.00012	0.00024	0.0002	0.0	0.00016	0.0001	0.0001	3e-05	8e-05	0.0	0.0	0.00031	0.0	0.00014	0.00025	0.00015	0.0	0.0	0.0	0.00015	0.0	0.00015	0.0002	0.00015	0.00015	0.0	0.00051	0.00015	0.0	0.00024	0.0	0.0	0.0	0.0	0.0	8e-05	0.00017	0.0	
8e-05	0.66522	8e-05	8e-05	8e-05	0.66522	8e-05	0.66522	0.66522	8e-05	0.66522	0.66522	8e-05	0.66522	0.28721	8e-05	8e-05	0.0	8e-05	0.66522	0.66522	0.0	0.0	8e-05	8e-05	8e-05	0.17863	0.17442	0.13908	0.27578	0.04949	0.15223	0.0	0.0	0.07615	0.32205	0.66522	0.49492	0.51391	8e-05	0.05922	8e-05	0.03303	8e-05	0.02262	0.0	0.0	0.0	0.0	0.0	0.0	0.06058	0.03464	0.12541	0.11997	0.04491	0.04624	0.05356	8e-05	0.17469	0.09106	0.02474	8e-05	0.20978	0.06628	0.15776	0.16963	0.18778	8e-05	8e-05	0.01666	8e-05	0.17776	0.05087	0.66522	8e-05	0.0	8e-05	0.66522	8e-05	0.66522	0.02559	0.66522	0.66522	8e-05	0.03464	0.66522	8e-05	0.3564	8e-05	8e-05	0.00273	0.00273	0.00273	0.46095	0.04175	8e-05	
0.0	0.00015	0.0	0.0	0.0	0.00015	0.0	0.00015	0.00015	0.0	0.00015	0.00015	0.0	0.00015	0.00011	0.0	0.0	8e-05	0.0	0.00015	0.00015	0.0	0.0	0.0	0.0	0.0	8e-05	0.00012	0.0001	0.00026	0.00014	2e-05	0.0	0.0	0.00016	0.00011	0.00015	7e-05	8e-05	0.0	2e-05	0.0	0.00019	0.0	0.00025	0.0	0.0	0.0	0.0	0.0	0.0	6e-05	0.00051	0.00016	0.00015	8e-05	0.00015	0.00023	0.0	0.00012	0.00024	0.0002	0.0	0.00016	0.0001	0.0001	3e-05	8e-05	0.0	0.0	0.00031	0.0	0.00014	0.00025	0.00015	0.0	0.0	0.0	0.00015	0.0	0.00015	0.0002	0.00015	0.00015	0.0	0.00051	0.00015	0.0	0.00024	0.0	0.0	0.0	0.0	0.0	8e-05	0.00017	0.0	
0.00015	0.99979	0.00015	0.00015	0.00015	0.99979	0.00015	0.99979	0.99979	0.00015	0.99979	0.99979	0.00015	0.99979	0.35618	0.00015	0.00015	0.66522	0.00015	0.0	0.99979	0.0	0.0	0.00015	0.00015	0.00015	0.18956	0.04844	0.05922	0.04136	0.04269	0.05388	0.0	0.0	0.06352	0.41012	0.99979	0.63636	0.67412	0.00015	0.04802	0.00015	0.02963	0.00015	0.02079	0.0	0.0	0.0	0.0	0.0	0.0	0.04972	0.03082	0.09756	0.09253	0.03785	0.04011	0.04593	0.00015	0.18323	0.07822	0.02258	0.00015	0.16276	0.05586	0.15499	0.14325	0.20402	0.00015	0.00015	0.01566	0.00015	0.03971	0.04241	0.99979	0.00015	0.0	0.00015	0.99979	0.00015	0.99979	0.0233	0.99979	0.99979	0.00015	0.03082	0.99979	0.00015	0.0218	0.00015	0.00015	0.00277	0.00277	0.00277	0.56873	0.03653	0.00015	
0.00015	0.99979	0.00015	0.00015	0.00015	0.99979	0.00015	0.99979	0.99979	0.00015	0.99979	0.99979	0.00015	0.99979	0.35618	0.00015	0.00015	0.66522	0.00015	0.99979	0.0	0.0	0.0	0.00015	0.00015	0.00015	0.18956	0.04844	0.05922	0.04136	0.04269	0.05388	0.0	0.0	0.06352	0.41012	0.99979	0.63636	0.67412	0.00015	0.04802	0.00015	0.02963	0.00015	0.02079	0.0	0.0	0.0	0.0	0.0	0.0	0.04972	0.03082	0.09756	0.09253	0.03785	0.04011	0.04593	0.00015	0.18323	0.07822	0.02258	0.00015	0.16276	0.05586	0.15499	0.14325	0.20402	0.00015	0.00015	0.01566	0.00015	0.03971	0.04241	0.99979	0.00015	0.0	0.00015	0.99979	0.00015	0.99979	0.0233	0.99979	0.99979	0.00015	0.03082	0.99979	0.00015	0.0218	0.00015	0.00015	0.00277	0.00277	0.00277	0.56873	0.03653	0.00015	
0.0	0.0	0.0	0.0	0.0	0.0	0.0	0.0	0.0	0.0	0.0	0.0	0.0	0.0	0.0	0.0	0.0	0.0	0.0	0.0	0.0	0.0	0.0	0.0	0.0	0.0	0.0	0.0	0.0	0.0	0.0	0.0	0.0	0.0	0.0	0.0	0.0	0.0	0.0	0.0	0.0	0.0	0.0	0.0	0.0	0.0	0.0	0.0	0.0	0.0	0.0	0.0	0.0	0.0	0.0	0.0	0.0	0.0	0.0	0.0	0.0	0.0	0.0	0.0	0.0	0.0	0.0	0.0	0.0	0.0	0.0	0.0	0.0	0.0	0.0	0.0	0.0	0.0	0.0	0.0	0.0	0.0	0.0	0.0	0.0	0.0	0.0	0.0	0.0	0.0	0.0	0.0	0.0	0.0	0.0	0.0	0.0	
0.0	0.0	0.0	0.0	0.0	0.0	0.0	0.0	0.0	0.0	0.0	0.0	0.0	0.0	0.0	0.0	0.0	0.0	0.0	0.0	0.0	0.0	0.0	0.0	0.0	0.0	0.0	0.0	0.0	0.0	0.0	0.0	0.0	0.0	0.0	0.0	0.0	0.0	0.0	0.0	0.0	0.0	0.0	0.0	0.0	0.0	0.0	0.0	0.0	0.0	0.0	0.0	0.0	0.0	0.0	0.0	0.0	0.0	0.0	0.0	0.0	0.0	0.0	0.0	0.0	0.0	0.0	0.0	0.0	0.0	0.0	0.0	0.0	0.0	0.0	0.0	0.0	0.0	0.0	0.0	0.0	0.0	0.0	0.0	0.0	0.0	0.0	0.0	0.0	0.0	0.0	0.0	0.0	0.0	0.0	0.0	0.0	
0.0	0.00015	0.0	0.0	0.0	0.00015	0.0	0.00015	0.00015	0.0	0.00015	0.00015	0.0	0.00015	0.00011	0.0	0.0	8e-05	0.0	0.00015	0.00015	0.0	0.0	0.0	0.0	0.0	8e-05	0.00012	0.0001	0.00026	0.00014	2e-05	0.0	0.0	0.00016	0.00011	0.00015	7e-05	8e-05	0.0	2e-05	0.0	0.00019	0.0	0.00025	0.0	0.0	0.0	0.0	0.0	0.0	6e-05	0.00051	0.00016	0.00015	8e-05	0.00015	0.00023	0.0	0.00012	0.00024	0.0002	0.0	0.00016	0.0001	0.0001	3e-05	8e-05	0.0	0.0	0.00031	0.0	0.00014	0.00025	0.00015	0.0	0.0	0.0	0.00015	0.0	0.00015	0.0002	0.00015	0.00015	0.0	0.00051	0.00015	0.0	0.00024	0.0	0.0	0.0	0.0	0.0	8e-05	0.00017	0.0	
0.0	0.00015	0.0	0.0	0.0	0.00015	0.0	0.00015	0.00015	0.0	0.00015	0.00015	0.0	0.00015	0.00011	0.0	0.0	8e-05	0.0	0.00015	0.00015	0.0	0.0	0.0	0.0	0.0	8e-05	0.00012	0.0001	0.00026	0.00014	2e-05	0.0	0.0	0.00016	0.00011	0.00015	7e-05	8e-05	0.0	2e-05	0.0	0.00019	0.0	0.00025	0.0	0.0	0.0	0.0	0.0	0.0	6e-05	0.00051	0.00016	0.00015	8e-05	0.00015	0.00023	0.0	0.00012	0.00024	0.0002	0.0	0.00016	0.0001	0.0001	3e-05	8e-05	0.0	0.0	0.00031	0.0	0.00014	0.00025	0.00015	0.0	0.0	0.0	0.00015	0.0	0.00015	0.0002	0.00015	0.00015	0.0	0.00051	0.00015	0.0	0.00024	0.0	0.0	0.0	0.0	0.0	8e-05	0.00017	0.0	
0.0	0.00015	0.0	0.0	0.0	0.00015	0.0	0.00015	0.00015	0.0	0.00015	0.00015	0.0	0.00015	0.00011	0.0	0.0	8e-05	0.0	0.00015	0.00015	0.0	0.0	0.0	0.0	0.0	8e-05	0.00012	0.0001	0.00026	0.00014	2e-05	0.0	0.0	0.00016	0.00011	0.00015	7e-05	8e-05	0.0	2e-05	0.0	0.00019	0.0	0.00025	0.0	0.0	0.0	0.0	0.0	0.0	6e-05	0.00051	0.00016	0.00015	8e-05	0.00015	0.00023	0.0	0.00012	0.00024	0.0002	0.0	0.00016	0.0001	0.0001	3e-05	8e-05	0.0	0.0	0.00031	0.0	0.00014	0.00025	0.00015	0.0	0.0	0.0	0.00015	0.0	0.00015	0.0002	0.00015	0.00015	0.0	0.00051	0.00015	0.0	0.00024	0.0	0.0	0.0	0.0	0.0	8e-05	0.00017	0.0	
8e-05	0.18956	8e-05	8e-05	8e-05	0.18956	8e-05	0.18956	0.18956	8e-05	0.18956	0.18956	8e-05	0.18956	0.35485	8e-05	8e-05	0.17863	8e-05	0.18956	0.18956	0.0	0.0	8e-05	8e-05	8e-05	0.0	0.12666	0.15353	0.11814	0.10414	0.14649	0.0	0.0	0.04128	0.03915	0.18956	0.17972	0.24359	8e-05	0.13242	8e-05	0.07255	8e-05	0.06856	0.0	0.0	0.0	0.0	0.0	0.0	0.12957	0.10814	0.04984	0.07159	0.09373	0.09686	0.17784	8e-05	0.12202	0.10147	0.05049	8e-05	0.09332	0.00836	0.08309	0.10162	0.00032	8e-05	8e-05	0.03372	8e-05	0.09576	0.11971	0.18956	8e-05	0.0	8e-05	0.18956	8e-05	0.18956	0.05228	0.18956	0.18956	8e-05	0.10814	0.18956	8e-05	0.04853	8e-05	8e-05	0.01532	0.01532	0.01532	0.3331	0.13345	8e-05	
0.00012	0.04844	0.00012	0.00012	0.00012	0.04844	0.00012	0.04844	0.04844	0.00012	0.04844	0.04844	0.00012	0.04844	0.07708	0.00012	0.00012	0.17442	0.00012	0.04844	0.04844	0.0	0.0	0.00012	0.00012	0.00012	0.12666	0.0	1.02533	0.18548	0.3679	0.05643	0.0	0.0	0.06501	0.02812	0.04844	0.20724	0.0558	0.00012	0.04861	0.00012	0.33071	0.00012	0.02096	0.0	0.0	0.0	0.0	0.0	0.0	0.12978	0.03171	0.03473	0.06586	0.47015	0.05236	0.04684	0.00012	0.01873	0.0428	0.02286	0.00012	0.00355	0.05653	0.00724	0.04153	0.09255	0.00012	0.00012	0.01585	0.00012	0.06167	0.0429	0.04844	0.00012	0.0	0.00012	0.04844	0.00012	0.04844	0.02358	0.04844	0.04844	0.00012	0.03171	0.04844	0.00012	0.26887	0.00012	0.00012	0.00375	0.00375	0.00375	0.06813	0.03665	0.00012	
0.0001	0.05922	0.0001	0.0001	0.0001	0.05922	0.0001	0.05922	0.05922	0.0001	0.05922	0.05922	0.0001	0.05922	0.09391	0.0001	0.0001	0.13908	0.0001	0.05922	0.05922	0.0	0.0	0.0001	0.0001	0.0001	0.15353	1.02533	0.0	0.13603	0.43439	0.04186	0.0	0.0	0.07887	0.00564	0.05922	0.15812	0.06976	0.0001	0.06056	0.0001	0.19668	0.0001	0.02479	0.0	0.0	0.0	0.0	0.0	0.0	0.14298	0.0372	0.06536	0.10631	0.37317	0.03332	0.0563	0.0001	0.0388	0.09407	0.027	0.0001	0.0154	0.06903	0.02173	0.05713	0.00455	0.0001	0.0001	0.01851	0.0001	0.027	0.0524	0.05922	0.0001	0.0	0.0001	0.05922	0.0001	0.05922	0.02788	0.05922	0.05922	0.0001	0.0372	0.05922	0.0001	0.16443	0.0001	0.0001	0.00433	0.00433	0.00433	0.08566	0.04441	0.0001	
0.00026	0.04136	0.00026	0.00026	0.00026	0.04136	0.00026	0.04136	0.04136	0.00026	0.04136	0.04136	0.00026	0.04136	0.16198	0.00026	0.00026	0.27578	0.00026	0.04136	0.04136	0.0	0.0	0.00026	0.00026	0.00026	0.11814	0.18548	0.13603	0.0	0.03651	0.14638	0.0	0.0	0.19089	0.05962	0.04136	0.05166	0.04886	0.00026	0.04241	0.00026	0.02549	0.00026	0.01739	0.0	0.0	0.0	0.0	0.0	0.0	0.04343	0.5809	0.12352	0.14379	0.03279	0.03424	0.28172	0.00026	0.10696	0.18926	0.01893	0.00026	0.10813	0.04809	0.12475	0.16419	0.09749	0.00026	0.00026	0.01299	0.00026	0.19337	0.4137	0.04136	0.00026	0.0	0.00026	0.04136	0.00026	0.04136	0.01955	0.04136	0.04136	0.00026	0.5809	0.04136	0.00026	0.4342	0.00026	0.00026	0.39543	0.39543	0.39543	0.05976	0.03109	0.00026	
0.00014	0.04269	0.00014	0.00014	0.00014	0.04269	0.00014	0.04269	0.04269	0.00014	0.04269	0.04269	0.00014	0.04269	0.06586	0.00014	0.00014	0.04949	0.00014	0.04269	0.04269	0.0	0.0	0.00014	0.00014	0.00014	0.10414	0.3679	0.43439	0.03651	0.0	0.04705	0.0	0.0	0.05592	0.02882	0.04269	0.19993	0.04894	0.00014	0.04235	0.00014	0.32218	0.00014	0.01874	0.0	0.0	0.0	0.0	0.0	0.0	0.18262	0.02758	0.18213	0.22794	0.79703	0.07371	0.04072	0.00014	0.01207	0.49327	0.02032	0.00014	0.11937	0.04931	0.13348	0.12198	0.00098	0.00014	0.00014	0.01419	0.00014	0.03531	0.03741	0.04269	0.00014	0.0	0.00014	0.04269	0.00014	0.04269	0.02095	0.04269	0.04269	0.00014	0.02758	0.04269	0.00014	0.01963	0.00014	0.00014	0.00375	0.00375	0.00375	0.05909	0.03254	0.00014	
2e-05	0.05388	2e-05	2e-05	2e-05	0.05388	2e-05	0.05388	0.05388	2e-05	0.05388	0.05388	2e-05	0.05388	0.08793	2e-05	2e-05	0.15223	2e-05	0.05388	0.05388	0.0	0.0	2e-05	2e-05	2e-05	0.14649	0.05643	0.04186	0.14638	0.04705	0.0	0.0	0.0	0.04355	0.08014	0.05388	0.07102	0.06661	2e-05	0.28003	2e-05	0.11445	2e-05	0.02105	0.0	0.0	0.0	0.0	0.0	0.0	0.07039	0.0326	0.18881	0.26265	0.04312	0.04389	0.05103	2e-05	0.1514	0.19924	0.17146	2e-05	0.06198	0.13798	0.17943	0.18665	0.05156	2e-05	2e-05	0.22423	2e-05	0.33358	0.25945	0.05388	2e-05	0.0	2e-05	0.05388	2e-05	0.05388	0.31941	0.05388	0.05388	2e-05	0.0326	0.05388	2e-05	0.16289	2e-05	2e-05	0.00277	0.00277	0.00277	0.08368	0.03952	2e-05	
0.0	0.0	0.0	0.0	0.0	0.0	0.0	0.0	0.0	0.0	0.0	0.0	0.0	0.0	0.0	0.0	0.0	0.0	0.0	0.0	0.0	0.0	0.0	0.0	0.0	0.0	0.0	0.0	0.0	0.0	0.0	0.0	0.0	0.0	0.0	0.0	0.0	0.0	0.0	0.0	0.0	0.0	0.0	0.0	0.0	0.0	0.0	0.0	0.0	0.0	0.0	0.0	0.0	0.0	0.0	0.0	0.0	0.0	0.0	0.0	0.0	0.0	0.0	0.0	0.0	0.0	0.0	0.0	0.0	0.0	0.0	0.0	0.0	0.0	0.0	0.0	0.0	0.0	0.0	0.0	0.0	0.0	0.0	0.0	0.0	0.0	0.0	0.0	0.0	0.0	0.0	0.0	0.0	0.0	0.0	0.0	0.0	
0.0	0.0	0.0	0.0	0.0	0.0	0.0	0.0	0.0	0.0	0.0	0.0	0.0	0.0	0.0	0.0	0.0	0.0	0.0	0.0	0.0	0.0	0.0	0.0	0.0	0.0	0.0	0.0	0.0	0.0	0.0	0.0	0.0	0.0	0.0	0.0	0.0	0.0	0.0	0.0	0.0	0.0	0.0	0.0	0.0	0.0	0.0	0.0	0.0	0.0	0.0	0.0	0.0	0.0	0.0	0.0	0.0	0.0	0.0	0.0	0.0	0.0	0.0	0.0	0.0	0.0	0.0	0.0	0.0	0.0	0.0	0.0	0.0	0.0	0.0	0.0	0.0	0.0	0.0	0.0	0.0	0.0	0.0	0.0	0.0	0.0	0.0	0.0	0.0	0.0	0.0	0.0	0.0	0.0	0.0	0.0	0.0	
0.00016	0.06352	0.00016	0.00016	0.00016	0.06352	0.00016	0.06352	0.06352	0.00016	0.06352	0.06352	0.00016	0.06352	0.0122	0.00016	0.00016	0.07615	0.00016	0.06352	0.06352	0.0	0.0	0.00016	0.00016	0.00016	0.04128	0.06501	0.07887	0.19089	0.05592	0.04355	0.0	0.0	0.0	0.09267	0.06352	0.07968	0.07521	0.00016	0.05276	0.00016	0.03935	0.00016	0.14158	0.0	0.0	0.0	0.0	0.0	0.0	0.03703	0.23401	0.10644	0.0451	0.04998	0.05238	0.43583	0.00016	0.01827	0.30592	0.15682	0.00016	0.02516	0.0019	0.02841	0.12402	0.00852	0.00016	0.00016	0.01966	0.00016	0.05183	0.18949	0.06352	0.00016	0.0	0.00016	0.06352	0.00016	0.06352	0.02969	0.06352	0.06352	0.00016	0.23401	0.06352	0.00016	0.0277	0.00016	0.00016	0.05215	0.05215	0.05215	0.05601	0.02383	0.00016	
0.00011	0.41012	0.00011	0.00011	0.00011	0.41012	0.00011	0.41012	0.41012	0.00011	0.41012	0.41012	0.00011	0.41012	0.12033	0.00011	0.00011	0.32205	0.00011	0.41012	0.41012	0.0	0.0	0.00011	0.00011	0.00011	0.03915	0.02812	0.00564	0.05962	0.02882	0.08014	0.0	0.0	0.09267	0.0	0.41012	0.77356	0.3245	0.00011	0.07139	0.00011	0.15965	0.00011	0.02832	0.0	0.0	0.0	0.0	0.0	0.0	0.07269	0.04282	0.02028	0.03698	0.14162	0.05674	0.06551	0.00011	0.11205	0.04747	0.03089	0.00011	0.02681	0.08078	0.24666	0.23691	0.04602	0.00011	0.00011	0.02104	0.00011	0.05615	0.06126	0.41012	0.00011	0.0	0.00011	0.41012	0.00011	0.41012	0.03193	0.41012	0.41012	0.00011	0.04282	0.41012	0.00011	0.02976	0.00011	0.00011	0.00415	0.00415	0.00415	0.29634	0.05137	0.00011	
0.00015	0.99979	0.00015	0.00015	0.00015	0.99979	0.00015	0.99979	0.99979	0.00015	0.99979	0.99979	0.00015	0.99979	0.35618	0.00015	0.00015	0.66522	0.00015	0.99979	0.99979	0.0	0.0	0.00015	0.00015	0.00015	0.18956	0.04844	0.05922	0.04136	0.04269	0.05388	0.0	0.0	0.06352	0.41012	0.0	0.63636	0.67412	0.00015	0.04802	0.00015	0.02963	0.00015	0.02079	0.0	0.0	0.0	0.0	0.0	0.0	0.04972	0.03082	0.09756	0.09253	0.03785	0.04011	0.04593	0.00015	0.18323	0.07822	0.02258	0.00015	0.16276	0.05586	0.15499	0.14325	0.20402	0.00015	0.00015	0.01566	0.00015	0.03971	0.04241	0.99979	0.00015	0.0	0.00015	0.99979	0.00015	0.99979	0.0233	0.99979	0.99979	0.00015	0.03082	0.99979	0.00015	0.0218	0.00015	0.00015	0.00277	0.00277	0.00277	0.56873	0.03653	0.00015	
7e-05	0.63636	7e-05	7e-05	7e-05	0.63636	7e-05	0.63636	0.63636	7e-05	0.63636	0.63636	7e-05	0.63636	0.28128	7e-05	7e-05	0.49492	7e-05	0.63636	0.63636	0.0	0.0	7e-05	7e-05	7e-05	0.17972	0.20724	0.15812	0.05166	0.19993	0.07102	0.0	0.0	0.07968	0.77356	0.63636	0.0	0.49896	7e-05	0.06231	7e-05	0.39411	7e-05	0.02337	0.0	0.0	0.0	0.0	0.0	0.0	0.06346	0.03592	0.13984	0.1521	0.31273	0.04811	0.05581	7e-05	0.14971	0.1658	0.02558	7e-05	0.16494	0.06925	0.21124	0.20991	0.18813	7e-05	7e-05	0.01716	7e-05	0.04759	0.05317	0.63636	7e-05	0.0	7e-05	0.63636	7e-05	0.63636	0.02647	0.63636	0.63636	7e-05	0.03592	0.63636	7e-05	0.0246	7e-05	7e-05	0.00314	0.00314	0.00314	0.4513	0.04339	7e-05	
8e-05	0.67412	8e-05	8e-05	8e-05	0.67412	8e-05	0.67412	0.67412	8e-05	0.67412	0.67412	8e-05	0.67412	0.28906	8e-05	8e-05	0.51391	8e-05	0.67412	0.67412	0.0	0.0	8e-05	8e-05	8e-05	0.24359	0.0558	0.06976	0.04886	0.04894	0.06661	0.0	0.0	0.07521	0.3245	0.67412	0.49896	0.0	8e-05	0.05842	8e-05	0.0327	8e-05	0.02242	0.0	0.0	0.0	0.0	0.0	0.0	0.05981	0.03429	0.12348	0.1181	0.04439	0.04574	0.05296	8e-05	0.23469	0.0898	0.02452	8e-05	0.20632	0.0655	0.19571	0.19207	0.18779	8e-05	8e-05	0.01652	8e-05	0.04525	0.05025	0.67412	8e-05	0.0	8e-05	0.67412	8e-05	0.67412	0.02536	0.67412	0.67412	8e-05	0.03429	0.67412	8e-05	0.02359	8e-05	8e-05	0.00271	0.00271	0.00271	0.65925	0.18024	8e-05	
0.0	0.00015	0.0	0.0	0.0	0.00015	0.0	0.00015	0.00015	0.0	0.00015	0.00015	0.0	0.00015	0.00011	0.0	0.0	8e-05	0.0	0.00015	0.00015	0.0	0.0	0.0	0.0	0.0	8e-05	0.00012	0.0001	0.00026	0.00014	2e-05	0.0	0.0	0.00016	0.00011	0.00015	7e-05	8e-05	0.0	2e-05	0.0	0.00019	0.0	0.00025	0.0	0.0	0.0	0.0	0.0	0.0	6e-05	0.00051	0.00016	0.00015	8e-05	0.00015	0.00023	0.0	0.00012	0.00024	0.0002	0.0	0.00016	0.0001	0.0001	3e-05	8e-05	0.0	0.0	0.00031	0.0	0.00014	0.00025	0.00015	0.0	0.0	0.0	0.00015	0.0	0.00015	0.0002	0.00015	0.00015	0.0	0.00051	0.00015	0.0	0.00024	0.0	0.0	0.0	0.0	0.0	8e-05	0.00017	0.0	
2e-05	0.04802	2e-05	2e-05	2e-05	0.04802	2e-05	0.04802	0.04802	2e-05	0.04802	0.04802	2e-05	0.04802	0.07879	2e-05	2e-05	0.05922	2e-05	0.04802	0.04802	0.0	0.0	2e-05	2e-05	2e-05	0.13242	0.04861	0.06056	0.04241	0.04235	0.28003	0.0	0.0	0.05276	0.07139	0.04802	0.06231	0.05842	2e-05	0.0	2e-05	0.1288	2e-05	0.01913	0.0	0.0	0.0	0.0	0.0	0.0	0.31078	0.0299	0.17468	0.28942	0.03834	0.17878	0.04605	2e-05	0.11791	0.33319	0.10335	2e-05	0.12156	0.30637	0.16326	0.39218	0.11738	2e-05	2e-05	0.01408	2e-05	0.1883	0.28535	0.04802	2e-05	0.0	2e-05	0.04802	2e-05	0.04802	0.38223	0.04802	0.04802	2e-05	0.0299	0.04802	2e-05	0.02014	2e-05	2e-05	0.00295	0.00295	0.00295	0.07313	0.03541	2e-05	
0.0	0.00015	0.0	0.0	0.0	0.00015	0.0	0.00015	0.00015	0.0	0.00015	0.00015	0.0	0.00015	0.00011	0.0	0.0	8e-05	0.0	0.00015	0.00015	0.0	0.0	0.0	0.0	0.0	8e-05	0.00012	0.0001	0.00026	0.00014	2e-05	0.0	0.0	0.00016	0.00011	0.00015	7e-05	8e-05	0.0	2e-05	0.0	0.00019	0.0	0.00025	0.0	0.0	0.0	0.0	0.0	0.0	6e-05	0.00051	0.00016	0.00015	8e-05	0.00015	0.00023	0.0	0.00012	0.00024	0.0002	0.0	0.00016	0.0001	0.0001	3e-05	8e-05	0.0	0.0	0.00031	0.0	0.00014	0.00025	0.00015	0.0	0.0	0.0	0.00015	0.0	0.00015	0.0002	0.00015	0.00015	0.0	0.00051	0.00015	0.0	0.00024	0.0	0.0	0.0	0.0	0.0	8e-05	0.00017	0.0	
0.00019	0.02963	0.00019	0.00019	0.00019	0.02963	0.00019	0.02963	0.02963	0.00019	0.02963	0.02963	0.00019	0.02963	0.04589	0.00019	0.00019	0.03303	0.00019	0.02963	0.02963	0.0	0.0	0.00019	0.00019	0.00019	0.07255	0.33071	0.19668	0.02549	0.32218	0.11445	0.0	0.0	0.03935	0.15965	0.02963	0.39411	0.0327	0.00019	0.1288	0.00019	0.0	0.00019	0.01387	0.0	0.0	0.0	0.0	0.0	0.0	0.02978	0.02074	0.09251	0.1434	0.53035	0.02553	0.02921	0.00019	0.00242	0.25665	0.01507	0.00019	0.06651	0.04261	0.07147	0.07409	0.06786	0.00019	0.00019	0.01076	0.00019	0.05672	0.14217	0.02963	0.00019	0.0	0.00019	0.02963	0.00019	0.02963	0.26157	0.02963	0.02963	0.00019	0.02074	0.02963	0.00019	0.01446	0.00019	0.00019	0.00313	0.00313	0.00313	0.03904	0.02299	0.00019	
0.0	0.00015	0.0	0.0	0.0	0.00015	0.0	0.00015	0.00015	0.0	0.00015	0.00015	0.0	0.00015	0.00011	0.0	0.0	8e-05	0.0	0.00015	0.00015	0.0	0.0	0.0	0.0	0.0	8e-05	0.00012	0.0001	0.00026	0.00014	2e-05	0.0	0.0	0.00016	0.00011	0.00015	7e-05	8e-05	0.0	2e-05	0.0	0.00019	0.0	0.00025	0.0	0.0	0.0	0.0	0.0	0.0	6e-05	0.00051	0.00016	0.00015	8e-05	0.00015	0.00023	0.0	0.00012	0.00024	0.0002	0.0	0.00016	0.0001	0.0001	3e-05	8e-05	0.0	0.0	0.00031	0.0	0.00014	0.00025	0.00015	0.0	0.0	0.0	0.00015	0.0	0.00015	0.0002	0.00015	0.00015	0.0	0.00051	0.00015	0.0	0.00024	0.0	0.0	0.0	0.0	0.0	8e-05	0.00017	0.0	
0.00025	0.02079	0.00025	0.00025	0.00025	0.02079	0.00025	0.02079	0.02079	0.00025	0.02079	0.02079	0.00025	0.02079	0.03049	0.00025	0.00025	0.02262	0.00025	0.02079	0.02079	0.0	0.0	0.00025	0.00025	0.00025	0.06856	0.02096	0.02479	0.01739	0.01874	0.02105	0.0	0.0	0.14158	0.02832	0.02079	0.02337	0.02242	0.00025	0.01913	0.00025	0.01387	0.00025	0.0	0.0	0.0	0.0	0.0	0.0	0.0	0.02021	0.01438	0.03662	0.0344	0.01604	0.01778	0.22157	0.00025	0.06662	0.03316	0.01097	0.00025	0.06017	0.16776	0.05762	0.06199	0.04357	0.00025	0.00025	0.00808	0.00025	0.01762	0.01774	0.02079	0.00025	0.0	0.00025	0.02079	0.00025	0.02079	0.01126	0.02079	0.02079	0.00025	0.01438	0.02079	0.00025	0.01066	0.00025	0.00025	0.0018	0.0018	0.0018	0.16316	0.31317	0.00025	
0.0	0.0	0.0	0.0	0.0	0.0	0.0	0.0	0.0	0.0	0.0	0.0	0.0	0.0	0.0	0.0	0.0	0.0	0.0	0.0	0.0	0.0	0.0	0.0	0.0	0.0	0.0	0.0	0.0	0.0	0.0	0.0	0.0	0.0	0.0	0.0	0.0	0.0	0.0	0.0	0.0	0.0	0.0	0.0	0.0	0.0	0.0	0.0	0.0	0.0	0.0	0.0	0.0	0.0	0.0	0.0	0.0	0.0	0.0	0.0	0.0	0.0	0.0	0.0	0.0	0.0	0.0	0.0	0.0	0.0	0.0	0.0	0.0	0.0	0.0	0.0	0.0	0.0	0.0	0.0	0.0	0.0	0.0	0.0	0.0	0.0	0.0	0.0	0.0	0.0	0.0	0.0	0.0	0.0	0.0	0.0	0.0	
0.0	0.0	0.0	0.0	0.0	0.0	0.0	0.0	0.0	0.0	0.0	0.0	0.0	0.0	0.0	0.0	0.0	0.0	0.0	0.0	0.0	0.0	0.0	0.0	0.0	0.0	0.0	0.0	0.0	0.0	0.0	0.0	0.0	0.0	0.0	0.0	0.0	0.0	0.0	0.0	0.0	0.0	0.0	0.0	0.0	0.0	0.0	0.0	0.0	0.0	0.0	0.0	0.0	0.0	0.0	0.0	0.0	0.0	0.0	0.0	0.0	0.0	0.0	0.0	0.0	0.0	0.0	0.0	0.0	0.0	0.0	0.0	0.0	0.0	0.0	0.0	0.0	0.0	0.0	0.0	0.0	0.0	0.0	0.0	0.0	0.0	0.0	0.0	0.0	0.0	0.0	0.0	0.0	0.0	0.0	0.0	0.0	
0.0	0.0	0.0	0.0	0.0	0.0	0.0	0.0	0.0	0.0	0.0	0.0	0.0	0.0	0.0	0.0	0.0	0.0	0.0	0.0	0.0	0.0	0.0	0.0	0.0	0.0	0.0	0.0	0.0	0.0	0.0	0.0	0.0	0.0	0.0	0.0	0.0	0.0	0.0	0.0	0.0	0.0	0.0	0.0	0.0	0.0	0.0	0.0	0.0	0.0	0.0	0.0	0.0	0.0	0.0	0.0	0.0	0.0	0.0	0.0	0.0	0.0	0.0	0.0	0.0	0.0	0.0	0.0	0.0	0.0	0.0	0.0	0.0	0.0	0.0	0.0	0.0	0.0	0.0	0.0	0.0	0.0	0.0	0.0	0.0	0.0	0.0	0.0	0.0	0.0	0.0	0.0	0.0	0.0	0.0	0.0	0.0	
0.0	0.0	0.0	0.0	0.0	0.0	0.0	0.0	0.0	0.0	0.0	0.0	0.0	0.0	0.0	0.0	0.0	0.0	0.0	0.0	0.0	0.0	0.0	0.0	0.0	0.0	0.0	0.0	0.0	0.0	0.0	0.0	0.0	0.0	0.0	0.0	0.0	0.0	0.0	0.0	0.0	0.0	0.0	0.0	0.0	0.0	0.0	0.0	0.0	0.0	0.0	0.0	0.0	0.0	0.0	0.0	0.0	0.0	0.0	0.0	0.0	0.0	0.0	0.0	0.0	0.0	0.0	0.0	0.0	0.0	0.0	0.0	0.0	0.0	0.0	0.0	0.0	0.0	0.0	0.0	0.0	0.0	0.0	0.0	0.0	0.0	0.0	0.0	0.0	0.0	0.0	0.0	0.0	0.0	0.0	0.0	0.0	
0.0	0.0	0.0	0.0	0.0	0.0	0.0	0.0	0.0	0.0	0.0	0.0	0.0	0.0	0.0	0.0	0.0	0.0	0.0	0.0	0.0	0.0	0.0	0.0	0.0	0.0	0.0	0.0	0.0	0.0	0.0	0.0	0.0	0.0	0.0	0.0	0.0	0.0	0.0	0.0	0.0	0.0	0.0	0.0	0.0	0.0	0.0	0.0	0.0	0.0	0.0	0.0	0.0	0.0	0.0	0.0	0.0	0.0	0.0	0.0	0.0	0.0	0.0	0.0	0.0	0.0	0.0	0.0	0.0	0.0	0.0	0.0	0.0	0.0	0.0	0.0	0.0	0.0	0.0	0.0	0.0	0.0	0.0	0.0	0.0	0.0	0.0	0.0	0.0	0.0	0.0	0.0	0.0	0.0	0.0	0.0	0.0	
0.0	0.0	0.0	0.0	0.0	0.0	0.0	0.0	0.0	0.0	0.0	0.0	0.0	0.0	0.0	0.0	0.0	0.0	0.0	0.0	0.0	0.0	0.0	0.0	0.0	0.0	0.0	0.0	0.0	0.0	0.0	0.0	0.0	0.0	0.0	0.0	0.0	0.0	0.0	0.0	0.0	0.0	0.0	0.0	0.0	0.0	0.0	0.0	0.0	0.0	0.0	0.0	0.0	0.0	0.0	0.0	0.0	0.0	0.0	0.0	0.0	0.0	0.0	0.0	0.0	0.0	0.0	0.0	0.0	0.0	0.0	0.0	0.0	0.0	0.0	0.0	0.0	0.0	0.0	0.0	0.0	0.0	0.0	0.0	0.0	0.0	0.0	0.0	0.0	0.0	0.0	0.0	0.0	0.0	0.0	0.0	0.0	
6e-05	0.04972	6e-05	6e-05	6e-05	0.04972	6e-05	0.04972	0.04972	6e-05	0.04972	0.04972	6e-05	0.04972	0.07945	6e-05	6e-05	0.06058	6e-05	0.04972	0.04972	0.0	0.0	6e-05	6e-05	6e-05	0.12957	0.12978	0.14298	0.04343	0.18262	0.07039	0.0	0.0	0.03703	0.07269	0.04972	0.06346	0.05981	6e-05	0.31078	6e-05	0.02978	6e-05	0.02021	0.0	0.0	0.0	0.0	0.0	0.0	0.0	0.03078	0.27495	0.13056	0.30151	0.40916	0.0472	6e-05	0.03645	1.24259	0.20691	6e-05	0.14979	0.04266	0.13172	0.23633	0.22436	6e-05	6e-05	0.01494	6e-05	0.04043	0.04464	0.04972	6e-05	0.0	6e-05	0.04972	6e-05	0.04972	0.02283	0.04972	0.04972	6e-05	0.03078	0.04972	6e-05	0.02126	6e-05	6e-05	0.00344	0.00344	0.00344	0.07399	0.03696	6e-05	
0.00051	0.03082	0.00051	0.00051	0.00051	0.03082	0.00051	0.03082	0.03082	0.00051	0.03082	0.03082	0.00051	0.03082	0.1862	0.00051	0.00051	0.03464	0.00051	0.03082	0.03082	0.0	0.0	0.00051	0.00051	0.00051	0.10814	0.03171	0.0372	0.5809	0.02758	0.0326	0.0	0.0	0.23401	0.04282	0.03082	0.03592	0.03429	0.00051	0.0299	0.00051	0.02074	0.00051	0.01438	0.0	0.0	0.0	0.0	0.0	0.0	0.03078	0.0	0.11748	0.14144	0.02402	0.02606	0.38871	0.00051	0.0734	0.30995	0.01549	0.00051	0.08118	0.03526	0.0847	0.10122	0.06733	0.00051	0.00051	0.01114	0.00051	0.02582	0.56682	0.03082	0.00051	0.0	0.00051	0.03082	0.00051	0.03082	0.01593	0.03082	0.03082	0.00051	1.0003	0.03082	0.00051	0.01501	0.00051	0.00051	0.0	0.0	0.0	0.04074	0.02394	0.00051	
0.00016	0.09756	0.00016	0.00016	0.00016	0.09756	0.00016	0.09756	0.09756	0.00016	0.09756	0.09756	0.00016	0.09756	0.01948	0.00016	0.00016	0.12541	0.00016	0.09756	0.09756	0.0	0.0	0.00016	0.00016	0.00016	0.04984	0.03473	0.06536	0.12352	0.18213	0.18881	0.0	0.0	0.10644	0.02028	0.09756	0.13984	0.12348	0.00016	0.17468	0.00016	0.09251	0.00016	0.03662	0.0	0.0	0.0	0.0	0.0	0.0	0.27495	0.11748	0.0	0.42622	0.16539	0.16716	0.03191	0.00016	0.04681	2.16853	0.30419	0.00016	0.37858	0.01513	0.03854	0.07102	0.051	0.00016	0.00016	0.0266	0.00016	0.07753	0.12473	0.09756	0.00016	0.0	0.00016	0.09756	0.00016	0.09756	0.0417	0.09756	0.09756	0.00016	0.11748	0.09756	0.00016	0.03863	0.00016	0.00016	0.01486	0.01486	0.01486	0.15989	0.07024	0.00016	
0.00015	0.09253	0.00015	0.00015	0.00015	0.09253	0.00015	0.09253	0.09253	0.00015	0.09253	0.09253	0.00015	0.09253	0.04166	0.00015	0.00015	0.11997	0.00015	0.09253	0.09253	0.0	0.0	0.00015	0.00015	0.00015	0.07159	0.06586	0.10631	0.14379	0.22794	0.26265	0.0	0.0	0.0451	0.03698	0.09253	0.1521	0.1181	0.00015	0.28942	0.00015	0.1434	0.00015	0.0344	0.0	0.0	0.0	0.0	0.0	0.0	0.13056	0.14144	0.42622	0.0	0.20739	0.03052	0.05554	0.00015	0.15393	0.71471	0.15062	0.00015	0.16604	0.07257	0.07675	0.1856	0.00949	0.00015	0.00015	0.02492	0.00015	0.07816	0.25591	0.09253	0.00015	0.0	0.00015	0.09253	0.00015	0.09253	0.15753	0.09253	0.09253	0.00015	0.14144	0.09253	0.00015	0.03631	0.00015	0.00015	0.02133	0.02133	0.02133	0.15342	0.06642	0.00015	
8e-05	0.03785	8e-05	8e-05	8e-05	0.03785	8e-05	0.03785	0.03785	8e-05	0.03785	0.03785	8e-05	0.03785	0.05907	8e-05	8e-05	0.04491	8e-05	0.03785	0.03785	0.0	0.0	8e-05	8e-05	8e-05	0.09373	0.47015	0.37317	0.03279	0.79703	0.04312	0.0	0.0	0.04998	0.14162	0.03785	0.31273	0.04439	8e-05	0.03834	8e-05	0.53035	8e-05	0.01604	0.0	0.0	0.0	0.0	0.0	0.0	0.30151	0.02402	0.16539	0.20739	0.0	0.21323	0.03604	8e-05	0.04014	0.49314	0.01746	8e-05	0.10736	0.04392	0.1199	0.1125	0.10198	8e-05	8e-05	0.012	8e-05	0.03109	0.03365	0.03785	8e-05	0.0	8e-05	0.03785	8e-05	0.03785	0.01802	0.03785	0.03785	8e-05	0.02402	0.03785	8e-05	0.01684	8e-05	8e-05	0.00293	0.00293	0.00293	0.05406	0.02855	8e-05	
0.00015	0.04011	0.00015	0.00015	0.00015	0.04011	0.00015	0.04011	0.04011	0.00015	0.04011	0.04011	0.00015	0.04011	0.06158	0.00015	0.00015	0.04624	0.00015	0.04011	0.04011	0.0	0.0	0.00015	0.00015	0.00015	0.09686	0.05236	0.03332	0.03424	0.07371	0.04389	0.0	0.0	0.05238	0.05674	0.04011	0.04811	0.04574	0.00015	0.17878	0.00015	0.02553	0.00015	0.01778	0.0	0.0	0.0	0.0	0.0	0.0	0.40916	0.02606	0.16716	0.03052	0.21323	0.0	0.03828	0.00015	0.00088	0.4551	0.01925	0.00015	0.11085	0.03622	0.00012	0.05732	0.16071	0.00015	0.00015	0.0135	0.00015	0.03325	0.03507	0.04011	0.00015	0.0	0.00015	0.04011	0.00015	0.04011	0.01984	0.04011	0.04011	0.00015	0.02606	0.04011	0.00015	0.01861	0.00015	0.00015	0.00362	0.00362	0.00362	0.05505	0.03067	0.00015	
0.00023	0.04593	0.00023	0.00023	0.00023	0.04593	0.00023	0.04593	0.04593	0.00023	0.04593	0.04593	0.00023	0.04593	0.04704	0.00023	0.00023	0.05356	0.00023	0.04593	0.04593	0.0	0.0	0.00023	0.00023	0.00023	0.17784	0.04684	0.0563	0.28172	0.04072	0.05103	0.0	0.0	0.43583	0.06551	0.04593	0.05581	0.05296	0.00023	0.04605	0.00023	0.02921	0.00023	0.22157	0.0	0.0	0.0	0.0	0.0	0.0	0.0472	0.38871	0.03191	0.05554	0.03604	0.03828	0.0	0.00023	0.00164	0.04825	0.02168	0.00023	0.00356	0.0148	0.00455	0.17453	0.10646	0.00023	0.00023	0.0151	0.00023	0.0379	0.27761	0.04593	0.00023	0.0	0.00023	0.04593	0.00023	0.04593	0.02236	0.04593	0.04593	0.00023	0.38871	0.04593	0.00023	0.02094	0.00023	0.00023	0.14957	0.14957	0.14957	0.05948	0.05426	0.00023	
0.0	0.00015	0.0	0.0	0.0	0.00015	0.0	0.00015	0.00015	0.0	0.00015	0.00015	0.0	0.00015	0.00011	0.0	0.0	8e-05	0.0	0.00015	0.00015	0.0	0.0	0.0	0.0	0.0	8e-05	0.00012	0.0001	0.00026	0.00014	2e-05	0.0	0.0	0.00016	0.00011	0.00015	7e-05	8e-05	0.0	2e-05	0.0	0.00019	0.0	0.00025	0.0	0.0	0.0	0.0	0.0	0.0	6e-05	0.00051	0.00016	0.00015	8e-05	0.00015	0.00023	0.0	0.00012	0.00024	0.0002	0.0	0.00016	0.0001	0.0001	3e-05	8e-05	0.0	0.0	0.00031	0.0	0.00014	0.00025	0.00015	0.0	0.0	0.0	0.00015	0.0	0.00015	0.0002	0.00015	0.00015	0.0	0.00051	0.00015	0.0	0.00024	0.0	0.0	0.0	0.0	0.0	8e-05	0.00017	0.0	
0.00012	0.18323	0.00012	0.00012	0.00012	0.18323	0.00012	0.18323	0.18323	0.00012	0.18323	0.18323	0.00012	0.18323	0.02376	0.00012	0.00012	0.17469	0.00012	0.18323	0.18323	0.0	0.0	0.00012	0.00012	0.00012	0.12202	0.01873	0.0388	0.10696	0.01207	0.1514	0.0	0.0	0.01827	0.11205	0.18323	0.14971	0.23469	0.00012	0.11791	0.00012	0.00242	0.00012	0.06662	0.0	0.0	0.0	0.0	0.0	0.0	0.03645	0.0734	0.04681	0.15393	0.04014	0.00088	0.00164	0.00012	0.0	0.09818	0.0519	0.00012	0.08535	0.01979	0.16871	0.07093	0.03993	0.00012	0.00012	0.03465	0.00012	0.09861	0.11028	0.18323	0.00012	0.0	0.00012	0.18323	0.00012	0.18323	0.05374	0.18323	0.18323	0.00012	0.0734	0.18323	0.00012	0.04988	0.00012	0.00012	0.00774	0.00774	0.00774	0.31893	0.12932	0.00012	
0.00024	0.07822	0.00024	0.00024	0.00024	0.07822	0.00024	0.07822	0.07822	0.00024	0.07822	0.07822	0.00024	0.07822	0.04714	0.00024	0.00024	0.09106	0.00024	0.07822	0.07822	0.0	0.0	0.00024	0.00024	0.00024	0.10147	0.0428	0.09407	0.18926	0.49327	0.19924	0.0	0.0	0.30592	0.04747	0.07822	0.1658	0.0898	0.00024	0.33319	0.00024	0.25665	0.00024	0.03316	0.0	0.0	0.0	0.0	0.0	0.0	1.24259	0.30995	2.16853	0.71471	0.49314	0.4551	0.04825	0.00024	0.09818	0.0	1.02812	0.00024	0.40721	0.0373	0.09254	0.15862	0.1263	0.00024	0.00024	0.02549	0.00024	0.0638	0.18769	0.07822	0.00024	0.0	0.00024	0.07822	0.00024	0.07822	0.03774	0.07822	0.07822	0.00024	0.30995	0.07822	0.00024	0.03466	0.00024	0.00024	0.00024	0.00024	0.00024	0.11609	0.05771	0.00024	
0.0002	0.02258	0.0002	0.0002	0.0002	0.02258	0.0002	0.02258	0.02258	0.0002	0.02258	0.02258	0.0002	0.02258	0.03329	0.0002	0.0002	0.02474	0.0002	0.02258	0.02258	0.0	0.0	0.0002	0.0002	0.0002	0.05049	0.02286	0.027	0.01893	0.02032	0.17146	0.0	0.0	0.15682	0.03089	0.02258	0.02558	0.02452	0.0002	0.10335	0.0002	0.01507	0.0002	0.01097	0.0	0.0	0.0	0.0	0.0	0.0	0.20691	0.01549	0.30419	0.15062	0.01746	0.01925	0.02168	0.0002	0.0519	1.02812	0.0	0.0002	0.05721	0.02565	0.05959	0.10071	0.08032	0.0002	0.0002	0.0086	0.0002	0.01908	0.01932	0.02258	0.0002	0.0	0.0002	0.02258	0.0002	0.02258	0.01208	0.02258	0.02258	0.0002	0.01549	0.02258	0.0002	0.01142	0.0002	0.0002	0.00227	0.00227	0.00227	0.02879	0.01777	0.0002	
0.0	0.00015	0.0	0.0	0.0	0.00015	0.0	0.00015	0.00015	0.0	0.00015	0.00015	0.0	0.00015	0.00011	0.0	0.0	8e-05	0.0	0.00015	0.00015	0.0	0.0	0.0	0.0	0.0	8e-05	0.00012	0.0001	0.00026	0.00014	2e-05	0.0	0.0	0.00016	0.00011	0.00015	7e-05	8e-05	0.0	2e-05	0.0	0.00019	0.0	0.00025	0.0	0.0	0.0	0.0	0.0	0.0	6e-05	0.00051	0.00016	0.00015	8e-05	0.00015	0.00023	0.0	0.00012	0.00024	0.0002	0.0	0.00016	0.0001	0.0001	3e-05	8e-05	0.0	0.0	0.00031	0.0	0.00014	0.00025	0.00015	0.0	0.0	0.0	0.00015	0.0	0.00015	0.0002	0.00015	0.00015	0.0	0.00051	0.00015	0.0	0.00024	0.0	0.0	0.0	0.0	0.0	8e-05	0.00017	0.0	
0.00016	0.16276	0.00016	0.00016	0.00016	0.16276	0.00016	0.16276	0.16276	0.00016	0.16276	0.16276	0.00016	0.16276	0.01611	0.00016	0.00016	0.20978	0.00016	0.16276	0.16276	0.0	0.0	0.00016	0.00016	0.00016	0.09332	0.00355	0.0154	0.10813	0.11937	0.06198	0.0	0.0	0.02516	0.02681	0.16276	0.16494	0.20632	0.00016	0.12156	0.00016	0.06651	0.00016	0.06017	0.0	0.0	0.0	0.0	0.0	0.0	0.14979	0.08118	0.37858	0.16604	0.10736	0.11085	0.00356	0.00016	0.08535	0.40721	0.05721	0.00016	0.0	0.01625	0.05285	0.01581	0.00068	0.00016	0.00016	0.03809	0.00016	0.12815	0.11093	0.16276	0.00016	0.0	0.00016	0.16276	0.00016	0.16276	0.06848	0.16276	0.16276	0.00016	0.08118	0.16276	0.00016	0.06346	0.00016	0.00016	0.00845	0.00845	0.00845	0.27521	0.11581	0.00016	
