0.0	0.00098	0.0	0.0	0.04115	0.0	0.27911	0.08075	0.01396	0.03002	0.1903	0.0	0.17945	0.00735	0.00668	0.01617	0.04382	0.0	0.01526	0.00662	0.01615	0.03129	0.0	0.01526	0.03145	0.0	0.03228	0.0	0.0	0.0	3e-05	3e-05	0.0	3e-05	0.0	0.0	3e-05	0.00407	0.00994	0.53401	0.33116	0.00076	0.0	0.0	0.0	3e-05	0.01615	0.0	0.0	0.0	0.00496	0.0	0.18054	3e-05	0.0	0.0	0.0	0.0	0.0	0.0025	0.12273	0.0	0.00553	0.0499	0.0	0.0499	0.11079	3e-05	0.06055	0.03122	0.17735	0.0	0.07019	0.034	0.0025	0.00407	3e-05	0.01353	
0.00098	0.0	0.0002	0.0002	0.0002	0.0002	0.22447	0.20812	0.17181	0.09557	0.0594	0.00843	0.06904	0.05878	0.76026	0.37405	0.0002	0.0002	0.16768	0.01648	0.04156	0.46795	0.0002	0.16768	0.07464	0.0	0.01578	0.0002	0.0002	0.0002	0.00018	0.00018	0.0002	0.00018	0.0002	0.0002	0.00018	0.01101	0.02082	0.00639	0.0002	0.00169	0.00843	0.07585	0.0002	0.00018	0.04156	0.0002	0.0002	0.07585	0.0002	0.0002	0.0002	0.00018	0.0002	0.0002	0.0002	0.0002	0.0002	0.10581	0.0002	0.0002	0.0002	0.33259	0.0	0.33259	0.0118	0.00018	0.22447	0.0	0.46795	0.0	0.43388	0.8539	0.10581	0.01101	0.00018	0.03365	
0.0	0.0002	0.0	0.0	0.0	0.0	0.00045	0.00032	0.00046	0.00014	0.00067	0.0	6e-05	0.00012	0.00029	5e-05	0.0	0.0	0.00012	0.0	0.0	0.00012	0.0	0.00012	0.0	0.0	0.0	0.0	0.0	0.0	0.0	0.0	0.0	0.0	0.0	0.0	0.0	0.0	9e-05	0.0	0.0	0.0	0.0	0.0	0.0	0.0	0.0	0.0	0.0	0.0	0.0	0.0	0.0	0.0	0.0	0.0	0.0	0.0	0.0	0.0	0.0	0.0	0.0	0.00012	0.0	0.00012	1e-05	0.0	0.00045	0.0002	0.00012	0.0	0.00032	0.00045	0.0	0.0	0.0	0.0	
0.0	0.0002	0.0	0.0	0.0	0.0	0.00045	0.00032	0.00046	0.00014	0.00067	0.0	6e-05	0.00012	0.00029	5e-05	0.0	0.0	0.00012	0.0	0.0	0.00012	0.0	0.00012	0.0	0.0	0.0	0.0	0.0	0.0	0.0	0.0	0.0	0.0	0.0	0.0	0.0	0.0	9e-05	0.0	0.0	0.0	0.0	0.0	0.0	0.0	0.0	0.0	0.0	0.0	0.0	0.0	0.0	0.0	0.0	0.0	0.0	0.0	0.0	0.0	0.0	0.0	0.0	0.00012	0.0	0.00012	1e-05	0.0	0.00045	0.0002	0.00012	0.0	0.00032	0.00045	0.0	0.0	0.0	0.0	
0.04115	0.0002	0.0	0.0	0.0	0.0	0.0	0.04484	0.07195	0.13956	0.01325	0.0	6e-05	0.00042	0.04824	5e-05	0.0	0.0	0.01936	0.00056	0.0	0.00012	0.0	0.01936	0.07103	0.0	0.06743	0.0	0.0	0.0	0.00027	0.00027	0.0	0.00027	0.0	0.0	0.00027	0.0	9e-05	0.03654	0.0	0.03701	0.0	0.0	0.0	0.00027	0.0	0.0	0.0	0.0	0.0	0.0	0.0	0.00027	0.0	0.0	0.0	0.0	0.0	0.02914	0.0	0.0	0.0	0.03597	0.0	0.03597	0.03093	0.00027	0.0	0.01056	0.00012	0.0	0.02697	0.01819	0.02914	0.0	0.00027	0.18548	
0.0	0.0002	0.0	0.0	0.0	0.0	0.02533	0.03884	0.12097	0.01551	0.00484	0.0	6e-05	0.06375	0.16299	5e-05	0.0	0.0	0.00638	0.04381	0.12271	0.00012	0.0	0.00638	0.0	0.0	0.04188	0.0	0.0	0.0	0.0	0.0	0.0	0.0	0.0	0.0	0.0	0.0	9e-05	0.05669	0.0	0.00553	0.0	0.0	0.0	0.0	0.12271	0.0	0.0	0.0	0.0	0.0	0.0	0.0	0.0	0.0	0.0	0.0	0.0	0.0	0.0	0.0	0.0	0.01352	0.0	0.01352	0.04019	0.0	0.02533	0.02096	0.00012	0.0	0.03169	0.10755	0.0	0.0	0.0	0.09552	
0.27911	0.22447	0.00045	0.00045	0.0	0.02533	0.0	0.00263	0.0	0.01661	0.41728	0.00034	0.16523	0.00818	0.61074	0.02453	0.01023	0.0	0.01524	0.00472	5e-05	0.11396	0.00045	0.01524	0.0083	0.0	0.08587	0.0	0.00045	0.0	0.0	0.0	0.00045	0.0	0.0	0.00045	0.0	0.04103	0.01538	0.0	0.0	0.02123	0.0	0.02466	0.00045	0.0	5e-05	0.00045	0.0	0.0561	0.00939	0.00045	0.02127	0.0	0.00045	0.00045	0.0	0.02533	0.00045	0.05669	0.0	0.00045	0.06786	0.0018	0.0	0.0018	0.05186	0.0	0.0	0.00519	0.00028	0.0	0.00477	0.0	0.05669	0.04103	0.0	0.00249	
0.08075	0.20812	0.00032	0.00032	0.04484	0.03884	0.00263	0.0	0.57438	0.05263	0.19847	0.09637	0.00115	0.1891	0.06651	0.10316	0.0078	0.0	0.05304	0.00032	0.00032	0.03986	0.00032	0.05304	0.00032	0.0	0.00032	0.0	0.00032	0.0	0.00032	0.00032	0.00032	0.00032	0.0	0.00032	0.00032	0.00032	0.06858	0.16159	0.09387	0.00032	0.0	0.0	0.00032	0.00032	0.00032	0.00032	0.0	0.16159	0.01679	0.00032	0.14641	0.00032	0.00032	0.00032	0.0	0.03884	0.00032	0.00032	1e-05	0.00032	0.01268	0.1891	0.0	0.1891	0.00178	0.00032	0.0	0.20927	0.17281	0.0	0.0	0.29114	0.00032	0.00032	0.00032	0.00032	
0.01396	0.17181	0.00046	0.00046	0.07195	0.12097	0.0	0.57438	0.0	0.0	0.0	0.28703	7e-05	0.31428	0.0	0.0	0.01672	0.13375	0.0	0.0	0.08428	0.00769	0.00046	0.0	0.0	0.0	0.0	0.0	0.00046	0.13375	0.0	0.0	0.00046	0.0	0.0	0.00046	0.0	0.02024	0.0	0.00066	0.0	0.0	0.0	0.0	0.00046	0.0	0.08428	0.00046	0.0	0.06288	0.03902	0.00046	0.0	0.0	0.00046	0.00046	0.0	0.12097	0.00046	0.0	0.00015	0.00046	0.04268	0.09873	0.0	0.09873	0.05647	0.0	0.0	0.0	0.0	0.0	0.0	0.0	0.0	0.02024	0.0	0.10795	
0.03002	0.09557	0.00014	0.00014	0.13956	0.01551	0.01661	0.05263	0.0	0.0	0.04773	0.00196	0.00111	0.01302	0.0	0.0	0.00486	0.01411	0.00019	0.00014	0.00014	0.04579	0.00014	0.00019	0.00014	0.0	0.00014	0.00047	0.00014	0.01411	0.00014	0.00014	0.00014	0.00014	0.00047	0.00014	0.00014	0.00014	0.00041	0.01586	0.01704	0.00014	0.0	0.00037	0.00014	0.00014	0.00014	0.00014	0.00047	0.01586	0.00624	0.00014	0.00259	0.00014	0.00014	0.00014	0.00047	0.01551	0.00014	0.00014	0.04759	0.00014	0.06786	0.01302	0.0	0.01302	0.01072	0.00014	0.00036	0.06537	0.01669	0.0	0.05262	0.23965	0.00014	0.00014	0.00014	0.00014	
0.1903	0.0594	0.00067	0.00067	0.01325	0.00484	0.41728	0.19847	0.0	0.04773	0.0	0.03782	0.13683	0.03986	0.0	0.00372	0.01412	0.00613	0.07005	0.00067	0.00067	0.01821	0.00067	0.07005	0.00067	0.0	0.00067	0.00015	0.00067	0.00613	0.00067	0.00067	0.00067	0.00067	0.00015	0.00067	0.00067	0.00067	0.01376	0.04633	0.00657	0.00067	0.09558	0.06869	0.00067	0.00067	0.00067	0.00067	0.00015	0.04633	0.08877	0.00067	0.0153	0.00067	0.00067	0.00067	0.00015	0.00484	0.00067	0.00067	0.02275	0.00067	0.00102	0.03986	0.0	0.03986	0.05483	0.00067	0.51496	0.22061	0.09195	0.0	0.19847	0.0	0.00067	0.00067	0.00067	0.00067	
0.0	0.00843	0.0	0.0	0.0	0.0	0.00034	0.09637	0.28703	0.00196	0.03782	0.0	6e-05	0.06412	0.00945	0.00928	0.0	0.0	0.04901	0.07513	0.03277	0.00495	0.0	0.04901	0.0	0.0	4e-05	0.0	0.0	0.0	1e-05	1e-05	0.0	1e-05	0.0	0.0	1e-05	0.0	0.00347	0.00118	0.0	0.00972	0.0	0.00692	0.0	1e-05	0.03277	0.0	0.0	0.00692	0.0	0.0	0.0	1e-05	0.0	0.0	0.0	0.0	0.0	0.18913	0.0	0.0	0.0	0.09848	0.0	0.09848	0.37067	1e-05	0.00034	0.15544	0.00495	0.0	0.05545	0.01232	0.18913	0.0	1e-05	0.15954	
0.17945	0.06904	6e-05	6e-05	6e-05	6e-05	0.16523	0.00115	7e-05	0.00111	0.13683	6e-05	0.0	0.40534	0.06661	0.0	6e-05	6e-05	0.40535	6e-05	6e-05	0.40536	6e-05	0.40535	6e-05	0.0	6e-05	6e-05	6e-05	6e-05	6e-05	6e-05	6e-05	6e-05	6e-05	6e-05	6e-05	6e-05	0.05008	0.17946	6e-05	6e-05	0.04381	0.17946	6e-05	6e-05	6e-05	6e-05	6e-05	0.17946	6e-05	6e-05	6e-05	6e-05	6e-05	6e-05	6e-05	6e-05	6e-05	6e-05	6e-05	6e-05	6e-05	0.40536	0.0	0.40536	0.0	6e-05	0.16523	0.06903	0.40536	0.0	0.00115	0.16523	6e-05	6e-05	6e-05	6e-05	
0.00735	0.05878	0.00012	0.00012	0.00042	0.06375	0.00818	0.1891	0.31428	0.01302	0.03986	0.06412	0.40534	0.0	0.09851	0.48144	0.00019	0.02053	0.0	0.00012	0.00012	0.16072	0.00012	0.0	0.00012	0.0	0.00012	1e-05	0.00012	0.02053	0.00012	0.00012	0.00012	0.00012	1e-05	0.00012	0.00012	0.00012	0.03995	0.02906	0.06391	0.00012	0.01305	0.0055	0.00012	0.00012	0.00012	0.00012	1e-05	0.02906	0.01388	0.00012	0.23366	0.00012	0.00012	0.00012	1e-05	0.06375	0.00012	0.00012	0.01247	0.00012	0.02869	0.0	0.0	0.0	0.24134	0.00012	0.03359	0.17343	0.85522	0.0	0.18911	0.04873	0.00012	0.00012	0.00012	0.00012	
0.00668	0.76026	0.00029	0.00029	0.04824	0.16299	0.61074	0.06651	0.0	0.0	0.0	0.00945	0.06661	0.09851	0.0	0.08027	0.05093	0.01353	0.10316	0.0	0.069	0.32974	0.00029	0.10316	0.0	0.0	0.0	0.00016	0.00029	0.01353	0.0	0.0	0.00029	0.0	0.00016	0.00029	0.0	0.01603	0.03091	0.1382	0.21435	0.0	0.00016	0.02211	0.00029	0.0	0.069	0.00029	0.00016	0.04498	0.00599	0.00029	0.14989	0.0	0.00029	0.00029	0.00016	0.16299	0.00029	0.0	0.11501	0.00029	0.00677	0.01688	0.0	0.01688	0.08416	0.0	0.06686	0.36116	0.00423	0.0	0.09032	0.0	0.0	0.01603	0.0	0.08883	
0.01617	0.37405	5e-05	5e-05	5e-05	5e-05	0.02453	0.10316	0.0	0.0	0.00372	0.00928	0.0	0.48144	0.08027	0.0	5e-05	5e-05	0.36067	0.0	0.01465	0.0	5e-05	0.36067	0.07609	0.0	0.08867	5e-05	5e-05	5e-05	0.0	0.0	5e-05	0.0	5e-05	5e-05	0.0	0.10857	0.02183	0.05899	5e-05	0.0	5e-05	0.0697	5e-05	0.0	0.01465	5e-05	5e-05	0.0697	5e-05	5e-05	5e-05	0.0	5e-05	5e-05	5e-05	5e-05	5e-05	0.0507	5e-05	5e-05	5e-05	0.0	0.0	0.0	0.19316	0.0	0.02453	0.0	0.0	0.0	0.0	0.05415	0.0507	0.10857	0.0	0.22024	
0.04382	0.0002	0.0	0.0	0.0	0.0	0.01023	0.0078	0.01672	0.00486	0.01412	0.0	6e-05	0.00019	0.05093	5e-05	0.0	0.0	0.06074	0.0	0.01979	0.00012	0.0	0.06074	0.0665	0.0	0.06006	0.0	0.0	0.0	1e-05	1e-05	0.0	1e-05	0.0	0.0	1e-05	0.17479	9e-05	0.00472	0.0	0.04094	0.0	0.0	0.0	1e-05	0.01979	0.0	0.0	0.0	0.0	0.0	0.0	1e-05	0.0	0.0	0.0	0.0	0.0	0.02582	0.0	0.0	0.0	0.0	0.0	0.0	0.09754	1e-05	0.01023	0.0679	0.00012	0.0	0.01036	0.01935	0.02582	0.17479	1e-05	0.0	
0.0	0.0002	0.0	0.0	0.0	0.0	0.0	0.0	0.13375	0.01411	0.00613	0.0	6e-05	0.02053	0.01353	5e-05	0.0	0.0	0.0	0.06073	0.06422	0.00012	0.0	0.0	0.01527	0.0	0.07218	0.0	0.0	0.0	0.00012	0.00012	0.0	0.00012	0.0	0.0	0.00012	0.0	9e-05	0.04103	0.0	0.00357	0.0	0.0	0.0	0.00012	0.06422	0.0	0.0	0.0	0.0	0.0	0.0	0.00012	0.0	0.0	0.0	0.0	0.0	0.00638	0.0	0.0	0.0	0.32568	0.0	0.32568	0.08422	0.00012	0.0	0.16963	0.00012	0.0	0.09104	0.01088	0.00638	0.0	0.00012	0.0328	
0.01526	0.16768	0.00012	0.00012	0.01936	0.00638	0.01524	0.05304	0.0	0.00019	0.07005	0.04901	0.40535	0.0	0.10316	0.36067	0.06074	0.0	0.0	0.17482	0.0	0.33471	0.00012	0.0	0.0	0.0	0.18052	0.0	0.00012	0.0	0.0	0.0	0.00012	0.0	0.0	0.00012	0.0	0.0	0.0	0.00054	0.01524	0.0	0.0	0.0	0.00012	0.0	0.0	0.00012	0.0	0.02906	0.00158	0.00012	0.02713	0.0	0.00012	0.00012	0.0	0.00638	0.00012	0.0	0.06421	0.00012	0.00357	0.1363	0.0	0.1363	0.00038	0.0	0.0	0.01596	0.16841	0.0	0.04413	0.09833	0.0	0.0	0.0	0.08941	
0.00662	0.01648	0.0	0.0	0.00056	0.04381	0.00472	0.00032	0.0	0.00014	0.00067	0.07513	6e-05	0.00012	0.0	0.0	0.0	0.06073	0.17482	0.0	0.0	0.01834	0.0	0.17482	0.0	0.0	0.0	1e-05	0.0	0.06073	0.0	0.0	0.0	0.0	1e-05	0.0	0.0	0.0	0.00816	0.0	0.02114	0.0	0.04488	0.02583	0.0	0.0	0.0	0.0	1e-05	0.0	0.02858	0.0	4e-05	0.0	0.0	0.0	1e-05	0.04381	0.0	0.0	0.01053	0.0	0.0	0.00012	0.0	0.00012	0.08286	0.0	0.00935	0.19164	0.0088	0.0	0.00032	0.00045	0.0	0.0	0.0	0.0	
0.01615	0.04156	0.0	0.0	0.0	0.12271	5e-05	0.00032	0.08428	0.00014	0.00067	0.03277	6e-05	0.00012	0.069	0.01465	0.01979	0.06422	0.0	0.0	0.0	0.04655	0.0	0.0	0.0	0.0	0.0	6e-05	0.0	0.06422	0.0	0.0	0.0	0.0	6e-05	0.0	0.0	0.0	0.00767	0.0	0.07824	0.0	0.01421	0.05029	0.0	0.0	0.0	0.0	6e-05	0.0	0.0	0.0	0.02383	0.0	0.0	0.0	6e-05	0.12271	0.0	0.0	0.0	0.0	0.0	0.00012	0.0	0.00012	0.0944	0.0	0.06443	3e-05	0.26271	0.0	0.00032	0.00045	0.0	0.0	0.0	0.0	
0.03129	0.46795	0.00012	0.00012	0.00012	0.00012	0.11396	0.03986	0.00769	0.04579	0.01821	0.00495	0.40536	0.16072	0.32974	0.0	0.00012	0.00012	0.33471	0.01834	0.04655	0.0	0.00012	0.33471	0.10303	0.0	0.01756	0.00012	0.00012	0.00012	6e-05	6e-05	0.00012	6e-05	0.00012	0.00012	6e-05	0.01563	0.00905	0.00081	0.00012	0.00212	0.00495	0.02906	0.00012	6e-05	0.04655	0.00012	0.00012	0.02906	0.00012	0.00012	0.00012	6e-05	0.00012	0.00012	0.00012	0.00012	0.00012	0.14328	0.00012	0.00012	0.00012	0.0	0.0	0.0	0.08091	6e-05	0.11396	0.25585	0.0	0.0	0.05165	0.32902	0.14328	0.01563	6e-05	0.03752	
0.0	0.0002	0.0	0.0	0.0	0.0	0.00045	0.00032	0.00046	0.00014	0.00067	0.0	6e-05	0.00012	0.00029	5e-05	0.0	0.0	0.00012	0.0	0.0	0.00012	0.0	0.00012	0.0	0.0	0.0	0.0	0.0	0.0	0.0	0.0	0.0	0.0	0.0	0.0	0.0	0.0	9e-05	0.0	0.0	0.0	0.0	0.0	0.0	0.0	0.0	0.0	0.0	0.0	0.0	0.0	0.0	0.0	0.0	0.0	0.0	0.0	0.0	0.0	0.0	0.0	0.0	0.00012	0.0	0.00012	1e-05	0.0	0.00045	0.0002	0.00012	0.0	0.00032	0.00045	0.0	0.0	0.0	0.0	
0.01526	0.16768	0.00012	0.00012	0.01936	0.00638	0.01524	0.05304	0.0	0.00019	0.07005	0.04901	0.40535	0.0	0.10316	0.36067	0.06074	0.0	0.0	0.17482	0.0	0.33471	0.00012	0.0	0.0	0.0	0.18052	0.0	0.00012	0.0	0.0	0.0	0.00012	0.0	0.0	0.00012	0.0	0.0	0.0	0.00054	0.01524	0.0	0.0	0.0	0.00012	0.0	0.0	0.00012	0.0	0.02906	0.00158	0.00012	0.02713	0.0	0.00012	0.00012	0.0	0.00638	0.00012	0.0	0.06421	0.00012	0.00357	0.1363	0.0	0.1363	0.00038	0.0	0.0	0.01596	0.16841	0.0	0.04413	0.09833	0.0	0.0	0.0	0.08941	
0.03145	0.07464	0.0	0.0	0.07103	0.0	0.0083	0.00032	0.0	0.00014	0.00067	0.0	6e-05	0.00012	0.0	0.07609	0.0665	0.01527	0.0	0.0	0.0	0.10303	0.0	0.0	0.0	0.0	0.0	3e-05	0.0	0.01527	0.0	0.0	0.0	0.0	3e-05	0.0	0.0	0.0	0.03144	0.0	0.06998	0.0	0.01016	0.17248	0.0	0.0	0.0	0.0	3e-05	0.0	0.0	0.0	0.02604	0.0	0.0	0.0	3e-05	0.0	0.0	0.0	0.01769	0.0	0.04055	0.00012	0.0	0.00012	0.04175	0.0	0.03474	0.10503	0.01589	0.0	0.00032	0.00045	0.0	0.0	0.0	0.0	
0.0	0.0	0.0	0.0	0.0	0.0	0.0	0.0	0.0	0.0	0.0	0.0	0.0	0.0	0.0	0.0	0.0	0.0	0.0	0.0	0.0	0.0	0.0	0.0	0.0	0.0	0.0	0.0	0.0	0.0	0.0	0.0	0.0	0.0	0.0	0.0	0.0	0.0	0.0	0.0	0.0	0.0	0.0	0.0	0.0	0.0	0.0	0.0	0.0	0.0	0.0	0.0	0.0	0.0	0.0	0.0	0.0	0.0	0.0	0.0	0.0	0.0	0.0	0.0	0.0	0.0	0.0	0.0	0.0	0.0	0.0	0.0	0.0	0.0	0.0	0.0	0.0	0.0	
0.03228	0.01578	0.0	0.0	0.06743	0.04188	0.08587	0.00032	0.0	0.00014	0.00067	4e-05	6e-05	0.00012	0.0	0.08867	0.06006	0.07218	0.18052	0.0	0.0	0.01756	0.0	0.18052	0.0	0.0	0.0	0.00019	0.0	0.07218	0.0	0.0	0.0	0.0	0.00019	0.0	0.0	0.0	0.03799	0.0	0.01575	0.0	0.008	0.0201	0.0	0.0	0.0	0.0	0.00019	0.0	0.0	0.0	0.0592	0.0	0.0	0.0	0.00019	0.04188	0.0	0.0	0.01542	0.0	0.03852	0.00012	0.0	0.00012	0.0849	0.0	0.03074	0.00704	0.01381	0.0	0.00032	0.00045	0.0	0.0	0.0	0.0	
0.0	0.0002	0.0	0.0	0.0	0.0	0.0	0.0	0.0	0.00047	0.00015	0.0	6e-05	1e-05	0.00016	5e-05	0.0	0.0	0.0	1e-05	6e-05	0.00012	0.0	0.0	3e-05	0.0	0.00019	0.0	0.0	0.0	0.0	0.0	0.0	0.0	0.0	0.0	0.0	0.00012	9e-05	0.00045	0.0	0.00047	0.0	0.0	0.0	0.0	6e-05	0.0	0.0	0.0	0.0	0.0	0.0	0.0	0.0	0.0	0.0	0.0	0.0	0.0	0.0	0.0	0.0	0.0	0.0	0.0	0.00014	0.0	0.0	0.0	0.00012	0.0	0.0	0.00032	0.0	0.00012	0.0	0.0001	
0.0	0.0002	0.0	0.0	0.0	0.0	0.00045	0.00032	0.00046	0.00014	0.00067	0.0	6e-05	0.00012	0.00029	5e-05	0.0	0.0	0.00012	0.0	0.0	0.00012	0.0	0.00012	0.0	0.0	0.0	0.0	0.0	0.0	0.0	0.0	0.0	0.0	0.0	0.0	0.0	0.0	9e-05	0.0	0.0	0.0	0.0	0.0	0.0	0.0	0.0	0.0	0.0	0.0	0.0	0.0	0.0	0.0	0.0	0.0	0.0	0.0	0.0	0.0	0.0	0.0	0.0	0.00012	0.0	0.00012	1e-05	0.0	0.00045	0.0002	0.00012	0.0	0.00032	0.00045	0.0	0.0	0.0	0.0	
0.0	0.0002	0.0	0.0	0.0	0.0	0.0	0.0	0.13375	0.01411	0.00613	0.0	6e-05	0.02053	0.01353	5e-05	0.0	0.0	0.0	0.06073	0.06422	0.00012	0.0	0.0	0.01527	0.0	0.07218	0.0	0.0	0.0	0.00012	0.00012	0.0	0.00012	0.0	0.0	0.00012	0.0	9e-05	0.04103	0.0	0.00357	0.0	0.0	0.0	0.00012	0.06422	0.0	0.0	0.0	0.0	0.0	0.0	0.00012	0.0	0.0	0.0	0.0	0.0	0.00638	0.0	0.0	0.0	0.32568	0.0	0.32568	0.08422	0.00012	0.0	0.16963	0.00012	0.0	0.09104	0.01088	0.00638	0.0	0.00012	0.0328	
3e-05	0.00018	0.0	0.0	0.00027	0.0	0.0	0.00032	0.0	0.00014	0.00067	1e-05	6e-05	0.00012	0.0	0.0	1e-05	0.00012	0.0	0.0	0.0	6e-05	0.0	0.0	0.0	0.0	0.0	0.0	0.0	0.00012	0.0	0.0	0.0	0.0	0.0	0.0	0.0	0.0	0.0	0.0	0.0	0.0	0.0	0.0	0.0	0.0	0.0	0.0	0.0	0.0	9e-05	0.0	0.00015	0.0	0.0	0.0	0.0	0.0	0.0	0.0	6e-05	0.0	0.00047	0.00012	0.0	0.00012	0.00047	0.0	0.0	0.00047	0.0	0.0	0.00032	0.00045	0.0	0.0	0.0	0.0	
3e-05	0.00018	0.0	0.0	0.00027	0.0	0.0	0.00032	0.0	0.00014	0.00067	1e-05	6e-05	0.00012	0.0	0.0	1e-05	0.00012	0.0	0.0	0.0	6e-05	0.0	0.0	0.0	0.0	0.0	0.0	0.0	0.00012	0.0	0.0	0.0	0.0	0.0	0.0	0.0	0.0	0.0	0.0	0.0	0.0	0.0	0.0	0.0	0.0	0.0	0.0	0.0	0.0	9e-05	0.0	0.00015	0.0	0.0	0.0	0.0	0.0	0.0	0.0	6e-05	0.0	0.00047	0.00012	0.0	0.00012	0.00047	0.0	0.0	0.00047	0.0	0.0	0.00032	0.00045	0.0	0.0	0.0	0.0	
0.0	0.0002	0.0	0.0	0.0	0.0	0.00045	0.00032	0.00046	0.00014	0.00067	0.0	6e-05	0.00012	0.00029	5e-05	0.0	0.0	0.00012	0.0	0.0	0.00012	0.0	0.00012	0.0	0.0	0.0	0.0	0.0	0.0	0.0	0.0	0.0	0.0	0.0	0.0	0.0	0.0	9e-05	0.0	0.0	0.0	0.0	0.0	0.0	0.0	0.0	0.0	0.0	0.0	0.0	0.0	0.0	0.0	0.0	0.0	0.0	0.0	0.0	0.0	0.0	0.0	0.0	0.00012	0.0	0.00012	1e-05	0.0	0.00045	0.0002	0.00012	0.0	0.00032	0.00045	0.0	0.0	0.0	0.0	
3e-05	0.00018	0.0	0.0	0.00027	0.0	0.0	0.00032	0.0	0.00014	0.00067	1e-05	6e-05	0.00012	0.0	0.0	1e-05	0.00012	0.0	0.0	0.0	6e-05	0.0	0.0	0.0	0.0	0.0	0.0	0.0	0.00012	0.0	0.0	0.0	0.0	0.0	0.0	0.0	0.0	0.0	0.0	0.0	0.0	0.0	0.0	0.0	0.0	0.0	0.0	0.0	0.0	9e-05	0.0	0.00015	0.0	0.0	0.0	0.0	0.0	0.0	0.0	6e-05	0.0	0.00047	0.00012	0.0	0.00012	0.00047	0.0	0.0	0.00047	0.0	0.0	0.00032	0.00045	0.0	0.0	0.0	0.0	
0.0	0.0002	0.0	0.0	0.0	0.0	0.0	0.0	0.0	0.00047	0.00015	0.0	6e-05	1e-05	0.00016	5e-05	0.0	0.0	0.0	1e-05	6e-05	0.00012	0.0	0.0	3e-05	0.0	0.00019	0.0	0.0	0.0	0.0	0.0	0.0	0.0	0.0	0.0	0.0	0.00012	9e-05	0.00045	0.0	0.00047	0.0	0.0	0.0	0.0	6e-05	0.0	0.0	0.0	0.0	0.0	0.0	0.0	0.0	0.0	0.0	0.0	0.0	0.0	0.0	0.0	0.0	0.0	0.0	0.0	0.00014	0.0	0.0	0.0	0.00012	0.0	0.0	0.00032	0.0	0.00012	0.0	0.0001	
0.0	0.0002	0.0	0.0	0.0	0.0	0.00045	0.00032	0.00046	0.00014	0.00067	0.0	6e-05	0.00012	0.00029	5e-05	0.0	0.0	0.00012	0.0	0.0	0.00012	0.0	0.00012	0.0	0.0	0.0	0.0	0.0	0.0	0.0	0.0	0.0	0.0	0.0	0.0	0.0	0.0	9e-05	0.0	0.0	0.0	0.0	0.0	0.0	0.0	0.0	0.0	0.0	0.0	0.0	0.0	0.0	0.0	0.0	0.0	0.0	0.0	0.0	0.0	0.0	0.0	0.0	0.00012	0.0	0.00012	1e-05	0.0	0.00045	0.0002	0.00012	0.0	0.00032	0.00045	0.0	0.0	0.0	0.0	
3e-05	0.00018	0.0	0.0	0.00027	0.0	0.0	0.00032	0.0	0.00014	0.00067	1e-05	6e-05	0.00012	0.0	0.0	1e-05	0.00012	0.0	0.0	0.0	6e-05	0.0	0.0	0.0	0.0	0.0	0.0	0.0	0.00012	0.0	0.0	0.0	0.0	0.0	0.0	0.0	0.0	0.0	0.0	0.0	0.0	0.0	0.0	0.0	0.0	0.0	0.0	0.0	0.0	9e-05	0.0	0.00015	0.0	0.0	0.0	0.0	0.0	0.0	0.0	6e-05	0.0	0.00047	0.00012	0.0	0.00012	0.00047	0.0	0.0	0.00047	0.0	0.0	0.00032	0.00045	0.0	0.0	0.0	0.0	
0.00407	0.01101	0.0	0.0	0.0	0.0	0.04103	0.00032	0.02024	0.00014	0.00067	0.0	6e-05	0.00012	0.01603	0.10857	0.17479	0.0	0.0	0.0	0.0	0.01563	0.0	0.0	0.0	0.0	0.0	0.00012	0.0	0.0	0.0	0.0	0.0	0.0	0.00012	0.0	0.0	0.0	0.00158	0.0	0.01352	0.0	0.00494	0.00638	0.0	0.0	0.0	0.0	0.00012	0.0	0.0	0.0	0.04077	0.0	0.0	0.0	0.00012	0.0	0.0	0.0	0.0	0.0	0.0	0.00012	0.0	0.00012	0.17955	0.0	0.013	0.04367	0.07294	0.0	0.00032	0.00045	0.0	0.0	0.0	0.0	
0.00994	0.02082	9e-05	9e-05	9e-05	9e-05	0.01538	0.06858	0.0	0.00041	0.01376	0.00347	0.05008	0.03995	0.03091	0.02183	9e-05	9e-05	0.0	0.00816	0.00767	0.00905	9e-05	0.0	0.03144	0.0	0.03799	9e-05	9e-05	9e-05	0.0	0.0	9e-05	0.0	9e-05	9e-05	0.0	0.00158	0.0	0.00113	9e-05	0.00658	0.00348	0.01142	9e-05	0.0	0.00767	9e-05	9e-05	0.01142	9e-05	9e-05	9e-05	0.0	9e-05	9e-05	9e-05	9e-05	9e-05	0.00496	9e-05	9e-05	9e-05	0.00906	0.0	0.00906	0.00547	0.0	0.01538	0.0299	0.00905	0.0	0.0	0.03738	0.00496	0.00158	0.0	0.01435	
0.53401	0.00639	0.0	0.0	0.03654	0.05669	0.0	0.16159	0.00066	0.01586	0.04633	0.00118	0.17946	0.02906	0.1382	0.05899	0.00472	0.04103	0.00054	0.0	0.0	0.00081	0.0	0.00054	0.0	0.0	0.0	0.00045	0.0	0.04103	0.0	0.0	0.0	0.0	0.00045	0.0	0.0	0.0	0.00113	0.0	0.03884	0.0	0.07269	0.20437	0.0	0.0	0.0	0.0	0.00045	0.0	0.01406	0.0	0.1019	0.0	0.0	0.0	0.00045	0.05669	0.0	0.0	5e-05	0.0	0.02123	0.02906	0.0	0.02906	0.012	0.0	0.0	0.00624	0.03176	0.0	0.16158	0.0561	0.0	0.0	0.0	0.0	
0.33116	0.0002	0.0	0.0	0.0	0.0	0.0	0.09387	0.0	0.01704	0.00657	0.0	6e-05	0.06391	0.21435	5e-05	0.0	0.0	0.01524	0.02114	0.07824	0.00012	0.0	0.01524	0.06998	0.0	0.01575	0.0	0.0	0.0	0.0	0.0	0.0	0.0	0.0	0.0	0.0	0.01352	9e-05	0.03884	0.0	0.00486	0.0	0.0	0.0	0.0	0.07824	0.0	0.0	0.0	0.0	0.0	0.0	0.0	0.0	0.0	0.0	0.0	0.0	0.12966	0.0	0.0	0.0	0.0	0.0	0.0	0.05106	0.0	0.0	0.0	0.00012	0.0	0.0	0.09745	0.12966	0.01352	0.0	0.05516	
0.00076	0.00169	0.0	0.0	0.03701	0.00553	0.02123	0.00032	0.0	0.00014	0.00067	0.00972	6e-05	0.00012	0.0	0.0	0.04094	0.00357	0.0	0.0	0.0	0.00212	0.0	0.0	0.0	0.0	0.0	0.00047	0.0	0.00357	0.0	0.0	0.0	0.0	0.00047	0.0	0.0	0.0	0.00658	0.0	0.00486	0.0	0.0	0.01713	0.0	0.0	0.0	0.0	0.00047	0.0	0.00285	0.0	0.01971	0.0	0.0	0.0	0.00047	0.00553	0.0	0.0	0.0121	0.0	0.0	0.00012	0.0	0.00012	0.00499	0.0	0.0	0.03067	0.01608	0.0	0.00032	0.00045	0.0	0.0	0.0	0.0	
0.0	0.00843	0.0	0.0	0.0	0.0	0.0	0.0	0.0	0.0	0.09558	0.0	0.04381	0.01305	0.00016	5e-05	0.0	0.0	0.0	0.04488	0.01421	0.00495	0.0	0.0	0.01016	0.0	0.008	0.0	0.0	0.0	0.0	0.0	0.0	0.0	0.0	0.0	0.0	0.00494	0.00348	0.07269	0.0	0.0	0.0	0.00693	0.0	0.0	0.01421	0.0	0.0	0.00692	0.0	0.0	0.0	0.0	0.0	0.0	0.0	0.0	0.0	0.00693	0.0	0.0	0.0	0.0	0.0	0.0	0.0067	0.0	0.0	0.0	0.00495	0.0	0.0	0.01453	0.00693	0.00494	0.0	0.01768	
0.0	0.07585	0.0	0.0	0.0	0.0	0.02466	0.0	0.0	0.00037	0.06869	0.00692	0.17946	0.0055	0.02211	0.0697	0.0	0.0	0.0	0.02583	0.05029	0.02906	0.0	0.0	0.17248	0.0	0.0201	0.0	0.0	0.0	0.0	0.0	0.0	0.0	0.0	0.0	0.0	0.00638	0.01142	0.20437	0.0	0.01713	0.00693	0.0	0.0	0.0	0.05029	0.0	0.0	0.0	0.0	0.0	0.0	0.0	0.0	0.0	0.0	0.0	0.0	0.0	0.0	0.0	0.0	0.01523	0.0	0.01523	0.01828	0.0	0.02467	0.04569	0.02906	0.0	0.09387	0.00456	0.0	0.00638	0.0	0.04281	
0.0	0.0002	0.0	0.0	0.0	0.0	0.00045	0.00032	0.00046	0.00014	0.00067	0.0	6e-05	0.00012	0.00029	5e-05	0.0	0.0	0.00012	0.0	0.0	0.00012	0.0	0.00012	0.0	0.0	0.0	0.0	0.0	0.0	0.0	0.0	0.0	0.0	0.0	0.0	0.0	0.0	9e-05	0.0	0.0	0.0	0.0	0.0	0.0	0.0	0.0	0.0	0.0	0.0	0.0	0.0	0.0	0.0	0.0	0.0	0.0	0.0	0.0	0.0	0.0	0.0	0.0	0.00012	0.0	0.00012	1e-05	0.0	0.00045	0.0002	0.00012	0.0	0.00032	0.00045	0.0	0.0	0.0	0.0	
3e-05	0.00018	0.0	0.0	0.00027	0.0	0.0	0.00032	0.0	0.00014	0.00067	1e-05	6e-05	0.00012	0.0	0.0	1e-05	0.00012	0.0	0.0	0.0	6e-05	0.0	0.0	0.0	0.0	0.0	0.0	0.0	0.00012	0.0	0.0	0.0	0.0	0.0	0.0	0.0	0.0	0.0	0.0	0.0	0.0	0.0	0.0	0.0	0.0	0.0	0.0	0.0	0.0	9e-05	0.0	0.00015	0.0	0.0	0.0	0.0	0.0	0.0	0.0	6e-05	0.0	0.00047	0.00012	0.0	0.00012	0.00047	0.0	0.0	0.00047	0.0	0.0	0.00032	0.00045	0.0	0.0	0.0	0.0	
0.01615	0.04156	0.0	0.0	0.0	0.12271	5e-05	0.00032	0.08428	0.00014	0.00067	0.03277	6e-05	0.00012	0.069	0.01465	0.01979	0.06422	0.0	0.0	0.0	0.04655	0.0	0.0	0.0	0.0	0.0	6e-05	0.0	0.06422	0.0	0.0	0.0	0.0	6e-05	0.0	0.0	0.0	0.00767	0.0	0.07824	0.0	0.01421	0.05029	0.0	0.0	0.0	0.0	6e-05	0.0	0.0	0.0	0.02383	0.0	0.0	0.0	6e-05	0.12271	0.0	0.0	0.0	0.0	0.0	0.00012	0.0	0.00012	0.0944	0.0	0.06443	3e-05	0.26271	0.0	0.00032	0.00045	0.0	0.0	0.0	0.0	
0.0	0.0002	0.0	0.0	0.0	0.0	0.00045	0.00032	0.00046	0.00014	0.00067	0.0	6e-05	0.00012	0.00029	5e-05	0.0	0.0	0.00012	0.0	0.0	0.00012	0.0	0.00012	0.0	0.0	0.0	0.0	0.0	0.0	0.0	0.0	0.0	0.0	0.0	0.0	0.0	0.0	9e-05	0.0	0.0	0.0	0.0	0.0	0.0	0.0	0.0	0.0	0.0	0.0	0.0	0.0	0.0	0.0	0.0	0.0	0.0	0.0	0.0	0.0	0.0	0.0	0.0	0.00012	0.0	0.00012	1e-05	0.0	0.00045	0.0002	0.00012	0.0	0.00032	0.00045	0.0	0.0	0.0	0.0	
0.0	0.0002	0.0	0.0	0.0	0.0	0.0	0.0	0.0	0.00047	0.00015	0.0	6e-05	1e-05	0.00016	5e-05	0.0	0.0	0.0	1e-05	6e-05	0.00012	0.0	0.0	3e-05	0.0	0.00019	0.0	0.0	0.0	0.0	0.0	0.0	0.0	0.0	0.0	0.0	0.00012	9e-05	0.00045	0.0	0.00047	0.0	0.0	0.0	0.0	6e-05	0.0	0.0	0.0	0.0	0.0	0.0	0.0	0.0	0.0	0.0	0.0	0.0	0.0	0.0	0.0	0.0	0.0	0.0	0.0	0.00014	0.0	0.0	0.0	0.00012	0.0	0.0	0.00032	0.0	0.00012	0.0	0.0001	
0.0	0.07585	0.0	0.0	0.0	0.0	0.0561	0.16159	0.06288	0.01586	0.04633	0.00692	0.17946	0.02906	0.04498	0.0697	0.0	0.0	0.02906	0.0	0.0	0.02906	0.0	0.02906	0.0	0.0	0.0	0.0	0.0	0.0	0.0	0.0	0.0	0.0	0.0	0.0	0.0	0.0	0.01142	0.0	0.0	0.0	0.00692	0.0	0.0	0.0	0.0	0.0	0.0	0.0	0.0	0.0	0.0	0.0	0.0	0.0	0.0	0.0	0.0	0.0	0.0	0.0	0.0	0.02906	0.0	0.02906	0.08261	0.0	0.0561	0.07585	0.02906	0.0	0.16159	0.0561	0.0	0.0	0.0	0.0	
0.00496	0.0002	0.0	0.0	0.0	0.0	0.00939	0.01679	0.03902	0.00624	0.08877	0.0	6e-05	0.01388	0.00599	5e-05	0.0	0.0	0.00158	0.02858	0.0	0.00012	0.0	0.00158	0.0	0.0	0.0	0.0	0.0	0.0	9e-05	9e-05	0.0	9e-05	0.0	0.0	9e-05	0.0	9e-05	0.01406	0.0	0.00285	0.0	0.0	0.0	9e-05	0.0	0.0	0.0	0.0	0.0	0.0	0.0	9e-05	0.0	0.0	0.0	0.0	0.0	0.00994	0.0	0.0	0.0	0.00343	0.0	0.00343	0.0119	9e-05	0.00939	0.00541	0.00012	0.0	0.01713	0.00149	0.00994	0.0	9e-05	0.06544	
0.0	0.0002	0.0	0.0	0.0	0.0	0.00045	0.00032	0.00046	0.00014	0.00067	0.0	6e-05	0.00012	0.00029	5e-05	0.0	0.0	0.00012	0.0	0.0	0.00012	0.0	0.00012	0.0	0.0	0.0	0.0	0.0	0.0	0.0	0.0	0.0	0.0	0.0	0.0	0.0	0.0	9e-05	0.0	0.0	0.0	0.0	0.0	0.0	0.0	0.0	0.0	0.0	0.0	0.0	0.0	0.0	0.0	0.0	0.0	0.0	0.0	0.0	0.0	0.0	0.0	0.0	0.00012	0.0	0.00012	1e-05	0.0	0.00045	0.0002	0.00012	0.0	0.00032	0.00045	0.0	0.0	0.0	0.0	
0.18054	0.0002	0.0	0.0	0.0	0.0	0.02127	0.14641	0.0	0.00259	0.0153	0.0	6e-05	0.23366	0.14989	5e-05	0.0	0.0	0.02713	4e-05	0.02383	0.00012	0.0	0.02713	0.02604	0.0	0.0592	0.0	0.0	0.0	0.00015	0.00015	0.0	0.00015	0.0	0.0	0.00015	0.04077	9e-05	0.1019	0.0	0.01971	0.0	0.0	0.0	0.00015	0.02383	0.0	0.0	0.0	0.0	0.0	0.0	0.00015	0.0	0.0	0.0	0.0	0.0	0.05893	0.0	0.0	0.0	0.0	0.0	0.0	0.00822	0.00015	0.02128	0.0	0.00012	0.0	0.0	0.06532	0.05893	0.04077	0.00015	0.01086	
3e-05	0.00018	0.0	0.0	0.00027	0.0	0.0	0.00032	0.0	0.00014	0.00067	1e-05	6e-05	0.00012	0.0	0.0	1e-05	0.00012	0.0	0.0	0.0	6e-05	0.0	0.0	0.0	0.0	0.0	0.0	0.0	0.00012	0.0	0.0	0.0	0.0	0.0	0.0	0.0	0.0	0.0	0.0	0.0	0.0	0.0	0.0	0.0	0.0	0.0	0.0	0.0	0.0	9e-05	0.0	0.00015	0.0	0.0	0.0	0.0	0.0	0.0	0.0	6e-05	0.0	0.00047	0.00012	0.0	0.00012	0.00047	0.0	0.0	0.00047	0.0	0.0	0.00032	0.00045	0.0	0.0	0.0	0.0	
0.0	0.0002	0.0	0.0	0.0	0.0	0.00045	0.00032	0.00046	0.00014	0.00067	0.0	6e-05	0.00012	0.00029	5e-05	0.0	0.0	0.00012	0.0	0.0	0.00012	0.0	0.00012	0.0	0.0	0.0	0.0	0.0	0.0	0.0	0.0	0.0	0.0	0.0	0.0	0.0	0.0	9e-05	0.0	0.0	0.0	0.0	0.0	0.0	0.0	0.0	0.0	0.0	0.0	0.0	0.0	0.0	0.0	0.0	0.0	0.0	0.0	0.0	0.0	0.0	0.0	0.0	0.00012	0.0	0.00012	1e-05	0.0	0.00045	0.0002	0.00012	0.0	0.00032	0.00045	0.0	0.0	0.0	0.0	
0.0	0.0002	0.0	0.0	0.0	0.0	0.00045	0.00032	0.00046	0.00014	0.00067	0.0	6e-05	0.00012	0.00029	5e-05	0.0	0.0	0.00012	0.0	0.0	0.00012	0.0	0.00012	0.0	0.0	0.0	0.0	0.0	0.0	0.0	0.0	0.0	0.0	0.0	0.0	0.0	0.0	9e-05	0.0	0.0	0.0	0.0	0.0	0.0	0.0	0.0	0.0	0.0	0.0	0.0	0.0	0.0	0.0	0.0	0.0	0.0	0.0	0.0	0.0	0.0	0.0	0.0	0.00012	0.0	0.00012	1e-05	0.0	0.00045	0.0002	0.00012	0.0	0.00032	0.00045	0.0	0.0	0.0	0.0	
0.0	0.0002	0.0	0.0	0.0	0.0	0.0	0.0	0.0	0.00047	0.00015	0.0	6e-05	1e-05	0.00016	5e-05	0.0	0.0	0.0	1e-05	6e-05	0.00012	0.0	0.0	3e-05	0.0	0.00019	0.0	0.0	0.0	0.0	0.0	0.0	0.0	0.0	0.0	0.0	0.00012	9e-05	0.00045	0.0	0.00047	0.0	0.0	0.0	0.0	6e-05	0.0	0.0	0.0	0.0	0.0	0.0	0.0	0.0	0.0	0.0	0.0	0.0	0.0	0.0	0.0	0.0	0.0	0.0	0.0	0.00014	0.0	0.0	0.0	0.00012	0.0	0.0	0.00032	0.0	0.00012	0.0	0.0001	
0.0	0.0002	0.0	0.0	0.0	0.0	0.02533	0.03884	0.12097	0.01551	0.00484	0.0	6e-05	0.06375	0.16299	5e-05	0.0	0.0	0.00638	0.04381	0.12271	0.00012	0.0	0.00638	0.0	0.0	0.04188	0.0	0.0	0.0	0.0	0.0	0.0	0.0	0.0	0.0	0.0	0.0	9e-05	0.05669	0.0	0.00553	0.0	0.0	0.0	0.0	0.12271	0.0	0.0	0.0	0.0	0.0	0.0	0.0	0.0	0.0	0.0	0.0	0.0	0.0	0.0	0.0	0.0	0.01352	0.0	0.01352	0.04019	0.0	0.02533	0.02096	0.00012	0.0	0.03169	0.10755	0.0	0.0	0.0	0.09552	
0.0	0.0002	0.0	0.0	0.0	0.0	0.00045	0.00032	0.00046	0.00014	0.00067	0.0	6e-05	0.00012	0.00029	5e-05	0.0	0.0	0.00012	0.0	0.0	0.00012	0.0	0.00012	0.0	0.0	0.0	0.0	0.0	0.0	0.0	0.0	0.0	0.0	0.0	0.0	0.0	0.0	9e-05	0.0	0.0	0.0	0.0	0.0	0.0	0.0	0.0	0.0	0.0	0.0	0.0	0.0	0.0	0.0	0.0	0.0	0.0	0.0	0.0	0.0	0.0	0.0	0.0	0.00012	0.0	0.00012	1e-05	0.0	0.00045	0.0002	0.00012	0.0	0.00032	0.00045	0.0	0.0	0.0	0.0	
0.0025	0.10581	0.0	0.0	0.02914	0.0	0.05669	0.00032	0.0	0.00014	0.00067	0.18913	6e-05	0.00012	0.0	0.0507	0.02582	0.00638	0.0	0.0	0.0	0.14328	0.0	0.0	0.0	0.0	0.0	0.0	0.0	0.00638	0.0	0.0	0.0	0.0	0.0	0.0	0.0	0.0	0.00496	0.0	0.12966	0.0	0.00693	0.0	0.0	0.0	0.0	0.0	0.0	0.0	0.00994	0.0	0.05893	0.0	0.0	0.0	0.0	0.0	0.0	0.0	0.05029	0.0	0.01712	0.00012	0.0	0.00012	0.01657	0.0	0.02467	0.0548	0.06909	0.0	0.00032	0.00045	0.0	0.0	0.0	0.0	
0.12273	0.0002	0.0	0.0	0.0	0.0	0.0	1e-05	0.00015	0.04759	0.02275	0.0	6e-05	0.01247	0.11501	5e-05	0.0	0.0	0.06421	0.01053	0.0	0.00012	0.0	0.06421	0.01769	0.0	0.01542	0.0	0.0	0.0	6e-05	6e-05	0.0	6e-05	0.0	0.0	6e-05	0.0	9e-05	5e-05	0.0	0.0121	0.0	0.0	0.0	6e-05	0.0	0.0	0.0	0.0	0.0	0.0	0.0	6e-05	0.0	0.0	0.0	0.0	0.0	0.05029	0.0	0.0	0.0	0.11275	0.0	0.11275	0.00015	6e-05	0.0	0.01755	0.00012	0.0	0.00022	0.04853	0.05029	0.0	6e-05	0.00035	
0.0	0.0002	0.0	0.0	0.0	0.0	0.00045	0.00032	0.00046	0.00014	0.00067	0.0	6e-05	0.00012	0.00029	5e-05	0.0	0.0	0.00012	0.0	0.0	0.00012	0.0	0.00012	0.0	0.0	0.0	0.0	0.0	0.0	0.0	0.0	0.0	0.0	0.0	0.0	0.0	0.0	9e-05	0.0	0.0	0.0	0.0	0.0	0.0	0.0	0.0	0.0	0.0	0.0	0.0	0.0	0.0	0.0	0.0	0.0	0.0	0.0	0.0	0.0	0.0	0.0	0.0	0.00012	0.0	0.00012	1e-05	0.0	0.00045	0.0002	0.00012	0.0	0.00032	0.00045	0.0	0.0	0.0	0.0	
0.00553	0.0002	0.0	0.0	0.0	0.0	0.06786	0.01268	0.04268	0.06786	0.00102	0.0	6e-05	0.02869	0.00677	5e-05	0.0	0.0	0.00357	0.0	0.0	0.00012	0.0	0.00357	0.04055	0.0	0.03852	0.0	0.0	0.0	0.00047	0.00047	0.0	0.00047	0.0	0.0	0.00047	0.0	9e-05	0.02123	0.0	0.0	0.0	0.0	0.0	0.00047	0.0	0.0	0.0	0.0	0.0	0.0	0.0	0.00047	0.0	0.0	0.0	0.0	0.0	0.01712	0.0	0.0	0.0	0.0039	0.0	0.0039	0.0141	0.00047	0.06786	0.00615	0.00012	0.0	0.0095	0.00174	0.01712	0.0	0.00047	0.0	
0.0499	0.33259	0.00012	0.00012	0.03597	0.01352	0.0018	0.1891	0.09873	0.01302	0.03986	0.09848	0.40536	0.0	0.01688	0.0	0.0	0.32568	0.1363	0.00012	0.00012	0.0	0.00012	0.1363	0.00012	0.0	0.00012	0.0	0.00012	0.32568	0.00012	0.00012	0.00012	0.00012	0.0	0.00012	0.00012	0.00012	0.00906	0.02906	0.0	0.00012	0.0	0.01523	0.00012	0.00012	0.00012	0.00012	0.0	0.02906	0.00343	0.00012	0.0	0.00012	0.00012	0.00012	0.0	0.01352	0.00012	0.00012	0.11275	0.00012	0.0039	0.0	0.0	0.0	0.03764	0.00012	0.02356	0.2001	0.0	0.0	0.1891	0.04873	0.00012	0.00012	0.00012	0.00012	
0.0	0.0	0.0	0.0	0.0	0.0	0.0	0.0	0.0	0.0	0.0	0.0	0.0	0.0	0.0	0.0	0.0	0.0	0.0	0.0	0.0	0.0	0.0	0.0	0.0	0.0	0.0	0.0	0.0	0.0	0.0	0.0	0.0	0.0	0.0	0.0	0.0	0.0	0.0	0.0	0.0	0.0	0.0	0.0	0.0	0.0	0.0	0.0	0.0	0.0	0.0	0.0	0.0	0.0	0.0	0.0	0.0	0.0	0.0	0.0	0.0	0.0	0.0	0.0	0.0	0.0	0.0	0.0	0.0	0.0	0.0	0.0	0.0	0.0	0.0	0.0	0.0	0.0	
0.0499	0.33259	0.00012	0.00012	0.03597	0.01352	0.0018	0.1891	0.09873	0.01302	0.03986	0.09848	0.40536	0.0	0.01688	0.0	0.0	0.32568	0.1363	0.00012	0.00012	0.0	0.00012	0.1363	0.00012	0.0	0.00012	0.0	0.00012	0.32568	0.00012	0.00012	0.00012	0.00012	0.0	0.00012	0.00012	0.00012	0.00906	0.02906	0.0	0.00012	0.0	0.01523	0.00012	0.00012	0.00012	0.00012	0.0	0.02906	0.00343	0.00012	0.0	0.00012	0.00012	0.00012	0.0	0.01352	0.00012	0.00012	0.11275	0.00012	0.0039	0.0	0.0	0.0	0.03764	0.00012	0.02356	0.2001	0.0	0.0	0.1891	0.04873	0.00012	0.00012	0.00012	0.00012	
0.11079	0.0118	1e-05	1e-05	0.03093	0.04019	0.05186	0.00178	0.05647	0.01072	0.05483	0.37067	0.0	0.24134	0.08416	0.19316	0.09754	0.08422	0.00038	0.08286	0.0944	0.08091	1e-05	0.00038	0.04175	0.0	0.0849	0.00014	1e-05	0.08422	0.00047	0.00047	1e-05	0.00047	0.00014	1e-05	0.00047	0.17955	0.00547	0.012	0.05106	0.00499	0.0067	0.01828	1e-05	0.00047	0.0944	1e-05	0.00014	0.08261	0.0119	1e-05	0.00822	0.00047	1e-05	1e-05	0.00014	0.04019	1e-05	0.01657	0.00015	1e-05	0.0141	0.03764	0.0	0.03764	0.0	0.00047	0.00021	0.03295	0.25792	0.0	0.00119	0.00216	0.01657	0.17955	0.00047	0.04853	
3e-05	0.00018	0.0	0.0	0.00027	0.0	0.0	0.00032	0.0	0.00014	0.00067	1e-05	6e-05	0.00012	0.0	0.0	1e-05	0.00012	0.0	0.0	0.0	6e-05	0.0	0.0	0.0	0.0	0.0	0.0	0.0	0.00012	0.0	0.0	0.0	0.0	0.0	0.0	0.0	0.0	0.0	0.0	0.0	0.0	0.0	0.0	0.0	0.0	0.0	0.0	0.0	0.0	9e-05	0.0	0.00015	0.0	0.0	0.0	0.0	0.0	0.0	0.0	6e-05	0.0	0.00047	0.00012	0.0	0.00012	0.00047	0.0	0.0	0.00047	0.0	0.0	0.00032	0.00045	0.0	0.0	0.0	0.0	
0.06055	0.22447	0.00045	0.00045	0.0	0.02533	0.0	0.0	0.0	0.00036	0.51496	0.00034	0.16523	0.03359	0.06686	0.02453	0.01023	0.0	0.0	0.00935	0.06443	0.11396	0.00045	0.0	0.03474	0.0	0.03074	0.0	0.00045	0.0	0.0	0.0	0.00045	0.0	0.0	0.00045	0.0	0.013	0.01538	0.0	0.0	0.0	0.0	0.02467	0.00045	0.0	0.06443	0.00045	0.0	0.0561	0.00939	0.00045	0.02128	0.0	0.00045	0.00045	0.0	0.02533	0.00045	0.02467	0.0	0.00045	0.06786	0.02356	0.0	0.02356	0.00021	0.0	0.0	0.22318	0.00028	0.0	0.12067	0.43562	0.02467	0.013	0.0	0.09276	
0.03122	0.0	0.0002	0.0002	0.01056	0.02096	0.00519	0.20927	0.0	0.06537	0.22061	0.15544	0.06903	0.17343	0.36116	0.0	0.0679	0.16963	0.01596	0.19164	3e-05	0.25585	0.0002	0.01596	0.10503	0.0	0.00704	0.0	0.0002	0.16963	0.00047	0.00047	0.0002	0.00047	0.0	0.0002	0.00047	0.04367	0.0299	0.00624	0.0	0.03067	0.0	0.04569	0.0002	0.00047	3e-05	0.0002	0.0	0.07585	0.00541	0.0002	0.0	0.00047	0.0002	0.0002	0.0	0.02096	0.0002	0.0548	0.01755	0.0002	0.00615	0.2001	0.0	0.2001	0.03295	0.00047	0.22318	0.0	0.0	0.0	0.0	0.6252	0.0548	0.04367	0.00047	0.03532	
0.17735	0.46795	0.00012	0.00012	0.00012	0.00012	0.00028	0.17281	0.0	0.01669	0.09195	0.00495	0.40536	0.85522	0.00423	0.0	0.00012	0.00012	0.16841	0.0088	0.26271	0.0	0.00012	0.16841	0.01589	0.0	0.01381	0.00012	0.00012	0.00012	0.0	0.0	0.00012	0.0	0.00012	0.00012	0.0	0.07294	0.00905	0.03176	0.00012	0.01608	0.00495	0.02906	0.00012	0.0	0.26271	0.00012	0.00012	0.02906	0.00012	0.00012	0.00012	0.0	0.00012	0.00012	0.00012	0.00012	0.00012	0.06909	0.00012	0.00012	0.00012	0.0	0.0	0.0	0.25792	0.0	0.00028	0.0	0.0	0.0	0.0	1e-05	0.06909	0.07294	0.0	0.00054	
0.0	0.0	0.0	0.0	0.0	0.0	0.0	0.0	0.0	0.0	0.0	0.0	0.0	0.0	0.0	0.0	0.0	0.0	0.0	0.0	0.0	0.0	0.0	0.0	0.0	0.0	0.0	0.0	0.0	0.0	0.0	0.0	0.0	0.0	0.0	0.0	0.0	0.0	0.0	0.0	0.0	0.0	0.0	0.0	0.0	0.0	0.0	0.0	0.0	0.0	0.0	0.0	0.0	0.0	0.0	0.0	0.0	0.0	0.0	0.0	0.0	0.0	0.0	0.0	0.0	0.0	0.0	0.0	0.0	0.0	0.0	0.0	0.0	0.0	0.0	0.0	0.0	0.0	
0.07019	0.43388	0.00032	0.00032	0.02697	0.03169	0.00477	0.0	0.0	0.05262	0.19847	0.05545	0.00115	0.18911	0.09032	0.0	0.01036	0.09104	0.04413	0.00032	0.00032	0.05165	0.00032	0.04413	0.00032	0.0	0.00032	0.0	0.00032	0.09104	0.00032	0.00032	0.00032	0.00032	0.0	0.00032	0.00032	0.00032	0.0	0.16158	0.0	0.00032	0.0	0.09387	0.00032	0.00032	0.00032	0.00032	0.0	0.16159	0.01713	0.00032	0.0	0.00032	0.00032	0.00032	0.0	0.03169	0.00032	0.00032	0.00022	0.00032	0.0095	0.1891	0.0	0.1891	0.00119	0.00032	0.12067	0.0	0.0	0.0	0.0	0.29114	0.00032	0.00032	0.00032	0.00032	
0.034	0.8539	0.00045	0.00045	0.01819	0.10755	0.0	0.29114	0.0	0.23965	0.0	0.01232	0.16523	0.04873	0.0	0.05415	0.01935	0.01088	0.09833	0.00045	0.00045	0.32902	0.00045	0.09833	0.00045	0.0	0.00045	0.00032	0.00045	0.01088	0.00045	0.00045	0.00045	0.00045	0.00032	0.00045	0.00045	0.00045	0.03738	0.0561	0.09745	0.00045	0.01453	0.00456	0.00045	0.00045	0.00045	0.00045	0.00032	0.0561	0.00149	0.00045	0.06532	0.00045	0.00045	0.00045	0.00032	0.10755	0.00045	0.00045	0.04853	0.00045	0.00174	0.04873	0.0	0.04873	0.00216	0.00045	0.43562	0.6252	1e-05	0.0	0.29114	0.0	0.00045	0.00045	0.00045	0.00045	
0.0025	0.10581	0.0	0.0	0.02914	0.0	0.05669	0.00032	0.0	0.00014	0.00067	0.18913	6e-05	0.00012	0.0	0.0507	0.02582	0.00638	0.0	0.0	0.0	0.14328	0.0	0.0	0.0	0.0	0.0	0.0	0.0	0.00638	0.0	0.0	0.0	0.0	0.0	0.0	0.0	0.0	0.00496	0.0	0.12966	0.0	0.00693	0.0	0.0	0.0	0.0	0.0	0.0	0.0	0.00994	0.0	0.05893	0.0	0.0	0.0	0.0	0.0	0.0	0.0	0.05029	0.0	0.01712	0.00012	0.0	0.00012	0.01657	0.0	0.02467	0.0548	0.06909	0.0	0.00032	0.00045	0.0	0.0	0.0	0.0	
0.00407	0.01101	0.0	0.0	0.0	0.0	0.04103	0.00032	0.02024	0.00014	0.00067	0.0	6e-05	0.00012	0.01603	0.10857	0.17479	0.0	0.0	0.0	0.0	0.01563	0.0	0.0	0.0	0.0	0.0	0.00012	0.0	0.0	0.0	0.0	0.0	0.0	0.00012	0.0	0.0	0.0	0.00158	0.0	0.01352	0.0	0.00494	0.00638	0.0	0.0	0.0	0.0	0.00012	0.0	0.0	0.0	0.04077	0.0	0.0	0.0	0.00012	0.0	0.0	0.0	0.0	0.0	0.0	0.00012	0.0	0.00012	0.17955	0.0	0.013	0.04367	0.07294	0.0	0.00032	0.00045	0.0	0.0	0.0	0.0	
3e-05	0.00018	0.0	0.0	0.00027	0.0	0.0	0.00032	0.0	0.00014	0.00067	1e-05	6e-05	0.00012	0.0	0.0	1e-05	0.00012	0.0	0.0	0.0	6e-05	0.0	0.0	0.0	0.0	0.0	0.0	0.0	0.00012	0.0	0.0	0.0	0.0	0.0	0.0	0.0	0.0	0.0	0.0	0.0	0.0	0.0	0.0	0.0	0.0	0.0	0.0	0.0	0.0	9e-05	0.0	0.00015	0.0	0.0	0.0	0.0	0.0	0.0	0.0	6e-05	0.0	0.00047	0.00012	0.0	0.00012	0.00047	0.0	0.0	0.00047	0.0	0.0	0.00032	0.00045	0.0	0.0	0.0	0.0	
0.01353	0.03365	0.0	0.0	0.18548	0.09552	0.00249	0.00032	0.10795	0.00014	0.00067	0.15954	6e-05	0.00012	0.08883	0.22024	0.0	0.0328	0.08941	0.0	0.0	0.03752	0.0	0.08941	0.0	0.0	0.0	0.0001	0.0	0.0328	0.0	0.0	0.0	0.0	0.0001	0.0	0.0	0.0	0.01435	0.0	0.05516	0.0	0.01768	0.04281	0.0	0.0	0.0	0.0	0.0001	0.0	0.06544	0.0	0.01086	0.0	0.0	0.0	0.0001	0.09552	0.0	0.0	0.00035	0.0	0.0	0.00012	0.0	0.00012	0.04853	0.0	0.09276	0.03532	0.00054	0.0	0.00032	0.00045	0.0	0.0	0.0	0.0	
