0.0	0.10899	0.06836	0.12621	0.23232	0.15884	0.1233	0.17817	0.44871	0.05691	7e-05	0.06951	0.1802	0.11248	7e-05	7e-05	7e-05	0.10714	0.09367	0.31697	0.18577	7e-05	7e-05	0.25886	0.10009	0.07556	7e-05	7e-05	7e-05	7e-05	7e-05	0.31879	0.00759	0.16047	0.05666	0.05666	0.15782	0.0	0.16687	0.08469	0.37137	0.1505	0.15125	0.04244	0.16006	0.05852	0.10586	0.0	0.1737	0.13778	0.29539	0.1958	0.0	0.55412	0.15982	0.16081	0.01327	0.10714	7e-05	7e-05	7e-05	7e-05	7e-05	7e-05	0.18577	0.24829	7e-05	7e-05	7e-05	0.25152	7e-05	7e-05	7e-05	7e-05	7e-05	0.12976	0.16966	0.05027	7e-05	0.01327	0.35748	0.19162	0.25671	0.17078	0.1458	0.18572	0.20129	0.07912	0.1145	
0.10899	0.0	0.33118	0.58534	0.10472	0.0926	0.1081	0.13119	0.20171	0.01193	0.00035	0.15427	0.39257	0.19144	0.00035	0.00035	0.00035	0.06127	0.20681	0.06084	0.09611	0.00035	0.00035	0.07112	0.064	0.045	0.00035	0.00035	0.00035	0.00035	0.00035	0.23156	0.0064	1.03288	0.07239	0.07239	0.13047	0.0	0.09175	0.07133	0.18615	0.11686	0.38696	0.09089	0.11284	0.17577	0.11632	0.0	0.3135	0.03951	0.215	0.07705	0.0	0.18889	0.14236	0.02502	0.00379	0.06127	0.00035	0.00035	0.00035	0.00035	0.00035	0.00035	0.09611	0.33208	0.00035	0.00035	0.00035	0.11826	0.00035	0.00035	0.00035	0.00035	0.00035	0.62963	0.13021	0.00856	0.00035	0.00379	0.30672	0.16298	0.00645	0.02129	0.02862	0.60298	0.21866	0.53036	0.25518	
0.06836	0.33118	0.0	0.31622	0.10522	0.15652	0.19272	0.23934	0.20237	0.03776	0.00064	0.58415	0.13541	0.27375	0.00064	0.00064	0.00064	0.10284	0.42317	0.10239	0.09695	0.00064	0.00064	0.0716	0.0292	0.0455	0.00064	0.00064	0.00064	0.00064	0.00064	0.29376	0.01365	0.29832	0.12327	0.12327	0.19302	0.0	0.20475	0.07987	0.18667	0.18799	0.52359	0.05458	0.21791	0.00036	0.22228	0.0	0.1136	0.15406	0.21554	0.07765	0.0	0.10821	0.33438	0.06007	0.00787	0.10284	0.00064	0.00064	0.00064	0.00064	0.00064	0.00064	0.09695	0.33277	0.00064	0.00064	0.00064	0.21193	0.00064	0.00064	0.00064	0.00064	0.00064	0.39968	0.13084	0.17308	0.00064	0.00787	0.10625	0.34202	0.02095	0.02706	0.10016	0.25555	0.21931	0.242	0.01732	
0.12621	0.58534	0.31622	0.0	0.13896	0.1508	0.09852	0.11609	0.21826	0.02582	0.00024	0.20344	0.4914	0.29535	0.00024	0.00024	0.00024	0.05088	0.18931	0.05058	0.1446	0.00024	0.00024	0.21094	0.1339	0.21896	0.00024	0.00024	0.00024	0.00024	0.00024	0.22539	0.00485	0.57222	0.06104	0.06104	0.12447	0.0	0.14561	0.19964	0.2486	0.26615	0.42168	0.12527	0.21676	0.16375	0.12136	0.0	0.26982	0.18501	0.23836	0.16547	0.0	0.1942	0.12129	0.01877	0.00287	0.05088	0.00024	0.00024	0.00024	0.00024	0.00024	0.00024	0.1446	0.31907	0.00024	0.00024	0.00024	0.10373	0.00024	0.00024	0.00024	0.00024	0.00024	0.4935	0.23977	0.26403	0.00024	0.00287	0.25513	0.14415	0.1261	0.07962	0.12836	0.5076	0.23141	0.37343	0.20343	
0.23232	0.10472	0.10522	0.13896	0.0	0.28106	0.27259	0.06604	0.36557	0.06693	6e-05	0.10607	0.15863	0.26241	6e-05	6e-05	6e-05	0.05197	0.07221	0.0517	0.35977	6e-05	6e-05	0.36836	0.18131	0.10811	6e-05	6e-05	6e-05	6e-05	6e-05	0.2204	0.02761	0.28649	0.14	0.14	0.19341	0.0	0.42111	0.31987	0.46213	0.33908	0.35015	0.06064	0.36725	0.30315	0.2552	0.0	0.40461	0.26629	0.30739	0.33316	0.0	0.40233	0.1558	0.02283	0.00434	0.05197	6e-05	6e-05	6e-05	6e-05	6e-05	6e-05	0.35977	0.28836	6e-05	6e-05	6e-05	0.10713	6e-05	6e-05	6e-05	6e-05	6e-05	0.33721	0.56713	0.17626	6e-05	0.00434	0.4463	0.19412	0.17156	0.13461	0.83888	0.25206	0.30832	0.08099	0.27892	
0.15884	0.0926	0.15652	0.1508	0.28106	0.0	0.4091	0.05413	0.15857	0.19431	0.0003	0.16347	0.11957	0.14151	0.0003	0.0003	0.0003	0.14673	0.02545	0.1325	0.07889	0.0003	0.0003	0.24158	0.16946	0.03518	0.0003	0.0003	0.0003	0.0003	0.0003	0.1492	0.00878	0.0931	0.05834	0.05834	0.1668	0.0	0.37166	0.1527	0.25152	0.31174	0.2179	0.04371	0.21064	0.14903	0.06871	0.0	0.29767	0.20721	0.15226	0.16822	0.0	0.09411	0.07801	0.03849	0.0211	0.14673	0.0003	0.0003	0.0003	0.0003	0.0003	0.0003	0.07889	0.06932	0.0003	0.0003	0.0003	0.14341	0.0003	0.0003	0.0003	0.0003	0.0003	0.11236	0.17186	0.15247	0.0003	0.0211	0.25829	0.32187	0.19253	0.13711	0.22696	0.24556	0.11991	0.07819	0.01773	
0.1233	0.1081	0.19272	0.09852	0.27259	0.4091	0.0	0.05138	0.16981	0.33578	0.00075	0.15523	0.15784	0.09085	0.00075	0.00075	0.00075	0.49908	0.14156	0.02563	0.03896	0.00075	0.00075	0.2989	0.06806	0.01938	0.00075	0.00075	0.00075	0.00075	0.00075	0.18092	0.00643	0.21754	0.03008	0.03008	0.30058	0.0	0.60502	0.12073	0.26782	0.17372	0.30112	0.02285	0.2429	0.06606	0.17127	0.0	0.30689	0.15927	0.19378	0.06839	0.0	0.14836	0.15066	0.24642	0.26182	0.49908	0.00075	0.00075	0.00075	0.00075	0.00075	0.00075	0.03896	0.12951	0.00075	0.00075	0.00075	0.21074	0.00075	0.00075	0.00075	0.00075	0.00075	0.18741	0.30886	0.0638	0.00075	0.26182	0.49506	0.43154	0.16461	0.1489	0.14242	0.39627	0.15862	0.08524	0.13389	
0.17817	0.13119	0.23934	0.11609	0.06604	0.05413	0.05138	0.0	0.05936	0.03898	0.00015	0.19061	0.12904	0.10768	0.00015	0.00015	0.00015	0.0318	0.40035	0.25523	0.0473	0.00015	0.00015	0.11746	0.04921	0.02372	0.00015	0.00015	0.00015	0.00015	0.00015	0.234	0.10229	0.13802	0.31979	0.31979	0.20644	0.0	0.09649	0.22725	0.07143	0.03747	0.2192	0.02767	0.0896	0.04278	0.06944	0.0	0.0366	0.20079	0.41816	0.10482	0.0	0.05658	1.03286	0.03307	0.00407	0.0318	0.00015	0.00015	0.00015	0.00015	0.00015	0.00015	0.0473	0.27519	0.00015	0.00015	0.00015	0.05225	0.00015	0.00015	0.00015	0.00015	0.00015	0.25705	0.05905	0.07574	0.00015	0.00407	0.03421	0.04297	0.10165	0.05871	0.10374	0.18722	0.07653	0.10308	0.00399	
0.44871	0.20171	0.20237	0.21826	0.36557	0.15857	0.16981	0.05936	0.0	0.11121	0.00043	0.18862	0.22619	0.30791	0.00043	0.00043	0.00043	0.17979	0.26242	0.17939	0.49117	0.00043	0.00043	0.38406	0.12349	0.1435	0.00043	0.00043	0.00043	0.00043	0.00043	0.66383	0.00709	0.31229	0.0476	0.0476	0.21358	0.0	0.18412	0.19418	0.7115	0.36732	0.34283	0.03585	0.23299	0.2363	0.10857	0.0	0.143	0.1804	0.4453	0.38795	0.0	1.41199	0.27435	0.41228	0.02838	0.17979	0.00043	0.00043	0.00043	0.00043	0.00043	0.00043	0.49117	0.57154	0.00043	0.00043	0.00043	0.55315	0.00043	0.00043	0.00043	0.00043	0.00043	0.34804	0.36417	0.1936	0.00043	0.02838	0.56153	0.21577	0.1325	0.13282	0.29206	0.30986	0.35543	0.1527	0.17685	
0.05691	0.01193	0.03776	0.02582	0.06693	0.19431	0.33578	0.03898	0.11121	0.0	0.00084	0.10787	0.03266	0.02403	0.00084	0.00084	0.00084	0.56803	0.07106	0.02098	0.03044	0.00084	0.00084	0.15111	0.04771	0.01638	0.00084	0.00084	0.00084	0.00084	0.00084	0.11691	0.0069	0.08099	0.02417	0.02417	0.2694	0.0	0.22418	0.07853	0.09064	0.04619	0.0536	0.01839	0.11415	0.04893	0.04378	0.0	0.03916	0.08023	0.12924	0.04792	0.0	0.08143	0.08878	0.28974	0.35407	0.56803	0.00084	0.00084	0.00084	0.00084	0.00084	0.00084	0.03044	0.05715	0.00084	0.00084	0.00084	0.1608	0.00084	0.00084	0.00084	0.00084	0.00084	0.05871	0.03546	0.04524	0.00084	0.35407	0.06387	0.08718	0.0516	0.10398	0.07432	0.23721	0.09744	0.00564	0.0646	
7e-05	0.00035	0.00064	0.00024	6e-05	0.0003	0.00075	0.00015	0.00043	0.00084	0.0	0.00051	0.00014	0.00024	0.0	0.0	0.0	0.00145	0.00064	0.00018	0.00021	0.0	0.0	0.00027	5e-05	0.00023	0.0	0.0	0.0	0.0	0.0	0.00058	0.0	0.00015	0.00015	0.00015	0.00057	0.0	0.00046	9e-05	0.0003	0.00023	0.00033	0.00014	0.00022	7e-05	9e-05	0.0	0.00012	0.00013	0.00028	9e-05	0.0	0.00012	0.00029	0.0	0.0	0.00145	0.0	0.0	0.0	0.0	0.0	0.0	0.00021	0.00039	0.0	0.0	0.0	0.00078	0.0	0.0	0.0	0.0	0.0	0.00037	8e-05	0.00019	0.0	0.0	7e-05	0.00025	3e-05	4e-05	0.00011	0.00052	0.0004	0.00031	5e-05	
0.06951	0.15427	0.58415	0.20344	0.10607	0.16347	0.15523	0.19061	0.18862	0.10787	0.00051	0.0	0.05622	0.2323	0.00051	0.00051	0.00051	0.08481	0.31886	0.08437	0.11704	0.00051	0.00051	0.07767	0.03652	0.05388	0.00051	0.00051	0.00051	0.00051	0.00051	0.2343	0.01013	0.11472	0.1011	0.1011	0.16158	0.0	0.15108	0.07972	0.1608	0.16677	0.36713	0.06497	0.19688	0.00192	0.18832	0.0	0.09001	0.17886	0.18189	0.0855	0.0	0.12053	0.23533	0.04219	0.00591	0.08481	0.00051	0.00051	0.00051	0.00051	0.00051	0.00051	0.11704	0.27934	0.00051	0.00051	0.00051	0.17011	0.00051	0.00051	0.00051	0.00051	0.00051	0.24409	0.13335	0.2165	0.00051	0.00591	0.07864	0.25461	0.01107	0.05571	0.11167	0.13667	0.20087	0.09371	0.00588	
0.1802	0.39257	0.13541	0.4914	0.15863	0.11957	0.15784	0.12904	0.22619	0.03266	0.00014	0.05622	0.0	0.29565	0.00014	0.00014	0.00014	0.05562	0.21451	0.05533	0.09146	0.00014	0.00014	0.37101	0.09195	0.03982	0.00014	0.00014	0.00014	0.00014	0.00014	0.26733	0.00637	0.36399	0.06695	0.06695	0.13936	0.0	0.1873	0.2675	0.33947	0.10521	0.44125	0.10026	0.17398	0.17872	0.07073	0.0	0.35649	0.16614	0.3555	0.12691	0.0	0.19493	0.1412	0.02334	0.00392	0.05562	0.00014	0.00014	0.00014	0.00014	0.00014	0.00014	0.09146	0.46451	0.00014	0.00014	0.00014	0.11492	0.00014	0.00014	0.00014	0.00014	0.00014	0.37861	0.17022	0.08213	0.00014	0.00392	0.29498	0.07782	0.35129	0.07535	0.10352	0.5512	0.24954	0.2316	0.10392	
0.11248	0.19144	0.27375	0.29535	0.26241	0.14151	0.09085	0.10768	0.30791	0.02403	0.00024	0.2323	0.29565	0.0	0.00024	0.00024	0.00024	0.04867	0.17128	0.04834	0.32784	0.00024	0.00024	0.27726	0.13168	0.11488	0.00024	0.00024	0.00024	0.00024	0.00024	0.22079	0.00455	0.19984	0.058	0.058	0.13262	0.0	0.17578	0.16556	0.32706	0.19546	0.32001	0.07188	0.23295	0.15547	0.13054	0.0	0.1998	0.15812	0.26447	0.30341	0.0	0.34729	0.11	0.01736	0.0027	0.04867	0.00024	0.00024	0.00024	0.00024	0.00024	0.00024	0.32784	0.35466	0.00024	0.00024	0.00024	0.09672	0.00024	0.00024	0.00024	0.00024	0.00024	0.26453	0.2725	0.14869	0.00024	0.0027	0.18879	0.13126	0.11952	0.08059	0.19138	0.22777	0.3135	0.05898	0.13616	
7e-05	0.00035	0.00064	0.00024	6e-05	0.0003	0.00075	0.00015	0.00043	0.00084	0.0	0.00051	0.00014	0.00024	0.0	0.0	0.0	0.00145	0.00064	0.00018	0.00021	0.0	0.0	0.00027	5e-05	0.00023	0.0	0.0	0.0	0.0	0.0	0.00058	0.0	0.00015	0.00015	0.00015	0.00057	0.0	0.00046	9e-05	0.0003	0.00023	0.00033	0.00014	0.00022	7e-05	9e-05	0.0	0.00012	0.00013	0.00028	9e-05	0.0	0.00012	0.00029	0.0	0.0	0.00145	0.0	0.0	0.0	0.0	0.0	0.0	0.00021	0.00039	0.0	0.0	0.0	0.00078	0.0	0.0	0.0	0.0	0.0	0.00037	8e-05	0.00019	0.0	0.0	7e-05	0.00025	3e-05	4e-05	0.00011	0.00052	0.0004	0.00031	5e-05	
7e-05	0.00035	0.00064	0.00024	6e-05	0.0003	0.00075	0.00015	0.00043	0.00084	0.0	0.00051	0.00014	0.00024	0.0	0.0	0.0	0.00145	0.00064	0.00018	0.00021	0.0	0.0	0.00027	5e-05	0.00023	0.0	0.0	0.0	0.0	0.0	0.00058	0.0	0.00015	0.00015	0.00015	0.00057	0.0	0.00046	9e-05	0.0003	0.00023	0.00033	0.00014	0.00022	7e-05	9e-05	0.0	0.00012	0.00013	0.00028	9e-05	0.0	0.00012	0.00029	0.0	0.0	0.00145	0.0	0.0	0.0	0.0	0.0	0.0	0.00021	0.00039	0.0	0.0	0.0	0.00078	0.0	0.0	0.0	0.0	0.0	0.00037	8e-05	0.00019	0.0	0.0	7e-05	0.00025	3e-05	4e-05	0.00011	0.00052	0.0004	0.00031	5e-05	
7e-05	0.00035	0.00064	0.00024	6e-05	0.0003	0.00075	0.00015	0.00043	0.00084	0.0	0.00051	0.00014	0.00024	0.0	0.0	0.0	0.00145	0.00064	0.00018	0.00021	0.0	0.0	0.00027	5e-05	0.00023	0.0	0.0	0.0	0.0	0.0	0.00058	0.0	0.00015	0.00015	0.00015	0.00057	0.0	0.00046	9e-05	0.0003	0.00023	0.00033	0.00014	0.00022	7e-05	9e-05	0.0	0.00012	0.00013	0.00028	9e-05	0.0	0.00012	0.00029	0.0	0.0	0.00145	0.0	0.0	0.0	0.0	0.0	0.0	0.00021	0.00039	0.0	0.0	0.0	0.00078	0.0	0.0	0.0	0.0	0.0	0.00037	8e-05	0.00019	0.0	0.0	7e-05	0.00025	3e-05	4e-05	0.00011	0.00052	0.0004	0.00031	5e-05	
0.10714	0.06127	0.10284	0.05088	0.05197	0.14673	0.49908	0.0318	0.17979	0.56803	0.00145	0.08481	0.05562	0.04867	0.00145	0.00145	0.00145	0.0	0.15425	0.01775	0.02516	0.00145	0.00145	0.20273	0.03787	0.01413	0.00145	0.00145	0.00145	0.00145	0.00145	0.20057	0.00787	0.13642	0.02026	0.02026	0.38107	0.0	0.30159	0.06133	0.1329	0.08282	0.08446	0.0155	0.15138	0.0395	0.03501	0.0	0.07443	0.11463	0.17666	0.03803	0.0	0.18829	0.22461	0.0	0.0	1.00238	0.00145	0.00145	0.00145	0.00145	0.00145	0.00145	0.02516	0.10602	0.00145	0.00145	0.00145	0.29402	0.00145	0.00145	0.00145	0.00145	0.00145	0.09903	0.02831	0.03607	0.00145	0.0	0.10274	0.17656	0.04083	0.04281	0.05828	0.3031	0.1612	0.04956	0.05161	
0.09367	0.20681	0.42317	0.18931	0.07221	0.02545	0.14156	0.40035	0.26242	0.07106	0.00064	0.31886	0.21451	0.17128	0.00064	0.00064	0.00064	0.15425	0.0	0.15375	0.06846	0.00064	0.00064	0.13782	0.02813	0.03324	0.00064	0.00064	0.00064	0.00064	0.00064	0.65646	0.0303	0.20237	0.18748	0.18748	0.29481	0.0	0.16557	0.22273	0.23241	0.07913	0.47984	0.03939	0.08247	0.00909	0.03822	0.0	0.08163	0.15057	0.40229	0.07805	0.0	0.11462	1.15508	0.15529	0.01739	0.15425	0.00064	0.00064	0.00064	0.00064	0.00064	0.00064	0.06846	0.62657	0.00064	0.00064	0.00064	0.34501	0.00064	0.00064	0.00064	0.00064	0.00064	0.57776	0.08925	0.11555	0.00064	0.01739	0.03939	0.05002	0.09299	0.02668	0.09983	0.25521	0.29586	0.15819	0.00247	
0.31697	0.06084	0.10239	0.05058	0.0517	0.1325	0.02563	0.25523	0.17939	0.02098	0.00018	0.08437	0.05533	0.04834	0.00018	0.00018	0.00018	0.01775	0.15375	0.0	0.02461	0.00018	0.00018	0.05072	0.03752	0.01341	0.00018	0.00018	0.00018	0.00018	0.00018	0.19911	0.00373	0.11576	0.01965	0.01965	0.02846	0.0	0.03805	0.06099	0.1326	0.08253	0.08419	0.01489	0.06808	0.03903	0.03462	0.0	0.06953	0.06862	0.12272	0.03768	0.0	0.20287	0.24198	0.0	0.00267	0.01775	0.00018	0.00018	0.00018	0.00018	0.00018	0.00018	0.02461	0.10567	0.00018	0.00018	0.00018	0.29337	0.00018	0.00018	0.00018	0.00018	0.00018	0.09871	0.02796	0.0357	0.00018	0.00267	0.13985	0.27447	0.23976	0.04151	0.05725	0.07588	0.04217	0.04912	0.12577	
0.18577	0.09611	0.09695	0.1446	0.35977	0.07889	0.03896	0.0473	0.49117	0.03044	0.00021	0.11704	0.09146	0.32784	0.00021	0.00021	0.00021	0.02516	0.06846	0.02461	0.0	0.00021	0.00021	0.35753	0.05943	0.2621	0.00021	0.00021	0.00021	0.00021	0.00021	0.21433	0.00243	0.19218	0.02861	0.02861	0.10395	0.0	0.06103	0.14655	0.34923	0.26228	0.21934	0.02165	0.19089	0.31907	0.07277	0.0	0.12527	0.16722	0.35186	0.50404	0.0	1.00841	0.04587	0.00871	0.00148	0.02516	0.00021	0.00021	0.00021	0.00021	0.00021	0.00021	1.00004	0.44249	0.00021	0.00021	0.00021	0.04365	0.00021	0.00021	0.00021	0.00021	0.00021	0.20874	0.50821	0.22685	0.00021	0.00148	0.25134	0.05426	0.06446	0.06418	0.28732	0.12769	0.47884	0.07651	0.21085	
7e-05	0.00035	0.00064	0.00024	6e-05	0.0003	0.00075	0.00015	0.00043	0.00084	0.0	0.00051	0.00014	0.00024	0.0	0.0	0.0	0.00145	0.00064	0.00018	0.00021	0.0	0.0	0.00027	5e-05	0.00023	0.0	0.0	0.0	0.0	0.0	0.00058	0.0	0.00015	0.00015	0.00015	0.00057	0.0	0.00046	9e-05	0.0003	0.00023	0.00033	0.00014	0.00022	7e-05	9e-05	0.0	0.00012	0.00013	0.00028	9e-05	0.0	0.00012	0.00029	0.0	0.0	0.00145	0.0	0.0	0.0	0.0	0.0	0.0	0.00021	0.00039	0.0	0.0	0.0	0.00078	0.0	0.0	0.0	0.0	0.0	0.00037	8e-05	0.00019	0.0	0.0	7e-05	0.00025	3e-05	4e-05	0.00011	0.00052	0.0004	0.00031	5e-05	
7e-05	0.00035	0.00064	0.00024	6e-05	0.0003	0.00075	0.00015	0.00043	0.00084	0.0	0.00051	0.00014	0.00024	0.0	0.0	0.0	0.00145	0.00064	0.00018	0.00021	0.0	0.0	0.00027	5e-05	0.00023	0.0	0.0	0.0	0.0	0.0	0.00058	0.0	0.00015	0.00015	0.00015	0.00057	0.0	0.00046	9e-05	0.0003	0.00023	0.00033	0.00014	0.00022	7e-05	9e-05	0.0	0.00012	0.00013	0.00028	9e-05	0.0	0.00012	0.00029	0.0	0.0	0.00145	0.0	0.0	0.0	0.0	0.0	0.0	0.00021	0.00039	0.0	0.0	0.0	0.00078	0.0	0.0	0.0	0.0	0.0	0.00037	8e-05	0.00019	0.0	0.0	7e-05	0.00025	3e-05	4e-05	0.00011	0.00052	0.0004	0.00031	5e-05	
0.25886	0.07112	0.0716	0.21094	0.36836	0.24158	0.2989	0.11746	0.38406	0.15111	0.00027	0.07767	0.37101	0.27726	0.00027	0.00027	0.00027	0.20273	0.13782	0.05072	0.35753	0.00027	0.00027	0.0	0.09571	0.10762	0.00027	0.00027	0.00027	0.00027	0.00027	0.2346	0.00806	0.16985	0.06132	0.06132	0.25174	0.0	0.2781	0.46182	0.49605	0.25799	0.35704	0.0793	0.42712	0.21238	0.10043	0.0	0.26203	0.35404	0.42055	0.28926	0.0	0.49053	0.12031	0.04794	0.04966	0.20273	0.00027	0.00027	0.00027	0.00027	0.00027	0.00027	0.35753	0.36614	0.00027	0.00027	0.00027	0.12318	0.00027	0.00027	0.00027	0.00027	0.00027	0.29552	0.40293	0.26703	0.00027	0.04966	0.34551	0.0939	0.39436	0.1518	0.35074	0.37584	0.37563	0.05434	0.15617	
0.10009	0.064	0.0292	0.1339	0.18131	0.16946	0.06806	0.04921	0.12349	0.04771	5e-05	0.03652	0.09195	0.13168	5e-05	5e-05	5e-05	0.03787	0.02813	0.03752	0.05943	5e-05	5e-05	0.09571	0.0	0.02759	5e-05	5e-05	5e-05	5e-05	5e-05	0.09757	0.03783	0.18341	0.17632	0.17632	0.15526	0.0	0.22518	0.17746	0.11681	0.13406	0.06109	0.08452	0.07409	0.0322	0.05576	0.0	0.07075	0.19437	0.1235	0.24551	0.0	0.10415	0.17549	0.01397	0.00268	0.03787	5e-05	5e-05	5e-05	5e-05	5e-05	5e-05	0.05943	0.06459	5e-05	5e-05	5e-05	0.07298	5e-05	5e-05	5e-05	5e-05	5e-05	0.10092	0.08241	0.10641	5e-05	0.00268	0.17151	0.09567	0.10519	0.09726	0.1113	0.10915	0.07538	0.05985	0.14993	
0.07556	0.045	0.0455	0.21896	0.10811	0.03518	0.01938	0.02372	0.1435	0.01638	0.00023	0.05388	0.03982	0.11488	0.00023	0.00023	0.00023	0.01413	0.03324	0.01341	0.2621	0.00023	0.00023	0.10762	0.02759	0.0	0.00023	0.00023	0.00023	0.00023	0.00023	0.03148	0.00172	0.08285	0.01526	0.01526	0.02116	0.0	0.02782	0.06238	0.10535	0.21221	0.0814	0.01159	0.07305	0.1289	0.02567	0.0	0.05267	0.06614	0.10606	0.14662	0.0	0.25315	0.02355	0.00583	0.00109	0.01413	0.00023	0.00023	0.00023	0.00023	0.00023	0.00023	0.2621	0.13069	0.00023	0.00023	0.00023	0.02236	0.00023	0.00023	0.00023	0.00023	0.00023	0.08204	0.29329	0.21365	0.00023	0.00109	0.09775	0.02697	0.02969	0.03042	0.10537	0.054	0.14027	0.03659	0.09083	
7e-05	0.00035	0.00064	0.00024	6e-05	0.0003	0.00075	0.00015	0.00043	0.00084	0.0	0.00051	0.00014	0.00024	0.0	0.0	0.0	0.00145	0.00064	0.00018	0.00021	0.0	0.0	0.00027	5e-05	0.00023	0.0	0.0	0.0	0.0	0.0	0.00058	0.0	0.00015	0.00015	0.00015	0.00057	0.0	0.00046	9e-05	0.0003	0.00023	0.00033	0.00014	0.00022	7e-05	9e-05	0.0	0.00012	0.00013	0.00028	9e-05	0.0	0.00012	0.00029	0.0	0.0	0.00145	0.0	0.0	0.0	0.0	0.0	0.0	0.00021	0.00039	0.0	0.0	0.0	0.00078	0.0	0.0	0.0	0.0	0.0	0.00037	8e-05	0.00019	0.0	0.0	7e-05	0.00025	3e-05	4e-05	0.00011	0.00052	0.0004	0.00031	5e-05	
7e-05	0.00035	0.00064	0.00024	6e-05	0.0003	0.00075	0.00015	0.00043	0.00084	0.0	0.00051	0.00014	0.00024	0.0	0.0	0.0	0.00145	0.00064	0.00018	0.00021	0.0	0.0	0.00027	5e-05	0.00023	0.0	0.0	0.0	0.0	0.0	0.00058	0.0	0.00015	0.00015	0.00015	0.00057	0.0	0.00046	9e-05	0.0003	0.00023	0.00033	0.00014	0.00022	7e-05	9e-05	0.0	0.00012	0.00013	0.00028	9e-05	0.0	0.00012	0.00029	0.0	0.0	0.00145	0.0	0.0	0.0	0.0	0.0	0.0	0.00021	0.00039	0.0	0.0	0.0	0.00078	0.0	0.0	0.0	0.0	0.0	0.00037	8e-05	0.00019	0.0	0.0	7e-05	0.00025	3e-05	4e-05	0.00011	0.00052	0.0004	0.00031	5e-05	
7e-05	0.00035	0.00064	0.00024	6e-05	0.0003	0.00075	0.00015	0.00043	0.00084	0.0	0.00051	0.00014	0.00024	0.0	0.0	0.0	0.00145	0.00064	0.00018	0.00021	0.0	0.0	0.00027	5e-05	0.00023	0.0	0.0	0.0	0.0	0.0	0.00058	0.0	0.00015	0.00015	0.00015	0.00057	0.0	0.00046	9e-05	0.0003	0.00023	0.00033	0.00014	0.00022	7e-05	9e-05	0.0	0.00012	0.00013	0.00028	9e-05	0.0	0.00012	0.00029	0.0	0.0	0.00145	0.0	0.0	0.0	0.0	0.0	0.0	0.00021	0.00039	0.0	0.0	0.0	0.00078	0.0	0.0	0.0	0.0	0.0	0.00037	8e-05	0.00019	0.0	0.0	7e-05	0.00025	3e-05	4e-05	0.00011	0.00052	0.0004	0.00031	5e-05	
7e-05	0.00035	0.00064	0.00024	6e-05	0.0003	0.00075	0.00015	0.00043	0.00084	0.0	0.00051	0.00014	0.00024	0.0	0.0	0.0	0.00145	0.00064	0.00018	0.00021	0.0	0.0	0.00027	5e-05	0.00023	0.0	0.0	0.0	0.0	0.0	0.00058	0.0	0.00015	0.00015	0.00015	0.00057	0.0	0.00046	9e-05	0.0003	0.00023	0.00033	0.00014	0.00022	7e-05	9e-05	0.0	0.00012	0.00013	0.00028	9e-05	0.0	0.00012	0.00029	0.0	0.0	0.00145	0.0	0.0	0.0	0.0	0.0	0.0	0.00021	0.00039	0.0	0.0	0.0	0.00078	0.0	0.0	0.0	0.0	0.0	0.00037	8e-05	0.00019	0.0	0.0	7e-05	0.00025	3e-05	4e-05	0.00011	0.00052	0.0004	0.00031	5e-05	
7e-05	0.00035	0.00064	0.00024	6e-05	0.0003	0.00075	0.00015	0.00043	0.00084	0.0	0.00051	0.00014	0.00024	0.0	0.0	0.0	0.00145	0.00064	0.00018	0.00021	0.0	0.0	0.00027	5e-05	0.00023	0.0	0.0	0.0	0.0	0.0	0.00058	0.0	0.00015	0.00015	0.00015	0.00057	0.0	0.00046	9e-05	0.0003	0.00023	0.00033	0.00014	0.00022	7e-05	9e-05	0.0	0.00012	0.00013	0.00028	9e-05	0.0	0.00012	0.00029	0.0	0.0	0.00145	0.0	0.0	0.0	0.0	0.0	0.0	0.00021	0.00039	0.0	0.0	0.0	0.00078	0.0	0.0	0.0	0.0	0.0	0.00037	8e-05	0.00019	0.0	0.0	7e-05	0.00025	3e-05	4e-05	0.00011	0.00052	0.0004	0.00031	5e-05	
0.31879	0.23156	0.29376	0.22539	0.2204	0.1492	0.18092	0.234	0.66383	0.11691	0.00058	0.2343	0.26733	0.22079	0.00058	0.00058	0.00058	0.20057	0.65646	0.19911	0.21433	0.00058	0.00058	0.2346	0.09757	0.03148	0.00058	0.00058	0.00058	0.00058	0.00058	0.0	0.00058	0.21616	0.14971	0.14971	0.42022	0.0	0.20384	0.26306	0.49836	0.28965	0.46422	0.03797	0.17743	0.23794	0.12861	0.0	0.15044	0.2001	0.46308	0.23681	0.0	0.66498	1.00464	0.60689	0.03419	0.20057	0.00058	0.00058	0.00058	0.00058	0.00058	0.00058	0.21433	0.67246	0.00058	0.00058	0.00058	0.64238	0.00058	0.00058	0.00058	0.00058	0.00058	0.52882	0.29015	0.17826	0.00058	0.03419	0.2947	0.23102	0.1316	0.10413	0.22594	0.35615	0.35109	0.16946	0.08563	
0.00759	0.0064	0.01365	0.00485	0.02761	0.00878	0.00643	0.10229	0.00709	0.0069	0.0	0.01013	0.00637	0.00455	0.0	0.0	0.0	0.00787	0.0303	0.00373	0.00243	0.0	0.0	0.00806	0.03783	0.00172	0.0	0.0	0.0	0.0	0.0	0.00058	0.0	0.00015	0.0	0.0	0.22884	0.0	0.05711	0.1818	0.00927	0.0113	0.01241	0.00151	0.02701	0.05609	0.05454	0.0	0.01115	0.11584	0.03066	0.07432	0.0	0.00584	0.0	0.0	0.0	0.00787	0.0	0.0	0.0	0.0	0.0	0.0	0.00243	0.01685	0.0	0.0	0.0	0.00817	0.0	0.0	0.0	0.0	0.0	0.01533	0.00303	0.00308	0.0	0.0	0.00883	0.00788	0.00529	0.0654	0.06274	0.01434	0.03981	0.00481	0.00746	
0.16047	1.03288	0.29832	0.57222	0.28649	0.0931	0.21754	0.13802	0.31229	0.08099	0.00015	0.11472	0.36399	0.19984	0.00015	0.00015	0.00015	0.13642	0.20237	0.11576	0.19218	0.00015	0.00015	0.16985	0.18341	0.08285	0.00015	0.00015	0.00015	0.00015	0.00015	0.21616	0.00015	0.0	0.18023	0.18023	0.32135	0.0	0.25602	0.18219	0.40961	0.27887	0.43753	0.07977	0.16765	0.20181	0.12492	0.0	0.31162	0.1646	0.32213	0.21603	0.0	0.32089	0.24802	0.01565	0.00015	0.13642	0.00015	0.00015	0.00015	0.00015	0.00015	0.00015	0.19218	0.37258	0.00015	0.00015	0.00015	0.12496	0.00015	0.00015	0.00015	0.00015	0.00015	0.80921	0.28685	0.0173	0.00015	0.00015	0.72079	0.25588	0.02941	0.13345	0.14682	0.87083	0.41608	0.49919	1.03054	
0.05666	0.07239	0.12327	0.06104	0.14	0.05834	0.03008	0.31979	0.0476	0.02417	0.00015	0.1011	0.06695	0.058	0.00015	0.00015	0.00015	0.02026	0.18748	0.01965	0.02861	0.00015	0.00015	0.06132	0.17632	0.01526	0.00015	0.00015	0.00015	0.00015	0.00015	0.14971	0.0	0.18023	0.0	0.99984	0.43199	0.0	0.21368	0.37703	0.06324	0.07519	0.10341	0.01718	0.141	0.2226	0.22868	0.0	0.09022	0.2782	0.15371	0.25543	0.0	0.04589	1.01035	0.01056	0.0028	0.02026	0.00015	0.00015	0.00015	0.00015	0.00015	0.00015	0.02861	0.12951	0.00015	0.00015	0.00015	0.03407	0.00015	0.00015	0.00015	0.00015	0.00015	0.12107	0.03323	0.04244	0.00015	0.0028	0.0617	0.04252	0.04836	0.23842	0.22606	0.09238	0.20144	0.05816	0.06069	
0.05666	0.07239	0.12327	0.06104	0.14	0.05834	0.03008	0.31979	0.0476	0.02417	0.00015	0.1011	0.06695	0.058	0.00015	0.00015	0.00015	0.02026	0.18748	0.01965	0.02861	0.00015	0.00015	0.06132	0.17632	0.01526	0.00015	0.00015	0.00015	0.00015	0.00015	0.14971	0.0	0.18023	0.99984	0.0	0.43199	0.0	0.21368	0.37703	0.06324	0.07519	0.10341	0.01718	0.141	0.2226	0.22868	0.0	0.09022	0.2782	0.15371	0.25543	0.0	0.04589	1.01035	0.01056	0.0028	0.02026	0.00015	0.00015	0.00015	0.00015	0.00015	0.00015	0.02861	0.12951	0.00015	0.00015	0.00015	0.03407	0.00015	0.00015	0.00015	0.00015	0.00015	0.12107	0.03323	0.04244	0.00015	0.0028	0.0617	0.04252	0.04836	0.23842	0.22606	0.09238	0.20144	0.05816	0.06069	
0.15782	0.13047	0.19302	0.12447	0.19341	0.1668	0.30058	0.20644	0.21358	0.2694	0.00057	0.16158	0.13936	0.13262	0.00057	0.00057	0.00057	0.38107	0.29481	0.02846	0.10395	0.00057	0.00057	0.25174	0.15526	0.02116	0.00057	0.00057	0.00057	0.00057	0.00057	0.42022	0.22884	0.32135	0.43199	0.43199	0.0	0.0	0.42594	0.33962	0.19653	0.16749	0.2216	0.02556	0.27504	0.23429	0.2899	0.0	0.20143	0.358	0.3257	0.26457	0.0	0.2202	0.82304	0.15357	0.16197	0.38107	0.00057	0.00057	0.00057	0.00057	0.00057	0.00057	0.10395	0.28229	0.00057	0.00057	0.00057	0.18228	0.00057	0.00057	0.00057	0.00057	0.00057	0.24564	0.12322	0.10535	0.00057	0.16197	0.16681	0.13773	0.09041	0.18426	0.24495	0.33249	0.51604	0.10152	0.11235	
0.0	0.0	0.0	0.0	0.0	0.0	0.0	0.0	0.0	0.0	0.0	0.0	0.0	0.0	0.0	0.0	0.0	0.0	0.0	0.0	0.0	0.0	0.0	0.0	0.0	0.0	0.0	0.0	0.0	0.0	0.0	0.0	0.0	0.0	0.0	0.0	0.0	0.0	0.0	0.0	0.0	0.0	0.0	0.0	0.0	0.0	0.0	0.0	0.0	0.0	0.0	0.0	0.0	0.0	0.0	0.0	0.0	0.0	0.0	0.0	0.0	0.0	0.0	0.0	0.0	0.0	0.0	0.0	0.0	0.0	0.0	0.0	0.0	0.0	0.0	0.0	0.0	0.0	0.0	0.0	0.0	0.0	0.0	0.0	0.0	0.0	0.0	0.0	0.0	
0.16687	0.09175	0.20475	0.14561	0.42111	0.37166	0.60502	0.09649	0.18412	0.22418	0.00046	0.15108	0.1873	0.17578	0.00046	0.00046	0.00046	0.30159	0.16557	0.03805	0.06103	0.00046	0.00046	0.2781	0.22518	0.02782	0.00046	0.00046	0.00046	0.00046	0.00046	0.20384	0.05711	0.25602	0.21368	0.21368	0.42594	0.0	0.0	0.28622	0.28018	0.21471	0.31201	0.03435	0.3907	0.08195	0.31184	0.0	0.36076	0.29925	0.21976	0.1354	0.0	0.15485	0.36952	0.11183	0.11366	0.30159	0.00046	0.00046	0.00046	0.00046	0.00046	0.00046	0.06103	0.16443	0.00046	0.00046	0.00046	0.16842	0.00046	0.00046	0.00046	0.00046	0.00046	0.21189	0.26298	0.06595	0.00046	0.11366	0.42038	0.28996	0.16272	0.16773	0.2417	0.47074	0.29579	0.06658	0.15808	
0.08469	0.07133	0.07987	0.19964	0.31987	0.1527	0.12073	0.22725	0.19418	0.07853	9e-05	0.07972	0.2675	0.16556	9e-05	9e-05	9e-05	0.06133	0.22273	0.06099	0.14655	9e-05	9e-05	0.46182	0.17746	0.06238	9e-05	9e-05	9e-05	9e-05	9e-05	0.26306	0.1818	0.18219	0.37703	0.37703	0.33962	0.0	0.28622	0.0	0.31908	0.19175	0.35854	0.06492	0.37752	0.27021	0.22725	0.0	0.17484	0.48506	0.28028	0.35731	0.0	0.15423	0.44692	0.02897	0.00543	0.06133	9e-05	9e-05	9e-05	9e-05	9e-05	9e-05	0.14655	0.25737	9e-05	9e-05	9e-05	0.1246	9e-05	9e-05	9e-05	9e-05	9e-05	0.33187	0.22939	0.21305	9e-05	0.00543	0.12669	0.02853	0.22353	0.22219	0.47358	0.18875	0.27982	0.04341	0.11835	
0.37137	0.18615	0.18667	0.2486	0.46213	0.25152	0.26782	0.07143	0.7115	0.09064	0.0003	0.1608	0.33947	0.32706	0.0003	0.0003	0.0003	0.1329	0.23241	0.1326	0.34923	0.0003	0.0003	0.49605	0.11681	0.10535	0.0003	0.0003	0.0003	0.0003	0.0003	0.49836	0.00927	0.40961	0.06324	0.06324	0.19653	0.0	0.28018	0.31908	0.0	0.51804	0.56556	0.09424	0.32137	0.21184	0.11344	0.0	0.23947	0.2038	0.39998	0.3046	0.0	0.74007	0.22622	0.21608	0.01876	0.1329	0.0003	0.0003	0.0003	0.0003	0.0003	0.0003	0.34923	0.47584	0.0003	0.0003	0.0003	0.3933	0.0003	0.0003	0.0003	0.0003	0.0003	0.43087	0.43952	0.17288	0.0003	0.01876	0.62471	0.33317	0.26038	0.1731	0.31237	0.31627	0.30973	0.1301	0.27399	
0.1505	0.11686	0.18799	0.26615	0.33908	0.31174	0.17372	0.03747	0.36732	0.04619	0.00023	0.16677	0.10521	0.19546	0.00023	0.00023	0.00023	0.08282	0.07913	0.08253	0.26228	0.00023	0.00023	0.25799	0.13406	0.21221	0.00023	0.00023	0.00023	0.00023	0.00023	0.28965	0.0113	0.27887	0.07519	0.07519	0.16749	0.0	0.21471	0.19175	0.51804	0.0	0.40681	0.10621	0.20224	0.15233	0.06596	0.0	0.12682	0.26072	0.27185	0.3334	0.0	0.33399	0.10572	0.048	0.00715	0.08282	0.00023	0.00023	0.00023	0.00023	0.00023	0.00023	0.26228	0.22705	0.00023	0.00023	0.00023	0.18255	0.00023	0.00023	0.00023	0.00023	0.00023	0.21438	0.36772	0.35901	0.00023	0.00715	0.33482	0.31494	0.1364	0.09049	0.23039	0.15568	0.20418	0.17068	0.21105	
0.15125	0.38696	0.52359	0.42168	0.35015	0.2179	0.30112	0.2192	0.34283	0.0536	0.00033	0.36713	0.44125	0.32001	0.00033	0.00033	0.00033	0.08446	0.47984	0.08419	0.21934	0.00033	0.00033	0.35704	0.06109	0.0814	0.00033	0.00033	0.00033	0.00033	0.00033	0.46422	0.01241	0.43753	0.10341	0.10341	0.2216	0.0	0.31201	0.35854	0.56556	0.40681	0.0	0.08439	0.34106	0.15637	0.2087	0.0	0.36041	0.2994	0.45617	0.32827	0.0	0.28589	0.3838	0.05162	0.0074	0.08446	0.00033	0.00033	0.00033	0.00033	0.00033	0.00033	0.21934	0.60856	0.00033	0.00033	0.00033	0.19028	0.00033	0.00033	0.00033	0.00033	0.00033	0.66751	0.40923	0.24423	0.00033	0.0074	0.38412	0.25681	0.15332	0.13926	0.20799	0.44572	0.36803	0.21449	0.20468	
0.04244	0.09089	0.05458	0.12527	0.06064	0.04371	0.02285	0.02767	0.03585	0.01839	0.00014	0.06497	0.10026	0.07188	0.00014	0.00014	0.00014	0.0155	0.03939	0.01489	0.02165	0.00014	0.00014	0.0793	0.08452	0.01159	0.00014	0.00014	0.00014	0.00014	0.00014	0.03797	0.00151	0.07977	0.01718	0.01718	0.02556	0.0	0.03435	0.06492	0.09424	0.10621	0.08439	0.0	0.09774	0.03461	0.03096	0.0	0.09985	0.08424	0.04713	0.10989	0.0	0.0329	0.02653	0.00533	0.00093	0.0155	0.00014	0.00014	0.00014	0.00014	0.00014	0.00014	0.02165	0.04956	0.00014	0.00014	0.00014	0.02582	0.00014	0.00014	0.00014	0.00014	0.00014	0.06427	0.02511	0.10286	0.00014	0.00093	0.04556	0.03134	0.09385	0.03631	0.07794	0.0719	0.03789	0.11699	0.04544	
0.16006	0.11284	0.21791	0.21676	0.36725	0.21064	0.2429	0.0896	0.23299	0.11415	0.00022	0.19688	0.17398	0.23295	0.00022	0.00022	0.00022	0.15138	0.08247	0.06808	0.19089	0.00022	0.00022	0.42712	0.07409	0.07305	0.00022	0.00022	0.00022	0.00022	0.00022	0.17743	0.02701	0.16765	0.141	0.141	0.27504	0.0	0.3907	0.37752	0.32137	0.20224	0.34106	0.09774	0.0	0.17122	0.41808	0.0	0.31365	0.39916	0.24202	0.26243	0.0	0.23445	0.1806	0.03017	0.02795	0.15138	0.00022	0.00022	0.00022	0.00022	0.00022	0.00022	0.19089	0.18618	0.00022	0.00022	0.00022	0.10648	0.00022	0.00022	0.00022	0.00022	0.00022	0.22897	0.25401	0.21864	0.00022	0.02795	0.20126	0.09514	0.12941	0.22533	0.47116	0.31453	0.2892	0.06993	0.06935	
0.05852	0.17577	0.00036	0.16375	0.30315	0.14903	0.06606	0.04278	0.2363	0.04893	7e-05	0.00192	0.17872	0.15547	7e-05	7e-05	7e-05	0.0395	0.00909	0.03903	0.31907	7e-05	7e-05	0.21238	0.0322	0.1289	7e-05	7e-05	7e-05	7e-05	7e-05	0.23794	0.05609	0.20181	0.2226	0.2226	0.23429	0.0	0.08195	0.27021	0.21184	0.15233	0.15637	0.03461	0.17122	0.0	0.06171	0.0	0.26569	0.26838	0.31591	0.48593	0.0	0.30928	0.21812	0.0163	0.00326	0.0395	7e-05	7e-05	7e-05	7e-05	7e-05	7e-05	0.31907	0.31821	7e-05	7e-05	7e-05	0.07274	7e-05	7e-05	7e-05	7e-05	7e-05	0.13999	0.22404	0.05058	7e-05	0.00326	0.08097	0.09467	0.11682	0.0323	0.26923	0.27378	0.41398	0.13588	0.0299	
0.10586	0.11632	0.22228	0.12136	0.2552	0.06871	0.17127	0.06944	0.10857	0.04378	9e-05	0.18832	0.07073	0.13054	9e-05	9e-05	9e-05	0.03501	0.03822	0.03462	0.07277	9e-05	9e-05	0.10043	0.05576	0.02567	9e-05	9e-05	9e-05	9e-05	9e-05	0.12861	0.05454	0.12492	0.22868	0.22868	0.2899	0.0	0.31184	0.22725	0.11344	0.06596	0.2087	0.03096	0.41808	0.06171	0.0	0.0	0.1927	0.19722	0.09715	0.11483	0.0	0.09446	0.22859	0.0148	0.00345	0.03501	9e-05	9e-05	9e-05	9e-05	9e-05	9e-05	0.07277	0.06452	9e-05	9e-05	9e-05	0.06608	9e-05	9e-05	9e-05	9e-05	9e-05	0.11543	0.20366	0.08792	9e-05	0.00345	0.17816	0.0519	0.0645	0.22289	0.22665	0.11099	0.09138	0.08878	0.01661	
0.0	0.0	0.0	0.0	0.0	0.0	0.0	0.0	0.0	0.0	0.0	0.0	0.0	0.0	0.0	0.0	0.0	0.0	0.0	0.0	0.0	0.0	0.0	0.0	0.0	0.0	0.0	0.0	0.0	0.0	0.0	0.0	0.0	0.0	0.0	0.0	0.0	0.0	0.0	0.0	0.0	0.0	0.0	0.0	0.0	0.0	0.0	0.0	0.0	0.0	0.0	0.0	0.0	0.0	0.0	0.0	0.0	0.0	0.0	0.0	0.0	0.0	0.0	0.0	0.0	0.0	0.0	0.0	0.0	0.0	0.0	0.0	0.0	0.0	0.0	0.0	0.0	0.0	0.0	0.0	0.0	0.0	0.0	0.0	0.0	0.0	0.0	0.0	0.0	
0.1737	0.3135	0.1136	0.26982	0.40461	0.29767	0.30689	0.0366	0.143	0.03916	0.00012	0.09001	0.35649	0.1998	0.00012	0.00012	0.00012	0.07443	0.08163	0.06953	0.12527	0.00012	0.00012	0.26203	0.07075	0.05267	0.00012	0.00012	0.00012	0.00012	0.00012	0.15044	0.01115	0.31162	0.09022	0.09022	0.20143	0.0	0.36076	0.17484	0.23947	0.12682	0.36041	0.09985	0.31365	0.26569	0.1927	0.0	0.0	0.23931	0.25195	0.16614	0.0	0.18045	0.1267	0.00598	0.00694	0.07443	0.00012	0.00012	0.00012	0.00012	0.00012	0.00012	0.12527	0.30381	0.00012	0.00012	0.00012	0.03219	0.00012	0.00012	0.00012	0.00012	0.00012	0.35147	0.3204	0.0558	0.00012	0.00694	0.27586	0.20199	0.26406	0.11106	0.27863	0.45474	0.45765	0.26516	0.09934	
0.13778	0.03951	0.15406	0.18501	0.26629	0.20721	0.15927	0.20079	0.1804	0.08023	0.00013	0.17886	0.16614	0.15812	0.00013	0.00013	0.00013	0.11463	0.15057	0.06862	0.16722	0.00013	0.00013	0.35404	0.19437	0.06614	0.00013	0.00013	0.00013	0.00013	0.00013	0.2001	0.11584	0.1646	0.2782	0.2782	0.358	0.0	0.29925	0.48506	0.2038	0.26072	0.2994	0.08424	0.39916	0.26838	0.19722	0.0	0.23931	0.0	0.28862	0.38084	0.0	0.1846	0.33667	0.016	0.01595	0.11463	0.00013	0.00013	0.00013	0.00013	0.00013	0.00013	0.16722	0.23314	0.00013	0.00013	0.00013	0.07465	0.00013	0.00013	0.00013	0.00013	0.00013	0.16316	0.18752	0.34654	0.00013	0.01595	0.14604	0.16975	0.15439	0.1886	0.36802	0.24332	0.3488	0.03094	0.11641	
0.29539	0.215	0.21554	0.23836	0.30739	0.15226	0.19378	0.41816	0.4453	0.12924	0.00028	0.18189	0.3555	0.26447	0.00028	0.00028	0.00028	0.17666	0.40229	0.12272	0.35186	0.00028	0.00028	0.42055	0.1235	0.10606	0.00028	0.00028	0.00028	0.00028	0.00028	0.46308	0.03066	0.32213	0.15371	0.15371	0.3257	0.0	0.21976	0.28028	0.39998	0.27185	0.45617	0.04713	0.24202	0.31591	0.09715	0.0	0.25195	0.28862	0.0	0.34516	0.0	0.52377	0.4482	0.05459	0.03698	0.17666	0.00028	0.00028	0.00028	0.00028	0.00028	0.00028	0.35186	0.68068	0.00028	0.00028	0.00028	0.1754	0.00028	0.00028	0.00028	0.00028	0.00028	0.46691	0.31241	0.18905	0.00028	0.03698	0.32552	0.08226	0.18118	0.07426	0.2599	0.5577	0.46078	0.23758	0.15327	
0.1958	0.07705	0.07765	0.16547	0.33316	0.16822	0.06839	0.10482	0.38795	0.04792	9e-05	0.0855	0.12691	0.30341	9e-05	9e-05	9e-05	0.03803	0.07805	0.03768	0.50404	9e-05	9e-05	0.28926	0.24551	0.14662	9e-05	9e-05	9e-05	9e-05	9e-05	0.23681	0.07432	0.21603	0.25543	0.25543	0.26457	0.0	0.1354	0.35731	0.3046	0.3334	0.32827	0.10989	0.26243	0.48593	0.11483	0.0	0.16614	0.38084	0.34516	0.0	0.0	0.52847	0.26301	0.01406	0.00273	0.03803	9e-05	9e-05	9e-05	9e-05	9e-05	9e-05	0.50404	0.34624	9e-05	9e-05	9e-05	0.07331	9e-05	9e-05	9e-05	9e-05	9e-05	0.19359	0.36711	0.188	9e-05	0.00273	0.23862	0.09614	0.07147	0.09931	0.30254	0.16452	0.41887	0.05607	0.19298	
0.0	0.0	0.0	0.0	0.0	0.0	0.0	0.0	0.0	0.0	0.0	0.0	0.0	0.0	0.0	0.0	0.0	0.0	0.0	0.0	0.0	0.0	0.0	0.0	0.0	0.0	0.0	0.0	0.0	0.0	0.0	0.0	0.0	0.0	0.0	0.0	0.0	0.0	0.0	0.0	0.0	0.0	0.0	0.0	0.0	0.0	0.0	0.0	0.0	0.0	0.0	0.0	0.0	0.0	0.0	0.0	0.0	0.0	0.0	0.0	0.0	0.0	0.0	0.0	0.0	0.0	0.0	0.0	0.0	0.0	0.0	0.0	0.0	0.0	0.0	0.0	0.0	0.0	0.0	0.0	0.0	0.0	0.0	0.0	0.0	0.0	0.0	0.0	0.0	
0.55412	0.18889	0.10821	0.1942	0.40233	0.09411	0.14836	0.05658	1.41199	0.08143	0.00012	0.12053	0.19493	0.34729	0.00012	0.00012	0.00012	0.18829	0.11462	0.20287	1.00841	0.00012	0.00012	0.49053	0.10415	0.25315	0.00012	0.00012	0.00012	0.00012	0.00012	0.66498	0.00584	0.32089	0.04589	0.04589	0.2202	0.0	0.15485	0.15423	0.74007	0.33399	0.28589	0.0329	0.23445	0.30928	0.09446	0.0	0.18045	0.1846	0.52377	0.52847	0.0	0.0	0.04101	0.00012	0.00012	0.18829	0.00012	0.00012	0.00012	0.00012	0.00012	0.00012	1.00841	0.63969	0.00012	0.00012	0.00012	0.41228	0.00012	0.00012	0.00012	0.00012	0.00012	0.28381	0.51315	0.21471	0.00012	0.00012	0.60735	0.06732	0.11325	0.12183	0.30785	0.32196	0.58096	0.13862	0.32796	
0.15982	0.14236	0.33438	0.12129	0.1558	0.07801	0.15066	1.03286	0.27435	0.08878	0.00029	0.23533	0.1412	0.11	0.00029	0.00029	0.00029	0.22461	1.15508	0.24198	0.04587	0.00029	0.00029	0.12031	0.17549	0.02355	0.00029	0.00029	0.00029	0.00029	0.00029	1.00464	0.0	0.24802	1.01035	1.01035	0.82304	0.0	0.36952	0.44692	0.22622	0.10572	0.3838	0.02653	0.1806	0.21812	0.22859	0.0	0.1267	0.33667	0.4482	0.26301	0.0	0.04101	0.0	0.00029	0.00029	0.22461	0.00029	0.00029	0.00029	0.00029	0.00029	0.00029	0.04587	0.54854	0.00029	0.00029	0.00029	0.49162	0.00029	0.00029	0.00029	0.00029	0.00029	0.49038	0.05592	0.07293	0.00029	0.00029	0.07085	0.06221	0.09549	0.23635	0.25105	0.253	0.4898	0.10613	0.06906	
0.16081	0.02502	0.06007	0.01877	0.02283	0.03849	0.24642	0.03307	0.41228	0.28974	0.0	0.04219	0.02334	0.01736	0.0	0.0	0.0	0.0	0.15529	0.0	0.00871	0.0	0.0	0.04794	0.01397	0.00583	0.0	0.0	0.0	0.0	0.0	0.60689	0.0	0.01565	0.01056	0.01056	0.15357	0.0	0.11183	0.02897	0.21608	0.048	0.05162	0.00533	0.03017	0.0163	0.0148	0.0	0.00598	0.016	0.05459	0.01406	0.0	0.00012	0.00029	0.0	0.0	0.0	0.0	0.0	0.0	0.0	0.0	0.0	0.00871	0.07373	0.0	0.0	0.0	0.0	0.0	0.0	0.0	0.0	0.0	0.06592	0.00969	0.01149	0.0	0.0	0.0234	0.06745	0.05479	0.01951	0.02804	0.12516	0.01499	0.0184	0.00402	
0.01327	0.00379	0.00787	0.00287	0.00434	0.0211	0.26182	0.00407	0.02838	0.35407	0.0	0.00591	0.00392	0.0027	0.0	0.0	0.0	0.0	0.01739	0.00267	0.00148	0.0	0.0	0.04966	0.00268	0.00109	0.0	0.0	0.0	0.0	0.0	0.03419	0.0	0.00015	0.0028	0.0028	0.16197	0.0	0.11366	0.00543	0.01876	0.00715	0.0074	0.00093	0.02795	0.00326	0.00345	0.0	0.00694	0.01595	0.03698	0.00273	0.0	0.00012	0.00029	0.0	0.0	0.0	0.0	0.0	0.0	0.0	0.0	0.0	0.00148	0.00993	0.0	0.0	0.0	0.06507	0.0	0.0	0.0	0.0	0.0	0.00907	0.00196	0.00184	0.0	0.0	7e-05	0.00025	0.00349	0.00399	0.00506	0.11646	0.02289	0.00286	0.0049	
0.10714	0.06127	0.10284	0.05088	0.05197	0.14673	0.49908	0.0318	0.17979	0.56803	0.00145	0.08481	0.05562	0.04867	0.00145	0.00145	0.00145	1.00238	0.15425	0.01775	0.02516	0.00145	0.00145	0.20273	0.03787	0.01413	0.00145	0.00145	0.00145	0.00145	0.00145	0.20057	0.00787	0.13642	0.02026	0.02026	0.38107	0.0	0.30159	0.06133	0.1329	0.08282	0.08446	0.0155	0.15138	0.0395	0.03501	0.0	0.07443	0.11463	0.17666	0.03803	0.0	0.18829	0.22461	0.0	0.0	0.0	0.00145	0.00145	0.00145	0.00145	0.00145	0.00145	0.02516	0.10602	0.00145	0.00145	0.00145	0.29402	0.00145	0.00145	0.00145	0.00145	0.00145	0.09903	0.02831	0.03607	0.00145	0.0	0.10274	0.17656	0.04083	0.04281	0.05828	0.3031	0.1612	0.04956	0.05161	
7e-05	0.00035	0.00064	0.00024	6e-05	0.0003	0.00075	0.00015	0.00043	0.00084	0.0	0.00051	0.00014	0.00024	0.0	0.0	0.0	0.00145	0.00064	0.00018	0.00021	0.0	0.0	0.00027	5e-05	0.00023	0.0	0.0	0.0	0.0	0.0	0.00058	0.0	0.00015	0.00015	0.00015	0.00057	0.0	0.00046	9e-05	0.0003	0.00023	0.00033	0.00014	0.00022	7e-05	9e-05	0.0	0.00012	0.00013	0.00028	9e-05	0.0	0.00012	0.00029	0.0	0.0	0.00145	0.0	0.0	0.0	0.0	0.0	0.0	0.00021	0.00039	0.0	0.0	0.0	0.00078	0.0	0.0	0.0	0.0	0.0	0.00037	8e-05	0.00019	0.0	0.0	7e-05	0.00025	3e-05	4e-05	0.00011	0.00052	0.0004	0.00031	5e-05	
7e-05	0.00035	0.00064	0.00024	6e-05	0.0003	0.00075	0.00015	0.00043	0.00084	0.0	0.00051	0.00014	0.00024	0.0	0.0	0.0	0.00145	0.00064	0.00018	0.00021	0.0	0.0	0.00027	5e-05	0.00023	0.0	0.0	0.0	0.0	0.0	0.00058	0.0	0.00015	0.00015	0.00015	0.00057	0.0	0.00046	9e-05	0.0003	0.00023	0.00033	0.00014	0.00022	7e-05	9e-05	0.0	0.00012	0.00013	0.00028	9e-05	0.0	0.00012	0.00029	0.0	0.0	0.00145	0.0	0.0	0.0	0.0	0.0	0.0	0.00021	0.00039	0.0	0.0	0.0	0.00078	0.0	0.0	0.0	0.0	0.0	0.00037	8e-05	0.00019	0.0	0.0	7e-05	0.00025	3e-05	4e-05	0.00011	0.00052	0.0004	0.00031	5e-05	
7e-05	0.00035	0.00064	0.00024	6e-05	0.0003	0.00075	0.00015	0.00043	0.00084	0.0	0.00051	0.00014	0.00024	0.0	0.0	0.0	0.00145	0.00064	0.00018	0.00021	0.0	0.0	0.00027	5e-05	0.00023	0.0	0.0	0.0	0.0	0.0	0.00058	0.0	0.00015	0.00015	0.00015	0.00057	0.0	0.00046	9e-05	0.0003	0.00023	0.00033	0.00014	0.00022	7e-05	9e-05	0.0	0.00012	0.00013	0.00028	9e-05	0.0	0.00012	0.00029	0.0	0.0	0.00145	0.0	0.0	0.0	0.0	0.0	0.0	0.00021	0.00039	0.0	0.0	0.0	0.00078	0.0	0.0	0.0	0.0	0.0	0.00037	8e-05	0.00019	0.0	0.0	7e-05	0.00025	3e-05	4e-05	0.00011	0.00052	0.0004	0.00031	5e-05	
7e-05	0.00035	0.00064	0.00024	6e-05	0.0003	0.00075	0.00015	0.00043	0.00084	0.0	0.00051	0.00014	0.00024	0.0	0.0	0.0	0.00145	0.00064	0.00018	0.00021	0.0	0.0	0.00027	5e-05	0.00023	0.0	0.0	0.0	0.0	0.0	0.00058	0.0	0.00015	0.00015	0.00015	0.00057	0.0	0.00046	9e-05	0.0003	0.00023	0.00033	0.00014	0.00022	7e-05	9e-05	0.0	0.00012	0.00013	0.00028	9e-05	0.0	0.00012	0.00029	0.0	0.0	0.00145	0.0	0.0	0.0	0.0	0.0	0.0	0.00021	0.00039	0.0	0.0	0.0	0.00078	0.0	0.0	0.0	0.0	0.0	0.00037	8e-05	0.00019	0.0	0.0	7e-05	0.00025	3e-05	4e-05	0.00011	0.00052	0.0004	0.00031	5e-05	
7e-05	0.00035	0.00064	0.00024	6e-05	0.0003	0.00075	0.00015	0.00043	0.00084	0.0	0.00051	0.00014	0.00024	0.0	0.0	0.0	0.00145	0.00064	0.00018	0.00021	0.0	0.0	0.00027	5e-05	0.00023	0.0	0.0	0.0	0.0	0.0	0.00058	0.0	0.00015	0.00015	0.00015	0.00057	0.0	0.00046	9e-05	0.0003	0.00023	0.00033	0.00014	0.00022	7e-05	9e-05	0.0	0.00012	0.00013	0.00028	9e-05	0.0	0.00012	0.00029	0.0	0.0	0.00145	0.0	0.0	0.0	0.0	0.0	0.0	0.00021	0.00039	0.0	0.0	0.0	0.00078	0.0	0.0	0.0	0.0	0.0	0.00037	8e-05	0.00019	0.0	0.0	7e-05	0.00025	3e-05	4e-05	0.00011	0.00052	0.0004	0.00031	5e-05	
7e-05	0.00035	0.00064	0.00024	6e-05	0.0003	0.00075	0.00015	0.00043	0.00084	0.0	0.00051	0.00014	0.00024	0.0	0.0	0.0	0.00145	0.00064	0.00018	0.00021	0.0	0.0	0.00027	5e-05	0.00023	0.0	0.0	0.0	0.0	0.0	0.00058	0.0	0.00015	0.00015	0.00015	0.00057	0.0	0.00046	9e-05	0.0003	0.00023	0.00033	0.00014	0.00022	7e-05	9e-05	0.0	0.00012	0.00013	0.00028	9e-05	0.0	0.00012	0.00029	0.0	0.0	0.00145	0.0	0.0	0.0	0.0	0.0	0.0	0.00021	0.00039	0.0	0.0	0.0	0.00078	0.0	0.0	0.0	0.0	0.0	0.00037	8e-05	0.00019	0.0	0.0	7e-05	0.00025	3e-05	4e-05	0.00011	0.00052	0.0004	0.00031	5e-05	
