0.0	0.13768	0.26592	0.2664	0.16459	2e-05	2e-05	0.40217	0.16459	2e-05	2e-05	2e-05	2e-05	2e-05	0.20842	2e-05	0.26592	2e-05	2e-05	0.07516	0.03643	2e-05	2e-05	2e-05	0.28644	0.41843	2e-05	0.04555	0.26592	2e-05	0.34342	0.0	0.0	0.0	0.32596	0.18349	0.16401	0.34608	0.07669	0.25801	0.36968	2e-05	0.33588	2e-05	0.33588	2e-05	2e-05	2e-05	2e-05	2e-05	2e-05	2e-05	2e-05	2e-05	2e-05	2e-05	2e-05	2e-05	2e-05	2e-05	2e-05	2e-05	2e-05	0.26592	2e-05	0.19904	2e-05	2e-05	0.29043	0.28657	0.54085	0.26592	
0.13768	0.0	0.14107	0.15971	0.34326	0.00011	0.00011	0.12179	0.34326	0.00011	0.00011	0.00011	0.00011	0.00011	0.36921	0.00011	0.14107	0.00011	0.00011	0.0129	0.05363	0.00011	0.00011	0.00011	0.29486	0.07431	0.00011	0.17377	0.14107	0.00011	0.16605	0.0	0.0	0.0	0.53256	0.23362	0.08023	0.29478	0.31858	0.29798	0.47656	0.00011	0.05442	0.00011	0.05442	0.00011	0.00011	0.00011	0.00011	0.00011	0.00011	0.00011	0.00011	0.00011	0.00011	0.00011	0.00011	0.00011	0.00011	0.00011	0.00011	0.00011	0.00011	0.14107	0.00011	0.33861	0.00011	0.00011	0.04503	0.16096	0.11684	0.14107	
0.26592	0.14107	0.0	0.15342	0.2511	0.00016	0.00016	0.77411	0.2511	0.00016	0.00016	0.00016	0.00016	0.00016	0.18718	0.00016	0.99972	0.00016	0.00016	0.0802	0.04128	0.00016	0.00016	0.00016	0.53548	0.05646	0.00016	0.05064	0.99972	0.00016	0.089	0.0	0.0	0.0	0.1652	0.30931	0.16172	0.13019	0.07799	0.2376	0.24397	0.00016	0.1979	0.00016	0.1979	0.00016	0.00016	0.00016	0.00016	0.00016	0.00016	0.00016	0.00016	0.00016	0.00016	0.00016	0.00016	0.00016	0.00016	0.00016	0.00016	0.00016	0.00016	0.99972	0.00016	0.16629	0.00016	0.00016	0.1584	0.16494	0.00483	0.99972	
0.2664	0.15971	0.15342	0.0	0.16792	2e-05	2e-05	0.17627	0.16792	2e-05	2e-05	2e-05	2e-05	2e-05	0.19948	2e-05	0.15342	2e-05	2e-05	0.16853	0.3291	2e-05	2e-05	2e-05	0.3081	0.05123	2e-05	0.38384	0.15342	2e-05	0.31945	0.0	0.0	0.0	0.1964	0.19221	0.15727	0.19045	0.32225	0.39538	0.22891	2e-05	0.33271	2e-05	0.33271	2e-05	2e-05	2e-05	2e-05	2e-05	2e-05	2e-05	2e-05	2e-05	2e-05	2e-05	2e-05	2e-05	2e-05	2e-05	2e-05	2e-05	2e-05	0.15342	2e-05	0.31743	2e-05	2e-05	0.03023	0.70068	0.0818	0.15342	
0.16459	0.34326	0.2511	0.16792	0.0	0.00011	0.00011	0.21495	0.9997	0.00011	0.00011	0.00011	0.00011	0.00011	0.66376	0.00011	0.2511	0.00011	0.00011	9e-05	0.08607	0.00011	0.00011	0.00011	1.1323	0.1136	0.00011	0.10064	0.2511	0.00011	0.19782	0.0	0.0	0.0	0.56465	0.35741	0.41622	0.32687	0.16845	0.09353	0.54694	0.00011	0.08741	0.00011	0.08741	0.00011	0.00011	0.00011	0.00011	0.00011	0.00011	0.00011	0.00011	0.00011	0.00011	0.00011	0.00011	0.00011	0.00011	0.00011	0.00011	0.00011	0.00011	0.2511	0.00011	0.5694	0.00011	0.00011	0.07159	0.13358	0.00798	0.2511	
2e-05	0.00011	0.00016	2e-05	0.00011	0.0	0.0	8e-05	0.00011	0.0	0.0	0.0	0.0	0.0	5e-05	0.0	0.00016	0.0	0.0	0.00016	0.00024	0.0	0.0	0.0	0.00017	0.00019	0.0	0.00021	0.00016	0.0	7e-05	0.0	0.0	0.0	2e-05	0.0001	0.00015	7e-05	7e-05	6e-05	3e-05	0.0	0.00024	0.0	0.00024	0.0	0.0	0.0	0.0	0.0	0.0	0.0	0.0	0.0	0.0	0.0	0.0	0.0	0.0	0.0	0.0	0.0	0.0	0.00016	0.0	1e-05	0.0	0.0	0.00028	7e-05	0.00013	0.00016	
2e-05	0.00011	0.00016	2e-05	0.00011	0.0	0.0	8e-05	0.00011	0.0	0.0	0.0	0.0	0.0	5e-05	0.0	0.00016	0.0	0.0	0.00016	0.00024	0.0	0.0	0.0	0.00017	0.00019	0.0	0.00021	0.00016	0.0	7e-05	0.0	0.0	0.0	2e-05	0.0001	0.00015	7e-05	7e-05	6e-05	3e-05	0.0	0.00024	0.0	0.00024	0.0	0.0	0.0	0.0	0.0	0.0	0.0	0.0	0.0	0.0	0.0	0.0	0.0	0.0	0.0	0.0	0.0	0.0	0.00016	0.0	1e-05	0.0	0.0	0.00028	7e-05	0.00013	0.00016	
0.40217	0.12179	0.77411	0.17627	0.21495	8e-05	8e-05	0.0	0.21495	8e-05	8e-05	8e-05	8e-05	8e-05	0.16632	8e-05	0.77411	8e-05	8e-05	0.0687	0.03456	8e-05	8e-05	8e-05	0.53538	0.04784	8e-05	0.04273	0.77411	8e-05	0.07833	0.0	0.0	0.0	0.14873	0.26999	0.13955	0.11542	0.06833	0.20698	0.21634	8e-05	0.23063	8e-05	0.23063	8e-05	8e-05	8e-05	8e-05	8e-05	8e-05	8e-05	8e-05	8e-05	8e-05	8e-05	8e-05	8e-05	8e-05	8e-05	8e-05	8e-05	8e-05	0.77411	8e-05	0.14961	8e-05	8e-05	0.38398	0.19176	0.15702	0.77411	
0.16459	0.34326	0.2511	0.16792	0.9997	0.00011	0.00011	0.21495	0.0	0.00011	0.00011	0.00011	0.00011	0.00011	0.66376	0.00011	0.2511	0.00011	0.00011	9e-05	0.08607	0.00011	0.00011	0.00011	1.1323	0.1136	0.00011	0.10064	0.2511	0.00011	0.19782	0.0	0.0	0.0	0.56465	0.35741	0.41622	0.32687	0.16845	0.09353	0.54694	0.00011	0.08741	0.00011	0.08741	0.00011	0.00011	0.00011	0.00011	0.00011	0.00011	0.00011	0.00011	0.00011	0.00011	0.00011	0.00011	0.00011	0.00011	0.00011	0.00011	0.00011	0.00011	0.2511	0.00011	0.5694	0.00011	0.00011	0.07159	0.13358	0.00798	0.2511	
2e-05	0.00011	0.00016	2e-05	0.00011	0.0	0.0	8e-05	0.00011	0.0	0.0	0.0	0.0	0.0	5e-05	0.0	0.00016	0.0	0.0	0.00016	0.00024	0.0	0.0	0.0	0.00017	0.00019	0.0	0.00021	0.00016	0.0	7e-05	0.0	0.0	0.0	2e-05	0.0001	0.00015	7e-05	7e-05	6e-05	3e-05	0.0	0.00024	0.0	0.00024	0.0	0.0	0.0	0.0	0.0	0.0	0.0	0.0	0.0	0.0	0.0	0.0	0.0	0.0	0.0	0.0	0.0	0.0	0.00016	0.0	1e-05	0.0	0.0	0.00028	7e-05	0.00013	0.00016	
2e-05	0.00011	0.00016	2e-05	0.00011	0.0	0.0	8e-05	0.00011	0.0	0.0	0.0	0.0	0.0	5e-05	0.0	0.00016	0.0	0.0	0.00016	0.00024	0.0	0.0	0.0	0.00017	0.00019	0.0	0.00021	0.00016	0.0	7e-05	0.0	0.0	0.0	2e-05	0.0001	0.00015	7e-05	7e-05	6e-05	3e-05	0.0	0.00024	0.0	0.00024	0.0	0.0	0.0	0.0	0.0	0.0	0.0	0.0	0.0	0.0	0.0	0.0	0.0	0.0	0.0	0.0	0.0	0.0	0.00016	0.0	1e-05	0.0	0.0	0.00028	7e-05	0.00013	0.00016	
2e-05	0.00011	0.00016	2e-05	0.00011	0.0	0.0	8e-05	0.00011	0.0	0.0	0.0	0.0	0.0	5e-05	0.0	0.00016	0.0	0.0	0.00016	0.00024	0.0	0.0	0.0	0.00017	0.00019	0.0	0.00021	0.00016	0.0	7e-05	0.0	0.0	0.0	2e-05	0.0001	0.00015	7e-05	7e-05	6e-05	3e-05	0.0	0.00024	0.0	0.00024	0.0	0.0	0.0	0.0	0.0	0.0	0.0	0.0	0.0	0.0	0.0	0.0	0.0	0.0	0.0	0.0	0.0	0.0	0.00016	0.0	1e-05	0.0	0.0	0.00028	7e-05	0.00013	0.00016	
2e-05	0.00011	0.00016	2e-05	0.00011	0.0	0.0	8e-05	0.00011	0.0	0.0	0.0	0.0	0.0	5e-05	0.0	0.00016	0.0	0.0	0.00016	0.00024	0.0	0.0	0.0	0.00017	0.00019	0.0	0.00021	0.00016	0.0	7e-05	0.0	0.0	0.0	2e-05	0.0001	0.00015	7e-05	7e-05	6e-05	3e-05	0.0	0.00024	0.0	0.00024	0.0	0.0	0.0	0.0	0.0	0.0	0.0	0.0	0.0	0.0	0.0	0.0	0.0	0.0	0.0	0.0	0.0	0.0	0.00016	0.0	1e-05	0.0	0.0	0.00028	7e-05	0.00013	0.00016	
2e-05	0.00011	0.00016	2e-05	0.00011	0.0	0.0	8e-05	0.00011	0.0	0.0	0.0	0.0	0.0	5e-05	0.0	0.00016	0.0	0.0	0.00016	0.00024	0.0	0.0	0.0	0.00017	0.00019	0.0	0.00021	0.00016	0.0	7e-05	0.0	0.0	0.0	2e-05	0.0001	0.00015	7e-05	7e-05	6e-05	3e-05	0.0	0.00024	0.0	0.00024	0.0	0.0	0.0	0.0	0.0	0.0	0.0	0.0	0.0	0.0	0.0	0.0	0.0	0.0	0.0	0.0	0.0	0.0	0.00016	0.0	1e-05	0.0	0.0	0.00028	7e-05	0.00013	0.00016	
0.20842	0.36921	0.18718	0.19948	0.66376	5e-05	5e-05	0.16632	0.66376	5e-05	5e-05	5e-05	5e-05	5e-05	0.0	5e-05	0.18718	5e-05	5e-05	0.07776	0.06281	5e-05	5e-05	5e-05	0.62693	0.18348	5e-05	0.15824	0.18718	5e-05	0.48075	0.0	0.0	0.0	0.62516	0.37676	0.42803	0.41634	0.26864	0.28064	0.54273	5e-05	0.06383	5e-05	0.06383	5e-05	5e-05	5e-05	5e-05	5e-05	5e-05	5e-05	5e-05	5e-05	5e-05	5e-05	5e-05	5e-05	5e-05	5e-05	5e-05	5e-05	5e-05	0.18718	5e-05	0.61783	5e-05	5e-05	0.05183	0.17571	0.08409	0.18718	
2e-05	0.00011	0.00016	2e-05	0.00011	0.0	0.0	8e-05	0.00011	0.0	0.0	0.0	0.0	0.0	5e-05	0.0	0.00016	0.0	0.0	0.00016	0.00024	0.0	0.0	0.0	0.00017	0.00019	0.0	0.00021	0.00016	0.0	7e-05	0.0	0.0	0.0	2e-05	0.0001	0.00015	7e-05	7e-05	6e-05	3e-05	0.0	0.00024	0.0	0.00024	0.0	0.0	0.0	0.0	0.0	0.0	0.0	0.0	0.0	0.0	0.0	0.0	0.0	0.0	0.0	0.0	0.0	0.0	0.00016	0.0	1e-05	0.0	0.0	0.00028	7e-05	0.00013	0.00016	
0.26592	0.14107	0.99972	0.15342	0.2511	0.00016	0.00016	0.77411	0.2511	0.00016	0.00016	0.00016	0.00016	0.00016	0.18718	0.00016	0.0	0.00016	0.00016	0.0802	0.04128	0.00016	0.00016	0.00016	0.53548	0.05646	0.00016	0.05064	0.99972	0.00016	0.089	0.0	0.0	0.0	0.1652	0.30931	0.16172	0.13019	0.07799	0.2376	0.24397	0.00016	0.1979	0.00016	0.1979	0.00016	0.00016	0.00016	0.00016	0.00016	0.00016	0.00016	0.00016	0.00016	0.00016	0.00016	0.00016	0.00016	0.00016	0.00016	0.00016	0.00016	0.00016	0.99972	0.00016	0.16629	0.00016	0.00016	0.1584	0.16494	0.00483	0.99972	
2e-05	0.00011	0.00016	2e-05	0.00011	0.0	0.0	8e-05	0.00011	0.0	0.0	0.0	0.0	0.0	5e-05	0.0	0.00016	0.0	0.0	0.00016	0.00024	0.0	0.0	0.0	0.00017	0.00019	0.0	0.00021	0.00016	0.0	7e-05	0.0	0.0	0.0	2e-05	0.0001	0.00015	7e-05	7e-05	6e-05	3e-05	0.0	0.00024	0.0	0.00024	0.0	0.0	0.0	0.0	0.0	0.0	0.0	0.0	0.0	0.0	0.0	0.0	0.0	0.0	0.0	0.0	0.0	0.0	0.00016	0.0	1e-05	0.0	0.0	0.00028	7e-05	0.00013	0.00016	
2e-05	0.00011	0.00016	2e-05	0.00011	0.0	0.0	8e-05	0.00011	0.0	0.0	0.0	0.0	0.0	5e-05	0.0	0.00016	0.0	0.0	0.00016	0.00024	0.0	0.0	0.0	0.00017	0.00019	0.0	0.00021	0.00016	0.0	7e-05	0.0	0.0	0.0	2e-05	0.0001	0.00015	7e-05	7e-05	6e-05	3e-05	0.0	0.00024	0.0	0.00024	0.0	0.0	0.0	0.0	0.0	0.0	0.0	0.0	0.0	0.0	0.0	0.0	0.0	0.0	0.0	0.0	0.0	0.0	0.00016	0.0	1e-05	0.0	0.0	0.00028	7e-05	0.00013	0.00016	
0.07516	0.0129	0.0802	0.16853	9e-05	0.00016	0.00016	0.0687	9e-05	0.00016	0.00016	0.00016	0.00016	0.00016	0.07776	0.00016	0.0802	0.00016	0.00016	0.0	0.27288	0.00016	0.00016	0.00016	0.04777	0.04485	0.00016	0.04039	0.0802	0.00016	0.06845	0.0	0.0	0.0	0.06087	0.25278	0.12218	0.09797	0.06039	0.13498	0.09326	0.00016	0.03363	0.00016	0.03363	0.00016	0.00016	0.00016	0.00016	0.00016	0.00016	0.00016	0.00016	0.00016	0.00016	0.00016	0.00016	0.00016	0.00016	0.00016	0.00016	0.00016	0.00016	0.0802	0.00016	0.05467	0.00016	0.00016	0.02818	0.05896	0.06773	0.0802	
0.03643	0.05363	0.04128	0.3291	0.08607	0.00024	0.00024	0.03456	0.08607	0.00024	0.00024	0.00024	0.00024	0.00024	0.06281	0.00024	0.04128	0.00024	0.00024	0.27288	0.0	0.00024	0.00024	0.00024	0.274	0.02458	0.00024	0.0224	0.04128	0.00024	0.03429	0.0	0.0	0.0	0.05502	0.09331	0.06017	0.04709	0.03072	0.1091	0.07234	0.00024	0.01904	0.00024	0.01904	0.00024	0.00024	0.00024	0.00024	0.00024	0.00024	0.00024	0.00024	0.00024	0.00024	0.00024	0.00024	0.00024	0.00024	0.00024	0.00024	0.00024	0.00024	0.04128	0.00024	0.0554	0.00024	0.00024	0.01628	0.03008	0.03548	0.04128	
2e-05	0.00011	0.00016	2e-05	0.00011	0.0	0.0	8e-05	0.00011	0.0	0.0	0.0	0.0	0.0	5e-05	0.0	0.00016	0.0	0.0	0.00016	0.00024	0.0	0.0	0.0	0.00017	0.00019	0.0	0.00021	0.00016	0.0	7e-05	0.0	0.0	0.0	2e-05	0.0001	0.00015	7e-05	7e-05	6e-05	3e-05	0.0	0.00024	0.0	0.00024	0.0	0.0	0.0	0.0	0.0	0.0	0.0	0.0	0.0	0.0	0.0	0.0	0.0	0.0	0.0	0.0	0.0	0.0	0.00016	0.0	1e-05	0.0	0.0	0.00028	7e-05	0.00013	0.00016	
2e-05	0.00011	0.00016	2e-05	0.00011	0.0	0.0	8e-05	0.00011	0.0	0.0	0.0	0.0	0.0	5e-05	0.0	0.00016	0.0	0.0	0.00016	0.00024	0.0	0.0	0.0	0.00017	0.00019	0.0	0.00021	0.00016	0.0	7e-05	0.0	0.0	0.0	2e-05	0.0001	0.00015	7e-05	7e-05	6e-05	3e-05	0.0	0.00024	0.0	0.00024	0.0	0.0	0.0	0.0	0.0	0.0	0.0	0.0	0.0	0.0	0.0	0.0	0.0	0.0	0.0	0.0	0.0	0.0	0.00016	0.0	1e-05	0.0	0.0	0.00028	7e-05	0.00013	0.00016	
2e-05	0.00011	0.00016	2e-05	0.00011	0.0	0.0	8e-05	0.00011	0.0	0.0	0.0	0.0	0.0	5e-05	0.0	0.00016	0.0	0.0	0.00016	0.00024	0.0	0.0	0.0	0.00017	0.00019	0.0	0.00021	0.00016	0.0	7e-05	0.0	0.0	0.0	2e-05	0.0001	0.00015	7e-05	7e-05	6e-05	3e-05	0.0	0.00024	0.0	0.00024	0.0	0.0	0.0	0.0	0.0	0.0	0.0	0.0	0.0	0.0	0.0	0.0	0.0	0.0	0.0	0.0	0.0	0.0	0.00016	0.0	1e-05	0.0	0.0	0.00028	7e-05	0.00013	0.00016	
0.28644	0.29486	0.53548	0.3081	1.1323	0.00017	0.00017	0.53538	1.1323	0.00017	0.00017	0.00017	0.00017	0.00017	0.62693	0.00017	0.53548	0.00017	0.00017	0.04777	0.274	0.00017	0.00017	0.00017	0.0	0.09121	0.00017	0.081	0.53548	0.00017	0.15397	0.0	0.0	0.0	0.50841	0.32389	0.36574	0.26633	0.13039	0.30979	0.60762	0.00017	0.18494	0.00017	0.18494	0.00017	0.00017	0.00017	0.00017	0.00017	0.00017	0.00017	0.00017	0.00017	0.00017	0.00017	0.00017	0.00017	0.00017	0.00017	0.00017	0.00017	0.00017	0.53548	0.00017	0.51383	0.00017	0.00017	0.14775	0.18598	0.08235	0.53548	
0.41843	0.07431	0.05646	0.05123	0.1136	0.00019	0.00019	0.04784	0.1136	0.00019	0.00019	0.00019	0.00019	0.00019	0.18348	0.00019	0.05646	0.00019	0.00019	0.04485	0.02458	0.00019	0.00019	0.00019	0.09121	0.0	0.00019	0.0296	0.05646	0.00019	0.53441	0.0	0.0	0.0	0.34492	0.09227	0.17109	0.45259	0.04232	0.10829	0.35877	0.00019	0.0249	0.00019	0.0249	0.00019	0.00019	0.00019	0.00019	0.00019	0.00019	0.00019	0.00019	0.00019	0.00019	0.00019	0.00019	0.00019	0.00019	0.00019	0.00019	0.00019	0.00019	0.05646	0.00019	0.17381	0.00019	0.00019	0.02108	0.04139	0.38164	0.05646	
2e-05	0.00011	0.00016	2e-05	0.00011	0.0	0.0	8e-05	0.00011	0.0	0.0	0.0	0.0	0.0	5e-05	0.0	0.00016	0.0	0.0	0.00016	0.00024	0.0	0.0	0.0	0.00017	0.00019	0.0	0.00021	0.00016	0.0	7e-05	0.0	0.0	0.0	2e-05	0.0001	0.00015	7e-05	7e-05	6e-05	3e-05	0.0	0.00024	0.0	0.00024	0.0	0.0	0.0	0.0	0.0	0.0	0.0	0.0	0.0	0.0	0.0	0.0	0.0	0.0	0.0	0.0	0.0	0.0	0.00016	0.0	1e-05	0.0	0.0	0.00028	7e-05	0.00013	0.00016	
0.04555	0.17377	0.05064	0.38384	0.10064	0.00021	0.00021	0.04273	0.10064	0.00021	0.00021	0.00021	0.00021	0.00021	0.15824	0.00021	0.05064	0.00021	0.00021	0.04039	0.0224	0.00021	0.00021	0.00021	0.081	0.0296	0.00021	0.0	0.05064	0.00021	0.49489	0.0	0.0	0.0	0.15874	0.08142	0.15021	0.20069	0.53775	0.4222	0.15829	0.00021	0.02269	0.00021	0.02269	0.00021	0.00021	0.00021	0.00021	0.00021	0.00021	0.00021	0.00021	0.00021	0.00021	0.00021	0.00021	0.00021	0.00021	0.00021	0.00021	0.00021	0.00021	0.05064	0.00021	0.32209	0.00021	0.00021	0.01927	0.54763	0.04331	0.05064	
0.26592	0.14107	0.99972	0.15342	0.2511	0.00016	0.00016	0.77411	0.2511	0.00016	0.00016	0.00016	0.00016	0.00016	0.18718	0.00016	0.99972	0.00016	0.00016	0.0802	0.04128	0.00016	0.00016	0.00016	0.53548	0.05646	0.00016	0.05064	0.0	0.00016	0.089	0.0	0.0	0.0	0.1652	0.30931	0.16172	0.13019	0.07799	0.2376	0.24397	0.00016	0.1979	0.00016	0.1979	0.00016	0.00016	0.00016	0.00016	0.00016	0.00016	0.00016	0.00016	0.00016	0.00016	0.00016	0.00016	0.00016	0.00016	0.00016	0.00016	0.00016	0.00016	0.99972	0.00016	0.16629	0.00016	0.00016	0.1584	0.16494	0.00483	0.99972	
2e-05	0.00011	0.00016	2e-05	0.00011	0.0	0.0	8e-05	0.00011	0.0	0.0	0.0	0.0	0.0	5e-05	0.0	0.00016	0.0	0.0	0.00016	0.00024	0.0	0.0	0.0	0.00017	0.00019	0.0	0.00021	0.00016	0.0	7e-05	0.0	0.0	0.0	2e-05	0.0001	0.00015	7e-05	7e-05	6e-05	3e-05	0.0	0.00024	0.0	0.00024	0.0	0.0	0.0	0.0	0.0	0.0	0.0	0.0	0.0	0.0	0.0	0.0	0.0	0.0	0.0	0.0	0.0	0.0	0.00016	0.0	1e-05	0.0	0.0	0.00028	7e-05	0.00013	0.00016	
0.34342	0.16605	0.089	0.31945	0.19782	7e-05	7e-05	0.07833	0.19782	7e-05	7e-05	7e-05	7e-05	7e-05	0.48075	7e-05	0.089	7e-05	7e-05	0.06845	0.03429	7e-05	7e-05	7e-05	0.15397	0.53441	7e-05	0.49489	0.089	7e-05	0.0	0.0	0.0	0.0	0.4449	0.16815	0.32422	0.56239	0.37571	0.40712	0.44952	7e-05	0.0348	7e-05	0.0348	7e-05	7e-05	7e-05	7e-05	7e-05	7e-05	7e-05	7e-05	7e-05	7e-05	7e-05	7e-05	7e-05	7e-05	7e-05	7e-05	7e-05	7e-05	0.089	7e-05	0.43757	7e-05	7e-05	0.02874	0.37833	0.26872	0.089	
0.0	0.0	0.0	0.0	0.0	0.0	0.0	0.0	0.0	0.0	0.0	0.0	0.0	0.0	0.0	0.0	0.0	0.0	0.0	0.0	0.0	0.0	0.0	0.0	0.0	0.0	0.0	0.0	0.0	0.0	0.0	0.0	0.0	0.0	0.0	0.0	0.0	0.0	0.0	0.0	0.0	0.0	0.0	0.0	0.0	0.0	0.0	0.0	0.0	0.0	0.0	0.0	0.0	0.0	0.0	0.0	0.0	0.0	0.0	0.0	0.0	0.0	0.0	0.0	0.0	0.0	0.0	0.0	0.0	0.0	0.0	0.0	
0.0	0.0	0.0	0.0	0.0	0.0	0.0	0.0	0.0	0.0	0.0	0.0	0.0	0.0	0.0	0.0	0.0	0.0	0.0	0.0	0.0	0.0	0.0	0.0	0.0	0.0	0.0	0.0	0.0	0.0	0.0	0.0	0.0	0.0	0.0	0.0	0.0	0.0	0.0	0.0	0.0	0.0	0.0	0.0	0.0	0.0	0.0	0.0	0.0	0.0	0.0	0.0	0.0	0.0	0.0	0.0	0.0	0.0	0.0	0.0	0.0	0.0	0.0	0.0	0.0	0.0	0.0	0.0	0.0	0.0	0.0	0.0	
0.0	0.0	0.0	0.0	0.0	0.0	0.0	0.0	0.0	0.0	0.0	0.0	0.0	0.0	0.0	0.0	0.0	0.0	0.0	0.0	0.0	0.0	0.0	0.0	0.0	0.0	0.0	0.0	0.0	0.0	0.0	0.0	0.0	0.0	0.0	0.0	0.0	0.0	0.0	0.0	0.0	0.0	0.0	0.0	0.0	0.0	0.0	0.0	0.0	0.0	0.0	0.0	0.0	0.0	0.0	0.0	0.0	0.0	0.0	0.0	0.0	0.0	0.0	0.0	0.0	0.0	0.0	0.0	0.0	0.0	0.0	0.0	
0.32596	0.53256	0.1652	0.1964	0.56465	2e-05	2e-05	0.14873	0.56465	2e-05	2e-05	2e-05	2e-05	2e-05	0.62516	2e-05	0.1652	2e-05	2e-05	0.06087	0.05502	2e-05	2e-05	2e-05	0.50841	0.34492	2e-05	0.15874	0.1652	2e-05	0.4449	0.0	0.0	0.0	0.0	0.32442	0.35898	0.5474	0.39971	0.42042	0.69111	2e-05	0.05592	2e-05	0.05592	2e-05	2e-05	2e-05	2e-05	2e-05	2e-05	2e-05	2e-05	2e-05	2e-05	2e-05	2e-05	2e-05	2e-05	2e-05	2e-05	2e-05	2e-05	0.1652	2e-05	0.7489	2e-05	2e-05	0.04528	0.17447	0.21937	0.1652	
0.18349	0.23362	0.30931	0.19221	0.35741	0.0001	0.0001	0.26999	0.35741	0.0001	0.0001	0.0001	0.0001	0.0001	0.37676	0.0001	0.30931	0.0001	0.0001	0.25278	0.09331	0.0001	0.0001	0.0001	0.32389	0.09227	0.0001	0.08142	0.30931	0.0001	0.16815	0.0	0.0	0.0	0.32442	0.0	0.34004	0.27959	0.1425	0.16664	0.6303	0.0001	0.09487	0.0001	0.09487	0.0001	0.0001	0.0001	0.0001	0.0001	0.0001	0.0001	0.0001	0.0001	0.0001	0.0001	0.0001	0.0001	0.0001	0.0001	0.0001	0.0001	0.0001	0.30931	0.0001	0.31823	0.0001	0.0001	0.07654	0.13414	0.02453	0.30931	
0.16401	0.08023	0.16172	0.15727	0.41622	0.00015	0.00015	0.13955	0.41622	0.00015	0.00015	0.00015	0.00015	0.00015	0.42803	0.00015	0.16172	0.00015	0.00015	0.12218	0.06017	0.00015	0.00015	0.00015	0.36574	0.17109	0.00015	0.15021	0.16172	0.00015	0.32422	0.0	0.0	0.0	0.35898	0.34004	0.0	0.71827	0.26711	0.09123	0.54413	0.00015	0.06107	0.00015	0.06107	0.00015	0.00015	0.00015	0.00015	0.00015	0.00015	0.00015	0.00015	0.00015	0.00015	0.00015	0.00015	0.00015	0.00015	0.00015	0.00015	0.00015	0.00015	0.16172	0.00015	0.35165	0.00015	0.00015	0.05041	0.14992	0.03072	0.16172	
0.34608	0.29478	0.13019	0.19045	0.32687	7e-05	7e-05	0.11542	0.32687	7e-05	7e-05	7e-05	7e-05	7e-05	0.41634	7e-05	0.13019	7e-05	7e-05	0.09797	0.04709	7e-05	7e-05	7e-05	0.26633	0.45259	7e-05	0.20069	0.13019	7e-05	0.56239	0.0	0.0	0.0	0.5474	0.27959	0.71827	0.0	0.50528	0.28235	0.77761	7e-05	0.04783	7e-05	0.04783	7e-05	7e-05	7e-05	7e-05	7e-05	7e-05	7e-05	7e-05	7e-05	7e-05	7e-05	7e-05	7e-05	7e-05	7e-05	7e-05	7e-05	7e-05	0.13019	7e-05	0.54008	7e-05	7e-05	0.03916	0.19018	0.25331	0.13019	
0.07669	0.31858	0.07799	0.32225	0.16845	7e-05	7e-05	0.06833	0.16845	7e-05	7e-05	7e-05	7e-05	7e-05	0.26864	7e-05	0.07799	7e-05	7e-05	0.06039	0.03072	7e-05	7e-05	7e-05	0.13039	0.04232	7e-05	0.53775	0.07799	7e-05	0.37571	0.0	0.0	0.0	0.39971	0.1425	0.26711	0.50528	0.0	0.44237	0.4053	7e-05	0.03117	7e-05	0.03117	7e-05	7e-05	7e-05	7e-05	7e-05	7e-05	7e-05	7e-05	7e-05	7e-05	7e-05	7e-05	7e-05	7e-05	7e-05	7e-05	7e-05	7e-05	0.07799	7e-05	0.59879	7e-05	7e-05	0.02583	0.39371	0.06537	0.07799	
0.25801	0.29798	0.2376	0.39538	0.09353	6e-05	6e-05	0.20698	0.09353	6e-05	6e-05	6e-05	6e-05	6e-05	0.28064	6e-05	0.2376	6e-05	6e-05	0.13498	0.1091	6e-05	6e-05	6e-05	0.30979	0.10829	6e-05	0.4222	0.2376	6e-05	0.40712	0.0	0.0	0.0	0.42042	0.16664	0.09123	0.28235	0.44237	0.0	0.32417	6e-05	0.07623	6e-05	0.07623	6e-05	6e-05	6e-05	6e-05	6e-05	6e-05	6e-05	6e-05	6e-05	6e-05	6e-05	6e-05	6e-05	6e-05	6e-05	6e-05	6e-05	6e-05	0.2376	6e-05	0.41868	6e-05	6e-05	0.06175	0.39224	0.18628	0.2376	
0.36968	0.47656	0.24397	0.22891	0.54694	3e-05	3e-05	0.21634	0.54694	3e-05	3e-05	3e-05	3e-05	3e-05	0.54273	3e-05	0.24397	3e-05	3e-05	0.09326	0.07234	3e-05	3e-05	3e-05	0.60762	0.35877	3e-05	0.15829	0.24397	3e-05	0.44952	0.0	0.0	0.0	0.69111	0.6303	0.54413	0.77761	0.4053	0.32417	0.0	3e-05	0.07378	3e-05	0.07378	3e-05	3e-05	3e-05	3e-05	3e-05	3e-05	3e-05	3e-05	3e-05	3e-05	3e-05	3e-05	3e-05	3e-05	3e-05	3e-05	3e-05	3e-05	0.24397	3e-05	0.68927	3e-05	3e-05	0.0593	0.18825	0.23396	0.24397	
2e-05	0.00011	0.00016	2e-05	0.00011	0.0	0.0	8e-05	0.00011	0.0	0.0	0.0	0.0	0.0	5e-05	0.0	0.00016	0.0	0.0	0.00016	0.00024	0.0	0.0	0.0	0.00017	0.00019	0.0	0.00021	0.00016	0.0	7e-05	0.0	0.0	0.0	2e-05	0.0001	0.00015	7e-05	7e-05	6e-05	3e-05	0.0	0.00024	0.0	0.00024	0.0	0.0	0.0	0.0	0.0	0.0	0.0	0.0	0.0	0.0	0.0	0.0	0.0	0.0	0.0	0.0	0.0	0.0	0.00016	0.0	1e-05	0.0	0.0	0.00028	7e-05	0.00013	0.00016	
0.33588	0.05442	0.1979	0.33271	0.08741	0.00024	0.00024	0.23063	0.08741	0.00024	0.00024	0.00024	0.00024	0.00024	0.06383	0.00024	0.1979	0.00024	0.00024	0.03363	0.01904	0.00024	0.00024	0.00024	0.18494	0.0249	0.00024	0.02269	0.1979	0.00024	0.0348	0.0	0.0	0.0	0.05592	0.09487	0.06107	0.04783	0.03117	0.07623	0.07378	0.00024	0.0	0.00024	0.99944	0.00024	0.00024	0.00024	0.00024	0.00024	0.00024	0.00024	0.00024	0.00024	0.00024	0.00024	0.00024	0.00024	0.00024	0.00024	0.00024	0.00024	0.00024	0.1979	0.00024	0.05631	0.00024	0.00024	0.01647	0.4747	0.03597	0.1979	
2e-05	0.00011	0.00016	2e-05	0.00011	0.0	0.0	8e-05	0.00011	0.0	0.0	0.0	0.0	0.0	5e-05	0.0	0.00016	0.0	0.0	0.00016	0.00024	0.0	0.0	0.0	0.00017	0.00019	0.0	0.00021	0.00016	0.0	7e-05	0.0	0.0	0.0	2e-05	0.0001	0.00015	7e-05	7e-05	6e-05	3e-05	0.0	0.00024	0.0	0.00024	0.0	0.0	0.0	0.0	0.0	0.0	0.0	0.0	0.0	0.0	0.0	0.0	0.0	0.0	0.0	0.0	0.0	0.0	0.00016	0.0	1e-05	0.0	0.0	0.00028	7e-05	0.00013	0.00016	
0.33588	0.05442	0.1979	0.33271	0.08741	0.00024	0.00024	0.23063	0.08741	0.00024	0.00024	0.00024	0.00024	0.00024	0.06383	0.00024	0.1979	0.00024	0.00024	0.03363	0.01904	0.00024	0.00024	0.00024	0.18494	0.0249	0.00024	0.02269	0.1979	0.00024	0.0348	0.0	0.0	0.0	0.05592	0.09487	0.06107	0.04783	0.03117	0.07623	0.07378	0.00024	0.99944	0.00024	0.0	0.00024	0.00024	0.00024	0.00024	0.00024	0.00024	0.00024	0.00024	0.00024	0.00024	0.00024	0.00024	0.00024	0.00024	0.00024	0.00024	0.00024	0.00024	0.1979	0.00024	0.05631	0.00024	0.00024	0.01647	0.4747	0.03597	0.1979	
2e-05	0.00011	0.00016	2e-05	0.00011	0.0	0.0	8e-05	0.00011	0.0	0.0	0.0	0.0	0.0	5e-05	0.0	0.00016	0.0	0.0	0.00016	0.00024	0.0	0.0	0.0	0.00017	0.00019	0.0	0.00021	0.00016	0.0	7e-05	0.0	0.0	0.0	2e-05	0.0001	0.00015	7e-05	7e-05	6e-05	3e-05	0.0	0.00024	0.0	0.00024	0.0	0.0	0.0	0.0	0.0	0.0	0.0	0.0	0.0	0.0	0.0	0.0	0.0	0.0	0.0	0.0	0.0	0.0	0.00016	0.0	1e-05	0.0	0.0	0.00028	7e-05	0.00013	0.00016	
2e-05	0.00011	0.00016	2e-05	0.00011	0.0	0.0	8e-05	0.00011	0.0	0.0	0.0	0.0	0.0	5e-05	0.0	0.00016	0.0	0.0	0.00016	0.00024	0.0	0.0	0.0	0.00017	0.00019	0.0	0.00021	0.00016	0.0	7e-05	0.0	0.0	0.0	2e-05	0.0001	0.00015	7e-05	7e-05	6e-05	3e-05	0.0	0.00024	0.0	0.00024	0.0	0.0	0.0	0.0	0.0	0.0	0.0	0.0	0.0	0.0	0.0	0.0	0.0	0.0	0.0	0.0	0.0	0.0	0.00016	0.0	1e-05	0.0	0.0	0.00028	7e-05	0.00013	0.00016	
2e-05	0.00011	0.00016	2e-05	0.00011	0.0	0.0	8e-05	0.00011	0.0	0.0	0.0	0.0	0.0	5e-05	0.0	0.00016	0.0	0.0	0.00016	0.00024	0.0	0.0	0.0	0.00017	0.00019	0.0	0.00021	0.00016	0.0	7e-05	0.0	0.0	0.0	2e-05	0.0001	0.00015	7e-05	7e-05	6e-05	3e-05	0.0	0.00024	0.0	0.00024	0.0	0.0	0.0	0.0	0.0	0.0	0.0	0.0	0.0	0.0	0.0	0.0	0.0	0.0	0.0	0.0	0.0	0.0	0.00016	0.0	1e-05	0.0	0.0	0.00028	7e-05	0.00013	0.00016	
2e-05	0.00011	0.00016	2e-05	0.00011	0.0	0.0	8e-05	0.00011	0.0	0.0	0.0	0.0	0.0	5e-05	0.0	0.00016	0.0	0.0	0.00016	0.00024	0.0	0.0	0.0	0.00017	0.00019	0.0	0.00021	0.00016	0.0	7e-05	0.0	0.0	0.0	2e-05	0.0001	0.00015	7e-05	7e-05	6e-05	3e-05	0.0	0.00024	0.0	0.00024	0.0	0.0	0.0	0.0	0.0	0.0	0.0	0.0	0.0	0.0	0.0	0.0	0.0	0.0	0.0	0.0	0.0	0.0	0.00016	0.0	1e-05	0.0	0.0	0.00028	7e-05	0.00013	0.00016	
2e-05	0.00011	0.00016	2e-05	0.00011	0.0	0.0	8e-05	0.00011	0.0	0.0	0.0	0.0	0.0	5e-05	0.0	0.00016	0.0	0.0	0.00016	0.00024	0.0	0.0	0.0	0.00017	0.00019	0.0	0.00021	0.00016	0.0	7e-05	0.0	0.0	0.0	2e-05	0.0001	0.00015	7e-05	7e-05	6e-05	3e-05	0.0	0.00024	0.0	0.00024	0.0	0.0	0.0	0.0	0.0	0.0	0.0	0.0	0.0	0.0	0.0	0.0	0.0	0.0	0.0	0.0	0.0	0.0	0.00016	0.0	1e-05	0.0	0.0	0.00028	7e-05	0.00013	0.00016	
2e-05	0.00011	0.00016	2e-05	0.00011	0.0	0.0	8e-05	0.00011	0.0	0.0	0.0	0.0	0.0	5e-05	0.0	0.00016	0.0	0.0	0.00016	0.00024	0.0	0.0	0.0	0.00017	0.00019	0.0	0.00021	0.00016	0.0	7e-05	0.0	0.0	0.0	2e-05	0.0001	0.00015	7e-05	7e-05	6e-05	3e-05	0.0	0.00024	0.0	0.00024	0.0	0.0	0.0	0.0	0.0	0.0	0.0	0.0	0.0	0.0	0.0	0.0	0.0	0.0	0.0	0.0	0.0	0.0	0.00016	0.0	1e-05	0.0	0.0	0.00028	7e-05	0.00013	0.00016	
2e-05	0.00011	0.00016	2e-05	0.00011	0.0	0.0	8e-05	0.00011	0.0	0.0	0.0	0.0	0.0	5e-05	0.0	0.00016	0.0	0.0	0.00016	0.00024	0.0	0.0	0.0	0.00017	0.00019	0.0	0.00021	0.00016	0.0	7e-05	0.0	0.0	0.0	2e-05	0.0001	0.00015	7e-05	7e-05	6e-05	3e-05	0.0	0.00024	0.0	0.00024	0.0	0.0	0.0	0.0	0.0	0.0	0.0	0.0	0.0	0.0	0.0	0.0	0.0	0.0	0.0	0.0	0.0	0.0	0.00016	0.0	1e-05	0.0	0.0	0.00028	7e-05	0.00013	0.00016	
2e-05	0.00011	0.00016	2e-05	0.00011	0.0	0.0	8e-05	0.00011	0.0	0.0	0.0	0.0	0.0	5e-05	0.0	0.00016	0.0	0.0	0.00016	0.00024	0.0	0.0	0.0	0.00017	0.00019	0.0	0.00021	0.00016	0.0	7e-05	0.0	0.0	0.0	2e-05	0.0001	0.00015	7e-05	7e-05	6e-05	3e-05	0.0	0.00024	0.0	0.00024	0.0	0.0	0.0	0.0	0.0	0.0	0.0	0.0	0.0	0.0	0.0	0.0	0.0	0.0	0.0	0.0	0.0	0.0	0.00016	0.0	1e-05	0.0	0.0	0.00028	7e-05	0.00013	0.00016	
2e-05	0.00011	0.00016	2e-05	0.00011	0.0	0.0	8e-05	0.00011	0.0	0.0	0.0	0.0	0.0	5e-05	0.0	0.00016	0.0	0.0	0.00016	0.00024	0.0	0.0	0.0	0.00017	0.00019	0.0	0.00021	0.00016	0.0	7e-05	0.0	0.0	0.0	2e-05	0.0001	0.00015	7e-05	7e-05	6e-05	3e-05	0.0	0.00024	0.0	0.00024	0.0	0.0	0.0	0.0	0.0	0.0	0.0	0.0	0.0	0.0	0.0	0.0	0.0	0.0	0.0	0.0	0.0	0.0	0.00016	0.0	1e-05	0.0	0.0	0.00028	7e-05	0.00013	0.00016	
2e-05	0.00011	0.00016	2e-05	0.00011	0.0	0.0	8e-05	0.00011	0.0	0.0	0.0	0.0	0.0	5e-05	0.0	0.00016	0.0	0.0	0.00016	0.00024	0.0	0.0	0.0	0.00017	0.00019	0.0	0.00021	0.00016	0.0	7e-05	0.0	0.0	0.0	2e-05	0.0001	0.00015	7e-05	7e-05	6e-05	3e-05	0.0	0.00024	0.0	0.00024	0.0	0.0	0.0	0.0	0.0	0.0	0.0	0.0	0.0	0.0	0.0	0.0	0.0	0.0	0.0	0.0	0.0	0.0	0.00016	0.0	1e-05	0.0	0.0	0.00028	7e-05	0.00013	0.00016	
2e-05	0.00011	0.00016	2e-05	0.00011	0.0	0.0	8e-05	0.00011	0.0	0.0	0.0	0.0	0.0	5e-05	0.0	0.00016	0.0	0.0	0.00016	0.00024	0.0	0.0	0.0	0.00017	0.00019	0.0	0.00021	0.00016	0.0	7e-05	0.0	0.0	0.0	2e-05	0.0001	0.00015	7e-05	7e-05	6e-05	3e-05	0.0	0.00024	0.0	0.00024	0.0	0.0	0.0	0.0	0.0	0.0	0.0	0.0	0.0	0.0	0.0	0.0	0.0	0.0	0.0	0.0	0.0	0.0	0.00016	0.0	1e-05	0.0	0.0	0.00028	7e-05	0.00013	0.00016	
2e-05	0.00011	0.00016	2e-05	0.00011	0.0	0.0	8e-05	0.00011	0.0	0.0	0.0	0.0	0.0	5e-05	0.0	0.00016	0.0	0.0	0.00016	0.00024	0.0	0.0	0.0	0.00017	0.00019	0.0	0.00021	0.00016	0.0	7e-05	0.0	0.0	0.0	2e-05	0.0001	0.00015	7e-05	7e-05	6e-05	3e-05	0.0	0.00024	0.0	0.00024	0.0	0.0	0.0	0.0	0.0	0.0	0.0	0.0	0.0	0.0	0.0	0.0	0.0	0.0	0.0	0.0	0.0	0.0	0.00016	0.0	1e-05	0.0	0.0	0.00028	7e-05	0.00013	0.00016	
2e-05	0.00011	0.00016	2e-05	0.00011	0.0	0.0	8e-05	0.00011	0.0	0.0	0.0	0.0	0.0	5e-05	0.0	0.00016	0.0	0.0	0.00016	0.00024	0.0	0.0	0.0	0.00017	0.00019	0.0	0.00021	0.00016	0.0	7e-05	0.0	0.0	0.0	2e-05	0.0001	0.00015	7e-05	7e-05	6e-05	3e-05	0.0	0.00024	0.0	0.00024	0.0	0.0	0.0	0.0	0.0	0.0	0.0	0.0	0.0	0.0	0.0	0.0	0.0	0.0	0.0	0.0	0.0	0.0	0.00016	0.0	1e-05	0.0	0.0	0.00028	7e-05	0.00013	0.00016	
2e-05	0.00011	0.00016	2e-05	0.00011	0.0	0.0	8e-05	0.00011	0.0	0.0	0.0	0.0	0.0	5e-05	0.0	0.00016	0.0	0.0	0.00016	0.00024	0.0	0.0	0.0	0.00017	0.00019	0.0	0.00021	0.00016	0.0	7e-05	0.0	0.0	0.0	2e-05	0.0001	0.00015	7e-05	7e-05	6e-05	3e-05	0.0	0.00024	0.0	0.00024	0.0	0.0	0.0	0.0	0.0	0.0	0.0	0.0	0.0	0.0	0.0	0.0	0.0	0.0	0.0	0.0	0.0	0.0	0.00016	0.0	1e-05	0.0	0.0	0.00028	7e-05	0.00013	0.00016	
2e-05	0.00011	0.00016	2e-05	0.00011	0.0	0.0	8e-05	0.00011	0.0	0.0	0.0	0.0	0.0	5e-05	0.0	0.00016	0.0	0.0	0.00016	0.00024	0.0	0.0	0.0	0.00017	0.00019	0.0	0.00021	0.00016	0.0	7e-05	0.0	0.0	0.0	2e-05	0.0001	0.00015	7e-05	7e-05	6e-05	3e-05	0.0	0.00024	0.0	0.00024	0.0	0.0	0.0	0.0	0.0	0.0	0.0	0.0	0.0	0.0	0.0	0.0	0.0	0.0	0.0	0.0	0.0	0.0	0.00016	0.0	1e-05	0.0	0.0	0.00028	7e-05	0.00013	0.00016	
2e-05	0.00011	0.00016	2e-05	0.00011	0.0	0.0	8e-05	0.00011	0.0	0.0	0.0	0.0	0.0	5e-05	0.0	0.00016	0.0	0.0	0.00016	0.00024	0.0	0.0	0.0	0.00017	0.00019	0.0	0.00021	0.00016	0.0	7e-05	0.0	0.0	0.0	2e-05	0.0001	0.00015	7e-05	7e-05	6e-05	3e-05	0.0	0.00024	0.0	0.00024	0.0	0.0	0.0	0.0	0.0	0.0	0.0	0.0	0.0	0.0	0.0	0.0	0.0	0.0	0.0	0.0	0.0	0.0	0.00016	0.0	1e-05	0.0	0.0	0.00028	7e-05	0.00013	0.00016	
2e-05	0.00011	0.00016	2e-05	0.00011	0.0	0.0	8e-05	0.00011	0.0	0.0	0.0	0.0	0.0	5e-05	0.0	0.00016	0.0	0.0	0.00016	0.00024	0.0	0.0	0.0	0.00017	0.00019	0.0	0.00021	0.00016	0.0	7e-05	0.0	0.0	0.0	2e-05	0.0001	0.00015	7e-05	7e-05	6e-05	3e-05	0.0	0.00024	0.0	0.00024	0.0	0.0	0.0	0.0	0.0	0.0	0.0	0.0	0.0	0.0	0.0	0.0	0.0	0.0	0.0	0.0	0.0	0.0	0.00016	0.0	1e-05	0.0	0.0	0.00028	7e-05	0.00013	0.00016	
2e-05	0.00011	0.00016	2e-05	0.00011	0.0	0.0	8e-05	0.00011	0.0	0.0	0.0	0.0	0.0	5e-05	0.0	0.00016	0.0	0.0	0.00016	0.00024	0.0	0.0	0.0	0.00017	0.00019	0.0	0.00021	0.00016	0.0	7e-05	0.0	0.0	0.0	2e-05	0.0001	0.00015	7e-05	7e-05	6e-05	3e-05	0.0	0.00024	0.0	0.00024	0.0	0.0	0.0	0.0	0.0	0.0	0.0	0.0	0.0	0.0	0.0	0.0	0.0	0.0	0.0	0.0	0.0	0.0	0.00016	0.0	1e-05	0.0	0.0	0.00028	7e-05	0.00013	0.00016	
0.26592	0.14107	0.99972	0.15342	0.2511	0.00016	0.00016	0.77411	0.2511	0.00016	0.00016	0.00016	0.00016	0.00016	0.18718	0.00016	0.99972	0.00016	0.00016	0.0802	0.04128	0.00016	0.00016	0.00016	0.53548	0.05646	0.00016	0.05064	0.99972	0.00016	0.089	0.0	0.0	0.0	0.1652	0.30931	0.16172	0.13019	0.07799	0.2376	0.24397	0.00016	0.1979	0.00016	0.1979	0.00016	0.00016	0.00016	0.00016	0.00016	0.00016	0.00016	0.00016	0.00016	0.00016	0.00016	0.00016	0.00016	0.00016	0.00016	0.00016	0.00016	0.00016	0.0	0.00016	0.16629	0.00016	0.00016	0.1584	0.16494	0.00483	0.99972	
2e-05	0.00011	0.00016	2e-05	0.00011	0.0	0.0	8e-05	0.00011	0.0	0.0	0.0	0.0	0.0	5e-05	0.0	0.00016	0.0	0.0	0.00016	0.00024	0.0	0.0	0.0	0.00017	0.00019	0.0	0.00021	0.00016	0.0	7e-05	0.0	0.0	0.0	2e-05	0.0001	0.00015	7e-05	7e-05	6e-05	3e-05	0.0	0.00024	0.0	0.00024	0.0	0.0	0.0	0.0	0.0	0.0	0.0	0.0	0.0	0.0	0.0	0.0	0.0	0.0	0.0	0.0	0.0	0.0	0.00016	0.0	1e-05	0.0	0.0	0.00028	7e-05	0.00013	0.00016	
0.19904	0.33861	0.16629	0.31743	0.5694	1e-05	1e-05	0.14961	0.5694	1e-05	1e-05	1e-05	1e-05	1e-05	0.61783	1e-05	0.16629	1e-05	1e-05	0.05467	0.0554	1e-05	1e-05	1e-05	0.51383	0.17381	1e-05	0.32209	0.16629	1e-05	0.43757	0.0	0.0	0.0	0.7489	0.31823	0.35165	0.54008	0.59879	0.41868	0.68927	1e-05	0.05631	1e-05	0.05631	1e-05	1e-05	1e-05	1e-05	1e-05	1e-05	1e-05	1e-05	1e-05	1e-05	1e-05	1e-05	1e-05	1e-05	1e-05	1e-05	1e-05	1e-05	0.16629	1e-05	0.0	1e-05	1e-05	0.0456	0.31129	0.0854	0.16629	
2e-05	0.00011	0.00016	2e-05	0.00011	0.0	0.0	8e-05	0.00011	0.0	0.0	0.0	0.0	0.0	5e-05	0.0	0.00016	0.0	0.0	0.00016	0.00024	0.0	0.0	0.0	0.00017	0.00019	0.0	0.00021	0.00016	0.0	7e-05	0.0	0.0	0.0	2e-05	0.0001	0.00015	7e-05	7e-05	6e-05	3e-05	0.0	0.00024	0.0	0.00024	0.0	0.0	0.0	0.0	0.0	0.0	0.0	0.0	0.0	0.0	0.0	0.0	0.0	0.0	0.0	0.0	0.0	0.0	0.00016	0.0	1e-05	0.0	0.0	0.00028	7e-05	0.00013	0.00016	
2e-05	0.00011	0.00016	2e-05	0.00011	0.0	0.0	8e-05	0.00011	0.0	0.0	0.0	0.0	0.0	5e-05	0.0	0.00016	0.0	0.0	0.00016	0.00024	0.0	0.0	0.0	0.00017	0.00019	0.0	0.00021	0.00016	0.0	7e-05	0.0	0.0	0.0	2e-05	0.0001	0.00015	7e-05	7e-05	6e-05	3e-05	0.0	0.00024	0.0	0.00024	0.0	0.0	0.0	0.0	0.0	0.0	0.0	0.0	0.0	0.0	0.0	0.0	0.0	0.0	0.0	0.0	0.0	0.0	0.00016	0.0	1e-05	0.0	0.0	0.00028	7e-05	0.00013	0.00016	
0.29043	0.04503	0.1584	0.03023	0.07159	0.00028	0.00028	0.38398	0.07159	0.00028	0.00028	0.00028	0.00028	0.00028	0.05183	0.00028	0.1584	0.00028	0.00028	0.02818	0.01628	0.00028	0.00028	0.00028	0.14775	0.02108	0.00028	0.01927	0.1584	0.00028	0.02874	0.0	0.0	0.0	0.04528	0.07654	0.05041	0.03916	0.02583	0.06175	0.0593	0.00028	0.01647	0.00028	0.01647	0.00028	0.00028	0.00028	0.00028	0.00028	0.00028	0.00028	0.00028	0.00028	0.00028	0.00028	0.00028	0.00028	0.00028	0.00028	0.00028	0.00028	0.00028	0.1584	0.00028	0.0456	0.00028	0.00028	0.0	0.02531	0.19734	0.1584	
0.28657	0.16096	0.16494	0.70068	0.13358	7e-05	7e-05	0.19176	0.13358	7e-05	7e-05	7e-05	7e-05	7e-05	0.17571	7e-05	0.16494	7e-05	7e-05	0.05896	0.03008	7e-05	7e-05	7e-05	0.18598	0.04139	7e-05	0.54763	0.16494	7e-05	0.37833	0.0	0.0	0.0	0.17447	0.13414	0.14992	0.19018	0.39371	0.39224	0.18825	7e-05	0.4747	7e-05	0.4747	7e-05	7e-05	7e-05	7e-05	7e-05	7e-05	7e-05	7e-05	7e-05	7e-05	7e-05	7e-05	7e-05	7e-05	7e-05	7e-05	7e-05	7e-05	0.16494	7e-05	0.31129	7e-05	7e-05	0.02531	0.0	0.06379	0.16494	
0.54085	0.11684	0.00483	0.0818	0.00798	0.00013	0.00013	0.15702	0.00798	0.00013	0.00013	0.00013	0.00013	0.00013	0.08409	0.00013	0.00483	0.00013	0.00013	0.06773	0.03548	0.00013	0.00013	0.00013	0.08235	0.38164	0.00013	0.04331	0.00483	0.00013	0.26872	0.0	0.0	0.0	0.21937	0.02453	0.03072	0.25331	0.06537	0.18628	0.23396	0.00013	0.03597	0.00013	0.03597	0.00013	0.00013	0.00013	0.00013	0.00013	0.00013	0.00013	0.00013	0.00013	0.00013	0.00013	0.00013	0.00013	0.00013	0.00013	0.00013	0.00013	0.00013	0.00483	0.00013	0.0854	0.00013	0.00013	0.19734	0.06379	0.0	0.00483	
0.26592	0.14107	0.99972	0.15342	0.2511	0.00016	0.00016	0.77411	0.2511	0.00016	0.00016	0.00016	0.00016	0.00016	0.18718	0.00016	0.99972	0.00016	0.00016	0.0802	0.04128	0.00016	0.00016	0.00016	0.53548	0.05646	0.00016	0.05064	0.99972	0.00016	0.089	0.0	0.0	0.0	0.1652	0.30931	0.16172	0.13019	0.07799	0.2376	0.24397	0.00016	0.1979	0.00016	0.1979	0.00016	0.00016	0.00016	0.00016	0.00016	0.00016	0.00016	0.00016	0.00016	0.00016	0.00016	0.00016	0.00016	0.00016	0.00016	0.00016	0.00016	0.00016	0.99972	0.00016	0.16629	0.00016	0.00016	0.1584	0.16494	0.00483	0.0	
