0.0	0.04506	3e-05	3e-05	3e-05	0.108	3e-05	0.22405	0.17186	0.25348	3e-05	3e-05	3e-05	3e-05	3e-05	3e-05	3e-05	3e-05	0.07424	0.08337	0.06965	0.15424	3e-05	0.08576	0.07985	3e-05	0.10613	0.29803	0.1605	0.06801	0.10865	0.01518	0.16358	0.03224	0.0	3e-05	0.10902	0.04429	0.18363	0.02463	0.04532	0.31874	0.17453	3e-05	0.12335	0.07063	3e-05	3e-05	3e-05	3e-05	3e-05	3e-05	3e-05	3e-05	0.10163	0.09162	0.0	3e-05	3e-05	0.08035	3e-05	0.023	3e-05	0.18228	3e-05	0.09306	3e-05	0.0746	0.17453	0.0	0.06342	0.04563	0.19439	0.13156	0.13617	0.17453	0.06693	3e-05	0.11513	0.0	0.17453	3e-05	0.13815	0.10278	0.00364	0.04532	0.17453	0.25173	0.01945	0.10182	0.049	0.0	3e-05	0.20289	0.0996	0.12653	0.08448	0.08337	3e-05	3e-05	0.04563	0.02378	0.19018	0.14885	0.0	0.0	0.0	0.0	0.0	0.16501	0.1192	0.05536	0.0949	0.02886	0.0748	0.04532	0.12545	0.03202	0.08576	3e-05	3e-05	0.08337	0.2996	3e-05	0.04863	0.17453	0.09345	0.02477	0.17878	0.17453	0.04563	0.14617	0.11474	0.07834	0.07219	0.09306	3e-05	0.04386	0.11652	0.14514	0.07515	0.0	3e-05	3e-05	3e-05	0.20982	0.07619	
0.04506	0.0	0.00011	0.00011	0.00011	0.03721	0.00011	0.0265	0.18162	0.0148	0.00011	0.00011	0.00011	0.00011	0.00011	0.00011	0.00011	0.00011	0.06188	0.01493	0.01041	0.04647	0.00011	0.03275	0.10688	0.00011	0.02364	0.15592	0.01821	0.08525	0.18201	0.06054	0.11557	0.04194	0.0	0.00011	0.01616	0.01645	0.03598	0.01025	0.01679	0.18551	0.02134	0.00011	0.02324	0.10402	0.00011	0.00011	0.00011	0.00011	0.00011	0.00011	0.00011	0.00011	0.26071	0.08774	0.0	0.00011	0.00011	0.04459	0.00011	0.00969	0.00011	0.03896	0.00011	0.35115	0.00011	0.02753	0.02134	0.0	0.03263	0.01688	0.05151	0.06559	0.03168	0.02134	0.0227	0.00011	0.224	0.0	0.02134	0.00011	0.08211	0.09125	0.00129	0.01679	0.02134	0.04333	0.00842	0.02778	0.19469	0.0	0.00011	0.02771	0.02285	0.03112	0.03311	0.01493	0.00011	0.00011	0.01688	0.02366	0.03372	0.04953	0.0	0.0	0.0	0.0	0.0	0.06964	0.03294	0.01096	0.05035	0.02587	0.06442	0.01679	0.0259	0.0127	0.03275	0.00011	0.00011	0.01493	0.0383	0.00011	0.03845	0.02134	0.01927	0.02392	0.02801	0.02134	0.01688	0.02068	0.03065	0.06132	0.02248	0.35115	0.00011	0.0155	0.05982	0.0247	0.01382	0.0	0.00011	0.00011	0.00011	0.0256	0.04325	
3e-05	0.00011	0.0	0.0	0.0	6e-05	0.0	4e-05	3e-05	0.00078	0.0	0.0	0.0	0.0	0.0	0.0	0.0	0.0	0.00043	0.00035	0.00076	0.00325	0.0	0.00079	0.00035	0.0	0.00032	0.00165	0.00033	0.18528	0.11459	0.00106	0.00095	0.06231	0.0	0.0	0.00087	0.00034	0.00071	0.00039	0.00044	0.01516	0.00079	0.0	0.00054	0.00118	0.0	0.0	0.0	0.0	0.0	0.0	0.0	0.0	0.00024	0.22207	0.0	0.0	0.0	0.0009	0.0	0.0004	0.0	0.02529	0.0	0.00035	0.0	0.00029	0.00079	0.0	0.00041	0.00044	0.00061	0.00091	5e-05	0.00079	0.00042	0.0	0.00032	0.0	0.00079	0.0	0.00114	0.00131	0.0	0.00044	0.00079	0.00576	0.00043	0.00028	0.01373	0.0	0.0	0.00048	0.00032	0.00052	0.00746	0.00035	0.0	0.0	0.00044	0.00048	0.0006	0.00066	0.0	0.0	0.0	0.0	0.0	0.00098	0.00849	0.00047	0.00037	0.00043	0.00039	0.00044	0.00561	0.00036	0.00079	0.0	0.0	0.00035	0.00632	0.0	0.00468	0.00079	0.00025	0.0004	0.00069	0.00079	0.00044	0.00025	0.00055	0.00026	0.00036	0.00035	0.0	0.00024	0.00095	0.00073	0.00035	0.0	0.0	0.0	0.0	0.00056	3e-05	
3e-05	0.00011	0.0	0.0	0.0	6e-05	0.0	4e-05	3e-05	0.00078	0.0	0.0	0.0	0.0	0.0	0.0	0.0	0.0	0.00043	0.00035	0.00076	0.00325	0.0	0.00079	0.00035	0.0	0.00032	0.00165	0.00033	0.18528	0.11459	0.00106	0.00095	0.06231	0.0	0.0	0.00087	0.00034	0.00071	0.00039	0.00044	0.01516	0.00079	0.0	0.00054	0.00118	0.0	0.0	0.0	0.0	0.0	0.0	0.0	0.0	0.00024	0.22207	0.0	0.0	0.0	0.0009	0.0	0.0004	0.0	0.02529	0.0	0.00035	0.0	0.00029	0.00079	0.0	0.00041	0.00044	0.00061	0.00091	5e-05	0.00079	0.00042	0.0	0.00032	0.0	0.00079	0.0	0.00114	0.00131	0.0	0.00044	0.00079	0.00576	0.00043	0.00028	0.01373	0.0	0.0	0.00048	0.00032	0.00052	0.00746	0.00035	0.0	0.0	0.00044	0.00048	0.0006	0.00066	0.0	0.0	0.0	0.0	0.0	0.00098	0.00849	0.00047	0.00037	0.00043	0.00039	0.00044	0.00561	0.00036	0.00079	0.0	0.0	0.00035	0.00632	0.0	0.00468	0.00079	0.00025	0.0004	0.00069	0.00079	0.00044	0.00025	0.00055	0.00026	0.00036	0.00035	0.0	0.00024	0.00095	0.00073	0.00035	0.0	0.0	0.0	0.0	0.00056	3e-05	
3e-05	0.00011	0.0	0.0	0.0	6e-05	0.0	4e-05	3e-05	0.00078	0.0	0.0	0.0	0.0	0.0	0.0	0.0	0.0	0.00043	0.00035	0.00076	0.00325	0.0	0.00079	0.00035	0.0	0.00032	0.00165	0.00033	0.18528	0.11459	0.00106	0.00095	0.06231	0.0	0.0	0.00087	0.00034	0.00071	0.00039	0.00044	0.01516	0.00079	0.0	0.00054	0.00118	0.0	0.0	0.0	0.0	0.0	0.0	0.0	0.0	0.00024	0.22207	0.0	0.0	0.0	0.0009	0.0	0.0004	0.0	0.02529	0.0	0.00035	0.0	0.00029	0.00079	0.0	0.00041	0.00044	0.00061	0.00091	5e-05	0.00079	0.00042	0.0	0.00032	0.0	0.00079	0.0	0.00114	0.00131	0.0	0.00044	0.00079	0.00576	0.00043	0.00028	0.01373	0.0	0.0	0.00048	0.00032	0.00052	0.00746	0.00035	0.0	0.0	0.00044	0.00048	0.0006	0.00066	0.0	0.0	0.0	0.0	0.0	0.00098	0.00849	0.00047	0.00037	0.00043	0.00039	0.00044	0.00561	0.00036	0.00079	0.0	0.0	0.00035	0.00632	0.0	0.00468	0.00079	0.00025	0.0004	0.00069	0.00079	0.00044	0.00025	0.00055	0.00026	0.00036	0.00035	0.0	0.00024	0.00095	0.00073	0.00035	0.0	0.0	0.0	0.0	0.00056	3e-05	
0.108	0.03721	6e-05	6e-05	6e-05	0.0	6e-05	0.0501	0.14858	0.05008	6e-05	6e-05	6e-05	6e-05	6e-05	6e-05	6e-05	6e-05	0.06854	0.02365	0.05259	0.29147	6e-05	0.40641	0.03998	6e-05	0.30534	0.13486	0.0589	0.06382	0.07639	0.22237	0.04431	0.24231	0.0	6e-05	0.13829	0.02652	0.07665	0.01529	0.17091	0.1992	0.24578	6e-05	0.18696	0.23323	6e-05	6e-05	6e-05	6e-05	6e-05	6e-05	6e-05	6e-05	0.03124	0.06135	0.0	6e-05	6e-05	0.77926	6e-05	0.01433	6e-05	0.22943	6e-05	0.02159	6e-05	0.05152	0.24578	0.0	0.29898	0.37567	0.3763	0.20561	0.41084	0.24578	0.23804	6e-05	0.3085	0.0	0.24578	6e-05	0.39996	0.20257	0.16591	0.17091	0.24578	0.18538	0.01221	0.05276	0.0469	0.0	6e-05	0.19327	0.15162	0.12386	0.05708	0.02365	6e-05	6e-05	0.37567	0.22747	0.4725	0.58404	0.0	0.0	0.0	0.0	0.0	0.41554	0.08193	0.01648	0.0686	0.06182	0.1516	0.17091	0.06957	0.01959	0.40641	6e-05	6e-05	0.02365	0.20381	6e-05	0.07826	0.24578	0.03375	0.04128	0.47357	0.24578	0.37567	0.03686	0.11944	0.06239	0.15201	0.02159	6e-05	0.02593	0.10065	0.17929	0.02161	0.0	6e-05	6e-05	6e-05	0.21201	0.06213	
3e-05	0.00011	0.0	0.0	0.0	6e-05	0.0	4e-05	3e-05	0.00078	0.0	0.0	0.0	0.0	0.0	0.0	0.0	0.0	0.00043	0.00035	0.00076	0.00325	0.0	0.00079	0.00035	0.0	0.00032	0.00165	0.00033	0.18528	0.11459	0.00106	0.00095	0.06231	0.0	0.0	0.00087	0.00034	0.00071	0.00039	0.00044	0.01516	0.00079	0.0	0.00054	0.00118	0.0	0.0	0.0	0.0	0.0	0.0	0.0	0.0	0.00024	0.22207	0.0	0.0	0.0	0.0009	0.0	0.0004	0.0	0.02529	0.0	0.00035	0.0	0.00029	0.00079	0.0	0.00041	0.00044	0.00061	0.00091	5e-05	0.00079	0.00042	0.0	0.00032	0.0	0.00079	0.0	0.00114	0.00131	0.0	0.00044	0.00079	0.00576	0.00043	0.00028	0.01373	0.0	0.0	0.00048	0.00032	0.00052	0.00746	0.00035	0.0	0.0	0.00044	0.00048	0.0006	0.00066	0.0	0.0	0.0	0.0	0.0	0.00098	0.00849	0.00047	0.00037	0.00043	0.00039	0.00044	0.00561	0.00036	0.00079	0.0	0.0	0.00035	0.00632	0.0	0.00468	0.00079	0.00025	0.0004	0.00069	0.00079	0.00044	0.00025	0.00055	0.00026	0.00036	0.00035	0.0	0.00024	0.00095	0.00073	0.00035	0.0	0.0	0.0	0.0	0.00056	3e-05	
0.22405	0.0265	4e-05	4e-05	4e-05	0.0501	4e-05	0.0	0.05143	0.10241	4e-05	4e-05	4e-05	4e-05	4e-05	4e-05	4e-05	4e-05	0.03015	0.42896	0.06009	0.17384	4e-05	0.04138	0.09266	4e-05	0.30807	0.18059	0.0219	0.0669	0.07171	0.06684	0.11625	0.06341	0.0	4e-05	0.06641	0.01927	0.14102	0.01139	0.01969	0.12765	0.02565	4e-05	0.04601	0.03876	4e-05	4e-05	4e-05	4e-05	4e-05	4e-05	4e-05	4e-05	0.02219	0.23303	0.0	4e-05	4e-05	0.05805	4e-05	0.0107	4e-05	0.04234	4e-05	0.01585	4e-05	0.07506	0.02565	0.0	0.15386	0.01981	0.04502	0.10259	0.33486	0.02565	0.02761	4e-05	0.02907	0.0	0.02565	4e-05	0.05747	0.14655	0.0013	0.01969	0.02565	0.30252	0.00917	0.37914	0.07172	0.0	4e-05	0.03671	0.18502	0.04167	0.29795	0.42896	4e-05	4e-05	0.01981	0.04544	0.04551	0.06404	0.0	0.0	0.0	0.0	0.0	0.07166	0.18095	0.17041	0.2726	0.07879	0.043	0.01969	0.22629	0.01445	0.04138	4e-05	4e-05	0.42896	0.05034	4e-05	0.02902	0.02565	0.3412	0.02927	0.03569	0.02565	0.01981	0.32818	0.04007	0.04167	0.02843	0.01585	4e-05	0.01862	0.07977	0.20069	0.24184	0.0	4e-05	4e-05	4e-05	0.03279	0.04336	
0.17186	0.18162	3e-05	3e-05	3e-05	0.14858	3e-05	0.05143	0.0	0.17319	3e-05	3e-05	3e-05	3e-05	3e-05	3e-05	3e-05	3e-05	0.04379	0.02434	0.09148	0.07321	3e-05	0.03231	0.17288	3e-05	0.14274	0.24562	0.0321	0.16224	0.2243	0.02826	0.0524	0.0623	0.0	3e-05	0.06954	0.02105	0.06855	0.01574	0.0279	0.24018	0.03679	3e-05	0.02667	0.03823	3e-05	3e-05	3e-05	3e-05	3e-05	3e-05	3e-05	3e-05	0.27495	0.06262	0.0	3e-05	3e-05	0.02054	3e-05	0.01475	3e-05	0.05552	3e-05	0.31795	3e-05	0.01908	0.03679	0.0	0.05642	0.16017	0.06862	0.10828	0.06303	0.03679	0.07161	3e-05	0.42047	0.0	0.03679	3e-05	0.13897	0.06229	0.0246	0.0279	0.03679	0.06879	0.01257	0.05415	0.04809	0.0	3e-05	0.05553	0.04272	0.08703	0.02223	0.02434	3e-05	3e-05	0.16017	0.06524	0.17176	0.08526	0.0	0.0	0.0	0.0	0.0	0.20492	0.05765	0.01696	0.12481	0.04656	0.15835	0.0279	0.07147	0.02017	0.03231	3e-05	3e-05	0.02434	0.07295	3e-05	0.01601	0.03679	0.03467	0.02604	0.05356	0.03679	0.16017	0.03786	0.0603	0.05147	0.10835	0.31795	3e-05	0.02665	0.03621	0.0891	0.02224	0.0	3e-05	3e-05	3e-05	0.04863	0.03229	
0.25348	0.0148	0.00078	0.00078	0.00078	0.05008	0.00078	0.10241	0.17319	0.0	2e-05	2e-05	2e-05	2e-05	2e-05	2e-05	2e-05	2e-05	0.05847	0.08188	0.05078	0.17195	2e-05	0.03057	0.0127	2e-05	0.09344	0.17326	0.08597	0.24064	0.13494	0.08759	0.06647	0.05604	0.0	2e-05	0.13645	0.03586	0.1321	0.02037	0.03664	0.18059	0.13053	2e-05	0.09348	0.0267	2e-05	2e-05	2e-05	2e-05	2e-05	2e-05	2e-05	2e-05	0.07887	0.03919	0.0	2e-05	2e-05	0.01523	2e-05	0.01906	2e-05	0.13045	2e-05	0.07403	2e-05	0.02215	0.13053	0.0	0.03571	0.03688	0.13782	0.14825	0.06616	0.13053	0.05304	2e-05	0.08767	0.0	0.13053	2e-05	0.11666	0.05484	0.00254	0.03664	0.13053	0.22067	0.01619	0.10193	0.07448	0.0	2e-05	0.17568	0.05759	0.22761	0.09415	0.08188	2e-05	2e-05	0.03688	0.05575	0.18586	0.09732	0.0	0.0	0.0	0.0	0.0	0.12509	0.09147	0.02196	0.1545	0.06232	0.13314	0.03664	0.02276	0.02626	0.03057	2e-05	2e-05	0.08188	0.1255	2e-05	0.08225	0.13053	0.08594	0.12945	0.12679	0.13053	0.03688	0.13782	0.06197	0.05059	0.2378	0.07403	2e-05	0.03526	0.01843	0.15555	0.02904	0.0	2e-05	2e-05	2e-05	0.18734	0.06254	
3e-05	0.00011	0.0	0.0	0.0	6e-05	0.0	4e-05	3e-05	2e-05	0.0	0.0	0.0	0.0	0.0	0.0	0.0	0.0	0.0001	0.00016	6e-05	7e-05	0.0	0.0001	0.00011	0.0	4e-05	2e-05	8e-05	0.00043	0.00032	6e-05	3e-05	0.00022	0.0	0.0	6e-05	0.00015	7e-05	0.00023	0.00013	0.00013	0.00016	0.0	7e-05	0.0001	0.0	0.0	0.0	0.0	0.0	0.0	0.0	0.0	7e-05	0.00047	0.0	0.0	0.0	7e-05	0.0	0.00024	0.0	0.00018	0.0	0.00017	0.0	5e-05	0.00016	0.0	3e-05	0.00013	5e-05	1e-05	5e-05	0.00016	0.0001	0.0	5e-05	0.0	0.00016	0.0	3e-05	1e-05	0.0	0.00013	0.00016	6e-05	0.00028	5e-05	0.00011	0.0	0.0	4e-05	5e-05	2e-05	7e-05	0.00016	0.0	0.0	0.00013	0.0001	3e-05	1e-05	0.0	0.0	0.0	0.0	0.0	2e-05	8e-05	0.00021	4e-05	9e-05	3e-05	0.00013	8e-05	0.00019	0.0001	0.0	0.0	0.00016	9e-05	0.0	0.00019	0.00016	6e-05	0.0001	8e-05	0.00016	0.00013	6e-05	5e-05	2e-05	4e-05	0.00017	0.0	8e-05	5e-05	2e-05	0.00017	0.0	0.0	0.0	0.0	7e-05	3e-05	
3e-05	0.00011	0.0	0.0	0.0	6e-05	0.0	4e-05	3e-05	2e-05	0.0	0.0	0.0	0.0	0.0	0.0	0.0	0.0	0.0001	0.00016	6e-05	7e-05	0.0	0.0001	0.00011	0.0	4e-05	2e-05	8e-05	0.00043	0.00032	6e-05	3e-05	0.00022	0.0	0.0	6e-05	0.00015	7e-05	0.00023	0.00013	0.00013	0.00016	0.0	7e-05	0.0001	0.0	0.0	0.0	0.0	0.0	0.0	0.0	0.0	7e-05	0.00047	0.0	0.0	0.0	7e-05	0.0	0.00024	0.0	0.00018	0.0	0.00017	0.0	5e-05	0.00016	0.0	3e-05	0.00013	5e-05	1e-05	5e-05	0.00016	0.0001	0.0	5e-05	0.0	0.00016	0.0	3e-05	1e-05	0.0	0.00013	0.00016	6e-05	0.00028	5e-05	0.00011	0.0	0.0	4e-05	5e-05	2e-05	7e-05	0.00016	0.0	0.0	0.00013	0.0001	3e-05	1e-05	0.0	0.0	0.0	0.0	0.0	2e-05	8e-05	0.00021	4e-05	9e-05	3e-05	0.00013	8e-05	0.00019	0.0001	0.0	0.0	0.00016	9e-05	0.0	0.00019	0.00016	6e-05	0.0001	8e-05	0.00016	0.00013	6e-05	5e-05	2e-05	4e-05	0.00017	0.0	8e-05	5e-05	2e-05	0.00017	0.0	0.0	0.0	0.0	7e-05	3e-05	
3e-05	0.00011	0.0	0.0	0.0	6e-05	0.0	4e-05	3e-05	2e-05	0.0	0.0	0.0	0.0	0.0	0.0	0.0	0.0	0.0001	0.00016	6e-05	7e-05	0.0	0.0001	0.00011	0.0	4e-05	2e-05	8e-05	0.00043	0.00032	6e-05	3e-05	0.00022	0.0	0.0	6e-05	0.00015	7e-05	0.00023	0.00013	0.00013	0.00016	0.0	7e-05	0.0001	0.0	0.0	0.0	0.0	0.0	0.0	0.0	0.0	7e-05	0.00047	0.0	0.0	0.0	7e-05	0.0	0.00024	0.0	0.00018	0.0	0.00017	0.0	5e-05	0.00016	0.0	3e-05	0.00013	5e-05	1e-05	5e-05	0.00016	0.0001	0.0	5e-05	0.0	0.00016	0.0	3e-05	1e-05	0.0	0.00013	0.00016	6e-05	0.00028	5e-05	0.00011	0.0	0.0	4e-05	5e-05	2e-05	7e-05	0.00016	0.0	0.0	0.00013	0.0001	3e-05	1e-05	0.0	0.0	0.0	0.0	0.0	2e-05	8e-05	0.00021	4e-05	9e-05	3e-05	0.00013	8e-05	0.00019	0.0001	0.0	0.0	0.00016	9e-05	0.0	0.00019	0.00016	6e-05	0.0001	8e-05	0.00016	0.00013	6e-05	5e-05	2e-05	4e-05	0.00017	0.0	8e-05	5e-05	2e-05	0.00017	0.0	0.0	0.0	0.0	7e-05	3e-05	
3e-05	0.00011	0.0	0.0	0.0	6e-05	0.0	4e-05	3e-05	2e-05	0.0	0.0	0.0	0.0	0.0	0.0	0.0	0.0	0.0001	0.00016	6e-05	7e-05	0.0	0.0001	0.00011	0.0	4e-05	2e-05	8e-05	0.00043	0.00032	6e-05	3e-05	0.00022	0.0	0.0	6e-05	0.00015	7e-05	0.00023	0.00013	0.00013	0.00016	0.0	7e-05	0.0001	0.0	0.0	0.0	0.0	0.0	0.0	0.0	0.0	7e-05	0.00047	0.0	0.0	0.0	7e-05	0.0	0.00024	0.0	0.00018	0.0	0.00017	0.0	5e-05	0.00016	0.0	3e-05	0.00013	5e-05	1e-05	5e-05	0.00016	0.0001	0.0	5e-05	0.0	0.00016	0.0	3e-05	1e-05	0.0	0.00013	0.00016	6e-05	0.00028	5e-05	0.00011	0.0	0.0	4e-05	5e-05	2e-05	7e-05	0.00016	0.0	0.0	0.00013	0.0001	3e-05	1e-05	0.0	0.0	0.0	0.0	0.0	2e-05	8e-05	0.00021	4e-05	9e-05	3e-05	0.00013	8e-05	0.00019	0.0001	0.0	0.0	0.00016	9e-05	0.0	0.00019	0.00016	6e-05	0.0001	8e-05	0.00016	0.00013	6e-05	5e-05	2e-05	4e-05	0.00017	0.0	8e-05	5e-05	2e-05	0.00017	0.0	0.0	0.0	0.0	7e-05	3e-05	
3e-05	0.00011	0.0	0.0	0.0	6e-05	0.0	4e-05	3e-05	2e-05	0.0	0.0	0.0	0.0	0.0	0.0	0.0	0.0	0.0001	0.00016	6e-05	7e-05	0.0	0.0001	0.00011	0.0	4e-05	2e-05	8e-05	0.00043	0.00032	6e-05	3e-05	0.00022	0.0	0.0	6e-05	0.00015	7e-05	0.00023	0.00013	0.00013	0.00016	0.0	7e-05	0.0001	0.0	0.0	0.0	0.0	0.0	0.0	0.0	0.0	7e-05	0.00047	0.0	0.0	0.0	7e-05	0.0	0.00024	0.0	0.00018	0.0	0.00017	0.0	5e-05	0.00016	0.0	3e-05	0.00013	5e-05	1e-05	5e-05	0.00016	0.0001	0.0	5e-05	0.0	0.00016	0.0	3e-05	1e-05	0.0	0.00013	0.00016	6e-05	0.00028	5e-05	0.00011	0.0	0.0	4e-05	5e-05	2e-05	7e-05	0.00016	0.0	0.0	0.00013	0.0001	3e-05	1e-05	0.0	0.0	0.0	0.0	0.0	2e-05	8e-05	0.00021	4e-05	9e-05	3e-05	0.00013	8e-05	0.00019	0.0001	0.0	0.0	0.00016	9e-05	0.0	0.00019	0.00016	6e-05	0.0001	8e-05	0.00016	0.00013	6e-05	5e-05	2e-05	4e-05	0.00017	0.0	8e-05	5e-05	2e-05	0.00017	0.0	0.0	0.0	0.0	7e-05	3e-05	
3e-05	0.00011	0.0	0.0	0.0	6e-05	0.0	4e-05	3e-05	2e-05	0.0	0.0	0.0	0.0	0.0	0.0	0.0	0.0	0.0001	0.00016	6e-05	7e-05	0.0	0.0001	0.00011	0.0	4e-05	2e-05	8e-05	0.00043	0.00032	6e-05	3e-05	0.00022	0.0	0.0	6e-05	0.00015	7e-05	0.00023	0.00013	0.00013	0.00016	0.0	7e-05	0.0001	0.0	0.0	0.0	0.0	0.0	0.0	0.0	0.0	7e-05	0.00047	0.0	0.0	0.0	7e-05	0.0	0.00024	0.0	0.00018	0.0	0.00017	0.0	5e-05	0.00016	0.0	3e-05	0.00013	5e-05	1e-05	5e-05	0.00016	0.0001	0.0	5e-05	0.0	0.00016	0.0	3e-05	1e-05	0.0	0.00013	0.00016	6e-05	0.00028	5e-05	0.00011	0.0	0.0	4e-05	5e-05	2e-05	7e-05	0.00016	0.0	0.0	0.00013	0.0001	3e-05	1e-05	0.0	0.0	0.0	0.0	0.0	2e-05	8e-05	0.00021	4e-05	9e-05	3e-05	0.00013	8e-05	0.00019	0.0001	0.0	0.0	0.00016	9e-05	0.0	0.00019	0.00016	6e-05	0.0001	8e-05	0.00016	0.00013	6e-05	5e-05	2e-05	4e-05	0.00017	0.0	8e-05	5e-05	2e-05	0.00017	0.0	0.0	0.0	0.0	7e-05	3e-05	
3e-05	0.00011	0.0	0.0	0.0	6e-05	0.0	4e-05	3e-05	2e-05	0.0	0.0	0.0	0.0	0.0	0.0	0.0	0.0	0.0001	0.00016	6e-05	7e-05	0.0	0.0001	0.00011	0.0	4e-05	2e-05	8e-05	0.00043	0.00032	6e-05	3e-05	0.00022	0.0	0.0	6e-05	0.00015	7e-05	0.00023	0.00013	0.00013	0.00016	0.0	7e-05	0.0001	0.0	0.0	0.0	0.0	0.0	0.0	0.0	0.0	7e-05	0.00047	0.0	0.0	0.0	7e-05	0.0	0.00024	0.0	0.00018	0.0	0.00017	0.0	5e-05	0.00016	0.0	3e-05	0.00013	5e-05	1e-05	5e-05	0.00016	0.0001	0.0	5e-05	0.0	0.00016	0.0	3e-05	1e-05	0.0	0.00013	0.00016	6e-05	0.00028	5e-05	0.00011	0.0	0.0	4e-05	5e-05	2e-05	7e-05	0.00016	0.0	0.0	0.00013	0.0001	3e-05	1e-05	0.0	0.0	0.0	0.0	0.0	2e-05	8e-05	0.00021	4e-05	9e-05	3e-05	0.00013	8e-05	0.00019	0.0001	0.0	0.0	0.00016	9e-05	0.0	0.00019	0.00016	6e-05	0.0001	8e-05	0.00016	0.00013	6e-05	5e-05	2e-05	4e-05	0.00017	0.0	8e-05	5e-05	2e-05	0.00017	0.0	0.0	0.0	0.0	7e-05	3e-05	
3e-05	0.00011	0.0	0.0	0.0	6e-05	0.0	4e-05	3e-05	2e-05	0.0	0.0	0.0	0.0	0.0	0.0	0.0	0.0	0.0001	0.00016	6e-05	7e-05	0.0	0.0001	0.00011	0.0	4e-05	2e-05	8e-05	0.00043	0.00032	6e-05	3e-05	0.00022	0.0	0.0	6e-05	0.00015	7e-05	0.00023	0.00013	0.00013	0.00016	0.0	7e-05	0.0001	0.0	0.0	0.0	0.0	0.0	0.0	0.0	0.0	7e-05	0.00047	0.0	0.0	0.0	7e-05	0.0	0.00024	0.0	0.00018	0.0	0.00017	0.0	5e-05	0.00016	0.0	3e-05	0.00013	5e-05	1e-05	5e-05	0.00016	0.0001	0.0	5e-05	0.0	0.00016	0.0	3e-05	1e-05	0.0	0.00013	0.00016	6e-05	0.00028	5e-05	0.00011	0.0	0.0	4e-05	5e-05	2e-05	7e-05	0.00016	0.0	0.0	0.00013	0.0001	3e-05	1e-05	0.0	0.0	0.0	0.0	0.0	2e-05	8e-05	0.00021	4e-05	9e-05	3e-05	0.00013	8e-05	0.00019	0.0001	0.0	0.0	0.00016	9e-05	0.0	0.00019	0.00016	6e-05	0.0001	8e-05	0.00016	0.00013	6e-05	5e-05	2e-05	4e-05	0.00017	0.0	8e-05	5e-05	2e-05	0.00017	0.0	0.0	0.0	0.0	7e-05	3e-05	
0.07424	0.06188	0.00043	0.00043	0.00043	0.06854	0.00043	0.03015	0.04379	0.05847	0.0001	0.0001	0.0001	0.0001	0.0001	0.0001	0.0001	0.0001	0.0	0.01538	0.00589	0.05316	0.0001	0.03385	0.02416	0.0001	0.02472	0.02814	0.01872	0.01938	0.02682	0.01945	0.00407	0.13646	0.0	0.0001	0.05214	0.01699	0.03727	0.01049	0.39612	0.0346	0.02191	0.0001	0.38155	0.10521	0.0001	0.0001	0.0001	0.0001	0.0001	0.0001	0.0001	0.0001	0.01885	0.01769	0.0	0.0001	0.0001	0.04262	0.0001	0.0099	0.0001	0.02994	0.0001	0.01421	0.0001	0.02883	0.02191	0.0	0.22655	0.01739	0.54388	0.03674	0.2744	0.02191	0.02352	0.0001	0.02395	0.0	0.02191	0.0001	0.01983	0.09975	0.00126	0.39612	0.02191	0.04638	0.00858	0.02914	0.15222	0.0	0.0001	0.02902	0.27557	0.03258	0.03595	0.01538	0.0001	0.0001	0.01739	0.0245	0.03515	0.14001	0.0	0.0	0.0	0.0	0.0	0.16746	0.0863	0.01119	0.03636	0.13878	0.22698	0.39612	0.00807	0.01305	0.03385	0.0001	0.0001	0.01538	0.04148	0.0001	0.04439	0.02191	0.02011	0.02481	0.05446	0.02191	0.01739	0.02162	0.03198	0.05437	0.27904	0.01421	0.0001	0.0161	0.06164	0.16741	0.01422	0.0	0.0001	0.0001	0.0001	0.02665	0.04957	
0.08337	0.01493	0.00035	0.00035	0.00035	0.02365	0.00035	0.42896	0.02434	0.08188	0.00016	0.00016	0.00016	0.00016	0.00016	0.00016	0.00016	0.00016	0.01538	0.0	0.02709	0.02892	0.00016	0.01986	0.01468	0.00016	0.47655	0.05853	0.01145	0.01181	0.0157	0.09081	0.0368	0.03653	0.0	0.00016	0.02946	0.01074	0.1801	0.00701	0.01091	0.01915	0.01347	0.00016	0.02171	0.05249	0.00016	0.00016	0.00016	0.00016	0.00016	0.00016	0.00016	0.00016	0.01141	0.01092	0.0	0.00016	0.00016	0.0263	0.00016	0.00666	0.00016	0.01717	0.00016	0.00917	0.00016	0.01669	0.01347	0.0	0.18724	0.01096	0.01983	0.07013	0.02132	0.01347	0.01432	0.00016	0.01405	0.0	0.01347	0.00016	0.0443	0.04898	0.00092	0.01091	0.01347	0.02492	0.00586	0.41396	0.017	0.0	0.00016	0.01639	0.01402	0.01823	0.02042	0.99963	0.00016	0.00016	0.01096	0.01486	0.01949	0.02562	0.0	0.0	0.0	0.0	0.0	0.05957	0.01966	0.00742	0.3554	0.01612	0.01921	0.01091	0.02554	0.00851	0.01986	0.00016	0.00016	0.99963	0.02299	0.00016	0.02545	0.01347	0.59361	0.01502	0.0168	0.01347	0.01096	0.54609	0.01825	0.01806	0.0138	0.00917	0.00016	0.00994	0.0344	0.21756	0.00918	0.0	0.00016	0.00016	0.00016	0.01548	0.02736	
0.06965	0.01041	0.00076	0.00076	0.00076	0.05259	0.00076	0.06009	0.09148	0.05078	6e-05	6e-05	6e-05	6e-05	6e-05	6e-05	6e-05	6e-05	0.00589	0.02709	0.0	0.1774	6e-05	0.04724	0.04484	6e-05	0.04772	0.09213	0.12926	0.03587	0.02251	0.00109	0.07319	0.0317	0.0	6e-05	0.063	0.03024	0.09936	0.01777	0.03086	0.15392	0.20452	6e-05	0.00035	0.00501	6e-05	6e-05	6e-05	6e-05	6e-05	6e-05	6e-05	6e-05	0.03498	0.03233	0.0	6e-05	6e-05	0.01342	6e-05	0.01669	6e-05	0.17044	6e-05	0.02481	6e-05	0.05641	0.20452	0.0	0.06901	0.03105	0.15769	0.05561	0.05292	0.20452	0.04351	6e-05	0.046	0.0	0.20452	6e-05	0.10969	0.04403	0.00229	0.03086	0.20452	0.13143	0.01429	0.01977	0.10195	0.0	6e-05	0.25501	0.04587	0.08919	0.07224	0.02709	6e-05	6e-05	0.03105	0.04556	0.15737	0.12003	0.0	0.0	0.0	0.0	0.0	0.18602	0.06998	0.01908	0.02538	0.05049	0.06865	0.03086	0.01441	0.00866	0.04724	6e-05	6e-05	0.02709	0.13744	6e-05	0.01634	0.20452	0.03765	0.0462	0.17807	0.20452	0.03105	0.0972	0.0832	0.15319	0.04493	0.02481	6e-05	0.02928	0.04874	0.07339	0.02483	0.0	6e-05	6e-05	6e-05	0.29239	0.08555	
0.15424	0.04647	0.00325	0.00325	0.00325	0.29147	0.00325	0.17384	0.07321	0.17195	7e-05	7e-05	7e-05	7e-05	7e-05	7e-05	7e-05	7e-05	0.05316	0.02892	0.1774	0.0	7e-05	0.30852	0.02331	7e-05	0.11367	0.11855	0.15253	0.07343	0.08733	0.09574	0.08572	0.11994	0.0	7e-05	0.1145	0.03255	0.20068	0.01846	0.03326	0.38295	0.38549	7e-05	0.02298	0.08114	7e-05	7e-05	7e-05	7e-05	7e-05	7e-05	7e-05	7e-05	0.03896	0.12074	0.0	7e-05	7e-05	0.14213	7e-05	0.01727	7e-05	0.30775	7e-05	0.02632	7e-05	0.03047	0.38549	0.0	0.05114	0.11215	0.32239	0.19043	0.28429	0.38549	0.04847	7e-05	0.11286	0.0	0.38549	7e-05	0.27817	0.32766	0.01232	0.03326	0.38549	0.43316	0.01467	0.04228	0.06419	0.0	7e-05	0.30921	0.09514	0.25881	0.1297	0.02892	7e-05	7e-05	0.11215	0.18309	0.38548	0.17686	0.0	0.0	0.0	0.0	0.0	0.25756	0.07658	0.06336	0.08873	0.0198	0.08205	0.03326	0.07919	0.02381	0.30852	7e-05	7e-05	0.02892	0.27681	7e-05	0.16759	0.38549	0.04223	0.05146	0.35374	0.38549	0.11215	0.04633	0.2363	0.08124	0.05136	0.02632	7e-05	0.03209	0.08955	0.19512	0.08583	0.0	7e-05	7e-05	7e-05	0.33672	0.14385	
3e-05	0.00011	0.0	0.0	0.0	6e-05	0.0	4e-05	3e-05	2e-05	0.0	0.0	0.0	0.0	0.0	0.0	0.0	0.0	0.0001	0.00016	6e-05	7e-05	0.0	0.0001	0.00011	0.0	4e-05	2e-05	8e-05	0.00043	0.00032	6e-05	3e-05	0.00022	0.0	0.0	6e-05	0.00015	7e-05	0.00023	0.00013	0.00013	0.00016	0.0	7e-05	0.0001	0.0	0.0	0.0	0.0	0.0	0.0	0.0	0.0	7e-05	0.00047	0.0	0.0	0.0	7e-05	0.0	0.00024	0.0	0.00018	0.0	0.00017	0.0	5e-05	0.00016	0.0	3e-05	0.00013	5e-05	1e-05	5e-05	0.00016	0.0001	0.0	5e-05	0.0	0.00016	0.0	3e-05	1e-05	0.0	0.00013	0.00016	6e-05	0.00028	5e-05	0.00011	0.0	0.0	4e-05	5e-05	2e-05	7e-05	0.00016	0.0	0.0	0.00013	0.0001	3e-05	1e-05	0.0	0.0	0.0	0.0	0.0	2e-05	8e-05	0.00021	4e-05	9e-05	3e-05	0.00013	8e-05	0.00019	0.0001	0.0	0.0	0.00016	9e-05	0.0	0.00019	0.00016	6e-05	0.0001	8e-05	0.00016	0.00013	6e-05	5e-05	2e-05	4e-05	0.00017	0.0	8e-05	5e-05	2e-05	0.00017	0.0	0.0	0.0	0.0	7e-05	3e-05	
0.08576	0.03275	0.00079	0.00079	0.00079	0.40641	0.00079	0.04138	0.03231	0.03057	0.0001	0.0001	0.0001	0.0001	0.0001	0.0001	0.0001	0.0001	0.03385	0.01986	0.04724	0.30852	0.0001	0.0	0.032	0.0001	0.18884	0.08227	0.07003	0.02565	0.03626	0.02173	0.01829	0.02021	0.0	0.0001	0.34778	0.02205	0.08716	0.01328	0.02247	0.20832	0.352	0.0001	0.03003	0.15161	0.0001	0.0001	0.0001	0.0001	0.0001	0.0001	0.0001	0.0001	0.02499	0.02327	0.0	0.0001	0.0001	0.43384	0.0001	0.0125	0.0001	0.25322	0.0001	0.01826	0.0001	0.03918	0.352	0.0	0.06307	0.24716	0.2346	0.14231	0.05434	0.352	0.10634	0.0001	0.19153	0.0	0.352	0.0001	0.40857	0.10236	0.04812	0.02247	0.352	0.18637	0.01077	0.03977	0.04023	0.0	0.0001	0.23266	0.03219	0.13983	0.04943	0.01986	0.0001	0.0001	0.24716	0.09609	0.62151	0.21571	0.0	0.0	0.0	0.0	0.0	0.2222	0.04782	0.01422	0.05025	0.03578	0.04689	0.02247	0.06123	0.0167	0.99984	0.0001	0.0001	0.01986	0.22356	0.0001	0.05696	0.352	0.02677	0.03291	0.28258	0.352	0.24716	0.02893	0.14035	0.04516	0.03157	0.01826	0.0001	0.02113	0.26759	0.1247	0.01828	0.0	0.0001	0.0001	0.0001	0.27186	0.05383	
0.07985	0.10688	0.00035	0.00035	0.00035	0.03998	0.00035	0.09266	0.17288	0.0127	0.00011	0.00011	0.00011	0.00011	0.00011	0.00011	0.00011	0.00011	0.02416	0.01468	0.04484	0.02331	0.00011	0.032	0.0	0.00011	0.02336	0.1622	0.01767	0.01839	0.08833	0.05852	0.12709	0.06295	0.0	0.00011	0.01301	0.01619	0.03518	0.01005	0.01647	0.15095	0.02082	0.00011	0.03528	0.0001	0.00011	0.00011	0.00011	0.00011	0.00011	0.00011	0.00011	0.00011	0.24124	0.01681	0.0	0.00011	0.00011	0.04342	0.00011	0.00949	0.00011	0.02823	0.00011	0.31925	0.00011	0.06961	0.02082	0.0	0.03216	0.01656	0.03321	0.05148	0.2109	0.02082	0.02232	0.00011	0.20888	0.0	0.02082	0.00011	0.08971	0.02985	0.00109	0.01647	0.02082	0.05051	0.00824	0.0834	0.02784	0.0	0.00011	0.02732	0.20944	0.03064	0.04029	0.01468	0.00011	0.00011	0.01656	0.02324	0.03298	0.04458	0.0	0.0	0.0	0.0	0.0	0.01924	0.17877	0.01072	0.04586	0.07722	0.05915	0.01647	0.02161	0.01248	0.032	0.00011	0.00011	0.01468	0.03896	0.00011	0.04184	0.02082	0.01906	0.02353	0.02725	0.02082	0.01656	0.02046	0.03013	0.03052	0.02218	0.31925	0.00011	0.0153	0.05791	0.02853	0.31963	0.0	0.00011	0.00011	0.00011	0.02516	0.02264	
3e-05	0.00011	0.0	0.0	0.0	6e-05	0.0	4e-05	3e-05	2e-05	0.0	0.0	0.0	0.0	0.0	0.0	0.0	0.0	0.0001	0.00016	6e-05	7e-05	0.0	0.0001	0.00011	0.0	4e-05	2e-05	8e-05	0.00043	0.00032	6e-05	3e-05	0.00022	0.0	0.0	6e-05	0.00015	7e-05	0.00023	0.00013	0.00013	0.00016	0.0	7e-05	0.0001	0.0	0.0	0.0	0.0	0.0	0.0	0.0	0.0	7e-05	0.00047	0.0	0.0	0.0	7e-05	0.0	0.00024	0.0	0.00018	0.0	0.00017	0.0	5e-05	0.00016	0.0	3e-05	0.00013	5e-05	1e-05	5e-05	0.00016	0.0001	0.0	5e-05	0.0	0.00016	0.0	3e-05	1e-05	0.0	0.00013	0.00016	6e-05	0.00028	5e-05	0.00011	0.0	0.0	4e-05	5e-05	2e-05	7e-05	0.00016	0.0	0.0	0.00013	0.0001	3e-05	1e-05	0.0	0.0	0.0	0.0	0.0	2e-05	8e-05	0.00021	4e-05	9e-05	3e-05	0.00013	8e-05	0.00019	0.0001	0.0	0.0	0.00016	9e-05	0.0	0.00019	0.00016	6e-05	0.0001	8e-05	0.00016	0.00013	6e-05	5e-05	2e-05	4e-05	0.00017	0.0	8e-05	5e-05	2e-05	0.00017	0.0	0.0	0.0	0.0	7e-05	3e-05	
0.10613	0.02364	0.00032	0.00032	0.00032	0.30534	0.00032	0.30807	0.14274	0.09344	4e-05	4e-05	4e-05	4e-05	4e-05	4e-05	4e-05	4e-05	0.02472	0.47655	0.04772	0.11367	4e-05	0.18884	0.02336	4e-05	0.0	0.09658	0.01782	0.01882	0.02664	0.09851	0.06953	0.0692	0.0	4e-05	0.12201	0.01605	0.14347	0.00962	0.01636	0.03557	0.02105	4e-05	0.16847	0.09113	4e-05	4e-05	4e-05	4e-05	4e-05	4e-05	4e-05	4e-05	0.01829	0.01706	0.0	4e-05	4e-05	0.13592	4e-05	0.00905	4e-05	0.03007	4e-05	0.01327	4e-05	0.02874	0.02105	0.0	0.53446	0.53417	0.03586	0.15309	0.03697	0.02105	0.30495	4e-05	0.38163	0.0	0.02105	4e-05	0.24286	0.10384	0.31387	0.01636	0.02105	0.04849	0.00778	0.30068	0.02953	0.0	4e-05	0.02942	0.02362	0.03321	0.03623	0.47655	4e-05	4e-05	0.53417	0.28742	0.29092	0.16174	0.0	0.0	0.0	0.0	0.0	0.12621	0.0351	0.0103	0.27766	0.02613	0.03442	0.01636	0.04462	0.01213	0.18884	4e-05	4e-05	0.47655	0.04247	4e-05	0.04435	0.02105	0.36667	0.02403	0.02857	0.02105	0.53417	0.35035	0.03215	0.03326	0.02316	0.01327	4e-05	0.01544	0.1081	0.21323	0.01328	0.0	4e-05	4e-05	4e-05	0.02652	0.05058	
0.29803	0.15592	0.00165	0.00165	0.00165	0.13486	0.00165	0.18059	0.24562	0.17326	2e-05	2e-05	2e-05	2e-05	2e-05	2e-05	2e-05	2e-05	0.02814	0.05853	0.09213	0.11855	2e-05	0.08227	0.1622	2e-05	0.09658	0.0	0.08685	0.13426	0.16897	0.16675	0.1333	0.09553	0.0	2e-05	0.1784	0.05535	0.07997	0.03023	0.06835	0.32686	0.09252	2e-05	0.04069	0.08353	2e-05	2e-05	2e-05	2e-05	2e-05	2e-05	2e-05	2e-05	0.21221	0.07491	0.0	2e-05	2e-05	0.04083	2e-05	0.02819	2e-05	0.09058	2e-05	0.20802	2e-05	0.05839	0.09252	0.0	0.08121	0.05713	0.09807	0.17197	0.17401	0.09252	0.08541	2e-05	0.22847	0.0	0.09252	2e-05	0.13944	0.13884	0.0055	0.06835	0.09252	0.22719	0.05957	0.07058	0.06102	0.0	2e-05	0.13649	0.11728	0.2251	0.09039	0.05853	2e-05	2e-05	0.05713	0.02463	0.17342	0.17602	0.0	0.0	0.0	0.0	0.0	0.12522	0.10627	0.03916	0.17336	0.12591	0.19962	0.06835	0.05575	0.03957	0.08227	2e-05	2e-05	0.05853	0.11992	2e-05	0.10409	0.09252	0.0771	0.14091	0.12103	0.09252	0.05713	0.08323	0.10024	0.1649	0.15585	0.20802	2e-05	0.05502	0.14097	0.14001	0.05288	0.0	2e-05	2e-05	2e-05	0.11948	0.0713	
0.1605	0.01821	0.00033	0.00033	0.00033	0.0589	0.00033	0.0219	0.0321	0.08597	8e-05	8e-05	8e-05	8e-05	8e-05	8e-05	8e-05	8e-05	0.01872	0.01145	0.12926	0.15253	8e-05	0.07003	0.01767	8e-05	0.01782	0.08685	0.0	0.01485	0.01991	0.04419	0.20666	0.07433	0.0	8e-05	0.04469	0.01259	0.20974	0.00794	0.01293	0.14222	0.33323	8e-05	0.0274	0.05435	8e-05	8e-05	8e-05	8e-05	8e-05	8e-05	8e-05	8e-05	0.01366	0.01371	0.0	8e-05	8e-05	0.04689	8e-05	0.00751	8e-05	0.18724	8e-05	0.01061	8e-05	0.10785	0.33323	0.0	0.02458	0.013	0.16793	0.06821	0.01918	0.33323	0.01733	8e-05	0.01728	0.0	0.33323	8e-05	0.14348	0.07638	0.001	0.01293	0.33323	0.12516	0.00655	0.02083	0.02179	0.0	8e-05	0.16491	0.01724	0.08215	0.02646	0.01145	8e-05	8e-05	0.013	0.01811	0.15641	0.05329	0.0	0.0	0.0	0.0	0.0	0.1345	0.02552	0.00854	0.02608	0.0197	0.02445	0.01293	0.0333	0.00978	0.07003	8e-05	8e-05	0.01145	0.24691	8e-05	0.04617	0.33323	0.01453	0.14073	0.23144	0.33323	0.013	0.01557	0.08409	0.02298	0.01702	0.01061	8e-05	0.01175	0.09033	0.07816	0.01062	0.0	8e-05	8e-05	8e-05	0.20885	0.04679	
0.06801	0.08525	0.18528	0.18528	0.18528	0.06382	0.18528	0.0669	0.16224	0.24064	0.00043	0.00043	0.00043	0.00043	0.00043	0.00043	0.00043	0.00043	0.01938	0.01181	0.03587	0.07343	0.00043	0.02565	0.01839	0.00043	0.01882	0.13426	0.01485	0.0	0.25654	0.08256	0.07158	0.24303	0.0	0.00043	0.03922	0.01301	0.02819	0.00814	0.01324	0.1222	0.01671	0.00043	0.02827	0.06844	0.00043	0.00043	0.00043	0.00043	0.00043	0.00043	0.00043	0.00043	0.01441	0.32185	0.0	0.00043	0.00043	0.03475	0.00043	0.0077	0.00043	0.15363	0.00043	0.01092	0.00043	0.0219	0.01671	0.0	0.0259	0.01331	0.02675	0.18775	0.06913	0.01671	0.01791	0.00043	0.01824	0.0	0.01671	0.00043	0.06286	0.06955	0.00213	0.01324	0.01671	0.18797	0.00671	0.02214	0.12358	0.0	0.00043	0.02205	0.01819	0.24816	0.09733	0.01181	0.00043	0.00043	0.01331	0.01864	0.07362	0.03592	0.0	0.0	0.0	0.0	0.0	0.06646	0.10258	0.00866	0.12311	0.0204	0.13863	0.01324	0.08896	0.01006	0.02565	0.00043	0.00043	0.01181	0.09119	0.00043	0.19738	0.01671	0.01535	0.2124	0.02224	0.01671	0.01331	0.01649	0.02426	0.02465	0.33527	0.01092	0.00043	0.01234	0.04622	0.04407	0.01093	0.0	0.00043	0.00043	0.00043	0.02027	0.0666	
0.10865	0.18201	0.11459	0.11459	0.11459	0.07639	0.11459	0.07171	0.2243	0.13494	0.00032	0.00032	0.00032	0.00032	0.00032	0.00032	0.00032	0.00032	0.02682	0.0157	0.02251	0.08733	0.00032	0.03626	0.08833	0.00032	0.02664	0.16897	0.01991	0.25654	0.0	0.06866	0.0252	0.21825	0.0	0.00032	0.17128	0.01744	0.04013	0.01051	0.01778	0.253	0.02285	0.00032	0.04026	0.02881	0.00032	0.00032	0.00032	0.00032	0.00032	0.00032	0.00032	0.00032	0.20152	0.26661	0.0	0.00032	0.00032	0.05017	0.00032	0.0099	0.00032	0.14495	0.00032	0.24594	0.00032	0.03124	0.02285	0.0	0.03764	0.01788	0.03903	0.07845	0.07585	0.02285	0.02463	0.00032	0.18235	0.0	0.02285	0.00032	0.03999	0.08884	0.00195	0.01778	0.02285	0.09767	0.00854	0.03176	0.11791	0.0	0.00032	0.13717	0.02567	0.03616	0.09868	0.0157	0.00032	0.00032	0.01788	0.02573	0.0393	0.12652	0.0	0.0	0.0	0.0	0.0	0.08312	0.10318	0.01125	0.05197	0.02836	0.06288	0.01778	0.08361	0.01321	0.03626	0.00032	0.00032	0.0157	0.11293	0.00032	0.09428	0.02285	0.02131	0.02608	0.03138	0.02285	0.01788	0.16341	0.03497	0.06493	0.02517	0.24594	0.00032	0.01679	0.06791	0.06761	0.01445	0.0	0.00032	0.00032	0.00032	0.15379	0.19932	
0.01518	0.06054	0.00106	0.00106	0.00106	0.22237	0.00106	0.06684	0.02826	0.08759	6e-05	6e-05	6e-05	6e-05	6e-05	6e-05	6e-05	6e-05	0.01945	0.09081	0.00109	0.09574	6e-05	0.02173	0.05852	6e-05	0.09851	0.16675	0.04419	0.08256	0.06866	0.0	0.04353	0.19399	0.0	6e-05	5e-05	0.03893	0.12969	0.02254	0.10512	0.11406	0.14247	6e-05	0.00033	0.0217	6e-05	6e-05	6e-05	6e-05	6e-05	6e-05	6e-05	6e-05	0.04554	0.07006	0.0	6e-05	6e-05	0.08263	6e-05	0.02114	6e-05	0.13589	6e-05	0.03174	6e-05	0.07493	0.14247	0.0	0.08011	0.03999	0.1335	0.12337	0.19434	0.14247	0.05673	6e-05	0.06062	0.0	0.14247	6e-05	0.11943	0.03371	0.00316	0.10512	0.14247	0.09032	0.01804	0.10619	0.01915	0.0	6e-05	0.12953	0.10595	0.11554	0.02006	0.09081	6e-05	6e-05	0.03999	6e-05	0.15035	0.2033	0.0	0.0	0.0	0.0	0.0	0.18525	0.02465	0.06189	0.0592	0.01475	0.0744	0.10512	0.02079	0.02882	0.02173	6e-05	6e-05	0.09081	0.09423	6e-05	0.15698	0.14247	0.09217	0.00325	0.18158	0.14247	0.03999	0.09399	0.05732	0.09021	0.16554	0.03174	6e-05	0.03787	0.00196	0.0986	0.03177	0.0	6e-05	6e-05	6e-05	0.13423	0.02029	
0.16358	0.11557	0.00095	0.00095	0.00095	0.04431	0.00095	0.11625	0.0524	0.06647	3e-05	3e-05	3e-05	3e-05	3e-05	3e-05	3e-05	3e-05	0.00407	0.0368	0.07319	0.08572	3e-05	0.01829	0.12709	3e-05	0.06953	0.1333	0.20666	0.07158	0.0252	0.04353	0.0	0.1008	0.0	3e-05	0.02722	0.04141	0.06307	0.02352	0.04232	0.14484	0.11149	3e-05	0.01552	0.04736	3e-05	3e-05	3e-05	3e-05	3e-05	3e-05	3e-05	3e-05	0.07256	0.06158	0.0	3e-05	3e-05	0.00783	3e-05	0.02201	3e-05	0.11943	3e-05	0.06425	3e-05	0.01997	0.11149	0.0	0.10492	0.0426	0.08784	0.23553	0.12925	0.11149	0.06136	3e-05	0.08425	0.0	0.11149	3e-05	0.16182	0.0641	0.00308	0.04232	0.11149	0.12664	0.01869	0.03316	0.04349	0.0	3e-05	0.11557	0.08412	0.09596	0.02819	0.0368	3e-05	3e-05	0.0426	0.0041	0.13422	0.03158	0.0	0.0	0.0	0.0	0.0	0.09317	0.11297	0.0481	0.05248	0.0049	0.07579	0.04232	0.03485	0.03032	0.01829	3e-05	3e-05	0.0368	0.08501	3e-05	0.12058	0.11149	0.05347	0.00499	0.11265	0.11149	0.0426	0.05865	0.05168	0.05312	0.08156	0.06425	3e-05	0.04066	0.02845	0.05734	0.06431	0.0	3e-05	3e-05	3e-05	0.11409	0.05916	
0.03224	0.04194	0.06231	0.06231	0.06231	0.24231	0.06231	0.06341	0.0623	0.05604	0.00022	0.00022	0.00022	0.00022	0.00022	0.00022	0.00022	0.00022	0.13646	0.03653	0.0317	0.11994	0.00022	0.02021	0.06295	0.00022	0.0692	0.09553	0.07433	0.24303	0.21825	0.19399	0.1008	0.0	0.0	0.00022	0.0121	0.04111	0.01453	0.02337	0.0819	0.2252	0.11123	0.00022	0.0314	0.09939	0.00022	0.00022	0.00022	0.00022	0.00022	0.00022	0.00022	0.00022	0.04905	0.23546	0.0	0.00022	0.00022	0.067	0.00022	0.02187	0.00022	0.21145	0.00022	0.03325	0.00022	0.02544	0.11123	0.0	0.1168	0.04228	0.24516	0.06636	0.22374	0.11123	0.06093	0.00022	0.06642	0.0	0.11123	0.00022	0.10073	0.06029	0.004	0.0819	0.11123	0.13196	0.0186	0.08519	0.12411	0.0	0.00022	0.11584	0.09244	0.09753	0.07495	0.03653	0.00022	0.00022	0.04228	0.0053	0.13486	0.15945	0.0	0.0	0.0	0.0	0.0	0.14608	0.09886	0.0479	0.03419	0.01414	0.06554	0.0819	0.05071	0.0301	0.02021	0.00022	0.00022	0.03653	0.16008	0.00022	0.28696	0.11123	0.05317	0.03811	0.14507	0.11123	0.04228	0.05833	0.05301	0.05399	0.1313	0.03325	0.00022	0.04041	0.01929	0.07011	0.03329	0.0	0.00022	0.00022	0.00022	0.11416	0.04992	
0.0	0.0	0.0	0.0	0.0	0.0	0.0	0.0	0.0	0.0	0.0	0.0	0.0	0.0	0.0	0.0	0.0	0.0	0.0	0.0	0.0	0.0	0.0	0.0	0.0	0.0	0.0	0.0	0.0	0.0	0.0	0.0	0.0	0.0	0.0	0.0	0.0	0.0	0.0	0.0	0.0	0.0	0.0	0.0	0.0	0.0	0.0	0.0	0.0	0.0	0.0	0.0	0.0	0.0	0.0	0.0	0.0	0.0	0.0	0.0	0.0	0.0	0.0	0.0	0.0	0.0	0.0	0.0	0.0	0.0	0.0	0.0	0.0	0.0	0.0	0.0	0.0	0.0	0.0	0.0	0.0	0.0	0.0	0.0	0.0	0.0	0.0	0.0	0.0	0.0	0.0	0.0	0.0	0.0	0.0	0.0	0.0	0.0	0.0	0.0	0.0	0.0	0.0	0.0	0.0	0.0	0.0	0.0	0.0	0.0	0.0	0.0	0.0	0.0	0.0	0.0	0.0	0.0	0.0	0.0	0.0	0.0	0.0	0.0	0.0	0.0	0.0	0.0	0.0	0.0	0.0	0.0	0.0	0.0	0.0	0.0	0.0	0.0	0.0	0.0	0.0	0.0	0.0	0.0	0.0	0.0	0.0	
3e-05	0.00011	0.0	0.0	0.0	6e-05	0.0	4e-05	3e-05	2e-05	0.0	0.0	0.0	0.0	0.0	0.0	0.0	0.0	0.0001	0.00016	6e-05	7e-05	0.0	0.0001	0.00011	0.0	4e-05	2e-05	8e-05	0.00043	0.00032	6e-05	3e-05	0.00022	0.0	0.0	6e-05	0.00015	7e-05	0.00023	0.00013	0.00013	0.00016	0.0	7e-05	0.0001	0.0	0.0	0.0	0.0	0.0	0.0	0.0	0.0	7e-05	0.00047	0.0	0.0	0.0	7e-05	0.0	0.00024	0.0	0.00018	0.0	0.00017	0.0	5e-05	0.00016	0.0	3e-05	0.00013	5e-05	1e-05	5e-05	0.00016	0.0001	0.0	5e-05	0.0	0.00016	0.0	3e-05	1e-05	0.0	0.00013	0.00016	6e-05	0.00028	5e-05	0.00011	0.0	0.0	4e-05	5e-05	2e-05	7e-05	0.00016	0.0	0.0	0.00013	0.0001	3e-05	1e-05	0.0	0.0	0.0	0.0	0.0	2e-05	8e-05	0.00021	4e-05	9e-05	3e-05	0.00013	8e-05	0.00019	0.0001	0.0	0.0	0.00016	9e-05	0.0	0.00019	0.00016	6e-05	0.0001	8e-05	0.00016	0.00013	6e-05	5e-05	2e-05	4e-05	0.00017	0.0	8e-05	5e-05	2e-05	0.00017	0.0	0.0	0.0	0.0	7e-05	3e-05	
0.10902	0.01616	0.00087	0.00087	0.00087	0.13829	0.00087	0.06641	0.06954	0.13645	6e-05	6e-05	6e-05	6e-05	6e-05	6e-05	6e-05	6e-05	0.05214	0.02946	0.063	0.1145	6e-05	0.34778	0.01301	6e-05	0.12201	0.1784	0.04469	0.03922	0.17128	5e-05	0.02722	0.0121	0.0	6e-05	0.0	0.03293	0.02498	0.01925	0.0336	0.22045	0.17995	6e-05	0.00361	0.08318	6e-05	6e-05	6e-05	6e-05	6e-05	6e-05	6e-05	6e-05	0.0982	0.0353	0.0	6e-05	6e-05	0.12706	6e-05	0.01806	6e-05	0.15649	6e-05	0.1025	6e-05	0.06211	0.17995	0.0	0.03749	0.13241	0.15659	0.03969	0.0561	0.17995	0.04361	6e-05	0.2167	0.0	0.17995	6e-05	0.18783	0.0281	0.01589	0.0336	0.17995	0.15233	0.01545	0.0634	0.06403	0.0	6e-05	0.22546	0.05036	0.08098	0.07987	0.02946	6e-05	6e-05	0.13241	0.03754	0.25961	0.13845	0.0	0.0	0.0	0.0	0.0	0.10256	0.07738	0.02068	0.01964	0.05535	0.02579	0.0336	0.00553	0.02452	0.34778	6e-05	6e-05	0.02946	0.11966	6e-05	0.01047	0.17995	0.04121	0.05058	0.1605	0.17995	0.13241	0.09152	0.07156	0.0421	0.04932	0.1025	6e-05	0.03194	0.0568	0.11382	0.02698	0.0	6e-05	6e-05	6e-05	0.25424	0.0705	
0.04429	0.01645	0.00034	0.00034	0.00034	0.02652	0.00034	0.01927	0.02105	0.03586	0.00015	0.00015	0.00015	0.00015	0.00015	0.00015	0.00015	0.00015	0.01699	0.01074	0.03024	0.03255	0.00015	0.02205	0.01619	0.00015	0.01605	0.05535	0.01259	0.01301	0.01744	0.03893	0.04141	0.04111	0.0	0.00015	0.03293	0.0	0.02409	0.00758	0.01195	0.0215	0.01482	0.00015	0.02415	0.05906	0.00015	0.00015	0.00015	0.00015	0.00015	0.00015	0.00015	0.00015	0.20466	0.012	0.0	0.00015	0.00015	0.02934	0.00015	0.33863	0.00015	0.07138	0.00015	0.01	0.00015	0.29943	0.01482	0.0	0.02158	0.012	0.0222	0.04019	0.02377	0.01482	0.0657	0.00015	0.0156	0.0	0.01482	0.00015	0.05029	0.10123	0.00095	0.01195	0.01482	0.02811	0.00631	0.01866	0.01895	0.0	0.00015	0.13674	0.01557	0.02043	0.23921	0.01074	0.00015	0.00015	0.012	0.01639	0.02186	0.0289	0.0	0.0	0.0	0.0	0.0	0.01251	0.02198	0.00804	0.0229	0.01782	0.02149	0.01195	0.02849	0.00925	0.02205	0.00015	0.00015	0.01074	0.0258	0.00015	0.02838	0.01482	0.01335	0.01658	0.17479	0.01482	0.012	0.01423	0.02037	0.33868	0.01532	0.01	0.00015	0.22614	0.10407	0.03512	0.01	0.0	0.00015	0.00015	0.00015	0.01723	0.01474	
0.18363	0.03598	0.00071	0.00071	0.00071	0.07665	0.00071	0.14102	0.06855	0.1321	7e-05	7e-05	7e-05	7e-05	7e-05	7e-05	7e-05	7e-05	0.03727	0.1801	0.09936	0.20068	7e-05	0.08716	0.03518	7e-05	0.14347	0.07997	0.20974	0.02819	0.04013	0.12969	0.06307	0.01453	0.0	7e-05	0.02498	0.02409	0.0	0.01439	0.02456	0.18871	0.29857	7e-05	0.05631	0.00032	7e-05	7e-05	7e-05	7e-05	7e-05	7e-05	7e-05	7e-05	0.02748	0.02552	0.0	7e-05	7e-05	0.03712	7e-05	0.01354	7e-05	0.22379	7e-05	0.01989	7e-05	0.04344	0.29857	0.0	0.03773	0.0247	0.21044	0.07997	0.05127	0.29857	0.03418	7e-05	0.03568	0.0	0.29857	7e-05	0.19702	0.10506	0.00198	0.02456	0.29857	0.17404	0.01164	0.13964	0.04464	0.0	7e-05	0.2069	0.03558	0.12166	0.05503	0.1801	7e-05	7e-05	0.0247	0.03573	0.19705	0.07505	0.0	0.0	0.0	0.0	0.0	0.1524	0.05327	0.01542	0.13858	0.03943	0.05224	0.02456	0.06816	0.01816	0.08716	7e-05	7e-05	0.1801	0.20335	7e-05	0.04179	0.29857	0.15233	0.03621	0.24521	0.29857	0.0247	0.14866	0.11925	0.05046	0.03489	0.01989	7e-05	0.02316	0.05474	0.23151	0.01991	0.0	7e-05	7e-05	7e-05	0.23765	0.04259	
0.02463	0.01025	0.00039	0.00039	0.00039	0.01529	0.00039	0.01139	0.01574	0.02037	0.00023	0.00023	0.00023	0.00023	0.00023	0.00023	0.00023	0.00023	0.01049	0.00701	0.01777	0.01846	0.00023	0.01328	0.01005	0.00023	0.00962	0.03023	0.00794	0.00814	0.01051	0.02254	0.02352	0.02337	0.0	0.00023	0.01925	0.00758	0.01439	0.0	0.00768	0.01234	0.00931	0.00023	0.01442	0.03362	0.00023	0.00023	0.00023	0.00023	0.00023	0.00023	0.00023	0.00023	0.00778	0.00761	0.0	0.00023	0.00023	0.01728	0.00023	0.00494	0.00023	0.01132	0.00023	0.00658	0.00023	0.01105	0.00931	0.0	0.01257	0.00772	0.01289	0.02218	0.01411	0.00931	0.00983	0.00023	0.00938	0.0	0.00931	0.00023	0.03061	0.03277	0.00088	0.00768	0.00931	0.01577	0.00441	0.01102	0.13606	0.0	0.00023	0.01067	0.00936	0.01181	0.01336	0.00701	0.00023	0.00023	0.00772	0.01016	0.22398	0.01622	0.0	0.0	0.0	0.0	0.0	0.02342	0.10484	0.00544	0.01331	0.01095	0.01252	0.00768	0.01681	0.00615	0.01328	0.00023	0.00023	0.00701	0.01483	0.00023	0.0168	0.00931	0.41311	0.01027	0.0112	0.00931	0.00772	0.00865	0.11895	0.01165	0.00923	0.00658	0.00023	0.51607	0.02233	0.01949	0.00658	0.0	0.00023	0.00023	0.00023	0.01028	0.06927	
