0.0	0.58005	0.01751	0.00044	0.00044	0.05471	0.13861	0.00044	0.00044	0.00044	0.00027	0.2535	0.00044	0.00044	0.00044	0.00044	0.18628	0.05471	0.00044	0.10374	0.00044	0.0	0.35685	0.2535	0.00044	0.01792	0.01373	0.03554	0.00044	0.04264	0.25295	0.11907	0.00276	0.25295	0.25295	0.25295	0.00044	0.0934	0.17524	0.00044	0.00044	0.25295	0.00044	0.00044	0.00044	0.00044	0.05494	0.00044	0.00044	0.00044	0.05494	0.00044	0.00044	0.00044	0.00044	0.00044	0.00044	0.00044	0.00044	0.00044	0.00044	0.00044	0.19266	0.00044	0.04264	0.08792	0.00044	0.00044	0.05494	0.19266	0.13879	0.37512	0.0	0.10347	0.0934	0.19266	0.26835	0.05347	0.11518	0.00123	0.07463	0.0934	0.19266	0.0	0.0	0.31776	0.25295	0.0934	0.19266	0.25295	0.10347	0.14099	0.00044	0.19266	0.00044	0.07778	0.04264	0.19266	0.03519	0.00044	0.0	0.0	0.51998	0.0	0.06872	0.00044	0.04437	0.19266	0.05347	0.25295	0.00044	0.0	0.00044	0.10347	0.10347	0.25295	0.19266	0.00026	0.10347	0.0934	0.19266	0.00044	0.00123	0.15526	0.23454	0.20072	0.2706	0.0934	0.1717	0.07778	0.0934	0.10347	0.17442	0.00044	0.00044	0.00044	0.19603	0.1717	0.01133	
0.58005	0.0	0.05536	0.00042	0.00042	0.08767	0.08906	0.00042	0.00042	0.00042	1.11972	0.28211	0.00042	0.00042	0.00042	0.00042	0.12075	0.08767	0.00042	0.52425	0.00042	0.58831	0.36035	0.28211	0.00042	0.05567	0.05264	0.18138	0.00042	0.11143	0.28169	0.41526	0.36136	0.28169	0.28169	0.28169	0.00042	0.16666	0.11337	0.00042	0.00042	0.28169	0.00042	0.00042	0.00042	0.00042	0.08783	0.00042	0.00042	0.00042	0.08783	0.00042	0.00042	0.00042	0.00042	0.00042	0.00042	0.00042	0.00042	0.00042	0.00042	0.00042	0.52	0.00042	0.11143	0.37953	0.00042	0.00042	0.08783	0.52	0.08918	0.31566	0.0	0.52397	0.16666	0.52	0.40404	0.16371	0.23492	0.08383	0.35934	0.16666	0.52	0.0	0.0	0.3293	0.28169	0.16666	0.52	0.28169	0.52397	0.47817	0.00042	0.52	0.00042	0.36334	0.11143	0.52	0.10532	0.00042	0.58831	0.58831	1.58764	0.0	0.35343	0.00042	0.04196	0.52	0.16371	0.28169	0.00042	0.0	0.00042	0.52397	0.52397	0.28169	0.52	0.35294	0.52397	0.16666	0.52	0.00042	0.08383	0.11027	0.53067	0.31519	0.56673	0.16666	0.29786	0.36334	0.16666	0.52397	0.52841	0.00042	0.00042	0.00042	0.23015	0.29786	0.14753	
0.01751	0.05536	0.0	0.00053	0.00053	0.29406	0.0315	0.00053	0.00053	0.00053	0.0	0.18266	0.00053	0.00053	0.00053	0.00053	0.26427	0.29406	0.00053	0.07964	0.00053	0.0	0.13823	0.18266	0.00053	1.00137	0.06537	0.22158	0.00053	0.28313	0.18212	0.26112	0.1106	0.18212	0.18212	0.18212	0.00053	0.07198	0.04036	0.00053	0.00053	0.18212	0.00053	0.00053	0.00053	0.00053	0.29436	0.00053	0.00053	0.00053	0.29436	0.00053	0.00053	0.00053	0.00053	0.00053	0.00053	0.00053	0.00053	0.00053	0.00053	0.00053	0.13895	0.00053	0.28313	0.17617	0.00053	0.00053	0.29436	0.13895	0.03167	0.25706	0.0	0.07935	0.07198	0.13895	0.18588	0.04223	0.08678	0.11076	0.05318	0.07198	0.13895	0.0	0.0	0.14932	0.18212	0.07198	0.13895	0.18212	0.07935	0.21244	0.00053	0.13895	0.00053	0.20062	0.28313	0.13895	0.00704	0.00053	0.0	0.0	0.38597	0.0	0.04716	0.00053	0.22104	0.13895	0.04223	0.18212	0.00053	0.0	0.00053	0.07935	0.07935	0.18212	0.13895	0.00744	0.07935	0.07198	0.13895	0.00053	0.11076	0.1163	0.16307	0.14472	0.20296	0.07198	0.01227	0.20062	0.07198	0.07935	0.10127	0.00053	0.00053	0.00053	0.27258	0.01227	0.13952	
0.00044	0.00042	0.00053	0.0	0.0	0.00044	0.00045	0.0	0.0	0.0	0.0	0.00098	0.0	0.0	0.0	0.0	0.00044	0.00044	0.0	0.00075	0.0	0.0	0.00062	0.00098	0.0	0.00139	0.00117	0.00128	0.0	0.00238	0.00014	0.0003	0.0001	0.00014	0.00014	0.00014	0.0	0.00012	0.0073	0.0	0.0	0.00014	0.0	0.0	0.0	0.0	0.00102	0.0	0.0	0.0	0.00102	0.0	0.0	0.0	0.0	0.0	0.0	0.0	0.0	0.0	0.0	0.0	9e-05	0.0	0.00238	3e-05	0.0	0.0	0.00102	9e-05	0.00094	0.0001	0.0	0.00022	0.00012	9e-05	3e-05	0.00024	0.00032	0.00185	0.00017	0.00012	9e-05	0.0	0.0	0.00042	0.00014	0.00012	9e-05	0.00014	0.00022	0.00041	0.0	9e-05	0.0	0.00161	0.00238	9e-05	0.00012	0.0	0.0	0.0	0.00022	0.0	5e-05	0.0	0.00035	9e-05	0.00024	0.00014	0.0	0.0	0.0	0.00022	0.00022	0.00014	9e-05	0.00012	0.00022	0.00012	9e-05	0.0	0.00185	0.00011	0.00019	8e-05	0.00027	0.00012	0.00013	0.00161	0.00012	0.00022	0.00325	0.0	0.0	0.0	0.0005	0.00013	0.00053	
0.00044	0.00042	0.00053	0.0	0.0	0.00044	0.00045	0.0	0.0	0.0	0.0	0.00098	0.0	0.0	0.0	0.0	0.00044	0.00044	0.0	0.00075	0.0	0.0	0.00062	0.00098	0.0	0.00139	0.00117	0.00128	0.0	0.00238	0.00014	0.0003	0.0001	0.00014	0.00014	0.00014	0.0	0.00012	0.0073	0.0	0.0	0.00014	0.0	0.0	0.0	0.0	0.00102	0.0	0.0	0.0	0.00102	0.0	0.0	0.0	0.0	0.0	0.0	0.0	0.0	0.0	0.0	0.0	9e-05	0.0	0.00238	3e-05	0.0	0.0	0.00102	9e-05	0.00094	0.0001	0.0	0.00022	0.00012	9e-05	3e-05	0.00024	0.00032	0.00185	0.00017	0.00012	9e-05	0.0	0.0	0.00042	0.00014	0.00012	9e-05	0.00014	0.00022	0.00041	0.0	9e-05	0.0	0.00161	0.00238	9e-05	0.00012	0.0	0.0	0.0	0.00022	0.0	5e-05	0.0	0.00035	9e-05	0.00024	0.00014	0.0	0.0	0.0	0.00022	0.00022	0.00014	9e-05	0.00012	0.00022	0.00012	9e-05	0.0	0.00185	0.00011	0.00019	8e-05	0.00027	0.00012	0.00013	0.00161	0.00012	0.00022	0.00325	0.0	0.0	0.0	0.0005	0.00013	0.00053	
0.05471	0.08767	0.29406	0.00044	0.00044	0.0	0.01907	0.00044	0.00044	0.00044	0.0	0.09235	0.00044	0.00044	0.00044	0.00044	0.02369	1.00009	0.00044	0.04411	0.00044	0.0	0.1404	0.09235	0.00044	0.29471	0.30991	0.39764	0.00044	0.13438	0.09177	0.1155	0.05896	0.09177	0.09177	0.09177	0.00044	0.04006	0.02572	0.00044	0.00044	0.09177	0.00044	0.00044	0.00044	0.00044	1.00066	0.00044	0.00044	0.00044	1.00066	0.00044	0.00044	0.00044	0.00044	0.00044	0.00044	0.00044	0.00044	0.00044	0.00044	0.00044	0.06881	0.00044	0.13438	0.0842	0.00044	0.00044	1.00066	0.06881	0.01928	0.12312	0.0	0.04378	0.04006	0.06881	0.08806	0.02479	0.04592	0.0597	0.09567	0.04006	0.06881	0.0	0.0	0.12539	0.09177	0.04006	0.06881	0.09177	0.04378	0.42276	0.00044	0.06881	0.00044	0.09447	0.13438	0.06881	0.13683	0.00044	0.0	0.0	0.1888	0.0	0.09624	0.00044	0.10853	0.06881	0.02479	0.09177	0.00044	0.0	0.00044	0.04378	0.04378	0.09177	0.06881	0.06478	0.04378	0.04006	0.06881	0.00044	0.0597	0.06168	0.07706	0.07183	0.29107	0.04006	0.156	0.09447	0.04006	0.04378	0.05381	0.00044	0.00044	0.00044	0.12061	0.156	0.07273	
0.13861	0.08906	0.0315	0.00045	0.00045	0.01907	0.0	0.00045	0.00045	0.00045	0.0	0.06515	0.00045	0.00045	0.00045	0.00045	0.01788	0.01907	0.00045	0.03218	0.00045	0.0	0.0936	0.06515	0.00045	0.03208	0.03102	0.04891	0.00045	0.09355	0.06453	0.06723	0.1251	0.06453	0.06453	0.06453	0.00045	0.02923	0.02071	0.00045	0.00045	0.06453	0.00045	0.00045	0.00045	0.00045	0.01939	0.00045	0.00045	0.00045	0.01939	0.00045	0.00045	0.00045	0.00045	0.00045	0.00045	0.00045	0.00045	0.00045	0.00045	0.00045	0.04769	0.00045	0.09355	0.05776	0.00045	0.00045	0.01939	0.04769	1.00036	0.08547	0.0	0.03182	0.02923	0.04769	0.06027	0.01862	0.03265	0.04319	0.06519	0.02923	0.04769	0.0	0.0	0.08438	0.06453	0.02923	0.04769	0.06453	0.03182	0.03809	0.00045	0.04769	0.00045	0.06487	0.09355	0.04769	0.09452	0.00045	0.0	0.0	0.1268	0.0	0.06556	0.00045	0.06512	0.04769	0.01862	0.06453	0.00045	0.0	0.00045	0.03182	0.03182	0.06453	0.04769	0.04622	0.03182	0.02923	0.04769	0.00045	0.04319	0.0441	0.05255	0.04987	0.0572	0.02923	0.04779	0.06487	0.02923	0.03182	0.03875	0.00045	0.00045	0.00045	0.15318	0.04779	0.09826	
0.00044	0.00042	0.00053	0.0	0.0	0.00044	0.00045	0.0	0.0	0.0	0.0	0.00098	0.0	0.0	0.0	0.0	0.00044	0.00044	0.0	0.00075	0.0	0.0	0.00062	0.00098	0.0	0.00139	0.00117	0.00128	0.0	0.00238	0.00014	0.0003	0.0001	0.00014	0.00014	0.00014	0.0	0.00012	0.0073	0.0	0.0	0.00014	0.0	0.0	0.0	0.0	0.00102	0.0	0.0	0.0	0.00102	0.0	0.0	0.0	0.0	0.0	0.0	0.0	0.0	0.0	0.0	0.0	9e-05	0.0	0.00238	3e-05	0.0	0.0	0.00102	9e-05	0.00094	0.0001	0.0	0.00022	0.00012	9e-05	3e-05	0.00024	0.00032	0.00185	0.00017	0.00012	9e-05	0.0	0.0	0.00042	0.00014	0.00012	9e-05	0.00014	0.00022	0.00041	0.0	9e-05	0.0	0.00161	0.00238	9e-05	0.00012	0.0	0.0	0.0	0.00022	0.0	5e-05	0.0	0.00035	9e-05	0.00024	0.00014	0.0	0.0	0.0	0.00022	0.00022	0.00014	9e-05	0.00012	0.00022	0.00012	9e-05	0.0	0.00185	0.00011	0.00019	8e-05	0.00027	0.00012	0.00013	0.00161	0.00012	0.00022	0.00325	0.0	0.0	0.0	0.0005	0.00013	0.00053	
0.00044	0.00042	0.00053	0.0	0.0	0.00044	0.00045	0.0	0.0	0.0	0.0	0.00098	0.0	0.0	0.0	0.0	0.00044	0.00044	0.0	0.00075	0.0	0.0	0.00062	0.00098	0.0	0.00139	0.00117	0.00128	0.0	0.00238	0.00014	0.0003	0.0001	0.00014	0.00014	0.00014	0.0	0.00012	0.0073	0.0	0.0	0.00014	0.0	0.0	0.0	0.0	0.00102	0.0	0.0	0.0	0.00102	0.0	0.0	0.0	0.0	0.0	0.0	0.0	0.0	0.0	0.0	0.0	9e-05	0.0	0.00238	3e-05	0.0	0.0	0.00102	9e-05	0.00094	0.0001	0.0	0.00022	0.00012	9e-05	3e-05	0.00024	0.00032	0.00185	0.00017	0.00012	9e-05	0.0	0.0	0.00042	0.00014	0.00012	9e-05	0.00014	0.00022	0.00041	0.0	9e-05	0.0	0.00161	0.00238	9e-05	0.00012	0.0	0.0	0.0	0.00022	0.0	5e-05	0.0	0.00035	9e-05	0.00024	0.00014	0.0	0.0	0.0	0.00022	0.00022	0.00014	9e-05	0.00012	0.00022	0.00012	9e-05	0.0	0.00185	0.00011	0.00019	8e-05	0.00027	0.00012	0.00013	0.00161	0.00012	0.00022	0.00325	0.0	0.0	0.0	0.0005	0.00013	0.00053	
0.00044	0.00042	0.00053	0.0	0.0	0.00044	0.00045	0.0	0.0	0.0	0.0	0.00098	0.0	0.0	0.0	0.0	0.00044	0.00044	0.0	0.00075	0.0	0.0	0.00062	0.00098	0.0	0.00139	0.00117	0.00128	0.0	0.00238	0.00014	0.0003	0.0001	0.00014	0.00014	0.00014	0.0	0.00012	0.0073	0.0	0.0	0.00014	0.0	0.0	0.0	0.0	0.00102	0.0	0.0	0.0	0.00102	0.0	0.0	0.0	0.0	0.0	0.0	0.0	0.0	0.0	0.0	0.0	9e-05	0.0	0.00238	3e-05	0.0	0.0	0.00102	9e-05	0.00094	0.0001	0.0	0.00022	0.00012	9e-05	3e-05	0.00024	0.00032	0.00185	0.00017	0.00012	9e-05	0.0	0.0	0.00042	0.00014	0.00012	9e-05	0.00014	0.00022	0.00041	0.0	9e-05	0.0	0.00161	0.00238	9e-05	0.00012	0.0	0.0	0.0	0.00022	0.0	5e-05	0.0	0.00035	9e-05	0.00024	0.00014	0.0	0.0	0.0	0.00022	0.00022	0.00014	9e-05	0.00012	0.00022	0.00012	9e-05	0.0	0.00185	0.00011	0.00019	8e-05	0.00027	0.00012	0.00013	0.00161	0.00012	0.00022	0.00325	0.0	0.0	0.0	0.0005	0.00013	0.00053	
0.00027	1.11972	0.0	0.0	0.0	0.0	0.0	0.0	0.0	0.0	0.0	0.14127	0.0	0.0	0.0	0.0	0.0	0.0	0.0	0.67787	0.0	0.0	0.55887	0.14127	0.0	0.0	0.01207	0.24189	0.0	0.0	0.15943	1.0656	0.44401	0.15943	0.15943	0.15943	0.0	0.0	0.16397	0.0	0.0	0.15943	0.0	0.0	0.0	0.0	0.0	0.0	0.0	0.0	0.0	0.0	0.0	0.0	0.0	0.0	0.0	0.0	0.0	0.0	0.0	0.0	0.88052	0.0	0.0	2.35103	0.0	0.0	0.0	0.88052	0.0	0.06464	0.0	0.70374	0.0	0.88052	0.64761	0.25032	0.0	0.01039	0.99591	0.0	0.88052	0.0	0.0	0.2041	0.15943	0.0	0.88052	0.15943	0.70374	0.78923	0.0	0.88052	0.0	1.06942	0.0	0.88052	0.0423	0.0	0.0	0.0	0.0	0.0	0.59049	0.0	0.08686	0.88052	0.25032	0.15943	0.0	0.0	0.0	0.70374	0.70374	0.15943	0.88052	0.37602	0.70374	0.0	0.88052	0.0	0.01039	0.00029	0.96427	0.16861	1.00808	0.0	0.35246	1.06942	0.0	0.70374	1.56287	0.0	0.0	0.0	0.34433	0.35246	0.0	
0.2535	0.28211	0.18266	0.00098	0.00098	0.09235	0.06515	0.00098	0.00098	0.00098	0.14127	0.0	0.00098	0.00098	0.00098	0.00098	0.08487	0.09235	0.00098	0.22923	0.00098	0.0	0.65935	1.00151	0.00098	0.18311	0.17563	0.07214	0.00098	0.43225	1.00068	0.30924	0.05936	1.00068	1.00068	1.00068	0.00098	0.20242	0.08171	0.00098	0.00098	1.00068	0.00098	0.00098	0.00098	0.00098	0.09257	0.00098	0.00098	0.00098	0.09257	0.00098	0.00098	0.00098	0.00098	0.00098	0.00098	0.00098	0.00098	0.00098	0.00098	0.00098	0.67901	0.00098	0.43225	0.42405	0.00098	0.00098	0.09257	0.67901	0.06531	0.48467	0.0	0.22894	0.20242	0.67901	0.39807	0.10713	0.19338	0.03364	0.36476	0.20242	0.67901	0.0	0.0	0.6692	1.00068	0.20242	0.67901	1.00068	0.22894	0.21698	0.00098	0.67901	0.00098	0.37606	0.43225	0.67901	0.41184	0.00098	0.0	0.0	1.02672	0.0	0.35756	0.00098	0.06615	0.67901	0.10713	1.00068	0.00098	0.0	0.00098	0.22894	0.22894	1.00068	0.67901	0.03926	0.22894	0.20242	0.67901	0.00098	0.03364	0.38907	0.55135	0.71789	0.52842	0.20242	0.0333	0.37606	0.20242	0.22894	0.21638	0.00098	0.00098	0.00098	0.67509	0.0333	0.00867	
0.00044	0.00042	0.00053	0.0	0.0	0.00044	0.00045	0.0	0.0	0.0	0.0	0.00098	0.0	0.0	0.0	0.0	0.00044	0.00044	0.0	0.00075	0.0	0.0	0.00062	0.00098	0.0	0.00139	0.00117	0.00128	0.0	0.00238	0.00014	0.0003	0.0001	0.00014	0.00014	0.00014	0.0	0.00012	0.0073	0.0	0.0	0.00014	0.0	0.0	0.0	0.0	0.00102	0.0	0.0	0.0	0.00102	0.0	0.0	0.0	0.0	0.0	0.0	0.0	0.0	0.0	0.0	0.0	9e-05	0.0	0.00238	3e-05	0.0	0.0	0.00102	9e-05	0.00094	0.0001	0.0	0.00022	0.00012	9e-05	3e-05	0.00024	0.00032	0.00185	0.00017	0.00012	9e-05	0.0	0.0	0.00042	0.00014	0.00012	9e-05	0.00014	0.00022	0.00041	0.0	9e-05	0.0	0.00161	0.00238	9e-05	0.00012	0.0	0.0	0.0	0.00022	0.0	5e-05	0.0	0.00035	9e-05	0.00024	0.00014	0.0	0.0	0.0	0.00022	0.00022	0.00014	9e-05	0.00012	0.00022	0.00012	9e-05	0.0	0.00185	0.00011	0.00019	8e-05	0.00027	0.00012	0.00013	0.00161	0.00012	0.00022	0.00325	0.0	0.0	0.0	0.0005	0.00013	0.00053	
0.00044	0.00042	0.00053	0.0	0.0	0.00044	0.00045	0.0	0.0	0.0	0.0	0.00098	0.0	0.0	0.0	0.0	0.00044	0.00044	0.0	0.00075	0.0	0.0	0.00062	0.00098	0.0	0.00139	0.00117	0.00128	0.0	0.00238	0.00014	0.0003	0.0001	0.00014	0.00014	0.00014	0.0	0.00012	0.0073	0.0	0.0	0.00014	0.0	0.0	0.0	0.0	0.00102	0.0	0.0	0.0	0.00102	0.0	0.0	0.0	0.0	0.0	0.0	0.0	0.0	0.0	0.0	0.0	9e-05	0.0	0.00238	3e-05	0.0	0.0	0.00102	9e-05	0.00094	0.0001	0.0	0.00022	0.00012	9e-05	3e-05	0.00024	0.00032	0.00185	0.00017	0.00012	9e-05	0.0	0.0	0.00042	0.00014	0.00012	9e-05	0.00014	0.00022	0.00041	0.0	9e-05	0.0	0.00161	0.00238	9e-05	0.00012	0.0	0.0	0.0	0.00022	0.0	5e-05	0.0	0.00035	9e-05	0.00024	0.00014	0.0	0.0	0.0	0.00022	0.00022	0.00014	9e-05	0.00012	0.00022	0.00012	9e-05	0.0	0.00185	0.00011	0.00019	8e-05	0.00027	0.00012	0.00013	0.00161	0.00012	0.00022	0.00325	0.0	0.0	0.0	0.0005	0.00013	0.00053	
0.00044	0.00042	0.00053	0.0	0.0	0.00044	0.00045	0.0	0.0	0.0	0.0	0.00098	0.0	0.0	0.0	0.0	0.00044	0.00044	0.0	0.00075	0.0	0.0	0.00062	0.00098	0.0	0.00139	0.00117	0.00128	0.0	0.00238	0.00014	0.0003	0.0001	0.00014	0.00014	0.00014	0.0	0.00012	0.0073	0.0	0.0	0.00014	0.0	0.0	0.0	0.0	0.00102	0.0	0.0	0.0	0.00102	0.0	0.0	0.0	0.0	0.0	0.0	0.0	0.0	0.0	0.0	0.0	9e-05	0.0	0.00238	3e-05	0.0	0.0	0.00102	9e-05	0.00094	0.0001	0.0	0.00022	0.00012	9e-05	3e-05	0.00024	0.00032	0.00185	0.00017	0.00012	9e-05	0.0	0.0	0.00042	0.00014	0.00012	9e-05	0.00014	0.00022	0.00041	0.0	9e-05	0.0	0.00161	0.00238	9e-05	0.00012	0.0	0.0	0.0	0.00022	0.0	5e-05	0.0	0.00035	9e-05	0.00024	0.00014	0.0	0.0	0.0	0.00022	0.00022	0.00014	9e-05	0.00012	0.00022	0.00012	9e-05	0.0	0.00185	0.00011	0.00019	8e-05	0.00027	0.00012	0.00013	0.00161	0.00012	0.00022	0.00325	0.0	0.0	0.0	0.0005	0.00013	0.00053	
0.00044	0.00042	0.00053	0.0	0.0	0.00044	0.00045	0.0	0.0	0.0	0.0	0.00098	0.0	0.0	0.0	0.0	0.00044	0.00044	0.0	0.00075	0.0	0.0	0.00062	0.00098	0.0	0.00139	0.00117	0.00128	0.0	0.00238	0.00014	0.0003	0.0001	0.00014	0.00014	0.00014	0.0	0.00012	0.0073	0.0	0.0	0.00014	0.0	0.0	0.0	0.0	0.00102	0.0	0.0	0.0	0.00102	0.0	0.0	0.0	0.0	0.0	0.0	0.0	0.0	0.0	0.0	0.0	9e-05	0.0	0.00238	3e-05	0.0	0.0	0.00102	9e-05	0.00094	0.0001	0.0	0.00022	0.00012	9e-05	3e-05	0.00024	0.00032	0.00185	0.00017	0.00012	9e-05	0.0	0.0	0.00042	0.00014	0.00012	9e-05	0.00014	0.00022	0.00041	0.0	9e-05	0.0	0.00161	0.00238	9e-05	0.00012	0.0	0.0	0.0	0.00022	0.0	5e-05	0.0	0.00035	9e-05	0.00024	0.00014	0.0	0.0	0.0	0.00022	0.00022	0.00014	9e-05	0.00012	0.00022	0.00012	9e-05	0.0	0.00185	0.00011	0.00019	8e-05	0.00027	0.00012	0.00013	0.00161	0.00012	0.00022	0.00325	0.0	0.0	0.0	0.0005	0.00013	0.00053	
0.18628	0.12075	0.26427	0.00044	0.00044	0.02369	0.01788	0.00044	0.00044	0.00044	0.0	0.08487	0.00044	0.00044	0.00044	0.00044	0.0	0.02369	0.00044	0.04089	0.00044	0.0	0.16981	0.08487	0.00044	0.26493	0.03925	0.06409	0.00044	0.12299	0.08427	0.1049	0.05442	0.08427	0.08427	0.08427	0.00044	0.03715	0.02438	0.00044	0.00044	0.08427	0.00044	0.00044	0.00044	0.00044	0.02399	0.00044	0.00044	0.00044	0.02399	0.00044	0.00044	0.00044	0.00044	0.00044	0.00044	0.00044	0.00044	0.00044	0.00044	0.00044	0.06298	0.00044	0.12299	0.07685	0.00044	0.00044	0.02399	0.06298	0.01811	0.11266	0.0	0.04055	0.03715	0.06298	0.08032	0.02315	0.04231	0.05521	0.1084	0.03715	0.06298	0.0	0.0	0.20225	0.08427	0.03715	0.06298	0.08427	0.04055	0.0497	0.00044	0.06298	0.00044	0.0862	0.12299	0.06298	0.06885	0.00044	0.0	0.0	0.17163	0.0	0.1012	0.00044	0.09948	0.06298	0.02315	0.08427	0.00044	0.0	0.00044	0.04055	0.04055	0.08427	0.06298	0.14849	0.04055	0.03715	0.06298	0.00044	0.05521	0.0569	0.07023	0.06577	0.07681	0.03715	0.06183	0.0862	0.03715	0.04055	0.04969	0.00044	0.00044	0.00044	0.10957	0.06183	0.06699	
0.05471	0.08767	0.29406	0.00044	0.00044	1.00009	0.01907	0.00044	0.00044	0.00044	0.0	0.09235	0.00044	0.00044	0.00044	0.00044	0.02369	0.0	0.00044	0.04411	0.00044	0.0	0.1404	0.09235	0.00044	0.29471	0.30991	0.39764	0.00044	0.13438	0.09177	0.1155	0.05896	0.09177	0.09177	0.09177	0.00044	0.04006	0.02572	0.00044	0.00044	0.09177	0.00044	0.00044	0.00044	0.00044	1.00066	0.00044	0.00044	0.00044	1.00066	0.00044	0.00044	0.00044	0.00044	0.00044	0.00044	0.00044	0.00044	0.00044	0.00044	0.00044	0.06881	0.00044	0.13438	0.0842	0.00044	0.00044	1.00066	0.06881	0.01928	0.12312	0.0	0.04378	0.04006	0.06881	0.08806	0.02479	0.04592	0.0597	0.09567	0.04006	0.06881	0.0	0.0	0.12539	0.09177	0.04006	0.06881	0.09177	0.04378	0.42276	0.00044	0.06881	0.00044	0.09447	0.13438	0.06881	0.13683	0.00044	0.0	0.0	0.1888	0.0	0.09624	0.00044	0.10853	0.06881	0.02479	0.09177	0.00044	0.0	0.00044	0.04378	0.04378	0.09177	0.06881	0.06478	0.04378	0.04006	0.06881	0.00044	0.0597	0.06168	0.07706	0.07183	0.29107	0.04006	0.156	0.09447	0.04006	0.04378	0.05381	0.00044	0.00044	0.00044	0.12061	0.156	0.07273	
0.00044	0.00042	0.00053	0.0	0.0	0.00044	0.00045	0.0	0.0	0.0	0.0	0.00098	0.0	0.0	0.0	0.0	0.00044	0.00044	0.0	0.00075	0.0	0.0	0.00062	0.00098	0.0	0.00139	0.00117	0.00128	0.0	0.00238	0.00014	0.0003	0.0001	0.00014	0.00014	0.00014	0.0	0.00012	0.0073	0.0	0.0	0.00014	0.0	0.0	0.0	0.0	0.00102	0.0	0.0	0.0	0.00102	0.0	0.0	0.0	0.0	0.0	0.0	0.0	0.0	0.0	0.0	0.0	9e-05	0.0	0.00238	3e-05	0.0	0.0	0.00102	9e-05	0.00094	0.0001	0.0	0.00022	0.00012	9e-05	3e-05	0.00024	0.00032	0.00185	0.00017	0.00012	9e-05	0.0	0.0	0.00042	0.00014	0.00012	9e-05	0.00014	0.00022	0.00041	0.0	9e-05	0.0	0.00161	0.00238	9e-05	0.00012	0.0	0.0	0.0	0.00022	0.0	5e-05	0.0	0.00035	9e-05	0.00024	0.00014	0.0	0.0	0.0	0.00022	0.00022	0.00014	9e-05	0.00012	0.00022	0.00012	9e-05	0.0	0.00185	0.00011	0.00019	8e-05	0.00027	0.00012	0.00013	0.00161	0.00012	0.00022	0.00325	0.0	0.0	0.0	0.0005	0.00013	0.00053	
0.10374	0.52425	0.07964	0.00075	0.00075	0.04411	0.03218	0.00075	0.00075	0.00075	0.67787	0.22923	0.00075	0.00075	0.00075	0.00075	0.04089	0.04411	0.00075	0.0	0.00075	0.22764	0.16952	0.22923	0.00075	0.0801	0.07729	0.14245	0.00075	0.15362	0.22866	0.51955	0.44377	0.22866	0.22866	0.22866	0.00075	0.07352	0.04115	0.00075	0.00075	0.22866	0.00075	0.00075	0.00075	0.00075	0.04435	0.00075	0.00075	0.00075	0.04435	0.00075	0.00075	0.00075	0.00075	0.00075	0.00075	0.00075	0.00075	0.00075	0.00075	0.00075	0.55011	0.00075	0.15362	0.31717	0.00075	0.00075	0.04435	0.55011	0.03235	0.16412	0.0	1.00043	0.07352	0.55011	0.29343	0.27758	0.08873	0.11321	0.52017	0.07352	0.55011	0.0	0.0	0.17132	0.22866	0.07352	0.55011	0.22866	1.00043	0.62183	0.00075	0.55011	0.00075	0.52243	0.15362	0.55011	0.14775	0.00075	0.22764	0.22764	1.22697	0.0	0.25627	0.00075	0.00077	0.55011	0.27758	0.22866	0.00075	0.0	0.00075	1.00043	1.00043	0.22866	0.55011	0.37597	1.00043	0.07352	0.55011	0.00075	0.11321	0.01374	0.44671	0.27982	0.42814	0.07352	0.35507	0.52243	0.07352	1.00043	0.6477	0.00075	0.00075	0.00075	0.17251	0.35507	0.14277	
0.00044	0.00042	0.00053	0.0	0.0	0.00044	0.00045	0.0	0.0	0.0	0.0	0.00098	0.0	0.0	0.0	0.0	0.00044	0.00044	0.0	0.00075	0.0	0.0	0.00062	0.00098	0.0	0.00139	0.00117	0.00128	0.0	0.00238	0.00014	0.0003	0.0001	0.00014	0.00014	0.00014	0.0	0.00012	0.0073	0.0	0.0	0.00014	0.0	0.0	0.0	0.0	0.00102	0.0	0.0	0.0	0.00102	0.0	0.0	0.0	0.0	0.0	0.0	0.0	0.0	0.0	0.0	0.0	9e-05	0.0	0.00238	3e-05	0.0	0.0	0.00102	9e-05	0.00094	0.0001	0.0	0.00022	0.00012	9e-05	3e-05	0.00024	0.00032	0.00185	0.00017	0.00012	9e-05	0.0	0.0	0.00042	0.00014	0.00012	9e-05	0.00014	0.00022	0.00041	0.0	9e-05	0.0	0.00161	0.00238	9e-05	0.00012	0.0	0.0	0.0	0.00022	0.0	5e-05	0.0	0.00035	9e-05	0.00024	0.00014	0.0	0.0	0.0	0.00022	0.00022	0.00014	9e-05	0.00012	0.00022	0.00012	9e-05	0.0	0.00185	0.00011	0.00019	8e-05	0.00027	0.00012	0.00013	0.00161	0.00012	0.00022	0.00325	0.0	0.0	0.0	0.0005	0.00013	0.00053	
0.0	0.58831	0.0	0.0	0.0	0.0	0.0	0.0	0.0	0.0	0.0	0.0	0.0	0.0	0.0	0.0	0.0	0.0	0.0	0.22764	0.0	0.0	0.0	0.0	0.0	0.0	0.0	0.19812	0.0	0.0	0.0	0.69123	0.10956	0.0	0.0	0.0	0.0	0.21872	0.0	0.0	0.0	0.0	0.0	0.0	0.0	0.0	0.0	0.0	0.0	0.0	0.0	0.0	0.0	0.0	0.0	0.0	0.0	0.0	0.0	0.0	0.0	0.0	1.0659	0.0	0.0	0.88365	0.0	0.0	0.0	1.0659	0.0	0.0	0.0	0.24159	0.21872	1.0659	0.85441	0.11555	0.30282	0.0436	0.79495	0.21872	1.0659	0.0	0.0	0.0	0.0	0.21872	1.0659	0.0	0.24159	0.36067	0.0	1.0659	0.0	0.75049	0.0	1.0659	0.0	0.0	0.0	0.0	0.00021	0.0	0.79528	0.0	0.18142	1.0659	0.11555	0.0	0.0	0.0	0.0	0.24159	0.24159	0.0	1.0659	0.07909	0.24159	0.21872	1.0659	0.0	0.0436	0.53803	1.06579	1.28181	1.06578	0.21872	0.06912	0.75049	0.21872	0.24159	0.37405	0.0	0.0	0.0	0.0	0.06912	0.02302	
0.35685	0.36035	0.13823	0.00062	0.00062	0.1404	0.0936	0.00062	0.00062	0.00062	0.55887	0.65935	0.00062	0.00062	0.00062	0.00062	0.16981	0.1404	0.00062	0.16952	0.00062	0.0	0.0	0.65935	0.00062	0.13857	0.13173	0.15788	0.00062	0.43634	0.6588	0.34564	0.08296	0.6588	0.6588	0.6588	0.00062	0.14969	0.15763	0.00062	0.00062	0.6588	0.00062	0.00062	0.00062	0.00062	0.14057	0.00062	0.00062	0.00062	0.14057	0.00062	0.00062	0.00062	0.00062	0.00062	0.00062	0.00062	0.00062	0.00062	0.00062	0.00062	0.50217	0.00062	0.43634	0.38877	0.00062	0.00062	0.14057	0.50217	0.09371	0.40958	0.0	0.1693	0.14969	0.50217	0.35564	0.07805	0.19085	0.10109	0.38842	0.14969	0.50217	0.0	0.0	0.81495	0.6588	0.14969	0.50217	0.6588	0.1693	0.23358	0.00062	0.50217	0.00062	0.38833	0.43634	0.50217	0.4327	0.00062	0.0	0.0	1.0266	0.0	0.38232	0.00062	0.14047	0.50217	0.07805	0.6588	0.00062	0.0	0.00062	0.1693	0.1693	0.6588	0.50217	0.11308	0.1693	0.14969	0.50217	0.00062	0.10109	0.28351	0.47904	0.52313	0.49127	0.14969	0.0816	0.38833	0.14969	0.1693	0.25438	0.00062	0.00062	0.00062	0.65397	0.0816	0.08875	
0.2535	0.28211	0.18266	0.00098	0.00098	0.09235	0.06515	0.00098	0.00098	0.00098	0.14127	1.00151	0.00098	0.00098	0.00098	0.00098	0.08487	0.09235	0.00098	0.22923	0.00098	0.0	0.65935	0.0	0.00098	0.18311	0.17563	0.07214	0.00098	0.43225	1.00068	0.30924	0.05936	1.00068	1.00068	1.00068	0.00098	0.20242	0.08171	0.00098	0.00098	1.00068	0.00098	0.00098	0.00098	0.00098	0.09257	0.00098	0.00098	0.00098	0.09257	0.00098	0.00098	0.00098	0.00098	0.00098	0.00098	0.00098	0.00098	0.00098	0.00098	0.00098	0.67901	0.00098	0.43225	0.42405	0.00098	0.00098	0.09257	0.67901	0.06531	0.48467	0.0	0.22894	0.20242	0.67901	0.39807	0.10713	0.19338	0.03364	0.36476	0.20242	0.67901	0.0	0.0	0.6692	1.00068	0.20242	0.67901	1.00068	0.22894	0.21698	0.00098	0.67901	0.00098	0.37606	0.43225	0.67901	0.41184	0.00098	0.0	0.0	1.02672	0.0	0.35756	0.00098	0.06615	0.67901	0.10713	1.00068	0.00098	0.0	0.00098	0.22894	0.22894	1.00068	0.67901	0.03926	0.22894	0.20242	0.67901	0.00098	0.03364	0.38907	0.55135	0.71789	0.52842	0.20242	0.0333	0.37606	0.20242	0.22894	0.21638	0.00098	0.00098	0.00098	0.67509	0.0333	0.00867	
0.00044	0.00042	0.00053	0.0	0.0	0.00044	0.00045	0.0	0.0	0.0	0.0	0.00098	0.0	0.0	0.0	0.0	0.00044	0.00044	0.0	0.00075	0.0	0.0	0.00062	0.00098	0.0	0.0004	0.00076	0.00012	0.0	0.00059	0.00135	0.00068	0.00051	0.00135	0.00135	0.00135	0.0	0.00042	0.00085	0.0	0.0	0.00135	0.0	0.0	0.0	0.0	0.00036	0.0	0.0	0.0	0.00036	0.0	0.0	0.0	0.0	0.0	0.0	0.0	0.0	0.0	0.0	0.0	0.00092	0.0	0.00059	0.00081	0.0	0.0	0.00036	0.00092	0.00038	0.00106	0.0	0.00099	0.00042	0.00092	0.00066	0.00073	0.00027	9e-05	0.00072	0.00042	0.00092	0.0	0.0	0.0009	0.00135	0.00042	0.00092	0.00135	0.00099	0.0006	0.0	0.00092	0.0	0.00056	0.00059	0.00092	0.00099	0.0	0.0	0.0	0.00022	0.0	0.00061	0.0	0.00031	0.00092	0.00073	0.00135	0.0	0.0	0.0	0.00099	0.00099	0.00135	0.00092	0.00042	0.00099	0.00042	0.00092	0.0	9e-05	0.00078	0.00073	0.00096	0.0007	0.00042	0.00039	0.00056	0.00042	0.00099	0.00072	0.0	0.0	0.0	0.00089	0.00039	0.0001	
0.01792	0.05567	1.00137	0.00139	0.00139	0.29471	0.03208	0.00139	0.00139	0.00139	0.0	0.18311	0.00139	0.00139	0.00139	0.00139	0.26493	0.29471	0.00139	0.0801	0.00139	0.0	0.13857	0.18311	0.0004	0.0	0.04684	0.22171	0.0004	0.28637	0.16505	0.22591	0.10226	0.16505	0.16505	0.16505	0.0004	0.06728	0.04525	0.0004	0.0004	0.16505	0.0004	0.0004	0.0004	0.0004	0.29653	0.0004	0.0004	0.0004	0.29653	0.0004	0.0004	0.0004	0.0004	0.0004	0.0004	0.0004	0.0004	0.0004	0.0004	0.0004	0.12714	0.0004	0.28637	0.15863	0.0004	0.0004	0.29653	0.12714	0.02957	0.22689	0.0	0.07427	0.06728	0.12714	0.16656	0.03984	0.08055	0.11473	0.05026	0.06728	0.12714	0.0	0.0	0.1398	0.16505	0.06728	0.12714	0.16505	0.07427	0.21057	0.0004	0.12714	0.0004	0.20132	0.28637	0.12714	0.00496	0.0004	0.0	0.0	0.37328	0.0	0.0444	0.0004	0.19687	0.12714	0.03984	0.16505	0.0004	0.0	0.0004	0.07427	0.07427	0.16505	0.12714	0.00908	0.07427	0.06728	0.12714	0.0004	0.11473	0.1075	0.14684	0.13225	0.19647	0.06728	0.01428	0.20132	0.06728	0.07427	0.10128	0.0004	0.0004	0.0004	0.23528	0.01428	0.12733	
0.01373	0.05264	0.06537	0.00117	0.00117	0.30991	0.03102	0.00117	0.00117	0.00117	0.01207	0.17563	0.00117	0.00117	0.00117	0.00117	0.03925	0.30991	0.00117	0.07729	0.00117	0.0	0.13173	0.17563	0.00076	0.04684	0.0	0.27997	0.00076	0.00311	0.18819	0.26601	0.11509	0.18819	0.18819	0.18819	0.00076	0.07511	0.29485	0.00076	0.00076	0.18819	0.00076	0.00076	0.00076	0.00076	0.25376	0.00076	0.00076	0.00076	0.25376	0.00076	0.00076	0.00076	0.00076	0.00076	0.00076	0.00076	0.00076	0.00076	0.00076	0.00076	0.1451	0.00076	0.00311	0.05983	0.00076	0.00076	0.25376	0.1451	0.03271	0.26227	0.0	0.08301	0.07511	0.1451	0.1923	0.04415	0.0907	0.01938	0.21195	0.07511	0.1451	0.0	0.0	0.14656	0.18819	0.07511	0.1451	0.18819	0.08301	0.19769	0.00076	0.1451	0.00076	0.05728	0.00311	0.1451	0.2964	0.00076	0.0	0.0	0.41561	0.0	0.21325	0.00076	0.22616	0.1451	0.04415	0.18819	0.00076	0.0	0.00076	0.08301	0.08301	0.18819	0.1451	0.12757	0.08301	0.07511	0.1451	0.00076	0.01938	0.1211	0.16945	0.15091	0.19812	0.07511	0.00746	0.05728	0.07511	0.08301	0.21876	0.00076	0.00076	0.00076	0.27718	0.00746	0.14413	
0.03554	0.18138	0.22158	0.00128	0.00128	0.39764	0.04891	0.00128	0.00128	0.00128	0.24189	0.07214	0.00128	0.00128	0.00128	0.00128	0.06409	0.39764	0.00128	0.14245	0.00128	0.19812	0.15788	0.07214	0.00012	0.22171	0.27997	0.0	0.00012	0.23834	0.05934	0.16654	0.21762	0.05934	0.05934	0.05934	0.00012	0.23712	0.13726	0.00012	0.00012	0.05934	0.00012	0.00012	0.00012	0.00012	0.38606	0.00012	0.00012	0.00012	0.38606	0.00012	0.00012	0.00012	0.00012	0.00012	0.00012	0.00012	0.00012	0.00012	0.00012	0.00012	0.26177	0.00012	0.23834	0.21427	0.00012	0.00012	0.38606	0.26177	0.04908	0.06902	0.0	0.1451	0.23712	0.26177	0.30452	0.06907	0.22471	0.67494	0.1628	0.23712	0.26177	0.0	0.0	0.08304	0.05934	0.23712	0.26177	0.05934	0.1451	0.39894	0.00012	0.26177	0.00012	0.5419	0.23834	0.26177	0.07699	0.00012	0.19812	0.19812	1.19745	0.0	0.32426	0.00012	0.06214	0.26177	0.06907	0.05934	0.00012	0.0	0.00012	0.1451	0.1451	0.05934	0.26177	0.24849	0.1451	0.23712	0.26177	0.00012	0.67494	0.08109	0.27204	0.10965	0.44744	0.23712	0.22348	0.5419	0.23712	0.1451	0.20192	0.00012	0.00012	0.00012	0.13696	0.22348	0.0658	
0.00044	0.00042	0.00053	0.0	0.0	0.00044	0.00045	0.0	0.0	0.0	0.0	0.00098	0.0	0.0	0.0	0.0	0.00044	0.00044	0.0	0.00075	0.0	0.0	0.00062	0.00098	0.0	0.0004	0.00076	0.00012	0.0	0.00059	0.00135	0.00068	0.00051	0.00135	0.00135	0.00135	0.0	0.00042	0.00085	0.0	0.0	0.00135	0.0	0.0	0.0	0.0	0.00036	0.0	0.0	0.0	0.00036	0.0	0.0	0.0	0.0	0.0	0.0	0.0	0.0	0.0	0.0	0.0	0.00092	0.0	0.00059	0.00081	0.0	0.0	0.00036	0.00092	0.00038	0.00106	0.0	0.00099	0.00042	0.00092	0.00066	0.00073	0.00027	9e-05	0.00072	0.00042	0.00092	0.0	0.0	0.0009	0.00135	0.00042	0.00092	0.00135	0.00099	0.0006	0.0	0.00092	0.0	0.00056	0.00059	0.00092	0.00099	0.0	0.0	0.0	0.00022	0.0	0.00061	0.0	0.00031	0.00092	0.00073	0.00135	0.0	0.0	0.0	0.00099	0.00099	0.00135	0.00092	0.00042	0.00099	0.00042	0.00092	0.0	9e-05	0.00078	0.00073	0.00096	0.0007	0.00042	0.00039	0.00056	0.00042	0.00099	0.00072	0.0	0.0	0.0	0.00089	0.00039	0.0001	
0.04264	0.11143	0.28313	0.00238	0.00238	0.13438	0.09355	0.00238	0.00238	0.00238	0.0	0.43225	0.00238	0.00238	0.00238	0.00238	0.12299	0.13438	0.00238	0.15362	0.00238	0.0	0.43634	0.43225	0.00059	0.28637	0.00311	0.23834	0.00059	0.0	0.36726	0.10326	0.01705	0.36726	0.36726	0.36726	0.00059	0.12475	0.08018	0.00059	0.00059	0.36726	0.00059	0.00059	0.00059	0.00059	0.13544	0.00059	0.00059	0.00059	0.13544	0.00059	0.00059	0.00059	0.00059	0.00059	0.00059	0.00059	0.00059	0.00059	0.00059	0.00059	0.27889	0.00059	1.00075	0.38349	0.00059	0.00059	0.13544	0.27889	0.09379	0.13277	0.0	0.13914	0.12475	0.27889	0.13694	0.06982	0.15205	0.2322	0.12431	0.12475	0.27889	0.0	0.0	0.28327	0.36726	0.12475	0.27889	0.36726	0.13914	0.17969	0.00059	0.27889	0.00059	0.62735	1.00075	0.27889	0.09844	0.00059	0.0	0.0	0.71598	0.0	0.1185	0.00059	0.00823	0.27889	0.06982	0.36726	0.00059	0.0	0.00059	0.13914	0.13914	0.36726	0.27889	0.00669	0.13914	0.12475	0.27889	0.00059	0.2322	0.21412	0.25907	0.29067	0.26165	0.12475	0.00422	0.62735	0.12475	0.13914	0.20776	0.00059	0.00059	0.00059	0.3368	0.00422	0.00134	
0.25295	0.28169	0.18212	0.00014	0.00014	0.09177	0.06453	0.00014	0.00014	0.00014	0.15943	1.00068	0.00014	0.00014	0.00014	0.00014	0.08427	0.09177	0.00014	0.22866	0.00014	0.0	0.6588	1.00068	0.00135	0.16505	0.18819	0.05934	0.00135	0.36726	0.0	0.31787	0.06478	1.00228	1.00228	1.00228	0.00135	0.20712	0.09578	0.00135	0.00135	1.00228	0.00135	0.00135	0.00135	0.00135	0.08496	0.00135	0.00135	0.00135	0.08496	0.00135	0.00135	0.00135	0.00135	0.00135	0.00135	0.00135	0.00135	0.00135	0.00135	0.00135	0.68707	0.00135	0.36726	0.43356	0.00135	0.00135	0.08496	0.68707	0.06026	0.49465	0.0	0.23435	0.20712	0.68707	0.40745	0.10992	0.19462	0.02055	0.37385	0.20712	0.68707	0.0	0.0	0.66737	1.00228	0.20712	0.68707	1.00228	0.23435	0.21734	0.00135	0.68707	0.00135	0.34403	0.36726	0.68707	0.42244	0.00135	0.0	0.0	1.06586	0.0	0.36682	0.00135	0.07363	0.68707	0.10992	1.00228	0.00135	0.0	0.00135	0.23435	0.23435	1.00228	0.68707	0.04421	0.23435	0.20712	0.68707	0.00135	0.02055	0.39628	0.55729	0.72552	0.53322	0.20712	0.03806	0.34403	0.20712	0.23435	0.21961	0.00135	0.00135	0.00135	0.67381	0.03806	0.01136	
0.11907	0.41526	0.26112	0.0003	0.0003	0.1155	0.06723	0.0003	0.0003	0.0003	1.0656	0.30924	0.0003	0.0003	0.0003	0.0003	0.1049	0.1155	0.0003	0.51955	0.0003	0.69123	0.34564	0.30924	0.00068	0.22591	0.26601	0.16654	0.00068	0.10326	0.31787	0.0	0.33452	0.31787	0.31787	0.31787	0.00068	0.19385	0.11881	0.00068	0.00068	0.31787	0.00068	0.00068	0.00068	0.00068	0.10377	0.00068	0.00068	0.00068	0.10377	0.00068	0.00068	0.00068	0.00068	0.00068	0.00068	0.00068	0.00068	0.00068	0.00068	0.00068	0.55359	0.00068	0.10326	0.3983	0.00068	0.00068	0.10377	0.55359	0.06813	0.38159	0.0	0.51211	0.19385	0.55359	0.46242	0.1619	0.28148	0.08859	0.36886	0.19385	0.55359	0.0	0.0	0.32063	0.31787	0.19385	0.55359	0.31787	0.51211	0.4954	0.00068	0.55359	0.00068	0.35626	0.10326	0.55359	0.12204	0.00068	0.69123	0.69123	1.69057	0.0	0.36312	0.00068	0.42422	0.55359	0.1619	0.31787	0.00068	0.0	0.00068	0.51211	0.51211	0.31787	0.55359	0.32222	0.51211	0.19385	0.55359	0.00068	0.08859	0.13911	0.5898	0.34706	0.50434	0.19385	0.31864	0.35626	0.19385	0.51211	0.50342	0.00068	0.00068	0.00068	0.5683	0.31864	0.61938	
0.00276	0.36136	0.1106	0.0001	0.0001	0.05896	0.1251	0.0001	0.0001	0.0001	0.44401	0.05936	0.0001	0.0001	0.0001	0.0001	0.05442	0.05896	0.0001	0.44377	0.0001	0.10956	0.08296	0.05936	0.00051	0.10226	0.11509	0.21762	0.00051	0.01705	0.06478	0.33452	0.0	0.06478	0.06478	0.06478	0.00051	0.09437	0.06194	0.00051	0.00051	0.06478	0.00051	0.00051	0.00051	0.00051	0.05523	0.00051	0.00051	0.00051	0.05523	0.00051	0.00051	0.00051	0.00051	0.00051	0.00051	0.00051	0.00051	0.00051	0.00051	0.00051	0.31988	0.00051	0.01705	0.17028	0.00051	0.00051	0.05523	0.31988	0.12709	0.03151	0.0	0.44861	0.09437	0.31988	0.1552	0.1822	0.11631	0.16783	0.32558	0.09437	0.31988	0.0	0.0	0.07656	0.06478	0.09437	0.31988	0.06478	0.44861	0.33601	0.00051	0.31988	0.00051	0.33037	0.01705	0.31988	0.02361	0.00051	0.10956	0.10956	1.1089	0.0	0.13207	0.00051	0.01174	0.31988	0.1822	0.06478	0.00051	0.0	0.00051	0.44861	0.44861	0.06478	0.31988	0.14252	0.44861	0.09437	0.31988	0.00051	0.16783	0.00148	0.28258	0.126	0.27908	0.09437	0.13145	0.33037	0.09437	0.44861	0.33141	0.00051	0.00051	0.00051	0.13558	0.13145	0.01319	
0.25295	0.28169	0.18212	0.00014	0.00014	0.09177	0.06453	0.00014	0.00014	0.00014	0.15943	1.00068	0.00014	0.00014	0.00014	0.00014	0.08427	0.09177	0.00014	0.22866	0.00014	0.0	0.6588	1.00068	0.00135	0.16505	0.18819	0.05934	0.00135	0.36726	1.00228	0.31787	0.06478	0.0	1.00228	1.00228	0.00135	0.20712	0.09578	0.00135	0.00135	1.00228	0.00135	0.00135	0.00135	0.00135	0.08496	0.00135	0.00135	0.00135	0.08496	0.00135	0.00135	0.00135	0.00135	0.00135	0.00135	0.00135	0.00135	0.00135	0.00135	0.00135	0.68707	0.00135	0.36726	0.43356	0.00135	0.00135	0.08496	0.68707	0.06026	0.49465	0.0	0.23435	0.20712	0.68707	0.40745	0.10992	0.19462	0.02055	0.37385	0.20712	0.68707	0.0	0.0	0.66737	1.00228	0.20712	0.68707	1.00228	0.23435	0.21734	0.00135	0.68707	0.00135	0.34403	0.36726	0.68707	0.42244	0.00135	0.0	0.0	1.06586	0.0	0.36682	0.00135	0.07363	0.68707	0.10992	1.00228	0.00135	0.0	0.00135	0.23435	0.23435	1.00228	0.68707	0.04421	0.23435	0.20712	0.68707	0.00135	0.02055	0.39628	0.55729	0.72552	0.53322	0.20712	0.03806	0.34403	0.20712	0.23435	0.21961	0.00135	0.00135	0.00135	0.67381	0.03806	0.01136	
0.25295	0.28169	0.18212	0.00014	0.00014	0.09177	0.06453	0.00014	0.00014	0.00014	0.15943	1.00068	0.00014	0.00014	0.00014	0.00014	0.08427	0.09177	0.00014	0.22866	0.00014	0.0	0.6588	1.00068	0.00135	0.16505	0.18819	0.05934	0.00135	0.36726	1.00228	0.31787	0.06478	1.00228	0.0	1.00228	0.00135	0.20712	0.09578	0.00135	0.00135	1.00228	0.00135	0.00135	0.00135	0.00135	0.08496	0.00135	0.00135	0.00135	0.08496	0.00135	0.00135	0.00135	0.00135	0.00135	0.00135	0.00135	0.00135	0.00135	0.00135	0.00135	0.68707	0.00135	0.36726	0.43356	0.00135	0.00135	0.08496	0.68707	0.06026	0.49465	0.0	0.23435	0.20712	0.68707	0.40745	0.10992	0.19462	0.02055	0.37385	0.20712	0.68707	0.0	0.0	0.66737	1.00228	0.20712	0.68707	1.00228	0.23435	0.21734	0.00135	0.68707	0.00135	0.34403	0.36726	0.68707	0.42244	0.00135	0.0	0.0	1.06586	0.0	0.36682	0.00135	0.07363	0.68707	0.10992	1.00228	0.00135	0.0	0.00135	0.23435	0.23435	1.00228	0.68707	0.04421	0.23435	0.20712	0.68707	0.00135	0.02055	0.39628	0.55729	0.72552	0.53322	0.20712	0.03806	0.34403	0.20712	0.23435	0.21961	0.00135	0.00135	0.00135	0.67381	0.03806	0.01136	
0.25295	0.28169	0.18212	0.00014	0.00014	0.09177	0.06453	0.00014	0.00014	0.00014	0.15943	1.00068	0.00014	0.00014	0.00014	0.00014	0.08427	0.09177	0.00014	0.22866	0.00014	0.0	0.6588	1.00068	0.00135	0.16505	0.18819	0.05934	0.00135	0.36726	1.00228	0.31787	0.06478	1.00228	1.00228	0.0	0.00135	0.20712	0.09578	0.00135	0.00135	1.00228	0.00135	0.00135	0.00135	0.00135	0.08496	0.00135	0.00135	0.00135	0.08496	0.00135	0.00135	0.00135	0.00135	0.00135	0.00135	0.00135	0.00135	0.00135	0.00135	0.00135	0.68707	0.00135	0.36726	0.43356	0.00135	0.00135	0.08496	0.68707	0.06026	0.49465	0.0	0.23435	0.20712	0.68707	0.40745	0.10992	0.19462	0.02055	0.37385	0.20712	0.68707	0.0	0.0	0.66737	1.00228	0.20712	0.68707	1.00228	0.23435	0.21734	0.00135	0.68707	0.00135	0.34403	0.36726	0.68707	0.42244	0.00135	0.0	0.0	1.06586	0.0	0.36682	0.00135	0.07363	0.68707	0.10992	1.00228	0.00135	0.0	0.00135	0.23435	0.23435	1.00228	0.68707	0.04421	0.23435	0.20712	0.68707	0.00135	0.02055	0.39628	0.55729	0.72552	0.53322	0.20712	0.03806	0.34403	0.20712	0.23435	0.21961	0.00135	0.00135	0.00135	0.67381	0.03806	0.01136	
0.00044	0.00042	0.00053	0.0	0.0	0.00044	0.00045	0.0	0.0	0.0	0.0	0.00098	0.0	0.0	0.0	0.0	0.00044	0.00044	0.0	0.00075	0.0	0.0	0.00062	0.00098	0.0	0.0004	0.00076	0.00012	0.0	0.00059	0.00135	0.00068	0.00051	0.00135	0.00135	0.00135	0.0	0.00042	0.00085	0.0	0.0	0.00135	0.0	0.0	0.0	0.0	0.00036	0.0	0.0	0.0	0.00036	0.0	0.0	0.0	0.0	0.0	0.0	0.0	0.0	0.0	0.0	0.0	0.00092	0.0	0.00059	0.00081	0.0	0.0	0.00036	0.00092	0.00038	0.00106	0.0	0.00099	0.00042	0.00092	0.00066	0.00073	0.00027	9e-05	0.00072	0.00042	0.00092	0.0	0.0	0.0009	0.00135	0.00042	0.00092	0.00135	0.00099	0.0006	0.0	0.00092	0.0	0.00056	0.00059	0.00092	0.00099	0.0	0.0	0.0	0.00022	0.0	0.00061	0.0	0.00031	0.00092	0.00073	0.00135	0.0	0.0	0.0	0.00099	0.00099	0.00135	0.00092	0.00042	0.00099	0.00042	0.00092	0.0	9e-05	0.00078	0.00073	0.00096	0.0007	0.00042	0.00039	0.00056	0.00042	0.00099	0.00072	0.0	0.0	0.0	0.00089	0.00039	0.0001	
0.0934	0.16666	0.07198	0.00012	0.00012	0.04006	0.02923	0.00012	0.00012	0.00012	0.0	0.20242	0.00012	0.00012	0.00012	0.00012	0.03715	0.04006	0.00012	0.07352	0.00012	0.21872	0.14969	0.20242	0.00042	0.06728	0.07511	0.23712	0.00042	0.12475	0.20712	0.19385	0.09437	0.20712	0.20712	0.20712	0.00042	0.0	0.04225	0.00042	0.00042	0.20712	0.00042	0.00042	0.00042	0.00042	0.03785	0.00042	0.00042	0.00042	0.03785	0.00042	0.00042	0.00042	0.00042	0.00042	0.00042	0.00042	0.00042	0.00042	0.00042	0.00042	0.52161	0.00042	0.12475	0.50018	0.00042	0.00042	0.03785	0.52161	0.02774	0.15151	0.0	0.06889	1.00028	0.52161	0.49736	0.03725	0.66239	0.32061	0.24408	1.00028	0.52161	0.0	0.0	0.15411	0.20712	1.00028	0.52161	0.20712	0.06889	0.08892	0.00042	0.52161	0.00042	0.21744	0.12475	0.52161	0.13723	0.00042	0.21872	0.21872	1.21806	0.0	0.49371	0.00042	0.17175	0.52161	0.03725	0.20712	0.00042	0.0	0.00042	0.06889	0.06889	0.20712	0.52161	0.10417	0.06889	1.00028	0.52161	0.00042	0.32061	0.35487	0.42308	0.26039	0.4048	1.00028	0.10806	0.21744	1.00028	0.06889	0.09302	0.00042	0.00042	0.00042	0.15523	0.10806	0.27862	
0.17524	0.11337	0.04036	0.0073	0.0073	0.02572	0.02071	0.0073	0.0073	0.0073	0.16397	0.08171	0.0073	0.0073	0.0073	0.0073	0.02438	0.02572	0.0073	0.04115	0.0073	0.0	0.15763	0.08171	0.00085	0.04525	0.29485	0.13726	0.00085	0.08018	0.09578	0.11881	0.06194	0.09578	0.09578	0.09578	0.00085	0.04225	0.0	0.00085	0.00085	0.09578	0.00085	0.00085	0.00085	0.00085	0.02661	0.00085	0.00085	0.00085	0.02661	0.00085	0.00085	0.00085	0.00085	0.00085	0.00085	0.00085	0.00085	0.00085	0.00085	0.00085	0.07273	0.00085	0.08018	0.0298	0.00085	0.00085	0.02661	0.07273	0.02001	0.1266	0.0	0.04641	0.04225	0.07273	0.09201	0.0263	0.0484	0.18556	0.09951	0.04225	0.07273	0.0	0.0	0.08	0.09578	0.04225	0.07273	0.09578	0.04641	0.05706	0.00085	0.07273	0.00085	0.12602	0.08018	0.07273	0.13982	0.00085	0.0	0.0	0.203	0.0	0.10008	0.00085	0.11157	0.07273	0.0263	0.09578	0.00085	0.0	0.00085	0.04641	0.04641	0.09578	0.07273	0.06784	0.04641	0.04225	0.07273	0.00085	0.18556	0.06491	0.08092	0.07579	0.0882	0.04225	0.07017	0.12602	0.04225	0.04641	0.44291	0.00085	0.00085	0.00085	0.1238	0.07017	0.07545	
0.00044	0.00042	0.00053	0.0	0.0	0.00044	0.00045	0.0	0.0	0.0	0.0	0.00098	0.0	0.0	0.0	0.0	0.00044	0.00044	0.0	0.00075	0.0	0.0	0.00062	0.00098	0.0	0.0004	0.00076	0.00012	0.0	0.00059	0.00135	0.00068	0.00051	0.00135	0.00135	0.00135	0.0	0.00042	0.00085	0.0	0.0	0.00135	0.0	0.0	0.0	0.0	0.00036	0.0	0.0	0.0	0.00036	0.0	0.0	0.0	0.0	0.0	0.0	0.0	0.0	0.0	0.0	0.0	0.00092	0.0	0.00059	0.00081	0.0	0.0	0.00036	0.00092	0.00038	0.00106	0.0	0.00099	0.00042	0.00092	0.00066	0.00073	0.00027	9e-05	0.00072	0.00042	0.00092	0.0	0.0	0.0009	0.00135	0.00042	0.00092	0.00135	0.00099	0.0006	0.0	0.00092	0.0	0.00056	0.00059	0.00092	0.00099	0.0	0.0	0.0	0.00022	0.0	0.00061	0.0	0.00031	0.00092	0.00073	0.00135	0.0	0.0	0.0	0.00099	0.00099	0.00135	0.00092	0.00042	0.00099	0.00042	0.00092	0.0	9e-05	0.00078	0.00073	0.00096	0.0007	0.00042	0.00039	0.00056	0.00042	0.00099	0.00072	0.0	0.0	0.0	0.00089	0.00039	0.0001	
0.00044	0.00042	0.00053	0.0	0.0	0.00044	0.00045	0.0	0.0	0.0	0.0	0.00098	0.0	0.0	0.0	0.0	0.00044	0.00044	0.0	0.00075	0.0	0.0	0.00062	0.00098	0.0	0.0004	0.00076	0.00012	0.0	0.00059	0.00135	0.00068	0.00051	0.00135	0.00135	0.00135	0.0	0.00042	0.00085	0.0	0.0	0.00135	0.0	0.0	0.0	0.0	0.00036	0.0	0.0	0.0	0.00036	0.0	0.0	0.0	0.0	0.0	0.0	0.0	0.0	0.0	0.0	0.0	0.00092	0.0	0.00059	0.00081	0.0	0.0	0.00036	0.00092	0.00038	0.00106	0.0	0.00099	0.00042	0.00092	0.00066	0.00073	0.00027	9e-05	0.00072	0.00042	0.00092	0.0	0.0	0.0009	0.00135	0.00042	0.00092	0.00135	0.00099	0.0006	0.0	0.00092	0.0	0.00056	0.00059	0.00092	0.00099	0.0	0.0	0.0	0.00022	0.0	0.00061	0.0	0.00031	0.00092	0.00073	0.00135	0.0	0.0	0.0	0.00099	0.00099	0.00135	0.00092	0.00042	0.00099	0.00042	0.00092	0.0	9e-05	0.00078	0.00073	0.00096	0.0007	0.00042	0.00039	0.00056	0.00042	0.00099	0.00072	0.0	0.0	0.0	0.00089	0.00039	0.0001	
