0.0	0.07395	0.02755	0.02582	0.08201	0.02031	0.0172	0.0	0.02541	0.01485	0.05745	0.06623	5e-05	0.07594	0.01942	0.10053	0.06836	0.24721	0.0	0.0	0.0	0.0	0.0	0.0	0.0	0.0	0.0	0.0	0.0	0.0	0.0	0.0	0.0	0.05247	0.04031	0.03517	0.05982	0.0273	0.03403	0.01987	0.0	0.0	0.0	0.08865	0.0392	0.04836	0.05825	0.10589	0.01773	0.0	0.01429	0.09287	0.02192	0.29005	0.06939	0.05201	0.09285	0.07766	0.11379	0.075	0.05554	0.07515	5e-05	5e-05	0.08003	0.0	0.04574	0.06103	0.1789	0.0545	0.06869	0.07776	0.18269	0.0	0.0	0.0	0.0	0.0	0.0	0.0	0.0	0.0	0.0	0.0	0.0	0.0	0.05727	0.04825	0.10481	0.11751	0.11497	0.44217	0.0927	0.03423	0.02824	0.07242	0.25476	0.00876	0.00873	0.0144	0.00876	5e-05	0.2063	0.03079	0.01304	0.0344	0.11618	0.0737	0.17444	
0.07395	0.0	0.02582	0.05394	0.14762	0.14168	0.04926	0.0	0.03229	0.06351	0.01754	0.02239	6e-05	0.04371	0.06218	0.03721	0.07141	0.03031	0.0	0.0	0.0	0.0	0.0	0.0	0.0	0.0	0.0	0.0	0.0	0.0	0.0	0.0	0.0	0.03564	0.04624	0.04879	0.04349	0.014	0.03866	0.01873	0.0	0.0	0.0	0.06781	0.04825	0.04663	0.0525	0.04717	0.01966	0.0	0.01367	0.05668	0.0214	0.03308	0.02027	0.01873	0.08743	0.03939	0.0202	0.00935	0.04724	0.0347	6e-05	6e-05	0.01418	0.0	0.04593	0.03223	0.17941	0.03825	0.04277	0.05826	0.10525	0.0	0.0	0.0	0.0	0.0	0.0	0.0	0.0	0.0	0.0	0.0	0.0	0.0	0.04594	0.08499	0.0598	0.0263	0.08076	0.09144	0.01372	0.08488	0.02884	0.01534	0.05119	0.17781	0.00844	0.09906	0.17781	6e-05	0.03688	0.09157	0.12148	0.02446	0.02879	0.01122	0.03298	
0.02755	0.02582	0.0	0.07252	0.18938	0.13806	0.08142	0.0	0.27616	0.03919	0.01529	0.0697	0.00024	0.01594	0.20266	0.10081	0.09513	0.18044	0.0	0.0	0.0	0.0	0.0	0.0	0.0	0.0	0.0	0.0	0.0	0.0	0.0	0.0	0.0	0.09705	0.07619	0.19676	0.03218	0.02346	0.02971	0.11565	0.0	0.0	0.0	0.01957	0.06923	0.10497	0.09534	0.03196	0.17111	0.0	0.01195	0.04616	0.20435	0.06618	0.04462	0.05016	0.05458	0.10378	0.03478	0.07249	0.08071	0.08103	0.00024	0.00024	0.0732	0.0	0.06976	0.06952	0.03335	0.08238	0.08918	0.13561	0.1805	0.0	0.0	0.0	0.0	0.0	0.0	0.0	0.0	0.0	0.0	0.0	0.0	0.0	0.17391	0.07182	0.04637	0.12547	0.03114	0.01821	0.06056	0.0739	0.09329	0.0134	0.06422	0.00744	0.00746	0.11925	0.00744	0.00024	0.15327	0.1169	0.01082	0.45539	0.08866	0.02381	0.06784	
0.02582	0.05394	0.07252	0.0	0.01776	0.1495	0.01704	0.0	0.08443	0.0283	0.07201	0.19721	9e-05	0.0171	0.01682	0.04632	0.04963	0.02472	0.0	0.0	0.0	0.0	0.0	0.0	0.0	0.0	0.0	0.0	0.0	0.0	0.0	0.0	0.0	0.0429	0.0409	0.02903	0.03311	0.02458	0.0152	0.09053	0.0	0.0	0.0	0.00994	0.05039	0.05607	0.06165	0.14697	0.09344	0.0	0.01293	0.08332	0.01962	0.02046	0.04217	0.02139	0.04395	0.04778	0.03571	0.07373	0.06916	0.03964	9e-05	9e-05	0.01893	0.0	0.04366	0.02911	0.0911	0.01172	0.04811	0.08477	0.04979	0.0	0.0	0.0	0.0	0.0	0.0	0.0	0.0	0.0	0.0	0.0	0.0	0.0	0.05569	0.06372	0.04802	0.02218	0.03203	0.01924	0.00483	0.02232	0.02641	0.01444	0.02055	0.13855	0.00814	0.05698	0.13855	9e-05	0.06232	0.03626	0.15096	0.03856	0.03486	0.03662	0.03541	
0.08201	0.14762	0.18938	0.01776	0.0	0.03677	0.02737	0.0	0.10597	0.07859	0.04749	0.03449	0.00024	0.04548	0.1349	0.05817	0.1886	0.08748	0.0	0.0	0.0	0.0	0.0	0.0	0.0	0.0	0.0	0.0	0.0	0.0	0.0	0.0	0.0	0.08208	0.06973	0.15559	0.01845	0.03873	0.08487	0.04777	0.0	0.0	0.0	0.03962	0.033	0.08745	0.07339	0.08874	0.02975	0.0	0.00679	0.04316	0.12632	0.06619	0.02105	0.03732	0.07711	0.12079	0.04003	0.04371	0.04001	0.07378	0.00024	0.00024	0.02307	0.0	0.07316	0.02545	0.09534	0.09222	0.11535	0.17726	0.34509	0.0	0.0	0.0	0.0	0.0	0.0	0.0	0.0	0.0	0.0	0.0	0.0	0.0	0.15116	0.05956	0.07836	0.05212	0.15945	0.12793	0.0781	0.02484	0.02047	0.01174	0.07807	0.01964	0.02761	0.03367	0.01964	0.00024	0.15869	0.20243	0.10612	0.16163	0.15953	0.01466	0.14334	
0.02031	0.14168	0.13806	0.1495	0.03677	0.0	0.03083	0.0	0.09645	0.10152	0.04203	0.07875	5e-05	0.02194	0.09986	0.07198	0.08318	0.06542	0.0	0.0	0.0	0.0	0.0	0.0	0.0	0.0	0.0	0.0	0.0	0.0	0.0	0.0	0.0	0.04962	0.04826	0.04054	0.0476	0.03387	0.00995	0.02889	0.0	0.0	0.0	0.08077	0.16614	0.04742	0.09027	0.08904	0.07546	0.0	0.03008	0.07022	0.0262	0.08121	0.10277	0.04198	0.0564	0.0715	0.05136	0.12309	0.06178	0.0804	5e-05	5e-05	0.11144	0.0	0.03783	0.01134	0.05793	0.0354	0.0999	0.34202	0.25544	0.0	0.0	0.0	0.0	0.0	0.0	0.0	0.0	0.0	0.0	0.0	0.0	0.0	0.13422	0.07199	0.02828	0.09003	0.0865	0.02562	0.03407	0.12106	0.03408	0.01831	0.03626	0.07897	0.07899	0.14132	0.07897	5e-05	0.04171	0.03113	0.01486	0.05735	0.05236	0.0389	0.0325	
0.0172	0.04926	0.08142	0.01704	0.02737	0.03083	0.0	0.0	0.0588	0.0227	0.02899	0.02677	0.00012	0.02977	0.03098	0.0476	0.03049	0.03396	0.0	0.0	0.0	0.0	0.0	0.0	0.0	0.0	0.0	0.0	0.0	0.0	0.0	0.0	0.0	0.03425	0.03208	0.05988	0.10035	0.04816	0.03641	0.11891	0.0	0.0	0.0	0.05943	0.01238	0.04968	0.04954	0.03801	0.03308	0.0	0.0212	0.12216	0.03634	0.03717	0.02686	0.04378	0.11337	0.08586	0.01534	0.0173	0.0903	0.04806	0.00012	0.00012	0.00244	0.0	0.0221	0.07121	0.06253	0.06949	0.06715	0.14713	0.17806	0.0	0.0	0.0	0.0	0.0	0.0	0.0	0.0	0.0	0.0	0.0	0.0	0.0	0.07514	0.14351	0.03815	0.04508	0.04516	0.04081	0.00193	0.05229	0.0484	0.01937	0.15606	0.05618	0.0562	0.07199	0.05618	0.00012	0.02721	0.04284	0.01923	0.03854	0.01332	0.04352	0.0847	
0.0	0.0	0.0	0.0	0.0	0.0	0.0	0.0	0.0	0.0	0.0	0.0	0.0	0.0	0.0	0.0	0.0	0.0	0.0	0.0	0.0	0.0	0.0	0.0	0.0	0.0	0.0	0.0	0.0	0.0	0.0	0.0	0.0	0.0	0.0	0.0	0.0	0.0	0.0	0.0	0.0	0.0	0.0	0.0	0.0	0.0	0.0	0.0	0.0	0.0	0.0	0.0	0.0	0.0	0.0	0.0	0.0	0.0	0.0	0.0	0.0	0.0	0.0	0.0	0.0	0.0	0.0	0.0	0.0	0.0	0.0	0.0	0.0	0.0	0.0	0.0	0.0	0.0	0.0	0.0	0.0	0.0	0.0	0.0	0.0	0.0	0.0	0.0	0.0	0.0	0.0	0.0	0.0	0.0	0.0	0.0	0.0	0.0	0.0	0.0	0.0	0.0	0.0	0.0	0.0	0.0	0.0	0.0	0.0	
0.02541	0.03229	0.27616	0.08443	0.10597	0.09645	0.0588	0.0	0.0	0.00839	0.02586	0.08713	5e-05	0.03107	0.14077	0.09454	0.05042	0.09838	0.0	0.0	0.0	0.0	0.0	0.0	0.0	0.0	0.0	0.0	0.0	0.0	0.0	0.0	0.0	0.1108	0.05933	0.12296	0.03316	0.05231	0.00828	0.0158	0.0	0.0	0.0	0.03077	0.10541	0.02488	0.11066	0.05259	0.07325	0.0	0.05816	0.05516	0.20221	0.05814	0.09762	0.03275	0.07035	0.08947	0.05146	0.04037	0.04368	0.07992	5e-05	5e-05	0.03504	0.0	0.07942	0.03637	0.06609	0.0634	0.07155	0.1302	0.19075	0.0	0.0	0.0	0.0	0.0	0.0	0.0	0.0	0.0	0.0	0.0	0.0	0.0	0.23997	0.04367	0.09861	0.07902	0.09858	0.0374	0.05288	0.05766	0.05284	0.02567	0.0568	0.01331	0.09331	0.00897	0.01331	5e-05	0.11976	0.09474	0.03439	0.19964	0.05628	0.03038	0.07032	
0.01485	0.06351	0.03919	0.0283	0.07859	0.10152	0.0227	0.0	0.00839	0.0	0.00959	0.01138	0.00031	0.12894	0.0095	0.02511	0.05159	0.02819	0.0	0.0	0.0	0.0	0.0	0.0	0.0	0.0	0.0	0.0	0.0	0.0	0.0	0.0	0.0	0.0479	0.0153	0.07005	0.01657	0.01303	0.045	0.00992	0.0	0.0	0.0	0.10172	0.03243	0.10008	0.02728	0.10688	0.01032	0.0	0.00816	0.0223	0.01102	0.01945	0.02227	0.01906	0.01196	0.04677	0.01788	0.08963	0.0304	0.0224	0.00031	0.00031	0.01554	0.0	0.03957	0.01552	0.01729	0.015	0.10812	0.05378	0.06389	0.0	0.0	0.0	0.0	0.0	0.0	0.0	0.0	0.0	0.0	0.0	0.0	0.0	0.03788	0.01874	0.02314	0.03569	0.06408	0.01085	0.02127	0.02146	0.01474	0.00894	0.02209	0.00558	0.00563	0.00823	0.00558	0.00031	0.01172	0.08544	0.31897	0.20103	0.02036	0.0189	0.04612	
0.05745	0.01754	0.01529	0.07201	0.04749	0.04203	0.02899	0.0	0.02586	0.00959	0.0	0.13919	0.00016	0.01194	0.01134	0.03272	0.03713	0.039	0.0	0.0	0.0	0.0	0.0	0.0	0.0	0.0	0.0	0.0	0.0	0.0	0.0	0.0	0.0	0.02648	0.02152	0.01854	0.03477	0.03574	0.25577	0.11827	0.0	0.0	0.0	0.02231	0.01867	0.24483	0.05518	0.20378	0.03537	0.0	0.07237	0.08468	0.01319	0.04023	0.09035	0.05333	0.05148	0.05705	0.01584	0.01013	0.03971	0.02808	0.00016	0.00016	0.05953	0.0	0.05013	0.05569	0.01617	0.04202	0.04134	0.0698	0.08285	0.0	0.0	0.0	0.0	0.0	0.0	0.0	0.0	0.0	0.0	0.0	0.0	0.0	0.0804	0.05291	0.01531	0.01915	0.02032	0.01297	0.02626	0.02777	0.01769	0.01017	0.03157	0.006	0.00603	0.00925	0.006	0.00016	0.11677	0.01667	0.00843	0.01895	0.05419	0.02355	0.05085	
0.06623	0.02239	0.0697	0.19721	0.03449	0.07875	0.02677	0.0	0.08713	0.01138	0.13919	0.0	0.00014	0.0144	0.0141	0.05676	0.06943	0.16596	0.0	0.0	0.0	0.0	0.0	0.0	0.0	0.0	0.0	0.0	0.0	0.0	0.0	0.0	0.0	0.03225	0.02778	0.07217	0.0568	0.02048	0.06214	0.04045	0.0	0.0	0.0	0.03767	0.06304	0.10903	0.04093	0.19138	0.19839	0.0	0.01092	0.10744	0.01643	0.05273	0.07204	0.1435	0.0642	0.04926	0.02956	0.02584	0.03594	0.03896	0.00014	0.00014	0.06823	0.0	0.07179	0.02424	0.02842	0.03855	0.04764	0.17718	0.11884	0.0	0.0	0.0	0.0	0.0	0.0	0.0	0.0	0.0	0.0	0.0	0.0	0.0	0.11125	0.06424	0.02657	0.06675	0.02654	0.01611	0.0336	0.04014	0.05297	0.01218	0.04584	0.00691	0.00694	0.01098	0.00691	0.00014	0.11678	0.02142	0.0891	0.04873	0.13188	0.11982	0.06985	
5e-05	6e-05	0.00024	9e-05	0.00024	5e-05	0.00012	0.0	5e-05	0.00031	0.00016	0.00014	0.0	0.00033	0.00011	6e-05	0.00014	9e-05	0.0	0.0	0.0	0.0	0.0	0.0	0.0	0.0	0.0	0.0	0.0	0.0	0.0	0.0	0.0	8e-05	2e-05	0.00016	0.00018	6e-05	8e-05	0.00023	0.0	0.0	0.0	3e-05	6e-05	8e-05	3e-05	0.00022	0.0001	0.0	8e-05	4e-05	0.0001	2e-05	3e-05	6e-05	2e-05	4e-05	4e-05	6e-05	4e-05	0.00014	0.0	0.0	3e-05	0.0	1e-05	6e-05	5e-05	0.00016	0.00027	2e-05	3e-05	0.0	0.0	0.0	0.0	0.0	0.0	0.0	0.0	0.0	0.0	0.0	0.0	0.0	6e-05	0.00013	1e-05	3e-05	0.00012	2e-05	4e-05	2e-05	5e-05	6e-05	7e-05	0.00018	0.00031	0.00018	0.00018	0.0	0.00014	0.00013	0.00031	0.00023	6e-05	2e-05	0.00014	
0.07594	0.04371	0.01594	0.0171	0.04548	0.02194	0.02977	0.0	0.03107	0.12894	0.01194	0.0144	0.00033	0.0	0.01198	0.036	0.0534	0.04071	0.0	0.0	0.0	0.0	0.0	0.0	0.0	0.0	0.0	0.0	0.0	0.0	0.0	0.0	0.0	0.0493	0.02232	0.05412	0.04799	0.0167	0.02469	0.0124	0.0	0.0	0.0	0.07086	0.00796	0.07206	0.03534	0.07627	0.01298	0.0	0.00996	0.01101	0.01392	0.02538	0.01121	0.03125	0.00778	0.04973	0.02331	0.02875	0.02732	0.01504	0.00033	0.00033	0.0124	0.0	0.03567	0.01988	0.01076	0.08991	0.09145	0.07215	0.10546	0.0	0.0	0.0	0.0	0.0	0.0	0.0	0.0	0.0	0.0	0.0	0.0	0.0	0.04987	0.02448	0.00724	0.01974	0.15502	0.01369	0.02736	0.02837	0.01865	0.01097	0.02235	0.00664	0.00668	0.01002	0.00664	0.00033	0.01486	0.06501	0.23237	0.0317	0.02665	0.02444	0.0622	
0.01942	0.06218	0.20266	0.01682	0.1349	0.09986	0.03098	0.0	0.14077	0.0095	0.01134	0.0141	0.00011	0.01198	0.0	0.03498	0.06675	0.10739	0.0	0.0	0.0	0.0	0.0	0.0	0.0	0.0	0.0	0.0	0.0	0.0	0.0	0.0	0.0	0.09039	0.08313	0.11545	0.02227	0.01673	0.02142	0.01196	0.0	0.0	0.0	0.01985	0.0699	0.01513	0.08727	0.01409	0.0796	0.0	0.00911	0.04504	0.24242	0.02615	0.0304	0.02626	0.04084	0.08097	0.04676	0.06027	0.06914	0.16416	0.00011	0.00011	0.01929	0.0	0.03679	0.01985	0.02311	0.09974	0.06762	0.05475	0.10888	0.0	0.0	0.0	0.0	0.0	0.0	0.0	0.0	0.0	0.0	0.0	0.0	0.0	0.13797	0.0255	0.0317	0.01999	0.04806	0.01328	0.07715	0.03129	0.01816	0.01014	0.03059	0.0058	0.00583	0.00916	0.0058	0.00011	0.17623	0.12577	0.00827	0.20533	0.0918	0.02801	0.04271	
0.10053	0.03721	0.10081	0.04632	0.05817	0.07198	0.0476	0.0	0.09454	0.02511	0.03272	0.05676	6e-05	0.036	0.03498	0.0	0.17907	0.09293	0.0	0.0	0.0	0.0	0.0	0.0	0.0	0.0	0.0	0.0	0.0	0.0	0.0	0.0	0.0	0.11054	0.02376	0.08599	0.0464	0.05588	0.05784	0.04227	0.0	0.0	0.0	0.05821	0.05586	0.05151	0.18485	0.04726	0.09199	0.0	0.02406	0.12839	0.03238	0.06385	0.06318	0.13859	0.09476	0.06377	0.11526	0.03191	0.07858	0.07043	6e-05	6e-05	0.00939	0.0	0.06895	0.02299	0.07036	0.07094	0.08792	0.23112	0.0996	0.0	0.0	0.0	0.0	0.0	0.0	0.0	0.0	0.0	0.0	0.0	0.0	0.0	0.14877	0.08854	0.06951	0.05351	0.10822	0.13758	0.06006	0.13027	0.05701	0.08734	0.0872	0.01405	0.01406	0.02685	0.01405	6e-05	0.02036	0.0419	0.02164	0.04529	0.06236	0.04809	0.12969	
0.06836	0.07141	0.09513	0.04963	0.1886	0.08318	0.03049	0.0	0.05042	0.05159	0.03713	0.06943	0.00014	0.0534	0.06675	0.17907	0.0	0.08822	0.0	0.0	0.0	0.0	0.0	0.0	0.0	0.0	0.0	0.0	0.0	0.0	0.0	0.0	0.0	0.1089	0.03337	0.10464	0.10039	0.06693	0.01716	0.07172	0.0	0.0	0.0	0.1122	0.02941	0.03686	0.04074	0.08651	0.0765	0.0	0.0214	0.06343	0.05103	0.10265	0.07033	0.10292	0.07791	0.09317	0.05493	0.03383	0.08951	0.0921	0.00014	0.00014	0.04957	0.0	0.06971	0.04704	0.13667	0.08077	0.10418	0.32484	0.24034	0.0	0.0	0.0	0.0	0.0	0.0	0.0	0.0	0.0	0.0	0.0	0.0	0.0	0.15862	0.12281	0.04646	0.0591	0.08794	0.08814	0.04381	0.07744	0.09137	0.02627	0.12348	0.02698	0.02802	0.04759	0.02698	0.00014	0.03908	0.0377	0.04541	0.11056	0.06994	0.02445	0.15466	
0.24721	0.03031	0.18044	0.02472	0.08748	0.06542	0.03396	0.0	0.09838	0.02819	0.039	0.16596	9e-05	0.04071	0.10739	0.09293	0.08822	0.0	0.0	0.0	0.0	0.0	0.0	0.0	0.0	0.0	0.0	0.0	0.0	0.0	0.0	0.0	0.0	0.10736	0.04992	0.12966	0.10512	0.0443	0.02446	0.02565	0.0	0.0	0.0	0.02814	0.0765	0.041	0.07253	0.07986	0.0786	0.0	0.01961	0.05366	0.11202	0.15347	0.08093	0.07545	0.08666	0.07247	0.09095	0.04733	0.09159	0.09607	9e-05	9e-05	0.05886	0.0	0.04876	0.06189	0.10241	0.06795	0.08107	0.13132	0.19032	0.0	0.0	0.0	0.0	0.0	0.0	0.0	0.0	0.0	0.0	0.0	0.0	0.0	0.10701	0.06951	0.03178	0.11742	0.09192	0.19992	0.07952	0.07461	0.01756	0.04322	0.18714	0.01158	0.0116	0.01968	0.01158	9e-05	0.21855	0.07737	0.01765	0.14914	0.18163	0.0809	0.14777	
0.0	0.0	0.0	0.0	0.0	0.0	0.0	0.0	0.0	0.0	0.0	0.0	0.0	0.0	0.0	0.0	0.0	0.0	0.0	0.0	0.0	0.0	0.0	0.0	0.0	0.0	0.0	0.0	0.0	0.0	0.0	0.0	0.0	0.0	0.0	0.0	0.0	0.0	0.0	0.0	0.0	0.0	0.0	0.0	0.0	0.0	0.0	0.0	0.0	0.0	0.0	0.0	0.0	0.0	0.0	0.0	0.0	0.0	0.0	0.0	0.0	0.0	0.0	0.0	0.0	0.0	0.0	0.0	0.0	0.0	0.0	0.0	0.0	0.0	0.0	0.0	0.0	0.0	0.0	0.0	0.0	0.0	0.0	0.0	0.0	0.0	0.0	0.0	0.0	0.0	0.0	0.0	0.0	0.0	0.0	0.0	0.0	0.0	0.0	0.0	0.0	0.0	0.0	0.0	0.0	0.0	0.0	0.0	0.0	
0.0	0.0	0.0	0.0	0.0	0.0	0.0	0.0	0.0	0.0	0.0	0.0	0.0	0.0	0.0	0.0	0.0	0.0	0.0	0.0	0.0	0.0	0.0	0.0	0.0	0.0	0.0	0.0	0.0	0.0	0.0	0.0	0.0	0.0	0.0	0.0	0.0	0.0	0.0	0.0	0.0	0.0	0.0	0.0	0.0	0.0	0.0	0.0	0.0	0.0	0.0	0.0	0.0	0.0	0.0	0.0	0.0	0.0	0.0	0.0	0.0	0.0	0.0	0.0	0.0	0.0	0.0	0.0	0.0	0.0	0.0	0.0	0.0	0.0	0.0	0.0	0.0	0.0	0.0	0.0	0.0	0.0	0.0	0.0	0.0	0.0	0.0	0.0	0.0	0.0	0.0	0.0	0.0	0.0	0.0	0.0	0.0	0.0	0.0	0.0	0.0	0.0	0.0	0.0	0.0	0.0	0.0	0.0	0.0	
0.0	0.0	0.0	0.0	0.0	0.0	0.0	0.0	0.0	0.0	0.0	0.0	0.0	0.0	0.0	0.0	0.0	0.0	0.0	0.0	0.0	0.0	0.0	0.0	0.0	0.0	0.0	0.0	0.0	0.0	0.0	0.0	0.0	0.0	0.0	0.0	0.0	0.0	0.0	0.0	0.0	0.0	0.0	0.0	0.0	0.0	0.0	0.0	0.0	0.0	0.0	0.0	0.0	0.0	0.0	0.0	0.0	0.0	0.0	0.0	0.0	0.0	0.0	0.0	0.0	0.0	0.0	0.0	0.0	0.0	0.0	0.0	0.0	0.0	0.0	0.0	0.0	0.0	0.0	0.0	0.0	0.0	0.0	0.0	0.0	0.0	0.0	0.0	0.0	0.0	0.0	0.0	0.0	0.0	0.0	0.0	0.0	0.0	0.0	0.0	0.0	0.0	0.0	0.0	0.0	0.0	0.0	0.0	0.0	
0.0	0.0	0.0	0.0	0.0	0.0	0.0	0.0	0.0	0.0	0.0	0.0	0.0	0.0	0.0	0.0	0.0	0.0	0.0	0.0	0.0	0.0	0.0	0.0	0.0	0.0	0.0	0.0	0.0	0.0	0.0	0.0	0.0	0.0	0.0	0.0	0.0	0.0	0.0	0.0	0.0	0.0	0.0	0.0	0.0	0.0	0.0	0.0	0.0	0.0	0.0	0.0	0.0	0.0	0.0	0.0	0.0	0.0	0.0	0.0	0.0	0.0	0.0	0.0	0.0	0.0	0.0	0.0	0.0	0.0	0.0	0.0	0.0	0.0	0.0	0.0	0.0	0.0	0.0	0.0	0.0	0.0	0.0	0.0	0.0	0.0	0.0	0.0	0.0	0.0	0.0	0.0	0.0	0.0	0.0	0.0	0.0	0.0	0.0	0.0	0.0	0.0	0.0	0.0	0.0	0.0	0.0	0.0	0.0	
0.0	0.0	0.0	0.0	0.0	0.0	0.0	0.0	0.0	0.0	0.0	0.0	0.0	0.0	0.0	0.0	0.0	0.0	0.0	0.0	0.0	0.0	0.0	0.0	0.0	0.0	0.0	0.0	0.0	0.0	0.0	0.0	0.0	0.0	0.0	0.0	0.0	0.0	0.0	0.0	0.0	0.0	0.0	0.0	0.0	0.0	0.0	0.0	0.0	0.0	0.0	0.0	0.0	0.0	0.0	0.0	0.0	0.0	0.0	0.0	0.0	0.0	0.0	0.0	0.0	0.0	0.0	0.0	0.0	0.0	0.0	0.0	0.0	0.0	0.0	0.0	0.0	0.0	0.0	0.0	0.0	0.0	0.0	0.0	0.0	0.0	0.0	0.0	0.0	0.0	0.0	0.0	0.0	0.0	0.0	0.0	0.0	0.0	0.0	0.0	0.0	0.0	0.0	0.0	0.0	0.0	0.0	0.0	0.0	
0.0	0.0	0.0	0.0	0.0	0.0	0.0	0.0	0.0	0.0	0.0	0.0	0.0	0.0	0.0	0.0	0.0	0.0	0.0	0.0	0.0	0.0	0.0	0.0	0.0	0.0	0.0	0.0	0.0	0.0	0.0	0.0	0.0	0.0	0.0	0.0	0.0	0.0	0.0	0.0	0.0	0.0	0.0	0.0	0.0	0.0	0.0	0.0	0.0	0.0	0.0	0.0	0.0	0.0	0.0	0.0	0.0	0.0	0.0	0.0	0.0	0.0	0.0	0.0	0.0	0.0	0.0	0.0	0.0	0.0	0.0	0.0	0.0	0.0	0.0	0.0	0.0	0.0	0.0	0.0	0.0	0.0	0.0	0.0	0.0	0.0	0.0	0.0	0.0	0.0	0.0	0.0	0.0	0.0	0.0	0.0	0.0	0.0	0.0	0.0	0.0	0.0	0.0	0.0	0.0	0.0	0.0	0.0	0.0	
0.0	0.0	0.0	0.0	0.0	0.0	0.0	0.0	0.0	0.0	0.0	0.0	0.0	0.0	0.0	0.0	0.0	0.0	0.0	0.0	0.0	0.0	0.0	0.0	0.0	0.0	0.0	0.0	0.0	0.0	0.0	0.0	0.0	0.0	0.0	0.0	0.0	0.0	0.0	0.0	0.0	0.0	0.0	0.0	0.0	0.0	0.0	0.0	0.0	0.0	0.0	0.0	0.0	0.0	0.0	0.0	0.0	0.0	0.0	0.0	0.0	0.0	0.0	0.0	0.0	0.0	0.0	0.0	0.0	0.0	0.0	0.0	0.0	0.0	0.0	0.0	0.0	0.0	0.0	0.0	0.0	0.0	0.0	0.0	0.0	0.0	0.0	0.0	0.0	0.0	0.0	0.0	0.0	0.0	0.0	0.0	0.0	0.0	0.0	0.0	0.0	0.0	0.0	0.0	0.0	0.0	0.0	0.0	0.0	
0.0	0.0	0.0	0.0	0.0	0.0	0.0	0.0	0.0	0.0	0.0	0.0	0.0	0.0	0.0	0.0	0.0	0.0	0.0	0.0	0.0	0.0	0.0	0.0	0.0	0.0	0.0	0.0	0.0	0.0	0.0	0.0	0.0	0.0	0.0	0.0	0.0	0.0	0.0	0.0	0.0	0.0	0.0	0.0	0.0	0.0	0.0	0.0	0.0	0.0	0.0	0.0	0.0	0.0	0.0	0.0	0.0	0.0	0.0	0.0	0.0	0.0	0.0	0.0	0.0	0.0	0.0	0.0	0.0	0.0	0.0	0.0	0.0	0.0	0.0	0.0	0.0	0.0	0.0	0.0	0.0	0.0	0.0	0.0	0.0	0.0	0.0	0.0	0.0	0.0	0.0	0.0	0.0	0.0	0.0	0.0	0.0	0.0	0.0	0.0	0.0	0.0	0.0	0.0	0.0	0.0	0.0	0.0	0.0	
0.0	0.0	0.0	0.0	0.0	0.0	0.0	0.0	0.0	0.0	0.0	0.0	0.0	0.0	0.0	0.0	0.0	0.0	0.0	0.0	0.0	0.0	0.0	0.0	0.0	0.0	0.0	0.0	0.0	0.0	0.0	0.0	0.0	0.0	0.0	0.0	0.0	0.0	0.0	0.0	0.0	0.0	0.0	0.0	0.0	0.0	0.0	0.0	0.0	0.0	0.0	0.0	0.0	0.0	0.0	0.0	0.0	0.0	0.0	0.0	0.0	0.0	0.0	0.0	0.0	0.0	0.0	0.0	0.0	0.0	0.0	0.0	0.0	0.0	0.0	0.0	0.0	0.0	0.0	0.0	0.0	0.0	0.0	0.0	0.0	0.0	0.0	0.0	0.0	0.0	0.0	0.0	0.0	0.0	0.0	0.0	0.0	0.0	0.0	0.0	0.0	0.0	0.0	0.0	0.0	0.0	0.0	0.0	0.0	
0.0	0.0	0.0	0.0	0.0	0.0	0.0	0.0	0.0	0.0	0.0	0.0	0.0	0.0	0.0	0.0	0.0	0.0	0.0	0.0	0.0	0.0	0.0	0.0	0.0	0.0	0.0	0.0	0.0	0.0	0.0	0.0	0.0	0.0	0.0	0.0	0.0	0.0	0.0	0.0	0.0	0.0	0.0	0.0	0.0	0.0	0.0	0.0	0.0	0.0	0.0	0.0	0.0	0.0	0.0	0.0	0.0	0.0	0.0	0.0	0.0	0.0	0.0	0.0	0.0	0.0	0.0	0.0	0.0	0.0	0.0	0.0	0.0	0.0	0.0	0.0	0.0	0.0	0.0	0.0	0.0	0.0	0.0	0.0	0.0	0.0	0.0	0.0	0.0	0.0	0.0	0.0	0.0	0.0	0.0	0.0	0.0	0.0	0.0	0.0	0.0	0.0	0.0	0.0	0.0	0.0	0.0	0.0	0.0	
0.0	0.0	0.0	0.0	0.0	0.0	0.0	0.0	0.0	0.0	0.0	0.0	0.0	0.0	0.0	0.0	0.0	0.0	0.0	0.0	0.0	0.0	0.0	0.0	0.0	0.0	0.0	0.0	0.0	0.0	0.0	0.0	0.0	0.0	0.0	0.0	0.0	0.0	0.0	0.0	0.0	0.0	0.0	0.0	0.0	0.0	0.0	0.0	0.0	0.0	0.0	0.0	0.0	0.0	0.0	0.0	0.0	0.0	0.0	0.0	0.0	0.0	0.0	0.0	0.0	0.0	0.0	0.0	0.0	0.0	0.0	0.0	0.0	0.0	0.0	0.0	0.0	0.0	0.0	0.0	0.0	0.0	0.0	0.0	0.0	0.0	0.0	0.0	0.0	0.0	0.0	0.0	0.0	0.0	0.0	0.0	0.0	0.0	0.0	0.0	0.0	0.0	0.0	0.0	0.0	0.0	0.0	0.0	0.0	
0.0	0.0	0.0	0.0	0.0	0.0	0.0	0.0	0.0	0.0	0.0	0.0	0.0	0.0	0.0	0.0	0.0	0.0	0.0	0.0	0.0	0.0	0.0	0.0	0.0	0.0	0.0	0.0	0.0	0.0	0.0	0.0	0.0	0.0	0.0	0.0	0.0	0.0	0.0	0.0	0.0	0.0	0.0	0.0	0.0	0.0	0.0	0.0	0.0	0.0	0.0	0.0	0.0	0.0	0.0	0.0	0.0	0.0	0.0	0.0	0.0	0.0	0.0	0.0	0.0	0.0	0.0	0.0	0.0	0.0	0.0	0.0	0.0	0.0	0.0	0.0	0.0	0.0	0.0	0.0	0.0	0.0	0.0	0.0	0.0	0.0	0.0	0.0	0.0	0.0	0.0	0.0	0.0	0.0	0.0	0.0	0.0	0.0	0.0	0.0	0.0	0.0	0.0	0.0	0.0	0.0	0.0	0.0	0.0	
0.0	0.0	0.0	0.0	0.0	0.0	0.0	0.0	0.0	0.0	0.0	0.0	0.0	0.0	0.0	0.0	0.0	0.0	0.0	0.0	0.0	0.0	0.0	0.0	0.0	0.0	0.0	0.0	0.0	0.0	0.0	0.0	0.0	0.0	0.0	0.0	0.0	0.0	0.0	0.0	0.0	0.0	0.0	0.0	0.0	0.0	0.0	0.0	0.0	0.0	0.0	0.0	0.0	0.0	0.0	0.0	0.0	0.0	0.0	0.0	0.0	0.0	0.0	0.0	0.0	0.0	0.0	0.0	0.0	0.0	0.0	0.0	0.0	0.0	0.0	0.0	0.0	0.0	0.0	0.0	0.0	0.0	0.0	0.0	0.0	0.0	0.0	0.0	0.0	0.0	0.0	0.0	0.0	0.0	0.0	0.0	0.0	0.0	0.0	0.0	0.0	0.0	0.0	0.0	0.0	0.0	0.0	0.0	0.0	
0.0	0.0	0.0	0.0	0.0	0.0	0.0	0.0	0.0	0.0	0.0	0.0	0.0	0.0	0.0	0.0	0.0	0.0	0.0	0.0	0.0	0.0	0.0	0.0	0.0	0.0	0.0	0.0	0.0	0.0	0.0	0.0	0.0	0.0	0.0	0.0	0.0	0.0	0.0	0.0	0.0	0.0	0.0	0.0	0.0	0.0	0.0	0.0	0.0	0.0	0.0	0.0	0.0	0.0	0.0	0.0	0.0	0.0	0.0	0.0	0.0	0.0	0.0	0.0	0.0	0.0	0.0	0.0	0.0	0.0	0.0	0.0	0.0	0.0	0.0	0.0	0.0	0.0	0.0	0.0	0.0	0.0	0.0	0.0	0.0	0.0	0.0	0.0	0.0	0.0	0.0	0.0	0.0	0.0	0.0	0.0	0.0	0.0	0.0	0.0	0.0	0.0	0.0	0.0	0.0	0.0	0.0	0.0	0.0	
0.0	0.0	0.0	0.0	0.0	0.0	0.0	0.0	0.0	0.0	0.0	0.0	0.0	0.0	0.0	0.0	0.0	0.0	0.0	0.0	0.0	0.0	0.0	0.0	0.0	0.0	0.0	0.0	0.0	0.0	0.0	0.0	0.0	0.0	0.0	0.0	0.0	0.0	0.0	0.0	0.0	0.0	0.0	0.0	0.0	0.0	0.0	0.0	0.0	0.0	0.0	0.0	0.0	0.0	0.0	0.0	0.0	0.0	0.0	0.0	0.0	0.0	0.0	0.0	0.0	0.0	0.0	0.0	0.0	0.0	0.0	0.0	0.0	0.0	0.0	0.0	0.0	0.0	0.0	0.0	0.0	0.0	0.0	0.0	0.0	0.0	0.0	0.0	0.0	0.0	0.0	0.0	0.0	0.0	0.0	0.0	0.0	0.0	0.0	0.0	0.0	0.0	0.0	0.0	0.0	0.0	0.0	0.0	0.0	
0.05247	0.03564	0.09705	0.0429	0.08208	0.04962	0.03425	0.0	0.1108	0.0479	0.02648	0.03225	8e-05	0.0493	0.09039	0.11054	0.1089	0.10736	0.0	0.0	0.0	0.0	0.0	0.0	0.0	0.0	0.0	0.0	0.0	0.0	0.0	0.0	0.0	0.0	0.088	0.12181	0.05283	0.05419	0.0264	0.02855	0.0	0.0	0.0	0.03684	0.04293	0.05062	0.07106	0.07776	0.03038	0.0	0.04705	0.15172	0.0826	0.04909	0.03467	0.12123	0.04192	0.0885	0.06837	0.07982	0.11026	0.11608	8e-05	8e-05	0.02111	0.0	0.11768	0.03601	0.02073	0.11041	0.0947	0.1695	0.17254	0.0	0.0	0.0	0.0	0.0	0.0	0.0	0.0	0.0	0.0	0.0	0.0	0.0	0.28399	0.06522	0.0693	0.03065	0.11214	0.03262	0.05223	0.09758	0.01817	0.01615	0.0562	0.01158	0.08002	0.01971	0.01158	8e-05	0.07062	0.16194	0.08183	0.12663	0.05669	0.03887	0.08171	
0.04031	0.04624	0.07619	0.0409	0.06973	0.04826	0.03208	0.0	0.05933	0.0153	0.02152	0.02778	2e-05	0.02232	0.08313	0.02376	0.03337	0.04992	0.0	0.0	0.0	0.0	0.0	0.0	0.0	0.0	0.0	0.0	0.0	0.0	0.0	0.0	0.0	0.088	0.0	0.07807	0.03237	0.0349	0.00985	0.023	0.0	0.0	0.0	0.02423	0.01223	0.03015	0.06013	0.02764	0.02427	0.0	0.01656	0.02868	0.09708	0.05261	0.04171	0.0304	0.03645	0.0225	0.01232	0.08259	0.06107	0.08165	2e-05	2e-05	0.03831	0.0	0.0646	0.04041	0.08557	0.04482	0.02238	0.10487	0.0723	0.0	0.0	0.0	0.0	0.0	0.0	0.0	0.0	0.0	0.0	0.0	0.0	0.0	0.07906	0.05958	0.02701	0.03758	0.02223	0.02592	0.01202	0.03155	0.00694	0.05308	0.03058	0.08499	0.01009	0.03213	0.08499	2e-05	0.05225	0.11824	0.01511	0.07838	0.02993	0.05181	0.03154	
0.03517	0.04879	0.19676	0.02903	0.15559	0.04054	0.05988	0.0	0.12296	0.07005	0.01854	0.07217	0.00016	0.05412	0.11545	0.08599	0.10464	0.12966	0.0	0.0	0.0	0.0	0.0	0.0	0.0	0.0	0.0	0.0	0.0	0.0	0.0	0.0	0.0	0.12181	0.07807	0.0	0.06478	0.09452	0.03437	0.01975	0.0	0.0	0.0	0.07876	0.05695	0.05712	0.09097	0.05732	0.11463	0.0	0.01414	0.08731	0.15145	0.04938	0.03168	0.07564	0.02279	0.12432	0.03583	0.04557	0.17398	0.10246	0.00016	0.00016	0.03312	0.0	0.11101	0.03518	0.04319	0.15104	0.06797	0.22038	0.11382	0.0	0.0	0.0	0.0	0.0	0.0	0.0	0.0	0.0	0.0	0.0	0.0	0.0	0.28508	0.07825	0.04222	0.10335	0.06359	0.02243	0.02772	0.14261	0.04112	0.04047	0.06609	0.00857	0.00859	0.0142	0.00857	0.00016	0.08381	0.14406	0.11722	0.20017	0.13712	0.03883	0.04763	
0.05982	0.04349	0.03218	0.03311	0.01845	0.0476	0.10035	0.0	0.03316	0.01657	0.03477	0.0568	0.00018	0.04799	0.02227	0.0464	0.10039	0.10512	0.0	0.0	0.0	0.0	0.0	0.0	0.0	0.0	0.0	0.0	0.0	0.0	0.0	0.0	0.0	0.05283	0.03237	0.06478	0.0	0.20954	0.01809	0.02189	0.0	0.0	0.0	0.12056	0.02292	0.02989	0.06347	0.02721	0.02379	0.0	0.01593	0.07971	0.07078	0.04252	0.08538	0.0724	0.05597	0.04947	0.03134	0.03764	0.06936	0.08948	0.00018	0.00018	0.04166	0.0	0.05553	0.01774	0.04756	0.0863	0.10122	0.14522	0.25423	0.0	0.0	0.0	0.0	0.0	0.0	0.0	0.0	0.0	0.0	0.0	0.0	0.0	0.08303	0.07786	0.08572	0.02891	0.04543	0.0439	0.00937	0.08855	0.01393	0.04411	0.07737	0.00964	0.00961	0.01603	0.00964	0.00018	0.02853	0.0362	0.01465	0.04025	0.08381	0.09618	0.04517	
0.0273	0.014	0.02346	0.02458	0.03873	0.03387	0.04816	0.0	0.05231	0.01303	0.03574	0.02048	6e-05	0.0167	0.01673	0.05588	0.06693	0.0443	0.0	0.0	0.0	0.0	0.0	0.0	0.0	0.0	0.0	0.0	0.0	0.0	0.0	0.0	0.0	0.05419	0.0349	0.09452	0.20954	0.0	0.00923	0.01664	0.0	0.0	0.0	0.05901	0.04702	0.02215	0.15238	0.02034	0.01796	0.0	0.01255	0.09786	0.26529	0.04652	0.04856	0.05667	0.07128	0.06538	0.03408	0.06086	0.08657	0.08824	6e-05	6e-05	0.02813	0.0	0.11808	0.03324	0.03513	0.06583	0.08789	0.17271	0.14115	0.0	0.0	0.0	0.0	0.0	0.0	0.0	0.0	0.0	0.0	0.0	0.0	0.0	0.1811	0.25853	0.11504	0.07808	0.06306	0.01916	0.01065	0.13723	0.03072	0.01409	0.0393	0.00779	0.00775	0.01266	0.00779	6e-05	0.02122	0.0261	0.01146	0.02924	0.04251	0.03732	0.05601	
0.03403	0.03866	0.02971	0.0152	0.08487	0.00995	0.03641	0.0	0.00828	0.045	0.25577	0.06214	8e-05	0.02469	0.02142	0.05784	0.01716	0.02446	0.0	0.0	0.0	0.0	0.0	0.0	0.0	0.0	0.0	0.0	0.0	0.0	0.0	0.0	0.0	0.0264	0.00985	0.03437	0.01809	0.00923	0.0	0.03625	0.0	0.0	0.0	0.01922	0.0138	0.26317	0.0358	0.1337	0.01305	0.0	0.01861	0.12693	0.01356	0.02364	0.01044	0.03259	0.0333	0.01717	0.01211	0.00842	0.00317	0.03754	8e-05	8e-05	0.00582	0.0	0.08726	0.00516	0.01083	0.03214	0.00817	0.05367	0.03898	0.0	0.0	0.0	0.0	0.0	0.0	0.0	0.0	0.0	0.0	0.0	0.0	0.0	0.07598	0.0522	0.01435	0.01877	0.02817	0.02458	0.05227	0.0322	0.01183	0.0184	0.04445	0.01032	0.01028	0.01656	0.01032	8e-05	0.04702	0.07454	0.1102	0.00982	0.03866	0.02122	0.02001	
0.01987	0.01873	0.11565	0.09053	0.04777	0.02889	0.11891	0.0	0.0158	0.00992	0.11827	0.04045	0.00023	0.0124	0.01196	0.04227	0.07172	0.02565	0.0	0.0	0.0	0.0	0.0	0.0	0.0	0.0	0.0	0.0	0.0	0.0	0.0	0.0	0.0	0.02855	0.023	0.01975	0.02189	0.01664	0.03625	0.0	0.0	0.0	0.0	0.02588	0.0261	0.21062	0.03873	0.01445	0.0129	0.0	0.09838	0.03127	0.01391	0.02991	0.03649	0.04637	0.07972	0.03106	0.031	0.06285	0.13983	0.04128	0.00023	0.00023	0.03547	0.0	0.07119	0.14129	0.03154	0.04564	0.04209	0.08081	0.07259	0.0	0.0	0.0	0.0	0.0	0.0	0.0	0.0	0.0	0.0	0.0	0.0	0.0	0.1056	0.1122	0.03108	0.02044	0.02179	0.0137	0.02799	0.04994	0.15299	0.01063	0.07622	0.00625	0.0062	0.09262	0.00625	0.00023	0.01497	0.01775	0.11295	0.02005	0.0279	0.02522	0.09402	
0.0	0.0	0.0	0.0	0.0	0.0	0.0	0.0	0.0	0.0	0.0	0.0	0.0	0.0	0.0	0.0	0.0	0.0	0.0	0.0	0.0	0.0	0.0	0.0	0.0	0.0	0.0	0.0	0.0	0.0	0.0	0.0	0.0	0.0	0.0	0.0	0.0	0.0	0.0	0.0	0.0	0.0	0.0	0.0	0.0	0.0	0.0	0.0	0.0	0.0	0.0	0.0	0.0	0.0	0.0	0.0	0.0	0.0	0.0	0.0	0.0	0.0	0.0	0.0	0.0	0.0	0.0	0.0	0.0	0.0	0.0	0.0	0.0	0.0	0.0	0.0	0.0	0.0	0.0	0.0	0.0	0.0	0.0	0.0	0.0	0.0	0.0	0.0	0.0	0.0	0.0	0.0	0.0	0.0	0.0	0.0	0.0	0.0	0.0	0.0	0.0	0.0	0.0	0.0	0.0	0.0	0.0	0.0	0.0	
0.0	0.0	0.0	0.0	0.0	0.0	0.0	0.0	0.0	0.0	0.0	0.0	0.0	0.0	0.0	0.0	0.0	0.0	0.0	0.0	0.0	0.0	0.0	0.0	0.0	0.0	0.0	0.0	0.0	0.0	0.0	0.0	0.0	0.0	0.0	0.0	0.0	0.0	0.0	0.0	0.0	0.0	0.0	0.0	0.0	0.0	0.0	0.0	0.0	0.0	0.0	0.0	0.0	0.0	0.0	0.0	0.0	0.0	0.0	0.0	0.0	0.0	0.0	0.0	0.0	0.0	0.0	0.0	0.0	0.0	0.0	0.0	0.0	0.0	0.0	0.0	0.0	0.0	0.0	0.0	0.0	0.0	0.0	0.0	0.0	0.0	0.0	0.0	0.0	0.0	0.0	0.0	0.0	0.0	0.0	0.0	0.0	0.0	0.0	0.0	0.0	0.0	0.0	0.0	0.0	0.0	0.0	0.0	0.0	
0.0	0.0	0.0	0.0	0.0	0.0	0.0	0.0	0.0	0.0	0.0	0.0	0.0	0.0	0.0	0.0	0.0	0.0	0.0	0.0	0.0	0.0	0.0	0.0	0.0	0.0	0.0	0.0	0.0	0.0	0.0	0.0	0.0	0.0	0.0	0.0	0.0	0.0	0.0	0.0	0.0	0.0	0.0	0.0	0.0	0.0	0.0	0.0	0.0	0.0	0.0	0.0	0.0	0.0	0.0	0.0	0.0	0.0	0.0	0.0	0.0	0.0	0.0	0.0	0.0	0.0	0.0	0.0	0.0	0.0	0.0	0.0	0.0	0.0	0.0	0.0	0.0	0.0	0.0	0.0	0.0	0.0	0.0	0.0	0.0	0.0	0.0	0.0	0.0	0.0	0.0	0.0	0.0	0.0	0.0	0.0	0.0	0.0	0.0	0.0	0.0	0.0	0.0	0.0	0.0	0.0	0.0	0.0	0.0	
0.08865	0.06781	0.01957	0.00994	0.03962	0.08077	0.05943	0.0	0.03077	0.10172	0.02231	0.03767	3e-05	0.07086	0.01985	0.05821	0.1122	0.02814	0.0	0.0	0.0	0.0	0.0	0.0	0.0	0.0	0.0	0.0	0.0	0.0	0.0	0.0	0.0	0.03684	0.02423	0.07876	0.12056	0.05901	0.01922	0.02588	0.0	0.0	0.0	0.0	0.08297	0.01694	0.06103	0.02106	0.03265	0.0	0.0065	0.04875	0.01782	0.0219	0.03311	0.0782	0.04887	0.11729	0.05001	0.09085	0.12123	0.09321	3e-05	3e-05	0.05224	0.0	0.04654	0.0511	0.01977	0.07449	0.05348	0.11725	0.12511	0.0	0.0	0.0	0.0	0.0	0.0	0.0	0.0	0.0	0.0	0.0	0.0	0.0	0.11431	0.10622	0.04791	0.04981	0.04748	0.01141	0.0141	0.04926	0.04869	0.00302	0.10689	0.01314	0.01311	0.02197	0.01314	3e-05	0.03919	0.01618	0.06097	0.0209	0.01662	0.0135	0.04256	
0.0392	0.04825	0.06923	0.05039	0.033	0.16614	0.01238	0.0	0.10541	0.03243	0.01867	0.06304	6e-05	0.00796	0.0699	0.05586	0.02941	0.0765	0.0	0.0	0.0	0.0	0.0	0.0	0.0	0.0	0.0	0.0	0.0	0.0	0.0	0.0	0.0	0.04293	0.01223	0.05695	0.02292	0.04702	0.0138	0.0261	0.0	0.0	0.0	0.08297	0.0	0.01297	0.01681	0.04005	0.04557	0.0	0.05655	0.06885	0.06914	0.04157	0.02428	0.02117	0.06835	0.03506	0.02895	0.04947	0.02443	0.09215	6e-05	6e-05	0.11361	0.0	0.03776	0.02641	0.05239	0.02913	0.04072	0.08841	0.09062	0.0	0.0	0.0	0.0	0.0	0.0	0.0	0.0	0.0	0.0	0.0	0.0	0.0	0.12887	0.05776	0.04715	0.03168	0.09961	0.03013	0.02667	0.0681	0.01401	0.01469	0.01783	0.03094	0.08534	0.05391	0.03094	6e-05	0.07035	0.02018	0.02862	0.03735	0.06577	0.02922	0.02473	
0.04836	0.04663	0.10497	0.05607	0.08745	0.04742	0.04968	0.0	0.02488	0.10008	0.24483	0.10903	8e-05	0.07206	0.01513	0.05151	0.03686	0.041	0.0	0.0	0.0	0.0	0.0	0.0	0.0	0.0	0.0	0.0	0.0	0.0	0.0	0.0	0.0	0.05062	0.03015	0.05712	0.02989	0.02215	0.26317	0.21062	0.0	0.0	0.0	0.01694	0.01297	0.0	0.05174	0.32402	0.02991	0.0	0.07353	0.08418	0.01765	0.04559	0.05444	0.03547	0.04438	0.0541	0.0317	0.01021	0.06648	0.04735	8e-05	8e-05	0.06765	0.0	0.14389	0.03352	0.03162	0.03435	0.03787	0.06548	0.09565	0.0	0.0	0.0	0.0	0.0	0.0	0.0	0.0	0.0	0.0	0.0	0.0	0.0	0.07307	0.06723	0.03497	0.02663	0.05488	0.01732	0.03643	0.05597	0.03579	0.01298	0.03427	0.0073	0.00729	0.07421	0.0073	8e-05	0.09162	0.06439	0.17134	0.03722	0.05567	0.03187	0.03468	
0.05825	0.0525	0.09534	0.06165	0.07339	0.09027	0.04954	0.0	0.11066	0.02728	0.05518	0.04093	3e-05	0.03534	0.08727	0.18485	0.04074	0.07253	0.0	0.0	0.0	0.0	0.0	0.0	0.0	0.0	0.0	0.0	0.0	0.0	0.0	0.0	0.0	0.07106	0.06013	0.09097	0.06347	0.15238	0.0358	0.03873	0.0	0.0	0.0	0.06103	0.01681	0.05174	0.0	0.03835	0.04009	0.0	0.02544	0.16976	0.14488	0.05277	0.07343	0.10102	0.10871	0.07796	0.09296	0.03789	0.12257	0.09186	3e-05	3e-05	0.02749	0.0	0.13604	0.03001	0.12002	0.05083	0.13085	0.24332	0.10526	0.0	0.0	0.0	0.0	0.0	0.0	0.0	0.0	0.0	0.0	0.0	0.0	0.0	0.20222	0.17259	0.09686	0.12653	0.10701	0.10295	0.02073	0.16628	0.02248	0.08074	0.06615	0.0695	0.01481	0.04437	0.0695	3e-05	0.07247	0.06453	0.04626	0.09809	0.04306	0.05687	0.132	
0.10589	0.04717	0.03196	0.14697	0.08874	0.08904	0.03801	0.0	0.05259	0.10688	0.20378	0.19138	0.00022	0.07627	0.01409	0.04726	0.08651	0.07986	0.0	0.0	0.0	0.0	0.0	0.0	0.0	0.0	0.0	0.0	0.0	0.0	0.0	0.0	0.0	0.07776	0.02764	0.05732	0.02721	0.02034	0.1337	0.01445	0.0	0.0	0.0	0.02106	0.04005	0.32402	0.03835	0.0	0.10236	0.0	0.01097	0.1263	0.01641	0.07378	0.10429	0.02588	0.03913	0.07099	0.02938	0.03202	0.04085	0.04216	0.00022	0.00022	0.11674	0.0	0.10862	0.02415	0.01374	0.08987	0.13691	0.10321	0.18205	0.0	0.0	0.0	0.0	0.0	0.0	0.0	0.0	0.0	0.0	0.0	0.0	0.0	0.07862	0.09867	0.03895	0.02437	0.0545	0.0161	0.013	0.02262	0.02203	0.01222	0.07374	0.00698	0.00701	0.01103	0.00698	0.00022	0.16916	0.06544	0.1827	0.11644	0.09909	0.03022	0.07256	
0.01773	0.01966	0.17111	0.09344	0.02975	0.07546	0.03308	0.0	0.07325	0.01032	0.03537	0.19839	0.0001	0.01298	0.0796	0.09199	0.0765	0.0786	0.0	0.0	0.0	0.0	0.0	0.0	0.0	0.0	0.0	0.0	0.0	0.0	0.0	0.0	0.0	0.03038	0.02427	0.11463	0.02379	0.01796	0.01305	0.0129	0.0	0.0	0.0	0.03265	0.04557	0.02991	0.04009	0.10236	0.0	0.0	0.0099	0.03282	0.01459	0.01746	0.0293	0.08738	0.03683	0.04687	0.01426	0.04169	0.04059	0.04405	0.0001	0.0001	0.01426	0.0	0.03281	0.02132	0.02471	0.03826	0.03385	0.23723	0.11676	0.0	0.0	0.0	0.0	0.0	0.0	0.0	0.0	0.0	0.0	0.0	0.0	0.0	0.11913	0.0218	0.0339	0.11486	0.02298	0.01432	0.01463	0.06714	0.11214	0.01101	0.01896	0.00634	0.00637	0.00996	0.00634	0.0001	0.03238	0.01875	0.00897	0.11053	0.07512	0.0779	0.03316	
0.0	0.0	0.0	0.0	0.0	0.0	0.0	0.0	0.0	0.0	0.0	0.0	0.0	0.0	0.0	0.0	0.0	0.0	0.0	0.0	0.0	0.0	0.0	0.0	0.0	0.0	0.0	0.0	0.0	0.0	0.0	0.0	0.0	0.0	0.0	0.0	0.0	0.0	0.0	0.0	0.0	0.0	0.0	0.0	0.0	0.0	0.0	0.0	0.0	0.0	0.0	0.0	0.0	0.0	0.0	0.0	0.0	0.0	0.0	0.0	0.0	0.0	0.0	0.0	0.0	0.0	0.0	0.0	0.0	0.0	0.0	0.0	0.0	0.0	0.0	0.0	0.0	0.0	0.0	0.0	0.0	0.0	0.0	0.0	0.0	0.0	0.0	0.0	0.0	0.0	0.0	0.0	0.0	0.0	0.0	0.0	0.0	0.0	0.0	0.0	0.0	0.0	0.0	0.0	0.0	0.0	0.0	0.0	0.0	
0.01429	0.01367	0.01195	0.01293	0.00679	0.03008	0.0212	0.0	0.05816	0.00816	0.07237	0.01092	8e-05	0.00996	0.00911	0.02406	0.0214	0.01961	0.0	0.0	0.0	0.0	0.0	0.0	0.0	0.0	0.0	0.0	0.0	0.0	0.0	0.0	0.0	0.04705	0.01656	0.01414	0.01593	0.01255	0.01861	0.09838	0.0	0.0	0.0	0.0065	0.05655	0.07353	0.02544	0.01097	0.0099	0.0	0.0	0.02138	0.01058	0.02818	0.0778	0.01828	0.03806	0.01574	0.01478	0.00376	0.01795	0.09097	8e-05	8e-05	0.04587	0.0	0.02098	0.0149	0.13243	0.03131	0.01724	0.11956	0.07332	0.0	0.0	0.0	0.0	0.0	0.0	0.0	0.0	0.0	0.0	0.0	0.0	0.0	0.10805	0.01816	0.10553	0.01473	0.01535	0.01041	0.02043	0.02408	0.01417	0.00856	0.02118	0.0053	0.40018	0.00788	0.0053	8e-05	0.01125	0.01289	0.00707	0.01479	0.01954	0.01814	0.01061	
0.09287	0.05668	0.04616	0.08332	0.04316	0.07022	0.12216	0.0	0.05516	0.0223	0.08468	0.10744	4e-05	0.01101	0.04504	0.12839	0.06343	0.05366	0.0	0.0	0.0	0.0	0.0	0.0	0.0	0.0	0.0	0.0	0.0	0.0	0.0	0.0	0.0	0.15172	0.02868	0.08731	0.07971	0.09786	0.12693	0.03127	0.0	0.0	0.0	0.04875	0.06885	0.08418	0.16976	0.1263	0.03282	0.0	0.02138	0.0	0.04401	0.05054	0.05772	0.09038	0.0609	0.07783	0.06201	0.10351	0.11714	0.07753	4e-05	4e-05	0.05429	0.0	0.2035	0.06232	0.10265	0.06893	0.12307	0.28289	0.22093	0.0	0.0	0.0	0.0	0.0	0.0	0.0	0.0	0.0	0.0	0.0	0.0	0.0	0.27374	0.31453	0.06341	0.04332	0.08962	0.0618	0.01149	0.15956	0.01726	0.02523	0.07066	0.08663	0.01259	0.05313	0.08663	4e-05	0.1135	0.09384	0.01971	0.05811	0.04792	0.03553	0.04847	
0.02192	0.0214	0.20435	0.01962	0.12632	0.0262	0.03634	0.0	0.20221	0.01102	0.01319	0.01643	0.0001	0.01392	0.24242	0.03238	0.05103	0.11202	0.0	0.0	0.0	0.0	0.0	0.0	0.0	0.0	0.0	0.0	0.0	0.0	0.0	0.0	0.0	0.0826	0.09708	0.15145	0.07078	0.26529	0.01356	0.01391	0.0	0.0	0.0	0.01782	0.06914	0.01765	0.14488	0.01641	0.01459	0.0	0.01058	0.04401	0.0	0.03064	0.03568	0.02619	0.07802	0.0827	0.02453	0.04582	0.03689	0.07876	0.0001	0.0001	0.02252	0.0	0.07917	0.04754	0.02704	0.06035	0.08127	0.06928	0.12168	0.0	0.0	0.0	0.0	0.0	0.0	0.0	0.0	0.0	0.0	0.0	0.0	0.0	0.21452	0.13597	0.07336	0.07225	0.09501	0.01548	0.08113	0.09768	0.05581	0.01178	0.05743	0.00672	0.00675	0.01063	0.00672	0.0001	0.17746	0.12799	0.00959	0.2079	0.08259	0.02898	0.06432	
0.29005	0.03308	0.06618	0.02046	0.06619	0.08121	0.03717	0.0	0.05814	0.01945	0.04023	0.05273	2e-05	0.02538	0.02615	0.06385	0.10265	0.15347	0.0	0.0	0.0	0.0	0.0	0.0	0.0	0.0	0.0	0.0	0.0	0.0	0.0	0.0	0.0	0.04909	0.05261	0.04938	0.04252	0.04652	0.02364	0.02991	0.0	0.0	0.0	0.0219	0.04157	0.04559	0.05277	0.07378	0.01746	0.0	0.02818	0.05054	0.03064	0.0	0.13323	0.03818	0.04442	0.09002	0.12326	0.067	0.08403	0.07113	2e-05	2e-05	0.21561	0.0	0.05772	0.06484	0.15736	0.02742	0.07138	0.12396	0.07784	0.0	0.0	0.0	0.0	0.0	0.0	0.0	0.0	0.0	0.0	0.0	0.0	0.0	0.06412	0.06736	0.02392	0.04217	0.06502	0.32639	0.12527	0.04575	0.01204	0.0904	0.11991	0.01119	0.07061	0.016	0.01119	2e-05	0.14072	0.0288	0.01809	0.02062	0.05806	0.0434	0.08147	
0.06939	0.02027	0.04462	0.04217	0.02105	0.10277	0.02686	0.0	0.09762	0.02227	0.09035	0.07204	3e-05	0.01121	0.0304	0.06318	0.07033	0.08093	0.0	0.0	0.0	0.0	0.0	0.0	0.0	0.0	0.0	0.0	0.0	0.0	0.0	0.0	0.0	0.03467	0.04171	0.03168	0.08538	0.04856	0.01044	0.03649	0.0	0.0	0.0	0.03311	0.02428	0.05444	0.07343	0.10429	0.0293	0.0	0.0778	0.05772	0.03568	0.13323	0.0	0.05174	0.05835	0.04715	0.07227	0.04704	0.05719	0.04906	3e-05	3e-05	0.11129	0.0	0.10283	0.05338	0.11093	0.04689	0.05005	0.1249	0.10731	0.0	0.0	0.0	0.0	0.0	0.0	0.0	0.0	0.0	0.0	0.0	0.0	0.0	0.14298	0.07369	0.0198	0.04196	0.06725	0.07588	0.06044	0.0284	0.02818	0.03774	0.06921	0.01269	0.08271	0.02143	0.01269	3e-05	0.09376	0.04335	0.01968	0.03673	0.04167	0.06441	0.09428	
0.05201	0.01873	0.05016	0.02139	0.03732	0.04198	0.04378	0.0	0.03275	0.01906	0.05333	0.1435	6e-05	0.03125	0.02626	0.13859	0.10292	0.07545	0.0	0.0	0.0	0.0	0.0	0.0	0.0	0.0	0.0	0.0	0.0	0.0	0.0	0.0	0.0	0.12123	0.0304	0.07564	0.0724	0.05667	0.03259	0.04637	0.0	0.0	0.0	0.0782	0.02117	0.03547	0.10102	0.02588	0.08738	0.0	0.01828	0.09038	0.02619	0.03818	0.05174	0.0	0.0625	0.05559	0.05634	0.05668	0.10315	0.13927	6e-05	6e-05	0.04486	0.0	0.10044	0.0523	0.03687	0.06128	0.04639	0.27357	0.16291	0.0	0.0	0.0	0.0	0.0	0.0	0.0	0.0	0.0	0.0	0.0	0.0	0.0	0.19414	0.1075	0.0335	0.03509	0.04569	0.02134	0.03269	0.12247	0.03451	0.05312	0.0802	0.01082	0.01084	0.01834	0.01082	6e-05	0.03386	0.03456	0.01673	0.02498	0.02338	0.0457	0.05478	
0.09285	0.08743	0.05458	0.04395	0.07711	0.0564	0.11337	0.0	0.07035	0.01196	0.05148	0.0642	2e-05	0.00778	0.04084	0.09476	0.07791	0.08666	0.0	0.0	0.0	0.0	0.0	0.0	0.0	0.0	0.0	0.0	0.0	0.0	0.0	0.0	0.0	0.04192	0.03645	0.02279	0.05597	0.07128	0.0333	0.07972	0.0	0.0	0.0	0.04887	0.06835	0.04438	0.10871	0.03913	0.03683	0.0	0.03806	0.0609	0.07802	0.04442	0.05835	0.0625	0.0	0.08793	0.09349	0.05115	0.05477	0.05109	2e-05	2e-05	0.02272	0.0	0.02498	0.04331	0.06342	0.02969	0.07548	0.113	0.19431	0.0	0.0	0.0	0.0	0.0	0.0	0.0	0.0	0.0	0.0	0.0	0.0	0.0	0.08318	0.09766	0.13139	0.0704	0.07726	0.09727	0.04492	0.0862	0.02379	0.05168	0.14392	0.02331	0.02328	0.01127	0.02331	2e-05	0.04519	0.03542	0.0383	0.04658	0.0507	0.09869	0.15149	
0.07766	0.03939	0.10378	0.04778	0.12079	0.0715	0.08586	0.0	0.08947	0.04677	0.05705	0.04926	4e-05	0.04973	0.08097	0.06377	0.09317	0.07247	0.0	0.0	0.0	0.0	0.0	0.0	0.0	0.0	0.0	0.0	0.0	0.0	0.0	0.0	0.0	0.0885	0.0225	0.12432	0.04947	0.06538	0.01717	0.03106	0.0	0.0	0.0	0.11729	0.03506	0.0541	0.07796	0.07099	0.04687	0.0	0.01574	0.07783	0.0827	0.09002	0.04715	0.05559	0.08793	0.0	0.07505	0.0272	0.13825	0.08271	4e-05	4e-05	0.04069	0.0	0.11103	0.09933	0.09576	0.17729	0.11599	0.12579	0.07264	0.0	0.0	0.0	0.0	0.0	0.0	0.0	0.0	0.0	0.0	0.0	0.0	0.0	0.13381	0.15418	0.05415	0.12497	0.13014	0.08581	0.03138	0.07616	0.03519	0.03061	0.10063	0.02735	0.02732	0.04833	0.02735	4e-05	0.04252	0.08195	0.07424	0.10251	0.05576	0.03322	0.06502	
0.11379	0.0202	0.03478	0.03571	0.04003	0.05136	0.01534	0.0	0.05146	0.01788	0.01584	0.02956	4e-05	0.02331	0.04676	0.11526	0.05493	0.09095	0.0	0.0	0.0	0.0	0.0	0.0	0.0	0.0	0.0	0.0	0.0	0.0	0.0	0.0	0.0	0.06837	0.01232	0.03583	0.03134	0.03408	0.01211	0.031	0.0	0.0	0.0	0.05001	0.02895	0.0317	0.09296	0.02938	0.01426	0.0	0.01478	0.06201	0.02453	0.12326	0.07227	0.05634	0.09349	0.07505	0.0	0.02847	0.03958	0.05273	4e-05	4e-05	0.00981	0.0	0.05002	0.0421	0.13956	0.02422	0.147	0.09094	0.09834	0.0	0.0	0.0	0.0	0.0	0.0	0.0	0.0	0.0	0.0	0.0	0.0	0.0	0.10107	0.0574	0.14282	0.05583	0.17043	0.23037	0.08142	0.08779	0.03803	0.04603	0.10004	0.0103	0.01032	0.01721	0.0103	4e-05	0.0196	0.08011	0.0154	0.04354	0.10352	0.06852	0.11663	
0.075	0.00935	0.07249	0.07373	0.04371	0.12309	0.0173	0.0	0.04037	0.08963	0.01013	0.02584	6e-05	0.02875	0.06027	0.03191	0.03383	0.04733	0.0	0.0	0.0	0.0	0.0	0.0	0.0	0.0	0.0	0.0	0.0	0.0	0.0	0.0	0.0	0.07982	0.08259	0.04557	0.03764	0.06086	0.00842	0.06285	0.0	0.0	0.0	0.09085	0.04947	0.01021	0.03789	0.03202	0.04169	0.0	0.00376	0.10351	0.04582	0.067	0.04704	0.05668	0.05115	0.0272	0.02847	0.0	0.05564	0.10716	6e-05	6e-05	0.06732	0.0	0.08323	0.0248	0.05341	0.03344	0.07702	0.14718	0.18045	0.0	0.0	0.0	0.0	0.0	0.0	0.0	0.0	0.0	0.0	0.0	0.0	0.0	0.12403	0.03645	0.02208	0.05034	0.00887	0.09249	0.02069	0.05756	0.06254	0.01754	0.0319	0.01629	0.01631	0.02751	0.01629	6e-05	0.02962	0.03889	0.06575	0.03023	0.00972	0.01807	0.06098	
0.05554	0.04724	0.08071	0.06916	0.04001	0.06178	0.0903	0.0	0.04368	0.0304	0.03971	0.03594	4e-05	0.02732	0.06914	0.07858	0.08951	0.09159	0.0	0.0	0.0	0.0	0.0	0.0	0.0	0.0	0.0	0.0	0.0	0.0	0.0	0.0	0.0	0.11026	0.06107	0.17398	0.06936	0.08657	0.00317	0.13983	0.0	0.0	0.0	0.12123	0.02443	0.06648	0.12257	0.04085	0.04059	0.0	0.01795	0.11714	0.03689	0.08403	0.05719	0.10315	0.05477	0.13825	0.03958	0.05564	0.0	0.1539	4e-05	4e-05	0.01847	0.0	0.18362	0.08206	0.04285	0.12447	0.07389	0.262	0.11536	0.0	0.0	0.0	0.0	0.0	0.0	0.0	0.0	0.0	0.0	0.0	0.0	0.0	0.25718	0.14667	0.0465	0.05919	0.08745	0.04177	0.01145	0.17031	0.07135	0.01847	0.15008	0.01487	0.01488	0.02595	0.01487	4e-05	0.04331	0.06784	0.0754	0.0316	0.05107	0.0308	0.12327	
0.07515	0.0347	0.08103	0.03964	0.07378	0.0804	0.04806	0.0	0.07992	0.0224	0.02808	0.03896	0.00014	0.01504	0.16416	0.07043	0.0921	0.09607	0.0	0.0	0.0	0.0	0.0	0.0	0.0	0.0	0.0	0.0	0.0	0.0	0.0	0.0	0.0	0.11608	0.08165	0.10246	0.08948	0.08824	0.03754	0.04128	0.0	0.0	0.0	0.09321	0.09215	0.04735	0.09186	0.04216	0.04405	0.0	0.09097	0.07753	0.07876	0.07113	0.04906	0.13927	0.05109	0.08271	0.05273	0.10716	0.1539	0.0	0.00014	0.00014	0.04576	0.0	0.14231	0.05361	0.04265	0.16913	0.08254	0.33453	0.12843	0.0	0.0	0.0	0.0	0.0	0.0	0.0	0.0	0.0	0.0	0.0	0.0	0.0	0.24229	0.10624	0.06368	0.04658	0.0369	0.03591	0.02434	0.12666	0.05013	0.02952	0.06096	0.01266	0.08198	0.0216	0.01266	0.00014	0.05293	0.04296	0.01974	0.08044	0.03926	0.0242	0.05862	
5e-05	6e-05	0.00024	9e-05	0.00024	5e-05	0.00012	0.0	5e-05	0.00031	0.00016	0.00014	0.0	0.00033	0.00011	6e-05	0.00014	9e-05	0.0	0.0	0.0	0.0	0.0	0.0	0.0	0.0	0.0	0.0	0.0	0.0	0.0	0.0	0.0	8e-05	2e-05	0.00016	0.00018	6e-05	8e-05	0.00023	0.0	0.0	0.0	3e-05	6e-05	8e-05	3e-05	0.00022	0.0001	0.0	8e-05	4e-05	0.0001	2e-05	3e-05	6e-05	2e-05	4e-05	4e-05	6e-05	4e-05	0.00014	0.0	0.0	3e-05	0.0	1e-05	6e-05	5e-05	0.00016	0.00027	2e-05	3e-05	0.0	0.0	0.0	0.0	0.0	0.0	0.0	0.0	0.0	0.0	0.0	0.0	0.0	6e-05	0.00013	1e-05	3e-05	0.00012	2e-05	4e-05	2e-05	5e-05	6e-05	7e-05	0.00018	0.00031	0.00018	0.00018	0.0	0.00014	0.00013	0.00031	0.00023	6e-05	2e-05	0.00014	
