0.0	0.41776	0.35647	0.29903	0.3308	0.24707	0.14994	0.48151	0.00058	0.00058	0.00058	0.00058	0.51722	0.00058	0.00058	0.00058	0.00058	0.16878	0.04799	0.00058	0.16331	0.46715	0.08209	0.30999	0.38282	0.46715	0.16878	0.0	0.00058	0.09538	0.08523	0.60042	0.23982	0.47442	0.28929	0.12488	0.14455	0.23622	0.26053	0.0	0.0	0.0	0.45231	0.44142	0.59393	0.19221	0.1496	0.25759	0.62069	0.26614	0.19568	0.02497	0.00058	0.16331	0.19152	0.62943	0.63268	0.16878	0.55566	0.00058	0.20206	0.25124	0.16878	0.44214	0.16331	0.11299	0.84683	0.01565	0.00058	0.19138	0.42331	0.23527	0.36326	0.52683	0.46715	0.08428	0.38283	0.49686	0.13353	0.49531	
0.41776	0.0	0.20259	0.25175	0.28276	0.25133	0.12426	0.4899	0.00053	0.00053	0.00053	0.00053	0.43739	0.00053	0.00053	0.00053	0.00053	0.09368	0.0421	0.00053	0.19675	0.22688	0.09833	0.13201	0.29694	0.22688	0.09368	0.0	0.00053	0.097	0.07079	0.50357	0.34445	0.14574	0.16114	0.19515	0.15275	0.263	0.21149	0.0	0.0	0.0	0.72367	0.39946	0.27913	0.46855	0.04036	0.32213	0.33749	0.25325	0.18125	0.02156	0.00053	0.19675	0.15425	0.15177	0.36692	0.09368	0.15116	0.00053	0.2692	0.25218	0.09368	0.22881	0.19675	0.11078	0.54811	0.00287	0.00053	0.45237	0.58129	0.24152	0.16297	0.86633	0.22688	0.09657	0.17259	0.19586	0.32927	0.46037	
0.35647	0.20259	0.0	0.13252	0.15729	0.1081	0.05609	0.13065	0.00015	0.00015	0.00015	0.00015	0.46833	0.00015	0.00015	0.00015	0.00015	0.15952	0.06645	0.00015	0.30641	0.41443	0.2137	0.25282	0.25596	0.41443	0.15952	0.0	0.00015	0.10397	0.09392	0.28988	0.21063	0.22135	0.30686	0.27511	0.14318	0.3815	0.35119	0.0	0.0	0.0	0.59435	0.36933	0.35965	0.28155	0.14102	0.35017	0.35883	0.31358	0.191	0.06179	0.00015	0.30641	0.19296	0.25242	0.31314	0.15952	0.48795	0.00015	0.22006	0.32677	0.15952	0.41534	0.30641	0.12148	0.46756	0.27687	0.00015	0.32056	0.3227	0.20838	0.35635	0.28576	0.41443	0.21665	0.33531	0.2484	0.18285	0.24618	
0.29903	0.25175	0.13252	0.0	0.1837	0.08472	0.10195	0.11089	0.00031	0.00031	0.00031	0.00031	0.1788	0.00031	0.00031	0.00031	0.00031	0.06227	0.01312	0.00031	0.06074	0.10413	0.00835	0.1958	0.22702	0.10413	0.06227	0.0	0.00031	0.0409	0.10481	0.18025	0.33089	0.10364	0.0506	0.00099	0.04579	0.05249	0.10866	0.0	0.0	0.0	0.27512	0.21922	0.15771	0.09459	0.06876	0.07137	0.35737	0.58961	0.09071	0.0109	0.00031	0.06074	0.14756	0.43044	0.31744	0.06227	0.15624	0.00031	0.03002	0.03937	0.06227	0.11542	0.06074	0.08787	0.26004	0.16322	0.00031	0.08931	0.58538	0.13365	0.14262	0.22433	0.10413	0.02674	0.1213	0.45147	0.18184	0.4838	
0.3308	0.28276	0.15729	0.1837	0.0	0.10724	0.35072	0.1437	0.00015	0.00015	0.00015	0.00015	0.04179	0.00015	0.00015	0.00015	0.00015	0.17051	0.09409	0.00015	0.16558	0.3441	0.01872	0.05792	0.00463	0.3441	0.17051	0.0	0.00015	0.05044	0.33152	0.21126	0.22451	0.33134	0.17335	0.11026	0.05714	0.05546	0.09577	0.0	0.0	0.0	0.30422	0.26248	0.17344	0.27941	0.01953	0.06415	0.25654	0.13234	0.28064	0.05163	0.00015	0.16558	0.15541	0.02495	0.10649	0.17051	0.33347	0.00015	0.21254	0.14473	0.17051	0.31308	0.16558	0.06862	0.28767	0.09076	0.00015	0.27465	0.28899	0.1486	0.17403	0.25197	0.3441	0.00761	0.22528	0.09052	0.02699	0.28877	
0.24707	0.25133	0.1081	0.08472	0.10724	0.0	0.00347	0.38418	0.00081	0.00081	0.00081	0.00081	0.96837	0.00081	0.00081	0.00081	0.00081	0.04029	0.05988	0.00081	0.03938	0.06282	0.06509	0.05264	0.19938	0.06282	0.04029	0.0	0.00081	0.25839	0.0649	0.27238	0.05908	0.08925	0.20406	0.21777	0.03911	0.0878	0.0687	0.0	0.0	0.0	0.16699	0.19236	0.30748	0.14197	0.04266	0.11633	0.11277	0.06524	0.0556	0.02799	0.00081	0.03938	0.05418	0.12046	0.1528	0.04029	0.21313	0.00081	0.13498	0.18931	0.04029	0.06514	0.03938	0.20852	0.21385	0.01804	0.00081	0.05481	0.1437	0.06834	0.03951	0.22202	0.06282	0.07504	0.07199	0.09454	0.07832	0.09632	
0.14994	0.12426	0.05609	0.10195	0.35072	0.00347	0.0	0.18201	0.00016	0.00016	0.00016	0.00016	0.05215	0.00016	0.00016	0.00016	0.00016	0.10091	0.00032	0.00016	0.09825	0.1816	0.04263	0.13587	0.00038	0.1816	0.10091	0.0	0.00016	0.0644	0.17919	0.08065	0.06269	0.14992	0.0981	0.07724	0.08763	0.04555	0.16319	0.0	0.0	0.0	0.52999	0.30219	0.30357	0.17912	0.05497	0.10422	0.23006	0.14961	0.15482	0.08183	0.00016	0.09825	0.13258	0.0259	0.06982	0.10091	0.21376	0.00016	0.10853	0.05197	0.10091	0.17649	0.09825	0.08631	0.13295	0.0215	0.00016	0.15212	0.15489	0.24475	0.26492	0.1124	0.1816	0.01738	0.10462	0.03328	0.00181	0.14796	
0.48151	0.4899	0.13065	0.11089	0.1437	0.38418	0.18201	0.0	0.00077	0.00077	0.00077	0.00077	1.52884	0.00077	0.00077	0.00077	0.00077	0.04897	0.19375	0.00077	0.04775	0.08394	0.08305	0.12666	0.28806	0.08394	0.04897	0.0	0.00077	0.38262	0.08277	0.53113	0.18854	0.15967	0.2569	0.21485	0.21512	0.16009	0.33005	0.0	0.0	0.0	0.26361	0.30368	0.4674	0.29865	0.11446	0.38862	0.28902	0.2121	0.07301	0.02289	0.00077	0.04775	0.07199	0.16316	0.22893	0.04897	0.20426	0.00077	0.11638	0.13871	0.04897	0.08895	0.04775	0.32593	0.41652	0.03845	0.00077	0.07187	0.21585	0.13978	0.16203	0.43251	0.08394	0.09712	0.05025	0.13281	0.15364	0.18876	
0.00058	0.00053	0.00015	0.00031	0.00015	0.00081	0.00016	0.00077	0.0	0.0	0.0	0.0	0.00023	0.0	0.0	0.0	0.0	6e-05	5e-05	0.0	5e-05	2e-05	0.00019	7e-05	0.00062	2e-05	6e-05	0.0	0.0	0.00018	0.0002	0.0006	0.00023	0.00016	6e-05	0.00035	0.00017	4e-05	0.00033	0.0	0.0	0.0	8e-05	8e-05	8e-05	9e-05	4e-05	0.00043	0.00038	0.00018	0.00022	0.00034	0.0	5e-05	7e-05	0.0006	0.00048	6e-05	0.00045	0.0	0.00017	0.00026	6e-05	5e-05	5e-05	0.00018	0.00048	5e-05	0.0	0.00021	0.00039	0.00026	2e-05	0.0005	2e-05	0.00013	2e-05	0.00041	0.00012	0.0002	
0.00058	0.00053	0.00015	0.00031	0.00015	0.00081	0.00016	0.00077	0.0	0.0	0.0	0.0	0.00023	0.0	0.0	0.0	0.0	6e-05	5e-05	0.0	5e-05	2e-05	0.00019	7e-05	0.00062	2e-05	6e-05	0.0	0.0	0.00018	0.0002	0.0006	0.00023	0.00016	6e-05	0.00035	0.00017	4e-05	0.00033	0.0	0.0	0.0	8e-05	8e-05	8e-05	9e-05	4e-05	0.00043	0.00038	0.00018	0.00022	0.00034	0.0	5e-05	7e-05	0.0006	0.00048	6e-05	0.00045	0.0	0.00017	0.00026	6e-05	5e-05	5e-05	0.00018	0.00048	5e-05	0.0	0.00021	0.00039	0.00026	2e-05	0.0005	2e-05	0.00013	2e-05	0.00041	0.00012	0.0002	
0.00058	0.00053	0.00015	0.00031	0.00015	0.00081	0.00016	0.00077	0.0	0.0	0.0	0.0	0.00023	0.0	0.0	0.0	0.0	6e-05	5e-05	0.0	5e-05	2e-05	0.00019	7e-05	0.00062	2e-05	6e-05	0.0	0.0	0.00018	0.0002	0.0006	0.00023	0.00016	6e-05	0.00035	0.00017	4e-05	0.00033	0.0	0.0	0.0	8e-05	8e-05	8e-05	9e-05	4e-05	0.00043	0.00038	0.00018	0.00022	0.00034	0.0	5e-05	7e-05	0.0006	0.00048	6e-05	0.00045	0.0	0.00017	0.00026	6e-05	5e-05	5e-05	0.00018	0.00048	5e-05	0.0	0.00021	0.00039	0.00026	2e-05	0.0005	2e-05	0.00013	2e-05	0.00041	0.00012	0.0002	
0.00058	0.00053	0.00015	0.00031	0.00015	0.00081	0.00016	0.00077	0.0	0.0	0.0	0.0	0.00023	0.0	0.0	0.0	0.0	6e-05	5e-05	0.0	5e-05	2e-05	0.00019	7e-05	0.00062	2e-05	6e-05	0.0	0.0	0.00018	0.0002	0.0006	0.00023	0.00016	6e-05	0.00035	0.00017	4e-05	0.00033	0.0	0.0	0.0	8e-05	8e-05	8e-05	9e-05	4e-05	0.00043	0.00038	0.00018	0.00022	0.00034	0.0	5e-05	7e-05	0.0006	0.00048	6e-05	0.00045	0.0	0.00017	0.00026	6e-05	5e-05	5e-05	0.00018	0.00048	5e-05	0.0	0.00021	0.00039	0.00026	2e-05	0.0005	2e-05	0.00013	2e-05	0.00041	0.00012	0.0002	
0.51722	0.43739	0.46833	0.1788	0.04179	0.96837	0.05215	1.52884	0.00023	0.00023	0.00023	0.00023	0.0	0.00023	0.00023	0.00023	0.00023	0.72733	0.01768	0.00023	0.07709	0.259	0.13496	0.38524	2.57401	0.259	0.72733	0.0	0.00023	0.4226	0.03767	2.57391	0.20555	0.09182	0.11781	0.19734	0.2604	0.10076	0.25811	0.0	0.0	0.0	0.21759	0.11315	0.16148	0.19819	0.36562	0.98066	0.30957	0.17853	0.26759	0.01042	0.00023	0.07709	0.23306	0.29223	0.38948	0.72733	0.1765	0.00023	0.15336	0.14	0.72733	0.52769	0.07709	0.21203	0.75022	0.12245	0.00023	0.09835	0.67804	0.05731	0.38686	0.32657	0.259	0.16879	0.31745	0.20736	0.03044	0.44371	
0.00058	0.00053	0.00015	0.00031	0.00015	0.00081	0.00016	0.00077	0.0	0.0	0.0	0.0	0.00023	0.0	0.0	0.0	0.0	6e-05	5e-05	0.0	5e-05	2e-05	0.00019	7e-05	0.00062	2e-05	6e-05	0.0	0.0	0.00018	0.0002	0.0006	0.00023	0.00016	6e-05	0.00035	0.00017	4e-05	0.00033	0.0	0.0	0.0	8e-05	8e-05	8e-05	9e-05	4e-05	0.00043	0.00038	0.00018	0.00022	0.00034	0.0	5e-05	7e-05	0.0006	0.00048	6e-05	0.00045	0.0	0.00017	0.00026	6e-05	5e-05	5e-05	0.00018	0.00048	5e-05	0.0	0.00021	0.00039	0.00026	2e-05	0.0005	2e-05	0.00013	2e-05	0.00041	0.00012	0.0002	
0.00058	0.00053	0.00015	0.00031	0.00015	0.00081	0.00016	0.00077	0.0	0.0	0.0	0.0	0.00023	0.0	0.0	0.0	0.0	6e-05	5e-05	0.0	5e-05	2e-05	0.00019	7e-05	0.00062	2e-05	6e-05	0.0	0.0	0.00018	0.0002	0.0006	0.00023	0.00016	6e-05	0.00035	0.00017	4e-05	0.00033	0.0	0.0	0.0	8e-05	8e-05	8e-05	9e-05	4e-05	0.00043	0.00038	0.00018	0.00022	0.00034	0.0	5e-05	7e-05	0.0006	0.00048	6e-05	0.00045	0.0	0.00017	0.00026	6e-05	5e-05	5e-05	0.00018	0.00048	5e-05	0.0	0.00021	0.00039	0.00026	2e-05	0.0005	2e-05	0.00013	2e-05	0.00041	0.00012	0.0002	
0.00058	0.00053	0.00015	0.00031	0.00015	0.00081	0.00016	0.00077	0.0	0.0	0.0	0.0	0.00023	0.0	0.0	0.0	0.0	6e-05	5e-05	0.0	5e-05	2e-05	0.00019	7e-05	0.00062	2e-05	6e-05	0.0	0.0	0.00018	0.0002	0.0006	0.00023	0.00016	6e-05	0.00035	0.00017	4e-05	0.00033	0.0	0.0	0.0	8e-05	8e-05	8e-05	9e-05	4e-05	0.00043	0.00038	0.00018	0.00022	0.00034	0.0	5e-05	7e-05	0.0006	0.00048	6e-05	0.00045	0.0	0.00017	0.00026	6e-05	5e-05	5e-05	0.00018	0.00048	5e-05	0.0	0.00021	0.00039	0.00026	2e-05	0.0005	2e-05	0.00013	2e-05	0.00041	0.00012	0.0002	
0.00058	0.00053	0.00015	0.00031	0.00015	0.00081	0.00016	0.00077	0.0	0.0	0.0	0.0	0.00023	0.0	0.0	0.0	0.0	6e-05	5e-05	0.0	5e-05	2e-05	0.00019	7e-05	0.00062	2e-05	6e-05	0.0	0.0	0.00018	0.0002	0.0006	0.00023	0.00016	6e-05	0.00035	0.00017	4e-05	0.00033	0.0	0.0	0.0	8e-05	8e-05	8e-05	9e-05	4e-05	0.00043	0.00038	0.00018	0.00022	0.00034	0.0	5e-05	7e-05	0.0006	0.00048	6e-05	0.00045	0.0	0.00017	0.00026	6e-05	5e-05	5e-05	0.00018	0.00048	5e-05	0.0	0.00021	0.00039	0.00026	2e-05	0.0005	2e-05	0.00013	2e-05	0.00041	0.00012	0.0002	
0.16878	0.09368	0.15952	0.06227	0.17051	0.04029	0.10091	0.04897	6e-05	6e-05	6e-05	6e-05	0.72733	6e-05	6e-05	6e-05	6e-05	0.0	0.0358	6e-05	0.02984	0.51928	0.04837	0.21236	0.13962	0.51928	0.99988	0.0	6e-05	0.021	0.33864	0.42835	0.32121	0.16823	0.11059	0.19425	0.15355	0.19769	0.13298	0.0	0.0	0.0	0.30661	0.0981	0.12291	0.11294	0.20191	0.14534	0.1146	0.0963	0.56899	0.02148	6e-05	0.02984	0.51957	0.08709	0.41063	0.99988	0.19592	6e-05	0.16287	0.13442	0.99988	0.447	0.02984	0.02652	0.32284	0.19314	6e-05	0.04036	0.09991	0.13025	0.24169	0.0835	0.51928	0.05541	0.32554	0.06765	0.07281	0.44169	
0.04799	0.0421	0.06645	0.01312	0.09409	0.05988	0.00032	0.19375	5e-05	5e-05	5e-05	5e-05	0.01768	5e-05	5e-05	5e-05	5e-05	0.0358	0.0	5e-05	0.035	0.05523	0.05758	0.05399	0.00216	0.05523	0.0358	0.0	5e-05	0.3062	0.05742	0.03137	0.24794	0.20262	0.19401	0.09513	0.12759	0.06066	0.13692	0.0	0.0	0.0	0.15368	0.04426	0.20457	0.18014	0.03628	0.0299	0.08418	0.08962	0.049	0.0249	5e-05	0.035	0.17892	0.00226	0.02138	0.0358	0.07907	5e-05	0.05936	0.07319	0.0358	0.05711	0.035	0.23933	0.04233	0.0849	5e-05	0.04832	0.03872	0.05865	0.04438	0.03787	0.05523	0.01987	0.06314	0.06372	0.0891	0.03051	
0.00058	0.00053	0.00015	0.00031	0.00015	0.00081	0.00016	0.00077	0.0	0.0	0.0	0.0	0.00023	0.0	0.0	0.0	0.0	6e-05	5e-05	0.0	5e-05	2e-05	0.00019	7e-05	0.00062	2e-05	6e-05	0.0	0.0	0.00018	0.0002	0.0006	0.00023	0.00016	6e-05	0.00035	0.00017	4e-05	0.00033	0.0	0.0	0.0	8e-05	8e-05	8e-05	9e-05	4e-05	0.00043	0.00038	0.00018	0.00022	0.00034	0.0	5e-05	7e-05	0.0006	0.00048	6e-05	0.00045	0.0	0.00017	0.00026	6e-05	5e-05	5e-05	0.00018	0.00048	5e-05	0.0	0.00021	0.00039	0.00026	2e-05	0.0005	2e-05	0.00013	2e-05	0.00041	0.00012	0.0002	
0.16331	0.19675	0.30641	0.06074	0.16558	0.03938	0.09825	0.04775	5e-05	5e-05	5e-05	5e-05	0.07709	5e-05	5e-05	5e-05	5e-05	0.02984	0.035	5e-05	0.0	0.51047	0.32512	0.21528	0.09052	0.51047	0.02984	0.0	5e-05	0.02058	0.0471	0.07096	0.08125	0.16276	0.10724	0.07453	0.07676	0.20416	0.105	0.0	0.0	0.0	0.1213	0.0954	0.1192	0.16535	0.115	0.08704	0.11107	0.20762	0.03991	0.02104	5e-05	0.99986	0.0387	0.08485	0.10321	0.02984	0.18956	5e-05	0.17811	0.30365	0.02984	0.43942	0.99986	0.02593	0.31737	0.06873	5e-05	0.56439	0.19528	0.13847	0.44637	0.33135	0.51047	0.26225	0.47364	0.06585	0.21197	0.14751	
0.46715	0.22688	0.41443	0.10413	0.3441	0.06282	0.1816	0.08394	2e-05	2e-05	2e-05	2e-05	0.259	2e-05	2e-05	2e-05	2e-05	0.51928	0.05523	2e-05	0.51047	0.0	0.23521	0.35919	0.15721	0.99991	0.51928	0.0	2e-05	0.02976	0.24382	0.3748	0.32987	0.46625	0.2452	0.21457	0.18098	0.33645	0.20114	0.0	0.0	0.0	0.38448	0.20526	0.2824	0.22989	0.25439	0.17648	0.26307	0.23886	0.39744	0.03047	2e-05	0.51047	0.37537	0.15277	0.40706	0.51928	0.54262	2e-05	0.2915	0.38202	0.51928	0.8607	0.51047	0.0409	0.62121	0.17609	2e-05	0.39145	0.23242	0.21355	0.60059	0.33595	0.99991	0.2059	0.72447	0.12464	0.21522	0.58708	
0.08209	0.09833	0.2137	0.00835	0.01872	0.06509	0.04263	0.08305	0.00019	0.00019	0.00019	0.00019	0.13496	0.00019	0.00019	0.00019	0.00019	0.04837	0.05758	0.00019	0.32512	0.23521	0.0	0.09712	0.16363	0.23521	0.04837	0.0	0.00019	0.03226	0.0796	0.12999	0.09252	0.08265	0.0859	0.08576	0.1462	0.16143	0.10035	0.0	0.0	0.0	0.18156	0.12695	0.16647	0.05853	0.23167	0.16484	0.05482	0.14318	0.06857	0.03299	0.00019	0.32512	0.06704	0.00047	0.03142	0.04837	0.05812	0.00019	0.07086	0.16688	0.04837	0.21569	0.32512	0.04248	0.21199	0.1207	0.00019	0.24474	0.13345	0.07823	0.22878	0.21014	0.23521	0.21821	0.2303	0.05425	0.08974	0.13907	
0.30999	0.13201	0.25282	0.1958	0.05792	0.05264	0.13587	0.12666	7e-05	7e-05	7e-05	7e-05	0.38524	7e-05	7e-05	7e-05	7e-05	0.21236	0.05399	7e-05	0.21528	0.35919	0.09712	0.0	0.18214	0.35919	0.21236	0.0	7e-05	0.12612	0.09497	0.23629	0.20807	0.23841	0.25301	0.14726	0.24525	0.15168	0.43032	0.0	0.0	0.0	0.40186	0.17819	0.34696	0.22197	0.56645	0.13262	0.21059	0.51297	0.21106	0.02401	7e-05	0.21528	0.20443	0.31862	0.39563	0.21236	0.19861	7e-05	0.20188	0.24262	0.21236	0.33646	0.21528	0.13127	0.43294	0.08634	7e-05	0.21379	0.24662	0.37851	0.44477	0.22185	0.35919	0.09024	0.44299	0.26025	0.19313	0.33435	
0.38282	0.29694	0.25596	0.22702	0.00463	0.19938	0.00038	0.28806	0.00062	0.00062	0.00062	0.00062	2.57401	0.00062	0.00062	0.00062	0.00062	0.13962	0.00216	0.00062	0.09052	0.15721	0.16363	0.18214	0.0	0.15721	0.13962	0.0	0.00062	0.08753	0.01181	0.71237	0.12972	0.06213	0.04206	0.06352	0.18416	0.12206	0.23033	0.0	0.0	0.0	0.24318	0.14773	0.23155	0.12936	0.16598	0.41955	0.28847	0.20023	0.14761	0.00069	0.00062	0.09052	0.14268	0.36537	0.32273	0.13962	0.07876	0.00062	0.15677	0.08865	0.13962	0.157	0.09052	0.09688	0.53688	0.06882	0.00062	0.13865	0.64233	0.01066	0.22171	0.2646	0.15721	0.195	0.18532	0.28358	0.00236	0.24608	
0.46715	0.22688	0.41443	0.10413	0.3441	0.06282	0.1816	0.08394	2e-05	2e-05	2e-05	2e-05	0.259	2e-05	2e-05	2e-05	2e-05	0.51928	0.05523	2e-05	0.51047	0.99991	0.23521	0.35919	0.15721	0.0	0.51928	0.0	2e-05	0.02976	0.24382	0.3748	0.32987	0.46625	0.2452	0.21457	0.18098	0.33645	0.20114	0.0	0.0	0.0	0.38448	0.20526	0.2824	0.22989	0.25439	0.17648	0.26307	0.23886	0.39744	0.03047	2e-05	0.51047	0.37537	0.15277	0.40706	0.51928	0.54262	2e-05	0.2915	0.38202	0.51928	0.8607	0.51047	0.0409	0.62121	0.17609	2e-05	0.39145	0.23242	0.21355	0.60059	0.33595	0.99991	0.2059	0.72447	0.12464	0.21522	0.58708	
0.16878	0.09368	0.15952	0.06227	0.17051	0.04029	0.10091	0.04897	6e-05	6e-05	6e-05	6e-05	0.72733	6e-05	6e-05	6e-05	6e-05	0.99988	0.0358	6e-05	0.02984	0.51928	0.04837	0.21236	0.13962	0.51928	0.0	0.0	6e-05	0.021	0.33864	0.42835	0.32121	0.16823	0.11059	0.19425	0.15355	0.19769	0.13298	0.0	0.0	0.0	0.30661	0.0981	0.12291	0.11294	0.20191	0.14534	0.1146	0.0963	0.56899	0.02148	6e-05	0.02984	0.51957	0.08709	0.41063	0.99988	0.19592	6e-05	0.16287	0.13442	0.99988	0.447	0.02984	0.02652	0.32284	0.19314	6e-05	0.04036	0.09991	0.13025	0.24169	0.0835	0.51928	0.05541	0.32554	0.06765	0.07281	0.44169	
0.0	0.0	0.0	0.0	0.0	0.0	0.0	0.0	0.0	0.0	0.0	0.0	0.0	0.0	0.0	0.0	0.0	0.0	0.0	0.0	0.0	0.0	0.0	0.0	0.0	0.0	0.0	0.0	0.0	0.0	0.0	0.0	0.0	0.0	0.0	0.0	0.0	0.0	0.0	0.0	0.0	0.0	0.0	0.0	0.0	0.0	0.0	0.0	0.0	0.0	0.0	0.0	0.0	0.0	0.0	0.0	0.0	0.0	0.0	0.0	0.0	0.0	0.0	0.0	0.0	0.0	0.0	0.0	0.0	0.0	0.0	0.0	0.0	0.0	0.0	0.0	0.0	0.0	0.0	0.0	
0.00058	0.00053	0.00015	0.00031	0.00015	0.00081	0.00016	0.00077	0.0	0.0	0.0	0.0	0.00023	0.0	0.0	0.0	0.0	6e-05	5e-05	0.0	5e-05	2e-05	0.00019	7e-05	0.00062	2e-05	6e-05	0.0	0.0	0.00018	0.0002	0.0006	0.00023	0.00016	6e-05	0.00035	0.00017	4e-05	0.00033	0.0	0.0	0.0	8e-05	8e-05	8e-05	9e-05	4e-05	0.00043	0.00038	0.00018	0.00022	0.00034	0.0	5e-05	7e-05	0.0006	0.00048	6e-05	0.00045	0.0	0.00017	0.00026	6e-05	5e-05	5e-05	0.00018	0.00048	5e-05	0.0	0.00021	0.00039	0.00026	2e-05	0.0005	2e-05	0.00013	2e-05	0.00041	0.00012	0.0002	
0.09538	0.097	0.10397	0.0409	0.05044	0.25839	0.0644	0.38262	0.00018	0.00018	0.00018	0.00018	0.4226	0.00018	0.00018	0.00018	0.00018	0.021	0.3062	0.00018	0.02058	0.02976	0.03226	0.12612	0.08753	0.02976	0.021	0.0	0.00018	0.0	0.03218	0.10518	0.10495	0.09353	0.23313	0.15827	0.08979	0.07203	0.06623	0.0	0.0	0.0	0.0729	0.08397	0.2931	0.23336	0.07192	0.0872	0.09443	0.12168	0.02684	0.01528	0.00018	0.02058	0.02584	0.05619	0.06556	0.021	0.04152	0.00018	0.05663	0.10278	0.021	0.03027	0.02058	0.61368	0.0825	0.04588	0.00018	0.02651	0.06155	0.0852	0.13699	0.08566	0.02976	0.03661	0.03357	0.04286	0.04579	0.07701	
0.08523	0.07079	0.09392	0.10481	0.33152	0.0649	0.17919	0.08277	0.0002	0.0002	0.0002	0.0002	0.03767	0.0002	0.0002	0.0002	0.0002	0.33864	0.05742	0.0002	0.0471	0.24382	0.0796	0.09497	0.01181	0.24382	0.33864	0.0	0.0002	0.03218	0.0	0.23815	0.20844	0.08574	0.07182	0.10187	0.19075	0.1072	0.2385	0.0	0.0	0.0	0.4121	0.2004	0.05989	0.09065	0.12117	0.05258	0.13166	0.1795	0.76994	0.03291	0.0002	0.0471	0.23854	0.00041	0.26314	0.33864	0.06314	0.0002	0.26282	0.08244	0.33864	0.22303	0.0471	0.04236	0.21557	0.38821	0.0002	0.17438	0.07634	0.26042	0.09278	0.17986	0.24382	0.09235	0.13758	0.07272	0.06484	0.27184	
0.60042	0.50357	0.28988	0.18025	0.21126	0.27238	0.08065	0.53113	0.0006	0.0006	0.0006	0.0006	2.57391	0.0006	0.0006	0.0006	0.0006	0.42835	0.03137	0.0006	0.07096	0.3748	0.12999	0.23629	0.71237	0.3748	0.42835	0.0	0.0006	0.10518	0.23815	0.0	0.28925	0.22916	0.18872	0.21638	0.23796	0.28478	0.30553	0.0	0.0	0.0	0.47907	0.30701	0.39239	0.23515	0.21936	0.43661	0.36333	0.19636	0.37395	0.01521	0.0006	0.07096	0.35759	0.28604	0.54032	0.42835	0.26756	0.0006	0.23651	0.19014	0.42835	0.35718	0.07096	0.11061	0.75448	0.13386	0.0006	0.11324	0.5098	0.16835	0.28236	0.4487	0.3748	0.155	0.29856	0.23336	0.06917	0.47843	
0.23982	0.34445	0.21063	0.33089	0.22451	0.05908	0.06269	0.18854	0.00023	0.00023	0.00023	0.00023	0.20555	0.00023	0.00023	0.00023	0.00023	0.32121	0.24794	0.00023	0.08125	0.32987	0.09252	0.20807	0.12972	0.32987	0.32121	0.0	0.00023	0.10495	0.20844	0.28925	0.0	0.2543	0.21642	0.28626	0.28787	0.29658	0.28598	0.0	0.0	0.0	0.82462	0.26253	0.24049	0.33326	0.1648	0.18502	0.30114	0.36869	0.31794	0.03089	0.00023	0.08125	0.38365	0.17287	0.36698	0.32121	0.24091	0.00023	0.19946	0.25451	0.32121	0.34031	0.08125	0.16556	0.34302	0.21384	0.00023	0.13901	0.34926	0.18155	0.27952	0.31475	0.32987	0.03016	0.26829	0.278	0.43144	0.46628	
0.47442	0.14574	0.22135	0.10364	0.33134	0.08925	0.14992	0.15967	0.00016	0.00016	0.00016	0.00016	0.09182	0.00016	0.00016	0.00016	0.00016	0.16823	0.20262	0.00016	0.16276	0.46625	0.08265	0.23841	0.06213	0.46625	0.16823	0.0	0.00016	0.09353	0.08574	0.22916	0.2543	0.0	0.29621	0.10564	0.1567	0.25186	0.24727	0.0	0.0	0.0	0.4639	0.30735	0.3936	0.16704	0.10412	0.05835	0.33741	0.13413	0.19618	0.0245	0.00016	0.16276	0.21261	0.20073	0.25392	0.16823	0.43152	0.00016	0.21008	0.26073	0.16823	0.44169	0.16276	0.11173	0.41831	0.02113	0.00016	0.19187	0.15022	0.17565	0.36109	0.23384	0.46625	0.03205	0.38141	0.22585	0.07799	0.34747	
0.28929	0.16114	0.30686	0.0506	0.17335	0.20406	0.0981	0.2569	6e-05	6e-05	6e-05	6e-05	0.11781	6e-05	6e-05	6e-05	6e-05	0.11059	0.19401	6e-05	0.10724	0.2452	0.0859	0.25301	0.04206	0.2452	0.11059	0.0	6e-05	0.23313	0.07182	0.18872	0.21642	0.29621	0.0	0.29429	0.24498	0.36424	0.24775	0.0	0.0	0.0	0.56559	0.33595	0.36991	0.1912	0.28603	0.18364	0.23017	0.16367	0.1686	0.09702	6e-05	0.10724	0.16768	0.0709	0.12693	0.11059	0.31168	6e-05	0.18434	0.29734	0.11059	0.28233	0.10724	0.25955	0.26131	0.13374	6e-05	0.16596	0.08878	0.12157	0.31328	0.24254	0.2452	0.02216	0.19961	0.22767	0.21835	0.24448	
0.12488	0.19515	0.27511	0.00099	0.11026	0.21777	0.07724	0.21485	0.00035	0.00035	0.00035	0.00035	0.19734	0.00035	0.00035	0.00035	0.00035	0.19425	0.09513	0.00035	0.07453	0.21457	0.08576	0.14726	0.06352	0.21457	0.19425	0.0	0.00035	0.15827	0.10187	0.21638	0.28626	0.10564	0.29429	0.0	0.17021	0.29907	0.38518	0.0	0.0	0.0	0.63588	0.38297	0.26605	0.21971	0.16464	0.30804	0.12735	0.09876	0.20363	0.04286	0.00035	0.07453	0.22761	0.00881	0.17876	0.19425	0.2098	0.00035	0.27297	0.51856	0.19425	0.25244	0.07453	0.21153	0.2199	0.09345	0.00035	0.12541	0.11724	0.18849	0.21761	0.17984	0.21457	0.17153	0.16188	0.08348	0.21588	0.18947	
0.14455	0.15275	0.14318	0.04579	0.05714	0.03911	0.08763	0.21512	0.00017	0.00017	0.00017	0.00017	0.2604	0.00017	0.00017	0.00017	0.00017	0.15355	0.12759	0.00017	0.07676	0.18098	0.1462	0.24525	0.18416	0.18098	0.15355	0.0	0.00017	0.08979	0.19075	0.23796	0.28787	0.1567	0.24498	0.17021	0.0	0.32339	0.37077	0.0	0.0	0.0	0.5969	0.2896	0.20706	0.26324	0.25756	0.24784	0.18006	0.09092	0.30337	0.05777	0.00017	0.07676	0.20156	0.12777	0.2098	0.15355	0.10596	0.00017	0.19321	0.18991	0.15355	0.18377	0.07676	0.10148	0.24302	0.06728	0.00017	0.22181	0.18328	0.10994	0.29701	0.23654	0.18098	0.03395	0.17158	0.30018	0.23153	0.20683	
0.23622	0.263	0.3815	0.05249	0.05546	0.0878	0.04555	0.16009	4e-05	4e-05	4e-05	4e-05	0.10076	4e-05	4e-05	4e-05	4e-05	0.19769	0.06066	4e-05	0.20416	0.33645	0.16143	0.15168	0.12206	0.33645	0.19769	0.0	4e-05	0.07203	0.1072	0.28478	0.29658	0.25186	0.36424	0.29907	0.32339	0.0	0.26976	0.0	0.0	0.0	0.68314	0.36694	0.19355	0.3903	0.15137	0.09116	0.39278	0.17415	0.22646	0.04127	4e-05	0.20416	0.41341	0.02919	0.21567	0.19769	0.2524	4e-05	0.2748	0.398	0.19769	0.374	0.20416	0.10401	0.36174	0.1097	4e-05	0.23263	0.1699	0.24436	0.22486	0.3713	0.33645	0.0629	0.25345	0.11983	0.18251	0.43795	
0.26053	0.21149	0.35119	0.10866	0.09577	0.0687	0.16319	0.33005	0.00033	0.00033	0.00033	0.00033	0.25811	0.00033	0.00033	0.00033	0.00033	0.13298	0.13692	0.00033	0.105	0.20114	0.10035	0.43032	0.23033	0.20114	0.13298	0.0	0.00033	0.06623	0.2385	0.30553	0.28598	0.24727	0.24775	0.38518	0.37077	0.26976	0.0	0.0	0.0	0.0	1.2263	0.79114	0.31841	0.26227	0.37582	0.44048	0.2799	0.39201	0.33363	0.11098	0.00033	0.105	0.20583	0.22978	0.31967	0.13298	0.18788	0.00033	0.32566	0.32478	0.13298	0.25363	0.105	0.09728	0.34157	0.29533	0.00033	0.24943	0.22779	0.36184	0.1804	0.33631	0.20114	0.2803	0.20881	0.24857	0.31898	0.26032	
0.0	0.0	0.0	0.0	0.0	0.0	0.0	0.0	0.0	0.0	0.0	0.0	0.0	0.0	0.0	0.0	0.0	0.0	0.0	0.0	0.0	0.0	0.0	0.0	0.0	0.0	0.0	0.0	0.0	0.0	0.0	0.0	0.0	0.0	0.0	0.0	0.0	0.0	0.0	0.0	0.0	0.0	0.0	0.0	0.0	0.0	0.0	0.0	0.0	0.0	0.0	0.0	0.0	0.0	0.0	0.0	0.0	0.0	0.0	0.0	0.0	0.0	0.0	0.0	0.0	0.0	0.0	0.0	0.0	0.0	0.0	0.0	0.0	0.0	0.0	0.0	0.0	0.0	0.0	0.0	
0.0	0.0	0.0	0.0	0.0	0.0	0.0	0.0	0.0	0.0	0.0	0.0	0.0	0.0	0.0	0.0	0.0	0.0	0.0	0.0	0.0	0.0	0.0	0.0	0.0	0.0	0.0	0.0	0.0	0.0	0.0	0.0	0.0	0.0	0.0	0.0	0.0	0.0	0.0	0.0	0.0	0.0	0.0	0.0	0.0	0.0	0.0	0.0	0.0	0.0	0.0	0.0	0.0	0.0	0.0	0.0	0.0	0.0	0.0	0.0	0.0	0.0	0.0	0.0	0.0	0.0	0.0	0.0	0.0	0.0	0.0	0.0	0.0	0.0	0.0	0.0	0.0	0.0	0.0	0.0	
0.0	0.0	0.0	0.0	0.0	0.0	0.0	0.0	0.0	0.0	0.0	0.0	0.0	0.0	0.0	0.0	0.0	0.0	0.0	0.0	0.0	0.0	0.0	0.0	0.0	0.0	0.0	0.0	0.0	0.0	0.0	0.0	0.0	0.0	0.0	0.0	0.0	0.0	0.0	0.0	0.0	0.0	0.0	0.0	0.0	0.0	0.0	0.0	0.0	0.0	0.0	0.0	0.0	0.0	0.0	0.0	0.0	0.0	0.0	0.0	0.0	0.0	0.0	0.0	0.0	0.0	0.0	0.0	0.0	0.0	0.0	0.0	0.0	0.0	0.0	0.0	0.0	0.0	0.0	0.0	
0.45231	0.72367	0.59435	0.27512	0.30422	0.16699	0.52999	0.26361	8e-05	8e-05	8e-05	8e-05	0.21759	8e-05	8e-05	8e-05	8e-05	0.30661	0.15368	8e-05	0.1213	0.38448	0.18156	0.40186	0.24318	0.38448	0.30661	0.0	8e-05	0.0729	0.4121	0.47907	0.82462	0.4639	0.56559	0.63588	0.5969	0.68314	1.2263	0.0	0.0	0.0	0.0	1.03744	0.86578	0.5746	0.55008	0.40342	0.74043	0.42946	0.66597	0.07371	8e-05	0.1213	0.38753	0.30238	0.60081	0.30661	0.30226	8e-05	1.14577	0.56295	0.30661	0.43615	0.1213	0.11494	0.60079	0.32622	8e-05	0.59834	0.53063	0.82867	0.33781	0.88312	0.38448	0.11789	0.35545	0.59241	0.65326	0.58819	
0.44142	0.39946	0.36933	0.21922	0.26248	0.19236	0.30219	0.30368	8e-05	8e-05	8e-05	8e-05	0.11315	8e-05	8e-05	8e-05	8e-05	0.0981	0.04426	8e-05	0.0954	0.20526	0.12695	0.17819	0.14773	0.20526	0.0981	0.0	8e-05	0.08397	0.2004	0.30701	0.26253	0.30735	0.33595	0.38297	0.2896	0.36694	0.79114	0.0	0.0	0.0	1.03744	0.0	0.46845	0.34625	0.21425	0.29089	0.5282	0.23078	0.37181	0.08491	8e-05	0.0954	0.16026	0.23784	0.2325	0.0981	0.30697	8e-05	0.5991	0.30695	0.0981	0.24675	0.0954	0.13241	0.36596	0.17623	8e-05	0.37054	0.27827	0.21817	0.18834	0.56913	0.20526	0.16561	0.19314	0.329	0.35438	0.50949	
0.59393	0.27913	0.35965	0.15771	0.17344	0.30748	0.30357	0.4674	8e-05	8e-05	8e-05	8e-05	0.16148	8e-05	8e-05	8e-05	8e-05	0.12291	0.20457	8e-05	0.1192	0.2824	0.16647	0.34696	0.23155	0.2824	0.12291	0.0	8e-05	0.2931	0.05989	0.39239	0.24049	0.3936	0.36991	0.26605	0.20706	0.19355	0.31841	0.0	0.0	0.0	0.86578	0.46845	0.0	0.24489	0.29872	0.20674	0.56277	0.23935	0.18101	0.05311	8e-05	0.1192	0.16239	0.36399	0.36051	0.12291	0.40171	8e-05	0.32199	0.23555	0.12291	0.27778	0.1192	0.30439	0.50499	0.05737	8e-05	0.17832	0.23856	0.27176	0.34867	0.39885	0.2824	0.07545	0.278	0.32745	0.19671	0.37342	
0.19221	0.46855	0.28155	0.09459	0.27941	0.14197	0.17912	0.29865	9e-05	9e-05	9e-05	9e-05	0.19819	9e-05	9e-05	9e-05	9e-05	0.11294	0.18014	9e-05	0.16535	0.22989	0.05853	0.22197	0.12936	0.22989	0.11294	0.0	9e-05	0.23336	0.09065	0.23515	0.33326	0.16704	0.1912	0.21971	0.26324	0.3903	0.26227	0.0	0.0	0.0	0.5746	0.34625	0.24489	0.0	0.09656	0.25742	0.26872	0.22784	0.18918	0.02527	9e-05	0.16535	0.18845	0.02918	0.15359	0.11294	0.12143	9e-05	0.26046	0.23235	0.11294	0.23177	0.16535	0.24377	0.29121	0.03186	9e-05	0.38056	0.34822	0.18266	0.29717	0.42484	0.22989	0.04742	0.1791	0.10672	0.21125	0.24614	
0.1496	0.04036	0.14102	0.06876	0.01953	0.04266	0.05497	0.11446	4e-05	4e-05	4e-05	4e-05	0.36562	4e-05	4e-05	4e-05	4e-05	0.20191	0.03628	4e-05	0.115	0.25439	0.23167	0.56645	0.16598	0.25439	0.20191	0.0	4e-05	0.07192	0.12117	0.21936	0.1648	0.10412	0.28603	0.16464	0.25756	0.15137	0.37582	0.0	0.0	0.0	0.55008	0.21425	0.29872	0.09656	0.0	0.14604	0.088	0.3421	0.23561	0.03547	4e-05	0.115	0.2305	0.12434	0.20725	0.20191	0.15309	4e-05	0.20036	0.13841	0.20191	0.25037	0.115	0.10583	0.25445	0.15554	4e-05	0.15935	0.1338	0.19866	0.20155	0.12057	0.25439	0.08322	0.32651	0.1881	0.18722	0.21361	
0.25759	0.32213	0.35017	0.07137	0.06415	0.11633	0.10422	0.38862	0.00043	0.00043	0.00043	0.00043	0.98066	0.00043	0.00043	0.00043	0.00043	0.14534	0.0299	0.00043	0.08704	0.17648	0.16484	0.13262	0.41955	0.17648	0.14534	0.0	0.00043	0.0872	0.05258	0.43661	0.18502	0.05835	0.18364	0.30804	0.24784	0.09116	0.44048	0.0	0.0	0.0	0.40342	0.29089	0.20674	0.25742	0.14604	0.0	0.20235	0.11373	0.16354	0.03929	0.00043	0.08704	0.17244	0.13971	0.21175	0.14534	0.10329	0.00043	0.16927	0.19186	0.14534	0.19355	0.08704	0.10042	0.37512	0.02763	0.00043	0.14351	0.35937	0.04426	0.26817	0.2917	0.17648	0.19947	0.14346	0.15083	0.16043	0.16347	
0.62069	0.33749	0.35883	0.35737	0.25654	0.11277	0.23006	0.28902	0.00038	0.00038	0.00038	0.00038	0.30957	0.00038	0.00038	0.00038	0.00038	0.1146	0.08418	0.00038	0.11107	0.26307	0.05482	0.21059	0.28847	0.26307	0.1146	0.0	0.00038	0.09443	0.13166	0.36333	0.30114	0.33741	0.23017	0.12735	0.18006	0.39278	0.2799	0.0	0.0	0.0	0.74043	0.5282	0.56277	0.26872	0.088	0.20235	0.0	0.30747	0.23053	0.04313	0.00038	0.11107	0.18213	0.50339	0.48919	0.1146	0.38297	0.00038	0.25678	0.22241	0.1146	0.26745	0.11107	0.12661	0.54874	0.10307	0.00038	0.2276	0.43537	0.25407	0.21653	0.42885	0.26307	0.05273	0.2184	0.43128	0.13982	0.40385	
0.26614	0.25325	0.31358	0.58961	0.13234	0.06524	0.14961	0.2121	0.00018	0.00018	0.00018	0.00018	0.17853	0.00018	0.00018	0.00018	0.00018	0.0963	0.08962	0.00018	0.20762	0.23886	0.14318	0.51297	0.20023	0.23886	0.0963	0.0	0.00018	0.12168	0.1795	0.19636	0.36869	0.13413	0.16367	0.09876	0.09092	0.17415	0.39201	0.0	0.0	0.0	0.42946	0.23078	0.23935	0.22784	0.3421	0.11373	0.30747	0.0	0.16006	0.02123	0.00018	0.20762	0.15656	0.33728	0.34239	0.0963	0.1572	0.00018	0.16492	0.19492	0.0963	0.24005	0.20762	0.14924	0.38254	0.3217	0.00018	0.22247	0.46336	0.25655	0.31502	0.35065	0.23886	0.15694	0.26015	0.36444	0.2191	0.46693	
0.19568	0.18125	0.191	0.09071	0.28064	0.0556	0.15482	0.07301	0.00022	0.00022	0.00022	0.00022	0.26759	0.00022	0.00022	0.00022	0.00022	0.56899	0.049	0.00022	0.03991	0.39744	0.06857	0.21106	0.14761	0.39744	0.56899	0.0	0.00022	0.02684	0.76994	0.37395	0.31794	0.19618	0.1686	0.20363	0.30337	0.22646	0.33363	0.0	0.0	0.0	0.66597	0.37181	0.18101	0.18918	0.23561	0.16354	0.23053	0.16006	0.0	0.02748	0.00022	0.03991	0.39154	0.1353	0.39802	0.56899	0.18456	0.00022	0.37739	0.17786	0.56899	0.36097	0.03991	0.03637	0.32603	0.3258	0.00022	0.328	0.1868	0.23108	0.21725	0.29032	0.39744	0.0798	0.27194	0.19002	0.17911	0.42337	
0.02497	0.02156	0.06179	0.0109	0.05163	0.02799	0.08183	0.02289	0.00034	0.00034	0.00034	0.00034	0.01042	0.00034	0.00034	0.00034	0.00034	0.02148	0.0249	0.00034	0.02104	0.03047	0.03299	0.02401	0.00069	0.03047	0.02148	0.0	0.00034	0.01528	0.03291	0.01521	0.03089	0.0245	0.09702	0.04286	0.05777	0.04127	0.11098	0.0	0.0	0.0	0.07371	0.08491	0.05311	0.02527	0.03547	0.03929	0.04313	0.02123	0.02748	0.0	0.00034	0.02104	0.02646	0.00302	0.01227	0.02148	0.04252	0.00034	0.05809	0.03851	0.02148	0.03101	0.02104	0.20474	0.0218	0.04695	0.00034	0.02713	0.02225	0.03155	0.03908	0.01923	0.03047	0.03745	0.02738	0.0277	0.0234	0.01751	
0.00058	0.00053	0.00015	0.00031	0.00015	0.00081	0.00016	0.00077	0.0	0.0	0.0	0.0	0.00023	0.0	0.0	0.0	0.0	6e-05	5e-05	0.0	5e-05	2e-05	0.00019	7e-05	0.00062	2e-05	6e-05	0.0	0.0	0.00018	0.0002	0.0006	0.00023	0.00016	6e-05	0.00035	0.00017	4e-05	0.00033	0.0	0.0	0.0	8e-05	8e-05	8e-05	9e-05	4e-05	0.00043	0.00038	0.00018	0.00022	0.00034	0.0	5e-05	7e-05	0.0006	0.00048	6e-05	0.00045	0.0	0.00017	0.00026	6e-05	5e-05	5e-05	0.00018	0.00048	5e-05	0.0	0.00021	0.00039	0.00026	2e-05	0.0005	2e-05	0.00013	2e-05	0.00041	0.00012	0.0002	
0.16331	0.19675	0.30641	0.06074	0.16558	0.03938	0.09825	0.04775	5e-05	5e-05	5e-05	5e-05	0.07709	5e-05	5e-05	5e-05	5e-05	0.02984	0.035	5e-05	0.99986	0.51047	0.32512	0.21528	0.09052	0.51047	0.02984	0.0	5e-05	0.02058	0.0471	0.07096	0.08125	0.16276	0.10724	0.07453	0.07676	0.20416	0.105	0.0	0.0	0.0	0.1213	0.0954	0.1192	0.16535	0.115	0.08704	0.11107	0.20762	0.03991	0.02104	5e-05	0.0	0.0387	0.08485	0.10321	0.02984	0.18956	5e-05	0.17811	0.30365	0.02984	0.43942	0.99986	0.02593	0.31737	0.06873	5e-05	0.56439	0.19528	0.13847	0.44637	0.33135	0.51047	0.26225	0.47364	0.06585	0.21197	0.14751	
0.19152	0.15425	0.19296	0.14756	0.15541	0.05418	0.13258	0.07199	7e-05	7e-05	7e-05	7e-05	0.23306	7e-05	7e-05	7e-05	7e-05	0.51957	0.17892	7e-05	0.0387	0.37537	0.06704	0.20443	0.14268	0.37537	0.51957	0.0	7e-05	0.02584	0.23854	0.35759	0.38365	0.21261	0.16768	0.22761	0.20156	0.41341	0.20583	0.0	0.0	0.0	0.38753	0.16026	0.16239	0.18845	0.2305	0.17244	0.18213	0.15656	0.39154	0.02646	7e-05	0.0387	0.0	0.13317	0.38319	0.51957	0.17793	7e-05	0.22447	0.18426	0.51957	0.34333	0.0387	0.03541	0.31665	0.16593	7e-05	0.05816	0.15947	0.18431	0.20869	0.13993	0.37537	0.13444	0.25942	0.17703	0.11534	0.41712	
0.62943	0.15177	0.25242	0.43044	0.02495	0.12046	0.0259	0.16316	0.0006	0.0006	0.0006	0.0006	0.29223	0.0006	0.0006	0.0006	0.0006	0.08709	0.00226	0.0006	0.08485	0.15277	0.00047	0.31862	0.36537	0.15277	0.08709	0.0	0.0006	0.05619	0.00041	0.28604	0.17287	0.20073	0.0709	0.00881	0.12777	0.02919	0.22978	0.0	0.0	0.0	0.30238	0.23784	0.36399	0.02918	0.12434	0.13971	0.50339	0.33728	0.1353	0.00302	0.0006	0.08485	0.13317	0.0	0.67733	0.08709	0.24078	0.0006	0.05982	0.0856	0.08709	0.15292	0.08485	0.0847	0.53245	0.01609	0.0006	0.13405	0.41828	0.15298	0.21736	0.26084	0.15277	0.0052	0.18096	0.70276	0.10413	0.23973	
0.63268	0.36692	0.31314	0.31744	0.10649	0.1528	0.06982	0.22893	0.00048	0.00048	0.00048	0.00048	0.38948	0.00048	0.00048	0.00048	0.00048	0.41063	0.02138	0.00048	0.10321	0.40706	0.03142	0.39563	0.32273	0.40706	0.41063	0.0	0.00048	0.06556	0.26314	0.54032	0.36698	0.25392	0.12693	0.17876	0.2098	0.21567	0.31967	0.0	0.0	0.0	0.60081	0.2325	0.36051	0.15359	0.20725	0.21175	0.48919	0.34239	0.39802	0.01227	0.00048	0.10321	0.38319	0.67733	0.0	0.41063	0.29556	0.00048	0.163	0.21148	0.41063	0.38685	0.10321	0.0869	0.78674	0.11633	0.00048	0.14053	0.37247	0.36388	0.31062	0.47599	0.40706	0.03466	0.328	0.52622	0.1959	0.47663	
0.16878	0.09368	0.15952	0.06227	0.17051	0.04029	0.10091	0.04897	6e-05	6e-05	6e-05	6e-05	0.72733	6e-05	6e-05	6e-05	6e-05	0.99988	0.0358	6e-05	0.02984	0.51928	0.04837	0.21236	0.13962	0.51928	0.99988	0.0	6e-05	0.021	0.33864	0.42835	0.32121	0.16823	0.11059	0.19425	0.15355	0.19769	0.13298	0.0	0.0	0.0	0.30661	0.0981	0.12291	0.11294	0.20191	0.14534	0.1146	0.0963	0.56899	0.02148	6e-05	0.02984	0.51957	0.08709	0.41063	0.0	0.19592	6e-05	0.16287	0.13442	0.99988	0.447	0.02984	0.02652	0.32284	0.19314	6e-05	0.04036	0.09991	0.13025	0.24169	0.0835	0.51928	0.05541	0.32554	0.06765	0.07281	0.44169	
0.55566	0.15116	0.48795	0.15624	0.33347	0.21313	0.21376	0.20426	0.00045	0.00045	0.00045	0.00045	0.1765	0.00045	0.00045	0.00045	0.00045	0.19592	0.07907	0.00045	0.18956	0.54262	0.05812	0.19861	0.07876	0.54262	0.19592	0.0	0.00045	0.04152	0.06314	0.26756	0.24091	0.43152	0.31168	0.2098	0.10596	0.2524	0.18788	0.0	0.0	0.0	0.30226	0.30697	0.40171	0.12143	0.15309	0.10329	0.38297	0.1572	0.18456	0.04252	0.00045	0.18956	0.17793	0.24078	0.29556	0.19592	0.0	0.00045	0.1833	0.27371	0.19592	0.49242	0.18956	0.05816	0.48137	0.1307	0.00045	0.17983	0.15608	0.13413	0.33822	0.24777	0.54262	0.04744	0.40114	0.19639	0.17318	0.37108	
0.00058	0.00053	0.00015	0.00031	0.00015	0.00081	0.00016	0.00077	0.0	0.0	0.0	0.0	0.00023	0.0	0.0	0.0	0.0	6e-05	5e-05	0.0	5e-05	2e-05	0.00019	7e-05	0.00062	2e-05	6e-05	0.0	0.0	0.00018	0.0002	0.0006	0.00023	0.00016	6e-05	0.00035	0.00017	4e-05	0.00033	0.0	0.0	0.0	8e-05	8e-05	8e-05	9e-05	4e-05	0.00043	0.00038	0.00018	0.00022	0.00034	0.0	5e-05	7e-05	0.0006	0.00048	6e-05	0.00045	0.0	0.00017	0.00026	6e-05	5e-05	5e-05	0.00018	0.00048	5e-05	0.0	0.00021	0.00039	0.00026	2e-05	0.0005	2e-05	0.00013	2e-05	0.00041	0.00012	0.0002	
0.20206	0.2692	0.22006	0.03002	0.21254	0.13498	0.10853	0.11638	0.00017	0.00017	0.00017	0.00017	0.15336	0.00017	0.00017	0.00017	0.00017	0.16287	0.05936	0.00017	0.17811	0.2915	0.07086	0.20188	0.15677	0.2915	0.16287	0.0	0.00017	0.05663	0.26282	0.23651	0.19946	0.21008	0.18434	0.27297	0.19321	0.2748	0.32566	0.0	0.0	0.0	1.14577	0.5991	0.32199	0.26046	0.20036	0.16927	0.25678	0.16492	0.37739	0.05809	0.00017	0.17811	0.22447	0.05982	0.163	0.16287	0.1833	0.00017	0.0	0.3105	0.16287	0.28287	0.17811	0.08386	0.30221	0.13899	0.00017	0.39667	0.26966	0.21834	0.20086	0.3585	0.2915	0.32424	0.22457	0.21566	0.18279	0.25004	
0.25124	0.25218	0.32677	0.03937	0.14473	0.18931	0.05197	0.13871	0.00026	0.00026	0.00026	0.00026	0.14	0.00026	0.00026	0.00026	0.00026	0.13442	0.07319	0.00026	0.30365	0.38202	0.16688	0.24262	0.08865	0.38202	0.13442	0.0	0.00026	0.10278	0.08244	0.19014	0.25451	0.26073	0.29734	0.51856	0.18991	0.398	0.32478	0.0	0.0	0.0	0.56295	0.30695	0.23555	0.23235	0.13841	0.19186	0.22241	0.19492	0.17786	0.03851	0.00026	0.30365	0.18426	0.0856	0.21148	0.13442	0.27371	0.00026	0.3105	0.0	0.13442	0.39535	0.30365	0.16287	0.35318	0.05029	0.00026	0.33033	0.18803	0.19326	0.32788	0.33832	0.38202	0.23209	0.31189	0.15719	0.20092	0.22889	
0.16878	0.09368	0.15952	0.06227	0.17051	0.04029	0.10091	0.04897	6e-05	6e-05	6e-05	6e-05	0.72733	6e-05	6e-05	6e-05	6e-05	0.99988	0.0358	6e-05	0.02984	0.51928	0.04837	0.21236	0.13962	0.51928	0.99988	0.0	6e-05	0.021	0.33864	0.42835	0.32121	0.16823	0.11059	0.19425	0.15355	0.19769	0.13298	0.0	0.0	0.0	0.30661	0.0981	0.12291	0.11294	0.20191	0.14534	0.1146	0.0963	0.56899	0.02148	6e-05	0.02984	0.51957	0.08709	0.41063	0.99988	0.19592	6e-05	0.16287	0.13442	0.0	0.447	0.02984	0.02652	0.32284	0.19314	6e-05	0.04036	0.09991	0.13025	0.24169	0.0835	0.51928	0.05541	0.32554	0.06765	0.07281	0.44169	
0.44214	0.22881	0.41534	0.11542	0.31308	0.06514	0.17649	0.08895	5e-05	5e-05	5e-05	5e-05	0.52769	5e-05	5e-05	5e-05	5e-05	0.447	0.05711	5e-05	0.43942	0.8607	0.21569	0.33646	0.157	0.8607	0.447	0.0	5e-05	0.03027	0.22303	0.35718	0.34031	0.44169	0.28233	0.25244	0.18377	0.374	0.25363	0.0	0.0	0.0	0.43615	0.24675	0.27778	0.23177	0.25037	0.19355	0.26745	0.24005	0.36097	0.03101	5e-05	0.43942	0.34333	0.15292	0.38685	0.447	0.49242	5e-05	0.28287	0.39535	0.447	0.0	0.43942	0.04232	0.58387	0.16916	5e-05	0.3556	0.23401	0.21601	0.5414	0.33098	0.8607	0.192	0.64173	0.13994	0.21173	0.54866	
0.16331	0.19675	0.30641	0.06074	0.16558	0.03938	0.09825	0.04775	5e-05	5e-05	5e-05	5e-05	0.07709	5e-05	5e-05	5e-05	5e-05	0.02984	0.035	5e-05	0.99986	0.51047	0.32512	0.21528	0.09052	0.51047	0.02984	0.0	5e-05	0.02058	0.0471	0.07096	0.08125	0.16276	0.10724	0.07453	0.07676	0.20416	0.105	0.0	0.0	0.0	0.1213	0.0954	0.1192	0.16535	0.115	0.08704	0.11107	0.20762	0.03991	0.02104	5e-05	0.99986	0.0387	0.08485	0.10321	0.02984	0.18956	5e-05	0.17811	0.30365	0.02984	0.43942	0.0	0.02593	0.31737	0.06873	5e-05	0.56439	0.19528	0.13847	0.44637	0.33135	0.51047	0.26225	0.47364	0.06585	0.21197	0.14751	
0.11299	0.11078	0.12148	0.08787	0.06862	0.20852	0.08631	0.32593	0.00018	0.00018	0.00018	0.00018	0.21203	0.00018	0.00018	0.00018	0.00018	0.02652	0.23933	0.00018	0.02593	0.0409	0.04248	0.13127	0.09688	0.0409	0.02652	0.0	0.00018	0.61368	0.04236	0.11061	0.16556	0.11173	0.25955	0.21153	0.10148	0.10401	0.09728	0.0	0.0	0.0	0.11494	0.13241	0.30439	0.24377	0.10583	0.10042	0.12661	0.14924	0.03637	0.20474	0.00018	0.02593	0.03541	0.0847	0.0869	0.02652	0.05816	0.00018	0.08386	0.16287	0.02652	0.04232	0.02593	0.0	0.09916	0.0621	0.00018	0.03587	0.09336	0.11438	0.13329	0.09912	0.0409	0.04874	0.04665	0.0919	0.06525	0.10241	
0.84683	0.54811	0.46756	0.26004	0.28767	0.21385	0.13295	0.41652	0.00048	0.00048	0.00048	0.00048	0.75022	0.00048	0.00048	0.00048	0.00048	0.32284	0.04233	0.00048	0.31737	0.62121	0.21199	0.43294	0.53688	0.62121	0.32284	0.0	0.00048	0.0825	0.21557	0.75448	0.34302	0.41831	0.26131	0.2199	0.24302	0.36174	0.34157	0.0	0.0	0.0	0.60079	0.36596	0.50499	0.29121	0.25445	0.37512	0.54874	0.38254	0.32603	0.0218	0.00048	0.31737	0.31665	0.53245	0.78674	0.32284	0.48137	0.00048	0.30221	0.35318	0.32284	0.58387	0.31737	0.09916	0.0	0.1311	0.00048	0.32172	0.55365	0.34692	0.49821	0.65718	0.62121	0.21148	0.52341	0.4344	0.24089	0.57685	
0.01565	0.00287	0.27687	0.16322	0.09076	0.01804	0.0215	0.03845	5e-05	5e-05	5e-05	5e-05	0.12245	5e-05	5e-05	5e-05	5e-05	0.19314	0.0849	5e-05	0.06873	0.17609	0.1207	0.08634	0.06882	0.17609	0.19314	0.0	5e-05	0.04588	0.38821	0.13386	0.21384	0.02113	0.13374	0.09345	0.06728	0.1097	0.29533	0.0	0.0	0.0	0.32622	0.17623	0.05737	0.03186	0.15554	0.02763	0.10307	0.3217	0.3258	0.04695	5e-05	0.06873	0.16593	0.01609	0.11633	0.19314	0.1307	5e-05	0.13899	0.05029	0.19314	0.16916	0.06873	0.0621	0.1311	0.0	5e-05	0.13973	0.12196	0.15055	0.06489	0.09948	0.17609	0.14201	0.09532	0.08296	0.25431	0.19211	
0.00058	0.00053	0.00015	0.00031	0.00015	0.00081	0.00016	0.00077	0.0	0.0	0.0	0.0	0.00023	0.0	0.0	0.0	0.0	6e-05	5e-05	0.0	5e-05	2e-05	0.00019	7e-05	0.00062	2e-05	6e-05	0.0	0.0	0.00018	0.0002	0.0006	0.00023	0.00016	6e-05	0.00035	0.00017	4e-05	0.00033	0.0	0.0	0.0	8e-05	8e-05	8e-05	9e-05	4e-05	0.00043	0.00038	0.00018	0.00022	0.00034	0.0	5e-05	7e-05	0.0006	0.00048	6e-05	0.00045	0.0	0.00017	0.00026	6e-05	5e-05	5e-05	0.00018	0.00048	5e-05	0.0	0.00021	0.00039	0.00026	2e-05	0.0005	2e-05	0.00013	2e-05	0.00041	0.00012	0.0002	
0.19138	0.45237	0.32056	0.08931	0.27465	0.05481	0.15212	0.07187	0.00021	0.00021	0.00021	0.00021	0.09835	0.00021	0.00021	0.00021	0.00021	0.04036	0.04832	0.00021	0.56439	0.39145	0.24474	0.21379	0.13865	0.39145	0.04036	0.0	0.00021	0.02651	0.17438	0.11324	0.13901	0.19187	0.16596	0.12541	0.22181	0.23263	0.24943	0.0	0.0	0.0	0.59834	0.37054	0.17832	0.38056	0.15935	0.14351	0.2276	0.22247	0.328	0.02713	0.00021	0.56439	0.05816	0.13405	0.14053	0.04036	0.17983	0.00021	0.39667	0.33033	0.04036	0.3556	0.56439	0.03587	0.32172	0.13973	0.00021	0.0	0.44913	0.18524	0.37114	0.58697	0.39145	0.21015	0.37862	0.1891	0.31577	0.20481	
