0.0	0.30599	0.0	0.00014	0.01517	0.79965	0.2072	0.49375	0.05827	0.05638	0.00014	0.02408	0.21658	0.02896	0.00014	0.18771	0.02958	0.07731	0.05108	0.0	0.0	0.02448	0.02522	0.04881	0.00014	0.01517	0.30117	0.03349	0.05388	0.00014	0.00014	0.00014	0.00014	0.02896	0.00014	0.00014	0.05307	0.03042	0.20641	0.02522	0.0375	0.1015	0.06575	0.00014	0.02522	0.04045	0.00014	0.02621	0.00014	0.02408	0.02408	0.04911	0.03531	0.00014	0.00014	0.00014	0.02896	0.00014	0.00014	0.02896	0.05379	0.04129	0.02522	0.0	0.04239	0.00333	0.06716	0.04439	0.05601	0.00014	0.20641	0.20641	0.00014	0.00014	0.02522	0.00014	0.00014	0.00014	0.01177	0.00014	0.05418	
0.30599	0.0	0.0	0.00021	0.00961	0.50602	0.46753	0.16815	0.03201	0.24103	0.00021	0.01446	0.50971	0.01731	0.00021	0.02512	0.01681	0.03954	0.02766	0.0	0.0	0.01468	0.01507	0.02552	0.00021	0.00961	1.00173	0.01939	0.02868	0.00021	0.00021	0.00021	0.00021	0.01731	0.00021	0.00021	0.02942	0.01724	0.019	0.01507	0.02083	0.05111	0.03568	0.00021	0.01507	0.02224	0.00021	0.01559	0.00021	0.01446	0.01446	0.02744	0.01956	0.00021	0.00021	0.00021	0.01731	0.00021	0.00021	0.01731	0.0297	0.02264	0.01507	0.0	0.02412	0.00248	0.03109	0.02514	0.0297	0.00021	0.464	0.019	0.00021	0.00021	0.01507	0.00021	0.00021	0.00021	0.00767	0.00021	0.02873	
0.0	0.0	0.0	0.0	0.0	0.0	0.0	0.0	0.0	0.0	0.0	0.0	0.0	0.0	0.0	0.0	0.0	0.0	0.0	0.0	0.0	0.0	0.0	0.0	0.0	0.0	0.0	0.0	0.0	0.0	0.0	0.0	0.0	0.0	0.0	0.0	0.0	0.0	0.0	0.0	0.0	0.0	0.0	0.0	0.0	0.0	0.0	0.0	0.0	0.0	0.0	0.0	0.0	0.0	0.0	0.0	0.0	0.0	0.0	0.0	0.0	0.0	0.0	0.0	0.0	0.0	0.0	0.0	0.0	0.0	0.0	0.0	0.0	0.0	0.0	0.0	0.0	0.0	0.0	0.0	0.0	
0.00014	0.00021	0.0	0.0	0.00027	7e-05	7e-05	6e-05	0.00027	0.00013	0.0	0.00018	7e-05	0.00099	0.0	6e-05	8e-05	6e-05	0.00024	0.0	0.0	0.00018	0.00018	2e-05	0.0	0.00027	0.0002	0.00014	0.00041	0.0	0.0	0.0	0.0	0.00099	0.0	0.0	0.00032	7e-05	6e-05	0.00018	0.00054	9e-05	0.00011	0.0	0.00018	0.0005	0.0	0.00017	0.0	0.00018	0.00018	0.00036	6e-05	0.0	0.0	0.0	0.00099	0.0	0.0	0.00099	0.00012	0.00049	0.00018	0.0	0.00013	0.0	4e-05	0.00013	0.0004	0.0	6e-05	6e-05	0.0	0.0	0.00018	0.0	0.0	0.0	0.00034	0.0	6e-05	
0.01517	0.00961	0.0	0.00027	0.0	0.01293	0.01393	0.02232	0.10254	0.01725	0.00027	0.01112	0.01285	0.01335	0.00027	0.01832	0.01256	0.02826	0.02025	0.0	0.0	0.01128	0.01156	0.01836	0.00027	0.99935	0.01236	0.01463	0.02086	0.00027	0.00027	0.00027	0.00027	0.01335	0.00027	0.00027	0.02178	0.01286	0.01404	0.01156	0.01545	0.0364	0.02616	0.00027	0.01156	0.0164	0.00027	0.01193	0.00027	0.01112	0.01112	0.02039	0.01443	0.00027	0.00027	0.00027	0.01335	0.00027	0.00027	0.01335	0.11327	0.01668	0.01156	0.0	0.01813	0.00226	0.02255	0.01885	0.02157	0.00027	0.01404	0.01404	0.00027	0.00027	0.01156	0.00027	0.00027	0.00027	0.00618	0.00027	0.02082	
0.79965	0.50602	0.0	7e-05	0.01293	0.0	0.3355	0.43944	0.05237	0.18144	7e-05	0.02096	0.35235	0.02541	7e-05	0.29848	0.02639	0.07139	0.04638	0.0	0.0	0.02133	0.02201	0.04512	7e-05	0.01293	0.50977	0.02958	0.04937	7e-05	7e-05	7e-05	7e-05	0.02541	7e-05	7e-05	0.04759	0.02716	0.33407	0.02201	0.03389	0.09345	0.05922	7e-05	0.02201	0.0367	7e-05	0.0229	7e-05	0.02096	0.02096	0.04395	0.03184	7e-05	7e-05	7e-05	0.02541	7e-05	7e-05	0.02541	0.04826	0.0375	0.02201	0.0	0.03714	0.00259	0.17122	0.03897	0.05137	7e-05	0.33407	0.33407	7e-05	7e-05	0.02201	7e-05	7e-05	7e-05	0.00992	7e-05	0.04961	
0.2072	0.46753	0.0	7e-05	0.01393	0.3355	0.0	0.1594	0.05787	0.17617	7e-05	0.54663	0.33675	0.02765	7e-05	0.04706	0.02895	0.13606	0.0514	0.0	0.0	0.02318	0.02393	0.28461	7e-05	0.01393	0.47246	0.03235	0.05493	7e-05	7e-05	7e-05	7e-05	0.02765	7e-05	7e-05	0.0525	0.02982	0.03393	0.02393	0.03737	0.10535	0.14092	7e-05	0.02393	0.35741	7e-05	0.02493	7e-05	0.54663	0.54663	0.0484	0.03511	7e-05	7e-05	7e-05	0.02765	7e-05	7e-05	0.02765	0.05326	0.04147	0.02393	0.0	0.0408	0.00277	0.05951	0.04285	0.16974	7e-05	0.32117	0.03393	7e-05	7e-05	0.02393	7e-05	7e-05	7e-05	0.01065	7e-05	0.16619	
0.49375	0.16815	0.0	6e-05	0.02232	0.43944	0.1594	0.0	0.10779	0.22279	6e-05	0.03809	0.27295	0.04681	6e-05	0.17146	0.05097	0.15396	0.07834	0.0	0.0	0.03884	0.04022	0.18739	6e-05	0.02232	0.17077	0.05613	0.4264	6e-05	6e-05	6e-05	6e-05	0.04681	6e-05	6e-05	0.0414	0.20036	0.15959	0.04022	0.14385	0.27324	0.06284	6e-05	0.04022	0.07483	6e-05	0.21797	6e-05	0.03809	0.03809	0.07547	0.4779	6e-05	6e-05	6e-05	0.04681	6e-05	6e-05	0.04681	0.04144	0.07677	0.04022	0.0	0.07436	0.00462	0.16044	0.07856	0.11143	6e-05	0.15959	0.15959	6e-05	6e-05	0.04022	6e-05	6e-05	6e-05	0.01674	6e-05	0.09414	
0.05827	0.03201	0.0	0.00027	0.10254	0.05237	0.05787	0.10779	0.0	0.06879	0.00027	0.0388	0.05192	0.23221	0.00027	0.04705	0.04963	0.08208	0.04301	0.0	0.0	0.18738	0.04081	0.08868	0.00027	0.10254	0.05697	0.05558	0.1865	0.00027	0.00027	0.00027	0.00027	0.23221	0.00027	0.00027	0.03057	0.05117	0.15948	0.04081	0.19209	0.02539	0.11673	0.00027	0.04081	0.1888	0.00027	0.04254	0.00027	0.0388	0.0388	0.04034	0.06058	0.00027	0.00027	0.00027	0.23221	0.00027	0.00027	0.23221	0.00321	0.18814	0.04081	0.0	0.21693	0.05236	0.27703	0.19732	0.22473	0.00027	0.15948	0.15948	0.00027	0.00027	0.04081	0.00027	0.00027	0.00027	0.01803	0.00027	0.1636	
0.05638	0.24103	0.0	0.00013	0.01725	0.18144	0.17617	0.22279	0.06879	0.0	0.00013	0.02771	0.18196	0.03342	0.00013	0.05522	0.03452	0.05682	0.06716	0.0	0.0	0.0282	0.02908	0.19802	0.00013	0.01725	0.23684	0.03893	0.09435	0.00013	0.00013	0.00013	0.00013	0.03342	0.00013	0.00013	0.06248	0.28765	0.04014	0.02908	0.04408	0.22855	0.03464	0.00013	0.02908	0.04769	0.00013	0.35654	0.00013	0.02771	0.02771	0.0733	0.26036	0.00013	0.00013	0.00013	0.03342	0.00013	0.00013	0.03342	0.06338	0.04872	0.02908	0.0	0.04967	0.00373	0.0705	0.0521	0.06676	0.00013	0.1757	0.04014	0.00013	0.00013	0.02908	0.00013	0.00013	0.00013	0.0133	0.00013	0.0791	
0.00014	0.00021	0.0	0.0	0.00027	7e-05	7e-05	6e-05	0.00027	0.00013	0.0	0.00018	7e-05	0.00099	0.0	6e-05	8e-05	6e-05	0.00024	0.0	0.0	0.00018	0.00018	2e-05	0.0	0.00027	0.0002	0.00014	0.00041	0.0	0.0	0.0	0.0	0.00099	0.0	0.0	0.00032	7e-05	6e-05	0.00018	0.00054	9e-05	0.00011	0.0	0.00018	0.0005	0.0	0.00017	0.0	0.00018	0.00018	0.00036	6e-05	0.0	0.0	0.0	0.00099	0.0	0.0	0.00099	0.00012	0.00049	0.00018	0.0	0.00013	0.0	4e-05	0.00013	0.0004	0.0	6e-05	6e-05	0.0	0.0	0.00018	0.0	0.0	0.0	0.00034	0.0	6e-05	
0.02408	0.01446	0.0	0.00018	0.01112	0.02096	0.54663	0.03809	0.0388	0.02771	0.00018	0.0	0.02081	0.02042	0.00018	0.03065	0.02018	0.12882	0.03369	0.0	0.0	0.01731	0.01779	0.33352	0.00018	0.01112	0.01881	0.02313	0.03511	0.00018	0.00018	0.00018	0.00018	0.02042	0.00018	0.00018	0.03556	0.02071	0.02297	0.01779	0.02517	0.06352	0.15572	0.00018	0.01779	0.47373	0.00018	0.01843	0.00018	0.99958	0.99958	0.03308	0.02367	0.00018	0.00018	0.00018	0.02042	0.00018	0.00018	0.02042	0.03595	0.02746	0.01779	0.0	0.02888	0.00268	0.03812	0.03014	0.18799	0.00018	0.02297	0.02297	0.00018	0.00018	0.01779	0.00018	0.00018	0.00018	0.00879	0.00018	0.18582	
0.21658	0.50971	0.0	7e-05	0.01285	0.35235	0.33675	0.27295	0.05192	0.18196	7e-05	0.02081	0.0	0.02522	7e-05	0.04206	0.02618	0.14349	0.04597	0.0	0.0	0.02118	0.02185	0.04469	7e-05	0.01285	0.51336	0.02935	0.14111	7e-05	7e-05	7e-05	7e-05	0.02522	7e-05	7e-05	0.1375	0.02695	0.03053	0.02185	0.31831	0.09249	0.0587	7e-05	0.02185	0.03639	7e-05	0.02274	7e-05	0.02081	0.02081	0.04358	0.325	7e-05	7e-05	7e-05	0.02522	7e-05	7e-05	0.02522	0.13554	0.03718	0.02185	0.0	0.03684	0.00258	0.16768	0.03865	0.05089	7e-05	0.3353	0.03053	7e-05	7e-05	0.02185	7e-05	7e-05	7e-05	0.00986	7e-05	0.04915	
0.02896	0.01731	0.0	0.00099	0.01335	0.02541	0.02765	0.04681	0.23221	0.03342	0.00099	0.02042	0.02522	0.0	0.00099	0.03742	0.02441	0.06053	0.24615	0.0	0.0	0.02074	0.02132	0.03869	0.00099	0.01335	0.40214	0.0278	0.45053	0.00099	0.00099	0.00099	0.00099	1.00129	0.00099	0.00099	0.26679	0.02506	0.02789	0.02132	0.58848	0.10279	0.05279	0.00099	0.02132	0.54732	0.00099	0.02209	0.00099	0.02042	0.02042	0.30132	0.02876	0.00099	0.00099	0.00099	1.00129	0.00099	0.00099	1.00129	0.04357	0.53765	0.02132	0.0	0.27025	0.0	0.15162	0.26128	0.44202	0.00099	0.02789	0.02789	0.00099	0.00099	0.02132	0.00099	0.00099	0.00099	0.01061	0.00099	0.04317	
0.00014	0.00021	0.0	0.0	0.00027	7e-05	7e-05	6e-05	0.00027	0.00013	0.0	0.00018	7e-05	0.00099	0.0	6e-05	8e-05	6e-05	0.00024	0.0	0.0	0.00018	0.00018	2e-05	0.0	0.00027	0.0002	0.00014	0.00041	0.0	0.0	0.0	0.0	0.00099	0.0	0.0	0.00032	7e-05	6e-05	0.00018	0.00054	9e-05	0.00011	0.0	0.00018	0.0005	0.0	0.00017	0.0	0.00018	0.00018	0.00036	6e-05	0.0	0.0	0.0	0.00099	0.0	0.0	0.00099	0.00012	0.00049	0.00018	0.0	0.00013	0.0	4e-05	0.00013	0.0004	0.0	6e-05	6e-05	0.0	0.0	0.00018	0.0	0.0	0.0	0.00034	0.0	6e-05	
0.18771	0.02512	0.0	6e-05	0.01832	0.29848	0.04706	0.17146	0.04705	0.05522	6e-05	0.03065	0.04206	0.03742	6e-05	0.0	0.08984	0.10691	0.11088	0.0	0.0	0.23658	0.03229	0.07366	6e-05	0.01832	0.03395	0.04439	0.07963	6e-05	6e-05	6e-05	6e-05	0.03742	6e-05	6e-05	0.07414	0.09046	0.54805	0.03229	0.05256	0.05423	0.09412	6e-05	0.03229	0.05744	6e-05	0.0337	6e-05	0.03065	0.03065	0.06799	0.04932	6e-05	6e-05	6e-05	0.03742	6e-05	6e-05	0.03742	0.03069	0.05883	0.03229	0.0	0.11488	0.00366	0.33173	0.10499	0.07856	6e-05	0.19742	0.54805	6e-05	6e-05	0.03229	6e-05	6e-05	6e-05	0.08775	6e-05	0.19206	
0.02958	0.01681	0.0	8e-05	0.01256	0.02639	0.02895	0.05097	0.04963	0.03452	8e-05	0.02018	0.02618	0.02441	8e-05	0.08984	0.0	0.06671	0.04381	0.0	0.0	0.02053	0.6716	0.30934	8e-05	0.01256	0.02202	0.3655	0.04645	8e-05	8e-05	8e-05	8e-05	0.02441	8e-05	8e-05	0.04518	0.21969	0.02923	0.6716	0.03214	0.11441	0.15064	8e-05	0.6716	0.03474	8e-05	0.02202	8e-05	0.02018	0.02018	0.04177	0.0302	8e-05	8e-05	8e-05	0.02441	8e-05	8e-05	0.02441	0.08699	0.40152	0.6716	0.0	0.03548	0.00257	0.05024	0.03719	0.0483	8e-05	0.02923	0.02923	8e-05	8e-05	0.6716	8e-05	8e-05	8e-05	0.00968	8e-05	0.04667	
0.07731	0.03954	0.0	6e-05	0.02826	0.07139	0.13606	0.15396	0.08208	0.05682	6e-05	0.12882	0.14349	0.06053	6e-05	0.10691	0.06671	0.0	0.05854	0.0	0.0	0.18582	0.0518	0.27418	6e-05	0.02826	0.05734	0.07329	0.14761	6e-05	6e-05	6e-05	6e-05	0.06053	6e-05	6e-05	0.01147	0.14357	0.18345	0.0518	0.15488	0.19117	0.15889	6e-05	0.0518	0.14658	6e-05	0.14512	6e-05	0.12882	0.12882	0.04806	0.24097	6e-05	6e-05	6e-05	0.06053	6e-05	6e-05	0.06053	0.06582	0.103	0.0518	0.0	0.11434	0.00635	0.30773	0.138	0.1611	6e-05	0.18345	0.18345	6e-05	6e-05	0.0518	6e-05	6e-05	6e-05	0.02107	6e-05	0.45344	
0.05108	0.02766	0.0	0.00024	0.02025	0.04638	0.0514	0.07834	0.04301	0.06716	0.00024	0.03369	0.04597	0.24615	0.00024	0.11088	0.04381	0.05854	0.0	0.0	0.0	0.03432	0.03548	0.16248	0.00024	0.02025	0.05984	0.04867	0.38024	0.00024	0.00024	0.00024	0.00024	0.24615	0.00024	0.00024	0.05267	0.19108	0.05193	0.03548	0.20507	0.25427	0.02337	0.00024	0.03548	0.20133	0.00024	0.21599	0.00024	0.03369	0.03369	0.77521	0.18265	0.00024	0.00024	0.00024	0.24615	0.00024	0.00024	0.24615	0.1105	0.20053	0.03548	0.0	0.06873	0.05885	0.07615	0.07007	0.19755	0.00024	0.05193	0.05193	0.00024	0.00024	0.03548	0.00024	0.00024	0.00024	0.24059	0.00024	0.06152	
0.0	0.0	0.0	0.0	0.0	0.0	0.0	0.0	0.0	0.0	0.0	0.0	0.0	0.0	0.0	0.0	0.0	0.0	0.0	0.0	0.0	0.0	0.0	0.0	0.0	0.0	0.0	0.0	0.0	0.0	0.0	0.0	0.0	0.0	0.0	0.0	0.0	0.0	0.0	0.0	0.0	0.0	0.0	0.0	0.0	0.0	0.0	0.0	0.0	0.0	0.0	0.0	0.0	0.0	0.0	0.0	0.0	0.0	0.0	0.0	0.0	0.0	0.0	0.0	0.0	0.0	0.0	0.0	0.0	0.0	0.0	0.0	0.0	0.0	0.0	0.0	0.0	0.0	0.0	0.0	0.0	
0.0	0.0	0.0	0.0	0.0	0.0	0.0	0.0	0.0	0.0	0.0	0.0	0.0	0.0	0.0	0.0	0.0	0.0	0.0	0.0	0.0	0.0	0.0	0.0	0.0	0.0	0.0	0.0	0.0	0.0	0.0	0.0	0.0	0.0	0.0	0.0	0.0	0.0	0.0	0.0	0.0	0.0	0.0	0.0	0.0	0.0	0.0	0.0	0.0	0.0	0.0	0.0	0.0	0.0	0.0	0.0	0.0	0.0	0.0	0.0	0.0	0.0	0.0	0.0	0.0	0.0	0.0	0.0	0.0	0.0	0.0	0.0	0.0	0.0	0.0	0.0	0.0	0.0	0.0	0.0	0.0	
0.02448	0.01468	0.0	0.00018	0.01128	0.02133	0.02318	0.03884	0.18738	0.0282	0.00018	0.01731	0.02118	0.02074	0.00018	0.23658	0.02053	0.18582	0.03432	0.0	0.0	0.0	0.01807	0.03206	0.00018	0.01128	0.0191	0.02352	0.03578	0.00018	0.00018	0.00018	0.00018	0.02074	0.00018	0.00018	0.0362	0.02107	0.55038	0.01807	0.02562	0.06484	0.04422	0.00018	0.01807	0.02745	0.00018	0.01873	0.00018	0.01731	0.01731	0.03367	0.0241	0.00018	0.00018	0.00018	0.02074	0.00018	0.00018	0.02074	0.03661	0.02797	0.01807	0.0	0.46354	0.0027	0.4465	0.42358	0.19275	0.00018	0.55038	0.55038	0.00018	0.00018	0.01807	0.00018	0.00018	0.00018	0.0089	0.00018	0.40133	
0.02522	0.01507	0.0	0.00018	0.01156	0.02201	0.02393	0.04022	0.04081	0.02908	0.00018	0.01779	0.02185	0.02132	0.00018	0.03229	0.6716	0.0518	0.03548	0.0	0.0	0.01807	0.0	0.3471	0.00018	0.01156	0.01963	0.47677	0.03703	0.00018	0.00018	0.00018	0.00018	0.02132	0.00018	0.00018	0.03737	0.02173	0.02414	0.99959	0.02645	0.08731	0.16549	0.00018	0.99959	0.02835	0.00018	0.01926	0.00018	0.01779	0.01779	0.03475	0.02488	0.00018	0.00018	0.00018	0.02132	0.00018	0.00018	0.02132	0.0378	0.48429	0.99959	0.0	0.03028	0.00274	0.04023	0.03162	0.0384	0.00018	0.02414	0.02414	0.00018	0.00018	0.99959	0.00018	0.00018	0.00018	0.00911	0.00018	0.03717	
0.04881	0.02552	0.0	2e-05	0.01836	0.04512	0.28461	0.18739	0.08868	0.19802	2e-05	0.33352	0.04469	0.03869	2e-05	0.07366	0.30934	0.27418	0.16248	0.0	0.0	0.03206	0.3471	0.0	2e-05	0.01836	0.03483	0.22676	0.18463	2e-05	2e-05	2e-05	2e-05	0.03869	2e-05	2e-05	0.0795	0.31897	0.05093	0.3471	0.05656	0.34001	0.64433	2e-05	0.3471	0.27821	2e-05	0.3585	2e-05	0.33352	0.33352	0.17094	0.30416	2e-05	2e-05	2e-05	0.03869	2e-05	2e-05	0.03869	0.08089	0.2877	0.3471	0.0	0.06031	0.00358	0.09703	0.0637	0.16435	2e-05	0.05093	0.05093	2e-05	2e-05	0.3471	2e-05	2e-05	2e-05	0.01373	2e-05	0.42118	
0.00014	0.00021	0.0	0.0	0.00027	7e-05	7e-05	6e-05	0.00027	0.00013	0.0	0.00018	7e-05	0.00099	0.0	6e-05	8e-05	6e-05	0.00024	0.0	0.0	0.00018	0.00018	2e-05	0.0	0.00027	0.0002	0.00014	0.00041	0.0	0.0	0.0	0.0	0.00099	0.0	0.0	0.00032	7e-05	6e-05	0.00018	0.00054	9e-05	0.00011	0.0	0.00018	0.0005	0.0	0.00017	0.0	0.00018	0.00018	0.00036	6e-05	0.0	0.0	0.0	0.00099	0.0	0.0	0.00099	0.00012	0.00049	0.00018	0.0	0.00013	0.0	4e-05	0.00013	0.0004	0.0	6e-05	6e-05	0.0	0.0	0.00018	0.0	0.0	0.0	0.00034	0.0	6e-05	
0.01517	0.00961	0.0	0.00027	0.99935	0.01293	0.01393	0.02232	0.10254	0.01725	0.00027	0.01112	0.01285	0.01335	0.00027	0.01832	0.01256	0.02826	0.02025	0.0	0.0	0.01128	0.01156	0.01836	0.00027	0.0	0.01236	0.01463	0.02086	0.00027	0.00027	0.00027	0.00027	0.01335	0.00027	0.00027	0.02178	0.01286	0.01404	0.01156	0.01545	0.0364	0.02616	0.00027	0.01156	0.0164	0.00027	0.01193	0.00027	0.01112	0.01112	0.02039	0.01443	0.00027	0.00027	0.00027	0.01335	0.00027	0.00027	0.01335	0.11327	0.01668	0.01156	0.0	0.01813	0.00226	0.02255	0.01885	0.02157	0.00027	0.01404	0.01404	0.00027	0.00027	0.01156	0.00027	0.00027	0.00027	0.00618	0.00027	0.02082	
0.30117	1.00173	0.0	0.0002	0.01236	0.50977	0.47246	0.17077	0.05697	0.23684	0.0002	0.01881	0.51336	0.40214	0.0002	0.03395	0.02202	0.05734	0.05984	0.0	0.0	0.0191	0.01963	0.03483	0.0002	0.01236	0.0	0.02557	0.1804	0.0002	0.0002	0.0002	0.0002	0.40214	0.0002	0.0002	0.06178	0.02261	0.02508	0.01963	0.22007	0.05767	0.04981	0.0002	0.01963	0.20637	0.0002	0.02034	0.0002	0.01881	0.01881	0.06796	0.02587	0.0002	0.0002	0.0002	0.40214	0.0002	0.0002	0.40214	0.04055	0.20332	0.01963	0.0	0.02318	0.0002	0.03045	0.02422	0.17889	0.0002	0.46906	0.02508	0.0002	0.0002	0.01963	0.0002	0.0002	0.0002	0.00982	0.0002	0.03947	
0.03349	0.01939	0.0	0.00014	0.01463	0.02958	0.03235	0.05613	0.05558	0.03893	0.00014	0.02313	0.02935	0.0278	0.00014	0.04439	0.3655	0.07329	0.04867	0.0	0.0	0.02352	0.47677	0.22676	0.00014	0.01463	0.02557	0.0	0.05126	0.00014	0.00014	0.00014	0.00014	0.0278	0.00014	0.00014	0.05066	0.02909	0.03265	0.47677	0.0358	0.1265	0.05796	0.00014	0.47677	0.03859	0.00014	0.02516	0.00014	0.02313	0.02313	0.0469	0.03371	0.00014	0.00014	0.00014	0.0278	0.00014	0.00014	0.0278	0.00089	0.29115	0.47677	0.0	0.01471	0.00324	0.05598	0.04242	0.05327	0.00014	0.03265	0.03265	0.00014	0.00014	0.47677	0.00014	0.00014	0.00014	0.01137	0.00014	0.05154	
0.05388	0.02868	0.0	0.00041	0.02086	0.04937	0.05493	0.4264	0.1865	0.09435	0.00041	0.03511	0.14111	0.45053	0.00041	0.07963	0.04645	0.14761	0.38024	0.0	0.0	0.03578	0.03703	0.18463	0.00041	0.02086	0.1804	0.05126	0.0	0.00041	0.00041	0.00041	0.00041	0.45053	0.00041	0.00041	0.22113	0.20827	0.05553	0.03703	0.5318	0.25766	0.05594	0.00041	0.03703	0.35811	0.00041	0.23085	0.00041	0.03511	0.03511	0.4368	0.50577	0.00041	0.00041	0.00041	0.45053	0.00041	0.00041	0.45053	0.03505	0.35619	0.03703	0.0	0.17863	0.23423	0.1484	0.1793	0.34387	0.00041	0.05553	0.05553	0.00041	0.00041	0.03703	0.00041	0.00041	0.00041	0.01577	0.00041	0.08895	
0.00014	0.00021	0.0	0.0	0.00027	7e-05	7e-05	6e-05	0.00027	0.00013	0.0	0.00018	7e-05	0.00099	0.0	6e-05	8e-05	6e-05	0.00024	0.0	0.0	0.00018	0.00018	2e-05	0.0	0.00027	0.0002	0.00014	0.00041	0.0	0.0	0.0	0.0	0.00099	0.0	0.0	0.00032	7e-05	6e-05	0.00018	0.00054	9e-05	0.00011	0.0	0.00018	0.0005	0.0	0.00017	0.0	0.00018	0.00018	0.00036	6e-05	0.0	0.0	0.0	0.00099	0.0	0.0	0.00099	0.00012	0.00049	0.00018	0.0	0.00013	0.0	4e-05	0.00013	0.0004	0.0	6e-05	6e-05	0.0	0.0	0.00018	0.0	0.0	0.0	0.00034	0.0	6e-05	
0.00014	0.00021	0.0	0.0	0.00027	7e-05	7e-05	6e-05	0.00027	0.00013	0.0	0.00018	7e-05	0.00099	0.0	6e-05	8e-05	6e-05	0.00024	0.0	0.0	0.00018	0.00018	2e-05	0.0	0.00027	0.0002	0.00014	0.00041	0.0	0.0	0.0	0.0	0.00099	0.0	0.0	0.00032	7e-05	6e-05	0.00018	0.00054	9e-05	0.00011	0.0	0.00018	0.0005	0.0	0.00017	0.0	0.00018	0.00018	0.00036	6e-05	0.0	0.0	0.0	0.00099	0.0	0.0	0.00099	0.00012	0.00049	0.00018	0.0	0.00013	0.0	4e-05	0.00013	0.0004	0.0	6e-05	6e-05	0.0	0.0	0.00018	0.0	0.0	0.0	0.00034	0.0	6e-05	
0.00014	0.00021	0.0	0.0	0.00027	7e-05	7e-05	6e-05	0.00027	0.00013	0.0	0.00018	7e-05	0.00099	0.0	6e-05	8e-05	6e-05	0.00024	0.0	0.0	0.00018	0.00018	2e-05	0.0	0.00027	0.0002	0.00014	0.00041	0.0	0.0	0.0	0.0	0.00099	0.0	0.0	0.00032	7e-05	6e-05	0.00018	0.00054	9e-05	0.00011	0.0	0.00018	0.0005	0.0	0.00017	0.0	0.00018	0.00018	0.00036	6e-05	0.0	0.0	0.0	0.00099	0.0	0.0	0.00099	0.00012	0.00049	0.00018	0.0	0.00013	0.0	4e-05	0.00013	0.0004	0.0	6e-05	6e-05	0.0	0.0	0.00018	0.0	0.0	0.0	0.00034	0.0	6e-05	
0.00014	0.00021	0.0	0.0	0.00027	7e-05	7e-05	6e-05	0.00027	0.00013	0.0	0.00018	7e-05	0.00099	0.0	6e-05	8e-05	6e-05	0.00024	0.0	0.0	0.00018	0.00018	2e-05	0.0	0.00027	0.0002	0.00014	0.00041	0.0	0.0	0.0	0.0	0.00099	0.0	0.0	0.00032	7e-05	6e-05	0.00018	0.00054	9e-05	0.00011	0.0	0.00018	0.0005	0.0	0.00017	0.0	0.00018	0.00018	0.00036	6e-05	0.0	0.0	0.0	0.00099	0.0	0.0	0.00099	0.00012	0.00049	0.00018	0.0	0.00013	0.0	4e-05	0.00013	0.0004	0.0	6e-05	6e-05	0.0	0.0	0.00018	0.0	0.0	0.0	0.00034	0.0	6e-05	
0.02896	0.01731	0.0	0.00099	0.01335	0.02541	0.02765	0.04681	0.23221	0.03342	0.00099	0.02042	0.02522	1.00129	0.00099	0.03742	0.02441	0.06053	0.24615	0.0	0.0	0.02074	0.02132	0.03869	0.00099	0.01335	0.40214	0.0278	0.45053	0.00099	0.00099	0.00099	0.00099	0.0	0.00099	0.00099	0.26679	0.02506	0.02789	0.02132	0.58848	0.10279	0.05279	0.00099	0.02132	0.54732	0.00099	0.02209	0.00099	0.02042	0.02042	0.30132	0.02876	0.00099	0.00099	0.00099	1.00129	0.00099	0.00099	1.00129	0.04357	0.53765	0.02132	0.0	0.27025	0.0	0.15162	0.26128	0.44202	0.00099	0.02789	0.02789	0.00099	0.00099	0.02132	0.00099	0.00099	0.00099	0.01061	0.00099	0.04317	
0.00014	0.00021	0.0	0.0	0.00027	7e-05	7e-05	6e-05	0.00027	0.00013	0.0	0.00018	7e-05	0.00099	0.0	6e-05	8e-05	6e-05	0.00024	0.0	0.0	0.00018	0.00018	2e-05	0.0	0.00027	0.0002	0.00014	0.00041	0.0	0.0	0.0	0.0	0.00099	0.0	0.0	0.00032	7e-05	6e-05	0.00018	0.00054	9e-05	0.00011	0.0	0.00018	0.0005	0.0	0.00017	0.0	0.00018	0.00018	0.00036	6e-05	0.0	0.0	0.0	0.00099	0.0	0.0	0.00099	0.00012	0.00049	0.00018	0.0	0.00013	0.0	4e-05	0.00013	0.0004	0.0	6e-05	6e-05	0.0	0.0	0.00018	0.0	0.0	0.0	0.00034	0.0	6e-05	
0.00014	0.00021	0.0	0.0	0.00027	7e-05	7e-05	6e-05	0.00027	0.00013	0.0	0.00018	7e-05	0.00099	0.0	6e-05	8e-05	6e-05	0.00024	0.0	0.0	0.00018	0.00018	2e-05	0.0	0.00027	0.0002	0.00014	0.00041	0.0	0.0	0.0	0.0	0.00099	0.0	0.0	0.00032	7e-05	6e-05	0.00018	0.00054	9e-05	0.00011	0.0	0.00018	0.0005	0.0	0.00017	0.0	0.00018	0.00018	0.00036	6e-05	0.0	0.0	0.0	0.00099	0.0	0.0	0.00099	0.00012	0.00049	0.00018	0.0	0.00013	0.0	4e-05	0.00013	0.0004	0.0	6e-05	6e-05	0.0	0.0	0.00018	0.0	0.0	0.0	0.00034	0.0	6e-05	
0.05307	0.02942	0.0	0.00032	0.02178	0.04759	0.0525	0.0414	0.03057	0.06248	0.00032	0.03556	0.1375	0.26679	0.00032	0.07414	0.04518	0.01147	0.05267	0.0	0.0	0.0362	0.03737	0.0795	0.00032	0.02178	0.06178	0.05066	0.22113	0.00032	0.00032	0.00032	0.00032	0.26679	0.00032	0.00032	0.0	0.04655	0.05303	0.03737	0.44737	0.05257	0.10493	0.00032	0.03737	0.20762	0.00032	0.03893	0.00032	0.03556	0.03556	0.05294	0.13658	0.00032	0.00032	0.00032	0.26679	0.00032	0.00032	0.26679	0.00199	0.20646	0.03737	0.0	0.06874	0.06819	0.10516	0.06531	0.19926	0.00032	0.05303	0.05303	0.00032	0.00032	0.03737	0.00032	0.00032	0.00032	0.01669	0.00032	0.08751	
0.03042	0.01724	0.0	7e-05	0.01286	0.02716	0.02982	0.20036	0.05117	0.28765	7e-05	0.02071	0.02695	0.02506	7e-05	0.09046	0.21969	0.14357	0.19108	0.0	0.0	0.02107	0.02173	0.31897	7e-05	0.01286	0.02261	0.02909	0.20827	7e-05	7e-05	7e-05	7e-05	0.02506	7e-05	7e-05	0.04655	0.0	0.0301	0.02173	0.03311	0.3472	0.15768	7e-05	0.02173	0.03581	7e-05	0.679	7e-05	0.02071	0.02071	0.22303	0.45543	7e-05	7e-05	7e-05	0.02506	7e-05	7e-05	0.02506	0.08771	0.03657	0.02173	0.0	0.03651	0.00262	0.05191	0.03829	0.04988	7e-05	0.0301	0.0301	7e-05	7e-05	0.02173	7e-05	7e-05	7e-05	0.0099	7e-05	0.19125	
0.20641	0.019	0.0	6e-05	0.01404	0.33407	0.03393	0.15959	0.15948	0.04014	6e-05	0.02297	0.03053	0.02789	6e-05	0.54805	0.02923	0.18345	0.05193	0.0	0.0	0.55038	0.02414	0.05093	6e-05	0.01404	0.02508	0.03265	0.05553	6e-05	6e-05	6e-05	6e-05	0.02789	6e-05	6e-05	0.05303	0.0301	0.0	0.02414	0.03775	0.10664	0.0663	6e-05	0.02414	0.04097	6e-05	0.02514	6e-05	0.02297	0.02297	0.04888	0.03546	6e-05	6e-05	6e-05	0.02789	6e-05	6e-05	0.02789	0.0538	0.04189	0.02414	0.0	0.31331	0.00279	0.56943	0.29278	0.1734	6e-05	0.39187	0.9997	6e-05	6e-05	0.02414	6e-05	6e-05	6e-05	0.01073	6e-05	0.32899	
0.02522	0.01507	0.0	0.00018	0.01156	0.02201	0.02393	0.04022	0.04081	0.02908	0.00018	0.01779	0.02185	0.02132	0.00018	0.03229	0.6716	0.0518	0.03548	0.0	0.0	0.01807	0.99959	0.3471	0.00018	0.01156	0.01963	0.47677	0.03703	0.00018	0.00018	0.00018	0.00018	0.02132	0.00018	0.00018	0.03737	0.02173	0.02414	0.0	0.02645	0.08731	0.16549	0.00018	0.99959	0.02835	0.00018	0.01926	0.00018	0.01779	0.01779	0.03475	0.02488	0.00018	0.00018	0.00018	0.02132	0.00018	0.00018	0.02132	0.0378	0.48429	0.99959	0.0	0.03028	0.00274	0.04023	0.03162	0.0384	0.00018	0.02414	0.02414	0.00018	0.00018	0.99959	0.00018	0.00018	0.00018	0.00911	0.00018	0.03717	
0.0375	0.02083	0.0	0.00054	0.01545	0.03389	0.03737	0.14385	0.19209	0.04408	0.00054	0.02517	0.31831	0.58848	0.00054	0.05256	0.03214	0.15488	0.20507	0.0	0.0	0.02562	0.02645	0.05656	0.00054	0.01545	0.22007	0.0358	0.5318	0.00054	0.00054	0.00054	0.00054	0.58848	0.00054	0.00054	0.44737	0.03311	0.03775	0.02645	0.0	0.12136	0.0732	0.00054	0.02645	0.40996	0.00054	0.02755	0.00054	0.02517	0.02517	0.23349	0.30247	0.00054	0.00054	0.00054	0.58848	0.00054	0.00054	0.58848	0.13551	0.40558	0.02645	0.0	0.18904	0.40808	0.32045	0.18685	0.36317	0.00054	0.03775	0.03775	0.00054	0.00054	0.02645	0.00054	0.00054	0.00054	0.01187	0.00054	0.06184	
0.1015	0.05111	0.0	9e-05	0.0364	0.09345	0.10535	0.27324	0.02539	0.22855	9e-05	0.06352	0.09249	0.10279	9e-05	0.05423	0.11441	0.19117	0.25427	0.0	0.0	0.06484	0.08731	0.34001	9e-05	0.0364	0.05767	0.1265	0.25766	9e-05	9e-05	9e-05	9e-05	0.10279	9e-05	9e-05	0.05257	0.3472	0.10664	0.08731	0.12136	0.0	0.10129	9e-05	0.08731	0.12875	9e-05	0.36023	9e-05	0.06352	0.06352	0.24367	0.33707	9e-05	9e-05	9e-05	0.10279	9e-05	9e-05	0.10279	0.02377	0.18563	0.08731	0.0	0.02812	0.01354	0.15172	0.02796	0.17209	9e-05	0.10664	0.10664	9e-05	9e-05	0.08731	9e-05	9e-05	9e-05	0.0345	9e-05	0.24211	
0.06575	0.03568	0.0	0.00011	0.02616	0.05922	0.14092	0.06284	0.11673	0.03464	0.00011	0.15572	0.0587	0.05279	0.00011	0.09412	0.15064	0.15889	0.02337	0.0	0.0	0.04422	0.16549	0.64433	0.00011	0.02616	0.04981	0.05796	0.05594	0.00011	0.00011	0.00011	0.00011	0.05279	0.00011	0.00011	0.10493	0.15768	0.0663	0.16549	0.0732	0.10129	0.0	0.00011	0.16549	0.14349	0.00011	0.17405	0.00011	0.15572	0.15572	0.01532	0.15426	0.00011	0.00011	0.00011	0.05279	0.00011	0.00011	0.05279	0.10671	0.14978	0.16549	0.0	0.08348	0.00581	0.12641	0.08794	0.04303	0.00011	0.0663	0.0663	0.00011	0.00011	0.16549	0.00011	0.00011	0.00011	0.01988	0.00011	0.29616	
0.00014	0.00021	0.0	0.0	0.00027	7e-05	7e-05	6e-05	0.00027	0.00013	0.0	0.00018	7e-05	0.00099	0.0	6e-05	8e-05	6e-05	0.00024	0.0	0.0	0.00018	0.00018	2e-05	0.0	0.00027	0.0002	0.00014	0.00041	0.0	0.0	0.0	0.0	0.00099	0.0	0.0	0.00032	7e-05	6e-05	0.00018	0.00054	9e-05	0.00011	0.0	0.00018	0.0005	0.0	0.00017	0.0	0.00018	0.00018	0.00036	6e-05	0.0	0.0	0.0	0.00099	0.0	0.0	0.00099	0.00012	0.00049	0.00018	0.0	0.00013	0.0	4e-05	0.00013	0.0004	0.0	6e-05	6e-05	0.0	0.0	0.00018	0.0	0.0	0.0	0.00034	0.0	6e-05	
0.02522	0.01507	0.0	0.00018	0.01156	0.02201	0.02393	0.04022	0.04081	0.02908	0.00018	0.01779	0.02185	0.02132	0.00018	0.03229	0.6716	0.0518	0.03548	0.0	0.0	0.01807	0.99959	0.3471	0.00018	0.01156	0.01963	0.47677	0.03703	0.00018	0.00018	0.00018	0.00018	0.02132	0.00018	0.00018	0.03737	0.02173	0.02414	0.99959	0.02645	0.08731	0.16549	0.00018	0.0	0.02835	0.00018	0.01926	0.00018	0.01779	0.01779	0.03475	0.02488	0.00018	0.00018	0.00018	0.02132	0.00018	0.00018	0.02132	0.0378	0.48429	0.99959	0.0	0.03028	0.00274	0.04023	0.03162	0.0384	0.00018	0.02414	0.02414	0.00018	0.00018	0.99959	0.00018	0.00018	0.00018	0.00911	0.00018	0.03717	
0.04045	0.02224	0.0	0.0005	0.0164	0.0367	0.35741	0.07483	0.1888	0.04769	0.0005	0.47373	0.03639	0.54732	0.0005	0.05744	0.03474	0.14658	0.20133	0.0	0.0	0.02745	0.02835	0.27821	0.0005	0.0164	0.20637	0.03859	0.35811	0.0005	0.0005	0.0005	0.0005	0.54732	0.0005	0.0005	0.20762	0.03581	0.04097	0.02835	0.40996	0.12875	0.14349	0.0005	0.02835	0.0	0.0005	0.02955	0.0005	0.47373	0.47373	0.22633	0.04245	0.0005	0.0005	0.0005	0.54732	0.0005	0.0005	0.54732	0.06447	0.39038	0.02835	0.0	0.18348	0.34516	0.14659	0.18202	0.55362	0.0005	0.04097	0.04097	0.0005	0.0005	0.02835	0.0005	0.0005	0.0005	0.01255	0.0005	0.16667	
0.00014	0.00021	0.0	0.0	0.00027	7e-05	7e-05	6e-05	0.00027	0.00013	0.0	0.00018	7e-05	0.00099	0.0	6e-05	8e-05	6e-05	0.00024	0.0	0.0	0.00018	0.00018	2e-05	0.0	0.00027	0.0002	0.00014	0.00041	0.0	0.0	0.0	0.0	0.00099	0.0	0.0	0.00032	7e-05	6e-05	0.00018	0.00054	9e-05	0.00011	0.0	0.00018	0.0005	0.0	0.00017	0.0	0.00018	0.00018	0.00036	6e-05	0.0	0.0	0.0	0.00099	0.0	0.0	0.00099	0.00012	0.00049	0.00018	0.0	0.00013	0.0	4e-05	0.00013	0.0004	0.0	6e-05	6e-05	0.0	0.0	0.00018	0.0	0.0	0.0	0.00034	0.0	6e-05	
0.02621	0.01559	0.0	0.00017	0.01193	0.0229	0.02493	0.21797	0.04254	0.35654	0.00017	0.01843	0.02274	0.02209	0.00017	0.0337	0.02202	0.14512	0.21599	0.0	0.0	0.01873	0.01926	0.3585	0.00017	0.01193	0.02034	0.02516	0.23085	0.00017	0.00017	0.00017	0.00017	0.02209	0.00017	0.00017	0.03893	0.679	0.02514	0.01926	0.02755	0.36023	0.17405	0.00017	0.01926	0.02955	0.00017	0.0	0.00017	0.01843	0.01843	0.2644	0.56902	0.00017	0.00017	0.00017	0.02209	0.00017	0.00017	0.02209	0.03939	0.03012	0.01926	0.0	0.03149	0.0028	0.04205	0.03289	0.04012	0.00017	0.02514	0.02514	0.00017	0.00017	0.01926	0.00017	0.00017	0.00017	0.00938	0.00017	0.211	
0.00014	0.00021	0.0	0.0	0.00027	7e-05	7e-05	6e-05	0.00027	0.00013	0.0	0.00018	7e-05	0.00099	0.0	6e-05	8e-05	6e-05	0.00024	0.0	0.0	0.00018	0.00018	2e-05	0.0	0.00027	0.0002	0.00014	0.00041	0.0	0.0	0.0	0.0	0.00099	0.0	0.0	0.00032	7e-05	6e-05	0.00018	0.00054	9e-05	0.00011	0.0	0.00018	0.0005	0.0	0.00017	0.0	0.00018	0.00018	0.00036	6e-05	0.0	0.0	0.0	0.00099	0.0	0.0	0.00099	0.00012	0.00049	0.00018	0.0	0.00013	0.0	4e-05	0.00013	0.0004	0.0	6e-05	6e-05	0.0	0.0	0.00018	0.0	0.0	0.0	0.00034	0.0	6e-05	
0.02408	0.01446	0.0	0.00018	0.01112	0.02096	0.54663	0.03809	0.0388	0.02771	0.00018	0.99958	0.02081	0.02042	0.00018	0.03065	0.02018	0.12882	0.03369	0.0	0.0	0.01731	0.01779	0.33352	0.00018	0.01112	0.01881	0.02313	0.03511	0.00018	0.00018	0.00018	0.00018	0.02042	0.00018	0.00018	0.03556	0.02071	0.02297	0.01779	0.02517	0.06352	0.15572	0.00018	0.01779	0.47373	0.00018	0.01843	0.00018	0.0	0.99958	0.03308	0.02367	0.00018	0.00018	0.00018	0.02042	0.00018	0.00018	0.02042	0.03595	0.02746	0.01779	0.0	0.02888	0.00268	0.03812	0.03014	0.18799	0.00018	0.02297	0.02297	0.00018	0.00018	0.01779	0.00018	0.00018	0.00018	0.00879	0.00018	0.18582	
0.02408	0.01446	0.0	0.00018	0.01112	0.02096	0.54663	0.03809	0.0388	0.02771	0.00018	0.99958	0.02081	0.02042	0.00018	0.03065	0.02018	0.12882	0.03369	0.0	0.0	0.01731	0.01779	0.33352	0.00018	0.01112	0.01881	0.02313	0.03511	0.00018	0.00018	0.00018	0.00018	0.02042	0.00018	0.00018	0.03556	0.02071	0.02297	0.01779	0.02517	0.06352	0.15572	0.00018	0.01779	0.47373	0.00018	0.01843	0.00018	0.99958	0.0	0.03308	0.02367	0.00018	0.00018	0.00018	0.02042	0.00018	0.00018	0.02042	0.03595	0.02746	0.01779	0.0	0.02888	0.00268	0.03812	0.03014	0.18799	0.00018	0.02297	0.02297	0.00018	0.00018	0.01779	0.00018	0.00018	0.00018	0.00879	0.00018	0.18582	
0.04911	0.02744	0.0	0.00036	0.02039	0.04395	0.0484	0.07547	0.04034	0.0733	0.00036	0.03308	0.04358	0.30132	0.00036	0.06799	0.04177	0.04806	0.77521	0.0	0.0	0.03367	0.03475	0.17094	0.00036	0.02039	0.06796	0.0469	0.4368	0.00036	0.00036	0.00036	0.00036	0.30132	0.00036	0.00036	0.05294	0.22303	0.04888	0.03475	0.23349	0.24367	0.01532	0.00036	0.03475	0.22633	0.00036	0.2644	0.00036	0.03308	0.03308	0.0	0.20747	0.00036	0.00036	0.00036	0.30132	0.00036	0.00036	0.30132	0.07757	0.2247	0.03475	0.0	0.07105	0.08691	0.07011	0.07179	0.21182	0.00036	0.04888	0.04888	0.00036	0.00036	0.03475	0.00036	0.00036	0.00036	0.01567	0.00036	0.05885	
0.03531	0.01956	0.0	6e-05	0.01443	0.03184	0.03511	0.4779	0.06058	0.26036	6e-05	0.02367	0.325	0.02876	6e-05	0.04932	0.0302	0.24097	0.18265	0.0	0.0	0.0241	0.02488	0.30416	6e-05	0.01443	0.02587	0.03371	0.50577	6e-05	6e-05	6e-05	6e-05	0.02876	6e-05	6e-05	0.13658	0.45543	0.03546	0.02488	0.30247	0.33707	0.15426	6e-05	0.02488	0.04245	6e-05	0.56902	6e-05	0.02367	0.02367	0.20747	0.0	6e-05	6e-05	6e-05	0.02876	6e-05	6e-05	0.02876	0.13496	0.04341	0.02488	0.0	0.04261	0.00286	0.16801	0.04476	0.06005	6e-05	0.03546	0.03546	6e-05	6e-05	0.02488	6e-05	6e-05	6e-05	0.01101	6e-05	0.18552	
0.00014	0.00021	0.0	0.0	0.00027	7e-05	7e-05	6e-05	0.00027	0.00013	0.0	0.00018	7e-05	0.00099	0.0	6e-05	8e-05	6e-05	0.00024	0.0	0.0	0.00018	0.00018	2e-05	0.0	0.00027	0.0002	0.00014	0.00041	0.0	0.0	0.0	0.0	0.00099	0.0	0.0	0.00032	7e-05	6e-05	0.00018	0.00054	9e-05	0.00011	0.0	0.00018	0.0005	0.0	0.00017	0.0	0.00018	0.00018	0.00036	6e-05	0.0	0.0	0.0	0.00099	0.0	0.0	0.00099	0.00012	0.00049	0.00018	0.0	0.00013	0.0	4e-05	0.00013	0.0004	0.0	6e-05	6e-05	0.0	0.0	0.00018	0.0	0.0	0.0	0.00034	0.0	6e-05	
0.00014	0.00021	0.0	0.0	0.00027	7e-05	7e-05	6e-05	0.00027	0.00013	0.0	0.00018	7e-05	0.00099	0.0	6e-05	8e-05	6e-05	0.00024	0.0	0.0	0.00018	0.00018	2e-05	0.0	0.00027	0.0002	0.00014	0.00041	0.0	0.0	0.0	0.0	0.00099	0.0	0.0	0.00032	7e-05	6e-05	0.00018	0.00054	9e-05	0.00011	0.0	0.00018	0.0005	0.0	0.00017	0.0	0.00018	0.00018	0.00036	6e-05	0.0	0.0	0.0	0.00099	0.0	0.0	0.00099	0.00012	0.00049	0.00018	0.0	0.00013	0.0	4e-05	0.00013	0.0004	0.0	6e-05	6e-05	0.0	0.0	0.00018	0.0	0.0	0.0	0.00034	0.0	6e-05	
0.00014	0.00021	0.0	0.0	0.00027	7e-05	7e-05	6e-05	0.00027	0.00013	0.0	0.00018	7e-05	0.00099	0.0	6e-05	8e-05	6e-05	0.00024	0.0	0.0	0.00018	0.00018	2e-05	0.0	0.00027	0.0002	0.00014	0.00041	0.0	0.0	0.0	0.0	0.00099	0.0	0.0	0.00032	7e-05	6e-05	0.00018	0.00054	9e-05	0.00011	0.0	0.00018	0.0005	0.0	0.00017	0.0	0.00018	0.00018	0.00036	6e-05	0.0	0.0	0.0	0.00099	0.0	0.0	0.00099	0.00012	0.00049	0.00018	0.0	0.00013	0.0	4e-05	0.00013	0.0004	0.0	6e-05	6e-05	0.0	0.0	0.00018	0.0	0.0	0.0	0.00034	0.0	6e-05	
0.02896	0.01731	0.0	0.00099	0.01335	0.02541	0.02765	0.04681	0.23221	0.03342	0.00099	0.02042	0.02522	1.00129	0.00099	0.03742	0.02441	0.06053	0.24615	0.0	0.0	0.02074	0.02132	0.03869	0.00099	0.01335	0.40214	0.0278	0.45053	0.00099	0.00099	0.00099	0.00099	1.00129	0.00099	0.00099	0.26679	0.02506	0.02789	0.02132	0.58848	0.10279	0.05279	0.00099	0.02132	0.54732	0.00099	0.02209	0.00099	0.02042	0.02042	0.30132	0.02876	0.00099	0.00099	0.00099	0.0	0.00099	0.00099	1.00129	0.04357	0.53765	0.02132	0.0	0.27025	0.0	0.15162	0.26128	0.44202	0.00099	0.02789	0.02789	0.00099	0.00099	0.02132	0.00099	0.00099	0.00099	0.01061	0.00099	0.04317	
0.00014	0.00021	0.0	0.0	0.00027	7e-05	7e-05	6e-05	0.00027	0.00013	0.0	0.00018	7e-05	0.00099	0.0	6e-05	8e-05	6e-05	0.00024	0.0	0.0	0.00018	0.00018	2e-05	0.0	0.00027	0.0002	0.00014	0.00041	0.0	0.0	0.0	0.0	0.00099	0.0	0.0	0.00032	7e-05	6e-05	0.00018	0.00054	9e-05	0.00011	0.0	0.00018	0.0005	0.0	0.00017	0.0	0.00018	0.00018	0.00036	6e-05	0.0	0.0	0.0	0.00099	0.0	0.0	0.00099	0.00012	0.00049	0.00018	0.0	0.00013	0.0	4e-05	0.00013	0.0004	0.0	6e-05	6e-05	0.0	0.0	0.00018	0.0	0.0	0.0	0.00034	0.0	6e-05	
0.00014	0.00021	0.0	0.0	0.00027	7e-05	7e-05	6e-05	0.00027	0.00013	0.0	0.00018	7e-05	0.00099	0.0	6e-05	8e-05	6e-05	0.00024	0.0	0.0	0.00018	0.00018	2e-05	0.0	0.00027	0.0002	0.00014	0.00041	0.0	0.0	0.0	0.0	0.00099	0.0	0.0	0.00032	7e-05	6e-05	0.00018	0.00054	9e-05	0.00011	0.0	0.00018	0.0005	0.0	0.00017	0.0	0.00018	0.00018	0.00036	6e-05	0.0	0.0	0.0	0.00099	0.0	0.0	0.00099	0.00012	0.00049	0.00018	0.0	0.00013	0.0	4e-05	0.00013	0.0004	0.0	6e-05	6e-05	0.0	0.0	0.00018	0.0	0.0	0.0	0.00034	0.0	6e-05	
0.02896	0.01731	0.0	0.00099	0.01335	0.02541	0.02765	0.04681	0.23221	0.03342	0.00099	0.02042	0.02522	1.00129	0.00099	0.03742	0.02441	0.06053	0.24615	0.0	0.0	0.02074	0.02132	0.03869	0.00099	0.01335	0.40214	0.0278	0.45053	0.00099	0.00099	0.00099	0.00099	1.00129	0.00099	0.00099	0.26679	0.02506	0.02789	0.02132	0.58848	0.10279	0.05279	0.00099	0.02132	0.54732	0.00099	0.02209	0.00099	0.02042	0.02042	0.30132	0.02876	0.00099	0.00099	0.00099	1.00129	0.00099	0.00099	0.0	0.04357	0.53765	0.02132	0.0	0.27025	0.0	0.15162	0.26128	0.44202	0.00099	0.02789	0.02789	0.00099	0.00099	0.02132	0.00099	0.00099	0.00099	0.01061	0.00099	0.04317	
0.05379	0.0297	0.0	0.00012	0.11327	0.04826	0.05326	0.04144	0.00321	0.06338	0.00012	0.03595	0.13554	0.04357	0.00012	0.03069	0.08699	0.06582	0.1105	0.0	0.0	0.03661	0.0378	0.08089	0.00012	0.11327	0.04055	0.00089	0.03505	0.00012	0.00012	0.00012	0.00012	0.04357	0.00012	0.00012	0.00199	0.08771	0.0538	0.0378	0.13551	0.02377	0.10671	0.00012	0.0378	0.06447	0.00012	0.03939	0.00012	0.03595	0.03595	0.07757	0.13496	0.00012	0.00012	0.00012	0.04357	0.00012	0.00012	0.04357	0.0	0.06596	0.0378	0.0	0.00281	0.00475	0.04331	0.07037	0.09224	0.00012	0.0538	0.0538	0.00012	0.00012	0.0378	0.00012	0.00012	0.00012	0.0839	0.00012	0.08901	
0.04129	0.02264	0.0	0.00049	0.01668	0.0375	0.04147	0.07677	0.18814	0.04872	0.00049	0.02746	0.03718	0.53765	0.00049	0.05883	0.40152	0.103	0.20053	0.0	0.0	0.02797	0.48429	0.2877	0.00049	0.01668	0.20332	0.29115	0.35619	0.00049	0.00049	0.00049	0.00049	0.53765	0.00049	0.00049	0.20646	0.03657	0.04189	0.48429	0.40558	0.18563	0.14978	0.00049	0.48429	0.39038	0.00049	0.03012	0.00049	0.02746	0.02746	0.2247	0.04341	0.00049	0.00049	0.00049	0.53765	0.00049	0.00049	0.53765	0.06596	0.0	0.48429	0.0	0.18236	0.332	0.14756	0.18107	0.35366	0.00049	0.04189	0.04189	0.00049	0.00049	0.48429	0.00049	0.00049	0.00049	0.01275	0.00049	0.06954	
0.02522	0.01507	0.0	0.00018	0.01156	0.02201	0.02393	0.04022	0.04081	0.02908	0.00018	0.01779	0.02185	0.02132	0.00018	0.03229	0.6716	0.0518	0.03548	0.0	0.0	0.01807	0.99959	0.3471	0.00018	0.01156	0.01963	0.47677	0.03703	0.00018	0.00018	0.00018	0.00018	0.02132	0.00018	0.00018	0.03737	0.02173	0.02414	0.99959	0.02645	0.08731	0.16549	0.00018	0.99959	0.02835	0.00018	0.01926	0.00018	0.01779	0.01779	0.03475	0.02488	0.00018	0.00018	0.00018	0.02132	0.00018	0.00018	0.02132	0.0378	0.48429	0.0	0.0	0.03028	0.00274	0.04023	0.03162	0.0384	0.00018	0.02414	0.02414	0.00018	0.00018	0.99959	0.00018	0.00018	0.00018	0.00911	0.00018	0.03717	
0.0	0.0	0.0	0.0	0.0	0.0	0.0	0.0	0.0	0.0	0.0	0.0	0.0	0.0	0.0	0.0	0.0	0.0	0.0	0.0	0.0	0.0	0.0	0.0	0.0	0.0	0.0	0.0	0.0	0.0	0.0	0.0	0.0	0.0	0.0	0.0	0.0	0.0	0.0	0.0	0.0	0.0	0.0	0.0	0.0	0.0	0.0	0.0	0.0	0.0	0.0	0.0	0.0	0.0	0.0	0.0	0.0	0.0	0.0	0.0	0.0	0.0	0.0	0.0	0.0	0.0	0.0	0.0	0.0	0.0	0.0	0.0	0.0	0.0	0.0	0.0	0.0	0.0	0.0	0.0	0.0	
0.04239	0.02412	0.0	0.00013	0.01813	0.03714	0.0408	0.07436	0.21693	0.04967	0.00013	0.02888	0.03684	0.27025	0.00013	0.11488	0.03548	0.11434	0.06873	0.0	0.0	0.46354	0.03028	0.06031	0.00013	0.01813	0.02318	0.01471	0.17863	0.00013	0.00013	0.00013	0.00013	0.27025	0.00013	0.00013	0.06874	0.03651	0.31331	0.03028	0.18904	0.02812	0.08348	0.00013	0.03028	0.18348	0.00013	0.03149	0.00013	0.02888	0.02888	0.07105	0.04261	0.00013	0.00013	0.00013	0.27025	0.00013	0.00013	0.27025	0.00281	0.18236	0.03028	0.0	0.0	0.00013	0.27075	0.18931	0.25618	0.00013	0.31331	0.31331	0.00013	0.00013	0.03028	0.00013	0.00013	0.00013	0.01407	0.00013	0.2614	
0.00333	0.00248	0.0	0.0	0.00226	0.00259	0.00277	0.00462	0.05236	0.00373	0.0	0.00268	0.00258	0.0	0.0	0.00366	0.00257	0.00635	0.05885	0.0	0.0	0.0027	0.00274	0.00358	0.0	0.00226	0.0002	0.00324	0.23423	0.0	0.0	0.0	0.0	0.0	0.0	0.0	0.06819	0.00262	0.00279	0.00274	0.40808	0.01354	0.00581	0.0	0.00274	0.34516	0.0	0.0028	0.0	0.00268	0.00268	0.08691	0.00286	0.0	0.0	0.0	0.0	0.0	0.0	0.0	0.00475	0.332	0.00274	0.0	0.00013	0.0	4e-05	0.00013	0.22631	0.0	0.00279	0.00279	0.0	0.0	0.00274	0.0	0.0	0.0	0.00214	0.0	0.00424	
0.06716	0.03109	0.0	4e-05	0.02255	0.17122	0.05951	0.16044	0.27703	0.0705	4e-05	0.03812	0.16768	0.15162	4e-05	0.33173	0.05024	0.30773	0.07615	0.0	0.0	0.4465	0.04023	0.09703	4e-05	0.02255	0.03045	0.05598	0.1484	4e-05	4e-05	4e-05	4e-05	0.15162	4e-05	4e-05	0.10516	0.05191	0.56943	0.04023	0.32045	0.15172	0.12641	4e-05	0.04023	0.14659	4e-05	0.04205	4e-05	0.03812	0.03812	0.07011	0.16801	4e-05	4e-05	4e-05	0.15162	4e-05	4e-05	0.15162	0.04331	0.14756	0.04023	0.0	0.27075	4e-05	0.0	0.25581	0.31291	4e-05	0.3547	0.56943	4e-05	4e-05	0.04023	4e-05	4e-05	4e-05	0.017	4e-05	0.33746	
0.04439	0.02514	0.0	0.00013	0.01885	0.03897	0.04285	0.07856	0.19732	0.0521	0.00013	0.03014	0.03865	0.26128	0.00013	0.10499	0.03719	0.138	0.07007	0.0	0.0	0.42358	0.03162	0.0637	0.00013	0.01885	0.02422	0.04242	0.1793	0.00013	0.00013	0.00013	0.00013	0.26128	0.00013	0.00013	0.06531	0.03829	0.29278	0.03162	0.18685	0.02796	0.08794	0.00013	0.03162	0.18202	0.00013	0.03289	0.00013	0.03014	0.03014	0.07179	0.04476	0.00013	0.00013	0.00013	0.26128	0.00013	0.00013	0.26128	0.07037	0.18107	0.03162	0.0	0.18931	0.00013	0.25581	0.0	0.23868	0.00013	0.29278	0.29278	0.00013	0.00013	0.03162	0.00013	0.00013	0.00013	0.01459	0.00013	0.24868	
0.05601	0.0297	0.0	0.0004	0.02157	0.05137	0.16974	0.11143	0.22473	0.06676	0.0004	0.18799	0.05089	0.44202	0.0004	0.07856	0.0483	0.1611	0.19755	0.0	0.0	0.19275	0.0384	0.16435	0.0004	0.02157	0.17889	0.05327	0.34387	0.0004	0.0004	0.0004	0.0004	0.44202	0.0004	0.0004	0.19926	0.04988	0.1734	0.0384	0.36317	0.17209	0.04303	0.0004	0.0384	0.55362	0.0004	0.04012	0.0004	0.18799	0.18799	0.21182	0.06005	0.0004	0.0004	0.0004	0.44202	0.0004	0.0004	0.44202	0.09224	0.35366	0.0384	0.0	0.25618	0.22631	0.31291	0.23868	0.0	0.0004	0.1734	0.1734	0.0004	0.0004	0.0384	0.0004	0.0004	0.0004	0.01629	0.0004	0.29319	
0.00014	0.00021	0.0	0.0	0.00027	7e-05	7e-05	6e-05	0.00027	0.00013	0.0	0.00018	7e-05	0.00099	0.0	6e-05	8e-05	6e-05	0.00024	0.0	0.0	0.00018	0.00018	2e-05	0.0	0.00027	0.0002	0.00014	0.00041	0.0	0.0	0.0	0.0	0.00099	0.0	0.0	0.00032	7e-05	6e-05	0.00018	0.00054	9e-05	0.00011	0.0	0.00018	0.0005	0.0	0.00017	0.0	0.00018	0.00018	0.00036	6e-05	0.0	0.0	0.0	0.00099	0.0	0.0	0.00099	0.00012	0.00049	0.00018	0.0	0.00013	0.0	4e-05	0.00013	0.0004	0.0	6e-05	6e-05	0.0	0.0	0.00018	0.0	0.0	0.0	0.00034	0.0	6e-05	
0.20641	0.464	0.0	6e-05	0.01404	0.33407	0.32117	0.15959	0.15948	0.1757	6e-05	0.02297	0.3353	0.02789	6e-05	0.19742	0.02923	0.18345	0.05193	0.0	0.0	0.55038	0.02414	0.05093	6e-05	0.01404	0.46906	0.03265	0.05553	6e-05	6e-05	6e-05	6e-05	0.02789	6e-05	6e-05	0.05303	0.0301	0.39187	0.02414	0.03775	0.10664	0.0663	6e-05	0.02414	0.04097	6e-05	0.02514	6e-05	0.02297	0.02297	0.04888	0.03546	6e-05	6e-05	6e-05	0.02789	6e-05	6e-05	0.02789	0.0538	0.04189	0.02414	0.0	0.31331	0.00279	0.3547	0.29278	0.1734	6e-05	0.0	0.39187	6e-05	6e-05	0.02414	6e-05	6e-05	6e-05	0.01073	6e-05	0.32899	
