0.0	0.00131	0.00066	0.00172	0.0018	0.00404	0.00042	0.17477	0.0	0.0	0.0	0.0	0.0	0.0	0.0	0.0	0.0009	0.00022	0.00242	0.00071	0.00098	0.00568	0.00327	0.00365	0.00379	0.00222	0.00599	0.0	0.0	0.00495	0.00178	0.00599	0.00576	0.0	0.00635	0.00614	0.0	0.00297	0.0	0.00553	0.00268	0.0	0.0	0.00222	0.00321	0.0	0.00042	0.00042	0.00287	0.00869	0.06447	0.01372	0.00212	0.00277	0.00062	0.00024	0.00012	0.00015	0.00027	6e-05	0.0	0.00015	0.00016	0.00023	0.00025	0.00093	0.00023	0.0003	0.00179	0.0	0.00016	0.0	0.0	0.0	0.0	0.0	0.0	0.0	0.0	0.0	0.00564	0.00716	0.00664	0.005	0.00804	0.0	0.0	0.00219	0.00326	0.00041	0.06167	0.00282	0.00242	0.0	0.00075	0.11335	0.0	0.00385	0.00576	0.0	0.00016	0.0	0.22788	0.00787	0.00282	0.00279	0.00482	0.0	0.00435	0.00052	0.00361	0.00998	0.00379	0.00025	0.014	0.0	0.00088	0.00041	0.0207	0.16161	0.06727	0.00689	0.00405	0.0061	0.00407	0.00339	
0.00131	0.0	0.08651	0.12437	0.2509	0.11957	0.13079	0.18754	0.0	0.0	0.0	0.0	0.0	0.0	0.0	0.0	0.04891	0.03104	0.01474	0.14766	0.15197	0.08251	0.02487	0.12424	0.04183	0.14376	0.07073	0.00131	0.00131	0.01129	0.03849	0.02779	0.01889	0.00131	0.04085	0.25105	0.00131	0.1201	0.0	0.02577	0.01369	0.00131	0.00131	0.14376	0.05816	0.00131	0.11304	0.11304	0.13397	0.0346	0.14916	0.25196	0.11727	0.0739	0.24493	0.27214	0.26274	0.18124	0.15247	0.24696	0.0	0.19142	0.15916	0.15082	0.14842	0.24409	0.23337	0.1868	0.05443	0.0	0.05292	0.0	0.0	0.0	0.0	0.0	0.0	0.0	0.0	0.0	0.20682	0.09992	0.05475	0.08122	0.21374	0.0	0.0	0.11487	0.04543	0.0212	0.07916	0.01642	0.01474	0.00131	0.11033	0.08519	0.00131	0.14577	0.01889	0.00131	0.02821	0.00131	0.05416	0.03978	0.01642	0.02585	0.04909	0.00131	0.14039	0.03208	0.03546	0.23494	0.03392	0.0349	0.14187	0.00281	0.11041	0.0212	0.04543	0.36321	0.12407	0.13907	0.06728	0.06079	0.11397	0.06016	
0.00066	0.08651	0.0	0.06993	0.08995	0.14305	0.04925	0.06202	0.0	0.0	0.0	0.0	0.0	0.0	0.0	0.0	0.03669	0.04504	0.02002	0.06228	0.09503	0.08785	0.17414	0.10488	0.08783	0.02647	0.1678	0.00066	0.00066	0.06145	0.16477	0.08221	0.02576	0.00066	0.0256	0.02307	0.00066	0.0828	0.0	0.07354	0.01845	0.00066	0.00066	0.02647	0.09325	0.00066	0.02136	0.02136	0.04636	0.0436	0.12379	0.04367	0.05987	0.07158	0.4235	0.17321	0.222	0.06045	0.18163	0.20901	0.0	0.39026	0.67365	0.2371	0.05467	0.25914	0.1607	0.38649	0.08533	0.0	0.05032	0.0	0.0	0.0	0.0	0.0	0.0	0.0	0.0	0.0	0.08868	0.07489	0.17911	0.14538	0.11311	0.0	0.0	0.10367	0.02362	0.02993	0.11775	0.083	0.02002	0.00066	0.05926	0.05152	0.00066	0.0691	0.02576	0.00066	0.01058	0.00066	0.12102	0.03966	0.083	0.08913	0.05129	0.00066	0.19412	0.20268	0.07898	0.05363	0.22044	0.14621	0.07996	0.01424	0.05358	0.02993	0.15993	0.05436	0.04457	0.10645	0.13115	0.07201	0.05455	0.09377	
0.00172	0.12437	0.06993	0.0	0.11269	0.16095	0.08006	0.06033	0.0	0.0	0.0	0.0	0.0	0.0	0.0	0.0	0.02507	0.08244	0.05534	0.14925	0.08485	0.10684	0.04322	0.06058	0.19685	0.03246	0.17552	0.00172	0.00172	0.01793	0.11021	0.08165	0.03125	0.00172	0.04734	0.0279	0.00172	0.08413	0.0	0.04478	0.05849	0.00172	0.00172	0.03246	0.10081	0.00172	0.07017	0.07017	0.21348	0.06045	0.14381	0.09287	0.09171	0.1276	0.27163	0.28691	0.67533	0.21326	0.18088	0.55159	0.0	0.57333	0.32272	0.39103	0.19049	0.22989	0.12753	0.39017	0.06376	0.0	0.11207	0.0	0.0	0.0	0.0	0.0	0.0	0.0	0.0	0.0	0.11695	0.11494	0.21031	0.05772	0.27058	0.0	0.0	0.06558	0.07627	0.08841	0.08296	0.09556	0.05534	0.00172	0.03672	0.0636	0.00172	0.06076	0.03125	0.00172	0.03123	0.00172	0.0511	0.07833	0.09556	0.11132	0.13313	0.00172	0.08195	0.03251	0.07495	0.08553	0.09229	0.03848	0.06639	9e-05	0.1625	0.08841	0.11925	0.08504	0.05353	0.17621	0.11562	0.08282	0.17905	0.11479	
0.0018	0.2509	0.08995	0.11269	0.0	0.27775	0.12125	0.07835	0.0	0.0	0.0	0.0	0.0	0.0	0.0	0.0	0.00795	0.02379	0.03637	0.13048	0.18906	0.11631	0.05582	0.04388	0.07281	0.04879	0.20433	0.0018	0.0018	0.05183	0.09252	0.10427	0.04	0.0018	0.01531	0.03561	0.0018	0.20865	0.0	0.08082	0.02874	0.0018	0.0018	0.04879	0.05136	0.0018	0.03929	0.03929	0.10276	0.09267	0.18314	0.188	0.16571	0.10142	0.39601	0.25511	0.14146	0.20753	0.61696	0.21794	0.0	0.20316	0.35959	0.32379	0.28949	0.20332	0.37332	0.23397	0.12728	0.0	0.07912	0.0	0.0	0.0	0.0	0.0	0.0	0.0	0.0	0.0	0.1633	0.15186	0.13017	0.22352	0.15584	0.0	0.0	0.02836	0.02927	0.05609	0.08275	0.03512	0.03637	0.0018	0.14783	0.0652	0.0018	0.0368	0.04	0.0018	0.14722	0.0018	0.05891	0.2576	0.03512	0.0595	0.12495	0.0018	0.09841	0.02047	0.05464	0.13998	0.11312	0.05622	0.27185	0.0054	0.1102	0.05609	0.10513	0.21124	0.10058	0.14172	0.08262	0.04364	0.10942	0.10332	
0.00404	0.11957	0.14305	0.16095	0.27775	0.0	0.02315	0.08767	0.0	0.0	0.0	0.0	0.0	0.0	0.0	0.0	0.01259	0.04481	0.02215	0.08797	0.10068	0.1144	0.03599	0.05292	0.08559	0.02742	0.06681	0.00498	0.00498	0.05025	0.05623	0.07914	0.0266	0.00498	0.0306	0.0926	0.00498	0.1405	0.0	0.06293	0.02074	0.00498	0.00498	0.02742	0.06534	0.00498	0.02303	0.02303	0.1894	0.0615	0.11176	0.04868	0.08172	0.06604	0.32924	0.43919	0.44879	0.54161	0.48516	0.53856	0.0	0.51478	0.68173	1.84099	0.52993	0.41952	0.34601	0.29067	0.08148	0.0	0.09363	0.0	0.0	0.0	0.0	0.0	0.0	0.0	0.0	0.0	0.08404	0.0995	0.2573	0.10858	0.08685	0.0	0.0	0.31248	0.05104	0.03074	0.11053	0.19003	0.02215	0.00498	0.11436	0.04528	0.00498	0.06595	0.0266	0.00498	0.10736	0.00498	0.08499	0.19655	0.19003	0.03773	0.06703	0.00498	0.11643	0.06	0.07239	0.09876	0.086	0.02816	0.17519	0.01017	0.05215	0.03074	0.15341	0.05609	0.10577	0.09694	0.09271	0.06437	0.08608	0.10556	
0.00042	0.13079	0.04925	0.08006	0.12125	0.02315	0.0	0.01935	0.0	0.0	0.0	0.0	0.0	0.0	0.0	0.0	0.0294	0.02046	0.22854	0.12862	0.02532	0.05577	0.01851	0.02791	0.02222	0.01299	0.04409	0.0001	0.0001	0.00818	0.02436	0.01819	0.01336	0.0001	0.02852	0.01226	0.0001	0.02092	0.0	0.01702	0.01068	0.0001	0.0001	0.01299	0.03028	0.0001	0.01069	0.01069	0.02451	0.02312	0.04387	0.06798	0.18962	0.04026	0.09985	0.04768	0.081	0.14242	1.00782	0.07176	0.0	0.1264	0.06781	0.03762	1.00174	0.04926	0.11923	0.0969	0.02906	0.0	0.04252	0.0	0.0	0.0	0.0	0.0	0.0	0.0	0.0	0.0	0.14797	0.07385	0.03145	0.02872	0.03565	0.0	0.0	0.02714	0.02778	0.01425	0.06566	0.01268	0.22854	0.0001	0.02857	0.06592	0.0001	0.02862	0.01336	0.0001	0.02866	0.0001	0.01855	0.00786	0.01268	0.01842	0.02861	0.0001	0.06853	0.0205	0.02239	0.0264	0.02245	0.02269	0.04037	0.00065	0.02408	0.01425	0.02743	0.33135	0.01181	0.05514	0.05197	0.03369	0.05021	0.03645	
0.17477	0.18754	0.06202	0.06033	0.07835	0.08767	0.01935	0.0	0.0	0.0	0.0	0.0	0.0	0.0	0.0	0.0	0.02606	0.01856	0.01117	0.03287	0.09689	0.07256	0.01713	0.02519	0.02022	0.54142	0.08369	0.00248	0.00248	0.00859	0.02198	0.01677	0.01277	0.00248	0.17658	0.01189	0.00248	0.0388	0.0	0.01578	0.01064	0.00248	0.00248	0.54142	0.02979	0.00248	0.01049	0.01049	0.02203	0.02099	0.21181	0.16088	0.18205	0.22502	0.19468	0.11674	0.14148	0.14298	0.23868	0.10399	0.0	0.14172	0.15457	0.22098	0.29496	0.4744	0.23012	0.11666	0.03301	0.0	0.03747	0.0	0.0	0.0	0.0	0.0	0.0	0.0	0.0	0.0	0.02982	0.06897	0.02822	0.0803	0.07468	0.0	0.0	0.02417	0.02474	0.01337	0.13002	0.01228	0.01117	0.00248	0.02733	0.06095	0.00248	0.16733	0.01277	0.00248	0.03973	0.00248	0.34567	0.12125	0.01228	0.01703	0.02558	0.00248	0.0597	0.01855	0.02038	0.05592	0.02042	0.02044	0.04743	0.00486	0.02341	0.01337	0.33499	0.23458	0.33402	0.16035	0.08322	0.09277	0.14628	0.05826	
0.0	0.0	0.0	0.0	0.0	0.0	0.0	0.0	0.0	0.0	0.0	0.0	0.0	0.0	0.0	0.0	0.0	0.0	0.0	0.0	0.0	0.0	0.0	0.0	0.0	0.0	0.0	0.0	0.0	0.0	0.0	0.0	0.0	0.0	0.0	0.0	0.0	0.0	0.0	0.0	0.0	0.0	0.0	0.0	0.0	0.0	0.0	0.0	0.0	0.0	0.0	0.0	0.0	0.0	0.0	0.0	0.0	0.0	0.0	0.0	0.0	0.0	0.0	0.0	0.0	0.0	0.0	0.0	0.0	0.0	0.0	0.0	0.0	0.0	0.0	0.0	0.0	0.0	0.0	0.0	0.0	0.0	0.0	0.0	0.0	0.0	0.0	0.0	0.0	0.0	0.0	0.0	0.0	0.0	0.0	0.0	0.0	0.0	0.0	0.0	0.0	0.0	0.0	0.0	0.0	0.0	0.0	0.0	0.0	0.0	0.0	0.0	0.0	0.0	0.0	0.0	0.0	0.0	0.0	0.0	0.0	0.0	0.0	0.0	0.0	0.0	
0.0	0.0	0.0	0.0	0.0	0.0	0.0	0.0	0.0	0.0	0.0	0.0	0.0	0.0	0.0	0.0	0.0	0.0	0.0	0.0	0.0	0.0	0.0	0.0	0.0	0.0	0.0	0.0	0.0	0.0	0.0	0.0	0.0	0.0	0.0	0.0	0.0	0.0	0.0	0.0	0.0	0.0	0.0	0.0	0.0	0.0	0.0	0.0	0.0	0.0	0.0	0.0	0.0	0.0	0.0	0.0	0.0	0.0	0.0	0.0	0.0	0.0	0.0	0.0	0.0	0.0	0.0	0.0	0.0	0.0	0.0	0.0	0.0	0.0	0.0	0.0	0.0	0.0	0.0	0.0	0.0	0.0	0.0	0.0	0.0	0.0	0.0	0.0	0.0	0.0	0.0	0.0	0.0	0.0	0.0	0.0	0.0	0.0	0.0	0.0	0.0	0.0	0.0	0.0	0.0	0.0	0.0	0.0	0.0	0.0	0.0	0.0	0.0	0.0	0.0	0.0	0.0	0.0	0.0	0.0	0.0	0.0	0.0	0.0	0.0	0.0	
0.0	0.0	0.0	0.0	0.0	0.0	0.0	0.0	0.0	0.0	0.0	0.0	0.0	0.0	0.0	0.0	0.0	0.0	0.0	0.0	0.0	0.0	0.0	0.0	0.0	0.0	0.0	0.0	0.0	0.0	0.0	0.0	0.0	0.0	0.0	0.0	0.0	0.0	0.0	0.0	0.0	0.0	0.0	0.0	0.0	0.0	0.0	0.0	0.0	0.0	0.0	0.0	0.0	0.0	0.0	0.0	0.0	0.0	0.0	0.0	0.0	0.0	0.0	0.0	0.0	0.0	0.0	0.0	0.0	0.0	0.0	0.0	0.0	0.0	0.0	0.0	0.0	0.0	0.0	0.0	0.0	0.0	0.0	0.0	0.0	0.0	0.0	0.0	0.0	0.0	0.0	0.0	0.0	0.0	0.0	0.0	0.0	0.0	0.0	0.0	0.0	0.0	0.0	0.0	0.0	0.0	0.0	0.0	0.0	0.0	0.0	0.0	0.0	0.0	0.0	0.0	0.0	0.0	0.0	0.0	0.0	0.0	0.0	0.0	0.0	0.0	
0.0	0.0	0.0	0.0	0.0	0.0	0.0	0.0	0.0	0.0	0.0	0.0	0.0	0.0	0.0	0.0	0.0	0.0	0.0	0.0	0.0	0.0	0.0	0.0	0.0	0.0	0.0	0.0	0.0	0.0	0.0	0.0	0.0	0.0	0.0	0.0	0.0	0.0	0.0	0.0	0.0	0.0	0.0	0.0	0.0	0.0	0.0	0.0	0.0	0.0	0.0	0.0	0.0	0.0	0.0	0.0	0.0	0.0	0.0	0.0	0.0	0.0	0.0	0.0	0.0	0.0	0.0	0.0	0.0	0.0	0.0	0.0	0.0	0.0	0.0	0.0	0.0	0.0	0.0	0.0	0.0	0.0	0.0	0.0	0.0	0.0	0.0	0.0	0.0	0.0	0.0	0.0	0.0	0.0	0.0	0.0	0.0	0.0	0.0	0.0	0.0	0.0	0.0	0.0	0.0	0.0	0.0	0.0	0.0	0.0	0.0	0.0	0.0	0.0	0.0	0.0	0.0	0.0	0.0	0.0	0.0	0.0	0.0	0.0	0.0	0.0	
0.0	0.0	0.0	0.0	0.0	0.0	0.0	0.0	0.0	0.0	0.0	0.0	0.0	0.0	0.0	0.0	0.0	0.0	0.0	0.0	0.0	0.0	0.0	0.0	0.0	0.0	0.0	0.0	0.0	0.0	0.0	0.0	0.0	0.0	0.0	0.0	0.0	0.0	0.0	0.0	0.0	0.0	0.0	0.0	0.0	0.0	0.0	0.0	0.0	0.0	0.0	0.0	0.0	0.0	0.0	0.0	0.0	0.0	0.0	0.0	0.0	0.0	0.0	0.0	0.0	0.0	0.0	0.0	0.0	0.0	0.0	0.0	0.0	0.0	0.0	0.0	0.0	0.0	0.0	0.0	0.0	0.0	0.0	0.0	0.0	0.0	0.0	0.0	0.0	0.0	0.0	0.0	0.0	0.0	0.0	0.0	0.0	0.0	0.0	0.0	0.0	0.0	0.0	0.0	0.0	0.0	0.0	0.0	0.0	0.0	0.0	0.0	0.0	0.0	0.0	0.0	0.0	0.0	0.0	0.0	0.0	0.0	0.0	0.0	0.0	0.0	
0.0	0.0	0.0	0.0	0.0	0.0	0.0	0.0	0.0	0.0	0.0	0.0	0.0	0.0	0.0	0.0	0.0	0.0	0.0	0.0	0.0	0.0	0.0	0.0	0.0	0.0	0.0	0.0	0.0	0.0	0.0	0.0	0.0	0.0	0.0	0.0	0.0	0.0	0.0	0.0	0.0	0.0	0.0	0.0	0.0	0.0	0.0	0.0	0.0	0.0	0.0	0.0	0.0	0.0	0.0	0.0	0.0	0.0	0.0	0.0	0.0	0.0	0.0	0.0	0.0	0.0	0.0	0.0	0.0	0.0	0.0	0.0	0.0	0.0	0.0	0.0	0.0	0.0	0.0	0.0	0.0	0.0	0.0	0.0	0.0	0.0	0.0	0.0	0.0	0.0	0.0	0.0	0.0	0.0	0.0	0.0	0.0	0.0	0.0	0.0	0.0	0.0	0.0	0.0	0.0	0.0	0.0	0.0	0.0	0.0	0.0	0.0	0.0	0.0	0.0	0.0	0.0	0.0	0.0	0.0	0.0	0.0	0.0	0.0	0.0	0.0	
0.0	0.0	0.0	0.0	0.0	0.0	0.0	0.0	0.0	0.0	0.0	0.0	0.0	0.0	0.0	0.0	0.0	0.0	0.0	0.0	0.0	0.0	0.0	0.0	0.0	0.0	0.0	0.0	0.0	0.0	0.0	0.0	0.0	0.0	0.0	0.0	0.0	0.0	0.0	0.0	0.0	0.0	0.0	0.0	0.0	0.0	0.0	0.0	0.0	0.0	0.0	0.0	0.0	0.0	0.0	0.0	0.0	0.0	0.0	0.0	0.0	0.0	0.0	0.0	0.0	0.0	0.0	0.0	0.0	0.0	0.0	0.0	0.0	0.0	0.0	0.0	0.0	0.0	0.0	0.0	0.0	0.0	0.0	0.0	0.0	0.0	0.0	0.0	0.0	0.0	0.0	0.0	0.0	0.0	0.0	0.0	0.0	0.0	0.0	0.0	0.0	0.0	0.0	0.0	0.0	0.0	0.0	0.0	0.0	0.0	0.0	0.0	0.0	0.0	0.0	0.0	0.0	0.0	0.0	0.0	0.0	0.0	0.0	0.0	0.0	0.0	
0.0	0.0	0.0	0.0	0.0	0.0	0.0	0.0	0.0	0.0	0.0	0.0	0.0	0.0	0.0	0.0	0.0	0.0	0.0	0.0	0.0	0.0	0.0	0.0	0.0	0.0	0.0	0.0	0.0	0.0	0.0	0.0	0.0	0.0	0.0	0.0	0.0	0.0	0.0	0.0	0.0	0.0	0.0	0.0	0.0	0.0	0.0	0.0	0.0	0.0	0.0	0.0	0.0	0.0	0.0	0.0	0.0	0.0	0.0	0.0	0.0	0.0	0.0	0.0	0.0	0.0	0.0	0.0	0.0	0.0	0.0	0.0	0.0	0.0	0.0	0.0	0.0	0.0	0.0	0.0	0.0	0.0	0.0	0.0	0.0	0.0	0.0	0.0	0.0	0.0	0.0	0.0	0.0	0.0	0.0	0.0	0.0	0.0	0.0	0.0	0.0	0.0	0.0	0.0	0.0	0.0	0.0	0.0	0.0	0.0	0.0	0.0	0.0	0.0	0.0	0.0	0.0	0.0	0.0	0.0	0.0	0.0	0.0	0.0	0.0	0.0	
0.0009	0.04891	0.03669	0.02507	0.00795	0.01259	0.0294	0.02606	0.0	0.0	0.0	0.0	0.0	0.0	0.0	0.0	0.0	0.38406	0.01409	0.15314	0.03402	0.21731	0.02348	0.04359	0.03856	0.01599	0.01386	0.00023	0.00023	0.09931	0.17072	0.02214	0.01577	0.00023	0.03567	0.01433	0.00023	0.02645	0.0	0.08446	0.13083	0.00023	0.00023	0.01599	0.05009	0.00023	0.01337	0.01337	0.03187	0.02779	0.04174	0.02838	0.05265	0.13239	0.1408	0.19474	0.02927	0.08991	0.03598	0.417	0.0	0.09979	0.06541	0.03862	0.06615	0.1241	0.17441	0.05185	0.05063	0.0	0.04887	0.0	0.0	0.0	0.0	0.0	0.0	0.0	0.0	0.0	0.03439	0.00819	0.04064	0.01367	0.02805	0.0	0.0	0.03509	0.03562	0.22706	0.05018	0.01577	0.01409	0.00023	0.04094	0.02141	0.00023	0.03658	0.01577	0.00023	0.01085	0.00023	0.02278	0.07268	0.01577	0.10966	0.0599	0.00023	0.05602	0.02653	0.08544	0.11559	0.02894	0.02977	0.01888	0.0003	0.17905	0.22706	0.03438	0.02415	0.01134	0.01874	0.01555	0.03409	0.06805	0.03225	
0.00022	0.03104	0.04504	0.08244	0.02379	0.04481	0.02046	0.01856	0.0	0.0	0.0	0.0	0.0	0.0	0.0	0.0	0.38406	0.0	0.01258	0.21811	0.05271	0.10675	0.01925	0.09551	0.06901	0.01277	0.03949	0.00239	0.00239	0.00879	0.27455	0.01664	0.01296	0.00239	0.02527	0.01207	0.00239	0.06736	0.0	0.01572	0.2361	0.00239	0.00239	0.01277	0.09437	0.00239	0.01112	0.01112	0.02221	0.02085	0.02807	0.02422	0.03465	0.17322	0.17173	0.22761	0.07523	0.0852	0.02997	0.41205	0.0	0.09506	0.06058	0.03283	0.13224	0.15584	0.20949	0.07699	0.03352	0.0	0.07167	0.0	0.0	0.0	0.0	0.0	0.0	0.0	0.0	0.0	0.07801	0.02434	0.02777	0.01075	0.01917	0.0	0.0	0.02449	0.02487	0.44081	0.03279	0.01386	0.01258	0.00239	0.02933	0.01918	0.00239	0.02551	0.01296	0.00239	0.04577	0.00239	0.01785	0.03157	0.01386	0.1689	0.11664	0.00239	0.01675	0.01933	0.02199	0.17008	0.02173	0.0219	0.04482	0.00063	0.3028	0.44081	0.02411	0.01748	0.00913	0.08067	0.05812	0.05902	0.04229	0.03862	
0.00242	0.01474	0.02002	0.05534	0.03637	0.02215	0.22854	0.01117	0.0	0.0	0.0	0.0	0.0	0.0	0.0	0.0	0.01409	0.01258	0.0	0.09771	0.01917	0.04763	0.01506	0.01483	0.0142	0.00906	0.01973	0.00648	0.00648	0.00828	0.01447	0.01067	0.00985	0.00648	0.01427	0.00965	0.00648	0.02118	0.0	0.01028	0.01126	0.00648	0.00648	0.00906	0.0163	0.00648	0.00854	0.00854	0.01217	0.0134	0.01468	0.01336	0.21871	0.01672	0.10902	0.05657	0.10487	0.20378	1.1516	0.11843	0.0	0.18656	0.12797	0.10907	1.0699	0.05844	0.12971	0.1048	0.10225	0.0	0.01961	0.0	0.0	0.0	0.0	0.0	0.0	0.0	0.0	0.0	0.01482	0.0722	0.01515	0.03356	0.02977	0.0	0.0	0.01319	0.01345	0.00955	0.01606	0.01222	1.01212	0.00648	0.01739	0.01162	0.00648	0.01379	0.00985	0.00648	0.06847	0.00648	0.01271	0.01637	0.01222	0.01406	0.01319	0.00648	0.02588	0.01138	0.01488	0.02396	0.01432	0.01347	0.02288	0.00351	0.00998	0.00955	0.01443	0.01131	0.02086	0.02043	0.06769	0.06623	0.01887	0.01595	
0.00071	0.14766	0.06228	0.14925	0.13048	0.08797	0.12862	0.03287	0.0	0.0	0.0	0.0	0.0	0.0	0.0	0.0	0.15314	0.21811	0.09771	0.0	0.0844	0.15407	0.03008	0.26986	0.03438	0.01902	0.07212	0.00036	0.00036	0.01086	0.28361	0.10574	0.01868	0.00036	0.04573	0.05825	0.00036	0.12814	0.0	0.02561	0.01398	0.00036	0.00036	0.01902	0.15317	0.00036	0.01549	0.01549	0.04551	0.03196	0.09417	0.04562	0.07861	0.202	0.16626	0.24214	0.13015	0.07429	0.39536	0.20816	0.0	0.07114	0.20654	0.15157	0.23955	0.17492	0.0864	0.16593	0.09496	0.0	0.14502	0.0	0.0	0.0	0.0	0.0	0.0	0.0	0.0	0.0	0.23054	0.09684	0.05446	0.07534	0.06149	0.0	0.0	0.03859	0.04568	0.35149	0.03229	0.01692	0.09771	0.00036	0.06442	0.0332	0.00036	0.04707	0.01868	0.00036	0.02844	0.00036	0.02707	0.06351	0.01692	0.02693	0.16851	0.00036	0.063	0.0326	0.03424	0.28597	0.03605	0.01582	0.02779	0.00016	0.30147	0.35149	0.0434	0.10437	0.04082	0.10309	0.06986	0.03375	0.09549	0.05458	
0.00098	0.15197	0.09503	0.08485	0.18906	0.10068	0.02532	0.09689	0.0	0.0	0.0	0.0	0.0	0.0	0.0	0.0	0.03402	0.05271	0.01917	0.0844	0.0	0.13711	0.14949	0.08174	0.08324	0.09262	0.17966	0.00044	0.00044	0.01321	0.22611	0.08387	0.0996	0.00044	0.16263	0.02073	0.00044	0.05751	0.0	0.09989	0.01768	0.00044	0.00044	0.09262	0.13716	0.00044	0.01977	0.01977	0.05589	0.04403	0.12383	0.04899	0.05018	0.17509	0.32707	0.16551	0.11171	0.07838	0.09319	0.2335	0.0	0.3342	0.19075	0.10117	0.06196	0.29494	0.14778	0.48821	0.10388	0.0	0.09051	0.0	0.0	0.0	0.0	0.0	0.0	0.0	0.0	0.0	0.09634	0.09575	0.06538	0.11799	0.14517	0.0	0.0	0.06027	0.02955	0.10849	0.13678	0.02157	0.01917	0.00044	0.05065	0.04352	0.00044	0.02897	0.0996	0.00044	0.06767	0.00044	0.07958	0.01799	0.02157	0.03569	0.05473	0.00044	0.03599	0.04329	0.03138	0.07646	0.23547	0.25129	0.03768	0.00024	0.11246	0.10849	0.04959	0.11005	0.06123	0.0977	0.11039	0.09813	0.0544	0.12562	
0.00568	0.08251	0.08785	0.10684	0.11631	0.1144	0.05577	0.07256	0.0	0.0	0.0	0.0	0.0	0.0	0.0	0.0	0.21731	0.10675	0.04763	0.15407	0.13711	0.0	0.12416	0.13227	0.07894	0.04131	0.08871	0.0013	0.0013	0.02237	0.25031	0.0647	0.04508	0.0013	0.02623	0.04004	0.0013	0.11233	0.0	0.05886	0.02834	0.0013	0.0013	0.04131	0.18634	0.0013	0.03788	0.03788	0.04652	0.05249	0.11664	0.02527	0.06894	0.21413	0.21411	0.21534	0.1615	0.38574	0.33222	0.6747	0.0	0.18632	0.1807	0.25522	0.13111	0.18787	0.24878	0.23323	0.18794	0.0	0.12851	0.0	0.0	0.0	0.0	0.0	0.0	0.0	0.0	0.0	0.1225	0.10779	0.07386	0.105	0.13202	0.0	0.0	0.03458	0.06753	0.15462	0.0955	0.0347	0.04763	0.0013	0.07211	0.04193	0.0013	0.03298	0.04508	0.0013	0.05411	0.0013	0.17543	0.19974	0.0347	0.05941	0.12526	0.0013	0.16204	0.08731	0.03042	0.20841	0.13577	0.07533	0.08156	0.00265	0.17947	0.15462	0.04908	0.06619	0.08469	0.08834	0.10014	0.043	0.10118	0.07528	
0.00327	0.02487	0.17414	0.04322	0.05582	0.03599	0.01851	0.01713	0.0	0.0	0.0	0.0	0.0	0.0	0.0	0.0	0.02348	0.01925	0.01506	0.03008	0.14949	0.12416	0.0	0.16257	0.02046	0.01409	0.34355	0.00852	0.00852	0.01188	0.54186	0.01639	0.01454	0.00852	0.0228	0.01403	0.00852	0.03534	0.0	0.01579	0.01473	0.00852	0.00852	0.01409	0.22753	0.00852	0.01307	0.01307	0.01985	0.02009	0.22831	0.02141	0.02871	0.028	0.47909	0.10319	0.20038	0.10023	0.18292	0.22744	0.0	0.31985	0.23332	0.18555	0.08636	0.10578	0.09637	0.39657	0.22927	0.0	0.03363	0.0	0.0	0.0	0.0	0.0	0.0	0.0	0.0	0.0	0.02472	0.04828	0.02388	0.05651	0.05751	0.0	0.0	0.02191	0.04619	0.01496	0.02705	0.01605	0.01506	0.00852	0.27634	0.01809	0.00852	0.02272	0.01454	0.00852	0.03756	0.00852	0.22762	0.0268	0.01605	0.01912	0.02184	0.00852	0.07527	0.01841	0.02105	0.01267	0.62586	0.44959	0.0369	0.0047	0.01646	0.01496	0.02133	0.01642	0.12885	0.03648	0.22738	0.04582	0.03333	0.02592	
0.00365	0.12424	0.10488	0.06058	0.04388	0.05292	0.02791	0.02519	0.0	0.0	0.0	0.0	0.0	0.0	0.0	0.0	0.04359	0.09551	0.01483	0.26986	0.08174	0.13227	0.16257	0.0	0.0293	0.01686	0.13761	0.00249	0.00249	0.01064	0.30288	0.02295	0.01658	0.00249	0.03646	0.1444	0.00249	0.17876	0.0	0.0215	0.01396	0.00249	0.00249	0.01686	0.14999	0.00249	0.01434	0.01434	0.04801	0.02837	0.1018	0.03603	0.05488	0.1351	0.19539	0.21349	0.16672	0.27823	0.27375	0.21697	0.0	0.28902	0.25794	0.26779	0.05716	0.11457	0.10055	0.18043	0.11	0.0	0.04814	0.0	0.0	0.0	0.0	0.0	0.0	0.0	0.0	0.0	0.04408	0.1414	0.04228	0.03733	0.04987	0.0	0.0	0.0218	0.0365	0.20596	0.09887	0.0164	0.01483	0.00249	0.10518	0.10233	0.00249	0.03747	0.01658	0.00249	0.01548	0.00249	0.0234	0.04846	0.0164	0.02429	0.06675	0.00249	0.0358	0.02728	0.02951	0.25249	0.14166	0.12397	0.02283	0.00335	0.17165	0.20596	0.0356	0.10587	0.09462	0.04779	0.11673	0.04587	0.05917	0.05065	
0.00379	0.04183	0.08783	0.19685	0.07281	0.08559	0.02222	0.02022	0.0	0.0	0.0	0.0	0.0	0.0	0.0	0.0	0.03856	0.06901	0.0142	0.03438	0.08324	0.07894	0.02046	0.0293	0.0	0.01461	0.04227	0.00564	0.00564	0.01087	0.02513	0.28858	0.01471	0.00564	0.12583	0.01386	0.00564	0.08242	0.0	0.01741	0.22901	0.00564	0.00564	0.01461	0.03251	0.00564	0.01304	0.01304	0.0241	0.02238	0.0303	0.02612	0.03726	0.10842	0.13879	0.10712	0.22756	0.31324	0.21081	0.45713	0.0	0.33938	0.25523	0.21247	0.12588	0.12953	0.32044	0.2473	0.03602	0.0	0.04506	0.0	0.0	0.0	0.0	0.0	0.0	0.0	0.0	0.0	0.03131	0.11473	0.02987	0.07795	0.08716	0.0	0.0	0.02635	0.02673	0.01589	0.03542	0.01536	0.0142	0.00564	0.03094	0.02088	0.00564	0.02737	0.01471	0.00564	0.07982	0.00564	0.0193	0.09379	0.01536	0.17373	0.02717	0.00564	0.0705	0.02106	0.07707	0.06863	0.26363	0.15236	0.07788	0.00412	0.02175	0.01589	0.15454	0.01902	0.11988	0.12109	0.1408	0.07533	0.10383	0.21452	
0.00222	0.14376	0.02647	0.03246	0.04879	0.02742	0.01299	0.54142	0.0	0.0	0.0	0.0	0.0	0.0	0.0	0.0	0.01599	0.01277	0.00906	0.01902	0.09262	0.04131	0.01409	0.01686	0.01461	0.0	0.0238	0.00033	0.00033	0.00548	0.01548	0.01057	0.00835	0.00033	0.22609	0.00784	0.00033	0.02606	0.0	0.00996	0.00871	0.00033	0.00033	1.0	0.01884	0.00033	0.00677	0.00677	0.0135	0.01362	0.01712	0.01495	0.10371	0.15077	0.16641	0.08991	0.07855	0.07939	0.13254	0.05772	0.0	0.07869	0.08583	0.1227	0.16375	0.43797	0.19784	0.09355	0.02019	0.0	0.02435	0.0	0.0	0.0	0.0	0.0	0.0	0.0	0.0	0.0	0.01738	0.03593	0.01737	0.04342	0.03879	0.0	0.0	0.01469	0.01499	0.00865	0.0194	0.01012	0.00906	0.00033	0.01907	0.0121	0.00033	0.21172	0.00835	0.00033	0.02715	0.00033	0.01231	0.13422	0.01012	0.01358	0.0151	0.00033	0.033	0.01178	0.01519	0.03029	0.01476	0.01403	0.02748	0.00139	0.0135	0.00865	0.11428	0.15498	0.07479	0.0857	0.05214	0.03312	0.07973	0.01956	
0.00599	0.07073	0.1678	0.17552	0.20433	0.06681	0.04409	0.08369	0.0	0.0	0.0	0.0	0.0	0.0	0.0	0.0	0.01386	0.03949	0.01973	0.07212	0.17966	0.08871	0.34355	0.13761	0.04227	0.0238	0.0	0.00313	0.00313	0.01436	0.28952	0.03323	0.02304	0.00313	0.05444	0.02091	0.00313	0.12045	0.0	0.03096	0.01844	0.00313	0.00313	0.0238	0.18578	0.00313	0.02	0.02	0.10255	0.04087	0.30336	0.03954	0.03363	0.05143	0.44376	0.19011	0.25283	0.1108	0.24743	0.25948	0.0	0.45606	0.75538	0.3046	0.08857	0.27765	0.17855	0.40431	0.19579	0.0	0.02471	0.0	0.0	0.0	0.0	0.0	0.0	0.0	0.0	0.0	0.02755	0.0738	0.09356	0.0497	0.09292	0.0	0.0	0.01376	0.04188	0.02688	0.12335	0.08218	0.01973	0.00313	0.15946	0.03995	0.00313	0.01783	0.02304	0.00313	0.02838	0.00313	0.18933	0.10183	0.08218	0.08559	0.10593	0.00313	0.08945	0.02035	0.03605	0.02922	0.30016	0.21926	0.11432	0.00173	0.04149	0.02688	0.09078	0.03481	0.18082	0.07601	0.1607	0.15112	0.08685	0.05599	
0.0	0.00131	0.00066	0.00172	0.0018	0.00498	0.0001	0.00248	0.0	0.0	0.0	0.0	0.0	0.0	0.0	0.0	0.00023	0.00239	0.00648	0.00036	0.00044	0.0013	0.00852	0.00249	0.00564	0.00033	0.00313	0.0	0.0	0.00187	0.0048	0.00217	0.00208	0.0	0.00167	0.00238	0.0	0.00347	0.0	0.00193	0.00685	0.0	0.0	0.00033	0.00344	0.0	0.00042	0.00042	0.00132	0.00337	0.00269	0.00224	0.00246	0.0024	0.00062	0.00024	0.00012	0.00015	0.00027	6e-05	0.0	0.00015	0.00016	0.00023	0.00026	0.00093	0.00023	0.0003	0.00251	0.0	0.00169	0.0	0.0	0.0	0.0	0.0	0.0	0.0	0.0	0.0	0.00129	0.00164	0.00376	0.00102	0.00152	0.0	0.0	0.00011	0.00035	0.00041	0.0018	0.00726	0.00648	0.0	0.00474	0.00225	0.0	0.00053	0.00208	0.0	0.00133	0.0	0.00543	0.00227	0.00726	0.00738	0.0012	0.0	0.00083	0.00035	0.00651	0.00224	0.0057	0.00267	0.00483	0.0	0.00014	0.00041	0.00492	0.0039	0.00284	0.00061	0.00766	0.00062	0.00093	0.00302	
0.0	0.00131	0.00066	0.00172	0.0018	0.00498	0.0001	0.00248	0.0	0.0	0.0	0.0	0.0	0.0	0.0	0.0	0.00023	0.00239	0.00648	0.00036	0.00044	0.0013	0.00852	0.00249	0.00564	0.00033	0.00313	0.0	0.0	0.00187	0.0048	0.00217	0.00208	0.0	0.00167	0.00238	0.0	0.00347	0.0	0.00193	0.00685	0.0	0.0	0.00033	0.00344	0.0	0.00042	0.00042	0.00132	0.00337	0.00269	0.00224	0.00246	0.0024	0.00062	0.00024	0.00012	0.00015	0.00027	6e-05	0.0	0.00015	0.00016	0.00023	0.00026	0.00093	0.00023	0.0003	0.00251	0.0	0.00169	0.0	0.0	0.0	0.0	0.0	0.0	0.0	0.0	0.0	0.00129	0.00164	0.00376	0.00102	0.00152	0.0	0.0	0.00011	0.00035	0.00041	0.0018	0.00726	0.00648	0.0	0.00474	0.00225	0.0	0.00053	0.00208	0.0	0.00133	0.0	0.00543	0.00227	0.00726	0.00738	0.0012	0.0	0.00083	0.00035	0.00651	0.00224	0.0057	0.00267	0.00483	0.0	0.00014	0.00041	0.00492	0.0039	0.00284	0.00061	0.00766	0.00062	0.00093	0.00302	
0.00495	0.01129	0.06145	0.01793	0.05183	0.05025	0.00818	0.00859	0.0	0.0	0.0	0.0	0.0	0.0	0.0	0.0	0.09931	0.00879	0.00828	0.01086	0.01321	0.02237	0.01188	0.01064	0.01087	0.00548	0.01436	0.00187	0.00187	0.0	0.01093	0.00735	0.00641	0.00187	0.00994	0.00625	0.00187	0.04698	0.0	0.38794	0.00818	0.00187	0.00187	0.00548	0.01198	0.00187	0.00501	0.00501	0.00838	0.00962	0.01064	0.13305	0.01246	0.01204	0.02531	0.02547	0.03589	0.03628	0.06058	0.02635	0.0	0.03596	0.03922	0.05607	0.07482	0.02723	0.02898	0.02075	0.0122	0.0	0.01388	0.0	0.0	0.0	0.0	0.0	0.0	0.0	0.0	0.0	0.01033	0.04118	0.01126	0.0223	0.02238	0.0	0.0	0.00877	0.00903	0.00593	0.0114	0.00916	0.00828	0.00187	0.01301	0.17243	0.00187	0.00932	0.00641	0.00187	0.04809	0.00187	0.00961	0.0695	0.00916	0.01107	0.00912	0.00187	0.02918	0.00743	0.31495	0.03025	0.01098	0.00954	0.04635	0.00378	0.00859	0.00593	0.01184	0.00941	0.01574	0.01413	0.0257	0.01778	0.01314	0.01215	
0.00178	0.03849	0.16477	0.11021	0.09252	0.05623	0.02436	0.02198	0.0	0.0	0.0	0.0	0.0	0.0	0.0	0.0	0.17072	0.27455	0.01447	0.28361	0.22611	0.25031	0.54186	0.30288	0.02513	0.01548	0.28952	0.0048	0.0048	0.01093	0.0	0.01995	0.01544	0.0048	0.03021	0.01441	0.0048	0.12646	0.0	0.01888	0.01383	0.0048	0.0048	0.01548	0.53172	0.0048	0.01361	0.01361	0.02716	0.02442	0.19137	0.0295	0.04317	0.2274	0.46067	0.26665	0.27158	0.1447	0.24255	0.26932	0.0	0.37298	0.2851	0.24359	0.13946	0.1962	0.17504	0.4103	0.19635	0.0	0.13356	0.0	0.0	0.0	0.0	0.0	0.0	0.0	0.0	0.0	0.14579	0.07933	0.03407	0.08531	0.08567	0.0	0.0	0.02963	0.04442	0.48241	0.04118	0.01575	0.01447	0.0048	0.20614	0.02306	0.0048	0.03079	0.01544	0.0048	0.05623	0.0048	0.16066	0.03873	0.01575	0.02163	0.18354	0.0048	0.12735	0.02322	0.02545	0.19693	0.41305	0.29803	0.05529	0.00247	0.36282	0.48241	0.02816	0.02019	0.12205	0.10303	0.24935	0.07641	0.05475	0.039	
0.00599	0.02779	0.08221	0.08165	0.10427	0.07914	0.01819	0.01677	0.0	0.0	0.0	0.0	0.0	0.0	0.0	0.0	0.02214	0.01664	0.01067	0.10574	0.08387	0.0647	0.01639	0.02295	0.28858	0.01057	0.03323	0.00217	0.00217	0.00735	0.01995	0.0	0.01081	0.00217	0.13112	0.01009	0.00217	0.1387	0.0	0.01318	0.0102	0.00217	0.00217	0.01057	0.02563	0.00217	0.00922	0.00922	0.0186	0.21352	0.02372	0.02037	0.08678	0.18702	0.07984	0.0812	0.11489	0.11611	0.19383	0.08443	0.0	0.11509	0.12552	0.17944	0.23953	0.08533	0.0925	0.06591	0.11081	0.0	0.09763	0.0	0.0	0.0	0.0	0.0	0.0	0.0	0.0	0.0	0.11214	0.08055	0.02357	0.0581	0.06278	0.0	0.0	0.0203	0.02063	0.01168	0.09034	0.01177	0.01067	0.00217	0.02467	0.01611	0.00217	0.02117	0.01081	0.00217	0.07314	0.00217	0.01518	0.09205	0.01177	0.01622	0.02104	0.00217	0.05888	0.01602	0.01874	0.08425	0.28697	0.16316	0.07114	0.00454	0.01999	0.01168	0.16454	0.01659	0.0371	0.07281	0.07581	0.08968	0.09678	0.33482	
0.00576	0.01889	0.02576	0.03125	0.04	0.0266	0.01336	0.01277	0.0	0.0	0.0	0.0	0.0	0.0	0.0	0.0	0.01577	0.01296	0.00985	0.01868	0.0996	0.04508	0.01454	0.01658	0.01471	0.00835	0.02304	0.00208	0.00208	0.00641	0.01544	0.01081	0.0	0.00208	0.21286	0.00852	0.00208	0.09737	0.0	0.6219	0.00956	0.00208	0.00208	0.00835	0.01843	0.00208	0.00745	0.00745	0.01339	0.0138	0.01672	0.01477	0.02016	0.10943	0.04719	0.04783	0.0676	0.06833	0.11407	0.04967	0.0	0.06772	0.07386	0.1056	0.14092	0.05055	0.05447	0.03887	0.01962	0.0	0.02343	0.0	0.0	0.0	0.0	0.0	0.0	0.0	0.0	0.0	0.01698	0.07693	0.16436	0.03924	0.1042	0.0	0.0	0.01457	0.01486	0.00911	0.24986	0.01086	0.00985	0.00208	0.0189	0.0122	0.00208	0.01527	1.00345	0.00208	0.02624	0.00208	0.01262	0.01872	0.01086	0.0139	0.01485	0.00208	0.03157	0.01192	0.01532	0.02901	0.01485	0.01413	0.08085	0.00436	0.01427	0.00911	0.0169	0.01319	0.02562	0.02506	0.04084	0.08488	0.07518	0.15854	
0.0	0.00131	0.00066	0.00172	0.0018	0.00498	0.0001	0.00248	0.0	0.0	0.0	0.0	0.0	0.0	0.0	0.0	0.00023	0.00239	0.00648	0.00036	0.00044	0.0013	0.00852	0.00249	0.00564	0.00033	0.00313	0.0	0.0	0.00187	0.0048	0.00217	0.00208	0.0	0.00167	0.00238	0.0	0.00347	0.0	0.00193	0.00685	0.0	0.0	0.00033	0.00344	0.0	0.00042	0.00042	0.00132	0.00337	0.00269	0.00224	0.00246	0.0024	0.00062	0.00024	0.00012	0.00015	0.00027	6e-05	0.0	0.00015	0.00016	0.00023	0.00026	0.00093	0.00023	0.0003	0.00251	0.0	0.00169	0.0	0.0	0.0	0.0	0.0	0.0	0.0	0.0	0.0	0.00129	0.00164	0.00376	0.00102	0.00152	0.0	0.0	0.00011	0.00035	0.00041	0.0018	0.00726	0.00648	0.0	0.00474	0.00225	0.0	0.00053	0.00208	0.0	0.00133	0.0	0.00543	0.00227	0.00726	0.00738	0.0012	0.0	0.00083	0.00035	0.00651	0.00224	0.0057	0.00267	0.00483	0.0	0.00014	0.00041	0.00492	0.0039	0.00284	0.00061	0.00766	0.00062	0.00093	0.00302	
0.00635	0.04085	0.0256	0.04734	0.01531	0.0306	0.02852	0.17658	0.0	0.0	0.0	0.0	0.0	0.0	0.0	0.0	0.03567	0.02527	0.01427	0.04573	0.16263	0.02623	0.0228	0.03646	0.12583	0.22609	0.05444	0.00167	0.00167	0.00994	0.03021	0.13112	0.21286	0.00167	0.0	0.0143	0.00167	0.02523	0.0	0.17693	0.01346	0.00167	0.00167	0.22609	0.04081	0.00167	0.01336	0.01336	0.0295	0.02631	0.03808	0.03216	0.01967	0.3186	0.13616	0.0612	0.20832	0.21057	0.35149	0.15316	0.0	0.20871	0.22764	0.32542	0.43431	0.39898	0.1633	0.06882	0.04595	0.0	0.0588	0.0	0.0	0.0	0.0	0.0	0.0	0.0	0.0	0.0	0.03956	0.09585	0.05076	0.01232	0.03361	0.0	0.0	0.03251	0.03299	0.01753	0.1244	0.01582	0.01427	0.00167	0.03803	0.02471	0.00167	0.03255	0.21286	0.00167	0.00195	0.00167	0.02186	0.10396	0.01582	0.02288	0.03383	0.00167	0.01396	0.02498	0.02737	0.01821	0.12554	0.02508	0.04892	0.00448	0.03155	0.01753	0.08101	0.02586	0.04583	0.04109	0.04307	0.01129	0.16695	0.14491	
0.00614	0.25105	0.02307	0.0279	0.03561	0.0926	0.01226	0.01189	0.0	0.0	0.0	0.0	0.0	0.0	0.0	0.0	0.01433	0.01207	0.00965	0.05825	0.02073	0.04004	0.01403	0.1444	0.01386	0.00784	0.02091	0.00238	0.00238	0.00625	0.01441	0.01009	0.00852	0.00238	0.0143	0.0	0.00238	0.0856	0.0	0.00958	0.00941	0.00238	0.00238	0.00784	0.01689	0.00238	0.00705	0.00705	0.21298	0.01291	0.01526	0.01355	0.01828	0.01777	0.04098	0.04148	0.05859	0.05922	0.09887	0.04304	0.0	0.0587	0.06402	0.09152	0.12214	0.04392	0.04723	0.03372	0.01781	0.0	0.02106	0.0	0.0	0.0	0.0	0.0	0.0	0.0	0.0	0.0	0.0154	0.0304	0.01564	0.03497	0.03528	0.0	0.0	0.18416	0.01354	0.00851	0.01699	0.01061	0.00965	0.00238	0.01755	0.01131	0.00238	0.01391	0.00852	0.00238	0.02366	0.00238	0.012	0.01704	0.01061	0.01332	0.01351	0.00238	0.02819	0.01096	0.01449	0.1857	0.014	0.01313	0.07194	0.00472	0.01308	0.00851	0.01578	0.01244	0.02323	0.02231	0.04478	0.0281	0.09383	0.01752	
0.0	0.00131	0.00066	0.00172	0.0018	0.00498	0.0001	0.00248	0.0	0.0	0.0	0.0	0.0	0.0	0.0	0.0	0.00023	0.00239	0.00648	0.00036	0.00044	0.0013	0.00852	0.00249	0.00564	0.00033	0.00313	0.0	0.0	0.00187	0.0048	0.00217	0.00208	0.0	0.00167	0.00238	0.0	0.00347	0.0	0.00193	0.00685	0.0	0.0	0.00033	0.00344	0.0	0.00042	0.00042	0.00132	0.00337	0.00269	0.00224	0.00246	0.0024	0.00062	0.00024	0.00012	0.00015	0.00027	6e-05	0.0	0.00015	0.00016	0.00023	0.00026	0.00093	0.00023	0.0003	0.00251	0.0	0.00169	0.0	0.0	0.0	0.0	0.0	0.0	0.0	0.0	0.0	0.00129	0.00164	0.00376	0.00102	0.00152	0.0	0.0	0.00011	0.00035	0.00041	0.0018	0.00726	0.00648	0.0	0.00474	0.00225	0.0	0.00053	0.00208	0.0	0.00133	0.0	0.00543	0.00227	0.00726	0.00738	0.0012	0.0	0.00083	0.00035	0.00651	0.00224	0.0057	0.00267	0.00483	0.0	0.00014	0.00041	0.00492	0.0039	0.00284	0.00061	0.00766	0.00062	0.00093	0.00302	
0.00297	0.1201	0.0828	0.08413	0.20865	0.1405	0.02092	0.0388	0.0	0.0	0.0	0.0	0.0	0.0	0.0	0.0	0.02645	0.06736	0.02118	0.12814	0.05751	0.11233	0.03534	0.17876	0.08242	0.02606	0.12045	0.00347	0.00347	0.04698	0.12646	0.1387	0.09737	0.00347	0.02523	0.0856	0.00347	0.0	0.0	0.12943	0.01974	0.00347	0.00347	0.02606	0.05358	0.00347	0.02179	0.02179	0.05365	0.03039	0.08022	0.04732	0.08441	0.12982	0.24638	0.40111	0.33509	0.60874	1.01609	0.44287	0.0	0.60337	0.65809	0.94077	0.30371	0.24324	0.24383	0.22367	0.06313	0.0	0.05113	0.0	0.0	0.0	0.0	0.0	0.0	0.0	0.0	0.0	0.04442	0.17129	0.06761	0.03058	0.08801	0.0	0.0	0.0356	0.06229	0.12129	0.12623	0.02349	0.02118	0.00347	0.0699	0.06948	0.00347	0.0641	0.09737	0.00347	0.12936	0.00347	0.03639	0.12541	0.02349	0.03716	0.06807	0.00347	0.02894	0.04468	0.07021	0.22848	0.08285	0.02511	0.12874	0.00816	0.13292	0.12129	0.04627	0.07693	0.13862	0.07447	0.08784	0.07835	0.08971	0.17575	
0.0	0.0	0.0	0.0	0.0	0.0	0.0	0.0	0.0	0.0	0.0	0.0	0.0	0.0	0.0	0.0	0.0	0.0	0.0	0.0	0.0	0.0	0.0	0.0	0.0	0.0	0.0	0.0	0.0	0.0	0.0	0.0	0.0	0.0	0.0	0.0	0.0	0.0	0.0	0.0	0.0	0.0	0.0	0.0	0.0	0.0	0.0	0.0	0.0	0.0	0.0	0.0	0.0	0.0	0.0	0.0	0.0	0.0	0.0	0.0	0.0	0.0	0.0	0.0	0.0	0.0	0.0	0.0	0.0	0.0	0.0	0.0	0.0	0.0	0.0	0.0	0.0	0.0	0.0	0.0	0.0	0.0	0.0	0.0	0.0	0.0	0.0	0.0	0.0	0.0	0.0	0.0	0.0	0.0	0.0	0.0	0.0	0.0	0.0	0.0	0.0	0.0	0.0	0.0	0.0	0.0	0.0	0.0	0.0	0.0	0.0	0.0	0.0	0.0	0.0	0.0	0.0	0.0	0.0	0.0	0.0	0.0	0.0	0.0	0.0	0.0	
0.00553	0.02577	0.07354	0.04478	0.08082	0.06293	0.01702	0.01578	0.0	0.0	0.0	0.0	0.0	0.0	0.0	0.0	0.08446	0.01572	0.01028	0.02561	0.09989	0.05886	0.01579	0.0215	0.01741	0.00996	0.03096	0.00193	0.00193	0.38794	0.01888	0.01318	0.6219	0.00193	0.17693	0.00958	0.00193	0.12943	0.0	0.0	0.00983	0.00193	0.00193	0.00996	0.02401	0.00193	0.00868	0.00868	0.0174	0.01655	0.02215	0.11118	0.02716	0.10606	0.07308	0.07429	0.1051	0.10621	0.17731	0.07723	0.0	0.10528	0.11482	0.16415	0.21912	0.07813	0.08463	0.06031	0.0263	0.0	0.03248	0.0	0.0	0.0	0.0	0.0	0.0	0.0	0.0	0.0	0.02269	0.11826	0.14881	0.05564	0.11519	0.0	0.0	0.01898	0.01931	0.011	0.22681	0.01135	0.01028	0.00193	0.02331	0.12868	0.00193	0.01982	0.6219	0.00193	0.05919	0.00193	0.01448	0.0688	0.01135	0.01556	0.01964	0.00193	0.05158	0.01503	0.22141	0.0501	0.01759	0.01729	0.11542	0.00416	0.0186	0.011	0.02073	0.01569	0.03452	0.036	0.05635	0.09199	0.07897	0.14678	
0.00268	0.01369	0.01845	0.05849	0.02874	0.02074	0.01068	0.01064	0.0	0.0	0.0	0.0	0.0	0.0	0.0	0.0	0.13083	0.2361	0.01126	0.01398	0.01768	0.02834	0.01473	0.01396	0.22901	0.00871	0.01844	0.00685	0.00685	0.00818	0.01383	0.0102	0.00956	0.00685	0.01346	0.00941	0.00685	0.01974	0.0	0.00983	0.0	0.00685	0.00685	0.00871	0.01535	0.00685	0.00828	0.00828	0.01145	0.01282	0.01379	0.01259	0.01618	0.01559	0.0575	0.15128	0.09881	0.14	0.09988	0.46961	0.0	0.15005	0.11683	0.10016	0.0499	0.05329	0.34468	0.09466	0.01584	0.0	0.01819	0.0	0.0	0.0	0.0	0.0	0.0	0.0	0.0	0.0	0.01384	0.0353	0.0143	0.02936	0.02935	0.0	0.0	0.01235	0.01261	0.00915	0.01497	0.01207	0.01126	0.00685	0.01654	0.01105	0.00685	0.01293	0.00956	0.00685	0.02066	0.00685	0.01231	0.01534	0.01207	0.46518	0.01236	0.00685	0.02386	0.01076	0.01436	0.02218	0.01377	0.01282	0.02146	0.00381	0.0093	0.00915	0.01377	0.01086	0.06493	0.05715	0.06218	0.02356	0.01741	0.10583	
0.0	0.00131	0.00066	0.00172	0.0018	0.00498	0.0001	0.00248	0.0	0.0	0.0	0.0	0.0	0.0	0.0	0.0	0.00023	0.00239	0.00648	0.00036	0.00044	0.0013	0.00852	0.00249	0.00564	0.00033	0.00313	0.0	0.0	0.00187	0.0048	0.00217	0.00208	0.0	0.00167	0.00238	0.0	0.00347	0.0	0.00193	0.00685	0.0	0.0	0.00033	0.00344	0.0	0.00042	0.00042	0.00132	0.00337	0.00269	0.00224	0.00246	0.0024	0.00062	0.00024	0.00012	0.00015	0.00027	6e-05	0.0	0.00015	0.00016	0.00023	0.00026	0.00093	0.00023	0.0003	0.00251	0.0	0.00169	0.0	0.0	0.0	0.0	0.0	0.0	0.0	0.0	0.0	0.00129	0.00164	0.00376	0.00102	0.00152	0.0	0.0	0.00011	0.00035	0.00041	0.0018	0.00726	0.00648	0.0	0.00474	0.00225	0.0	0.00053	0.00208	0.0	0.00133	0.0	0.00543	0.00227	0.00726	0.00738	0.0012	0.0	0.00083	0.00035	0.00651	0.00224	0.0057	0.00267	0.00483	0.0	0.00014	0.00041	0.00492	0.0039	0.00284	0.00061	0.00766	0.00062	0.00093	0.00302	
0.0	0.00131	0.00066	0.00172	0.0018	0.00498	0.0001	0.00248	0.0	0.0	0.0	0.0	0.0	0.0	0.0	0.0	0.00023	0.00239	0.00648	0.00036	0.00044	0.0013	0.00852	0.00249	0.00564	0.00033	0.00313	0.0	0.0	0.00187	0.0048	0.00217	0.00208	0.0	0.00167	0.00238	0.0	0.00347	0.0	0.00193	0.00685	0.0	0.0	0.00033	0.00344	0.0	0.00042	0.00042	0.00132	0.00337	0.00269	0.00224	0.00246	0.0024	0.00062	0.00024	0.00012	0.00015	0.00027	6e-05	0.0	0.00015	0.00016	0.00023	0.00026	0.00093	0.00023	0.0003	0.00251	0.0	0.00169	0.0	0.0	0.0	0.0	0.0	0.0	0.0	0.0	0.0	0.00129	0.00164	0.00376	0.00102	0.00152	0.0	0.0	0.00011	0.00035	0.00041	0.0018	0.00726	0.00648	0.0	0.00474	0.00225	0.0	0.00053	0.00208	0.0	0.00133	0.0	0.00543	0.00227	0.00726	0.00738	0.0012	0.0	0.00083	0.00035	0.00651	0.00224	0.0057	0.00267	0.00483	0.0	0.00014	0.00041	0.00492	0.0039	0.00284	0.00061	0.00766	0.00062	0.00093	0.00302	
0.00222	0.14376	0.02647	0.03246	0.04879	0.02742	0.01299	0.54142	0.0	0.0	0.0	0.0	0.0	0.0	0.0	0.0	0.01599	0.01277	0.00906	0.01902	0.09262	0.04131	0.01409	0.01686	0.01461	1.0	0.0238	0.00033	0.00033	0.00548	0.01548	0.01057	0.00835	0.00033	0.22609	0.00784	0.00033	0.02606	0.0	0.00996	0.00871	0.00033	0.00033	0.0	0.01884	0.00033	0.00677	0.00677	0.0135	0.01362	0.01712	0.01495	0.10371	0.15077	0.16641	0.08991	0.07855	0.07939	0.13254	0.05772	0.0	0.07869	0.08583	0.1227	0.16375	0.43797	0.19784	0.09355	0.02019	0.0	0.02435	0.0	0.0	0.0	0.0	0.0	0.0	0.0	0.0	0.0	0.01738	0.03593	0.01737	0.04342	0.03879	0.0	0.0	0.01469	0.01499	0.00865	0.0194	0.01012	0.00906	0.00033	0.01907	0.0121	0.00033	0.21172	0.00835	0.00033	0.02715	0.00033	0.01231	0.13422	0.01012	0.01358	0.0151	0.00033	0.033	0.01178	0.01519	0.03029	0.01476	0.01403	0.02748	0.00139	0.0135	0.00865	0.11428	0.15498	0.07479	0.0857	0.05214	0.03312	0.07973	0.01956	
0.00321	0.05816	0.09325	0.10081	0.05136	0.06534	0.03028	0.02979	0.0	0.0	0.0	0.0	0.0	0.0	0.0	0.0	0.05009	0.09437	0.0163	0.15317	0.13716	0.18634	0.22753	0.14999	0.03251	0.01884	0.18578	0.00344	0.00344	0.01198	0.53172	0.02563	0.01843	0.00344	0.04081	0.01689	0.00344	0.05358	0.0	0.02401	0.01535	0.00344	0.00344	0.01884	0.0	0.00344	0.01607	0.01607	0.18646	0.03146	0.22883	0.04066	0.10334	0.14037	0.34102	0.16168	0.12894	0.08188	0.15833	0.21016	0.0	0.29794	0.21196	0.16161	0.23501	0.27225	0.24999	0.3061	0.10145	0.0	0.08095	0.0	0.0	0.0	0.0	0.0	0.0	0.0	0.0	0.0	0.11786	0.1109	0.10051	0.05275	0.07203	0.0	0.0	0.04042	0.09017	0.18883	0.06028	0.01796	0.0163	0.00344	0.07295	0.0304	0.00344	0.08535	0.01843	0.00344	0.13048	0.00344	0.10003	0.03776	0.01796	0.02669	0.22561	0.00344	0.13964	0.03049	0.03264	0.17131	0.19622	0.11397	0.05301	0.00292	0.20711	0.18883	0.03897	0.02719	0.04868	0.14378	0.19553	0.08915	0.11919	0.05747	
0.0	0.00131	0.00066	0.00172	0.0018	0.00498	0.0001	0.00248	0.0	0.0	0.0	0.0	0.0	0.0	0.0	0.0	0.00023	0.00239	0.00648	0.00036	0.00044	0.0013	0.00852	0.00249	0.00564	0.00033	0.00313	0.0	0.0	0.00187	0.0048	0.00217	0.00208	0.0	0.00167	0.00238	0.0	0.00347	0.0	0.00193	0.00685	0.0	0.0	0.00033	0.00344	0.0	0.00042	0.00042	0.00132	0.00337	0.00269	0.00224	0.00246	0.0024	0.00062	0.00024	0.00012	0.00015	0.00027	6e-05	0.0	0.00015	0.00016	0.00023	0.00026	0.00093	0.00023	0.0003	0.00251	0.0	0.00169	0.0	0.0	0.0	0.0	0.0	0.0	0.0	0.0	0.0	0.00129	0.00164	0.00376	0.00102	0.00152	0.0	0.0	0.00011	0.00035	0.00041	0.0018	0.00726	0.00648	0.0	0.00474	0.00225	0.0	0.00053	0.00208	0.0	0.00133	0.0	0.00543	0.00227	0.00726	0.00738	0.0012	0.0	0.00083	0.00035	0.00651	0.00224	0.0057	0.00267	0.00483	0.0	0.00014	0.00041	0.00492	0.0039	0.00284	0.00061	0.00766	0.00062	0.00093	0.00302	
0.00042	0.11304	0.02136	0.07017	0.03929	0.02303	0.01069	0.01049	0.0	0.0	0.0	0.0	0.0	0.0	0.0	0.0	0.01337	0.01112	0.00854	0.01549	0.01977	0.03788	0.01307	0.01434	0.01304	0.00677	0.02	0.00042	0.00042	0.00501	0.01361	0.00922	0.00745	0.00042	0.01336	0.00705	0.00042	0.02179	0.0	0.00868	0.00828	0.00042	0.00042	0.00677	0.01607	0.00042	0.0	1.00005	0.01142	0.01196	0.0145	0.22141	0.08331	0.01697	0.12728	0.06886	0.13012	0.06855	0.11444	0.04983	0.0	0.06794	0.07411	0.10594	0.07516	0.13666	0.06644	0.12202	0.12466	0.0	0.0782	0.0	0.0	0.0	0.0	0.0	0.0	0.0	0.0	0.0	0.01454	0.04121	0.01489	0.03538	0.10289	0.0	0.0	0.01231	0.01259	0.00747	0.01617	0.00954	0.00854	0.00042	0.01662	0.28738	0.00042	0.16869	0.00745	0.00042	0.07299	0.00042	0.01114	0.01617	0.00954	0.01247	0.01268	0.00042	0.02699	0.01	0.01366	0.02496	0.01318	0.01219	0.02328	0.00021	0.43591	0.00747	0.01425	0.01069	0.02172	0.02134	0.03574	0.04761	0.0196	0.01634	
0.00042	0.11304	0.02136	0.07017	0.03929	0.02303	0.01069	0.01049	0.0	0.0	0.0	0.0	0.0	0.0	0.0	0.0	0.01337	0.01112	0.00854	0.01549	0.01977	0.03788	0.01307	0.01434	0.01304	0.00677	0.02	0.00042	0.00042	0.00501	0.01361	0.00922	0.00745	0.00042	0.01336	0.00705	0.00042	0.02179	0.0	0.00868	0.00828	0.00042	0.00042	0.00677	0.01607	0.00042	1.00005	0.0	0.01142	0.01196	0.0145	0.22141	0.08331	0.01697	0.12728	0.06886	0.13012	0.06855	0.11444	0.04983	0.0	0.06794	0.07411	0.10594	0.07516	0.13666	0.06644	0.12202	0.12466	0.0	0.0782	0.0	0.0	0.0	0.0	0.0	0.0	0.0	0.0	0.0	0.01454	0.04121	0.01489	0.03538	0.10289	0.0	0.0	0.01231	0.01259	0.00747	0.01617	0.00954	0.00854	0.00042	0.01662	0.28738	0.00042	0.16869	0.00745	0.00042	0.07299	0.00042	0.01114	0.01617	0.00954	0.01247	0.01268	0.00042	0.02699	0.01	0.01366	0.02496	0.01318	0.01219	0.02328	0.00021	0.43591	0.00747	0.01425	0.01069	0.02172	0.02134	0.03574	0.04761	0.0196	0.01634	
