0.0	1e-05	5e-05	0.0	6e-05	0.0002	7e-05	1e-05	0.00014	0.0001	0.0	0.00025	0.0	0.0	8e-05	0.0001	5e-05	0.0	3e-05	7e-05	0.00012	0.0	0.00016	0.00012	0.0	0.0	0.0	0.0	5e-05	6e-05	7e-05	7e-05	0.0	0.0	0.0	0.0	0.0	0.0	0.0	0.00018	2e-05	3e-05	5e-05	7e-05	0.0	8e-05	0.00018	0.0	0.00016	0.00017	0.00011	6e-05	5e-05	0.00019	0.0	0.0	0.00018	0.0	0.0	0.00016	0.00016	0.0	0.0	0.0	0.0	0.0	0.0	0.0	4e-05	0.00017	0.0	0.0	0.00017	0.0	0.0	0.0	0.0	0.0	0.0	5e-05	0.00021	0.0	0.0	0.00016	0.00016	0.0	0.0	0.0001	0.0	0.00021	8e-05	0.0001	0.00018	9e-05	7e-05	5e-05	0.00019	2e-05	0.0	0.0	
1e-05	0.0	0.71318	1e-05	0.11805	0.11151	0.1353	0.15209	0.07813	0.15858	1e-05	0.01406	1e-05	0.0	0.15241	0.05304	0.61077	1e-05	0.34285	0.02743	0.03779	1e-05	0.02542	0.06424	1e-05	1e-05	1e-05	1e-05	0.12529	0.26955	0.16958	0.12127	0.0	1e-05	1e-05	0.0	0.0	0.0	1e-05	0.16588	0.30726	0.27705	0.31722	0.02934	1e-05	0.12437	0.02129	1e-05	0.02542	0.30637	0.04416	0.12821	0.16283	0.03004	1e-05	1e-05	0.02129	1e-05	1e-05	0.02542	0.02542	1e-05	1e-05	1e-05	1e-05	1e-05	1e-05	1e-05	0.24752	0.30637	1e-05	0.0028	0.02976	1e-05	1e-05	1e-05	1e-05	1e-05	1e-05	0.71318	0.1483	1e-05	1e-05	0.02542	0.02542	0.0	1e-05	0.05175	1e-05	0.1483	0.06849	0.04341	0.02129	0.03942	0.12419	0.05551	0.03004	0.24417	1e-05	1e-05	
5e-05	0.71318	0.0	5e-05	0.09287	0.13517	0.11945	0.15201	0.09597	0.19109	5e-05	0.01264	5e-05	0.0	0.15133	0.04398	0.32416	5e-05	0.39686	0.02333	0.03205	5e-05	0.02212	0.07438	5e-05	5e-05	5e-05	5e-05	0.12827	0.0295	0.19283	0.07955	0.0	5e-05	5e-05	0.0	0.0	0.0	5e-05	0.23144	0.256	0.29651	0.37613	0.02482	5e-05	0.06091	0.01872	5e-05	0.02212	0.01976	0.03707	0.1003	0.1592	0.02587	5e-05	5e-05	0.01872	5e-05	5e-05	0.02212	0.02212	5e-05	5e-05	5e-05	5e-05	5e-05	5e-05	5e-05	0.04389	0.01976	5e-05	0.00272	0.02579	5e-05	5e-05	5e-05	5e-05	5e-05	5e-05	0.99976	0.20103	5e-05	5e-05	0.02212	0.02212	0.0	5e-05	0.05351	5e-05	0.20103	0.05583	0.03648	0.01872	0.03265	0.11363	0.04471	0.02587	0.15073	5e-05	5e-05	
0.0	1e-05	5e-05	0.0	6e-05	0.0002	7e-05	1e-05	0.00014	0.0001	0.0	0.00025	0.0	0.0	8e-05	0.0001	5e-05	0.0	3e-05	7e-05	0.00012	0.0	0.00016	0.00012	0.0	0.0	0.0	0.0	5e-05	6e-05	7e-05	7e-05	0.0	0.0	0.0	0.0	0.0	0.0	0.0	0.00018	2e-05	3e-05	5e-05	7e-05	0.0	8e-05	0.00018	0.0	0.00016	0.00017	0.00011	6e-05	5e-05	0.00019	0.0	0.0	0.00018	0.0	0.0	0.00016	0.00016	0.0	0.0	0.0	0.0	0.0	0.0	0.0	4e-05	0.00017	0.0	0.0	0.00017	0.0	0.0	0.0	0.0	0.0	0.0	5e-05	0.00021	0.0	0.0	0.00016	0.00016	0.0	0.0	0.0001	0.0	0.00021	8e-05	0.0001	0.00018	9e-05	7e-05	5e-05	0.00019	2e-05	0.0	0.0	
6e-05	0.11805	0.09287	6e-05	0.0	0.12071	0.06592	0.08253	0.05435	0.00744	6e-05	0.05569	6e-05	0.0	0.06221	0.237	0.07462	6e-05	0.03902	0.08055	0.02119	6e-05	0.10285	0.00439	6e-05	6e-05	6e-05	6e-05	0.05696	0.08048	0.01831	0.05882	0.0	6e-05	6e-05	0.0	0.0	0.0	6e-05	0.05978	0.12658	0.27898	0.06941	0.08254	6e-05	0.07185	0.04107	6e-05	0.10285	0.04345	0.00953	0.01957	0.08441	0.123	6e-05	6e-05	0.04107	6e-05	6e-05	0.10285	0.10285	6e-05	6e-05	6e-05	6e-05	6e-05	6e-05	6e-05	0.04096	0.04345	6e-05	0.0178	0.05159	6e-05	6e-05	6e-05	6e-05	6e-05	6e-05	0.09287	0.03467	6e-05	6e-05	0.10285	0.10285	0.0	6e-05	3e-05	6e-05	0.03467	0.0959	0.0832	0.04107	0.12096	0.05597	0.16524	0.123	0.20616	6e-05	6e-05	
0.0002	0.11151	0.13517	0.0002	0.12071	0.0	0.09074	0.05214	0.02061	0.05019	0.0002	0.0115	0.0002	0.0	0.11711	0.32328	0.14506	0.0002	0.13825	0.0189	0.02604	0.0002	0.01877	0.02411	0.0002	0.0002	0.0002	0.0002	0.31398	0.02358	0.0469	0.0607	0.0	0.0002	0.0002	0.0	0.0	0.0	0.0002	0.02241	0.08742	0.31084	0.29923	0.0199	0.0002	0.20178	0.01623	0.0002	0.01877	0.01701	0.02966	0.1111	0.37807	1.00144	0.0002	0.0002	0.01623	0.0002	0.0002	0.01877	0.01877	0.0002	0.0002	0.0002	0.0002	0.0002	0.0002	0.0002	0.03283	0.01701	0.0002	0.0	0.37578	0.0002	0.0002	0.0002	0.0002	0.0002	0.0002	0.13517	0.01418	0.0002	0.0002	0.01877	0.01877	0.0	0.0002	0.02993	0.0002	0.01418	0.22724	0.02929	0.01623	0.64486	0.05877	0.31834	1.00144	0.3067	0.0002	0.0002	
7e-05	0.1353	0.11945	7e-05	0.06592	0.09074	0.0	0.06037	0.00399	0.00126	7e-05	0.03481	7e-05	0.0	0.24281	0.17051	0.09785	7e-05	0.05185	0.06721	0.00951	7e-05	0.07734	0.00015	7e-05	7e-05	7e-05	7e-05	0.02403	0.08976	0.0569	0.00148	0.0	7e-05	7e-05	0.0	0.0	0.0	7e-05	0.10359	0.08317	0.35826	0.10542	0.07191	7e-05	0.03746	0.06449	7e-05	0.07734	0.05578	0.13892	0.00135	0.14839	0.09196	7e-05	7e-05	0.06449	7e-05	7e-05	0.07734	0.07734	7e-05	7e-05	7e-05	7e-05	7e-05	7e-05	7e-05	0.04212	0.05578	7e-05	0.01109	0.06005	7e-05	7e-05	7e-05	7e-05	7e-05	7e-05	0.11945	0.05411	7e-05	7e-05	0.07734	0.07734	0.0	7e-05	0.00331	7e-05	0.05411	0.05569	5e-05	0.06449	0.10175	0.08352	0.06613	0.09196	0.11432	7e-05	7e-05	
1e-05	0.15209	0.15201	1e-05	0.08253	0.05214	0.06037	0.0	0.10658	0.06713	1e-05	0.0572	1e-05	0.0	0.06223	0.07823	0.05812	1e-05	0.1347	0.11071	0.01566	1e-05	0.03617	0.02215	1e-05	1e-05	1e-05	1e-05	0.12902	0.07626	0.0416	0.06371	0.0	1e-05	1e-05	0.0	0.0	0.0	1e-05	0.05068	0.24501	0.17558	0.16034	0.07228	1e-05	0.11373	0.03011	1e-05	0.03617	0.03195	0.06443	0.06307	0.08508	0.04302	1e-05	1e-05	0.03011	1e-05	1e-05	0.03617	0.03617	1e-05	1e-05	1e-05	1e-05	1e-05	1e-05	1e-05	0.1337	0.03195	1e-05	0.00391	0.28148	1e-05	1e-05	1e-05	1e-05	1e-05	1e-05	0.15201	0.07468	1e-05	1e-05	0.03617	0.03617	0.0	1e-05	0.03328	1e-05	0.07468	0.12814	0.05921	0.03011	0.08338	0.06543	0.03866	0.04302	0.1219	1e-05	1e-05	
0.00014	0.07813	0.09597	0.00014	0.05435	0.02061	0.00399	0.10658	0.0	0.02492	0.00014	0.00959	0.00014	0.0	0.00362	0.02801	0.02063	0.00014	0.02191	0.16792	0.02131	0.00014	0.01552	0.12688	0.00014	0.00014	0.00014	0.00014	0.03524	0.01907	0.0315	0.04728	0.0	0.00014	0.00014	0.0	0.0	0.0	0.00014	0.05223	0.01914	0.07134	0.16835	0.01639	0.00014	0.03726	0.01346	0.00014	0.01552	0.01409	0.02415	5e-05	0.01331	0.01776	0.00014	0.00014	0.01346	0.00014	0.00014	0.01552	0.01552	0.00014	0.00014	0.00014	0.00014	0.00014	0.00014	0.00014	0.02649	0.01409	0.00014	0.00228	0.08272	0.00014	0.00014	0.00014	0.00014	0.00014	0.00014	0.09597	0.0117	0.00014	0.00014	0.01552	0.01552	0.0	0.00014	0.02459	0.00014	0.41027	0.0345	0.02382	0.01346	0.0207	8e-05	0.02695	0.01776	0.03082	0.00014	0.00014	
0.0001	0.15858	0.19109	0.0001	0.00744	0.05019	0.00126	0.06713	0.02492	0.0	0.0001	0.01343	0.0001	0.0	0.14165	0.04314	0.20533	0.0001	0.17745	0.02336	0.03206	0.0001	0.32259	0.02945	0.0001	0.0001	0.0001	0.0001	0.02706	0.02911	0.03105	0.01366	0.0	0.0001	0.0001	0.0	0.0	0.0	0.0001	0.02588	0.09947	0.06545	0.04839	0.02471	0.0001	0.05872	0.01941	0.0001	0.32259	0.02041	0.09798	0.09486	0.0147	0.02626	0.0001	0.0001	0.01941	0.0001	0.0001	0.02268	0.02268	0.0001	0.0001	0.0001	0.0001	0.0001	0.0001	0.0001	0.0987	0.02041	0.0001	0.00283	0.02639	0.0001	0.0001	0.0001	0.0001	0.0001	0.0001	0.19109	0.01666	0.0001	0.0001	0.02268	0.02268	0.0	0.0001	0.03698	0.0001	0.01666	0.03861	0.03619	0.01941	0.03189	0.00301	0.04265	0.02626	0.16476	0.0001	0.0001	
0.0	1e-05	5e-05	0.0	6e-05	0.0002	7e-05	1e-05	0.00014	0.0001	0.0	0.00025	0.0	0.0	8e-05	0.0001	5e-05	0.0	3e-05	7e-05	0.00012	0.0	0.00016	0.00012	0.0	0.0	0.0	0.0	5e-05	6e-05	7e-05	7e-05	0.0	0.0	0.0	0.0	0.0	0.0	0.0	0.00018	2e-05	3e-05	5e-05	7e-05	0.0	8e-05	0.00018	0.0	0.00016	0.00017	0.00011	6e-05	5e-05	0.00019	0.0	0.0	0.00018	0.0	0.0	0.00016	0.00016	0.0	0.0	0.0	0.0	0.0	0.0	0.0	4e-05	0.00017	0.0	0.0	0.00017	0.0	0.0	0.0	0.0	0.0	0.0	5e-05	0.00021	0.0	0.0	0.00016	0.00016	0.0	0.0	0.0001	0.0	0.00021	8e-05	0.0001	0.00018	9e-05	7e-05	5e-05	0.00019	2e-05	0.0	0.0	
0.00025	0.01406	0.01264	0.00025	0.05569	0.0115	0.03481	0.0572	0.00959	0.01343	0.00025	0.0	0.00025	0.0	0.0355	0.01491	0.01089	0.00025	0.0221	0.00858	0.01171	0.00025	0.00891	0.01094	0.00025	0.00025	0.00025	0.00025	0.01777	0.41014	0.01923	0.06564	0.0	0.00025	0.00025	0.0	0.0	0.0	0.00025	0.01012	0.04634	0.01869	0.01523	0.00895	0.00025	0.01928	0.00789	0.00025	0.00891	0.00821	0.01307	0.05151	0.02992	0.01003	0.00025	0.00025	0.00789	0.00025	0.00025	0.00891	0.00891	0.00025	0.00025	0.00025	0.00025	0.00025	0.00025	0.00025	0.01358	0.00821	0.00025	0.00166	0.01023	0.00025	0.00025	0.00025	0.00025	0.00025	0.00025	0.01264	0.00701	0.00025	0.00025	0.00891	0.00891	0.0	0.00025	0.01313	0.00025	0.00701	0.01798	0.01291	0.00789	0.01098	0.02722	0.12183	0.01003	0.02116	0.00025	0.00025	
0.0	1e-05	5e-05	0.0	6e-05	0.0002	7e-05	1e-05	0.00014	0.0001	0.0	0.00025	0.0	0.0	8e-05	0.0001	5e-05	0.0	3e-05	7e-05	0.00012	0.0	0.00016	0.00012	0.0	0.0	0.0	0.0	5e-05	6e-05	7e-05	7e-05	0.0	0.0	0.0	0.0	0.0	0.0	0.0	0.00018	2e-05	3e-05	5e-05	7e-05	0.0	8e-05	0.00018	0.0	0.00016	0.00017	0.00011	6e-05	5e-05	0.00019	0.0	0.0	0.00018	0.0	0.0	0.00016	0.00016	0.0	0.0	0.0	0.0	0.0	0.0	0.0	4e-05	0.00017	0.0	0.0	0.00017	0.0	0.0	0.0	0.0	0.0	0.0	5e-05	0.00021	0.0	0.0	0.00016	0.00016	0.0	0.0	0.0001	0.0	0.00021	8e-05	0.0001	0.00018	9e-05	7e-05	5e-05	0.00019	2e-05	0.0	0.0	
0.0	0.0	0.0	0.0	0.0	0.0	0.0	0.0	0.0	0.0	0.0	0.0	0.0	0.0	0.0	0.0	0.0	0.0	0.0	0.0	0.0	0.0	0.0	0.0	0.0	0.0	0.0	0.0	0.0	0.0	0.0	0.0	0.0	0.0	0.0	0.0	0.0	0.0	0.0	0.0	0.0	0.0	0.0	0.0	0.0	0.0	0.0	0.0	0.0	0.0	0.0	0.0	0.0	0.0	0.0	0.0	0.0	0.0	0.0	0.0	0.0	0.0	0.0	0.0	0.0	0.0	0.0	0.0	0.0	0.0	0.0	0.0	0.0	0.0	0.0	0.0	0.0	0.0	0.0	0.0	0.0	0.0	0.0	0.0	0.0	0.0	0.0	0.0	0.0	0.0	0.0	0.0	0.0	0.0	0.0	0.0	0.0	0.0	0.0	0.0	
8e-05	0.15241	0.15133	8e-05	0.06221	0.11711	0.24281	0.06223	0.00362	0.14165	8e-05	0.0355	8e-05	0.0	0.0	0.16642	0.09559	8e-05	0.08068	0.06862	0.00883	8e-05	0.07571	9e-05	8e-05	8e-05	8e-05	8e-05	0.0546	0.0919	0.05428	0.00107	0.0	8e-05	8e-05	0.0	0.0	0.0	8e-05	0.05886	0.01182	0.34566	0.10224	0.07343	8e-05	0.03541	0.05373	8e-05	0.07571	0.05693	0.00191	0.05212	0.15335	0.08998	8e-05	8e-05	0.05373	8e-05	8e-05	0.07571	0.07571	8e-05	8e-05	8e-05	8e-05	8e-05	8e-05	8e-05	0.04252	0.05693	8e-05	0.01043	0.06076	8e-05	8e-05	8e-05	8e-05	8e-05	8e-05	0.15133	0.053	8e-05	8e-05	0.07571	0.07571	0.0	8e-05	0.00376	8e-05	0.053	0.05324	0.11159	0.05373	0.10065	0.07611	0.04718	0.08998	0.11073	8e-05	8e-05	
0.0001	0.05304	0.04398	0.0001	0.237	0.32328	0.17051	0.07823	0.02801	0.04314	0.0001	0.01491	0.0001	0.0	0.16642	0.0	0.03631	0.0001	0.01903	0.02637	0.10308	0.0001	0.02543	0.03322	0.0001	0.0001	0.0001	0.0001	0.0497	0.03315	0.06712	0.00594	0.0	0.0001	0.0001	0.0	0.0	0.0	0.0001	0.02947	0.10655	0.30201	0.12376	0.02795	0.0001	0.44353	0.02169	0.0001	0.02543	0.02284	0.04167	0.008	0.23991	0.32726	0.0001	0.0001	0.02169	0.0001	0.0001	0.26376	0.26376	0.0001	0.0001	0.0001	0.0001	0.0001	0.0001	0.0001	0.04803	0.02284	0.0001	0.10309	0.06968	0.0001	0.0001	0.0001	0.0001	0.0001	0.0001	0.04398	0.01857	0.0001	0.0001	0.26376	0.26376	0.0	0.0001	0.04194	0.0001	0.01857	0.05152	0.04103	0.02169	0.25983	0.10136	0.12027	0.32726	0.18107	0.0001	0.0001	
5e-05	0.61077	0.32416	5e-05	0.07462	0.14506	0.09785	0.05812	0.02063	0.20533	5e-05	0.01089	5e-05	0.0	0.09559	0.03631	0.0	5e-05	0.28085	0.01952	0.02677	5e-05	0.01871	0.02452	5e-05	5e-05	5e-05	5e-05	0.12596	0.38419	0.04954	0.10923	0.0	5e-05	5e-05	0.0	0.0	0.0	5e-05	0.02105	0.2224	0.0561	0.04151	0.02071	5e-05	0.12991	0.01593	5e-05	0.01871	0.50148	0.0308	0.08036	0.09305	0.02178	5e-05	5e-05	0.01593	5e-05	5e-05	0.01871	0.01871	5e-05	5e-05	5e-05	5e-05	5e-05	5e-05	5e-05	0.30794	0.50148	5e-05	0.00215	0.02154	5e-05	5e-05	5e-05	5e-05	5e-05	5e-05	0.32416	0.0136	5e-05	5e-05	0.01871	0.01871	0.0	5e-05	0.031	5e-05	0.0136	0.0457	0.03032	0.01593	0.02697	0.10323	0.03642	0.02178	0.1051	5e-05	5e-05	
0.0	1e-05	5e-05	0.0	6e-05	0.0002	7e-05	1e-05	0.00014	0.0001	0.0	0.00025	0.0	0.0	8e-05	0.0001	5e-05	0.0	3e-05	7e-05	0.00012	0.0	0.00016	0.00012	0.0	0.0	0.0	0.0	5e-05	6e-05	7e-05	7e-05	0.0	0.0	0.0	0.0	0.0	0.0	0.0	0.00018	2e-05	3e-05	5e-05	7e-05	0.0	8e-05	0.00018	0.0	0.00016	0.00017	0.00011	6e-05	5e-05	0.00019	0.0	0.0	0.00018	0.0	0.0	0.00016	0.00016	0.0	0.0	0.0	0.0	0.0	0.0	0.0	4e-05	0.00017	0.0	0.0	0.00017	0.0	0.0	0.0	0.0	0.0	0.0	5e-05	0.00021	0.0	0.0	0.00016	0.00016	0.0	0.0	0.0001	0.0	0.00021	8e-05	0.0001	0.00018	9e-05	7e-05	5e-05	0.00019	2e-05	0.0	0.0	
3e-05	0.34285	0.39686	3e-05	0.03902	0.13825	0.05185	0.1347	0.02191	0.17745	3e-05	0.0221	3e-05	0.0	0.08068	0.01903	0.28085	3e-05	0.0	0.04346	0.0371	3e-05	0.04024	0.01471	3e-05	3e-05	3e-05	3e-05	0.17898	0.05688	0.02523	0.02839	0.0	3e-05	3e-05	0.0	0.0	0.0	3e-05	0.05011	0.21145	0.14603	0.1545	0.07267	3e-05	0.01802	0.03361	3e-05	0.04024	0.03562	0.07091	0.08979	0.12344	0.0477	3e-05	3e-05	0.03361	3e-05	3e-05	0.10801	0.10801	3e-05	3e-05	3e-05	3e-05	3e-05	3e-05	3e-05	0.03572	0.03562	3e-05	0.00474	0.04896	3e-05	3e-05	3e-05	3e-05	3e-05	3e-05	0.39686	0.07338	3e-05	3e-05	0.10801	0.10801	0.0	3e-05	0.01151	3e-05	0.07338	0.02373	0.06966	0.03361	0.06304	0.08176	0.09007	0.0477	0.10977	3e-05	3e-05	
7e-05	0.02743	0.02333	7e-05	0.08055	0.0189	0.06721	0.11071	0.16792	0.02336	7e-05	0.00858	7e-05	0.0	0.06862	0.02637	0.01952	7e-05	0.04346	0.0	0.01985	7e-05	0.01423	0.24628	7e-05	7e-05	7e-05	7e-05	0.1026	0.01782	0.11092	0.04512	0.0	7e-05	7e-05	0.0	0.0	0.0	7e-05	0.01587	0.05275	0.03785	0.09278	0.40375	7e-05	0.03539	0.01225	7e-05	0.01423	0.01286	0.02261	0.10153	0.06048	0.0164	7e-05	7e-05	0.01225	7e-05	7e-05	0.01423	0.01423	7e-05	7e-05	7e-05	7e-05	7e-05	7e-05	7e-05	0.02533	0.01286	7e-05	0.00163	0.2042	7e-05	7e-05	7e-05	7e-05	7e-05	7e-05	0.02333	0.01057	7e-05	7e-05	0.01423	0.01423	0.0	7e-05	0.36187	7e-05	0.01057	0.03271	0.02229	0.01225	0.01956	0.11091	0.02578	0.0164	0.04317	7e-05	7e-05	
0.00012	0.03779	0.03205	0.00012	0.02119	0.02604	0.00951	0.01566	0.02131	0.03206	0.00012	0.01171	0.00012	0.0	0.00883	0.10308	0.02677	0.00012	0.0371	0.01985	0.0	0.00012	0.01946	0.02505	0.00012	0.00012	0.00012	0.00012	0.04676	0.02449	0.04872	0.03071	0.0	0.00012	0.00012	0.0	0.0	0.0	0.00012	0.02196	0.05767	0.07812	0.04001	0.02095	0.00012	0.05457	0.01674	0.00012	0.01946	0.01757	0.03103	0.07782	0.1147	0.02243	0.00012	0.00012	0.01674	0.00012	0.00012	0.43295	0.43295	0.00012	0.00012	0.00012	0.00012	0.00012	0.00012	0.00012	0.03483	0.01757	0.00012	0.0023	0.0224	0.00012	0.00012	0.00012	0.00012	0.00012	0.00012	0.03205	0.01444	0.00012	0.00012	0.43295	0.43295	0.0	0.00012	0.03122	0.00012	0.01444	0.0451	0.03058	0.01674	0.14231	0.00034	0.03546	0.02243	0.06007	0.00012	0.00012	
0.0	1e-05	5e-05	0.0	6e-05	0.0002	7e-05	1e-05	0.00014	0.0001	0.0	0.00025	0.0	0.0	8e-05	0.0001	5e-05	0.0	3e-05	7e-05	0.00012	0.0	0.00016	0.00012	0.0	0.0	0.0	0.0	5e-05	6e-05	7e-05	7e-05	0.0	0.0	0.0	0.0	0.0	0.0	0.0	0.00018	2e-05	3e-05	5e-05	7e-05	0.0	8e-05	0.00018	0.0	0.00016	0.00017	0.00011	6e-05	5e-05	0.00019	0.0	0.0	0.00018	0.0	0.0	0.00016	0.00016	0.0	0.0	0.0	0.0	0.0	0.0	0.0	4e-05	0.00017	0.0	0.0	0.00017	0.0	0.0	0.0	0.0	0.0	0.0	5e-05	0.00021	0.0	0.0	0.00016	0.00016	0.0	0.0	0.0001	0.0	0.00021	8e-05	0.0001	0.00018	9e-05	7e-05	5e-05	0.00019	2e-05	0.0	0.0	
0.00016	0.02542	0.02212	0.00016	0.10285	0.01877	0.07734	0.03617	0.01552	0.32259	0.00016	0.00891	0.00016	0.0	0.07571	0.02543	0.01871	0.00016	0.04024	0.01423	0.01946	0.00016	0.0	0.01802	0.00016	0.00016	0.00016	0.00016	0.03172	0.01731	0.1698	0.12221	0.0	0.00016	0.00016	0.0	0.0	0.0	0.00016	0.01608	0.04843	0.14363	0.02717	0.01495	0.00016	0.03367	0.01241	0.00016	0.99961	0.01298	0.34132	0.05236	0.0555	0.01628	0.00016	0.00016	0.01241	0.00016	0.00016	0.01426	0.01426	0.00016	0.00016	0.00016	0.00016	0.00016	0.00016	0.00016	0.26558	0.01298	0.00016	0.00193	0.01635	0.00016	0.00016	0.00016	0.00016	0.00016	0.00016	0.02212	0.01082	0.00016	0.00016	0.01426	0.01426	0.0	0.00016	0.02212	0.00016	0.01082	0.18939	0.0217	0.01241	0.01879	0.04861	0.02433	0.01628	0.26395	0.00016	0.00016	
0.00012	0.06424	0.07438	0.00012	0.00439	0.02411	0.00015	0.02215	0.12688	0.02945	0.00012	0.01094	0.00012	0.0	9e-05	0.03322	0.02452	0.00012	0.01471	0.24628	0.02505	0.00012	0.01802	0.0	0.00012	0.00012	0.00012	0.00012	0.02532	0.02254	0.24193	0.05694	0.0	0.00012	0.00012	0.0	0.0	0.0	0.00012	0.03812	0.01538	0.06341	0.07091	0.2376	0.00012	0.04458	0.01554	0.00012	0.01802	0.01631	0.02851	0.00291	0.01129	0.02073	0.00012	0.00012	0.01554	0.00012	0.00012	0.01802	0.01802	0.00012	0.00012	0.00012	0.00012	0.00012	0.00012	0.00012	0.03176	0.01631	0.00012	0.00243	0.02085	0.00012	0.00012	0.00012	0.00012	0.00012	0.00012	0.07438	0.01344	0.00012	0.00012	0.01802	0.01802	0.0	0.00012	0.06357	0.00012	0.31107	0.0412	0.0281	0.01554	0.02456	0.00453	0.03232	0.02073	0.02614	0.00012	0.00012	
0.0	1e-05	5e-05	0.0	6e-05	0.0002	7e-05	1e-05	0.00014	0.0001	0.0	0.00025	0.0	0.0	8e-05	0.0001	5e-05	0.0	3e-05	7e-05	0.00012	0.0	0.00016	0.00012	0.0	0.0	0.0	0.0	5e-05	6e-05	7e-05	7e-05	0.0	0.0	0.0	0.0	0.0	0.0	0.0	0.00018	2e-05	3e-05	5e-05	7e-05	0.0	8e-05	0.00018	0.0	0.00016	0.00017	0.00011	6e-05	5e-05	0.00019	0.0	0.0	0.00018	0.0	0.0	0.00016	0.00016	0.0	0.0	0.0	0.0	0.0	0.0	0.0	4e-05	0.00017	0.0	0.0	0.00017	0.0	0.0	0.0	0.0	0.0	0.0	5e-05	0.00021	0.0	0.0	0.00016	0.00016	0.0	0.0	0.0001	0.0	0.00021	8e-05	0.0001	0.00018	9e-05	7e-05	5e-05	0.00019	2e-05	0.0	0.0	
0.0	1e-05	5e-05	0.0	6e-05	0.0002	7e-05	1e-05	0.00014	0.0001	0.0	0.00025	0.0	0.0	8e-05	0.0001	5e-05	0.0	3e-05	7e-05	0.00012	0.0	0.00016	0.00012	0.0	0.0	0.0	0.0	5e-05	6e-05	7e-05	7e-05	0.0	0.0	0.0	0.0	0.0	0.0	0.0	0.00018	2e-05	3e-05	5e-05	7e-05	0.0	8e-05	0.00018	0.0	0.00016	0.00017	0.00011	6e-05	5e-05	0.00019	0.0	0.0	0.00018	0.0	0.0	0.00016	0.00016	0.0	0.0	0.0	0.0	0.0	0.0	0.0	4e-05	0.00017	0.0	0.0	0.00017	0.0	0.0	0.0	0.0	0.0	0.0	5e-05	0.00021	0.0	0.0	0.00016	0.00016	0.0	0.0	0.0001	0.0	0.00021	8e-05	0.0001	0.00018	9e-05	7e-05	5e-05	0.00019	2e-05	0.0	0.0	
0.0	1e-05	5e-05	0.0	6e-05	0.0002	7e-05	1e-05	0.00014	0.0001	0.0	0.00025	0.0	0.0	8e-05	0.0001	5e-05	0.0	3e-05	7e-05	0.00012	0.0	0.00016	0.00012	0.0	0.0	0.0	0.0	5e-05	6e-05	7e-05	7e-05	0.0	0.0	0.0	0.0	0.0	0.0	0.0	0.00018	2e-05	3e-05	5e-05	7e-05	0.0	8e-05	0.00018	0.0	0.00016	0.00017	0.00011	6e-05	5e-05	0.00019	0.0	0.0	0.00018	0.0	0.0	0.00016	0.00016	0.0	0.0	0.0	0.0	0.0	0.0	0.0	4e-05	0.00017	0.0	0.0	0.00017	0.0	0.0	0.0	0.0	0.0	0.0	5e-05	0.00021	0.0	0.0	0.00016	0.00016	0.0	0.0	0.0001	0.0	0.00021	8e-05	0.0001	0.00018	9e-05	7e-05	5e-05	0.00019	2e-05	0.0	0.0	
0.0	1e-05	5e-05	0.0	6e-05	0.0002	7e-05	1e-05	0.00014	0.0001	0.0	0.00025	0.0	0.0	8e-05	0.0001	5e-05	0.0	3e-05	7e-05	0.00012	0.0	0.00016	0.00012	0.0	0.0	0.0	0.0	5e-05	6e-05	7e-05	7e-05	0.0	0.0	0.0	0.0	0.0	0.0	0.0	0.00018	2e-05	3e-05	5e-05	7e-05	0.0	8e-05	0.00018	0.0	0.00016	0.00017	0.00011	6e-05	5e-05	0.00019	0.0	0.0	0.00018	0.0	0.0	0.00016	0.00016	0.0	0.0	0.0	0.0	0.0	0.0	0.0	4e-05	0.00017	0.0	0.0	0.00017	0.0	0.0	0.0	0.0	0.0	0.0	5e-05	0.00021	0.0	0.0	0.00016	0.00016	0.0	0.0	0.0001	0.0	0.00021	8e-05	0.0001	0.00018	9e-05	7e-05	5e-05	0.00019	2e-05	0.0	0.0	
5e-05	0.12529	0.12827	5e-05	0.05696	0.31398	0.02403	0.12902	0.03524	0.02706	5e-05	0.01777	5e-05	0.0	0.0546	0.0497	0.12596	5e-05	0.17898	0.1026	0.04676	5e-05	0.03172	0.02532	5e-05	5e-05	5e-05	5e-05	0.0	0.04358	0.01209	0.12305	0.0	5e-05	5e-05	0.0	0.0	0.0	5e-05	0.03711	0.11978	0.16061	0.09194	0.32246	5e-05	0.02487	0.02667	5e-05	0.03172	0.02821	0.0545	0.08203	0.13455	0.18692	5e-05	5e-05	0.02667	5e-05	5e-05	0.03172	0.03172	5e-05	5e-05	5e-05	5e-05	5e-05	5e-05	5e-05	0.0661	0.02821	5e-05	0.03529	0.04823	5e-05	5e-05	5e-05	5e-05	5e-05	5e-05	0.12827	0.02253	5e-05	5e-05	0.03172	0.03172	0.0	5e-05	0.01422	5e-05	0.02253	0.02953	0.05358	0.02667	0.16729	0.06132	0.08186	0.18692	0.17073	5e-05	5e-05	
6e-05	0.26955	0.0295	6e-05	0.08048	0.02358	0.08976	0.07626	0.01907	0.02911	6e-05	0.41014	6e-05	0.0	0.0919	0.03315	0.38419	6e-05	0.05688	0.01782	0.02449	6e-05	0.01731	0.02254	6e-05	6e-05	6e-05	6e-05	0.04358	0.0	0.04494	0.19066	0.0	6e-05	6e-05	0.0	0.0	0.0	6e-05	0.01959	0.11549	0.04981	0.03725	0.01886	6e-05	0.13182	0.01481	6e-05	0.01731	0.59848	0.02808	0.08053	0.08165	0.02022	6e-05	6e-05	0.01481	6e-05	6e-05	0.01731	0.01731	6e-05	6e-05	6e-05	6e-05	6e-05	6e-05	6e-05	0.33283	0.59848	6e-05	0.00198	0.02	6e-05	6e-05	6e-05	6e-05	6e-05	6e-05	0.0295	0.01277	6e-05	6e-05	0.01731	0.01731	0.0	6e-05	0.0283	6e-05	0.01277	0.04155	0.02908	0.01481	0.0245	0.06738	0.10873	0.02022	0.09901	6e-05	6e-05	
7e-05	0.16958	0.19283	7e-05	0.01831	0.0469	0.0569	0.0416	0.0315	0.03105	7e-05	0.01923	7e-05	0.0	0.05428	0.06712	0.04954	7e-05	0.02523	0.11092	0.04872	7e-05	0.1698	0.24193	7e-05	7e-05	7e-05	7e-05	0.01209	0.04494	0.0	0.00016	0.0	7e-05	7e-05	0.0	0.0	0.0	7e-05	0.05945	0.02955	0.18373	0.18577	0.11047	7e-05	0.09379	0.02843	7e-05	0.1698	0.03	0.03507	0.01998	0.02311	0.03927	7e-05	7e-05	0.02843	7e-05	7e-05	0.03358	0.03358	7e-05	7e-05	7e-05	7e-05	7e-05	7e-05	7e-05	0.05438	0.03	7e-05	0.00404	0.03994	7e-05	7e-05	7e-05	7e-05	7e-05	7e-05	0.19283	0.11559	7e-05	7e-05	0.03358	0.03358	0.0	7e-05	0.11291	7e-05	0.11559	0.00544	0.05552	0.02843	0.04941	0.0152	0.06792	0.03927	0.14398	7e-05	7e-05	
7e-05	0.12127	0.07955	7e-05	0.05882	0.0607	0.00148	0.06371	0.04728	0.01366	7e-05	0.06564	7e-05	0.0	0.00107	0.00594	0.10923	7e-05	0.02839	0.04512	0.03071	7e-05	0.12221	0.05694	7e-05	7e-05	7e-05	7e-05	0.12305	0.19066	0.00016	0.0	0.0	7e-05	7e-05	0.0	0.0	0.0	7e-05	0.05071	0.03745	0.19667	0.10398	0.04811	7e-05	0.04893	0.03588	7e-05	0.12221	0.10743	0.01639	0.07214	0.05933	0.05008	7e-05	7e-05	0.03588	7e-05	7e-05	0.12221	0.12221	7e-05	7e-05	7e-05	7e-05	7e-05	7e-05	7e-05	0.10919	0.10743	7e-05	0.00491	0.05159	7e-05	7e-05	7e-05	7e-05	7e-05	7e-05	0.07955	0.03036	7e-05	7e-05	0.12221	0.12221	0.0	7e-05	0.07351	7e-05	0.03036	0.00014	0.00099	0.03588	0.06405	0.19907	0.02567	0.05008	0.0854	7e-05	7e-05	
0.0	0.0	0.0	0.0	0.0	0.0	0.0	0.0	0.0	0.0	0.0	0.0	0.0	0.0	0.0	0.0	0.0	0.0	0.0	0.0	0.0	0.0	0.0	0.0	0.0	0.0	0.0	0.0	0.0	0.0	0.0	0.0	0.0	0.0	0.0	0.0	0.0	0.0	0.0	0.0	0.0	0.0	0.0	0.0	0.0	0.0	0.0	0.0	0.0	0.0	0.0	0.0	0.0	0.0	0.0	0.0	0.0	0.0	0.0	0.0	0.0	0.0	0.0	0.0	0.0	0.0	0.0	0.0	0.0	0.0	0.0	0.0	0.0	0.0	0.0	0.0	0.0	0.0	0.0	0.0	0.0	0.0	0.0	0.0	0.0	0.0	0.0	0.0	0.0	0.0	0.0	0.0	0.0	0.0	0.0	0.0	0.0	0.0	0.0	0.0	
0.0	1e-05	5e-05	0.0	6e-05	0.0002	7e-05	1e-05	0.00014	0.0001	0.0	0.00025	0.0	0.0	8e-05	0.0001	5e-05	0.0	3e-05	7e-05	0.00012	0.0	0.00016	0.00012	0.0	0.0	0.0	0.0	5e-05	6e-05	7e-05	7e-05	0.0	0.0	0.0	0.0	0.0	0.0	0.0	0.00018	2e-05	3e-05	5e-05	7e-05	0.0	8e-05	0.00018	0.0	0.00016	0.00017	0.00011	6e-05	5e-05	0.00019	0.0	0.0	0.00018	0.0	0.0	0.00016	0.00016	0.0	0.0	0.0	0.0	0.0	0.0	0.0	4e-05	0.00017	0.0	0.0	0.00017	0.0	0.0	0.0	0.0	0.0	0.0	5e-05	0.00021	0.0	0.0	0.00016	0.00016	0.0	0.0	0.0001	0.0	0.00021	8e-05	0.0001	0.00018	9e-05	7e-05	5e-05	0.00019	2e-05	0.0	0.0	
0.0	1e-05	5e-05	0.0	6e-05	0.0002	7e-05	1e-05	0.00014	0.0001	0.0	0.00025	0.0	0.0	8e-05	0.0001	5e-05	0.0	3e-05	7e-05	0.00012	0.0	0.00016	0.00012	0.0	0.0	0.0	0.0	5e-05	6e-05	7e-05	7e-05	0.0	0.0	0.0	0.0	0.0	0.0	0.0	0.00018	2e-05	3e-05	5e-05	7e-05	0.0	8e-05	0.00018	0.0	0.00016	0.00017	0.00011	6e-05	5e-05	0.00019	0.0	0.0	0.00018	0.0	0.0	0.00016	0.00016	0.0	0.0	0.0	0.0	0.0	0.0	0.0	4e-05	0.00017	0.0	0.0	0.00017	0.0	0.0	0.0	0.0	0.0	0.0	5e-05	0.00021	0.0	0.0	0.00016	0.00016	0.0	0.0	0.0001	0.0	0.00021	8e-05	0.0001	0.00018	9e-05	7e-05	5e-05	0.00019	2e-05	0.0	0.0	
0.0	0.0	0.0	0.0	0.0	0.0	0.0	0.0	0.0	0.0	0.0	0.0	0.0	0.0	0.0	0.0	0.0	0.0	0.0	0.0	0.0	0.0	0.0	0.0	0.0	0.0	0.0	0.0	0.0	0.0	0.0	0.0	0.0	0.0	0.0	0.0	0.0	0.0	0.0	0.0	0.0	0.0	0.0	0.0	0.0	0.0	0.0	0.0	0.0	0.0	0.0	0.0	0.0	0.0	0.0	0.0	0.0	0.0	0.0	0.0	0.0	0.0	0.0	0.0	0.0	0.0	0.0	0.0	0.0	0.0	0.0	0.0	0.0	0.0	0.0	0.0	0.0	0.0	0.0	0.0	0.0	0.0	0.0	0.0	0.0	0.0	0.0	0.0	0.0	0.0	0.0	0.0	0.0	0.0	0.0	0.0	0.0	0.0	0.0	0.0	
0.0	0.0	0.0	0.0	0.0	0.0	0.0	0.0	0.0	0.0	0.0	0.0	0.0	0.0	0.0	0.0	0.0	0.0	0.0	0.0	0.0	0.0	0.0	0.0	0.0	0.0	0.0	0.0	0.0	0.0	0.0	0.0	0.0	0.0	0.0	0.0	0.0	0.0	0.0	0.0	0.0	0.0	0.0	0.0	0.0	0.0	0.0	0.0	0.0	0.0	0.0	0.0	0.0	0.0	0.0	0.0	0.0	0.0	0.0	0.0	0.0	0.0	0.0	0.0	0.0	0.0	0.0	0.0	0.0	0.0	0.0	0.0	0.0	0.0	0.0	0.0	0.0	0.0	0.0	0.0	0.0	0.0	0.0	0.0	0.0	0.0	0.0	0.0	0.0	0.0	0.0	0.0	0.0	0.0	0.0	0.0	0.0	0.0	0.0	0.0	
0.0	0.0	0.0	0.0	0.0	0.0	0.0	0.0	0.0	0.0	0.0	0.0	0.0	0.0	0.0	0.0	0.0	0.0	0.0	0.0	0.0	0.0	0.0	0.0	0.0	0.0	0.0	0.0	0.0	0.0	0.0	0.0	0.0	0.0	0.0	0.0	0.0	0.0	0.0	0.0	0.0	0.0	0.0	0.0	0.0	0.0	0.0	0.0	0.0	0.0	0.0	0.0	0.0	0.0	0.0	0.0	0.0	0.0	0.0	0.0	0.0	0.0	0.0	0.0	0.0	0.0	0.0	0.0	0.0	0.0	0.0	0.0	0.0	0.0	0.0	0.0	0.0	0.0	0.0	0.0	0.0	0.0	0.0	0.0	0.0	0.0	0.0	0.0	0.0	0.0	0.0	0.0	0.0	0.0	0.0	0.0	0.0	0.0	0.0	0.0	
0.0	1e-05	5e-05	0.0	6e-05	0.0002	7e-05	1e-05	0.00014	0.0001	0.0	0.00025	0.0	0.0	8e-05	0.0001	5e-05	0.0	3e-05	7e-05	0.00012	0.0	0.00016	0.00012	0.0	0.0	0.0	0.0	5e-05	6e-05	7e-05	7e-05	0.0	0.0	0.0	0.0	0.0	0.0	0.0	0.00018	2e-05	3e-05	5e-05	7e-05	0.0	8e-05	0.00018	0.0	0.00016	0.00017	0.00011	6e-05	5e-05	0.00019	0.0	0.0	0.00018	0.0	0.0	0.00016	0.00016	0.0	0.0	0.0	0.0	0.0	0.0	0.0	4e-05	0.00017	0.0	0.0	0.00017	0.0	0.0	0.0	0.0	0.0	0.0	5e-05	0.00021	0.0	0.0	0.00016	0.00016	0.0	0.0	0.0001	0.0	0.00021	8e-05	0.0001	0.00018	9e-05	7e-05	5e-05	0.00019	2e-05	0.0	0.0	
0.00018	0.16588	0.23144	0.00018	0.05978	0.02241	0.10359	0.05068	0.05223	0.02588	0.00018	0.01012	0.00018	0.0	0.05886	0.02947	0.02105	0.00018	0.05011	0.01587	0.02196	0.00018	0.01608	0.03812	0.00018	0.00018	0.00018	0.00018	0.03711	0.01959	0.05945	0.05071	0.0	0.00018	0.00018	0.0	0.0	0.0	0.00018	0.0	0.05251	0.14516	0.19674	0.01666	0.00018	0.03955	1.00169	0.00018	0.01608	0.01465	0.26771	0.08052	0.10091	0.01894	0.00018	0.00018	1.00169	0.00018	0.00018	0.01608	0.01608	0.00018	0.00018	0.00018	0.00018	0.00018	0.00018	0.00018	0.02692	0.01465	0.00018	0.0025	0.01916	0.00018	0.00018	0.00018	0.00018	0.00018	0.00018	0.23144	0.21472	0.00018	0.00018	0.01608	0.01608	0.0	0.00018	0.02998	0.00018	0.21472	0.03649	0.27425	1.00169	0.02147	0.08666	0.39379	0.01894	0.05331	0.00018	0.00018	
2e-05	0.30726	0.256	2e-05	0.12658	0.08742	0.08317	0.24501	0.01914	0.09947	2e-05	0.04634	2e-05	0.0	0.01182	0.10655	0.2224	2e-05	0.21145	0.05275	0.05767	2e-05	0.04843	0.01538	2e-05	2e-05	2e-05	2e-05	0.11978	0.11549	0.02955	0.03745	0.0	2e-05	2e-05	0.0	0.0	0.0	2e-05	0.05251	0.0	0.18615	0.14998	0.07012	2e-05	0.03437	0.04024	2e-05	0.04843	0.07716	0.08721	0.07576	0.10655	0.05773	2e-05	2e-05	0.04024	2e-05	2e-05	0.04843	0.04843	2e-05	2e-05	2e-05	2e-05	2e-05	2e-05	2e-05	0.07376	0.07716	2e-05	0.00593	0.06063	2e-05	2e-05	2e-05	2e-05	2e-05	2e-05	0.256	0.06004	2e-05	2e-05	0.04843	0.04843	0.0	2e-05	0.01711	2e-05	0.06004	0.04084	0.0856	0.04024	0.1319	0.11683	0.04941	0.05773	0.26761	2e-05	2e-05	
3e-05	0.27705	0.29651	3e-05	0.27898	0.31084	0.35826	0.17558	0.07134	0.06545	3e-05	0.01869	3e-05	0.0	0.34566	0.30201	0.0561	3e-05	0.14603	0.03785	0.07812	3e-05	0.14363	0.06341	3e-05	3e-05	3e-05	3e-05	0.16061	0.04981	0.18373	0.19667	0.0	3e-05	3e-05	0.0	0.0	0.0	3e-05	0.14516	0.18615	0.0	0.4915	0.04066	3e-05	0.16009	0.02873	3e-05	0.14363	0.0305	0.06747	0.16987	0.281	0.3051	3e-05	3e-05	0.02873	3e-05	3e-05	0.14363	0.14363	3e-05	3e-05	3e-05	3e-05	3e-05	3e-05	3e-05	0.08648	0.0305	3e-05	0.12699	0.12995	3e-05	3e-05	3e-05	3e-05	3e-05	3e-05	0.29651	0.12083	3e-05	3e-05	0.14363	0.14363	0.0	3e-05	0.05875	3e-05	0.12083	0.18186	0.06081	0.02873	0.28029	0.18029	0.19924	0.3051	0.44589	3e-05	3e-05	
5e-05	0.31722	0.37613	5e-05	0.06941	0.29923	0.10542	0.16034	0.16835	0.04839	5e-05	0.01523	5e-05	0.0	0.10224	0.12376	0.04151	5e-05	0.1545	0.09278	0.04001	5e-05	0.02717	0.07091	5e-05	5e-05	5e-05	5e-05	0.09194	0.03725	0.18577	0.10398	0.0	5e-05	5e-05	0.0	0.0	0.0	5e-05	0.19674	0.14998	0.4915	0.0	0.03099	5e-05	0.08721	0.02285	5e-05	0.02717	0.02417	0.04659	0.15711	0.28194	0.29941	5e-05	5e-05	0.02285	5e-05	5e-05	0.02717	0.02717	5e-05	5e-05	5e-05	5e-05	5e-05	5e-05	5e-05	0.05651	0.02417	5e-05	0.09297	0.24212	5e-05	5e-05	5e-05	5e-05	5e-05	5e-05	0.37613	0.17034	5e-05	5e-05	0.02717	0.02717	0.0	5e-05	0.0541	5e-05	0.17034	0.0946	0.04581	0.02285	0.25679	0.05304	0.14822	0.29941	0.30818	5e-05	5e-05	
7e-05	0.02934	0.02482	7e-05	0.08254	0.0199	0.07191	0.07228	0.01639	0.02471	7e-05	0.00895	7e-05	0.0	0.07343	0.02795	0.02071	7e-05	0.07267	0.40375	0.02095	7e-05	0.01495	0.2376	7e-05	7e-05	7e-05	7e-05	0.32246	0.01886	0.11047	0.04811	0.0	7e-05	7e-05	0.0	0.0	0.0	7e-05	0.01666	0.07012	0.04066	0.03099	0.0	7e-05	0.03764	0.01284	7e-05	0.01495	0.01349	0.02391	0.10901	0.06501	0.01725	7e-05	7e-05	0.01284	7e-05	7e-05	0.01495	0.01495	7e-05	7e-05	7e-05	7e-05	7e-05	7e-05	7e-05	0.02698	0.01349	7e-05	0.00167	0.01702	7e-05	7e-05	7e-05	7e-05	7e-05	7e-05	0.02482	0.01106	7e-05	7e-05	0.01495	0.01495	0.0	7e-05	0.17939	7e-05	0.01106	0.03475	0.02356	0.01284	0.02073	0.11916	0.02746	0.01725	0.04642	7e-05	7e-05	
0.0	1e-05	5e-05	0.0	6e-05	0.0002	7e-05	1e-05	0.00014	0.0001	0.0	0.00025	0.0	0.0	8e-05	0.0001	5e-05	0.0	3e-05	7e-05	0.00012	0.0	0.00016	0.00012	0.0	0.0	0.0	0.0	5e-05	6e-05	7e-05	7e-05	0.0	0.0	0.0	0.0	0.0	0.0	0.0	0.00018	2e-05	3e-05	5e-05	7e-05	0.0	8e-05	0.00018	0.0	0.00016	0.00017	0.00011	6e-05	5e-05	0.00019	0.0	0.0	0.00018	0.0	0.0	0.00016	0.00016	0.0	0.0	0.0	0.0	0.0	0.0	0.0	4e-05	0.00017	0.0	0.0	0.00017	0.0	0.0	0.0	0.0	0.0	0.0	5e-05	0.00021	0.0	0.0	0.00016	0.00016	0.0	0.0	0.0001	0.0	0.00021	8e-05	0.0001	0.00018	9e-05	7e-05	5e-05	0.00019	2e-05	0.0	0.0	
8e-05	0.12437	0.06091	8e-05	0.07185	0.20178	0.03746	0.11373	0.03726	0.05872	8e-05	0.01928	8e-05	0.0	0.03541	0.44353	0.12991	8e-05	0.01802	0.03539	0.05457	8e-05	0.03367	0.04458	8e-05	8e-05	8e-05	8e-05	0.02487	0.13182	0.09379	0.04893	0.0	8e-05	8e-05	0.0	0.0	0.0	8e-05	0.03955	0.03437	0.16009	0.08721	0.03764	8e-05	0.0	0.02851	8e-05	0.03367	0.14784	0.0566	0.0002	0.1156	0.20512	8e-05	8e-05	0.02851	8e-05	8e-05	0.16909	0.16909	8e-05	8e-05	8e-05	8e-05	8e-05	8e-05	8e-05	0.13222	0.14784	8e-05	0.04163	0.05066	8e-05	8e-05	8e-05	8e-05	8e-05	8e-05	0.06091	0.02423	8e-05	8e-05	0.16909	0.16909	0.0	8e-05	0.057	8e-05	0.02423	0.01748	0.05569	0.02851	0.17713	0.1458	0.07721	0.20512	0.12283	8e-05	8e-05	
0.00018	0.02129	0.01872	0.00018	0.04107	0.01623	0.06449	0.03011	0.01346	0.01941	0.00018	0.00789	0.00018	0.0	0.05373	0.02169	0.01593	0.00018	0.03361	0.01225	0.01674	0.00018	0.01241	0.01554	0.00018	0.00018	0.00018	0.00018	0.02667	0.01481	0.02843	0.03588	0.0	0.00018	0.00018	0.0	0.0	0.0	0.00018	1.00169	0.04024	0.02873	0.02285	0.01284	0.00018	0.02851	0.0	0.00018	0.01241	0.01133	0.27171	0.07878	0.0609	0.0141	0.00018	0.00018	0.99955	0.00018	0.00018	0.01241	0.01241	0.00018	0.00018	0.00018	0.00018	0.00018	0.00018	0.00018	0.0202	0.01133	0.00018	0.00182	0.01422	0.00018	0.00018	0.00018	0.00018	0.00018	0.00018	0.01872	0.00951	0.00018	0.00018	0.01241	0.01241	0.0	0.00018	0.01894	0.00018	0.00951	0.02648	0.27817	0.99955	0.01602	0.0859	0.38554	0.0141	0.03264	0.00018	0.00018	
0.0	1e-05	5e-05	0.0	6e-05	0.0002	7e-05	1e-05	0.00014	0.0001	0.0	0.00025	0.0	0.0	8e-05	0.0001	5e-05	0.0	3e-05	7e-05	0.00012	0.0	0.00016	0.00012	0.0	0.0	0.0	0.0	5e-05	6e-05	7e-05	7e-05	0.0	0.0	0.0	0.0	0.0	0.0	0.0	0.00018	2e-05	3e-05	5e-05	7e-05	0.0	8e-05	0.00018	0.0	0.00016	0.00017	0.00011	6e-05	5e-05	0.00019	0.0	0.0	0.00018	0.0	0.0	0.00016	0.00016	0.0	0.0	0.0	0.0	0.0	0.0	0.0	4e-05	0.00017	0.0	0.0	0.00017	0.0	0.0	0.0	0.0	0.0	0.0	5e-05	0.00021	0.0	0.0	0.00016	0.00016	0.0	0.0	0.0001	0.0	0.00021	8e-05	0.0001	0.00018	9e-05	7e-05	5e-05	0.00019	2e-05	0.0	0.0	
0.00016	0.02542	0.02212	0.00016	0.10285	0.01877	0.07734	0.03617	0.01552	0.32259	0.00016	0.00891	0.00016	0.0	0.07571	0.02543	0.01871	0.00016	0.04024	0.01423	0.01946	0.00016	0.99961	0.01802	0.00016	0.00016	0.00016	0.00016	0.03172	0.01731	0.1698	0.12221	0.0	0.00016	0.00016	0.0	0.0	0.0	0.00016	0.01608	0.04843	0.14363	0.02717	0.01495	0.00016	0.03367	0.01241	0.00016	0.0	0.01298	0.34132	0.05236	0.0555	0.01628	0.00016	0.00016	0.01241	0.00016	0.00016	0.01426	0.01426	0.00016	0.00016	0.00016	0.00016	0.00016	0.00016	0.00016	0.26558	0.01298	0.00016	0.00193	0.01635	0.00016	0.00016	0.00016	0.00016	0.00016	0.00016	0.02212	0.01082	0.00016	0.00016	0.01426	0.01426	0.0	0.00016	0.02212	0.00016	0.01082	0.18939	0.0217	0.01241	0.01879	0.04861	0.02433	0.01628	0.26395	0.00016	0.00016	
0.00017	0.30637	0.01976	0.00017	0.04345	0.01701	0.05578	0.03195	0.01409	0.02041	0.00017	0.00821	0.00017	0.0	0.05693	0.02284	0.50148	0.00017	0.03562	0.01286	0.01757	0.00017	0.01298	0.01631	0.00017	0.00017	0.00017	0.00017	0.02821	0.59848	0.03	0.10743	0.0	0.00017	0.00017	0.0	0.0	0.0	0.00017	0.01465	0.07716	0.0305	0.02417	0.01349	0.00017	0.14784	0.01133	0.00017	0.01298	0.0	0.01981	0.0465	0.04891	0.01477	0.00017	0.00017	0.01133	0.00017	0.00017	0.01298	0.01298	0.00017	0.00017	0.00017	0.00017	0.00017	0.00017	0.00017	0.40526	0.99957	0.00017	0.00186	0.01488	0.00017	0.00017	0.00017	0.00017	0.00017	0.00017	0.01976	0.00992	0.00017	0.00017	0.01298	0.01298	0.0	0.00017	0.01992	0.00017	0.00992	0.02793	0.01955	0.01133	0.01687	0.04321	0.0217	0.01477	0.09132	0.00017	0.00017	
0.00011	0.04416	0.03707	0.00011	0.00953	0.02966	0.13892	0.06443	0.02415	0.09798	0.00011	0.01307	0.00011	0.0	0.00191	0.04167	0.0308	0.00011	0.07091	0.02261	0.03103	0.00011	0.34132	0.02851	0.00011	0.00011	0.00011	0.00011	0.0545	0.02808	0.03507	0.01639	0.0	0.00011	0.00011	0.0	0.0	0.0	0.00011	0.26771	0.08721	0.06747	0.04659	0.02391	0.00011	0.0566	0.27171	0.00011	0.34132	0.01981	0.0	0.00069	0.01398	0.02544	0.00011	0.00011	0.27171	0.00011	0.00011	0.02199	0.02199	0.00011	0.00011	0.00011	0.00011	0.00011	0.00011	0.00011	0.10415	0.01981	0.00011	0.00251	0.0254	0.00011	0.00011	0.00011	0.00011	0.00011	0.00011	0.03707	0.01619	0.00011	0.00011	0.02199	0.02199	0.0	0.00011	0.03575	0.00011	0.01619	0.04309	0.06075	0.27171	0.03081	0.00167	0.17496	0.02544	0.1674	0.00011	0.00011	
6e-05	0.12821	0.1003	6e-05	0.01957	0.1111	0.00135	0.06307	5e-05	0.09486	6e-05	0.05151	6e-05	0.0	0.05212	0.008	0.08036	6e-05	0.08979	0.10153	0.07782	6e-05	0.05236	0.00291	6e-05	6e-05	6e-05	6e-05	0.08203	0.08053	0.01998	0.07214	0.0	6e-05	6e-05	0.0	0.0	0.0	6e-05	0.08052	0.07576	0.16987	0.15711	0.10901	6e-05	0.0002	0.07878	6e-05	0.05236	0.0465	0.00069	0.0	0.09896	0.11318	6e-05	6e-05	0.07878	6e-05	6e-05	0.05236	0.05236	6e-05	6e-05	6e-05	6e-05	6e-05	6e-05	6e-05	0.11113	0.0465	6e-05	0.01569	0.13492	6e-05	6e-05	6e-05	6e-05	6e-05	6e-05	0.1003	0.03706	6e-05	6e-05	0.05236	0.05236	0.0	6e-05	0.01751	6e-05	0.03706	0.0002	0.03208	0.07878	0.1146	0.0738	0.22541	0.11318	0.19224	6e-05	6e-05	
5e-05	0.16283	0.1592	5e-05	0.08441	0.37807	0.14839	0.08508	0.01331	0.0147	5e-05	0.02992	5e-05	0.0	0.15335	0.23991	0.09305	5e-05	0.12344	0.06048	0.1147	5e-05	0.0555	0.01129	5e-05	5e-05	5e-05	5e-05	0.13455	0.08165	0.02311	0.05933	0.0	5e-05	5e-05	0.0	0.0	0.0	5e-05	0.10091	0.10655	0.281	0.28194	0.06501	5e-05	0.1156	0.0609	5e-05	0.0555	0.04891	0.01398	0.09896	0.0	0.352	5e-05	5e-05	0.0609	5e-05	5e-05	0.07376	0.07376	5e-05	5e-05	5e-05	5e-05	5e-05	5e-05	5e-05	0.12895	0.04891	5e-05	0.15714	0.17567	5e-05	5e-05	5e-05	5e-05	5e-05	5e-05	0.1592	0.05066	5e-05	5e-05	0.07376	0.07376	0.0	5e-05	0.01589	5e-05	0.05066	0.21006	0.01378	0.0609	0.34134	0.03848	0.25441	0.352	0.23253	5e-05	5e-05	
0.00019	0.03004	0.02587	0.00019	0.123	1.00144	0.09196	0.04302	0.01776	0.02626	0.00019	0.01003	0.00019	0.0	0.08998	0.32726	0.02178	0.00019	0.0477	0.0164	0.02243	0.00019	0.01628	0.02073	0.00019	0.00019	0.00019	0.00019	0.18692	0.02022	0.03927	0.05008	0.0	0.00019	0.00019	0.0	0.0	0.0	0.00019	0.01894	0.05773	0.3051	0.29941	0.01725	0.00019	0.20512	0.0141	0.00019	0.01628	0.01477	0.02544	0.11318	0.352	0.0	0.00019	0.00019	0.0141	0.00019	0.00019	0.01628	0.01628	0.00019	0.00019	0.00019	0.00019	0.00019	0.00019	0.00019	0.02803	0.01477	0.00019	0.0	0.36618	0.00019	0.00019	0.00019	0.00019	0.00019	0.00019	0.02587	0.01224	0.00019	0.00019	0.01628	0.01628	0.0	0.00019	0.02559	0.00019	0.01224	0.23078	0.02509	0.0141	0.64409	0.0573	0.32022	0.99977	0.29914	0.00019	0.00019	
0.0	1e-05	5e-05	0.0	6e-05	0.0002	7e-05	1e-05	0.00014	0.0001	0.0	0.00025	0.0	0.0	8e-05	0.0001	5e-05	0.0	3e-05	7e-05	0.00012	0.0	0.00016	0.00012	0.0	0.0	0.0	0.0	5e-05	6e-05	7e-05	7e-05	0.0	0.0	0.0	0.0	0.0	0.0	0.0	0.00018	2e-05	3e-05	5e-05	7e-05	0.0	8e-05	0.00018	0.0	0.00016	0.00017	0.00011	6e-05	5e-05	0.00019	0.0	0.0	0.00018	0.0	0.0	0.00016	0.00016	0.0	0.0	0.0	0.0	0.0	0.0	0.0	4e-05	0.00017	0.0	0.0	0.00017	0.0	0.0	0.0	0.0	0.0	0.0	5e-05	0.00021	0.0	0.0	0.00016	0.00016	0.0	0.0	0.0001	0.0	0.00021	8e-05	0.0001	0.00018	9e-05	7e-05	5e-05	0.00019	2e-05	0.0	0.0	
0.0	1e-05	5e-05	0.0	6e-05	0.0002	7e-05	1e-05	0.00014	0.0001	0.0	0.00025	0.0	0.0	8e-05	0.0001	5e-05	0.0	3e-05	7e-05	0.00012	0.0	0.00016	0.00012	0.0	0.0	0.0	0.0	5e-05	6e-05	7e-05	7e-05	0.0	0.0	0.0	0.0	0.0	0.0	0.0	0.00018	2e-05	3e-05	5e-05	7e-05	0.0	8e-05	0.00018	0.0	0.00016	0.00017	0.00011	6e-05	5e-05	0.00019	0.0	0.0	0.00018	0.0	0.0	0.00016	0.00016	0.0	0.0	0.0	0.0	0.0	0.0	0.0	4e-05	0.00017	0.0	0.0	0.00017	0.0	0.0	0.0	0.0	0.0	0.0	5e-05	0.00021	0.0	0.0	0.00016	0.00016	0.0	0.0	0.0001	0.0	0.00021	8e-05	0.0001	0.00018	9e-05	7e-05	5e-05	0.00019	2e-05	0.0	0.0	
0.00018	0.02129	0.01872	0.00018	0.04107	0.01623	0.06449	0.03011	0.01346	0.01941	0.00018	0.00789	0.00018	0.0	0.05373	0.02169	0.01593	0.00018	0.03361	0.01225	0.01674	0.00018	0.01241	0.01554	0.00018	0.00018	0.00018	0.00018	0.02667	0.01481	0.02843	0.03588	0.0	0.00018	0.00018	0.0	0.0	0.0	0.00018	1.00169	0.04024	0.02873	0.02285	0.01284	0.00018	0.02851	0.99955	0.00018	0.01241	0.01133	0.27171	0.07878	0.0609	0.0141	0.00018	0.00018	0.0	0.00018	0.00018	0.01241	0.01241	0.00018	0.00018	0.00018	0.00018	0.00018	0.00018	0.00018	0.0202	0.01133	0.00018	0.00182	0.01422	0.00018	0.00018	0.00018	0.00018	0.00018	0.00018	0.01872	0.00951	0.00018	0.00018	0.01241	0.01241	0.0	0.00018	0.01894	0.00018	0.00951	0.02648	0.27817	0.99955	0.01602	0.0859	0.38554	0.0141	0.03264	0.00018	0.00018	
0.0	1e-05	5e-05	0.0	6e-05	0.0002	7e-05	1e-05	0.00014	0.0001	0.0	0.00025	0.0	0.0	8e-05	0.0001	5e-05	0.0	3e-05	7e-05	0.00012	0.0	0.00016	0.00012	0.0	0.0	0.0	0.0	5e-05	6e-05	7e-05	7e-05	0.0	0.0	0.0	0.0	0.0	0.0	0.0	0.00018	2e-05	3e-05	5e-05	7e-05	0.0	8e-05	0.00018	0.0	0.00016	0.00017	0.00011	6e-05	5e-05	0.00019	0.0	0.0	0.00018	0.0	0.0	0.00016	0.00016	0.0	0.0	0.0	0.0	0.0	0.0	0.0	4e-05	0.00017	0.0	0.0	0.00017	0.0	0.0	0.0	0.0	0.0	0.0	5e-05	0.00021	0.0	0.0	0.00016	0.00016	0.0	0.0	0.0001	0.0	0.00021	8e-05	0.0001	0.00018	9e-05	7e-05	5e-05	0.00019	2e-05	0.0	0.0	
0.0	1e-05	5e-05	0.0	6e-05	0.0002	7e-05	1e-05	0.00014	0.0001	0.0	0.00025	0.0	0.0	8e-05	0.0001	5e-05	0.0	3e-05	7e-05	0.00012	0.0	0.00016	0.00012	0.0	0.0	0.0	0.0	5e-05	6e-05	7e-05	7e-05	0.0	0.0	0.0	0.0	0.0	0.0	0.0	0.00018	2e-05	3e-05	5e-05	7e-05	0.0	8e-05	0.00018	0.0	0.00016	0.00017	0.00011	6e-05	5e-05	0.00019	0.0	0.0	0.00018	0.0	0.0	0.00016	0.00016	0.0	0.0	0.0	0.0	0.0	0.0	0.0	4e-05	0.00017	0.0	0.0	0.00017	0.0	0.0	0.0	0.0	0.0	0.0	5e-05	0.00021	0.0	0.0	0.00016	0.00016	0.0	0.0	0.0001	0.0	0.00021	8e-05	0.0001	0.00018	9e-05	7e-05	5e-05	0.00019	2e-05	0.0	0.0	
0.00016	0.02542	0.02212	0.00016	0.10285	0.01877	0.07734	0.03617	0.01552	0.02268	0.00016	0.00891	0.00016	0.0	0.07571	0.26376	0.01871	0.00016	0.10801	0.01423	0.43295	0.00016	0.01426	0.01802	0.00016	0.00016	0.00016	0.00016	0.03172	0.01731	0.03358	0.12221	0.0	0.00016	0.00016	0.0	0.0	0.0	0.00016	0.01608	0.04843	0.14363	0.02717	0.01495	0.00016	0.16909	0.01241	0.00016	0.01426	0.01298	0.02199	0.05236	0.07376	0.01628	0.00016	0.00016	0.01241	0.00016	0.00016	0.0	0.99961	0.00016	0.00016	0.00016	0.00016	0.00016	0.00016	0.00016	0.02391	0.01298	0.00016	0.00193	0.01635	0.00016	0.00016	0.00016	0.00016	0.00016	0.00016	0.02212	0.01082	0.00016	0.00016	0.99961	0.99961	0.0	0.00016	0.02212	0.00016	0.01082	0.03122	0.0217	0.01241	0.01879	0.04861	0.02433	0.01628	0.03935	0.00016	0.00016	
0.00016	0.02542	0.02212	0.00016	0.10285	0.01877	0.07734	0.03617	0.01552	0.02268	0.00016	0.00891	0.00016	0.0	0.07571	0.26376	0.01871	0.00016	0.10801	0.01423	0.43295	0.00016	0.01426	0.01802	0.00016	0.00016	0.00016	0.00016	0.03172	0.01731	0.03358	0.12221	0.0	0.00016	0.00016	0.0	0.0	0.0	0.00016	0.01608	0.04843	0.14363	0.02717	0.01495	0.00016	0.16909	0.01241	0.00016	0.01426	0.01298	0.02199	0.05236	0.07376	0.01628	0.00016	0.00016	0.01241	0.00016	0.00016	0.99961	0.0	0.00016	0.00016	0.00016	0.00016	0.00016	0.00016	0.00016	0.02391	0.01298	0.00016	0.00193	0.01635	0.00016	0.00016	0.00016	0.00016	0.00016	0.00016	0.02212	0.01082	0.00016	0.00016	0.99961	0.99961	0.0	0.00016	0.02212	0.00016	0.01082	0.03122	0.0217	0.01241	0.01879	0.04861	0.02433	0.01628	0.03935	0.00016	0.00016	
0.0	1e-05	5e-05	0.0	6e-05	0.0002	7e-05	1e-05	0.00014	0.0001	0.0	0.00025	0.0	0.0	8e-05	0.0001	5e-05	0.0	3e-05	7e-05	0.00012	0.0	0.00016	0.00012	0.0	0.0	0.0	0.0	5e-05	6e-05	7e-05	7e-05	0.0	0.0	0.0	0.0	0.0	0.0	0.0	0.00018	2e-05	3e-05	5e-05	7e-05	0.0	8e-05	0.00018	0.0	0.00016	0.00017	0.00011	6e-05	5e-05	0.00019	0.0	0.0	0.00018	0.0	0.0	0.00016	0.00016	0.0	0.0	0.0	0.0	0.0	0.0	0.0	4e-05	0.00017	0.0	0.0	0.00017	0.0	0.0	0.0	0.0	0.0	0.0	5e-05	0.00021	0.0	0.0	0.00016	0.00016	0.0	0.0	0.0001	0.0	0.00021	8e-05	0.0001	0.00018	9e-05	7e-05	5e-05	0.00019	2e-05	0.0	0.0	
