0.0	0.1576	0.08764	0.14447	0.12113	0.06225	0.26243	8e-05	8e-05	0.02783	8e-05	0.14844	0.11401	0.08928	8e-05	8e-05	8e-05	8e-05	8e-05	8e-05	0.11934	0.12526	0.12141	0.08932	0.21999	0.10531	0.09529	0.10674	0.03345	0.09345	0.06174	0.10667	8e-05	0.08699	0.09474	0.09474	0.15567	0.0	0.14158	0.11363	0.10572	8e-05	0.23346	0.1279	0.18806	0.17083	0.09645	0.0	0.02715	0.11934	0.11934	0.04412	8e-05	0.00542	0.21992	0.18654	0.18801	0.09389	0.25563	0.09474	8e-05	8e-05	8e-05	8e-05	8e-05	8e-05	8e-05	8e-05	8e-05	8e-05	8e-05	8e-05	8e-05	8e-05	8e-05	8e-05	8e-05	8e-05	8e-05	0.16384	0.06225	0.15361	0.11179	0.16494	0.16563	0.116	
0.1576	0.0	0.17235	0.25806	0.09155	0.05065	0.09386	4e-05	4e-05	0.02308	4e-05	0.27795	0.04227	0.19741	4e-05	4e-05	4e-05	4e-05	4e-05	4e-05	0.2789	0.26339	0.20324	0.06844	0.23205	0.26022	0.1798	0.2786	0.19899	0.28568	0.04369	0.10235	4e-05	0.263	0.03893	0.03893	0.05888	0.0	0.37838	0.33066	0.10231	4e-05	0.14465	0.26052	0.3195	0.15385	0.14687	0.0	0.17463	0.2789	0.2789	0.09008	4e-05	0.08819	0.1452	0.18948	0.17878	0.09602	0.14427	0.03893	4e-05	4e-05	4e-05	4e-05	4e-05	4e-05	4e-05	4e-05	4e-05	4e-05	4e-05	4e-05	4e-05	4e-05	4e-05	4e-05	4e-05	4e-05	4e-05	0.21293	0.05065	0.11469	0.22885	0.09169	0.24828	0.29353	
0.08764	0.17235	0.0	0.27291	0.03735	0.05697	0.02264	6e-05	6e-05	0.02756	6e-05	0.13438	0.04821	0.03378	6e-05	6e-05	6e-05	6e-05	6e-05	6e-05	0.31623	0.11625	0.07902	0.03383	0.09528	0.35109	0.24331	0.1377	0.03532	0.13388	0.04247	0.16552	6e-05	0.46854	0.11865	0.11865	0.11589	0.0	0.10238	0.23267	0.08983	6e-05	0.06238	0.22237	0.18167	0.46282	0.09532	0.0	0.15755	0.31623	0.31623	0.02321	6e-05	0.24186	0.09618	0.05689	0.18205	0.04531	0.10459	0.11865	6e-05	6e-05	6e-05	6e-05	6e-05	6e-05	6e-05	6e-05	6e-05	6e-05	6e-05	6e-05	6e-05	6e-05	6e-05	6e-05	6e-05	6e-05	6e-05	0.1014	0.05697	0.07972	0.04411	0.00787	0.13859	0.15241	
0.14447	0.25806	0.27291	0.0	0.02442	0.03712	0.08101	0.00018	0.00018	0.28535	0.00018	0.19068	0.03145	0.09148	0.00018	0.00018	0.00018	0.00018	0.00018	0.00018	0.73256	0.33023	0.12793	0.09153	0.35333	0.2698	0.06704	0.31149	0.09361	0.19357	0.04949	0.10209	0.00018	0.3467	0.02921	0.02921	0.04127	0.0	0.30133	0.4143	0.14444	0.00018	0.16222	0.09836	0.30619	0.37606	0.86454	0.0	0.96549	0.73256	0.73256	0.01522	0.00018	0.23211	0.15583	0.06909	0.17716	0.08361	0.20212	0.02921	0.00018	0.00018	0.00018	0.00018	0.00018	0.00018	0.00018	0.00018	0.00018	0.00018	0.00018	0.00018	0.00018	0.00018	0.00018	0.00018	0.00018	0.00018	0.00018	0.09727	0.03712	0.05182	0.22768	0.04584	0.17018	0.18277	
0.12113	0.09155	0.03735	0.02442	0.0	0.0154	0.02637	0.00017	0.00017	0.00867	0.00017	0.0172	0.01337	0.01953	0.00017	0.00017	0.00017	0.00017	0.00017	0.00017	0.02369	0.02951	0.09043	0.01962	0.03274	0.03433	0.02317	0.01951	0.01926	0.0181	0.01172	0.08886	0.00017	0.0259	0.01268	0.01268	0.01549	0.0	0.11239	0.03666	0.02005	0.00017	0.04202	0.03781	0.10815	0.03369	0.02371	0.0	0.00854	0.02369	0.02369	0.0075	0.00017	0.04226	0.02897	0.03248	0.12884	0.1836	0.04999	0.01268	0.00017	0.00017	0.00017	0.00017	0.00017	0.00017	0.00017	0.00017	0.00017	0.00017	0.00017	0.00017	0.00017	0.00017	0.00017	0.00017	0.00017	0.00017	0.00017	0.1306	0.0154	0.42572	0.1478	0.08298	0.17923	0.02523	
0.06225	0.05065	0.05697	0.03712	0.0154	0.0	0.04043	0.00049	0.00049	0.01195	0.00049	0.02569	0.01907	0.05498	0.00049	0.00049	0.00049	0.00049	0.00049	0.00049	0.03515	0.03267	0.05722	0.05506	0.05095	0.05462	0.03521	0.02946	0.0282	0.03354	0.01754	0.20518	0.00049	0.03982	0.01796	0.01796	0.02289	0.0	0.02619	0.15901	0.0808	0.00049	0.14627	0.22359	0.16927	0.30157	0.0	0.0	0.01477	0.03515	0.03515	0.0103	0.00049	0.06485	0.04559	0.23918	0.15016	0.14947	0.14466	0.01796	0.00049	0.00049	0.00049	0.00049	0.00049	0.00049	0.00049	0.00049	0.00049	0.00049	0.00049	0.00049	0.00049	0.00049	0.00049	0.00049	0.00049	0.00049	0.00049	0.04346	1.00043	0.58987	0.03447	0.13145	0.05866	0.25856	
0.26243	0.09386	0.02264	0.08101	0.02637	0.04043	0.0	9e-05	9e-05	0.01938	9e-05	0.11322	0.14108	0.05554	9e-05	9e-05	9e-05	9e-05	9e-05	9e-05	0.07133	0.04622	0.02651	0.05559	0.04291	0.06119	0.04272	0.06237	0.0548	0.05499	0.02759	0.16703	9e-05	0.05132	0.16019	0.16019	0.1455	0.0	0.09888	0.05783	0.06456	9e-05	0.09578	0.07028	0.03663	0.17989	0.04667	0.0	0.01484	0.07133	0.07133	0.07487	9e-05	0.00232	0.54035	0.0555	0.09482	0.07425	0.15514	0.16019	9e-05	9e-05	9e-05	9e-05	9e-05	9e-05	9e-05	9e-05	9e-05	9e-05	9e-05	9e-05	9e-05	9e-05	9e-05	9e-05	9e-05	9e-05	9e-05	0.07542	0.04043	0.05729	0.07741	0.15	0.13869	0.14788	
8e-05	4e-05	6e-05	0.00018	0.00017	0.00049	9e-05	0.0	0.0	0.00036	0.0	8e-05	0.00014	0.00029	0.0	0.0	0.0	0.0	0.0	0.0	0.00024	0.00021	0.0001	0.00043	9e-05	2e-05	5e-05	9e-05	0.00016	9e-05	0.00027	0.00014	0.0	0.0001	0.00031	0.00031	0.00016	0.0	0.00022	0.00024	0.00014	0.0	0.0002	0.00021	0.00038	0.00021	0.0	0.0	0.0	0.00024	0.00024	0.00025	0.0	6e-05	8e-05	8e-05	0.00012	8e-05	8e-05	0.00031	0.0	0.0	0.0	0.0	0.0	0.0	0.0	0.0	0.0	0.0	0.0	0.0	0.0	0.0	0.0	0.0	0.0	0.0	0.0	9e-05	0.00049	0.00026	8e-05	0.00014	8e-05	0.00014	
8e-05	4e-05	6e-05	0.00018	0.00017	0.00049	9e-05	0.0	0.0	0.00036	0.0	8e-05	0.00014	0.00029	0.0	0.0	0.0	0.0	0.0	0.0	0.00024	0.00021	0.0001	0.00043	9e-05	2e-05	5e-05	9e-05	0.00016	9e-05	0.00027	0.00014	0.0	0.0001	0.00031	0.00031	0.00016	0.0	0.00022	0.00024	0.00014	0.0	0.0002	0.00021	0.00038	0.00021	0.0	0.0	0.0	0.00024	0.00024	0.00025	0.0	6e-05	8e-05	8e-05	0.00012	8e-05	8e-05	0.00031	0.0	0.0	0.0	0.0	0.0	0.0	0.0	0.0	0.0	0.0	0.0	0.0	0.0	0.0	0.0	0.0	0.0	0.0	0.0	9e-05	0.00049	0.00026	8e-05	0.00014	8e-05	0.00014	
0.02783	0.02308	0.02756	0.28535	0.00867	0.01195	0.01938	0.00036	0.00036	0.0	0.00036	0.0129	0.01041	0.01487	0.00036	0.00036	0.00036	0.00036	0.00036	0.00036	0.01784	0.02152	0.02588	0.01497	0.06752	0.02464	0.01713	0.18012	0.01465	0.01346	0.00892	0.02297	0.00036	0.019	0.00995	0.00995	0.01171	0.0	0.02411	0.0263	0.17115	0.00036	0.03026	0.02756	0.07026	0.02456	0.01788	0.0	0.00585	0.01784	0.01784	0.00613	0.00036	0.03107	0.11154	0.02359	0.02484	0.01946	0.03678	0.00995	0.00036	0.00036	0.00036	0.00036	0.00036	0.00036	0.00036	0.00036	0.00036	0.00036	0.00036	0.00036	0.00036	0.00036	0.00036	0.00036	0.00036	0.00036	0.00036	0.02013	0.01195	0.01383	0.24539	0.06006	0.0161	0.01854	
8e-05	4e-05	6e-05	0.00018	0.00017	0.00049	9e-05	0.0	0.0	0.00036	0.0	8e-05	0.00014	0.00029	0.0	0.0	0.0	0.0	0.0	0.0	0.00024	0.00021	0.0001	0.00043	9e-05	2e-05	5e-05	9e-05	0.00016	9e-05	0.00027	0.00014	0.0	0.0001	0.00031	0.00031	0.00016	0.0	0.00022	0.00024	0.00014	0.0	0.0002	0.00021	0.00038	0.00021	0.0	0.0	0.0	0.00024	0.00024	0.00025	0.0	6e-05	8e-05	8e-05	0.00012	8e-05	8e-05	0.00031	0.0	0.0	0.0	0.0	0.0	0.0	0.0	0.0	0.0	0.0	0.0	0.0	0.0	0.0	0.0	0.0	0.0	0.0	0.0	9e-05	0.00049	0.00026	8e-05	0.00014	8e-05	0.00014	
0.14844	0.27795	0.13438	0.19068	0.0172	0.02569	0.11322	8e-05	8e-05	0.0129	8e-05	0.0	0.2582	0.30274	8e-05	8e-05	8e-05	8e-05	8e-05	8e-05	0.22523	0.34793	0.22173	0.03445	0.22877	0.34851	0.20581	0.39382	0.30755	0.4502	0.01834	0.06439	8e-05	0.19098	0.02044	0.02044	0.02793	0.0	0.47614	0.35977	0.03844	8e-05	0.21206	0.07054	0.20854	0.1848	0.35892	0.0	0.38953	0.22523	0.22523	0.01092	8e-05	0.1222	0.11984	0.28786	0.13606	0.05376	0.17276	0.02044	8e-05	8e-05	8e-05	8e-05	8e-05	8e-05	8e-05	8e-05	8e-05	8e-05	8e-05	8e-05	8e-05	8e-05	8e-05	8e-05	8e-05	8e-05	8e-05	0.05846	0.02569	0.03457	0.19988	0.1216	0.32719	0.35	
0.11401	0.04227	0.04821	0.03145	0.01337	0.01907	0.14108	0.00014	0.00014	0.01041	0.00014	0.2582	0.0	0.02454	0.00014	0.00014	0.00014	0.00014	0.00014	0.00014	0.03005	0.03837	0.01623	0.02462	0.03542	0.05825	0.02984	0.02502	0.02422	0.02299	0.01418	0.04111	0.00014	0.0336	0.01557	0.01557	0.01958	0.0	0.04449	0.06361	0.02573	0.00014	0.06772	0.02928	0.07805	0.04216	0.02671	0.0	0.00943	0.03005	0.03005	0.00896	0.00014	0.05475	0.16874	0.04897	0.07312	0.03456	0.09026	0.01557	0.00014	0.00014	0.00014	0.00014	0.00014	0.00014	0.00014	0.00014	0.00014	0.00014	0.00014	0.00014	0.00014	0.00014	0.00014	0.00014	0.00014	0.00014	0.00014	0.03641	0.01907	0.02355	0.02909	0.05524	0.02853	0.01464	
0.08928	0.19741	0.03378	0.09148	0.01953	0.05498	0.05554	0.00029	0.00029	0.01487	0.00029	0.30274	0.02454	0.0	0.00029	0.00029	0.00029	0.00029	0.00029	0.00029	0.10628	0.24445	0.13941	0.02546	0.055	0.19099	0.10488	0.27698	0.17339	0.64915	0.02182	0.01897	0.00029	0.09877	0.02299	0.02299	0.03037	0.0	0.31719	0.25229	0.04105	0.00029	0.22279	0.04433	0.12624	0.44479	0.0	0.0	0.12562	0.10628	0.10628	0.0127	0.00029	0.02383	0.06414	0.1525	0.03291	0.05047	0.15395	0.02299	0.00029	0.00029	0.00029	0.00029	0.00029	0.00029	0.00029	0.00029	0.00029	0.00029	0.00029	0.00029	0.00029	0.00029	0.00029	0.00029	0.00029	0.00029	0.00029	0.06081	0.05498	0.05137	0.10831	0.18934	0.23031	0.36461	
8e-05	4e-05	6e-05	0.00018	0.00017	0.00049	9e-05	0.0	0.0	0.00036	0.0	8e-05	0.00014	0.00029	0.0	0.0	0.0	0.0	0.0	0.0	0.00024	0.00021	0.0001	0.00043	9e-05	2e-05	5e-05	9e-05	0.00016	9e-05	0.00027	0.00014	0.0	0.0001	0.00031	0.00031	0.00016	0.0	0.00022	0.00024	0.00014	0.0	0.0002	0.00021	0.00038	0.00021	0.0	0.0	0.0	0.00024	0.00024	0.00025	0.0	6e-05	8e-05	8e-05	0.00012	8e-05	8e-05	0.00031	0.0	0.0	0.0	0.0	0.0	0.0	0.0	0.0	0.0	0.0	0.0	0.0	0.0	0.0	0.0	0.0	0.0	0.0	0.0	9e-05	0.00049	0.00026	8e-05	0.00014	8e-05	0.00014	
8e-05	4e-05	6e-05	0.00018	0.00017	0.00049	9e-05	0.0	0.0	0.00036	0.0	8e-05	0.00014	0.00029	0.0	0.0	0.0	0.0	0.0	0.0	0.00024	0.00021	0.0001	0.00043	9e-05	2e-05	5e-05	9e-05	0.00016	9e-05	0.00027	0.00014	0.0	0.0001	0.00031	0.00031	0.00016	0.0	0.00022	0.00024	0.00014	0.0	0.0002	0.00021	0.00038	0.00021	0.0	0.0	0.0	0.00024	0.00024	0.00025	0.0	6e-05	8e-05	8e-05	0.00012	8e-05	8e-05	0.00031	0.0	0.0	0.0	0.0	0.0	0.0	0.0	0.0	0.0	0.0	0.0	0.0	0.0	0.0	0.0	0.0	0.0	0.0	0.0	9e-05	0.00049	0.00026	8e-05	0.00014	8e-05	0.00014	
8e-05	4e-05	6e-05	0.00018	0.00017	0.00049	9e-05	0.0	0.0	0.00036	0.0	8e-05	0.00014	0.00029	0.0	0.0	0.0	0.0	0.0	0.0	0.00024	0.00021	0.0001	0.00043	9e-05	2e-05	5e-05	9e-05	0.00016	9e-05	0.00027	0.00014	0.0	0.0001	0.00031	0.00031	0.00016	0.0	0.00022	0.00024	0.00014	0.0	0.0002	0.00021	0.00038	0.00021	0.0	0.0	0.0	0.00024	0.00024	0.00025	0.0	6e-05	8e-05	8e-05	0.00012	8e-05	8e-05	0.00031	0.0	0.0	0.0	0.0	0.0	0.0	0.0	0.0	0.0	0.0	0.0	0.0	0.0	0.0	0.0	0.0	0.0	0.0	0.0	9e-05	0.00049	0.00026	8e-05	0.00014	8e-05	0.00014	
8e-05	4e-05	6e-05	0.00018	0.00017	0.00049	9e-05	0.0	0.0	0.00036	0.0	8e-05	0.00014	0.00029	0.0	0.0	0.0	0.0	0.0	0.0	0.00024	0.00021	0.0001	0.00043	9e-05	2e-05	5e-05	9e-05	0.00016	9e-05	0.00027	0.00014	0.0	0.0001	0.00031	0.00031	0.00016	0.0	0.00022	0.00024	0.00014	0.0	0.0002	0.00021	0.00038	0.00021	0.0	0.0	0.0	0.00024	0.00024	0.00025	0.0	6e-05	8e-05	8e-05	0.00012	8e-05	8e-05	0.00031	0.0	0.0	0.0	0.0	0.0	0.0	0.0	0.0	0.0	0.0	0.0	0.0	0.0	0.0	0.0	0.0	0.0	0.0	0.0	9e-05	0.00049	0.00026	8e-05	0.00014	8e-05	0.00014	
8e-05	4e-05	6e-05	0.00018	0.00017	0.00049	9e-05	0.0	0.0	0.00036	0.0	8e-05	0.00014	0.00029	0.0	0.0	0.0	0.0	0.0	0.0	0.00024	0.00021	0.0001	0.00043	9e-05	2e-05	5e-05	9e-05	0.00016	9e-05	0.00027	0.00014	0.0	0.0001	0.00031	0.00031	0.00016	0.0	0.00022	0.00024	0.00014	0.0	0.0002	0.00021	0.00038	0.00021	0.0	0.0	0.0	0.00024	0.00024	0.00025	0.0	6e-05	8e-05	8e-05	0.00012	8e-05	8e-05	0.00031	0.0	0.0	0.0	0.0	0.0	0.0	0.0	0.0	0.0	0.0	0.0	0.0	0.0	0.0	0.0	0.0	0.0	0.0	0.0	9e-05	0.00049	0.00026	8e-05	0.00014	8e-05	0.00014	
8e-05	4e-05	6e-05	0.00018	0.00017	0.00049	9e-05	0.0	0.0	0.00036	0.0	8e-05	0.00014	0.00029	0.0	0.0	0.0	0.0	0.0	0.0	0.00024	0.00021	0.0001	0.00043	9e-05	2e-05	5e-05	9e-05	0.00016	9e-05	0.00027	0.00014	0.0	0.0001	0.00031	0.00031	0.00016	0.0	0.00022	0.00024	0.00014	0.0	0.0002	0.00021	0.00038	0.00021	0.0	0.0	0.0	0.00024	0.00024	0.00025	0.0	6e-05	8e-05	8e-05	0.00012	8e-05	8e-05	0.00031	0.0	0.0	0.0	0.0	0.0	0.0	0.0	0.0	0.0	0.0	0.0	0.0	0.0	0.0	0.0	0.0	0.0	0.0	0.0	9e-05	0.00049	0.00026	8e-05	0.00014	8e-05	0.00014	
0.11934	0.2789	0.31623	0.73256	0.02369	0.03515	0.07133	0.00024	0.00024	0.01784	0.00024	0.22523	0.03005	0.10628	0.00024	0.00024	0.00024	0.00024	0.00024	0.00024	0.0	0.38418	0.12062	0.10635	0.30894	0.28792	0.06819	0.21198	0.10916	0.23093	0.05953	0.0889	0.00024	0.40734	0.02805	0.02805	0.03795	0.0	0.34364	0.45896	0.05209	0.00024	0.16741	0.10637	0.33498	0.59423	0.0	0.0	0.0	1.00011	1.00011	0.01516	0.00024	0.26059	0.08402	0.05993	0.17348	0.07302	0.16425	0.02805	0.00024	0.00024	0.00024	0.00024	0.00024	0.00024	0.00024	0.00024	0.00024	0.00024	0.00024	0.00024	0.00024	0.00024	0.00024	0.00024	0.00024	0.00024	0.00024	0.09358	0.03515	0.04687	0.07581	0.0053	0.18521	0.19907	
0.12526	0.26339	0.11625	0.33023	0.02951	0.03267	0.04622	0.00021	0.00021	0.02152	0.00021	0.34793	0.03837	0.24445	0.00021	0.00021	0.00021	0.00021	0.00021	0.00021	0.38418	0.0	0.25524	0.08872	0.26911	0.28064	0.19678	0.37018	0.24711	0.4843	0.05132	0.05904	0.00021	0.32429	0.03537	0.03537	0.05139	0.0	0.2911	0.51625	0.12112	0.00021	0.1637	0.29717	0.24883	0.35478	0.88147	0.0	0.37297	0.38418	0.38418	0.0752	0.00021	0.09206	0.08419	0.17338	0.17383	0.05673	0.10874	0.03537	0.00021	0.00021	0.00021	0.00021	0.00021	0.00021	0.00021	0.00021	0.00021	0.00021	0.00021	0.00021	0.00021	0.00021	0.00021	0.00021	0.00021	0.00021	0.00021	0.18176	0.03267	0.04808	0.19725	0.09293	0.27782	0.27079	
0.12141	0.20324	0.07902	0.12793	0.09043	0.05722	0.02651	0.0001	0.0001	0.02588	0.0001	0.22173	0.01623	0.13941	0.0001	0.0001	0.0001	0.0001	0.0001	0.0001	0.12062	0.25524	0.0	0.08122	0.14673	0.19865	0.18529	0.2329	0.14065	0.27995	0.04002	0.20733	0.0001	0.18857	0.11218	0.11218	0.11854	0.0	0.18535	0.24183	0.08348	0.0001	0.12195	0.05288	0.11417	0.17397	0.07143	0.0	0.05898	0.12062	0.12062	0.02163	0.0001	0.03806	0.0672	0.178	0.17433	0.07516	0.11158	0.11218	0.0001	0.0001	0.0001	0.0001	0.0001	0.0001	0.0001	0.0001	0.0001	0.0001	0.0001	0.0001	0.0001	0.0001	0.0001	0.0001	0.0001	0.0001	0.0001	0.3013	0.05722	0.11799	0.29012	0.04556	0.19495	0.19049	
0.08932	0.06844	0.03383	0.09153	0.01962	0.05506	0.05559	0.00043	0.00043	0.01497	0.00043	0.03445	0.02462	0.02546	0.00043	0.00043	0.00043	0.00043	0.00043	0.00043	0.10635	0.08872	0.08122	0.0	0.23431	0.0857	0.04802	0.03989	0.0373	0.0341	0.09465	0.01912	0.00043	0.24492	0.02307	0.02307	0.03043	0.0	0.29884	0.25243	0.0411	0.00043	0.15181	0.42097	0.12628	0.44044	0.0	0.0	0.12217	0.10635	0.10635	0.0128	0.00043	0.02389	0.06418	0.04163	0.24175	0.05052	0.15399	0.02307	0.00043	0.00043	0.00043	0.00043	0.00043	0.00043	0.00043	0.00043	0.00043	0.00043	0.00043	0.00043	0.00043	0.00043	0.00043	0.00043	0.00043	0.00043	0.00043	0.11652	0.05506	0.05143	0.04741	0.00084	0.04664	0.02677	
0.21999	0.23205	0.09528	0.35333	0.03274	0.05095	0.04291	9e-05	9e-05	0.06752	9e-05	0.22877	0.03542	0.055	9e-05	9e-05	9e-05	9e-05	9e-05	9e-05	0.30894	0.26911	0.14673	0.23431	0.0	0.22149	0.05257	0.14075	0.05628	0.13923	0.15939	0.0655	9e-05	0.2771	0.03952	0.03952	0.05807	0.0	0.28982	0.40604	0.14556	9e-05	0.20619	0.30582	0.19531	0.17227	0.20415	0.0	0.24846	0.30894	0.30894	0.01994	9e-05	0.1227	0.06212	0.13542	0.2018	0.12632	0.11074	0.03952	9e-05	9e-05	9e-05	9e-05	9e-05	9e-05	9e-05	9e-05	9e-05	9e-05	9e-05	9e-05	9e-05	9e-05	9e-05	9e-05	9e-05	9e-05	9e-05	0.23042	0.05095	0.07433	0.10541	0.04676	0.14677	0.16001	
0.10531	0.26022	0.35109	0.2698	0.03433	0.05462	0.06119	2e-05	2e-05	0.02464	2e-05	0.34851	0.05825	0.19099	2e-05	2e-05	2e-05	2e-05	2e-05	2e-05	0.28792	0.28064	0.19865	0.0857	0.22149	0.0	0.31544	0.26113	0.25662	0.3335	0.11916	0.14223	2e-05	0.50566	0.12407	0.12407	0.18563	0.0	0.27293	0.39108	0.07578	2e-05	0.25378	0.10709	0.13234	0.5771	0.152	0.0	0.17377	0.28792	0.28792	0.02048	2e-05	0.29449	0.11369	0.30408	0.17191	0.10107	0.23113	0.12407	2e-05	2e-05	2e-05	2e-05	2e-05	2e-05	2e-05	2e-05	2e-05	2e-05	2e-05	2e-05	2e-05	2e-05	2e-05	2e-05	2e-05	2e-05	2e-05	0.23152	0.05462	0.08336	0.1861	0.12184	0.27155	0.29317	
0.09529	0.1798	0.24331	0.06704	0.02317	0.03521	0.04272	5e-05	5e-05	0.01713	5e-05	0.20581	0.02984	0.10488	5e-05	5e-05	5e-05	5e-05	5e-05	5e-05	0.06819	0.19678	0.18529	0.04802	0.05257	0.31544	0.0	0.19804	0.37247	0.20928	0.31804	0.22311	5e-05	0.50021	0.19896	0.19896	0.45212	0.0	0.20083	0.18734	0.05501	5e-05	0.08614	0.14213	0.06266	0.6152	0.02846	0.0	0.04349	0.06819	0.06819	0.01442	5e-05	0.20945	0.09677	0.07426	0.1325	0.06187	0.09746	0.19896	5e-05	5e-05	5e-05	5e-05	5e-05	5e-05	5e-05	5e-05	5e-05	5e-05	5e-05	5e-05	5e-05	5e-05	5e-05	5e-05	5e-05	5e-05	5e-05	0.0758	0.03521	0.04905	0.08306	0.02794	0.18007	0.19302	
0.10674	0.2786	0.1377	0.31149	0.01951	0.02946	0.06237	9e-05	9e-05	0.18012	9e-05	0.39382	0.02502	0.27698	9e-05	9e-05	9e-05	9e-05	9e-05	9e-05	0.21198	0.37018	0.2329	0.03989	0.14075	0.26113	0.19804	0.0	0.28101	0.63655	0.02054	0.07715	9e-05	0.18761	0.02328	0.02328	0.03247	0.0	0.33491	0.2871	0.17289	9e-05	0.14921	0.08321	0.19301	0.17519	0.27137	0.0	0.28727	0.21198	0.21198	0.01224	9e-05	0.12887	0.27115	0.18396	0.09245	0.06417	0.14557	0.02328	9e-05	9e-05	9e-05	9e-05	9e-05	9e-05	9e-05	9e-05	9e-05	9e-05	9e-05	9e-05	9e-05	9e-05	9e-05	9e-05	9e-05	9e-05	9e-05	0.0654	0.02946	0.04051	0.31142	0.21803	0.31287	0.33449	
0.03345	0.19899	0.03532	0.09361	0.01926	0.0282	0.0548	0.00016	0.00016	0.01465	0.00016	0.30755	0.02422	0.17339	0.00016	0.00016	0.00016	0.00016	0.00016	0.00016	0.10916	0.24711	0.14065	0.0373	0.05628	0.25662	0.37247	0.28101	0.0	0.31925	0.20162	0.01799	0.00016	0.10066	0.02268	0.02268	0.14741	0.0	0.24376	0.20207	0.04051	0.00016	0.13921	0.04432	0.12624	0.05676	0.08889	0.0	0.13841	0.10916	0.10916	0.01249	0.00016	0.02513	0.06324	0.08062	0.03219	0.05587	0.08624	0.02268	0.00016	0.00016	0.00016	0.00016	0.00016	0.00016	0.00016	0.00016	0.00016	0.00016	0.00016	0.00016	0.00016	0.00016	0.00016	0.00016	0.00016	0.00016	0.00016	0.05997	0.0282	0.03667	0.11034	0.02463	0.2331	0.2499	
0.09345	0.28568	0.13388	0.19357	0.0181	0.03354	0.05499	9e-05	9e-05	0.01346	9e-05	0.4502	0.02299	0.64915	9e-05	9e-05	9e-05	9e-05	9e-05	9e-05	0.23093	0.4843	0.27995	0.0341	0.13923	0.3335	0.20928	0.63655	0.31925	0.0	0.01988	0.05951	9e-05	0.19369	0.02126	0.02126	0.02905	0.0	0.37443	0.30118	0.1417	9e-05	0.17087	0.06273	0.15501	0.20036	0.44133	0.0	0.46349	0.23093	0.23093	0.01154	9e-05	0.12084	0.13091	0.282	0.07096	0.05767	0.15886	0.02126	9e-05	9e-05	9e-05	9e-05	9e-05	9e-05	9e-05	9e-05	9e-05	9e-05	9e-05	9e-05	9e-05	9e-05	9e-05	9e-05	9e-05	9e-05	9e-05	0.10967	0.03354	0.04059	0.20268	0.204	0.33766	0.39875	
0.06174	0.04369	0.04247	0.04949	0.01172	0.01754	0.02759	0.00027	0.00027	0.00892	0.00027	0.01834	0.01418	0.02182	0.00027	0.00027	0.00027	0.00027	0.00027	0.00027	0.05953	0.05132	0.04002	0.09465	0.15939	0.11916	0.31804	0.02054	0.20162	0.01988	0.0	0.09438	0.00027	0.16718	0.01287	0.01287	0.42675	0.0	0.04647	0.13416	0.02088	0.00027	0.12043	0.43139	0.11525	0.02417	0.0134	0.0	0.00327	0.05953	0.05953	0.0082	0.00027	0.04353	0.03054	0.03636	0.18399	0.02869	0.11964	0.01287	0.00027	0.00027	0.00027	0.00027	0.00027	0.00027	0.00027	0.00027	0.00027	0.00027	0.00027	0.00027	0.00027	0.00027	0.00027	0.00027	0.00027	0.00027	0.00027	0.06238	0.01754	0.02029	0.02358	0.04933	0.02363	0.0279	
0.10667	0.10235	0.16552	0.10209	0.08886	0.20518	0.16703	0.00014	0.00014	0.02297	0.00014	0.06439	0.04111	0.01897	0.00014	0.00014	0.00014	0.00014	0.00014	0.00014	0.0889	0.05904	0.20733	0.01912	0.0655	0.14223	0.22311	0.07715	0.01799	0.05951	0.09438	0.0	0.00014	0.18019	0.37298	0.37298	0.40765	0.0	0.0605	0.10519	0.0518	0.00014	0.10334	0.13425	0.22795	0.50359	0.02001	0.0	0.0235	0.0889	0.0889	0.01938	0.00014	0.07089	0.22467	0.2875	0.44914	0.26553	0.21562	0.37298	0.00014	0.00014	0.00014	0.00014	0.00014	0.00014	0.00014	0.00014	0.00014	0.00014	0.00014	0.00014	0.00014	0.00014	0.00014	0.00014	0.00014	0.00014	0.00014	0.29986	0.20518	0.27821	0.07978	0.04042	0.12447	0.09016	
8e-05	4e-05	6e-05	0.00018	0.00017	0.00049	9e-05	0.0	0.0	0.00036	0.0	8e-05	0.00014	0.00029	0.0	0.0	0.0	0.0	0.0	0.0	0.00024	0.00021	0.0001	0.00043	9e-05	2e-05	5e-05	9e-05	0.00016	9e-05	0.00027	0.00014	0.0	0.0001	0.00031	0.00031	0.00016	0.0	0.00022	0.00024	0.00014	0.0	0.0002	0.00021	0.00038	0.00021	0.0	0.0	0.0	0.00024	0.00024	0.00025	0.0	6e-05	8e-05	8e-05	0.00012	8e-05	8e-05	0.00031	0.0	0.0	0.0	0.0	0.0	0.0	0.0	0.0	0.0	0.0	0.0	0.0	0.0	0.0	0.0	0.0	0.0	0.0	0.0	9e-05	0.00049	0.00026	8e-05	0.00014	8e-05	0.00014	
0.08699	0.263	0.46854	0.3467	0.0259	0.03982	0.05132	0.0001	0.0001	0.019	0.0001	0.19098	0.0336	0.09877	0.0001	0.0001	0.0001	0.0001	0.0001	0.0001	0.40734	0.32429	0.18857	0.24492	0.2771	0.50566	0.50021	0.18761	0.10066	0.19369	0.16718	0.18019	0.0001	0.0	0.17556	0.17556	0.15887	0.0	0.29998	0.41419	0.06406	0.0001	0.17433	0.28982	0.13306	1.34037	0.34089	0.0	0.41618	0.40734	0.40734	0.01595	0.0001	0.36695	0.10827	0.08601	0.29843	0.0703	0.09077	0.17556	0.0001	0.0001	0.0001	0.0001	0.0001	0.0001	0.0001	0.0001	0.0001	0.0001	0.0001	0.0001	0.0001	0.0001	0.0001	0.0001	0.0001	0.0001	0.0001	0.20447	0.03982	0.05678	0.08622	0.0443	0.17693	0.19021	
0.09474	0.03893	0.11865	0.02921	0.01268	0.01796	0.16019	0.00031	0.00031	0.00995	0.00031	0.02044	0.01557	0.02299	0.00031	0.00031	0.00031	0.00031	0.00031	0.00031	0.02805	0.03537	0.11218	0.02307	0.03952	0.12407	0.19896	0.02328	0.02268	0.02126	0.01287	0.37298	0.00031	0.17556	0.0	0.99996	0.5873	0.0	0.03984	0.04447	0.02393	0.00031	0.05088	0.04355	0.11803	1.02179	0.02231	0.0	0.00712	0.02805	0.02805	0.0086	0.00031	0.10159	0.18337	0.03927	0.04207	0.17863	0.06115	0.99996	0.00031	0.00031	0.00031	0.00031	0.00031	0.00031	0.00031	0.00031	0.00031	0.00031	0.00031	0.00031	0.00031	0.00031	0.00031	0.00031	0.00031	0.00031	0.00031	0.16554	0.01796	0.02196	0.02696	0.05116	0.02642	0.0303	
0.09474	0.03893	0.11865	0.02921	0.01268	0.01796	0.16019	0.00031	0.00031	0.00995	0.00031	0.02044	0.01557	0.02299	0.00031	0.00031	0.00031	0.00031	0.00031	0.00031	0.02805	0.03537	0.11218	0.02307	0.03952	0.12407	0.19896	0.02328	0.02268	0.02126	0.01287	0.37298	0.00031	0.17556	0.99996	0.0	0.5873	0.0	0.03984	0.04447	0.02393	0.00031	0.05088	0.04355	0.11803	1.02179	0.02231	0.0	0.00712	0.02805	0.02805	0.0086	0.00031	0.10159	0.18337	0.03927	0.04207	0.17863	0.06115	0.99996	0.00031	0.00031	0.00031	0.00031	0.00031	0.00031	0.00031	0.00031	0.00031	0.00031	0.00031	0.00031	0.00031	0.00031	0.00031	0.00031	0.00031	0.00031	0.00031	0.16554	0.01796	0.02196	0.02696	0.05116	0.02642	0.0303	
0.15567	0.05888	0.11589	0.04127	0.01549	0.02289	0.1455	0.00016	0.00016	0.01171	0.00016	0.02793	0.01958	0.03037	0.00016	0.00016	0.00016	0.00016	0.00016	0.00016	0.03795	0.05139	0.11854	0.03043	0.05807	0.18563	0.45212	0.03247	0.14741	0.02905	0.42675	0.40765	0.00016	0.15887	0.5873	0.5873	0.0	0.0	0.05841	0.0678	0.03348	0.00016	0.09598	0.10687	0.17267	0.61192	0.02517	0.0	0.00855	0.03795	0.03795	0.00995	0.00016	0.10589	0.17595	0.05809	0.09237	0.16286	0.14517	0.5873	0.00016	0.00016	0.00016	0.00016	0.00016	0.00016	0.00016	0.00016	0.00016	0.00016	0.00016	0.00016	0.00016	0.00016	0.00016	0.00016	0.00016	0.00016	0.00016	0.15802	0.02289	0.03024	0.03881	0.07295	0.03825	0.04352	
0.0	0.0	0.0	0.0	0.0	0.0	0.0	0.0	0.0	0.0	0.0	0.0	0.0	0.0	0.0	0.0	0.0	0.0	0.0	0.0	0.0	0.0	0.0	0.0	0.0	0.0	0.0	0.0	0.0	0.0	0.0	0.0	0.0	0.0	0.0	0.0	0.0	0.0	0.0	0.0	0.0	0.0	0.0	0.0	0.0	0.0	0.0	0.0	0.0	0.0	0.0	0.0	0.0	0.0	0.0	0.0	0.0	0.0	0.0	0.0	0.0	0.0	0.0	0.0	0.0	0.0	0.0	0.0	0.0	0.0	0.0	0.0	0.0	0.0	0.0	0.0	0.0	0.0	0.0	0.0	0.0	0.0	0.0	0.0	0.0	0.0	
0.14158	0.37838	0.10238	0.30133	0.11239	0.02619	0.09888	0.00022	0.00022	0.02411	0.00022	0.47614	0.04449	0.31719	0.00022	0.00022	0.00022	0.00022	0.00022	0.00022	0.34364	0.2911	0.18535	0.29884	0.28982	0.27293	0.20083	0.33491	0.24376	0.37443	0.04647	0.0605	0.00022	0.29998	0.03984	0.03984	0.05841	0.0	0.0	0.34499	0.08519	0.00022	0.23832	0.1137	0.39899	0.27881	0.52498	0.0	0.30396	0.34364	0.34364	0.0203	0.00022	0.08171	0.13424	0.18304	0.31294	0.20732	0.13971	0.03984	0.00022	0.00022	0.00022	0.00022	0.00022	0.00022	0.00022	0.00022	0.00022	0.00022	0.00022	0.00022	0.00022	0.00022	0.00022	0.00022	0.00022	0.00022	0.00022	0.10324	0.02619	0.1217	0.25966	0.09877	0.28323	0.26272	
0.11363	0.33066	0.23267	0.4143	0.03666	0.15901	0.05783	0.00024	0.00024	0.0263	0.00024	0.35977	0.06361	0.25229	0.00024	0.00024	0.00024	0.00024	0.00024	0.00024	0.45896	0.51625	0.24183	0.25243	0.40604	0.39108	0.18734	0.2871	0.20207	0.30118	0.13416	0.10519	0.00024	0.41419	0.04447	0.04447	0.0678	0.0	0.34499	0.0	0.07103	0.00024	0.38417	0.52445	0.61207	0.37774	0.6256	0.0	0.4046	0.45896	0.45896	0.05339	0.00024	0.21768	0.09633	0.22476	0.26412	0.06163	0.23841	0.04447	0.00024	0.00024	0.00024	0.00024	0.00024	0.00024	0.00024	0.00024	0.00024	0.00024	0.00024	0.00024	0.00024	0.00024	0.00024	0.00024	0.00024	0.00024	0.00024	0.23864	0.15901	0.16225	0.19297	0.10337	0.24244	0.36503	
0.10572	0.10231	0.08983	0.14444	0.02005	0.0808	0.06456	0.00014	0.00014	0.17115	0.00014	0.03844	0.02573	0.04105	0.00014	0.00014	0.00014	0.00014	0.00014	0.00014	0.05209	0.12112	0.08348	0.0411	0.14556	0.07578	0.05501	0.17289	0.04051	0.1417	0.02088	0.0518	0.00014	0.06406	0.02393	0.02393	0.03348	0.0	0.08519	0.07103	0.0	0.00014	0.06981	0.06609	0.18901	0.05037	0.02121	0.0	0.01142	0.05209	0.05209	0.01257	0.00014	0.04697	0.14868	0.13222	0.05968	0.06148	0.02741	0.02393	0.00014	0.00014	0.00014	0.00014	0.00014	0.00014	0.00014	0.00014	0.00014	0.00014	0.00014	0.00014	0.00014	0.00014	0.00014	0.00014	0.00014	0.00014	0.00014	0.06436	0.0808	0.07725	0.1334	0.09636	0.0716	0.05848	
8e-05	4e-05	6e-05	0.00018	0.00017	0.00049	9e-05	0.0	0.0	0.00036	0.0	8e-05	0.00014	0.00029	0.0	0.0	0.0	0.0	0.0	0.0	0.00024	0.00021	0.0001	0.00043	9e-05	2e-05	5e-05	9e-05	0.00016	9e-05	0.00027	0.00014	0.0	0.0001	0.00031	0.00031	0.00016	0.0	0.00022	0.00024	0.00014	0.0	0.0002	0.00021	0.00038	0.00021	0.0	0.0	0.0	0.00024	0.00024	0.00025	0.0	6e-05	8e-05	8e-05	0.00012	8e-05	8e-05	0.00031	0.0	0.0	0.0	0.0	0.0	0.0	0.0	0.0	0.0	0.0	0.0	0.0	0.0	0.0	0.0	0.0	0.0	0.0	0.0	9e-05	0.00049	0.00026	8e-05	0.00014	8e-05	0.00014	
0.23346	0.14465	0.06238	0.16222	0.04202	0.14627	0.09578	0.0002	0.0002	0.03026	0.0002	0.21206	0.06772	0.22279	0.0002	0.0002	0.0002	0.0002	0.0002	0.0002	0.16741	0.1637	0.12195	0.15181	0.20619	0.25378	0.08614	0.14921	0.13921	0.17087	0.12043	0.10334	0.0002	0.17433	0.05088	0.05088	0.09598	0.0	0.23832	0.38417	0.06981	0.0002	0.0	0.1907	0.68726	0.20863	0.28367	0.0	0.06258	0.16741	0.16741	0.02532	0.0002	0.0123	0.15819	0.10707	0.26437	0.04854	0.21749	0.05088	0.0002	0.0002	0.0002	0.0002	0.0002	0.0002	0.0002	0.0002	0.0002	0.0002	0.0002	0.0002	0.0002	0.0002	0.0002	0.0002	0.0002	0.0002	0.0002	0.1809	0.14627	0.15256	0.0783	0.13374	0.13773	0.20074	
0.1279	0.26052	0.22237	0.09836	0.03781	0.22359	0.07028	0.00021	0.00021	0.02756	0.00021	0.07054	0.02928	0.04433	0.00021	0.00021	0.00021	0.00021	0.00021	0.00021	0.10637	0.29717	0.05288	0.42097	0.30582	0.10709	0.14213	0.08321	0.04432	0.06273	0.43139	0.13425	0.00021	0.28982	0.04355	0.04355	0.10687	0.0	0.1137	0.52445	0.06609	0.00021	0.1907	0.0	0.19913	0.09237	0.13574	0.0	0.13574	0.10637	0.10637	0.08158	0.00021	0.04582	0.09341	0.13443	0.29447	0.07022	0.18824	0.04355	0.00021	0.00021	0.00021	0.00021	0.00021	0.00021	0.00021	0.00021	0.00021	0.00021	0.00021	0.00021	0.00021	0.00021	0.00021	0.00021	0.00021	0.00021	0.00021	0.3194	0.22359	0.17667	0.10332	0.11721	0.07618	0.1227	
0.18806	0.3195	0.18167	0.30619	0.10815	0.16927	0.03663	0.00038	0.00038	0.07026	0.00038	0.20854	0.07805	0.12624	0.00038	0.00038	0.00038	0.00038	0.00038	0.00038	0.33498	0.24883	0.11417	0.12628	0.19531	0.13234	0.06266	0.19301	0.12624	0.15501	0.11525	0.22795	0.00038	0.13306	0.11803	0.11803	0.17267	0.0	0.39899	0.61207	0.18901	0.00038	0.68726	0.19913	0.0	0.1951	0.1894	0.0	0.1894	0.33498	0.33498	0.0619	0.00038	0.06857	0.17652	0.1175	0.24291	0.28786	0.32984	0.11803	0.00038	0.00038	0.00038	0.00038	0.00038	0.00038	0.00038	0.00038	0.00038	0.00038	0.00038	0.00038	0.00038	0.00038	0.00038	0.00038	0.00038	0.00038	0.00038	0.11922	0.16927	0.29102	0.15798	0.00861	0.25778	0.19666	
0.17083	0.15385	0.46282	0.37606	0.03369	0.30157	0.17989	0.00021	0.00021	0.02456	0.00021	0.1848	0.04216	0.44479	0.00021	0.00021	0.00021	0.00021	0.00021	0.00021	0.59423	0.35478	0.17397	0.44044	0.17227	0.5771	0.6152	0.17519	0.05676	0.20036	0.02417	0.50359	0.00021	1.34037	1.02179	1.02179	0.61192	0.0	0.27881	0.37774	0.05037	0.00021	0.20863	0.09237	0.1951	0.0	0.00021	0.0	0.00021	0.59423	0.59423	0.02232	0.00021	0.30705	0.23512	0.0818	0.16027	0.30449	0.14722	1.02179	0.00021	0.00021	0.00021	0.00021	0.00021	0.00021	0.00021	0.00021	0.00021	0.00021	0.00021	0.00021	0.00021	0.00021	0.00021	0.00021	0.00021	0.00021	0.00021	0.22424	0.30157	0.19259	0.05486	0.08863	0.1553	0.22815	
0.09645	0.14687	0.09532	0.86454	0.02371	0.0	0.04667	0.0	0.0	0.01788	0.0	0.35892	0.02671	0.0	0.0	0.0	0.0	0.0	0.0	0.0	0.0	0.88147	0.07143	0.0	0.20415	0.152	0.02846	0.27137	0.08889	0.44133	0.0134	0.02001	0.0	0.34089	0.02231	0.02231	0.02517	0.0	0.52498	0.6256	0.02121	0.0	0.28367	0.13574	0.1894	0.00021	0.0	0.0	0.0	0.0	0.0	0.01985	0.0	0.0584	0.05368	0.06352	0.14478	0.00246	0.09986	0.02231	0.0	0.0	0.0	0.0	0.0	0.0	0.0	0.0	0.0	0.0	0.0	0.0	0.0	0.0	0.0	0.0	0.0	0.0	0.0	0.0428	0.0	0.35655	0.02974	0.06803	0.21275	0.43968	
0.0	0.0	0.0	0.0	0.0	0.0	0.0	0.0	0.0	0.0	0.0	0.0	0.0	0.0	0.0	0.0	0.0	0.0	0.0	0.0	0.0	0.0	0.0	0.0	0.0	0.0	0.0	0.0	0.0	0.0	0.0	0.0	0.0	0.0	0.0	0.0	0.0	0.0	0.0	0.0	0.0	0.0	0.0	0.0	0.0	0.0	0.0	0.0	0.0	0.0	0.0	0.0	0.0	0.0	0.0	0.0	0.0	0.0	0.0	0.0	0.0	0.0	0.0	0.0	0.0	0.0	0.0	0.0	0.0	0.0	0.0	0.0	0.0	0.0	0.0	0.0	0.0	0.0	0.0	0.0	0.0	0.0	0.0	0.0	0.0	0.0	
0.02715	0.17463	0.15755	0.96549	0.00854	0.01477	0.01484	0.0	0.0	0.00585	0.0	0.38953	0.00943	0.12562	0.0	0.0	0.0	0.0	0.0	0.0	0.0	0.37297	0.05898	0.12217	0.24846	0.17377	0.04349	0.28727	0.13841	0.46349	0.00327	0.0235	0.0	0.41618	0.00712	0.00712	0.00855	0.0	0.30396	0.4046	0.01142	0.0	0.06258	0.13574	0.1894	0.00021	0.0	0.0	0.0	0.0	0.0	0.00739	0.0	0.11211	0.0165	0.0235	0.11598	0.01717	0.0483	0.00712	0.0	0.0	0.0	0.0	0.0	0.0	0.0	0.0	0.0	0.0	0.0	0.0	0.0	0.0	0.0	0.0	0.0	0.0	0.0	0.04219	0.01477	0.01367	0.04046	0.00181	0.17801	0.20719	
0.11934	0.2789	0.31623	0.73256	0.02369	0.03515	0.07133	0.00024	0.00024	0.01784	0.00024	0.22523	0.03005	0.10628	0.00024	0.00024	0.00024	0.00024	0.00024	0.00024	1.00011	0.38418	0.12062	0.10635	0.30894	0.28792	0.06819	0.21198	0.10916	0.23093	0.05953	0.0889	0.00024	0.40734	0.02805	0.02805	0.03795	0.0	0.34364	0.45896	0.05209	0.00024	0.16741	0.10637	0.33498	0.59423	0.0	0.0	0.0	0.0	1.00011	0.01516	0.00024	0.26059	0.08402	0.05993	0.17348	0.07302	0.16425	0.02805	0.00024	0.00024	0.00024	0.00024	0.00024	0.00024	0.00024	0.00024	0.00024	0.00024	0.00024	0.00024	0.00024	0.00024	0.00024	0.00024	0.00024	0.00024	0.00024	0.09358	0.03515	0.04687	0.07581	0.0053	0.18521	0.19907	
0.11934	0.2789	0.31623	0.73256	0.02369	0.03515	0.07133	0.00024	0.00024	0.01784	0.00024	0.22523	0.03005	0.10628	0.00024	0.00024	0.00024	0.00024	0.00024	0.00024	1.00011	0.38418	0.12062	0.10635	0.30894	0.28792	0.06819	0.21198	0.10916	0.23093	0.05953	0.0889	0.00024	0.40734	0.02805	0.02805	0.03795	0.0	0.34364	0.45896	0.05209	0.00024	0.16741	0.10637	0.33498	0.59423	0.0	0.0	0.0	1.00011	0.0	0.01516	0.00024	0.26059	0.08402	0.05993	0.17348	0.07302	0.16425	0.02805	0.00024	0.00024	0.00024	0.00024	0.00024	0.00024	0.00024	0.00024	0.00024	0.00024	0.00024	0.00024	0.00024	0.00024	0.00024	0.00024	0.00024	0.00024	0.00024	0.09358	0.03515	0.04687	0.07581	0.0053	0.18521	0.19907	
0.04412	0.09008	0.02321	0.01522	0.0075	0.0103	0.07487	0.00025	0.00025	0.00613	0.00025	0.01092	0.00896	0.0127	0.00025	0.00025	0.00025	0.00025	0.00025	0.00025	0.01516	0.0752	0.02163	0.0128	0.01994	0.02048	0.01442	0.01224	0.01249	0.01154	0.0082	0.01938	0.00025	0.01595	0.0086	0.0086	0.00995	0.0	0.0203	0.05339	0.01257	0.00025	0.02532	0.08158	0.0619	0.02232	0.01985	0.0	0.00739	0.01516	0.01516	0.0	0.00025	0.02612	0.07805	0.01971	0.02067	0.01632	0.02961	0.0086	0.00025	0.00025	0.00025	0.00025	0.00025	0.00025	0.00025	0.00025	0.00025	0.00025	0.00025	0.00025	0.00025	0.00025	0.00025	0.00025	0.00025	0.00025	0.00025	0.0168	0.0103	0.01171	0.01382	0.02638	0.01349	0.01557	
8e-05	4e-05	6e-05	0.00018	0.00017	0.00049	9e-05	0.0	0.0	0.00036	0.0	8e-05	0.00014	0.00029	0.0	0.0	0.0	0.0	0.0	0.0	0.00024	0.00021	0.0001	0.00043	9e-05	2e-05	5e-05	9e-05	0.00016	9e-05	0.00027	0.00014	0.0	0.0001	0.00031	0.00031	0.00016	0.0	0.00022	0.00024	0.00014	0.0	0.0002	0.00021	0.00038	0.00021	0.0	0.0	0.0	0.00024	0.00024	0.00025	0.0	6e-05	8e-05	8e-05	0.00012	8e-05	8e-05	0.00031	0.0	0.0	0.0	0.0	0.0	0.0	0.0	0.0	0.0	0.0	0.0	0.0	0.0	0.0	0.0	0.0	0.0	0.0	0.0	9e-05	0.00049	0.00026	8e-05	0.00014	8e-05	0.00014	
0.00542	0.08819	0.24186	0.23211	0.04226	0.06485	0.00232	6e-05	6e-05	0.03107	6e-05	0.1222	0.05475	0.02383	6e-05	6e-05	6e-05	6e-05	6e-05	6e-05	0.26059	0.09206	0.03806	0.02389	0.1227	0.29449	0.20945	0.12887	0.02513	0.12084	0.04353	0.07089	6e-05	0.36695	0.10159	0.10159	0.10589	0.0	0.08171	0.21768	0.04697	6e-05	0.0123	0.04582	0.06857	0.30705	0.0584	0.0	0.11211	0.26059	0.26059	0.02612	6e-05	0.0	0.05109	0.00331	0.10762	0.06859	0.0606	0.10159	6e-05	6e-05	6e-05	6e-05	6e-05	6e-05	6e-05	6e-05	6e-05	6e-05	6e-05	6e-05	6e-05	6e-05	6e-05	6e-05	6e-05	6e-05	6e-05	0.04168	0.06485	0.0917	0.04246	0.0166	0.1526	0.08699	
0.21992	0.1452	0.09618	0.15583	0.02897	0.04559	0.54035	8e-05	8e-05	0.11154	8e-05	0.11984	0.16874	0.06414	8e-05	8e-05	8e-05	8e-05	8e-05	8e-05	0.08402	0.08419	0.0672	0.06418	0.06212	0.11369	0.09677	0.27115	0.06324	0.13091	0.03054	0.22467	8e-05	0.10827	0.18337	0.18337	0.17595	0.0	0.13424	0.09633	0.14868	8e-05	0.15819	0.09341	0.17652	0.23512	0.05368	0.0	0.0165	0.08402	0.08402	0.07805	8e-05	0.05109	0.0	0.08371	0.14684	0.09904	0.18083	0.18337	8e-05	8e-05	8e-05	8e-05	8e-05	8e-05	8e-05	8e-05	8e-05	8e-05	8e-05	8e-05	8e-05	8e-05	8e-05	8e-05	8e-05	8e-05	8e-05	0.12239	0.04559	0.06816	0.14831	0.16676	0.1157	0.07435	
0.18654	0.18948	0.05689	0.06909	0.03248	0.23918	0.0555	8e-05	8e-05	0.02359	8e-05	0.28786	0.04897	0.1525	8e-05	8e-05	8e-05	8e-05	8e-05	8e-05	0.05993	0.17338	0.178	0.04163	0.13542	0.30408	0.07426	0.18396	0.08062	0.282	0.03636	0.2875	8e-05	0.08601	0.03927	0.03927	0.05809	0.0	0.18304	0.22476	0.13222	8e-05	0.10707	0.13443	0.1175	0.0818	0.06352	0.0	0.0235	0.05993	0.05993	0.01971	8e-05	0.00331	0.08371	0.0	0.22958	0.08123	0.19524	0.03927	8e-05	8e-05	8e-05	8e-05	8e-05	8e-05	8e-05	8e-05	8e-05	8e-05	8e-05	8e-05	8e-05	8e-05	8e-05	8e-05	8e-05	8e-05	8e-05	0.09321	0.23918	0.21989	0.08411	0.08338	0.15286	0.2242	
0.18801	0.17878	0.18205	0.17716	0.12884	0.15016	0.09482	0.00012	0.00012	0.02484	0.00012	0.13606	0.07312	0.03291	0.00012	0.00012	0.00012	0.00012	0.00012	0.00012	0.17348	0.17383	0.17433	0.24175	0.2018	0.17191	0.1325	0.09245	0.03219	0.07096	0.18399	0.44914	0.00012	0.29843	0.04207	0.04207	0.09237	0.0	0.31294	0.26412	0.05968	0.00012	0.26437	0.29447	0.24291	0.16027	0.14478	0.0	0.11598	0.17348	0.17348	0.02067	0.00012	0.10762	0.14684	0.22958	0.0	0.1175	0.2434	0.04207	0.00012	0.00012	0.00012	0.00012	0.00012	0.00012	0.00012	0.00012	0.00012	0.00012	0.00012	0.00012	0.00012	0.00012	0.00012	0.00012	0.00012	0.00012	0.00012	0.21007	0.15016	0.24848	0.09563	0.03595	0.13493	0.10166	
0.09389	0.09602	0.04531	0.08361	0.1836	0.14947	0.07425	8e-05	8e-05	0.01946	8e-05	0.05376	0.03456	0.05047	8e-05	8e-05	8e-05	8e-05	8e-05	8e-05	0.07302	0.05673	0.07516	0.05052	0.12632	0.10107	0.06187	0.06417	0.05587	0.05767	0.02869	0.26553	8e-05	0.0703	0.17863	0.17863	0.16286	0.0	0.20732	0.06163	0.06148	8e-05	0.04854	0.07022	0.28786	0.30449	0.00246	0.0	0.01717	0.07302	0.07302	0.01632	8e-05	0.06859	0.09904	0.08123	0.1175	0.0	0.25589	0.17863	8e-05	8e-05	8e-05	8e-05	8e-05	8e-05	8e-05	8e-05	8e-05	8e-05	8e-05	8e-05	8e-05	8e-05	8e-05	8e-05	8e-05	8e-05	8e-05	0.17182	0.14947	0.3899	0.0768	0.0994	0.2001	0.10804	
0.25563	0.14427	0.10459	0.20212	0.04999	0.14466	0.15514	8e-05	8e-05	0.03678	8e-05	0.17276	0.09026	0.15395	8e-05	8e-05	8e-05	8e-05	8e-05	8e-05	0.16425	0.10874	0.11158	0.15399	0.11074	0.23113	0.09746	0.14557	0.08624	0.15886	0.11964	0.21562	8e-05	0.09077	0.06115	0.06115	0.14517	0.0	0.13971	0.23841	0.02741	8e-05	0.21749	0.18824	0.32984	0.14722	0.09986	0.0	0.0483	0.16425	0.16425	0.02961	8e-05	0.0606	0.18083	0.19524	0.2434	0.25589	0.0	0.06115	8e-05	8e-05	8e-05	8e-05	8e-05	8e-05	8e-05	8e-05	8e-05	8e-05	8e-05	8e-05	8e-05	8e-05	8e-05	8e-05	8e-05	8e-05	8e-05	0.19277	0.14466	0.17385	0.0804	0.07785	0.14551	0.1857	
0.09474	0.03893	0.11865	0.02921	0.01268	0.01796	0.16019	0.00031	0.00031	0.00995	0.00031	0.02044	0.01557	0.02299	0.00031	0.00031	0.00031	0.00031	0.00031	0.00031	0.02805	0.03537	0.11218	0.02307	0.03952	0.12407	0.19896	0.02328	0.02268	0.02126	0.01287	0.37298	0.00031	0.17556	0.99996	0.99996	0.5873	0.0	0.03984	0.04447	0.02393	0.00031	0.05088	0.04355	0.11803	1.02179	0.02231	0.0	0.00712	0.02805	0.02805	0.0086	0.00031	0.10159	0.18337	0.03927	0.04207	0.17863	0.06115	0.0	0.00031	0.00031	0.00031	0.00031	0.00031	0.00031	0.00031	0.00031	0.00031	0.00031	0.00031	0.00031	0.00031	0.00031	0.00031	0.00031	0.00031	0.00031	0.00031	0.16554	0.01796	0.02196	0.02696	0.05116	0.02642	0.0303	
8e-05	4e-05	6e-05	0.00018	0.00017	0.00049	9e-05	0.0	0.0	0.00036	0.0	8e-05	0.00014	0.00029	0.0	0.0	0.0	0.0	0.0	0.0	0.00024	0.00021	0.0001	0.00043	9e-05	2e-05	5e-05	9e-05	0.00016	9e-05	0.00027	0.00014	0.0	0.0001	0.00031	0.00031	0.00016	0.0	0.00022	0.00024	0.00014	0.0	0.0002	0.00021	0.00038	0.00021	0.0	0.0	0.0	0.00024	0.00024	0.00025	0.0	6e-05	8e-05	8e-05	0.00012	8e-05	8e-05	0.00031	0.0	0.0	0.0	0.0	0.0	0.0	0.0	0.0	0.0	0.0	0.0	0.0	0.0	0.0	0.0	0.0	0.0	0.0	0.0	9e-05	0.00049	0.00026	8e-05	0.00014	8e-05	0.00014	
8e-05	4e-05	6e-05	0.00018	0.00017	0.00049	9e-05	0.0	0.0	0.00036	0.0	8e-05	0.00014	0.00029	0.0	0.0	0.0	0.0	0.0	0.0	0.00024	0.00021	0.0001	0.00043	9e-05	2e-05	5e-05	9e-05	0.00016	9e-05	0.00027	0.00014	0.0	0.0001	0.00031	0.00031	0.00016	0.0	0.00022	0.00024	0.00014	0.0	0.0002	0.00021	0.00038	0.00021	0.0	0.0	0.0	0.00024	0.00024	0.00025	0.0	6e-05	8e-05	8e-05	0.00012	8e-05	8e-05	0.00031	0.0	0.0	0.0	0.0	0.0	0.0	0.0	0.0	0.0	0.0	0.0	0.0	0.0	0.0	0.0	0.0	0.0	0.0	0.0	9e-05	0.00049	0.00026	8e-05	0.00014	8e-05	0.00014	
8e-05	4e-05	6e-05	0.00018	0.00017	0.00049	9e-05	0.0	0.0	0.00036	0.0	8e-05	0.00014	0.00029	0.0	0.0	0.0	0.0	0.0	0.0	0.00024	0.00021	0.0001	0.00043	9e-05	2e-05	5e-05	9e-05	0.00016	9e-05	0.00027	0.00014	0.0	0.0001	0.00031	0.00031	0.00016	0.0	0.00022	0.00024	0.00014	0.0	0.0002	0.00021	0.00038	0.00021	0.0	0.0	0.0	0.00024	0.00024	0.00025	0.0	6e-05	8e-05	8e-05	0.00012	8e-05	8e-05	0.00031	0.0	0.0	0.0	0.0	0.0	0.0	0.0	0.0	0.0	0.0	0.0	0.0	0.0	0.0	0.0	0.0	0.0	0.0	0.0	9e-05	0.00049	0.00026	8e-05	0.00014	8e-05	0.00014	
8e-05	4e-05	6e-05	0.00018	0.00017	0.00049	9e-05	0.0	0.0	0.00036	0.0	8e-05	0.00014	0.00029	0.0	0.0	0.0	0.0	0.0	0.0	0.00024	0.00021	0.0001	0.00043	9e-05	2e-05	5e-05	9e-05	0.00016	9e-05	0.00027	0.00014	0.0	0.0001	0.00031	0.00031	0.00016	0.0	0.00022	0.00024	0.00014	0.0	0.0002	0.00021	0.00038	0.00021	0.0	0.0	0.0	0.00024	0.00024	0.00025	0.0	6e-05	8e-05	8e-05	0.00012	8e-05	8e-05	0.00031	0.0	0.0	0.0	0.0	0.0	0.0	0.0	0.0	0.0	0.0	0.0	0.0	0.0	0.0	0.0	0.0	0.0	0.0	0.0	9e-05	0.00049	0.00026	8e-05	0.00014	8e-05	0.00014	
8e-05	4e-05	6e-05	0.00018	0.00017	0.00049	9e-05	0.0	0.0	0.00036	0.0	8e-05	0.00014	0.00029	0.0	0.0	0.0	0.0	0.0	0.0	0.00024	0.00021	0.0001	0.00043	9e-05	2e-05	5e-05	9e-05	0.00016	9e-05	0.00027	0.00014	0.0	0.0001	0.00031	0.00031	0.00016	0.0	0.00022	0.00024	0.00014	0.0	0.0002	0.00021	0.00038	0.00021	0.0	0.0	0.0	0.00024	0.00024	0.00025	0.0	6e-05	8e-05	8e-05	0.00012	8e-05	8e-05	0.00031	0.0	0.0	0.0	0.0	0.0	0.0	0.0	0.0	0.0	0.0	0.0	0.0	0.0	0.0	0.0	0.0	0.0	0.0	0.0	9e-05	0.00049	0.00026	8e-05	0.00014	8e-05	0.00014	
8e-05	4e-05	6e-05	0.00018	0.00017	0.00049	9e-05	0.0	0.0	0.00036	0.0	8e-05	0.00014	0.00029	0.0	0.0	0.0	0.0	0.0	0.0	0.00024	0.00021	0.0001	0.00043	9e-05	2e-05	5e-05	9e-05	0.00016	9e-05	0.00027	0.00014	0.0	0.0001	0.00031	0.00031	0.00016	0.0	0.00022	0.00024	0.00014	0.0	0.0002	0.00021	0.00038	0.00021	0.0	0.0	0.0	0.00024	0.00024	0.00025	0.0	6e-05	8e-05	8e-05	0.00012	8e-05	8e-05	0.00031	0.0	0.0	0.0	0.0	0.0	0.0	0.0	0.0	0.0	0.0	0.0	0.0	0.0	0.0	0.0	0.0	0.0	0.0	0.0	9e-05	0.00049	0.00026	8e-05	0.00014	8e-05	0.00014	
8e-05	4e-05	6e-05	0.00018	0.00017	0.00049	9e-05	0.0	0.0	0.00036	0.0	8e-05	0.00014	0.00029	0.0	0.0	0.0	0.0	0.0	0.0	0.00024	0.00021	0.0001	0.00043	9e-05	2e-05	5e-05	9e-05	0.00016	9e-05	0.00027	0.00014	0.0	0.0001	0.00031	0.00031	0.00016	0.0	0.00022	0.00024	0.00014	0.0	0.0002	0.00021	0.00038	0.00021	0.0	0.0	0.0	0.00024	0.00024	0.00025	0.0	6e-05	8e-05	8e-05	0.00012	8e-05	8e-05	0.00031	0.0	0.0	0.0	0.0	0.0	0.0	0.0	0.0	0.0	0.0	0.0	0.0	0.0	0.0	0.0	0.0	0.0	0.0	0.0	9e-05	0.00049	0.00026	8e-05	0.00014	8e-05	0.00014	
