0.0	0.10509	0.29213	0.09725	0.0957	0.0	0.29443	0.39582	0.12672	0.07311	0.07925	0.09552	0.15463	0.2982	0.28273	0.21892	0.15876	0.07693	0.0	0.11592	0.10985	0.0	0.0	0.19414	0.0	0.0	0.0	0.12175	0.13993	0.20257	0.21472	0.13169	0.14864	0.13551	0.14464	0.20082	0.28801	0.0	0.10566	0.12099	0.19314	0.0	0.0	0.18169	0.16403	0.10636	0.14688	0.10333	0.08063	0.0	0.0	0.0	0.21649	0.11252	0.08847	0.18321	0.0	0.24839	0.01606	0.12118	0.15963	0.11315	0.25275	0.11475	0.09045	0.14756	0.03964	0.22133	0.15736	0.21283	0.22584	0.0	0.18824	0.08295	0.0	0.0	0.17361	0.13726	0.05783	0.07262	0.0	0.00022	0.00022	0.00022	0.00022	0.00022	0.16807	0.04517	0.00022	0.19256	0.02433	0.00022	0.08316	0.00022	0.00022	0.00022	0.00732	0.02891	0.0	0.2413	0.00022	0.00022	0.1418	0.10177	0.053	0.1656	0.1771	0.01073	0.1872	0.08205	0.00022	0.00022	0.07779	0.00022	0.11462	0.00434	0.00022	0.03766	0.09867	0.04806	0.0855	0.07195	0.08833	0.11712	0.01698	
0.10509	0.0	0.13598	0.08847	0.36754	0.0	0.09133	0.13727	0.06894	0.01786	0.21583	0.31088	0.06933	0.07398	0.13281	0.07994	0.08978	0.02763	0.0	0.06547	0.06323	0.0	0.0	0.47959	0.0	0.0	0.0	0.07809	0.05193	0.08962	0.17505	0.02747	0.05476	0.2147	0.14429	0.11889	0.19417	0.0	0.01378	0.04485	0.11511	0.0	0.0	0.16015	0.06792	0.03178	0.04005	0.04744	0.01093	0.0	0.0	0.0	0.08315	0.32718	0.06518	0.11976	0.0	0.09446	0.10872	0.1183	0.0308	0.06326	0.07287	0.09619	0.36363	0.02982	0.09923	0.12833	0.09438	0.20525	0.12938	0.0	0.04548	0.052	0.0	0.0	0.04042	0.14422	0.02015	0.03213	0.0	0.00013	0.00013	0.00013	0.00013	0.00013	0.25031	0.01946	0.00013	0.05872	0.00687	0.00013	0.0799	0.00013	0.00013	0.00013	0.0044	0.01575	0.0	0.06767	0.00013	0.00013	0.05432	0.00952	0.08838	0.04598	0.06767	0.0054	0.05619	0.06793	0.00013	0.00013	0.0106	0.00013	0.02081	0.00267	0.00013	0.01014	0.10584	0.00537	0.0673	0.01834	0.0247	0.05264	0.01715	
0.29213	0.13598	0.0	0.18398	0.09307	0.0	0.26968	0.24038	0.11589	0.06924	0.06128	0.16124	0.15679	0.2085	0.2371	0.19953	0.08871	0.09497	0.0	0.03885	0.06966	0.0	0.0	0.14993	0.0	0.0	0.0	0.05436	0.11568	0.0829	0.14364	0.162	0.16652	0.17881	0.10608	0.12777	0.22991	0.0	0.15088	0.20331	0.09379	0.0	0.0	0.12851	0.12354	0.10834	0.07865	0.08056	0.02207	0.0	0.0	0.0	0.22624	0.12694	0.08487	0.12732	0.0	0.10228	0.03957	0.05811	0.10629	0.0594	0.2123	0.15637	0.1162	0.10888	0.03125	0.1919	0.24884	0.124	0.33067	0.0	0.15317	0.08308	0.0	0.0	0.1052	0.30389	0.01465	0.04294	0.0	0.00099	0.00028	0.00028	0.00028	0.00028	0.16112	0.0623	0.00028	0.12217	0.02294	0.00028	0.06455	0.00028	0.00028	0.00028	0.01144	0.04667	0.0	0.13153	0.00028	0.00028	0.11878	0.11224	0.10722	0.06839	0.08311	0.01405	0.19689	0.03004	0.00028	0.00028	0.0211	0.00028	0.1039	0.00671	0.00028	0.03556	0.02728	0.04007	0.0953	0.09284	0.131	0.12479	0.03573	
0.09725	0.08847	0.18398	0.0	0.0398	0.0	0.0569	0.34249	0.15292	0.01901	0.01944	0.08784	0.48562	0.42614	0.15841	0.10707	0.05954	0.04378	0.0	0.03477	0.18147	0.0	0.0	0.08931	0.0	0.0	0.0	0.1965	0.0526	0.08304	0.13769	0.18226	0.14232	0.02361	0.24976	0.71784	0.12039	0.0	0.01489	0.13735	0.22033	0.0	0.0	0.14731	0.06639	0.11472	0.21658	0.17046	0.06208	0.0	0.0	0.0	0.30169	0.04296	0.10562	0.21438	0.0	0.20811	0.03695	0.08902	0.20745	0.16692	0.17507	0.03531	0.0638	0.03086	0.03016	0.15347	0.11199	0.19056	0.08709	0.0	0.1546	0.09785	0.0	0.0	0.13118	0.06336	0.04811	0.10296	0.0	0.06536	0.00015	0.00015	0.00015	0.00015	0.132	0.09833	0.00015	0.4104	0.00711	0.00015	0.09647	0.00015	0.00015	0.00015	0.00458	0.01676	0.0	0.3819	0.00015	0.00015	0.07397	0.07235	0.29723	0.22536	0.17246	0.00849	0.21983	0.04075	0.00015	0.00015	0.06214	0.00015	0.03446	0.00274	0.00015	0.01061	0.19855	0.02662	0.02136	0.03432	0.0264	0.02035	0.04618	
0.0957	0.36754	0.09307	0.0398	0.0	0.0	0.03413	0.1052	0.01699	0.01281	0.22731	0.25746	0.04492	0.08606	0.09511	0.06149	0.06971	0.02113	0.0	0.17706	0.05545	0.0	0.0	0.21349	0.0	0.0	0.0	0.08284	0.0344	0.07167	0.11278	0.02573	0.04259	0.015	0.08255	0.06433	0.14567	0.0	0.00974	0.03418	0.08168	0.0	0.0	0.11663	0.098	0.075	0.09199	0.08104	0.00789	0.0	0.0	0.0	0.05671	0.15931	0.0616	0.10157	0.0	0.06746	0.05731	0.0893	0.05722	0.05029	0.06367	0.06403	0.09339	0.04903	0.08748	0.14704	0.04524	0.06447	0.08423	0.0	0.03443	0.06028	0.0	0.0	0.03036	0.09857	0.01554	0.04405	0.0	0.00011	5e-05	5e-05	5e-05	5e-05	0.30424	0.04364	5e-05	0.07983	0.00504	5e-05	0.15833	5e-05	5e-05	5e-05	0.00329	0.0114	0.0	0.08338	5e-05	5e-05	0.07814	0.01428	0.1714	0.08267	0.05725	0.00407	0.14788	0.05725	5e-05	5e-05	0.00765	5e-05	0.02606	0.00197	5e-05	0.00741	0.07822	0.00846	0.14036	0.03664	0.01709	0.11749	0.01377	
0.0	0.0	0.0	0.0	0.0	0.0	0.0	0.0	0.0	0.0	0.0	0.0	0.0	0.0	0.0	0.0	0.0	0.0	0.0	0.0	0.0	0.0	0.0	0.0	0.0	0.0	0.0	0.0	0.0	0.0	0.0	0.0	0.0	0.0	0.0	0.0	0.0	0.0	0.0	0.0	0.0	0.0	0.0	0.0	0.0	0.0	0.0	0.0	0.0	0.0	0.0	0.0	0.0	0.0	0.0	0.0	0.0	0.0	0.0	0.0	0.0	0.0	0.0	0.0	0.0	0.0	0.0	0.0	0.0	0.0	0.0	0.0	0.0	0.0	0.0	0.0	0.0	0.0	0.0	0.0	0.0	0.0	0.0	0.0	0.0	0.0	0.0	0.0	0.0	0.0	0.0	0.0	0.0	0.0	0.0	0.0	0.0	0.0	0.0	0.0	0.0	0.0	0.0	0.0	0.0	0.0	0.0	0.0	0.0	0.0	0.0	0.0	0.0	0.0	0.0	0.0	0.0	0.0	0.0	0.0	0.0	0.0	0.0	0.0	0.0	
0.29443	0.09133	0.26968	0.0569	0.03413	0.0	0.0	0.16719	0.06969	0.15162	0.07704	0.14594	0.0846	0.08919	0.1181	0.21845	0.02735	0.03327	0.0	0.1036	0.04403	0.0	0.0	0.08203	0.0	0.0	0.0	0.06972	0.03873	0.05953	0.11487	0.10909	0.12824	0.30755	0.05885	0.06421	0.17589	0.0	0.25876	0.13372	0.17279	0.0	0.0	0.12303	0.06973	0.05532	0.04093	0.04502	0.01153	0.0	0.0	0.0	0.15713	0.09189	0.08931	0.08394	0.0	0.11754	0.0334	0.06084	0.08532	0.07823	0.1257	0.08083	0.10548	0.0946	0.04216	0.1057	0.23391	0.08976	0.14361	0.0	0.03957	0.06102	0.0	0.0	0.09208	0.2631	0.01923	0.02201	0.0	0.00042	8e-05	8e-05	8e-05	8e-05	0.10917	0.01926	8e-05	0.05077	0.0509	8e-05	0.07892	8e-05	8e-05	8e-05	0.00412	0.01487	0.0	0.063	8e-05	8e-05	0.05105	0.05557	0.01445	0.04342	0.06093	0.00543	0.10705	0.05072	8e-05	8e-05	0.00982	8e-05	0.25353	0.00246	8e-05	0.0784	0.10925	0.02332	0.08927	0.0208	0.02297	0.10946	0.01719	
0.39582	0.13727	0.24038	0.34249	0.1052	0.0	0.16719	0.0	0.04563	0.0452	0.04712	0.04185	0.35353	0.28833	0.21773	0.11814	0.04021	0.03689	0.0	0.05672	0.13692	0.0	0.0	0.16735	0.0	0.0	0.0	0.17875	0.08537	0.16778	0.23761	0.1693	0.16671	0.06021	0.15853	0.26324	0.13666	0.0	0.03504	0.13306	0.28285	0.0	0.0	0.25339	0.13716	0.08808	0.15311	0.13875	0.03893	0.0	0.0	0.0	0.24929	0.1147	0.09788	0.14621	0.0	0.17179	0.0105	0.02913	0.15285	0.16241	0.23577	0.15389	0.05315	0.04544	0.06355	0.11946	0.12117	0.30261	0.12835	0.0	0.10627	0.04695	0.0	0.0	0.1074	0.11499	0.00911	0.08608	0.0	0.00091	0.00019	0.00019	0.00019	0.00019	0.33222	0.0945	0.00019	0.20208	0.01568	0.00019	0.15393	0.00019	0.00019	0.00019	0.01042	0.04165	0.0	0.23838	0.00019	0.00019	0.07807	0.17044	0.21223	0.15358	0.11791	0.01406	0.09975	0.05913	0.00019	0.00019	0.03863	0.00019	0.04609	0.0061	0.00019	0.024	0.19106	0.07	0.13982	0.05365	0.06326	0.21281	0.02553	
0.12672	0.06894	0.11589	0.15292	0.01699	0.0	0.06969	0.04563	0.0	0.01484	0.01512	0.02989	0.07303	0.16647	0.12704	0.09321	0.10349	0.19404	0.0	0.03435	0.12518	0.0	0.0	0.06509	0.0	0.0	0.0	0.05091	0.0441	0.0265	0.04851	0.0511	0.07259	0.02296	0.10593	0.30769	0.05047	0.0	0.01944	0.0397	0.05484	0.0	0.0	0.04612	0.14493	0.04344	0.06268	0.03878	0.08848	0.0	0.0	0.0	0.08172	0.03034	0.07459	0.07175	0.0	0.15984	0.03505	0.08996	0.07516	0.07706	0.10465	0.04727	0.04849	0.07467	0.06338	0.09028	0.05384	0.11113	0.07691	0.0	0.03478	0.06424	0.0	0.0	0.07967	0.07132	0.06571	0.08988	0.0	0.07287	0.00018	0.00018	0.00018	0.00018	0.03858	0.06024	0.00018	0.094	0.00566	0.00018	0.03442	0.00018	0.00018	0.00018	0.00369	0.01312	0.0	0.091	0.00018	0.00018	0.15386	0.04931	0.02954	0.03813	0.04842	0.00514	0.14042	0.10319	0.00018	0.00018	0.08857	0.00018	0.02208	0.00224	0.00018	0.00839	0.02831	0.02062	0.02136	0.10698	0.12833	0.02516	0.01522	
0.07311	0.01786	0.06924	0.01901	0.01281	0.0	0.15162	0.0452	0.01484	0.0	0.00752	0.02322	0.02045	0.02225	0.04534	0.06379	0.0236	0.01362	0.0	0.01639	0.06485	0.0	0.0	0.02889	0.0	0.0	0.0	0.12884	0.0854	0.07777	0.03494	0.03204	0.00706	0.00874	0.03128	0.01884	0.04839	0.0	0.0065	0.18454	0.0569	0.0	0.0	0.04059	0.00806	0.01847	0.0141	0.01598	0.02223	0.0	0.0	0.0	0.06894	0.1842	0.02914	0.05378	0.0	0.02951	0.0005	0.0188	0.02545	0.02129	0.03512	0.01001	0.16967	0.08401	0.03752	0.02315	0.07418	0.04004	0.10676	0.0	0.16212	0.02064	0.0	0.0	0.05039	0.06334	0.00282	0.01993	0.0	0.00028	7e-05	7e-05	7e-05	7e-05	0.03258	0.02026	7e-05	0.01974	0.00356	7e-05	0.02706	7e-05	7e-05	7e-05	0.00246	0.00709	0.0	0.02036	7e-05	7e-05	0.01768	0.02039	0.01902	0.01574	0.07588	0.00313	0.0345	0.0275	7e-05	7e-05	0.00509	7e-05	0.33062	0.00153	7e-05	0.00495	0.03383	0.01009	0.03003	0.01788	0.00973	0.03568	0.00833	
0.07925	0.21583	0.06128	0.01944	0.22731	0.0	0.07704	0.04712	0.01512	0.00752	0.0	0.02351	0.02109	0.06715	0.0681	0.11046	0.07674	0.01376	0.0	0.08327	0.03757	0.0	0.0	0.06326	0.0	0.0	0.0	0.0698	0.01711	0.08027	0.03598	0.03301	0.02065	0.32611	0.11887	0.05337	0.05459	0.0	0.00599	0.01701	0.05881	0.0	0.0	0.04134	0.04337	0.07728	0.09197	0.08058	0.00491	0.0	0.0	0.0	0.07155	0.01685	0.02959	0.06951	0.0	0.08422	0.05399	0.07384	0.06185	0.07181	0.05898	0.05505	0.0527	0.05997	0.03842	0.0514	0.12014	0.14031	0.06121	0.0	0.01694	0.02106	0.0	0.0	0.04277	0.05702	0.03972	0.01995	0.0	0.0001	9e-05	9e-05	9e-05	9e-05	0.0338	0.02086	9e-05	0.06619	0.00329	9e-05	0.02756	9e-05	9e-05	9e-05	0.00225	0.00679	0.0	0.07072	9e-05	9e-05	0.07264	0.0206	0.25164	0.0845	0.08126	0.0027	0.04838	0.02801	9e-05	9e-05	0.00479	9e-05	0.01146	0.00139	9e-05	0.00465	0.04422	0.00986	0.03063	0.01823	0.00957	0.03648	0.00805	
0.09552	0.31088	0.16124	0.08784	0.25746	0.0	0.14594	0.04185	0.02989	0.02322	0.02351	0.0	0.07514	0.09681	0.04905	0.09069	0.1129	0.15352	0.0	0.12104	0.08429	0.0	0.0	0.24139	0.0	0.0	0.0	0.11001	0.0351	0.01969	0.17135	0.08497	0.07039	0.13762	0.12199	0.07992	0.30939	0.0	0.1491	0.05097	0.1262	0.0	0.0	0.06487	0.10635	0.03663	0.05673	0.09811	0.01412	0.0	0.0	0.0	0.12368	0.16783	0.04385	0.10075	0.0	0.08057	0.07811	0.08603	0.07393	0.10887	0.07099	0.02573	0.24495	0.07589	0.05178	0.05422	0.08819	0.04096	0.22106	0.0	0.0523	0.0616	0.0	0.0	0.06267	0.1436	0.03795	0.0506	0.0	0.00041	3e-05	3e-05	3e-05	3e-05	0.17813	0.08445	3e-05	0.09817	0.02519	3e-05	0.06386	3e-05	3e-05	3e-05	0.00538	0.02036	0.0	0.08221	3e-05	3e-05	0.09371	0.02174	0.08492	0.06433	0.0751	0.00719	0.0479	0.01983	3e-05	3e-05	0.0134	3e-05	0.11637	0.00318	3e-05	0.03951	0.02898	0.0085	0.05142	0.08703	0.06529	0.05001	0.0247	
0.15463	0.06933	0.15679	0.48562	0.04492	0.0	0.0846	0.35353	0.07303	0.02045	0.02109	0.07514	0.0	0.37081	0.18853	0.08617	0.06508	0.05454	0.0	0.04701	0.12997	0.0	0.0	0.08731	0.0	0.0	0.0	0.28782	0.09361	0.13693	0.1804	0.15703	0.14959	0.04731	0.24376	0.44315	0.1415	0.0	0.03949	0.1636	0.19473	0.0	0.0	0.09468	0.12218	0.16539	0.23441	0.18794	0.06182	0.0	0.0	0.0	0.23699	0.07768	0.07171	0.16394	0.0	0.19203	0.10196	0.0661	0.17424	0.10533	0.16259	0.06292	0.05826	0.05805	0.0712	0.11468	0.21202	0.16524	0.07951	0.0	0.17983	0.06567	0.0	0.0	0.11156	0.07089	0.02107	0.03913	0.0	0.00657	0.00012	0.00012	0.00012	0.00012	0.1087	0.05434	0.00012	0.26708	0.0074	0.00012	0.11382	0.00012	0.00012	0.00012	0.0047	0.01792	0.0	0.28767	0.00012	0.00012	0.05344	0.07681	0.19859	0.15803	0.16456	0.01038	0.14282	0.05951	0.00012	0.00012	0.0617	0.00012	0.05882	0.00279	0.00012	0.01117	0.21401	0.02903	0.03561	0.06327	0.02919	0.04316	0.02204	
0.2982	0.07398	0.2085	0.42614	0.08606	0.0	0.08919	0.28833	0.16647	0.02225	0.06715	0.09681	0.37081	0.0	0.24006	0.07671	0.11947	0.07701	0.0	0.0432	0.1376	0.0	0.0	0.10114	0.0	0.0	0.0	0.20267	0.11871	0.10064	0.17382	0.16879	0.10989	0.06049	0.24685	0.36995	0.07845	0.0	0.05465	0.11666	0.23561	0.0	0.0	0.1664	0.15246	0.21109	0.2745	0.213	0.05559	0.0	0.0	0.0	0.35495	0.05767	0.14366	0.24793	0.0	0.39011	0.05528	0.10911	0.27751	0.15015	0.2963	0.01586	0.08652	0.03746	0.06024	0.14981	0.20737	0.19148	0.11989	0.0	0.13138	0.03144	0.0	0.0	0.17237	0.09604	0.07462	0.06029	0.0	0.00734	0.00028	0.00028	0.00028	0.00028	0.17546	0.12107	0.00028	0.3652	0.00803	0.00028	0.08909	0.00028	0.00028	0.00028	0.00514	0.01948	0.0	0.36031	0.00028	0.00028	0.26462	0.08616	0.24182	0.26078	0.19729	0.01033	0.17118	0.00364	0.00028	0.00028	0.05524	0.00028	0.05904	0.0031	0.00028	0.01211	0.26938	0.03177	0.03847	0.14332	0.12569	0.05069	0.02402	
0.28273	0.13281	0.2371	0.15841	0.09511	0.0	0.1181	0.21773	0.12704	0.04534	0.0681	0.04905	0.18853	0.24006	0.0	0.1087	0.14137	0.10059	0.0	0.03333	0.0915	0.0	0.0	0.0937	0.0	0.0	0.0	0.18988	0.17903	0.16773	0.19787	0.16786	0.11468	0.07252	0.18491	0.15631	0.09025	0.0	0.03858	0.16369	0.22166	0.0	0.0	0.22189	0.13501	0.18623	0.12186	0.12148	0.04247	0.0	0.0	0.0	0.35252	0.12912	0.12334	0.20476	0.0	0.17427	0.02725	0.0639	0.05446	0.11806	0.21073	0.23377	0.05892	0.03942	0.03675	0.09997	0.34048	0.2648	0.13218	0.0	0.13774	0.04531	0.0	0.0	0.12131	0.14029	0.06389	0.0745	0.0	0.00188	0.0003	0.0003	0.0003	0.0003	0.21945	0.07081	0.0003	0.13609	0.02172	0.0003	0.07446	0.0003	0.0003	0.0003	0.00817	0.0268	0.0	0.23012	0.0003	0.0003	0.10126	0.11512	0.17292	0.10446	0.1455	0.01933	0.096	0.07157	0.0003	0.0003	0.04253	0.0003	0.06294	0.00485	0.0003	0.03358	0.0864	0.02441	0.102	0.09585	0.1251	0.09738	0.04037	
0.21892	0.07994	0.19953	0.10707	0.06149	0.0	0.21845	0.11814	0.09321	0.06379	0.11046	0.09069	0.08617	0.07671	0.1087	0.0	0.06115	0.03183	0.0	0.03491	0.06731	0.0	0.0	0.05919	0.0	0.0	0.0	0.0579	0.07873	0.03261	0.0818	0.08578	0.1942	0.10068	0.09475	0.05707	0.18244	0.0	0.03972	0.12387	0.07171	0.0	0.0	0.08129	0.03887	0.06663	0.04504	0.03873	0.01496	0.0	0.0	0.0	0.11787	0.06273	0.0913	0.09147	0.0	0.06707	0.00318	0.02739	0.04286	0.05911	0.10746	0.10038	0.05682	0.1307	0.01872	0.08716	0.17492	0.08951	0.13758	0.0	0.06032	0.04785	0.0	0.0	0.0895	0.07899	0.00355	0.0363	0.0	0.00021	0.0001	0.0001	0.0001	0.0001	0.08719	0.08347	0.0001	0.06321	0.03959	0.0001	0.08496	0.0001	0.0001	0.0001	0.0219	0.00928	0.0	0.07987	0.0001	0.0001	0.01886	0.05095	0.07643	0.03484	0.04606	0.00774	0.10177	0.07469	0.0001	0.0001	0.01503	0.0001	0.07336	0.00357	0.0001	0.06162	0.04482	0.01822	0.06331	0.0206	0.03797	0.07722	0.01169	
0.15876	0.08978	0.08871	0.05954	0.06971	0.0	0.02735	0.04021	0.10349	0.0236	0.07674	0.1129	0.06508	0.11947	0.14137	0.06115	0.0	0.15216	0.0	0.02248	0.07367	0.0	0.0	0.04979	0.0	0.0	0.0	0.10768	0.08428	0.06564	0.09853	0.03556	0.04087	0.07271	0.09781	0.0505	0.06443	0.0	0.03771	0.06186	0.08141	0.0	0.0	0.05813	0.16353	0.06607	0.1231	0.14557	0.03997	0.0	0.0	0.0	0.10931	0.10978	0.13768	0.23318	0.0	0.13306	0.02625	0.08382	0.08741	0.12841	0.14399	0.02724	0.07167	0.06771	0.03396	0.0559	0.05051	0.07037	0.10168	0.0	0.13147	0.07671	0.0	0.0	0.13008	0.06768	0.0311	0.00477	0.0	0.00086	0.0002	0.0002	0.0002	0.0002	0.07895	0.05931	0.0002	0.19276	0.00851	0.0002	0.12693	0.0002	0.0002	0.0002	0.01568	0.05734	0.0	0.1247	0.0002	0.0002	0.17098	0.01152	0.09188	0.15753	0.13713	0.0075	0.04093	0.06565	0.0002	0.0002	0.03994	0.0002	0.04511	0.00324	0.0002	0.01285	0.09598	0.04071	0.03743	0.13851	0.26812	0.01059	0.00824	
0.07693	0.02763	0.09497	0.04378	0.02113	0.0	0.03327	0.03689	0.19404	0.01362	0.01376	0.15352	0.05454	0.07701	0.10059	0.03183	0.15216	0.0	0.0	0.03655	0.09864	0.0	0.0	0.09448	0.0	0.0	0.0	0.13943	0.07991	0.01262	0.18385	0.03847	0.04161	0.02719	0.04111	0.06332	0.04761	0.0	0.02634	0.05313	0.0424	0.0	0.0	0.04005	0.13774	0.0558	0.0318	0.12589	0.00859	0.0	0.0	0.0	0.07799	0.0474	0.05872	0.04208	0.0	0.03421	0.02748	0.0513	0.0476	0.08845	0.11429	0.08465	0.17988	0.04463	0.09366	0.04036	0.05895	0.04671	0.08482	0.0	0.04759	0.01663	0.0	0.0	0.06339	0.10709	0.04062	0.03836	0.0	0.00074	0.00019	0.00019	0.00019	0.00019	0.03458	0.02972	0.00019	0.04761	0.00534	0.00019	0.05259	0.00019	0.00019	0.00019	0.00351	0.0121	0.0	0.0506	0.00019	0.00019	0.1401	0.04414	0.04294	0.03389	0.04497	0.00484	0.04301	0.05732	0.00019	0.00019	0.00809	0.00019	0.02804	0.00214	0.00019	0.00783	0.00883	0.01871	0.02334	0.13963	0.16546	0.03107	0.01465	
0.0	0.0	0.0	0.0	0.0	0.0	0.0	0.0	0.0	0.0	0.0	0.0	0.0	0.0	0.0	0.0	0.0	0.0	0.0	0.0	0.0	0.0	0.0	0.0	0.0	0.0	0.0	0.0	0.0	0.0	0.0	0.0	0.0	0.0	0.0	0.0	0.0	0.0	0.0	0.0	0.0	0.0	0.0	0.0	0.0	0.0	0.0	0.0	0.0	0.0	0.0	0.0	0.0	0.0	0.0	0.0	0.0	0.0	0.0	0.0	0.0	0.0	0.0	0.0	0.0	0.0	0.0	0.0	0.0	0.0	0.0	0.0	0.0	0.0	0.0	0.0	0.0	0.0	0.0	0.0	0.0	0.0	0.0	0.0	0.0	0.0	0.0	0.0	0.0	0.0	0.0	0.0	0.0	0.0	0.0	0.0	0.0	0.0	0.0	0.0	0.0	0.0	0.0	0.0	0.0	0.0	0.0	0.0	0.0	0.0	0.0	0.0	0.0	0.0	0.0	0.0	0.0	0.0	0.0	0.0	0.0	0.0	0.0	0.0	0.0	
0.11592	0.06547	0.03885	0.03477	0.17706	0.0	0.1036	0.05672	0.03435	0.01639	0.08327	0.12104	0.04701	0.0432	0.03333	0.03491	0.02248	0.03655	0.0	0.0	0.03107	0.0	0.0	0.0516	0.0	0.0	0.0	0.04966	0.04904	0.04012	0.03011	0.03016	0.02175	0.09839	0.05271	0.04384	0.11899	0.0	0.10581	0.0398	0.02279	0.0	0.0	0.02549	0.11073	0.07502	0.0503	0.01535	0.10286	0.0	0.0	0.0	0.02674	0.02179	0.11923	0.05755	0.0	0.01173	0.01211	0.0606	0.12269	0.00334	0.01668	0.04836	0.06623	0.03554	0.1036	0.11013	0.05176	0.02644	0.06787	0.0	0.03954	0.08111	0.0	0.0	0.02859	0.07217	0.03843	0.02895	0.0	0.00032	2e-05	2e-05	2e-05	2e-05	0.08485	0.05896	2e-05	0.03513	0.00611	2e-05	0.00625	2e-05	2e-05	2e-05	0.00391	0.01447	0.0	0.03654	2e-05	2e-05	0.01603	0.00643	0.07526	0.01358	0.04669	0.00515	0.03042	0.00035	2e-05	2e-05	0.1029	2e-05	0.09663	0.00229	2e-05	0.00915	0.02704	0.01112	0.00361	0.03408	0.02264	0.00109	0.01769	
0.10985	0.06323	0.06966	0.18147	0.05545	0.0	0.04403	0.13692	0.12518	0.06485	0.03757	0.08429	0.12997	0.1376	0.0915	0.06731	0.07367	0.09864	0.0	0.03107	0.0	0.0	0.0	0.1165	0.0	0.0	0.0	0.27182	0.10294	0.06647	0.09312	0.07631	0.10018	0.0644	0.1197	0.24582	0.08995	0.0	0.04816	0.16764	0.0879	0.0	0.0	0.03144	0.06887	0.08303	0.08612	0.06893	0.02423	0.0	0.0	0.0	0.12449	0.07073	0.06499	0.15336	0.0	0.07303	0.01062	0.057	0.08342	0.07415	0.1048	0.05648	0.09501	0.13555	0.05808	0.0762	0.0464	0.17579	0.06787	0.0	0.11277	0.08458	0.0	0.0	0.10757	0.06726	0.01388	0.0466	0.0	0.01285	0.0001	0.0001	0.0001	0.0001	0.09932	0.08156	0.0001	0.09804	0.0124	0.0001	0.09089	0.0001	0.0001	0.0001	0.00778	0.01925	0.0	0.10933	0.0001	0.0001	0.03525	0.04871	0.0956	0.07662	0.08065	0.01488	0.03794	0.05038	0.0001	0.0001	0.01971	0.0001	0.07898	0.00627	0.0001	0.02667	0.11634	0.03182	0.02758	0.0393	0.05824	0.03558	0.02898	
0.0	0.0	0.0	0.0	0.0	0.0	0.0	0.0	0.0	0.0	0.0	0.0	0.0	0.0	0.0	0.0	0.0	0.0	0.0	0.0	0.0	0.0	0.0	0.0	0.0	0.0	0.0	0.0	0.0	0.0	0.0	0.0	0.0	0.0	0.0	0.0	0.0	0.0	0.0	0.0	0.0	0.0	0.0	0.0	0.0	0.0	0.0	0.0	0.0	0.0	0.0	0.0	0.0	0.0	0.0	0.0	0.0	0.0	0.0	0.0	0.0	0.0	0.0	0.0	0.0	0.0	0.0	0.0	0.0	0.0	0.0	0.0	0.0	0.0	0.0	0.0	0.0	0.0	0.0	0.0	0.0	0.0	0.0	0.0	0.0	0.0	0.0	0.0	0.0	0.0	0.0	0.0	0.0	0.0	0.0	0.0	0.0	0.0	0.0	0.0	0.0	0.0	0.0	0.0	0.0	0.0	0.0	0.0	0.0	0.0	0.0	0.0	0.0	0.0	0.0	0.0	0.0	0.0	0.0	0.0	0.0	0.0	0.0	0.0	0.0	
0.0	0.0	0.0	0.0	0.0	0.0	0.0	0.0	0.0	0.0	0.0	0.0	0.0	0.0	0.0	0.0	0.0	0.0	0.0	0.0	0.0	0.0	0.0	0.0	0.0	0.0	0.0	0.0	0.0	0.0	0.0	0.0	0.0	0.0	0.0	0.0	0.0	0.0	0.0	0.0	0.0	0.0	0.0	0.0	0.0	0.0	0.0	0.0	0.0	0.0	0.0	0.0	0.0	0.0	0.0	0.0	0.0	0.0	0.0	0.0	0.0	0.0	0.0	0.0	0.0	0.0	0.0	0.0	0.0	0.0	0.0	0.0	0.0	0.0	0.0	0.0	0.0	0.0	0.0	0.0	0.0	0.0	0.0	0.0	0.0	0.0	0.0	0.0	0.0	0.0	0.0	0.0	0.0	0.0	0.0	0.0	0.0	0.0	0.0	0.0	0.0	0.0	0.0	0.0	0.0	0.0	0.0	0.0	0.0	0.0	0.0	0.0	0.0	0.0	0.0	0.0	0.0	0.0	0.0	0.0	0.0	0.0	0.0	0.0	0.0	
0.19414	0.47959	0.14993	0.08931	0.21349	0.0	0.08203	0.16735	0.06509	0.02889	0.06326	0.24139	0.08731	0.10114	0.0937	0.05919	0.04979	0.09448	0.0	0.0516	0.1165	0.0	0.0	0.0	0.0	0.0	0.0	0.08257	0.07193	0.05123	0.11912	0.06297	0.14071	0.11313	0.08177	0.05387	0.22957	0.0	0.06975	0.06436	0.06911	0.0	0.0	0.06032	0.08046	0.08233	0.09711	0.13222	0.03089	0.0	0.0	0.0	0.10091	0.21159	0.11548	0.15218	0.0	0.1179	0.17197	0.14389	0.04002	0.04251	0.13264	0.02133	0.1564	0.0514	0.0795	0.15989	0.06712	0.1356	0.08007	0.0	0.05327	0.06868	0.0	0.0	0.03602	0.14238	0.01024	0.0246	0.0	0.00044	6e-05	6e-05	6e-05	6e-05	0.23236	0.03155	6e-05	0.08269	0.01027	6e-05	0.08684	6e-05	6e-05	6e-05	0.00644	0.02522	0.0	0.08932	6e-05	6e-05	0.06383	0.05488	0.04984	0.0762	0.12501	0.00864	0.09058	0.21276	6e-05	6e-05	0.03048	6e-05	0.06974	0.00379	6e-05	0.05568	0.10784	0.03776	0.08459	0.04917	0.04186	0.08513	0.031	
0.0	0.0	0.0	0.0	0.0	0.0	0.0	0.0	0.0	0.0	0.0	0.0	0.0	0.0	0.0	0.0	0.0	0.0	0.0	0.0	0.0	0.0	0.0	0.0	0.0	0.0	0.0	0.0	0.0	0.0	0.0	0.0	0.0	0.0	0.0	0.0	0.0	0.0	0.0	0.0	0.0	0.0	0.0	0.0	0.0	0.0	0.0	0.0	0.0	0.0	0.0	0.0	0.0	0.0	0.0	0.0	0.0	0.0	0.0	0.0	0.0	0.0	0.0	0.0	0.0	0.0	0.0	0.0	0.0	0.0	0.0	0.0	0.0	0.0	0.0	0.0	0.0	0.0	0.0	0.0	0.0	0.0	0.0	0.0	0.0	0.0	0.0	0.0	0.0	0.0	0.0	0.0	0.0	0.0	0.0	0.0	0.0	0.0	0.0	0.0	0.0	0.0	0.0	0.0	0.0	0.0	0.0	0.0	0.0	0.0	0.0	0.0	0.0	0.0	0.0	0.0	0.0	0.0	0.0	0.0	0.0	0.0	0.0	0.0	0.0	
0.0	0.0	0.0	0.0	0.0	0.0	0.0	0.0	0.0	0.0	0.0	0.0	0.0	0.0	0.0	0.0	0.0	0.0	0.0	0.0	0.0	0.0	0.0	0.0	0.0	0.0	0.0	0.0	0.0	0.0	0.0	0.0	0.0	0.0	0.0	0.0	0.0	0.0	0.0	0.0	0.0	0.0	0.0	0.0	0.0	0.0	0.0	0.0	0.0	0.0	0.0	0.0	0.0	0.0	0.0	0.0	0.0	0.0	0.0	0.0	0.0	0.0	0.0	0.0	0.0	0.0	0.0	0.0	0.0	0.0	0.0	0.0	0.0	0.0	0.0	0.0	0.0	0.0	0.0	0.0	0.0	0.0	0.0	0.0	0.0	0.0	0.0	0.0	0.0	0.0	0.0	0.0	0.0	0.0	0.0	0.0	0.0	0.0	0.0	0.0	0.0	0.0	0.0	0.0	0.0	0.0	0.0	0.0	0.0	0.0	0.0	0.0	0.0	0.0	0.0	0.0	0.0	0.0	0.0	0.0	0.0	0.0	0.0	0.0	0.0	
0.0	0.0	0.0	0.0	0.0	0.0	0.0	0.0	0.0	0.0	0.0	0.0	0.0	0.0	0.0	0.0	0.0	0.0	0.0	0.0	0.0	0.0	0.0	0.0	0.0	0.0	0.0	0.0	0.0	0.0	0.0	0.0	0.0	0.0	0.0	0.0	0.0	0.0	0.0	0.0	0.0	0.0	0.0	0.0	0.0	0.0	0.0	0.0	0.0	0.0	0.0	0.0	0.0	0.0	0.0	0.0	0.0	0.0	0.0	0.0	0.0	0.0	0.0	0.0	0.0	0.0	0.0	0.0	0.0	0.0	0.0	0.0	0.0	0.0	0.0	0.0	0.0	0.0	0.0	0.0	0.0	0.0	0.0	0.0	0.0	0.0	0.0	0.0	0.0	0.0	0.0	0.0	0.0	0.0	0.0	0.0	0.0	0.0	0.0	0.0	0.0	0.0	0.0	0.0	0.0	0.0	0.0	0.0	0.0	0.0	0.0	0.0	0.0	0.0	0.0	0.0	0.0	0.0	0.0	0.0	0.0	0.0	0.0	0.0	0.0	
0.12175	0.07809	0.05436	0.1965	0.08284	0.0	0.06972	0.17875	0.05091	0.12884	0.0698	0.11001	0.28782	0.20267	0.18988	0.0579	0.10768	0.13943	0.0	0.04966	0.27182	0.0	0.0	0.08257	0.0	0.0	0.0	0.0	0.21717	0.22042	0.25417	0.13117	0.13348	0.08206	0.1043	0.22922	0.03741	0.0	0.08334	0.30282	0.17844	0.0	0.0	0.09122	0.12036	0.09508	0.22782	0.36755	0.04796	0.0	0.0	0.0	0.23051	0.11481	0.10725	0.26015	0.0	0.10671	0.03306	0.03421	0.077	0.1092	0.20205	0.06257	0.07383	0.04834	0.12859	0.07321	0.09189	0.24022	0.10674	0.0	0.16724	0.01916	0.0	0.0	0.0386	0.05657	0.02775	0.08281	0.0	0.00114	0.00018	0.00018	0.00018	0.00018	0.19072	0.09584	0.00018	0.15458	0.00889	0.00018	0.12611	0.00018	0.00018	0.00018	0.00568	0.0208	0.0	0.16506	0.00018	0.00018	0.05503	0.08381	0.1624	0.21028	0.10375	0.01058	0.04736	0.03305	0.00018	0.00018	0.04452	0.00018	0.12341	0.00343	0.00018	0.01323	0.14883	0.03282	0.03119	0.0625	0.03326	0.04819	0.02512	
0.13993	0.05193	0.11568	0.0526	0.0344	0.0	0.03873	0.08537	0.0441	0.0854	0.01711	0.0351	0.09361	0.11871	0.17903	0.07873	0.08428	0.07991	0.0	0.04904	0.10294	0.0	0.0	0.07193	0.0	0.0	0.0	0.21717	0.0	0.13517	0.10111	0.2906	0.26738	0.02484	0.21936	0.21592	0.13795	0.0	0.0202	0.32856	0.25078	0.0	0.0	0.10828	0.13079	0.37934	0.11611	0.09529	0.01321	0.0	0.0	0.0	0.11518	0.21261	0.11221	0.08396	0.0	0.09601	0.04535	0.06391	0.0418	0.0525	0.12269	0.15195	0.0609	0.04889	0.01399	0.07166	0.06841	0.15476	0.11017	0.0	0.18301	0.00531	0.0	0.0	0.08893	0.0549	0.01118	0.05559	0.0	0.00132	0.00048	0.00048	0.00048	0.00048	0.05533	0.03602	0.00048	0.0362	0.00652	0.00048	0.03179	0.00048	0.00048	0.00048	0.00433	0.01485	0.0	0.15432	0.00048	0.00048	0.1093	0.05723	0.06283	0.01321	0.03517	0.01143	0.10537	0.00034	0.00048	0.00048	0.00987	0.00048	0.05739	0.00273	0.00048	0.00955	0.01921	0.02329	0.00319	0.10854	0.13203	0.00863	0.01806	
0.20257	0.08962	0.0829	0.08304	0.07167	0.0	0.05953	0.16778	0.0265	0.07777	0.08027	0.01969	0.13693	0.10064	0.16773	0.03261	0.06564	0.01262	0.0	0.04012	0.06647	0.0	0.0	0.05123	0.0	0.0	0.0	0.22042	0.13517	0.0	0.20746	0.09823	0.03746	0.08674	0.0959	0.12667	0.19291	0.0	0.05071	0.15878	0.11751	0.0	0.0	0.11194	0.244	0.13446	0.16359	0.27585	0.04705	0.0	0.0	0.0	0.1328	0.09261	0.16588	0.22618	0.0	0.14851	0.04289	0.04221	0.08545	0.1384	0.18189	0.02057	0.02142	0.02005	0.0599	0.04675	0.12425	0.23706	0.22834	0.0	0.11914	0.01118	0.0	0.0	0.02345	0.04771	0.04858	0.09112	0.0	0.00067	3e-05	3e-05	3e-05	3e-05	0.20855	0.10845	3e-05	0.14817	0.0092	3e-05	0.13821	3e-05	3e-05	3e-05	0.00584	0.02223	0.0	0.08881	3e-05	3e-05	0.07004	0.0937	0.11131	0.12816	0.10777	0.00801	0.03294	0.01389	3e-05	3e-05	0.04274	3e-05	0.06925	0.00342	3e-05	0.01389	0.10939	0.03583	0.04017	0.01881	0.03554	0.06046	0.02734	
0.21472	0.17505	0.14364	0.13769	0.11278	0.0	0.11487	0.23761	0.04851	0.03494	0.03598	0.17135	0.1804	0.17382	0.19787	0.0818	0.09853	0.18385	0.0	0.03011	0.09312	0.0	0.0	0.11912	0.0	0.0	0.0	0.25417	0.10111	0.20746	0.0	0.20367	0.11989	0.03903	0.13744	0.08849	0.09162	0.0	0.02313	0.10072	0.33174	0.0	0.0	0.48535	0.18012	0.06521	0.09237	0.1652	0.02062	0.0	0.0	0.0	0.18813	0.11676	0.16052	0.10602	0.0	0.13206	0.02694	0.02985	0.05474	0.23586	0.45222	0.20526	0.1251	0.05037	0.12898	0.03995	0.11745	0.26592	0.19237	0.0	0.1459	0.04198	0.0	0.0	0.00818	0.14666	0.02395	0.18766	0.0	0.00244	0.00015	0.00015	0.00015	0.00015	0.41133	0.07608	0.00015	0.09493	0.01254	0.00015	0.12057	0.00015	0.00015	0.00015	0.01264	0.04986	0.0	0.11499	0.00015	0.00015	0.09538	0.09485	0.13893	0.10275	0.05559	0.01451	0.02866	0.06262	0.00015	0.00015	0.01969	0.00015	0.02461	0.00741	0.00015	0.01898	0.09156	0.02442	0.06907	0.04565	0.08441	0.12676	0.06195	
0.13169	0.02747	0.162	0.18226	0.02573	0.0	0.10909	0.1693	0.0511	0.03204	0.03301	0.08497	0.15703	0.16879	0.16786	0.08578	0.03556	0.03847	0.0	0.03016	0.07631	0.0	0.0	0.06297	0.0	0.0	0.0	0.13117	0.2906	0.09823	0.20367	0.0	0.21944	0.05165	0.19584	0.28288	0.22428	0.0	0.04106	0.22163	0.42619	0.0	0.0	0.29992	0.10142	0.29623	0.14226	0.09835	0.01915	0.0	0.0	0.0	0.23133	0.09085	0.31155	0.12757	0.0	0.15105	0.06138	0.05239	0.10088	0.20411	0.2581	0.19451	0.06712	0.05072	0.06792	0.05664	0.11075	0.23367	0.07901	0.0	0.07001	0.04009	0.0	0.0	0.04479	0.09699	0.00112	0.19325	0.0	0.00245	0.00016	0.00016	0.00016	0.00016	0.21753	0.09123	0.00016	0.11008	0.01152	0.00016	0.03639	0.00016	0.00016	0.00016	0.0138	0.05487	0.0	0.17556	0.00016	0.00016	0.0887	0.0594	0.17223	0.07666	0.05529	0.03269	0.11847	0.00647	0.00016	0.00016	0.01808	0.00016	0.03834	0.00808	0.00016	0.01743	0.05932	0.02021	0.00909	0.05011	0.0877	0.03437	0.06835	
0.14864	0.05476	0.16652	0.14232	0.04259	0.0	0.12824	0.16671	0.07259	0.00706	0.02065	0.07039	0.14959	0.10989	0.11468	0.1942	0.04087	0.04161	0.0	0.02175	0.10018	0.0	0.0	0.14071	0.0	0.0	0.0	0.13348	0.26738	0.03746	0.11989	0.21944	0.0	0.07812	0.22374	0.32169	0.15096	0.0	0.07982	0.34854	0.22282	0.0	0.0	0.06338	0.07632	0.2899	0.11617	0.05722	0.01253	0.0	0.0	0.0	0.09188	0.1421	0.14922	0.12105	0.0	0.07358	0.06762	0.10869	0.10942	0.10479	0.16593	0.12414	0.02848	0.09797	0.06091	0.129	0.0617	0.08095	0.09141	0.0	0.04954	0.05537	0.0	0.0	0.05331	0.10692	0.00129	0.03622	0.0	0.00102	0.0002	0.0002	0.0002	0.0002	0.1309	0.04738	0.0002	0.1258	0.04194	0.0002	0.08871	0.0002	0.0002	0.0002	0.00486	0.01782	0.0	0.17274	0.0002	0.0002	0.05329	0.0721	0.14452	0.04723	0.06197	0.02378	0.13544	0.1642	0.0002	0.0002	0.01171	0.0002	0.06695	0.00293	0.0002	0.00917	0.08705	0.02834	0.07626	0.05911	0.06474	0.09506	0.02172	
0.13551	0.2147	0.17881	0.02361	0.015	0.0	0.30755	0.06021	0.02296	0.00874	0.32611	0.13762	0.04731	0.06049	0.07252	0.10068	0.07271	0.02719	0.0	0.09839	0.0644	0.0	0.0	0.11313	0.0	0.0	0.0	0.08206	0.02484	0.08674	0.03903	0.05165	0.07812	0.0	0.09195	0.06137	0.06022	0.0	0.53342	0.10404	0.04768	0.0	0.0	0.05404	0.09319	0.02663	0.0173	0.01932	0.0059	0.0	0.0	0.0	0.0554	0.01795	0.03416	0.03758	0.0	0.06378	0.08628	0.0643	0.06903	0.06262	0.0788	0.06524	0.05539	0.05983	0.04222	0.03768	0.10423	0.16736	0.15637	0.0	0.02028	0.0251	0.0	0.0	0.04823	0.08685	0.04252	0.0236	0.0	0.00057	0.00023	0.00023	0.00023	0.00023	0.03789	0.02517	0.00023	0.02483	0.00381	0.00023	0.03117	0.00023	0.00023	0.00023	0.00258	0.00783	0.0	0.02812	0.00023	0.00023	0.07892	0.02402	0.06776	0.01904	0.0636	0.00341	0.03725	0.06262	0.00023	0.00023	0.00561	0.00023	0.27679	0.00166	0.00023	0.00536	0.05109	0.01136	0.03684	0.07837	0.10445	0.04434	0.00913	
0.14464	0.14429	0.10608	0.24976	0.08255	0.0	0.05885	0.15853	0.10593	0.03128	0.11887	0.12199	0.24376	0.24685	0.18491	0.09475	0.09781	0.04111	0.0	0.05271	0.1197	0.0	0.0	0.08177	0.0	0.0	0.0	0.1043	0.21936	0.0959	0.13744	0.19584	0.22374	0.09195	0.0	0.19894	0.03907	0.0	0.0208	0.22653	0.32694	0.0	0.0	0.11516	0.13585	0.28698	0.25891	0.18652	0.03479	0.0	0.0	0.0	0.21651	0.09467	0.07851	0.1642	0.0	0.38272	0.0873	0.09232	0.10813	0.18022	0.19622	0.16292	0.08649	0.04314	0.04902	0.09237	0.1054	0.20036	0.07659	0.0	0.13793	0.01716	0.0	0.0	0.03613	0.10945	0.02178	0.04062	0.0	0.00109	0.00011	0.00011	0.00011	0.00011	0.11121	0.05757	0.00011	0.18429	0.0389	0.00011	0.0544	0.00011	0.00011	0.00011	0.00709	0.0119	0.0	0.36468	0.00011	0.00011	0.14039	0.05037	0.50297	0.18714	0.1427	0.01903	0.13838	0.05836	0.00011	0.00011	0.03405	0.00011	0.05919	0.00422	0.00011	0.06016	0.08778	0.01629	0.03878	0.06441	0.0565	0.02084	0.01564	
0.20082	0.11889	0.12777	0.71784	0.06433	0.0	0.06421	0.26324	0.30769	0.01884	0.05337	0.07992	0.44315	0.36995	0.15631	0.05707	0.0505	0.06332	0.0	0.04384	0.24582	0.0	0.0	0.05387	0.0	0.0	0.0	0.22922	0.21592	0.12667	0.08849	0.28288	0.32169	0.06137	0.19894	0.0	0.09459	0.0	0.06339	0.36937	0.3148	0.0	0.0	0.07037	0.10647	0.30898	0.42261	0.25319	0.054	0.0	0.0	0.0	0.26902	0.13107	0.11381	0.27688	0.0	0.17372	0.15073	0.12384	0.27236	0.10119	0.16169	0.12873	0.05546	0.05604	0.09151	0.12918	0.10354	0.12287	0.06762	0.0	0.145	0.05153	0.0	0.0	0.13128	0.07403	0.00556	0.05353	0.0	0.03928	0.00027	0.00027	0.00027	0.00027	0.08668	0.05461	0.00027	0.45318	0.00735	0.00027	0.09489	0.00027	0.00027	0.00027	0.00471	0.01656	0.0	0.44278	0.00027	0.00027	0.09422	0.0625	0.39909	0.31596	0.15415	0.03356	0.16303	0.0883	0.00027	0.00027	0.05334	0.00027	0.06483	0.00294	0.00027	0.01075	0.18766	0.02548	0.03079	0.0447	0.02659	0.03921	0.01957	
0.28801	0.19417	0.22991	0.12039	0.14567	0.0	0.17589	0.13666	0.05047	0.04839	0.05459	0.30939	0.1415	0.07845	0.09025	0.18244	0.06443	0.04761	0.0	0.11899	0.08995	0.0	0.0	0.22957	0.0	0.0	0.0	0.03741	0.13795	0.19291	0.09162	0.22428	0.15096	0.06022	0.03907	0.09459	0.0	0.0	0.0393	0.11959	0.20737	0.0	0.0	0.07149	0.14497	0.26846	0.22539	0.18426	0.03204	0.0	0.0	0.0	0.23913	0.17096	0.14463	0.26545	0.0	0.14536	0.08371	0.09134	0.07403	0.09726	0.17878	0.03637	0.26249	0.12947	0.07564	0.16642	0.18609	0.06563	0.30248	0.0	0.07904	0.09693	0.0	0.0	0.08829	0.26471	0.01335	0.07711	0.0	0.00152	5e-05	5e-05	5e-05	5e-05	0.22553	0.07933	5e-05	0.08057	0.01696	5e-05	0.08425	5e-05	5e-05	5e-05	0.01163	0.04639	0.0	0.14193	5e-05	5e-05	0.09618	0.12554	0.06098	0.11353	0.11116	0.01662	0.05498	0.061	5e-05	5e-05	0.0309	5e-05	0.09904	0.00681	5e-05	0.02586	0.06449	0.02687	0.04268	0.09526	0.0784	0.07627	0.05743	
0.0	0.0	0.0	0.0	0.0	0.0	0.0	0.0	0.0	0.0	0.0	0.0	0.0	0.0	0.0	0.0	0.0	0.0	0.0	0.0	0.0	0.0	0.0	0.0	0.0	0.0	0.0	0.0	0.0	0.0	0.0	0.0	0.0	0.0	0.0	0.0	0.0	0.0	0.0	0.0	0.0	0.0	0.0	0.0	0.0	0.0	0.0	0.0	0.0	0.0	0.0	0.0	0.0	0.0	0.0	0.0	0.0	0.0	0.0	0.0	0.0	0.0	0.0	0.0	0.0	0.0	0.0	0.0	0.0	0.0	0.0	0.0	0.0	0.0	0.0	0.0	0.0	0.0	0.0	0.0	0.0	0.0	0.0	0.0	0.0	0.0	0.0	0.0	0.0	0.0	0.0	0.0	0.0	0.0	0.0	0.0	0.0	0.0	0.0	0.0	0.0	0.0	0.0	0.0	0.0	0.0	0.0	0.0	0.0	0.0	0.0	0.0	0.0	0.0	0.0	0.0	0.0	0.0	0.0	0.0	0.0	0.0	0.0	0.0	0.0	
0.10566	0.01378	0.15088	0.01489	0.00974	0.0	0.25876	0.03504	0.01944	0.0065	0.00599	0.1491	0.03949	0.05465	0.03858	0.03972	0.03771	0.02634	0.0	0.10581	0.04816	0.0	0.0	0.06975	0.0	0.0	0.0	0.08334	0.0202	0.05071	0.02313	0.04106	0.07982	0.53342	0.0208	0.06339	0.0393	0.0	0.0	0.11457	0.02308	0.0	0.0	0.04073	0.088	0.0207	0.01102	0.01238	0.00491	0.0	0.0	0.0	0.02578	0.01167	0.02346	0.02395	0.0	0.02274	0.05222	0.03713	0.06041	0.03185	0.06409	0.02201	0.01436	0.05488	0.02681	0.02224	0.02603	0.03199	0.0987	0.0	0.01272	0.01564	0.0	0.0	0.02713	0.05832	0.02662	0.01526	0.0	0.00109	0.00043	0.00043	0.00043	0.00043	0.02355	0.0176	0.00043	0.01522	0.00327	0.00043	0.02132	0.00043	0.00043	0.00043	0.00235	0.0059	0.0	0.02078	0.00043	0.00043	0.08469	0.01522	0.01488	0.01239	0.0204	0.00327	0.02345	0.05704	0.00043	0.00043	0.00457	0.00043	0.35349	0.00164	0.00043	0.00432	0.03786	0.00798	0.02278	0.08351	0.14558	0.02719	0.00662	
0.12099	0.04485	0.20331	0.13735	0.03418	0.0	0.13372	0.13306	0.0397	0.18454	0.01701	0.05097	0.1636	0.11666	0.16369	0.12387	0.06186	0.05313	0.0	0.0398	0.16764	0.0	0.0	0.06436	0.0	0.0	0.0	0.30282	0.32856	0.15878	0.10072	0.22163	0.34854	0.10404	0.22653	0.36937	0.11959	0.0	0.11457	0.0	0.21782	0.0	0.0	0.04532	0.09155	0.30159	0.11192	0.04547	0.01172	0.0	0.0	0.0	0.10218	0.19859	0.13085	0.1082	0.0	0.11848	0.07661	0.09479	0.13124	0.03236	0.12925	0.12135	0.07263	0.08506	0.08462	0.08855	0.05933	0.12731	0.26244	0.0	0.15238	0.04084	0.0	0.0	0.04507	0.12171	0.02096	0.05567	0.0	0.00103	0.00025	0.00025	0.00025	0.00025	0.09957	0.05617	0.00025	0.1047	0.00643	0.00025	0.07032	0.00025	0.00025	0.00025	0.00418	0.01483	0.0	0.17073	0.00025	0.00025	0.08692	0.05708	0.14101	0.03883	0.0553	0.02567	0.11911	0.02015	0.00025	0.00025	0.00987	0.00025	0.21394	0.00256	0.00025	0.0095	0.06322	0.02324	0.05243	0.08745	0.06819	0.06428	0.01796	
0.19314	0.11511	0.09379	0.22033	0.08168	0.0	0.17279	0.28285	0.05484	0.0569	0.05881	0.1262	0.19473	0.23561	0.22166	0.07171	0.08141	0.0424	0.0	0.02279	0.0879	0.0	0.0	0.06911	0.0	0.0	0.0	0.17844	0.25078	0.11751	0.33174	0.42619	0.22282	0.04768	0.32694	0.3148	0.20737	0.0	0.02308	0.21782	0.0	0.0	0.0	0.36114	0.10127	0.27643	0.20328	0.16439	0.03406	0.0	0.0	0.0	0.23296	0.16226	0.25318	0.26639	0.0	0.29815	0.06112	0.06609	0.13461	0.29766	0.26683	0.1317	0.0577	0.06411	0.05702	0.05944	0.11917	0.20977	0.05234	0.0	0.06754	0.01663	0.0	0.0	0.03444	0.17357	0.01595	0.08867	0.0	0.00142	0.00017	0.00017	0.00017	0.00017	0.30131	0.04318	0.00017	0.17585	0.0199	0.00017	0.17439	0.00017	0.00017	0.00017	0.00792	0.03054	0.0	0.2489	0.00017	0.00017	0.15899	0.13961	0.25548	0.14214	0.09844	0.0245	0.07995	0.00649	0.00017	0.00017	0.0315	0.00017	0.03317	0.00469	0.00017	0.03037	0.07153	0.04995	0.04559	0.05022	0.06742	0.07449	0.03768	
0.0	0.0	0.0	0.0	0.0	0.0	0.0	0.0	0.0	0.0	0.0	0.0	0.0	0.0	0.0	0.0	0.0	0.0	0.0	0.0	0.0	0.0	0.0	0.0	0.0	0.0	0.0	0.0	0.0	0.0	0.0	0.0	0.0	0.0	0.0	0.0	0.0	0.0	0.0	0.0	0.0	0.0	0.0	0.0	0.0	0.0	0.0	0.0	0.0	0.0	0.0	0.0	0.0	0.0	0.0	0.0	0.0	0.0	0.0	0.0	0.0	0.0	0.0	0.0	0.0	0.0	0.0	0.0	0.0	0.0	0.0	0.0	0.0	0.0	0.0	0.0	0.0	0.0	0.0	0.0	0.0	0.0	0.0	0.0	0.0	0.0	0.0	0.0	0.0	0.0	0.0	0.0	0.0	0.0	0.0	0.0	0.0	0.0	0.0	0.0	0.0	0.0	0.0	0.0	0.0	0.0	0.0	0.0	0.0	0.0	0.0	0.0	0.0	0.0	0.0	0.0	0.0	0.0	0.0	0.0	0.0	0.0	0.0	0.0	0.0	
0.0	0.0	0.0	0.0	0.0	0.0	0.0	0.0	0.0	0.0	0.0	0.0	0.0	0.0	0.0	0.0	0.0	0.0	0.0	0.0	0.0	0.0	0.0	0.0	0.0	0.0	0.0	0.0	0.0	0.0	0.0	0.0	0.0	0.0	0.0	0.0	0.0	0.0	0.0	0.0	0.0	0.0	0.0	0.0	0.0	0.0	0.0	0.0	0.0	0.0	0.0	0.0	0.0	0.0	0.0	0.0	0.0	0.0	0.0	0.0	0.0	0.0	0.0	0.0	0.0	0.0	0.0	0.0	0.0	0.0	0.0	0.0	0.0	0.0	0.0	0.0	0.0	0.0	0.0	0.0	0.0	0.0	0.0	0.0	0.0	0.0	0.0	0.0	0.0	0.0	0.0	0.0	0.0	0.0	0.0	0.0	0.0	0.0	0.0	0.0	0.0	0.0	0.0	0.0	0.0	0.0	0.0	0.0	0.0	0.0	0.0	0.0	0.0	0.0	0.0	0.0	0.0	0.0	0.0	0.0	0.0	0.0	0.0	0.0	0.0	
0.18169	0.16015	0.12851	0.14731	0.11663	0.0	0.12303	0.25339	0.04612	0.04059	0.04134	0.06487	0.09468	0.1664	0.22189	0.08129	0.05813	0.04005	0.0	0.02549	0.03144	0.0	0.0	0.06032	0.0	0.0	0.0	0.09122	0.10828	0.11194	0.48535	0.29992	0.06338	0.05404	0.11516	0.07037	0.07149	0.0	0.04073	0.04532	0.36114	0.0	0.0	0.0	0.11774	0.06672	0.10107	0.11965	0.02447	0.0	0.0	0.0	0.21967	0.11875	0.19376	0.10814	0.0	0.13001	0.00382	0.0254	0.03585	0.27605	0.39362	0.23538	0.01025	0.05158	0.09075	0.01579	0.10602	0.33898	0.07246	0.0	0.07883	0.02303	0.0	0.0	0.0051	0.0871	0.00282	0.16374	0.0	0.00247	0.00012	0.00012	0.00012	0.00012	0.35777	0.05629	0.00012	0.09634	0.01491	0.00012	0.14291	0.00012	0.00012	0.00012	0.01404	0.0538	0.0	0.12341	0.00012	0.00012	0.10455	0.1082	0.15342	0.11457	0.05349	0.01626	0.01279	0.00858	0.00012	0.00012	0.02323	0.00012	0.03134	0.00827	0.00012	0.0224	0.06011	0.02016	0.03566	0.03948	0.09795	0.07786	0.06632	
0.16403	0.06792	0.12354	0.06639	0.098	0.0	0.06973	0.13716	0.14493	0.00806	0.04337	0.10635	0.12218	0.15246	0.13501	0.03887	0.16353	0.13774	0.0	0.11073	0.06887	0.0	0.0	0.08046	0.0	0.0	0.0	0.12036	0.13079	0.244	0.18012	0.10142	0.07632	0.09319	0.13585	0.10647	0.14497	0.0	0.088	0.09155	0.10127	0.0	0.0	0.11774	0.0	0.15039	0.15181	0.21937	0.03258	0.0	0.0	0.0	0.14152	0.08008	0.15326	0.1819	0.0	0.13474	0.04635	0.11312	0.10286	0.08068	0.18568	0.0644	0.05468	0.0532	0.05781	0.15236	0.10839	0.22158	0.14266	0.0	0.0429	0.01729	0.0	0.0	0.05413	0.11809	0.02976	0.07706	0.0	0.00127	0.0003	0.0003	0.0003	0.0003	0.19194	0.14772	0.0003	0.07475	0.01022	0.0003	0.15323	0.0003	0.0003	0.0003	0.00652	0.05946	0.0	0.14113	0.0003	0.0003	0.20898	0.07501	0.05946	0.09878	0.11892	0.00928	0.09251	0.01247	0.0003	0.0003	0.03237	0.0003	0.04645	0.0039	0.0003	0.01548	0.16177	0.08389	0.02649	0.14322	0.25279	0.08093	0.03102	
0.10636	0.03178	0.10834	0.11472	0.075	0.0	0.05532	0.08808	0.04344	0.01847	0.07728	0.03663	0.16539	0.21109	0.18623	0.06663	0.06607	0.0558	0.0	0.07502	0.08303	0.0	0.0	0.08233	0.0	0.0	0.0	0.09508	0.37934	0.13446	0.06521	0.29623	0.2899	0.02663	0.28698	0.30898	0.26846	0.0	0.0207	0.30159	0.27643	0.0	0.0	0.06672	0.15039	0.0	0.23513	0.17112	0.07951	0.0	0.0	0.0	0.21016	0.13284	0.12063	0.16693	0.0	0.21	0.04634	0.07087	0.07581	0.12376	0.23848	0.13706	0.05469	0.04914	0.01151	0.18709	0.18369	0.12772	0.12099	0.0	0.05289	0.0391	0.0	0.0	0.07106	0.12446	0.01077	0.06301	0.0	0.00134	0.00045	0.00045	0.00045	0.00045	0.04859	0.04384	0.00045	0.10554	0.00706	0.00045	0.00623	0.00045	0.00045	0.00045	0.00465	0.01632	0.0	0.27316	0.00045	0.00045	0.1582	0.03006	0.19929	0.12202	0.13148	0.01125	0.28017	0.04281	0.00045	0.00045	0.07927	0.00045	0.03348	0.0029	0.00045	0.01041	0.05628	0.02584	0.01079	0.11062	0.12511	0.0201	0.01992	
0.14688	0.04005	0.07865	0.21658	0.09199	0.0	0.04093	0.15311	0.06268	0.0141	0.09197	0.05673	0.23441	0.2745	0.12186	0.04504	0.1231	0.0318	0.0	0.0503	0.08612	0.0	0.0	0.09711	0.0	0.0	0.0	0.22782	0.11611	0.16359	0.09237	0.14226	0.11617	0.0173	0.25891	0.42261	0.22539	0.0	0.01102	0.11192	0.20328	0.0	0.0	0.10107	0.15181	0.23513	0.0	0.43512	0.10111	0.0	0.0	0.0	0.25502	0.06529	0.09497	0.32303	0.0	0.21823	0.08232	0.11415	0.19708	0.23395	0.22796	0.03198	0.04195	0.04981	0.02559	0.19399	0.1246	0.11723	0.0778	0.0	0.20493	0.09889	0.0	0.0	0.13674	0.08783	0.05185	0.04641	0.0	0.00051	6e-05	6e-05	6e-05	6e-05	0.09144	0.05378	6e-05	0.36504	0.00531	6e-05	0.06319	6e-05	6e-05	6e-05	0.00341	0.01245	0.0	0.26005	6e-05	6e-05	0.26876	0.04478	0.2684	0.47607	0.27896	0.00467	0.19341	0.06981	6e-05	6e-05	0.10125	6e-05	0.02517	0.00202	6e-05	0.00792	0.15664	0.0196	0.04039	0.05232	0.01954	0.03342	0.01515	
0.10333	0.04744	0.08056	0.17046	0.08104	0.0	0.04502	0.13875	0.03878	0.01598	0.08058	0.09811	0.18794	0.213	0.12148	0.03873	0.14557	0.12589	0.0	0.01535	0.06893	0.0	0.0	0.13222	0.0	0.0	0.0	0.36755	0.09529	0.27585	0.1652	0.09835	0.05722	0.01932	0.18652	0.25319	0.18426	0.0	0.01238	0.04547	0.16439	0.0	0.0	0.11965	0.21937	0.17112	0.43512	0.0	0.08765	0.0	0.0	0.0	0.29219	0.0453	0.08468	0.34778	0.0	0.2455	0.01548	0.10352	0.17582	0.22904	0.19002	0.03123	0.07445	0.0257	0.02091	0.15535	0.14914	0.13576	0.09142	0.0	0.11659	0.02655	0.0	0.0	0.08674	0.09146	0.02457	0.05145	0.0	0.00045	5e-05	5e-05	5e-05	5e-05	0.10233	0.05862	5e-05	0.24169	0.0061	5e-05	0.07507	5e-05	5e-05	5e-05	0.00394	0.01415	0.0	0.2193	5e-05	5e-05	0.22744	0.05321	0.17873	0.35372	0.25286	0.00527	0.17507	0.09085	5e-05	5e-05	0.0879	5e-05	0.02796	0.00234	5e-05	0.00907	0.18462	0.02211	0.01125	0.04737	0.02172	0.01563	0.01721	
