0.0	0.51788	0.01739	0.0148	0.35146	0.04205	0.04115	0.01597	0.2066	0.0239	0.00268	0.06352	0.34581	0.06845	0.08678	0.17333	0.03409	0.03567	0.09547	0.0399	0.00268	0.00268	0.00268	0.01671	0.00268	0.00268	0.01543	0.01755	0.01755	0.03419	0.03992	0.20735	0.00268	0.02762	0.03564	0.07761	0.0	0.0	0.0	0.0	0.0	0.05685	0.05237	0.0	0.152	0.12978	0.06477	0.02247	0.14735	0.05122	0.0866	0.15115	0.09431	0.04465	0.0	0.0	0.0	0.0	0.07778	0.10179	0.16007	0.11283	0.0	0.08917	0.08043	0.18452	0.18182	0.62536	0.5648	0.0	0.0	0.0	0.0	0.0	0.0	0.0	0.0	0.0	0.0	0.0	0.0	0.0	0.0	0.0	0.0	0.0	0.75545	0.31861	0.20762	0.17989	0.17371	0.09097	0.2519	0.01755	0.0	0.01597	0.01785	0.10442	0.0148	0.1032	0.0	0.21595	0.00268	0.01796	0.02652	0.01459	0.00268	0.05456	0.00268	0.10557	0.08637	0.01785	0.15266	0.18267	0.07592	0.11501	0.0	0.00268	0.04149	0.01662	0.00268	0.01796	0.00268	0.16138	0.12793	0.28054	0.12258	0.17128	0.3196	0.27199	0.08623	0.12685	0.13523	0.43646	0.11373	0.10071	0.14511	
0.51788	0.0	0.01177	0.01035	0.10219	0.02515	0.025	0.01207	0.01807	0.01535	0.00113	0.03793	0.01694	0.04122	0.0513	0.01989	0.02161	0.02337	0.05176	0.02431	0.00113	0.00113	0.00113	0.0117	0.00113	0.00113	0.01086	0.01208	0.01208	0.02222	0.02493	0.01804	0.00113	0.01806	0.02166	0.04447	0.0	0.0	0.0	0.0	0.0	0.03233	0.03113	0.0	0.11857	0.0574	0.03957	0.01484	0.15995	0.02992	0.05927	0.10794	0.08241	0.02683	0.0	0.0	0.0	0.0	0.04421	0.03719	0.09709	0.03603	0.0	0.06206	0.0461	0.10594	0.10706	0.06403	0.04918	0.0	0.0	0.0	0.0	0.0	0.0	0.0	0.0	0.0	0.0	0.0	0.0	0.0	0.0	0.0	0.0	0.0	0.06584	0.06532	0.07073	0.0688	0.06704	0.0489	0.2925	0.01208	0.0	0.01207	0.01252	0.03672	0.01035	0.03655	0.0	0.10766	0.00113	0.0126	0.01744	0.01024	0.00113	0.03193	0.00113	0.10221	0.06323	0.01252	0.18737	0.09542	0.0422	0.0667	0.0	0.00113	0.02659	0.01156	0.00113	0.0126	0.00113	0.19239	0.13999	0.33532	0.12907	0.20308	0.42432	0.29142	0.0383	0.08961	0.11344	0.35412	0.06013	0.06894	0.10973	
0.01739	0.01177	0.0	0.01021	0.10799	0.20163	0.02597	0.0119	0.01851	0.56364	0.0002	0.03959	0.0173	0.04305	0.07202	0.02057	0.02229	0.02405	0.05455	0.02524	0.0002	0.0002	0.0002	0.01164	0.0002	0.0002	0.01075	0.01207	0.01207	0.02288	0.18639	0.01847	0.0002	0.01848	0.20966	0.07672	0.0	0.0	0.0	0.0	0.0	0.13229	0.1134	0.0	0.05793	0.06053	0.10165	0.0151	0.29545	0.12822	0.06225	0.06436	0.03794	0.35074	0.0	0.0	0.0	0.0	0.07155	0.32716	0.23016	0.03776	0.0	0.05175	0.0815	0.36987	0.15346	0.07515	0.05773	0.0	0.0	0.0	0.0	0.0	0.0	0.0	0.0	0.0	0.0	0.0	0.0	0.0	0.0	0.0	0.0	0.0	0.07728	0.07666	0.08302	0.16457	0.47273	0.12418	0.02606	0.01207	0.0	0.0119	0.0125	0.03822	0.01021	0.03808	0.0	0.27173	0.0002	0.01258	0.01781	0.01009	0.0002	0.16664	0.0002	0.03267	0.04847	0.0125	0.02464	0.03574	0.12974	0.05479	0.0	0.0002	0.02748	0.0115	0.0002	0.01258	0.0002	0.02267	0.14842	0.13782	0.13486	0.21545	0.02063	0.04397	0.2532	0.12705	0.11832	0.02943	0.05317	0.07291	0.07514	
0.0148	0.01035	0.01021	0.0	0.0271	0.02127	0.16983	0.01094	0.01548	0.01318	0.00097	0.03215	0.01476	0.03478	0.04307	0.01689	0.18177	0.0202	0.19292	0.32037	0.00097	0.00097	0.00097	0.01028	0.00097	0.00097	0.00957	0.01055	0.01055	0.01932	0.02117	0.01546	0.00097	0.01552	0.01835	0.03734	0.0	0.0	0.0	0.0	0.0	0.02713	0.02628	0.0	0.04929	0.0476	0.03357	0.01287	0.01996	0.02515	0.04343	0.05726	0.06806	0.02271	0.0	0.0	0.0	0.0	0.03695	0.03034	0.0357	0.08461	0.0	0.0516	0.06359	0.11779	0.27855	0.21016	0.04709	0.0	0.0	0.0	0.0	0.0	0.0	0.0	0.0	0.0	0.0	0.0	0.0	0.0	0.0	0.0	0.0	0.0	0.06305	0.06255	0.15092	0.12188	0.11255	0.03993	0.0208	0.01055	0.0	0.01094	0.01101	0.03121	1.00101	0.08711	0.0	0.02728	0.00097	0.01109	0.01501	0.00901	0.00097	0.0269	0.00097	0.02624	0.25774	0.01101	0.02021	0.07835	0.03457	0.05574	0.0	0.00097	0.02284	0.01013	0.00097	0.01109	0.00097	0.34235	0.02164	0.02235	0.10487	0.02201	0.20746	0.05771	0.03196	0.04923	0.05873	0.02468	0.04169	0.04182	0.04779	
0.35146	0.10219	0.10799	0.0271	0.0	0.06424	0.09847	0.02796	0.16953	0.10793	0.0016	0.16434	0.26597	0.04615	0.03058	0.21494	0.07565	0.07769	0.3222	0.09445	0.0016	0.0016	0.0016	0.03126	0.0016	0.0016	0.08844	0.03349	0.03349	0.04457	0.08344	0.16984	0.0016	0.02341	0.04188	0.06538	0.0	0.0	0.0	0.0	0.0	0.09227	0.05698	0.0	0.05166	0.13731	0.03043	0.09236	0.11034	0.05219	0.04942	0.10682	0.11211	0.13928	0.0	0.0	0.0	0.0	0.07444	0.19478	0.22686	0.19589	0.0	0.06386	0.08814	0.11403	0.10939	0.59019	0.88407	0.0	0.0	0.0	0.0	0.0	0.0	0.0	0.0	0.0	0.0	0.0	0.0	0.0	0.0	0.0	0.0	0.0	0.63183	0.63788	0.51482	0.17928	0.29552	0.08162	0.12843	0.03349	0.0	0.02796	0.03371	0.06082	0.0271	0.08547	0.0	0.35453	0.0016	0.03393	0.1976	0.02654	0.0016	0.20763	0.0016	0.04077	0.07156	0.03371	0.08388	0.09421	0.06456	0.05649	0.0	0.0016	0.09363	0.0312	0.0016	0.03393	0.0016	0.11435	0.08976	0.18753	0.19905	0.19823	0.11349	0.20102	0.11787	0.14918	0.05211	0.19332	0.07174	0.09847	0.04757	
0.04205	0.02515	0.20163	0.02127	0.06424	0.0	0.08367	0.15234	0.04578	0.17864	0.00128	0.25766	0.15482	0.05628	0.15257	0.0565	0.05794	0.0597	0.10677	0.05185	0.00128	0.00128	0.00128	0.17258	0.00128	0.00128	0.02225	0.18997	0.18997	0.15592	0.05997	0.04563	0.00128	0.04508	0.20237	0.07974	0.0	0.0	0.0	0.0	0.0	0.1765	0.06454	0.0	0.18598	0.15168	0.05843	0.03603	0.16478	0.18852	0.15057	0.13916	0.18914	0.16188	0.0	0.0	0.0	0.0	0.13842	0.14871	0.16524	0.08552	0.0	0.02983	0.21694	1.3596	0.37626	0.27731	0.50096	0.0	0.0	0.0	0.0	0.0	0.0	0.0	0.0	0.0	0.0	0.0	0.0	0.0	0.0	0.0	0.0	0.0	0.67006	0.25477	0.64914	0.19481	0.33517	0.13052	0.09107	0.18997	0.0	0.15234	0.02642	0.10878	0.02127	0.05032	0.0	0.18046	0.00128	0.02659	0.04296	0.02085	0.00128	0.25896	0.00128	0.05938	0.15221	0.02642	0.04719	0.06755	0.15153	0.17467	0.0	0.00128	0.0533	0.02445	0.00128	0.02659	0.00128	0.06277	0.06593	0.06691	0.0641	0.0913	0.05434	0.14617	0.34599	0.36274	0.08877	0.05586	0.13973	0.12533	0.09531	
0.04115	0.025	0.02597	0.16983	0.09847	0.08367	0.0	0.02215	0.0448	0.03849	0.00198	0.05401	0.04064	0.12391	0.16289	0.05493	0.05277	0.05819	0.23046	0.27063	0.00198	0.00198	0.00198	0.02439	0.00198	0.00198	0.02221	0.18909	0.18909	0.07306	0.06756	0.07481	0.00198	0.04414	0.29897	0.13757	0.0	0.0	0.0	0.0	0.0	0.16599	0.09466	0.0	0.12948	0.14094	0.04594	0.03538	0.07278	0.1014	0.14888	0.11095	0.06553	0.05834	0.0	0.0	0.0	0.0	0.17407	0.09637	0.14571	0.16287	0.0	0.18592	0.16487	0.34165	0.1982	0.25345	0.50958	0.0	0.0	0.0	0.0	0.0	0.0	0.0	0.0	0.0	0.0	0.0	0.0	0.0	0.0	0.0	0.0	0.0	0.25734	0.67611	0.4184	0.39546	0.16575	0.15138	0.3956	0.18909	0.0	0.02215	0.18935	0.05494	0.16983	0.01749	0.0	0.26228	0.00198	0.0264	0.0421	0.02086	0.00198	0.06943	0.00198	0.2198	0.27448	0.18935	0.06421	0.07975	0.08866	0.00211	0.0	0.00198	0.29133	0.02432	0.00198	0.0264	0.00198	0.15366	0.07541	0.08039	0.0612	0.07967	0.37886	0.10361	0.03345	0.18431	0.08731	0.07586	0.12925	0.29924	0.17355	
0.01597	0.01207	0.0119	0.01094	0.02796	0.15234	0.02215	0.0	0.01682	0.01439	0.00459	0.27242	0.01594	0.07529	0.05843	0.01791	0.01963	0.02141	0.04348	0.13084	0.00459	0.00459	0.00459	0.01202	0.00459	0.00459	0.01139	0.01224	0.01224	0.02032	0.02232	0.01679	0.00459	0.01687	0.01931	0.03814	0.0	0.0	0.0	0.0	0.0	0.02781	0.02716	0.0	0.09547	0.04822	0.03461	0.01413	0.02074	0.02597	0.0443	0.05065	0.03114	0.02361	0.0	0.0	0.0	0.0	0.03776	0.03071	0.03603	0.08549	0.0	0.05244	0.12766	0.25746	0.10672	0.22487	0.48161	0.0	0.0	0.0	0.0	0.0	0.0	0.0	0.0	0.0	0.0	0.0	0.0	0.0	0.0	0.0	0.0	0.0	0.64419	0.23543	0.57713	0.19066	0.11638	0.09861	0.02126	0.01224	0.0	1.00825	0.0127	0.03226	0.01094	0.032	0.0	0.0276	0.00459	0.01277	0.01638	0.01088	0.00459	0.0277	0.00459	0.0271	0.03946	0.0127	0.02138	0.02935	0.03492	0.0449	0.0	0.00459	0.02398	0.01188	0.00459	0.01277	0.00459	0.0196	0.02257	0.02325	0.03233	0.02194	0.01821	0.03587	0.21255	0.09656	0.0368	0.12614	0.18447	0.04249	0.05999	
0.2066	0.01807	0.01851	0.01548	0.16953	0.04578	0.0448	0.01682	0.0	0.0258	0.00036	0.01882	0.20795	0.00817	0.00239	0.06851	0.03747	0.06262	0.09795	0.04354	0.00036	0.00036	0.00036	0.01771	0.00036	0.00036	0.01622	0.01869	0.01869	0.03717	0.04282	0.07397	0.00036	0.03019	0.0388	0.02388	0.0	0.0	0.0	0.0	0.0	0.0804	0.02897	0.0	0.04085	0.22431	0.01112	0.02419	0.16656	0.05586	0.01142	0.13709	0.06891	0.04873	0.0	0.0	0.0	0.0	0.01815	0.20489	0.20204	0.13223	0.0	0.09589	0.08861	0.08281	0.0797	0.50354	0.44923	0.0	0.0	0.0	0.0	0.0	0.0	0.0	0.0	0.0	0.0	0.0	0.0	0.0	0.0	0.0	0.0	0.0	0.60088	0.20305	0.11149	0.10121	0.10692	0.03856	0.04641	0.01869	0.0	0.01682	0.01903	0.21628	0.01548	0.00753	0.0	0.03461	0.00036	0.33213	0.02895	0.01523	0.00036	0.04429	0.00036	0.05849	0.08897	0.01903	0.04196	0.02543	0.08463	0.12904	0.0	0.00036	0.04265	0.01761	0.00036	0.33213	0.00036	0.03877	0.04669	0.04027	0.06312	0.04866	0.03441	0.01332	0.01838	0.12126	0.07575	0.0404	0.03088	0.04361	0.05284	
0.0239	0.01535	0.56364	0.01318	0.10793	0.17864	0.03849	0.01439	0.0258	0.0	0.00101	0.08405	0.02369	0.08631	0.11097	0.03009	0.03173	0.13306	0.13393	0.03728	0.00101	0.00101	0.00101	0.01506	0.00101	0.00101	0.01381	0.01586	0.01586	0.03198	0.15574	0.02573	0.00101	0.02557	0.178	0.12461	0.0	0.0	0.0	0.0	0.0	0.2128	0.18779	0.0	0.09761	0.09893	0.10364	0.31363	0.25788	0.12486	0.08291	0.10934	0.05882	0.29613	0.0	0.0	0.0	0.0	0.17324	0.29172	0.27871	0.11537	0.0	0.08178	0.13414	0.41904	0.19513	0.12558	0.0965	0.0	0.0	0.0	0.0	0.0	0.0	0.0	0.0	0.0	0.0	0.0	0.0	0.0	0.0	0.0	0.0	0.0	0.12914	0.1281	0.13873	0.197	0.51663	0.15957	0.06828	0.01586	0.0	0.01439	0.01617	0.05595	0.01318	0.05617	0.0	0.25062	0.00101	0.01627	0.02452	0.01297	0.00101	0.159	0.00101	0.05004	0.07565	0.01617	0.03554	0.05565	0.20707	0.08373	0.0	0.00101	0.03884	0.01496	0.00101	0.01627	0.00101	0.03319	0.1345	0.12802	0.19515	0.27424	0.0295	0.07943	0.24281	0.15322	0.13403	0.04181	0.0874	0.12417	0.12863	
0.00268	0.00113	0.0002	0.00097	0.0016	0.00128	0.00198	0.00459	0.00036	0.00101	0.0	0.00318	0.00282	0.00117	0.00094	0.00075	0.0003	0.00258	0.001	0.00137	0.0	0.0	0.0	0.0014	0.0	0.0	0.00137	0.0009	0.0009	0.00406	0.00034	0.00038	0.0	0.00074	0.00081	0.00271	0.0	0.0	0.0	0.0	0.0	0.00199	0.00164	0.0	0.00011	0.00034	0.00214	0.0018	0.00119	0.00107	0.00294	0.00072	0.00039	0.00149	0.0	0.0	0.0	0.0	0.00145	0.00024	1e-05	0.00277	0.0	0.00196	0.0015	0.0003	0.00016	9e-05	1e-05	0.0	0.0	0.0	0.0	0.0	0.0	0.0	0.0	0.0	0.0	0.0	0.0	0.0	0.0	0.0	0.0	0.0	8e-05	8e-05	9e-05	0.00024	0.00059	0.00027	0.00091	0.0009	0.0	0.00459	0.00175	0.00224	0.00097	0.00144	0.0	0.00131	0.0	0.0018	0.00079	0.0011	0.0	0.00173	0.0	0.0007	0.00092	0.00175	0.0001	0.00073	0.00135	0.00068	0.0	0.0	0.00234	0.00113	0.0	0.0018	0.0	0.00123	0.00079	0.00047	0.00038	0.00078	0.00205	0.00072	0.00119	0.00321	0.00079	0.00547	0.00088	0.00185	0.00233	
0.06352	0.03793	0.03959	0.03215	0.16434	0.25766	0.05401	0.27242	0.01882	0.08405	0.00318	0.0	0.09491	0.08865	0.0515	0.08696	0.01242	0.24443	0.1558	0.15417	0.00318	0.00318	0.00318	0.08401	0.00318	0.00318	0.03356	0.09088	0.09088	0.11147	0.01351	0.06943	0.00318	0.06851	0.0399	0.03461	0.0	0.0	0.0	0.0	0.0	0.14924	0.04419	0.0	0.16234	0.08829	0.03978	0.08063	0.12911	0.12682	0.0808	0.08367	0.19034	0.03974	0.0	0.0	0.0	0.0	0.09394	0.05505	0.07715	0.20316	0.0	0.04688	0.16224	0.63651	0.44266	0.46636	0.70035	0.0	0.0	0.0	0.0	0.0	0.0	0.0	0.0	0.0	0.0	0.0	0.0	0.0	0.0	0.0	0.0	0.0	0.93673	0.45416	0.90875	0.46363	0.20754	0.1361	0.06217	0.09088	0.0	0.27242	0.03974	0.02165	0.03215	0.03346	0.0	0.13943	0.00318	0.09174	0.06518	0.07039	0.00318	0.25979	0.00318	0.04666	0.04368	0.03974	0.01316	0.02469	0.1736	0.03169	0.0	0.00318	0.06346	0.03686	0.00318	0.09174	0.00318	0.04436	0.13094	0.03743	0.12472	0.08582	0.08313	0.05558	0.3422	0.22213	0.07511	0.15962	0.1506	0.05154	0.12178	
0.34581	0.01694	0.0173	0.01476	0.26597	0.15482	0.04064	0.01594	0.20795	0.02369	0.00282	0.09491	0.0	0.06753	0.08554	0.17399	0.03374	0.03532	0.08378	0.03942	0.00282	0.00282	0.00282	0.51196	0.00282	0.00282	0.01539	0.01747	0.01747	0.30896	0.03947	0.20871	0.00282	0.02738	0.03522	0.07645	0.0	0.0	0.0	0.0	0.0	0.05601	0.05167	0.0	0.10299	0.12847	0.06393	0.02229	0.03984	0.1173	0.27572	0.1135	0.26577	0.12301	0.0	0.0	0.0	0.0	0.08821	0.17773	0.10812	0.11223	0.0	0.08598	0.07922	0.1818	0.17908	0.62287	0.56301	0.0	0.0	0.0	0.0	0.0	0.0	0.0	0.0	0.0	0.0	0.0	0.0	0.0	0.0	0.0	0.0	0.0	0.75304	0.31682	0.20565	0.17778	0.1715	0.09742	0.04205	0.01747	0.0	0.01594	0.01777	0.10415	0.01476	0.1029	0.0	0.10904	0.00282	0.01787	0.0263	0.01455	0.00282	0.11506	0.00282	0.05274	0.08497	0.01777	0.14817	0.17921	0.08499	0.08903	0.0	0.00282	0.04104	0.01655	0.00282	0.01787	0.00282	0.03517	0.0422	0.04435	0.06287	0.04315	0.03133	0.07215	0.08552	0.09733	0.09563	0.13105	0.11172	0.14416	0.10824	
0.06845	0.04122	0.04305	0.03478	0.04615	0.05628	0.12391	0.07529	0.00817	0.08631	0.00117	0.08865	0.06753	0.0	0.51473	0.06142	0.04077	0.2417	0.10023	0.02652	0.00117	0.00117	0.00117	0.04012	0.00117	0.00117	0.07761	0.04299	0.04299	0.09494	0.00148	0.0757	0.00117	0.00513	0.1051	0.03557	0.0	0.0	0.0	0.0	0.0	0.13128	0.1549	0.0	0.04271	0.00467	0.03891	0.13125	0.0816	0.00256	0.03187	0.05945	0.02384	0.03148	0.0	0.0	0.0	0.0	0.02629	0.03697	0.04513	0.00626	0.0	0.05283	0.02269	0.33664	0.17689	0.2227	0.41756	0.0	0.0	0.0	0.0	0.0	0.0	0.0	0.0	0.0	0.0	0.0	0.0	0.0	0.0	0.0	0.0	0.0	0.55852	0.17137	0.57414	0.24768	0.2092	0.03433	0.1108	0.04299	0.0	0.07529	0.04325	0.00214	0.03478	0.0351	0.0	0.20622	0.00117	0.09409	0.00322	0.07243	0.00117	0.05749	0.00117	0.04126	0.08696	0.04325	0.11099	0.11059	0.14819	0.00212	0.0	0.00117	0.00259	0.08619	0.00117	0.09409	0.00117	0.0315	0.04526	0.02819	0.13474	0.14698	0.08917	0.03129	0.05889	0.02787	0.05809	0.03427	0.03597	0.06354	0.21646	
0.08678	0.0513	0.07202	0.04307	0.03058	0.15257	0.16289	0.05843	0.00239	0.11097	0.00094	0.0515	0.08554	0.51473	0.0	0.04365	0.02195	0.17818	0.09259	0.04022	0.00094	0.00094	0.00094	0.04986	0.00094	0.00094	0.06001	0.05358	0.05358	0.12211	0.02577	0.09636	0.00094	0.00126	0.03716	0.08919	0.0	0.0	0.0	0.0	0.0	0.07723	0.3428	0.0	0.01537	0.02787	0.11149	0.10027	0.09937	0.01941	0.03066	0.10796	0.03594	0.05012	0.0	0.0	0.0	0.0	0.00266	0.04877	0.05476	0.0073	0.0	0.09804	0.00143	1.02675	0.18114	0.2738	0.45649	0.0	0.0	0.0	0.0	0.0	0.0	0.0	0.0	0.0	0.0	0.0	0.0	0.0	0.0	0.0	0.0	0.0	0.61059	0.2103	0.64432	0.0577	0.31036	0.11844	0.14924	0.05358	0.0	0.05843	0.05383	0.0035	0.04307	0.06368	0.0	0.2185	0.00094	0.0725	0.00086	0.05606	0.00094	0.00589	0.00094	0.06651	0.14688	0.05383	0.14407	0.15235	0.2383	0.00335	0.0	0.00094	0.00839	0.0665	0.00094	0.0725	0.00094	0.03113	0.06333	0.04902	0.0147	0.0877	0.11466	0.03048	0.07474	0.09319	0.13695	0.05038	0.03652	0.09723	0.36191	
0.17333	0.01989	0.02057	0.01689	0.21494	0.0565	0.05493	0.01791	0.06851	0.03009	0.00075	0.08696	0.17399	0.06142	0.04365	0.0	0.05097	0.04562	0.05574	0.05302	0.00075	0.00075	0.00075	0.01943	0.00075	0.00075	0.37365	0.02066	0.02066	0.044	0.05226	0.06887	0.00075	0.07414	0.04714	0.11221	0.0	0.0	0.0	0.0	0.0	0.07787	0.22143	0.0	0.09017	0.08622	0.06838	0.29405	0.06908	0.05142	0.04151	0.16578	0.07054	0.0464	0.0	0.0	0.0	0.0	0.10975	0.18036	0.0699	0.06774	0.0	0.12448	0.12924	0.13856	0.13568	0.55585	0.48831	0.0	0.0	0.0	0.0	0.0	0.0	0.0	0.0	0.0	0.0	0.0	0.0	0.0	0.0	0.0	0.0	0.0	0.65315	0.24213	0.15277	0.14434	0.15148	0.11095	0.05854	0.02066	0.0	0.01791	0.02092	0.02815	0.01689	0.075	0.0	0.05221	0.00075	0.02106	0.17632	0.01658	0.00075	0.0749	0.00075	0.03816	0.03671	0.02092	0.04974	0.04449	0.0911	0.03196	0.0	0.00075	0.05394	0.21945	0.00075	0.02106	0.00075	0.13584	0.044	0.06075	0.08794	0.17177	0.04099	0.10257	0.19561	0.13771	0.06462	0.04989	0.17102	0.17141	0.1048	
0.03409	0.02161	0.02229	0.18177	0.07565	0.05794	0.05277	0.01963	0.03747	0.03173	0.0003	0.01242	0.03374	0.04077	0.02195	0.05097	0.0	0.01188	0.08585	0.13472	0.0003	0.0003	0.0003	0.02113	0.0003	0.0003	0.01928	0.02242	0.02242	0.04587	0.05494	0.03736	0.0003	0.04972	0.04875	0.07903	0.0	0.0	0.0	0.0	0.0	0.06018	0.15479	0.0	0.08281	0.15661	0.00142	0.02951	0.05062	0.04425	0.0164	0.01951	0.05457	0.02432	0.0	0.0	0.0	0.0	0.11107	0.01612	0.11747	0.04638	0.0	0.01928	0.02775	0.07353	0.22757	0.14595	0.14301	0.0	0.0	0.0	0.0	0.0	0.0	0.0	0.0	0.0	0.0	0.0	0.0	0.0	0.0	0.0	0.0	0.0	0.19134	0.1898	0.08583	0.08804	0.10039	0.08442	0.05996	0.02242	0.0	0.01963	0.02273	0.00156	0.18177	0.00104	0.0	0.08192	0.0003	0.02287	0.03543	0.17722	0.0003	0.07616	0.0003	0.01542	0.09024	0.02273	0.05235	0.02493	0.07221	0.01139	0.0	0.0003	0.05677	0.21515	0.0003	0.02287	0.0003	0.10746	0.13147	0.06235	0.00332	0.15957	0.04611	0.02875	0.02063	0.02615	0.07642	0.06039	0.01257	0.13666	0.02199	
0.03567	0.02337	0.02405	0.0202	0.07769	0.0597	0.05819	0.02141	0.06262	0.13306	0.00258	0.24443	0.03532	0.2417	0.17818	0.04562	0.01188	0.0	0.24099	0.05653	0.00258	0.00258	0.00258	0.02289	0.00258	0.00258	0.02106	0.02417	0.02417	0.0475	0.02106	0.03911	0.00258	0.03877	0.05043	0.05702	0.0	0.0	0.0	0.0	0.0	0.22483	0.08827	0.0	0.0715	0.01457	0.0032	0.13608	0.14412	0.05236	0.01558	0.06906	0.09107	0.06349	0.0	0.0	0.0	0.0	0.02823	0.01964	0.02777	0.07159	0.0	0.08596	0.03154	0.28786	0.29115	0.17417	0.13389	0.0	0.0	0.0	0.0	0.0	0.0	0.0	0.0	0.0	0.0	0.0	0.0	0.0	0.0	0.0	0.0	0.0	0.17914	0.1777	0.19241	0.18686	0.18145	0.04007	0.04559	0.02417	0.0	0.02141	0.02448	0.06966	0.0202	0.08622	0.0	0.08496	0.00258	0.23474	0.03717	0.17581	0.00258	0.03621	0.00258	0.07685	0.11846	0.02448	0.05422	0.05995	0.22582	0.17295	0.0	0.00258	0.02122	0.0228	0.00258	0.23474	0.00258	0.01327	0.13335	0.02689	0.08774	0.07179	0.04433	0.19251	0.0989	0.05722	0.08093	0.06216	0.07021	0.07975	0.21858	
0.09547	0.05176	0.05455	0.19292	0.3222	0.10677	0.23046	0.04348	0.09795	0.13393	0.001	0.1558	0.08378	0.10023	0.09259	0.05574	0.08585	0.24099	0.0	0.29176	0.001	0.001	0.001	0.05003	0.001	0.001	0.04496	0.05417	0.05417	0.06014	0.11687	0.02212	0.001	0.02176	0.06525	0.16926	0.0	0.0	0.0	0.0	0.0	0.30113	0.22861	0.0	0.07374	0.0758	0.02367	0.12681	0.15048	0.05752	0.07386	0.07731	0.12356	0.17904	0.0	0.0	0.0	0.0	0.1512	0.07404	0.17627	0.21647	0.0	0.08675	0.11479	0.17659	0.36217	0.70799	0.64317	0.0	0.0	0.0	0.0	0.0	0.0	0.0	0.0	0.0	0.0	0.0	0.0	0.0	0.0	0.0	0.0	0.0	0.39093	0.39698	0.37036	0.40925	0.21804	0.1337	0.16491	0.05417	0.0	0.04348	0.05433	0.05886	0.19292	0.10019	0.0	0.23082	0.001	0.14426	0.0965	0.04185	0.001	0.162	0.001	0.12831	0.33876	0.05433	0.04318	0.08572	0.24457	0.1322	0.0	0.001	0.11858	0.04998	0.001	0.14426	0.001	0.2676	0.08081	0.15802	0.35282	0.22869	0.16812	0.16368	0.12431	0.09749	0.11735	0.09174	0.1291	0.25456	0.18815	
0.0399	0.02431	0.02524	0.32037	0.09445	0.05185	0.27063	0.13084	0.04354	0.03728	0.00137	0.15417	0.03942	0.02652	0.04022	0.05302	0.13472	0.05653	0.29176	0.0	0.00137	0.00137	0.00137	0.02371	0.00137	0.00137	0.02158	0.02528	0.02528	0.04227	0.06544	0.05209	0.00137	0.04291	0.14473	0.05062	0.0	0.0	0.0	0.0	0.0	0.08016	0.09084	0.0	0.10009	0.09078	0.02209	0.03431	0.06971	0.08981	0.04626	0.14374	0.12281	0.03798	0.0	0.0	0.0	0.0	0.04993	0.09439	0.11553	0.13624	0.0	0.15701	0.05995	0.10707	0.28134	0.70921	0.64464	0.0	0.0	0.0	0.0	0.0	0.0	0.0	0.0	0.0	0.0	0.0	0.0	0.0	0.0	0.0	0.0	0.0	0.3924	0.39845	0.37139	0.33941	0.26502	0.23717	0.14882	0.02528	0.0	0.13084	0.16785	0.02134	0.32037	0.12271	0.0	0.15135	0.00137	0.02569	0.04094	0.02024	0.00137	0.09611	0.00137	0.12546	0.19439	0.16785	0.06222	0.11957	0.07727	0.03702	0.0	0.00137	0.02614	0.02364	0.00137	0.02569	0.00137	0.24392	0.07256	0.07723	0.13537	0.07421	0.24431	0.09151	0.19957	0.07346	0.11605	0.03231	0.1459	0.14103	0.08878	
0.00268	0.00113	0.0002	0.00097	0.0016	0.00128	0.00198	0.00459	0.00036	0.00101	0.0	0.00318	0.00282	0.00117	0.00094	0.00075	0.0003	0.00258	0.001	0.00137	0.0	0.0	0.0	0.0014	0.0	0.0	0.00137	0.0009	0.0009	0.00406	0.00034	0.00038	0.0	0.00074	0.00081	0.00271	0.0	0.0	0.0	0.0	0.0	0.00199	0.00164	0.0	0.00011	0.00034	0.00214	0.0018	0.00119	0.00107	0.00294	0.00072	0.00039	0.00149	0.0	0.0	0.0	0.0	0.00145	0.00024	1e-05	0.00277	0.0	0.00196	0.0015	0.0003	0.00016	9e-05	1e-05	0.0	0.0	0.0	0.0	0.0	0.0	0.0	0.0	0.0	0.0	0.0	0.0	0.0	0.0	0.0	0.0	0.0	8e-05	8e-05	9e-05	0.00024	0.00059	0.00027	0.00091	0.0009	0.0	0.00459	0.00175	0.00224	0.00097	0.00144	0.0	0.00131	0.0	0.0018	0.00079	0.0011	0.0	0.00173	0.0	0.0007	0.00092	0.00175	0.0001	0.00073	0.00135	0.00068	0.0	0.0	0.00234	0.00113	0.0	0.0018	0.0	0.00123	0.00079	0.00047	0.00038	0.00078	0.00205	0.00072	0.00119	0.00321	0.00079	0.00547	0.00088	0.00185	0.00233	
0.00268	0.00113	0.0002	0.00097	0.0016	0.00128	0.00198	0.00459	0.00036	0.00101	0.0	0.00318	0.00282	0.00117	0.00094	0.00075	0.0003	0.00258	0.001	0.00137	0.0	0.0	0.0	0.0014	0.0	0.0	0.00137	0.0009	0.0009	0.00406	0.00034	0.00038	0.0	0.00074	0.00081	0.00271	0.0	0.0	0.0	0.0	0.0	0.00199	0.00164	0.0	0.00011	0.00034	0.00214	0.0018	0.00119	0.00107	0.00294	0.00072	0.00039	0.00149	0.0	0.0	0.0	0.0	0.00145	0.00024	1e-05	0.00277	0.0	0.00196	0.0015	0.0003	0.00016	9e-05	1e-05	0.0	0.0	0.0	0.0	0.0	0.0	0.0	0.0	0.0	0.0	0.0	0.0	0.0	0.0	0.0	0.0	0.0	8e-05	8e-05	9e-05	0.00024	0.00059	0.00027	0.00091	0.0009	0.0	0.00459	0.00175	0.00224	0.00097	0.00144	0.0	0.00131	0.0	0.0018	0.00079	0.0011	0.0	0.00173	0.0	0.0007	0.00092	0.00175	0.0001	0.00073	0.00135	0.00068	0.0	0.0	0.00234	0.00113	0.0	0.0018	0.0	0.00123	0.00079	0.00047	0.00038	0.00078	0.00205	0.00072	0.00119	0.00321	0.00079	0.00547	0.00088	0.00185	0.00233	
0.00268	0.00113	0.0002	0.00097	0.0016	0.00128	0.00198	0.00459	0.00036	0.00101	0.0	0.00318	0.00282	0.00117	0.00094	0.00075	0.0003	0.00258	0.001	0.00137	0.0	0.0	0.0	0.0014	0.0	0.0	0.00137	0.0009	0.0009	0.00406	0.00034	0.00038	0.0	0.00074	0.00081	0.00271	0.0	0.0	0.0	0.0	0.0	0.00199	0.00164	0.0	0.00011	0.00034	0.00214	0.0018	0.00119	0.00107	0.00294	0.00072	0.00039	0.00149	0.0	0.0	0.0	0.0	0.00145	0.00024	1e-05	0.00277	0.0	0.00196	0.0015	0.0003	0.00016	9e-05	1e-05	0.0	0.0	0.0	0.0	0.0	0.0	0.0	0.0	0.0	0.0	0.0	0.0	0.0	0.0	0.0	0.0	0.0	8e-05	8e-05	9e-05	0.00024	0.00059	0.00027	0.00091	0.0009	0.0	0.00459	0.00175	0.00224	0.00097	0.00144	0.0	0.00131	0.0	0.0018	0.00079	0.0011	0.0	0.00173	0.0	0.0007	0.00092	0.00175	0.0001	0.00073	0.00135	0.00068	0.0	0.0	0.00234	0.00113	0.0	0.0018	0.0	0.00123	0.00079	0.00047	0.00038	0.00078	0.00205	0.00072	0.00119	0.00321	0.00079	0.00547	0.00088	0.00185	0.00233	
0.01671	0.0117	0.01164	0.01028	0.03126	0.17258	0.02439	0.01202	0.01771	0.01506	0.0014	0.08401	0.51196	0.04012	0.04986	0.01943	0.02113	0.02289	0.05003	0.02371	0.0014	0.0014	0.0014	0.0	0.0014	0.0014	0.01079	0.01195	0.01195	0.40454	0.02434	0.01768	0.0014	0.01771	0.02113	0.04321	0.0	0.0	0.0	0.0	0.0	0.03142	0.03031	0.0	0.05303	0.0556	0.03855	0.01459	0.02306	0.11678	0.28375	0.06766	0.29349	0.13124	0.0	0.0	0.0	0.0	0.06579	0.09389	0.04259	0.03502	0.0	0.04783	0.0448	0.10115	0.10222	0.06114	0.04695	0.0	0.0	0.0	0.0	0.0	0.0	0.0	0.0	0.0	0.0	0.0	0.0	0.0	0.0	0.0	0.0	0.0	0.06286	0.06236	0.06753	0.06569	0.06403	0.06726	0.0247	0.01195	0.0	0.01202	0.01239	0.03579	0.01028	0.0356	0.0	0.03244	0.0014	0.01247	0.01711	0.01018	0.0014	0.11161	0.0014	0.03041	0.06132	0.01239	0.1811	0.09229	0.05336	0.05081	0.0	0.0014	0.026	0.01145	0.0014	0.01247	0.0014	0.02137	0.02498	0.02588	0.03948	0.02728	0.01958	0.04071	0.03718	0.05762	0.06932	0.02784	0.05821	0.11625	0.06977	
0.00268	0.00113	0.0002	0.00097	0.0016	0.00128	0.00198	0.00459	0.00036	0.00101	0.0	0.00318	0.00282	0.00117	0.00094	0.00075	0.0003	0.00258	0.001	0.00137	0.0	0.0	0.0	0.0014	0.0	0.0	0.00137	0.0009	0.0009	0.00406	0.00034	0.00038	0.0	0.00074	0.00081	0.00271	0.0	0.0	0.0	0.0	0.0	0.00199	0.00164	0.0	0.00011	0.00034	0.00214	0.0018	0.00119	0.00107	0.00294	0.00072	0.00039	0.00149	0.0	0.0	0.0	0.0	0.00145	0.00024	1e-05	0.00277	0.0	0.00196	0.0015	0.0003	0.00016	9e-05	1e-05	0.0	0.0	0.0	0.0	0.0	0.0	0.0	0.0	0.0	0.0	0.0	0.0	0.0	0.0	0.0	0.0	0.0	8e-05	8e-05	9e-05	0.00024	0.00059	0.00027	0.00091	0.0009	0.0	0.00459	0.00175	0.00224	0.00097	0.00144	0.0	0.00131	0.0	0.0018	0.00079	0.0011	0.0	0.00173	0.0	0.0007	0.00092	0.00175	0.0001	0.00073	0.00135	0.00068	0.0	0.0	0.00234	0.00113	0.0	0.0018	0.0	0.00123	0.00079	0.00047	0.00038	0.00078	0.00205	0.00072	0.00119	0.00321	0.00079	0.00547	0.00088	0.00185	0.00233	
0.00268	0.00113	0.0002	0.00097	0.0016	0.00128	0.00198	0.00459	0.00036	0.00101	0.0	0.00318	0.00282	0.00117	0.00094	0.00075	0.0003	0.00258	0.001	0.00137	0.0	0.0	0.0	0.0014	0.0	0.0	0.00137	0.0009	0.0009	0.00406	0.00034	0.00038	0.0	0.00074	0.00081	0.00271	0.0	0.0	0.0	0.0	0.0	0.00199	0.00164	0.0	0.00011	0.00034	0.00214	0.0018	0.00119	0.00107	0.00294	0.00072	0.00039	0.00149	0.0	0.0	0.0	0.0	0.00145	0.00024	1e-05	0.00277	0.0	0.00196	0.0015	0.0003	0.00016	9e-05	1e-05	0.0	0.0	0.0	0.0	0.0	0.0	0.0	0.0	0.0	0.0	0.0	0.0	0.0	0.0	0.0	0.0	0.0	8e-05	8e-05	9e-05	0.00024	0.00059	0.00027	0.00091	0.0009	0.0	0.00459	0.00175	0.00224	0.00097	0.00144	0.0	0.00131	0.0	0.0018	0.00079	0.0011	0.0	0.00173	0.0	0.0007	0.00092	0.00175	0.0001	0.00073	0.00135	0.00068	0.0	0.0	0.00234	0.00113	0.0	0.0018	0.0	0.00123	0.00079	0.00047	0.00038	0.00078	0.00205	0.00072	0.00119	0.00321	0.00079	0.00547	0.00088	0.00185	0.00233	
0.01543	0.01086	0.01075	0.00957	0.08844	0.02225	0.02221	0.01139	0.01622	0.01381	0.00137	0.03356	0.01539	0.07761	0.06001	0.37365	0.01928	0.02106	0.04496	0.02158	0.00137	0.00137	0.00137	0.01079	0.00137	0.00137	0.0	0.01108	0.01108	0.02009	0.02216	0.01619	0.00137	0.01625	0.01921	0.06331	0.0	0.0	0.0	0.0	0.0	0.02839	0.09275	0.0	0.05181	0.04977	0.08431	0.52753	0.0209	0.02632	0.04541	0.06021	0.07142	0.02375	0.0	0.0	0.0	0.0	0.03869	0.03261	0.03811	0.03166	0.0	0.04309	0.0601	0.08996	0.09089	0.05436	0.04174	0.0	0.0	0.0	0.0	0.0	0.0	0.0	0.0	0.0	0.0	0.0	0.0	0.0	0.0	0.0	0.0	0.0	0.05589	0.05544	0.06004	0.05842	0.05699	0.05988	0.02234	0.01108	0.0	0.01139	0.01153	0.03259	0.00957	0.09126	0.0	0.02927	0.00137	0.01161	0.2894	0.00949	0.00137	0.02813	0.00137	0.02748	0.04042	0.01153	0.02116	0.0299	0.0368	0.04589	0.0	0.00137	0.02382	0.01064	0.00137	0.01161	0.00137	0.16393	0.02265	0.02341	0.03578	0.02475	0.01794	0.03668	0.06018	0.077	0.03791	0.02564	0.05202	0.10214	0.06225	
0.01755	0.01208	0.01207	0.01055	0.03349	0.18997	0.18909	0.01224	0.01869	0.01586	0.0009	0.09088	0.01747	0.04299	0.05358	0.02066	0.02242	0.02417	0.05417	0.02528	0.0009	0.0009	0.0009	0.01195	0.0009	0.0009	0.01108	0.0	1.00102	0.02297	0.02591	0.01865	0.0009	0.01866	0.20816	0.15591	0.0	0.0	0.0	0.0	0.0	0.13136	0.03245	0.0	0.05764	0.10488	0.04122	0.01529	0.02469	0.18355	0.06201	0.06766	0.03787	0.02794	0.0	0.0	0.0	0.0	0.07122	0.03883	0.09447	0.1272	0.0	0.06506	0.169	0.11289	0.1141	0.06824	0.05242	0.0	0.0	0.0	0.0	0.0	0.0	0.0	0.0	0.0	0.0	0.0	0.0	0.0	0.0	0.0	0.0	0.0	0.07018	0.06961	0.07539	0.07331	0.15618	0.05133	0.17872	1.00102	0.0	0.01224	0.0128	0.03821	0.01055	0.10987	0.0	0.07057	0.0009	0.01288	0.018	0.01043	0.0009	0.1217	0.0009	0.10749	0.06627	0.0128	0.02474	0.03567	0.09909	0.05464	0.0	0.0009	0.18354	0.01181	0.0009	0.01288	0.0009	0.02274	0.0267	0.02772	0.042	0.02891	0.02073	0.04385	0.04008	0.06239	0.04581	0.02947	0.05293	0.09142	0.06067	
0.01755	0.01208	0.01207	0.01055	0.03349	0.18997	0.18909	0.01224	0.01869	0.01586	0.0009	0.09088	0.01747	0.04299	0.05358	0.02066	0.02242	0.02417	0.05417	0.02528	0.0009	0.0009	0.0009	0.01195	0.0009	0.0009	0.01108	1.00102	0.0	0.02297	0.02591	0.01865	0.0009	0.01866	0.20816	0.15591	0.0	0.0	0.0	0.0	0.0	0.13136	0.03245	0.0	0.05764	0.10488	0.04122	0.01529	0.02469	0.18355	0.06201	0.06766	0.03787	0.02794	0.0	0.0	0.0	0.0	0.07122	0.03883	0.09447	0.1272	0.0	0.06506	0.169	0.11289	0.1141	0.06824	0.05242	0.0	0.0	0.0	0.0	0.0	0.0	0.0	0.0	0.0	0.0	0.0	0.0	0.0	0.0	0.0	0.0	0.0	0.07018	0.06961	0.07539	0.07331	0.15618	0.05133	0.17872	1.00102	0.0	0.01224	0.0128	0.03821	0.01055	0.10987	0.0	0.07057	0.0009	0.01288	0.018	0.01043	0.0009	0.1217	0.0009	0.10749	0.06627	0.0128	0.02474	0.03567	0.09909	0.05464	0.0	0.0009	0.18354	0.01181	0.0009	0.01288	0.0009	0.02274	0.0267	0.02772	0.042	0.02891	0.02073	0.04385	0.04008	0.06239	0.04581	0.02947	0.05293	0.09142	0.06067	
0.03419	0.02222	0.02288	0.01932	0.04457	0.15592	0.07306	0.02032	0.03717	0.03198	0.00406	0.11147	0.30896	0.09494	0.12211	0.044	0.04587	0.0475	0.06014	0.04227	0.00406	0.00406	0.00406	0.40454	0.00406	0.00406	0.02009	0.02297	0.02297	0.0	0.05002	0.03707	0.00406	0.088	0.04878	0.11078	0.0	0.0	0.0	0.0	0.0	0.08083	0.07275	0.0	0.09547	0.13346	0.08926	0.02979	0.05618	0.12755	0.29658	0.11493	0.21726	0.128	0.0	0.0	0.0	0.0	0.11779	0.11837	0.08138	0.09069	0.0	0.12922	0.15094	0.30093	0.16408	0.23178	0.77195	0.0	0.0	0.0	0.0	0.0	0.0	0.0	0.0	0.0	0.0	0.0	0.0	0.0	0.0	0.0	0.0	0.0	1.03248	1.0242	0.41224	0.45495	0.35056	0.09698	0.06112	0.02297	0.0	0.02032	0.02323	0.17414	0.01932	0.03605	0.0	0.05926	0.00406	0.02336	0.09432	0.01901	0.00406	0.14767	0.00406	0.0367	0.05407	0.02323	0.19692	0.11804	0.23579	0.12518	0.0	0.00406	0.05575	0.0217	0.00406	0.02336	0.00406	0.04849	0.05891	0.05185	0.03946	0.05934	0.06792	0.03973	0.04422	0.14125	0.10152	0.06033	0.09531	0.13647	0.15182	
0.03992	0.02493	0.18639	0.02117	0.08344	0.05997	0.06756	0.02232	0.04282	0.15574	0.00034	0.01351	0.03947	0.00148	0.02577	0.05226	0.05494	0.02106	0.11687	0.06544	0.00034	0.00034	0.00034	0.02434	0.00034	0.00034	0.02216	0.02591	0.02591	0.05002	0.0	0.04386	0.00034	0.03703	0.04326	0.06347	0.0	0.0	0.0	0.0	0.0	0.07944	0.09991	0.0	0.02207	0.00759	0.05744	0.03448	0.26263	0.03223	0.0331	0.02266	0.01418	0.14969	0.0	0.0	0.0	0.0	0.05218	0.11225	0.17082	0.07111	0.0	0.03343	0.06302	0.07299	0.06738	0.18627	0.4321	0.0	0.0	0.0	0.0	0.0	0.0	0.0	0.0	0.0	0.0	0.0	0.0	0.0	0.0	0.0	0.0	0.0	0.17986	0.57333	0.55567	0.0929	0.28972	0.14844	0.07184	0.02591	0.0	0.02232	0.0262	0.06245	0.02117	0.001	0.0	0.11692	0.00034	0.18702	0.04238	0.02077	0.00034	0.37335	0.00034	0.09057	0.14226	0.0262	0.0093	0.10205	0.12961	0.00757	0.0	0.00034	0.01072	0.02425	0.00034	0.18702	0.00034	0.0578	0.02035	0.69028	0.29004	0.08208	0.05053	0.01615	0.15797	0.13037	0.26152	0.0261	0.08324	0.09302	0.10653	
0.20735	0.01804	0.01847	0.01546	0.16984	0.04563	0.07481	0.01679	0.07397	0.02573	0.00038	0.06943	0.20871	0.0757	0.09636	0.06887	0.03736	0.03911	0.02212	0.05209	0.00038	0.00038	0.00038	0.01768	0.00038	0.00038	0.01619	0.01865	0.01865	0.03707	0.04386	0.0	0.00038	0.03011	0.19952	0.02369	0.0	0.0	0.0	0.0	0.0	0.0716	0.05709	0.0	0.06152	0.06039	0.01089	0.02413	0.04356	0.05566	0.01134	0.09476	0.06866	0.04371	0.0	0.0	0.0	0.0	0.018	0.11661	0.10318	0.1444	0.0	0.09994	0.08827	0.08289	0.07977	0.50373	0.44949	0.0	0.0	0.0	0.0	0.0	0.0	0.0	0.0	0.0	0.0	0.0	0.0	0.0	0.0	0.0	0.0	0.0	0.60123	0.2033	0.11164	0.10127	0.10692	0.08724	0.16837	0.01865	0.0	0.01679	0.33099	0.00859	0.01546	0.00768	0.0	0.24261	0.00038	0.01912	0.02887	0.0152	0.00038	0.05929	0.00038	0.18492	0.00984	0.33099	0.04184	0.14484	0.08252	0.12855	0.0	0.00038	0.04202	0.01758	0.00038	0.01912	0.00038	0.03865	0.04654	0.04891	0.0714	0.04823	0.03431	0.01317	0.14292	0.04136	0.07744	0.04063	0.07046	0.05975	0.08896	
0.00268	0.00113	0.0002	0.00097	0.0016	0.00128	0.00198	0.00459	0.00036	0.00101	0.0	0.00318	0.00282	0.00117	0.00094	0.00075	0.0003	0.00258	0.001	0.00137	0.0	0.0	0.0	0.0014	0.0	0.0	0.00137	0.0009	0.0009	0.00406	0.00034	0.00038	0.0	0.00074	0.00081	0.00271	0.0	0.0	0.0	0.0	0.0	0.00199	0.00164	0.0	0.00011	0.00034	0.00214	0.0018	0.00119	0.00107	0.00294	0.00072	0.00039	0.00149	0.0	0.0	0.0	0.0	0.00145	0.00024	1e-05	0.00277	0.0	0.00196	0.0015	0.0003	0.00016	9e-05	1e-05	0.0	0.0	0.0	0.0	0.0	0.0	0.0	0.0	0.0	0.0	0.0	0.0	0.0	0.0	0.0	0.0	0.0	8e-05	8e-05	9e-05	0.00024	0.00059	0.00027	0.00091	0.0009	0.0	0.00459	0.00175	0.00224	0.00097	0.00144	0.0	0.00131	0.0	0.0018	0.00079	0.0011	0.0	0.00173	0.0	0.0007	0.00092	0.00175	0.0001	0.00073	0.00135	0.00068	0.0	0.0	0.00234	0.00113	0.0	0.0018	0.0	0.00123	0.00079	0.00047	0.00038	0.00078	0.00205	0.00072	0.00119	0.00321	0.00079	0.00547	0.00088	0.00185	0.00233	
0.02762	0.01806	0.01848	0.01552	0.02341	0.04508	0.04414	0.01687	0.03019	0.02557	0.00074	0.06851	0.02738	0.00513	0.00126	0.07414	0.04972	0.03877	0.02176	0.04291	0.00074	0.00074	0.00074	0.01771	0.00074	0.00074	0.01625	0.01866	0.01866	0.088	0.03703	0.03011	0.00074	0.0	0.03827	0.07867	0.0	0.0	0.0	0.0	0.0	0.06341	0.17443	0.0	0.18198	0.11459	0.00748	0.02401	0.06313	0.03805	0.01072	0.05736	0.16612	0.03625	0.0	0.0	0.0	0.0	0.08372	0.01925	0.05121	0.06751	0.0	0.01806	0.02267	0.08907	0.28975	0.20208	0.46761	0.0	0.0	0.0	0.0	0.0	0.0	0.0	0.0	0.0	0.0	0.0	0.0	0.0	0.0	0.0	0.0	0.0	0.21537	0.62044	0.57781	0.20507	0.12384	0.09415	0.0455	0.01866	0.0	0.01687	0.019	0.01237	0.01552	0.01136	0.0	0.03868	0.00074	0.01912	0.1015	0.01528	0.00074	0.07153	0.00074	0.02212	0.00865	0.019	0.04136	0.06381	0.11731	0.09721	0.0	0.00074	0.04514	0.3067	0.00074	0.01912	0.00074	0.03825	0.03447	0.03579	0.01515	0.18869	0.03399	0.07902	0.01909	0.06614	0.15085	0.04749	0.06798	0.1	0.05169	
0.03564	0.02166	0.20966	0.01835	0.04188	0.20237	0.29897	0.01931	0.0388	0.178	0.00081	0.0399	0.03522	0.1051	0.03716	0.04714	0.04875	0.05043	0.06525	0.14473	0.00081	0.00081	0.00081	0.02113	0.00081	0.00081	0.01921	0.20816	0.20816	0.04878	0.04326	0.19952	0.00081	0.03827	0.0	0.16916	0.0	0.0	0.0	0.0	0.0	0.46523	0.04295	0.0	0.1789	0.09737	0.08146	0.03063	0.15161	0.16201	0.17179	0.13506	0.09886	0.26306	0.0	0.0	0.0	0.0	0.21381	0.24868	0.26236	0.16834	0.0	0.12834	0.13499	0.37539	0.15814	0.22692	0.17446	0.0	0.0	0.0	0.0	0.0	0.0	0.0	0.0	0.0	0.0	0.0	0.0	0.0	0.0	0.0	0.0	0.0	0.23339	0.23152	0.2507	0.16822	0.38106	0.17645	0.28275	0.20816	0.0	0.01931	0.39469	0.08969	0.01835	0.03178	0.0	0.55275	0.00081	0.02292	0.03651	0.01799	0.00081	0.14973	0.00081	0.23212	0.05859	0.39469	0.05531	0.1845	0.14073	0.12713	0.0	0.00081	0.17833	0.02106	0.00081	0.02292	0.00081	0.05225	0.04816	0.04814	0.03931	0.07539	0.04554	0.11992	0.19571	0.14751	0.16169	0.06516	0.17315	0.16989	0.13703	
0.07761	0.04447	0.07672	0.03734	0.06538	0.07974	0.13757	0.03814	0.02388	0.12461	0.00271	0.03461	0.07645	0.03557	0.08919	0.11221	0.07903	0.05702	0.16926	0.05062	0.00271	0.00271	0.00271	0.04321	0.00271	0.00271	0.06331	0.15591	0.15591	0.11078	0.06347	0.02369	0.00271	0.07867	0.16916	0.0	0.0	0.0	0.0	0.0	0.0	0.38324	0.42059	0.0	0.08193	0.06406	0.32691	0.11134	0.16345	0.13685	0.1757	0.11478	0.05174	0.07903	0.0	0.0	0.0	0.0	0.10444	0.07482	0.10432	0.22477	0.0	0.14787	0.084	0.53393	0.29249	0.56313	0.43306	0.0	0.0	0.0	0.0	0.0	0.0	0.0	0.0	0.0	0.0	0.0	0.0	0.0	0.0	0.0	0.0	0.0	0.57925	0.5746	0.62216	0.27277	0.48197	0.1969	0.14455	0.15591	0.0	0.03814	0.07654	0.06699	0.03734	0.02362	0.0	0.19973	0.00271	0.07709	0.01956	0.03655	0.00271	0.03835	0.00271	0.24759	0.11986	0.07654	0.12818	0.15724	0.26277	0.06779	0.0	0.00271	0.15347	0.14171	0.00271	0.07709	0.00271	0.04775	0.04371	0.08246	0.05699	0.14957	0.10391	0.08982	0.07874	0.06844	0.15877	0.15629	0.06599	0.17036	0.15142	
0.0	0.0	0.0	0.0	0.0	0.0	0.0	0.0	0.0	0.0	0.0	0.0	0.0	0.0	0.0	0.0	0.0	0.0	0.0	0.0	0.0	0.0	0.0	0.0	0.0	0.0	0.0	0.0	0.0	0.0	0.0	0.0	0.0	0.0	0.0	0.0	0.0	0.0	0.0	0.0	0.0	0.0	0.0	0.0	0.0	0.0	0.0	0.0	0.0	0.0	0.0	0.0	0.0	0.0	0.0	0.0	0.0	0.0	0.0	0.0	0.0	0.0	0.0	0.0	0.0	0.0	0.0	0.0	0.0	0.0	0.0	0.0	0.0	0.0	0.0	0.0	0.0	0.0	0.0	0.0	0.0	0.0	0.0	0.0	0.0	0.0	0.0	0.0	0.0	0.0	0.0	0.0	0.0	0.0	0.0	0.0	0.0	0.0	0.0	0.0	0.0	0.0	0.0	0.0	0.0	0.0	0.0	0.0	0.0	0.0	0.0	0.0	0.0	0.0	0.0	0.0	0.0	0.0	0.0	0.0	0.0	0.0	0.0	0.0	0.0	0.0	0.0	0.0	0.0	0.0	0.0	0.0	0.0	0.0	0.0	0.0	0.0	
0.0	0.0	0.0	0.0	0.0	0.0	0.0	0.0	0.0	0.0	0.0	0.0	0.0	0.0	0.0	0.0	0.0	0.0	0.0	0.0	0.0	0.0	0.0	0.0	0.0	0.0	0.0	0.0	0.0	0.0	0.0	0.0	0.0	0.0	0.0	0.0	0.0	0.0	0.0	0.0	0.0	0.0	0.0	0.0	0.0	0.0	0.0	0.0	0.0	0.0	0.0	0.0	0.0	0.0	0.0	0.0	0.0	0.0	0.0	0.0	0.0	0.0	0.0	0.0	0.0	0.0	0.0	0.0	0.0	0.0	0.0	0.0	0.0	0.0	0.0	0.0	0.0	0.0	0.0	0.0	0.0	0.0	0.0	0.0	0.0	0.0	0.0	0.0	0.0	0.0	0.0	0.0	0.0	0.0	0.0	0.0	0.0	0.0	0.0	0.0	0.0	0.0	0.0	0.0	0.0	0.0	0.0	0.0	0.0	0.0	0.0	0.0	0.0	0.0	0.0	0.0	0.0	0.0	0.0	0.0	0.0	0.0	0.0	0.0	0.0	0.0	0.0	0.0	0.0	0.0	0.0	0.0	0.0	0.0	0.0	0.0	0.0	
0.0	0.0	0.0	0.0	0.0	0.0	0.0	0.0	0.0	0.0	0.0	0.0	0.0	0.0	0.0	0.0	0.0	0.0	0.0	0.0	0.0	0.0	0.0	0.0	0.0	0.0	0.0	0.0	0.0	0.0	0.0	0.0	0.0	0.0	0.0	0.0	0.0	0.0	0.0	0.0	0.0	0.0	0.0	0.0	0.0	0.0	0.0	0.0	0.0	0.0	0.0	0.0	0.0	0.0	0.0	0.0	0.0	0.0	0.0	0.0	0.0	0.0	0.0	0.0	0.0	0.0	0.0	0.0	0.0	0.0	0.0	0.0	0.0	0.0	0.0	0.0	0.0	0.0	0.0	0.0	0.0	0.0	0.0	0.0	0.0	0.0	0.0	0.0	0.0	0.0	0.0	0.0	0.0	0.0	0.0	0.0	0.0	0.0	0.0	0.0	0.0	0.0	0.0	0.0	0.0	0.0	0.0	0.0	0.0	0.0	0.0	0.0	0.0	0.0	0.0	0.0	0.0	0.0	0.0	0.0	0.0	0.0	0.0	0.0	0.0	0.0	0.0	0.0	0.0	0.0	0.0	0.0	0.0	0.0	0.0	0.0	0.0	
0.0	0.0	0.0	0.0	0.0	0.0	0.0	0.0	0.0	0.0	0.0	0.0	0.0	0.0	0.0	0.0	0.0	0.0	0.0	0.0	0.0	0.0	0.0	0.0	0.0	0.0	0.0	0.0	0.0	0.0	0.0	0.0	0.0	0.0	0.0	0.0	0.0	0.0	0.0	0.0	0.0	0.0	0.0	0.0	0.0	0.0	0.0	0.0	0.0	0.0	0.0	0.0	0.0	0.0	0.0	0.0	0.0	0.0	0.0	0.0	0.0	0.0	0.0	0.0	0.0	0.0	0.0	0.0	0.0	0.0	0.0	0.0	0.0	0.0	0.0	0.0	0.0	0.0	0.0	0.0	0.0	0.0	0.0	0.0	0.0	0.0	0.0	0.0	0.0	0.0	0.0	0.0	0.0	0.0	0.0	0.0	0.0	0.0	0.0	0.0	0.0	0.0	0.0	0.0	0.0	0.0	0.0	0.0	0.0	0.0	0.0	0.0	0.0	0.0	0.0	0.0	0.0	0.0	0.0	0.0	0.0	0.0	0.0	0.0	0.0	0.0	0.0	0.0	0.0	0.0	0.0	0.0	0.0	0.0	0.0	0.0	0.0	
0.0	0.0	0.0	0.0	0.0	0.0	0.0	0.0	0.0	0.0	0.0	0.0	0.0	0.0	0.0	0.0	0.0	0.0	0.0	0.0	0.0	0.0	0.0	0.0	0.0	0.0	0.0	0.0	0.0	0.0	0.0	0.0	0.0	0.0	0.0	0.0	0.0	0.0	0.0	0.0	0.0	0.0	0.0	0.0	0.0	0.0	0.0	0.0	0.0	0.0	0.0	0.0	0.0	0.0	0.0	0.0	0.0	0.0	0.0	0.0	0.0	0.0	0.0	0.0	0.0	0.0	0.0	0.0	0.0	0.0	0.0	0.0	0.0	0.0	0.0	0.0	0.0	0.0	0.0	0.0	0.0	0.0	0.0	0.0	0.0	0.0	0.0	0.0	0.0	0.0	0.0	0.0	0.0	0.0	0.0	0.0	0.0	0.0	0.0	0.0	0.0	0.0	0.0	0.0	0.0	0.0	0.0	0.0	0.0	0.0	0.0	0.0	0.0	0.0	0.0	0.0	0.0	0.0	0.0	0.0	0.0	0.0	0.0	0.0	0.0	0.0	0.0	0.0	0.0	0.0	0.0	0.0	0.0	0.0	0.0	0.0	0.0	
0.05685	0.03233	0.13229	0.02713	0.09227	0.1765	0.16599	0.02781	0.0804	0.2128	0.00199	0.14924	0.05601	0.13128	0.07723	0.07787	0.06018	0.22483	0.30113	0.08016	0.00199	0.00199	0.00199	0.03142	0.00199	0.00199	0.02839	0.13136	0.13136	0.08083	0.07944	0.0716	0.00199	0.06341	0.46523	0.38324	0.0	0.0	0.0	0.0	0.0	0.0	0.26686	0.0	0.24759	0.16648	0.17318	0.11084	0.24443	0.1633	0.23841	0.16514	0.11025	0.31079	0.0	0.0	0.0	0.0	0.21902	0.20766	0.26824	0.30451	0.0	0.13688	0.13856	0.61393	0.36028	0.47154	0.3626	0.0	0.0	0.0	0.0	0.0	0.0	0.0	0.0	0.0	0.0	0.0	0.0	0.0	0.0	0.0	0.0	0.0	0.48501	0.48112	0.52097	0.32553	0.5155	0.27641	0.1708	0.13136	0.0	0.02781	0.13581	0.09487	0.02713	0.08516	0.0	0.35043	0.00199	0.14699	0.05735	0.02655	0.00199	0.16937	0.00199	0.19277	0.13153	0.13581	0.09199	0.15879	0.42459	0.1207	0.0	0.00199	0.16966	0.12325	0.00199	0.14699	0.00199	0.08911	0.07521	0.089	0.14259	0.26436	0.07579	0.13874	0.24377	0.14365	0.22006	0.11268	0.20895	0.22321	0.22024	
0.05237	0.03113	0.1134	0.02628	0.05698	0.06454	0.09466	0.02716	0.02897	0.18779	0.00164	0.04419	0.05167	0.1549	0.3428	0.22143	0.15479	0.08827	0.22861	0.09084	0.00164	0.00164	0.00164	0.03031	0.00164	0.00164	0.09275	0.03245	0.03245	0.07275	0.09991	0.05709	0.00164	0.17443	0.04295	0.42059	0.0	0.0	0.0	0.0	0.0	0.26686	0.0	0.0	0.12322	0.1307	0.24093	0.1663	0.3006	0.12045	0.06337	0.08071	0.07251	0.19977	0.0	0.0	0.0	0.0	0.0605	0.1443	0.09685	0.07111	0.0	0.24756	0.07489	0.3817	0.16349	0.35285	0.27132	0.0	0.0	0.0	0.0	0.0	0.0	0.0	0.0	0.0	0.0	0.0	0.0	0.0	0.0	0.0	0.0	0.0	0.36293	0.36002	0.38984	0.17238	0.52777	0.29277	0.08479	0.03245	0.0	0.02716	0.03266	0.02557	0.02628	0.03266	0.0	0.16176	0.00164	0.11385	0.01919	0.02575	0.00164	0.0386	0.00164	0.15169	0.1846	0.03266	0.08346	0.15158	0.35116	0.03201	0.0	0.00164	0.01701	0.31202	0.00164	0.11385	0.00164	0.03031	0.11173	0.09921	0.05823	0.34906	0.06824	0.04461	0.12106	0.08882	0.24092	0.09903	0.121	0.22006	0.23165	
0.0	0.0	0.0	0.0	0.0	0.0	0.0	0.0	0.0	0.0	0.0	0.0	0.0	0.0	0.0	0.0	0.0	0.0	0.0	0.0	0.0	0.0	0.0	0.0	0.0	0.0	0.0	0.0	0.0	0.0	0.0	0.0	0.0	0.0	0.0	0.0	0.0	0.0	0.0	0.0	0.0	0.0	0.0	0.0	0.0	0.0	0.0	0.0	0.0	0.0	0.0	0.0	0.0	0.0	0.0	0.0	0.0	0.0	0.0	0.0	0.0	0.0	0.0	0.0	0.0	0.0	0.0	0.0	0.0	0.0	0.0	0.0	0.0	0.0	0.0	0.0	0.0	0.0	0.0	0.0	0.0	0.0	0.0	0.0	0.0	0.0	0.0	0.0	0.0	0.0	0.0	0.0	0.0	0.0	0.0	0.0	0.0	0.0	0.0	0.0	0.0	0.0	0.0	0.0	0.0	0.0	0.0	0.0	0.0	0.0	0.0	0.0	0.0	0.0	0.0	0.0	0.0	0.0	0.0	0.0	0.0	0.0	0.0	0.0	0.0	0.0	0.0	0.0	0.0	0.0	0.0	0.0	0.0	0.0	0.0	0.0	0.0	
