0.0	0.41267	0.02004	2e-05	0.09463	0.02022	0.03455	0.09463	0.05859	0.08943	0.14189	0.18514	0.03255	0.6433	0.334	0.02399	0.04062	2e-05	0.02414	0.08767	2e-05	2e-05	0.03541	0.09287	0.03341	0.01931	0.02414	2e-05	0.09287	0.01104	0.20754	0.04819	0.20538	0.50551	0.20754	0.0	0.0	0.0	0.01595	0.01706	0.00957	0.17733	0.2189	0.23976	0.19101	0.11156	0.00218	0.13726	0.10744	0.1589	0.45368	0.09434	0.11921	0.17611	0.01961	0.09287	0.41299	0.29767	0.34499	0.3174	0.14459	2e-05	0.13082	2e-05	2e-05	0.02155	2e-05	0.41299	0.09287	0.01798	2e-05	0.02414	2e-05	0.03404	0.02033	0.02085	2e-05	0.01961	2e-05	0.3273	0.43442	0.02596	0.02358	0.00973	0.06481	0.0	0.00118	0.01595	0.01961	0.01798	0.41299	0.12598	0.00118	0.00118	0.00285	0.00285	0.1426	0.04053	0.06155	0.02755	0.08547	0.0	0.0	0.0	0.0	0.06552	0.2777	0.10825	0.0	0.0	0.21465	0.00957	0.02291	0.02291	0.04075	0.01714	0.04535	0.21819	0.20877	0.04053	0.02078	0.14753	0.37601	0.23907	0.52121	0.06927	0.00752	0.09217	0.0	0.03027	0.00014	0.00014	0.01868	0.36732	0.02291	0.01714	0.04305	0.12305	2e-05	0.03684	0.03375	0.0	0.0	0.01714	0.01058	0.00014	0.01934	0.01934	0.03212	2e-05	0.09287	0.02071	0.03093	0.00014	0.01714	0.0223	0.00014	0.0106	0.3063	0.00014	0.04356	0.05593	0.02589	0.02589	0.02183	0.02589	0.00039	0.00014	0.14801	0.12647	0.03773	0.00014	0.02291	0.04432	0.17133	0.41284	0.00014	0.04974	0.0273	0.0	0.15739	0.04998	0.12093	0.01524	0.03212	0.00973	0.02291	0.01934	0.17943	0.04824	0.16182	0.04086	0.36722	0.16896	0.31891	
0.41267	0.0	0.01388	0.00013	0.22935	0.01418	0.0417	0.22935	0.04159	0.13797	0.15318	0.0	0.0208	0.53603	0.11155	0.01638	0.06493	0.00013	0.01663	0.13541	0.00013	0.00013	0.02122	0.22507	0.03971	0.01497	0.01663	0.00013	0.22507	0.00865	0.34518	0.05261	0.10374	1.22471	0.34518	0.0	0.0	0.0	0.01161	0.01377	0.0077	0.27021	0.37547	0.18406	0.08428	0.03731	0.00143	0.17355	0.05164	0.08253	0.19656	0.03359	0.06893	0.2101	0.01388	0.22507	1.00057	0.45132	0.64413	0.52978	0.19064	0.00013	0.15596	0.00013	0.00013	0.01509	0.00013	1.00057	0.22507	0.01289	0.00013	0.01663	0.00013	0.02259	0.01438	0.01537	0.00013	0.01388	0.00013	0.5698	1.05248	0.01749	0.03697	0.0082	0.03573	0.0	0.00071	0.01161	0.01388	0.01289	1.00057	0.0346	0.00071	0.00071	0.00194	0.00194	0.01108	0.03981	0.03551	0.01813	0.02671	0.0	0.0	0.0	0.0	0.03481	0.01099	0.00088	0.0	0.0	0.30963	0.0077	0.01681	0.01681	0.02521	0.01299	0.02128	0.14824	0.01147	0.02548	0.01465	0.08534	0.18851	0.10399	0.46208	0.03647	0.00654	0.12647	0.0	0.02152	0.00013	0.00013	0.014	0.26323	0.01681	0.01299	0.0368	0.01749	0.00013	0.02479	0.0385	0.0	0.0	0.01299	0.00873	0.00013	0.01452	0.01452	0.0229	0.00013	0.22507	0.0107	0.02151	0.00013	0.01299	0.01707	0.00013	0.0088	0.49133	0.00013	0.02945	0.02416	0.01924	0.01924	0.01659	0.01924	0.00071	0.00013	0.192	0.18045	0.02637	0.00013	0.01681	0.02634	0.2297	1.00083	0.00013	0.06414	0.0192	0.0	0.22251	0.02988	0.02414	0.01169	0.0229	0.0082	0.01681	0.01452	0.02205	0.02727	0.23249	0.0654	0.18189	0.08117	0.17689	
0.02004	0.01388	0.0	0.00011	0.24383	1.00035	0.04187	0.24383	0.03986	0.14125	0.06041	0.00766	0.01944	0.05648	0.00206	0.01539	0.41369	0.00011	0.01564	0.13863	0.00011	0.00011	0.01978	0.23928	0.03981	0.01427	0.01564	0.00011	0.23928	0.33618	0.02307	0.24337	0.04978	0.1314	0.02307	0.0	0.0	0.0	0.01095	0.17438	0.00732	0.02505	0.02073	0.02846	0.01297	0.03444	0.00167	0.033	0.08884	0.05239	0.02904	0.0312	0.06267	0.11588	0.01307	0.23928	0.01428	0.02332	0.18735	0.01937	0.03116	0.00011	0.03571	0.00011	0.00011	0.01421	0.00011	0.01428	0.23928	0.01214	0.00011	0.01564	0.00011	0.02123	1.00074	0.0146	0.00011	0.01307	0.00011	0.01806	0.0414	0.01641	0.03928	0.0078	0.04282	0.0	0.00089	0.01095	0.01307	0.01214	0.01428	0.03219	0.00089	0.00089	0.05424	0.05424	0.03414	0.03937	0.03302	0.01709	0.02481	0.0	0.0	0.0	0.0	0.03228	0.01064	0.00107	0.0	0.0	0.11255	0.00732	0.01583	0.01583	0.02347	0.01225	0.01996	0.04081	0.01081	0.02385	0.01374	0.04805	0.05948	0.04591	0.10508	0.13519	0.00623	0.12841	0.0	0.02035	0.00011	0.00011	0.0132	0.02794	0.01583	0.01225	0.03613	0.0165	0.00011	0.02319	0.03857	0.0	0.0	0.01225	0.33629	0.00011	1.00103	1.00103	0.02156	0.00011	0.23928	0.0104	0.05336	0.00011	0.01225	0.12167	0.00011	0.33639	0.02136	0.00011	0.02763	0.02252	0.01823	0.01823	1.00222	0.01823	0.00089	0.00011	0.03281	0.03404	0.02479	0.00011	0.01583	0.02443	0.02694	0.01442	0.00011	0.0649	0.01801	0.0	0.02824	0.02773	0.02242	0.01103	0.02156	0.0078	0.01583	1.00103	0.02058	0.20154	0.02744	0.41433	0.03766	0.09342	0.02935	
2e-05	0.00013	0.00011	0.0	0.0	0.00073	0.06185	0.0	0.02114	0.26701	0.03209	0.0	0.00048	0.00031	0.0	0.00097	0.15508	0.0	0.00144	0.26325	0.0	0.0	0.00116	0.0	0.05762	0.00489	0.00144	0.0	0.0	0.00091	0.00306	0.06229	0.00296	0.22504	0.00306	0.0	0.0	0.0	0.00051	0.0056	0.00106	0.00129	0.00089	0.0015	0.00243	0.00071	0.0	0.00145	0.00369	0.00085	0.00078	0.00285	0.00222	0.1062	0.00088	0.0	0.0009	0.00136	0.00087	0.0009	0.00161	0.0	0.00174	0.0	0.0	0.00119	0.0	0.0009	0.0	0.00074	0.0	0.00144	0.0	0.00303	0.00112	0.00415	0.0	0.00088	0.0	0.0007	0.05281	0.00103	0.0	0.00141	0.00225	0.0	0.0	0.00051	0.00088	0.00074	0.0009	0.00348	0.0	0.0	0.0	0.0	0.00135	0.04142	0.00011	0.00027	5e-05	0.0	0.0	0.0	0.0	0.00193	0.00134	0.0	0.0	0.0	0.12539	0.00106	0.00178	0.00178	0.00178	0.00097	0.00192	0.01091	0.0011	0.0022	0.00097	0.0038	0.01984	0.00655	0.0023	0.00329	0.00125	0.2034	0.0	0.00034	0.0	0.0	0.00114	0.00277	0.00178	0.00097	0.03319	0.00338	0.0	0.00185	0.05505	0.0	0.0	0.00097	0.00113	0.0	0.00142	0.00142	0.00356	0.0	0.0	0.0086	0.00191	0.0	0.00097	0.00183	0.0	0.00132	0.00158	0.0	0.0027	0.00068	0.00238	0.00238	0.00183	0.00238	0.0	0.0	0.0072	0.00503	0.00423	0.0	0.00178	0.0009	0.0033	0.00116	0.0	0.10046	0.00137	0.0	0.00151	0.00147	0.00045	0.00068	0.00356	0.00141	0.00178	0.00142	0.00136	0.00239	0.00143	0.15636	0.00074	0.00382	0.00179	
0.09463	0.22935	0.24383	0.0	0.0	0.01133	0.32167	1.00048	0.15551	0.51377	0.17885	0.00972	0.01645	0.06673	0.0	0.01288	0.44646	0.0	0.01291	0.51573	0.00049	0.00049	0.01613	1.00079	0.3221	0.01132	0.01291	0.00049	1.00079	0.00709	0.01828	0.28396	0.03843	0.47651	0.01828	0.0	0.0	0.0	0.00949	0.01432	0.00634	0.02043	0.01722	0.02282	0.03531	0.0286	0.00328	0.02656	0.06478	0.04144	0.0246	0.02429	0.04854	0.30037	0.01104	1.00079	0.01201	0.01881	0.01377	0.01592	0.02505	0.00049	0.02849	0.00049	0.00049	0.01184	0.00049	0.01201	1.00079	0.01035	0.00049	0.01291	0.00049	0.01688	0.01133	0.01158	0.00049	0.01104	0.00049	0.015	0.2786	0.01367	0.04409	0.00666	0.02642	0.0	0.00223	0.00949	0.01104	0.01035	0.01201	0.02499	0.00223	0.00223	0.00394	0.00394	0.01005	0.25612	0.12116	0.20321	0.10385	0.0	0.0	0.0	0.0	0.02544	0.00996	0.00249	0.0	0.0	0.33641	0.00634	0.01295	0.01295	0.01873	0.01035	0.01617	0.08972	0.00904	0.01912	0.01144	0.0376	0.13589	0.06731	0.03704	0.02701	0.00542	0.45216	0.0	0.19322	0.00049	0.00049	0.01105	0.02185	0.01295	0.01035	0.03435	0.01313	0.00049	0.01873	0.32242	0.0	0.0	0.01035	0.0071	0.00049	0.01136	0.01136	0.01702	0.00049	1.00079	0.44411	0.01634	0.00049	0.01035	0.01396	0.00049	0.00712	0.01718	0.00049	0.02219	0.01931	0.01513	0.01513	0.01337	0.01513	0.00223	0.00049	0.02893	0.02645	0.01938	0.00049	0.01295	0.021	0.02114	0.01202	0.00049	0.36261	0.01482	0.0	0.02282	0.0222	0.01963	0.00947	0.01702	0.00666	0.01295	0.01136	0.01672	0.01997	0.02224	0.44641	0.03039	0.04619	0.02335	
0.02022	0.01418	1.00035	0.00073	0.01133	0.0	0.01842	0.01133	0.02664	0.01612	0.03868	0.00607	0.01732	0.05719	0.00502	0.01345	0.07344	0.00073	0.01348	0.01571	0.00012	0.00012	0.01708	0.01148	0.01875	0.01167	0.01348	0.00012	0.01148	0.33858	0.01928	0.05583	0.04109	0.01689	0.01928	0.0	0.0	0.0	0.00979	0.18066	0.00638	0.02163	0.01815	0.02431	0.01092	0.03056	0.00129	0.02826	0.0697	0.04435	0.02611	0.02593	0.06385	0.03564	0.01147	0.01148	0.01251	0.02	0.18701	0.01686	0.02662	0.00012	0.03034	0.00012	0.00012	0.01233	0.00012	0.01251	0.01148	0.01072	0.00012	0.01348	0.00012	0.01775	0.99975	0.01201	0.00012	0.01147	0.00012	0.01586	0.01937	0.01432	0.04134	0.00672	0.04237	0.0	0.00067	0.00979	0.01147	0.01072	0.01251	0.02665	0.00067	0.00067	0.05554	0.05554	0.03365	0.02291	0.0338	0.01812	0.0255	0.0	0.0	0.0	0.0	0.02692	0.00898	0.00082	0.0	0.0	0.02679	0.00638	0.01353	0.01353	0.01992	0.01071	0.01701	0.0358	0.00935	0.0202	0.01196	0.04027	0.04337	0.04453	0.10131	0.13636	0.0054	0.01925	0.0	0.02212	0.00012	0.00012	0.01147	0.02328	0.01353	0.01071	0.03437	0.01373	0.00012	0.01978	0.01899	0.0	0.0	0.01071	0.33859	0.00012	0.9998	0.9998	0.0179	0.00012	0.01148	0.01081	0.05517	0.00012	0.01071	0.12459	0.00012	0.33861	0.01823	0.00012	0.02301	0.02006	0.01525	0.01525	1.0004	0.01525	0.00067	0.00012	0.03032	0.02748	0.02043	0.00012	0.01353	0.02228	0.02246	0.01252	0.00012	0.01625	0.01555	0.0	0.02421	0.02367	0.02076	0.00976	0.0179	0.00672	0.01353	0.9998	0.01769	0.20204	0.02359	0.07341	0.03262	0.08981	0.02489	
0.03455	0.0417	0.04187	0.06185	0.32167	0.01842	0.0	0.32167	0.19454	0.80946	0.07771	0.01536	0.02778	0.10325	0.01114	0.02124	0.14174	0.06185	0.02126	0.22571	0.00108	0.00108	0.02833	0.32183	1.00238	0.307	0.02126	0.00108	0.32183	0.01104	0.07214	0.11077	0.07032	0.21596	0.07214	0.0	0.0	0.0	0.01513	0.01878	0.00979	0.03541	0.0293	0.04108	0.06764	0.05244	0.00562	0.04719	0.0051	0.07866	0.04484	0.04709	0.00381	0.17747	0.01791	0.32183	0.01966	0.03365	0.02366	0.02796	0.04428	0.00108	0.05093	0.00108	0.00108	0.01934	0.00108	0.01966	0.32183	0.01667	0.00108	0.02126	0.00108	0.08875	0.01842	0.27925	0.00108	0.01791	0.00108	0.02612	0.07852	0.0227	0.02876	0.01029	0.03606	0.0	0.05353	0.01513	0.01791	0.01667	0.01966	0.17531	0.05353	0.05353	0.04543	0.04543	0.03597	0.2797	0.24007	0.40258	0.20583	0.0	0.0	0.0	0.0	0.03778	0.03621	0.00439	0.0	0.0	0.1816	0.00979	0.0213	0.0213	0.03347	0.01667	0.02727	0.01395	0.01474	0.03281	0.01912	0.07013	0.07772	0.021	0.03629	0.02881	0.0083	0.20996	0.0	0.03216	0.00108	0.00108	0.01792	0.07729	0.0213	0.01667	0.04103	0.24029	0.00108	0.03212	1.00277	0.0	0.0	0.01667	0.01105	0.00108	0.01844	0.01844	0.08888	0.00108	0.32183	0.04868	0.02759	0.00108	0.01667	0.02328	0.00108	0.01106	0.03039	0.00108	0.04125	0.03565	0.0387	0.0387	0.03862	0.0387	0.05353	0.00108	0.04637	0.04077	0.065	0.00108	0.0213	0.03685	0.18332	0.01967	0.00108	0.1396	0.0248	0.0	0.03999	0.04024	0.03383	0.01512	0.08888	0.01029	0.0213	0.01844	0.02912	0.06234	0.03888	0.14171	0.05764	0.09207	0.04214	
0.09463	0.22935	0.24383	0.0	1.00048	0.01133	0.32167	0.0	0.15551	0.51377	0.17885	0.00972	0.01645	0.06673	0.0	0.01288	0.44646	0.0	0.01291	0.51573	0.00049	0.00049	0.01613	1.00079	0.3221	0.01132	0.01291	0.00049	1.00079	0.00709	0.01828	0.28396	0.03843	0.47651	0.01828	0.0	0.0	0.0	0.00949	0.01432	0.00634	0.02043	0.01722	0.02282	0.03531	0.0286	0.00328	0.02656	0.06478	0.04144	0.0246	0.02429	0.04854	0.30037	0.01104	1.00079	0.01201	0.01881	0.01377	0.01592	0.02505	0.00049	0.02849	0.00049	0.00049	0.01184	0.00049	0.01201	1.00079	0.01035	0.00049	0.01291	0.00049	0.01688	0.01133	0.01158	0.00049	0.01104	0.00049	0.015	0.2786	0.01367	0.04409	0.00666	0.02642	0.0	0.00223	0.00949	0.01104	0.01035	0.01201	0.02499	0.00223	0.00223	0.00394	0.00394	0.01005	0.25612	0.12116	0.20321	0.10385	0.0	0.0	0.0	0.0	0.02544	0.00996	0.00249	0.0	0.0	0.33641	0.00634	0.01295	0.01295	0.01873	0.01035	0.01617	0.08972	0.00904	0.01912	0.01144	0.0376	0.13589	0.06731	0.03704	0.02701	0.00542	0.45216	0.0	0.19322	0.00049	0.00049	0.01105	0.02185	0.01295	0.01035	0.03435	0.01313	0.00049	0.01873	0.32242	0.0	0.0	0.01035	0.0071	0.00049	0.01136	0.01136	0.01702	0.00049	1.00079	0.44411	0.01634	0.00049	0.01035	0.01396	0.00049	0.00712	0.01718	0.00049	0.02219	0.01931	0.01513	0.01513	0.01337	0.01513	0.00223	0.00049	0.02893	0.02645	0.01938	0.00049	0.01295	0.021	0.02114	0.01202	0.00049	0.36261	0.01482	0.0	0.02282	0.0222	0.01963	0.00947	0.01702	0.00666	0.01295	0.01136	0.01672	0.01997	0.02224	0.44641	0.03039	0.04619	0.02335	
0.05859	0.04159	0.03986	0.02114	0.15551	0.02664	0.19454	0.15551	0.0	0.28837	0.31369	0.01469	0.04363	0.42919	0.41443	0.21316	0.07868	0.02114	0.21318	0.28576	0.00021	0.00021	0.33647	0.1556	0.19475	0.17098	0.21318	0.00021	0.1556	0.01435	0.06522	0.19595	0.131	0.14247	0.06522	0.0	0.0	0.0	0.02099	0.02307	0.0124	0.05843	0.04659	0.05623	0.15159	0.13015	0.04398	0.08209	0.0645	0.16108	0.08431	0.07148	0.094	0.12833	0.02576	0.1556	0.02882	0.12792	0.03793	0.04693	0.06242	0.00021	0.05069	0.00021	0.00021	0.02825	0.00021	0.02882	0.1556	0.16778	0.00021	0.21318	0.00021	0.48512	0.02664	0.1648	0.00021	0.02576	0.00021	0.04305	0.05275	0.09307	0.01387	0.01314	0.36679	0.0	0.02495	0.02099	0.02576	0.16778	0.02882	0.16716	0.02495	0.02495	0.02235	0.02235	0.03215	0.68119	0.08144	0.61318	0.06625	0.0	0.0	0.0	0.0	0.09077	0.0322	0.00283	0.0	0.0	0.15683	0.0124	0.2132	0.2132	0.18468	0.16778	0.12211	0.0492	0.02111	0.09055	0.15779	0.2121	0.10723	0.07935	0.18535	0.07895	0.01012	0.14514	0.0	0.46943	0.00021	0.00021	0.02576	0.08803	0.2132	0.16778	0.17246	0.15762	0.00021	0.2304	0.19491	0.0	0.0	0.16778	0.01435	0.00021	0.02665	0.02665	0.48523	0.00021	0.1556	0.03116	0.11961	0.00021	0.16778	0.05459	0.00021	0.01436	0.18583	0.00021	0.10604	0.05928	0.26834	0.26834	0.04319	0.26834	0.02495	0.00021	0.07619	0.12235	0.23232	0.00021	0.2132	0.18541	0.15925	0.02883	0.00021	0.0906	0.08218	0.0	0.05201	0.16021	0.05701	0.02098	0.48523	0.01314	0.2132	0.02665	0.04822	0.25536	0.06529	0.07866	0.08711	0.11766	0.06972	
0.08943	0.13797	0.14125	0.26701	0.51377	0.01612	0.80946	0.51377	0.28837	0.0	0.17081	0.01226	0.02475	0.19184	0.28036	0.0187	0.28792	0.26701	0.01872	0.35623	0.00091	0.00091	0.0257	0.51394	0.8099	0.49911	0.01872	0.00091	0.51394	0.00946	0.19599	0.21871	0.06417	0.33981	0.19599	0.0	0.0	0.0	0.01313	0.01628	0.00835	0.03183	0.02616	0.03757	0.06319	0.04861	0.00455	0.04279	0.08557	0.0729	0.04159	0.13155	0.08383	0.26732	0.01566	0.51394	0.01725	0.03076	0.02123	0.02535	0.04008	0.00091	0.04626	0.00091	0.00091	0.01696	0.00091	0.01725	0.51394	0.01453	0.00091	0.01872	0.00091	0.21927	0.01612	0.45316	0.00091	0.01566	0.00091	0.02359	0.20238	0.02005	0.02328	0.00879	0.08912	0.0	0.23677	0.01313	0.01566	0.01453	0.01725	0.27298	0.23677	0.23677	0.23093	0.23093	0.15185	0.36389	0.24004	0.40253	0.2058	0.0	0.0	0.0	0.0	0.08186	0.15201	0.00357	0.0	0.0	0.27883	0.00835	0.01876	0.01876	0.03059	0.01452	0.02427	0.09623	0.01291	0.02941	0.01695	0.06538	0.14917	0.08808	0.09442	0.11415	0.00704	0.33104	0.0	0.12972	0.00091	0.00091	0.01566	0.16805	0.01876	0.01452	0.03621	0.38788	0.00091	0.02877	0.81022	0.0	0.0	0.01452	0.00947	0.00091	0.01614	0.01614	0.2194	0.00091	0.51394	0.17704	0.02456	0.00091	0.01452	0.02024	0.00091	0.00948	0.02766	0.00091	0.10932	0.09399	0.1229	0.1229	0.1288	0.1229	0.23677	0.00091	0.04225	0.15533	0.18573	0.00091	0.01876	0.03378	0.28869	0.01726	0.00091	0.26094	0.02199	0.0	0.03609	0.03694	0.03075	0.01312	0.2194	0.00879	0.01876	0.01614	0.02629	0.15078	0.03506	0.2879	0.05401	0.08671	0.03858	
0.14189	0.15318	0.06041	0.03209	0.17885	0.03868	0.07771	0.17885	0.31369	0.17081	0.0	7e-05	0.15202	0.86564	0.07287	0.22892	0.09566	0.03209	0.22934	0.45349	7e-05	7e-05	0.34548	0.17924	0.07839	0.03672	0.22934	7e-05	0.17924	0.02063	0.04828	0.32721	0.12245	0.26349	0.04828	0.0	0.0	0.0	0.1332	0.02884	0.01783	0.12304	0.15619	0.12137	0.20457	0.25717	0.06196	0.11146	0.01083	0.14314	0.10784	0.16982	0.02322	0.47232	0.08515	0.17924	0.09714	0.2209	0.10174	0.19025	0.54336	7e-05	0.11607	7e-05	7e-05	0.04144	7e-05	0.09714	0.17924	0.16644	7e-05	0.22934	7e-05	0.07072	0.03897	0.03995	7e-05	0.08515	7e-05	0.21766	0.19353	0.08997	0.01248	0.01904	0.39558	0.0	0.00203	0.1332	0.08515	0.16644	0.09714	0.09554	0.00203	0.00203	0.0056	0.0056	0.03011	0.22952	0.07254	0.28328	0.17296	0.0	0.0	0.0	0.0	0.51095	0.02977	0.00252	0.0	0.0	0.33861	0.01783	0.22962	0.22962	0.2323	0.16662	0.13207	0.09411	0.03071	0.10103	0.15922	0.28694	0.19542	0.11468	0.19204	0.08809	0.01456	0.17867	0.0	0.27773	7e-05	7e-05	0.08418	0.07954	0.22962	0.16662	0.18266	0.05024	7e-05	0.22909	0.07883	0.0	0.0	0.16662	0.02072	7e-05	0.03916	0.03916	0.0711	7e-05	0.17924	0.04346	0.12951	7e-05	0.16662	0.07981	7e-05	0.0208	0.31214	7e-05	0.23484	0.11826	0.23037	0.23037	0.04778	0.23037	0.00203	7e-05	0.20018	0.08402	0.10468	7e-05	0.22962	0.22917	0.18131	0.09605	7e-05	0.11135	0.08003	0.0	0.175	0.17234	0.06624	0.13334	0.0711	0.01904	0.22962	0.03916	0.05459	0.17324	0.10347	0.09557	0.15501	0.27068	0.13126	
0.18514	0.0	0.00766	0.0	0.00972	0.00607	0.01536	0.00972	0.01469	0.01226	7e-05	0.0	0.07925	0.49215	0.0	0.00713	0.01152	0.0	0.00835	0.00922	0.0	0.0	0.00799	0.01106	0.01723	0.01427	0.00835	0.0	0.01106	0.00552	0.06048	0.01015	0.08844	0.30041	0.06048	0.0	0.0	0.0	0.0049	0.00061	0.00571	0.86562	0.09573	0.05683	0.03574	0.04027	0.0	0.16096	0.00164	0.04993	0.1261	0.21182	0.0267	0.09548	0.0	0.01106	0.0	0.21313	0.4616	0.0	0.01449	0.0	0.11942	0.0	0.0	0.00746	0.0	0.0	0.01106	0.00586	0.0	0.00835	0.0	0.01302	0.00715	0.0126	0.0	0.0	0.0	0.33854	0.06017	0.00752	0.0	0.0066	0.00654	0.0	0.0	0.0049	0.0	0.00586	0.0	0.01621	0.0	0.0	0.0	0.0	0.00773	0.01711	0.03827	0.01344	0.03617	0.0	0.0	0.0	0.0	0.21775	0.00767	0.0	0.0	0.0	0.14395	0.00571	0.00915	0.00915	0.05474	0.00649	0.01044	0.05596	0.0061	0.01209	0.00639	0.03472	0.03085	0.03495	0.26726	0.02794	0.0059	0.01276	0.0	0.01678	0.0	0.0	0.0	0.05675	0.00915	0.00649	0.03855	0.01133	0.0	0.01114	0.01846	0.0	0.0	0.00649	0.00607	0.0	0.00787	0.00787	0.01408	0.0	0.01106	0.00031	0.01049	0.0	0.00649	0.01013	0.0	0.00653	0.24652	0.0	0.02438	0.21633	0.01163	0.01163	0.00982	0.01163	0.0	0.0	0.22008	0.00838	0.01624	0.0	0.00915	0.05106	0.59221	0.0	0.0	0.01083	0.00872	0.0	0.02246	0.01414	0.04317	0.00546	0.01408	0.0066	0.00915	0.00787	0.00887	0.01187	0.41139	0.01126	0.153	0.03485	0.01478	
0.03255	0.0208	0.01944	0.00048	0.01645	0.01732	0.02778	0.01645	0.04363	0.02475	0.15202	0.07925	0.0	0.70595	0.17352	0.02004	0.02286	0.00048	0.02007	0.02433	0.00022	0.00022	0.02689	0.01658	0.02807	0.01647	0.02007	0.00022	0.01658	0.01012	0.02948	0.02905	0.01098	0.02638	0.02948	0.0	0.0	0.0	0.27497	0.01784	0.00889	0.07227	0.05736	0.03909	0.02251	0.2543	0.00102	0.29326	0.11907	0.12575	0.10338	0.11968	0.08739	0.16767	0.35861	0.01658	0.01851	0.03199	0.02239	0.23561	0.01806	0.00022	0.02972	0.00022	0.00022	0.01821	0.00022	0.01851	0.01658	0.01562	0.00022	0.02007	0.00022	0.02692	0.01732	0.01733	0.00022	0.35861	0.00022	0.18425	0.02978	0.02146	0.02873	0.00938	0.05661	0.0	0.00042	0.27497	0.35861	0.01562	0.01851	0.04306	0.00042	0.00042	0.00146	0.00146	0.01227	0.0352	0.34238	0.02674	0.64368	0.0	0.0	0.0	0.0	0.29104	0.01218	0.00056	0.0	0.0	0.27365	0.00889	0.02011	0.02011	0.12393	0.01561	0.02586	0.01825	0.01375	0.0312	0.01801	0.13875	0.04929	0.1244	0.0623	0.04617	0.00743	0.03014	0.0	0.03277	0.00022	0.00022	0.35861	0.05914	0.02011	0.01561	0.03919	0.02053	0.00022	0.03053	0.02827	0.0	0.0	0.01561	0.01013	0.00022	0.01734	0.01734	0.02704	0.00022	0.01658	0.01294	0.02617	0.00022	0.01561	0.01978	0.00022	0.01014	0.02886	0.00022	0.07949	0.23046	0.02249	0.02249	0.01936	0.02249	0.00042	0.00022	0.33267	0.04268	0.03116	0.00022	0.02011	0.09957	0.07638	0.01852	0.00022	0.02513	0.02349	0.0	0.02496	0.35115	0.08621	0.27495	0.02704	0.00938	0.02011	0.01734	0.06029	0.03432	0.05832	0.02283	0.15591	0.11181	0.04011	
0.6433	0.53603	0.05648	0.00031	0.06673	0.05719	0.10325	0.06673	0.42919	0.19184	0.86564	0.49215	0.70595	0.0	0.00031	0.09332	0.1049	0.00031	0.09159	0.18152	0.00031	0.00031	0.19976	0.06549	0.10378	0.14741	0.09159	0.00031	0.06549	0.07856	0.36616	0.20907	0.19291	0.60328	0.36616	0.0	0.0	0.0	0.18425	0.05753	0.03144	0.44103	0.43616	0.36781	0.24183	0.51666	0.00031	0.82222	0.36844	0.61936	0.61871	0.19753	0.40808	0.47743	0.24439	0.06549	0.5462	0.65034	0.51344	0.67529	0.36173	0.00031	0.20616	0.00031	0.00031	0.0808	0.00031	0.5462	0.06549	0.13613	0.00031	0.09159	0.00031	0.33084	0.05743	0.15357	0.00031	0.24439	0.00031	0.61946	0.49148	0.11059	0.01097	0.033	0.27784	0.0	0.01447	0.18425	0.24439	0.13613	0.5462	0.30221	0.01447	0.01447	0.05068	0.05068	0.08795	0.18235	0.47066	0.11556	0.81681	0.0	0.0	0.0	0.0	0.55481	0.05178	0.00031	0.0	0.0	0.91734	0.03144	0.09053	0.09053	0.28539	0.13694	0.12868	0.38559	0.05968	0.16616	0.15108	0.83409	0.64581	0.68149	1.47452	0.21585	0.02483	0.17515	0.0	0.1137	0.00031	0.00031	0.24538	0.43439	0.09053	0.13694	0.1207	0.17152	0.00031	0.09821	0.10413	0.0	0.0	0.13694	0.07905	0.00031	0.05758	0.05758	0.33266	0.00031	0.06549	0.04721	0.06089	0.00031	0.13694	0.05702	0.00031	0.03663	0.62656	0.00031	0.20641	0.34102	0.10693	0.10693	0.10388	0.10693	0.01447	0.00031	0.90284	0.32585	0.10012	0.00031	0.09053	0.27428	0.47647	0.54754	0.00031	0.13808	0.10582	0.0	0.24279	0.60812	0.22669	0.18499	0.33266	0.033	0.09053	0.05758	0.1703	0.4001	0.42059	0.05665	0.8073	0.57035	0.52	
0.334	0.11155	0.00206	0.0	0.0	0.00502	0.01114	0.0	0.41443	0.28036	0.07287	0.0	0.17352	0.00031	0.0	0.0	0.0	0.0	0.0	0.25531	0.0	0.0	0.31114	0.0	0.01274	0.14535	0.0	0.0	0.0	0.09386	0.22477	0.33965	0.02111	0.25101	0.22477	0.0	0.0	0.0	0.10628	0.00644	0.0	0.16212	0.19123	0.22893	0.41679	0.26632	0.0	0.23008	0.04006	0.02005	0.07999	0.09225	0.04897	0.75131	0.1238	0.0	0.13265	0.34861	0.13174	0.15357	0.04563	0.0	0.22362	0.0	0.0	0.0	0.0	0.13265	0.0	0.11636	0.0	0.0	0.0	0.20348	0.00599	0.16405	0.0	0.1238	0.0	0.14074	0.01917	0.03818	0.0	0.0	0.28728	0.0	0.0	0.10628	0.1238	0.11636	0.13265	0.61576	0.0	0.0	0.0	0.0	0.0	0.0	0.14921	0.0	0.30503	0.0	0.0	0.0	0.0	0.11205	0.0	0.0	0.0	0.0	0.37239	0.0	0.0	0.0	0.23423	0.11886	0.0	0.05716	0.0	0.0	0.16212	0.24785	0.17158	0.09936	0.1826	0.00413	0.0	0.0	0.0	0.0	0.0	0.0	0.12644	0.1687	0.0	0.11886	0.0	0.2186	0.0	0.0003	0.01381	0.0	0.0	0.11886	0.09589	0.0	0.00665	0.00665	0.20739	0.0	0.0	0.0	0.0204	0.0	0.11886	0.00429	0.0	0.0	0.2993	0.0	0.00949	0.35932	0.0	0.0	0.01621	0.0	0.0	0.0	0.35071	0.00017	0.00162	0.0	0.0	0.20429	0.24566	0.13543	0.0	0.0	0.02357	0.0	0.3018	0.12981	0.07609	0.10858	0.20739	0.0	0.0	0.00665	0.06306	0.13997	0.12342	0.00276	0.33314	0.05804	0.07831	
0.02399	0.01638	0.01539	0.00097	0.01288	0.01345	0.02124	0.01288	0.21316	0.0187	0.22892	0.00713	0.02004	0.09332	0.0	0.0	0.01757	0.00097	0.99981	0.01829	9e-05	9e-05	0.56415	0.01302	0.02155	0.01311	0.99981	9e-05	0.01302	0.00807	0.02235	0.02158	0.04872	0.01973	0.02235	0.0	0.0	0.0	0.01109	0.01542	0.00713	0.02524	0.02106	0.0287	0.2962	0.24375	0.0	0.03324	0.05735	0.05311	0.03091	0.03073	0.07665	0.04249	0.01309	0.01302	0.01433	0.35087	0.01688	0.01976	0.21588	9e-05	0.03575	9e-05	9e-05	0.01411	9e-05	0.01433	0.01302	0.0122	9e-05	0.99981	9e-05	0.02052	0.01345	0.01361	9e-05	0.01309	9e-05	0.01853	0.02251	0.01648	0.03614	0.00751	0.46169	0.0	0.00089	0.01109	0.01309	0.0122	0.01433	0.18433	0.00089	0.00089	0.00213	0.00213	0.01039	0.35076	0.03995	1.00354	0.03026	0.0	0.0	0.0	0.0	0.19438	0.01031	0.00107	0.0	0.0	0.03175	0.00713	0.9999	0.9999	0.48203	0.0122	0.50437	0.04257	0.01068	0.35378	0.01378	0.31102	0.05248	0.05323	0.04558	0.16714	0.00599	0.02258	0.0	1.00835	9e-05	9e-05	0.01309	0.02751	0.9999	0.0122	0.73601	0.01578	9e-05	0.36661	0.02178	0.0	0.0	0.0122	0.00808	9e-05	0.01348	0.01348	0.02065	9e-05	0.01302	0.01164	0.49215	9e-05	0.0122	0.34733	9e-05	0.00809	0.52546	9e-05	0.34159	0.02353	1.00081	1.00081	0.01533	1.00081	0.00089	9e-05	0.03449	0.27006	0.36426	9e-05	0.9999	0.4568	0.02639	0.01434	9e-05	0.01891	0.01795	0.0	0.02836	0.028	0.02417	0.01107	0.02065	0.00751	0.9999	0.01348	0.02068	0.02513	0.02761	0.01754	0.12871	0.08775	0.20049	
0.04062	0.06493	0.41369	0.15508	0.44646	0.07344	0.14174	0.44646	0.07868	0.28792	0.09566	0.01152	0.02286	0.1049	0.0	0.01757	0.0	0.16252	0.01695	0.28868	0.00024	0.00024	0.02226	0.44723	0.14281	0.01397	0.01695	0.00024	0.44723	0.00877	0.02446	0.59214	0.05414	0.27297	0.02446	0.0	0.0	0.0	0.01216	0.01487	0.00773	0.02798	0.02332	0.03202	0.0512	0.04192	0.00279	0.03698	0.09903	0.06247	0.03558	0.03419	0.00603	0.20106	0.01434	0.44723	0.01573	0.02628	0.01872	0.02201	0.03473	0.00024	0.03977	0.00024	0.00024	0.01545	0.00024	0.01573	0.44723	0.01336	0.00024	0.01695	0.00024	0.02241	0.07409	0.01461	0.00024	0.01434	0.00024	0.02064	0.1205	0.01812	0.03299	0.00812	0.03047	0.0	0.00176	0.01216	0.01434	0.01336	0.01573	0.03492	0.00176	0.00176	0.00344	0.00344	0.01199	0.10667	0.05089	0.05751	0.04263	0.0	0.0	0.0	0.0	0.03615	0.01189	0.00201	0.0	0.0	0.21442	0.00773	0.01695	0.01695	0.02609	0.01334	0.02161	0.02394	0.01169	0.02588	0.01519	0.05372	0.08472	0.02512	0.03181	0.01023	0.00648	0.26239	0.0	0.05058	0.00024	0.00024	0.01432	0.03055	0.01695	0.01334	0.03699	0.01714	0.00024	0.02538	0.14301	0.0	0.0	0.01334	0.00876	0.00024	0.07408	0.07408	0.02249	0.00024	0.44723	0.09413	0.02186	0.00024	0.01334	0.01774	0.00024	0.22212	0.02378	0.00024	0.02989	0.0266	0.01956	0.01956	0.07212	0.01956	0.00176	0.00024	0.03324	0.03554	0.02577	0.00024	0.01695	0.02991	0.02918	0.01571	0.00024	0.18797	0.01973	0.0	0.03146	0.03129	0.028	0.01212	0.02249	0.00812	0.01695	0.07408	0.02292	0.02387	0.03062	0.20437	0.04575	0.03387	0.03277	
2e-05	0.00013	0.00011	0.0	0.0	0.00073	0.06185	0.0	0.02114	0.26701	0.03209	0.0	0.00048	0.00031	0.0	0.00097	0.16252	0.0	0.00089	0.26724	0.0	0.0	0.00066	0.0	0.06208	0.00388	0.00089	0.0	0.0	0.00057	0.00211	0.06528	0.00162	0.22832	0.00211	0.0	0.0	0.0	0.00027	0.00113	0.0007	0.00068	0.00044	0.00082	0.00129	0.00125	0.0	0.00072	0.00545	0.00196	0.00105	0.00186	0.00393	0.10717	0.0005	0.0	0.0005	0.00077	0.00046	0.00047	0.00085	0.0	0.0009	0.0	0.0	0.00072	0.0	0.0005	0.0	0.00041	0.0	0.00089	0.0	0.00212	0.00067	0.00326	0.0	0.0005	0.0	0.00034	0.0572	0.00058	0.0	0.00097	0.00129	0.0	0.0	0.00027	0.0005	0.00041	0.0005	0.0024	0.0	0.0	0.0	0.0	0.00086	0.0457	7e-05	0.00011	7e-05	0.0	0.0	0.0	0.0	0.00108	0.00086	0.0	0.0	0.0	0.12688	0.0007	0.00116	0.00116	0.00109	0.00057	0.00122	0.00596	0.00069	0.0014	0.00056	0.00284	0.0213	0.00539	0.0023	0.00246	0.00087	0.20622	0.0	0.00012	0.0	0.0	0.00069	0.00185	0.00116	0.00057	0.03301	0.00259	0.0	0.00113	0.0594	0.0	0.0	0.00057	0.00074	0.0	0.0009	0.0009	0.00256	0.0	0.0	0.01006	0.00121	0.0	0.00057	0.00116	0.0	0.00089	0.00097	0.0	0.00171	0.00047	0.00159	0.00159	0.00118	0.00159	0.0	0.0	0.00121	0.00352	0.00308	0.0	0.00116	0.00147	0.00237	0.00069	0.0	0.10426	0.00081	0.0	0.00081	0.0008	0.00145	0.00038	0.00256	0.00097	0.00116	0.0009	0.00079	0.00159	0.00076	0.16384	0.0015	0.00204	0.00102	
0.02414	0.01663	0.01564	0.00144	0.01291	0.01348	0.02126	0.01291	0.21318	0.01872	0.22934	0.00835	0.02007	0.09159	0.0	0.99981	0.01695	0.00089	0.0	0.01771	9e-05	9e-05	0.56414	0.01253	0.02062	0.01253	0.99976	9e-05	0.01253	0.00787	0.02153	0.02088	0.0469	0.01909	0.02153	0.0	0.0	0.0	0.01087	0.01322	0.00694	0.02454	0.02055	0.02783	0.29482	0.23719	0.0	0.03226	0.05488	0.05346	0.03057	0.02959	0.0728	0.04094	0.01276	0.01253	0.01398	0.35137	0.01645	0.01924	0.21703	9e-05	0.03464	9e-05	9e-05	0.01372	9e-05	0.01398	0.01253	0.01192	9e-05	0.99976	9e-05	0.01976	0.01309	0.01303	9e-05	0.01276	9e-05	0.01809	0.02175	0.01605	0.03662	0.00729	0.46093	0.0	0.00082	0.01087	0.01276	0.01192	0.01398	0.18489	0.00082	0.00082	0.00199	0.00199	0.01002	0.35175	0.03835	1.00314	0.02917	0.0	0.0	0.0	0.0	0.19509	0.00994	0.00099	0.0	0.0	0.03071	0.00694	0.99978	0.99978	0.48162	0.01189	0.50543	0.04338	0.01038	0.35484	0.01342	0.30968	0.04995	0.05083	0.04618	0.16798	0.00582	0.02172	0.0	1.00761	9e-05	9e-05	0.01274	0.0265	0.99978	0.01189	0.73731	0.01517	9e-05	0.36773	0.0208	0.0	0.0	0.01189	0.00786	9e-05	0.01309	0.01309	0.01985	9e-05	0.01253	0.01184	0.49321	9e-05	0.01189	0.34589	9e-05	0.00786	0.52525	9e-05	0.34272	0.02306	1.00054	1.00054	0.01481	1.00054	0.00082	9e-05	0.02888	0.27091	0.36506	9e-05	0.99978	0.43309	0.02542	0.01395	9e-05	0.01823	0.01744	0.0	0.02753	0.02715	0.02439	0.01083	0.01985	0.00729	0.99978	0.01309	0.02007	0.02425	0.02681	0.01693	0.11788	0.08805	0.2014	
0.08767	0.13541	0.13863	0.26325	0.51573	0.01571	0.22571	0.51573	0.28576	0.35623	0.45349	0.00922	0.02433	0.18152	0.25531	0.01829	0.28868	0.26724	0.01771	0.0	0.00026	0.00026	0.31956	0.51548	0.226	0.0142	0.01771	0.00026	0.51548	0.0087	0.02631	0.65283	0.06108	0.33971	0.02631	0.0	0.0	0.0	0.01234	0.01536	0.00761	0.03042	0.02499	0.12809	0.08442	0.04843	0.00204	0.04094	0.0842	0.07278	0.04107	0.03896	0.08159	0.32959	0.01477	0.51548	0.01632	0.02939	0.02022	0.02422	0.03831	0.00026	0.11533	0.00026	0.00026	0.01601	0.00026	0.01632	0.51548	0.49489	0.00026	0.01771	0.00026	0.21574	0.0152	0.01512	0.00026	0.01477	0.00026	0.02254	0.20272	0.28614	0.02303	0.00802	0.09511	0.0	0.00126	0.01234	0.01477	0.49489	0.01632	0.0396	0.00126	0.00126	0.00256	0.00256	0.01142	0.19114	0.112	0.12886	0.09619	0.0	0.0	0.0	0.0	0.04135	0.01133	0.00145	0.0	0.0	0.27744	0.00761	0.01771	0.01771	0.02917	0.49486	0.02304	0.09212	0.01208	0.02799	0.41404	0.0624	0.22843	0.08458	0.10037	0.04262	0.00631	0.33008	0.0	0.12591	0.00026	0.00026	0.01475	0.03457	0.01771	0.49486	0.03488	0.01825	0.00026	0.1835	0.22618	0.0	0.0	0.49486	0.0087	0.00026	0.01519	0.01519	0.21582	0.00026	0.51548	0.17691	0.02333	0.00026	0.49486	0.01793	0.00026	0.0087	0.02637	0.00026	0.03216	0.02905	0.02021	0.02021	0.01741	0.02021	0.00126	0.00026	0.0374	0.03856	0.02777	0.00026	0.01771	0.03378	0.03269	0.0163	0.00026	0.26119	0.25362	0.0	0.144	0.2766	0.03116	0.0123	0.21582	0.00802	0.01771	0.01519	0.02507	0.2635	0.03351	0.28866	0.05392	0.08167	0.03684	
2e-05	0.00013	0.00011	0.0	0.00049	0.00012	0.00108	0.00049	0.00021	0.00091	7e-05	0.0	0.00022	0.00031	0.0	9e-05	0.00024	0.0	9e-05	0.00026	0.0	0.0	7e-05	0.00047	0.00103	0.00132	9e-05	0.0	0.00047	0.0002	0.00023	0.00015	0.00011	0.00023	0.00023	0.0	0.0	0.0	0.00035	0.00012	0.00021	0.00015	0.00023	9e-05	0.0001	4e-05	0.0	0.00022	3e-05	0.0001	2e-05	0.00014	5e-05	0.00024	0.00017	0.00047	0.00017	6e-05	9e-05	0.0001	0.00014	0.0	0.00017	0.0	0.0	0.00011	0.0	0.00017	0.00047	0.00022	0.0	9e-05	0.0	0.00026	0.00012	0.00106	0.0	0.00017	0.0	0.00018	9e-05	0.00014	0.0	0.0002	7e-05	0.0	0.0	0.00035	0.00017	0.00022	0.00017	0.00042	0.0	0.0	0.0	0.0	0.00019	0.00024	7e-05	0.00011	7e-05	0.0	0.0	0.0	0.0	3e-05	0.00019	0.0	0.0	0.0	0.00023	0.00021	0.00011	0.00011	3e-05	0.00015	8e-05	9e-05	7e-05	7e-05	7e-05	0.00234	9e-05	5e-05	5e-05	0.00145	0.00025	0.00028	0.0	0.00012	0.0	0.0	0.00012	0.00017	0.00011	0.00015	0.03371	0.00079	0.0	6e-05	0.00134	0.0	0.0	0.00015	0.00018	0.0	0.0001	0.0001	0.00042	0.0	0.00047	0.01006	8e-05	0.0	0.00015	0.00011	0.0	0.00018	4e-05	0.0	8e-05	0.00116	0.00015	0.00015	0.00011	0.00015	0.0	0.0	0.00012	0.00043	0.00055	0.0	0.00011	4e-05	0.00058	0.00011	0.0	0.00025	9e-05	0.0	0.00013	6e-05	5e-05	0.00025	0.00042	0.0002	0.00011	0.0001	5e-05	0.00017	0.00014	0.00021	4e-05	0.00011	4e-05	
2e-05	0.00013	0.00011	0.0	0.00049	0.00012	0.00108	0.00049	0.00021	0.00091	7e-05	0.0	0.00022	0.00031	0.0	9e-05	0.00024	0.0	9e-05	0.00026	0.0	0.0	7e-05	0.00047	0.00103	0.00132	9e-05	0.0	0.00047	0.0002	0.00023	0.00015	0.00011	0.00023	0.00023	0.0	0.0	0.0	0.00035	0.00012	0.00021	0.00015	0.00023	9e-05	0.0001	4e-05	0.0	0.00022	3e-05	0.0001	2e-05	0.00014	5e-05	0.00024	0.00017	0.00047	0.00017	6e-05	9e-05	0.0001	0.00014	0.0	0.00017	0.0	0.0	0.00011	0.0	0.00017	0.00047	0.00022	0.0	9e-05	0.0	0.00026	0.00012	0.00106	0.0	0.00017	0.0	0.00018	9e-05	0.00014	0.0	0.0002	7e-05	0.0	0.0	0.00035	0.00017	0.00022	0.00017	0.00042	0.0	0.0	0.0	0.0	0.00019	0.00024	7e-05	0.00011	7e-05	0.0	0.0	0.0	0.0	3e-05	0.00019	0.0	0.0	0.0	0.00023	0.00021	0.00011	0.00011	3e-05	0.00015	8e-05	9e-05	7e-05	7e-05	7e-05	0.00234	9e-05	5e-05	5e-05	0.00145	0.00025	0.00028	0.0	0.00012	0.0	0.0	0.00012	0.00017	0.00011	0.00015	0.03371	0.00079	0.0	6e-05	0.00134	0.0	0.0	0.00015	0.00018	0.0	0.0001	0.0001	0.00042	0.0	0.00047	0.01006	8e-05	0.0	0.00015	0.00011	0.0	0.00018	4e-05	0.0	8e-05	0.00116	0.00015	0.00015	0.00011	0.00015	0.0	0.0	0.00012	0.00043	0.00055	0.0	0.00011	4e-05	0.00058	0.00011	0.0	0.00025	9e-05	0.0	0.00013	6e-05	5e-05	0.00025	0.00042	0.0002	0.00011	0.0001	5e-05	0.00017	0.00014	0.00021	4e-05	0.00011	4e-05	
0.03541	0.02122	0.01978	0.00116	0.01613	0.01708	0.02833	0.01613	0.33647	0.0257	0.34548	0.00799	0.02689	0.19976	0.31114	0.56415	0.02226	0.00066	0.56414	0.31956	7e-05	7e-05	0.0	0.01569	0.02749	0.01542	0.56414	7e-05	0.01569	0.00933	0.02925	0.29431	0.06939	0.02678	0.02925	0.0	0.0	0.0	0.01338	0.0168	0.00811	0.03397	0.02774	0.12693	0.31765	0.21366	0.36798	0.04607	0.08409	0.08372	0.0468	0.04423	0.11361	0.09659	0.01613	0.01569	0.01789	0.27397	0.02247	0.02711	0.17627	7e-05	0.11576	7e-05	7e-05	0.01754	7e-05	0.01789	0.01569	0.44769	7e-05	0.56414	7e-05	0.20401	0.01662	0.01652	7e-05	0.01613	7e-05	0.02515	0.02966	0.26612	0.02069	0.00857	0.55498	0.0	0.0006	0.01338	0.01613	0.44769	0.01789	0.16172	0.0006	0.0006	0.00167	0.00167	0.01166	0.25585	0.05449	0.56743	0.0421	0.0	0.0	0.0	0.0	0.17299	0.01157	0.00074	0.0	0.0	0.0457	0.00811	0.56415	0.56415	0.36418	0.44766	0.33825	0.06571	0.01318	0.2571	0.38181	0.28444	0.13807	0.08161	0.10579	0.14976	0.00668	0.03074	0.0	0.57211	7e-05	7e-05	0.01611	0.03912	0.56415	0.44766	0.45513	0.02015	7e-05	0.8035	0.02763	0.0	0.0	0.44766	0.00932	7e-05	0.01661	0.01661	0.20409	7e-05	0.01569	0.0121	0.33193	7e-05	0.44766	0.19184	7e-05	0.00932	0.38445	7e-05	0.25074	0.03227	0.56479	0.56479	0.01873	0.56479	0.0006	7e-05	0.04227	0.20963	0.2629	7e-05	0.56415	0.34122	0.03684	0.01787	7e-05	0.02526	0.23749	0.0	0.14059	0.26847	0.03506	0.01335	0.20409	0.00857	0.56415	0.01661	0.028	0.25571	0.03752	0.02225	0.12272	0.11143	0.17004	
0.09287	0.22507	0.23928	0.0	1.00079	0.01148	0.32183	1.00079	0.1556	0.51394	0.17924	0.01106	0.01658	0.06549	0.0	0.01302	0.44723	0.0	0.01253	0.51548	0.00047	0.00047	0.01569	0.0	0.32259	0.01077	0.01253	0.00047	1.00044	0.00692	0.01758	0.28439	0.03703	0.47614	0.01758	0.0	0.0	0.0	0.00932	0.01113	0.00617	0.01988	0.01682	0.02215	0.03402	0.02826	0.00314	0.02583	0.06536	0.04158	0.02403	0.02336	0.04912	0.29878	0.01078	1.00044	0.01173	0.01826	0.01343	0.01553	0.02432	0.00047	0.02764	0.00047	0.00047	0.01152	0.00047	0.01173	1.00044	0.01012	0.00047	0.01253	0.00047	0.01622	0.01103	0.01104	0.00047	0.01078	0.00047	0.01467	0.27941	0.01333	0.04468	0.00645	0.02544	0.0	0.00213	0.00932	0.01078	0.01012	0.01173	0.02401	0.00213	0.00213	0.00376	0.00376	0.00971	0.25684	0.12015	0.20225	0.10337	0.0	0.0	0.0	0.0	0.02457	0.00962	0.00238	0.0	0.0	0.33539	0.00617	0.01254	0.01254	0.01812	0.01009	0.01565	0.08394	0.00878	0.01847	0.01114	0.03646	0.13569	0.06382	0.03758	0.02618	0.00527	0.45152	0.0	0.19244	0.00047	0.00047	0.01076	0.02102	0.01254	0.01009	0.03414	0.01258	0.00047	0.01814	0.32285	0.0	0.0	0.01009	0.00691	0.00047	0.01102	0.01102	0.01632	0.00047	1.00044	0.44425	0.01581	0.00047	0.01009	0.01347	0.00047	0.00691	0.01665	0.00047	0.02136	0.01901	0.01457	0.01457	0.01292	0.01457	0.00213	0.00047	0.02294	0.02522	0.01853	0.00047	0.01254	0.02059	0.02032	0.0117	0.00047	0.363	0.0144	0.0	0.02217	0.02154	0.01951	0.00927	0.01632	0.00645	0.01254	0.01102	0.01624	0.01924	0.02162	0.44721	0.03035	0.04411	0.02261	
0.03341	0.03971	0.03981	0.05762	0.3221	0.01875	1.00238	0.3221	0.19475	0.8099	0.07839	0.01723	0.02807	0.10378	0.01274	0.02155	0.14281	0.06208	0.02062	0.226	0.00103	0.00103	0.02749	0.32259	0.0	0.30763	0.02062	0.00103	0.32259	0.01073	0.07304	0.11137	0.06755	0.21613	0.07304	0.0	0.0	0.0	0.01476	0.01807	0.0095	0.03434	0.02849	0.03976	0.06492	0.05272	0.00534	0.04568	0.00525	0.0794	0.0449	0.04736	0.00351	0.17618	0.01742	0.32259	0.01912	0.03261	0.02299	0.02717	0.04285	0.00103	0.04922	0.00103	0.00103	0.01878	0.00103	0.01912	0.32259	0.01623	0.00103	0.02062	0.00103	0.0897	0.01789	0.27983	0.00103	0.01742	0.00103	0.02541	0.07955	0.02206	0.02904	0.00997	0.03528	0.0	0.05375	0.01476	0.01742	0.01623	0.01912	0.17453	0.05375	0.05375	0.04582	0.04582	0.03598	0.28054	0.23809	0.40082	0.20484	0.0	0.0	0.0	0.0	0.03696	0.03622	0.00417	0.0	0.0	0.181	0.0095	0.02062	0.02062	0.03237	0.0162	0.02639	0.01209	0.0143	0.03172	0.01858	0.06752	0.0768	0.02066	0.0357	0.02934	0.00804	0.2099	0.0	0.03179	0.00103	0.00103	0.0174	0.0775	0.02062	0.0162	0.0404	0.24066	0.00103	0.03109	1.00205	0.0	0.0	0.0162	0.01072	0.00103	0.01788	0.01788	0.08978	0.00103	0.32259	0.0492	0.0267	0.00103	0.0162	0.02245	0.00103	0.01072	0.02942	0.00103	0.0405	0.03543	0.03827	0.03827	0.03831	0.03827	0.05375	0.00103	0.04132	0.04145	0.06578	0.00103	0.02062	0.03724	0.18289	0.01909	0.00103	0.14024	0.02406	0.0	0.03873	0.03895	0.03467	0.01472	0.08978	0.00997	0.02062	0.01788	0.02823	0.06273	0.03767	0.1428	0.05805	0.08744	0.04073	
0.01931	0.01497	0.01427	0.00489	0.01132	0.01167	0.307	0.01132	0.17098	0.49911	0.03672	0.01427	0.01647	0.14741	0.14535	0.01311	0.01397	0.00388	0.01253	0.0142	0.00132	0.00132	0.01542	0.01077	0.30763	0.0	0.01253	0.00132	0.01077	0.00726	0.2737	0.01646	0.03591	0.01518	0.2737	0.0	0.0	0.0	0.00952	0.01121	0.00656	0.01951	0.01661	0.02159	0.03286	0.02738	0.00503	0.02519	0.04143	0.04023	0.02338	0.14415	0.05447	0.03106	0.01089	0.01077	0.01178	0.01786	0.0133	0.01527	0.02375	0.00132	0.02693	0.00132	0.00132	0.01158	0.00132	0.01178	0.01077	0.01027	0.00132	0.01253	0.00132	0.31861	0.01112	0.82614	0.00132	0.01089	0.00132	0.01446	0.01746	0.01329	0.0469	0.00683	0.08539	0.0	0.0	0.00952	0.01089	0.01027	0.01178	0.33089	0.0	0.0	0.0	0.0	0.37367	0.13592	0.11003	0.18523	0.09467	0.0	0.0	0.0	0.0	0.07207	0.37429	0.00407	0.0	0.0	0.02361	0.00656	0.01254	0.01254	0.01772	0.01024	0.01549	0.03296	0.00893	0.01817	0.01115	0.03529	0.03775	0.03793	0.07884	0.12142	0.00572	0.01748	0.0	0.02261	0.00132	0.00132	0.01086	0.19701	0.01254	0.01024	0.03446	0.61949	0.00132	0.01785	0.30789	0.0	0.0	0.01024	0.00725	0.00132	0.01111	0.01111	0.31874	0.00132	0.01077	0.01278	0.01564	0.00132	0.01024	0.01403	0.00132	0.00725	0.01632	0.00132	0.13433	0.10819	0.19508	0.19508	0.22283	0.19508	0.0	0.00132	0.02235	0.19403	0.25411	0.00132	0.01254	0.02006	0.36936	0.01175	0.00132	0.01461	0.0143	0.0	0.0217	0.02099	0.01907	0.00947	0.31874	0.00683	0.01254	0.01111	0.01597	0.17633	0.02117	0.01395	0.02932	0.04245	0.02203	
0.02414	0.01663	0.01564	0.00144	0.01291	0.01348	0.02126	0.01291	0.21318	0.01872	0.22934	0.00835	0.02007	0.09159	0.0	0.99981	0.01695	0.00089	0.99976	0.01771	9e-05	9e-05	0.56414	0.01253	0.02062	0.01253	0.0	9e-05	0.01253	0.00787	0.02153	0.02088	0.0469	0.01909	0.02153	0.0	0.0	0.0	0.01087	0.01322	0.00694	0.02454	0.02055	0.02783	0.29482	0.23719	0.0	0.03226	0.05488	0.05346	0.03057	0.02959	0.0728	0.04094	0.01276	0.01253	0.01398	0.35137	0.01645	0.01924	0.21703	9e-05	0.03464	9e-05	9e-05	0.01372	9e-05	0.01398	0.01253	0.01192	9e-05	0.99976	9e-05	0.01976	0.01309	0.01303	9e-05	0.01276	9e-05	0.01809	0.02175	0.01605	0.03662	0.00729	0.46093	0.0	0.00082	0.01087	0.01276	0.01192	0.01398	0.18489	0.00082	0.00082	0.00199	0.00199	0.01002	0.35175	0.03835	1.00314	0.02917	0.0	0.0	0.0	0.0	0.19509	0.00994	0.00099	0.0	0.0	0.03071	0.00694	0.99978	0.99978	0.48162	0.01189	0.50543	0.04338	0.01038	0.35484	0.01342	0.30968	0.04995	0.05083	0.04618	0.16798	0.00582	0.02172	0.0	1.00761	9e-05	9e-05	0.01274	0.0265	0.99978	0.01189	0.73731	0.01517	9e-05	0.36773	0.0208	0.0	0.0	0.01189	0.00786	9e-05	0.01309	0.01309	0.01985	9e-05	0.01253	0.01184	0.49321	9e-05	0.01189	0.34589	9e-05	0.00786	0.52525	9e-05	0.34272	0.02306	1.00054	1.00054	0.01481	1.00054	0.00082	9e-05	0.02888	0.27091	0.36506	9e-05	0.99978	0.43309	0.02542	0.01395	9e-05	0.01823	0.01744	0.0	0.02753	0.02715	0.02439	0.01083	0.01985	0.00729	0.99978	0.01309	0.02007	0.02425	0.02681	0.01693	0.11788	0.08805	0.2014	
2e-05	0.00013	0.00011	0.0	0.00049	0.00012	0.00108	0.00049	0.00021	0.00091	7e-05	0.0	0.00022	0.00031	0.0	9e-05	0.00024	0.0	9e-05	0.00026	0.0	0.0	7e-05	0.00047	0.00103	0.00132	9e-05	0.0	0.00047	0.0002	0.00023	0.00015	0.00011	0.00023	0.00023	0.0	0.0	0.0	0.00035	0.00012	0.00021	0.00015	0.00023	9e-05	0.0001	4e-05	0.0	0.00022	3e-05	0.0001	2e-05	0.00014	5e-05	0.00024	0.00017	0.00047	0.00017	6e-05	9e-05	0.0001	0.00014	0.0	0.00017	0.0	0.0	0.00011	0.0	0.00017	0.00047	0.00022	0.0	9e-05	0.0	0.00026	0.00012	0.00106	0.0	0.00017	0.0	0.00018	9e-05	0.00014	0.0	0.0002	7e-05	0.0	0.0	0.00035	0.00017	0.00022	0.00017	0.00042	0.0	0.0	0.0	0.0	0.00019	0.00024	7e-05	0.00011	7e-05	0.0	0.0	0.0	0.0	3e-05	0.00019	0.0	0.0	0.0	0.00023	0.00021	0.00011	0.00011	3e-05	0.00015	8e-05	9e-05	7e-05	7e-05	7e-05	0.00234	9e-05	5e-05	5e-05	0.00145	0.00025	0.00028	0.0	0.00012	0.0	0.0	0.00012	0.00017	0.00011	0.00015	0.03371	0.00079	0.0	6e-05	0.00134	0.0	0.0	0.00015	0.00018	0.0	0.0001	0.0001	0.00042	0.0	0.00047	0.01006	8e-05	0.0	0.00015	0.00011	0.0	0.00018	4e-05	0.0	8e-05	0.00116	0.00015	0.00015	0.00011	0.00015	0.0	0.0	0.00012	0.00043	0.00055	0.0	0.00011	4e-05	0.00058	0.00011	0.0	0.00025	9e-05	0.0	0.00013	6e-05	5e-05	0.00025	0.00042	0.0002	0.00011	0.0001	5e-05	0.00017	0.00014	0.00021	4e-05	0.00011	4e-05	
