0.0	0.24493	0.18294	0.26857	0.10239	0.41408	0.33411	0.27949	0.59912	0.06542	4e-05	0.30398	4e-05	0.31209	0.14022	0.0855	0.32807	0.30398	0.08384	4e-05	0.47642	0.21017	0.38412	0.30398	4e-05	4e-05	4e-05	0.56683	0.31209	4e-05	4e-05	4e-05	4e-05	0.42634	4e-05	4e-05	4e-05	4e-05	0.0565	4e-05	4e-05	4e-05	4e-05	4e-05	4e-05	4e-05	0.36913	0.0	0.30398	0.08384	0.16907	0.30394	0.51334	0.58882	0.30398	0.88218	0.29526	0.32052	0.13367	0.30398	4e-05	4e-05	4e-05	4e-05	4e-05	4e-05	4e-05	4e-05	4e-05	0.30398	0.22877	4e-05	4e-05	4e-05	4e-05	4e-05	4e-05	4e-05	4e-05	4e-05	0.30398	0.30398	4e-05	0.10984	0.49307	4e-05	0.30398	4e-05	0.39376	0.49107	0.37567	0.30398	4e-05	0.30398	0.0	0.0	0.77871	0.25101	0.19111	0.14437	0.11855	0.20951	0.254	0.17869	0.2547	0.29772	0.22987	
0.24493	0.0	0.27057	0.1444	0.34433	0.50629	0.18079	0.26521	0.326	0.18503	1e-05	0.07211	1e-05	0.10106	0.03724	0.04231	0.22185	0.07211	0.07798	1e-05	0.13537	0.21776	0.17825	0.07211	1e-05	1e-05	1e-05	0.30522	0.10106	1e-05	1e-05	1e-05	1e-05	0.21972	1e-05	1e-05	1e-05	1e-05	0.22531	1e-05	1e-05	1e-05	1e-05	1e-05	1e-05	1e-05	0.16282	0.0	0.07211	0.07798	0.04333	0.09993	0.14617	0.24472	0.07211	0.26451	0.13143	0.0903	0.02311	0.07211	1e-05	1e-05	1e-05	1e-05	1e-05	1e-05	1e-05	1e-05	1e-05	0.07211	0.20143	1e-05	1e-05	1e-05	1e-05	1e-05	1e-05	1e-05	1e-05	1e-05	0.07211	0.07211	1e-05	0.18935	0.24749	1e-05	0.07211	1e-05	0.22575	0.3683	0.16842	0.07211	1e-05	0.07211	0.0	0.0	0.25822	0.16438	0.06399	0.07108	0.19479	0.11026	0.09943	0.15791	0.23338	0.15692	0.11509	
0.18294	0.27057	0.0	0.15247	0.2558	0.21455	0.15257	0.11803	0.18539	0.11996	1e-05	0.11862	1e-05	0.2246	0.09064	0.11719	0.04123	0.11862	0.09742	1e-05	0.17759	0.1601	0.27262	0.11862	1e-05	1e-05	1e-05	0.15247	0.2246	1e-05	1e-05	1e-05	1e-05	0.32962	1e-05	1e-05	1e-05	1e-05	0.04741	1e-05	1e-05	1e-05	1e-05	1e-05	1e-05	1e-05	0.15283	0.0	0.11862	0.09742	0.10341	0.08934	0.23082	0.19528	0.11862	0.35966	0.10973	0.0862	0.08758	0.11862	1e-05	1e-05	1e-05	1e-05	1e-05	1e-05	1e-05	1e-05	1e-05	0.11862	0.09001	1e-05	1e-05	1e-05	1e-05	1e-05	1e-05	1e-05	1e-05	1e-05	0.11862	0.11862	1e-05	0.16442	0.0675	1e-05	0.11862	1e-05	0.36511	0.20414	0.38501	0.11862	1e-05	0.11862	0.0	0.0	0.85747	0.31785	0.25996	0.20197	0.31966	0.28677	0.14466	0.13616	0.15068	0.18763	0.20096	
0.26857	0.1444	0.15247	0.0	0.14307	0.3684	0.39285	0.24893	0.26946	0.07242	9e-05	0.06702	9e-05	0.07625	0.09032	0.14877	0.04067	0.06702	0.03261	9e-05	0.32181	0.05142	0.33081	0.06702	9e-05	9e-05	9e-05	0.16066	0.07625	9e-05	9e-05	9e-05	9e-05	0.12878	9e-05	9e-05	9e-05	9e-05	0.02327	9e-05	9e-05	9e-05	9e-05	9e-05	9e-05	9e-05	0.10903	0.0	0.06702	0.03261	0.0579	0.52983	0.3053	0.29241	0.06702	0.74829	0.06527	0.05083	0.10098	0.06702	9e-05	9e-05	9e-05	9e-05	9e-05	9e-05	9e-05	9e-05	9e-05	0.06702	0.20986	9e-05	9e-05	9e-05	9e-05	9e-05	9e-05	9e-05	9e-05	9e-05	0.06702	0.06702	9e-05	0.0659	0.0488	9e-05	0.06702	9e-05	0.08171	0.16931	0.10384	0.06702	9e-05	0.06702	0.0	0.0	0.66417	0.17301	0.12642	0.18989	0.15593	0.18474	0.10148	0.23002	0.24456	0.15344	0.1829	
0.10239	0.34433	0.2558	0.14307	0.0	0.37257	0.13975	0.18987	0.1492	0.04517	7e-05	9e-05	7e-05	0.02202	0.0341	0.05385	0.05261	9e-05	0.07061	7e-05	0.05636	0.49258	0.09943	9e-05	7e-05	7e-05	7e-05	0.13569	0.02202	7e-05	7e-05	7e-05	7e-05	0.34133	7e-05	7e-05	7e-05	7e-05	0.04989	7e-05	7e-05	7e-05	7e-05	7e-05	7e-05	7e-05	0.11525	0.0	9e-05	0.07061	0.00344	0.08807	0.06004	0.08414	9e-05	0.15129	0.0688	0.00011	0.00127	9e-05	7e-05	7e-05	7e-05	7e-05	7e-05	7e-05	7e-05	7e-05	7e-05	9e-05	0.16335	7e-05	7e-05	7e-05	7e-05	7e-05	7e-05	7e-05	7e-05	7e-05	9e-05	9e-05	7e-05	0.14993	0.08665	7e-05	9e-05	7e-05	0.13861	0.12164	0.11154	9e-05	7e-05	9e-05	0.0	0.0	0.17846	0.20961	0.01452	0.11405	0.12952	0.09245	0.09436	0.08526	0.03258	0.17596	0.06136	
0.41408	0.50629	0.21455	0.3684	0.37257	0.0	0.43168	0.30748	0.4807	0.07901	4e-05	0.08309	4e-05	0.09118	0.07927	0.08517	0.18739	0.08309	0.11027	4e-05	0.26125	0.24758	0.37078	0.08309	4e-05	4e-05	4e-05	0.34555	0.09118	4e-05	4e-05	4e-05	4e-05	0.23834	4e-05	4e-05	4e-05	4e-05	0.07469	4e-05	4e-05	4e-05	4e-05	4e-05	4e-05	4e-05	0.19051	0.0	0.08309	0.11027	0.05985	0.40801	0.29214	0.38336	0.08309	0.63552	0.09352	0.07386	0.02265	0.08309	4e-05	4e-05	4e-05	4e-05	4e-05	4e-05	4e-05	4e-05	4e-05	0.08309	0.26953	4e-05	4e-05	4e-05	4e-05	4e-05	4e-05	4e-05	4e-05	4e-05	0.08309	0.08309	4e-05	0.27549	0.23295	4e-05	0.08309	4e-05	0.19269	0.29993	0.16575	0.08309	4e-05	0.08309	0.0	0.0	0.40957	0.13951	0.068	0.07416	0.18751	0.14354	0.08706	0.15689	0.21991	0.13739	0.23918	
0.33411	0.18079	0.15257	0.39285	0.13975	0.43168	0.0	0.49617	0.41787	0.06839	7e-05	0.12463	7e-05	0.13456	0.2027	0.22862	0.08379	0.12463	0.47244	7e-05	0.3669	0.10439	0.3645	0.12463	7e-05	7e-05	7e-05	0.44636	0.13456	7e-05	7e-05	7e-05	7e-05	0.21948	7e-05	7e-05	7e-05	7e-05	0.02228	7e-05	7e-05	7e-05	7e-05	7e-05	7e-05	7e-05	0.20484	0.0	0.12463	0.47244	0.13848	0.55065	0.38089	0.3519	0.12463	0.63008	0.08907	0.06842	0.04527	0.12463	7e-05	7e-05	7e-05	7e-05	7e-05	7e-05	7e-05	7e-05	7e-05	0.12463	0.61872	7e-05	7e-05	7e-05	7e-05	7e-05	7e-05	7e-05	7e-05	7e-05	0.12463	0.12463	7e-05	0.0625	0.09962	7e-05	0.12463	7e-05	0.39544	0.36466	0.13558	0.12463	7e-05	0.12463	0.0	0.0	0.63208	0.21435	0.15679	0.17449	0.0936	0.14963	0.20121	0.28597	0.20889	0.17687	0.17422	
0.27949	0.26521	0.11803	0.24893	0.18987	0.30748	0.49617	0.0	0.44988	0.14369	4e-05	0.16665	4e-05	0.04974	0.23711	0.22204	0.12881	0.16665	0.15561	4e-05	0.2407	0.14937	0.24146	0.16665	4e-05	4e-05	4e-05	0.4534	0.04974	4e-05	4e-05	4e-05	4e-05	0.26866	4e-05	4e-05	4e-05	4e-05	0.02898	4e-05	4e-05	4e-05	4e-05	4e-05	4e-05	4e-05	0.14228	0.0	0.16665	0.15561	0.04978	0.20612	0.24581	0.27413	0.16665	0.33684	0.17096	0.15599	0.06164	0.16665	4e-05	4e-05	4e-05	4e-05	4e-05	4e-05	4e-05	4e-05	4e-05	0.16665	0.50337	4e-05	4e-05	4e-05	4e-05	4e-05	4e-05	4e-05	4e-05	4e-05	0.16665	0.16665	4e-05	0.13976	0.14435	4e-05	0.16665	4e-05	0.21109	0.41689	0.07507	0.16665	4e-05	0.16665	0.0	0.0	0.46062	0.2747	0.10772	0.09264	0.21931	0.10136	0.13571	0.20485	0.17045	0.15381	0.12903	
0.59912	0.326	0.18539	0.26946	0.1492	0.4807	0.41787	0.44988	0.0	0.06393	6e-05	0.38593	6e-05	0.39453	0.20238	0.08843	0.32687	0.38593	0.15259	6e-05	0.41945	0.14866	0.3874	0.38593	6e-05	6e-05	6e-05	0.66454	0.39453	6e-05	6e-05	6e-05	6e-05	0.42927	6e-05	6e-05	6e-05	6e-05	0.05773	6e-05	6e-05	6e-05	6e-05	6e-05	6e-05	6e-05	0.41475	0.0	0.38593	0.15259	0.23517	0.30272	0.60785	0.58786	0.38593	1.00148	0.39283	0.43982	0.13714	0.38593	6e-05	6e-05	6e-05	6e-05	6e-05	6e-05	6e-05	6e-05	6e-05	0.38593	0.29947	6e-05	6e-05	6e-05	6e-05	6e-05	6e-05	6e-05	6e-05	6e-05	0.38593	0.38593	6e-05	0.10989	0.49108	6e-05	0.38593	6e-05	0.51237	0.5995	0.37895	0.38593	6e-05	0.38593	0.0	0.0	0.85869	0.25354	0.19381	0.14691	0.12101	0.21233	0.29062	0.24995	0.25439	0.23056	0.16066	
0.06542	0.18503	0.11996	0.07242	0.04517	0.07901	0.06839	0.14369	0.06393	0.0	3e-05	0.05349	3e-05	0.04472	0.17818	0.15942	0.06875	0.05349	0.03585	3e-05	0.05271	0.05391	0.08558	0.05349	3e-05	3e-05	3e-05	0.09314	0.04472	3e-05	3e-05	3e-05	3e-05	0.14348	3e-05	3e-05	3e-05	3e-05	0.14232	3e-05	3e-05	3e-05	3e-05	3e-05	3e-05	3e-05	0.12713	0.0	0.05349	0.03585	0.02953	0.04433	0.06877	0.05828	0.05349	0.09657	0.0682	0.06485	0.05241	0.05349	3e-05	3e-05	3e-05	3e-05	3e-05	3e-05	3e-05	3e-05	3e-05	0.05349	0.08553	3e-05	3e-05	3e-05	3e-05	3e-05	3e-05	3e-05	3e-05	3e-05	0.05349	0.05349	3e-05	0.13385	0.05641	3e-05	0.05349	3e-05	0.11764	0.08136	0.06042	0.05349	3e-05	0.05349	0.0	0.0	0.40538	0.1837	0.10042	0.07558	0.30284	0.10911	0.09128	0.12384	0.19528	0.05655	0.24897	
4e-05	1e-05	1e-05	9e-05	7e-05	4e-05	7e-05	4e-05	6e-05	3e-05	0.0	0.00019	0.0	0.00012	0.00012	0.0001	0.0001	0.00019	0.00016	0.0	0.0001	6e-05	9e-05	0.00019	0.0	0.0	0.0	0.0001	0.00012	0.0	0.0	0.0	0.0	7e-05	0.0	0.0	0.0	0.0	0.00018	0.0	0.0	0.0	0.0	0.0	0.0	0.0	7e-05	0.0	0.00019	0.00016	0.00012	0.00014	0.00011	5e-05	0.00019	0.00013	0.00033	0.0	0.00021	0.00019	0.0	0.0	0.0	0.0	0.0	0.0	0.0	0.0	0.0	0.00019	7e-05	0.0	0.0	0.0	0.0	0.0	0.0	0.0	0.0	0.0	0.00019	0.00019	0.0	0.00011	9e-05	0.0	0.00019	0.0	0.0002	7e-05	7e-05	0.00019	0.0	0.00019	0.0	0.0	0.00403	4e-05	4e-05	7e-05	3e-05	2e-05	6e-05	4e-05	6e-05	5e-05	3e-05	
0.30398	0.07211	0.11862	0.06702	9e-05	0.08309	0.12463	0.16665	0.38593	0.05349	0.00019	0.0	0.00019	0.37188	0.38042	0.03905	0.18598	1.00008	0.06394	0.00019	0.3904	0.01628	0.34043	1.00008	0.00019	0.00019	0.00019	0.62834	0.37188	0.00019	0.00019	0.00019	0.00019	0.51704	0.00019	0.00019	0.00019	0.00019	0.08047	0.00019	0.00019	0.00019	0.00019	0.00019	0.00019	0.00019	0.54437	0.0	1.00008	0.06394	0.27358	0.07949	0.67975	0.32177	1.00008	0.95486	2.03695	0.0	0.17829	1.00008	0.00019	0.00019	0.00019	0.00019	0.00019	0.00019	0.00019	0.00019	0.00019	1.00008	0.15914	0.00019	0.00019	0.00019	0.00019	0.00019	0.00019	0.00019	0.00019	0.00019	1.00008	1.00008	0.00019	0.26783	0.22776	0.00019	1.00008	0.00019	0.27261	0.49915	0.32908	1.00008	0.00019	1.00008	0.0	0.0	1.87072	0.25211	0.15314	0.11234	0.14597	0.05559	0.3343	0.17328	0.2166	0.19633	0.10045	
4e-05	1e-05	1e-05	9e-05	7e-05	4e-05	7e-05	4e-05	6e-05	3e-05	0.0	0.00019	0.0	0.00012	0.00012	0.0001	0.0001	0.00019	0.00016	0.0	0.0001	6e-05	9e-05	0.00019	0.0	0.0	0.0	0.0001	0.00012	0.0	0.0	0.0	0.0	7e-05	0.0	0.0	0.0	0.0	0.00018	0.0	0.0	0.0	0.0	0.0	0.0	0.0	7e-05	0.0	0.00019	0.00016	0.00012	0.00014	0.00011	5e-05	0.00019	0.00013	0.00033	0.0	0.00021	0.00019	0.0	0.0	0.0	0.0	0.0	0.0	0.0	0.0	0.0	0.00019	7e-05	0.0	0.0	0.0	0.0	0.0	0.0	0.0	0.0	0.0	0.00019	0.00019	0.0	0.00011	9e-05	0.0	0.00019	0.0	0.0002	7e-05	7e-05	0.00019	0.0	0.00019	0.0	0.0	0.00403	4e-05	4e-05	7e-05	3e-05	2e-05	6e-05	4e-05	6e-05	5e-05	3e-05	
0.31209	0.10106	0.2246	0.07625	0.02202	0.09118	0.13456	0.04974	0.39453	0.04472	0.00012	0.37188	0.00012	0.0	0.0866	8e-05	0.32664	0.37188	0.0989	0.00012	0.40079	0.06706	0.35053	0.37188	0.00012	0.00012	0.00012	0.41941	0.99995	0.00012	0.00012	0.00012	0.00012	0.30365	0.00012	0.00012	0.00012	0.00012	0.05194	0.00012	0.00012	0.00012	0.00012	0.00012	0.00012	0.00012	0.28964	0.0	0.37188	0.0989	0.54763	0.09189	0.69215	0.32988	0.37188	1.37159	0.2842	0.37206	0.10975	0.37188	0.00012	0.00012	0.00012	0.00012	0.00012	0.00012	0.00012	0.00012	0.00012	0.37188	0.02772	0.00012	0.00012	0.00012	0.00012	0.00012	0.00012	0.00012	0.00012	0.00012	0.37188	0.37188	0.00012	0.15713	0.42322	0.00012	0.37188	0.00012	0.86998	0.34264	0.72684	0.37188	0.00012	0.37188	0.0	0.0	1.42486	0.10668	0.26309	0.13743	0.06796	0.11878	0.26193	0.09946	0.12785	0.17462	0.12853	
0.14022	0.03724	0.09064	0.09032	0.0341	0.07927	0.2027	0.23711	0.20238	0.17818	0.00012	0.38042	0.00012	0.0866	0.0	0.12508	0.00714	0.38042	0.09739	0.00012	0.25396	0.00878	0.23439	0.38042	0.00012	0.00012	0.00012	0.35157	0.0866	0.00012	0.00012	0.00012	0.00012	0.34193	0.00012	0.00012	0.00012	0.00012	0.05266	0.00012	0.00012	0.00012	0.00012	0.00012	0.00012	0.00012	0.29281	0.0	0.38042	0.09739	0.1616	0.12271	0.32811	0.15567	0.38042	0.27218	0.29266	0.38759	0.11143	0.38042	0.00012	0.00012	0.00012	0.00012	0.00012	0.00012	0.00012	0.00012	0.00012	0.38042	0.26842	0.00012	0.00012	0.00012	0.00012	0.00012	0.00012	0.00012	0.00012	0.00012	0.38042	0.38042	0.00012	0.15973	0.02155	0.00012	0.38042	0.00012	0.23379	0.28978	0.09488	0.38042	0.00012	0.38042	0.0	0.0	1.38347	0.32409	0.31002	0.19193	0.16904	0.0057	0.26248	0.19163	0.10519	0.1736	0.09768	
0.0855	0.04231	0.11719	0.14877	0.05385	0.08517	0.22862	0.22204	0.08843	0.15942	0.0001	0.03905	0.0001	8e-05	0.12508	0.0	0.01426	0.03905	0.10781	0.0001	0.08656	0.02124	0.2233	0.03905	0.0001	0.0001	0.0001	0.17461	8e-05	0.0001	0.0001	0.0001	0.0001	0.522	0.0001	0.0001	0.0001	0.0001	0.04814	0.0001	0.0001	0.0001	0.0001	0.0001	0.0001	0.0001	0.13167	0.0	0.03905	0.10781	0.00472	0.13633	0.09543	0.19341	0.03905	0.18122	0.10507	0.04654	0.10097	0.03905	0.0001	0.0001	0.0001	0.0001	0.0001	0.0001	0.0001	0.0001	0.0001	0.03905	0.24177	0.0001	0.0001	0.0001	0.0001	0.0001	0.0001	0.0001	0.0001	0.0001	0.03905	0.03905	0.0001	0.14368	0.0284	0.0001	0.03905	0.0001	0.17431	0.22221	0.06436	0.03905	0.0001	0.03905	0.0	0.0	0.13119	0.34144	0.09808	0.19376	0.23573	0.07328	0.1284	0.2363	0.09789	0.06462	0.16403	
0.32807	0.22185	0.04123	0.04067	0.05261	0.18739	0.08379	0.12881	0.32687	0.06875	0.0001	0.18598	0.0001	0.32664	0.00714	0.01426	0.0	0.18598	0.0452	0.0001	0.18739	0.09995	0.17066	0.18598	0.0001	0.0001	0.0001	0.39088	0.32664	0.0001	0.0001	0.0001	0.0001	0.18458	0.0001	0.0001	0.0001	0.0001	0.0325	0.0001	0.0001	0.0001	0.0001	0.0001	0.0001	0.0001	0.12378	0.0	0.18598	0.0452	0.12427	0.05562	0.24885	0.32205	0.18598	0.28218	0.15727	0.13173	0.06554	0.18598	0.0001	0.0001	0.0001	0.0001	0.0001	0.0001	0.0001	0.0001	0.0001	0.18598	0.1052	0.0001	0.0001	0.0001	0.0001	0.0001	0.0001	0.0001	0.0001	0.0001	0.18598	0.18598	0.0001	0.09066	0.60632	0.0001	0.18598	0.0001	0.60692	0.31788	0.25837	0.18598	0.0001	0.18598	0.0	0.0	1.11188	0.07069	0.03943	0.02844	0.03628	0.15087	0.11023	0.00742	0.05975	0.07007	0.0578	
0.30398	0.07211	0.11862	0.06702	9e-05	0.08309	0.12463	0.16665	0.38593	0.05349	0.00019	1.00008	0.00019	0.37188	0.38042	0.03905	0.18598	0.0	0.06394	0.00019	0.3904	0.01628	0.34043	1.00008	0.00019	0.00019	0.00019	0.62834	0.37188	0.00019	0.00019	0.00019	0.00019	0.51704	0.00019	0.00019	0.00019	0.00019	0.08047	0.00019	0.00019	0.00019	0.00019	0.00019	0.00019	0.00019	0.54437	0.0	1.00008	0.06394	0.27358	0.07949	0.67975	0.32177	1.00008	0.95486	2.03695	0.0	0.17829	1.00008	0.00019	0.00019	0.00019	0.00019	0.00019	0.00019	0.00019	0.00019	0.00019	1.00008	0.15914	0.00019	0.00019	0.00019	0.00019	0.00019	0.00019	0.00019	0.00019	0.00019	1.00008	1.00008	0.00019	0.26783	0.22776	0.00019	1.00008	0.00019	0.27261	0.49915	0.32908	1.00008	0.00019	1.00008	0.0	0.0	1.87072	0.25211	0.15314	0.11234	0.14597	0.05559	0.3343	0.17328	0.2166	0.19633	0.10045	
0.08384	0.07798	0.09742	0.03261	0.07061	0.11027	0.47244	0.15561	0.15259	0.03585	0.00016	0.06394	0.00016	0.0989	0.09739	0.10781	0.0452	0.06394	0.0	0.00016	0.06004	0.05472	0.05575	0.06394	0.00016	0.00016	0.00016	0.14003	0.0989	0.00016	0.00016	0.00016	0.00016	0.08773	0.00016	0.00016	0.00016	0.00016	0.01468	0.00016	0.00016	0.00016	0.00016	0.00016	0.00016	0.00016	0.15124	0.0	0.06394	0.99974	0.12499	0.02322	0.07456	0.10163	0.06394	0.08005	0.05334	0.04942	0.02672	0.06394	0.00016	0.00016	0.00016	0.00016	0.00016	0.00016	0.00016	0.00016	0.00016	0.06394	0.19406	0.00016	0.00016	0.00016	0.00016	0.00016	0.00016	0.00016	0.00016	0.00016	0.06394	0.06394	0.00016	0.03511	0.05254	0.00016	0.06394	0.00016	0.55714	0.11439	0.07749	0.06394	0.00016	0.06394	0.0	0.0	0.25954	0.08547	0.10722	0.16583	0.04428	0.06701	0.1574	0.13992	0.04673	0.10659	0.08143	
4e-05	1e-05	1e-05	9e-05	7e-05	4e-05	7e-05	4e-05	6e-05	3e-05	0.0	0.00019	0.0	0.00012	0.00012	0.0001	0.0001	0.00019	0.00016	0.0	0.0001	6e-05	9e-05	0.00019	0.0	0.0	0.0	0.0001	0.00012	0.0	0.0	0.0	0.0	7e-05	0.0	0.0	0.0	0.0	0.00018	0.0	0.0	0.0	0.0	0.0	0.0	0.0	7e-05	0.0	0.00019	0.00016	0.00012	0.00014	0.00011	5e-05	0.00019	0.00013	0.00033	0.0	0.00021	0.00019	0.0	0.0	0.0	0.0	0.0	0.0	0.0	0.0	0.0	0.00019	7e-05	0.0	0.0	0.0	0.0	0.0	0.0	0.0	0.0	0.0	0.00019	0.00019	0.0	0.00011	9e-05	0.0	0.00019	0.0	0.0002	7e-05	7e-05	0.00019	0.0	0.00019	0.0	0.0	0.00403	4e-05	4e-05	7e-05	3e-05	2e-05	6e-05	4e-05	6e-05	5e-05	3e-05	
0.47642	0.13537	0.17759	0.32181	0.05636	0.26125	0.3669	0.2407	0.41945	0.05271	0.0001	0.3904	0.0001	0.40079	0.25396	0.08656	0.18739	0.3904	0.06004	0.0001	0.0	0.05409	0.39148	0.3904	0.0001	0.0001	0.0001	0.42835	0.40079	0.0001	0.0001	0.0001	0.0001	0.34181	0.0001	0.0001	0.0001	0.0001	0.04172	0.0001	0.0001	0.0001	0.0001	0.0001	0.0001	0.0001	0.48062	0.0	0.3904	0.06004	0.28419	0.40808	0.65876	0.52216	0.3904	1.74511	0.54484	0.74558	0.17569	0.3904	0.0001	0.0001	0.0001	0.0001	0.0001	0.0001	0.0001	0.0001	0.0001	0.3904	0.22835	0.0001	0.0001	0.0001	0.0001	0.0001	0.0001	0.0001	0.0001	0.0001	0.3904	0.3904	0.0001	0.06528	0.23293	0.0001	0.3904	0.0001	0.29457	0.42064	0.38151	0.3904	0.0001	0.3904	0.0	0.0	0.55674	0.16701	0.20617	0.14364	0.07111	0.16515	0.19799	0.24615	0.30581	0.35123	0.14274	
0.21017	0.21776	0.1601	0.05142	0.49258	0.24758	0.10439	0.14937	0.14866	0.05391	6e-05	0.01628	6e-05	0.06706	0.00878	0.02124	0.09995	0.01628	0.05472	6e-05	0.05409	0.0	0.22321	0.01628	6e-05	6e-05	6e-05	0.15472	0.06706	6e-05	6e-05	6e-05	6e-05	0.49923	6e-05	6e-05	6e-05	6e-05	0.03903	6e-05	6e-05	6e-05	6e-05	6e-05	6e-05	6e-05	0.11416	0.0	0.01628	0.05472	0.02113	0.06773	0.07598	0.16134	0.01628	0.16411	0.08433	0.01999	0.08023	0.01628	6e-05	6e-05	6e-05	6e-05	6e-05	6e-05	6e-05	6e-05	6e-05	0.01628	0.13663	6e-05	6e-05	6e-05	6e-05	6e-05	6e-05	6e-05	6e-05	6e-05	0.01628	0.01628	6e-05	0.11239	0.16106	6e-05	0.01628	6e-05	0.15755	0.20434	0.27282	0.01628	6e-05	0.01628	0.0	0.0	0.18532	0.12247	0.00227	0.09377	0.0436	0.12503	0.09063	0.0725	0.07982	0.14524	0.07271	
0.38412	0.17825	0.27262	0.33081	0.09943	0.37078	0.3645	0.24146	0.3874	0.08558	9e-05	0.34043	9e-05	0.35053	0.23439	0.2233	0.17066	0.34043	0.05575	9e-05	0.39148	0.22321	0.0	0.34043	9e-05	9e-05	9e-05	0.38594	0.35053	9e-05	9e-05	9e-05	9e-05	0.48162	9e-05	9e-05	9e-05	9e-05	0.082	9e-05	9e-05	9e-05	9e-05	9e-05	9e-05	9e-05	0.29534	0.0	0.34043	0.05575	0.25457	0.41376	0.60126	0.53462	0.34043	1.67794	0.49796	0.67841	0.19595	0.34043	9e-05	9e-05	9e-05	9e-05	9e-05	9e-05	9e-05	9e-05	9e-05	0.34043	0.22283	9e-05	9e-05	9e-05	9e-05	9e-05	9e-05	9e-05	9e-05	9e-05	0.34043	0.34043	9e-05	0.31459	0.21055	9e-05	0.34043	9e-05	0.2529	0.41248	0.56231	0.34043	9e-05	0.34043	0.0	0.0	0.44246	0.15102	0.19734	0.14551	0.28504	0.17008	0.17321	0.23726	0.40412	0.12734	0.25064	
0.30398	0.07211	0.11862	0.06702	9e-05	0.08309	0.12463	0.16665	0.38593	0.05349	0.00019	1.00008	0.00019	0.37188	0.38042	0.03905	0.18598	1.00008	0.06394	0.00019	0.3904	0.01628	0.34043	0.0	0.00019	0.00019	0.00019	0.62834	0.37188	0.00019	0.00019	0.00019	0.00019	0.51704	0.00019	0.00019	0.00019	0.00019	0.08047	0.00019	0.00019	0.00019	0.00019	0.00019	0.00019	0.00019	0.54437	0.0	1.00008	0.06394	0.27358	0.07949	0.67975	0.32177	1.00008	0.95486	2.03695	0.0	0.17829	1.00008	0.00019	0.00019	0.00019	0.00019	0.00019	0.00019	0.00019	0.00019	0.00019	1.00008	0.15914	0.00019	0.00019	0.00019	0.00019	0.00019	0.00019	0.00019	0.00019	0.00019	1.00008	1.00008	0.00019	0.26783	0.22776	0.00019	1.00008	0.00019	0.27261	0.49915	0.32908	1.00008	0.00019	1.00008	0.0	0.0	1.87072	0.25211	0.15314	0.11234	0.14597	0.05559	0.3343	0.17328	0.2166	0.19633	0.10045	
4e-05	1e-05	1e-05	9e-05	7e-05	4e-05	7e-05	4e-05	6e-05	3e-05	0.0	0.00019	0.0	0.00012	0.00012	0.0001	0.0001	0.00019	0.00016	0.0	0.0001	6e-05	9e-05	0.00019	0.0	0.0	0.0	0.0001	0.00012	0.0	0.0	0.0	0.0	7e-05	0.0	0.0	0.0	0.0	0.00018	0.0	0.0	0.0	0.0	0.0	0.0	0.0	7e-05	0.0	0.00019	0.00016	0.00012	0.00014	0.00011	5e-05	0.00019	0.00013	0.00033	0.0	0.00021	0.00019	0.0	0.0	0.0	0.0	0.0	0.0	0.0	0.0	0.0	0.00019	7e-05	0.0	0.0	0.0	0.0	0.0	0.0	0.0	0.0	0.0	0.00019	0.00019	0.0	0.00011	9e-05	0.0	0.00019	0.0	0.0002	7e-05	7e-05	0.00019	0.0	0.00019	0.0	0.0	0.00403	4e-05	4e-05	7e-05	3e-05	2e-05	6e-05	4e-05	6e-05	5e-05	3e-05	
4e-05	1e-05	1e-05	9e-05	7e-05	4e-05	7e-05	4e-05	6e-05	3e-05	0.0	0.00019	0.0	0.00012	0.00012	0.0001	0.0001	0.00019	0.00016	0.0	0.0001	6e-05	9e-05	0.00019	0.0	0.0	0.0	0.0001	0.00012	0.0	0.0	0.0	0.0	7e-05	0.0	0.0	0.0	0.0	0.00018	0.0	0.0	0.0	0.0	0.0	0.0	0.0	7e-05	0.0	0.00019	0.00016	0.00012	0.00014	0.00011	5e-05	0.00019	0.00013	0.00033	0.0	0.00021	0.00019	0.0	0.0	0.0	0.0	0.0	0.0	0.0	0.0	0.0	0.00019	7e-05	0.0	0.0	0.0	0.0	0.0	0.0	0.0	0.0	0.0	0.00019	0.00019	0.0	0.00011	9e-05	0.0	0.00019	0.0	0.0002	7e-05	7e-05	0.00019	0.0	0.00019	0.0	0.0	0.00403	4e-05	4e-05	7e-05	3e-05	2e-05	6e-05	4e-05	6e-05	5e-05	3e-05	
4e-05	1e-05	1e-05	9e-05	7e-05	4e-05	7e-05	4e-05	6e-05	3e-05	0.0	0.00019	0.0	0.00012	0.00012	0.0001	0.0001	0.00019	0.00016	0.0	0.0001	6e-05	9e-05	0.00019	0.0	0.0	0.0	0.0001	0.00012	0.0	0.0	0.0	0.0	7e-05	0.0	0.0	0.0	0.0	0.00018	0.0	0.0	0.0	0.0	0.0	0.0	0.0	7e-05	0.0	0.00019	0.00016	0.00012	0.00014	0.00011	5e-05	0.00019	0.00013	0.00033	0.0	0.00021	0.00019	0.0	0.0	0.0	0.0	0.0	0.0	0.0	0.0	0.0	0.00019	7e-05	0.0	0.0	0.0	0.0	0.0	0.0	0.0	0.0	0.0	0.00019	0.00019	0.0	0.00011	9e-05	0.0	0.00019	0.0	0.0002	7e-05	7e-05	0.00019	0.0	0.00019	0.0	0.0	0.00403	4e-05	4e-05	7e-05	3e-05	2e-05	6e-05	4e-05	6e-05	5e-05	3e-05	
0.56683	0.30522	0.15247	0.16066	0.13569	0.34555	0.44636	0.4534	0.66454	0.09314	0.0001	0.62834	0.0001	0.41941	0.35157	0.17461	0.39088	0.62834	0.14003	0.0001	0.42835	0.15472	0.38594	0.62834	0.0001	0.0001	0.0001	0.0	0.41941	0.0001	0.0001	0.0001	0.0001	0.59208	0.0001	0.0001	0.0001	0.0001	0.05508	0.0001	0.0001	0.0001	0.0001	0.0001	0.0001	0.0001	0.42208	0.0	0.62834	0.14003	0.23536	0.18545	0.66574	0.58462	0.62834	0.80364	0.62175	0.76063	0.12549	0.62834	0.0001	0.0001	0.0001	0.0001	0.0001	0.0001	0.0001	0.0001	0.0001	0.62834	0.48893	0.0001	0.0001	0.0001	0.0001	0.0001	0.0001	0.0001	0.0001	0.0001	0.62834	0.62834	0.0001	0.18886	0.59944	0.0001	0.62834	0.0001	0.57436	0.79442	0.37651	0.62834	0.0001	0.62834	0.0	0.0	2.06829	0.34214	0.16205	0.11373	0.1544	0.10405	0.28351	0.22068	0.19828	0.2058	0.12642	
0.31209	0.10106	0.2246	0.07625	0.02202	0.09118	0.13456	0.04974	0.39453	0.04472	0.00012	0.37188	0.00012	0.99995	0.0866	8e-05	0.32664	0.37188	0.0989	0.00012	0.40079	0.06706	0.35053	0.37188	0.00012	0.00012	0.00012	0.41941	0.0	0.00012	0.00012	0.00012	0.00012	0.30365	0.00012	0.00012	0.00012	0.00012	0.05194	0.00012	0.00012	0.00012	0.00012	0.00012	0.00012	0.00012	0.28964	0.0	0.37188	0.0989	0.54763	0.09189	0.69215	0.32988	0.37188	1.37159	0.2842	0.37206	0.10975	0.37188	0.00012	0.00012	0.00012	0.00012	0.00012	0.00012	0.00012	0.00012	0.00012	0.37188	0.02772	0.00012	0.00012	0.00012	0.00012	0.00012	0.00012	0.00012	0.00012	0.00012	0.37188	0.37188	0.00012	0.15713	0.42322	0.00012	0.37188	0.00012	0.86998	0.34264	0.72684	0.37188	0.00012	0.37188	0.0	0.0	1.42486	0.10668	0.26309	0.13743	0.06796	0.11878	0.26193	0.09946	0.12785	0.17462	0.12853	
4e-05	1e-05	1e-05	9e-05	7e-05	4e-05	7e-05	4e-05	6e-05	3e-05	0.0	0.00019	0.0	0.00012	0.00012	0.0001	0.0001	0.00019	0.00016	0.0	0.0001	6e-05	9e-05	0.00019	0.0	0.0	0.0	0.0001	0.00012	0.0	0.0	0.0	0.0	7e-05	0.0	0.0	0.0	0.0	0.00018	0.0	0.0	0.0	0.0	0.0	0.0	0.0	7e-05	0.0	0.00019	0.00016	0.00012	0.00014	0.00011	5e-05	0.00019	0.00013	0.00033	0.0	0.00021	0.00019	0.0	0.0	0.0	0.0	0.0	0.0	0.0	0.0	0.0	0.00019	7e-05	0.0	0.0	0.0	0.0	0.0	0.0	0.0	0.0	0.0	0.00019	0.00019	0.0	0.00011	9e-05	0.0	0.00019	0.0	0.0002	7e-05	7e-05	0.00019	0.0	0.00019	0.0	0.0	0.00403	4e-05	4e-05	7e-05	3e-05	2e-05	6e-05	4e-05	6e-05	5e-05	3e-05	
4e-05	1e-05	1e-05	9e-05	7e-05	4e-05	7e-05	4e-05	6e-05	3e-05	0.0	0.00019	0.0	0.00012	0.00012	0.0001	0.0001	0.00019	0.00016	0.0	0.0001	6e-05	9e-05	0.00019	0.0	0.0	0.0	0.0001	0.00012	0.0	0.0	0.0	0.0	7e-05	0.0	0.0	0.0	0.0	0.00018	0.0	0.0	0.0	0.0	0.0	0.0	0.0	7e-05	0.0	0.00019	0.00016	0.00012	0.00014	0.00011	5e-05	0.00019	0.00013	0.00033	0.0	0.00021	0.00019	0.0	0.0	0.0	0.0	0.0	0.0	0.0	0.0	0.0	0.00019	7e-05	0.0	0.0	0.0	0.0	0.0	0.0	0.0	0.0	0.0	0.00019	0.00019	0.0	0.00011	9e-05	0.0	0.00019	0.0	0.0002	7e-05	7e-05	0.00019	0.0	0.00019	0.0	0.0	0.00403	4e-05	4e-05	7e-05	3e-05	2e-05	6e-05	4e-05	6e-05	5e-05	3e-05	
4e-05	1e-05	1e-05	9e-05	7e-05	4e-05	7e-05	4e-05	6e-05	3e-05	0.0	0.00019	0.0	0.00012	0.00012	0.0001	0.0001	0.00019	0.00016	0.0	0.0001	6e-05	9e-05	0.00019	0.0	0.0	0.0	0.0001	0.00012	0.0	0.0	0.0	0.0	7e-05	0.0	0.0	0.0	0.0	0.00018	0.0	0.0	0.0	0.0	0.0	0.0	0.0	7e-05	0.0	0.00019	0.00016	0.00012	0.00014	0.00011	5e-05	0.00019	0.00013	0.00033	0.0	0.00021	0.00019	0.0	0.0	0.0	0.0	0.0	0.0	0.0	0.0	0.0	0.00019	7e-05	0.0	0.0	0.0	0.0	0.0	0.0	0.0	0.0	0.0	0.00019	0.00019	0.0	0.00011	9e-05	0.0	0.00019	0.0	0.0002	7e-05	7e-05	0.00019	0.0	0.00019	0.0	0.0	0.00403	4e-05	4e-05	7e-05	3e-05	2e-05	6e-05	4e-05	6e-05	5e-05	3e-05	
4e-05	1e-05	1e-05	9e-05	7e-05	4e-05	7e-05	4e-05	6e-05	3e-05	0.0	0.00019	0.0	0.00012	0.00012	0.0001	0.0001	0.00019	0.00016	0.0	0.0001	6e-05	9e-05	0.00019	0.0	0.0	0.0	0.0001	0.00012	0.0	0.0	0.0	0.0	7e-05	0.0	0.0	0.0	0.0	0.00018	0.0	0.0	0.0	0.0	0.0	0.0	0.0	7e-05	0.0	0.00019	0.00016	0.00012	0.00014	0.00011	5e-05	0.00019	0.00013	0.00033	0.0	0.00021	0.00019	0.0	0.0	0.0	0.0	0.0	0.0	0.0	0.0	0.0	0.00019	7e-05	0.0	0.0	0.0	0.0	0.0	0.0	0.0	0.0	0.0	0.00019	0.00019	0.0	0.00011	9e-05	0.0	0.00019	0.0	0.0002	7e-05	7e-05	0.00019	0.0	0.00019	0.0	0.0	0.00403	4e-05	4e-05	7e-05	3e-05	2e-05	6e-05	4e-05	6e-05	5e-05	3e-05	
0.42634	0.21972	0.32962	0.12878	0.34133	0.23834	0.21948	0.26866	0.42927	0.14348	7e-05	0.51704	7e-05	0.30365	0.34193	0.522	0.18458	0.51704	0.08773	7e-05	0.34181	0.49923	0.48162	0.51704	7e-05	7e-05	7e-05	0.59208	0.30365	7e-05	7e-05	7e-05	7e-05	0.0	7e-05	7e-05	7e-05	7e-05	0.06276	7e-05	7e-05	7e-05	7e-05	7e-05	7e-05	7e-05	0.49919	0.0	0.51704	0.08773	0.17699	0.11371	0.50365	0.4411	0.51704	0.63535	0.65541	0.75126	0.15131	0.51704	7e-05	7e-05	7e-05	7e-05	7e-05	7e-05	7e-05	7e-05	7e-05	0.51704	0.25801	7e-05	7e-05	7e-05	7e-05	7e-05	7e-05	7e-05	7e-05	7e-05	0.51704	0.51704	7e-05	0.2412	0.30418	7e-05	0.51704	7e-05	0.39088	0.59721	0.47257	0.51704	7e-05	0.51704	0.0	0.0	1.02833	0.48995	0.17453	0.21103	0.29763	0.1543	0.36247	0.34297	0.21549	0.29784	0.2456	
4e-05	1e-05	1e-05	9e-05	7e-05	4e-05	7e-05	4e-05	6e-05	3e-05	0.0	0.00019	0.0	0.00012	0.00012	0.0001	0.0001	0.00019	0.00016	0.0	0.0001	6e-05	9e-05	0.00019	0.0	0.0	0.0	0.0001	0.00012	0.0	0.0	0.0	0.0	7e-05	0.0	0.0	0.0	0.0	0.00018	0.0	0.0	0.0	0.0	0.0	0.0	0.0	7e-05	0.0	0.00019	0.00016	0.00012	0.00014	0.00011	5e-05	0.00019	0.00013	0.00033	0.0	0.00021	0.00019	0.0	0.0	0.0	0.0	0.0	0.0	0.0	0.0	0.0	0.00019	7e-05	0.0	0.0	0.0	0.0	0.0	0.0	0.0	0.0	0.0	0.00019	0.00019	0.0	0.00011	9e-05	0.0	0.00019	0.0	0.0002	7e-05	7e-05	0.00019	0.0	0.00019	0.0	0.0	0.00403	4e-05	4e-05	7e-05	3e-05	2e-05	6e-05	4e-05	6e-05	5e-05	3e-05	
4e-05	1e-05	1e-05	9e-05	7e-05	4e-05	7e-05	4e-05	6e-05	3e-05	0.0	0.00019	0.0	0.00012	0.00012	0.0001	0.0001	0.00019	0.00016	0.0	0.0001	6e-05	9e-05	0.00019	0.0	0.0	0.0	0.0001	0.00012	0.0	0.0	0.0	0.0	7e-05	0.0	0.0	0.0	0.0	0.00018	0.0	0.0	0.0	0.0	0.0	0.0	0.0	7e-05	0.0	0.00019	0.00016	0.00012	0.00014	0.00011	5e-05	0.00019	0.00013	0.00033	0.0	0.00021	0.00019	0.0	0.0	0.0	0.0	0.0	0.0	0.0	0.0	0.0	0.00019	7e-05	0.0	0.0	0.0	0.0	0.0	0.0	0.0	0.0	0.0	0.00019	0.00019	0.0	0.00011	9e-05	0.0	0.00019	0.0	0.0002	7e-05	7e-05	0.00019	0.0	0.00019	0.0	0.0	0.00403	4e-05	4e-05	7e-05	3e-05	2e-05	6e-05	4e-05	6e-05	5e-05	3e-05	
4e-05	1e-05	1e-05	9e-05	7e-05	4e-05	7e-05	4e-05	6e-05	3e-05	0.0	0.00019	0.0	0.00012	0.00012	0.0001	0.0001	0.00019	0.00016	0.0	0.0001	6e-05	9e-05	0.00019	0.0	0.0	0.0	0.0001	0.00012	0.0	0.0	0.0	0.0	7e-05	0.0	0.0	0.0	0.0	0.00018	0.0	0.0	0.0	0.0	0.0	0.0	0.0	7e-05	0.0	0.00019	0.00016	0.00012	0.00014	0.00011	5e-05	0.00019	0.00013	0.00033	0.0	0.00021	0.00019	0.0	0.0	0.0	0.0	0.0	0.0	0.0	0.0	0.0	0.00019	7e-05	0.0	0.0	0.0	0.0	0.0	0.0	0.0	0.0	0.0	0.00019	0.00019	0.0	0.00011	9e-05	0.0	0.00019	0.0	0.0002	7e-05	7e-05	0.00019	0.0	0.00019	0.0	0.0	0.00403	4e-05	4e-05	7e-05	3e-05	2e-05	6e-05	4e-05	6e-05	5e-05	3e-05	
4e-05	1e-05	1e-05	9e-05	7e-05	4e-05	7e-05	4e-05	6e-05	3e-05	0.0	0.00019	0.0	0.00012	0.00012	0.0001	0.0001	0.00019	0.00016	0.0	0.0001	6e-05	9e-05	0.00019	0.0	0.0	0.0	0.0001	0.00012	0.0	0.0	0.0	0.0	7e-05	0.0	0.0	0.0	0.0	0.00018	0.0	0.0	0.0	0.0	0.0	0.0	0.0	7e-05	0.0	0.00019	0.00016	0.00012	0.00014	0.00011	5e-05	0.00019	0.00013	0.00033	0.0	0.00021	0.00019	0.0	0.0	0.0	0.0	0.0	0.0	0.0	0.0	0.0	0.00019	7e-05	0.0	0.0	0.0	0.0	0.0	0.0	0.0	0.0	0.0	0.00019	0.00019	0.0	0.00011	9e-05	0.0	0.00019	0.0	0.0002	7e-05	7e-05	0.00019	0.0	0.00019	0.0	0.0	0.00403	4e-05	4e-05	7e-05	3e-05	2e-05	6e-05	4e-05	6e-05	5e-05	3e-05	
0.0565	0.22531	0.04741	0.02327	0.04989	0.07469	0.02228	0.02898	0.05773	0.14232	0.00018	0.08047	0.00018	0.05194	0.05266	0.04814	0.0325	0.08047	0.01468	0.00018	0.04172	0.03903	0.082	0.08047	0.00018	0.00018	0.00018	0.05508	0.05194	0.00018	0.00018	0.00018	0.00018	0.06276	0.00018	0.00018	0.00018	0.00018	0.0	0.00018	0.00018	0.00018	0.00018	0.00018	0.00018	0.00018	0.21112	0.0	0.08047	0.01468	0.04261	0.01731	0.05886	0.06761	0.08047	0.13967	0.298	0.0	0.01976	0.08047	0.00018	0.00018	0.00018	0.00018	0.00018	0.00018	0.00018	0.00018	0.00018	0.08047	0.0273	0.00018	0.00018	0.00018	0.00018	0.00018	0.00018	0.00018	0.00018	0.00018	0.08047	0.08047	0.00018	0.1748	0.03754	0.00018	0.08047	0.00018	0.03534	0.09817	0.05486	0.08047	0.00018	0.08047	0.0	0.0	0.12219	0.07501	0.04957	0.0317	0.12977	0.04632	0.06462	0.05271	0.2334	0.07068	0.07364	
4e-05	1e-05	1e-05	9e-05	7e-05	4e-05	7e-05	4e-05	6e-05	3e-05	0.0	0.00019	0.0	0.00012	0.00012	0.0001	0.0001	0.00019	0.00016	0.0	0.0001	6e-05	9e-05	0.00019	0.0	0.0	0.0	0.0001	0.00012	0.0	0.0	0.0	0.0	7e-05	0.0	0.0	0.0	0.0	0.00018	0.0	0.0	0.0	0.0	0.0	0.0	0.0	7e-05	0.0	0.00019	0.00016	0.00012	0.00014	0.00011	5e-05	0.00019	0.00013	0.00033	0.0	0.00021	0.00019	0.0	0.0	0.0	0.0	0.0	0.0	0.0	0.0	0.0	0.00019	7e-05	0.0	0.0	0.0	0.0	0.0	0.0	0.0	0.0	0.0	0.00019	0.00019	0.0	0.00011	9e-05	0.0	0.00019	0.0	0.0002	7e-05	7e-05	0.00019	0.0	0.00019	0.0	0.0	0.00403	4e-05	4e-05	7e-05	3e-05	2e-05	6e-05	4e-05	6e-05	5e-05	3e-05	
4e-05	1e-05	1e-05	9e-05	7e-05	4e-05	7e-05	4e-05	6e-05	3e-05	0.0	0.00019	0.0	0.00012	0.00012	0.0001	0.0001	0.00019	0.00016	0.0	0.0001	6e-05	9e-05	0.00019	0.0	0.0	0.0	0.0001	0.00012	0.0	0.0	0.0	0.0	7e-05	0.0	0.0	0.0	0.0	0.00018	0.0	0.0	0.0	0.0	0.0	0.0	0.0	7e-05	0.0	0.00019	0.00016	0.00012	0.00014	0.00011	5e-05	0.00019	0.00013	0.00033	0.0	0.00021	0.00019	0.0	0.0	0.0	0.0	0.0	0.0	0.0	0.0	0.0	0.00019	7e-05	0.0	0.0	0.0	0.0	0.0	0.0	0.0	0.0	0.0	0.00019	0.00019	0.0	0.00011	9e-05	0.0	0.00019	0.0	0.0002	7e-05	7e-05	0.00019	0.0	0.00019	0.0	0.0	0.00403	4e-05	4e-05	7e-05	3e-05	2e-05	6e-05	4e-05	6e-05	5e-05	3e-05	
4e-05	1e-05	1e-05	9e-05	7e-05	4e-05	7e-05	4e-05	6e-05	3e-05	0.0	0.00019	0.0	0.00012	0.00012	0.0001	0.0001	0.00019	0.00016	0.0	0.0001	6e-05	9e-05	0.00019	0.0	0.0	0.0	0.0001	0.00012	0.0	0.0	0.0	0.0	7e-05	0.0	0.0	0.0	0.0	0.00018	0.0	0.0	0.0	0.0	0.0	0.0	0.0	7e-05	0.0	0.00019	0.00016	0.00012	0.00014	0.00011	5e-05	0.00019	0.00013	0.00033	0.0	0.00021	0.00019	0.0	0.0	0.0	0.0	0.0	0.0	0.0	0.0	0.0	0.00019	7e-05	0.0	0.0	0.0	0.0	0.0	0.0	0.0	0.0	0.0	0.00019	0.00019	0.0	0.00011	9e-05	0.0	0.00019	0.0	0.0002	7e-05	7e-05	0.00019	0.0	0.00019	0.0	0.0	0.00403	4e-05	4e-05	7e-05	3e-05	2e-05	6e-05	4e-05	6e-05	5e-05	3e-05	
4e-05	1e-05	1e-05	9e-05	7e-05	4e-05	7e-05	4e-05	6e-05	3e-05	0.0	0.00019	0.0	0.00012	0.00012	0.0001	0.0001	0.00019	0.00016	0.0	0.0001	6e-05	9e-05	0.00019	0.0	0.0	0.0	0.0001	0.00012	0.0	0.0	0.0	0.0	7e-05	0.0	0.0	0.0	0.0	0.00018	0.0	0.0	0.0	0.0	0.0	0.0	0.0	7e-05	0.0	0.00019	0.00016	0.00012	0.00014	0.00011	5e-05	0.00019	0.00013	0.00033	0.0	0.00021	0.00019	0.0	0.0	0.0	0.0	0.0	0.0	0.0	0.0	0.0	0.00019	7e-05	0.0	0.0	0.0	0.0	0.0	0.0	0.0	0.0	0.0	0.00019	0.00019	0.0	0.00011	9e-05	0.0	0.00019	0.0	0.0002	7e-05	7e-05	0.00019	0.0	0.00019	0.0	0.0	0.00403	4e-05	4e-05	7e-05	3e-05	2e-05	6e-05	4e-05	6e-05	5e-05	3e-05	
4e-05	1e-05	1e-05	9e-05	7e-05	4e-05	7e-05	4e-05	6e-05	3e-05	0.0	0.00019	0.0	0.00012	0.00012	0.0001	0.0001	0.00019	0.00016	0.0	0.0001	6e-05	9e-05	0.00019	0.0	0.0	0.0	0.0001	0.00012	0.0	0.0	0.0	0.0	7e-05	0.0	0.0	0.0	0.0	0.00018	0.0	0.0	0.0	0.0	0.0	0.0	0.0	7e-05	0.0	0.00019	0.00016	0.00012	0.00014	0.00011	5e-05	0.00019	0.00013	0.00033	0.0	0.00021	0.00019	0.0	0.0	0.0	0.0	0.0	0.0	0.0	0.0	0.0	0.00019	7e-05	0.0	0.0	0.0	0.0	0.0	0.0	0.0	0.0	0.0	0.00019	0.00019	0.0	0.00011	9e-05	0.0	0.00019	0.0	0.0002	7e-05	7e-05	0.00019	0.0	0.00019	0.0	0.0	0.00403	4e-05	4e-05	7e-05	3e-05	2e-05	6e-05	4e-05	6e-05	5e-05	3e-05	
4e-05	1e-05	1e-05	9e-05	7e-05	4e-05	7e-05	4e-05	6e-05	3e-05	0.0	0.00019	0.0	0.00012	0.00012	0.0001	0.0001	0.00019	0.00016	0.0	0.0001	6e-05	9e-05	0.00019	0.0	0.0	0.0	0.0001	0.00012	0.0	0.0	0.0	0.0	7e-05	0.0	0.0	0.0	0.0	0.00018	0.0	0.0	0.0	0.0	0.0	0.0	0.0	7e-05	0.0	0.00019	0.00016	0.00012	0.00014	0.00011	5e-05	0.00019	0.00013	0.00033	0.0	0.00021	0.00019	0.0	0.0	0.0	0.0	0.0	0.0	0.0	0.0	0.0	0.00019	7e-05	0.0	0.0	0.0	0.0	0.0	0.0	0.0	0.0	0.0	0.00019	0.00019	0.0	0.00011	9e-05	0.0	0.00019	0.0	0.0002	7e-05	7e-05	0.00019	0.0	0.00019	0.0	0.0	0.00403	4e-05	4e-05	7e-05	3e-05	2e-05	6e-05	4e-05	6e-05	5e-05	3e-05	
4e-05	1e-05	1e-05	9e-05	7e-05	4e-05	7e-05	4e-05	6e-05	3e-05	0.0	0.00019	0.0	0.00012	0.00012	0.0001	0.0001	0.00019	0.00016	0.0	0.0001	6e-05	9e-05	0.00019	0.0	0.0	0.0	0.0001	0.00012	0.0	0.0	0.0	0.0	7e-05	0.0	0.0	0.0	0.0	0.00018	0.0	0.0	0.0	0.0	0.0	0.0	0.0	7e-05	0.0	0.00019	0.00016	0.00012	0.00014	0.00011	5e-05	0.00019	0.00013	0.00033	0.0	0.00021	0.00019	0.0	0.0	0.0	0.0	0.0	0.0	0.0	0.0	0.0	0.00019	7e-05	0.0	0.0	0.0	0.0	0.0	0.0	0.0	0.0	0.0	0.00019	0.00019	0.0	0.00011	9e-05	0.0	0.00019	0.0	0.0002	7e-05	7e-05	0.00019	0.0	0.00019	0.0	0.0	0.00403	4e-05	4e-05	7e-05	3e-05	2e-05	6e-05	4e-05	6e-05	5e-05	3e-05	
0.36913	0.16282	0.15283	0.10903	0.11525	0.19051	0.20484	0.14228	0.41475	0.12713	7e-05	0.54437	7e-05	0.28964	0.29281	0.13167	0.12378	0.54437	0.15124	7e-05	0.48062	0.11416	0.29534	0.54437	7e-05	7e-05	7e-05	0.42208	0.28964	7e-05	7e-05	7e-05	7e-05	0.49919	7e-05	7e-05	7e-05	7e-05	0.21112	7e-05	7e-05	7e-05	7e-05	7e-05	7e-05	7e-05	0.0	0.0	0.54437	0.15124	0.25912	0.09534	0.49421	0.4053	0.54437	0.58542	0.63544	0.81435	0.14379	0.54437	7e-05	7e-05	7e-05	7e-05	7e-05	7e-05	7e-05	7e-05	7e-05	0.54437	0.12519	7e-05	7e-05	7e-05	7e-05	7e-05	7e-05	7e-05	7e-05	7e-05	0.54437	0.54437	7e-05	0.20718	0.15764	7e-05	0.54437	7e-05	0.47798	0.41589	0.28719	0.54437	7e-05	0.54437	0.0	0.0	1.02471	0.30155	0.22935	0.33844	0.18406	0.20808	0.54653	0.38569	0.35297	0.53358	0.20445	
0.0	0.0	0.0	0.0	0.0	0.0	0.0	0.0	0.0	0.0	0.0	0.0	0.0	0.0	0.0	0.0	0.0	0.0	0.0	0.0	0.0	0.0	0.0	0.0	0.0	0.0	0.0	0.0	0.0	0.0	0.0	0.0	0.0	0.0	0.0	0.0	0.0	0.0	0.0	0.0	0.0	0.0	0.0	0.0	0.0	0.0	0.0	0.0	0.0	0.0	0.0	0.0	0.0	0.0	0.0	0.0	0.0	0.0	0.0	0.0	0.0	0.0	0.0	0.0	0.0	0.0	0.0	0.0	0.0	0.0	0.0	0.0	0.0	0.0	0.0	0.0	0.0	0.0	0.0	0.0	0.0	0.0	0.0	0.0	0.0	0.0	0.0	0.0	0.0	0.0	0.0	0.0	0.0	0.0	0.0	0.0	0.0	0.0	0.0	0.0	0.0	0.0	0.0	0.0	0.0	0.0	0.0	
0.30398	0.07211	0.11862	0.06702	9e-05	0.08309	0.12463	0.16665	0.38593	0.05349	0.00019	1.00008	0.00019	0.37188	0.38042	0.03905	0.18598	1.00008	0.06394	0.00019	0.3904	0.01628	0.34043	1.00008	0.00019	0.00019	0.00019	0.62834	0.37188	0.00019	0.00019	0.00019	0.00019	0.51704	0.00019	0.00019	0.00019	0.00019	0.08047	0.00019	0.00019	0.00019	0.00019	0.00019	0.00019	0.00019	0.54437	0.0	0.0	0.06394	0.27358	0.07949	0.67975	0.32177	1.00008	0.95486	2.03695	0.0	0.17829	1.00008	0.00019	0.00019	0.00019	0.00019	0.00019	0.00019	0.00019	0.00019	0.00019	1.00008	0.15914	0.00019	0.00019	0.00019	0.00019	0.00019	0.00019	0.00019	0.00019	0.00019	1.00008	1.00008	0.00019	0.26783	0.22776	0.00019	1.00008	0.00019	0.27261	0.49915	0.32908	1.00008	0.00019	1.00008	0.0	0.0	1.87072	0.25211	0.15314	0.11234	0.14597	0.05559	0.3343	0.17328	0.2166	0.19633	0.10045	
0.08384	0.07798	0.09742	0.03261	0.07061	0.11027	0.47244	0.15561	0.15259	0.03585	0.00016	0.06394	0.00016	0.0989	0.09739	0.10781	0.0452	0.06394	0.99974	0.00016	0.06004	0.05472	0.05575	0.06394	0.00016	0.00016	0.00016	0.14003	0.0989	0.00016	0.00016	0.00016	0.00016	0.08773	0.00016	0.00016	0.00016	0.00016	0.01468	0.00016	0.00016	0.00016	0.00016	0.00016	0.00016	0.00016	0.15124	0.0	0.06394	0.0	0.12499	0.02322	0.07456	0.10163	0.06394	0.08005	0.05334	0.04942	0.02672	0.06394	0.00016	0.00016	0.00016	0.00016	0.00016	0.00016	0.00016	0.00016	0.00016	0.06394	0.19406	0.00016	0.00016	0.00016	0.00016	0.00016	0.00016	0.00016	0.00016	0.00016	0.06394	0.06394	0.00016	0.03511	0.05254	0.00016	0.06394	0.00016	0.55714	0.11439	0.07749	0.06394	0.00016	0.06394	0.0	0.0	0.25954	0.08547	0.10722	0.16583	0.04428	0.06701	0.1574	0.13992	0.04673	0.10659	0.08143	
0.16907	0.04333	0.10341	0.0579	0.00344	0.05985	0.13848	0.04978	0.23517	0.02953	0.00012	0.27358	0.00012	0.54763	0.1616	0.00472	0.12427	0.27358	0.12499	0.00012	0.28419	0.02113	0.25457	0.27358	0.00012	0.00012	0.00012	0.23536	0.54763	0.00012	0.00012	0.00012	0.00012	0.17699	0.00012	0.00012	0.00012	0.00012	0.04261	0.00012	0.00012	0.00012	0.00012	0.00012	0.00012	0.00012	0.25912	0.0	0.27358	0.12499	0.0	0.07436	0.40584	0.18508	0.27358	0.54402	0.20046	0.22238	0.08829	0.27358	0.00012	0.00012	0.00012	0.00012	0.00012	0.00012	0.00012	0.00012	0.00012	0.27358	0.03757	0.00012	0.00012	0.00012	0.00012	0.00012	0.00012	0.00012	0.00012	0.00012	0.27358	0.27358	0.00012	0.12445	0.18761	0.00012	0.27358	0.00012	0.81161	0.19657	0.4228	0.27358	0.00012	0.27358	0.0	0.0	1.27038	0.08169	0.44257	0.17019	0.04932	0.03526	0.26627	0.16839	0.21088	0.20623	0.2289	
0.30394	0.09993	0.08934	0.52983	0.08807	0.40801	0.55065	0.20612	0.30272	0.04433	0.00014	0.07949	0.00014	0.09189	0.12271	0.13633	0.05562	0.07949	0.02322	0.00014	0.40808	0.06773	0.41376	0.07949	0.00014	0.00014	0.00014	0.18545	0.09189	0.00014	0.00014	0.00014	0.00014	0.11371	0.00014	0.00014	0.00014	0.00014	0.01731	0.00014	0.00014	0.00014	0.00014	0.00014	0.00014	0.00014	0.09534	0.0	0.07949	0.02322	0.07436	0.0	0.39976	0.2978	0.07949	1.0568	0.06454	0.05727	0.03226	0.07949	0.00014	0.00014	0.00014	0.00014	0.00014	0.00014	0.00014	0.00014	0.00014	0.07949	0.25703	0.00014	0.00014	0.00014	0.00014	0.00014	0.00014	0.00014	0.00014	0.00014	0.07949	0.07949	0.00014	0.04284	0.06495	0.00014	0.07949	0.00014	0.06103	0.1515	0.10105	0.07949	0.00014	0.07949	0.0	0.0	0.33275	0.11081	0.09178	0.05753	0.05579	0.1262	0.08838	0.18255	0.21608	0.10498	0.12964	
0.51334	0.14617	0.23082	0.3053	0.06004	0.29214	0.38089	0.24581	0.60785	0.06877	0.00011	0.67975	0.00011	0.69215	0.32811	0.09543	0.24885	0.67975	0.07456	0.00011	0.65876	0.07598	0.60126	0.67975	0.00011	0.00011	0.00011	0.66574	0.69215	0.00011	0.00011	0.00011	0.00011	0.50365	0.00011	0.00011	0.00011	0.00011	0.05886	0.00011	0.00011	0.00011	0.00011	0.00011	0.00011	0.00011	0.49421	0.0	0.67975	0.07456	0.40584	0.39976	0.0	0.53113	0.67975	1.95439	0.69087	0.95486	0.13354	0.67975	0.00011	0.00011	0.00011	0.00011	0.00011	0.00011	0.00011	0.00011	0.00011	0.67975	0.24965	0.00011	0.00011	0.00011	0.00011	0.00011	0.00011	0.00011	0.00011	0.00011	0.67975	0.67975	0.00011	0.20091	0.319	0.00011	0.67975	0.00011	0.5619	0.54389	0.58991	0.67975	0.00011	0.67975	0.0	0.0	1.96789	0.27315	0.25824	0.15011	0.14032	0.16293	0.3384	0.26439	0.31847	0.24829	0.19499	
0.58882	0.24472	0.19528	0.29241	0.08414	0.38336	0.3519	0.27413	0.58786	0.05828	5e-05	0.32177	5e-05	0.32988	0.15567	0.19341	0.32205	0.32177	0.10163	5e-05	0.52216	0.16134	0.53462	0.32177	5e-05	5e-05	5e-05	0.58462	0.32988	5e-05	5e-05	5e-05	5e-05	0.4411	5e-05	5e-05	5e-05	5e-05	0.06761	5e-05	5e-05	5e-05	5e-05	5e-05	5e-05	5e-05	0.4053	0.0	0.32177	0.10163	0.18508	0.2978	0.53113	0.0	0.32177	0.91955	0.32582	0.35789	0.20121	0.32177	5e-05	5e-05	5e-05	5e-05	5e-05	5e-05	5e-05	5e-05	5e-05	0.32177	0.24509	5e-05	5e-05	5e-05	5e-05	5e-05	5e-05	5e-05	5e-05	5e-05	0.32177	0.32177	5e-05	0.13566	0.4831	5e-05	0.32177	5e-05	0.41744	0.76761	0.39218	0.32177	5e-05	0.32177	0.0	0.0	0.71554	0.26376	0.20471	0.15713	0.21025	0.26643	0.2676	0.19068	0.35321	0.30424	0.17044	
0.30398	0.07211	0.11862	0.06702	9e-05	0.08309	0.12463	0.16665	0.38593	0.05349	0.00019	1.00008	0.00019	0.37188	0.38042	0.03905	0.18598	1.00008	0.06394	0.00019	0.3904	0.01628	0.34043	1.00008	0.00019	0.00019	0.00019	0.62834	0.37188	0.00019	0.00019	0.00019	0.00019	0.51704	0.00019	0.00019	0.00019	0.00019	0.08047	0.00019	0.00019	0.00019	0.00019	0.00019	0.00019	0.00019	0.54437	0.0	1.00008	0.06394	0.27358	0.07949	0.67975	0.32177	0.0	0.95486	2.03695	0.0	0.17829	1.00008	0.00019	0.00019	0.00019	0.00019	0.00019	0.00019	0.00019	0.00019	0.00019	1.00008	0.15914	0.00019	0.00019	0.00019	0.00019	0.00019	0.00019	0.00019	0.00019	0.00019	1.00008	1.00008	0.00019	0.26783	0.22776	0.00019	1.00008	0.00019	0.27261	0.49915	0.32908	1.00008	0.00019	1.00008	0.0	0.0	1.87072	0.25211	0.15314	0.11234	0.14597	0.05559	0.3343	0.17328	0.2166	0.19633	0.10045	
