0.0	0.08742	0.19641	0.29056	0.17912	0.00246	0.05166	0.03745	0.13124	0.04664	0.17608	0.13474	0.0319	0.09076	0.02746	0.03891	0.1157	0.06423	0.01785	0.02924	0.08726	0.01785	0.1469	0.17333	0.08474	0.07779	0.0	0.0	0.0	0.0	0.0	0.0	0.18415	0.10102	2e-05	0.0	0.02924	0.03873	0.06582	0.0833	0.11439	0.03566	0.05709	0.02088	0.12107	0.19225	0.06037	0.18636	0.08458	0.01388	0.08434	0.0267	0.10161	0.24556	0.06436	0.1383	0.07708	0.08152	0.1047	0.1358	0.10361	0.23578	0.0	0.08357	0.03929	0.01498	0.04584	0.09647	0.09186	0.06098	0.02163	0.0	0.11773	0.03745	0.07249	0.092	0.10048	0.12012	0.08775	0.24024	0.09456	0.17404	0.16416	0.04481	0.0	0.0	0.0	0.0	0.0	0.05079	0.07281	0.0122	0.01184	0.0588	0.0	0.0	0.0	0.03142	0.07398	0.10712	0.03593	0.0	0.06324	0.16441	0.22587	0.39835	0.07904	0.08577	
0.08742	0.0	0.2321	0.28364	0.06293	0.00498	0.11338	0.04586	0.16988	0.3384	0.18562	0.2398	0.08915	0.10724	0.08707	0.07086	0.01504	0.0846	0.03119	0.05266	0.14773	0.03119	0.13681	0.18185	0.08337	0.05794	0.0	0.0	0.0	0.0	0.0	0.0	0.13119	0.14897	0.00015	0.0	0.05266	0.19394	0.19508	0.45861	0.30554	0.28754	0.24344	0.12012	0.11213	0.31517	0.0875	0.11998	0.18238	0.01683	0.17907	0.03433	0.208	0.1729	0.05287	0.07209	0.20784	0.15569	0.06921	0.20184	0.16766	0.05141	0.0	0.14317	0.05756	0.04438	0.16136	0.0773	0.13348	0.24686	0.05416	0.0	0.12268	0.04586	0.04391	0.11299	0.13191	0.15093	0.31789	0.209	0.131	0.16994	0.28465	0.18246	0.0	0.0	0.0	0.0	0.0	0.09617	0.04685	0.01441	0.0502	0.08626	0.0	0.0	0.0	0.10651	0.20439	0.23168	0.0439	0.0	0.2355	0.21623	0.26315	0.10433	0.1844	0.15364	
0.19641	0.2321	0.0	0.36483	0.20242	0.00164	0.06078	0.02051	0.15351	0.17759	0.06532	0.26252	0.05867	0.17213	0.05323	0.20119	0.04202	0.02811	0.01023	0.0163	0.08427	0.01023	0.06782	0.16253	0.07645	0.01999	0.0	0.0	0.0	0.0	0.0	0.0	0.14942	0.17784	7e-05	0.0	0.0163	0.06695	0.07902	0.24827	0.16042	0.25698	0.12049	0.02112	0.09905	0.11727	0.06474	0.08042	0.09984	0.00807	0.13095	0.03349	0.11729	0.15988	0.06089	0.05968	0.09175	0.18019	0.10643	0.14333	0.08449	0.20923	0.0	0.10131	0.05493	0.11188	0.08301	0.02626	0.09879	0.19466	0.03231	0.0	0.15695	0.02051	0.03754	0.16906	0.14194	0.16372	0.28678	0.19291	0.0673	0.19589	0.11726	0.06886	0.0	0.0	0.0	0.0	0.0	0.05526	0.02089	0.00712	0.06301	0.02468	0.0	0.0	0.0	0.06436	0.0838	0.13706	0.01973	0.0	0.14586	0.07398	0.38507	0.10972	0.0736	0.16177	
0.29056	0.28364	0.36483	0.0	0.27181	0.00112	0.12022	0.0193	0.05809	0.15257	0.11664	0.26151	0.05619	0.12406	0.0513	0.02003	0.04432	0.02686	0.00948	0.01526	0.08626	0.00948	0.12394	0.19938	0.07683	0.01842	0.0	0.0	0.0	0.0	0.0	0.0	0.28213	0.24495	4e-05	0.0	0.01526	0.11426	0.08411	0.40707	0.24976	0.17172	0.0906	0.10487	0.23075	0.25079	0.11809	0.19931	0.16177	0.0073	0.18249	0.09347	0.22194	0.51784	0.13047	0.06443	0.14741	0.13917	0.12859	0.15832	0.14423	0.14601	0.0	0.07987	0.12514	0.02848	0.04698	0.02505	0.14721	0.14323	0.03076	0.0	0.2315	0.0193	0.03587	0.33515	0.27776	0.19878	0.20036	0.29812	0.06645	0.17419	0.15384	0.19365	0.0	0.0	0.0	0.0	0.0	0.0526	0.01967	0.00655	0.13174	0.33361	0.0	0.0	0.0	0.1268	0.19209	0.14744	0.01855	0.0	0.3123	0.15593	0.56604	0.28353	0.28013	0.27307	
0.17912	0.06293	0.20242	0.27181	0.0	0.00174	0.15617	0.02721	0.29774	0.08195	0.12114	0.18331	0.1564	0.132	0.07295	0.31301	0.08288	0.03778	0.01337	0.02149	0.03671	0.01337	0.1101	0.19518	0.06002	0.02911	0.0	0.0	0.0	0.0	0.0	0.0	0.17071	0.0768	8e-05	0.0	0.02149	0.06906	0.07057	0.2611	0.15632	0.11345	0.05728	0.1183	0.13559	0.24675	0.14042	0.19155	0.15043	0.01038	0.28748	0.01792	0.13515	0.26831	0.06962	0.20075	0.09467	0.1835	0.12482	0.22321	0.0824	0.16625	0.0	0.08125	0.04655	0.21142	0.17032	0.03523	0.19635	0.05137	0.04344	0.0	0.20812	0.02721	0.05072	0.1584	0.0594	0.14525	0.16398	0.23304	0.09483	0.11749	0.10618	0.12283	0.0	0.0	0.0	0.0	0.0	0.02807	0.10368	0.00924	0.04811	0.12597	0.0	0.0	0.0	0.06566	0.10224	0.14888	0.02615	0.0	0.18323	0.19598	0.15012	0.3134	0.10585	0.24659	
0.00246	0.00498	0.00164	0.00112	0.00174	0.0	0.00126	0.00117	0.00154	0.00705	0.00231	0.00306	0.00274	0.00557	0.0258	0.00176	0.00114	0.43563	0.00029	0.00029	0.01043	0.00029	0.02329	0.00774	0.00077	0.00108	0.0	0.0	0.0	0.0	0.0	0.0	0.00086	0.00344	0.0	0.0	0.00029	0.00136	0.08349	0.00048	0.00022	0.00055	0.00322	0.01004	0.00752	0.01716	0.08473	0.0022	0.00233	0.00034	0.00327	0.00038	0.00187	0.00208	0.00137	0.00089	0.00489	0.00236	0.00262	0.00341	0.00103	0.00342	0.0	0.0038	0.00247	0.0011	0.00193	0.00103	0.00688	0.00279	0.00099	0.0	0.00687	0.00117	0.07546	0.001	0.00202	0.00266	0.00012	0.00024	0.00061	0.00518	0.00481	0.00473	0.0	0.0	0.0	0.0	0.0	0.00084	0.00076	0.00035	0.00369	0.00074	0.0	0.0	0.0	0.00171	0.00631	0.00237	0.00113	0.0	0.07656	0.00351	0.00116	0.00251	0.00124	0.00923	
0.05166	0.11338	0.06078	0.12022	0.15617	0.00126	0.0	0.29935	0.1068	0.15859	0.0906	0.21575	0.091	0.31673	0.09336	0.03517	0.06539	0.06497	0.04002	0.06619	0.16505	0.04002	0.19025	0.21322	0.16667	0.06746	0.0	0.0	0.0	0.0	0.0	0.0	0.115	0.22218	0.00023	0.0	0.06619	0.14924	0.08171	0.15506	0.73331	0.13338	0.08828	0.06839	0.08554	0.24407	0.13018	0.19492	0.15886	0.03363	0.34672	0.16478	0.55863	0.17171	0.26535	0.06071	0.15349	0.13687	0.19812	0.31798	0.34768	0.22449	0.0	0.11089	0.03065	0.00742	0.08487	0.06236	0.1601	0.07809	0.01131	0.0	0.22915	0.29935	0.06396	0.2673	0.25389	0.16169	0.11746	0.42581	0.29912	0.17174	0.10941	0.20551	0.0	0.0	0.0	0.0	0.0	0.07986	0.03441	0.02727	0.10164	0.04091	0.0	0.0	0.0	0.08119	0.16229	0.10576	0.03248	0.0	0.08114	0.12845	0.14713	0.0398	0.22941	0.14324	
0.03745	0.04586	0.02051	0.0193	0.02721	0.00117	0.29935	0.0	0.01954	0.08356	0.07304	0.04822	0.02245	0.03769	0.02069	0.01018	0.01901	0.01193	0.00576	0.0083	0.02615	0.00576	0.15682	0.20543	0.02213	0.00978	0.0	0.0	0.0	0.0	0.0	0.0	0.0207	0.07399	0.00016	0.0	0.0083	0.16559	0.02395	0.04648	0.5598	0.04158	0.07403	0.0303	0.05696	0.09185	0.08541	0.06306	0.03941	0.0048	0.10215	0.61314	0.05741	0.03197	0.20761	0.01511	0.06465	0.04303	0.03704	0.06658	0.18665	0.041	0.0	0.05652	0.04362	0.01316	0.01771	0.01129	0.10329	0.05539	0.01394	0.0	0.05607	0.99971	0.01574	0.41849	0.04895	0.0885	0.12389	0.09955	0.02214	0.06265	0.06786	0.05914	0.0	0.0	0.0	0.0	0.0	0.01975	0.00997	0.00431	0.05043	0.01134	0.0	0.0	0.0	0.04361	0.04296	0.05008	0.00954	0.0	0.03114	0.04518	0.01793	0.03788	0.10024	0.07082	
0.13124	0.16988	0.15351	0.05809	0.29774	0.00154	0.1068	0.01954	0.0	0.1645	0.16803	0.12271	0.16479	0.28394	0.04847	0.29579	0.13724	0.02718	0.00962	0.01545	0.29197	0.00962	0.15016	0.17225	0.10531	0.09923	0.0	0.0	0.0	0.0	0.0	0.0	0.14719	0.16221	8e-05	0.0	0.01545	0.16018	0.14349	0.1383	0.45132	0.109	0.17405	0.11602	0.1602	0.23761	0.15397	0.11544	0.22934	0.00756	0.19803	0.01294	0.23269	0.09362	0.04955	0.16677	0.15805	0.20099	0.11236	0.21689	0.05862	0.09947	0.0	0.19893	0.16891	0.19732	0.27751	0.02535	0.22511	0.13041	0.03112	0.0	0.18373	0.01954	0.06563	0.04366	0.13901	0.16897	0.2729	0.36039	0.06723	0.24727	0.22918	0.20836	0.0	0.0	0.0	0.0	0.0	0.05453	0.29195	0.00666	0.19102	0.02362	0.0	0.0	0.0	0.09415	0.19246	0.32911	0.16102	0.0	0.11975	0.15497	0.05228	0.11883	0.10037	0.17121	
0.04664	0.3384	0.17759	0.15257	0.08195	0.00705	0.15859	0.08356	0.1645	0.0	0.09255	0.16946	0.00625	0.08849	0.17605	0.06937	0.00256	0.10622	0.03093	0.05092	0.20847	0.03093	0.14579	0.11205	0.15892	0.05959	0.0	0.0	0.0	0.0	0.0	0.0	0.09778	0.18994	0.00021	0.0	0.05092	0.04297	0.22518	0.29987	0.974	0.10891	0.19133	0.05168	0.05075	0.25892	0.23118	0.03693	0.17338	0.02567	0.178	0.02707	0.21949	0.11458	0.05558	0.03815	0.18884	0.17391	0.10281	0.23531	0.09745	0.07905	0.0	0.20563	0.12744	0.03744	0.09628	0.09746	0.15309	0.32821	0.04696	0.0	0.18225	0.08356	0.09506	0.11487	0.1123	0.06776	0.11091	0.13577	0.23842	0.26188	0.14254	0.16764	0.0	0.0	0.0	0.0	0.0	0.11336	0.06848	0.02099	0.03083	0.08205	0.0	0.0	0.0	0.17468	0.07839	0.10829	0.05946	0.0	0.40396	0.04399	0.1278	0.04823	0.22615	0.13698	
0.17608	0.18562	0.06532	0.11664	0.12114	0.00231	0.0906	0.07304	0.16803	0.09255	0.0	0.08342	0.14152	0.18398	0.07182	0.076	0.07804	0.06274	0.01699	0.02773	0.25505	0.01699	0.16032	0.10444	0.06526	0.04903	0.0	0.0	0.0	0.0	0.0	0.0	0.12792	0.06551	3e-05	0.0	0.02773	0.15869	0.1823	0.07402	0.15901	0.0555	0.05156	0.03407	0.13271	0.35594	0.07051	0.08337	0.07467	0.02736	0.08234	0.03135	0.15822	0.15988	0.02006	0.08458	0.2663	0.08798	0.12375	0.12182	0.06078	0.09602	0.0	0.06015	0.09057	0.11359	0.11435	0.15417	0.05002	0.11503	0.07472	0.0	0.10449	0.07304	0.06808	0.10332	0.03029	0.28299	0.07148	0.19306	0.13795	0.14834	0.19167	0.09937	0.0	0.0	0.0	0.0	0.0	0.15319	0.15262	0.02302	0.08349	0.04321	0.0	0.0	0.0	0.04254	0.21805	0.11597	0.03401	0.0	0.10628	0.0743	0.10342	0.13678	0.14548	0.11961	
0.13474	0.2398	0.26252	0.26151	0.18331	0.00306	0.21575	0.04822	0.12271	0.16946	0.08342	0.0	0.05999	0.38514	0.1735	0.05638	0.10419	0.07177	0.02244	0.03726	0.13966	0.02244	0.18488	0.21765	0.11121	0.04614	0.0	0.0	0.0	0.0	0.0	0.0	0.20584	0.22426	0.00017	0.0	0.03726	0.10192	0.23443	0.22125	0.51248	0.12816	0.23389	0.0933	0.14573	0.21742	0.0823	0.25079	0.24706	0.01704	0.14601	0.02685	0.27061	0.19589	0.06753	0.1783	0.19578	0.13492	0.1009	0.24887	0.11991	0.07924	0.0	0.09246	0.05812	0.02964	0.16102	0.06629	0.09717	0.06854	0.0258	0.0	0.19009	0.04822	0.11058	0.18791	0.32067	0.17401	0.26814	0.25054	0.13589	0.11794	0.14788	0.1052	0.0	0.0	0.0	0.0	0.0	0.04836	0.08336	0.01524	0.07845	0.06703	0.0	0.0	0.0	0.06232	0.34665	0.22042	0.05185	0.0	0.12707	0.19482	0.24515	0.14248	0.13228	0.17308	
0.0319	0.08915	0.05867	0.05619	0.1564	0.00274	0.091	0.02245	0.16479	0.00625	0.14152	0.05999	0.0	0.11959	0.0106	0.20539	0.04958	0.02942	0.0116	0.10911	0.10763	0.0116	0.04922	0.05567	0.06366	0.02266	0.0	0.0	0.0	0.0	0.0	0.0	0.10186	0.05979	0.00027	0.0	0.10911	0.08575	0.0423	0.04816	0.27306	1.01725	0.07368	0.00172	0.06526	0.42449	0.09604	0.1521	0.26953	0.00952	0.05208	0.01707	0.15665	0.1031	0.04687	0.03755	0.2362	0.09211	0.19242	0.1273	0.06276	0.17597	0.0	0.18842	0.03939	0.08623	0.32643	0.15305	0.13601	0.09052	0.2002	0.0	0.08733	0.02245	0.03955	0.04457	0.13803	0.12876	0.37345	0.32106	0.18848	0.24621	0.08023	0.19662	0.0	0.0	0.0	0.0	0.0	0.13673	0.02274	0.00824	0.16068	0.02652	0.0	0.0	0.0	0.01403	0.09101	0.08234	0.02166	0.0	0.03056	0.18274	0.05123	0.11351	0.09315	0.0494	
0.09076	0.10724	0.17213	0.12406	0.132	0.00557	0.31673	0.03769	0.28394	0.08849	0.18398	0.38514	0.11959	0.0	0.13549	0.07521	0.14427	0.08408	0.01772	0.02926	0.20199	0.01772	0.12717	0.17056	0.17913	0.09184	0.0	0.0	0.0	0.0	0.0	0.0	0.15422	0.26825	0.00013	0.0	0.02926	0.21966	0.14973	0.11902	0.68359	0.29596	0.19179	0.0438	0.14815	0.23231	0.15519	0.19849	0.25584	0.01415	0.09796	0.02839	0.36111	0.14371	0.10643	0.17911	0.12754	0.14208	0.19029	0.13989	0.13502	0.13128	0.0	0.08694	0.04698	0.04119	0.15123	0.08758	0.16835	0.15888	0.04249	0.0	0.14982	0.03769	0.0769	0.05846	0.22288	0.1857	0.28163	0.2699	0.1699	0.22033	0.26227	0.18395	0.0	0.0	0.0	0.0	0.0	0.10702	0.20485	0.01207	0.1981	0.10764	0.0	0.0	0.0	0.07981	0.25721	0.22543	0.08172	0.0	0.18993	0.11657	0.07947	0.04463	0.12467	0.13139	
0.02746	0.08707	0.05323	0.0513	0.07295	0.0258	0.09336	0.02069	0.04847	0.17605	0.07182	0.1735	0.0106	0.13549	0.0	0.02142	0.04542	0.17124	0.01089	0.01676	0.2282	0.01089	0.25425	0.05013	0.05792	0.02082	0.0	0.0	0.0	0.0	0.0	0.0	0.05555	0.1788	0.00031	0.0	0.01676	0.07674	0.15844	0.04682	0.52213	0.05182	0.12487	0.00135	0.03735	0.11114	0.10791	0.04643	0.01521	0.00898	0.05996	0.01573	0.07249	0.0229	0.04776	0.03459	0.09524	0.05467	0.14614	0.08398	0.05305	0.01415	0.0	0.03378	0.00409	0.02934	0.17767	0.15236	0.30753	0.08753	0.04986	0.0	0.08832	0.02069	0.44322	0.04093	0.14199	0.15317	0.37687	0.30255	0.12329	0.01921	0.02438	0.06369	0.0	0.0	0.0	0.0	0.0	0.13414	0.02105	0.00778	0.01205	0.02454	0.0	0.0	0.0	0.01553	0.1113	0.08371	0.18753	0.0	0.1406	0.16347	0.04685	0.10078	0.08336	0.05476	
0.03891	0.07086	0.20119	0.02003	0.31301	0.00176	0.03517	0.01018	0.29579	0.06937	0.076	0.05638	0.20539	0.07521	0.02142	0.0	0.01968	0.01235	0.00599	0.00859	0.02716	0.00599	0.02275	0.09166	0.02306	0.01036	0.0	0.0	0.0	0.0	0.0	0.0	0.02149	0.05211	0.00031	0.0	0.00859	0.0292	0.02486	0.32771	0.0914	0.34647	0.05314	0.11298	0.07258	0.094	0.03055	0.05231	0.0886	0.00513	0.05848	0.00856	0.04362	0.03322	0.02054	0.01564	0.06742	0.12125	0.06114	0.09625	0.02131	0.06297	0.0	0.05878	0.07158	0.47225	0.23024	0.01169	0.10775	0.05754	0.01443	0.0	0.05874	0.01018	0.01629	0.0171	0.05084	0.09236	0.12624	0.10144	0.02297	0.11433	0.07071	0.05737	0.0	0.0	0.0	0.0	0.0	0.02047	0.01032	0.00451	0.06111	0.01173	0.0	0.0	0.0	0.05897	0.08299	0.10614	0.00988	0.0	0.07674	0.0564	0.01861	0.03928	0.03025	0.07379	
0.1157	0.01504	0.04202	0.04432	0.08288	0.00114	0.06539	0.01901	0.13724	0.00256	0.07804	0.10419	0.04958	0.14427	0.04542	0.01968	0.0	0.02479	0.01	0.01541	0.05168	0.01	0.05334	0.25149	0.5065	0.35497	0.0	0.0	0.0	0.0	0.0	0.0	0.39912	0.10292	7e-05	0.0	0.01541	0.24675	0.05928	0.03074	0.04548	0.03397	0.07116	4e-05	0.1694	0.09863	0.07389	0.27853	0.10475	0.00783	0.13924	0.01259	0.11142	0.20605	0.04353	0.06688	0.1032	0.15273	0.16233	0.07858	0.04804	0.19327	0.0	0.07832	0.10637	0.02689	0.04017	0.02329	0.08987	0.01632	0.02878	0.0	0.16404	0.01901	0.03303	0.04178	0.12971	0.04552	0.12497	0.4883	0.05325	0.07605	0.09769	0.10507	0.0	0.0	0.0	0.0	0.0	0.04544	0.22845	0.00711	0.00262	0.02251	0.0	0.0	0.0	0.01017	0.04307	0.10116	0.01835	0.0	0.04565	0.11745	0.14309	0.21577	0.0357	0.01756	
0.06423	0.0846	0.02811	0.02686	0.03778	0.43563	0.06497	0.01193	0.02718	0.10622	0.06274	0.07177	0.02942	0.08408	0.17124	0.01235	0.02479	0.0	0.00659	0.00984	0.1053	0.00659	0.14777	0.09767	0.09267	0.01167	0.0	0.0	0.0	0.0	0.0	0.0	0.02894	0.07385	0.00037	0.0	0.00984	0.039	0.28976	0.17641	0.10034	0.1803	0.10361	0.15377	0.10301	0.14558	0.2354	0.07332	0.06877	0.00537	0.09135	0.00855	0.07304	0.04582	0.02597	0.01924	0.08972	0.06917	0.11369	0.0768	0.02809	0.05777	0.0	0.05511	0.06619	0.1367	0.02378	0.24574	0.09441	0.06863	0.0176	0.0	0.10837	0.01193	0.25763	0.02208	0.06519	0.06806	0.11239	0.12441	0.06946	0.08034	0.12097	0.09147	0.0	0.0	0.0	0.0	0.0	0.08184	0.01212	0.00483	0.06982	0.01398	0.0	0.0	0.0	0.06291	0.08934	0.06563	0.01154	0.0	0.22288	0.0781	0.02474	0.05185	0.07921	0.09877	
0.01785	0.03119	0.01023	0.00948	0.01337	0.00029	0.04002	0.00576	0.00962	0.03093	0.01699	0.02244	0.0116	0.01772	0.01089	0.00599	0.01	0.00659	0.0	0.0051	0.01259	1.00003	0.01072	0.01664	0.087	0.00543	0.0	0.0	0.0	0.0	0.0	0.0	0.01013	0.02324	0.00056	0.0	0.0051	0.0625	0.01161	1.03163	0.03119	0.02126	0.02503	0.01526	0.13035	0.04046	0.03901	0.02931	0.03413	0.00318	0.0488	0.00404	0.03733	0.01522	0.01038	0.0082	0.03097	0.03518	0.08332	0.03198	0.08932	0.01979	0.0	0.01832	0.0215	0.0073	0.00908	0.00625	0.01702	0.02144	0.00766	0.0	0.03739	0.00576	0.00857	0.00845	0.024	0.02372	0.02465	0.04545	0.05652	0.0221	0.01836	0.05298	0.0	0.0	0.0	0.0	0.0	0.01005	0.00581	0.00314	0.02468	0.00646	0.0	0.0	0.0	0.02712	0.02034	0.02328	0.00562	0.0	0.01487	0.06854	0.0089	0.0188	0.01385	0.01766	
0.02924	0.05266	0.0163	0.01526	0.02149	0.00029	0.06619	0.0083	0.01545	0.05092	0.02773	0.03726	0.10911	0.02926	0.01676	0.00859	0.01541	0.00984	0.0051	0.0	0.02049	0.0051	0.01728	0.02737	0.01738	0.00781	0.0	0.0	0.0	0.0	0.0	0.0	0.22684	0.03865	0.00039	0.0	1.00003	0.02184	0.01881	0.0345	0.05014	0.03072	0.03931	0.02415	0.05292	0.04523	0.02294	0.04863	0.05748	0.00406	0.08232	0.00545	0.06286	0.02495	0.15868	0.0124	0.06034	0.05055	0.02889	0.05407	0.15586	0.03216	0.0	0.02999	0.05406	0.01089	0.01421	0.00932	0.02768	0.03484	0.29188	0.0	0.04302	0.0083	0.01292	0.01325	0.03911	0.03938	0.03873	0.0732	0.23032	0.03683	0.03036	0.093	0.0	0.0	0.0	0.0	0.0	0.0158	0.0084	0.00394	0.03975	0.00947	0.0	0.0	0.0	0.04429	0.03343	0.03868	0.00807	0.0	0.0566	0.12002	0.01423	0.03003	0.02271	0.05419	
0.08726	0.14773	0.08427	0.08626	0.03671	0.01043	0.16505	0.02615	0.29197	0.20847	0.25505	0.13966	0.10763	0.20199	0.2282	0.02716	0.05168	0.1053	0.01259	0.02049	0.0	0.01259	0.21531	0.06165	0.08636	0.02848	0.0	0.0	0.0	0.0	0.0	0.0	0.08277	0.22039	0.0001	0.0	0.02049	0.07182	0.20804	0.04546	0.43651	0.11883	0.15537	0.01777	0.12617	0.20652	0.24425	0.11658	0.17904	0.00995	0.08702	0.01807	0.29206	0.12949	0.06947	0.04342	0.1844	0.10982	0.10639	0.1602	0.08468	0.14651	0.0	0.21232	0.10891	0.03922	0.13384	0.09424	0.24557	0.0834	0.03881	0.0	0.09535	0.02615	0.14741	0.0703	0.05417	0.20297	0.11837	0.28917	0.13004	0.10357	0.11996	0.11185	0.0	0.0	0.0	0.0	0.0	0.1197	0.1047	0.00864	0.04693	0.03184	0.0	0.0	0.0	0.04224	0.148	0.2265	0.14062	0.0	0.13297	0.07753	0.07945	0.01943	0.1214	0.06833	
0.01785	0.03119	0.01023	0.00948	0.01337	0.00029	0.04002	0.00576	0.00962	0.03093	0.01699	0.02244	0.0116	0.01772	0.01089	0.00599	0.01	0.00659	1.00003	0.0051	0.01259	0.0	0.01072	0.01664	0.087	0.00543	0.0	0.0	0.0	0.0	0.0	0.0	0.01013	0.02324	0.00056	0.0	0.0051	0.0625	0.01161	1.03163	0.03119	0.02126	0.02503	0.01526	0.13035	0.04046	0.03901	0.02931	0.03413	0.00318	0.0488	0.00404	0.03733	0.01522	0.01038	0.0082	0.03097	0.03518	0.08332	0.03198	0.08932	0.01979	0.0	0.01832	0.0215	0.0073	0.00908	0.00625	0.01702	0.02144	0.00766	0.0	0.03739	0.00576	0.00857	0.00845	0.024	0.02372	0.02465	0.04545	0.05652	0.0221	0.01836	0.05298	0.0	0.0	0.0	0.0	0.0	0.01005	0.00581	0.00314	0.02468	0.00646	0.0	0.0	0.0	0.02712	0.02034	0.02328	0.00562	0.0	0.01487	0.06854	0.0089	0.0188	0.01385	0.01766	
0.1469	0.13681	0.06782	0.12394	0.1101	0.02329	0.19025	0.15682	0.15016	0.14579	0.16032	0.18488	0.04922	0.12717	0.25425	0.02275	0.05334	0.14777	0.01072	0.01728	0.21531	0.01072	0.0	0.1569	0.07363	0.0215	0.0	0.0	0.0	0.0	0.0	0.0	0.07341	0.18422	0.00011	0.0	0.01728	0.12193	0.2317	0.09638	1.05553	0.02605	0.136	0.07691	0.17795	0.18333	0.27683	0.07041	0.16024	0.00849	0.09424	0.02641	0.29442	0.11995	0.05533	0.03918	0.24727	0.1413	0.08557	0.20513	0.0809	0.08057	0.0	0.14027	0.02617	0.03251	0.13962	0.02862	0.24611	0.02875	0.03515	0.0	0.19263	0.15682	0.42859	0.1463	0.2021	0.2379	0.38847	0.37461	0.07784	0.14542	0.20896	0.09656	0.0	0.0	0.0	0.0	0.0	0.06256	0.02235	0.0074	0.02047	0.11975	0.0	0.0	0.0	0.08159	0.13584	0.08524	0.14529	0.0	0.23013	0.10564	0.06017	0.12831	0.12346	0.09896	
0.17333	0.18185	0.16253	0.19938	0.19518	0.00774	0.21322	0.20543	0.17225	0.11205	0.10444	0.21765	0.05567	0.17056	0.05013	0.09166	0.25149	0.09767	0.01664	0.02737	0.06165	0.01664	0.1569	0.0	0.20581	0.09232	0.0	0.0	0.0	0.0	0.0	0.0	0.37234	0.21133	0.00017	0.0	0.02737	0.24147	0.14017	0.08767	0.36065	0.09247	0.14792	0.05434	0.27119	0.36253	0.18273	0.48438	0.28901	0.01324	0.37041	0.08443	0.33393	0.3152	0.12416	0.16194	0.16229	0.21045	0.21206	0.2631	0.20905	0.16233	0.0	0.11477	0.15769	0.05384	0.06949	0.04725	0.32956	0.36519	0.05831	0.0	0.39666	0.20543	0.04628	0.31397	0.25175	0.20349	0.32023	1.48416	0.14825	0.13501	0.19822	0.32933	0.0	0.0	0.0	0.0	0.0	0.11268	0.08148	0.01136	0.06104	0.04315	0.0	0.0	0.0	0.07201	0.1022	0.16028	0.03374	0.0	0.16901	0.1861	0.26177	0.20269	0.2293	0.11911	
0.08474	0.08337	0.07645	0.07683	0.06002	0.00077	0.16667	0.02213	0.10531	0.15892	0.06526	0.11121	0.06366	0.17913	0.05792	0.02306	0.5065	0.09267	0.087	0.01738	0.08636	0.087	0.07363	0.20581	0.0	0.17308	0.0	0.0	0.0	0.0	0.0	0.0	0.26062	0.23588	0.0002	0.0	0.01738	0.37982	0.05698	0.34561	0.23869	0.34073	0.12745	0.00752	0.23917	0.16135	0.07066	0.26167	0.15387	0.01393	0.15517	0.01317	0.19283	0.16233	0.0549	0.04335	0.24102	0.17657	0.2254	0.16796	0.08423	0.19869	0.0	0.19045	0.05766	0.0262	0.05221	0.09209	0.13313	0.13558	0.03471	0.0	0.2638	0.02213	0.04066	0.0722	0.20171	0.10688	0.18864	0.37767	0.22126	0.19971	0.17584	0.17341	0.0	0.0	0.0	0.0	0.0	0.05996	0.09747	0.00763	0.07064	0.02646	0.0	0.0	0.0	0.07881	0.14094	0.06078	0.02129	0.0	0.14315	0.11037	0.23704	0.15664	0.13452	0.09035	
0.07779	0.05794	0.01999	0.01842	0.02911	0.00108	0.06746	0.00978	0.09923	0.05959	0.04903	0.04614	0.02266	0.09184	0.02082	0.01036	0.35497	0.01167	0.00543	0.00781	0.02848	0.00543	0.0215	0.09232	0.17308	0.0	0.0	0.0	0.0	0.0	0.0	0.0	0.31108	0.06337	0.00016	0.0	0.00781	0.15184	0.02289	0.25142	0.07767	0.26916	0.04999	0.03	0.07571	0.04668	0.02928	0.10363	0.03914	0.00447	0.05803	0.00729	0.0414	0.07779	0.01927	0.05908	0.06823	0.09272	0.06151	0.07594	0.01943	0.06256	0.0	0.20899	0.04338	0.01286	0.01751	0.01092	0.03619	0.04674	0.01352	0.0	0.06014	0.00978	0.0158	0.01579	0.05272	0.04965	0.05475	0.19392	0.02043	0.06153	0.05717	0.04688	0.0	0.0	0.0	0.0	0.0	0.01855	0.32445	0.00405	0.04223	0.01095	0.0	0.0	0.0	0.0378	0.03953	0.10442	0.00949	0.0	0.0592	0.04539	0.26766	0.08854	0.09471	0.03515	
0.0	0.0	0.0	0.0	0.0	0.0	0.0	0.0	0.0	0.0	0.0	0.0	0.0	0.0	0.0	0.0	0.0	0.0	0.0	0.0	0.0	0.0	0.0	0.0	0.0	0.0	0.0	0.0	0.0	0.0	0.0	0.0	0.0	0.0	0.0	0.0	0.0	0.0	0.0	0.0	0.0	0.0	0.0	0.0	0.0	0.0	0.0	0.0	0.0	0.0	0.0	0.0	0.0	0.0	0.0	0.0	0.0	0.0	0.0	0.0	0.0	0.0	0.0	0.0	0.0	0.0	0.0	0.0	0.0	0.0	0.0	0.0	0.0	0.0	0.0	0.0	0.0	0.0	0.0	0.0	0.0	0.0	0.0	0.0	0.0	0.0	0.0	0.0	0.0	0.0	0.0	0.0	0.0	0.0	0.0	0.0	0.0	0.0	0.0	0.0	0.0	0.0	0.0	0.0	0.0	0.0	0.0	0.0	
0.0	0.0	0.0	0.0	0.0	0.0	0.0	0.0	0.0	0.0	0.0	0.0	0.0	0.0	0.0	0.0	0.0	0.0	0.0	0.0	0.0	0.0	0.0	0.0	0.0	0.0	0.0	0.0	0.0	0.0	0.0	0.0	0.0	0.0	0.0	0.0	0.0	0.0	0.0	0.0	0.0	0.0	0.0	0.0	0.0	0.0	0.0	0.0	0.0	0.0	0.0	0.0	0.0	0.0	0.0	0.0	0.0	0.0	0.0	0.0	0.0	0.0	0.0	0.0	0.0	0.0	0.0	0.0	0.0	0.0	0.0	0.0	0.0	0.0	0.0	0.0	0.0	0.0	0.0	0.0	0.0	0.0	0.0	0.0	0.0	0.0	0.0	0.0	0.0	0.0	0.0	0.0	0.0	0.0	0.0	0.0	0.0	0.0	0.0	0.0	0.0	0.0	0.0	0.0	0.0	0.0	0.0	0.0	
0.0	0.0	0.0	0.0	0.0	0.0	0.0	0.0	0.0	0.0	0.0	0.0	0.0	0.0	0.0	0.0	0.0	0.0	0.0	0.0	0.0	0.0	0.0	0.0	0.0	0.0	0.0	0.0	0.0	0.0	0.0	0.0	0.0	0.0	0.0	0.0	0.0	0.0	0.0	0.0	0.0	0.0	0.0	0.0	0.0	0.0	0.0	0.0	0.0	0.0	0.0	0.0	0.0	0.0	0.0	0.0	0.0	0.0	0.0	0.0	0.0	0.0	0.0	0.0	0.0	0.0	0.0	0.0	0.0	0.0	0.0	0.0	0.0	0.0	0.0	0.0	0.0	0.0	0.0	0.0	0.0	0.0	0.0	0.0	0.0	0.0	0.0	0.0	0.0	0.0	0.0	0.0	0.0	0.0	0.0	0.0	0.0	0.0	0.0	0.0	0.0	0.0	0.0	0.0	0.0	0.0	0.0	0.0	
0.0	0.0	0.0	0.0	0.0	0.0	0.0	0.0	0.0	0.0	0.0	0.0	0.0	0.0	0.0	0.0	0.0	0.0	0.0	0.0	0.0	0.0	0.0	0.0	0.0	0.0	0.0	0.0	0.0	0.0	0.0	0.0	0.0	0.0	0.0	0.0	0.0	0.0	0.0	0.0	0.0	0.0	0.0	0.0	0.0	0.0	0.0	0.0	0.0	0.0	0.0	0.0	0.0	0.0	0.0	0.0	0.0	0.0	0.0	0.0	0.0	0.0	0.0	0.0	0.0	0.0	0.0	0.0	0.0	0.0	0.0	0.0	0.0	0.0	0.0	0.0	0.0	0.0	0.0	0.0	0.0	0.0	0.0	0.0	0.0	0.0	0.0	0.0	0.0	0.0	0.0	0.0	0.0	0.0	0.0	0.0	0.0	0.0	0.0	0.0	0.0	0.0	0.0	0.0	0.0	0.0	0.0	0.0	
0.0	0.0	0.0	0.0	0.0	0.0	0.0	0.0	0.0	0.0	0.0	0.0	0.0	0.0	0.0	0.0	0.0	0.0	0.0	0.0	0.0	0.0	0.0	0.0	0.0	0.0	0.0	0.0	0.0	0.0	0.0	0.0	0.0	0.0	0.0	0.0	0.0	0.0	0.0	0.0	0.0	0.0	0.0	0.0	0.0	0.0	0.0	0.0	0.0	0.0	0.0	0.0	0.0	0.0	0.0	0.0	0.0	0.0	0.0	0.0	0.0	0.0	0.0	0.0	0.0	0.0	0.0	0.0	0.0	0.0	0.0	0.0	0.0	0.0	0.0	0.0	0.0	0.0	0.0	0.0	0.0	0.0	0.0	0.0	0.0	0.0	0.0	0.0	0.0	0.0	0.0	0.0	0.0	0.0	0.0	0.0	0.0	0.0	0.0	0.0	0.0	0.0	0.0	0.0	0.0	0.0	0.0	0.0	
0.0	0.0	0.0	0.0	0.0	0.0	0.0	0.0	0.0	0.0	0.0	0.0	0.0	0.0	0.0	0.0	0.0	0.0	0.0	0.0	0.0	0.0	0.0	0.0	0.0	0.0	0.0	0.0	0.0	0.0	0.0	0.0	0.0	0.0	0.0	0.0	0.0	0.0	0.0	0.0	0.0	0.0	0.0	0.0	0.0	0.0	0.0	0.0	0.0	0.0	0.0	0.0	0.0	0.0	0.0	0.0	0.0	0.0	0.0	0.0	0.0	0.0	0.0	0.0	0.0	0.0	0.0	0.0	0.0	0.0	0.0	0.0	0.0	0.0	0.0	0.0	0.0	0.0	0.0	0.0	0.0	0.0	0.0	0.0	0.0	0.0	0.0	0.0	0.0	0.0	0.0	0.0	0.0	0.0	0.0	0.0	0.0	0.0	0.0	0.0	0.0	0.0	0.0	0.0	0.0	0.0	0.0	0.0	
0.18415	0.13119	0.14942	0.28213	0.17071	0.00086	0.115	0.0207	0.14719	0.09778	0.12792	0.20584	0.10186	0.15422	0.05555	0.02149	0.39912	0.02894	0.01013	0.22684	0.08277	0.01013	0.07341	0.37234	0.26062	0.31108	0.0	0.0	0.0	0.0	0.0	0.0	0.0	0.18503	6e-05	0.0	0.22684	0.15687	0.08946	0.16187	0.15674	0.16393	0.08949	0.05133	0.29902	0.20792	0.10559	0.42855	0.15751	0.00766	0.20107	0.01237	0.16536	0.25982	0.10823	0.20865	0.1696	0.20043	0.20196	0.15474	0.13059	0.231	0.0	0.12553	0.134	0.03065	0.05099	0.02697	0.13014	0.08716	0.12965	0.0	0.23558	0.0207	0.03868	0.3265	0.19087	0.2064	0.17168	0.65048	0.1899	0.10092	0.13006	0.22352	0.0	0.0	0.0	0.0	0.0	0.0586	0.17033	0.00699	0.08078	0.02506	0.0	0.0	0.0	0.08007	0.07071	0.20769	0.01989	0.0	0.18327	0.21091	0.39901	0.23759	0.17803	0.19701	
0.10102	0.14897	0.17784	0.24495	0.0768	0.00344	0.22218	0.07399	0.16221	0.18994	0.06551	0.22426	0.05979	0.26825	0.1788	0.05211	0.10292	0.07385	0.02324	0.03865	0.22039	0.02324	0.18422	0.21133	0.23588	0.06337	0.0	0.0	0.0	0.0	0.0	0.0	0.18503	0.0	0.00014	0.0	0.03865	0.12575	0.10997	0.11602	0.68993	0.10165	0.10079	0.09947	0.3198	0.16634	0.11312	0.15249	0.19763	0.01881	0.10811	0.04848	0.29544	0.15348	0.10425	0.04445	0.10302	0.24846	0.09812	0.20669	0.20337	0.1129	0.0	0.1339	0.12358	0.07761	0.07491	0.06822	0.26617	0.22457	0.02818	0.0	0.24339	0.07399	0.11349	0.22151	0.27182	0.14021	0.16774	0.34313	0.20056	0.27191	0.13027	0.22175	0.0	0.0	0.0	0.0	0.0	0.08788	0.05116	0.01576	0.16312	0.06862	0.0	0.0	0.0	0.2235	0.1519	0.12164	0.05303	0.0	0.16952	0.2094	0.28278	0.09135	0.25393	0.23045	
2e-05	0.00015	7e-05	4e-05	8e-05	0.0	0.00023	0.00016	8e-05	0.00021	3e-05	0.00017	0.00027	0.00013	0.00031	0.00031	7e-05	0.00037	0.00056	0.00039	0.0001	0.00056	0.00011	0.00017	0.0002	0.00016	0.0	0.0	0.0	0.0	0.0	0.0	6e-05	0.00014	0.0	0.0	0.00039	9e-05	0.00016	0.00048	0.00023	0.00055	0.00011	8e-05	0.00011	0.00036	0.00013	0.00027	0.0002	0.00082	0.00022	0.00083	0.00035	3e-05	7e-05	9e-05	0.00025	0.00011	0.00013	0.00023	0.00024	8e-05	0.0	0.00016	6e-05	0.0001	0.00019	0.00028	0.00031	0.00025	9e-05	0.0	0.00018	0.00016	0.00026	4e-05	0.00031	0.00025	0.00012	0.00024	0.00037	0.00017	0.00016	0.00031	0.0	0.0	0.0	0.0	0.0	0.00025	0.00013	0.00082	5e-05	0.00012	0.0	0.0	0.0	0.00029	0.00016	0.00016	0.00016	0.0	8e-05	0.00016	4e-05	5e-05	0.00012	2e-05	
0.0	0.0	0.0	0.0	0.0	0.0	0.0	0.0	0.0	0.0	0.0	0.0	0.0	0.0	0.0	0.0	0.0	0.0	0.0	0.0	0.0	0.0	0.0	0.0	0.0	0.0	0.0	0.0	0.0	0.0	0.0	0.0	0.0	0.0	0.0	0.0	0.0	0.0	0.0	0.0	0.0	0.0	0.0	0.0	0.0	0.0	0.0	0.0	0.0	0.0	0.0	0.0	0.0	0.0	0.0	0.0	0.0	0.0	0.0	0.0	0.0	0.0	0.0	0.0	0.0	0.0	0.0	0.0	0.0	0.0	0.0	0.0	0.0	0.0	0.0	0.0	0.0	0.0	0.0	0.0	0.0	0.0	0.0	0.0	0.0	0.0	0.0	0.0	0.0	0.0	0.0	0.0	0.0	0.0	0.0	0.0	0.0	0.0	0.0	0.0	0.0	0.0	0.0	0.0	0.0	0.0	0.0	0.0	
0.02924	0.05266	0.0163	0.01526	0.02149	0.00029	0.06619	0.0083	0.01545	0.05092	0.02773	0.03726	0.10911	0.02926	0.01676	0.00859	0.01541	0.00984	0.0051	1.00003	0.02049	0.0051	0.01728	0.02737	0.01738	0.00781	0.0	0.0	0.0	0.0	0.0	0.0	0.22684	0.03865	0.00039	0.0	0.0	0.02184	0.01881	0.0345	0.05014	0.03072	0.03931	0.02415	0.05292	0.04523	0.02294	0.04863	0.05748	0.00406	0.08232	0.00545	0.06286	0.02495	0.15868	0.0124	0.06034	0.05055	0.02889	0.05407	0.15586	0.03216	0.0	0.02999	0.05406	0.01089	0.01421	0.00932	0.02768	0.03484	0.29188	0.0	0.04302	0.0083	0.01292	0.01325	0.03911	0.03938	0.03873	0.0732	0.23032	0.03683	0.03036	0.093	0.0	0.0	0.0	0.0	0.0	0.0158	0.0084	0.00394	0.03975	0.00947	0.0	0.0	0.0	0.04429	0.03343	0.03868	0.00807	0.0	0.0566	0.12002	0.01423	0.03003	0.02271	0.05419	
0.03873	0.19394	0.06695	0.11426	0.06906	0.00136	0.14924	0.16559	0.16018	0.04297	0.15869	0.10192	0.08575	0.21966	0.07674	0.0292	0.24675	0.039	0.0625	0.02184	0.07182	0.0625	0.12193	0.24147	0.37982	0.15184	0.0	0.0	0.0	0.0	0.0	0.0	0.15687	0.12575	9e-05	0.0	0.02184	0.0	0.11665	0.19242	0.22227	0.08094	0.28253	0.03955	0.30534	0.19576	0.04452	0.14721	0.10539	0.01032	0.15973	0.02884	0.08525	0.11003	0.05687	0.07665	0.14541	0.12253	0.05353	0.07332	0.0865	0.06859	0.0	0.07594	0.15619	0.04151	0.0697	0.03626	0.13138	0.02401	0.04484	0.0	0.11271	0.16559	0.05283	0.15261	0.10234	0.09003	0.18488	0.18635	0.05923	0.10309	0.19875	0.18916	0.0	0.0	0.0	0.0	0.0	0.06823	0.16964	0.00932	0.02272	0.10079	0.0	0.0	0.0	0.02181	0.11906	0.15421	0.02691	0.0	0.13325	0.20438	0.13278	0.05606	0.14939	0.17446	
0.06582	0.19508	0.07902	0.08411	0.07057	0.08349	0.08171	0.02395	0.14349	0.22518	0.1823	0.23443	0.0423	0.14973	0.15844	0.02486	0.05928	0.28976	0.01161	0.01881	0.20804	0.01161	0.2317	0.14017	0.05698	0.02289	0.0	0.0	0.0	0.0	0.0	0.0	0.08946	0.10997	0.00016	0.0	0.01881	0.11665	0.0	0.11922	0.41467	0.09072	0.21747	0.08608	0.15809	0.18663	0.30243	0.09784	0.15758	0.03869	0.2305	0.04136	0.21067	0.16335	0.06283	0.05797	0.15555	0.1505	0.05079	0.12884	0.07607	0.03654	0.0	0.13856	0.07159	0.02264	0.14384	0.07066	0.13054	0.1041	0.03871	0.0	0.14709	0.02395	0.28232	0.07211	0.04475	0.1791	0.48782	0.20014	0.08935	0.13805	0.19574	0.12448	0.0	0.0	0.0	0.0	0.0	0.09185	0.02442	0.03712	0.03442	0.0291	0.0	0.0	0.0	0.09903	0.16111	0.10267	0.14103	0.0	0.20409	0.16684	0.07867	0.08046	0.13019	0.20631	
0.0833	0.45861	0.24827	0.40707	0.2611	0.00048	0.15506	0.04648	0.1383	0.29987	0.07402	0.22125	0.04816	0.11902	0.04682	0.32771	0.03074	0.17641	1.03163	0.0345	0.04546	1.03163	0.09638	0.08767	0.34561	0.25142	0.0	0.0	0.0	0.0	0.0	0.0	0.16187	0.11602	0.00048	0.0	0.0345	0.19242	0.11922	0.0	0.02014	0.01149	0.20016	0.43161	0.33267	0.19571	0.1547	0.17177	0.30083	0.01955	0.62974	0.03146	0.23232	0.1302	0.10218	0.01291	0.08925	0.17896	0.26228	0.24039	0.16405	0.20964	0.0	0.0935	0.0547	0.03371	0.27206	0.16062	0.03413	0.23299	0.01479	0.0	0.16057	0.04648	0.01378	0.24234	0.06574	0.09185	0.07975	0.14743	0.17612	0.16159	0.06747	0.13946	0.0	0.0	0.0	0.0	0.0	0.10951	0.04522	0.0175	0.04174	0.40983	0.0	0.0	0.0	0.06064	0.10039	0.05854	0.04501	0.0	0.63972	0.10502	0.34536	0.0786	0.19559	0.38807	
0.11439	0.30554	0.16042	0.24976	0.15632	0.00022	0.73331	0.5598	0.45132	0.974	0.15901	0.51248	0.27306	0.68359	0.52213	0.0914	0.04548	0.10034	0.03119	0.05014	0.43651	0.03119	1.05553	0.36065	0.23869	0.07767	0.0	0.0	0.0	0.0	0.0	0.0	0.15674	0.68993	0.00023	0.0	0.05014	0.22227	0.41467	0.02014	0.0	0.02051	0.37123	0.19527	0.31873	0.59002	0.29233	0.2688	0.44642	0.02605	0.48516	0.25214	1.0633	0.25783	0.24034	0.04131	0.41864	0.31763	0.21628	0.66657	0.28169	0.26889	0.0	0.39963	0.14623	0.0293	0.70856	0.09341	0.55944	0.32908	0.03203	0.0	0.29866	0.5598	0.50593	0.70469	0.60632	0.47096	0.69699	0.69954	0.24735	0.67245	0.4464	0.4673	0.0	0.0	0.0	0.0	0.0	0.13122	0.06711	0.02152	0.15641	0.11428	0.0	0.0	0.0	0.21011	0.21892	0.27369	0.54343	0.0	0.32062	0.20595	0.21853	0.10088	0.512	0.39974	
0.03566	0.28754	0.25698	0.17172	0.11345	0.00055	0.13338	0.04158	0.109	0.10891	0.0555	0.12816	1.01725	0.29596	0.05182	0.34647	0.03397	0.1803	0.02126	0.03072	0.11883	0.02126	0.02605	0.09247	0.34073	0.26916	0.0	0.0	0.0	0.0	0.0	0.0	0.16393	0.10165	0.00055	0.0	0.03072	0.08094	0.09072	0.01149	0.02051	0.0	0.12801	0.05657	0.14093	0.36408	0.29767	0.20126	0.17709	0.32869	0.11455	0.0309	0.34786	0.05679	0.08961	0.01243	0.09513	0.17075	0.28259	0.09057	0.08952	0.28913	0.0	0.1876	0.05738	0.0374	0.27663	0.16381	0.07821	0.24923	0.01583	0.0	0.11684	0.04158	0.01408	0.24543	0.05565	0.12614	0.08828	0.21329	0.1668	0.24205	0.08051	0.14797	0.0	0.0	0.0	0.0	0.0	0.21965	0.04033	0.01568	0.04215	0.04559	0.0	0.0	0.0	0.17059	0.03226	0.1792	0.04028	0.0	0.25088	0.07275	0.35254	0.02927	0.09207	0.09844	
0.05709	0.24344	0.12049	0.0906	0.05728	0.00322	0.08828	0.07403	0.17405	0.19133	0.05156	0.23389	0.07368	0.19179	0.12487	0.05314	0.07116	0.10361	0.02503	0.03931	0.15537	0.02503	0.136	0.14792	0.12745	0.04999	0.0	0.0	0.0	0.0	0.0	0.0	0.08949	0.10079	0.00011	0.0	0.03931	0.28253	0.21747	0.20016	0.37123	0.12801	0.0	0.0651	0.16526	0.2402	0.1204	0.08245	0.19937	0.01857	0.16074	0.05148	0.1367	0.0796	0.11007	0.05169	0.13544	0.10623	0.08893	0.07292	0.15213	0.08151	0.0	0.08399	0.07193	0.06191	0.20231	0.09851	0.12811	0.08738	0.08698	0.0	0.07565	0.07403	0.10149	0.08361	0.08038	0.08105	0.10383	0.06382	0.11149	0.08933	0.17182	0.05382	0.0	0.0	0.0	0.0	0.0	0.08273	0.07572	0.01692	0.01229	0.02224	0.0	0.0	0.0	0.08039	0.13415	0.11276	0.12824	0.0	0.16387	0.14789	0.1108	0.0406	0.07415	0.15604	
0.02088	0.12012	0.02112	0.10487	0.1183	0.01004	0.06839	0.0303	0.11602	0.05168	0.03407	0.0933	0.00172	0.0438	0.00135	0.11298	4e-05	0.15377	0.01526	0.02415	0.01777	0.01526	0.07691	0.05434	0.00752	0.03	0.0	0.0	0.0	0.0	0.0	0.0	0.05133	0.09947	8e-05	0.0	0.02415	0.03955	0.08608	0.43161	0.19527	0.05657	0.0651	0.0	0.04729	0.06374	0.15086	0.05907	0.07101	0.01209	0.12726	0.02133	0.05141	0.08613	0.07458	0.05261	0.01753	0.14913	0.01826	0.09687	0.08565	0.0471	0.0	0.02825	0.02217	0.16726	0.03191	0.06673	0.00108	0.03242	0.04745	0.0	0.10802	0.0303	0.01524	0.02693	0.0474	0.03192	0.0668	0.00892	0.04041	0.05496	0.05335	0.0488	0.0	0.0	0.0	0.0	0.0	0.02479	0.03086	0.01065	0.00029	0.13362	0.0	0.0	0.0	0.02972	0.03271	0.01672	0.02916	0.0	0.21258	0.03398	0.03842	0.0028	0.01862	0.23371	
0.12107	0.11213	0.09905	0.23075	0.13559	0.00752	0.08554	0.05696	0.1602	0.05075	0.13271	0.14573	0.06526	0.14815	0.03735	0.07258	0.1694	0.10301	0.13035	0.05292	0.12617	0.13035	0.17795	0.27119	0.23917	0.07571	0.0	0.0	0.0	0.0	0.0	0.0	0.29902	0.3198	0.00011	0.0	0.05292	0.30534	0.15809	0.33267	0.31873	0.14093	0.16526	0.04729	0.0	0.11327	0.22661	0.30058	0.175	0.02215	0.13521	0.03953	0.25647	0.33718	0.06362	0.09576	0.19185	0.13208	0.17606	0.19767	0.16424	0.10222	0.0	0.13092	0.1158	0.10938	0.07784	0.07639	0.12372	0.08853	0.03058	0.0	0.27149	0.05696	0.07833	0.19507	0.30074	0.10804	0.15388	0.44311	0.16458	0.18698	0.13249	0.17613	0.0	0.0	0.0	0.0	0.0	0.08491	0.05943	0.02133	0.05239	0.07017	0.0	0.0	0.0	0.12296	0.06014	0.10612	0.05452	0.0	0.25882	0.27718	0.28431	0.18239	0.18951	0.10743	
0.19225	0.31517	0.11727	0.25079	0.24675	0.01716	0.24407	0.09185	0.23761	0.25892	0.35594	0.21742	0.42449	0.23231	0.11114	0.094	0.09863	0.14558	0.04046	0.04523	0.20652	0.04046	0.18333	0.36253	0.16135	0.04668	0.0	0.0	0.0	0.0	0.0	0.0	0.20792	0.16634	0.00036	0.0	0.04523	0.19576	0.18663	0.19571	0.59002	0.36408	0.2402	0.06374	0.11327	0.0	0.3242	0.40088	0.27867	0.0282	0.34519	0.06644	0.31685	0.33257	0.06141	0.06065	0.62652	0.15267	0.2878	0.34166	0.15645	0.30049	0.0	0.17171	0.08077	0.09322	0.24225	0.10523	0.34991	0.13351	0.05385	0.0	0.34761	0.09185	0.12594	0.16404	0.24205	0.32413	0.48649	0.64	0.2395	0.29028	0.26809	0.2851	0.0	0.0	0.0	0.0	0.0	0.11257	0.05286	0.02715	0.18508	0.07352	0.0	0.0	0.0	0.11264	0.36388	0.30461	0.0485	0.0	0.38307	0.2455	0.22225	0.23517	0.27687	0.1579	
0.06037	0.0875	0.06474	0.11809	0.14042	0.08473	0.13018	0.08541	0.15397	0.23118	0.07051	0.0823	0.09604	0.15519	0.10791	0.03055	0.07389	0.2354	0.03901	0.02294	0.24425	0.03901	0.27683	0.18273	0.07066	0.02928	0.0	0.0	0.0	0.0	0.0	0.0	0.10559	0.11312	0.00013	0.0	0.02294	0.04452	0.30243	0.1547	0.29233	0.29767	0.1204	0.15086	0.22661	0.3242	0.0	0.12726	0.14975	0.01009	0.24703	0.04666	0.22799	0.19083	0.09174	0.05346	0.15171	0.10822	0.1753	0.13665	0.19989	0.08983	0.0	0.21596	0.18497	0.04408	0.04058	0.08177	0.19375	0.12439	0.02588	0.0	0.16781	0.08541	0.15563	0.1047	0.13485	0.11456	0.28405	0.31642	0.09002	0.14852	0.12491	0.1289	0.0	0.0	0.0	0.0	0.0	0.10767	0.02993	0.00967	0.06625	0.03573	0.0	0.0	0.0	0.11876	0.07738	0.10299	0.02819	0.0	0.29711	0.08063	0.11149	0.06351	0.09474	0.13866	
0.18636	0.11998	0.08042	0.19931	0.19155	0.0022	0.19492	0.06306	0.11544	0.03693	0.08337	0.25079	0.1521	0.19849	0.04643	0.05231	0.27853	0.07332	0.02931	0.04863	0.11658	0.02931	0.07041	0.48438	0.26167	0.10363	0.0	0.0	0.0	0.0	0.0	0.0	0.42855	0.15249	0.00027	0.0	0.04863	0.14721	0.09784	0.17177	0.2688	0.20126	0.08245	0.05907	0.30058	0.40088	0.12726	0.0	0.35416	0.02077	0.30085	0.02796	0.37604	0.33255	0.05167	0.17867	0.12983	0.11097	0.29487	0.28646	0.11954	0.30088	0.0	0.08121	0.09529	0.02533	0.1306	0.06854	0.13877	0.08325	0.02424	0.0	0.40567	0.06306	0.02869	0.18407	0.32263	0.109	0.16466	0.84751	0.20629	0.23187	0.08224	0.21018	0.0	0.0	0.0	0.0	0.0	0.07517	0.09	0.01993	0.03035	0.06175	0.0	0.0	0.0	0.07794	0.12533	0.20077	0.06037	0.0	0.13447	0.1976	0.23793	0.29277	0.16877	0.10707	
0.08458	0.18238	0.09984	0.16177	0.15043	0.00233	0.15886	0.03941	0.22934	0.17338	0.07467	0.24706	0.26953	0.25584	0.01521	0.0886	0.10475	0.06877	0.03413	0.05748	0.17904	0.03413	0.16024	0.28901	0.15387	0.03914	0.0	0.0	0.0	0.0	0.0	0.0	0.15751	0.19763	0.0002	0.0	0.05748	0.10539	0.15758	0.30083	0.44642	0.17709	0.19937	0.07101	0.175	0.27867	0.14975	0.35416	0.0	0.01315	0.27138	0.03242	0.4538	0.16977	0.04572	0.07399	0.17844	0.15582	0.18843	0.27255	0.16886	0.17177	0.0	0.15667	0.18884	0.06852	0.22383	0.10431	0.08747	0.24732	0.0662	0.0	0.1938	0.03941	0.03565	0.09915	0.16603	0.14172	0.16693	0.55053	0.22523	0.31447	0.12084	0.29805	0.0	0.0	0.0	0.0	0.0	0.0993	0.0402	0.02301	0.1784	0.10659	0.0	0.0	0.0	0.20706	0.1568	0.17273	0.07198	0.0	0.12138	0.23785	0.12582	0.13529	0.15084	0.09834	
0.01388	0.01683	0.00807	0.0073	0.01038	0.00034	0.03363	0.0048	0.00756	0.02567	0.02736	0.01704	0.00952	0.01415	0.00898	0.00513	0.00783	0.00537	0.00318	0.00406	0.00995	0.00318	0.00849	0.01324	0.01393	0.00447	0.0	0.0	0.0	0.0	0.0	0.0	0.00766	0.01881	0.00082	0.0	0.00406	0.01032	0.03869	0.01955	0.02605	0.32869	0.01857	0.01209	0.02215	0.0282	0.01009	0.02077	0.01315	0.0	0.03847	0.0032	0.03199	0.0118	0.00819	0.00646	0.0259	0.02468	0.01375	0.0269	0.00791	0.01572	0.0	0.01471	0.02697	0.00589	0.00735	0.00503	0.01384	0.01742	0.0061	0.0	0.032	0.0048	0.00711	0.00658	0.01967	0.01942	0.13381	0.03898	0.04971	0.01795	0.01465	0.03109	0.0	0.0	0.0	0.0	0.0	0.07084	0.00471	0.00267	0.02078	0.00516	0.0	0.0	0.0	0.07135	0.01638	0.01638	0.00468	0.0	0.01158	0.01837	0.0069	0.01474	0.04993	0.00635	
0.08434	0.17907	0.13095	0.18249	0.28748	0.00327	0.34672	0.10215	0.19803	0.178	0.08234	0.14601	0.05208	0.09796	0.05996	0.05848	0.13924	0.09135	0.0488	0.08232	0.08702	0.0488	0.09424	0.37041	0.15517	0.05803	0.0	0.0	0.0	0.0	0.0	0.0	0.20107	0.10811	0.00022	0.0	0.08232	0.15973	0.2305	0.62974	0.48516	0.11455	0.16074	0.12726	0.13521	0.34519	0.24703	0.30085	0.27138	0.03847	0.0	0.03639	0.24031	0.14946	0.30484	0.09932	0.09033	0.1889	0.15254	0.54323	0.42676	0.09487	0.0	0.09515	0.05562	0.00816	0.09181	0.14941	0.15145	0.2612	0.10575	0.0	0.53791	0.10215	0.01457	0.15208	0.06803	0.03023	0.12467	0.35199	0.30687	0.11967	0.01005	0.27355	0.0	0.0	0.0	0.0	0.0	0.12705	0.0563	0.03726	0.07535	0.0667	0.0	0.0	0.0	0.05813	0.13324	0.03345	0.1108	0.0	0.31671	0.42912	0.16649	0.29474	0.19421	0.29623	
0.0267	0.03433	0.03349	0.09347	0.01792	0.00038	0.16478	0.61314	0.01294	0.02707	0.03135	0.02685	0.01707	0.02839	0.01573	0.00856	0.01259	0.00855	0.00404	0.00545	0.01807	0.00404	0.02641	0.08443	0.01317	0.00729	0.0	0.0	0.0	0.0	0.0	0.0	0.01237	0.04848	0.00083	0.0	0.00545	0.02884	0.04136	0.03146	0.25214	0.0309	0.05148	0.02133	0.03953	0.06644	0.04666	0.02796	0.03242	0.0032	0.03639	0.0	0.02519	0.08154	0.20474	0.01008	0.02624	0.03106	0.02593	0.02627	0.29113	0.03028	0.0	0.02647	0.03057	0.00938	0.01266	0.0078	0.06774	0.02682	0.00962	0.0	0.03316	0.61314	0.01211	0.14597	0.10569	0.02236	0.0143	0.02895	0.03979	0.02176	0.02178	0.02777	0.0	0.0	0.0	0.0	0.0	0.0545	0.00718	1.00025	0.03199	0.00787	0.0	0.0	0.0	0.08112	0.02101	0.02142	0.00746	0.0	0.02121	0.02809	0.10224	0.01506	0.04781	0.01815	
0.10161	0.208	0.11729	0.22194	0.13515	0.00187	0.55863	0.05741	0.23269	0.21949	0.15822	0.27061	0.15665	0.36111	0.07249	0.04362	0.11142	0.07304	0.03733	0.06286	0.29206	0.03733	0.29442	0.33393	0.19283	0.0414	0.0	0.0	0.0	0.0	0.0	0.0	0.16536	0.29544	0.00035	0.0	0.06286	0.08525	0.21067	0.23232	1.0633	0.34786	0.1367	0.05141	0.25647	0.31685	0.22799	0.37604	0.4538	0.03199	0.24031	0.02519	0.0	0.31951	0.11282	0.07827	0.22497	0.30131	0.31635	0.39025	0.24635	0.23999	0.0	0.24882	0.1967	0.02406	0.16053	0.06915	0.16897	0.2996	0.02833	0.0	0.3796	0.05741	0.06405	0.11411	0.2736	0.28291	0.11879	0.77789	0.40135	0.28359	0.1718	0.39644	0.0	0.0	0.0	0.0	0.0	0.14103	0.04251	0.0252	0.11419	0.1532	0.0	0.0	0.0	0.20107	0.2337	0.17325	0.11394	0.0	0.20816	0.14598	0.13638	0.12096	0.21002	0.13413	
0.24556	0.1729	0.15988	0.51784	0.26831	0.00208	0.17171	0.03197	0.09362	0.11458	0.15988	0.19589	0.1031	0.14371	0.0229	0.03322	0.20605	0.04582	0.01522	0.02495	0.12949	0.01522	0.11995	0.3152	0.16233	0.07779	0.0	0.0	0.0	0.0	0.0	0.0	0.25982	0.15348	3e-05	0.0	0.02495	0.11003	0.16335	0.1302	0.25783	0.05679	0.0796	0.08613	0.33718	0.33257	0.19083	0.33255	0.16977	0.0118	0.14946	0.08154	0.31951	0.0	0.14012	0.13886	0.18625	0.14401	0.13649	0.15237	0.16781	0.09206	0.0	0.10864	0.08865	0.04833	0.10312	0.04255	0.13662	0.08162	0.05247	0.0	0.26961	0.03197	0.02032	0.126	0.22437	0.18152	0.13416	0.80048	0.12701	0.14345	0.24131	0.18152	0.0	0.0	0.0	0.0	0.0	0.08553	0.07239	0.01039	0.06295	0.26488	0.0	0.0	0.0	0.07854	0.14088	0.11682	0.06777	0.0	0.21993	0.17266	0.34464	0.41653	0.20009	0.13228	
