0.0	6e-05	6e-05	0.02166	6e-05	6e-05	0.02427	6e-05	0.02121	6e-05	6e-05	6e-05	6e-05	6e-05	0.04217	0.20875	6e-05	0.00737	0.00076	0.04331	0.0364	6e-05	6e-05	6e-05	0.016	0.01543	0.20383	0.06853	0.0	0.08757	0.08852	0.07185	0.16858	0.06592	0.02303	6e-05	0.01778	6e-05	6e-05	6e-05	0.0471	0.04777	0.01895	0.08336	0.09444	0.00075	6e-05	0.01364	0.00107	6e-05	6e-05	6e-05	0.02347	6e-05	0.0419	0.16973	0.0979	6e-05	6e-05	6e-05	6e-05	6e-05	0.04067	6e-05	0.11221	6e-05	0.00316	0.079	0.00366	0.0364	6e-05	0.05163	0.18166	0.11196	0.05991	0.04022	0.01078	0.04695	0.06785	0.10372	0.08479	0.04007	0.02122	0.09301	0.0793	0.05497	0.02069	0.14445	0.07686	0.04646	0.12263	0.06985	0.0972	0.16858	0.06395	0.0	0.06481	0.0596	0.08728	0.05404	0.05819	0.22562	0.03765	0.11612	0.03713	6e-05	0.01791	0.10805	0.09498	0.05789	0.0	0.0	0.0	0.0	0.0	0.0	0.1663	0.05371	0.02029	0.0364	0.20875	0.01699	0.16858	0.03335	0.05339	0.0574	0.01608	6e-05	0.0364	0.046	0.0	0.04382	0.05667	0.1227	0.03072	0.02715	6e-05	0.02166	0.06135	0.13441	0.00357	0.20875	6e-05	0.23296	0.16639	0.03598	0.00974	
6e-05	0.0	0.0	0.00026	0.0	0.0	0.00027	0.0	0.00021	0.0	0.0	0.0	0.0	0.0	8e-05	0.00031	0.0	0.0008	0.00018	0.00018	0.00053	0.0	0.0	0.0	8e-05	0.00012	0.0003	0.00021	0.0	0.00034	9e-05	0.00017	0.00038	0.00026	7e-05	0.0	0.00032	0.0	0.0	0.0	0.00016	0.00028	0.00028	0.00061	0.00074	0.00051	0.0	6e-05	0.00012	0.0	0.0	0.0	0.00017	0.0	0.00042	0.00045	0.00029	0.0	0.0	0.0	0.0	0.0	0.00017	0.0	8e-05	0.0	0.00064	8e-05	0.00027	0.00053	0.0	0.00044	0.00026	0.00012	0.00041	8e-05	0.00015	0.00015	0.00049	0.00012	0.00035	0.00057	0.00026	0.00029	0.00015	0.00018	0.0003	0.00036	9e-05	0.00038	8e-05	0.00037	0.0001	0.00038	0.00077	0.0	0.00043	0.00014	0.00034	0.00016	0.00025	5e-05	6e-05	0.00033	8e-05	0.0	7e-05	0.00024	0.00019	0.00017	0.0	0.0	0.0	0.0	0.0	0.0	0.00023	0.00032	0.0002	0.00053	0.00031	0.00032	0.00038	0.00068	0.00047	0.00024	6e-05	0.0	0.00053	0.00028	0.0	0.00023	0.00047	0.00023	0.0002	0.00037	0.0	0.00026	0.0004	0.00011	0.0	0.00031	0.0	6e-05	0.00028	0.00018	9e-05	
6e-05	0.0	0.0	0.00026	0.0	0.0	0.00027	0.0	0.00021	0.0	0.0	0.0	0.0	0.0	8e-05	0.00031	0.0	0.0008	0.00018	0.00018	0.00053	0.0	0.0	0.0	8e-05	0.00012	0.0003	0.00021	0.0	0.00034	9e-05	0.00017	0.00038	0.00026	7e-05	0.0	0.00032	0.0	0.0	0.0	0.00016	0.00028	0.00028	0.00061	0.00074	0.00051	0.0	6e-05	0.00012	0.0	0.0	0.0	0.00017	0.0	0.00042	0.00045	0.00029	0.0	0.0	0.0	0.0	0.0	0.00017	0.0	8e-05	0.0	0.00064	8e-05	0.00027	0.00053	0.0	0.00044	0.00026	0.00012	0.00041	8e-05	0.00015	0.00015	0.00049	0.00012	0.00035	0.00057	0.00026	0.00029	0.00015	0.00018	0.0003	0.00036	9e-05	0.00038	8e-05	0.00037	0.0001	0.00038	0.00077	0.0	0.00043	0.00014	0.00034	0.00016	0.00025	5e-05	6e-05	0.00033	8e-05	0.0	7e-05	0.00024	0.00019	0.00017	0.0	0.0	0.0	0.0	0.0	0.0	0.00023	0.00032	0.0002	0.00053	0.00031	0.00032	0.00038	0.00068	0.00047	0.00024	6e-05	0.0	0.00053	0.00028	0.0	0.00023	0.00047	0.00023	0.0002	0.00037	0.0	0.00026	0.0004	0.00011	0.0	0.00031	0.0	6e-05	0.00028	0.00018	9e-05	
0.02166	0.00026	0.00026	0.0	0.00026	0.00026	0.99974	0.00026	0.00749	0.00026	0.00026	0.00026	0.00026	0.00026	0.16806	0.01126	0.00026	0.02494	0.01479	0.01287	0.01153	0.00026	0.00026	0.00026	0.09791	0.01576	0.02466	0.02787	0.0	0.02759	0.106	0.02101	0.01526	0.01551	0.04246	0.00026	0.02104	0.00026	0.00026	0.00026	0.01446	0.02153	0.00689	0.02195	0.02764	0.03066	0.00026	0.0219	0.11507	0.00026	0.00026	0.00026	0.00809	0.00026	0.02522	0.01483	0.09563	0.00026	0.00026	0.00026	0.00026	0.00026	0.04038	0.00026	0.04823	0.00026	0.0275	0.04691	0.03016	0.01153	0.00026	0.14076	0.014	0.02414	0.12044	0.01134	0.01285	0.01365	0.02454	0.0478	0.02025	0.01766	0.00752	0.00661	0.00815	0.03133	0.00704	0.02019	0.06912	0.0129	0.02397	0.01752	0.02448	0.01526	0.01793	0.0	0.01596	0.0166	0.08394	0.01391	0.01691	0.0162	0.09582	0.0296	0.01762	0.00026	0.02786	0.02853	0.03875	0.04763	0.0	0.0	0.0	0.0	0.0	0.0	0.01786	0.01435	0.00724	0.01153	0.01126	0.12017	0.01526	0.01087	0.02161	0.02423	0.04829	0.00026	0.01153	0.01365	0.0	0.01762	0.41797	0.0862	0.00974	0.0256	0.00026	0.99972	0.02444	0.0842	0.00108	0.01126	0.00026	0.0165	0.01723	0.02401	0.13298	
6e-05	0.0	0.0	0.00026	0.0	0.0	0.00027	0.0	0.00021	0.0	0.0	0.0	0.0	0.0	8e-05	0.00031	0.0	0.0008	0.00018	0.00018	0.00053	0.0	0.0	0.0	8e-05	0.00012	0.0003	0.00021	0.0	0.00034	9e-05	0.00017	0.00038	0.00026	7e-05	0.0	0.00032	0.0	0.0	0.0	0.00016	0.00028	0.00028	0.00061	0.00074	0.00051	0.0	6e-05	0.00012	0.0	0.0	0.0	0.00017	0.0	0.00042	0.00045	0.00029	0.0	0.0	0.0	0.0	0.0	0.00017	0.0	8e-05	0.0	0.00064	8e-05	0.00027	0.00053	0.0	0.00044	0.00026	0.00012	0.00041	8e-05	0.00015	0.00015	0.00049	0.00012	0.00035	0.00057	0.00026	0.00029	0.00015	0.00018	0.0003	0.00036	9e-05	0.00038	8e-05	0.00037	0.0001	0.00038	0.00077	0.0	0.00043	0.00014	0.00034	0.00016	0.00025	5e-05	6e-05	0.00033	8e-05	0.0	7e-05	0.00024	0.00019	0.00017	0.0	0.0	0.0	0.0	0.0	0.0	0.00023	0.00032	0.0002	0.00053	0.00031	0.00032	0.00038	0.00068	0.00047	0.00024	6e-05	0.0	0.00053	0.00028	0.0	0.00023	0.00047	0.00023	0.0002	0.00037	0.0	0.00026	0.0004	0.00011	0.0	0.00031	0.0	6e-05	0.00028	0.00018	9e-05	
6e-05	0.0	0.0	0.00026	0.0	0.0	0.00027	0.0	0.00021	0.0	0.0	0.0	0.0	0.0	8e-05	0.00031	0.0	0.0008	0.00018	0.00018	0.00053	0.0	0.0	0.0	8e-05	0.00012	0.0003	0.00021	0.0	0.00034	9e-05	0.00017	0.00038	0.00026	7e-05	0.0	0.00032	0.0	0.0	0.0	0.00016	0.00028	0.00028	0.00061	0.00074	0.00051	0.0	6e-05	0.00012	0.0	0.0	0.0	0.00017	0.0	0.00042	0.00045	0.00029	0.0	0.0	0.0	0.0	0.0	0.00017	0.0	8e-05	0.0	0.00064	8e-05	0.00027	0.00053	0.0	0.00044	0.00026	0.00012	0.00041	8e-05	0.00015	0.00015	0.00049	0.00012	0.00035	0.00057	0.00026	0.00029	0.00015	0.00018	0.0003	0.00036	9e-05	0.00038	8e-05	0.00037	0.0001	0.00038	0.00077	0.0	0.00043	0.00014	0.00034	0.00016	0.00025	5e-05	6e-05	0.00033	8e-05	0.0	7e-05	0.00024	0.00019	0.00017	0.0	0.0	0.0	0.0	0.0	0.0	0.00023	0.00032	0.0002	0.00053	0.00031	0.00032	0.00038	0.00068	0.00047	0.00024	6e-05	0.0	0.00053	0.00028	0.0	0.00023	0.00047	0.00023	0.0002	0.00037	0.0	0.00026	0.0004	0.00011	0.0	0.00031	0.0	6e-05	0.00028	0.00018	9e-05	
0.02427	0.00027	0.00027	0.99974	0.00027	0.00027	0.0	0.00027	0.0081	0.00027	0.00027	0.00027	0.00027	0.00027	0.16677	0.01275	0.00027	0.02927	0.01605	0.01404	0.01321	0.00027	0.00027	0.00027	0.13162	0.01724	0.02879	0.05357	0.0	0.03266	0.10529	0.02408	0.01753	0.01741	0.04986	0.00027	0.02417	0.00027	0.00027	0.00027	0.01631	0.03394	0.00739	0.02552	0.02834	0.03602	0.00027	0.02566	0.11365	0.00027	0.00027	0.00027	0.00894	0.00027	0.02957	0.01706	0.0955	0.00027	0.00027	0.00027	0.00027	0.00027	0.04792	0.00027	0.05276	0.00027	0.03227	0.05565	0.03353	0.01321	0.00027	0.14287	0.01595	0.02991	0.12	0.13814	0.01415	0.01504	0.02877	0.04765	0.02338	0.02039	0.00806	0.00708	0.00875	0.03696	0.00769	0.02359	0.07559	0.0147	0.02561	0.02019	0.0266	0.01753	0.02082	0.0	0.01831	0.01871	0.08437	0.01531	0.0193	0.01804	0.12516	0.03484	0.01969	0.00027	0.02935	0.0336	0.04645	0.05739	0.0	0.0	0.0	0.0	0.0	0.0	0.02045	0.01634	0.23826	0.01321	0.01275	0.11978	0.01753	0.0125	0.02519	0.02826	0.04782	0.00027	0.01321	0.01548	0.0	0.01987	0.42044	0.11459	0.01095	0.03015	0.00027	0.99974	0.02897	0.08578	0.00123	0.01275	0.00027	0.0185	0.02511	0.02765	0.13683	
6e-05	0.0	0.0	0.00026	0.0	0.0	0.00027	0.0	0.00021	0.0	0.0	0.0	0.0	0.0	8e-05	0.00031	0.0	0.0008	0.00018	0.00018	0.00053	0.0	0.0	0.0	8e-05	0.00012	0.0003	0.00021	0.0	0.00034	9e-05	0.00017	0.00038	0.00026	7e-05	0.0	0.00032	0.0	0.0	0.0	0.00016	0.00028	0.00028	0.00061	0.00074	0.00051	0.0	6e-05	0.00012	0.0	0.0	0.0	0.00017	0.0	0.00042	0.00045	0.00029	0.0	0.0	0.0	0.0	0.0	0.00017	0.0	8e-05	0.0	0.00064	8e-05	0.00027	0.00053	0.0	0.00044	0.00026	0.00012	0.00041	8e-05	0.00015	0.00015	0.00049	0.00012	0.00035	0.00057	0.00026	0.00029	0.00015	0.00018	0.0003	0.00036	9e-05	0.00038	8e-05	0.00037	0.0001	0.00038	0.00077	0.0	0.00043	0.00014	0.00034	0.00016	0.00025	5e-05	6e-05	0.00033	8e-05	0.0	7e-05	0.00024	0.00019	0.00017	0.0	0.0	0.0	0.0	0.0	0.0	0.00023	0.00032	0.0002	0.00053	0.00031	0.00032	0.00038	0.00068	0.00047	0.00024	6e-05	0.0	0.00053	0.00028	0.0	0.00023	0.00047	0.00023	0.0002	0.00037	0.0	0.00026	0.0004	0.00011	0.0	0.00031	0.0	6e-05	0.00028	0.00018	9e-05	
0.02121	0.00021	0.00021	0.00749	0.00021	0.00021	0.0081	0.00021	0.0	0.00021	0.00021	0.00021	0.00021	0.00021	0.01671	0.01104	0.00021	0.02443	0.21169	0.32221	0.01132	0.00021	0.00021	0.00021	0.02071	0.01542	0.02411	0.06937	0.0	0.09276	0.02299	0.02054	0.01494	0.01518	0.048	0.00021	0.0206	0.00021	0.00021	0.00021	0.01416	0.02106	0.00676	0.02151	0.02717	0.03001	0.00021	0.11028	0.02122	0.00021	0.00021	0.00021	0.00794	0.00021	0.02467	0.01452	0.02423	0.00021	0.00021	0.00021	0.00021	0.00021	0.0366	0.00021	0.0471	0.00021	0.02693	0.0434	0.02951	0.01132	0.00021	0.02163	0.01379	0.0237	0.03204	0.01119	0.36227	0.32096	0.0241	0.04672	0.01993	0.01731	0.00738	0.00648	0.00799	0.11415	0.00706	0.01982	0.06751	0.01264	0.07874	0.13912	0.02396	0.01494	0.01757	0.0	0.01562	0.01626	0.02699	0.32066	0.28833	0.2584	0.02399	0.06016	0.01726	0.00021	0.02726	0.02788	0.18684	0.03474	0.0	0.0	0.0	0.0	0.0	0.0	0.13077	0.39537	0.0071	0.01132	0.01104	0.02078	0.01494	0.01066	0.02114	0.07841	0.0472	0.00021	0.01132	0.01338	0.0	0.01724	0.01478	0.02668	0.00968	0.02511	0.00021	0.00749	0.0239	0.05709	0.0013	0.01104	0.00021	0.01614	0.01686	0.0668	0.04194	
6e-05	0.0	0.0	0.00026	0.0	0.0	0.00027	0.0	0.00021	0.0	0.0	0.0	0.0	0.0	8e-05	0.00031	0.0	0.0008	0.00018	0.00018	0.00053	0.0	0.0	0.0	8e-05	0.00012	0.0003	0.00021	0.0	0.00034	9e-05	0.00017	0.00038	0.00026	7e-05	0.0	0.00032	0.0	0.0	0.0	0.00016	0.00028	0.00028	0.00061	0.00074	0.00051	0.0	6e-05	0.00012	0.0	0.0	0.0	0.00017	0.0	0.00042	0.00045	0.00029	0.0	0.0	0.0	0.0	0.0	0.00017	0.0	8e-05	0.0	0.00064	8e-05	0.00027	0.00053	0.0	0.00044	0.00026	0.00012	0.00041	8e-05	0.00015	0.00015	0.00049	0.00012	0.00035	0.00057	0.00026	0.00029	0.00015	0.00018	0.0003	0.00036	9e-05	0.00038	8e-05	0.00037	0.0001	0.00038	0.00077	0.0	0.00043	0.00014	0.00034	0.00016	0.00025	5e-05	6e-05	0.00033	8e-05	0.0	7e-05	0.00024	0.00019	0.00017	0.0	0.0	0.0	0.0	0.0	0.0	0.00023	0.00032	0.0002	0.00053	0.00031	0.00032	0.00038	0.00068	0.00047	0.00024	6e-05	0.0	0.00053	0.00028	0.0	0.00023	0.00047	0.00023	0.0002	0.00037	0.0	0.00026	0.0004	0.00011	0.0	0.00031	0.0	6e-05	0.00028	0.00018	9e-05	
6e-05	0.0	0.0	0.00026	0.0	0.0	0.00027	0.0	0.00021	0.0	0.0	0.0	0.0	0.0	8e-05	0.00031	0.0	0.0008	0.00018	0.00018	0.00053	0.0	0.0	0.0	8e-05	0.00012	0.0003	0.00021	0.0	0.00034	9e-05	0.00017	0.00038	0.00026	7e-05	0.0	0.00032	0.0	0.0	0.0	0.00016	0.00028	0.00028	0.00061	0.00074	0.00051	0.0	6e-05	0.00012	0.0	0.0	0.0	0.00017	0.0	0.00042	0.00045	0.00029	0.0	0.0	0.0	0.0	0.0	0.00017	0.0	8e-05	0.0	0.00064	8e-05	0.00027	0.00053	0.0	0.00044	0.00026	0.00012	0.00041	8e-05	0.00015	0.00015	0.00049	0.00012	0.00035	0.00057	0.00026	0.00029	0.00015	0.00018	0.0003	0.00036	9e-05	0.00038	8e-05	0.00037	0.0001	0.00038	0.00077	0.0	0.00043	0.00014	0.00034	0.00016	0.00025	5e-05	6e-05	0.00033	8e-05	0.0	7e-05	0.00024	0.00019	0.00017	0.0	0.0	0.0	0.0	0.0	0.0	0.00023	0.00032	0.0002	0.00053	0.00031	0.00032	0.00038	0.00068	0.00047	0.00024	6e-05	0.0	0.00053	0.00028	0.0	0.00023	0.00047	0.00023	0.0002	0.00037	0.0	0.00026	0.0004	0.00011	0.0	0.00031	0.0	6e-05	0.00028	0.00018	9e-05	
6e-05	0.0	0.0	0.00026	0.0	0.0	0.00027	0.0	0.00021	0.0	0.0	0.0	0.0	0.0	8e-05	0.00031	0.0	0.0008	0.00018	0.00018	0.00053	0.0	0.0	0.0	8e-05	0.00012	0.0003	0.00021	0.0	0.00034	9e-05	0.00017	0.00038	0.00026	7e-05	0.0	0.00032	0.0	0.0	0.0	0.00016	0.00028	0.00028	0.00061	0.00074	0.00051	0.0	6e-05	0.00012	0.0	0.0	0.0	0.00017	0.0	0.00042	0.00045	0.00029	0.0	0.0	0.0	0.0	0.0	0.00017	0.0	8e-05	0.0	0.00064	8e-05	0.00027	0.00053	0.0	0.00044	0.00026	0.00012	0.00041	8e-05	0.00015	0.00015	0.00049	0.00012	0.00035	0.00057	0.00026	0.00029	0.00015	0.00018	0.0003	0.00036	9e-05	0.00038	8e-05	0.00037	0.0001	0.00038	0.00077	0.0	0.00043	0.00014	0.00034	0.00016	0.00025	5e-05	6e-05	0.00033	8e-05	0.0	7e-05	0.00024	0.00019	0.00017	0.0	0.0	0.0	0.0	0.0	0.0	0.00023	0.00032	0.0002	0.00053	0.00031	0.00032	0.00038	0.00068	0.00047	0.00024	6e-05	0.0	0.00053	0.00028	0.0	0.00023	0.00047	0.00023	0.0002	0.00037	0.0	0.00026	0.0004	0.00011	0.0	0.00031	0.0	6e-05	0.00028	0.00018	9e-05	
6e-05	0.0	0.0	0.00026	0.0	0.0	0.00027	0.0	0.00021	0.0	0.0	0.0	0.0	0.0	8e-05	0.00031	0.0	0.0008	0.00018	0.00018	0.00053	0.0	0.0	0.0	8e-05	0.00012	0.0003	0.00021	0.0	0.00034	9e-05	0.00017	0.00038	0.00026	7e-05	0.0	0.00032	0.0	0.0	0.0	0.00016	0.00028	0.00028	0.00061	0.00074	0.00051	0.0	6e-05	0.00012	0.0	0.0	0.0	0.00017	0.0	0.00042	0.00045	0.00029	0.0	0.0	0.0	0.0	0.0	0.00017	0.0	8e-05	0.0	0.00064	8e-05	0.00027	0.00053	0.0	0.00044	0.00026	0.00012	0.00041	8e-05	0.00015	0.00015	0.00049	0.00012	0.00035	0.00057	0.00026	0.00029	0.00015	0.00018	0.0003	0.00036	9e-05	0.00038	8e-05	0.00037	0.0001	0.00038	0.00077	0.0	0.00043	0.00014	0.00034	0.00016	0.00025	5e-05	6e-05	0.00033	8e-05	0.0	7e-05	0.00024	0.00019	0.00017	0.0	0.0	0.0	0.0	0.0	0.0	0.00023	0.00032	0.0002	0.00053	0.00031	0.00032	0.00038	0.00068	0.00047	0.00024	6e-05	0.0	0.00053	0.00028	0.0	0.00023	0.00047	0.00023	0.0002	0.00037	0.0	0.00026	0.0004	0.00011	0.0	0.00031	0.0	6e-05	0.00028	0.00018	9e-05	
6e-05	0.0	0.0	0.00026	0.0	0.0	0.00027	0.0	0.00021	0.0	0.0	0.0	0.0	0.0	8e-05	0.00031	0.0	0.0008	0.00018	0.00018	0.00053	0.0	0.0	0.0	8e-05	0.00012	0.0003	0.00021	0.0	0.00034	9e-05	0.00017	0.00038	0.00026	7e-05	0.0	0.00032	0.0	0.0	0.0	0.00016	0.00028	0.00028	0.00061	0.00074	0.00051	0.0	6e-05	0.00012	0.0	0.0	0.0	0.00017	0.0	0.00042	0.00045	0.00029	0.0	0.0	0.0	0.0	0.0	0.00017	0.0	8e-05	0.0	0.00064	8e-05	0.00027	0.00053	0.0	0.00044	0.00026	0.00012	0.00041	8e-05	0.00015	0.00015	0.00049	0.00012	0.00035	0.00057	0.00026	0.00029	0.00015	0.00018	0.0003	0.00036	9e-05	0.00038	8e-05	0.00037	0.0001	0.00038	0.00077	0.0	0.00043	0.00014	0.00034	0.00016	0.00025	5e-05	6e-05	0.00033	8e-05	0.0	7e-05	0.00024	0.00019	0.00017	0.0	0.0	0.0	0.0	0.0	0.0	0.00023	0.00032	0.0002	0.00053	0.00031	0.00032	0.00038	0.00068	0.00047	0.00024	6e-05	0.0	0.00053	0.00028	0.0	0.00023	0.00047	0.00023	0.0002	0.00037	0.0	0.00026	0.0004	0.00011	0.0	0.00031	0.0	6e-05	0.00028	0.00018	9e-05	
0.04217	8e-05	8e-05	0.16806	8e-05	8e-05	0.16677	8e-05	0.01671	8e-05	8e-05	8e-05	8e-05	8e-05	0.0	0.31962	8e-05	0.02909	0.03894	0.03311	0.02812	8e-05	8e-05	8e-05	0.00616	0.04527	0.18549	0.05473	0.0	0.06712	0.06772	0.10907	0.22498	0.04451	0.00126	8e-05	0.04762	8e-05	8e-05	8e-05	0.04011	0.06648	0.015	0.06182	0.07096	0.01263	8e-05	0.04076	0.00106	8e-05	8e-05	8e-05	0.01842	8e-05	0.05251	0.22887	0.00016	8e-05	8e-05	8e-05	8e-05	8e-05	0.018	8e-05	0.05559	8e-05	0.02003	0.04922	0.01696	0.02812	8e-05	0.28879	0.26231	0.07043	0.08148	0.0305	0.03323	0.03572	0.04478	0.02898	0.06139	0.082	0.01673	0.01424	0.08789	0.03956	0.01638	0.21662	0.14847	0.03502	0.07299	0.05142	0.07138	0.22498	0.04812	0.0	0.04755	0.0449	0.05766	0.06439	0.05322	0.10578	0.15739	0.05062	0.07771	8e-05	0.08301	0.17732	0.02264	0.07089	0.0	0.0	0.0	0.0	0.0	0.0	0.21096	0.04014	0.01602	0.02812	0.31962	0.21917	0.22498	0.02587	0.07257	0.09842	0.01472	8e-05	0.02812	0.00186	0.0	0.05202	0.13226	0.20015	0.02387	0.04484	8e-05	0.16806	0.07466	0.28123	0.00312	0.31962	8e-05	0.1391	0.21354	0.0436	0.05126	
0.20875	0.00031	0.00031	0.01126	0.00031	0.00031	0.01275	0.00031	0.01104	0.00031	0.00031	0.00031	0.00031	0.00031	0.31962	0.0	0.00031	0.17377	0.02355	0.02068	0.01769	0.00031	0.00031	0.00031	0.03558	0.02613	0.32171	0.1249	0.0	0.10827	0.13935	0.21756	0.50589	0.02569	0.08482	0.00031	0.22269	0.00031	0.00031	0.00031	0.0236	0.18802	0.01004	0.03592	0.17018	0.1275	0.00031	0.20509	0.03574	0.00031	0.00031	0.00031	0.01205	0.00031	0.15028	0.52363	0.04109	0.00031	0.00031	0.00031	0.00031	0.00031	0.06638	0.00031	0.08012	0.00031	0.14904	0.0809	0.05072	0.01769	0.00031	0.15603	0.69675	0.04061	0.17941	0.01885	0.02093	0.02229	0.22406	0.06823	0.03496	0.31105	0.01107	0.00958	0.01251	0.21561	0.01156	0.46401	0.14861	0.02083	0.04069	0.02928	0.04074	0.50589	0.0287	0.0	0.02685	0.02676	0.11496	0.27594	0.12874	0.2623	0.17186	0.11456	0.30029	0.00031	0.04677	0.27925	0.06874	0.08473	0.0	0.0	0.0	0.0	0.0	0.0	0.43923	0.0238	0.01063	0.01769	1.00009	0.21934	0.50589	0.01646	0.19598	0.18764	0.06406	0.00031	0.01769	0.02149	0.0	0.02954	0.02513	0.39348	0.01583	0.17297	0.00031	0.01126	0.18199	0.26486	0.00342	1.00009	0.00031	0.31477	0.45209	0.12706	0.07677	
6e-05	0.0	0.0	0.00026	0.0	0.0	0.00027	0.0	0.00021	0.0	0.0	0.0	0.0	0.0	8e-05	0.00031	0.0	0.0008	0.00018	0.00018	0.00053	0.0	0.0	0.0	8e-05	0.00012	0.0003	0.00021	0.0	0.00034	9e-05	0.00017	0.00038	0.00026	7e-05	0.0	0.00032	0.0	0.0	0.0	0.00016	0.00028	0.00028	0.00061	0.00074	0.00051	0.0	6e-05	0.00012	0.0	0.0	0.0	0.00017	0.0	0.00042	0.00045	0.00029	0.0	0.0	0.0	0.0	0.0	0.00017	0.0	8e-05	0.0	0.00064	8e-05	0.00027	0.00053	0.0	0.00044	0.00026	0.00012	0.00041	8e-05	0.00015	0.00015	0.00049	0.00012	0.00035	0.00057	0.00026	0.00029	0.00015	0.00018	0.0003	0.00036	9e-05	0.00038	8e-05	0.00037	0.0001	0.00038	0.00077	0.0	0.00043	0.00014	0.00034	0.00016	0.00025	5e-05	6e-05	0.00033	8e-05	0.0	7e-05	0.00024	0.00019	0.00017	0.0	0.0	0.0	0.0	0.0	0.0	0.00023	0.00032	0.0002	0.00053	0.00031	0.00032	0.00038	0.00068	0.00047	0.00024	6e-05	0.0	0.00053	0.00028	0.0	0.00023	0.00047	0.00023	0.0002	0.00037	0.0	0.00026	0.0004	0.00011	0.0	0.00031	0.0	6e-05	0.00028	0.00018	9e-05	
0.00737	0.0008	0.0008	0.02494	0.0008	0.0008	0.02927	0.0008	0.02443	0.0008	0.0008	0.0008	0.0008	0.0008	0.02909	0.17377	0.0008	0.0	0.05915	0.05133	0.17719	0.0008	0.0008	0.0008	0.10031	0.0708	0.38127	0.09225	0.0	0.22228	0.05718	0.19172	0.34797	0.15316	0.02994	0.0008	0.22748	0.0008	0.0008	0.0008	0.07023	0.30318	0.02187	0.17359	0.53451	0.50456	0.0008	0.00679	0.09706	0.0008	0.0008	0.0008	0.02701	0.0008	0.35687	0.32461	0.11854	0.0008	0.0008	0.0008	0.0008	0.0008	0.08718	0.0008	0.08892	0.0008	0.66803	0.01502	0.1472	0.17719	0.0008	0.57661	0.24904	0.08258	0.57911	0.04038	0.04393	0.04642	0.61403	0.15154	0.21596	0.37849	0.02444	0.02075	0.02929	0.29739	0.0314	0.51214	0.12632	0.14151	0.0102	0.19368	0.00296	0.34797	0.38402	0.0	0.27922	0.02274	0.32629	0.04853	0.21287	0.06716	0.00235	0.32408	0.02496	0.0008	0.00073	0.31233	0.22123	0.10162	0.0	0.0	0.0	0.0	0.0	0.0	0.20502	0.15679	0.02339	0.17719	0.17377	0.17969	0.34797	0.159	0.5731	0.28306	0.02059	0.0008	0.17719	0.08058	0.0	0.05257	0.22955	0.3344	0.03759	0.42541	0.0008	0.02494	0.45061	0.1148	0.02243	0.17377	0.0008	0.07544	0.19356	0.11007	0.05061	
0.00076	0.00018	0.00018	0.01479	0.00018	0.00018	0.01605	0.00018	0.21169	0.00018	0.00018	0.00018	0.00018	0.00018	0.03894	0.02355	0.00018	0.05915	0.0	0.47936	0.02399	0.00018	0.00018	0.00018	0.05177	0.03755	0.0641	0.04512	0.0	0.02922	0.05807	0.05466	0.03603	0.03691	0.01788	0.00018	0.04926	0.00018	0.00018	0.00018	0.03349	0.05409	0.01306	0.05133	0.06607	0.07521	0.00018	0.09126	0.05125	0.00018	0.00018	0.00018	0.01592	0.00018	0.06467	0.03469	0.05936	0.00018	0.00018	0.00018	0.00018	0.00018	0.10201	0.00018	0.06196	0.00018	0.06636	0.01324	0.07419	0.02399	0.00018	0.0572	0.03184	0.0011	0.08637	0.02509	0.41858	0.47772	0.05814	0.04182	0.05868	0.03989	0.21171	0.17356	0.01688	0.08955	0.01329	0.02777	0.07431	0.02934	0.00639	0.03533	0.05891	0.03603	0.04032	0.0	0.12109	0.01863	0.01672	0.47733	0.28106	0.37552	0.00166	0.10007	0.01431	0.00018	0.00075	0.04513	0.14557	0.01974	0.0	0.0	0.0	0.0	0.0	0.0	0.03176	0.14729	0.01391	0.02399	0.02355	0.04976	0.03603	0.02216	0.05408	0.03508	0.12941	0.00018	0.02399	0.02969	0.0	0.25181	0.03457	0.07012	0.01963	0.06443	0.00018	0.01479	0.06254	0.06604	0.00162	0.02355	0.00018	0.03998	0.04174	0.06954	0.03142	
0.04331	0.00018	0.00018	0.01287	0.00018	0.00018	0.01404	0.00018	0.32221	0.00018	0.00018	0.00018	0.00018	0.00018	0.03311	0.02068	0.00018	0.05133	0.47936	0.0	0.02124	0.00018	0.00018	0.00018	0.04156	0.10708	0.05393	0.03596	0.0	0.03942	0.04931	0.05002	0.03072	0.03098	0.08975	0.00018	0.04231	0.00018	0.00018	0.00018	0.02843	0.04533	0.01143	0.03798	0.05823	0.06494	0.00018	0.21985	0.04217	0.00018	0.00018	0.00018	0.17372	0.00018	0.0546	0.02968	0.05086	0.00018	0.00018	0.00018	0.00018	0.00018	0.08629	0.00018	0.11824	0.00018	0.0574	0.08087	0.06197	0.02124	0.00018	0.04794	0.02751	0.04882	0.07445	0.02144	0.11056	1.00147	0.0507	0.12136	0.07948	0.03467	0.32216	0.01089	0.01439	0.23001	0.01195	0.04257	0.14162	0.11219	0.02629	0.05173	0.04427	0.03072	0.03522	0.0	0.14781	0.04124	0.02293	1.00174	0.46771	0.42279	0.01137	0.16376	0.03429	0.00018	0.05005	0.03528	0.14414	0.0798	0.0	0.0	0.0	0.0	0.0	0.0	0.04689	0.19298	0.01223	0.02124	0.02068	0.04273	0.03072	0.01979	0.04585	0.03891	0.08919	0.00018	0.02124	0.0258	0.0	0.09661	0.02987	0.05981	0.18048	0.12317	0.00018	0.01287	0.05286	0.15914	0.00172	0.02068	0.00018	0.05649	0.03533	0.22165	0.10095	
0.0364	0.00053	0.00053	0.01153	0.00053	0.00053	0.01321	0.00053	0.01132	0.00053	0.00053	0.00053	0.00053	0.00053	0.02812	0.01769	0.00053	0.17719	0.02399	0.02124	0.0	0.00053	0.00053	0.00053	0.03623	0.02662	0.12702	0.05083	0.0	0.18627	0.20279	0.30849	0.51229	0.50104	0.08637	0.00053	0.2273	0.00053	0.00053	0.00053	0.38775	0.19218	0.0103	0.21525	0.2205	0.12991	0.00053	0.03683	0.03638	0.00053	0.00053	0.00053	0.01233	0.00053	0.15345	0.02476	0.17469	0.00053	0.00053	0.00053	0.00053	0.00053	0.07322	0.00053	0.08168	0.00053	0.15191	0.07771	0.05163	1.00055	0.00053	0.15947	0.02397	0.04153	0.18374	0.01945	0.02159	0.02296	0.22897	0.06967	0.51629	0.02887	0.01134	0.00984	0.01279	0.16561	0.60434	0.1346	0.09564	0.02123	0.04143	0.45273	0.17584	0.51229	0.31398	0.0	0.40026	0.02725	0.15964	0.02349	0.45023	0.028	0.04154	0.14989	0.02913	0.00053	0.0476	0.10456	0.29296	0.34589	0.0	0.0	0.0	0.0	0.0	0.0	0.2727	0.61842	0.01089	1.00055	0.01769	0.03544	0.51229	0.01679	0.27385	0.28618	0.06524	0.00053	1.00055	0.5446	0.0	0.03009	0.18365	0.11408	0.40977	0.12607	0.00053	0.01153	0.18824	0.05344	0.0	0.01769	0.00053	0.02813	0.02934	0.0426	0.06337	
6e-05	0.0	0.0	0.00026	0.0	0.0	0.00027	0.0	0.00021	0.0	0.0	0.0	0.0	0.0	8e-05	0.00031	0.0	0.0008	0.00018	0.00018	0.00053	0.0	0.0	0.0	8e-05	0.00012	0.0003	0.00021	0.0	0.00034	9e-05	0.00017	0.00038	0.00026	7e-05	0.0	0.00032	0.0	0.0	0.0	0.00016	0.00028	0.00028	0.00061	0.00074	0.00051	0.0	6e-05	0.00012	0.0	0.0	0.0	0.00017	0.0	0.00042	0.00045	0.00029	0.0	0.0	0.0	0.0	0.0	0.00017	0.0	8e-05	0.0	0.00064	8e-05	0.00027	0.00053	0.0	0.00044	0.00026	0.00012	0.00041	8e-05	0.00015	0.00015	0.00049	0.00012	0.00035	0.00057	0.00026	0.00029	0.00015	0.00018	0.0003	0.00036	9e-05	0.00038	8e-05	0.00037	0.0001	0.00038	0.00077	0.0	0.00043	0.00014	0.00034	0.00016	0.00025	5e-05	6e-05	0.00033	8e-05	0.0	7e-05	0.00024	0.00019	0.00017	0.0	0.0	0.0	0.0	0.0	0.0	0.00023	0.00032	0.0002	0.00053	0.00031	0.00032	0.00038	0.00068	0.00047	0.00024	6e-05	0.0	0.00053	0.00028	0.0	0.00023	0.00047	0.00023	0.0002	0.00037	0.0	0.00026	0.0004	0.00011	0.0	0.00031	0.0	6e-05	0.00028	0.00018	9e-05	
6e-05	0.0	0.0	0.00026	0.0	0.0	0.00027	0.0	0.00021	0.0	0.0	0.0	0.0	0.0	8e-05	0.00031	0.0	0.0008	0.00018	0.00018	0.00053	0.0	0.0	0.0	8e-05	0.00012	0.0003	0.00021	0.0	0.00034	9e-05	0.00017	0.00038	0.00026	7e-05	0.0	0.00032	0.0	0.0	0.0	0.00016	0.00028	0.00028	0.00061	0.00074	0.00051	0.0	6e-05	0.00012	0.0	0.0	0.0	0.00017	0.0	0.00042	0.00045	0.00029	0.0	0.0	0.0	0.0	0.0	0.00017	0.0	8e-05	0.0	0.00064	8e-05	0.00027	0.00053	0.0	0.00044	0.00026	0.00012	0.00041	8e-05	0.00015	0.00015	0.00049	0.00012	0.00035	0.00057	0.00026	0.00029	0.00015	0.00018	0.0003	0.00036	9e-05	0.00038	8e-05	0.00037	0.0001	0.00038	0.00077	0.0	0.00043	0.00014	0.00034	0.00016	0.00025	5e-05	6e-05	0.00033	8e-05	0.0	7e-05	0.00024	0.00019	0.00017	0.0	0.0	0.0	0.0	0.0	0.0	0.00023	0.00032	0.0002	0.00053	0.00031	0.00032	0.00038	0.00068	0.00047	0.00024	6e-05	0.0	0.00053	0.00028	0.0	0.00023	0.00047	0.00023	0.0002	0.00037	0.0	0.00026	0.0004	0.00011	0.0	0.00031	0.0	6e-05	0.00028	0.00018	9e-05	
6e-05	0.0	0.0	0.00026	0.0	0.0	0.00027	0.0	0.00021	0.0	0.0	0.0	0.0	0.0	8e-05	0.00031	0.0	0.0008	0.00018	0.00018	0.00053	0.0	0.0	0.0	8e-05	0.00012	0.0003	0.00021	0.0	0.00034	9e-05	0.00017	0.00038	0.00026	7e-05	0.0	0.00032	0.0	0.0	0.0	0.00016	0.00028	0.00028	0.00061	0.00074	0.00051	0.0	6e-05	0.00012	0.0	0.0	0.0	0.00017	0.0	0.00042	0.00045	0.00029	0.0	0.0	0.0	0.0	0.0	0.00017	0.0	8e-05	0.0	0.00064	8e-05	0.00027	0.00053	0.0	0.00044	0.00026	0.00012	0.00041	8e-05	0.00015	0.00015	0.00049	0.00012	0.00035	0.00057	0.00026	0.00029	0.00015	0.00018	0.0003	0.00036	9e-05	0.00038	8e-05	0.00037	0.0001	0.00038	0.00077	0.0	0.00043	0.00014	0.00034	0.00016	0.00025	5e-05	6e-05	0.00033	8e-05	0.0	7e-05	0.00024	0.00019	0.00017	0.0	0.0	0.0	0.0	0.0	0.0	0.00023	0.00032	0.0002	0.00053	0.00031	0.00032	0.00038	0.00068	0.00047	0.00024	6e-05	0.0	0.00053	0.00028	0.0	0.00023	0.00047	0.00023	0.0002	0.00037	0.0	0.00026	0.0004	0.00011	0.0	0.00031	0.0	6e-05	0.00028	0.00018	9e-05	
0.016	8e-05	8e-05	0.09791	8e-05	8e-05	0.13162	8e-05	0.02071	8e-05	8e-05	8e-05	8e-05	8e-05	0.00616	0.03558	8e-05	0.10031	0.05177	0.04156	0.03623	8e-05	8e-05	8e-05	0.0	0.0781	0.11873	0.18135	0.0	0.06762	0.02158	0.09451	0.06017	0.03162	0.08064	8e-05	0.08185	8e-05	8e-05	8e-05	0.01349	0.1061	0.08404	0.00777	0.0181	0.13196	8e-05	0.01021	0.09566	8e-05	8e-05	8e-05	0.10758	8e-05	0.06569	0.05752	0.01494	8e-05	8e-05	8e-05	8e-05	8e-05	0.14526	8e-05	0.04427	8e-05	0.1144	0.02761	0.02464	0.03623	8e-05	0.0849	0.05201	0.01501	0.13623	0.16021	0.04282	0.0464	0.09926	0.05756	0.04468	0.06434	0.02073	0.01745	0.07049	0.13795	0.01935	0.08739	0.02234	0.10452	0.02634	0.07263	0.07708	0.06017	0.06503	0.0	0.06781	0.06049	0.0409	0.0475	0.07307	0.06986	0.01708	0.15594	0.06564	8e-05	0.05645	0.1116	0.09867	0.04402	0.0	0.0	0.0	0.0	0.0	0.0	0.075	0.04911	0.09093	0.03623	0.03558	0.00802	0.06017	0.03307	0.09607	0.02997	0.04929	8e-05	0.03623	0.04621	0.0	0.03297	0.10204	0.0462	0.10612	0.07504	8e-05	0.09791	0.05272	0.09072	0.00254	0.03558	8e-05	0.06153	0.03098	0.08006	0.12052	
0.01543	0.00012	0.00012	0.01576	0.00012	0.00012	0.01724	0.00012	0.01542	0.00012	0.00012	0.00012	0.00012	0.00012	0.04527	0.02613	0.00012	0.0708	0.03755	0.10708	0.02662	0.00012	0.00012	0.00012	0.0781	0.0	0.03648	0.08184	0.0	0.10657	0.07103	0.23046	0.04308	0.03688	0.032	0.00012	0.0152	0.00012	0.00012	0.00012	0.02173	0.05081	0.01377	0.11754	0.0791	0.02599	0.00012	0.06178	0.11269	0.00012	0.00012	0.00012	0.35841	0.00012	0.10106	0.04128	0.07121	0.00012	0.00012	0.00012	0.00012	0.00012	0.05405	0.00012	0.05026	0.00012	0.08011	0.03632	0.06557	0.02662	0.00012	0.07278	0.03708	0.03208	0.06785	0.02869	0.03083	0.03333	0.06922	0.13254	0.10196	0.04634	0.01544	0.01305	0.10035	0.09266	0.10066	0.06072	0.07867	0.26608	0.06621	0.05155	0.11207	0.04308	0.04684	0.0	0.04808	0.04361	0.0888	0.03405	0.05104	0.04943	0.07084	0.06071	0.01494	0.00012	0.05827	0.17139	0.06809	0.05514	0.0	0.0	0.0	0.0	0.0	0.0	0.05313	0.09666	0.01475	0.02662	0.02613	0.05893	0.04308	0.02438	0.06716	0.04995	0.08162	0.00012	0.02662	0.03366	0.0	0.13523	0.04068	0.08817	0.36384	0.2621	0.00012	0.01576	0.04436	0.08766	0.00181	0.02613	0.00012	0.17715	0.05065	0.21937	0.09589	
0.20383	0.0003	0.0003	0.02466	0.0003	0.0003	0.02879	0.0003	0.02411	0.0003	0.0003	0.0003	0.0003	0.0003	0.18549	0.32171	0.0003	0.38127	0.0641	0.05393	0.12702	0.0003	0.0003	0.0003	0.11873	0.03648	0.0	0.33006	0.0	0.23038	0.199	0.30237	0.3909	0.18308	0.07588	0.0003	0.31013	0.0003	0.0003	0.0003	0.17167	0.22155	0.02135	0.15427	0.34669	0.3529	0.0003	0.16614	0.06319	0.0003	0.0003	0.0003	0.02692	0.0003	0.18957	0.37959	0.1204	0.0003	0.0003	0.0003	0.0003	0.0003	0.13612	0.0003	0.13867	0.0003	0.45984	0.07544	0.05516	0.12702	0.0003	0.32847	0.33412	0.11803	0.29444	0.04495	0.04756	0.05091	0.24059	0.1267	0.18899	0.26801	0.02412	0.02015	0.03013	0.29414	0.02888	0.36948	0.15282	0.11627	0.04289	0.16992	0.03313	0.3909	0.28293	0.0	0.23427	0.07615	0.26726	0.14306	0.21661	0.20137	0.19062	0.33029	0.15111	0.0003	0.04398	0.28871	0.18382	0.22054	0.0	0.0	0.0	0.0	0.0	0.0	0.27788	0.12875	0.02299	0.12702	0.32171	0.14884	0.3909	0.11339	0.30199	0.25615	0.06247	0.0003	0.12702	0.06874	0.0	0.06495	0.18225	0.28091	0.03737	0.19983	0.0003	0.02466	0.24959	0.22604	0.01618	0.32171	0.0003	0.21586	0.27401	0.20904	0.09393	
0.06853	0.00021	0.00021	0.02787	0.00021	0.00021	0.05357	0.00021	0.06937	0.00021	0.00021	0.00021	0.00021	0.00021	0.05473	0.1249	0.00021	0.09225	0.04512	0.03596	0.05083	0.00021	0.00021	0.00021	0.18135	0.08184	0.33006	0.0	0.0	0.30502	0.0922	0.12071	0.1351	0.08901	0.0825	0.00021	0.03106	0.00021	0.00021	0.00021	0.07986	0.10006	0.02425	0.09156	0.07622	0.21125	0.00021	0.11804	0.04975	0.00021	0.00021	0.00021	0.07654	0.00021	0.23899	0.39568	0.08284	0.00021	0.00021	0.00021	0.00021	0.00021	0.29915	0.00021	0.25291	0.00021	0.07724	0.02003	0.00994	0.05083	0.00021	0.22231	0.21374	0.24778	0.17243	0.25768	0.08952	0.08707	0.09961	0.22812	0.10664	0.29702	0.02728	0.02293	0.13156	0.18753	0.03002	0.23824	0.10691	0.3544	0.14617	0.2374	0.06285	0.1351	0.10413	0.0	0.22464	0.10876	0.25932	0.03799	0.10742	0.11827	0.0761	0.14902	0.04881	0.00021	0.21048	0.15353	0.08274	0.11534	0.0	0.0	0.0	0.0	0.0	0.0	0.13525	0.09883	0.1895	0.05083	0.1249	0.13299	0.1351	0.28959	0.24513	0.22316	0.16132	0.00021	0.05083	0.06515	0.0	0.23606	0.25715	0.15297	0.08526	0.20043	0.00021	0.02787	0.2292	0.18729	0.00699	0.1249	0.00021	0.08503	0.3989	0.32334	0.12219	
0.0	0.0	0.0	0.0	0.0	0.0	0.0	0.0	0.0	0.0	0.0	0.0	0.0	0.0	0.0	0.0	0.0	0.0	0.0	0.0	0.0	0.0	0.0	0.0	0.0	0.0	0.0	0.0	0.0	0.0	0.0	0.0	0.0	0.0	0.0	0.0	0.0	0.0	0.0	0.0	0.0	0.0	0.0	0.0	0.0	0.0	0.0	0.0	0.0	0.0	0.0	0.0	0.0	0.0	0.0	0.0	0.0	0.0	0.0	0.0	0.0	0.0	0.0	0.0	0.0	0.0	0.0	0.0	0.0	0.0	0.0	0.0	0.0	0.0	0.0	0.0	0.0	0.0	0.0	0.0	0.0	0.0	0.0	0.0	0.0	0.0	0.0	0.0	0.0	0.0	0.0	0.0	0.0	0.0	0.0	0.0	0.0	0.0	0.0	0.0	0.0	0.0	0.0	0.0	0.0	0.0	0.0	0.0	0.0	0.0	0.0	0.0	0.0	0.0	0.0	0.0	0.0	0.0	0.0	0.0	0.0	0.0	0.0	0.0	0.0	0.0	0.0	0.0	0.0	0.0	0.0	0.0	0.0	0.0	0.0	0.0	0.0	0.0	0.0	0.0	0.0	0.0	0.0	0.0	0.0	0.0	0.0	
0.08757	0.00034	0.00034	0.02759	0.00034	0.00034	0.03266	0.00034	0.09276	0.00034	0.00034	0.00034	0.00034	0.00034	0.06712	0.10827	0.00034	0.22228	0.02922	0.03942	0.18627	0.00034	0.00034	0.00034	0.06762	0.10657	0.23038	0.30502	0.0	0.0	0.06707	0.19748	0.27802	0.18023	0.10881	0.00034	0.30957	0.00034	0.00034	0.00034	0.10292	0.19552	0.02392	0.41252	0.09134	0.18578	0.00034	0.04265	0.05911	0.00034	0.00034	0.00034	0.12798	0.00034	0.46275	0.30181	0.05302	0.00034	0.00034	0.00034	0.00034	0.00034	0.17264	0.00034	0.1812	0.00034	0.12478	0.02579	0.09666	0.18627	0.00034	0.30828	0.16753	0.13551	0.21193	0.0695	0.06214	0.05663	0.15228	0.1543	0.37569	0.22943	0.02699	0.02259	0.03343	0.13058	0.04807	0.24246	0.09659	0.43534	0.17062	0.34532	0.02217	0.27802	0.21573	0.0	0.30247	0.09023	0.17014	0.03348	0.26971	0.13556	0.10345	0.19185	0.04711	0.00034	0.14429	0.20573	0.23056	0.24857	0.0	0.0	0.0	0.0	0.0	0.0	0.4272	0.33751	0.02583	0.18627	0.10827	0.1198	0.27802	0.20666	0.2651	0.24429	0.0147	0.00034	0.18627	0.10952	0.0	0.40285	0.23637	0.16657	0.18055	0.37681	0.00034	0.02759	0.21146	0.26766	0.03713	0.10827	0.00034	0.11238	0.19048	0.32557	0.1583	
0.08852	9e-05	9e-05	0.106	9e-05	9e-05	0.10529	9e-05	0.02299	9e-05	9e-05	9e-05	9e-05	9e-05	0.06772	0.13935	9e-05	0.05718	0.05807	0.04931	0.20279	9e-05	9e-05	9e-05	0.02158	0.07103	0.199	0.0922	0.0	0.06707	0.0	0.25112	0.314	0.16276	0.07624	9e-05	0.10528	9e-05	9e-05	9e-05	0.15314	0.19049	0.02041	0.02923	0.04349	0.02963	9e-05	0.07661	0.05302	9e-05	9e-05	9e-05	0.02572	9e-05	0.11583	0.13578	0.09029	9e-05	9e-05	9e-05	9e-05	9e-05	0.06211	9e-05	0.06901	9e-05	0.09809	0.0411	0.03316	0.20279	9e-05	0.2055	0.1414	0.05901	0.18367	0.04662	0.05013	0.05429	0.30313	0.08598	0.18353	0.06111	0.02294	0.01931	0.02788	0.04611	0.04497	0.17433	0.07154	0.05381	0.24619	0.17531	0.02181	0.314	0.05056	0.0	0.1619	0.0117	0.21799	0.04195	0.1609	0.08412	0.04391	0.09348	0.06565	9e-05	0.14062	0.15007	0.13956	0.16385	0.0	0.0	0.0	0.0	0.0	0.0	0.16736	0.17778	0.02201	0.20279	0.13935	0.02729	0.314	0.03761	0.11796	0.19656	0.0591	9e-05	0.20279	0.1041	0.0	0.08449	0.18184	0.18648	0.04999	0.08622	9e-05	0.106	0.0773	0.14642	0.04063	0.13935	9e-05	0.25008	0.14585	0.10728	0.11969	
0.07185	0.00017	0.00017	0.02101	0.00017	0.00017	0.02408	0.00017	0.02054	0.00017	0.00017	0.00017	0.00017	0.00017	0.10907	0.21756	0.00017	0.19172	0.05466	0.05002	0.30849	0.00017	0.00017	0.00017	0.09451	0.23046	0.30237	0.12071	0.0	0.19748	0.25112	0.0	0.49557	0.2645	0.13914	0.00017	0.25067	0.00017	0.00017	0.00017	0.26251	0.31536	0.01817	0.15036	0.20361	0.1463	0.00017	0.09312	0.06951	0.00017	0.00017	0.00017	0.11728	0.00017	0.28997	0.20172	0.14973	0.00017	0.00017	0.00017	0.00017	0.00017	0.1184	0.00017	0.15788	0.00017	0.28121	0.11697	0.03713	0.30849	0.00017	0.28947	0.20918	0.06071	0.33468	0.04338	0.04562	0.04961	0.25595	0.11536	0.31177	0.10776	0.02055	0.01715	0.07669	0.17451	0.20053	0.31838	0.17169	0.1229	0.09066	0.27405	0.12854	0.49557	0.17346	0.0	0.2567	0.0365	0.22674	0.07865	0.3311	0.13265	0.09138	0.18807	0.1059	0.00017	0.0708	0.2733	0.26503	0.21989	0.0	0.0	0.0	0.0	0.0	0.0	0.36132	0.31674	0.01958	0.30849	0.21756	0.09459	0.49557	0.0337	0.25633	0.28841	0.1372	0.00017	0.30849	0.22329	0.0	0.07164	0.1262	0.32096	0.26517	0.25266	0.00017	0.02101	0.20856	0.18336	0.12352	0.21756	0.00017	0.17184	0.20569	0.16109	0.07564	
0.16858	0.00038	0.00038	0.01526	0.00038	0.00038	0.01753	0.00038	0.01494	0.00038	0.00038	0.00038	0.00038	0.00038	0.22498	0.50589	0.00038	0.34797	0.03603	0.03072	0.51229	0.00038	0.00038	0.00038	0.06017	0.04308	0.3909	0.1351	0.0	0.27802	0.314	0.49557	0.0	0.35769	0.15244	0.00038	0.48461	0.00038	0.00038	0.00038	0.27155	0.50954	0.01337	0.17281	0.34669	0.24071	0.00038	0.1667	0.05824	0.00038	0.00038	0.00038	0.01653	0.00038	0.34431	0.36312	0.15189	0.00038	0.00038	0.00038	0.00038	0.00038	0.11055	0.00038	0.15876	0.00038	0.28882	0.11609	0.08617	0.51229	0.00038	0.42252	0.42599	0.06667	0.49704	0.02886	0.031	0.03335	0.49545	0.13354	0.37423	0.22077	0.01496	0.01268	0.01798	0.33697	0.20744	0.59684	0.23026	0.03292	0.07022	0.34016	0.15244	1.0005	0.22374	0.0	0.31116	0.04181	0.25331	0.16531	0.57715	0.2137	0.14989	0.22904	0.21531	0.00038	0.07886	0.33658	0.30321	0.35481	0.0	0.0	0.0	0.0	0.0	0.0	0.64617	0.40235	0.01431	0.51229	0.50589	0.17405	1.0005	0.02349	0.41106	0.44346	0.11554	0.00038	0.51229	0.33282	0.0	0.04997	0.13891	0.50614	0.18632	0.27468	0.00038	0.01526	0.3199	0.26583	0.29074	0.50589	0.00038	0.24254	0.33744	0.13401	0.11118	
0.06592	0.00026	0.00026	0.01551	0.00026	0.00026	0.01741	0.00026	0.01518	0.00026	0.00026	0.00026	0.00026	0.00026	0.04451	0.02569	0.00026	0.15316	0.03691	0.03098	0.50104	0.00026	0.00026	0.00026	0.03162	0.03688	0.18308	0.08901	0.0	0.18023	0.16276	0.2645	0.35769	0.0	0.15785	0.00026	0.17802	0.00026	0.00026	0.00026	0.56236	0.17317	0.01356	0.17201	0.18596	0.13158	0.00026	0.06077	0.06605	0.00026	0.00026	0.00026	0.0168	0.00026	0.15357	0.04067	0.15186	0.00026	0.00026	0.00026	0.00026	0.00026	0.06972	0.00026	0.11192	0.00026	0.14116	0.06794	0.13592	0.50104	0.00026	0.15711	0.10265	0.07084	0.18587	0.02891	0.03102	0.03346	0.18232	0.07485	0.36963	0.04557	0.01519	0.01285	0.1179	0.10201	0.20184	0.1293	0.14842	0.03375	0.07239	0.33718	0.12781	0.35769	0.22135	0.0	0.30877	0.04288	0.1568	0.03423	0.33378	0.04875	0.03044	0.13365	0.04638	0.00026	0.08125	0.12741	0.24026	0.26174	0.0	0.0	0.0	0.0	0.0	0.0	0.21816	0.39606	0.01452	0.50104	0.02569	0.05796	0.35769	0.02397	0.30059	0.24369	0.11952	0.00026	0.50104	0.3272	0.0	0.05143	0.13833	0.13429	0.18247	0.13637	0.00026	0.01551	0.17944	0.07976	0.27785	0.02569	0.00026	0.04766	0.04992	0.07922	0.15617	
0.02303	7e-05	7e-05	0.04246	7e-05	7e-05	0.04986	7e-05	0.048	7e-05	7e-05	7e-05	7e-05	7e-05	0.00126	0.08482	7e-05	0.02994	0.01788	0.08975	0.08637	7e-05	7e-05	7e-05	0.08064	0.032	0.07588	0.0825	0.0	0.10881	0.07624	0.13914	0.15244	0.15785	0.0	7e-05	0.07144	7e-05	7e-05	7e-05	0.13669	0.17974	0.03685	0.00339	0.0103	0.02208	7e-05	0.06489	0.00261	7e-05	7e-05	7e-05	0.04628	7e-05	0.11723	0.11244	0.01162	7e-05	7e-05	7e-05	7e-05	7e-05	0.07484	7e-05	0.03816	7e-05	0.0468	0.02689	0.00013	0.08637	7e-05	0.17929	0.10144	0.00793	0.22207	0.08972	0.005	0.09057	0.06975	0.00784	0.06836	0.00106	0.04801	0.03482	0.05235	0.30523	0.03437	0.14641	0.00441	0.09911	0.0827	0.06146	0.00025	0.15244	0.00133	0.0	0.13271	0.00014	0.09959	0.12947	0.21252	0.0817	0.01726	0.11793	0.042	7e-05	0.28386	0.08215	0.14619	0.06014	0.0	0.0	0.0	0.0	0.0	0.0	0.19836	0.11568	0.03964	0.08637	0.08482	0.0028	0.15244	0.06734	0.08345	0.06673	0.07401	7e-05	0.08637	0.02392	0.0	0.08391	0.09279	0.18846	0.04986	0.03131	7e-05	0.04246	0.00244	0.0509	0.0094	0.08482	7e-05	0.05933	0.13335	0.10163	0.01671	
6e-05	0.0	0.0	0.00026	0.0	0.0	0.00027	0.0	0.00021	0.0	0.0	0.0	0.0	0.0	8e-05	0.00031	0.0	0.0008	0.00018	0.00018	0.00053	0.0	0.0	0.0	8e-05	0.00012	0.0003	0.00021	0.0	0.00034	9e-05	0.00017	0.00038	0.00026	7e-05	0.0	0.00032	0.0	0.0	0.0	0.00016	0.00028	0.00028	0.00061	0.00074	0.00051	0.0	6e-05	0.00012	0.0	0.0	0.0	0.00017	0.0	0.00042	0.00045	0.00029	0.0	0.0	0.0	0.0	0.0	0.00017	0.0	8e-05	0.0	0.00064	8e-05	0.00027	0.00053	0.0	0.00044	0.00026	0.00012	0.00041	8e-05	0.00015	0.00015	0.00049	0.00012	0.00035	0.00057	0.00026	0.00029	0.00015	0.00018	0.0003	0.00036	9e-05	0.00038	8e-05	0.00037	0.0001	0.00038	0.00077	0.0	0.00043	0.00014	0.00034	0.00016	0.00025	5e-05	6e-05	0.00033	8e-05	0.0	7e-05	0.00024	0.00019	0.00017	0.0	0.0	0.0	0.0	0.0	0.0	0.00023	0.00032	0.0002	0.00053	0.00031	0.00032	0.00038	0.00068	0.00047	0.00024	6e-05	0.0	0.00053	0.00028	0.0	0.00023	0.00047	0.00023	0.0002	0.00037	0.0	0.00026	0.0004	0.00011	0.0	0.00031	0.0	6e-05	0.00028	0.00018	9e-05	
0.01778	0.00032	0.00032	0.02104	0.00032	0.00032	0.02417	0.00032	0.0206	0.00032	0.00032	0.00032	0.00032	0.00032	0.04762	0.22269	0.00032	0.22748	0.04926	0.04231	0.2273	0.00032	0.00032	0.00032	0.08185	0.0152	0.31013	0.03106	0.0	0.30957	0.10528	0.25067	0.48461	0.17802	0.07144	0.00032	0.0	0.00032	0.00032	0.00032	0.09273	0.51417	0.01845	0.02026	0.09955	0.36386	0.00032	0.01687	0.07969	0.00032	0.00032	0.00032	0.02276	0.00032	0.25519	0.17729	0.01025	0.00032	0.00032	0.00032	0.00032	0.00032	0.02526	0.00032	0.10864	0.00032	0.1797	0.0045	0.02214	0.2273	0.00032	0.33333	0.19295	0.09254	0.47746	0.03958	0.04286	0.04611	0.34448	0.08087	0.18409	0.04537	0.02062	0.0175	0.02458	0.08792	0.04269	0.30179	0.09711	0.04456	0.09574	0.17496	0.01044	0.48461	0.04745	0.0	0.16096	0.05713	0.0865	0.05065	0.29165	0.07938	0.00912	0.06643	0.14865	0.00032	0.01719	0.14878	0.12571	0.14133	0.0	0.0	0.0	0.0	0.0	0.0	0.29371	0.18876	0.01973	0.2273	0.22269	0.02054	0.48461	0.03219	0.15752	0.22559	0.04949	0.00032	0.2273	0.11179	0.0	0.0675	0.05128	0.27273	0.04534	0.09144	0.00032	0.02104	0.10449	0.17062	0.04258	0.22269	0.00032	0.09101	0.17229	0.03633	0.02528	
6e-05	0.0	0.0	0.00026	0.0	0.0	0.00027	0.0	0.00021	0.0	0.0	0.0	0.0	0.0	8e-05	0.00031	0.0	0.0008	0.00018	0.00018	0.00053	0.0	0.0	0.0	8e-05	0.00012	0.0003	0.00021	0.0	0.00034	9e-05	0.00017	0.00038	0.00026	7e-05	0.0	0.00032	0.0	0.0	0.0	0.00016	0.00028	0.00028	0.00061	0.00074	0.00051	0.0	6e-05	0.00012	0.0	0.0	0.0	0.00017	0.0	0.00042	0.00045	0.00029	0.0	0.0	0.0	0.0	0.0	0.00017	0.0	8e-05	0.0	0.00064	8e-05	0.00027	0.00053	0.0	0.00044	0.00026	0.00012	0.00041	8e-05	0.00015	0.00015	0.00049	0.00012	0.00035	0.00057	0.00026	0.00029	0.00015	0.00018	0.0003	0.00036	9e-05	0.00038	8e-05	0.00037	0.0001	0.00038	0.00077	0.0	0.00043	0.00014	0.00034	0.00016	0.00025	5e-05	6e-05	0.00033	8e-05	0.0	7e-05	0.00024	0.00019	0.00017	0.0	0.0	0.0	0.0	0.0	0.0	0.00023	0.00032	0.0002	0.00053	0.00031	0.00032	0.00038	0.00068	0.00047	0.00024	6e-05	0.0	0.00053	0.00028	0.0	0.00023	0.00047	0.00023	0.0002	0.00037	0.0	0.00026	0.0004	0.00011	0.0	0.00031	0.0	6e-05	0.00028	0.00018	9e-05	
