0.0	0.24589	0.13795	0.17222	0.15678	0.06055	0.05191	0.02628	0.08302	0.24663	0.14039	1e-05	1e-05	0.06055	1e-05	1e-05	0.01274	0.13252	0.30363	1e-05	1e-05	0.08302	1e-05	1e-05	1e-05	0.35208	0.07108	0.13252	0.12754	0.07451	1e-05	0.08302	0.04724	1e-05	1e-05	1e-05	1e-05	0.18097	0.10806	0.0	1e-05	0.01854	1e-05	1e-05	0.0323	0.01606	0.09142	0.07853	0.10461	0.21378	0.14287	0.10666	0.13252	1e-05	1e-05	1e-05	1e-05	0.03667	0.13252	0.16643	1e-05	1e-05	1e-05	1e-05	0.04899	0.13389	0.13252	0.13252	1e-05	1e-05	1e-05	1e-05	1e-05	0.18243	1e-05	1e-05	0.05708	0.21107	0.21057	0.21709	0.12118	0.32711	0.14632	0.14771	0.21057	0.14322	0.21938	0.19685	1e-05	0.17005	0.1414	
0.24589	0.0	0.02604	0.09195	0.10998	0.10527	0.10478	0.08963	0.10693	0.0911	0.1665	0.0	0.0	0.10527	0.0	0.0	0.02062	0.24182	0.11012	0.0	0.0	0.10693	0.0	0.0	0.0	0.16948	0.03162	0.24182	0.04592	0.05801	0.0	0.10693	0.16398	0.0	0.0	0.0	0.0	0.34334	0.09412	0.0	0.0	0.03533	0.0	0.0	0.02765	0.02613	0.27213	0.10754	0.1913	0.0774	0.30086	0.21846	0.24182	0.0	0.0	0.0	0.0	0.04058	0.24182	0.29112	0.0	0.0	0.0	0.0	0.14754	0.10104	0.24182	0.24182	0.0	0.0	0.0	0.0	0.0	0.03565	0.0	0.0	0.04879	0.28329	0.1643	0.08484	0.16538	0.23547	0.08462	0.13904	0.1643	0.22912	0.05798	0.09106	0.0	0.05338	0.04453	
0.13795	0.02604	0.0	0.25071	0.3305	0.12485	0.05952	0.00685	0.05404	0.11129	0.13619	4e-05	4e-05	0.12485	4e-05	4e-05	0.01221	0.00404	0.05536	4e-05	4e-05	0.05404	4e-05	4e-05	4e-05	0.10945	0.09154	0.00404	0.03054	0.07011	4e-05	0.05404	0.02771	4e-05	4e-05	4e-05	4e-05	0.04936	0.07677	0.0	4e-05	0.00185	4e-05	4e-05	0.02318	0.01523	0.11884	0.07329	0.05983	0.08019	0.05015	0.12167	0.00404	4e-05	4e-05	4e-05	4e-05	0.0762	0.00404	0.04303	4e-05	4e-05	4e-05	4e-05	0.00267	0.00352	0.00404	0.00404	4e-05	4e-05	4e-05	4e-05	4e-05	0.02926	4e-05	4e-05	0.03886	0.03107	0.02858	0.11931	0.01486	0.09266	0.06315	0.10711	0.02858	0.03078	0.08915	0.00621	4e-05	0.12995	0.14661	
0.17222	0.09195	0.25071	0.0	0.27183	0.03662	0.24676	0.1996	0.40156	0.08038	0.07698	2e-05	2e-05	0.03662	2e-05	2e-05	0.00834	0.02011	0.0391	2e-05	2e-05	0.40156	2e-05	2e-05	2e-05	0.07923	0.07262	0.02011	0.16715	0.07216	2e-05	0.40156	0.1038	2e-05	2e-05	2e-05	2e-05	0.07457	0.08902	0.0	2e-05	0.02569	2e-05	2e-05	0.01605	0.01045	0.12344	0.05536	0.2417	0.05694	0.05657	0.06202	0.02011	2e-05	2e-05	2e-05	2e-05	0.10207	0.02011	0.25434	2e-05	2e-05	2e-05	2e-05	0.02039	0.02055	0.02011	0.02011	2e-05	2e-05	2e-05	2e-05	2e-05	0.02037	2e-05	2e-05	0.02723	0.1055	0.03286	0.12094	0.12835	0.32429	0.0447	0.36255	0.03286	0.13773	0.06335	0.07321	2e-05	0.18864	0.28466	
0.15678	0.10998	0.3305	0.27183	0.0	0.4343	0.26968	0.19564	0.03158	0.06431	0.31929	2e-05	2e-05	0.4343	2e-05	2e-05	0.00711	0.05973	0.03235	2e-05	2e-05	0.03158	2e-05	2e-05	2e-05	0.06335	0.15706	0.05973	0.1394	0.19569	2e-05	0.03158	0.09218	2e-05	2e-05	2e-05	2e-05	0.17885	0.17436	0.0	2e-05	0.03834	2e-05	2e-05	0.01354	0.00887	0.17051	0.0371	0.1019	0.04657	0.13549	0.31085	0.05973	2e-05	2e-05	2e-05	2e-05	0.14075	0.05973	0.07958	2e-05	2e-05	2e-05	2e-05	0.02858	0.02807	0.05973	0.05973	2e-05	2e-05	2e-05	2e-05	2e-05	0.01711	2e-05	2e-05	0.02274	0.11223	0.09318	0.1328	0.02736	0.054	0.03684	0.11472	0.09318	0.1231	0.05162	0.19351	2e-05	0.27524	0.39066	
0.06055	0.10527	0.12485	0.03662	0.4343	0.0	0.21355	0.28339	0.01774	0.02999	0.45049	9e-05	9e-05	0.99977	9e-05	9e-05	0.00499	0.03006	0.01811	9e-05	9e-05	0.01774	9e-05	9e-05	9e-05	0.02938	0.06826	0.03006	0.09225	0.28352	9e-05	0.01774	0.04333	9e-05	9e-05	9e-05	9e-05	0.16592	0.20647	0.0	9e-05	0.02082	9e-05	9e-05	0.00874	0.00607	0.10478	0.01916	0.04382	0.02445	0.10756	0.45531	0.03006	9e-05	9e-05	9e-05	9e-05	0.01177	0.03006	0.03555	9e-05	9e-05	9e-05	9e-05	0.02947	0.03027	0.03006	0.03006	9e-05	9e-05	9e-05	9e-05	9e-05	0.01066	9e-05	9e-05	0.01352	0.06595	0.04373	0.0291	0.03778	0.02581	0.02015	0.02596	0.04373	0.05755	0.02662	0.27802	9e-05	0.02225	0.07704	
0.05191	0.10478	0.05952	0.24676	0.26968	0.21355	0.0	0.70512	0.22513	0.06676	0.17557	2e-05	2e-05	0.21355	2e-05	2e-05	0.00747	0.0622	0.03377	2e-05	2e-05	0.22513	2e-05	2e-05	2e-05	0.06574	0.1638	0.0622	0.18246	0.05574	2e-05	0.22513	0.03187	2e-05	2e-05	2e-05	2e-05	0.07715	0.05913	0.0	2e-05	0.03999	2e-05	2e-05	0.0142	0.00932	0.07679	0.03862	0.19225	0.04854	0.03316	0.16785	0.0622	2e-05	2e-05	2e-05	2e-05	0.3141	0.0622	0.18462	2e-05	2e-05	2e-05	2e-05	0.13032	0.12891	0.0622	0.0622	2e-05	2e-05	2e-05	2e-05	2e-05	0.01793	2e-05	2e-05	0.02378	0.08586	0.09699	0.24315	0.11871	0.18507	0.03844	0.17051	0.09699	0.10451	0.05378	0.0544	2e-05	0.1905	0.2575	
0.02628	0.08963	0.00685	0.1996	0.19564	0.28339	0.70512	0.0	0.29875	0.05751	0.19787	6e-05	6e-05	0.28339	6e-05	6e-05	0.00755	0.05538	0.03136	6e-05	6e-05	0.29875	6e-05	6e-05	6e-05	0.05649	0.1377	0.05538	0.19354	0.0586	6e-05	0.29875	0.02061	6e-05	6e-05	6e-05	6e-05	0.06504	0.05601	0.0	6e-05	0.03669	6e-05	6e-05	0.01392	0.00933	0.04874	0.03469	0.19988	0.04394	0.01453	0.19279	0.05538	6e-05	6e-05	6e-05	6e-05	0.01937	0.05538	0.20003	6e-05	6e-05	6e-05	6e-05	0.05417	0.05582	0.05538	0.05538	6e-05	6e-05	6e-05	6e-05	6e-05	0.01734	6e-05	6e-05	0.02261	0.04381	0.084	0.05546	0.0331	0.2149	0.03537	0.19122	0.084	0.06745	0.04835	0.05669	6e-05	0.03945	0.17093	
0.08302	0.10693	0.05404	0.40156	0.03158	0.01774	0.22513	0.29875	0.0	0.03119	0.0299	9e-05	9e-05	0.01774	9e-05	9e-05	0.0051	0.03119	0.01872	9e-05	9e-05	0.99977	9e-05	9e-05	9e-05	0.03057	0.07114	0.03119	0.09628	0.03065	9e-05	0.99977	0.16558	9e-05	9e-05	9e-05	9e-05	0.04739	0.03388	0.0	9e-05	0.02154	9e-05	9e-05	0.00899	0.00622	0.07052	0.01987	0.37469	0.02533	0.05278	0.02448	0.03119	9e-05	9e-05	9e-05	9e-05	0.01213	0.03119	0.4073	9e-05	9e-05	9e-05	9e-05	0.03057	0.03141	0.03119	0.03119	9e-05	9e-05	9e-05	9e-05	9e-05	0.01098	9e-05	9e-05	0.01395	0.08897	0.04547	0.03026	0.20165	0.5047	0.02084	0.41532	0.04547	0.14636	0.0276	0.03102	9e-05	0.02302	0.08065	
0.24663	0.0911	0.11129	0.08038	0.06431	0.02999	0.06676	0.05751	0.03119	0.0	0.27082	3e-05	3e-05	0.02999	3e-05	3e-05	0.00709	0.05866	0.26396	3e-05	3e-05	0.03119	3e-05	3e-05	3e-05	0.73665	0.21473	0.05866	0.2184	0.05749	3e-05	0.03119	0.09019	3e-05	3e-05	3e-05	3e-05	0.10505	0.26672	0.0	3e-05	0.19858	3e-05	3e-05	0.01346	0.00885	0.17134	0.03649	0.12779	0.12482	0.11461	0.25387	0.05866	3e-05	3e-05	3e-05	3e-05	0.0191	0.05866	0.07762	3e-05	3e-05	3e-05	3e-05	0.16998	0.05916	0.05866	0.05866	3e-05	3e-05	3e-05	3e-05	3e-05	0.01699	3e-05	3e-05	0.36183	0.26394	0.04715	0.34112	0.05741	0.21068	0.2055	0.05546	0.04715	0.0809	0.41945	0.08488	3e-05	0.06821	0.15623	
0.14039	0.1665	0.13619	0.07698	0.31929	0.45049	0.17557	0.19787	0.0299	0.27082	0.0	2e-05	2e-05	0.45049	2e-05	2e-05	0.00679	0.05621	0.03063	2e-05	2e-05	0.0299	2e-05	2e-05	2e-05	0.41382	0.14233	0.05621	0.20726	0.19792	2e-05	0.0299	0.0863	2e-05	2e-05	2e-05	2e-05	0.17487	0.30692	0.0	2e-05	0.08035	2e-05	2e-05	0.0129	0.00847	0.11078	0.035	0.05134	0.04394	0.13077	0.50171	0.05621	2e-05	2e-05	2e-05	2e-05	0.01831	0.05621	0.07435	2e-05	2e-05	2e-05	2e-05	0.31958	0.05668	0.05621	0.05621	2e-05	2e-05	2e-05	2e-05	2e-05	0.01628	2e-05	2e-05	0.194	0.19476	0.08722	0.05741	0.07355	0.05071	0.08494	0.05319	0.08722	0.13353	0.05483	0.19559	2e-05	0.03856	0.13166	
1e-05	0.0	4e-05	2e-05	2e-05	9e-05	2e-05	6e-05	9e-05	3e-05	2e-05	0.0	0.0	9e-05	0.0	0.0	0.00031	6e-05	0.00011	0.0	0.0	9e-05	0.0	0.0	0.0	3e-05	4e-05	6e-05	4e-05	6e-05	0.0	9e-05	5e-05	0.0	0.0	0.0	0.0	2e-05	2e-05	0.0	0.0	7e-05	0.0	0.0	0.00018	0.00026	1e-05	3e-05	2e-05	7e-05	2e-05	1e-05	6e-05	0.0	0.0	0.0	0.0	0.00013	6e-05	2e-05	0.0	0.0	0.0	0.0	6e-05	5e-05	6e-05	6e-05	0.0	0.0	0.0	0.0	0.0	0.00014	0.0	0.0	0.00011	0.0	5e-05	3e-05	5e-05	3e-05	8e-05	0.0	5e-05	2e-05	7e-05	6e-05	0.0	9e-05	0.0	
1e-05	0.0	4e-05	2e-05	2e-05	9e-05	2e-05	6e-05	9e-05	3e-05	2e-05	0.0	0.0	9e-05	0.0	0.0	0.00031	6e-05	0.00011	0.0	0.0	9e-05	0.0	0.0	0.0	3e-05	4e-05	6e-05	4e-05	6e-05	0.0	9e-05	5e-05	0.0	0.0	0.0	0.0	2e-05	2e-05	0.0	0.0	7e-05	0.0	0.0	0.00018	0.00026	1e-05	3e-05	2e-05	7e-05	2e-05	1e-05	6e-05	0.0	0.0	0.0	0.0	0.00013	6e-05	2e-05	0.0	0.0	0.0	0.0	6e-05	5e-05	6e-05	6e-05	0.0	0.0	0.0	0.0	0.0	0.00014	0.0	0.0	0.00011	0.0	5e-05	3e-05	5e-05	3e-05	8e-05	0.0	5e-05	2e-05	7e-05	6e-05	0.0	9e-05	0.0	
0.06055	0.10527	0.12485	0.03662	0.4343	0.99977	0.21355	0.28339	0.01774	0.02999	0.45049	9e-05	9e-05	0.0	9e-05	9e-05	0.00499	0.03006	0.01811	9e-05	9e-05	0.01774	9e-05	9e-05	9e-05	0.02938	0.06826	0.03006	0.09225	0.28352	9e-05	0.01774	0.04333	9e-05	9e-05	9e-05	9e-05	0.16592	0.20647	0.0	9e-05	0.02082	9e-05	9e-05	0.00874	0.00607	0.10478	0.01916	0.04382	0.02445	0.10756	0.45531	0.03006	9e-05	9e-05	9e-05	9e-05	0.01177	0.03006	0.03555	9e-05	9e-05	9e-05	9e-05	0.02947	0.03027	0.03006	0.03006	9e-05	9e-05	9e-05	9e-05	9e-05	0.01066	9e-05	9e-05	0.01352	0.06595	0.04373	0.0291	0.03778	0.02581	0.02015	0.02596	0.04373	0.05755	0.02662	0.27802	9e-05	0.02225	0.07704	
1e-05	0.0	4e-05	2e-05	2e-05	9e-05	2e-05	6e-05	9e-05	3e-05	2e-05	0.0	0.0	9e-05	0.0	0.0	0.00031	6e-05	0.00011	0.0	0.0	9e-05	0.0	0.0	0.0	3e-05	4e-05	6e-05	4e-05	6e-05	0.0	9e-05	5e-05	0.0	0.0	0.0	0.0	2e-05	2e-05	0.0	0.0	7e-05	0.0	0.0	0.00018	0.00026	1e-05	3e-05	2e-05	7e-05	2e-05	1e-05	6e-05	0.0	0.0	0.0	0.0	0.00013	6e-05	2e-05	0.0	0.0	0.0	0.0	6e-05	5e-05	6e-05	6e-05	0.0	0.0	0.0	0.0	0.0	0.00014	0.0	0.0	0.00011	0.0	5e-05	3e-05	5e-05	3e-05	8e-05	0.0	5e-05	2e-05	7e-05	6e-05	0.0	9e-05	0.0	
1e-05	0.0	4e-05	2e-05	2e-05	9e-05	2e-05	6e-05	9e-05	3e-05	2e-05	0.0	0.0	9e-05	0.0	0.0	0.00031	6e-05	0.00011	0.0	0.0	9e-05	0.0	0.0	0.0	3e-05	4e-05	6e-05	4e-05	6e-05	0.0	9e-05	5e-05	0.0	0.0	0.0	0.0	2e-05	2e-05	0.0	0.0	7e-05	0.0	0.0	0.00018	0.00026	1e-05	3e-05	2e-05	7e-05	2e-05	1e-05	6e-05	0.0	0.0	0.0	0.0	0.00013	6e-05	2e-05	0.0	0.0	0.0	0.0	6e-05	5e-05	6e-05	6e-05	0.0	0.0	0.0	0.0	0.0	0.00014	0.0	0.0	0.00011	0.0	5e-05	3e-05	5e-05	3e-05	8e-05	0.0	5e-05	2e-05	7e-05	6e-05	0.0	9e-05	0.0	
0.01274	0.02062	0.01221	0.00834	0.00711	0.00499	0.00747	0.00755	0.0051	0.00709	0.00679	0.00031	0.00031	0.00499	0.00031	0.00031	0.0	0.05519	0.0052	0.00031	0.00031	0.0051	0.00031	0.00031	0.00031	0.00692	0.02034	0.05519	0.01544	0.00755	0.00031	0.0051	0.03381	0.00031	0.00031	0.00031	0.00031	0.03091	0.0076	0.0	0.00031	0.00574	0.00031	0.00031	0.00312	0.00244	0.02367	0.00497	0.02672	0.0065	0.02264	0.00559	0.05519	0.00031	0.00031	0.00031	0.00031	0.00382	0.05519	0.03594	0.00031	0.00031	0.00031	0.00031	0.00753	0.05463	0.05519	0.05519	0.00031	0.00031	0.00031	0.00031	0.00031	0.00357	0.00031	0.00031	0.00421	0.01354	0.03343	0.00695	0.00926	0.00623	0.0056	0.00601	0.03343	0.01231	0.00695	0.00762	0.00031	0.00629	0.01302	
0.13252	0.24182	0.00404	0.02011	0.05973	0.03006	0.0622	0.05538	0.03119	0.05866	0.05621	6e-05	6e-05	0.03006	6e-05	6e-05	0.05519	0.0	0.03189	6e-05	6e-05	0.03119	6e-05	6e-05	6e-05	0.05763	0.19509	0.99985	0.13876	0.05536	6e-05	0.03119	0.38203	6e-05	6e-05	6e-05	6e-05	0.53064	0.06428	0.0	6e-05	0.02518	6e-05	6e-05	0.01413	0.06935	0.09774	0.18557	0.33572	0.00882	0.2468	0.0805	0.99985	6e-05	6e-05	6e-05	6e-05	0.01967	0.99985	0.62376	6e-05	6e-05	6e-05	6e-05	0.05519	0.21343	0.99985	0.99985	6e-05	6e-05	6e-05	6e-05	6e-05	0.01761	6e-05	6e-05	0.02297	0.14868	0.37584	0.05656	0.07283	0.04975	0.03599	0.05124	0.37584	0.12382	0.04924	0.05609	6e-05	0.04017	0.13641	
0.30363	0.11012	0.05536	0.0391	0.03235	0.01811	0.03377	0.03136	0.01872	0.26396	0.03063	0.00011	0.00011	0.01811	0.00011	0.00011	0.0052	0.03189	0.0	0.00011	0.00011	0.01872	0.00011	0.00011	0.00011	0.46328	0.09741	0.03189	0.0988	0.03135	0.00011	0.01872	0.04614	0.00011	0.00011	0.00011	0.00011	0.04862	0.0347	0.0	0.00011	0.022	0.00011	0.00011	0.00915	0.00633	0.07245	0.02031	0.04685	0.4405	0.05413	0.02507	0.03189	0.00011	0.00011	0.00011	0.00011	0.01236	0.03189	0.03794	0.00011	0.00011	0.00011	0.00011	0.03126	0.03212	0.03189	0.03189	0.00011	0.00011	0.00011	0.00011	0.00011	0.01118	0.00011	0.00011	0.01422	0.15105	0.16814	0.27387	0.20759	0.51388	0.02128	0.02768	0.16814	0.12873	0.37294	0.30256	0.00011	0.30678	0.06668	
1e-05	0.0	4e-05	2e-05	2e-05	9e-05	2e-05	6e-05	9e-05	3e-05	2e-05	0.0	0.0	9e-05	0.0	0.0	0.00031	6e-05	0.00011	0.0	0.0	9e-05	0.0	0.0	0.0	3e-05	4e-05	6e-05	4e-05	6e-05	0.0	9e-05	5e-05	0.0	0.0	0.0	0.0	2e-05	2e-05	0.0	0.0	7e-05	0.0	0.0	0.00018	0.00026	1e-05	3e-05	2e-05	7e-05	2e-05	1e-05	6e-05	0.0	0.0	0.0	0.0	0.00013	6e-05	2e-05	0.0	0.0	0.0	0.0	6e-05	5e-05	6e-05	6e-05	0.0	0.0	0.0	0.0	0.0	0.00014	0.0	0.0	0.00011	0.0	5e-05	3e-05	5e-05	3e-05	8e-05	0.0	5e-05	2e-05	7e-05	6e-05	0.0	9e-05	0.0	
1e-05	0.0	4e-05	2e-05	2e-05	9e-05	2e-05	6e-05	9e-05	3e-05	2e-05	0.0	0.0	9e-05	0.0	0.0	0.00031	6e-05	0.00011	0.0	0.0	9e-05	0.0	0.0	0.0	3e-05	4e-05	6e-05	4e-05	6e-05	0.0	9e-05	5e-05	0.0	0.0	0.0	0.0	2e-05	2e-05	0.0	0.0	7e-05	0.0	0.0	0.00018	0.00026	1e-05	3e-05	2e-05	7e-05	2e-05	1e-05	6e-05	0.0	0.0	0.0	0.0	0.00013	6e-05	2e-05	0.0	0.0	0.0	0.0	6e-05	5e-05	6e-05	6e-05	0.0	0.0	0.0	0.0	0.0	0.00014	0.0	0.0	0.00011	0.0	5e-05	3e-05	5e-05	3e-05	8e-05	0.0	5e-05	2e-05	7e-05	6e-05	0.0	9e-05	0.0	
0.08302	0.10693	0.05404	0.40156	0.03158	0.01774	0.22513	0.29875	0.99977	0.03119	0.0299	9e-05	9e-05	0.01774	9e-05	9e-05	0.0051	0.03119	0.01872	9e-05	9e-05	0.0	9e-05	9e-05	9e-05	0.03057	0.07114	0.03119	0.09628	0.03065	9e-05	0.99977	0.16558	9e-05	9e-05	9e-05	9e-05	0.04739	0.03388	0.0	9e-05	0.02154	9e-05	9e-05	0.00899	0.00622	0.07052	0.01987	0.37469	0.02533	0.05278	0.02448	0.03119	9e-05	9e-05	9e-05	9e-05	0.01213	0.03119	0.4073	9e-05	9e-05	9e-05	9e-05	0.03057	0.03141	0.03119	0.03119	9e-05	9e-05	9e-05	9e-05	9e-05	0.01098	9e-05	9e-05	0.01395	0.08897	0.04547	0.03026	0.20165	0.5047	0.02084	0.41532	0.04547	0.14636	0.0276	0.03102	9e-05	0.02302	0.08065	
1e-05	0.0	4e-05	2e-05	2e-05	9e-05	2e-05	6e-05	9e-05	3e-05	2e-05	0.0	0.0	9e-05	0.0	0.0	0.00031	6e-05	0.00011	0.0	0.0	9e-05	0.0	0.0	0.0	3e-05	4e-05	6e-05	4e-05	6e-05	0.0	9e-05	5e-05	0.0	0.0	0.0	0.0	2e-05	2e-05	0.0	0.0	7e-05	0.0	0.0	0.00018	0.00026	1e-05	3e-05	2e-05	7e-05	2e-05	1e-05	6e-05	0.0	0.0	0.0	0.0	0.00013	6e-05	2e-05	0.0	0.0	0.0	0.0	6e-05	5e-05	6e-05	6e-05	0.0	0.0	0.0	0.0	0.0	0.00014	0.0	0.0	0.00011	0.0	5e-05	3e-05	5e-05	3e-05	8e-05	0.0	5e-05	2e-05	7e-05	6e-05	0.0	9e-05	0.0	
1e-05	0.0	4e-05	2e-05	2e-05	9e-05	2e-05	6e-05	9e-05	3e-05	2e-05	0.0	0.0	9e-05	0.0	0.0	0.00031	6e-05	0.00011	0.0	0.0	9e-05	0.0	0.0	0.0	3e-05	4e-05	6e-05	4e-05	6e-05	0.0	9e-05	5e-05	0.0	0.0	0.0	0.0	2e-05	2e-05	0.0	0.0	7e-05	0.0	0.0	0.00018	0.00026	1e-05	3e-05	2e-05	7e-05	2e-05	1e-05	6e-05	0.0	0.0	0.0	0.0	0.00013	6e-05	2e-05	0.0	0.0	0.0	0.0	6e-05	5e-05	6e-05	6e-05	0.0	0.0	0.0	0.0	0.0	0.00014	0.0	0.0	0.00011	0.0	5e-05	3e-05	5e-05	3e-05	8e-05	0.0	5e-05	2e-05	7e-05	6e-05	0.0	9e-05	0.0	
1e-05	0.0	4e-05	2e-05	2e-05	9e-05	2e-05	6e-05	9e-05	3e-05	2e-05	0.0	0.0	9e-05	0.0	0.0	0.00031	6e-05	0.00011	0.0	0.0	9e-05	0.0	0.0	0.0	3e-05	4e-05	6e-05	4e-05	6e-05	0.0	9e-05	5e-05	0.0	0.0	0.0	0.0	2e-05	2e-05	0.0	0.0	7e-05	0.0	0.0	0.00018	0.00026	1e-05	3e-05	2e-05	7e-05	2e-05	1e-05	6e-05	0.0	0.0	0.0	0.0	0.00013	6e-05	2e-05	0.0	0.0	0.0	0.0	6e-05	5e-05	6e-05	6e-05	0.0	0.0	0.0	0.0	0.0	0.00014	0.0	0.0	0.00011	0.0	5e-05	3e-05	5e-05	3e-05	8e-05	0.0	5e-05	2e-05	7e-05	6e-05	0.0	9e-05	0.0	
0.35208	0.16948	0.10945	0.07923	0.06335	0.02938	0.06574	0.05649	0.03057	0.73665	0.41382	3e-05	3e-05	0.02938	3e-05	3e-05	0.00692	0.05763	0.46328	3e-05	3e-05	0.03057	3e-05	3e-05	3e-05	0.0	0.21093	0.05763	0.21452	0.05647	3e-05	0.03057	0.08869	3e-05	3e-05	3e-05	3e-05	0.10363	0.16357	0.0	3e-05	0.07983	3e-05	3e-05	0.01315	0.00863	0.09865	0.03585	0.05351	0.26791	0.11292	0.15061	0.05763	3e-05	3e-05	3e-05	3e-05	0.01868	0.05763	0.0765	3e-05	3e-05	3e-05	3e-05	0.31543	0.05812	0.05763	0.05763	3e-05	3e-05	3e-05	3e-05	3e-05	0.01661	3e-05	3e-05	0.19058	0.27743	0.15311	0.36116	0.16894	0.34675	0.08428	0.05466	0.15311	0.16493	0.44449	0.20992	3e-05	0.17056	0.15421	
0.07108	0.03162	0.09154	0.07262	0.15706	0.06826	0.1638	0.1377	0.07114	0.21473	0.14233	4e-05	4e-05	0.06826	4e-05	4e-05	0.02034	0.19509	0.09741	4e-05	4e-05	0.07114	4e-05	4e-05	4e-05	0.21093	0.0	0.19509	0.01128	0.13765	4e-05	0.07114	0.03207	4e-05	4e-05	4e-05	4e-05	0.21057	0.14998	0.0	4e-05	0.11729	4e-05	4e-05	0.02991	0.02547	0.01532	0.0913	0.25291	0.14583	0.0293	0.11304	0.19509	4e-05	4e-05	4e-05	4e-05	0.04275	0.19509	0.18778	4e-05	4e-05	4e-05	4e-05	0.02821	0.03156	0.19509	0.19509	4e-05	4e-05	4e-05	4e-05	4e-05	0.03791	4e-05	4e-05	0.06696	0.05601	0.34791	0.15977	0.00214	0.12216	0.00413	0.13304	0.34791	0.13218	0.16417	0.00171	4e-05	0.07388	0.61504	
0.13252	0.24182	0.00404	0.02011	0.05973	0.03006	0.0622	0.05538	0.03119	0.05866	0.05621	6e-05	6e-05	0.03006	6e-05	6e-05	0.05519	0.99985	0.03189	6e-05	6e-05	0.03119	6e-05	6e-05	6e-05	0.05763	0.19509	0.0	0.13876	0.05536	6e-05	0.03119	0.38203	6e-05	6e-05	6e-05	6e-05	0.53064	0.06428	0.0	6e-05	0.02518	6e-05	6e-05	0.01413	0.06935	0.09774	0.18557	0.33572	0.00882	0.2468	0.0805	0.99985	6e-05	6e-05	6e-05	6e-05	0.01967	0.99985	0.62376	6e-05	6e-05	6e-05	6e-05	0.05519	0.21343	0.99985	0.99985	6e-05	6e-05	6e-05	6e-05	6e-05	0.01761	6e-05	6e-05	0.02297	0.14868	0.37584	0.05656	0.07283	0.04975	0.03599	0.05124	0.37584	0.12382	0.04924	0.05609	6e-05	0.04017	0.13641	
0.12754	0.04592	0.03054	0.16715	0.1394	0.09225	0.18246	0.19354	0.09628	0.2184	0.20726	4e-05	4e-05	0.09225	4e-05	4e-05	0.01544	0.13876	0.0988	4e-05	4e-05	0.09628	4e-05	4e-05	4e-05	0.21452	0.01128	0.13876	0.0	0.00063	4e-05	0.09628	0.00986	4e-05	4e-05	4e-05	4e-05	0.09971	0.04637	0.0	4e-05	0.00298	4e-05	4e-05	0.02955	0.0193	0.0337	0.08286	0.07124	0.01628	0.05491	0.13938	0.13876	4e-05	4e-05	4e-05	4e-05	0.04222	0.13876	0.16231	4e-05	4e-05	4e-05	4e-05	0.0292	0.14008	0.13876	0.13876	4e-05	4e-05	4e-05	4e-05	4e-05	0.03745	4e-05	4e-05	0.06788	0.05692	0.00896	0.16145	0.06989	0.17629	0.00442	0.12261	0.00896	0.00174	0.16675	0.19673	4e-05	0.07309	0.06355	
0.07451	0.05801	0.07011	0.07216	0.19569	0.28352	0.05574	0.0586	0.03065	0.05749	0.19792	6e-05	6e-05	0.28352	6e-05	6e-05	0.00755	0.05536	0.03135	6e-05	6e-05	0.03065	6e-05	6e-05	6e-05	0.05647	0.13765	0.05536	0.00063	0.0	6e-05	0.03065	0.08312	6e-05	6e-05	6e-05	6e-05	0.52462	0.67699	0.0	6e-05	0.03668	6e-05	6e-05	0.01392	0.00933	0.11758	0.117	0.08803	0.04393	0.24143	0.19284	0.05536	6e-05	6e-05	6e-05	6e-05	0.01936	0.05536	0.06982	6e-05	6e-05	6e-05	6e-05	0.05415	0.0558	0.05536	0.05536	6e-05	6e-05	6e-05	6e-05	6e-05	0.14307	6e-05	6e-05	0.0226	0.14487	0.08397	0.05544	0.07139	0.04877	0.02061	0.05021	0.08397	0.04444	0.04833	0.05673	6e-05	0.03944	0.17086	
1e-05	0.0	4e-05	2e-05	2e-05	9e-05	2e-05	6e-05	9e-05	3e-05	2e-05	0.0	0.0	9e-05	0.0	0.0	0.00031	6e-05	0.00011	0.0	0.0	9e-05	0.0	0.0	0.0	3e-05	4e-05	6e-05	4e-05	6e-05	0.0	9e-05	5e-05	0.0	0.0	0.0	0.0	2e-05	2e-05	0.0	0.0	7e-05	0.0	0.0	0.00018	0.00026	1e-05	3e-05	2e-05	7e-05	2e-05	1e-05	6e-05	0.0	0.0	0.0	0.0	0.00013	6e-05	2e-05	0.0	0.0	0.0	0.0	6e-05	5e-05	6e-05	6e-05	0.0	0.0	0.0	0.0	0.0	0.00014	0.0	0.0	0.00011	0.0	5e-05	3e-05	5e-05	3e-05	8e-05	0.0	5e-05	2e-05	7e-05	6e-05	0.0	9e-05	0.0	
0.08302	0.10693	0.05404	0.40156	0.03158	0.01774	0.22513	0.29875	0.99977	0.03119	0.0299	9e-05	9e-05	0.01774	9e-05	9e-05	0.0051	0.03119	0.01872	9e-05	9e-05	0.99977	9e-05	9e-05	9e-05	0.03057	0.07114	0.03119	0.09628	0.03065	9e-05	0.0	0.16558	9e-05	9e-05	9e-05	9e-05	0.04739	0.03388	0.0	9e-05	0.02154	9e-05	9e-05	0.00899	0.00622	0.07052	0.01987	0.37469	0.02533	0.05278	0.02448	0.03119	9e-05	9e-05	9e-05	9e-05	0.01213	0.03119	0.4073	9e-05	9e-05	9e-05	9e-05	0.03057	0.03141	0.03119	0.03119	9e-05	9e-05	9e-05	9e-05	9e-05	0.01098	9e-05	9e-05	0.01395	0.08897	0.04547	0.03026	0.20165	0.5047	0.02084	0.41532	0.04547	0.14636	0.0276	0.03102	9e-05	0.02302	0.08065	
0.04724	0.16398	0.02771	0.1038	0.09218	0.04333	0.03187	0.02061	0.16558	0.09019	0.0863	5e-05	5e-05	0.04333	5e-05	5e-05	0.03381	0.38203	0.04614	5e-05	5e-05	0.16558	5e-05	5e-05	5e-05	0.08869	0.03207	0.38203	0.00986	0.08312	5e-05	0.16558	0.0	5e-05	5e-05	5e-05	5e-05	0.27956	0.09959	0.0	5e-05	0.00604	5e-05	5e-05	0.01963	0.04242	0.00627	0.12405	0.44065	0.00022	0.0751	0.08473	0.38203	5e-05	5e-05	5e-05	5e-05	0.02772	0.38203	0.75815	5e-05	5e-05	5e-05	5e-05	0.08286	0.09221	0.38203	0.38203	5e-05	5e-05	5e-05	5e-05	5e-05	0.02469	5e-05	5e-05	0.03263	0.07616	0.11457	0.08658	0.00395	0.14835	0.05245	0.1393	0.11457	0.07992	0.07331	0.08429	5e-05	0.05997	0.04898	
1e-05	0.0	4e-05	2e-05	2e-05	9e-05	2e-05	6e-05	9e-05	3e-05	2e-05	0.0	0.0	9e-05	0.0	0.0	0.00031	6e-05	0.00011	0.0	0.0	9e-05	0.0	0.0	0.0	3e-05	4e-05	6e-05	4e-05	6e-05	0.0	9e-05	5e-05	0.0	0.0	0.0	0.0	2e-05	2e-05	0.0	0.0	7e-05	0.0	0.0	0.00018	0.00026	1e-05	3e-05	2e-05	7e-05	2e-05	1e-05	6e-05	0.0	0.0	0.0	0.0	0.00013	6e-05	2e-05	0.0	0.0	0.0	0.0	6e-05	5e-05	6e-05	6e-05	0.0	0.0	0.0	0.0	0.0	0.00014	0.0	0.0	0.00011	0.0	5e-05	3e-05	5e-05	3e-05	8e-05	0.0	5e-05	2e-05	7e-05	6e-05	0.0	9e-05	0.0	
1e-05	0.0	4e-05	2e-05	2e-05	9e-05	2e-05	6e-05	9e-05	3e-05	2e-05	0.0	0.0	9e-05	0.0	0.0	0.00031	6e-05	0.00011	0.0	0.0	9e-05	0.0	0.0	0.0	3e-05	4e-05	6e-05	4e-05	6e-05	0.0	9e-05	5e-05	0.0	0.0	0.0	0.0	2e-05	2e-05	0.0	0.0	7e-05	0.0	0.0	0.00018	0.00026	1e-05	3e-05	2e-05	7e-05	2e-05	1e-05	6e-05	0.0	0.0	0.0	0.0	0.00013	6e-05	2e-05	0.0	0.0	0.0	0.0	6e-05	5e-05	6e-05	6e-05	0.0	0.0	0.0	0.0	0.0	0.00014	0.0	0.0	0.00011	0.0	5e-05	3e-05	5e-05	3e-05	8e-05	0.0	5e-05	2e-05	7e-05	6e-05	0.0	9e-05	0.0	
1e-05	0.0	4e-05	2e-05	2e-05	9e-05	2e-05	6e-05	9e-05	3e-05	2e-05	0.0	0.0	9e-05	0.0	0.0	0.00031	6e-05	0.00011	0.0	0.0	9e-05	0.0	0.0	0.0	3e-05	4e-05	6e-05	4e-05	6e-05	0.0	9e-05	5e-05	0.0	0.0	0.0	0.0	2e-05	2e-05	0.0	0.0	7e-05	0.0	0.0	0.00018	0.00026	1e-05	3e-05	2e-05	7e-05	2e-05	1e-05	6e-05	0.0	0.0	0.0	0.0	0.00013	6e-05	2e-05	0.0	0.0	0.0	0.0	6e-05	5e-05	6e-05	6e-05	0.0	0.0	0.0	0.0	0.0	0.00014	0.0	0.0	0.00011	0.0	5e-05	3e-05	5e-05	3e-05	8e-05	0.0	5e-05	2e-05	7e-05	6e-05	0.0	9e-05	0.0	
1e-05	0.0	4e-05	2e-05	2e-05	9e-05	2e-05	6e-05	9e-05	3e-05	2e-05	0.0	0.0	9e-05	0.0	0.0	0.00031	6e-05	0.00011	0.0	0.0	9e-05	0.0	0.0	0.0	3e-05	4e-05	6e-05	4e-05	6e-05	0.0	9e-05	5e-05	0.0	0.0	0.0	0.0	2e-05	2e-05	0.0	0.0	7e-05	0.0	0.0	0.00018	0.00026	1e-05	3e-05	2e-05	7e-05	2e-05	1e-05	6e-05	0.0	0.0	0.0	0.0	0.00013	6e-05	2e-05	0.0	0.0	0.0	0.0	6e-05	5e-05	6e-05	6e-05	0.0	0.0	0.0	0.0	0.0	0.00014	0.0	0.0	0.00011	0.0	5e-05	3e-05	5e-05	3e-05	8e-05	0.0	5e-05	2e-05	7e-05	6e-05	0.0	9e-05	0.0	
0.18097	0.34334	0.04936	0.07457	0.17885	0.16592	0.07715	0.06504	0.04739	0.10505	0.17487	2e-05	2e-05	0.16592	2e-05	2e-05	0.03091	0.53064	0.04862	2e-05	2e-05	0.04739	2e-05	2e-05	2e-05	0.10363	0.21057	0.53064	0.09971	0.52462	2e-05	0.04739	0.27956	2e-05	2e-05	2e-05	2e-05	0.0	0.44682	0.0	2e-05	0.03393	2e-05	2e-05	0.01942	0.03919	0.23898	0.19109	0.28572	0.03118	0.66491	0.18558	0.53064	2e-05	2e-05	2e-05	2e-05	0.02806	0.53064	0.43952	2e-05	2e-05	2e-05	2e-05	0.09208	0.15527	0.53064	0.53064	2e-05	2e-05	2e-05	2e-05	2e-05	0.08233	2e-05	2e-05	0.03343	0.44505	0.2769	0.10012	0.12782	0.0867	0.03114	0.09294	0.2769	0.16685	0.08054	0.06448	2e-05	0.06444	0.22314	
0.10806	0.09412	0.07677	0.08902	0.17436	0.20647	0.05913	0.05601	0.03388	0.26672	0.30692	2e-05	2e-05	0.20647	2e-05	2e-05	0.0076	0.06428	0.0347	2e-05	2e-05	0.03388	2e-05	2e-05	2e-05	0.16357	0.14998	0.06428	0.04637	0.67699	2e-05	0.03388	0.09959	2e-05	2e-05	2e-05	2e-05	0.44682	0.0	0.0	2e-05	0.19404	2e-05	2e-05	0.0145	0.0095	0.17649	0.10015	0.13536	0.05004	0.21828	0.42915	0.06428	2e-05	2e-05	2e-05	2e-05	0.02063	0.06428	0.0859	2e-05	2e-05	2e-05	2e-05	0.14818	0.06484	0.06428	0.06428	2e-05	2e-05	2e-05	2e-05	2e-05	0.10305	2e-05	2e-05	0.34547	0.3029	0.10067	0.14723	0.08457	0.0581	0.30026	0.06112	0.10067	0.07807	0.15804	0.05478	2e-05	0.04412	0.17641	
0.0	0.0	0.0	0.0	0.0	0.0	0.0	0.0	0.0	0.0	0.0	0.0	0.0	0.0	0.0	0.0	0.0	0.0	0.0	0.0	0.0	0.0	0.0	0.0	0.0	0.0	0.0	0.0	0.0	0.0	0.0	0.0	0.0	0.0	0.0	0.0	0.0	0.0	0.0	0.0	0.0	0.0	0.0	0.0	0.0	0.0	0.0	0.0	0.0	0.0	0.0	0.0	0.0	0.0	0.0	0.0	0.0	0.0	0.0	0.0	0.0	0.0	0.0	0.0	0.0	0.0	0.0	0.0	0.0	0.0	0.0	0.0	0.0	0.0	0.0	0.0	0.0	0.0	0.0	0.0	0.0	0.0	0.0	0.0	0.0	0.0	0.0	0.0	0.0	0.0	0.0	
1e-05	0.0	4e-05	2e-05	2e-05	9e-05	2e-05	6e-05	9e-05	3e-05	2e-05	0.0	0.0	9e-05	0.0	0.0	0.00031	6e-05	0.00011	0.0	0.0	9e-05	0.0	0.0	0.0	3e-05	4e-05	6e-05	4e-05	6e-05	0.0	9e-05	5e-05	0.0	0.0	0.0	0.0	2e-05	2e-05	0.0	0.0	7e-05	0.0	0.0	0.00018	0.00026	1e-05	3e-05	2e-05	7e-05	2e-05	1e-05	6e-05	0.0	0.0	0.0	0.0	0.00013	6e-05	2e-05	0.0	0.0	0.0	0.0	6e-05	5e-05	6e-05	6e-05	0.0	0.0	0.0	0.0	0.0	0.00014	0.0	0.0	0.00011	0.0	5e-05	3e-05	5e-05	3e-05	8e-05	0.0	5e-05	2e-05	7e-05	6e-05	0.0	9e-05	0.0	
0.01854	0.03533	0.00185	0.02569	0.03834	0.02082	0.03999	0.03669	0.02154	0.19858	0.08035	7e-05	7e-05	0.02082	7e-05	7e-05	0.00574	0.02518	0.022	7e-05	7e-05	0.02154	7e-05	7e-05	7e-05	0.07983	0.11729	0.02518	0.00298	0.03668	7e-05	0.02154	0.00604	7e-05	7e-05	7e-05	7e-05	0.03393	0.19404	0.0	7e-05	0.0	7e-05	7e-05	0.01028	0.00703	0.06185	0.10866	0.17769	0.03011	0.00744	0.19423	0.02518	7e-05	7e-05	7e-05	7e-05	0.01403	0.02518	0.02774	7e-05	7e-05	7e-05	7e-05	0.05551	0.03762	0.02518	0.02518	7e-05	7e-05	7e-05	7e-05	7e-05	0.01265	7e-05	7e-05	0.35727	0.15549	0.00576	0.06047	0.04734	0.03238	0.13224	0.03285	0.00576	0.0746	0.07073	0.03713	7e-05	0.0272	0.08092	
1e-05	0.0	4e-05	2e-05	2e-05	9e-05	2e-05	6e-05	9e-05	3e-05	2e-05	0.0	0.0	9e-05	0.0	0.0	0.00031	6e-05	0.00011	0.0	0.0	9e-05	0.0	0.0	0.0	3e-05	4e-05	6e-05	4e-05	6e-05	0.0	9e-05	5e-05	0.0	0.0	0.0	0.0	2e-05	2e-05	0.0	0.0	7e-05	0.0	0.0	0.00018	0.00026	1e-05	3e-05	2e-05	7e-05	2e-05	1e-05	6e-05	0.0	0.0	0.0	0.0	0.00013	6e-05	2e-05	0.0	0.0	0.0	0.0	6e-05	5e-05	6e-05	6e-05	0.0	0.0	0.0	0.0	0.0	0.00014	0.0	0.0	0.00011	0.0	5e-05	3e-05	5e-05	3e-05	8e-05	0.0	5e-05	2e-05	7e-05	6e-05	0.0	9e-05	0.0	
1e-05	0.0	4e-05	2e-05	2e-05	9e-05	2e-05	6e-05	9e-05	3e-05	2e-05	0.0	0.0	9e-05	0.0	0.0	0.00031	6e-05	0.00011	0.0	0.0	9e-05	0.0	0.0	0.0	3e-05	4e-05	6e-05	4e-05	6e-05	0.0	9e-05	5e-05	0.0	0.0	0.0	0.0	2e-05	2e-05	0.0	0.0	7e-05	0.0	0.0	0.00018	0.00026	1e-05	3e-05	2e-05	7e-05	2e-05	1e-05	6e-05	0.0	0.0	0.0	0.0	0.00013	6e-05	2e-05	0.0	0.0	0.0	0.0	6e-05	5e-05	6e-05	6e-05	0.0	0.0	0.0	0.0	0.0	0.00014	0.0	0.0	0.00011	0.0	5e-05	3e-05	5e-05	3e-05	8e-05	0.0	5e-05	2e-05	7e-05	6e-05	0.0	9e-05	0.0	
0.0323	0.02765	0.02318	0.01605	0.01354	0.00874	0.0142	0.01392	0.00899	0.01346	0.0129	0.00018	0.00018	0.00874	0.00018	0.00018	0.00312	0.01413	0.00915	0.00018	0.00018	0.00899	0.00018	0.00018	0.00018	0.01315	0.02991	0.01413	0.02955	0.01392	0.00018	0.00899	0.01963	0.00018	0.00018	0.00018	0.00018	0.01942	0.0145	0.0	0.00018	0.01028	0.00018	0.00018	0.0	0.00369	0.04183	0.00913	0.01893	0.01181	0.02192	0.01062	0.01413	0.00018	0.00018	0.00018	0.00018	0.00639	0.01413	0.01562	0.00018	0.00018	0.00018	0.00018	0.01389	0.01422	0.01413	0.01413	0.00018	0.00018	0.00018	0.00018	0.00018	0.00589	0.00018	0.00018	0.00717	0.0519	0.0198	0.01315	0.01733	0.01174	0.01	0.13092	0.0198	0.05377	0.01271	0.01407	0.00018	0.01113	0.03143	
0.01606	0.02613	0.01523	0.01045	0.00887	0.00607	0.00932	0.00933	0.00622	0.00885	0.00847	0.00026	0.00026	0.00607	0.00026	0.00026	0.00244	0.06935	0.00633	0.00026	0.00026	0.00622	0.00026	0.00026	0.00026	0.00863	0.02547	0.06935	0.0193	0.00933	0.00026	0.00622	0.04242	0.00026	0.00026	0.00026	0.00026	0.03919	0.0095	0.0	0.00026	0.00703	0.00026	0.00026	0.00369	0.0	0.02997	0.00614	0.03374	0.008	0.0285	0.00698	0.06935	0.00026	0.00026	0.00026	0.00026	0.00458	0.06935	0.04548	0.00026	0.00026	0.00026	0.00026	0.00931	0.06865	0.06935	0.06935	0.00026	0.00026	0.00026	0.00026	0.00026	0.00426	0.00026	0.00026	0.00507	0.01711	0.04194	0.00866	0.0115	0.00775	0.00686	0.00752	0.04194	0.0155	0.00857	0.00943	0.00026	0.00768	0.01642	
0.09142	0.27213	0.11884	0.12344	0.17051	0.10478	0.07679	0.04874	0.07052	0.17134	0.11078	1e-05	1e-05	0.10478	1e-05	1e-05	0.02367	0.09774	0.07245	1e-05	1e-05	0.07052	1e-05	1e-05	1e-05	0.09865	0.01532	0.09774	0.0337	0.11758	1e-05	0.07052	0.00627	1e-05	1e-05	1e-05	1e-05	0.23898	0.17649	0.0	1e-05	0.06185	1e-05	1e-05	0.04183	0.02997	0.0	0.1385	0.16795	0.03789	0.27225	0.18609	0.09774	1e-05	1e-05	1e-05	1e-05	0.04079	0.09774	0.12369	1e-05	1e-05	1e-05	1e-05	0.05543	0.01761	0.09774	0.09774	1e-05	1e-05	1e-05	1e-05	1e-05	0.06153	1e-05	1e-05	0.0853	0.33983	0.00564	0.0791	0.21049	0.13721	0.15456	0.10855	0.00564	0.1257	0.04896	0.04901	1e-05	0.10415	0.08917	
0.07853	0.10754	0.07329	0.05536	0.0371	0.01916	0.03862	0.03469	0.01987	0.03649	0.035	3e-05	3e-05	0.01916	3e-05	3e-05	0.00497	0.18557	0.02031	3e-05	3e-05	0.01987	3e-05	3e-05	3e-05	0.03585	0.0913	0.18557	0.08286	0.117	3e-05	0.01987	0.12405	3e-05	3e-05	3e-05	3e-05	0.19109	0.10015	0.0	3e-05	0.10866	3e-05	3e-05	0.00913	0.00614	0.1385	0.0	0.11224	0.0169	0.13319	0.02859	0.18557	3e-05	3e-05	3e-05	3e-05	0.01265	0.18557	0.14334	3e-05	3e-05	3e-05	3e-05	0.03459	0.01497	0.18557	0.18557	3e-05	3e-05	3e-05	3e-05	3e-05	0.01134	3e-05	3e-05	0.01473	0.08627	0.12302	0.03525	0.04515	0.03112	0.02284	0.03193	0.12302	0.09209	0.03098	0.03513	3e-05	0.02501	0.07876	
0.10461	0.1913	0.05983	0.2417	0.1019	0.04382	0.19225	0.19988	0.37469	0.12779	0.05134	2e-05	2e-05	0.04382	2e-05	2e-05	0.02672	0.33572	0.04685	2e-05	2e-05	0.37469	2e-05	2e-05	2e-05	0.05351	0.25291	0.33572	0.07124	0.08803	2e-05	0.37469	0.44065	2e-05	2e-05	2e-05	2e-05	0.28572	0.13536	0.0	2e-05	0.17769	2e-05	2e-05	0.01893	0.03374	0.16795	0.11224	0.0	0.01473	0.10749	0.13417	0.33572	2e-05	2e-05	2e-05	2e-05	0.02725	0.33572	0.62938	2e-05	2e-05	2e-05	2e-05	0.01899	0.09815	0.33572	0.33572	2e-05	2e-05	2e-05	2e-05	2e-05	0.02411	2e-05	2e-05	0.09442	0.23186	0.13488	0.03635	0.17879	0.32025	0.0301	0.29771	0.13488	0.25127	0.01932	0.08936	2e-05	0.0616	0.21761	
0.21378	0.0774	0.08019	0.05694	0.04657	0.02445	0.04854	0.04394	0.02533	0.12482	0.04394	7e-05	7e-05	0.02445	7e-05	7e-05	0.0065	0.00882	0.4405	7e-05	7e-05	0.02533	7e-05	7e-05	7e-05	0.26791	0.14583	0.00882	0.01628	0.04393	7e-05	0.02533	0.00022	7e-05	7e-05	7e-05	7e-05	0.03118	0.05004	0.0	7e-05	0.03011	7e-05	7e-05	0.01181	0.008	0.03789	0.0169	0.01473	0.0	0.14357	0.03583	0.00882	7e-05	7e-05	7e-05	7e-05	0.01625	0.00882	0.01975	7e-05	7e-05	7e-05	7e-05	0.0438	0.00851	0.00882	0.00882	7e-05	7e-05	7e-05	7e-05	7e-05	0.01461	7e-05	7e-05	0.01888	0.09757	0.26408	0.12759	0.07158	0.28639	0.02906	0.03993	0.26408	0.06332	0.15634	0.12071	7e-05	0.09331	0.10138	
0.14287	0.30086	0.05015	0.05657	0.13549	0.10756	0.03316	0.01453	0.05278	0.11461	0.13077	2e-05	2e-05	0.10756	2e-05	2e-05	0.02264	0.2468	0.05413	2e-05	2e-05	0.05278	2e-05	2e-05	2e-05	0.11292	0.0293	0.2468	0.05491	0.24143	2e-05	0.05278	0.0751	2e-05	2e-05	2e-05	2e-05	0.66491	0.21828	0.0	2e-05	0.00744	2e-05	2e-05	0.02192	0.0285	0.27225	0.13319	0.10749	0.14357	0.0	0.13489	0.2468	2e-05	2e-05	2e-05	2e-05	0.03151	0.2468	0.22117	2e-05	2e-05	2e-05	2e-05	0.10165	0.09053	0.2468	0.2468	2e-05	2e-05	2e-05	2e-05	2e-05	0.05704	2e-05	2e-05	0.03744	0.48531	0.07333	0.10937	0.1408	0.09471	0.00644	0.10083	0.07333	0.1564	0.08903	0.01412	2e-05	0.07235	0.07481	
0.10666	0.21846	0.12167	0.06202	0.31085	0.45531	0.16785	0.19279	0.02448	0.25387	0.50171	1e-05	1e-05	0.45531	1e-05	1e-05	0.00559	0.0805	0.02507	1e-05	1e-05	0.02448	1e-05	1e-05	1e-05	0.15061	0.11304	0.0805	0.13938	0.19284	1e-05	0.02448	0.08473	1e-05	1e-05	1e-05	1e-05	0.18558	0.42915	0.0	1e-05	0.19423	1e-05	1e-05	0.01062	0.00698	0.18609	0.02859	0.13417	0.03583	0.13489	0.0	0.0805	1e-05	1e-05	1e-05	1e-05	0.01504	0.0805	0.08367	1e-05	1e-05	1e-05	1e-05	0.13866	0.08045	0.0805	0.0805	1e-05	1e-05	1e-05	1e-05	1e-05	0.01338	1e-05	1e-05	0.36257	0.24175	0.08501	0.13513	0.05945	0.04121	0.20154	0.04314	0.08501	0.10538	0.15136	0.19034	1e-05	0.03119	0.10951	
0.13252	0.24182	0.00404	0.02011	0.05973	0.03006	0.0622	0.05538	0.03119	0.05866	0.05621	6e-05	6e-05	0.03006	6e-05	6e-05	0.05519	0.99985	0.03189	6e-05	6e-05	0.03119	6e-05	6e-05	6e-05	0.05763	0.19509	0.99985	0.13876	0.05536	6e-05	0.03119	0.38203	6e-05	6e-05	6e-05	6e-05	0.53064	0.06428	0.0	6e-05	0.02518	6e-05	6e-05	0.01413	0.06935	0.09774	0.18557	0.33572	0.00882	0.2468	0.0805	0.0	6e-05	6e-05	6e-05	6e-05	0.01967	0.99985	0.62376	6e-05	6e-05	6e-05	6e-05	0.05519	0.21343	0.99985	0.99985	6e-05	6e-05	6e-05	6e-05	6e-05	0.01761	6e-05	6e-05	0.02297	0.14868	0.37584	0.05656	0.07283	0.04975	0.03599	0.05124	0.37584	0.12382	0.04924	0.05609	6e-05	0.04017	0.13641	
1e-05	0.0	4e-05	2e-05	2e-05	9e-05	2e-05	6e-05	9e-05	3e-05	2e-05	0.0	0.0	9e-05	0.0	0.0	0.00031	6e-05	0.00011	0.0	0.0	9e-05	0.0	0.0	0.0	3e-05	4e-05	6e-05	4e-05	6e-05	0.0	9e-05	5e-05	0.0	0.0	0.0	0.0	2e-05	2e-05	0.0	0.0	7e-05	0.0	0.0	0.00018	0.00026	1e-05	3e-05	2e-05	7e-05	2e-05	1e-05	6e-05	0.0	0.0	0.0	0.0	0.00013	6e-05	2e-05	0.0	0.0	0.0	0.0	6e-05	5e-05	6e-05	6e-05	0.0	0.0	0.0	0.0	0.0	0.00014	0.0	0.0	0.00011	0.0	5e-05	3e-05	5e-05	3e-05	8e-05	0.0	5e-05	2e-05	7e-05	6e-05	0.0	9e-05	0.0	
1e-05	0.0	4e-05	2e-05	2e-05	9e-05	2e-05	6e-05	9e-05	3e-05	2e-05	0.0	0.0	9e-05	0.0	0.0	0.00031	6e-05	0.00011	0.0	0.0	9e-05	0.0	0.0	0.0	3e-05	4e-05	6e-05	4e-05	6e-05	0.0	9e-05	5e-05	0.0	0.0	0.0	0.0	2e-05	2e-05	0.0	0.0	7e-05	0.0	0.0	0.00018	0.00026	1e-05	3e-05	2e-05	7e-05	2e-05	1e-05	6e-05	0.0	0.0	0.0	0.0	0.00013	6e-05	2e-05	0.0	0.0	0.0	0.0	6e-05	5e-05	6e-05	6e-05	0.0	0.0	0.0	0.0	0.0	0.00014	0.0	0.0	0.00011	0.0	5e-05	3e-05	5e-05	3e-05	8e-05	0.0	5e-05	2e-05	7e-05	6e-05	0.0	9e-05	0.0	
1e-05	0.0	4e-05	2e-05	2e-05	9e-05	2e-05	6e-05	9e-05	3e-05	2e-05	0.0	0.0	9e-05	0.0	0.0	0.00031	6e-05	0.00011	0.0	0.0	9e-05	0.0	0.0	0.0	3e-05	4e-05	6e-05	4e-05	6e-05	0.0	9e-05	5e-05	0.0	0.0	0.0	0.0	2e-05	2e-05	0.0	0.0	7e-05	0.0	0.0	0.00018	0.00026	1e-05	3e-05	2e-05	7e-05	2e-05	1e-05	6e-05	0.0	0.0	0.0	0.0	0.00013	6e-05	2e-05	0.0	0.0	0.0	0.0	6e-05	5e-05	6e-05	6e-05	0.0	0.0	0.0	0.0	0.0	0.00014	0.0	0.0	0.00011	0.0	5e-05	3e-05	5e-05	3e-05	8e-05	0.0	5e-05	2e-05	7e-05	6e-05	0.0	9e-05	0.0	
1e-05	0.0	4e-05	2e-05	2e-05	9e-05	2e-05	6e-05	9e-05	3e-05	2e-05	0.0	0.0	9e-05	0.0	0.0	0.00031	6e-05	0.00011	0.0	0.0	9e-05	0.0	0.0	0.0	3e-05	4e-05	6e-05	4e-05	6e-05	0.0	9e-05	5e-05	0.0	0.0	0.0	0.0	2e-05	2e-05	0.0	0.0	7e-05	0.0	0.0	0.00018	0.00026	1e-05	3e-05	2e-05	7e-05	2e-05	1e-05	6e-05	0.0	0.0	0.0	0.0	0.00013	6e-05	2e-05	0.0	0.0	0.0	0.0	6e-05	5e-05	6e-05	6e-05	0.0	0.0	0.0	0.0	0.0	0.00014	0.0	0.0	0.00011	0.0	5e-05	3e-05	5e-05	3e-05	8e-05	0.0	5e-05	2e-05	7e-05	6e-05	0.0	9e-05	0.0	
0.03667	0.04058	0.0762	0.10207	0.14075	0.01177	0.3141	0.01937	0.01213	0.0191	0.01831	0.00013	0.00013	0.01177	0.00013	0.00013	0.00382	0.01967	0.01236	0.00013	0.00013	0.01213	0.00013	0.00013	0.00013	0.01868	0.04275	0.01967	0.04222	0.01936	0.00013	0.01213	0.02772	0.00013	0.00013	0.00013	0.00013	0.02806	0.02063	0.0	0.00013	0.01403	0.00013	0.00013	0.00639	0.00458	0.04079	0.01265	0.02725	0.01625	0.03151	0.01504	0.01967	0.00013	0.00013	0.00013	0.00013	0.0	0.01967	0.02234	0.00013	0.00013	0.00013	0.00013	0.16398	0.15747	0.01967	0.01967	0.00013	0.00013	0.00013	0.00013	0.00013	0.00765	0.00013	0.00013	0.00949	0.05014	0.02797	0.32986	0.11449	0.01657	0.01361	0.01641	0.02797	0.06966	0.01758	0.01958	0.00013	0.36915	0.12782	
0.13252	0.24182	0.00404	0.02011	0.05973	0.03006	0.0622	0.05538	0.03119	0.05866	0.05621	6e-05	6e-05	0.03006	6e-05	6e-05	0.05519	0.99985	0.03189	6e-05	6e-05	0.03119	6e-05	6e-05	6e-05	0.05763	0.19509	0.99985	0.13876	0.05536	6e-05	0.03119	0.38203	6e-05	6e-05	6e-05	6e-05	0.53064	0.06428	0.0	6e-05	0.02518	6e-05	6e-05	0.01413	0.06935	0.09774	0.18557	0.33572	0.00882	0.2468	0.0805	0.99985	6e-05	6e-05	6e-05	6e-05	0.01967	0.0	0.62376	6e-05	6e-05	6e-05	6e-05	0.05519	0.21343	0.99985	0.99985	6e-05	6e-05	6e-05	6e-05	6e-05	0.01761	6e-05	6e-05	0.02297	0.14868	0.37584	0.05656	0.07283	0.04975	0.03599	0.05124	0.37584	0.12382	0.04924	0.05609	6e-05	0.04017	0.13641	
0.16643	0.29112	0.04303	0.25434	0.07958	0.03555	0.18462	0.20003	0.4073	0.07762	0.07435	2e-05	2e-05	0.03555	2e-05	2e-05	0.03594	0.62376	0.03794	2e-05	2e-05	0.4073	2e-05	2e-05	2e-05	0.0765	0.18778	0.62376	0.16231	0.06982	2e-05	0.4073	0.75815	2e-05	2e-05	2e-05	2e-05	0.43952	0.0859	0.0	2e-05	0.02774	2e-05	2e-05	0.01562	0.04548	0.12369	0.14334	0.62938	0.01975	0.22117	0.08367	0.62376	2e-05	2e-05	2e-05	2e-05	0.02234	0.62376	0.0	2e-05	2e-05	2e-05	2e-05	0.06959	0.16508	0.62376	0.62376	2e-05	2e-05	2e-05	2e-05	2e-05	0.01981	2e-05	2e-05	0.02646	0.19064	0.29192	0.07431	0.16892	0.3257	0.04336	0.29768	0.29192	0.20855	0.06134	0.07083	2e-05	0.04868	0.16802	
1e-05	0.0	4e-05	2e-05	2e-05	9e-05	2e-05	6e-05	9e-05	3e-05	2e-05	0.0	0.0	9e-05	0.0	0.0	0.00031	6e-05	0.00011	0.0	0.0	9e-05	0.0	0.0	0.0	3e-05	4e-05	6e-05	4e-05	6e-05	0.0	9e-05	5e-05	0.0	0.0	0.0	0.0	2e-05	2e-05	0.0	0.0	7e-05	0.0	0.0	0.00018	0.00026	1e-05	3e-05	2e-05	7e-05	2e-05	1e-05	6e-05	0.0	0.0	0.0	0.0	0.00013	6e-05	2e-05	0.0	0.0	0.0	0.0	6e-05	5e-05	6e-05	6e-05	0.0	0.0	0.0	0.0	0.0	0.00014	0.0	0.0	0.00011	0.0	5e-05	3e-05	5e-05	3e-05	8e-05	0.0	5e-05	2e-05	7e-05	6e-05	0.0	9e-05	0.0	
1e-05	0.0	4e-05	2e-05	2e-05	9e-05	2e-05	6e-05	9e-05	3e-05	2e-05	0.0	0.0	9e-05	0.0	0.0	0.00031	6e-05	0.00011	0.0	0.0	9e-05	0.0	0.0	0.0	3e-05	4e-05	6e-05	4e-05	6e-05	0.0	9e-05	5e-05	0.0	0.0	0.0	0.0	2e-05	2e-05	0.0	0.0	7e-05	0.0	0.0	0.00018	0.00026	1e-05	3e-05	2e-05	7e-05	2e-05	1e-05	6e-05	0.0	0.0	0.0	0.0	0.00013	6e-05	2e-05	0.0	0.0	0.0	0.0	6e-05	5e-05	6e-05	6e-05	0.0	0.0	0.0	0.0	0.0	0.00014	0.0	0.0	0.00011	0.0	5e-05	3e-05	5e-05	3e-05	8e-05	0.0	5e-05	2e-05	7e-05	6e-05	0.0	9e-05	0.0	
1e-05	0.0	4e-05	2e-05	2e-05	9e-05	2e-05	6e-05	9e-05	3e-05	2e-05	0.0	0.0	9e-05	0.0	0.0	0.00031	6e-05	0.00011	0.0	0.0	9e-05	0.0	0.0	0.0	3e-05	4e-05	6e-05	4e-05	6e-05	0.0	9e-05	5e-05	0.0	0.0	0.0	0.0	2e-05	2e-05	0.0	0.0	7e-05	0.0	0.0	0.00018	0.00026	1e-05	3e-05	2e-05	7e-05	2e-05	1e-05	6e-05	0.0	0.0	0.0	0.0	0.00013	6e-05	2e-05	0.0	0.0	0.0	0.0	6e-05	5e-05	6e-05	6e-05	0.0	0.0	0.0	0.0	0.0	0.00014	0.0	0.0	0.00011	0.0	5e-05	3e-05	5e-05	3e-05	8e-05	0.0	5e-05	2e-05	7e-05	6e-05	0.0	9e-05	0.0	
1e-05	0.0	4e-05	2e-05	2e-05	9e-05	2e-05	6e-05	9e-05	3e-05	2e-05	0.0	0.0	9e-05	0.0	0.0	0.00031	6e-05	0.00011	0.0	0.0	9e-05	0.0	0.0	0.0	3e-05	4e-05	6e-05	4e-05	6e-05	0.0	9e-05	5e-05	0.0	0.0	0.0	0.0	2e-05	2e-05	0.0	0.0	7e-05	0.0	0.0	0.00018	0.00026	1e-05	3e-05	2e-05	7e-05	2e-05	1e-05	6e-05	0.0	0.0	0.0	0.0	0.00013	6e-05	2e-05	0.0	0.0	0.0	0.0	6e-05	5e-05	6e-05	6e-05	0.0	0.0	0.0	0.0	0.0	0.00014	0.0	0.0	0.00011	0.0	5e-05	3e-05	5e-05	3e-05	8e-05	0.0	5e-05	2e-05	7e-05	6e-05	0.0	9e-05	0.0	
0.04899	0.14754	0.00267	0.02039	0.02858	0.02947	0.13032	0.05417	0.03057	0.16998	0.31958	6e-05	6e-05	0.02947	6e-05	6e-05	0.00753	0.05519	0.03126	6e-05	6e-05	0.03057	6e-05	6e-05	6e-05	0.31543	0.02821	0.05519	0.0292	0.05415	6e-05	0.03057	0.08286	6e-05	6e-05	6e-05	6e-05	0.09208	0.14818	0.0	6e-05	0.05551	6e-05	6e-05	0.01389	0.00931	0.05543	0.03459	0.01899	0.0438	0.10165	0.13866	0.05519	6e-05	6e-05	6e-05	6e-05	0.16398	0.05519	0.06959	6e-05	6e-05	6e-05	6e-05	0.0	0.00511	0.05519	0.05519	6e-05	6e-05	6e-05	6e-05	6e-05	0.0173	6e-05	6e-05	0.19881	0.19382	0.0837	0.14101	0.00036	0.04862	0.06105	0.05005	0.0837	0.04173	0.02487	0.05486	6e-05	0.04432	0.10007	
0.13389	0.10104	0.00352	0.02055	0.02807	0.03027	0.12891	0.05582	0.03141	0.05916	0.05668	5e-05	5e-05	0.03027	5e-05	5e-05	0.05463	0.21343	0.03212	5e-05	5e-05	0.03141	5e-05	5e-05	5e-05	0.05812	0.03156	0.21343	0.14008	0.0558	5e-05	0.03141	0.09221	5e-05	5e-05	5e-05	5e-05	0.15527	0.06484	0.0	5e-05	0.03762	5e-05	5e-05	0.01422	0.06865	0.01761	0.01497	0.09815	0.00851	0.09053	0.08045	0.21343	5e-05	5e-05	5e-05	5e-05	0.15747	0.21343	0.16508	5e-05	5e-05	5e-05	5e-05	0.00511	0.0	0.21343	0.21343	5e-05	5e-05	5e-05	5e-05	5e-05	0.01773	5e-05	5e-05	0.02313	0.05351	0.09035	0.1272	0.00015	0.05016	0.03625	0.05168	0.09035	0.04368	0.04963	0.05653	5e-05	0.0415	0.10247	
0.13252	0.24182	0.00404	0.02011	0.05973	0.03006	0.0622	0.05538	0.03119	0.05866	0.05621	6e-05	6e-05	0.03006	6e-05	6e-05	0.05519	0.99985	0.03189	6e-05	6e-05	0.03119	6e-05	6e-05	6e-05	0.05763	0.19509	0.99985	0.13876	0.05536	6e-05	0.03119	0.38203	6e-05	6e-05	6e-05	6e-05	0.53064	0.06428	0.0	6e-05	0.02518	6e-05	6e-05	0.01413	0.06935	0.09774	0.18557	0.33572	0.00882	0.2468	0.0805	0.99985	6e-05	6e-05	6e-05	6e-05	0.01967	0.99985	0.62376	6e-05	6e-05	6e-05	6e-05	0.05519	0.21343	0.0	0.99985	6e-05	6e-05	6e-05	6e-05	6e-05	0.01761	6e-05	6e-05	0.02297	0.14868	0.37584	0.05656	0.07283	0.04975	0.03599	0.05124	0.37584	0.12382	0.04924	0.05609	6e-05	0.04017	0.13641	
