0.0	0.33816	0.09973	0.16805	0.03406	5e-05	5e-05	0.03827	0.17867	0.06611	0.01564	5e-05	5e-05	5e-05	5e-05	0.16576	5e-05	0.04515	5e-05	0.03031	0.37901	0.0713	0.16592	0.24947	0.15146	0.16576	0.23792	0.03202	0.16576	5e-05	5e-05	5e-05	5e-05	0.01903	0.10628	0.04002	0.04515	0.32283	0.18593	5e-05	5e-05	5e-05	0.03202	0.38099	0.11627	0.03031	0.03031	0.02589	0.04893	0.16373	0.32375	0.05507	0.00092	0.38099	0.00092	0.00092	0.00092	0.00092	0.00092	5e-05	5e-05	5e-05	0.00129	0.00129	0.00129	0.10017	0.00129	0.16576	5e-05	5e-05	0.22349	0.16576	0.16576	0.15715	0.04515	0.20175	0.2128	0.15548	0.3252	0.24468	
0.33816	0.0	0.11086	0.26595	0.10294	3e-05	3e-05	0.14483	0.04837	0.07302	0.09578	3e-05	3e-05	3e-05	3e-05	0.31884	3e-05	0.0481	3e-05	0.03175	0.19341	0.12456	0.09751	0.22424	0.32664	0.31884	0.28235	0.0843	0.31884	3e-05	3e-05	3e-05	3e-05	0.09398	0.07387	0.17113	0.0481	0.15617	0.13741	3e-05	3e-05	3e-05	0.0843	0.12827	0.25571	0.03175	0.03175	0.02694	0.0523	0.32437	0.14162	0.0978	0.00094	0.12827	0.00094	0.00094	0.00094	0.00094	0.00094	3e-05	3e-05	3e-05	0.00134	0.00134	0.00134	0.10584	0.00134	0.31884	3e-05	3e-05	0.20753	0.31884	0.31884	0.29554	0.0481	0.37806	0.35221	0.1566	0.15968	0.09026	
0.09973	0.11086	0.0	0.21288	0.06357	3e-05	3e-05	0.04716	0.04259	0.26704	0.00868	3e-05	3e-05	3e-05	3e-05	0.06652	3e-05	0.09523	3e-05	0.03847	0.02675	0.12153	0.08582	0.12293	0.12714	0.06652	0.12627	0.13618	0.06652	3e-05	3e-05	3e-05	3e-05	0.03252	0.1118	0.03073	0.09523	0.25276	0.09825	3e-05	3e-05	3e-05	0.06485	0.05962	0.07716	0.03847	0.03847	0.10392	0.06403	0.12613	0.12479	0.08728	0.00169	0.05962	0.01188	0.01188	0.01188	0.01188	0.01188	3e-05	3e-05	3e-05	0.00229	0.00229	0.00229	0.09143	0.00229	0.06652	3e-05	3e-05	0.13924	0.06652	0.06652	0.10323	0.09523	0.25029	0.15193	0.23156	0.19449	0.30445	
0.16805	0.26595	0.21288	0.0	0.23376	1e-05	1e-05	0.20565	0.05327	0.09742	0.00452	1e-05	1e-05	1e-05	1e-05	0.31305	1e-05	0.06631	1e-05	0.04328	0.10998	0.12606	0.10289	0.11492	0.31928	0.31305	0.48713	0.05577	0.31305	1e-05	1e-05	1e-05	1e-05	0.08829	0.0985	0.0912	0.06631	0.19766	0.2211	1e-05	1e-05	1e-05	0.04587	0.08261	0.05424	0.04328	0.04328	0.03657	0.0723	0.32811	0.11993	0.08385	0.00186	0.08261	0.00186	0.00186	0.00186	0.00186	0.00186	1e-05	1e-05	1e-05	0.00338	0.00338	0.00338	0.16108	0.00338	0.31305	1e-05	1e-05	0.08647	0.31305	0.31305	0.51316	0.06631	0.22816	0.20881	0.23207	0.089	0.14595	
0.03406	0.10294	0.06357	0.23376	0.0	0.00011	0.00011	0.10105	0.00057	0.1331	0.0029	0.00011	0.00011	0.00011	0.00011	0.15957	0.00011	0.14041	0.00011	0.03523	8e-05	0.0895	0.05123	0.13657	0.13401	0.15957	0.14208	0.03712	0.15957	0.00011	0.00011	0.00011	0.00011	0.09465	0.13322	0.00089	0.14041	0.10043	0.11595	0.00011	0.00011	0.00011	0.09757	0.05225	0.04312	0.03523	0.03523	0.03031	0.00619	0.15612	0.13695	0.10144	0.00647	0.05225	0.00114	0.00114	0.00114	0.00114	0.00114	0.00011	0.00011	0.00011	0.00159	0.00159	0.00159	0.01875	0.00159	0.15957	0.00011	0.00011	0.02659	0.15957	0.15957	0.1476	0.14041	0.07567	0.13677	0.05444	0.05195	0.05516	
5e-05	3e-05	3e-05	1e-05	0.00011	0.0	0.0	0.00013	0.0001	6e-05	0.0	0.0	0.0	0.0	0.0	0.00017	0.0	0.00018	0.0	0.00024	0.0001	6e-05	0.00014	0.0001	2e-05	0.00017	3e-05	0.00023	0.00017	0.0	0.0	0.0	0.0	0.00014	7e-05	0.00013	0.00018	5e-05	0.00011	0.0	0.0	0.0	0.00023	0.00018	0.00019	0.00024	0.00024	0.0007	0.00031	0.00017	7e-05	8e-05	0.0	0.00018	0.0	0.0	0.0	0.0	0.0	0.0	0.0	0.0	0.0	0.0	0.0	9e-05	0.0	0.00017	0.0	0.0	5e-05	0.00017	0.00017	7e-05	0.00018	6e-05	4e-05	4e-05	5e-05	3e-05	
5e-05	3e-05	3e-05	1e-05	0.00011	0.0	0.0	0.00013	0.0001	6e-05	0.0	0.0	0.0	0.0	0.0	0.00017	0.0	0.00018	0.0	0.00024	0.0001	6e-05	0.00014	0.0001	2e-05	0.00017	3e-05	0.00023	0.00017	0.0	0.0	0.0	0.0	0.00014	7e-05	0.00013	0.00018	5e-05	0.00011	0.0	0.0	0.0	0.00023	0.00018	0.00019	0.00024	0.00024	0.0007	0.00031	0.00017	7e-05	8e-05	0.0	0.00018	0.0	0.0	0.0	0.0	0.0	0.0	0.0	0.0	0.0	0.0	0.0	9e-05	0.0	0.00017	0.0	0.0	5e-05	0.00017	0.00017	7e-05	0.00018	6e-05	4e-05	4e-05	5e-05	3e-05	
0.03827	0.14483	0.04716	0.20565	0.10105	0.00013	0.00013	0.0	0.09309	0.05187	0.002	0.00013	0.00013	0.00013	0.00013	0.24813	0.00013	0.03789	0.00013	0.13812	0.00852	0.03191	0.00241	0.09352	0.15497	0.24813	0.17707	0.02766	0.24813	0.00013	0.00013	0.00013	0.00013	0.00388	0.05236	0.0494	0.03789	0.07037	0.08164	0.00013	0.00013	0.00013	0.14657	0.0384	0.03194	0.13812	0.13812	0.02278	0.04078	0.24406	0.06176	0.26808	0.00079	0.0384	0.00079	0.00079	0.00079	0.00079	0.00079	0.00013	0.00013	0.00013	0.0011	0.0011	0.0011	0.00254	0.0011	0.24813	0.00013	0.00013	0.1084	0.24813	0.24813	0.20364	0.03789	0.1013	0.05729	0.12472	0.07935	0.11948	
0.17867	0.04837	0.04259	0.05327	0.00057	0.0001	0.0001	0.09309	0.0	0.1674	0.00302	0.0001	0.0001	0.0001	0.0001	0.04491	0.0001	0.19639	0.0001	0.02789	0.12953	0.19943	0.09375	0.13168	0.12615	0.04491	0.07233	0.02935	0.04491	0.0001	0.0001	0.0001	0.0001	0.07233	0.16709	0.05273	0.19639	0.16535	0.13741	0.0001	0.0001	0.0001	0.02935	0.19976	0.03394	0.02789	0.02789	0.02412	0.04344	0.05204	0.40983	0.04709	0.00141	0.19976	0.00141	0.00141	0.00141	0.00141	0.00141	0.0001	0.0001	0.0001	0.0121	0.0121	0.0121	0.0217	0.0121	0.04491	0.0001	0.0001	0.18649	0.04491	0.04491	0.05936	0.19639	0.17852	0.04785	0.07067	0.23129	0.0758	
0.06611	0.07302	0.26704	0.09742	0.1331	6e-05	6e-05	0.05187	0.1674	0.0	0.00131	6e-05	6e-05	6e-05	6e-05	0.02585	6e-05	0.58745	6e-05	0.01625	0.07048	0.32496	0.12029	0.11555	0.06759	0.02585	0.04051	0.01708	0.02585	6e-05	6e-05	6e-05	6e-05	0.04086	0.42269	0.03019	0.58745	0.15215	0.04904	6e-05	6e-05	6e-05	0.01708	0.0236	0.01969	0.01625	0.01625	0.01415	0.02506	0.11724	0.38695	0.02697	0.00056	0.0236	0.00056	0.00056	0.00056	0.00056	0.00056	6e-05	6e-05	6e-05	0.00075	0.00075	0.00075	0.11088	0.00075	0.02585	6e-05	6e-05	0.237	0.02585	0.02585	0.03369	0.58745	0.16578	0.12117	0.23082	0.5143	0.24077	
0.01564	0.09578	0.00868	0.00452	0.0029	0.0	0.0	0.002	0.00302	0.00131	0.0	0.0	0.0	0.0	0.0	0.00128	0.0	0.00123	0.0	0.00111	0.01575	0.00926	0.00324	0.02075	0.0027	0.00128	0.00125	0.00112	0.00128	0.0	0.0	0.0	0.0	0.00166	0.00116	0.13745	0.00123	0.00155	0.00283	0.0	0.0	0.0	0.00112	0.00123	0.0	0.00111	0.00111	0.00314	0.00267	0.00153	0.00129	0.00105	0.0	0.00123	0.0	0.0	0.0	0.0	0.0	0.0	0.0	0.0	0.0	0.0	0.0	0.00351	0.0	0.00128	0.0	0.0	0.1449	0.00128	0.00128	0.00121	0.00123	0.01746	0.01824	0.01486	0.00169	0.003	
5e-05	3e-05	3e-05	1e-05	0.00011	0.0	0.0	0.00013	0.0001	6e-05	0.0	0.0	0.0	0.0	0.0	0.00017	0.0	0.00018	0.0	0.00024	0.0001	6e-05	0.00014	0.0001	2e-05	0.00017	3e-05	0.00023	0.00017	0.0	0.0	0.0	0.0	0.00014	7e-05	0.00013	0.00018	5e-05	0.00011	0.0	0.0	0.0	0.00023	0.00018	0.00019	0.00024	0.00024	0.0007	0.00031	0.00017	7e-05	8e-05	0.0	0.00018	0.0	0.0	0.0	0.0	0.0	0.0	0.0	0.0	0.0	0.0	0.0	9e-05	0.0	0.00017	0.0	0.0	5e-05	0.00017	0.00017	7e-05	0.00018	6e-05	4e-05	4e-05	5e-05	3e-05	
5e-05	3e-05	3e-05	1e-05	0.00011	0.0	0.0	0.00013	0.0001	6e-05	0.0	0.0	0.0	0.0	0.0	0.00017	0.0	0.00018	0.0	0.00024	0.0001	6e-05	0.00014	0.0001	2e-05	0.00017	3e-05	0.00023	0.00017	0.0	0.0	0.0	0.0	0.00014	7e-05	0.00013	0.00018	5e-05	0.00011	0.0	0.0	0.0	0.00023	0.00018	0.00019	0.00024	0.00024	0.0007	0.00031	0.00017	7e-05	8e-05	0.0	0.00018	0.0	0.0	0.0	0.0	0.0	0.0	0.0	0.0	0.0	0.0	0.0	9e-05	0.0	0.00017	0.0	0.0	5e-05	0.00017	0.00017	7e-05	0.00018	6e-05	4e-05	4e-05	5e-05	3e-05	
5e-05	3e-05	3e-05	1e-05	0.00011	0.0	0.0	0.00013	0.0001	6e-05	0.0	0.0	0.0	0.0	0.0	0.00017	0.0	0.00018	0.0	0.00024	0.0001	6e-05	0.00014	0.0001	2e-05	0.00017	3e-05	0.00023	0.00017	0.0	0.0	0.0	0.0	0.00014	7e-05	0.00013	0.00018	5e-05	0.00011	0.0	0.0	0.0	0.00023	0.00018	0.00019	0.00024	0.00024	0.0007	0.00031	0.00017	7e-05	8e-05	0.0	0.00018	0.0	0.0	0.0	0.0	0.0	0.0	0.0	0.0	0.0	0.0	0.0	9e-05	0.0	0.00017	0.0	0.0	5e-05	0.00017	0.00017	7e-05	0.00018	6e-05	4e-05	4e-05	5e-05	3e-05	
5e-05	3e-05	3e-05	1e-05	0.00011	0.0	0.0	0.00013	0.0001	6e-05	0.0	0.0	0.0	0.0	0.0	0.00017	0.0	0.00018	0.0	0.00024	0.0001	6e-05	0.00014	0.0001	2e-05	0.00017	3e-05	0.00023	0.00017	0.0	0.0	0.0	0.0	0.00014	7e-05	0.00013	0.00018	5e-05	0.00011	0.0	0.0	0.0	0.00023	0.00018	0.00019	0.00024	0.00024	0.0007	0.00031	0.00017	7e-05	8e-05	0.0	0.00018	0.0	0.0	0.0	0.0	0.0	0.0	0.0	0.0	0.0	0.0	0.0	9e-05	0.0	0.00017	0.0	0.0	5e-05	0.00017	0.00017	7e-05	0.00018	6e-05	4e-05	4e-05	5e-05	3e-05	
0.16576	0.31884	0.06652	0.31305	0.15957	0.00017	0.00017	0.24813	0.04491	0.02585	0.00128	0.00017	0.00017	0.00017	0.00017	0.0	0.00017	0.02031	0.00017	0.01468	0.16506	0.06652	0.13374	0.04319	0.31651	0.99964	0.4382	0.01536	0.99964	0.00017	0.00017	0.00017	0.00017	0.03383	0.02607	0.02567	0.02031	0.03364	0.04001	0.00017	0.00017	0.00017	0.01536	0.02056	0.01745	0.01468	0.01468	0.01302	0.02172	1.00021	0.03004	0.02242	0.00056	0.02056	0.00056	0.00056	0.00056	0.00056	0.00056	0.00017	0.00017	0.00017	0.00075	0.00075	0.00075	0.05793	0.00075	0.99964	0.00017	0.00017	0.04932	0.99964	0.99964	0.60988	0.02031	0.09964	0.11892	0.0551	0.03737	0.0531	
5e-05	3e-05	3e-05	1e-05	0.00011	0.0	0.0	0.00013	0.0001	6e-05	0.0	0.0	0.0	0.0	0.0	0.00017	0.0	0.00018	0.0	0.00024	0.0001	6e-05	0.00014	0.0001	2e-05	0.00017	3e-05	0.00023	0.00017	0.0	0.0	0.0	0.0	0.00014	7e-05	0.00013	0.00018	5e-05	0.00011	0.0	0.0	0.0	0.00023	0.00018	0.00019	0.00024	0.00024	0.0007	0.00031	0.00017	7e-05	8e-05	0.0	0.00018	0.0	0.0	0.0	0.0	0.0	0.0	0.0	0.0	0.0	0.0	0.0	9e-05	0.0	0.00017	0.0	0.0	5e-05	0.00017	0.00017	7e-05	0.00018	6e-05	4e-05	4e-05	5e-05	3e-05	
0.04515	0.0481	0.09523	0.06631	0.14041	0.00018	0.00018	0.03789	0.19639	0.58745	0.00123	0.00018	0.00018	0.00018	0.00018	0.02031	0.00018	0.0	0.00018	0.01348	0.05021	0.35557	0.11809	0.03852	0.04462	0.02031	0.02828	0.01409	0.02031	0.00018	0.00018	0.00018	0.00018	0.03053	0.5822	0.02329	0.99961	0.03013	0.03599	0.00018	0.00018	0.00018	0.01409	0.01874	0.01597	0.01348	0.01348	0.01201	0.01979	0.02276	0.50654	0.02026	0.00055	0.01874	0.00055	0.00055	0.00055	0.00055	0.00055	0.00018	0.00018	0.00018	0.00073	0.00073	0.00073	0.05182	0.00073	0.02031	0.00018	0.00018	0.14655	0.02031	0.02031	0.02465	0.99961	0.14395	0.10354	0.14744	0.24954	0.15694	
5e-05	3e-05	3e-05	1e-05	0.00011	0.0	0.0	0.00013	0.0001	6e-05	0.0	0.0	0.0	0.0	0.0	0.00017	0.0	0.00018	0.0	0.00024	0.0001	6e-05	0.00014	0.0001	2e-05	0.00017	3e-05	0.00023	0.00017	0.0	0.0	0.0	0.0	0.00014	7e-05	0.00013	0.00018	5e-05	0.00011	0.0	0.0	0.0	0.00023	0.00018	0.00019	0.00024	0.00024	0.0007	0.00031	0.00017	7e-05	8e-05	0.0	0.00018	0.0	0.0	0.0	0.0	0.0	0.0	0.0	0.0	0.0	0.0	0.0	9e-05	0.0	0.00017	0.0	0.0	5e-05	0.00017	0.00017	7e-05	0.00018	6e-05	4e-05	4e-05	5e-05	3e-05	
0.03031	0.03175	0.03847	0.04328	0.03523	0.00024	0.00024	0.13812	0.02789	0.01625	0.00111	0.00024	0.00024	0.00024	0.00024	0.01468	0.00024	0.01348	0.00024	0.0	0.03437	0.06534	0.04031	0.02605	0.09668	0.01468	0.01921	0.01049	0.01468	0.00024	0.00024	0.00024	0.00024	0.18993	0.01637	0.01666	0.01348	0.02063	0.02504	0.00024	0.00024	0.00024	0.01049	0.01363	0.01176	0.99946	0.99946	0.00914	0.01437	0.01639	0.0186	0.49427	0.00055	0.01363	0.00055	0.00055	0.00055	0.00055	0.00055	0.00024	0.00024	0.00024	0.0007	0.0007	0.0007	0.03549	0.0007	0.01468	0.00024	0.00024	0.02957	0.01468	0.01468	0.01714	0.01348	0.04755	0.04021	0.03259	0.02274	0.03148	
0.37901	0.19341	0.02675	0.10998	8e-05	0.0001	0.0001	0.00852	0.12953	0.07048	0.01575	0.0001	0.0001	0.0001	0.0001	0.16506	0.0001	0.05021	0.0001	0.03437	0.0	0.08146	0.0181	0.03335	0.11416	0.16506	0.21296	0.1007	0.16506	0.0001	0.0001	0.0001	0.0001	7e-05	0.10567	0.02257	0.05021	0.04127	0.00138	0.0001	0.0001	0.0001	0.03621	0.05092	0.11878	0.03437	0.03437	0.02959	0.05419	0.16161	0.08484	0.05935	0.00116	0.05092	0.00116	0.00116	0.00116	0.00116	0.00116	0.0001	0.0001	0.0001	0.00161	0.00161	0.00161	0.02034	0.00161	0.16506	0.0001	0.0001	0.16493	0.16506	0.16506	0.15101	0.05021	0.0623	0.07296	0.05515	0.11087	0.05851	
0.0713	0.12456	0.12153	0.12606	0.0895	6e-05	6e-05	0.03191	0.19943	0.32496	0.00926	6e-05	6e-05	6e-05	6e-05	0.06652	6e-05	0.35557	6e-05	0.06534	0.08146	0.0	0.09103	0.06342	0.1238	0.06652	0.12166	0.06928	0.06652	6e-05	6e-05	6e-05	6e-05	0.04592	0.35824	0.02269	0.35557	0.05862	0.02718	6e-05	6e-05	6e-05	0.06928	0.05985	0.08202	0.06534	0.06534	0.03331	0.06402	0.07919	0.3268	0.12657	0.00124	0.05985	0.00124	0.00124	0.00124	0.00124	0.00124	6e-05	6e-05	6e-05	0.00176	0.00176	0.00176	0.03242	0.00176	0.06652	6e-05	6e-05	0.21636	0.06652	0.06652	0.09502	0.35557	0.17932	0.16682	0.16737	0.23308	0.17239	
0.16592	0.09751	0.08582	0.10289	0.05123	0.00014	0.00014	0.00241	0.09375	0.12029	0.00324	0.00014	0.00014	0.00014	0.00014	0.13374	0.00014	0.11809	0.00014	0.04031	0.0181	0.09103	0.0	0.16079	0.1047	0.13374	0.1782	0.04251	0.13374	0.00014	0.00014	0.00014	0.00014	0.00157	0.17788	0.07875	0.11809	0.13672	0.00095	0.00014	0.00014	0.00014	0.04251	0.11995	0.04948	0.04031	0.04031	0.0346	0.06409	0.13043	0.22076	0.07061	0.00122	0.11995	0.00122	0.00122	0.00122	0.00122	0.00122	0.00014	0.00014	0.00014	0.00173	0.00173	0.00173	0.0152	0.00173	0.13374	0.00014	0.00014	0.09732	0.13374	0.13374	0.132	0.11809	0.08305	0.11563	0.01565	0.11247	0.01742	
0.24947	0.22424	0.12293	0.11492	0.13657	0.0001	0.0001	0.09352	0.13168	0.11555	0.02075	0.0001	0.0001	0.0001	0.0001	0.04319	0.0001	0.03852	0.0001	0.02605	0.03335	0.06342	0.16079	0.0	0.13721	0.04319	0.07519	0.02749	0.04319	0.0001	0.0001	0.0001	0.0001	0.07163	0.05619	0.05842	0.03852	0.30113	0.16181	0.0001	0.0001	0.0001	0.02749	0.40563	0.14965	0.02605	0.02605	0.02233	0.04167	0.04693	0.32809	0.04655	0.00139	0.40563	0.00139	0.00139	0.00139	0.00139	0.00139	0.0001	0.0001	0.0001	0.01071	0.01071	0.01071	0.13204	0.01071	0.04319	0.0001	0.0001	0.23876	0.04319	0.04319	0.05969	0.03852	0.27551	0.26405	0.24652	0.27769	0.27207	
0.15146	0.32664	0.12714	0.31928	0.13401	2e-05	2e-05	0.15497	0.12615	0.06759	0.0027	2e-05	2e-05	2e-05	2e-05	0.31651	2e-05	0.04462	2e-05	0.09668	0.11416	0.1238	0.1047	0.13721	0.0	0.31651	0.45725	0.03122	0.31651	2e-05	2e-05	2e-05	2e-05	0.22289	0.11571	0.05718	0.04462	0.09764	0.10824	2e-05	2e-05	2e-05	0.03122	0.04531	0.03674	0.09668	0.09668	0.0803	0.11369	0.32141	0.08349	0.10775	0.01439	0.04531	0.00692	0.00692	0.00692	0.00692	0.00692	2e-05	2e-05	2e-05	0.00156	0.00156	0.00156	0.07765	0.00156	0.31651	2e-05	2e-05	0.16283	0.31651	0.31651	0.41515	0.04462	0.21209	0.20045	0.11771	0.11272	0.11262	
0.16576	0.31884	0.06652	0.31305	0.15957	0.00017	0.00017	0.24813	0.04491	0.02585	0.00128	0.00017	0.00017	0.00017	0.00017	0.99964	0.00017	0.02031	0.00017	0.01468	0.16506	0.06652	0.13374	0.04319	0.31651	0.0	0.4382	0.01536	0.99964	0.00017	0.00017	0.00017	0.00017	0.03383	0.02607	0.02567	0.02031	0.03364	0.04001	0.00017	0.00017	0.00017	0.01536	0.02056	0.01745	0.01468	0.01468	0.01302	0.02172	1.00021	0.03004	0.02242	0.00056	0.02056	0.00056	0.00056	0.00056	0.00056	0.00056	0.00017	0.00017	0.00017	0.00075	0.00075	0.00075	0.05793	0.00075	0.99964	0.00017	0.00017	0.04932	0.99964	0.99964	0.60988	0.02031	0.09964	0.11892	0.0551	0.03737	0.0531	
0.23792	0.28235	0.12627	0.48713	0.14208	3e-05	3e-05	0.17707	0.07233	0.04051	0.00125	3e-05	3e-05	3e-05	3e-05	0.4382	3e-05	0.02828	3e-05	0.01921	0.21296	0.12166	0.1782	0.07519	0.45725	0.4382	0.0	0.02026	0.4382	3e-05	3e-05	3e-05	3e-05	0.2593	0.24023	0.03743	0.02828	0.05604	0.06322	3e-05	3e-05	3e-05	0.02026	0.02868	0.0236	0.01921	0.01921	0.0165	0.03057	0.43894	0.04884	0.03405	0.00046	0.02868	0.00046	0.00046	0.00046	0.00046	0.00046	3e-05	3e-05	3e-05	0.00066	0.00066	0.00066	0.1193	0.00066	0.4382	3e-05	3e-05	0.08709	0.4382	0.4382	0.71831	0.02828	0.17019	0.19213	0.10111	0.0635	0.09684	
0.03202	0.0843	0.13618	0.05577	0.03712	0.00023	0.00023	0.02766	0.02935	0.01708	0.00112	0.00023	0.00023	0.00023	0.00023	0.01536	0.00023	0.01409	0.00023	0.01049	0.1007	0.06928	0.04251	0.02749	0.03122	0.01536	0.02026	0.0	0.01536	0.00023	0.00023	0.00023	0.00023	0.02253	0.01721	0.01745	0.01409	0.19988	0.15767	0.00023	0.00023	0.00023	0.01093	0.01425	0.01227	0.01049	0.01049	0.00949	0.01502	0.01715	0.01958	0.01499	0.00055	0.01425	0.00055	0.00055	0.00055	0.00055	0.00055	0.00023	0.00023	0.00023	0.0007	0.0007	0.0007	0.03738	0.0007	0.01536	0.00023	0.00023	0.03122	0.01536	0.01536	0.01802	0.01409	0.05918	0.21101	0.03446	0.02398	0.10465	
0.16576	0.31884	0.06652	0.31305	0.15957	0.00017	0.00017	0.24813	0.04491	0.02585	0.00128	0.00017	0.00017	0.00017	0.00017	0.99964	0.00017	0.02031	0.00017	0.01468	0.16506	0.06652	0.13374	0.04319	0.31651	0.99964	0.4382	0.01536	0.0	0.00017	0.00017	0.00017	0.00017	0.03383	0.02607	0.02567	0.02031	0.03364	0.04001	0.00017	0.00017	0.00017	0.01536	0.02056	0.01745	0.01468	0.01468	0.01302	0.02172	1.00021	0.03004	0.02242	0.00056	0.02056	0.00056	0.00056	0.00056	0.00056	0.00056	0.00017	0.00017	0.00017	0.00075	0.00075	0.00075	0.05793	0.00075	0.99964	0.00017	0.00017	0.04932	0.99964	0.99964	0.60988	0.02031	0.09964	0.11892	0.0551	0.03737	0.0531	
5e-05	3e-05	3e-05	1e-05	0.00011	0.0	0.0	0.00013	0.0001	6e-05	0.0	0.0	0.0	0.0	0.0	0.00017	0.0	0.00018	0.0	0.00024	0.0001	6e-05	0.00014	0.0001	2e-05	0.00017	3e-05	0.00023	0.00017	0.0	0.0	0.0	0.0	0.00014	7e-05	0.00013	0.00018	5e-05	0.00011	0.0	0.0	0.0	0.00023	0.00018	0.00019	0.00024	0.00024	0.0007	0.00031	0.00017	7e-05	8e-05	0.0	0.00018	0.0	0.0	0.0	0.0	0.0	0.0	0.0	0.0	0.0	0.0	0.0	9e-05	0.0	0.00017	0.0	0.0	5e-05	0.00017	0.00017	7e-05	0.00018	6e-05	4e-05	4e-05	5e-05	3e-05	
5e-05	3e-05	3e-05	1e-05	0.00011	0.0	0.0	0.00013	0.0001	6e-05	0.0	0.0	0.0	0.0	0.0	0.00017	0.0	0.00018	0.0	0.00024	0.0001	6e-05	0.00014	0.0001	2e-05	0.00017	3e-05	0.00023	0.00017	0.0	0.0	0.0	0.0	0.00014	7e-05	0.00013	0.00018	5e-05	0.00011	0.0	0.0	0.0	0.00023	0.00018	0.00019	0.00024	0.00024	0.0007	0.00031	0.00017	7e-05	8e-05	0.0	0.00018	0.0	0.0	0.0	0.0	0.0	0.0	0.0	0.0	0.0	0.0	0.0	9e-05	0.0	0.00017	0.0	0.0	5e-05	0.00017	0.00017	7e-05	0.00018	6e-05	4e-05	4e-05	5e-05	3e-05	
5e-05	3e-05	3e-05	1e-05	0.00011	0.0	0.0	0.00013	0.0001	6e-05	0.0	0.0	0.0	0.0	0.0	0.00017	0.0	0.00018	0.0	0.00024	0.0001	6e-05	0.00014	0.0001	2e-05	0.00017	3e-05	0.00023	0.00017	0.0	0.0	0.0	0.0	0.00014	7e-05	0.00013	0.00018	5e-05	0.00011	0.0	0.0	0.0	0.00023	0.00018	0.00019	0.00024	0.00024	0.0007	0.00031	0.00017	7e-05	8e-05	0.0	0.00018	0.0	0.0	0.0	0.0	0.0	0.0	0.0	0.0	0.0	0.0	0.0	9e-05	0.0	0.00017	0.0	0.0	5e-05	0.00017	0.00017	7e-05	0.00018	6e-05	4e-05	4e-05	5e-05	3e-05	
5e-05	3e-05	3e-05	1e-05	0.00011	0.0	0.0	0.00013	0.0001	6e-05	0.0	0.0	0.0	0.0	0.0	0.00017	0.0	0.00018	0.0	0.00024	0.0001	6e-05	0.00014	0.0001	2e-05	0.00017	3e-05	0.00023	0.00017	0.0	0.0	0.0	0.0	0.00014	7e-05	0.00013	0.00018	5e-05	0.00011	0.0	0.0	0.0	0.00023	0.00018	0.00019	0.00024	0.00024	0.0007	0.00031	0.00017	7e-05	8e-05	0.0	0.00018	0.0	0.0	0.0	0.0	0.0	0.0	0.0	0.0	0.0	0.0	0.0	9e-05	0.0	0.00017	0.0	0.0	5e-05	0.00017	0.00017	7e-05	0.00018	6e-05	4e-05	4e-05	5e-05	3e-05	
0.01903	0.09398	0.03252	0.08829	0.09465	0.00014	0.00014	0.00388	0.07233	0.04086	0.00166	0.00014	0.00014	0.00014	0.00014	0.03383	0.00014	0.03053	0.00014	0.18993	7e-05	0.04592	0.00157	0.07163	0.22289	0.03383	0.2593	0.02253	0.03383	0.00014	0.00014	0.00014	0.00014	0.0	0.14539	0.03941	0.03053	0.05463	0.06381	0.00014	0.00014	0.00014	0.02253	0.03093	0.02589	0.18993	0.18993	0.01871	0.03279	0.03838	0.04824	0.15039	0.00068	0.03093	0.00068	0.00068	0.00068	0.00068	0.00068	0.00014	0.00014	0.00014	0.00093	0.00093	0.00093	0.00042	0.00093	0.03383	0.00014	0.00014	0.0825	0.03383	0.03383	0.13951	0.03053	0.05351	0.04347	0.09382	0.06125	0.09012	
0.10628	0.07387	0.1118	0.0985	0.13322	7e-05	7e-05	0.05236	0.16709	0.42269	0.00116	7e-05	7e-05	7e-05	7e-05	0.02607	7e-05	0.5822	7e-05	0.01637	0.10567	0.35824	0.17788	0.05619	0.11571	0.02607	0.24023	0.01721	0.02607	7e-05	7e-05	7e-05	7e-05	0.14539	0.0	0.03044	0.5822	0.04284	0.04949	7e-05	7e-05	7e-05	0.01721	0.02379	0.01984	0.01637	0.01637	0.01425	0.02526	0.02934	0.38515	0.02721	0.00046	0.02379	0.00046	0.00046	0.00046	0.00046	0.00046	7e-05	7e-05	7e-05	0.00064	0.00064	0.00064	0.11278	0.00064	0.02607	7e-05	7e-05	0.1403	0.02607	0.02607	0.034	0.5822	0.16671	0.12188	0.14715	0.2125	0.15372	
0.04002	0.17113	0.03073	0.0912	0.00089	0.00013	0.00013	0.0494	0.05273	0.03019	0.13745	0.00013	0.00013	0.00013	0.00013	0.02567	0.00013	0.02329	0.00013	0.01666	0.02257	0.02269	0.07875	0.05842	0.05718	0.02567	0.03743	0.01745	0.02567	0.00013	0.00013	0.00013	0.00013	0.03941	0.03044	0.0	0.02329	0.03964	0.04683	0.00013	0.00013	0.00013	0.01745	0.02358	0.38851	0.01666	0.01666	0.01468	0.06935	0.0291	0.03526	0.02605	0.04023	0.02358	0.00089	0.00089	0.00089	0.00089	0.00089	0.00013	0.00013	0.00013	0.00114	0.00114	0.00114	0.06862	0.00114	0.02567	0.00013	0.00013	0.20791	0.02567	0.02567	0.03203	0.02329	0.07494	0.06991	0.04877	0.04416	0.06343	
0.04515	0.0481	0.09523	0.06631	0.14041	0.00018	0.00018	0.03789	0.19639	0.58745	0.00123	0.00018	0.00018	0.00018	0.00018	0.02031	0.00018	0.99961	0.00018	0.01348	0.05021	0.35557	0.11809	0.03852	0.04462	0.02031	0.02828	0.01409	0.02031	0.00018	0.00018	0.00018	0.00018	0.03053	0.5822	0.02329	0.0	0.03013	0.03599	0.00018	0.00018	0.00018	0.01409	0.01874	0.01597	0.01348	0.01348	0.01201	0.01979	0.02276	0.50654	0.02026	0.00055	0.01874	0.00055	0.00055	0.00055	0.00055	0.00055	0.00018	0.00018	0.00018	0.00073	0.00073	0.00073	0.05182	0.00073	0.02031	0.00018	0.00018	0.14655	0.02031	0.02031	0.02465	0.99961	0.14395	0.10354	0.14744	0.24954	0.15694	
0.32283	0.15617	0.25276	0.19766	0.10043	5e-05	5e-05	0.07037	0.16535	0.15215	0.00155	5e-05	5e-05	5e-05	5e-05	0.03364	5e-05	0.03013	5e-05	0.02063	0.04127	0.05862	0.13672	0.30113	0.09764	0.03364	0.05604	0.19988	0.03364	5e-05	5e-05	5e-05	5e-05	0.05463	0.04284	0.03964	0.03013	0.0	0.22785	5e-05	5e-05	5e-05	0.02174	0.46816	0.02524	0.02063	0.02063	0.01779	0.03252	0.04862	0.34766	0.03581	0.00063	0.46816	0.00063	0.00063	0.00063	0.00063	0.00063	5e-05	5e-05	5e-05	0.00086	0.00086	0.00086	0.13325	0.00086	0.03364	5e-05	5e-05	0.14577	0.03364	0.03364	0.04539	0.03013	0.22945	0.26147	0.30121	0.33406	0.38375	
0.18593	0.13741	0.09825	0.2211	0.11595	0.00011	0.00011	0.08164	0.13741	0.04904	0.00283	0.00011	0.00011	0.00011	0.00011	0.04001	0.00011	0.03599	0.00011	0.02504	0.00138	0.02718	0.00095	0.16181	0.10824	0.04001	0.06322	0.15767	0.04001	0.00011	0.00011	0.00011	0.00011	0.06381	0.04949	0.04683	0.03599	0.22785	0.0	0.00011	0.00011	0.00011	0.02633	0.23751	0.03038	0.02504	0.02504	0.02173	0.03873	0.04614	0.18528	0.04171	0.00135	0.23751	0.00135	0.00135	0.00135	0.00135	0.00135	0.00011	0.00011	0.00011	0.01572	0.01572	0.01572	0.03906	0.01572	0.04001	0.00011	0.00011	0.02825	0.04001	0.04001	0.05232	0.03599	0.12758	0.15354	0.08783	0.18049	0.06407	
5e-05	3e-05	3e-05	1e-05	0.00011	0.0	0.0	0.00013	0.0001	6e-05	0.0	0.0	0.0	0.0	0.0	0.00017	0.0	0.00018	0.0	0.00024	0.0001	6e-05	0.00014	0.0001	2e-05	0.00017	3e-05	0.00023	0.00017	0.0	0.0	0.0	0.0	0.00014	7e-05	0.00013	0.00018	5e-05	0.00011	0.0	0.0	0.0	0.00023	0.00018	0.00019	0.00024	0.00024	0.0007	0.00031	0.00017	7e-05	8e-05	0.0	0.00018	0.0	0.0	0.0	0.0	0.0	0.0	0.0	0.0	0.0	0.0	0.0	9e-05	0.0	0.00017	0.0	0.0	5e-05	0.00017	0.00017	7e-05	0.00018	6e-05	4e-05	4e-05	5e-05	3e-05	
5e-05	3e-05	3e-05	1e-05	0.00011	0.0	0.0	0.00013	0.0001	6e-05	0.0	0.0	0.0	0.0	0.0	0.00017	0.0	0.00018	0.0	0.00024	0.0001	6e-05	0.00014	0.0001	2e-05	0.00017	3e-05	0.00023	0.00017	0.0	0.0	0.0	0.0	0.00014	7e-05	0.00013	0.00018	5e-05	0.00011	0.0	0.0	0.0	0.00023	0.00018	0.00019	0.00024	0.00024	0.0007	0.00031	0.00017	7e-05	8e-05	0.0	0.00018	0.0	0.0	0.0	0.0	0.0	0.0	0.0	0.0	0.0	0.0	0.0	9e-05	0.0	0.00017	0.0	0.0	5e-05	0.00017	0.00017	7e-05	0.00018	6e-05	4e-05	4e-05	5e-05	3e-05	
5e-05	3e-05	3e-05	1e-05	0.00011	0.0	0.0	0.00013	0.0001	6e-05	0.0	0.0	0.0	0.0	0.0	0.00017	0.0	0.00018	0.0	0.00024	0.0001	6e-05	0.00014	0.0001	2e-05	0.00017	3e-05	0.00023	0.00017	0.0	0.0	0.0	0.0	0.00014	7e-05	0.00013	0.00018	5e-05	0.00011	0.0	0.0	0.0	0.00023	0.00018	0.00019	0.00024	0.00024	0.0007	0.00031	0.00017	7e-05	8e-05	0.0	0.00018	0.0	0.0	0.0	0.0	0.0	0.0	0.0	0.0	0.0	0.0	0.0	9e-05	0.0	0.00017	0.0	0.0	5e-05	0.00017	0.00017	7e-05	0.00018	6e-05	4e-05	4e-05	5e-05	3e-05	
0.03202	0.0843	0.06485	0.04587	0.09757	0.00023	0.00023	0.14657	0.02935	0.01708	0.00112	0.00023	0.00023	0.00023	0.00023	0.01536	0.00023	0.01409	0.00023	0.01049	0.03621	0.06928	0.04251	0.02749	0.03122	0.01536	0.02026	0.01093	0.01536	0.00023	0.00023	0.00023	0.00023	0.02253	0.01721	0.01745	0.01409	0.02174	0.02633	0.00023	0.00023	0.00023	0.0	0.01425	0.01227	0.01049	0.01049	0.00949	0.01502	0.01715	0.01958	0.51587	0.00055	0.01425	0.00055	0.00055	0.00055	0.00055	0.00055	0.00023	0.00023	0.00023	0.0007	0.0007	0.0007	0.11201	0.0007	0.01536	0.00023	0.00023	0.03122	0.01536	0.01536	0.01802	0.01409	0.05918	0.04262	0.03446	0.02398	0.03328	
0.38099	0.12827	0.05962	0.08261	0.05225	0.00018	0.00018	0.0384	0.19976	0.0236	0.00123	0.00018	0.00018	0.00018	0.00018	0.02056	0.00018	0.01874	0.00018	0.01363	0.05092	0.05985	0.11995	0.40563	0.04531	0.02056	0.02868	0.01425	0.02056	0.00018	0.00018	0.00018	0.00018	0.03093	0.02379	0.02358	0.01874	0.46816	0.23751	0.00018	0.00018	0.00018	0.01425	0.0	0.01615	0.01363	0.01363	0.01213	0.02003	0.02304	0.51196	0.02052	0.00056	0.99961	0.00056	0.00056	0.00056	0.00056	0.00056	0.00018	0.00018	0.00018	0.00073	0.00073	0.00073	0.16515	0.00073	0.02056	0.00018	0.00018	0.14911	0.02056	0.02056	0.02498	0.01874	0.26246	0.15247	0.20787	0.4372	0.21022	
0.11627	0.25571	0.07716	0.05424	0.04312	0.00019	0.00019	0.03194	0.03394	0.01969	0.0	0.00019	0.00019	0.00019	0.00019	0.01745	0.00019	0.01597	0.00019	0.01176	0.11878	0.08202	0.04948	0.14965	0.03674	0.01745	0.0236	0.01227	0.01745	0.00019	0.00019	0.00019	0.00019	0.02589	0.01984	0.38851	0.01597	0.02524	0.03038	0.00019	0.00019	0.00019	0.01227	0.01615	0.0	0.01176	0.01176	0.01056	0.01704	0.01965	0.02267	0.01721	0.00078	0.01615	0.00078	0.00078	0.00078	0.00078	0.00078	0.00019	0.00019	0.00019	0.00098	0.00098	0.00098	0.04349	0.00098	0.01745	0.00019	0.00019	0.34199	0.01745	0.01745	0.0208	0.01597	0.11361	0.11809	0.11824	0.02791	0.03901	
0.03031	0.03175	0.03847	0.04328	0.03523	0.00024	0.00024	0.13812	0.02789	0.01625	0.00111	0.00024	0.00024	0.00024	0.00024	0.01468	0.00024	0.01348	0.00024	0.99946	0.03437	0.06534	0.04031	0.02605	0.09668	0.01468	0.01921	0.01049	0.01468	0.00024	0.00024	0.00024	0.00024	0.18993	0.01637	0.01666	0.01348	0.02063	0.02504	0.00024	0.00024	0.00024	0.01049	0.01363	0.01176	0.0	0.99946	0.00914	0.01437	0.01639	0.0186	0.49427	0.00055	0.01363	0.00055	0.00055	0.00055	0.00055	0.00055	0.00024	0.00024	0.00024	0.0007	0.0007	0.0007	0.03549	0.0007	0.01468	0.00024	0.00024	0.02957	0.01468	0.01468	0.01714	0.01348	0.04755	0.04021	0.03259	0.02274	0.03148	
0.03031	0.03175	0.03847	0.04328	0.03523	0.00024	0.00024	0.13812	0.02789	0.01625	0.00111	0.00024	0.00024	0.00024	0.00024	0.01468	0.00024	0.01348	0.00024	0.99946	0.03437	0.06534	0.04031	0.02605	0.09668	0.01468	0.01921	0.01049	0.01468	0.00024	0.00024	0.00024	0.00024	0.18993	0.01637	0.01666	0.01348	0.02063	0.02504	0.00024	0.00024	0.00024	0.01049	0.01363	0.01176	0.99946	0.0	0.00914	0.01437	0.01639	0.0186	0.49427	0.00055	0.01363	0.00055	0.00055	0.00055	0.00055	0.00055	0.00024	0.00024	0.00024	0.0007	0.0007	0.0007	0.03549	0.0007	0.01468	0.00024	0.00024	0.02957	0.01468	0.01468	0.01714	0.01348	0.04755	0.04021	0.03259	0.02274	0.03148	
0.02589	0.02694	0.10392	0.03657	0.03031	0.0007	0.0007	0.02278	0.02412	0.01415	0.00314	0.0007	0.0007	0.0007	0.0007	0.01302	0.0007	0.01201	0.0007	0.00914	0.02959	0.03331	0.0346	0.02233	0.0803	0.01302	0.0165	0.00949	0.01302	0.0007	0.0007	0.0007	0.0007	0.01871	0.01425	0.01468	0.01201	0.01779	0.02173	0.0007	0.0007	0.0007	0.00949	0.01213	0.01056	0.00914	0.00914	0.0	0.32243	0.01497	0.0161	0.01251	0.00206	0.01213	0.0	0.0	0.0	0.0	0.0	0.0007	0.0007	0.0007	0.00237	0.00237	0.00237	0.03091	0.00237	0.01302	0.0007	0.0007	0.02529	0.01302	0.01302	0.01489	0.01201	0.04004	0.03397	0.07774	0.01955	0.08221	
0.04893	0.0523	0.06403	0.0723	0.00619	0.00031	0.00031	0.04078	0.04344	0.02506	0.00267	0.00031	0.00031	0.00031	0.00031	0.02172	0.00031	0.01979	0.00031	0.01437	0.05419	0.06402	0.06409	0.04167	0.11369	0.02172	0.03057	0.01502	0.02172	0.00031	0.00031	0.00031	0.00031	0.03279	0.02526	0.06935	0.01979	0.03252	0.03873	0.00031	0.00031	0.00031	0.01502	0.02003	0.01704	0.01437	0.01437	0.32243	0.0	0.02485	0.02906	0.02176	0.06612	0.02003	0.06612	0.06612	0.06612	0.06612	0.06612	0.00031	0.00031	0.00031	0.00185	0.00185	0.00185	0.05632	0.00185	0.02172	0.00031	0.00031	0.04755	0.02172	0.02172	0.02653	0.01979	0.08053	0.0672	0.02724	0.03609	0.02933	
0.16373	0.32437	0.12613	0.32811	0.15612	0.00017	0.00017	0.24406	0.05204	0.11724	0.00153	0.00017	0.00017	0.00017	0.00017	1.00021	0.00017	0.02276	0.00017	0.01639	0.16161	0.07919	0.13043	0.04693	0.32141	1.00021	0.43894	0.01715	1.00021	0.00017	0.00017	0.00017	0.00017	0.03838	0.02934	0.0291	0.02276	0.04862	0.04614	0.00017	0.00017	0.00017	0.01715	0.02304	0.01965	0.01639	0.01639	0.01497	0.02485	0.0	0.03396	0.02514	0.00066	0.02304	0.00066	0.00066	0.00066	0.00066	0.00066	0.00017	0.00017	0.00017	0.00089	0.00089	0.00089	0.05881	0.00089	1.00021	0.00017	0.00017	0.05192	1.00021	1.00021	0.61022	0.02276	0.10035	0.11901	0.06507	0.04688	0.06293	
0.32375	0.14162	0.12479	0.11993	0.13695	7e-05	7e-05	0.06176	0.40983	0.38695	0.00129	7e-05	7e-05	7e-05	7e-05	0.03004	7e-05	0.50654	7e-05	0.0186	0.08484	0.3268	0.22076	0.32809	0.08349	0.03004	0.04884	0.01958	0.03004	7e-05	7e-05	7e-05	7e-05	0.04824	0.38515	0.03526	0.50654	0.34766	0.18528	7e-05	7e-05	7e-05	0.01958	0.51196	0.02267	0.0186	0.0186	0.0161	0.02906	0.03396	0.0	0.03172	0.0005	0.51196	0.0005	0.0005	0.0005	0.0005	0.0005	7e-05	7e-05	7e-05	0.0007	0.0007	0.0007	0.15178	0.0007	0.03004	7e-05	7e-05	0.31618	0.03004	0.03004	0.03998	0.50654	0.37356	0.22061	0.30387	0.61693	0.31501	
0.05507	0.0978	0.08728	0.08385	0.10144	8e-05	8e-05	0.26808	0.04709	0.02697	0.00105	8e-05	8e-05	8e-05	8e-05	0.02242	8e-05	0.02026	8e-05	0.49427	0.05935	0.12657	0.07061	0.04655	0.10775	0.02242	0.03405	0.01499	0.02242	8e-05	8e-05	8e-05	8e-05	0.15039	0.02721	0.02605	0.02026	0.03581	0.04171	8e-05	8e-05	8e-05	0.51587	0.02052	0.01721	0.49427	0.49427	0.01251	0.02176	0.02514	0.03172	0.0	0.00043	0.02052	0.00043	0.00043	0.00043	0.00043	0.00043	8e-05	8e-05	8e-05	0.00058	0.00058	0.00058	0.11107	0.00058	0.02242	8e-05	8e-05	0.05331	0.02242	0.02242	0.02868	0.02026	0.09208	0.07814	0.0602	0.04002	0.05794	
0.00092	0.00094	0.00169	0.00186	0.00647	0.0	0.0	0.00079	0.00141	0.00056	0.0	0.0	0.0	0.0	0.0	0.00056	0.0	0.00055	0.0	0.00055	0.00116	0.00124	0.00122	0.00139	0.01439	0.00056	0.00046	0.00055	0.00056	0.0	0.0	0.0	0.0	0.00068	0.00046	0.04023	0.00055	0.00063	0.00135	0.0	0.0	0.0	0.00055	0.00056	0.00078	0.00055	0.00055	0.00206	0.06612	0.00066	0.0005	0.00043	0.0	0.00056	0.0	0.0	0.0	0.0	0.0	0.0	0.0	0.0	0.0	0.0	0.0	0.00146	0.0	0.00056	0.0	0.0	0.00099	0.00056	0.00056	0.00047	0.00055	0.00166	0.00129	0.00147	0.00068	0.0013	
0.38099	0.12827	0.05962	0.08261	0.05225	0.00018	0.00018	0.0384	0.19976	0.0236	0.00123	0.00018	0.00018	0.00018	0.00018	0.02056	0.00018	0.01874	0.00018	0.01363	0.05092	0.05985	0.11995	0.40563	0.04531	0.02056	0.02868	0.01425	0.02056	0.00018	0.00018	0.00018	0.00018	0.03093	0.02379	0.02358	0.01874	0.46816	0.23751	0.00018	0.00018	0.00018	0.01425	0.99961	0.01615	0.01363	0.01363	0.01213	0.02003	0.02304	0.51196	0.02052	0.00056	0.0	0.00056	0.00056	0.00056	0.00056	0.00056	0.00018	0.00018	0.00018	0.00073	0.00073	0.00073	0.16515	0.00073	0.02056	0.00018	0.00018	0.14911	0.02056	0.02056	0.02498	0.01874	0.26246	0.15247	0.20787	0.4372	0.21022	
0.00092	0.00094	0.01188	0.00186	0.00114	0.0	0.0	0.00079	0.00141	0.00056	0.0	0.0	0.0	0.0	0.0	0.00056	0.0	0.00055	0.0	0.00055	0.00116	0.00124	0.00122	0.00139	0.00692	0.00056	0.00046	0.00055	0.00056	0.0	0.0	0.0	0.0	0.00068	0.00046	0.00089	0.00055	0.00063	0.00135	0.0	0.0	0.0	0.00055	0.00056	0.00078	0.00055	0.00055	0.0	0.06612	0.00066	0.0005	0.00043	0.0	0.00056	0.0	0.0	0.0	0.0	0.0	0.0	0.0	0.0	0.0	0.0	0.0	0.00146	0.0	0.00056	0.0	0.0	0.00099	0.00056	0.00056	0.00047	0.00055	0.00166	0.00129	0.00568	0.00068	0.00655	
0.00092	0.00094	0.01188	0.00186	0.00114	0.0	0.0	0.00079	0.00141	0.00056	0.0	0.0	0.0	0.0	0.0	0.00056	0.0	0.00055	0.0	0.00055	0.00116	0.00124	0.00122	0.00139	0.00692	0.00056	0.00046	0.00055	0.00056	0.0	0.0	0.0	0.0	0.00068	0.00046	0.00089	0.00055	0.00063	0.00135	0.0	0.0	0.0	0.00055	0.00056	0.00078	0.00055	0.00055	0.0	0.06612	0.00066	0.0005	0.00043	0.0	0.00056	0.0	0.0	0.0	0.0	0.0	0.0	0.0	0.0	0.0	0.0	0.0	0.00146	0.0	0.00056	0.0	0.0	0.00099	0.00056	0.00056	0.00047	0.00055	0.00166	0.00129	0.00568	0.00068	0.00655	
0.00092	0.00094	0.01188	0.00186	0.00114	0.0	0.0	0.00079	0.00141	0.00056	0.0	0.0	0.0	0.0	0.0	0.00056	0.0	0.00055	0.0	0.00055	0.00116	0.00124	0.00122	0.00139	0.00692	0.00056	0.00046	0.00055	0.00056	0.0	0.0	0.0	0.0	0.00068	0.00046	0.00089	0.00055	0.00063	0.00135	0.0	0.0	0.0	0.00055	0.00056	0.00078	0.00055	0.00055	0.0	0.06612	0.00066	0.0005	0.00043	0.0	0.00056	0.0	0.0	0.0	0.0	0.0	0.0	0.0	0.0	0.0	0.0	0.0	0.00146	0.0	0.00056	0.0	0.0	0.00099	0.00056	0.00056	0.00047	0.00055	0.00166	0.00129	0.00568	0.00068	0.00655	
0.00092	0.00094	0.01188	0.00186	0.00114	0.0	0.0	0.00079	0.00141	0.00056	0.0	0.0	0.0	0.0	0.0	0.00056	0.0	0.00055	0.0	0.00055	0.00116	0.00124	0.00122	0.00139	0.00692	0.00056	0.00046	0.00055	0.00056	0.0	0.0	0.0	0.0	0.00068	0.00046	0.00089	0.00055	0.00063	0.00135	0.0	0.0	0.0	0.00055	0.00056	0.00078	0.00055	0.00055	0.0	0.06612	0.00066	0.0005	0.00043	0.0	0.00056	0.0	0.0	0.0	0.0	0.0	0.0	0.0	0.0	0.0	0.0	0.0	0.00146	0.0	0.00056	0.0	0.0	0.00099	0.00056	0.00056	0.00047	0.00055	0.00166	0.00129	0.00568	0.00068	0.00655	
0.00092	0.00094	0.01188	0.00186	0.00114	0.0	0.0	0.00079	0.00141	0.00056	0.0	0.0	0.0	0.0	0.0	0.00056	0.0	0.00055	0.0	0.00055	0.00116	0.00124	0.00122	0.00139	0.00692	0.00056	0.00046	0.00055	0.00056	0.0	0.0	0.0	0.0	0.00068	0.00046	0.00089	0.00055	0.00063	0.00135	0.0	0.0	0.0	0.00055	0.00056	0.00078	0.00055	0.00055	0.0	0.06612	0.00066	0.0005	0.00043	0.0	0.00056	0.0	0.0	0.0	0.0	0.0	0.0	0.0	0.0	0.0	0.0	0.0	0.00146	0.0	0.00056	0.0	0.0	0.00099	0.00056	0.00056	0.00047	0.00055	0.00166	0.00129	0.00568	0.00068	0.00655	
5e-05	3e-05	3e-05	1e-05	0.00011	0.0	0.0	0.00013	0.0001	6e-05	0.0	0.0	0.0	0.0	0.0	0.00017	0.0	0.00018	0.0	0.00024	0.0001	6e-05	0.00014	0.0001	2e-05	0.00017	3e-05	0.00023	0.00017	0.0	0.0	0.0	0.0	0.00014	7e-05	0.00013	0.00018	5e-05	0.00011	0.0	0.0	0.0	0.00023	0.00018	0.00019	0.00024	0.00024	0.0007	0.00031	0.00017	7e-05	8e-05	0.0	0.00018	0.0	0.0	0.0	0.0	0.0	0.0	0.0	0.0	0.0	0.0	0.0	9e-05	0.0	0.00017	0.0	0.0	5e-05	0.00017	0.00017	7e-05	0.00018	6e-05	4e-05	4e-05	5e-05	3e-05	
5e-05	3e-05	3e-05	1e-05	0.00011	0.0	0.0	0.00013	0.0001	6e-05	0.0	0.0	0.0	0.0	0.0	0.00017	0.0	0.00018	0.0	0.00024	0.0001	6e-05	0.00014	0.0001	2e-05	0.00017	3e-05	0.00023	0.00017	0.0	0.0	0.0	0.0	0.00014	7e-05	0.00013	0.00018	5e-05	0.00011	0.0	0.0	0.0	0.00023	0.00018	0.00019	0.00024	0.00024	0.0007	0.00031	0.00017	7e-05	8e-05	0.0	0.00018	0.0	0.0	0.0	0.0	0.0	0.0	0.0	0.0	0.0	0.0	0.0	9e-05	0.0	0.00017	0.0	0.0	5e-05	0.00017	0.00017	7e-05	0.00018	6e-05	4e-05	4e-05	5e-05	3e-05	
5e-05	3e-05	3e-05	1e-05	0.00011	0.0	0.0	0.00013	0.0001	6e-05	0.0	0.0	0.0	0.0	0.0	0.00017	0.0	0.00018	0.0	0.00024	0.0001	6e-05	0.00014	0.0001	2e-05	0.00017	3e-05	0.00023	0.00017	0.0	0.0	0.0	0.0	0.00014	7e-05	0.00013	0.00018	5e-05	0.00011	0.0	0.0	0.0	0.00023	0.00018	0.00019	0.00024	0.00024	0.0007	0.00031	0.00017	7e-05	8e-05	0.0	0.00018	0.0	0.0	0.0	0.0	0.0	0.0	0.0	0.0	0.0	0.0	0.0	9e-05	0.0	0.00017	0.0	0.0	5e-05	0.00017	0.00017	7e-05	0.00018	6e-05	4e-05	4e-05	5e-05	3e-05	
0.00129	0.00134	0.00229	0.00338	0.00159	0.0	0.0	0.0011	0.0121	0.00075	0.0	0.0	0.0	0.0	0.0	0.00075	0.0	0.00073	0.0	0.0007	0.00161	0.00176	0.00173	0.01071	0.00156	0.00075	0.00066	0.0007	0.00075	0.0	0.0	0.0	0.0	0.00093	0.00064	0.00114	0.00073	0.00086	0.01572	0.0	0.0	0.0	0.0007	0.00073	0.00098	0.0007	0.0007	0.00237	0.00185	0.00089	0.0007	0.00058	0.0	0.00073	0.0	0.0	0.0	0.0	0.0	0.0	0.0	0.0	0.0	0.0	0.0	9e-05	0.0	0.00075	0.0	0.0	0.00137	0.00075	0.00075	0.00066	0.00073	0.00238	0.00184	0.00196	0.00094	0.00175	
0.00129	0.00134	0.00229	0.00338	0.00159	0.0	0.0	0.0011	0.0121	0.00075	0.0	0.0	0.0	0.0	0.0	0.00075	0.0	0.00073	0.0	0.0007	0.00161	0.00176	0.00173	0.01071	0.00156	0.00075	0.00066	0.0007	0.00075	0.0	0.0	0.0	0.0	0.00093	0.00064	0.00114	0.00073	0.00086	0.01572	0.0	0.0	0.0	0.0007	0.00073	0.00098	0.0007	0.0007	0.00237	0.00185	0.00089	0.0007	0.00058	0.0	0.00073	0.0	0.0	0.0	0.0	0.0	0.0	0.0	0.0	0.0	0.0	0.0	9e-05	0.0	0.00075	0.0	0.0	0.00137	0.00075	0.00075	0.00066	0.00073	0.00238	0.00184	0.00196	0.00094	0.00175	
0.00129	0.00134	0.00229	0.00338	0.00159	0.0	0.0	0.0011	0.0121	0.00075	0.0	0.0	0.0	0.0	0.0	0.00075	0.0	0.00073	0.0	0.0007	0.00161	0.00176	0.00173	0.01071	0.00156	0.00075	0.00066	0.0007	0.00075	0.0	0.0	0.0	0.0	0.00093	0.00064	0.00114	0.00073	0.00086	0.01572	0.0	0.0	0.0	0.0007	0.00073	0.00098	0.0007	0.0007	0.00237	0.00185	0.00089	0.0007	0.00058	0.0	0.00073	0.0	0.0	0.0	0.0	0.0	0.0	0.0	0.0	0.0	0.0	0.0	9e-05	0.0	0.00075	0.0	0.0	0.00137	0.00075	0.00075	0.00066	0.00073	0.00238	0.00184	0.00196	0.00094	0.00175	
0.10017	0.10584	0.09143	0.16108	0.01875	9e-05	9e-05	0.00254	0.0217	0.11088	0.00351	9e-05	9e-05	9e-05	9e-05	0.05793	9e-05	0.05182	9e-05	0.03549	0.02034	0.03242	0.0152	0.13204	0.07765	0.05793	0.1193	0.03738	0.05793	9e-05	9e-05	9e-05	9e-05	0.00042	0.11278	0.06862	0.05182	0.13325	0.03906	9e-05	9e-05	9e-05	0.11201	0.16515	0.04349	0.03549	0.03549	0.03091	0.05632	0.05881	0.15178	0.11107	0.00146	0.16515	0.00146	0.00146	0.00146	0.00146	0.00146	9e-05	9e-05	9e-05	9e-05	9e-05	9e-05	0.0	9e-05	0.05793	9e-05	9e-05	0.07167	0.05793	0.05793	0.07775	0.05182	0.13179	0.12698	0.24017	0.11794	0.23787	
0.00129	0.00134	0.00229	0.00338	0.00159	0.0	0.0	0.0011	0.0121	0.00075	0.0	0.0	0.0	0.0	0.0	0.00075	0.0	0.00073	0.0	0.0007	0.00161	0.00176	0.00173	0.01071	0.00156	0.00075	0.00066	0.0007	0.00075	0.0	0.0	0.0	0.0	0.00093	0.00064	0.00114	0.00073	0.00086	0.01572	0.0	0.0	0.0	0.0007	0.00073	0.00098	0.0007	0.0007	0.00237	0.00185	0.00089	0.0007	0.00058	0.0	0.00073	0.0	0.0	0.0	0.0	0.0	0.0	0.0	0.0	0.0	0.0	0.0	9e-05	0.0	0.00075	0.0	0.0	0.00137	0.00075	0.00075	0.00066	0.00073	0.00238	0.00184	0.00196	0.00094	0.00175	
0.16576	0.31884	0.06652	0.31305	0.15957	0.00017	0.00017	0.24813	0.04491	0.02585	0.00128	0.00017	0.00017	0.00017	0.00017	0.99964	0.00017	0.02031	0.00017	0.01468	0.16506	0.06652	0.13374	0.04319	0.31651	0.99964	0.4382	0.01536	0.99964	0.00017	0.00017	0.00017	0.00017	0.03383	0.02607	0.02567	0.02031	0.03364	0.04001	0.00017	0.00017	0.00017	0.01536	0.02056	0.01745	0.01468	0.01468	0.01302	0.02172	1.00021	0.03004	0.02242	0.00056	0.02056	0.00056	0.00056	0.00056	0.00056	0.00056	0.00017	0.00017	0.00017	0.00075	0.00075	0.00075	0.05793	0.00075	0.0	0.00017	0.00017	0.04932	0.99964	0.99964	0.60988	0.02031	0.09964	0.11892	0.0551	0.03737	0.0531	
5e-05	3e-05	3e-05	1e-05	0.00011	0.0	0.0	0.00013	0.0001	6e-05	0.0	0.0	0.0	0.0	0.0	0.00017	0.0	0.00018	0.0	0.00024	0.0001	6e-05	0.00014	0.0001	2e-05	0.00017	3e-05	0.00023	0.00017	0.0	0.0	0.0	0.0	0.00014	7e-05	0.00013	0.00018	5e-05	0.00011	0.0	0.0	0.0	0.00023	0.00018	0.00019	0.00024	0.00024	0.0007	0.00031	0.00017	7e-05	8e-05	0.0	0.00018	0.0	0.0	0.0	0.0	0.0	0.0	0.0	0.0	0.0	0.0	0.0	9e-05	0.0	0.00017	0.0	0.0	5e-05	0.00017	0.00017	7e-05	0.00018	6e-05	4e-05	4e-05	5e-05	3e-05	
5e-05	3e-05	3e-05	1e-05	0.00011	0.0	0.0	0.00013	0.0001	6e-05	0.0	0.0	0.0	0.0	0.0	0.00017	0.0	0.00018	0.0	0.00024	0.0001	6e-05	0.00014	0.0001	2e-05	0.00017	3e-05	0.00023	0.00017	0.0	0.0	0.0	0.0	0.00014	7e-05	0.00013	0.00018	5e-05	0.00011	0.0	0.0	0.0	0.00023	0.00018	0.00019	0.00024	0.00024	0.0007	0.00031	0.00017	7e-05	8e-05	0.0	0.00018	0.0	0.0	0.0	0.0	0.0	0.0	0.0	0.0	0.0	0.0	0.0	9e-05	0.0	0.00017	0.0	0.0	5e-05	0.00017	0.00017	7e-05	0.00018	6e-05	4e-05	4e-05	5e-05	3e-05	
0.22349	0.20753	0.13924	0.08647	0.02659	5e-05	5e-05	0.1084	0.18649	0.237	0.1449	5e-05	5e-05	5e-05	5e-05	0.04932	5e-05	0.14655	5e-05	0.02957	0.16493	0.21636	0.09732	0.23876	0.16283	0.04932	0.08709	0.03122	0.04932	5e-05	5e-05	5e-05	5e-05	0.0825	0.1403	0.20791	0.14655	0.14577	0.02825	5e-05	5e-05	5e-05	0.03122	0.14911	0.34199	0.02957	0.02957	0.02529	0.04755	0.05192	0.31618	0.05331	0.00099	0.14911	0.00099	0.00099	0.00099	0.00099	0.00099	5e-05	5e-05	5e-05	0.00137	0.00137	0.00137	0.07167	0.00137	0.04932	5e-05	5e-05	0.0	0.04932	0.04932	0.06865	0.14655	0.34328	0.19947	0.48	0.5691	0.32973	
