0.0	0.00018	0.0	0.00036	0.00048	4e-05	0.00027	0.00076	0.00011	0.00036	0.00019	0.0002	0.0	0.0	0.0	0.0	0.0	0.0	0.00012	0.00032	0.00018	0.00016	0.00014	0.00015	0.00047	0.00032	3e-05	0.00018	0.0004	0.0	0.0	0.00045	0.0	0.00018	0.0	0.00017	0.0	0.0	0.0	0.0	0.00015	0.0002	0.00018	0.0	0.0	0.0	0.0	0.0	0.0	0.00015	0.00027	0.00025	8e-05	0.00023	0.0	0.0	0.0	0.00055	0.00014	0.00032	0.00017	0.0002	0.00053	0.0	0.00048	0.0	8e-05	0.0	0.0	0.00025	0.00018	0.00016	0.0002	0.0002	0.00011	0.0	0.00018	0.0	0.00016	0.00042	0.00033	0.00024	9e-05	0.00011	0.00033	0.00021	0.00027	0.00051	0.00028	0.0	0.0	0.0	0.00012	3e-05	0.00012	0.00019	0.00044	0.00047	0.00034	5e-05	0.00021	0.00019	3e-05	0.00011	0.00013	9e-05	0.0	0.0	0.00013	0.0	0.0	0.0	0.00015	0.00033	0.0	0.0	0.00033	0.0	0.00014	0.00012	0.00044	0.0	0.00037	3e-05	0.00015	0.00033	0.0	0.00048	0.00019	9e-05	0.0001	0.00022	0.00042	0.00014	0.0003	0.00024	0.00015	5e-05	0.0001	0.0	0.0	0.0	0.0	0.0	0.00021	0.00023	4e-05	0.00027	0.00031	0.00014	0.00047	0.00015	0.00018	3e-05	0.0	0.00022	0.0	0.0	0.0	6e-05	0.00015	0.00066	0.00012	0.00022	4e-05	0.00032	0.00023	0.0	6e-05	0.00014	0.0	0.0002	0.00023	0.00016	0.0	0.0	0.0	0.0	0.0	0.00012	0.0	0.0	0.00037	0.0	0.0	0.0	0.0	0.0	0.0	0.0	0.00013	0.00018	4e-05	0.00015	0.00025	7e-05	0.00035	0.00049	0.00023	3e-05	0.0	0.00022	4e-05	0.0	0.0001	0.00039	7e-05	0.0003	0.00012	0.00015	0.00018	0.0	0.00027	0.00013	0.00034	0.00027	0.0001	8e-05	
0.00018	0.0	0.00018	0.00446	0.06404	0.35381	0.00602	0.04521	0.02524	0.15215	0.21994	0.02524	0.0	0.00018	0.00018	0.00018	0.00018	0.00018	0.00991	0.00709	0.00788	0.00993	0.01142	0.00806	0.00602	0.00709	0.01908	0.99994	0.03878	0.0	0.00021	0.03276	0.00018	0.99994	0.00018	0.5424	0.00018	0.00018	0.00018	0.00018	0.008	0.02346	0.01899	0.0	0.0	0.0	0.0	0.00018	0.00018	0.00806	0.02061	0.02182	0.01181	0.17585	0.0	0.0	0.0	0.05621	0.39732	0.00439	0.01126	0.16092	0.06187	0.0	0.0062	0.0	0.27833	0.0	9e-05	0.01186	0.99994	0.01963	0.17575	0.01116	0.01059	0.00018	0.99994	0.00016	0.39019	0.00357	0.01464	0.08982	0.0255	0.65324	0.00418	0.00769	0.05085	0.06092	0.00443	0.0237	0.02567	0.03909	0.01095	0.01476	0.0196	0.01297	0.00561	0.0563	0.00427	0.01613	0.27439	0.09824	0.02677	0.00901	0.02482	0.02441	0.0	0.0	0.01787	0.0	0.0	0.0	0.00806	0.0126	0.00018	0.00018	0.0126	0.00018	0.00773	0.24984	0.05139	0.0	0.06002	0.02126	0.00806	0.0126	0.0	0.02395	0.05351	0.02061	0.03315	0.01784	0.02761	0.01525	0.08942	0.01093	0.01155	0.0247	0.13175	0.0	0.0	0.0	0.0	0.0	0.02603	0.01157	0.0165	0.02995	0.03608	0.02336	0.03227	0.00942	0.13495	0.03754	0.0	0.10013	0.0	0.00018	0.0	0.01607	1.00269	0.03715	0.02052	0.028	0.28224	0.00742	0.1839	0.0	0.01891	0.01105	0.0	0.07163	0.04389	0.25191	0.0	0.0	0.0	0.0	0.0	0.01298	0.00018	0.00018	0.00764	0.00018	0.00018	0.00018	0.0	0.0	0.0	0.0	0.01284	0.99994	0.03248	0.02626	0.06036	0.01461	0.30597	0.05537	0.1006	0.05442	0.00018	0.00692	0.35222	0.0	0.45844	0.00501	0.47427	0.33472	0.24191	0.36316	0.19515	0.0	0.01291	0.01394	0.06351	0.05456	0.25682	0.19511	
0.0	0.00018	0.0	0.00036	0.00048	4e-05	0.00027	0.00076	0.00011	0.00036	0.00019	0.0002	0.0	0.0	0.0	0.0	0.0	0.0	0.00012	0.00032	0.00018	0.00016	0.00014	0.00015	0.00047	0.00032	3e-05	0.00018	0.0004	0.0	0.0	0.00045	0.0	0.00018	0.0	0.00017	0.0	0.0	0.0	0.0	0.00015	0.0002	0.00018	0.0	0.0	0.0	0.0	0.0	0.0	0.00015	0.00027	0.00025	8e-05	0.00023	0.0	0.0	0.0	0.00055	0.00014	0.00032	0.00017	0.0002	0.00053	0.0	0.00048	0.0	8e-05	0.0	0.0	0.00025	0.00018	0.00016	0.0002	0.0002	0.00011	0.0	0.00018	0.0	0.00016	0.00042	0.00033	0.00024	9e-05	0.00011	0.00033	0.00021	0.00027	0.00051	0.00028	0.0	0.0	0.0	0.00012	3e-05	0.00012	0.00019	0.00044	0.00047	0.00034	5e-05	0.00021	0.00019	3e-05	0.00011	0.00013	9e-05	0.0	0.0	0.00013	0.0	0.0	0.0	0.00015	0.00033	0.0	0.0	0.00033	0.0	0.00014	0.00012	0.00044	0.0	0.00037	3e-05	0.00015	0.00033	0.0	0.00048	0.00019	9e-05	0.0001	0.00022	0.00042	0.00014	0.0003	0.00024	0.00015	5e-05	0.0001	0.0	0.0	0.0	0.0	0.0	0.00021	0.00023	4e-05	0.00027	0.00031	0.00014	0.00047	0.00015	0.00018	3e-05	0.0	0.00022	0.0	0.0	0.0	6e-05	0.00015	0.00066	0.00012	0.00022	4e-05	0.00032	0.00023	0.0	6e-05	0.00014	0.0	0.0002	0.00023	0.00016	0.0	0.0	0.0	0.0	0.0	0.00012	0.0	0.0	0.00037	0.0	0.0	0.0	0.0	0.0	0.0	0.0	0.00013	0.00018	4e-05	0.00015	0.00025	7e-05	0.00035	0.00049	0.00023	3e-05	0.0	0.00022	4e-05	0.0	0.0001	0.00039	7e-05	0.0003	0.00012	0.00015	0.00018	0.0	0.00027	0.00013	0.00034	0.00027	0.0001	8e-05	
0.00036	0.00446	0.00036	0.0	0.01993	0.01679	0.00295	0.01552	0.00841	0.01534	0.02676	0.00896	0.00038	0.00036	0.00036	0.00036	0.00036	0.00036	0.00419	0.00336	0.00356	0.004	0.00468	0.00361	0.00304	0.00336	0.00657	0.00446	0.01251	0.0	0.00026	0.01083	0.00036	0.00446	0.00036	0.00521	0.00036	0.00036	0.00036	0.00036	0.00341	0.00846	0.06233	0.0	0.0	0.0	0.0	0.00036	0.00036	0.00361	0.06839	0.06261	0.00477	0.01187	0.0	0.0	0.0	0.01881	0.00582	0.00234	0.00466	0.00933	0.02058	0.0	0.00309	0.0	0.00695	0.0	0.00024	0.00488	0.00446	0.00695	0.00854	0.00463	0.00416	0.00036	0.00446	0.00025	0.00565	0.00198	0.11086	0.02911	0.00982	0.00487	0.00226	0.00359	0.06737	0.05142	0.00235	0.01535	0.01661	0.02513	0.00432	0.00531	0.00684	0.00519	0.00287	0.01881	0.00227	0.00587	0.00731	0.03141	0.00857	0.00369	0.05775	0.03609	0.0	0.0	0.08475	0.0	0.0	0.0	0.00361	0.1514	0.00036	0.00036	0.1514	0.00036	0.00349	0.00581	0.01688	0.0	0.01959	0.00729	0.00361	0.1514	0.0	0.00874	0.0163	0.00686	0.01093	0.00614	0.0096	0.00565	0.01167	0.00436	0.00448	0.05147	0.03983	0.0	0.0	0.0	0.0	0.0	0.00854	0.00451	0.00581	0.01013	0.01157	0.00817	0.01114	0.00384	0.00868	0.02072	0.0	0.01515	0.0	0.00036	0.0	0.00588	0.00593	0.01296	0.00728	0.00973	0.09751	0.00346	0.016	0.0	0.00694	0.00457	0.0	0.01232	0.02001	0.00876	0.0	0.0	0.0	0.0	0.0	0.00471	0.00036	0.00036	0.00357	0.00036	0.00036	0.00036	0.00038	0.00038	0.0	0.0	0.00512	0.00446	0.02651	0.03668	0.0188	0.00565	0.0047	0.01752	0.04225	0.01818	0.00036	0.00325	0.00587	0.0	0.08619	0.00262	0.00561	0.00862	0.0059	0.0638	0.00703	0.0	0.00499	0.00516	0.13079	0.01435	0.00627	0.1418	
0.00048	0.06404	0.00048	0.01993	0.0	0.55124	0.04072	0.635	0.25577	0.2919	0.41255	0.50883	0.00764	0.00048	0.00048	0.00048	0.00048	0.00048	0.02251	0.02949	0.05909	0.0636	0.07122	0.06114	0.02365	0.02949	0.05494	0.06404	0.37765	0.0	0.00047	0.49083	0.00048	0.06404	0.00048	0.04563	0.00048	0.00048	0.00048	0.00048	0.06512	0.13242	0.15025	0.0	0.0	0.0	0.0	0.00048	0.00048	0.06114	0.10268	0.09923	0.01772	0.19549	0.0	0.0	0.0	0.3743	0.05101	0.02701	0.07338	0.167	0.35495	0.0	0.02485	0.0	0.01232	0.0	0.00197	0.06018	0.06404	0.12031	0.10285	0.04056	0.08292	0.00048	0.06404	0.00365	0.07524	0.01467	0.12189	0.41323	0.15685	0.04023	0.02544	0.06548	0.28549	0.42169	0.01637	0.15137	0.24494	0.31049	0.06262	0.03147	0.23633	0.0857	0.0264	0.29749	0.02999	0.03869	0.09441	0.12051	0.06406	0.05633	0.0787	0.0701	0.0	0.0	0.04767	0.0	0.0	0.0	0.06114	0.08135	0.00048	0.00048	0.08135	0.00048	0.04107	0.13497	0.28698	0.0	0.17681	0.04892	0.06114	0.08135	0.0	0.17275	0.45929	0.09425	0.08682	0.13045	0.23965	0.04157	0.16085	0.06076	0.04428	0.06456	0.06929	0.0	0.0	0.0	0.0	0.0	0.2284	0.06469	0.04274	0.17109	0.29839	0.11003	0.37796	0.04978	0.06673	0.12164	0.0	0.16219	0.0	0.00048	0.0	0.02058	0.06678	0.38375	0.09357	0.12136	0.08058	0.03209	0.1832	0.0	0.06921	0.09366	0.0	0.13378	0.19785	0.1565	0.0	0.0	0.0	0.0	0.0	0.08254	0.00048	0.00048	0.03249	0.00048	0.00048	0.00048	0.00764	0.00764	0.0	0.0	0.12335	0.06404	0.06038	0.1361	0.40327	0.00233	0.07684	0.75222	1.05001	0.39891	0.00048	0.03527	0.12181	0.0	0.06647	0.02298	0.08222	0.19232	0.08351	0.18024	0.16545	0.0	0.07392	0.05937	0.35201	0.22314	0.10246	0.1434	
4e-05	0.35381	4e-05	0.01679	0.55124	0.0	0.02415	0.79037	0.19009	0.54901	0.22703	0.17176	0.11949	4e-05	4e-05	4e-05	4e-05	4e-05	0.01847	0.05831	0.03377	0.04641	0.04918	0.035	0.04534	0.05831	0.11838	0.35381	0.54986	0.0	4e-05	0.71651	4e-05	0.35381	4e-05	0.20302	4e-05	4e-05	4e-05	4e-05	0.03508	0.13125	0.17469	0.0	0.0	0.0	0.0	4e-05	4e-05	0.035	0.14699	0.15247	0.02216	0.24597	0.0	0.0	0.0	0.45108	0.15416	0.01668	0.16129	0.09891	0.28888	0.0	0.04582	0.0	0.13401	0.0	0.00059	0.12639	0.35381	0.13182	0.09376	0.05178	0.13967	4e-05	0.35381	0.00148	0.17168	0.02321	0.14833	0.18164	0.05157	0.34312	0.01578	0.04405	0.22107	0.41949	0.03147	0.00047	4e-05	0.00107	0.13512	0.23868	0.1396	0.06325	0.0215	0.22842	0.01752	0.04979	0.11736	0.15648	0.10356	0.06301	0.13687	0.18144	0.0	0.0	0.12049	0.0	0.0	0.0	0.035	0.14559	4e-05	4e-05	0.14559	4e-05	0.03345	0.37805	0.44623	0.0	0.23622	0.09569	0.035	0.14559	0.0	0.35955	0.36279	0.12441	0.26589	0.21903	0.49331	0.1908	0.54412	0.12246	0.06425	0.10935	0.12407	0.0	0.0	0.0	0.0	0.0	0.23562	0.14299	0.24049	0.20302	0.34895	0.34772	0.52578	0.0672	0.25147	0.12717	0.0	0.84864	0.0	4e-05	0.0	0.05408	0.34608	0.62177	0.08566	0.11849	0.26425	0.06065	0.22357	0.0	0.0432	0.04925	0.0	0.37979	0.26821	0.68562	0.0	0.0	0.0	0.0	0.0	0.12774	4e-05	4e-05	0.06437	4e-05	4e-05	4e-05	0.11949	0.11949	0.0	0.0	0.06313	0.35381	0.11066	0.13065	0.21086	0.0341	0.35667	0.52229	0.34667	0.10662	4e-05	0.0287	0.24036	0.0	0.26666	0.01906	0.4547	0.64653	0.26512	0.31396	0.13546	0.0	0.1178	0.093	0.28847	0.51304	0.14683	0.11336	
0.00027	0.00602	0.00027	0.00295	0.04072	0.02415	0.0	0.0222	0.06086	0.12842	0.08776	0.07378	0.00039	0.00027	0.00027	0.00027	0.00027	0.00027	0.00566	0.00434	0.0047	0.00548	0.00638	0.00478	0.00384	0.00434	0.13248	0.00602	0.01824	0.0	0.00023	0.01567	0.00027	0.00602	0.00027	0.00716	0.00027	0.00027	0.00027	0.00027	0.58363	0.08949	0.00955	0.0	0.0	0.0	0.0	0.00027	0.00027	0.00478	0.1006	0.01121	0.00654	0.0173	0.0	0.0	0.0	0.02714	0.00808	0.0029	0.00633	0.07367	0.02975	0.0	0.00393	0.0	0.0098	0.0	0.00017	0.00663	0.00602	0.08998	0.01213	0.00628	0.00574	0.00027	0.00602	0.0002	0.15545	0.00243	0.00773	0.02407	0.01368	0.00667	0.00279	0.23111	0.02717	0.02834	0.00292	0.01755	0.01899	0.02871	0.00597	0.00754	0.00979	0.00712	0.00361	0.02972	0.00282	0.31622	0.01026	0.01622	0.01258	0.00503	0.01202	0.01177	0.0	0.0	0.00935	0.0	0.0	0.0	0.00478	0.00701	0.00027	0.00027	0.00701	0.00027	0.0046	0.00832	0.02449	0.0	0.02835	0.07622	0.00478	0.00701	0.0	0.0123	0.02877	0.00995	0.01589	0.0088	0.0137	0.00795	0.01686	0.00599	0.00621	0.01243	0.01219	0.0	0.0	0.0	0.0	0.0	0.01242	0.00623	0.0083	0.0146	0.0169	0.01169	0.01594	0.00524	0.01257	0.08361	0.0	0.02183	0.0	0.00027	0.0	0.00831	0.00815	0.01846	0.01038	0.01394	0.00859	0.00451	0.03339	0.0	0.00979	0.00621	0.0	0.0181	0.02963	0.01279	0.0	0.0	0.0	0.0	0.0	0.00666	0.00027	0.00027	0.00464	0.00027	0.00027	0.00027	0.00039	0.00039	0.0	0.0	0.00704	0.00602	0.01561	0.01242	0.01887	0.09479	0.0063	0.02566	0.05656	0.02632	0.00027	0.00423	0.00847	0.0	0.13059	0.00327	0.00799	0.01238	0.00845	0.00882	0.01003	0.0	0.0069	0.00726	0.03	0.021	0.00897	0.00933	
0.00076	0.04521	0.00076	0.01552	0.635	0.79037	0.0222	0.0	0.0934	0.33373	0.17777	0.14298	0.00664	0.00076	0.00076	0.00076	0.00076	0.00076	0.00615	0.0438	0.03094	0.04411	0.04968	0.03188	0.03541	0.0438	0.00683	0.04521	0.45119	0.0	0.00078	0.70455	0.00076	0.04521	0.00076	0.0591	0.00076	0.00076	0.00076	0.00076	0.0332	0.11402	0.10728	0.0	0.0	0.0	0.0	0.00076	0.00076	0.03188	0.10827	0.11705	0.00331	0.16268	0.0	0.0	0.0	0.52521	0.0716	0.01529	0.05064	0.15426	0.49417	0.0	0.0363	0.0	0.01603	0.0	0.00232	0.08682	0.04521	0.10813	0.13258	0.04802	0.04832	0.00076	0.04521	0.0037	0.07962	0.02037	0.07612	0.07289	0.17462	0.01386	0.01447	0.04011	0.27131	0.4406	0.02481	0.34765	0.69943	1.03752	0.0419	0.00606	0.11126	0.0585	0.02016	0.25953	0.01666	0.0232	0.10568	0.14578	0.01661	0.05064	0.04381	0.06261	0.0	0.0	0.0055	0.0	0.0	0.0	0.03188	0.05591	0.00076	0.00076	0.05591	0.00076	0.03025	0.09495	0.31191	0.0	0.22132	0.04037	0.03188	0.05591	0.0	0.24265	0.21956	0.08122	0.04986	0.14984	0.33217	0.03918	0.17519	0.08785	0.0429	0.00283	0.02403	0.0	0.0	0.0	0.0	0.0	0.19249	0.091	0.00832	0.18285	0.35306	0.11214	0.5725	0.05399	0.08555	0.02401	0.0	0.15474	0.0	0.00076	0.0	0.02296	0.04713	0.56593	0.08146	0.1012	0.03249	0.04841	0.19	0.0	0.0005	0.04486	0.0	0.13751	0.19168	0.13448	0.0	0.0	0.0	0.0	0.0	0.09188	0.00076	0.00076	0.04807	0.00076	0.00076	0.00076	0.00664	0.00664	0.0	0.0	0.05789	0.04521	0.02525	0.13661	0.22223	0.00185	0.05177	0.65678	2.04873	0.68805	0.00076	0.02632	0.05232	0.0	0.0435	0.01773	0.03769	0.21633	0.06235	0.1034	0.11263	0.0	0.08934	0.07689	0.36839	0.20789	0.09965	0.07546	
0.00011	0.02524	0.00011	0.00841	0.25577	0.19009	0.06086	0.0934	0.0	0.17456	0.25874	0.38616	0.00118	0.00011	0.00011	0.00011	0.00011	0.00011	0.09665	0.10579	0.01715	0.02481	0.03932	0.09182	0.01204	0.10579	0.11675	0.02524	0.17938	0.0	0.00058	0.09565	0.00011	0.02524	0.00011	0.01122	0.00011	0.00011	0.00011	0.00011	0.09711	0.19146	0.05933	0.0	0.0	0.0	0.0	0.00011	0.00011	0.09182	0.01963	0.06478	0.0291	0.09126	0.0	0.0	0.0	0.11289	0.024	0.04021	0.02735	0.08302	0.11017	0.0	0.01268	0.0	0.02028	0.0	0.00019	0.04543	0.02524	0.1422	0.02735	0.04178	0.16484	0.00011	0.02524	0.00044	0.04428	0.00684	0.04126	0.1087	0.06912	0.02988	0.03785	0.02963	0.13447	0.05157	0.00839	0.0349	0.05196	0.06554	0.09235	0.04337	0.12055	0.03274	0.01104	0.01566	0.04629	0.06003	0.09869	0.0738	0.05828	0.05769	0.04864	0.08922	0.0	0.0	0.05012	0.0	0.0	0.0	0.09182	0.0313	0.00011	0.00011	0.0313	0.00011	0.01676	0.10676	0.11068	0.0	0.05795	0.04935	0.09182	0.0313	0.0	0.04297	0.19026	0.05256	0.07349	0.05901	0.08045	0.03821	0.13245	0.21798	0.09122	0.04402	0.04973	0.0	0.0	0.0	0.0	0.0	0.05507	0.03057	0.05051	0.01267	0.11323	0.1246	0.06571	0.10232	0.09275	0.17668	0.0	0.1522	0.0	0.00011	0.0	0.0393	0.03871	0.08394	0.05858	0.0188	0.05217	0.15452	0.12961	0.0	0.02018	0.14192	0.0	0.15934	0.20204	0.09511	0.0	0.0	0.0	0.0	0.0	0.03813	0.00011	0.00011	0.01631	0.00011	0.00011	0.00011	0.00118	0.00118	0.0	0.0	0.03146	0.02524	0.08428	0.07768	0.056	0.01634	0.04731	0.14265	0.03539	0.06856	0.00011	0.01453	0.17331	0.0	0.04878	0.00966	0.05081	0.08973	0.05435	0.05838	0.12021	0.0	0.05116	0.1119	0.13537	0.12417	0.03797	0.06291	
0.00036	0.15215	0.00036	0.01534	0.2919	0.54901	0.12842	0.33373	0.17456	0.0	0.31602	0.12594	0.0299	0.00036	0.00036	0.00036	0.00036	0.00036	0.00987	0.02923	0.09297	0.04823	0.01035	0.03322	0.02341	0.02923	0.09943	0.15215	0.26469	0.0	0.00057	0.31227	0.00036	0.15215	0.00036	0.11258	0.00036	0.00036	0.00036	0.00036	0.13354	0.14847	0.11602	0.0	0.0	0.0	0.0	0.00036	0.00036	0.03322	0.141	0.09424	0.01074	0.28198	0.0	0.0	0.0	0.21858	0.10288	0.0151	0.05472	0.25668	0.36959	0.0	0.02412	0.0	0.10495	0.0	0.00147	0.05979	0.15215	0.1377	0.21704	0.05187	0.05152	0.00036	0.15215	0.00263	0.21973	0.01353	0.08829	0.07535	0.20561	0.12217	0.01424	0.06969	0.13043	0.24614	0.01617	0.14788	0.14378	0.17249	0.04971	0.01912	0.09208	0.06444	0.02029	0.16463	0.01619	0.12843	0.10882	0.17933	0.14362	0.04205	0.07913	0.09219	0.0	0.0	0.02724	0.0	0.0	0.0	0.03322	0.06128	0.00036	0.00036	0.06128	0.00036	0.0314	0.12175	0.17213	0.0	0.20911	0.08932	0.03322	0.06128	0.0	0.17208	0.11467	0.08038	0.06474	0.12237	0.23901	0.09665	0.23759	0.06054	0.03471	0.03483	0.04487	0.0	0.0	0.0	0.0	0.0	0.17513	0.06432	0.06361	0.09307	0.16866	0.05038	0.19923	0.04405	0.27266	0.10323	0.0	0.17198	0.0	0.00036	0.0	0.07778	0.27877	0.38322	0.103	0.05171	0.12695	0.03194	0.22139	0.0	0.01927	0.04891	0.0	0.30548	0.2539	0.32886	0.0	0.0	0.0	0.0	0.0	0.0754	0.00036	0.00036	0.03221	0.00036	0.00036	0.00036	0.0299	0.0299	0.0	0.0	0.06267	0.15215	0.06162	0.12958	0.17961	0.03788	0.02936	0.28274	0.24932	0.29477	0.00036	0.02702	0.14075	0.0	0.18911	0.01768	0.13589	0.27129	0.1051	0.19457	0.11219	0.0	0.069	0.07532	0.19171	0.13785	0.13049	0.09743	
0.00019	0.21994	0.00019	0.02676	0.41255	0.22703	0.08776	0.17777	0.25874	0.31602	0.0	0.55221	0.05367	0.00019	0.00019	0.00019	0.00019	0.00019	0.01133	0.01584	0.0837	0.02631	0.02948	0.08662	0.01284	0.01584	0.07025	0.21994	0.17474	0.0	0.00024	0.13758	0.00019	0.21994	0.00019	0.18508	0.00019	0.00019	0.00019	0.00019	0.1162	0.07814	0.05827	0.0	0.0	0.0	0.0	0.00019	0.00019	0.08662	0.03897	0.01886	0.03094	0.10045	0.0	0.0	0.0	0.10473	0.19119	0.03814	0.02888	0.43199	0.18284	0.0	0.01333	0.0	0.09945	0.0	2e-05	0.03088	0.21994	0.06982	0.14991	0.03757	0.08618	0.00019	0.21994	0.00015	0.41202	0.00697	0.03963	0.11208	0.11792	0.16639	0.03592	0.0478	0.14996	0.12721	0.00895	0.03369	0.0605	0.09811	0.03	0.04617	0.31225	0.03475	0.01171	0.0146	0.04358	0.07414	0.28293	0.10731	0.06331	0.05597	0.04737	0.0445	0.0	0.0	0.04792	0.0	0.0	0.0	0.08662	0.02938	0.00019	0.00019	0.02938	0.00019	0.0178	0.11615	0.22727	0.0	0.06492	0.01671	0.08662	0.02938	0.0	0.07784	0.24148	0.09336	0.13211	0.06309	0.09912	0.04621	0.09419	0.02997	0.02086	0.07489	0.06276	0.0	0.0	0.0	0.0	0.0	0.16509	0.03255	0.04405	0.04314	0.14163	0.09756	0.12279	0.0246	0.07517	0.1426	0.0	0.10871	0.0	0.00019	0.0	0.02621	0.23914	0.13773	0.0338	0.03324	0.12719	0.01681	0.19009	0.0	0.065	0.13295	0.0	0.06856	0.10521	0.15856	0.0	0.0	0.0	0.0	0.0	0.04058	0.00019	0.00019	0.01738	0.00019	0.00019	0.00019	0.05367	0.05367	0.0	0.0	0.17681	0.21994	0.06388	0.03432	0.05161	0.01385	0.06357	0.36933	0.17015	0.13607	0.00019	0.01542	0.24628	0.0	0.28037	0.01026	0.1938	0.20694	0.11597	0.18658	0.09436	0.0	0.03704	0.03881	0.31574	0.12662	0.17048	0.12259	
0.0002	0.02524	0.0002	0.00896	0.50883	0.17176	0.07378	0.14298	0.38616	0.12594	0.55221	0.0	0.00074	0.0002	0.0002	0.0002	0.0002	0.0002	0.00532	0.01538	0.10564	0.0244	0.02757	0.10916	0.01261	0.01538	0.03901	0.02524	0.13272	0.0	0.00027	0.1077	0.0002	0.02524	0.0002	0.00038	0.0002	0.0002	0.0002	0.0002	0.11335	0.15138	0.05436	0.0	0.0	0.0	0.0	0.0002	0.0002	0.10916	0.00266	0.00019	0.0288	0.03736	0.0	0.0	0.0	0.04937	0.01051	0.04952	0.02709	0.17569	0.11752	0.0	0.01308	0.0	0.0023	0.0	5e-05	0.02873	0.02524	0.12595	0.0514	0.03714	0.09976	0.0002	0.02524	0.00018	0.03408	0.00703	0.03898	0.16278	0.12388	0.02951	0.04671	0.08733	0.2106	0.06659	0.00894	0.02579	0.05726	0.09157	0.02757	0.04057	0.34024	0.03214	0.01162	0.00207	0.05711	0.05076	0.07522	0.02143	0.03318	0.06429	0.03009	0.02643	0.0	0.0	0.04766	0.0	0.0	0.0	0.10916	0.03084	0.0002	0.0002	0.03084	0.0002	0.0172	0.04806	0.17415	0.0	0.09714	0.02703	0.10916	0.03084	0.0	0.06726	0.28449	0.08171	0.10602	0.05289	0.08262	0.041	0.11092	0.02744	0.01473	0.07058	0.03256	0.0	0.0	0.0	0.0	0.0	0.15433	0.02953	0.03468	0.015	0.10976	0.08992	0.10017	0.02288	0.02646	0.14751	0.0	0.14355	0.0	0.0002	0.0	0.01513	0.02863	0.11339	0.01814	0.00657	0.04862	0.01629	0.00956	0.0	0.05655	0.16412	0.0	0.05601	0.11635	0.046	0.0	0.0	0.0	0.0	0.0	0.03561	0.0002	0.0002	0.01679	0.0002	0.0002	0.0002	0.00074	0.00074	0.0	0.0	0.21534	0.02524	0.03835	0.00483	0.05293	0.00326	0.026	0.31408	0.06033	0.07381	0.0002	0.01504	0.09907	0.0	0.03802	0.01023	0.04385	0.07721	0.04935	0.05259	0.05766	0.0	0.03341	0.03274	0.22484	0.1576	0.02371	0.05648	
0.0	0.0	0.0	0.00038	0.00764	0.11949	0.00039	0.00664	0.00118	0.0299	0.05367	0.00074	0.0	0.0	0.0	0.0	0.0	0.0	0.00114	0.00163	0.00046	0.00038	0.00054	0.00054	0.0019	0.00163	0.00101	0.0	0.00458	0.0	0.0	0.00432	0.0	0.0	0.0	0.31675	0.0	0.0	0.0	0.0	0.00028	0.00073	0.00075	0.0	0.0	0.0	0.0	0.0	0.0	0.00054	0.00047	0.00053	0.001	0.03576	0.0	0.0	0.0	0.00739	0.14018	0.00045	0.0005	0.02565	0.00825	0.0	0.002	0.0	0.06414	0.0	0.0	0.00181	0.0	0.00099	0.0291	0.0004	0.00039	0.0	0.0	0.0	0.14116	0.00147	0.00022	0.01176	0.00189	0.57126	0.00046	0.00076	0.00222	0.00762	0.00115	0.0	0.0	0.0	0.00042	0.00097	0.0009	0.00043	0.00026	0.00726	0.00047	0.00102	0.06706	0.01406	0.00141	0.00077	0.00107	0.00123	0.0	0.0	0.00065	0.0	0.0	0.0	0.00054	0.00026	0.0	0.0	0.00026	0.0	0.00062	0.05893	0.00619	0.0	0.00242	0.00097	0.00054	0.00026	0.0	0.00346	0.00557	0.00122	0.00293	0.00192	0.0036	0.0017	0.00593	0.00174	0.00147	0.00129	0.01833	0.0	0.0	0.0	0.0	0.0	0.00226	0.00166	0.00121	0.00346	0.00377	0.00231	0.00457	0.00113	0.01777	0.00234	0.0	0.00786	0.0	0.0	0.0	0.00105	0.0	0.00544	0.00218	0.00328	0.07025	0.00172	0.03983	0.0	0.00148	0.00057	0.0	0.00576	0.00225	0.09297	0.0	0.0	0.0	0.0	0.0	0.00115	0.0	0.0	0.00181	0.0	0.0	0.0	0.0	0.0	0.0	0.0	0.00056	0.0	0.00214	0.00082	0.00694	0.00111	0.00035	0.00659	0.00495	0.00422	0.0	0.00043	0.14837	0.0	0.231	0.00032	0.24614	0.13752	0.0556	0.15569	0.03614	0.0	0.00153	0.00092	0.00743	0.00256	0.06118	0.03771	
0.0	0.00018	0.0	0.00036	0.00048	4e-05	0.00027	0.00076	0.00011	0.00036	0.00019	0.0002	0.0	0.0	0.0	0.0	0.0	0.0	0.00012	0.00032	0.00018	0.00016	0.00014	0.00015	0.00047	0.00032	3e-05	0.00018	0.0004	0.0	0.0	0.00045	0.0	0.00018	0.0	0.00017	0.0	0.0	0.0	0.0	0.00015	0.0002	0.00018	0.0	0.0	0.0	0.0	0.0	0.0	0.00015	0.00027	0.00025	8e-05	0.00023	0.0	0.0	0.0	0.00055	0.00014	0.00032	0.00017	0.0002	0.00053	0.0	0.00048	0.0	8e-05	0.0	0.0	0.00025	0.00018	0.00016	0.0002	0.0002	0.00011	0.0	0.00018	0.0	0.00016	0.00042	0.00033	0.00024	9e-05	0.00011	0.00033	0.00021	0.00027	0.00051	0.00028	0.0	0.0	0.0	0.00012	3e-05	0.00012	0.00019	0.00044	0.00047	0.00034	5e-05	0.00021	0.00019	3e-05	0.00011	0.00013	9e-05	0.0	0.0	0.00013	0.0	0.0	0.0	0.00015	0.00033	0.0	0.0	0.00033	0.0	0.00014	0.00012	0.00044	0.0	0.00037	3e-05	0.00015	0.00033	0.0	0.00048	0.00019	9e-05	0.0001	0.00022	0.00042	0.00014	0.0003	0.00024	0.00015	5e-05	0.0001	0.0	0.0	0.0	0.0	0.0	0.00021	0.00023	4e-05	0.00027	0.00031	0.00014	0.00047	0.00015	0.00018	3e-05	0.0	0.00022	0.0	0.0	0.0	6e-05	0.00015	0.00066	0.00012	0.00022	4e-05	0.00032	0.00023	0.0	6e-05	0.00014	0.0	0.0002	0.00023	0.00016	0.0	0.0	0.0	0.0	0.0	0.00012	0.0	0.0	0.00037	0.0	0.0	0.0	0.0	0.0	0.0	0.0	0.00013	0.00018	4e-05	0.00015	0.00025	7e-05	0.00035	0.00049	0.00023	3e-05	0.0	0.00022	4e-05	0.0	0.0001	0.00039	7e-05	0.0003	0.00012	0.00015	0.00018	0.0	0.00027	0.00013	0.00034	0.00027	0.0001	8e-05	
0.0	0.00018	0.0	0.00036	0.00048	4e-05	0.00027	0.00076	0.00011	0.00036	0.00019	0.0002	0.0	0.0	0.0	0.0	0.0	0.0	0.00012	0.00032	0.00018	0.00016	0.00014	0.00015	0.00047	0.00032	3e-05	0.00018	0.0004	0.0	0.0	0.00045	0.0	0.00018	0.0	0.00017	0.0	0.0	0.0	0.0	0.00015	0.0002	0.00018	0.0	0.0	0.0	0.0	0.0	0.0	0.00015	0.00027	0.00025	8e-05	0.00023	0.0	0.0	0.0	0.00055	0.00014	0.00032	0.00017	0.0002	0.00053	0.0	0.00048	0.0	8e-05	0.0	0.0	0.00025	0.00018	0.00016	0.0002	0.0002	0.00011	0.0	0.00018	0.0	0.00016	0.00042	0.00033	0.00024	9e-05	0.00011	0.00033	0.00021	0.00027	0.00051	0.00028	0.0	0.0	0.0	0.00012	3e-05	0.00012	0.00019	0.00044	0.00047	0.00034	5e-05	0.00021	0.00019	3e-05	0.00011	0.00013	9e-05	0.0	0.0	0.00013	0.0	0.0	0.0	0.00015	0.00033	0.0	0.0	0.00033	0.0	0.00014	0.00012	0.00044	0.0	0.00037	3e-05	0.00015	0.00033	0.0	0.00048	0.00019	9e-05	0.0001	0.00022	0.00042	0.00014	0.0003	0.00024	0.00015	5e-05	0.0001	0.0	0.0	0.0	0.0	0.0	0.00021	0.00023	4e-05	0.00027	0.00031	0.00014	0.00047	0.00015	0.00018	3e-05	0.0	0.00022	0.0	0.0	0.0	6e-05	0.00015	0.00066	0.00012	0.00022	4e-05	0.00032	0.00023	0.0	6e-05	0.00014	0.0	0.0002	0.00023	0.00016	0.0	0.0	0.0	0.0	0.0	0.00012	0.0	0.0	0.00037	0.0	0.0	0.0	0.0	0.0	0.0	0.0	0.00013	0.00018	4e-05	0.00015	0.00025	7e-05	0.00035	0.00049	0.00023	3e-05	0.0	0.00022	4e-05	0.0	0.0001	0.00039	7e-05	0.0003	0.00012	0.00015	0.00018	0.0	0.00027	0.00013	0.00034	0.00027	0.0001	8e-05	
0.0	0.00018	0.0	0.00036	0.00048	4e-05	0.00027	0.00076	0.00011	0.00036	0.00019	0.0002	0.0	0.0	0.0	0.0	0.0	0.0	0.00012	0.00032	0.00018	0.00016	0.00014	0.00015	0.00047	0.00032	3e-05	0.00018	0.0004	0.0	0.0	0.00045	0.0	0.00018	0.0	0.00017	0.0	0.0	0.0	0.0	0.00015	0.0002	0.00018	0.0	0.0	0.0	0.0	0.0	0.0	0.00015	0.00027	0.00025	8e-05	0.00023	0.0	0.0	0.0	0.00055	0.00014	0.00032	0.00017	0.0002	0.00053	0.0	0.00048	0.0	8e-05	0.0	0.0	0.00025	0.00018	0.00016	0.0002	0.0002	0.00011	0.0	0.00018	0.0	0.00016	0.00042	0.00033	0.00024	9e-05	0.00011	0.00033	0.00021	0.00027	0.00051	0.00028	0.0	0.0	0.0	0.00012	3e-05	0.00012	0.00019	0.00044	0.00047	0.00034	5e-05	0.00021	0.00019	3e-05	0.00011	0.00013	9e-05	0.0	0.0	0.00013	0.0	0.0	0.0	0.00015	0.00033	0.0	0.0	0.00033	0.0	0.00014	0.00012	0.00044	0.0	0.00037	3e-05	0.00015	0.00033	0.0	0.00048	0.00019	9e-05	0.0001	0.00022	0.00042	0.00014	0.0003	0.00024	0.00015	5e-05	0.0001	0.0	0.0	0.0	0.0	0.0	0.00021	0.00023	4e-05	0.00027	0.00031	0.00014	0.00047	0.00015	0.00018	3e-05	0.0	0.00022	0.0	0.0	0.0	6e-05	0.00015	0.00066	0.00012	0.00022	4e-05	0.00032	0.00023	0.0	6e-05	0.00014	0.0	0.0002	0.00023	0.00016	0.0	0.0	0.0	0.0	0.0	0.00012	0.0	0.0	0.00037	0.0	0.0	0.0	0.0	0.0	0.0	0.0	0.00013	0.00018	4e-05	0.00015	0.00025	7e-05	0.00035	0.00049	0.00023	3e-05	0.0	0.00022	4e-05	0.0	0.0001	0.00039	7e-05	0.0003	0.00012	0.00015	0.00018	0.0	0.00027	0.00013	0.00034	0.00027	0.0001	8e-05	
0.0	0.00018	0.0	0.00036	0.00048	4e-05	0.00027	0.00076	0.00011	0.00036	0.00019	0.0002	0.0	0.0	0.0	0.0	0.0	0.0	0.00012	0.00032	0.00018	0.00016	0.00014	0.00015	0.00047	0.00032	3e-05	0.00018	0.0004	0.0	0.0	0.00045	0.0	0.00018	0.0	0.00017	0.0	0.0	0.0	0.0	0.00015	0.0002	0.00018	0.0	0.0	0.0	0.0	0.0	0.0	0.00015	0.00027	0.00025	8e-05	0.00023	0.0	0.0	0.0	0.00055	0.00014	0.00032	0.00017	0.0002	0.00053	0.0	0.00048	0.0	8e-05	0.0	0.0	0.00025	0.00018	0.00016	0.0002	0.0002	0.00011	0.0	0.00018	0.0	0.00016	0.00042	0.00033	0.00024	9e-05	0.00011	0.00033	0.00021	0.00027	0.00051	0.00028	0.0	0.0	0.0	0.00012	3e-05	0.00012	0.00019	0.00044	0.00047	0.00034	5e-05	0.00021	0.00019	3e-05	0.00011	0.00013	9e-05	0.0	0.0	0.00013	0.0	0.0	0.0	0.00015	0.00033	0.0	0.0	0.00033	0.0	0.00014	0.00012	0.00044	0.0	0.00037	3e-05	0.00015	0.00033	0.0	0.00048	0.00019	9e-05	0.0001	0.00022	0.00042	0.00014	0.0003	0.00024	0.00015	5e-05	0.0001	0.0	0.0	0.0	0.0	0.0	0.00021	0.00023	4e-05	0.00027	0.00031	0.00014	0.00047	0.00015	0.00018	3e-05	0.0	0.00022	0.0	0.0	0.0	6e-05	0.00015	0.00066	0.00012	0.00022	4e-05	0.00032	0.00023	0.0	6e-05	0.00014	0.0	0.0002	0.00023	0.00016	0.0	0.0	0.0	0.0	0.0	0.00012	0.0	0.0	0.00037	0.0	0.0	0.0	0.0	0.0	0.0	0.0	0.00013	0.00018	4e-05	0.00015	0.00025	7e-05	0.00035	0.00049	0.00023	3e-05	0.0	0.00022	4e-05	0.0	0.0001	0.00039	7e-05	0.0003	0.00012	0.00015	0.00018	0.0	0.00027	0.00013	0.00034	0.00027	0.0001	8e-05	
0.0	0.00018	0.0	0.00036	0.00048	4e-05	0.00027	0.00076	0.00011	0.00036	0.00019	0.0002	0.0	0.0	0.0	0.0	0.0	0.0	0.00012	0.00032	0.00018	0.00016	0.00014	0.00015	0.00047	0.00032	3e-05	0.00018	0.0004	0.0	0.0	0.00045	0.0	0.00018	0.0	0.00017	0.0	0.0	0.0	0.0	0.00015	0.0002	0.00018	0.0	0.0	0.0	0.0	0.0	0.0	0.00015	0.00027	0.00025	8e-05	0.00023	0.0	0.0	0.0	0.00055	0.00014	0.00032	0.00017	0.0002	0.00053	0.0	0.00048	0.0	8e-05	0.0	0.0	0.00025	0.00018	0.00016	0.0002	0.0002	0.00011	0.0	0.00018	0.0	0.00016	0.00042	0.00033	0.00024	9e-05	0.00011	0.00033	0.00021	0.00027	0.00051	0.00028	0.0	0.0	0.0	0.00012	3e-05	0.00012	0.00019	0.00044	0.00047	0.00034	5e-05	0.00021	0.00019	3e-05	0.00011	0.00013	9e-05	0.0	0.0	0.00013	0.0	0.0	0.0	0.00015	0.00033	0.0	0.0	0.00033	0.0	0.00014	0.00012	0.00044	0.0	0.00037	3e-05	0.00015	0.00033	0.0	0.00048	0.00019	9e-05	0.0001	0.00022	0.00042	0.00014	0.0003	0.00024	0.00015	5e-05	0.0001	0.0	0.0	0.0	0.0	0.0	0.00021	0.00023	4e-05	0.00027	0.00031	0.00014	0.00047	0.00015	0.00018	3e-05	0.0	0.00022	0.0	0.0	0.0	6e-05	0.00015	0.00066	0.00012	0.00022	4e-05	0.00032	0.00023	0.0	6e-05	0.00014	0.0	0.0002	0.00023	0.00016	0.0	0.0	0.0	0.0	0.0	0.00012	0.0	0.0	0.00037	0.0	0.0	0.0	0.0	0.0	0.0	0.0	0.00013	0.00018	4e-05	0.00015	0.00025	7e-05	0.00035	0.00049	0.00023	3e-05	0.0	0.00022	4e-05	0.0	0.0001	0.00039	7e-05	0.0003	0.00012	0.00015	0.00018	0.0	0.00027	0.00013	0.00034	0.00027	0.0001	8e-05	
0.00012	0.00991	0.00012	0.00419	0.02251	0.01847	0.00566	0.00615	0.09665	0.00987	0.01133	0.00532	0.00114	0.00012	0.00012	0.00012	0.00012	0.00012	0.0	0.43632	0.00738	0.00922	0.01063	0.00754	0.00567	0.43632	0.09848	0.00991	0.01198	0.0	0.0007	0.01857	0.00012	0.00991	0.00012	0.04166	0.00012	0.00012	0.00012	0.00012	0.00746	0.09697	0.01747	0.0	0.0	0.0	0.0	0.00012	0.00012	0.00754	0.01902	0.02012	0.01099	0.03334	0.0	0.0	0.0	0.00249	0.01398	0.00413	0.01064	0.02431	0.00185	0.0	0.00602	0.0	0.01752	0.0	0.00034	0.01104	0.00991	0.01373	0.02199	0.01039	0.00982	0.00012	0.00991	0.00058	0.0142	0.00373	0.01371	0.04575	0.02032	0.01122	0.00394	0.00811	0.0055	0.055	0.00417	0.0	0.03647	0.02368	0.0105	0.01361	0.01802	0.01205	0.00528	0.00281	0.00423	0.01522	0.0164	0.01907	0.01399	0.00838	0.02272	0.13913	0.0	0.0	0.01652	0.0	0.0	0.0	0.00754	0.01172	0.00012	0.00012	0.01172	0.00012	0.00723	0.01532	0.00423	0.0	0.05496	0.01951	0.00754	0.01172	0.0	0.034	0.02845	0.01886	0.03035	0.01636	0.02143	0.01419	0.01311	0.28079	0.01083	0.02273	0.02292	0.0	0.0	0.0	0.0	0.0	0.02377	0.01072	0.01518	0.02757	0.0177	0.22027	0.02241	0.30268	0.02383	0.05159	0.0	0.03366	0.0	0.00012	0.0	0.01505	0.01452	0.01201	0.02629	0.03533	0.07189	0.4351	0.04609	0.0	0.0558	0.06197	0.0	0.01762	0.01231	0.02476	0.0	0.0	0.0	0.0	0.0	0.01197	0.00012	0.00012	0.00717	0.00012	0.00012	0.00012	0.00114	0.00114	0.0	0.0	0.01192	0.00991	0.0303	0.04001	0.03676	0.03419	0.01062	0.0294	0.25722	0.02026	0.00012	0.00649	0.07594	0.0	0.01501	0.00471	0.01449	0.0284	0.01561	0.01638	0.17641	0.0	0.11875	0.21998	0.0021	0.00827	0.01646	0.01742	
0.00032	0.00709	0.00032	0.00336	0.02949	0.05831	0.00434	0.0438	0.10579	0.02923	0.01584	0.01538	0.00163	0.00032	0.00032	0.00032	0.00032	0.00032	0.43632	0.0	0.00546	0.00649	0.00753	0.00556	0.00439	1.00001	0.16937	0.00709	0.03646	0.0	0.00113	0.05127	0.00032	0.00709	0.00032	0.00848	0.00032	0.00032	0.00032	0.00032	0.00539	0.07499	0.01154	0.0	0.0	0.0	0.0	0.00032	0.00032	0.00556	0.0128	0.01348	0.00774	0.02119	0.0	0.0	0.0	0.03466	0.00963	0.0033	0.00764	0.01614	0.03328	0.0	0.00475	0.0	0.01189	0.0	0.00068	0.00782	0.00709	0.01196	0.01462	0.0074	0.00683	0.00032	0.00709	0.00099	0.00971	0.00325	0.00944	0.02976	0.1087	0.00789	0.00317	0.00661	0.02944	0.03471	0.00333	0.0	0.0	0.0	0.00749	0.00909	0.01186	0.00844	0.00412	0.03633	0.0035	0.0104	0.01251	0.01997	0.01544	0.00594	0.01465	0.19929	0.0	0.0	0.0112	0.0	0.0	0.0	0.00556	0.00827	0.00032	0.00032	0.00827	0.00032	0.00536	0.01008	0.03249	0.0	0.03528	0.01275	0.00556	0.00827	0.0	0.09949	0.03832	0.01214	0.01947	0.01068	0.06906	0.00965	0.05086	0.50998	0.00755	0.01503	0.01484	0.0	0.0	0.0	0.0	0.0	0.01518	0.00742	0.01004	0.01792	0.04291	0.11006	0.07291	0.56514	0.01533	0.02155	0.0	0.05777	0.0	0.00032	0.0	0.01024	0.01064	0.05722	0.06852	0.09798	0.14382	1.00054	0.02929	0.0	0.14076	0.00745	0.0	0.03984	0.02499	0.01575	0.0	0.0	0.0	0.0	0.0	0.00802	0.00032	0.00032	0.00537	0.00032	0.00032	0.00032	0.00163	0.00163	0.0	0.0	0.00834	0.00709	0.01974	0.01522	0.02317	0.00952	0.00786	0.03039	0.15125	0.05077	0.00032	0.00489	0.13512	0.0	0.00996	0.00372	0.00964	0.07255	0.01025	0.01071	0.27043	0.0	0.23853	0.36372	0.02715	0.03106	0.01086	0.01134	
0.00018	0.00788	0.00018	0.00356	0.05909	0.03377	0.0047	0.03094	0.01715	0.09297	0.0837	0.10564	0.00046	0.00018	0.00018	0.00018	0.00018	0.00018	0.00738	0.00546	0.0	0.00725	0.00841	0.00612	0.00473	0.00546	0.01316	0.00788	0.02591	0.0	0.00024	0.02211	0.00018	0.00788	0.00018	0.00952	0.00018	0.00018	0.00018	0.00018	0.00596	0.01646	0.0132	0.0	0.0	0.0	0.0	0.00018	0.00018	0.00612	0.01455	0.13231	0.00866	0.0515	0.0	0.0	0.0	0.04	0.01086	0.0035	0.00833	0.10549	0.04186	0.0	0.00487	0.0	0.01336	0.0	0.00013	0.00873	0.00788	0.01367	0.11479	0.00824	0.00767	0.00018	0.00788	0.0002	0.01079	0.00293	0.01046	0.03377	0.71845	0.00883	0.00335	0.3373	0.03871	0.04044	0.00353	0.02042	0.02208	0.03332	0.00799	0.01036	0.12775	0.00946	0.00442	0.03818	0.00344	0.01141	0.01397	0.02323	0.11173	0.00662	0.01689	0.01657	0.0	0.0	0.0127	0.0	0.0	0.0	0.00612	0.00925	0.00018	0.00018	0.00925	0.00018	0.00588	0.01154	0.0346	0.0	0.03992	0.01464	0.00612	0.00925	0.0	0.01682	0.04177	0.10953	0.02243	0.01226	0.01903	0.01082	0.02369	0.00798	0.00834	0.01719	0.01709	0.0	0.0	0.0	0.0	0.0	0.11909	0.00834	0.19785	0.02046	0.08867	0.01622	0.02221	0.00691	0.08629	0.02499	0.0	0.03057	0.0	0.00018	0.0	0.21416	0.1673	0.02561	0.18182	0.01939	0.01189	0.00572	0.05935	0.0	0.16479	0.00817	0.0	0.04654	0.02901	0.08857	0.0	0.0	0.0	0.0	0.0	0.00912	0.00018	0.00018	0.00587	0.00018	0.00018	0.00018	0.00046	0.00046	0.0	0.0	0.32444	0.00788	0.12842	0.01763	0.12466	0.01055	0.00822	0.07472	0.18931	0.03709	0.00018	0.00533	0.01185	0.0	0.01138	0.00398	0.011	0.01731	0.01174	0.01229	0.01388	0.0	0.00927	0.00988	0.04254	0.02994	0.01242	0.01303	
0.00016	0.00993	0.00016	0.004	0.0636	0.04641	0.00548	0.04411	0.02481	0.04823	0.02631	0.0244	0.00038	0.00016	0.00016	0.00016	0.00016	0.00016	0.00922	0.00649	0.00725	0.0	0.28601	0.00743	0.00547	0.00649	0.1207	0.00993	0.11348	0.0	0.00018	0.03232	0.00016	0.00993	0.00016	0.01232	0.00016	0.00016	0.00016	0.00016	0.00745	0.07453	0.1184	0.0	0.0	0.0	0.0	0.00016	0.00016	0.00743	0.12297	0.11411	0.01109	0.10723	0.0	0.0	0.0	0.05489	0.01432	0.00394	0.30864	0.02543	0.05514	0.0	0.00562	0.0	0.01802	0.0	8e-05	0.01113	0.00993	0.11398	0.02306	0.16238	0.01002	0.00016	0.00993	0.34775	0.0882	0.22017	0.40568	0.09632	0.09951	0.01134	0.00375	0.00692	0.05154	0.05998	0.00398	0.01977	0.0214	0.03243	0.01029	0.21247	0.01906	0.135	0.41417	0.05491	0.00382	0.19028	0.01879	0.09674	0.11126	0.00844	0.13938	0.07555	0.0	0.0	0.01709	0.0	0.0	0.0	0.00743	0.01185	0.00016	0.00016	0.01185	0.00016	0.59015	0.13174	0.0505	0.0	0.05749	0.24486	0.00743	0.01185	0.0	0.02312	0.05349	0.13109	0.06352	0.21912	0.02693	0.01461	0.03419	0.01031	0.01095	0.09721	0.02451	0.0	0.0	0.0	0.0	0.0	0.17947	0.011	0.01599	0.02929	0.03581	0.02258	0.03137	0.00885	0.02562	0.05252	0.0	0.04327	0.0	0.00016	0.0	0.01538	0.01367	0.03614	0.01972	0.02706	0.19594	0.00678	0.04918	0.0	0.01812	0.01032	0.0	0.08733	0.07952	0.0268	0.0	0.0	0.0	0.0	0.0	0.01253	0.00016	0.00016	0.00702	0.00016	0.00016	0.00016	0.00038	0.00038	0.0	0.0	0.0121	0.00993	0.18645	0.08725	0.05988	0.01381	0.19106	0.05492	0.08806	0.10455	0.00016	0.00633	0.01692	0.0	0.01578	0.00452	0.01521	0.02481	0.01657	0.12655	0.18935	0.0	0.01231	0.01337	0.06231	0.04784	0.18455	0.21465	
0.00014	0.01142	0.00014	0.00468	0.07122	0.04918	0.00638	0.04968	0.03932	0.01035	0.02948	0.02757	0.00054	0.00014	0.00014	0.00014	0.00014	0.00014	0.01063	0.00753	0.00841	0.28601	0.0	0.0086	0.00637	0.00753	0.05748	0.01142	0.19305	0.0	0.00026	0.03616	0.00014	0.01142	0.00014	0.01409	0.00014	0.00014	0.00014	0.00014	0.00857	0.02561	0.05246	0.0	0.0	0.0	0.0	0.00014	0.00014	0.0086	0.04628	0.04033	0.01272	0.06154	0.0	0.0	0.0	0.06194	0.01633	0.00461	0.17739	0.02878	0.00164	0.0	0.00659	0.0	0.02051	0.0	0.0001	0.01276	0.01142	0.04635	0.02607	0.01199	0.18723	0.00014	0.01142	0.10954	0.03685	0.07468	0.03663	0.06231	0.02142	0.013	0.00439	0.00831	0.06437	0.06762	0.00466	0.02546	0.02756	0.04185	0.19614	0.12977	0.02145	0.01399	0.00592	0.06204	0.00452	0.10145	0.02141	0.03874	0.03143	0.00969	0.0351	0.02614	0.0	0.0	0.01942	0.0	0.0	0.0	0.0086	0.01357	0.00014	0.00014	0.01357	0.00014	0.39219	0.06725	0.0036	0.0	0.06503	0.1728	0.0086	0.01357	0.0	0.02613	0.0596	0.07845	0.01422	0.15469	0.03027	0.04588	0.03839	0.01184	0.01252	0.02908	0.02749	0.0	0.0	0.0	0.0	0.0	0.12968	0.01252	0.01802	0.03294	0.0363	0.02561	0.03548	0.01014	0.02866	0.01289	0.0	0.00151	0.0	0.00014	0.0	0.04431	0.016	0.04075	0.02249	0.03076	0.12199	0.00792	0.05554	0.0	0.02057	0.0119	0.0	0.06149	0.07628	0.02521	0.0	0.0	0.0	0.0	0.0	0.01415	0.00014	0.00014	0.00813	0.00014	0.00014	0.00014	0.00054	0.00054	0.0	0.0	0.01385	0.01142	0.13272	0.16148	0.06706	0.01583	0.11377	0.06143	0.11002	0.06029	0.00014	0.00736	0.01897	0.0	0.0178	0.00527	0.05676	0.02779	0.01861	0.06673	0.04531	0.0	0.01399	0.01515	0.07022	0.0085	0.11363	0.05151	
0.00015	0.00806	0.00015	0.00361	0.06114	0.035	0.00478	0.03188	0.09182	0.03322	0.08662	0.10916	0.00054	0.00015	0.00015	0.00015	0.00015	0.00015	0.00754	0.00556	0.00612	0.00743	0.0086	0.0	0.00481	0.00556	0.01355	0.00806	0.02674	0.0	0.00029	0.02282	0.00015	0.00806	0.00015	0.00975	0.00015	0.00015	0.00015	0.00015	0.00609	0.01694	0.01358	0.0	0.0	0.0	0.0	0.00015	0.00015	0.99976	0.01495	0.01577	0.00886	0.02531	0.0	0.0	0.0	0.03931	0.25208	0.00355	0.00854	0.10901	0.04318	0.0	0.00498	0.0	0.18277	0.0	0.00014	0.00893	0.00806	0.13536	0.01717	0.44435	0.56625	0.00015	0.00806	0.00024	0.01111	0.003	0.01076	0.03485	0.01924	0.00905	0.00339	0.3473	0.03998	0.0418	0.00358	0.0212	0.0229	0.03441	0.00822	0.01065	0.13229	0.00969	0.00449	0.04317	0.00351	0.01176	0.1112	0.07234	0.11607	0.00678	0.01741	0.01708	0.0	0.0	0.01305	0.0	0.0	0.0	0.99976	0.00947	0.00015	0.00015	0.00947	0.00015	0.00599	0.01187	0.0357	0.0	0.04118	0.11465	0.99976	0.00947	0.0	0.01729	0.04321	0.11359	0.02314	0.01263	0.01959	0.01113	0.02443	0.0082	0.00857	0.01768	0.01761	0.0	0.0	0.0	0.0	0.0	0.0181	0.00856	0.01181	0.07805	0.09199	0.01673	0.02291	0.00708	0.01823	0.02581	0.0	0.03154	0.0	0.00015	0.0	0.01171	0.01123	0.02638	0.01483	0.0776	0.01223	0.00586	0.11634	0.0	0.17051	0.47102	0.0	0.02677	0.16671	0.01875	0.0	0.0	0.0	0.0	0.0	0.00938	0.00015	0.00015	0.00598	0.00015	0.00015	0.00015	0.00054	0.00054	0.0	0.0	0.33728	0.00806	0.02281	0.08396	0.02777	0.01084	0.00845	0.07738	0.19493	0.16459	0.00015	0.00543	0.2635	0.0	0.0117	0.00403	0.01131	0.01783	0.01209	0.01265	0.01428	0.0	0.00951	0.25809	0.04391	0.03092	0.16294	0.01343	
0.00047	0.00602	0.00047	0.00304	0.02365	0.04534	0.00384	0.03541	0.01204	0.02341	0.01284	0.01261	0.0019	0.00047	0.00047	0.00047	0.00047	0.00047	0.00567	0.00439	0.00473	0.00547	0.00637	0.00481	0.0	0.00439	0.00935	0.00602	0.07304	0.0	0.0	0.03161	0.00047	0.00602	0.00047	0.00713	0.00047	0.00047	0.00047	0.00047	0.00461	0.01202	0.00945	0.0	0.0	0.0	0.0	0.00047	0.00047	0.00481	0.01057	0.0111	0.00652	0.01707	0.0	0.0	0.0	0.02806	0.00803	0.00299	0.00651	0.01324	0.02699	0.0	1.00061	0.0	0.00984	0.0	0.00089	0.00662	0.00602	0.0098	0.012	0.00627	0.00573	0.00047	0.00602	0.00123	0.00808	0.00307	0.00789	0.02423	0.08452	0.00665	0.00288	0.00598	0.02371	0.02793	0.00301	0.0	0.0	0.0	0.00636	0.00748	0.00969	0.0071	0.00368	0.02941	0.00322	0.00864	0.01039	0.01599	0.01241	0.00503	0.01187	0.01162	0.0	0.0	0.00928	0.0	0.0	0.0	0.00481	0.00699	0.00047	0.00047	0.00699	0.00047	0.00464	0.00824	0.0262	0.0	0.02856	0.01038	0.00481	0.00699	0.0	0.07968	0.02833	0.00983	0.04131	0.00871	0.0553	0.1443	0.04078	0.00623	0.26674	0.0123	0.01204	0.0	0.0	0.0	0.0	0.0	0.01226	0.00621	0.00822	0.05185	0.03417	0.04929	0.05841	0.00524	0.0583	0.03028	0.0	0.04681	0.0	0.00047	0.0	0.00849	0.00914	0.04613	0.05329	0.04688	0.0085	0.00487	0.04103	0.0	0.11212	0.00634	0.0	0.05242	0.04757	0.05858	0.0	0.0	0.0	0.0	0.0	0.00661	0.00047	0.00047	0.00468	0.00047	0.00047	0.00047	0.0019	0.0019	0.0	0.0	0.00701	0.00602	0.01607	0.01226	0.01861	0.00798	0.0068	0.02438	0.11761	0.03947	0.00047	0.00428	0.00838	0.0	0.00818	0.00335	0.00792	0.05775	0.00837	0.00873	0.00992	0.0	0.00687	0.00721	0.02194	0.02489	0.00888	0.12824	
0.00032	0.00709	0.00032	0.00336	0.02949	0.05831	0.00434	0.0438	0.10579	0.02923	0.01584	0.01538	0.00163	0.00032	0.00032	0.00032	0.00032	0.00032	0.43632	1.00001	0.00546	0.00649	0.00753	0.00556	0.00439	0.0	0.16937	0.00709	0.03646	0.0	0.00113	0.05127	0.00032	0.00709	0.00032	0.00848	0.00032	0.00032	0.00032	0.00032	0.00539	0.07499	0.01154	0.0	0.0	0.0	0.0	0.00032	0.00032	0.00556	0.0128	0.01348	0.00774	0.02119	0.0	0.0	0.0	0.03466	0.00963	0.0033	0.00764	0.01614	0.03328	0.0	0.00475	0.0	0.01189	0.0	0.00068	0.00782	0.00709	0.01196	0.01462	0.0074	0.00683	0.00032	0.00709	0.00099	0.00971	0.00325	0.00944	0.02976	0.1087	0.00789	0.00317	0.00661	0.02944	0.03471	0.00333	0.0	0.0	0.0	0.00749	0.00909	0.01186	0.00844	0.00412	0.03633	0.0035	0.0104	0.01251	0.01997	0.01544	0.00594	0.01465	0.19929	0.0	0.0	0.0112	0.0	0.0	0.0	0.00556	0.00827	0.00032	0.00032	0.00827	0.00032	0.00536	0.01008	0.03249	0.0	0.03528	0.01275	0.00556	0.00827	0.0	0.09949	0.03832	0.01214	0.01947	0.01068	0.06906	0.00965	0.05086	0.50998	0.00755	0.01503	0.01484	0.0	0.0	0.0	0.0	0.0	0.01518	0.00742	0.01004	0.01792	0.04291	0.11006	0.07291	0.56514	0.01533	0.02155	0.0	0.05777	0.0	0.00032	0.0	0.01024	0.01064	0.05722	0.06852	0.09798	0.14382	1.00054	0.02929	0.0	0.14076	0.00745	0.0	0.03984	0.02499	0.01575	0.0	0.0	0.0	0.0	0.0	0.00802	0.00032	0.00032	0.00537	0.00032	0.00032	0.00032	0.00163	0.00163	0.0	0.0	0.00834	0.00709	0.01974	0.01522	0.02317	0.00952	0.00786	0.03039	0.15125	0.05077	0.00032	0.00489	0.13512	0.0	0.00996	0.00372	0.00964	0.07255	0.01025	0.01071	0.27043	0.0	0.23853	0.36372	0.02715	0.03106	0.01086	0.01134	
