0.0	0.27622	0.03009	0.00487	0.00929	4e-05	4e-05	4e-05	0.05179	0.0385	4e-05	0.0077	0.03197	0.09022	4e-05	4e-05	4e-05	0.0041	0.08439	0.01955	0.02095	0.02369	0.02354	0.00015	0.01891	0.0	0.03117	0.00661	0.0	0.0	0.48356	0.01337	0.01215	0.0	0.0	0.0704	0.00096	4e-05	0.00973	0.00748	0.00666	0.0114	0.01301	0.01061	0.01074	0.01139	0.00516	0.00861	0.07321	0.0	0.02116	0.07859	0.01545	0.08979	4e-05	0.01729	0.02113	0.01729	0.01764	0.0153	0.01416	0.06928	0.06739	0.0	0.0	0.0	0.08254	0.03228	0.09142	0.0	0.06571	0.02561	0.0175	4e-05	0.018	0.0186	0.02074	0.02195	0.05626	0.07692	4e-05	0.00708	0.00031	0.09321	0.08174	0.05583	0.00962	0.00753	0.00487	4e-05	0.01221	4e-05	0.0041	4e-05	4e-05	0.00767	4e-05	4e-05	0.10143	0.02001	4e-05	4e-05	0.48324	0.00666	0.0	0.01602	4e-05	0.0	4e-05	0.48324	0.01024	0.01221	0.00664	0.00739	0.13114	4e-05	0.00787	0.13395	0.13424	4e-05	0.10316	0.09541	
0.27622	0.0	0.04668	0.00647	0.0097	4e-05	4e-05	4e-05	0.01061	0.01692	4e-05	0.15993	0.06196	0.04292	4e-05	4e-05	4e-05	0.00538	0.0145	0.02932	0.03256	0.03585	0.0356	0.00013	0.02811	0.0	0.03164	0.17285	0.0	0.0	0.02284	0.0192	0.02319	0.0	0.0	0.04531	0.00108	4e-05	0.01356	0.01047	0.17489	0.06618	0.01876	0.01539	0.01519	0.01665	0.00688	0.01189	0.05156	0.0	0.01497	0.01593	0.02334	0.09162	4e-05	0.02564	0.03284	0.02564	0.02739	0.02164	0.04436	0.06504	0.04474	0.0	0.0	0.0	0.0352	0.02916	0.10919	0.0	0.04406	0.04101	0.02588	4e-05	0.07797	0.02755	0.0312	0.11864	0.07989	0.04641	4e-05	0.00967	0.00031	0.10337	0.08603	0.05354	0.01351	0.01035	0.00647	4e-05	0.07494	4e-05	0.00538	4e-05	4e-05	0.03687	4e-05	4e-05	0.06984	0.03108	4e-05	4e-05	0.00898	0.17489	0.0	0.02342	4e-05	0.0	4e-05	0.00898	0.0148	0.01751	0.00901	0.01034	0.12352	4e-05	0.01083	0.11953	0.11937	4e-05	0.09963	0.09881	
0.03009	0.04668	0.0	0.05164	0.018	4e-05	4e-05	4e-05	0.05801	0.0222	4e-05	0.02023	0.02646	0.01235	4e-05	4e-05	4e-05	0.00977	0.02767	0.04396	0.02068	0.01612	0.01626	0.00035	0.03739	0.0	0.03164	0.0166	0.0	0.0	0.01804	0.1623	0.03394	0.0	0.0	0.01525	0.02581	4e-05	0.01533	0.01965	0.01677	0.03098	0.00969	0.06713	0.02881	0.03211	0.0126	0.02249	0.02872	0.0	0.08996	0.05566	0.24807	0.22799	4e-05	0.27548	0.15324	0.27548	0.00247	0.04544	0.03978	0.21228	0.03983	0.0	0.0	0.0	0.07956	0.15916	0.05165	0.0	0.04033	0.08168	0.04679	4e-05	0.04755	0.04473	0.00029	0.02826	0.01581	0.07946	4e-05	0.01807	0.00078	0.01493	0.00645	0.0384	0.03259	0.01265	0.05164	4e-05	0.01379	4e-05	0.00977	4e-05	4e-05	0.01965	4e-05	4e-05	0.01497	0.11255	4e-05	4e-05	0.0166	0.01677	0.0	0.00408	4e-05	0.0	4e-05	0.0166	0.02831	0.01317	0.01668	0.0194	0.05784	4e-05	0.01023	0.05665	0.05435	4e-05	0.07092	0.08028	
0.00487	0.00647	0.05164	0.0	0.00384	0.0002	0.0002	0.0002	0.01222	0.03792	0.0002	0.0039	0.01206	0.03283	0.0002	0.0002	0.0002	0.00255	0.01416	0.09505	0.00816	0.00973	0.00968	0.00027	0.00808	0.0	0.04748	0.00363	0.0	0.0	0.00385	0.00622	0.00594	0.0	0.0	0.01654	0.00091	0.0002	0.00491	0.00375	0.00368	0.00547	0.00599	0.00481	0.00519	0.00506	0.00303	0.00444	0.07657	0.0	0.06994	0.01113	0.00639	0.00773	0.0002	0.00746	0.00824	0.00746	0.00785	0.0064	0.00639	0.01255	0.03405	0.0	0.0	0.0	0.02063	0.01151	0.01826	0.0	0.01501	0.07257	0.00755	0.0002	0.00739	0.008	0.00863	0.00859	0.02157	0.01298	0.0002	0.00387	0.0004	0.00958	0.01196	0.00564	0.00479	0.00401	0.0029	0.0002	0.00539	0.0002	0.00255	0.0002	0.0002	0.00406	0.0002	0.0002	0.02401	0.00779	0.0002	0.0002	0.00363	0.00368	0.0	0.00713	0.0002	0.0	0.0002	0.00363	0.0047	0.00571	0.00364	0.00372	0.00707	0.0002	0.00416	0.00813	0.00787	0.0002	0.00948	0.0092	
0.00929	0.0097	0.018	0.00384	0.0	0.00015	0.00015	0.00015	0.01893	0.04068	0.00015	0.10735	0.01858	0.02224	0.00015	0.00015	0.00015	0.00331	0.04035	0.01228	0.01244	0.01459	0.0145	0.00019	0.01197	0.0	0.01768	0.00495	0.0	0.0	0.00524	0.00895	0.00839	0.0	0.0	0.02535	0.00088	0.00015	0.00687	0.00529	0.00501	0.00782	0.00868	0.00701	0.0074	0.00742	0.00403	0.00617	0.02603	0.0	0.01263	0.0169	0.00958	0.01189	0.00015	0.01104	0.01258	0.01104	0.03164	0.00954	0.00932	0.01958	0.02688	0.0	0.0	0.0	0.03179	0.018	0.02878	0.0	0.02303	0.11894	0.01116	0.00015	0.01109	0.01182	0.01291	0.01308	0.03357	0.01921	0.00015	0.00527	0.00032	0.01441	0.07954	0.00838	0.07636	0.11292	0.00384	0.00015	0.0079	0.00015	0.00331	0.00015	0.00015	0.00561	0.00015	0.00015	0.02597	0.02364	0.00015	0.00015	0.00495	0.00501	0.0	0.01043	0.00015	0.0	0.00015	0.00495	0.00682	0.00823	0.00497	0.20288	0.01082	0.00015	0.00574	0.01207	0.0117	0.00015	0.01427	0.01419	
4e-05	4e-05	4e-05	0.0002	0.00015	0.0	0.0	0.0	2e-05	4e-05	0.0	0.00011	2e-05	2e-05	0.0	0.0	0.0	0.00023	3e-05	5e-05	7e-05	0.0001	0.00011	0.0	7e-05	0.0	5e-05	0.00014	0.0	0.0	0.00015	8e-05	0.00013	0.0	0.0	3e-05	0.0	0.0	0.00011	8e-05	0.00018	0.00014	8e-05	5e-05	0.0001	4e-05	0.00018	0.00013	5e-05	0.0	6e-05	4e-05	3e-05	0.0	0.0	5e-05	2e-05	5e-05	8e-05	0.00016	6e-05	2e-05	3e-05	0.0	0.0	0.0	3e-05	2e-05	4e-05	0.0	6e-05	6e-05	0.00011	0.0	8e-05	0.00011	6e-05	5e-05	5e-05	0.00014	0.0	0.00018	0.0	8e-05	4e-05	3e-05	0.0001	0.00013	0.0002	0.0	0.00012	0.0	0.00023	0.0	0.0	0.00014	0.0	0.0	3e-05	4e-05	0.0	0.0	0.00015	0.00018	0.0	6e-05	0.0	0.0	0.0	0.00015	5e-05	8e-05	0.00014	7e-05	4e-05	0.0	0.00013	6e-05	6e-05	0.0	5e-05	2e-05	
4e-05	4e-05	4e-05	0.0002	0.00015	0.0	0.0	0.0	2e-05	4e-05	0.0	0.00011	2e-05	2e-05	0.0	0.0	0.0	0.00023	3e-05	5e-05	7e-05	0.0001	0.00011	0.0	7e-05	0.0	5e-05	0.00014	0.0	0.0	0.00015	8e-05	0.00013	0.0	0.0	3e-05	0.0	0.0	0.00011	8e-05	0.00018	0.00014	8e-05	5e-05	0.0001	4e-05	0.00018	0.00013	5e-05	0.0	6e-05	4e-05	3e-05	0.0	0.0	5e-05	2e-05	5e-05	8e-05	0.00016	6e-05	2e-05	3e-05	0.0	0.0	0.0	3e-05	2e-05	4e-05	0.0	6e-05	6e-05	0.00011	0.0	8e-05	0.00011	6e-05	5e-05	5e-05	0.00014	0.0	0.00018	0.0	8e-05	4e-05	3e-05	0.0001	0.00013	0.0002	0.0	0.00012	0.0	0.00023	0.0	0.0	0.00014	0.0	0.0	3e-05	4e-05	0.0	0.0	0.00015	0.00018	0.0	6e-05	0.0	0.0	0.0	0.00015	5e-05	8e-05	0.00014	7e-05	4e-05	0.0	0.00013	6e-05	6e-05	0.0	5e-05	2e-05	
4e-05	4e-05	4e-05	0.0002	0.00015	0.0	0.0	0.0	2e-05	4e-05	0.0	0.00011	2e-05	2e-05	0.0	0.0	0.0	0.00023	3e-05	5e-05	7e-05	0.0001	0.00011	0.0	7e-05	0.0	5e-05	0.00014	0.0	0.0	0.00015	8e-05	0.00013	0.0	0.0	3e-05	0.0	0.0	0.00011	8e-05	0.00018	0.00014	8e-05	5e-05	0.0001	4e-05	0.00018	0.00013	5e-05	0.0	6e-05	4e-05	3e-05	0.0	0.0	5e-05	2e-05	5e-05	8e-05	0.00016	6e-05	2e-05	3e-05	0.0	0.0	0.0	3e-05	2e-05	4e-05	0.0	6e-05	6e-05	0.00011	0.0	8e-05	0.00011	6e-05	5e-05	5e-05	0.00014	0.0	0.00018	0.0	8e-05	4e-05	3e-05	0.0001	0.00013	0.0002	0.0	0.00012	0.0	0.00023	0.0	0.0	0.00014	0.0	0.0	3e-05	4e-05	0.0	0.0	0.00015	0.00018	0.0	6e-05	0.0	0.0	0.0	0.00015	5e-05	8e-05	0.00014	7e-05	4e-05	0.0	0.00013	6e-05	6e-05	0.0	5e-05	2e-05	
0.05179	0.01061	0.05801	0.01222	0.01893	2e-05	2e-05	2e-05	0.0	0.15997	2e-05	0.02158	0.03751	0.02174	2e-05	2e-05	2e-05	0.01003	0.03606	0.01251	0.00978	0.01048	0.01031	0.00048	0.1404	0.0	0.0152	0.05363	0.0	0.0	0.06398	0.03771	0.00654	0.0	0.0	0.0505	0.00293	2e-05	0.02809	0.02099	0.01758	0.03353	0.03936	0.03236	0.00379	0.03542	0.01305	0.02402	0.06253	0.0	0.17502	0.06159	0.15506	0.11561	2e-05	0.13922	0.13383	0.13922	0.11011	0.06115	0.05598	0.11565	0.03269	0.0	0.0	0.0	0.0572	0.18148	0.04209	0.0	0.04689	0.04101	0.00837	2e-05	0.01482	0.00865	0.00813	0.04394	0.03865	0.04989	2e-05	0.01908	0.001	0.01134	0.01454	0.01122	0.02725	0.00991	0.03707	2e-05	0.02615	2e-05	0.01003	2e-05	2e-05	0.02076	2e-05	2e-05	0.05352	0.03567	2e-05	2e-05	0.05363	0.01758	0.0	0.0138	2e-05	0.0	2e-05	0.05363	0.05215	0.01145	0.01748	0.04485	0.04624	2e-05	0.01038	0.01917	0.01598	2e-05	0.01017	0.04563	
0.0385	0.01692	0.0222	0.03792	0.04068	4e-05	4e-05	4e-05	0.15997	0.0	4e-05	0.06738	0.03685	0.00744	4e-05	4e-05	4e-05	0.0125	0.0676	0.00221	0.04074	0.06161	0.06191	0.00043	0.00745	0.0	0.01606	0.02143	0.0	0.0	0.0235	0.11608	0.00349	0.0	0.0	0.01026	0.0154	4e-05	0.01496	0.02554	0.05486	0.10758	0.12803	0.05965	0.02286	0.07595	0.04056	0.07965	0.04071	0.0	0.01909	0.00011	0.04776	0.03047	4e-05	0.02504	0.09527	0.02504	0.00109	0.02373	0.05267	0.03976	0.03019	0.0	0.0	0.0	0.02466	0.03564	0.01637	0.0	0.01157	0.04957	0.02421	4e-05	0.02942	0.02248	0.00672	0.0192	0.03591	0.02572	4e-05	0.05678	0.00488	0.00062	0.017	0.05109	0.06531	0.02163	0.01516	4e-05	0.04592	4e-05	0.0125	4e-05	4e-05	0.02545	4e-05	4e-05	0.02585	0.12194	4e-05	4e-05	0.02143	0.05486	0.0	0.00087	4e-05	0.0	4e-05	0.02143	0.03722	0.00492	0.02153	0.04194	0.08506	4e-05	0.02649	0.0765	0.07297	4e-05	0.00509	0.08608	
4e-05	4e-05	4e-05	0.0002	0.00015	0.0	0.0	0.0	2e-05	4e-05	0.0	0.00011	2e-05	2e-05	0.0	0.0	0.0	0.00023	3e-05	5e-05	7e-05	0.0001	0.00011	0.0	7e-05	0.0	5e-05	0.00014	0.0	0.0	0.00015	8e-05	0.00013	0.0	0.0	3e-05	0.0	0.0	0.00011	8e-05	0.00018	0.00014	8e-05	5e-05	0.0001	4e-05	0.00018	0.00013	5e-05	0.0	6e-05	4e-05	3e-05	0.0	0.0	5e-05	2e-05	5e-05	8e-05	0.00016	6e-05	2e-05	3e-05	0.0	0.0	0.0	3e-05	2e-05	4e-05	0.0	6e-05	6e-05	0.00011	0.0	8e-05	0.00011	6e-05	5e-05	5e-05	0.00014	0.0	0.00018	0.0	8e-05	4e-05	3e-05	0.0001	0.00013	0.0002	0.0	0.00012	0.0	0.00023	0.0	0.0	0.00014	0.0	0.0	3e-05	4e-05	0.0	0.0	0.00015	0.00018	0.0	6e-05	0.0	0.0	0.0	0.00015	5e-05	8e-05	0.00014	7e-05	4e-05	0.0	0.00013	6e-05	6e-05	0.0	5e-05	2e-05	
0.0077	0.15993	0.02023	0.0039	0.10735	0.00011	0.00011	0.00011	0.02158	0.06738	0.00011	0.0	0.05994	0.0253	0.00011	0.00011	0.00011	0.00333	0.04678	0.01358	0.01403	0.01619	0.0161	9e-05	0.01317	0.0	0.02019	0.00513	0.0	0.0	0.00539	0.00962	0.00885	0.0	0.0	0.05912	0.00064	0.00011	0.00722	0.0056	0.72716	0.27941	0.0094	0.00762	0.00791	0.00811	0.0041	0.00647	0.02892	0.0	0.01423	0.01896	0.01066	0.01348	0.00011	0.01215	0.01418	0.01215	0.04463	0.01058	0.01014	0.02245	0.03047	0.0	0.0	0.0	0.03593	0.05857	0.0669	0.0	0.02604	0.0393	0.01227	0.00011	0.01235	0.01297	0.01432	0.01473	0.03831	0.02095	0.00011	0.00546	0.00019	0.1002	0.03401	0.00925	0.00718	0.00577	0.0039	0.00011	0.00865	0.00011	0.00333	0.00011	0.00011	0.00587	0.00011	0.00011	0.02976	0.01341	0.00011	0.00011	0.00513	0.72716	0.0	0.01133	0.00011	0.0	0.00011	0.00513	0.00739	0.00888	0.00515	0.00555	0.01223	0.00011	0.00598	0.01331	0.01291	0.00011	0.0159	0.01613	
0.03197	0.06196	0.02646	0.01206	0.01858	2e-05	2e-05	2e-05	0.03751	0.03685	2e-05	0.05994	0.0	0.14995	2e-05	2e-05	2e-05	0.00992	0.03856	0.00427	0.0212	0.03163	0.02047	0.0004	0.00652	0.0	0.01176	0.05883	0.0	0.0	0.01854	0.01036	0.03102	0.0	0.0	0.01039	0.00138	2e-05	0.02196	0.0205	0.05945	0.00909	0.14259	0.04861	0.03078	0.12625	0.01287	0.07693	0.13961	0.0	0.09992	0.02471	0.08034	0.0688	2e-05	0.00342	0.05521	0.00342	0.05808	0.04925	0.00368	0.00807	0.02475	0.0	0.0	0.0	0.01418	0.08323	0.0175	0.0	0.04838	0.04145	0.00345	2e-05	0.0101	0.00608	0.01572	0.05685	0.02201	0.00701	2e-05	0.01868	0.00515	0.00761	0.02841	0.086	0.02659	0.01992	0.01206	2e-05	0.02574	2e-05	0.00992	2e-05	2e-05	0.02034	2e-05	2e-05	0.02453	0.04261	2e-05	2e-05	0.0171	0.05945	0.0	0.04955	2e-05	0.0	2e-05	0.0171	0.04331	0.01085	0.05913	0.04793	0.03277	2e-05	0.11567	0.00933	0.00849	2e-05	0.00898	0.01199	
0.09022	0.04292	0.01235	0.03283	0.02224	2e-05	2e-05	2e-05	0.02174	0.00744	2e-05	0.0253	0.14995	0.0	2e-05	2e-05	2e-05	0.13612	0.0358	0.01937	0.04602	0.01149	0.01154	0.00057	0.03893	0.0	0.07639	0.02045	0.0	0.0	0.04706	0.01137	0.00584	0.0	0.0	0.01147	0.00063	2e-05	0.03318	0.03959	0.02066	0.00569	0.04614	0.03785	0.03642	0.04141	0.03514	0.02654	0.05363	0.0	0.02983	0.0055	0.02006	0.03913	2e-05	0.00342	0.02491	0.00342	0.00293	0.08196	0.05128	0.01037	0.0277	0.0	0.0	0.0	0.03814	0.0486	0.02404	0.0	0.02501	0.03083	0.03601	2e-05	0.05639	0.0344	0.01462	0.02636	0.04915	0.06991	2e-05	0.05335	0.0012	0.00408	0.01267	0.02322	0.01711	0.02387	0.01438	2e-05	0.04491	2e-05	0.13612	2e-05	2e-05	0.00238	2e-05	2e-05	0.04279	0.02194	2e-05	2e-05	0.04723	0.02066	0.0	0.00634	2e-05	0.0	2e-05	0.04723	0.03619	0.04271	0.02055	0.02426	0.03947	2e-05	0.09683	0.00597	0.00522	2e-05	0.01478	0.01263	
4e-05	4e-05	4e-05	0.0002	0.00015	0.0	0.0	0.0	2e-05	4e-05	0.0	0.00011	2e-05	2e-05	0.0	0.0	0.0	0.00023	3e-05	5e-05	7e-05	0.0001	0.00011	0.0	7e-05	0.0	5e-05	0.00014	0.0	0.0	0.00015	8e-05	0.00013	0.0	0.0	3e-05	0.0	0.0	0.00011	8e-05	0.00018	0.00014	8e-05	5e-05	0.0001	4e-05	0.00018	0.00013	5e-05	0.0	6e-05	4e-05	3e-05	0.0	0.0	5e-05	2e-05	5e-05	8e-05	0.00016	6e-05	2e-05	3e-05	0.0	0.0	0.0	3e-05	2e-05	4e-05	0.0	6e-05	6e-05	0.00011	0.0	8e-05	0.00011	6e-05	5e-05	5e-05	0.00014	0.0	0.00018	0.0	8e-05	4e-05	3e-05	0.0001	0.00013	0.0002	0.0	0.00012	0.0	0.00023	0.0	0.0	0.00014	0.0	0.0	3e-05	4e-05	0.0	0.0	0.00015	0.00018	0.0	6e-05	0.0	0.0	0.0	0.00015	5e-05	8e-05	0.00014	7e-05	4e-05	0.0	0.00013	6e-05	6e-05	0.0	5e-05	2e-05	
4e-05	4e-05	4e-05	0.0002	0.00015	0.0	0.0	0.0	2e-05	4e-05	0.0	0.00011	2e-05	2e-05	0.0	0.0	0.0	0.00023	3e-05	5e-05	7e-05	0.0001	0.00011	0.0	7e-05	0.0	5e-05	0.00014	0.0	0.0	0.00015	8e-05	0.00013	0.0	0.0	3e-05	0.0	0.0	0.00011	8e-05	0.00018	0.00014	8e-05	5e-05	0.0001	4e-05	0.00018	0.00013	5e-05	0.0	6e-05	4e-05	3e-05	0.0	0.0	5e-05	2e-05	5e-05	8e-05	0.00016	6e-05	2e-05	3e-05	0.0	0.0	0.0	3e-05	2e-05	4e-05	0.0	6e-05	6e-05	0.00011	0.0	8e-05	0.00011	6e-05	5e-05	5e-05	0.00014	0.0	0.00018	0.0	8e-05	4e-05	3e-05	0.0001	0.00013	0.0002	0.0	0.00012	0.0	0.00023	0.0	0.0	0.00014	0.0	0.0	3e-05	4e-05	0.0	0.0	0.00015	0.00018	0.0	6e-05	0.0	0.0	0.0	0.00015	5e-05	8e-05	0.00014	7e-05	4e-05	0.0	0.00013	6e-05	6e-05	0.0	5e-05	2e-05	
4e-05	4e-05	4e-05	0.0002	0.00015	0.0	0.0	0.0	2e-05	4e-05	0.0	0.00011	2e-05	2e-05	0.0	0.0	0.0	0.00023	3e-05	5e-05	7e-05	0.0001	0.00011	0.0	7e-05	0.0	5e-05	0.00014	0.0	0.0	0.00015	8e-05	0.00013	0.0	0.0	3e-05	0.0	0.0	0.00011	8e-05	0.00018	0.00014	8e-05	5e-05	0.0001	4e-05	0.00018	0.00013	5e-05	0.0	6e-05	4e-05	3e-05	0.0	0.0	5e-05	2e-05	5e-05	8e-05	0.00016	6e-05	2e-05	3e-05	0.0	0.0	0.0	3e-05	2e-05	4e-05	0.0	6e-05	6e-05	0.00011	0.0	8e-05	0.00011	6e-05	5e-05	5e-05	0.00014	0.0	0.00018	0.0	8e-05	4e-05	3e-05	0.0001	0.00013	0.0002	0.0	0.00012	0.0	0.00023	0.0	0.0	0.00014	0.0	0.0	3e-05	4e-05	0.0	0.0	0.00015	0.00018	0.0	6e-05	0.0	0.0	0.0	0.00015	5e-05	8e-05	0.00014	7e-05	4e-05	0.0	0.00013	6e-05	6e-05	0.0	5e-05	2e-05	
0.0041	0.00538	0.00977	0.00255	0.00331	0.00023	0.00023	0.00023	0.01003	0.0125	0.00023	0.00333	0.00992	0.13612	0.00023	0.00023	0.00023	0.0	0.01157	0.00686	0.00674	0.00811	0.00807	0.0004	0.08823	0.0	0.03855	0.00314	0.0	0.0	0.00338	0.00529	0.00514	0.0	0.0	0.01367	0.00118	0.00023	0.00424	0.0032	0.00319	0.00464	0.00505	0.00404	0.00441	0.00424	0.00265	0.00384	0.03085	0.0	0.00684	0.00921	0.00531	0.00637	0.00023	0.00624	0.00681	0.00624	0.00655	0.00534	0.00537	0.01029	0.02893	0.0	0.0	0.0	0.02558	0.00944	0.01891	0.0	0.01237	0.00805	0.00632	0.00023	0.00614	0.00672	0.00719	0.0071	0.01849	0.04411	0.00023	0.00337	0.00058	0.00795	0.00988	0.0047	0.00408	0.00345	0.00255	0.00023	0.00452	0.00023	0.99947	0.00023	0.00023	0.00349	0.00023	0.00023	0.01962	0.00643	0.00023	0.00023	0.00315	0.00319	0.0	0.00603	0.00023	0.0	0.00023	0.00315	0.00395	0.00482	0.00315	0.00317	0.00583	0.00023	0.32064	0.00679	0.00657	0.00023	0.00787	0.00756	
0.08439	0.0145	0.02767	0.01416	0.04035	3e-05	3e-05	3e-05	0.03606	0.0676	3e-05	0.04678	0.03856	0.0358	3e-05	3e-05	3e-05	0.01157	0.0	0.08255	0.03789	0.03067	0.03069	0.00032	0.02432	0.0	0.12083	0.0204	0.0	0.0	0.0922	0.0122	0.01862	0.0	0.0	0.06676	0.00102	3e-05	0.02399	0.03414	0.03729	0.13359	0.08002	0.04977	0.0906	0.1477	0.01516	0.12717	0.12377	0.0	0.08997	0.01149	0.02846	0.06352	3e-05	0.01552	0.10181	0.01552	0.01733	0.10641	0.05366	0.05559	0.07518	0.0	0.0	0.0	0.02633	0.04185	0.042	0.0	0.05394	0.03078	0.0158	3e-05	0.02458	0.01754	0.06464	0.03329	0.09761	0.03069	3e-05	0.16176	0.01874	0.06171	0.03191	0.05836	0.05987	0.00532	0.01416	3e-05	0.02223	3e-05	0.01157	3e-05	3e-05	0.0245	3e-05	3e-05	0.13422	0.02046	3e-05	3e-05	0.09118	0.03729	0.0	0.01352	3e-05	0.0	3e-05	0.09118	0.0466	0.04419	0.03708	0.0448	0.05766	3e-05	0.0255	0.01729	0.01633	3e-05	0.02775	0.13625	
0.01955	0.02932	0.04396	0.09505	0.01228	5e-05	5e-05	5e-05	0.01251	0.00221	5e-05	0.01358	0.00427	0.01937	5e-05	5e-05	5e-05	0.00686	0.08255	0.0	0.06584	0.0033	0.00334	0.00028	0.03521	0.0	0.02021	0.01137	0.0	0.0	0.01225	0.04087	0.02203	0.0	0.0	0.01881	0.01058	5e-05	0.01729	0.01318	0.01149	0.02044	0.03612	0.01923	0.00658	0.02077	0.00875	0.01511	0.04114	0.0	0.02205	0.00014	0.1166	0.0214	5e-05	0.014	0.01442	0.014	0.03413	0.02859	0.1022	0.02771	0.02179	0.0	0.0	0.0	0.00097	0.10884	0.06748	0.0	0.00303	0.043	0.01361	5e-05	0.01564	0.01265	0.00589	0.01038	0.02099	0.01471	5e-05	0.01231	0.00058	0.00181	0.00683	0.02447	0.01701	0.03489	0.09505	5e-05	0.02232	5e-05	0.00686	5e-05	5e-05	0.0289	5e-05	5e-05	0.03537	0.04567	5e-05	5e-05	0.01137	0.01149	0.0	0.09095	5e-05	0.0	5e-05	0.01137	0.01851	0.32681	0.01142	0.01302	0.04357	5e-05	0.01471	0.02136	0.01367	5e-05	0.00415	0.0254	
0.02095	0.03256	0.02068	0.00816	0.01244	7e-05	7e-05	7e-05	0.00978	0.04074	7e-05	0.01403	0.0212	0.04602	7e-05	7e-05	7e-05	0.00674	0.03789	0.06584	0.0	0.64474	0.645	0.00049	0.03865	0.0	0.23584	0.01147	0.0	0.0	0.01256	0.29917	0.04567	0.0	0.0	0.03672	0.05213	7e-05	0.02469	0.01364	0.01159	0.02147	0.22451	0.02055	0.07878	0.12652	0.0087	0.14252	0.04264	0.0	0.03693	0.02475	0.1718	0.07403	7e-05	0.08343	0.16876	0.08343	0.03199	0.13602	0.02759	0.08783	0.08767	0.0	0.0	0.0	0.1034	0.21936	0.09969	0.0	0.09885	0.25008	0.34313	7e-05	0.30667	0.34012	0.06838	0.16876	0.10588	0.33118	7e-05	0.01254	0.0142	0.04959	0.06707	0.02678	0.0658	0.01332	0.00816	7e-05	0.02417	7e-05	0.00674	7e-05	7e-05	0.01359	7e-05	7e-05	0.0127	0.20605	7e-05	7e-05	0.01147	0.01159	0.0	0.06635	7e-05	0.0	7e-05	0.01147	0.0197	0.1	0.01152	0.01345	0.04047	7e-05	0.01412	0.03919	0.03768	7e-05	0.0205	0.05421	
0.02369	0.03585	0.01612	0.00973	0.01459	0.0001	0.0001	0.0001	0.01048	0.06161	0.0001	0.01619	0.03163	0.01149	0.0001	0.0001	0.0001	0.00811	0.03067	0.0033	0.64474	0.0	1.00133	0.0007	0.04353	0.0	0.29733	0.01352	0.0	0.0	0.01491	0.42334	0.02592	0.0	0.0	0.02617	0.05712	0.0001	0.02527	0.01575	0.01361	0.02452	0.28882	0.02326	0.07036	0.21375	0.01037	0.14974	0.07128	0.0	0.05042	0.03715	0.11811	0.07915	0.0001	0.09459	0.19101	0.09459	0.01453	0.12559	0.03124	0.0913	0.0915	0.0	0.0	0.0	0.09547	0.18854	0.12997	0.0	0.06433	0.32356	0.49041	0.0001	0.42195	0.49003	0.13962	0.39733	0.1503	0.48408	0.0001	0.01477	0.0137	0.05478	0.0656	0.04237	0.05892	0.01558	0.00973	0.0001	0.02713	0.0001	0.00811	0.0001	0.0001	0.01588	0.0001	0.0001	0.00898	0.23608	0.0001	0.0001	0.01351	0.01361	0.0	0.04102	0.0001	0.0	0.0001	0.01351	0.02234	0.03038	0.07814	0.01556	0.04368	0.0001	0.01658	0.04396	0.04214	0.0001	0.00273	0.04287	
0.02354	0.0356	0.01626	0.00968	0.0145	0.00011	0.00011	0.00011	0.01031	0.06191	0.00011	0.0161	0.02047	0.01154	0.00011	0.00011	0.00011	0.00807	0.03069	0.00334	0.645	1.00133	0.0	0.00011	0.04012	0.0	0.29604	0.01344	0.0	0.0	0.01484	0.4234	0.02569	0.0	0.0	0.02602	0.05671	0.00011	0.02503	0.01566	0.01354	0.02437	0.28904	0.02311	0.07052	0.12825	0.01031	0.14988	0.06292	0.0	0.05005	0.02143	0.11831	0.07925	0.00011	0.09484	0.19132	0.09484	0.01463	0.12556	0.03103	0.08883	0.08346	0.0	0.0	0.0	0.10758	0.20784	0.1454	0.0	0.08255	0.32361	0.49067	0.00011	0.42218	0.48807	0.08281	0.22669	0.15057	0.48444	0.00011	0.01469	0.01352	0.05437	0.07318	0.0296	0.05907	0.01548	0.00968	0.00011	0.06654	0.00011	0.00807	0.00011	0.00011	0.01578	0.00011	0.00011	0.01098	0.23637	0.00011	0.00011	0.01343	0.01354	0.0	0.04104	0.00011	0.0	0.00011	0.01343	0.0222	0.03051	0.0135	0.01546	0.04459	0.00011	0.01649	0.03935	0.03788	0.00011	0.01	0.04106	
0.00015	0.00013	0.00035	0.00027	0.00019	0.0	0.0	0.0	0.00048	0.00043	0.0	9e-05	0.0004	0.00057	0.0	0.0	0.0	0.0004	0.00032	0.00028	0.00049	0.0007	0.00011	0.0	7e-05	0.0	5e-05	0.00029	0.0	0.0	0.00024	0.00034	0.00017	0.0	0.0	0.00067	0.0	0.0	0.00035	0.00015	0.00017	0.00012	0.00035	0.00027	0.0004	0.00026	0.00033	0.0004	5e-05	0.0	0.00015	0.00039	0.00024	0.00025	0.0	0.00031	0.0003	0.00031	0.00049	0.00041	0.00028	0.00218	3e-05	0.0	0.0	0.0	0.0009	0.00218	0.00047	0.0	0.00143	0.00045	0.00059	0.0	0.00047	0.00063	0.00048	0.00048	0.00125	0.00103	0.0	0.00017	0.0	0.00018	0.00034	0.00021	0.00024	0.00021	0.00027	0.0	0.13881	0.0	0.0004	0.0	0.0	0.00019	0.0	0.0	0.00076	0.0004	0.0	0.0	0.00023	0.00017	0.0	0.00035	0.0	0.0	0.0	0.00023	0.00022	0.00029	0.00029	0.00015	0.01271	0.0	0.00022	0.00988	0.00985	0.0	0.00521	0.00504	
0.01891	0.02811	0.03739	0.00808	0.01197	7e-05	7e-05	7e-05	0.1404	0.00745	7e-05	0.01317	0.00652	0.03893	7e-05	7e-05	7e-05	0.08823	0.02432	0.03521	0.03865	0.04353	0.04012	7e-05	0.0	0.0	0.03294	0.01113	0.0	0.0	0.01213	0.02379	0.01821	0.0	0.0	0.00964	0.00221	7e-05	0.05029	0.0128	0.0112	0.01976	0.02281	0.10797	0.0186	0.02008	0.0086	0.01488	0.05288	0.0	0.13941	0.00452	0.06236	0.06257	7e-05	0.03391	0.02579	0.03391	0.02835	0.02751	0.02494	0.0465	0.02961	0.0	0.0	0.0	0.00642	0.04195	0.02339	0.0	0.01053	0.04149	0.03128	7e-05	0.0326	0.03363	0.03753	0.04048	0.1318	0.14821	7e-05	0.01279	0.00086	0.04266	0.05674	0.02356	0.01655	0.01276	0.00808	7e-05	0.06783	7e-05	0.08823	7e-05	7e-05	0.013	7e-05	7e-05	0.04499	0.01437	7e-05	7e-05	0.01112	0.0112	0.0	0.02879	7e-05	0.0	7e-05	0.01112	0.01791	0.02131	0.01118	0.01266	0.03693	7e-05	0.0224	0.03263	0.03155	7e-05	0.03874	0.04388	
0.0	0.0	0.0	0.0	0.0	0.0	0.0	0.0	0.0	0.0	0.0	0.0	0.0	0.0	0.0	0.0	0.0	0.0	0.0	0.0	0.0	0.0	0.0	0.0	0.0	0.0	0.0	0.0	0.0	0.0	0.0	0.0	0.0	0.0	0.0	0.0	0.0	0.0	0.0	0.0	0.0	0.0	0.0	0.0	0.0	0.0	0.0	0.0	0.0	0.0	0.0	0.0	0.0	0.0	0.0	0.0	0.0	0.0	0.0	0.0	0.0	0.0	0.0	0.0	0.0	0.0	0.0	0.0	0.0	0.0	0.0	0.0	0.0	0.0	0.0	0.0	0.0	0.0	0.0	0.0	0.0	0.0	0.0	0.0	0.0	0.0	0.0	0.0	0.0	0.0	0.0	0.0	0.0	0.0	0.0	0.0	0.0	0.0	0.0	0.0	0.0	0.0	0.0	0.0	0.0	0.0	0.0	0.0	0.0	0.0	0.0	0.0	0.0	0.0	0.0	0.0	0.0	0.0	0.0	0.0	0.0	0.0	
0.03117	0.03164	0.03164	0.04748	0.01768	5e-05	5e-05	5e-05	0.0152	0.01606	5e-05	0.02019	0.01176	0.07639	5e-05	5e-05	5e-05	0.03855	0.12083	0.02021	0.23584	0.29733	0.29604	5e-05	0.03294	0.0	0.0	0.06956	0.0	0.0	0.01939	0.4032	0.03451	0.0	0.0	0.07287	0.04557	5e-05	0.02648	0.01966	0.0164	0.02714	0.04055	0.03051	0.02919	0.03344	0.01218	0.02258	0.11445	0.0	0.07633	0.03573	0.12782	0.11025	5e-05	0.11151	0.09852	0.11151	0.04383	0.11438	0.01984	0.0933	0.08544	0.0	0.0	0.0	0.06586	0.18746	0.11094	0.0	0.15069	0.35727	0.47237	5e-05	0.43084	0.47495	0.10973	0.34546	0.11615	0.52707	5e-05	0.08197	0.00112	0.04106	0.05528	0.04065	0.05795	0.02039	0.04748	5e-05	0.06213	5e-05	0.03855	5e-05	5e-05	0.0194	5e-05	5e-05	0.12024	0.27585	5e-05	5e-05	0.01625	0.0164	0.0	0.07089	5e-05	0.0	5e-05	0.01625	0.02914	0.04312	0.01633	0.01938	0.05978	5e-05	0.01341	0.05033	0.0482	5e-05	0.06566	0.05459	
0.00661	0.17285	0.0166	0.00363	0.00495	0.00014	0.00014	0.00014	0.05363	0.02143	0.00014	0.00513	0.05883	0.02045	0.00014	0.00014	0.00014	0.00314	0.0204	0.01137	0.01147	0.01352	0.01344	0.00029	0.01113	0.0	0.06956	0.0	0.0	0.0	0.23245	0.0084	0.00796	0.0	0.0	0.0234	0.00111	0.00014	0.0065	0.00495	0.00471	0.0073	0.00809	0.00652	0.00691	0.0069	0.00381	0.00583	0.02426	0.0	0.01164	0.0815	0.00887	0.01095	0.00014	0.01025	0.0116	0.01025	0.0108	0.00883	0.2285	0.05604	0.05082	0.0	0.0	0.0	0.04447	0.01653	0.03361	0.0	0.02121	0.01384	0.01035	0.00014	0.01026	0.011	0.01195	0.25947	0.04945	0.01803	0.00014	0.00499	0.00046	0.10536	0.01681	0.00777	0.00633	0.00519	0.00363	0.00014	0.28132	0.00014	0.00314	0.00014	0.00014	0.00527	0.00014	0.00014	0.03456	0.01096	0.00014	0.00014	0.00466	0.00471	0.0	0.00975	0.00014	0.0	0.00014	0.00466	0.00635	0.00768	0.00468	0.0049	0.00997	0.00014	0.00542	0.01121	0.01085	0.00014	0.01319	0.01305	
0.0	0.0	0.0	0.0	0.0	0.0	0.0	0.0	0.0	0.0	0.0	0.0	0.0	0.0	0.0	0.0	0.0	0.0	0.0	0.0	0.0	0.0	0.0	0.0	0.0	0.0	0.0	0.0	0.0	0.0	0.0	0.0	0.0	0.0	0.0	0.0	0.0	0.0	0.0	0.0	0.0	0.0	0.0	0.0	0.0	0.0	0.0	0.0	0.0	0.0	0.0	0.0	0.0	0.0	0.0	0.0	0.0	0.0	0.0	0.0	0.0	0.0	0.0	0.0	0.0	0.0	0.0	0.0	0.0	0.0	0.0	0.0	0.0	0.0	0.0	0.0	0.0	0.0	0.0	0.0	0.0	0.0	0.0	0.0	0.0	0.0	0.0	0.0	0.0	0.0	0.0	0.0	0.0	0.0	0.0	0.0	0.0	0.0	0.0	0.0	0.0	0.0	0.0	0.0	0.0	0.0	0.0	0.0	0.0	0.0	0.0	0.0	0.0	0.0	0.0	0.0	0.0	0.0	0.0	0.0	0.0	0.0	
0.0	0.0	0.0	0.0	0.0	0.0	0.0	0.0	0.0	0.0	0.0	0.0	0.0	0.0	0.0	0.0	0.0	0.0	0.0	0.0	0.0	0.0	0.0	0.0	0.0	0.0	0.0	0.0	0.0	0.0	0.0	0.0	0.0	0.0	0.0	0.0	0.0	0.0	0.0	0.0	0.0	0.0	0.0	0.0	0.0	0.0	0.0	0.0	0.0	0.0	0.0	0.0	0.0	0.0	0.0	0.0	0.0	0.0	0.0	0.0	0.0	0.0	0.0	0.0	0.0	0.0	0.0	0.0	0.0	0.0	0.0	0.0	0.0	0.0	0.0	0.0	0.0	0.0	0.0	0.0	0.0	0.0	0.0	0.0	0.0	0.0	0.0	0.0	0.0	0.0	0.0	0.0	0.0	0.0	0.0	0.0	0.0	0.0	0.0	0.0	0.0	0.0	0.0	0.0	0.0	0.0	0.0	0.0	0.0	0.0	0.0	0.0	0.0	0.0	0.0	0.0	0.0	0.0	0.0	0.0	0.0	0.0	
0.48356	0.02284	0.01804	0.00385	0.00524	0.00015	0.00015	0.00015	0.06398	0.0235	0.00015	0.00539	0.01854	0.04706	0.00015	0.00015	0.00015	0.00338	0.0922	0.01225	0.01256	0.01491	0.01484	0.00024	0.01213	0.0	0.01939	0.23245	0.0	0.0	0.0	0.00906	0.00842	0.0	0.0	0.026	0.00105	0.00015	0.00699	0.00525	0.00495	0.00769	0.00874	0.00704	0.0075	0.00744	0.00408	0.0063	0.02704	0.0	0.01245	0.10211	0.00956	0.01185	0.00015	0.01106	0.01257	0.01106	0.01178	0.00954	0.0247	0.01977	0.02555	0.0	0.0	0.0	0.05169	0.01835	0.03884	0.0	0.02357	0.01515	0.01135	0.00015	0.0112	0.01208	0.01304	0.07349	0.03222	0.0838	0.00015	0.00524	0.00041	0.13996	0.01826	0.00835	0.00677	0.00551	0.00385	0.00015	0.04029	0.00015	0.00338	0.00015	0.00015	0.00558	0.00015	0.00015	0.02394	0.01195	0.00015	0.00015	0.99978	0.00495	0.0	0.01053	0.00015	0.0	0.00015	0.99978	0.00682	0.00826	0.005	0.00521	0.0108	0.00015	0.00575	0.01218	0.01177	0.00015	0.01439	0.01418	
0.01337	0.0192	0.1623	0.00622	0.00895	8e-05	8e-05	8e-05	0.03771	0.11608	8e-05	0.00962	0.01036	0.01137	8e-05	8e-05	8e-05	0.00529	0.0122	0.04087	0.29917	0.42334	0.4234	0.00034	0.02379	0.0	0.4032	0.0084	0.0	0.0	0.00906	0.0	0.01344	0.0	0.0	0.15664	0.0	8e-05	0.0125	0.00937	0.0084	0.01418	0.09948	0.01325	0.01356	0.01418	0.00661	0.01103	0.04775	0.0	0.02596	0.17974	0.41167	0.24892	8e-05	0.40905	0.24569	0.40905	0.03115	0.10214	0.01768	0.2041	0.06115	0.0	0.0	0.0	0.06093	0.22075	0.06734	0.0	0.1433	0.47629	1.03223	8e-05	0.76471	1.03276	0.07849	0.36584	0.08136	1.04732	8e-05	0.00899	0.00063	0.02897	0.03802	0.01635	0.17762	0.00951	0.00622	8e-05	0.01521	8e-05	0.00529	8e-05	8e-05	0.00966	8e-05	8e-05	0.00701	0.584	8e-05	8e-05	0.00837	0.0084	0.0	0.07746	8e-05	0.0	8e-05	0.00837	0.01278	0.11254	0.00844	0.00928	0.0225	8e-05	0.01002	0.02397	0.02309	8e-05	0.029	0.03019	
0.01215	0.02319	0.03394	0.00594	0.00839	0.00013	0.00013	0.00013	0.00654	0.00349	0.00013	0.00885	0.03102	0.00584	0.00013	0.00013	0.00013	0.00514	0.01862	0.02203	0.04567	0.02592	0.02569	0.00017	0.01821	0.0	0.03451	0.00796	0.0	0.0	0.00842	0.01344	0.0	0.0	0.0	0.04017	0.00116	0.00013	0.01159	0.00867	0.00785	0.01294	0.01506	0.02005	0.01266	0.01298	0.00635	0.01034	0.22399	0.0	0.05574	0.03174	0.01722	0.02225	0.00013	0.01965	0.01192	0.01965	0.03966	0.27972	0.0162	0.03951	0.04428	0.0	0.0	0.0	0.04742	0.02913	0.02	0.0	0.02779	0.02754	0.02737	0.00013	0.13084	0.02816	0.02539	0.02462	0.05304	0.04091	0.00013	0.00834	0.00036	0.02605	0.0296	0.02016	0.01125	0.0089	0.00594	0.00013	0.01393	0.00013	0.00514	0.00013	0.00013	0.0784	0.00013	0.00013	0.04294	0.03073	0.00013	0.00013	0.00789	0.00785	0.0	0.01594	0.00013	0.0	0.00013	0.00789	0.01983	0.01413	0.00799	0.0086	0.08893	0.00013	0.00932	0.02188	0.02107	0.00013	0.02642	0.02698	
0.0	0.0	0.0	0.0	0.0	0.0	0.0	0.0	0.0	0.0	0.0	0.0	0.0	0.0	0.0	0.0	0.0	0.0	0.0	0.0	0.0	0.0	0.0	0.0	0.0	0.0	0.0	0.0	0.0	0.0	0.0	0.0	0.0	0.0	0.0	0.0	0.0	0.0	0.0	0.0	0.0	0.0	0.0	0.0	0.0	0.0	0.0	0.0	0.0	0.0	0.0	0.0	0.0	0.0	0.0	0.0	0.0	0.0	0.0	0.0	0.0	0.0	0.0	0.0	0.0	0.0	0.0	0.0	0.0	0.0	0.0	0.0	0.0	0.0	0.0	0.0	0.0	0.0	0.0	0.0	0.0	0.0	0.0	0.0	0.0	0.0	0.0	0.0	0.0	0.0	0.0	0.0	0.0	0.0	0.0	0.0	0.0	0.0	0.0	0.0	0.0	0.0	0.0	0.0	0.0	0.0	0.0	0.0	0.0	0.0	0.0	0.0	0.0	0.0	0.0	0.0	0.0	0.0	0.0	0.0	0.0	0.0	
0.0	0.0	0.0	0.0	0.0	0.0	0.0	0.0	0.0	0.0	0.0	0.0	0.0	0.0	0.0	0.0	0.0	0.0	0.0	0.0	0.0	0.0	0.0	0.0	0.0	0.0	0.0	0.0	0.0	0.0	0.0	0.0	0.0	0.0	0.0	0.0	0.0	0.0	0.0	0.0	0.0	0.0	0.0	0.0	0.0	0.0	0.0	0.0	0.0	0.0	0.0	0.0	0.0	0.0	0.0	0.0	0.0	0.0	0.0	0.0	0.0	0.0	0.0	0.0	0.0	0.0	0.0	0.0	0.0	0.0	0.0	0.0	0.0	0.0	0.0	0.0	0.0	0.0	0.0	0.0	0.0	0.0	0.0	0.0	0.0	0.0	0.0	0.0	0.0	0.0	0.0	0.0	0.0	0.0	0.0	0.0	0.0	0.0	0.0	0.0	0.0	0.0	0.0	0.0	0.0	0.0	0.0	0.0	0.0	0.0	0.0	0.0	0.0	0.0	0.0	0.0	0.0	0.0	0.0	0.0	0.0	0.0	
0.0704	0.04531	0.01525	0.01654	0.02535	3e-05	3e-05	3e-05	0.0505	0.01026	3e-05	0.05912	0.01039	0.01147	3e-05	3e-05	3e-05	0.01367	0.06676	0.01881	0.03672	0.02617	0.02602	0.00067	0.00964	0.0	0.07287	0.0234	0.0	0.0	0.026	0.15664	0.04017	0.0	0.0	0.0	3e-05	3e-05	0.00794	0.02779	0.05741	0.11274	0.04147	0.06305	0.00117	0.04626	0.01769	0.03244	0.0794	0.0	0.02095	0.10081	0.09623	0.14145	3e-05	0.07123	0.08655	0.07123	0.00087	0.06297	0.00123	0.04883	0.01817	0.0	0.0	0.0	0.0358	0.06335	0.08767	0.0	0.00603	0.08484	0.11747	3e-05	0.11444	0.11749	0.04564	0.04587	0.01375	0.13898	3e-05	0.05947	0.00145	0.01245	0.00122	0.00459	0.03856	0.00617	0.03972	3e-05	0.01688	3e-05	0.01367	3e-05	3e-05	0.02774	3e-05	3e-05	0.03398	0.11859	3e-05	3e-05	0.02337	0.05741	0.0	0.03361	3e-05	0.0	3e-05	0.02337	0.05864	0.07789	0.02351	0.04903	0.0983	3e-05	0.02759	0.03021	0.02529	3e-05	0.00616	0.0199	
0.00096	0.00108	0.02581	0.00091	0.00088	0.0	0.0	0.0	0.00293	0.0154	0.0	0.00064	0.00138	0.00063	0.0	0.0	0.0	0.00118	0.00102	0.01058	0.05213	0.05712	0.05671	0.0	0.00221	0.0	0.04557	0.00111	0.0	0.0	0.00105	0.0	0.00116	0.0	0.0	3e-05	0.0	0.0	0.00149	0.0008	0.00075	0.00085	0.04564	0.00125	0.0016	0.00126	0.00112	0.00152	0.00426	0.0	0.00134	0.03009	0.25616	0.06108	0.0	0.15883	0.05669	0.15883	0.00217	0.0016	0.00147	0.04503	0.00534	0.0	0.0	0.0	0.00605	0.07585	0.00431	0.0	0.01253	0.0555	0.1468	0.0	0.0979	0.1477	0.00766	0.04564	0.00578	0.15243	0.0	0.00079	0.0	0.00161	0.00245	0.00121	0.19086	0.00095	0.00091	0.0	0.0015	0.0	0.00118	0.0	0.0	0.0009	0.0	0.0	0.00022	0.23553	0.0	0.0	0.00096	0.00075	0.0	0.02878	0.0	0.0	0.0	0.00096	0.00113	0.06012	0.00111	0.00081	0.00157	0.0	0.00104	0.00205	0.00194	0.0	0.00239	0.00197	
4e-05	4e-05	4e-05	0.0002	0.00015	0.0	0.0	0.0	2e-05	4e-05	0.0	0.00011	2e-05	2e-05	0.0	0.0	0.0	0.00023	3e-05	5e-05	7e-05	0.0001	0.00011	0.0	7e-05	0.0	5e-05	0.00014	0.0	0.0	0.00015	8e-05	0.00013	0.0	0.0	3e-05	0.0	0.0	0.00011	8e-05	0.00018	0.00014	8e-05	5e-05	0.0001	4e-05	0.00018	0.00013	5e-05	0.0	6e-05	4e-05	3e-05	0.0	0.0	5e-05	2e-05	5e-05	8e-05	0.00016	6e-05	2e-05	3e-05	0.0	0.0	0.0	3e-05	2e-05	4e-05	0.0	6e-05	6e-05	0.00011	0.0	8e-05	0.00011	6e-05	5e-05	5e-05	0.00014	0.0	0.00018	0.0	8e-05	4e-05	3e-05	0.0001	0.00013	0.0002	0.0	0.00012	0.0	0.00023	0.0	0.0	0.00014	0.0	0.0	3e-05	4e-05	0.0	0.0	0.00015	0.00018	0.0	6e-05	0.0	0.0	0.0	0.00015	5e-05	8e-05	0.00014	7e-05	4e-05	0.0	0.00013	6e-05	6e-05	0.0	5e-05	2e-05	
0.00973	0.01356	0.01533	0.00491	0.00687	0.00011	0.00011	0.00011	0.02809	0.01496	0.00011	0.00722	0.02196	0.03318	0.00011	0.00011	0.00011	0.00424	0.02399	0.01729	0.02469	0.02527	0.02503	0.00035	0.05029	0.0	0.02648	0.0065	0.0	0.0	0.00699	0.0125	0.01159	0.0	0.0	0.00794	0.00149	0.00011	0.0	0.20072	0.00647	0.01046	0.04705	0.5015	0.07635	0.1375	0.00521	0.22981	0.02159	0.0	0.01797	0.02443	0.01353	0.07912	0.00011	0.01548	0.09353	0.01548	0.01652	0.01346	0.01288	0.0236	0.13342	0.0	0.0	0.0	0.00421	0.01966	0.01195	0.0	0.03437	0.02215	0.01584	0.00011	0.01587	0.01695	0.01843	0.01901	0.05438	0.12434	0.00011	0.0069	0.00011	0.02035	0.00355	0.01171	0.00909	0.00726	0.00491	0.00011	0.01103	0.00011	0.00424	0.00011	0.00011	0.00737	0.00011	0.00011	0.03975	0.01721	0.00011	0.00011	0.00646	0.00647	0.0	0.0147	0.00011	0.0	0.00011	0.00646	0.0858	0.01129	0.00652	0.00698	0.01559	0.00011	0.00764	0.01715	0.01653	0.00011	0.0247	0.03218	
0.00748	0.01047	0.01965	0.00375	0.00529	8e-05	8e-05	8e-05	0.02099	0.02554	8e-05	0.0056	0.0205	0.03959	8e-05	8e-05	8e-05	0.0032	0.03414	0.01318	0.01364	0.01575	0.01566	0.00015	0.0128	0.0	0.01966	0.00495	0.0	0.0	0.00525	0.00937	0.00867	0.0	0.0	0.02779	0.0008	8e-05	0.20072	0.0	0.00501	0.00812	0.0091	0.16808	0.00766	0.00786	0.00395	0.00628	0.02829	0.0	0.01383	0.01842	0.01035	0.01311	8e-05	0.01178	0.01378	0.01178	0.01246	0.01028	0.00983	0.03528	0.1571	0.0	0.0	0.0	0.03496	0.04197	0.03567	0.0	0.02531	0.01658	0.0119	8e-05	0.01199	0.01262	0.0139	0.01432	0.03666	0.05103	8e-05	0.00529	0.00028	0.01559	0.04975	0.00897	0.00695	0.00558	0.00375	8e-05	0.00839	8e-05	0.0032	8e-05	8e-05	0.00567	8e-05	8e-05	0.03439	0.01303	8e-05	8e-05	0.00495	0.00501	0.0	0.01103	8e-05	0.0	8e-05	0.00495	0.17294	0.0086	0.00497	0.00536	0.01189	8e-05	0.00581	0.01293	0.01253	8e-05	0.01544	0.06799	
0.00666	0.17489	0.01677	0.00368	0.00501	0.00018	0.00018	0.00018	0.01758	0.05486	0.00018	0.72716	0.05945	0.02066	0.00018	0.00018	0.00018	0.00319	0.03729	0.01149	0.01159	0.01361	0.01354	0.00017	0.0112	0.0	0.0164	0.00471	0.0	0.0	0.00495	0.0084	0.00785	0.0	0.0	0.05741	0.00075	0.00018	0.00647	0.00501	0.0	0.32933	0.00817	0.00659	0.00699	0.00697	0.00385	0.00584	0.02411	0.0	0.01177	0.01576	0.00896	0.01106	0.00018	0.01035	0.01172	0.01035	0.01091	0.00892	0.00876	0.01816	0.02493	0.0	0.0	0.0	0.02951	0.05716	0.06254	0.0	0.02142	0.01394	0.01046	0.00018	0.01036	0.01106	0.01207	0.01219	0.03113	0.01785	0.00018	0.005	0.00027	0.10648	0.01698	0.00785	0.00639	0.00525	0.00368	0.00018	0.00742	0.00018	0.00319	0.00018	0.00018	0.00533	0.00018	0.00018	0.02408	0.01108	0.00018	0.00018	0.00472	0.99975	0.0	0.00976	0.00018	0.0	0.00018	0.00472	0.00642	0.00776	0.00473	0.00496	0.01008	0.00018	0.00543	0.0113	0.01096	0.00018	0.01333	0.01319	
0.0114	0.06618	0.03098	0.00547	0.00782	0.00014	0.00014	0.00014	0.03353	0.10758	0.00014	0.27941	0.00909	0.00569	0.00014	0.00014	0.00014	0.00464	0.13359	0.02044	0.02147	0.02452	0.02437	0.00012	0.01976	0.0	0.02714	0.0073	0.0	0.0	0.00769	0.01418	0.01294	0.0	0.0	0.11274	0.00085	0.00014	0.01046	0.00812	0.32933	0.0	0.01385	0.01127	0.01155	0.01204	0.00577	0.00932	0.03371	0.0	0.03616	0.02897	0.01609	0.02075	0.00014	0.01817	0.02171	0.01817	0.01926	0.08587	0.01502	0.03512	0.04766	0.0	0.0	0.0	0.00157	0.01927	0.04455	0.0	0.04023	0.02632	0.01834	0.00014	0.01867	0.01943	0.03646	0.02253	0.00172	0.03186	0.00014	0.34522	0.00025	0.21756	0.03139	0.01386	0.01042	0.00827	0.00547	0.00014	0.01286	0.00014	0.00464	0.00014	0.00014	0.00842	0.00014	0.00014	0.00401	0.02052	0.00014	0.00014	0.0073	0.32933	0.0	0.01686	0.00014	0.0	0.00014	0.0073	0.01091	0.01305	0.00733	0.00804	0.01876	0.00014	0.00859	0.01999	0.01937	0.00014	0.0241	0.05058	
0.01301	0.01876	0.00969	0.00599	0.00868	8e-05	8e-05	8e-05	0.03936	0.12803	8e-05	0.0094	0.14259	0.04614	8e-05	8e-05	8e-05	0.00505	0.08002	0.03612	0.22451	0.28882	0.28904	0.00035	0.02281	0.0	0.04055	0.00809	0.0	0.0	0.00874	0.09948	0.01506	0.0	0.0	0.04147	0.04564	8e-05	0.04705	0.0091	0.00817	0.01385	0.0	0.01281	0.19475	0.25755	0.00634	0.36016	0.05394	0.0	0.02532	0.01247	0.17444	0.0385	8e-05	0.04863	0.30097	0.04863	0.0221	0.01834	0.0171	0.04272	0.04113	0.0	0.0	0.0	0.06624	0.17734	0.06272	0.0	0.00267	0.03898	0.04782	8e-05	0.0434	0.04639	0.03122	0.02779	0.07477	0.04219	8e-05	0.00874	0.0884	0.02812	0.03651	0.01589	0.0117	0.00921	0.00599	8e-05	0.01468	8e-05	0.00505	8e-05	8e-05	0.00937	8e-05	8e-05	0.00375	0.07063	8e-05	8e-05	0.00809	0.00817	0.0	0.01946	8e-05	0.0	8e-05	0.00809	0.01238	0.10214	0.00812	0.00901	0.02184	8e-05	0.00968	0.02304	0.02224	8e-05	0.0383	0.0676	
0.01061	0.01539	0.06713	0.00481	0.00701	5e-05	5e-05	5e-05	0.03236	0.05965	5e-05	0.00762	0.04861	0.03785	5e-05	5e-05	5e-05	0.00404	0.04977	0.01923	0.02055	0.02326	0.02311	0.00027	0.10797	0.0	0.03051	0.00652	0.0	0.0	0.00704	0.01325	0.02005	0.0	0.0	0.06305	0.00125	5e-05	0.5015	0.16808	0.00659	0.01127	0.01281	0.0	0.01057	0.01121	0.00509	0.00853	0.06496	0.0	0.02082	0.02756	0.0152	0.11909	5e-05	0.01701	0.02075	0.01701	0.01807	0.01505	0.01394	0.03098	0.15745	0.0	0.0	0.0	0.05561	0.07453	0.0541	0.0	0.03851	0.02542	0.01717	5e-05	0.01767	0.0183	0.02036	0.02153	0.06087	0.17344	5e-05	0.00705	0.00048	0.02304	0.08624	0.06862	0.00949	0.00744	0.00481	5e-05	0.01201	5e-05	0.00404	5e-05	5e-05	0.00758	5e-05	5e-05	0.01946	0.01964	5e-05	5e-05	0.00652	0.00659	0.0	0.01584	5e-05	0.0	5e-05	0.00652	0.41649	0.01203	0.00655	0.0073	0.01799	5e-05	0.00782	0.01883	0.01819	5e-05	0.02281	0.02402	
0.01074	0.01519	0.02881	0.00519	0.0074	0.0001	0.0001	0.0001	0.00379	0.02286	0.0001	0.00791	0.03078	0.03642	0.0001	0.0001	0.0001	0.00441	0.0906	0.00658	0.07878	0.07036	0.07052	0.0004	0.0186	0.0	0.02919	0.00691	0.0	0.0	0.0075	0.01356	0.01266	0.0	0.0	0.00117	0.0016	0.0001	0.07635	0.00766	0.00699	0.01155	0.19475	0.01057	0.0	0.34068	0.00548	0.51573	0.02584	0.0	0.02024	0.02695	0.01501	0.01926	0.0001	0.017	0.21979	0.017	0.01801	0.01487	0.01935	0.00998	0.05407	0.0	0.0	0.0	0.00392	0.0394	0.02776	0.0	0.03733	0.02453	0.01716	0.0001	0.01741	0.01832	0.02016	0.02095	0.00867	0.03068	0.0001	0.00748	0.22158	0.02269	0.02919	0.01296	0.00983	0.00782	0.00519	0.0001	0.01205	0.0001	0.00441	0.0001	0.0001	0.00796	0.0001	0.0001	0.04316	0.01908	0.0001	0.0001	0.00692	0.00699	0.0	0.01662	0.0001	0.0	0.0001	0.00692	0.01024	0.02813	0.00694	0.00758	0.02548	0.0001	0.01461	0.01919	0.01811	0.0001	0.06565	0.08843	
0.01139	0.01665	0.03211	0.00506	0.00742	4e-05	4e-05	4e-05	0.03542	0.07595	4e-05	0.00811	0.12625	0.04141	4e-05	4e-05	4e-05	0.00424	0.1477	0.02077	0.12652	0.21375	0.12825	0.00026	0.02008	0.0	0.03344	0.0069	0.0	0.0	0.00744	0.01418	0.01298	0.0	0.0	0.04626	0.00126	4e-05	0.1375	0.00786	0.00697	0.01204	0.25755	0.01121	0.34068	0.0	0.00536	0.55596	0.04726	0.0	0.02266	0.07935	0.01644	0.02176	4e-05	0.01834	0.26442	0.01834	0.0195	0.01628	0.01497	0.03744	0.07964	0.0	0.0	0.0	0.06697	0.07992	0.05959	0.0	0.04202	0.02777	0.01851	4e-05	0.01913	0.07725	0.10526	0.08908	0.06097	0.0329	4e-05	0.00746	0.3042	0.02496	0.07463	0.19387	0.01011	0.00789	0.00506	4e-05	0.01292	4e-05	0.00424	4e-05	4e-05	0.00803	4e-05	4e-05	0.04968	0.02137	4e-05	4e-05	0.0069	0.00697	0.0	0.01702	4e-05	0.0	4e-05	0.0069	0.01082	0.01287	0.44958	0.00777	0.01959	4e-05	0.00829	0.02032	0.01963	4e-05	0.12174	0.13231	
0.00516	0.00688	0.0126	0.00303	0.00403	0.00018	0.00018	0.00018	0.01305	0.04056	0.00018	0.0041	0.01287	0.03514	0.00018	0.00018	0.00018	0.00265	0.01516	0.00875	0.0087	0.01037	0.01031	0.00033	0.0086	0.0	0.01218	0.00381	0.0	0.0	0.00408	0.00661	0.00635	0.0	0.0	0.01769	0.00112	0.00018	0.00521	0.00395	0.00385	0.00577	0.00634	0.00509	0.00548	0.00536	0.0	0.13702	0.01844	0.0	0.00883	0.01186	0.0068	0.00826	0.00018	0.00792	0.00879	0.00792	0.00833	0.0068	0.00677	0.04122	0.03783	0.0	0.0	0.0	0.0333	0.01233	0.02486	0.0	0.01601	0.01043	0.00802	0.00018	0.00786	0.00852	0.00918	0.00916	0.02411	0.05902	0.00018	0.00407	0.0005	0.01019	0.05427	0.00599	0.00505	0.00421	0.00303	0.00018	0.00571	0.00018	0.00265	0.00018	0.00018	0.00427	0.00018	0.00018	0.01779	0.00831	0.00018	0.00018	0.00381	0.00385	0.0	0.0076	0.00018	0.0	0.00018	0.00381	0.00497	0.00604	0.00382	0.00392	0.00754	0.00018	0.00439	0.00865	0.00836	0.00018	0.01009	0.00982	
0.00861	0.01189	0.02249	0.00444	0.00617	0.00013	0.00013	0.00013	0.02402	0.07965	0.00013	0.00647	0.07693	0.02654	0.00013	0.00013	0.00013	0.00384	0.12717	0.01511	0.14252	0.14974	0.14988	0.0004	0.01488	0.0	0.02258	0.00583	0.0	0.0	0.0063	0.01103	0.01034	0.0	0.0	0.03244	0.00152	0.00013	0.22981	0.00628	0.00584	0.00932	0.36016	0.00853	0.51573	0.55596	0.13702	0.0	0.034	0.0	0.01563	0.02111	0.01182	0.01487	0.00013	0.01355	0.31835	0.01355	0.0144	0.01176	0.01134	0.02408	0.07001	0.0	0.0	0.0	0.03787	0.07539	0.03501	0.0	0.0293	0.01902	0.0138	0.00013	0.01379	0.01475	0.01602	0.01641	0.0455	0.02241	0.00013	0.00623	0.0	0.01775	0.02228	0.01027	0.00808	0.00651	0.00444	0.00013	0.00968	0.00013	0.00384	0.00013	0.00013	0.00661	0.00013	0.00013	0.03351	0.01489	0.00013	0.00013	0.00581	0.00584	0.0	0.0129	0.00013	0.0	0.00013	0.00581	0.00827	0.00997	0.00585	0.00623	0.01351	0.00013	0.00686	0.01496	0.01443	0.00013	0.14053	0.14401	
0.07321	0.05156	0.02872	0.07657	0.02603	5e-05	5e-05	5e-05	0.06253	0.04071	5e-05	0.02892	0.13961	0.05363	5e-05	5e-05	5e-05	0.03085	0.12377	0.04114	0.04264	0.07128	0.06292	5e-05	0.05288	0.0	0.11445	0.02426	0.0	0.0	0.02704	0.04775	0.22399	0.0	0.0	0.0794	0.00426	5e-05	0.02159	0.02829	0.02411	0.03371	0.05394	0.06496	0.02584	0.04726	0.01844	0.034	0.0	0.0	0.62062	0.15106	0.0692	0.14874	5e-05	0.07699	0.12516	0.07699	0.10044	0.31785	0.03791	0.14094	0.14986	0.0	0.0	0.0	0.05146	0.12507	0.08672	0.0	0.02135	0.10388	0.04159	5e-05	0.079	0.04616	0.00975	0.07002	0.08212	0.08278	5e-05	0.11712	0.00122	0.01535	0.0102	0.03245	0.03734	0.02726	0.07657	5e-05	0.07132	5e-05	0.03085	5e-05	5e-05	0.06577	5e-05	5e-05	0.04711	0.07136	5e-05	5e-05	0.02412	0.02411	0.0	0.04059	5e-05	0.0	5e-05	0.02412	0.06075	0.0265	0.02437	0.04912	0.48692	5e-05	0.0729	0.24432	0.23868	5e-05	0.09297	0.15894	
